drug,selfloops_id,0,1,2,3,4,5,6,7,8,9,10,11,12,13,14,15,16,17,18,19,20,21,22,23,24,25,26,27,28,29,30,31,32,33,34,35,36,37,38,39,40,41,42,43,44,45,46,47,48,49,50,51,52,53,54,55,56,57,58,59,60,61,62,63,64,65,66,67,68,69,70,71,72,73,74,75,76,77,78,79,80,81,82,83,84,85,86,87,88,89,90,91,92,93,94,95,96,97,98,99,100,101,102,103,104,105,106,107,108,109,110,111,112,113,114,115,116,117,118,119,120,121,122,123,124,125,126,127,128,129,130,131,132,133,134,135,136,137,138,139,140,141,142,143,144,145,146,147,148,149,150,151,152,153,154,155,156,157,158,159,160,161,162,163,164,165,166,167,168,169,170,171,172,173,174,175,176,177,178,179,180,181,182,183,184,185,186,187,188,189,190,191,192,193,194,195,196,197,198,199,200,201,202,203,204,205,206,207,208,209,210,211,212,213,214,215,216,217,218,219,220,221,222,223,224,225,226,227,228,229,230,231,232,233,234,235,236,237,238,239,240,241,242,243,244,245,246,247,248,249,250,251,252,253,254,255
CID000003954,0,0.20527485013008118,0.18099138140678406,0.17731346189975739,0.35409873723983765,-0.1918686032295227,0.3887515366077423,0.2527228593826294,0.3173355460166931,0.30623823404312134,0.0583508238196373,0.12189473956823349,0.0007801145548000932,-0.18520978093147278,0.22235116362571716,-0.06247768551111221,0.015433177351951599,-0.03906100243330002,-0.12753143906593323,0.11964492499828339,-0.7250338196754456,0.3963626027107239,-0.1859733760356903,0.026034047827124596,-0.9937156438827515,0.09576288610696793,0.23025771975517273,-0.17447713017463684,0.12025921046733856,0.10492627322673798,0.4152267873287201,0.27081894874572754,0.30781567096710205,-0.12438235431909561,-0.1661715805530548,0.042922310531139374,-0.008163494057953358,-0.03625527769327164,0.013949227519333363,0.06766719371080399,-0.21329069137573242,0.11486954987049103,-0.07599210739135742,0.10074033588171005,-0.3088255524635315,-0.11548002809286118,0.464026540517807,-0.10836143791675568,0.005019763018935919,-0.024766940623521805,0.08340190351009369,0.5969684720039368,0.0037928582169115543,-0.25051435828208923,-0.3464862108230591,0.1270945966243744,-0.3024938702583313,0.2667573094367981,0.014430356211960316,-0.004865518305450678,0.1038631945848465,-0.12553884088993073,-0.14652398228645325,-0.22272329032421112,-0.279378205537796,0.16731691360473633,0.6126415133476257,-0.0956425666809082,-0.12750855088233948,0.06709624826908112,-0.18273045122623444,0.21013817191123962,0.1006300300359726,-0.37664103507995605,-0.20285657048225403,-0.41852688789367676,0.26074767112731934,-0.0792083591222763,0.22479471564292908,-0.10895593464374542,-0.17320068180561066,0.31075170636177063,-0.25298619270324707,-0.23594757914543152,-0.39746347069740295,0.07830103486776352,-0.2504653036594391,0.28911691904067993,0.1454584300518036,-0.03358975797891617,-0.8704004287719727,-0.1726936548948288,0.303751140832901,0.08453607559204102,-0.11420992761850357,-0.17237909138202667,-0.3025006055831909,0.07448583841323853,0.049638163298368454,-0.050541024655103683,0.34985223412513733,-0.00930892862379551,-0.10488148778676987,0.06196488067507744,0.16522403061389923,-0.07730554044246674,0.1681172400712967,0.16012126207351685,0.09599190950393677,0.5456097722053528,0.21438662707805634,0.012582210823893547,0.1883048564195633,-0.18305154144763947,-0.035503774881362915,0.04435809329152107,0.2872994542121887,0.2823612093925476,0.0450093038380146,-0.06850834935903549,0.1582188457250595,0.6608054041862488,-0.10570494830608368,0.41454654932022095,-0.11026115715503693,-0.08258657157421112,0.0789010152220726,-0.07983872294425964,-0.28653112053871155,0.42083224654197693,-0.22627994418144226,0.21897931396961212,-0.4157947897911072,-0.18083712458610535,0.288601815700531,0.12049853801727295,0.11281218379735947,0.04431501775979996,0.03970462828874588,-0.16035452485084534,-0.4835777282714844,-0.21616289019584656,0.22337250411510468,0.17503276467323303,0.14878402650356293,0.08906646072864532,0.3530673682689667,-0.15539632737636566,0.4794565737247467,-0.16406545042991638,0.09898290038108826,-0.025414030998945236,-0.2061173915863037,-0.022345060482621193,0.25847968459129333,-0.09875603020191193,-0.0522320494055748,-0.15390107035636902,-0.443878710269928,-0.26048097014427185,0.2825435996055603,0.2657948136329651,0.23919828236103058,0.0656062513589859,-0.047937117516994476,0.0684489980340004,-0.14041604101657867,-0.21028225123882294,-0.18656004965305328,0.23857232928276062,0.24437585473060608,0.09396040439605713,-0.30138343572616577,-0.4857974946498871,-0.3854191303253174,-0.1996098756790161,-0.0268440842628479,-0.04301119223237038,-0.23171909153461456,0.47058916091918945,0.0910162404179573,-0.03598891198635101,-0.18306860327720642,-0.29166102409362793,-0.1782814860343933,0.16753920912742615,0.21662649512290955,-0.4429524838924408,0.049803394824266434,0.1305357962846756,-0.4296259880065918,0.20714223384857178,0.27650952339172363,0.1977577805519104,0.007741904351860285,0.047169942408800125,-0.1357601433992386,0.10550613701343536,0.03205535560846329,-0.13020646572113037,-0.16518628597259521,0.08567792177200317,-0.282787024974823,0.06225639581680298,-0.398753821849823,0.12663884460926056,-0.20838844776153564,0.06515271961688995,-0.03209860250353813,0.273639976978302,0.4420510232448578,0.35144928097724915,-0.3380962014198303,0.22639603912830353,0.27881792187690735,-0.011146622709929943,-0.4673682153224945,0.04709945619106293,0.18094396591186523,0.005856774281710386,-0.1757238656282425,0.06455893814563751,-0.11601431667804718,-0.05758564546704292,-0.26469525694847107,0.002745391335338354,0.057836782187223434,0.1225132942199707,-0.5159916877746582,0.056042205542325974,-0.23693475127220154,-0.1919555962085724,0.09038317203521729,0.1356716901063919,0.06916607916355133,0.11905179172754288,-0.17055103182792664,0.3065630793571472,-0.18955698609352112,0.1088571771979332,-0.14259856939315796,0.041549794375896454,-0.40404266119003296,0.13905730843544006,0.2589494585990906,-0.0066665904596447945,-0.14191870391368866,0.10114133358001709,-0.035603463649749756,-0.6346791982650757,-0.17332515120506287,0.30437999963760376,-0.13213026523590088,-0.002363169100135565,-0.048252541571855545,0.21532663702964783,0.30459198355674744
CID000004829,1,-0.08295802026987076,0.02746577188372612,-0.08700113743543625,0.331621378660202,-0.34041109681129456,0.07012129575014114,0.2444755733013153,0.06523094326257706,-0.01774418354034424,0.19533835351467133,0.196916863322258,0.08511407673358917,-0.13894078135490417,0.075981505215168,-0.19683338701725006,-0.17659029364585876,-0.07875477522611618,0.00436690729111433,0.10912810266017914,-0.40400052070617676,-0.041638731956481934,-0.14267697930335999,-0.13720683753490448,-0.8848956227302551,-0.026265393942594528,0.26602569222450256,-0.18400511145591736,-0.04548041522502899,-0.03472156077623367,0.014561548829078674,-0.15575113892555237,0.2615240216255188,0.12743151187896729,0.1755988895893097,0.028023719787597656,0.08825588971376419,0.06016816943883896,-0.022076774388551712,0.22721269726753235,-0.22115115821361542,-0.1228063702583313,-0.24693791568279266,0.14410343766212463,-0.26043185591697693,-0.0499451644718647,0.4437902867794037,-0.005498004145920277,-0.0518147274851799,0.07454340904951096,0.011230488307774067,0.20763978362083435,0.030658429488539696,-0.35218608379364014,0.03828290477395058,0.003577274037525058,-0.12926702201366425,-0.09418854117393494,0.0595458559691906,-0.007503786124289036,-0.07899069041013718,-0.03447144478559494,-0.06184335798025131,-0.12658727169036865,0.011087518185377121,0.29718735814094543,0.31755775213241577,-0.11940918862819672,0.07251043617725372,0.11382518708705902,-0.1284133344888687,0.2677452564239502,0.08319661021232605,-0.3873216509819031,-0.26094356179237366,-0.15099374949932098,0.08279535919427872,-0.13072390854358673,0.21915224194526672,-0.0673462525010109,0.14884573221206665,0.1534162312746048,-0.4151647090911865,-0.26812660694122314,-0.053376682102680206,0.17841748893260956,-0.14182671904563904,-0.0176653154194355,0.22168681025505066,-0.08581677079200745,-0.7025872468948364,-0.013355704955756664,0.2554834485054016,0.030032074078917503,0.014693016186356544,0.13730311393737793,-0.19320982694625854,-0.1820719689130783,0.2580230236053467,0.034666575491428375,-0.12385135889053345,-0.3054259717464447,-0.0811803936958313,-0.166730135679245,0.3137296736240387,0.18433184921741486,0.07797767221927643,0.03660743683576584,-0.053164221346378326,0.5820966362953186,-0.1741127073764801,-0.07943639904260635,0.1874609738588333,-0.16486410796642303,-0.12445910274982452,0.057999782264232635,0.21186378598213196,-0.0018770009046420455,0.05160067230463028,-0.20382097363471985,0.25222861766815186,0.5776292681694031,-0.15690477192401886,0.2634044587612152,0.2681500017642975,0.0636822059750557,0.08609014749526978,0.07744304090738297,0.1561821848154068,0.17904892563819885,-0.07030653953552246,-0.06466223299503326,-0.49852436780929565,-0.3157689571380615,0.051143843680620193,0.31319659948349,0.23220279812812805,-0.007314729504287243,0.21814939379692078,-0.21596913039684296,-0.11272517591714859,-0.02549649402499199,0.016181722283363342,0.13289828598499298,-0.13440504670143127,0.026314660906791687,0.15408368408679962,-0.10711614787578583,0.31964111328125,0.24028582870960236,0.27186837792396545,0.029386883601546288,-0.2744314968585968,-0.030935650691390038,-0.09055115282535553,-0.4092779755592346,-0.11241825670003891,-0.08923463523387909,-0.04369930550456047,0.07237929105758667,0.3493313491344452,-0.15727457404136658,-0.07661397010087967,-0.07391524314880371,0.23649373650550842,0.07572659105062485,-0.18291516602039337,-0.08897613734006882,-0.09211786091327667,-0.17896977066993713,0.1836509257555008,0.09358872473239899,-0.1467617005109787,-0.1780121773481369,-0.39848002791404724,-0.00141237978823483,-0.06697550415992737,0.09899191558361053,-0.13532273471355438,0.31433477997779846,-0.01527717150747776,-0.0205929484218359,0.03297347202897072,-0.07772477716207504,-0.1569465696811676,0.2592390179634094,0.20370809733867645,-0.2714589834213257,0.11613373458385468,0.12062301486730576,-0.3160882294178009,0.16883210837841034,-0.05915746092796326,0.04330981522798538,0.11426405608654022,0.03498127683997154,-0.021875565871596336,0.0009417891269549727,0.1383245289325714,-0.1598881185054779,-0.0037308752071112394,0.2099420726299286,-0.20043452084064484,-0.0014006942510604858,-0.22852173447608948,0.15868079662322998,-0.24301831424236298,-0.07558445632457733,-0.20818312466144562,-0.006042378954589367,0.5421136617660522,0.32875627279281616,0.027980457991361618,0.20140929520130157,0.13249149918556213,0.24388477206230164,-0.012779397889971733,-0.049699198454618454,0.1542355716228485,0.1989521086215973,-0.06320679932832718,-0.08611254394054413,0.009922400116920471,0.05922449752688408,-0.08263655006885529,-0.0076774656772613525,0.20253852009773254,0.017253439873456955,-0.18363937735557556,-0.1418258547782898,-0.11808732897043228,-0.13029183447360992,0.2287653386592865,0.24296565353870392,0.05629745125770569,-0.0833020955324173,0.21122141182422638,0.29105275869369507,-0.3765469193458557,0.051722146570682526,-0.18040043115615845,0.21535074710845947,-0.45071402192115784,0.16106262803077698,0.19449105858802795,-0.050224192440509796,-0.14463980495929718,0.15302088856697083,-0.14339952170848846,-0.5983282923698425,-0.16672536730766296,0.20547275245189667,-0.07877201586961746,-0.06369147449731827,-0.17961160838603973,0.12980908155441284,-0.082442507147789
CID000004140,2,0.09392492473125458,-0.04816671088337898,0.3408794105052948,0.9653688669204712,-0.18463575839996338,-0.034683745354413986,-0.4265865683555603,0.15528741478919983,-0.07198639959096909,-0.014169955626130104,-0.40757283568382263,-0.021411404013633728,-0.3646860718727112,0.024329746142029762,-0.09540543705224991,0.1822780966758728,0.07464104890823364,-0.17024074494838715,-0.3675312399864197,-0.8503386378288269,-0.2580028176307678,-0.27040308713912964,0.1051267609000206,-0.9009968638420105,-0.13340425491333008,0.0061165811493992805,0.005956229753792286,-0.0626622661948204,0.05448906868696213,0.30112847685813904,0.1803017556667328,0.22900919616222382,-0.4751656651496887,-0.18919244408607483,0.25222259759902954,-0.10886702686548233,0.1109851598739624,-0.2324122190475464,0.011888873763382435,-0.355069637298584,-0.18526776134967804,-0.21704097092151642,0.06548025459051132,-0.2651687562465668,-0.2796447277069092,0.1942741572856903,-0.01933198794722557,0.16710560023784637,0.15568241477012634,0.10572831332683563,0.6730359196662903,-0.2548465132713318,-0.05050412937998772,-0.4985799193382263,-0.0842670351266861,-0.28955739736557007,0.023398375138640404,0.3260192275047302,0.14300180971622467,0.10844767093658447,-0.4952784478664398,-0.16919299960136414,-0.33271855115890503,-0.0027041793800890446,-0.09722043573856354,0.9993642568588257,0.20882494747638702,-0.0775815099477768,-0.1006041169166565,-0.07288314402103424,-0.36539047956466675,-0.10428707301616669,-0.31148970127105713,-0.028346026316285133,-0.028849417343735695,0.29865238070487976,0.4179824888706207,-0.013755965046584606,0.1772359162569046,-0.15340623259544373,0.7067956328392029,-0.4106907844543457,-0.32021278142929077,-0.21435900032520294,0.11623070389032364,-0.005395992659032345,0.20510050654411316,0.6445301175117493,-0.10538744926452637,-0.9160442352294922,-0.015041522681713104,0.04075739532709122,0.034307897090911865,-0.3413190245628357,0.14281506836414337,-0.22404985129833221,0.14575433731079102,0.03916660696268082,0.03328774496912956,0.06646593660116196,0.07435295730829239,-0.4371837079524994,0.04408562555909157,0.12064655125141144,-0.525347888469696,-0.0176528450101614,-0.005538821220397949,-0.14615628123283386,0.8394308090209961,0.33461993932724,0.2916277050971985,0.08916588127613068,-0.07983949035406113,-0.16527941823005676,-0.14393872022628784,0.29195693135261536,0.09459704905748367,0.1216001883149147,0.10401506721973419,0.0714733749628067,1.0139415264129639,-0.2150389850139618,0.2340409755706787,-0.09069599956274033,-0.31429925560951233,0.13954736292362213,0.005578535608947277,-0.1647615134716034,0.30562978982925415,0.1842496246099472,0.1632699966430664,-0.7077158689498901,-0.14732997119426727,-0.0718250423669815,-0.04740329831838608,0.20327524840831757,0.04249255731701851,-0.13004955649375916,0.43538618087768555,-1.0405906438827515,-0.21650376915931702,-0.020139295607805252,0.06777842342853546,0.2857724726200104,-0.11891400814056396,0.12038920074701309,0.21890094876289368,0.7455499768257141,0.12259719520807266,0.32647833228111267,0.09109620004892349,-0.6974496841430664,-0.21028044819831848,0.1420835554599762,-0.13315531611442566,-0.18804654479026794,-0.05863981693983078,-0.2205311805009842,-0.05596115440130234,0.10993095487356186,0.7475857138633728,0.34381183981895447,0.04404817894101143,-0.04901110380887985,-0.16931948065757751,-0.4152146875858307,-0.0928022488951683,-0.0021722211968153715,-0.08840934932231903,0.4130854606628418,-0.10266435146331787,-0.32716625928878784,-0.1918351650238037,-0.1537078469991684,0.14834380149841309,0.0299942996352911,-0.13090220093727112,-0.30179351568222046,0.8313005566596985,0.50153648853302,-0.39072757959365845,-0.12618745863437653,-0.12679342925548553,-0.10656166076660156,0.5990715026855469,-0.022651363164186478,-1.1488093137741089,0.05962463095784187,0.14485691487789154,-0.08046957850456238,0.3877566456794739,0.15000978112220764,-0.16104264557361603,-0.19651879370212555,0.2735607326030731,0.030725538730621338,-0.3411761224269867,0.11760006844997406,0.22502002120018005,-0.030406702309846878,-0.18383586406707764,-0.10410821437835693,0.044860370457172394,-0.19002114236354828,-0.1565690040588379,-0.26534390449523926,-0.07241342961788177,-0.11963777244091034,0.26620808243751526,0.5890993475914001,0.37685197591781616,-0.0017705440986901522,0.23476740717887878,-0.1800728142261505,0.26794353127479553,-0.0948648601770401,0.13800834119319916,0.5134264826774597,0.10168921947479248,0.150612011551857,-0.19579610228538513,0.3948187232017517,0.2292415201663971,-0.3616703152656555,-0.1293787956237793,0.13543620705604553,0.0193319134414196,-0.4073593020439148,-0.0652041956782341,-0.20912960171699524,-0.11335263401269913,0.6051544547080994,0.044212184846401215,0.010388011112809181,0.04791023209691048,0.3852601945400238,0.8046890497207642,-0.15960989892482758,0.04857916757464409,0.10212916135787964,-0.07118134200572968,-0.8900377154350281,-0.14352303743362427,0.039951812475919724,0.03339948505163193,0.18166492879390717,0.03814994543790817,0.10985789448022842,-0.9993465542793274,-0.3452884554862976,0.2606426477432251,0.1536620557308197,0.16386814415454865,-0.19893230497837067,0.08214709907770157,0.23787598311901093
CID000002909,4,-0.11343338340520859,0.12769638001918793,-0.04178592935204506,0.3110583424568176,-0.4227313995361328,-0.05712059885263443,0.25161248445510864,0.190267413854599,-0.005345058627426624,0.3071581721305847,0.42647844552993774,0.061218541115522385,-0.0883159190416336,0.2639918923377991,-0.05503760650753975,-0.19390729069709778,-0.0652407556772232,0.08207488059997559,0.12128756940364838,-0.47560915350914,-0.08900755643844604,-0.034676436334848404,0.1989830732345581,-0.8366433382034302,-0.0769231766462326,0.27369600534439087,0.009435972198843956,0.05694813281297684,0.04596154764294624,0.37706369161605835,-0.05352052301168442,0.16285890340805054,-0.08644820749759674,0.23667430877685547,-0.03270544856786728,-0.10874710232019424,0.14597423374652863,0.18086425960063934,0.18799415230751038,-0.3508300483226776,-0.11318258196115494,-0.21389630436897278,0.22930724918842316,-0.26866868138313293,-0.06215066462755203,0.29271286725997925,0.05003433674573898,0.0058474065735936165,0.014695246703922749,-0.09203938394784927,0.2766430974006653,0.28435763716697693,-0.30608510971069336,-0.03875499218702316,0.12247417867183685,-0.09917721897363663,0.15508732199668884,0.12738114595413208,0.23697495460510254,0.010310685262084007,-0.11558810621500015,-0.2742913067340851,-0.026831304654479027,0.10394718497991562,0.3399924635887146,0.44757652282714844,-0.21569673717021942,-0.055087197571992874,0.08280254900455475,0.20025873184204102,0.02270488068461418,0.08488213270902634,-0.22242960333824158,-0.45466548204421997,-0.37321391701698303,-0.15919382870197296,-0.23219051957130432,0.06015796214342117,-0.021790359169244766,-0.0017785236705094576,0.14578652381896973,-0.3017923831939697,-0.34189924597740173,0.08026893436908722,0.11027421057224274,0.00589281041175127,0.13792678713798523,0.11792632192373276,-0.07496895641088486,-0.6485744118690491,-0.02100599929690361,0.27926334738731384,0.1204168051481247,0.03686192259192467,0.0228014774620533,-0.3437277674674988,-0.27607834339141846,0.16206005215644836,0.06343178451061249,0.07061877101659775,-0.2895307242870331,-0.11211943626403809,-0.058373551815748215,0.37118515372276306,0.17498470842838287,-0.06117050722241402,0.029834434390068054,0.13358749449253082,0.35363227128982544,-0.0764453187584877,-0.1861649453639984,0.15281757712364197,-0.10411344468593597,-0.14439621567726135,0.10414180904626846,0.23155412077903748,-0.004829681012779474,0.11056071519851685,0.0219257939606905,0.17555463314056396,0.6236604452133179,-0.09106560051441193,0.27259361743927,0.4727531373500824,0.1307501345872879,0.22487863898277283,0.04297603294253349,-0.15310902893543243,0.34379205107688904,0.03954404592514038,-0.0771942287683487,-0.39669153094291687,-0.5190236568450928,0.08360258489847183,0.4191395342350006,0.22498548030853271,-0.15627476572990417,0.28300610184669495,-0.30658695101737976,-0.11381752789020538,-0.1954084038734436,0.2864580750465393,0.0615423209965229,-0.06331364810466766,0.08938156068325043,0.12517321109771729,-0.040570031851530075,0.3093853294849396,0.19046545028686523,0.1699521690607071,0.08123183995485306,-0.19224828481674194,0.15328092873096466,0.0377303846180439,-0.17668497562408447,-0.08839037269353867,-0.08924378454685211,-0.2449764460325241,0.10164833068847656,0.22451797127723694,-0.03885173797607422,-0.11253076791763306,-0.08777324855327606,0.021940529346466064,-0.06344599276781082,-0.01529010571539402,-0.2672726809978485,0.09307105094194412,-0.0739947035908699,0.2625311315059662,0.12403340637683868,-0.09238412231206894,-0.07362178713083267,-0.1927160918712616,0.16316109895706177,-0.07404253631830215,0.028414204716682434,-0.26062485575675964,0.35990509390830994,-0.27314263582229614,0.030679846182465553,-0.04485807567834854,-0.1382904350757599,-0.14110657572746277,0.04517744854092598,0.3143455386161804,-0.05738631635904312,0.10569615662097931,0.11000306904315948,-0.4336402416229248,0.006999331526458263,0.10497502237558365,0.04309277608990669,0.07962284237146378,0.24003306031227112,0.0025991308502852917,0.022638535127043724,-0.0470011942088604,-0.10074388980865479,-0.037965256720781326,0.058776773512363434,-0.46806803345680237,-0.22380511462688446,-0.4726142883300781,0.27863988280296326,-0.19613787531852722,-0.23263096809387207,0.07224716246128082,-0.007974389009177685,0.5433019399642944,0.41072598099708557,0.09452003240585327,0.32763993740081787,0.18782928586006165,0.04949470981955528,-0.1223222017288208,-0.18262024223804474,0.1246841698884964,0.06480338424444199,-0.22858960926532745,-0.05005652457475662,-0.08445124328136444,0.03154360130429268,-0.20800098776817322,-0.18033818900585175,0.09862267971038818,-0.13479694724082947,-0.25913378596305847,-0.1484488695859909,-0.0892755463719368,-0.002513027284294367,0.15242016315460205,0.18163332343101501,0.11577846109867096,-0.1103455051779747,-0.08694431930780411,0.27882495522499084,-0.44781190156936646,0.08831737190485,-0.17210043966770172,0.1256251037120819,-0.3732154965400696,-0.04103980213403702,0.0794350802898407,0.0924977958202362,-0.0718231052160263,0.045820821076631546,0.034824348986148834,-0.6135188341140747,-0.11796031147241592,0.3866347074508667,-0.059984516352415085,-0.14352445304393768,-0.27520373463630676,0.19576647877693176,0.1392831951379776
CID000003676,5,0.2466408759355545,0.08462796360254288,0.20905789732933044,0.3206081986427307,-0.40097150206565857,0.0891508236527443,0.09136500209569931,0.07812386751174927,0.12631148099899292,0.04659215360879898,-0.13343855738639832,-0.02683541737496853,-0.29402393102645874,0.5804658532142639,-0.01756684109568596,0.07692158967256546,-0.19749343395233154,-0.06303714215755463,-0.17748919129371643,-0.708897590637207,0.3380689024925232,0.24393121898174286,0.1693277657032013,-0.8661820292472839,-0.03764229640364647,0.03945528715848923,-0.11498641967773438,-0.16505198180675507,-0.029318910092115402,0.4161308705806732,0.03795699402689934,0.18391568958759308,-0.1917456090450287,0.332451194524765,0.0607110857963562,-0.11525015532970428,0.1606963574886322,0.35460808873176575,0.05446888133883476,0.156794935464859,0.1487787663936615,-0.024530403316020966,-0.04870093986392021,-0.15010984241962433,-0.04279375821352005,0.3915354609489441,-0.006701077334582806,0.01671994850039482,-0.026568446308374405,0.20387521386146545,0.6430116891860962,-0.08449093997478485,-0.33104273676872253,0.13677020370960236,0.4064877927303314,0.11604654788970947,0.18697285652160645,0.12349863350391388,0.057646434754133224,0.09233339130878448,-0.10275419056415558,-0.24353806674480438,0.03121877647936344,-0.08601494133472443,0.15922535955905914,0.7904824614524841,-0.1853724718093872,0.16516251862049103,0.24361136555671692,0.24432286620140076,-0.06929399073123932,-0.2562810480594635,-0.1856112778186798,-0.30174142122268677,-0.06273500621318817,0.6247124075889587,0.2845593988895416,0.09899471700191498,-0.05945788696408272,-0.12867312133312225,0.38252565264701843,-0.40437525510787964,-0.5295516848564148,-0.06928704679012299,0.33139604330062866,-0.6697562336921692,0.2825527787208557,0.2489844560623169,-0.12759307026863098,-0.851479172706604,0.06539497524499893,0.16201747953891754,-0.06651987880468369,0.15510836243629456,0.11074070632457733,-0.3539004325866699,-0.16776391863822937,0.07252879440784454,-0.4285716116428375,0.40385597944259644,0.09251793473958969,-0.4447493553161621,0.05720723792910576,0.5915994644165039,-0.37169989943504333,0.28503865003585815,-0.3629674017429352,0.27234235405921936,0.4347524642944336,0.392417848110199,0.07737871259450912,0.3419290781021118,-0.1547238975763321,-0.1520300954580307,-0.14576251804828644,0.12074625492095947,-0.1138848066329956,-0.030834000557661057,-0.014367488212883472,-0.10495177656412125,0.5670798420906067,0.08365005254745483,0.41928568482398987,0.25697463750839233,-0.44716936349868774,0.08309069275856018,-0.10639090836048126,-0.13989397883415222,0.3068945109844208,-0.1758660525083542,0.34584808349609375,-0.6982151865959167,-0.362169086933136,0.08608492463827133,0.22325487434864044,0.6113098859786987,0.1194908618927002,-0.00761896837502718,0.1710834801197052,-0.7614229917526245,-0.18607279658317566,0.628747820854187,0.2568799555301666,-0.05863378196954727,0.02697732485830784,0.2865373492240906,0.2462112456560135,0.4033927023410797,-0.5222907066345215,-0.21112160384655,-0.03502660617232323,-0.23620927333831787,0.22095879912376404,0.2524438500404358,-0.1821858286857605,-0.18323874473571777,0.04067378118634224,-0.5407010912895203,-0.009630829095840454,0.18080821633338928,0.06534584611654282,-0.29257532954216003,0.06946583092212677,-0.18725410103797913,0.07105785608291626,0.006302292458713055,0.14918680489063263,0.20243299007415771,0.15012553334236145,0.3134908080101013,-0.03146134316921234,-0.11558129638433456,-0.15830418467521667,-0.3942473232746124,0.032472483813762665,0.0899965763092041,0.01689843274652958,-0.13699039816856384,0.743809700012207,0.2670920789241791,-0.16417713463306427,-0.060296349227428436,-0.5221999287605286,-0.14384570717811584,0.23538002371788025,-0.12706464529037476,-0.8073281049728394,-0.09731163829565048,0.30976197123527527,-0.2655147910118103,-0.05582220479846001,0.12341781705617905,-0.12447567284107208,-0.1800626516342163,0.2000740021467209,-0.02831842377781868,0.11584031581878662,-0.13935509324073792,0.295732319355011,0.12101970613002777,-0.1262393742799759,-0.20835399627685547,0.3480076789855957,-0.08498330414295197,-0.2572017312049866,-0.282953679561615,0.14990836381912231,0.2777034640312195,0.3661799132823944,0.4503175616264343,0.4497220516204834,0.053116463124752045,0.12306869029998779,0.5895800590515137,-0.02230793610215187,-0.3685247302055359,0.19748340547084808,0.21921920776367188,0.08847490698099136,0.3042090833187103,-0.12215065956115723,-0.1309676468372345,0.1412680447101593,-0.19054579734802246,-0.20171964168548584,-0.06628751754760742,0.41145992279052734,-0.4860202372074127,-0.13863858580589294,-0.24010725319385529,0.0431542806327343,0.4064658284187317,-0.09239249676465988,-0.1939181536436081,-0.2854807674884796,-0.2020770013332367,0.3665698766708374,-0.2953524589538574,-0.02282857708632946,-0.25577229261398315,0.12338630855083466,-0.7750641107559204,-0.18764011561870575,0.21101972460746765,0.0129453856498003,0.021413590759038925,0.00774362962692976,-0.0892200767993927,-0.5996750593185425,-0.5325034856796265,0.5709363222122192,-0.130947545170784,0.4612593650817871,-0.14646928012371063,0.08201421797275543,0.04067249223589897
CID000003339,8,0.12795495986938477,0.13535913825035095,-0.03158877044916153,0.2792172431945801,-0.405886709690094,0.10669057071208954,0.3004007339477539,0.29091283679008484,0.17974261939525604,0.2919590175151825,0.10536053031682968,0.12332765758037567,0.11135610193014145,0.21963639557361603,-0.17454788088798523,-0.2537219524383545,-0.043654702603816986,-0.24857111275196075,0.1540394276380539,-0.29010501503944397,0.10783588886260986,-0.3135729134082794,-0.1047203540802002,-0.7851923704147339,-0.2657691538333893,-0.03746512159705162,-0.2873938977718353,0.06393195688724518,-0.05036705732345581,0.23698914051055908,-0.3443737030029297,0.26686564087867737,0.17526647448539734,-0.11607549339532852,0.04172787070274353,-0.22045500576496124,0.054591018706560135,0.10778842866420746,0.027266552671790123,-0.1069219559431076,-0.025204718112945557,-0.13940949738025665,0.04992099851369858,-0.29187101125717163,-0.16266170144081116,0.4212391972541809,0.0034275702200829983,0.16867037117481232,0.07950778305530548,0.060393303632736206,0.19310064613819122,0.1608084738254547,-0.3596876263618469,-0.031593043357133865,0.15563121438026428,-0.16711759567260742,-0.24031439423561096,0.04533756896853447,-0.13489319384098053,0.11045442521572113,-0.2256973683834076,-0.2569487988948822,-0.12573997676372528,-0.07495779544115067,0.2659003734588623,0.25284743309020996,-0.09098462760448456,-0.01971660926938057,0.2976592481136322,0.2115747183561325,0.007730156183242798,-0.3314465582370758,-0.3957292437553406,-0.27809464931488037,-0.14677277207374573,0.21228547394275665,0.17059826850891113,0.16569356620311737,-0.08011776208877563,0.15782292187213898,0.06616562604904175,-0.5218185186386108,-0.29893726110458374,-0.14940162003040314,0.09000486135482788,-0.14411738514900208,0.3454122543334961,-0.05970464274287224,-0.009919834323227406,-0.6890767812728882,0.08348686993122101,0.2812056839466095,0.08226184546947479,0.01230838056653738,0.21542899310588837,-0.31369253993034363,-0.28379136323928833,-0.0578637421131134,0.1874256432056427,0.10874654352664948,-0.15308062732219696,0.17602284252643585,0.03241366147994995,0.2811848521232605,0.300631046295166,-0.03405456990003586,-0.003908789250999689,-0.23575910925865173,0.4045935273170471,-0.19355885684490204,-0.10401926189661026,0.18988974392414093,-0.17288169264793396,-0.01805117353796959,-0.008881574496626854,0.2445872724056244,0.034257568418979645,-0.09752774238586426,-0.1831016093492508,0.2115376740694046,0.5230048894882202,-0.07406912744045258,0.3421146273612976,0.1623401790857315,0.17500171065330505,0.08644822984933853,-0.1627642810344696,0.08758363872766495,0.13155648112297058,-0.14784975349903107,0.16816629469394684,-0.47652682662010193,-0.35332828760147095,0.1088532954454422,0.34471428394317627,-0.15257611870765686,0.12577664852142334,0.2692435085773468,0.05199621990323067,-0.08359537273645401,-0.19732151925563812,0.19291844964027405,0.07232709228992462,-0.20288817584514618,0.0483103021979332,-0.008297396823763847,0.0076531944796442986,0.26794254779815674,-0.14139962196350098,0.1757710874080658,-0.021746033802628517,-0.24078139662742615,0.26673468947410583,0.14683224260807037,-0.3418344557285309,-0.05713815614581108,0.007819080725312233,-0.18294063210487366,0.25101375579833984,0.22735288739204407,0.046365801244974136,0.12088736146688461,-0.05829672887921333,-0.20889528095722198,-0.11835400760173798,0.05670103430747986,-0.3682701587677002,0.15193811058998108,0.0271355751901865,0.19650019705295563,-0.09912276268005371,-0.15698592364788055,-0.2939169108867645,-0.31453901529312134,0.08271821588277817,-0.09164811670780182,0.15882819890975952,-0.185685396194458,0.4124123454093933,-0.15714098513126373,0.17783239483833313,0.16215258836746216,-0.2093055695295334,-0.20247001945972443,0.17243097722530365,0.1501404494047165,-0.12758563458919525,-0.010913568548858166,-0.14180220663547516,-0.3204050064086914,0.03418713063001633,-0.017449652776122093,0.21033510565757751,0.057526640594005585,0.020241154357790947,-0.1527361124753952,0.17087092995643616,-0.26466742157936096,-0.04711819812655449,0.34197360277175903,0.26599738001823425,-0.22225229442119598,0.1581934094429016,-0.27176013588905334,-0.23803158104419708,-0.20830431580543518,-0.09938345849514008,0.009887550957500935,-0.2162877768278122,0.3374301493167877,0.3819645941257477,-0.15043218433856964,0.2611991763114929,0.21523313224315643,0.03582894057035446,-0.18262073397636414,-0.08539263904094696,0.06496827304363251,0.0682530552148819,-0.06142853945493698,0.013776680454611778,-0.054384995251894,0.12331342697143555,-0.23940475285053253,-0.2053850144147873,-0.04907767102122307,-0.14562208950519562,-0.09526463598012924,-0.11513098329305649,0.15130186080932617,0.005932214669883251,-0.13009466230869293,0.2527678906917572,-0.01543382741510868,-0.09525582939386368,0.2490989714860916,0.2355632781982422,-0.33610448241233826,0.004113963805139065,-0.12830159068107605,0.21765005588531494,-0.4373537600040436,0.16715578734874725,0.31565722823143005,-0.17710134387016296,0.13336744904518127,0.05387235805392265,0.07531210035085678,-0.4916093945503235,-0.03697974234819412,0.2052638977766037,-0.3707728981971741,-0.09810648113489151,-0.1705307811498642,0.02774151600897312,-3.060102608287707e-05
CID000005656,9,0.15932026505470276,0.24313049018383026,0.09667855501174927,0.552674412727356,-0.15458568930625916,0.24546067416667938,0.12094177305698395,0.6039659380912781,0.23235979676246643,-0.18777348101139069,0.06983788311481476,0.16073448956012726,-0.6129533648490906,0.18735691905021667,-0.31617093086242676,-0.16070324182510376,0.020905811339616776,-0.12658503651618958,0.2499881535768509,-0.68544602394104,0.23905625939369202,-0.2821933627128601,0.13471904397010803,-0.9132154583930969,-0.1769203245639801,-0.12164924293756485,-0.2549573481082916,-0.07886140048503876,0.08345387876033783,0.056672703474760056,-0.3038736581802368,0.4006151258945465,0.20972266793251038,-0.03172047808766365,0.22483225166797638,-0.10899366438388824,0.11196023225784302,-0.1115393191576004,0.08268503099679947,-0.07235835492610931,0.07647373527288437,-0.0774604082107544,0.09129583090543747,-0.4209115505218506,-0.059269506484270096,0.5226443409919739,-0.25693756341934204,-0.08697254210710526,0.1349218785762787,0.26194167137145996,0.547638475894928,0.07183094322681427,-0.24822044372558594,-0.1721329241991043,0.12181983143091202,-0.255989134311676,0.028740227222442627,0.23238380253314972,-0.1691143810749054,0.4181824326515198,-0.05941012501716614,-0.20587870478630066,-0.27208787202835083,-0.031397171318531036,0.03880448266863823,0.5412669777870178,-0.1409207284450531,-0.04522877186536789,-0.15999682247638702,0.09146015346050262,0.034496553242206573,-0.23271913826465607,-0.24185876548290253,-0.28867965936660767,-0.12269259989261627,0.5135259032249451,-0.32881203293800354,0.1616622507572174,-0.05320138484239578,0.17044444382190704,0.46530190110206604,-0.5041990280151367,-0.2475360631942749,-0.413307249546051,0.13705694675445557,-0.18662139773368835,-0.06671442091464996,0.5773824453353882,-0.03326238691806793,-0.8460929989814758,-0.12570056319236755,0.18428301811218262,0.020743336528539658,-0.09200688451528549,0.058255136013031006,-0.4024299085140228,-0.13805732131004333,0.11358384788036346,-0.2926058769226074,0.0003687471034936607,0.11037039756774902,0.15880873799324036,0.012098497711122036,0.5487161874771118,-0.19469264149665833,0.1911376416683197,-0.1348714679479599,-0.34045955538749695,0.5219725370407104,0.1154167428612709,-0.1429525911808014,0.13813433051109314,0.03205007314682007,-0.13416670262813568,-0.21245631575584412,-0.08482077717781067,0.1374877691268921,0.11812160164117813,-0.1675163060426712,-0.06934069097042084,0.6736012101173401,0.020708000287413597,0.4131089746952057,-0.09761279821395874,0.2186264544725418,-0.08802162110805511,-0.0358736626803875,-0.16893182694911957,0.1975082904100418,-0.32507985830307007,0.17365571856498718,-0.5566960573196411,-0.17251117527484894,0.23427867889404297,-0.028150713071227074,-0.06562233716249466,0.038748037070035934,-0.06638594716787338,-0.11199595034122467,-0.49087080359458923,0.014090078882873058,0.0793144553899765,0.3599873185157776,-0.033788055181503296,-0.02237520180642605,-0.016331186518073082,-0.2144065797328949,0.3820774555206299,-0.15763530135154724,0.11723576486110687,0.09769745171070099,-0.27869805693626404,0.04277759790420532,-0.005419817753136158,-0.3507041335105896,-0.043433647602796555,-0.0822518840432167,-0.17452189326286316,0.29255926609039307,0.3834758698940277,-0.09200385957956314,-0.010967769660055637,-0.14935289323329926,-0.13623784482479095,-0.01569841429591179,-0.34097155928611755,-0.2690143883228302,-0.025554398074746132,0.06256674230098724,0.06260388344526291,0.2531793713569641,-0.3880404829978943,-0.22116847336292267,-0.41180604696273804,-0.05649404600262642,0.04606766998767853,0.18999621272087097,-0.0254044346511364,0.5760577321052551,-0.11242494732141495,0.04428551346063614,-0.23865196108818054,-0.2996431291103363,-0.11665769666433334,0.12517932057380676,0.2423478662967682,-0.6188669800758362,-0.22338397800922394,0.5818107724189758,-0.13696891069412231,0.16736453771591187,0.26175591349601746,0.2899826169013977,-0.08406480401754379,0.16526657342910767,-0.1400473415851593,-0.13189132511615753,-0.1756030023097992,0.1175040751695633,0.11326718330383301,-0.12155463546514511,-0.2462262660264969,0.161863312125206,-0.2955382466316223,0.3131314218044281,-0.08847566694021225,-0.11483851820230484,-0.11775167286396027,0.1292232722043991,0.4126525819301605,0.3568548262119293,-0.32116758823394775,0.13210588693618774,0.12764225900173187,0.10330832004547119,-0.03620968386530876,0.1366514414548874,0.23633897304534912,0.04023260995745659,0.3688759207725525,0.07338886708021164,0.07507877796888351,0.07457922399044037,-0.39222252368927,-0.1489192694425583,0.05930892378091812,0.24894216656684875,-0.6396375298500061,0.02013583481311798,0.1364382952451706,-0.13770316541194916,-0.048002175986766815,0.18012453615665436,0.0680723637342453,0.0013061255449429154,0.2778312563896179,0.2853645980358124,-0.24672655761241913,-0.07246621698141098,-0.23398952186107635,0.03732474893331528,-0.645874559879303,-0.22731535136699677,0.2535859942436218,-0.04708702117204666,-0.05248694494366646,0.10727367550134659,0.4096760153770447,-0.7257145643234253,-0.09389495849609375,0.33559125661849976,-0.48552292585372925,-0.2619163990020752,-0.0952160507440567,-0.030088668689131737,0.24287016689777374
CID000000853,10,0.13196510076522827,0.05548926070332527,-0.025116920471191406,0.351065456867218,-0.22518709301948547,0.10485875606536865,0.22989802062511444,0.05526052787899971,-0.06770189851522446,0.11884196847677231,0.05277681350708008,0.10676757246255875,-0.04558180645108223,0.1717004030942917,-0.22382740676403046,-0.11573658138513565,-0.1535901427268982,-0.09489455074071884,0.2214830219745636,-0.41390103101730347,0.04219738021492958,-0.24559834599494934,-0.22575971484184265,-0.7884998321533203,-0.16759367287158966,0.07570777833461761,-0.16470512747764587,0.05259992927312851,0.023147810250520706,0.06060385704040527,-0.05399192124605179,0.42200762033462524,0.34017258882522583,0.12960901856422424,0.05083457753062248,0.020033519715070724,0.13771501183509827,0.00047629623441025615,0.08770416676998138,-0.1538410484790802,-0.16838499903678894,-0.22608956694602966,0.14230704307556152,-0.33000195026397705,-0.1248323917388916,0.4143581986427307,-0.06329353898763657,-0.01840646006166935,0.20902355015277863,0.1421118825674057,0.20707885921001434,-0.042955752462148666,-0.23265758156776428,-0.12558375298976898,0.05441850423812866,-0.06575142592191696,-0.027506494894623756,-0.007966049946844578,-0.007696193642914295,-0.2140854299068451,-0.03516393154859543,-0.116082563996315,-0.11320004612207413,-0.05963071435689926,0.35117706656455994,0.29499247670173645,-0.05522705987095833,0.08180983364582062,0.10226744413375854,-0.25695616006851196,0.24566106498241425,0.0039006173610687256,-0.35007092356681824,-0.24822239577770233,-0.011584827676415443,0.5220903754234314,-0.24762089550495148,0.2805482745170593,-0.06296505779027939,0.10721143335103989,0.33064407110214233,-0.4992794096469879,-0.3408202826976776,0.017314648255705833,0.043698716908693314,-0.11979617923498154,0.03142910078167915,0.052634347230196,-0.2282290905714035,-0.7294614315032959,-0.02116329036653042,0.2009677141904831,0.03993150591850281,0.0912296399474144,0.034483153373003006,-0.15400388836860657,-0.11149410903453827,0.05121499300003052,0.1783241480588913,0.10839538276195526,-0.31083863973617554,-0.14013297855854034,-0.06283489614725113,0.2711336016654968,0.12807457149028778,-0.004377275705337524,0.015656355768442154,-0.2533162534236908,0.642086386680603,-0.10220959037542343,-0.11223359405994415,0.23610250651836395,-0.21629586815834045,-0.030270855873823166,0.09541904926300049,0.1596008539199829,-0.11082716286182404,0.044724058359861374,-0.12941974401474,0.286925733089447,0.6509560942649841,-0.1582532823085785,0.21706655621528625,0.13398809731006622,0.0037891871761530638,-0.02029857039451599,0.017646457999944687,0.23723605275154114,0.05597915127873421,-0.05078781768679619,0.04834529012441635,-0.5639265179634094,-0.24310748279094696,0.05311470106244087,0.25502586364746094,0.08841657638549805,-0.11109447479248047,0.10101161897182465,-0.07681223005056381,-0.2550852298736572,-0.060283225029706955,0.05599502474069595,0.1395835429430008,-0.0028035431168973446,-0.005744907073676586,0.0463799349963665,-0.17075970768928528,0.39937442541122437,0.11194543540477753,0.20420703291893005,-0.07608645409345627,-0.27269041538238525,0.1289583146572113,-0.03277406841516495,-0.24074992537498474,-0.17402464151382446,-0.10157034546136856,-0.08509371429681778,0.026417195796966553,0.3969656229019165,-0.3378073275089264,-0.02849709428846836,-0.04701576381921768,0.041789084672927856,-0.049923088401556015,-0.06571190804243088,-0.15019352734088898,-0.09453697502613068,-0.17475584149360657,0.13166895508766174,0.05415257811546326,-0.2067982703447342,-0.12343784421682358,-0.4075295329093933,0.07161135971546173,-0.025782626122236252,0.2368772327899933,-0.012340190820395947,0.4885593354701996,0.11368336528539658,-0.01493361871689558,-0.0880487933754921,-0.24453294277191162,-0.13076813519001007,0.26061949133872986,0.14667439460754395,-0.36816149950027466,0.3220098912715912,-0.020653408020734787,-0.37296152114868164,0.14354102313518524,0.0450112447142601,0.22060854732990265,0.0626627504825592,-0.01106258761137724,0.056584395468235016,-0.007332962937653065,0.12232784926891327,-0.10159273445606232,0.025208955630660057,0.12539426982402802,-0.2028932273387909,0.2571762204170227,-0.11472512781620026,0.36188244819641113,-0.3213629126548767,-0.04092700406908989,-0.1765206903219223,-0.021133780479431152,0.4086917042732239,0.2844378650188446,0.08839268237352371,0.14252862334251404,0.13355353474617004,0.09719131886959076,-0.15286177396774292,-0.14123961329460144,0.12396515905857086,0.2047792226076126,0.24629859626293182,0.08271874487400055,-0.12507151067256927,-0.004558527376502752,-0.11185519397258759,0.008950362913310528,0.05836834758520126,-0.1340194195508957,-0.057026199996471405,-0.12088043987751007,-0.05065624788403511,-0.09797631204128265,0.08418773859739304,0.24880418181419373,0.06041938066482544,-0.10547609627246857,0.3513675928115845,0.2675265967845917,-0.4005739688873291,0.08282534778118134,-0.3177207112312317,0.28019601106643677,-0.5545333623886108,0.23249602317810059,0.16213281452655792,-0.16675178706645966,-0.2467770129442215,0.1272737979888916,-0.15897175669670105,-0.5934482216835022,-0.15287281572818756,0.16268932819366455,-0.19084015488624573,-0.03182724490761757,-0.023620372638106346,0.10398048162460327,-0.047280363738536835
CID000119607,11,0.2562864422798157,-0.11364364624023438,0.09424246847629547,0.2788439393043518,-0.5078772902488708,0.09282279014587402,0.3172648549079895,0.2272622287273407,-0.0661766454577446,0.35945701599121094,0.11338131129741669,0.12633517384529114,0.023878419771790504,0.06806622445583344,-0.1729816496372223,-0.04825999587774277,-0.04168832302093506,-0.21422913670539856,0.08800498396158218,-0.433519184589386,0.08670323342084885,-0.20879344642162323,0.1018141508102417,-0.7845135927200317,0.1787673979997635,0.06736896187067032,-0.05293229967355728,0.02126438543200493,-0.08532844483852386,0.23497071862220764,-0.053370170295238495,0.18498830497264862,-0.0014428615104407072,-0.0735897645354271,0.05306631326675415,-0.1321183443069458,0.16007784008979797,0.1861329972743988,0.18504270911216736,-0.0370674729347229,0.016764681786298752,-0.26112183928489685,0.19705601036548615,-0.19877977669239044,-0.22091445326805115,0.3720425069332123,0.014772403053939342,-0.015367373824119568,0.13880424201488495,0.16361753642559052,0.21681538224220276,0.1812727153301239,-0.171901673078537,0.07517798990011215,0.032998912036418915,-0.045228924602270126,0.0720081478357315,0.23769088089466095,0.10241693258285522,0.09567560255527496,-0.2170383185148239,-0.3336063027381897,0.12022373825311661,0.020035455003380775,0.174905925989151,0.3074875473976135,-0.22554373741149902,-0.10734502971172333,0.31267252564430237,0.08977928012609482,-0.02686804160475731,-0.01050376333296299,-0.33546167612075806,-0.4431232511997223,-0.13727392256259918,0.24452516436576843,0.015181569382548332,0.08258276432752609,-0.046243295073509216,-0.026263713836669922,-0.06721927970647812,-0.8269332051277161,-0.2727275788784027,0.2975032329559326,-1.9988417989225127e-05,-0.138058140873909,0.16728293895721436,-0.0006576150772161782,0.09614355862140656,-0.6730936765670776,-0.09826018661260605,0.13805457949638367,0.059462130069732666,-0.05660027265548706,0.051026709377765656,-0.21862396597862244,-0.3498041033744812,-0.08160913735628128,-0.22062024474143982,0.11793466657400131,-0.15354080498218536,0.04259529337286949,-0.0002653136907611042,0.3111487030982971,0.22041869163513184,0.058676064014434814,-0.18449106812477112,0.022876417264342308,0.47574490308761597,-0.20541846752166748,-0.041044991463422775,0.11894135177135468,-0.052104197442531586,-0.06419278681278229,0.10509862005710602,0.1280132532119751,0.021644651889801025,-0.0818474143743515,-0.07051774859428406,0.20264939963817596,0.58507239818573,-0.171339213848114,0.21268217265605927,0.12043049186468124,0.002675500465556979,0.15018101036548615,-0.0004182577249594033,0.044905420392751694,0.14689835906028748,0.08816695958375931,0.21248376369476318,-0.5513747930526733,-0.46975407004356384,0.15677699446678162,0.20905935764312744,-0.1854555755853653,-0.13000601530075073,0.39455780386924744,-0.06799096614122391,-0.2891988158226013,-0.13237042725086212,0.16429007053375244,0.020284399390220642,-0.10895663499832153,-0.03348934277892113,0.06571762263774872,-0.027331674471497536,0.32392066717147827,-0.010340815410017967,0.12637773156166077,0.12532112002372742,-0.2365070879459381,-0.0962480679154396,0.17948497831821442,-0.3101077377796173,-0.14967072010040283,-0.03722236678004265,-0.10679075866937637,0.09266551584005356,0.19844718277454376,-0.03272216394543648,0.12949787080287933,-0.08664125204086304,-0.01410250086337328,-0.06504964083433151,-0.015150254592299461,-0.15146131813526154,0.2664321959018707,0.007805346045643091,0.1880451738834381,0.055047135800123215,-0.12638668715953827,-0.11767242848873138,-0.1398833841085434,0.043992578983306885,-0.042715080082416534,0.20958097279071808,-0.1259152591228485,0.34805285930633545,-0.099788598716259,0.24823737144470215,0.027685845270752907,-0.021971972659230232,-0.1789405196905136,0.12795771658420563,0.2530543804168701,-0.06072720140218735,-0.09349831193685532,-0.2098217010498047,-0.21864470839500427,-0.10112812370061874,0.1375565081834793,0.2685941755771637,0.1208798885345459,0.11310888826847076,-0.1306760460138321,0.07051043957471848,0.024046070873737335,0.1660793274641037,-0.0026146769523620605,0.16280493140220642,-0.35932472348213196,0.13432735204696655,-0.19960999488830566,-0.0399116575717926,-0.06499582529067993,-0.19443517923355103,0.036184847354888916,0.04081002622842789,0.27271977066993713,0.30587857961654663,0.3605231046676636,0.32724708318710327,0.23074865341186523,-0.0238095223903656,-0.1356748640537262,-0.060047149658203125,0.14608696103096008,0.05948483198881149,0.15432009100914001,0.04614085704088211,-0.11480072885751724,0.008254805579781532,-0.20621737837791443,-0.15556955337524414,-0.08300166577100754,0.10759848356246948,0.020932186394929886,-0.05071829631924629,-0.013393606059253216,0.020094549283385277,-0.11506368964910507,0.24239400029182434,-0.04405753314495087,-0.17674867808818817,0.00219632382504642,0.3584102988243103,-0.43650245666503906,0.03173669055104256,-0.08765129745006561,0.14866583049297333,-0.36135154962539673,0.15355730056762695,0.43156617879867554,0.023705240339040756,-0.06459807604551315,0.03758491203188896,0.11147153377532959,-0.5684977769851685,-0.15521979331970215,0.21672868728637695,-0.38640493154525757,0.04764975607395172,-0.34055906534194946,0.01689574494957924,0.055432938039302826
CID000004889,12,-0.0037617802154272795,0.059504829347133636,0.23618674278259277,0.3146529793739319,-0.26605483889579773,-0.16662046313285828,0.44640523195266724,0.3334260582923889,0.07526271045207977,0.24829840660095215,-0.024040114134550095,-0.37725168466567993,-0.129252627491951,0.26999568939208984,-0.024278705939650536,-0.04777102544903755,-0.11669440567493439,-0.036952730268239975,0.10281789302825928,-0.3601072430610657,0.020131340250372887,-0.16613395512104034,-0.4069051742553711,-0.7380056381225586,0.05197123438119888,0.31558459997177124,-0.194434255361557,-0.1363590508699417,0.2153499573469162,0.2832021713256836,-0.39967578649520874,0.19822321832180023,-0.033109135925769806,0.005600120406597853,0.019790375605225563,-0.0009546162327751517,-0.17207780480384827,0.17423497140407562,0.10315392166376114,-0.19135674834251404,0.14580115675926208,-0.21730443835258484,0.13275690376758575,-0.21936631202697754,-0.051733195781707764,0.1469169408082962,-0.025194760411977768,0.06981021165847778,-0.0458516962826252,0.1184074729681015,0.42344680428504944,0.1721302568912506,-0.23059014976024628,-0.037443459033966064,0.2006634771823883,-0.10879822820425034,-0.22350919246673584,-0.1775333285331726,0.10833817720413208,0.025207985192537308,-0.06002640724182129,-0.3804095983505249,0.31807005405426025,-0.05558856576681137,0.1775931417942047,0.6159452199935913,-0.1387930065393448,0.061917584389448166,0.3020482659339905,0.18203292787075043,0.3581082224845886,0.11109425127506256,-0.4135054647922516,-0.21678736805915833,-0.32847994565963745,0.29950791597366333,-0.1282845437526703,0.11939853429794312,-0.15353113412857056,0.05218350887298584,0.37235939502716064,-0.4275762438774109,-0.4795035719871521,0.25987711548805237,-0.05684836953878403,-0.115778848528862,0.2703697383403778,0.4881896376609802,-0.07124840468168259,-0.881506085395813,-0.12404968589544296,0.3246014714241028,-0.19228777289390564,0.07751443982124329,0.1976468563079834,-0.4923846125602722,0.211924746632576,0.22308829426765442,-0.16569297015666962,0.028264498338103294,-0.19376645982265472,-0.1587955504655838,0.011021542362868786,0.4700349271297455,0.41339588165283203,0.08248971402645111,-0.008410406298935413,0.050855766981840134,0.28928178548812866,-0.049691859632730484,0.07489698380231857,0.04531509429216385,-0.1507740616798401,-0.10393773019313812,0.1455332487821579,0.37721332907676697,-0.30183303356170654,-0.21985748410224915,-0.1563817709684372,0.2269883155822754,0.5727694630622864,-0.13271094858646393,0.06561518460512161,-0.002288728952407837,-0.08747830241918564,0.06615687906742096,0.35647672414779663,-0.017967989668250084,0.44350963830947876,0.18197576701641083,0.010393817909061909,-0.3938019275665283,-0.2902355492115021,-0.011229488998651505,0.19717921316623688,0.3096553385257721,-0.024088647216558456,0.4545937478542328,0.040787070989608765,0.0745672956109047,-0.3515191674232483,0.4338285028934479,0.007596549578011036,-0.3130802512168884,0.07185497134923935,0.2263759821653366,-0.08912159502506256,0.4441683888435364,-0.11461351811885834,0.1438109576702118,-0.5170696377754211,-0.19010749459266663,-0.04231146723031998,-0.02830403484404087,-0.26502788066864014,-0.020947623997926712,0.03466739133000374,-0.5283570289611816,0.12668296694755554,0.22337837517261505,-0.04774848744273186,-0.08684907108545303,0.052275676280260086,0.017051687464118004,0.09109415858983994,0.1396501660346985,-0.09609387069940567,-0.07620012015104294,0.06357952207326889,0.2722800374031067,-0.03883158415555954,-0.22723355889320374,-0.15069910883903503,-0.13657720386981964,0.032060086727142334,-0.19057747721672058,-0.06663118302822113,-0.18072204291820526,0.36381807923316956,-0.12500937283039093,0.24855419993400574,0.07781830430030823,-0.10940823704004288,-0.18358543515205383,0.6597074270248413,-0.15593965351581573,-0.24825385212898254,0.08563385158777237,0.17236068844795227,-0.4390283226966858,-0.3273550868034363,0.12155203521251678,0.3125383257865906,0.1625007688999176,0.18714623153209686,-0.131187304854393,0.23294222354888916,-0.17704130709171295,-0.22279247641563416,-0.19268584251403809,-0.07779248803853989,-0.3137625753879547,0.27372637391090393,-0.3199653625488281,0.40498217940330505,-0.1685771644115448,-0.15360158681869507,0.022561822086572647,0.1466204822063446,0.4300995469093323,0.39361247420310974,0.2625900208950043,0.2926025986671448,0.10757081210613251,0.3674303889274597,-0.284675270318985,0.24881520867347717,-0.005558142904192209,-0.011848397552967072,0.16547571122646332,-0.0658826008439064,-0.16524198651313782,0.2784516513347626,-0.4725116193294525,-0.06344722211360931,0.18504947423934937,0.3598476052284241,-0.6030404567718506,-0.21773430705070496,-0.20798039436340332,-0.10770256817340851,0.09229405224323273,0.4521964192390442,-0.0025588185526430607,0.12313036620616913,-0.008213972672820091,0.4780924916267395,-0.515572726726532,0.20614512264728546,-0.06402076035737991,0.18637825548648834,-0.5819331407546997,-0.12021937221288681,0.5213462114334106,-0.0966072753071785,0.15671536326408386,0.14527857303619385,-0.03735794499516487,-0.5586286187171936,-0.25640955567359924,0.22774410247802734,-0.3465762436389923,-0.1173180565237999,-0.29967212677001953,0.01326617132872343,0.14277932047843933
CID000003154,13,0.13646073639392853,-0.011036211624741554,0.20638716220855713,0.6165446043014526,-0.40725287795066833,0.06030382961034775,0.13759629428386688,0.2542981505393982,0.03377261012792587,0.17361131310462952,-0.2756982445716858,-0.5642704963684082,-0.2347555160522461,0.25837722420692444,-0.005823566112667322,0.17665693163871765,0.07271353155374527,-0.08403275907039642,-0.009878052398562431,-0.48702770471572876,-0.022084983065724373,-0.35582584142684937,0.15740422904491425,-0.8027979731559753,-0.025291621685028076,0.1057608500123024,-0.23058822751045227,-0.1378859579563141,-0.043965790420770645,0.14750096201896667,-0.22361430525779724,0.1667252779006958,0.03071920946240425,-0.1128307357430458,-0.01232603657990694,-0.025332972407341003,-0.06979326158761978,0.255208283662796,-0.1504383534193039,-0.3010641932487488,-0.01559380255639553,0.258273720741272,0.10329750925302505,0.06918618828058243,-0.14754612743854523,0.22459836304187775,-0.08759844303131104,-0.10323882102966309,-0.06563758850097656,0.29251980781555176,0.5321513414382935,0.0082520367577672,-0.3474265933036804,-0.0849769115447998,-0.08167479932308197,0.15205469727516174,-0.14605091512203217,-0.12559287250041962,0.24876992404460907,-0.17189672589302063,-0.09281937032938004,-0.31243017315864563,-0.10788337141275406,-0.04902100935578346,0.13861136138439178,0.43049344420433044,-0.29078489542007446,-0.03345462679862976,0.2732378840446472,0.06035768985748291,-0.011031979694962502,0.15491072833538055,-0.27301910519599915,-0.3000022768974304,-0.20189356803894043,0.17023828625679016,0.14333942532539368,0.09351641684770584,-0.16267581284046173,-0.13706372678279877,0.594097912311554,-0.22661364078521729,-0.2816222608089447,0.06253315508365631,0.14610478281974792,0.1262107640504837,0.04830765724182129,0.27356547117233276,0.00626126816496253,-0.5136881470680237,-0.030246620997786522,0.15051238238811493,-0.1376248449087143,0.04943052679300308,-0.16179798543453217,-0.1303405612707138,0.2515333592891693,-0.02788596786558628,-0.003597301198169589,0.03336508199572563,0.1472167670726776,0.15408162772655487,-0.008794514462351799,0.17822390794754028,0.1791977435350418,-0.11087970435619354,-0.1140899807214737,-0.0962689071893692,0.400533527135849,-0.06172215938568115,0.16443312168121338,0.12757951021194458,-0.12339536100625992,-0.39325278997421265,0.19512446224689484,0.2878008186817169,-0.1897454857826233,0.1068429946899414,0.08823983371257782,0.21177050471305847,0.682260274887085,-0.32003253698349,0.05862151458859444,0.3353238105773926,-0.29921844601631165,0.42493367195129395,0.003999523818492889,-0.12606938183307648,0.12207162380218506,0.23221071064472198,0.23382708430290222,-0.5052783489227295,-0.4588494896888733,0.2404598742723465,0.2776475250720978,0.3711147904396057,-0.0038698003627359867,0.13727182149887085,0.1768677532672882,0.006967035122215748,-0.12934081256389618,0.2718730866909027,0.13463839888572693,0.09847743809223175,-0.09212544560432434,0.10568483918905258,-0.13413465023040771,0.483513742685318,0.106748066842556,0.47550806403160095,0.1555643379688263,-0.45782312750816345,-0.07980519533157349,-0.06960199773311615,-0.16797593235969543,-0.19190198183059692,-0.0561317577958107,-0.224290132522583,0.02815762721002102,0.11008863151073456,-0.005383111536502838,0.1252988576889038,0.009305469691753387,-0.0211627297103405,-0.0909620076417923,0.08713480085134506,-0.1398751139640808,-0.017711887136101723,0.025042738765478134,0.04216047376394272,0.08703343570232391,0.16180060803890228,-0.28166261315345764,-0.29702696204185486,0.18488383293151855,-0.054146625101566315,0.20428068935871124,-0.118067666888237,0.800940990447998,-0.0407433919608593,-0.3776493966579437,-0.06534742563962936,-0.10478267818689346,0.1465519517660141,0.39643919467926025,-0.008925574831664562,-0.19845882058143616,0.16830889880657196,0.25250452756881714,-0.4514816701412201,0.02828386053442955,0.21383897960186005,-0.03980470821261406,-0.28835341334342957,0.2346491813659668,0.009844949468970299,0.24433884024620056,-0.1528836488723755,-0.019123446196317673,-0.2069639414548874,-0.006848263554275036,-0.3368338644504547,0.055786095559597015,-0.35842806100845337,-0.037680961191654205,-0.25560611486434937,0.096717469394207,-0.010240107774734497,0.054904431104660034,0.5151623487472534,0.28473126888275146,0.13041439652442932,0.20867514610290527,-0.09155220538377762,0.021122995764017105,-0.14127929508686066,0.17035625874996185,0.25615638494491577,0.11775169521570206,0.039199523627758026,-0.30807897448539734,0.045933086425065994,-0.16216251254081726,-0.07815777510404587,0.24584269523620605,0.008116016164422035,0.055446743965148926,-0.1492600291967392,0.04876966029405594,0.06794150918722153,-0.027717191725969315,0.2873777747154236,0.33581259846687317,-0.10497553646564484,0.11781398952007294,0.08449263870716095,0.6318235993385315,-0.7573269605636597,0.02915317751467228,-0.15615901350975037,-0.004401813261210918,-0.2333754301071167,0.22966697812080383,0.25805026292800903,-0.18429693579673767,-0.07649178057909012,0.06613831222057343,-0.09761844575405121,-0.6869180202484131,-0.1837754249572754,0.24749863147735596,-0.0867820531129837,0.24719884991645813,-0.26060938835144043,-0.04811845347285271,0.23793621361255646
CID000005029,14,-0.061925094574689865,0.02864775061607361,-0.10173046588897705,0.23784546554088593,-0.321126252412796,0.12582288682460785,0.2595198452472687,0.29435843229293823,-0.0362677276134491,0.3242805600166321,0.3309681713581085,0.19364163279533386,0.13861456513404846,0.12384100258350372,-0.2168697565793991,-0.1985882818698883,-0.12372734397649765,0.07823790609836578,0.2779831886291504,-0.3478211760520935,0.07625789940357208,-0.21459031105041504,0.03055366314947605,-0.7369437217712402,0.13216081261634827,0.2955636978149414,-0.10561393201351166,0.1783066689968109,-0.0023247133940458298,0.12980236113071442,0.012750102207064629,0.35135453939437866,-0.09822674840688705,0.01549710612744093,-0.04772873967885971,-0.1208658218383789,0.223837211728096,-0.0003693103790283203,0.22634562849998474,-0.3881017565727234,-0.023892203345894814,-0.377452552318573,0.2578052878379822,-0.28630760312080383,-0.18514534831047058,0.393757700920105,-0.014805061742663383,0.0195663683116436,0.24490141868591309,-0.117503322660923,0.08906352519989014,0.10120576620101929,-0.28566792607307434,-0.01802653633058071,0.15530195832252502,-0.11830196529626846,-0.04178716614842415,0.1959610879421234,-0.029240528121590614,-0.030131708830595016,-0.2538601756095886,-0.3530244529247284,-0.11832966655492783,-0.03462308272719383,0.4318530559539795,0.3862850069999695,-0.15953341126441956,-0.12081567943096161,0.20984061062335968,0.09441317617893219,0.11092691123485565,0.13660061359405518,-0.3233863115310669,-0.41140690445899963,-0.34141412377357483,-0.1296570599079132,-0.20008878409862518,0.23258844017982483,-0.1142290011048317,-0.11521540582180023,-0.0834108218550682,-0.3442609906196594,-0.37351348996162415,0.05806081369519234,-0.07570576667785645,-0.0679473727941513,0.17276346683502197,0.11058994382619858,-0.005779683589935303,-0.5305341482162476,-0.10995206981897354,0.295053631067276,0.0562693253159523,-0.09535841643810272,-0.15415868163108826,-0.324174165725708,-0.1307029277086258,-0.007543611340224743,-0.11854541301727295,0.09695325791835785,-0.28904837369918823,0.025231439620256424,-0.12737621366977692,0.2656506896018982,0.31220659613609314,0.06254072487354279,-0.06168832257390022,0.24416899681091309,0.34154099225997925,-0.16468766331672668,-0.0556732602417469,0.2281913310289383,-0.2371881902217865,0.05236496776342392,0.09894368052482605,0.31099313497543335,-0.07540210336446762,0.0007112800958566368,-0.05846886709332466,0.2862200438976288,0.45639538764953613,-0.07500974833965302,0.2956094741821289,0.4189346432685852,0.06182097643613815,0.22465014457702637,0.1142706423997879,0.13076744973659515,0.41327881813049316,-0.01575247384607792,-0.06439940631389618,-0.3097647726535797,-0.3381771743297577,0.129441037774086,0.31355059146881104,-0.20216341316699982,-0.12602487206459045,0.2189064919948578,-0.3572935461997986,-0.2074729949235916,-0.40059003233909607,0.11157852411270142,0.06527592241764069,-0.25472724437713623,0.024513060227036476,0.37583619356155396,-0.3126128017902374,0.20417866110801697,0.08750762045383453,0.20107218623161316,0.1100163459777832,-0.06257052719593048,-0.19749754667282104,0.13779567182064056,-0.27428507804870605,0.08760221302509308,-0.1757008582353592,-0.03404277190566063,0.014016920700669289,0.4165331721305847,0.03139134496450424,0.08427625894546509,-0.1259300261735916,0.06188175827264786,-0.18361595273017883,-0.05627771094441414,-0.179521843791008,0.2312050759792328,-0.18890562653541565,0.25880950689315796,0.11528686434030533,-0.2500753402709961,-0.2459566593170166,-0.3198098838329315,0.02929903194308281,-0.07099008560180664,0.2845741808414459,-0.34377023577690125,0.2112865000963211,-0.14756694436073303,0.22752180695533752,-0.027557235211133957,-0.14257904887199402,-0.15076389908790588,0.04845231771469116,0.34301358461380005,-0.06383621692657471,-0.05912043899297714,-0.16200213134288788,-0.48273715376853943,0.07148761302232742,0.07526711374521255,0.23709872364997864,0.2188119888305664,0.12317498028278351,-0.13573335111141205,0.13108666241168976,-0.07053102552890778,-0.0011164664756506681,-0.03905584663152695,0.22313475608825684,-0.4142216742038727,-0.21406516432762146,-0.37654608488082886,0.26291850209236145,-0.24462775886058807,-0.15518857538700104,0.0951063483953476,-0.02823636867105961,0.3570658266544342,0.38814276456832886,0.08190800994634628,0.4595295786857605,0.20709960162639618,0.26896947622299194,-0.3045399785041809,-0.1168438196182251,0.0901629775762558,-0.0009162448113784194,-0.24045081436634064,-0.04351327568292618,-0.03355680778622627,-0.18338429927825928,-0.27988752722740173,-0.01617753691971302,-0.034573983401060104,0.09108144044876099,-0.2611936628818512,-0.1488076001405716,-0.12107691913843155,-0.018398556858301163,-0.2077452391386032,0.2877986431121826,0.04652690142393112,-0.12709946930408478,-0.18211722373962402,0.18090352416038513,-0.30726176500320435,0.055413104593753815,-0.1895523965358734,0.2396402657032013,-0.309609591960907,0.11653342097997665,0.2340000569820404,-0.11398379504680634,-0.03456305339932442,0.10623525083065033,0.04308468848466873,-0.4042760729789734,-0.0509684793651104,0.3035433888435364,-0.31703639030456543,-0.04713088274002075,-0.236209899187088,0.17739534378051758,0.01426504272967577
CID000003823,15,0.1396384984254837,0.19295504689216614,0.2512206435203552,0.5452077984809875,-0.43895792961120605,-0.06641959398984909,0.026898551732301712,0.29134899377822876,0.23038668930530548,0.4215216040611267,-0.20696735382080078,-0.5544196963310242,-0.0013157784705981612,0.30376100540161133,-0.00294249365106225,0.11981961876153946,0.09795000404119492,0.025162752717733383,0.0992576852440834,-0.513219952583313,0.06835184246301651,-0.2950363755226135,-0.18024568259716034,-0.8006796836853027,0.06754028797149658,0.10421259701251984,-0.08791394531726837,-0.0706910490989685,-0.34161049127578735,0.2620312571525574,-0.22594305872917175,0.31065067648887634,-0.01884237490594387,-0.026182811707258224,-0.059310972690582275,-0.02034926973283291,0.011646969243884087,0.30309128761291504,-0.03383849188685417,-0.3274008631706238,-0.1284143477678299,-0.3129385709762573,0.08779871463775635,-0.09893825650215149,0.12494057416915894,0.19058360159397125,-0.07716105878353119,-0.0825328603386879,0.20721669495105743,-0.12646768987178802,0.45523786544799805,-0.1545342206954956,-0.25477778911590576,0.02831951342523098,-0.4052272439002991,-0.09369654953479767,0.2099674642086029,0.008060040883719921,0.7729544043540955,0.07726404070854187,-0.23420071601867676,-0.19674400985240936,0.2677326500415802,-0.34158265590667725,0.34891852736473083,0.49903926253318787,-0.2971765398979187,-0.08092699199914932,0.10421101748943329,0.34493330121040344,0.10187225043773651,0.11284969747066498,-0.13447026908397675,-0.44951575994491577,-0.4575987756252289,0.0101409200578928,-0.07701840996742249,-0.11940412223339081,-0.25949639081954956,-0.22786715626716614,-0.034287966787815094,-0.27161771059036255,-0.372341126203537,0.16866454482078552,0.11091881990432739,0.025728190317749977,0.29271453619003296,0.017544187605381012,0.21796050667762756,-0.5111140012741089,-0.00656764954328537,0.26095274090766907,-0.05490056797862053,0.1894172728061676,-0.08923019468784332,-0.21803733706474304,0.17197556793689728,-0.33393168449401855,0.24039888381958008,0.21147310733795166,-0.25621140003204346,0.0027763829566538334,0.03208351880311966,0.29598620533943176,0.07636301219463348,0.1429096758365631,0.05144786834716797,-0.2637943625450134,0.5354532599449158,0.10567692667245865,0.16515792906284332,0.11333157122135162,-0.06736792623996735,-0.3128754496574402,-0.0735764354467392,0.41286712884902954,0.02584926225244999,0.22639934718608856,0.008316298015415668,0.20387475192546844,0.7860662341117859,-0.38158196210861206,0.10576919466257095,0.25567132234573364,-0.14854690432548523,0.2535475790500641,0.15917536616325378,0.12921591103076935,0.33604878187179565,0.009418511763215065,0.135538250207901,-0.601420521736145,-0.43446826934814453,0.002674579620361328,0.3204844892024994,0.17998676002025604,0.2882770895957947,0.23199529945850372,0.025008464232087135,-0.09139902889728546,-0.17521493136882782,0.2494625747203827,0.07632296532392502,-0.03604007884860039,-0.25283536314964294,0.3105965554714203,-0.19096499681472778,0.6203534007072449,0.08374680578708649,0.2832438349723816,-0.13984434306621552,-0.5062220692634583,-0.26443374156951904,0.19174224138259888,-0.04739997535943985,-0.0005820177611894906,0.0894896537065506,-0.21997614204883575,0.2470593899488449,0.24326300621032715,0.13936805725097656,0.2571738660335541,-0.1495475172996521,0.1209632009267807,-0.1461770236492157,0.16462861001491547,-0.20088739693164825,0.10204833745956421,-0.056285250931978226,0.3362736999988556,-0.03145775943994522,0.049813415855169296,-0.359709233045578,-0.004140412900596857,0.17265555262565613,-0.27250587940216064,0.17183750867843628,-0.26832547783851624,0.7051591873168945,0.023990487679839134,-0.0739479586482048,0.10776965320110321,0.048012569546699524,0.03433500602841377,0.07808534055948257,0.04214562475681305,0.009130248799920082,-0.1362011730670929,0.029823850840330124,-0.3348756432533264,-0.24140265583992004,0.3674778342247009,0.22023434937000275,-0.18899258971214294,0.1706387847661972,-0.10971932113170624,0.12621596455574036,-0.47309738397598267,-0.09372160583734512,-0.13927003741264343,-0.15783950686454773,-0.4158005118370056,-0.29739436507225037,-0.24223053455352783,0.011220547370612621,0.009656337089836597,-0.14131131768226624,0.14287921786308289,0.46433210372924805,0.5641051530838013,0.3410392701625824,0.4002145230770111,0.4518442749977112,0.02216433547437191,0.1221192330121994,-0.3226377069950104,0.1515793353319168,0.15075525641441345,-0.04515409842133522,-0.18108321726322174,-0.033439069986343384,-0.2555091083049774,-0.06457240879535675,-0.2679111957550049,0.1023830771446228,-0.408610999584198,-0.15256628394126892,-0.1867455095052719,-0.27530354261398315,-0.176107719540596,0.003916813991963863,0.1269223392009735,0.14239466190338135,0.11933960020542145,-0.036247044801712036,0.2654971480369568,0.6110212206840515,-0.3318019509315491,0.1648271083831787,-0.15692666172981262,-0.039896488189697266,-0.37347108125686646,0.007587552070617676,0.2110656052827835,-0.025774162262678146,-0.22418943047523499,0.06827708333730698,-0.04259752109646797,-0.5759258270263672,0.007508295588195324,0.19662199914455414,-0.009301429614424706,0.19415035843849182,-0.09521520882844925,0.05156083032488823,-0.3156668543815613
CID000003937,16,0.09206219017505646,0.21214011311531067,-0.05551536753773689,0.26718229055404663,-0.39535194635391235,0.047442059963941574,0.07437998801469803,0.3065777122974396,0.06553062796592712,0.29532840847969055,0.05833950638771057,-0.12156741321086884,-0.07541456073522568,0.3052900433540344,0.2412082850933075,-0.1675623655319214,-0.15099886059761047,-0.041961781680583954,-0.18153123557567596,-0.4885404109954834,-0.0837615579366684,0.01775437965989113,-0.08067148923873901,-0.8064228296279907,-0.3763748109340668,0.18873612582683563,-0.2626113295555115,-0.16398245096206665,-0.06270447373390198,0.5327093601226807,-0.25181183218955994,0.17623722553253174,-0.046320997178554535,0.08892249315977097,-0.0186244398355484,-0.09122689813375473,-0.0786227136850357,0.4393517076969147,0.2504130005836487,-0.16064831614494324,-0.15265342593193054,-0.045695748180150986,0.08684311807155609,-0.29748064279556274,0.022477447986602783,0.36132147908210754,-0.1269364356994629,0.21745674312114716,-0.015987560153007507,0.015606610104441643,0.33805179595947266,-0.020604919642210007,-0.27154770493507385,-0.1212291494011879,0.06461916118860245,-0.14192137122154236,-0.09619130194187164,0.10960457473993301,0.21403169631958008,-0.09114471822977066,-0.2628728747367859,-0.29781627655029297,0.15403752028942108,-0.09788014739751816,0.2878926694393158,0.4672999978065491,-0.3630914092063904,-0.005308971740305424,0.15845951437950134,0.17505919933319092,0.0031503005884587765,-0.08290837705135345,-0.3414742052555084,-0.28528136014938354,-0.26240378618240356,0.03141983225941658,-0.04985778406262398,-0.07725819200277328,-0.1697068065404892,-0.13750813901424408,0.3617294132709503,-0.18474933505058289,-0.49983376264572144,0.17965403199195862,0.28250062465667725,-0.27612799406051636,0.019966334104537964,0.23428888618946075,0.09604538232088089,-0.6625850200653076,0.07079605013132095,0.34432488679885864,0.023034030571579933,-0.09821061044931412,-0.04549422115087509,-0.41991353034973145,-0.30067455768585205,-0.027085119858384132,0.10419364273548126,0.056983329355716705,-0.2940938174724579,-0.0808812603354454,0.060146450996398926,0.3417421281337738,0.10752391815185547,0.04883922263979912,0.203241229057312,0.11377765983343124,0.35774168372154236,0.14926788210868835,-0.10494788736104965,0.15964564681053162,-0.24089093506336212,-0.09968597441911697,0.005375651177018881,0.4391449987888336,-0.06145327538251877,0.0036572504322975874,-0.07386849820613861,0.03762979432940483,0.6980881094932556,0.11096671968698502,0.26542195677757263,0.4746919572353363,0.1715763956308365,0.2450534850358963,0.08529732376337051,-0.14677564799785614,0.31946465373039246,0.03413812816143036,-0.06744946539402008,-0.39251986145973206,-0.4239179491996765,0.03041316196322441,0.4236879348754883,0.13701550662517548,-0.06332395225763321,0.3263481855392456,0.02304324135184288,0.006451904773712158,-0.4657946228981018,0.3822072148323059,-0.06492801010608673,-0.15735270082950592,0.10395578294992447,-0.013195154257118702,0.022528260946273804,0.4047917425632477,0.12632779777050018,0.24452872574329376,-0.10147859901189804,-0.18986661732196808,0.46307340264320374,-0.09786643087863922,-0.23862572014331818,-0.2231127768754959,0.07417292147874832,-0.503074049949646,0.24174490571022034,0.1958433985710144,0.0799618810415268,0.047794587910175323,0.06442154943943024,-0.1882518231868744,0.1229439377784729,0.26494574546813965,-0.42639827728271484,0.08226631581783295,0.19528743624687195,0.21668751537799835,0.16350825130939484,-0.04634251445531845,0.019579049199819565,-0.36521783471107483,0.04962964728474617,-0.031138505786657333,0.011554673314094543,-0.3786196708679199,0.4817156195640564,-0.09570465981960297,-0.0262767281383276,-0.08362890779972076,-0.1579209864139557,-0.10870156437158585,0.4648672640323639,0.22065763175487518,-0.1525169312953949,0.23381587862968445,0.024200405925512314,-0.5204446911811829,-0.2464054524898529,0.23988716304302216,0.07367055118083954,-0.010073265060782433,0.3494674563407898,0.037591349333524704,0.2235463559627533,-0.13356652855873108,-0.13334840536117554,0.07966150343418121,-0.0019115060567855835,-0.38978007435798645,-0.09730512648820877,-0.35264357924461365,0.13988003134727478,-0.16933701932430267,-0.27856379747390747,0.23889252543449402,-0.012704896740615368,0.595100998878479,0.4346654415130615,0.08612389862537384,0.3659519851207733,0.45381706953048706,0.036223094910383224,-0.12238583713769913,0.12246213853359222,0.12803910672664642,0.036887750029563904,-0.2514689564704895,-0.009134084917604923,-0.011654878966510296,-0.09484554827213287,-0.3541408181190491,-0.29276198148727417,-0.03991665691137314,-0.15070226788520813,-0.383893758058548,-0.21014559268951416,0.08444173634052277,0.005980757065117359,0.21505923569202423,0.32272690534591675,0.11281086504459381,0.20811033248901367,-0.02360493876039982,0.25303322076797485,-0.39338961243629456,0.07436175644397736,-0.20618030428886414,0.12091274559497833,-0.4660654664039612,0.04567629471421242,0.07901798188686371,0.03152616322040558,0.09638819098472595,0.05795411020517349,0.0576215498149395,-0.564656138420105,-0.275017112493515,0.3572002649307251,0.024739861488342285,-0.1284315288066864,-0.1732802838087082,-0.12247977405786514,0.04701324924826622
CID000003883,17,-0.06965158879756927,0.04517712444067001,-0.09153777360916138,0.24865689873695374,-0.3437877297401428,0.128370463848114,0.22051815688610077,0.2854163646697998,-0.060264814645051956,0.3079168200492859,0.340595543384552,0.18440017104148865,0.10245184600353241,0.14413228631019592,-0.20317867398262024,-0.22342100739479065,-0.13968099653720856,0.04330756515264511,0.2811921536922455,-0.3457173705101013,0.02289898879826069,-0.21774721145629883,0.062416922301054,-0.7631147503852844,0.10649273544549942,0.23511429131031036,-0.1439601331949234,0.11757667362689972,-0.01746528223156929,0.14111551642417908,0.004375617019832134,0.30279985070228577,-0.13292555510997772,0.02940616011619568,-0.07375012338161469,-0.10399949550628662,0.24990877509117126,0.046070605516433716,0.2858034372329712,-0.3870416283607483,-0.10268322378396988,-0.38598042726516724,0.31134551763534546,-0.3114108741283417,-0.16932560503482819,0.38770735263824463,0.018740970641374588,0.020806120708584785,0.32066792249679565,-0.09735029935836792,0.07816307246685028,0.1423250138759613,-0.29558777809143066,-0.03499118238687515,0.1751323789358139,-0.11383400857448578,-0.04342448711395264,0.18320901691913605,0.00196651229634881,0.002019360661506653,-0.3060896396636963,-0.347637414932251,-0.09770692884922028,-0.02241409383714199,0.3876585364341736,0.40032559633255005,-0.18492835760116577,-0.11655272543430328,0.18472328782081604,0.09329445660114288,0.15405046939849854,0.18185880780220032,-0.33282777667045593,-0.41173872351646423,-0.33748775720596313,-0.10825177282094955,-0.18616947531700134,0.25189411640167236,-0.0924086719751358,-0.09551478922367096,-0.11564096063375473,-0.353242963552475,-0.35170596837997437,0.08063845336437225,0.013377492316067219,-0.09125400334596634,0.0681823268532753,0.2716984450817108,-0.07338827848434448,-0.5413505434989929,-0.10928797721862793,0.31594353914260864,0.05395122244954109,-0.07161425054073334,-0.17760436236858368,-0.3221142888069153,-0.11271154880523682,0.024743784219026566,-0.09688179939985275,-0.021142730489373207,-0.2878723740577698,0.008797350339591503,-0.1265237182378769,0.2949678301811218,0.30526530742645264,0.07106056064367294,-0.0755193829536438,0.2115795612335205,0.37307626008987427,-0.18501102924346924,-0.13561901450157166,0.2093641459941864,-0.24743108451366425,0.05551302433013916,0.08968278020620346,0.30165567994117737,-0.0781615823507309,0.04048188403248787,-0.10591000318527222,0.26195159554481506,0.48430925607681274,-0.09573264420032501,0.25741395354270935,0.3906932771205902,0.04746061936020851,0.22439678013324738,0.05420166999101639,0.13914883136749268,0.386667937040329,-0.015050351619720459,-0.06570924818515778,-0.30010277032852173,-0.3063829839229584,0.1618175059556961,0.30273598432540894,-0.1886717826128006,-0.13089972734451294,0.20454061031341553,-0.3477396070957184,-0.19525061547756195,-0.43052372336387634,0.11725722253322601,0.07131250202655792,-0.2596575915813446,0.03314362093806267,0.3484901785850525,-0.265882283449173,0.2289566695690155,0.13354530930519104,0.216946080327034,0.12808816134929657,-0.06555930525064468,-0.16739486157894135,0.0694679245352745,-0.2912845015525818,0.07080493867397308,-0.14109405875205994,-0.051881588995456696,0.01961682364344597,0.4078567624092102,0.0769539624452591,0.08793947100639343,-0.0892486572265625,0.08015193045139313,-0.18509416282176971,-0.05307751148939133,-0.17924907803535461,0.14481648802757263,-0.2265821248292923,0.26285967230796814,0.11030958592891693,-0.2527218163013458,-0.2509315013885498,-0.330156147480011,0.014359342865645885,-0.06354717165231705,0.31471824645996094,-0.3350010812282562,0.2196592092514038,-0.1863747537136078,0.21167854964733124,-0.003464996814727783,-0.14680618047714233,-0.17319539189338684,0.057235658168792725,0.2877924144268036,-0.08758026361465454,-0.06505896896123886,-0.15659567713737488,-0.4527145028114319,0.08752630650997162,0.06870932877063751,0.20710261166095734,0.1853325515985489,0.11546935886144638,-0.14625391364097595,0.11715862900018692,-0.042015016078948975,-0.010948091745376587,-0.06883136928081512,0.1983519047498703,-0.38518714904785156,-0.19766715168952942,-0.37697458267211914,0.2058062106370926,-0.24119596183300018,-0.16439256072044373,0.09200547635555267,-0.004377573728561401,0.38564813137054443,0.38654375076293945,0.10492907464504242,0.5502809286117554,0.1900779753923416,0.35303327441215515,-0.246346116065979,-0.15250948071479797,0.06760046631097794,0.029455363750457764,-0.24026231467723846,-0.06864728033542633,-0.01602194644510746,-0.20689257979393005,-0.25829073786735535,-0.0351942777633667,-0.025545412674546242,0.046159230172634125,-0.3514792323112488,-0.17271840572357178,-0.1383458822965622,0.014882907271385193,-0.20259754359722137,0.26875564455986023,-0.013238906860351562,-0.12904861569404602,-0.16347365081310272,0.19086194038391113,-0.34628862142562866,0.01918065920472145,-0.1583801954984665,0.21874737739562988,-0.323407918214798,0.08890537917613983,0.22974693775177002,-0.08797071129083633,-0.048658110201358795,0.17139101028442383,-0.03228487819433212,-0.4086824059486389,-0.03893239423632622,0.268017441034317,-0.2743963897228241,-0.05515490844845772,-0.2482418566942215,0.19772270321846008,0.03162998706102371
CID000004885,18,0.06654288619756699,-0.10664071887731552,0.09206493198871613,0.439287006855011,-0.6062687039375305,0.0512303002178669,0.3219015896320343,0.18797382712364197,0.15551242232322693,0.3766464591026306,0.07994004338979721,-0.06321404874324799,-0.10137524455785751,0.039841994643211365,-0.23226341605186462,-0.14430925250053406,-0.05774165317416191,0.02998271957039833,-0.008629977703094482,-0.49714621901512146,0.010196397081017494,-0.21686451137065887,0.19113720953464508,-0.8334366679191589,0.3332456946372986,0.10321412235498428,-0.012948918156325817,-0.03604632988572121,0.07140488922595978,0.08658549934625626,0.1729365438222885,0.1744461953639984,0.10953809320926666,-0.015175160951912403,-0.00407660286873579,-0.005347263999283314,0.08429167419672012,0.122850701212883,0.3214440941810608,-0.10710600763559341,0.09806418418884277,-0.19749128818511963,0.24298711121082306,-0.26140785217285156,-0.17294231057167053,0.3415408730506897,0.019342193379998207,-0.08017788082361221,0.15024331212043762,-0.02688354253768921,0.27511757612228394,0.16757023334503174,-0.27416178584098816,-0.0727943703532219,0.05441603064537048,-0.05872523784637451,0.18139363825321198,0.15858492255210876,0.07189935445785522,-0.0007850647089071572,-0.1384105384349823,-0.2731431722640991,0.20944206416606903,-0.06104080006480217,0.12120159715414047,0.28893357515335083,-0.298993319272995,-0.1738796830177307,0.1883813887834549,0.2627933621406555,-0.08076201379299164,-0.04281479865312576,-0.42209672927856445,-0.3300887942314148,-0.19636455178260803,-0.03311370685696602,-0.12735040485858917,0.10449083149433136,-0.026484817266464233,-0.11779908835887909,0.09377990663051605,-0.6308618783950806,-0.2718246579170227,0.08078913390636444,0.18200968205928802,-0.07724602520465851,0.08350206166505814,0.17428195476531982,-0.21282188594341278,-0.6373375654220581,-0.18754155933856964,0.06794549524784088,0.0017592295771464705,0.028545040637254715,0.14788290858268738,-0.19491612911224365,-0.10425561666488647,-0.024300266057252884,-0.07245435565710068,-0.014208517968654633,-0.18563809990882874,0.1347856968641281,0.040990762412548065,0.3618866801261902,0.012749815359711647,0.012265389785170555,-0.043659817427396774,0.2125530242919922,0.4910292625427246,-0.1972741335630417,-0.14097991585731506,0.13695284724235535,-0.09894970804452896,-0.10489749908447266,0.11085209995508194,0.24283814430236816,0.06361737847328186,-0.07809457927942276,-0.03760809451341629,0.17620733380317688,0.6966205835342407,-0.14036314189434052,0.2508062720298767,0.17918166518211365,-0.017622169107198715,0.23012128472328186,0.013930238783359528,-0.08697398751974106,0.22240395843982697,0.043347250670194626,0.19373980164527893,-0.5890661478042603,-0.5391325950622559,-0.007108735851943493,0.21977441012859344,0.12141577154397964,0.03504674509167671,0.39086848497390747,-0.015595090575516224,-0.2626705765724182,-0.10850522667169571,0.10260065644979477,0.04086752608418465,-0.017015334218740463,-0.042321570217609406,0.05621349811553955,-0.025438178330659866,0.31946590542793274,0.06315191090106964,0.10745580494403839,0.20917776226997375,-0.3362789750099182,-0.24985834956169128,0.16667339205741882,-0.2472313642501831,-0.16214659810066223,-0.0407300665974617,-0.08263561874628067,-0.15687249600887299,0.11888627707958221,-0.21926820278167725,0.1075509786605835,0.03644832596182823,0.2113787680864334,-0.10556886345148087,-0.08023431152105331,-0.2142990380525589,0.11201789230108261,-0.005873969290405512,0.16610866785049438,0.11410902440547943,-0.000309997791191563,-0.18010497093200684,-0.08935046941041946,0.026922862976789474,0.0015595860313624144,0.15031424164772034,-0.2329888790845871,0.3392222225666046,-0.016607781872153282,0.06089725345373154,0.035129137337207794,-0.03001759573817253,-0.21207475662231445,0.07605376094579697,0.148697629570961,-0.0709107518196106,0.01808628998696804,0.025377344340085983,-0.2637576162815094,-0.23174495995044708,-0.0017932385671883821,0.18295368552207947,-0.07842423021793365,0.15691502392292023,-0.21517086029052734,0.07024987041950226,-0.14486098289489746,0.2512499690055847,-0.018091673031449318,0.00831745844334364,-0.39393100142478943,-0.10908625274896622,-0.2642524838447571,0.18460550904273987,-0.15733805298805237,-0.15618327260017395,0.15716281533241272,-0.08804626762866974,0.3768185079097748,0.23137405514717102,0.1459510624408722,0.23259428143501282,0.24865272641181946,0.07829238474369049,-0.0021609694231301546,-0.23167797923088074,0.24479302763938904,0.10872521251440048,-0.1162041649222374,0.057819150388240814,-0.14694038033485413,0.10036849975585938,-0.12986233830451965,-0.045970045030117035,-0.16948483884334564,0.08748921006917953,-0.03399207070469856,0.03384830430150032,-0.004539409186691046,-0.059570569545030594,-0.0325162298977375,0.14590054750442505,0.03894722834229469,-0.0479542501270771,-0.04427824169397354,0.3827403485774994,-0.4258059561252594,-0.04940085858106613,-0.09669703990221024,0.1918574869632721,-0.4570996165275574,0.08652288466691971,0.2236694097518921,0.043745603412389755,-0.046889275312423706,0.023967469111084938,-0.04862428456544876,-0.7105613350868225,-0.1376132071018219,0.17166510224342346,-0.31572046875953674,0.06299280375242233,-0.37574976682662964,0.07110758125782013,-0.013825947418808937
CID000003961,19,-0.0033901154529303312,0.14771577715873718,-0.007264739368110895,0.266539603471756,-0.2802002429962158,0.037384919822216034,0.21316811442375183,0.18833573162555695,-0.06511300057172775,0.1920907199382782,-0.0011135995155200362,0.10056021064519882,0.0037800297141075134,0.16804668307304382,-0.19653035700321198,-0.10216061025857925,-0.1697344332933426,-0.1528089940547943,0.031788866966962814,-0.4176040589809418,0.053285252302885056,-0.28048044443130493,0.00520208477973938,-0.8090289235115051,-0.06654323637485504,0.1551940143108368,-0.25656840205192566,-0.12731099128723145,-0.05215173214673996,0.04373273625969887,-0.0414322130382061,0.2392570674419403,-0.16173496842384338,0.23402051627635956,0.06027297303080559,0.06292645633220673,-0.03793274611234665,0.13805851340293884,0.1597190946340561,-0.09353269636631012,-0.05781666189432144,-0.29913076758384705,-0.019037222489714622,-0.338949978351593,-0.1466580331325531,0.43887394666671753,0.0871918648481369,-0.013299033045768738,0.07270224392414093,-0.06715528666973114,0.19450943171977997,0.007073915097862482,-0.39779967069625854,-0.03642040491104126,0.18882842361927032,-0.16132000088691711,-0.24281635880470276,0.1352081149816513,-0.10038832575082779,-0.1378040462732315,-0.0996062308549881,-0.22952918708324432,-0.12354302406311035,-0.08890999853610992,0.3728146553039551,0.3385984003543854,-0.1792941391468048,-0.12778714299201965,0.26270008087158203,0.28965359926223755,0.20632758736610413,0.02281859517097473,-0.3057255148887634,-0.17488370835781097,-0.23556728661060333,-0.027006035670638084,0.28779953718185425,0.2963525950908661,-0.06974495947360992,-0.06725470721721649,0.09914343059062958,-0.38076895475387573,-0.2437717616558075,-0.25002190470695496,0.08707842975854874,-0.13570109009742737,0.29315078258514404,0.06080516427755356,0.15390200912952423,-0.5994248390197754,-0.09413253515958786,0.3660520911216736,-0.04258741810917854,0.0359484888613224,-0.09032133966684341,-0.31995493173599243,-0.09826481342315674,0.10415258258581161,0.03426407650113106,0.14172758162021637,-0.21032702922821045,-0.030924836173653603,-0.02446921542286873,0.21742220222949982,0.21943840384483337,0.09958191215991974,0.08116175979375839,0.23079974949359894,0.4283963143825531,-0.11469636857509613,-0.0243182685226202,0.2321232110261917,-0.2103034257888794,0.0673045665025711,-0.06144137308001518,0.26456111669540405,-0.014296086505055428,-0.0837036594748497,-0.23414278030395508,0.09741008281707764,0.48535066843032837,-0.06477092206478119,0.33459821343421936,0.35365164279937744,0.021109795197844505,0.16154125332832336,0.04036258906126022,-0.009784102439880371,0.277007520198822,-0.1912728250026703,0.011973458342254162,-0.41710910201072693,-0.32232916355133057,0.07494344562292099,0.13589788973331451,-0.003172582481056452,-0.09356377273797989,0.005442959256470203,-0.09186214208602905,-0.24259641766548157,-0.08667260408401489,0.1543508768081665,0.10680689662694931,-0.15542709827423096,-0.034819524735212326,0.3093339800834656,-0.14045566320419312,0.3089376986026764,0.06704723089933395,0.32543715834617615,0.13326597213745117,-0.1766435205936432,-0.20586971938610077,0.2466808259487152,-0.34577131271362305,-0.19842088222503662,0.04635494202375412,-0.19386056065559387,-0.026447486132383347,0.3294498324394226,0.18526451289653778,-0.1543535590171814,-0.04803204536437988,0.11059806495904922,0.010905710980296135,0.056100040674209595,-0.2358422726392746,0.11517272144556046,-0.09254179894924164,0.2897728979587555,-0.07193376868963242,-0.23528626561164856,-0.2495608776807785,-0.3788962960243225,0.058488618582487106,-0.19283895194530487,0.16095276176929474,-0.229418084025383,0.36888059973716736,-0.024064024910330772,0.0275898315012455,0.08364441990852356,-0.26610860228538513,-0.11196531355381012,0.3555849492549896,0.18659479916095734,-0.27870315313339233,-0.06845541298389435,-0.0062409089878201485,-0.2718585133552551,-0.036873843520879745,0.04986691474914551,0.18003013730049133,0.08874872326850891,0.13435116410255432,-0.14083965122699738,0.22528067231178284,-0.2836478650569916,-0.021307775750756264,0.053433727473020554,0.1510738581418991,-0.18197527527809143,-0.04004722088575363,-0.5257771015167236,-0.22185258567333221,-0.34109604358673096,-0.02731235884130001,-0.024882091209292412,-0.07035520672798157,0.442971795797348,0.3815574049949646,-0.25460681319236755,0.2809200882911682,0.20378383994102478,0.07974916696548462,-0.09181948006153107,0.09989826381206512,0.04868103191256523,-0.009426581673324108,-0.29768815636634827,-0.04748770222067833,-0.14637669920921326,-0.1264876127243042,-0.27234745025634766,0.04862527176737785,0.08352984488010406,-0.13316668570041656,-0.04488610476255417,-0.07420937716960907,-0.15918776392936707,-0.07691551744937897,0.09001985192298889,0.2650187611579895,0.09137959778308868,-0.11819614470005035,-0.07970760762691498,0.2488769292831421,-0.2694418430328369,0.01524534821510315,-0.19663995504379272,0.27410563826560974,-0.4223538935184479,0.04147448390722275,0.17014655470848083,-0.1612018346786499,0.0043465616181492805,0.20438675582408905,0.09684142470359802,-0.5341178178787231,-0.2240307629108429,0.244760200381279,-0.20351877808570862,0.07455679029226303,-0.2815461754798889,0.21044757962226868,0.11377372592687607
CID000060835,20,0.13045461475849152,0.2713281512260437,0.03670727089047432,0.2772279679775238,-0.3646125793457031,0.1533377319574356,0.10301675647497177,0.0940062403678894,0.22449950873851776,0.2037157565355301,0.2242012917995453,0.10506804287433624,-0.012063774280250072,0.09163298457860947,-0.289456307888031,-0.14659559726715088,-0.1094585433602333,-0.2765600085258484,0.19464845955371857,-0.4090043604373932,0.006033787038177252,-0.20943789184093475,-0.09200020134449005,-0.9064841270446777,-0.25547870993614197,0.07378320395946503,-0.22503523528575897,0.044232744723558426,0.02950323186814785,0.1975637525320053,-0.2101607322692871,0.3158610463142395,0.001183581305667758,-0.20159979164600372,-0.07567640393972397,0.08969881385564804,0.06407590210437775,-0.06870931386947632,0.18797743320465088,-0.2209574282169342,0.045925937592983246,-0.28385260701179504,0.10458366572856903,-0.28388404846191406,-0.1970272958278656,0.562667965888977,-0.09903395920991898,0.005372248589992523,0.028272468596696854,0.054060447961091995,0.3151799440383911,-0.0714799016714096,-0.3825804591178894,0.0574413426220417,0.16915065050125122,-0.1616218537092209,-0.1285991370677948,0.06907330453395844,-0.0334586426615715,0.08037719130516052,-0.11625882238149643,-0.22010000050067902,-0.11457295715808868,-0.11800654232501984,0.28174877166748047,0.5185525417327881,-0.047151293605566025,0.05983542278409004,0.15395593643188477,0.2504535913467407,0.13007155060768127,0.0020926594734191895,-0.26846233010292053,-0.26547756791114807,-0.2424604445695877,0.1975681632757187,-0.1032879501581192,0.19792141020298004,-0.07368969917297363,0.028172913938760757,0.12563247978687286,-0.3656976819038391,-0.23551061749458313,-0.3798075020313263,0.19549345970153809,-0.3776889443397522,0.21027174592018127,0.07386751472949982,0.22976544499397278,-0.697503924369812,0.1536100208759308,0.4229423403739929,0.03858288377523422,0.0568375363945961,0.16248729825019836,-0.2515062987804413,-0.2264866828918457,-0.0786622166633606,-0.108812116086483,0.0573931522667408,-0.2803648114204407,-0.05135254189372063,-0.07032521069049835,0.27903425693511963,0.1472456306219101,0.11101631820201874,0.3037777543067932,-0.03518596664071083,0.49178069829940796,-0.051130592823028564,-0.055961232632398605,0.13093334436416626,-0.2971625030040741,0.04950255900621414,-0.28488820791244507,0.17621305584907532,0.06952867656946182,-0.08107469975948334,-0.2272936999797821,0.16506357491016388,0.5103878378868103,-0.12197618186473846,0.3020661473274231,0.16303637623786926,0.1473962366580963,-0.008237449452280998,-0.007223352789878845,0.08127101510763168,0.2553371787071228,-0.23974263668060303,0.00016305148892570287,-0.35900259017944336,-0.26486703753471375,0.0720161497592926,0.22632043063640594,0.20476624369621277,0.07695625722408295,0.19212430715560913,-0.31010788679122925,-0.268801748752594,-0.17193426191806793,0.02427559532225132,0.18057575821876526,-0.21683534979820251,0.1309601068496704,0.11548975855112076,-0.16143439710140228,0.275143563747406,0.09355489909648895,0.19084036350250244,0.11255870759487152,-0.1639154702425003,0.16600900888442993,0.1155773401260376,-0.29483428597450256,-0.012933323159813881,-0.013036948628723621,-0.21178705990314484,0.032508544623851776,0.40863102674484253,-0.01612032577395439,0.2367464303970337,-0.03722267597913742,0.09994784742593765,-0.10919292271137238,-0.11132138967514038,-0.38670220971107483,-0.16201534867286682,-0.1474248170852661,0.23951712250709534,0.02801916003227234,-0.30478277802467346,-0.2861272692680359,-0.5425393581390381,-0.040932051837444305,-0.10147710889577866,0.06378257274627686,-0.20410223305225372,0.39020290970802307,-0.030912738293409348,0.05792214721441269,0.10725174844264984,-0.30738431215286255,-0.14922697842121124,0.264055460691452,0.20001617074012756,-0.33796948194503784,-0.04114966839551926,0.0070849834010005,-0.3614746630191803,-0.0529838427901268,0.09507904946804047,0.15852776169776917,0.14367476105690002,-0.09118188172578812,-0.06816728413105011,0.16795918345451355,-0.2790984511375427,-0.07347003370523453,-0.010010254569351673,0.11979969590902328,-0.2950298488140106,0.06616470962762833,-0.4034993052482605,0.12811443209648132,-0.3163459599018097,0.04284314438700676,-0.02860734425485134,-0.0355682298541069,0.5047377347946167,0.2691650092601776,-0.3783780336380005,0.2808712422847748,0.23881113529205322,0.05875406414270401,-0.06342655420303345,0.2602634131908417,0.08149105310440063,0.11413981020450592,-0.23478031158447266,-0.10690442472696304,-0.09710638970136642,0.07573667168617249,-0.2820850610733032,-0.21882383525371552,-0.1585293859243393,0.12566600739955902,-0.11866836249828339,-0.3667869567871094,-0.2557472586631775,-0.01225959975272417,-0.04012259095907211,0.2020675390958786,0.05223890393972397,0.19474105536937714,0.0034374475944787264,0.27028506994247437,-0.18896543979644775,0.17132383584976196,-0.24358467757701874,0.18031254410743713,-0.4423578381538391,-0.1688421368598938,0.09922905266284943,-0.12210211902856827,0.14124935865402222,0.11104607582092285,-0.07103045284748077,-0.42524632811546326,-0.16927476227283478,0.22345945239067078,-0.009619790129363537,-0.09890302270650864,-0.08125131577253342,0.12860074639320374,0.08058515936136246
CID000002622,21,0.6827604174613953,-0.005907636135816574,0.04192221164703369,0.31495222449302673,-0.5168644189834595,0.22240552306175232,0.16765539348125458,0.25091734528541565,0.03819398954510689,0.6005955934524536,0.09552378207445145,-0.16888529062271118,0.004299643449485302,0.3272283673286438,0.0404423251748085,0.14298705756664276,0.011328917928040028,-0.3014610707759857,0.2698781192302704,-0.3940688967704773,0.19096486270427704,-0.11983834207057953,0.01731375977396965,-0.9374731779098511,0.08260475099086761,-0.06150032952427864,-0.4362744688987732,-0.15487167239189148,0.2019563913345337,0.4013573229312897,0.14932510256767273,0.3188597559928894,0.2186974585056305,0.24799755215644836,0.2403157502412796,-0.0030083595775067806,0.08129406720399857,0.35482385754585266,0.11558468639850616,0.2890682518482208,-0.1323058158159256,0.09410577267408371,0.253396213054657,-0.17897997796535492,-0.1411663442850113,0.21145784854888916,0.08569638431072235,-0.09087129682302475,0.05631453916430473,0.9645631909370422,0.6089168190956116,0.18280111253261566,0.12250123918056488,-0.14711140096187592,-0.014673302881419659,-0.0049349842593073845,0.4846964478492737,0.13796012103557587,0.5374599099159241,0.010145213454961777,-0.10470159351825714,-0.3954354226589203,-0.03274037688970566,-0.33802634477615356,0.03756455332040787,0.7529343962669373,0.14925192296504974,-0.06524071097373962,0.35568296909332275,0.018818680197000504,0.09341874718666077,0.03639157488942146,-0.2569742798805237,-0.6086298227310181,0.05345658212900162,0.5553222298622131,0.04525980353355408,-0.32064157724380493,-0.19416220486164093,0.003325915429741144,-0.07372032105922699,-0.40459948778152466,-0.4445313811302185,-0.167412668466568,-0.006544098258018494,-0.35718920826911926,0.27508100867271423,0.008448141627013683,-0.17420236766338348,-0.9322437047958374,-0.0286541935056448,0.6564372777938843,-0.07561688125133514,0.2543712556362152,0.106745146214962,-0.5303013920783997,-0.10293638706207275,-0.013865423388779163,0.04436953365802765,0.39507412910461426,0.1544189751148224,0.2506231665611267,0.13841311633586884,0.1757335364818573,-0.6048120260238647,0.01826445944607258,0.1448836773633957,-0.05761318653821945,0.2889007329940796,-0.09494945406913757,-0.11189763247966766,0.4436543881893158,-0.027257364243268967,-0.33373090624809265,-0.06688718497753143,0.17358717322349548,-0.5106619596481323,-0.05763861536979675,0.0469869002699852,-0.32825908064842224,0.826697051525116,-0.3667110204696655,-0.1000412255525589,0.2158486545085907,-0.16160069406032562,0.29739198088645935,0.0372360423207283,-0.10993661731481552,-0.0352422297000885,0.023059546947479248,-0.07901185750961304,-0.7545584440231323,-0.5427597761154175,0.45520010590553284,0.35922127962112427,0.07282231748104095,0.08549515902996063,0.3045371174812317,0.07637448608875275,-0.29364219307899475,-0.28644314408302307,0.4147856831550598,0.010661902837455273,0.1475270688533783,-0.016947399824857712,0.0741252452135086,-0.40916603803634644,0.8473483324050903,-0.06972189992666245,0.14244559407234192,0.05835304409265518,-0.6120176315307617,-0.11638204008340836,0.14077147841453552,-0.48342713713645935,-0.2528725266456604,-0.011725768446922302,-0.39326050877571106,-0.03990902379155159,0.30488961935043335,-0.01696784421801567,-0.08457352221012115,0.0024363368283957243,-0.12663093209266663,-0.323655903339386,0.12417064607143402,0.08515635132789612,0.3191661536693573,-0.29746487736701965,0.07579134404659271,0.2848418056964874,-0.1149776354432106,-0.1835746467113495,-0.11253458261489868,-0.009148183278739452,0.04807247593998909,-0.14733418822288513,0.14533285796642303,0.7813109159469604,-0.17643031477928162,-0.19139909744262695,-0.1715174913406372,-0.07151114195585251,-0.08938722312450409,-0.0012425839668139815,0.09248530864715576,-0.21523162722587585,-0.014948670752346516,0.11076637357473373,-0.44142216444015503,-0.18291229009628296,0.2465401589870453,0.1376083791255951,-0.09283246099948883,0.0063573806546628475,-0.1598345935344696,0.444257915019989,-0.09391327202320099,0.021633872762322426,-0.13722656667232513,-0.17728988826274872,-0.35679301619529724,1.2497975826263428,-0.6650422215461731,-0.11330962181091309,0.24171097576618195,-0.14618715643882751,-0.09370390325784683,0.700973629951477,0.46238118410110474,0.4889488220214844,0.20229843258857727,-0.11391761153936386,0.39361491799354553,-0.07505936920642853,-0.2972286641597748,-0.016869449988007545,0.22726599872112274,-0.33349230885505676,-0.25988560914993286,0.031941577792167664,-0.30099982023239136,0.222036212682724,-0.45167040824890137,-0.2851245403289795,-0.028756016865372658,0.05597584694623947,-0.005325145088136196,0.031065136194229126,0.09093614667654037,-0.023266810923814774,0.25202232599258423,-0.3905693292617798,0.28984689712524414,0.03785618022084236,0.08589130640029907,1.0106830596923828,-0.6472548842430115,-0.08782865852117538,-0.44255509972572327,0.0882931500673294,-0.6184188723564148,-0.15548227727413177,0.13779467344284058,-0.4738858640193939,0.13911959528923035,0.1609998643398285,0.38878118991851807,-0.7237471342086792,-0.10422639548778534,0.0011999249691143632,-0.314752995967865,0.1953202188014984,-0.22382426261901855,0.19887124001979828,0.09069104492664337
CID000004609,22,0.14227917790412903,0.12827034294605255,0.1633056104183197,0.3575902581214905,-0.32681983709335327,0.033829446882009506,0.11078838258981705,0.40460333228111267,0.13097146153450012,0.035227999091148376,-0.05753304809331894,-0.08661838620901108,-0.27259010076522827,0.3132650852203369,-0.1292574107646942,0.05087325721979141,-0.07726375013589859,0.0813460499048233,-0.012089809402823448,-0.4375208020210266,0.1098523885011673,0.06726475805044174,0.06158550828695297,-0.6730870008468628,-0.04434366151690483,0.17927291989326477,-0.18861012160778046,-0.2977268695831299,-0.16825821995735168,0.16620637476444244,0.008086157031357288,0.39939072728157043,-0.212615966796875,0.07945974171161652,0.05566852167248726,-0.2116592675447464,0.025998864322900772,0.25681930780410767,0.12213526666164398,-0.00453455513343215,-0.14181923866271973,-0.10878650844097137,-0.05820956826210022,-0.20290601253509521,0.09097917377948761,0.2783537805080414,0.09955710172653198,-0.003296604845672846,0.005130067467689514,0.1247083768248558,0.48261818289756775,0.16078133881092072,-0.0665760412812233,0.22893090546131134,0.34806209802627563,-0.14956782758235931,-0.03746228665113449,-0.019020676612854004,0.2540810704231262,0.05303976684808731,-0.3683750033378601,-0.3415372967720032,-0.07823935896158218,-0.13830778002738953,0.13604874908924103,0.563578724861145,-0.23402385413646698,-0.07536158710718155,0.26505357027053833,0.12779615819454193,-0.030968744307756424,-0.33532479405403137,-0.45614704489707947,-0.3265494704246521,-0.3431263566017151,0.13879252970218658,0.2515426576137543,0.14295193552970886,-0.06745213270187378,0.19737404584884644,0.35794296860694885,-0.701759934425354,-0.4195879101753235,0.18603667616844177,0.051116786897182465,-0.4163941740989685,0.21515710651874542,0.3858824074268341,-0.4058549404144287,-0.7836440205574036,-0.16643108427524567,0.10237183421850204,-0.15686507523059845,0.20216107368469238,-0.0620608814060688,-0.2904760241508484,-0.0712733119726181,-0.14234881103038788,0.3532854914665222,0.23664546012878418,-0.12031479179859161,0.25923648476600647,-0.0588366761803627,0.21977457404136658,0.08368390798568726,0.06163213774561882,-0.4334920346736908,-0.3704265058040619,0.36845308542251587,0.12679685652256012,0.077766552567482,0.18765491247177124,-0.06807059049606323,0.07536748051643372,0.22745442390441895,0.1685466170310974,-0.01260028500109911,-0.14717260003089905,-0.15327194333076477,0.23091821372509003,0.5513573288917542,-0.12597961723804474,0.35197484493255615,0.1326923966407776,-0.36776432394981384,0.2780452370643616,-0.005003123078495264,0.08101634681224823,0.298369437456131,0.04757045954465866,0.22230640053749084,-0.45333853363990784,-0.3094232678413391,0.12924915552139282,0.4176858067512512,-0.036679454147815704,0.017768491059541702,0.5104450583457947,-0.1467067003250122,-0.41913628578186035,-0.4178154468536377,0.24256959557533264,0.26479795575141907,-0.19846689701080322,-0.04544032737612724,0.16904282569885254,0.008130451664328575,0.46563929319381714,-0.011624550446867943,0.07115045934915543,0.1365589052438736,-0.06794601678848267,0.19189682602882385,0.11054911464452744,-0.18437454104423523,-0.24183359742164612,0.07652942836284637,-0.2118157148361206,-0.04026670381426811,0.29783815145492554,0.14288358390331268,-0.023402705788612366,0.10693556070327759,-0.1777072697877884,0.1210290789604187,-0.15800410509109497,-0.24633367359638214,0.023958656936883926,0.021052416414022446,0.17907895147800446,0.1326383650302887,-0.4221189022064209,-0.09549695998430252,-0.3015584349632263,0.12969663739204407,-0.1558714509010315,-0.036405399441719055,-0.29694664478302,0.6075130701065063,-0.12152783572673798,0.013106430880725384,0.3628222346305847,-0.37097516655921936,-0.20209696888923645,0.537020742893219,0.12856270372867584,-0.3843352198600769,-0.08537019044160843,0.09250324219465256,-0.2999435067176819,0.033007167279720306,0.114155612885952,0.48321977257728577,0.10546302795410156,0.09174654632806778,-0.23144742846488953,0.2721632421016693,-0.12850774824619293,0.2724398076534271,0.16503790020942688,0.1709814965724945,-0.2931743264198303,-0.07698160409927368,-0.14347600936889648,-0.12858900427818298,-0.04565074294805527,0.020007038488984108,-0.06517764180898666,0.3100883662700653,0.4528951048851013,0.4018276333808899,0.2938914895057678,0.3598155975341797,0.13891443610191345,0.2263854295015335,-0.28786835074424744,-0.13459354639053345,0.10933218151330948,-0.12340216338634491,0.1488676369190216,-0.03446214273571968,-0.23094484210014343,-0.03714756667613983,-0.4337153434753418,-0.19653698801994324,-0.1329483985900879,-0.4014457166194916,-0.44298234581947327,-0.2185862809419632,0.13462872803211212,-0.06462584435939789,0.19351235032081604,0.22585876286029816,0.10408296436071396,-0.21579976379871368,0.46541348099708557,0.3687296509742737,-0.5095095634460449,-0.00010223388380836695,-0.17862355709075928,0.08080600202083588,-0.5413445830345154,0.27889707684516907,0.4167235493659973,0.1028604730963707,0.226771742105484,0.16268104314804077,-0.015685947611927986,-0.5236261487007141,-0.3427658677101135,0.2916671931743622,-0.28046470880508423,0.27754369378089905,-0.25897055864334106,0.08958297967910767,-0.08066456019878387
CID003468412,23,0.13660289347171783,-0.07547862827777863,0.14535680413246155,0.40457239747047424,-0.6240367889404297,0.10543812811374664,0.26323485374450684,0.14507710933685303,0.16563978791236877,0.4373242259025574,0.06747362017631531,-0.27954643964767456,-0.13832415640354156,0.4917684495449066,-0.07897994667291641,-0.03564206510782242,-0.04177918657660484,-0.22464223206043243,0.16932334005832672,-0.48873844742774963,0.12197306007146835,-0.20587070286273956,-0.20537357032299042,-0.8694707751274109,-0.07015709578990936,-0.04194876179099083,-0.194664865732193,-0.13544818758964539,0.21244244277477264,0.23537833988666534,-0.03782286122441292,0.18044313788414001,0.17933854460716248,0.06092093139886856,-0.03650534525513649,-0.1340276300907135,-0.06000634282827377,0.2819748520851135,0.2095607966184616,0.0013698786497116089,0.10974947363138199,-0.12116745859384537,-0.10957570374011993,-0.01496102474629879,-0.29124215245246887,0.28522711992263794,-0.09783284366130829,0.12647715210914612,0.22298865020275116,0.2873806357383728,0.38295623660087585,0.028443118557333946,-0.033036742359399796,-0.1637982428073883,0.2324504405260086,-0.1666925847530365,0.2898336946964264,0.2213437557220459,0.40977320075035095,-0.18075689673423767,-0.05863351747393608,-0.3545674681663513,0.30563241243362427,-0.2544845938682556,-0.008559143170714378,0.7069786190986633,-0.1535242348909378,0.2256234884262085,0.2474377155303955,0.5457591414451599,0.3419865369796753,-0.00614361185580492,-0.021816223859786987,-0.4494768977165222,-0.3167092800140381,0.35198572278022766,-0.0956747755408287,-0.2357902079820633,0.06028430908918381,-0.006481659598648548,-0.09082983434200287,-0.3764965236186981,-0.25578227639198303,-0.05925687402486801,0.045021332800388336,-0.4226662516593933,0.03957061097025871,0.06625945121049881,-0.1295190006494522,-0.9502487182617188,0.019401391968131065,0.19469232857227325,0.09485054016113281,-0.024854546412825584,0.18608762323856354,-0.476544052362442,-0.19979026913642883,0.032393813133239746,-0.15172651410102844,0.2582758963108063,-0.17868559062480927,-0.15257176756858826,0.012200018391013145,0.3353098928928375,-0.2047487199306488,0.16917014122009277,-0.2844565510749817,0.3160884380340576,0.3350382447242737,0.020792419090867043,-0.04195627570152283,0.21104168891906738,-0.026579340919852257,-0.3197108805179596,0.09121972322463989,0.05781619995832443,-0.46212005615234375,-0.2628498673439026,-0.0628771036863327,0.1062374860048294,0.806268572807312,-0.05236393213272095,0.023790400475263596,-0.09924926608800888,-0.1303739994764328,0.35828831791877747,-0.12766440212726593,0.012731194496154785,0.07718175649642944,0.18041512370109558,0.17930734157562256,-0.5650523900985718,-0.4592925012111664,-0.0001727610797388479,0.2707549035549164,0.13099552690982819,0.07518648356199265,0.6228038668632507,-0.21801714599132538,-0.0915214791893959,0.054111480712890625,0.4434531331062317,0.07036269456148148,-0.3239744305610657,-0.05222669988870621,-0.07764768600463867,-0.32162484526634216,0.5869139432907104,0.08654006570577621,0.019657833501696587,-0.1962611973285675,-0.40978187322616577,0.1546119749546051,-0.028444886207580566,-0.14324863255023956,-0.2109149992465973,-0.1496455818414688,-0.21108707785606384,-0.0449388287961483,0.1675988882780075,-0.11223693192005157,0.07498176395893097,-0.03263834863901138,-0.11297478526830673,0.0508003830909729,0.11185368150472641,0.1787850260734558,0.03574667498469353,0.12644550204277039,0.3204628825187683,-0.02351263538002968,0.014607894234359264,-0.07486805319786072,0.006195969879627228,-0.14407677948474884,-0.04190929979085922,0.02445076033473015,-0.15212707221508026,0.4714561998844147,-0.25838446617126465,-0.0622999481856823,-0.11319930851459503,-0.2946265637874603,-0.29792940616607666,0.15791504085063934,0.2816007733345032,-0.02270921878516674,0.1867779791355133,0.1757151484489441,-0.399710088968277,-0.17479780316352844,0.03619759529829025,0.15379147231578827,-0.09048185497522354,0.1844925582408905,0.11241680383682251,0.17618682980537415,-0.4171019494533539,-0.12152811139822006,0.030422884970903397,-0.2308928519487381,-0.39628028869628906,0.12305703014135361,-0.19796842336654663,0.1309240311384201,0.20842213928699493,-0.007965666241943836,0.22222478687763214,0.5892410278320312,0.3845910429954529,0.23940181732177734,-0.04207111522555351,-0.004850858356803656,0.1666986644268036,-0.03444657847285271,-0.14694373309612274,0.21322104334831238,0.22694019973278046,0.21190866827964783,0.3211721181869507,-0.028655504807829857,-0.002218615962192416,0.38446566462516785,-0.34813883900642395,-0.2297370433807373,0.0633886456489563,0.1978352665901184,-0.12235160171985626,-0.16373786330223083,-0.13201144337654114,0.08776327967643738,-0.0510239414870739,0.07585055381059647,0.06608053296804428,-0.23000864684581757,-0.26629531383514404,0.8131468892097473,-0.5226771235466003,0.15491946041584015,-0.09102936089038849,0.08562587201595306,-0.4023808538913727,-0.03531640022993088,0.5598558187484741,-0.420799195766449,0.2030494511127472,-0.027860451489686966,-0.021445179358124733,-0.7967936992645264,-0.34559905529022217,0.16877590119838715,-0.1263500154018402,-0.04662594571709633,-0.45334091782569885,0.2784110903739929,-0.020816322416067123
CID000060147,24,0.0006799042457714677,0.18766863644123077,0.03685227781534195,0.3939305245876312,-0.45289501547813416,0.031248729676008224,0.2323671281337738,0.10047421604394913,0.065255306661129,0.3085551857948303,-0.027881432324647903,-0.033401135355234146,0.014382630586624146,0.060969509184360504,-0.11047953367233276,-0.2702518105506897,-0.08897627890110016,-0.09971074759960175,-0.039902590215206146,-0.45592159032821655,0.10048267990350723,-0.18006086349487305,-0.19921734929084778,-0.9118618965148926,-0.12931707501411438,0.14088551700115204,-0.21945162117481232,0.044682953506708145,-0.019816918298602104,0.16190655529499054,-0.11432192474603653,0.2887140214443207,0.1043267697095871,0.08322374522686005,-0.020197954028844833,0.10064723342657089,-0.17840653657913208,0.16076838970184326,0.12214265018701553,-0.2729156017303467,-0.002393072936683893,-0.12596376240253448,0.07380527257919312,-0.32029786705970764,-0.08542944490909576,0.41278672218322754,-0.10036621242761612,0.015624327585101128,0.08489134907722473,-0.02618970349431038,0.16355745494365692,-0.08235204964876175,-0.3757619261741638,-0.12277672439813614,0.08109487593173981,-0.10376683622598648,-0.14104688167572021,0.06065709516406059,-0.08629520982503891,0.0021368234883993864,-0.06697343289852142,-0.0949171632528305,0.016204724088311195,-0.12158343940973282,0.29764044284820557,0.24908943474292755,-0.05710206553339958,0.00025574566097930074,0.22614343464374542,0.04735412448644638,0.1513766348361969,-0.10971429198980331,-0.47222667932510376,-0.12505754828453064,-0.08344689756631851,0.19659559428691864,-0.0723511204123497,0.19269506633281708,-0.10060928016901016,0.21083374321460724,0.31171953678131104,-0.35246554017066956,-0.2327822893857956,-0.16492410004138947,0.17045818269252777,-0.3010581135749817,0.1798328161239624,0.021460359916090965,-0.14273574948310852,-0.7005836367607117,0.03424616903066635,0.24534037709236145,0.07039080560207367,0.09381404519081116,0.31317654252052307,-0.2746965289115906,-0.03639961779117584,-0.18555888533592224,0.384721040725708,0.010910650715231895,-0.18644121289253235,0.07261844724416733,0.030129659920930862,0.2833673357963562,0.045510049909353256,0.06104883551597595,0.33407485485076904,-0.07150954008102417,0.5463698506355286,-0.08533404767513275,-0.2777794599533081,0.20758585631847382,-0.3408241868019104,-0.08634316921234131,0.16039200127124786,0.34532997012138367,-0.006844726391136646,-0.09630424529314041,-0.2035156488418579,0.23651652038097382,0.6541008949279785,-0.0680280476808548,0.3072575330734253,0.31581398844718933,0.14235220849514008,0.032987527549266815,-0.05586820840835571,0.11477094888687134,0.1000659242272377,-0.1923997700214386,0.10347427427768707,-0.536821186542511,-0.3326294422149658,-0.10124693810939789,0.3103354573249817,0.14995574951171875,0.13952481746673584,0.2504994869232178,0.15957850217819214,-0.1283719837665558,-0.09485945105552673,-0.05070561170578003,0.12391646951436996,-0.17338120937347412,0.030864957720041275,0.08568750321865082,-0.028000015765428543,0.3474193513393402,0.02029464766383171,0.15017545223236084,0.09956585615873337,-0.35645216703414917,0.1142728328704834,-0.01340207178145647,-0.2808147072792053,-0.18028879165649414,0.02641875669360161,-0.24125516414642334,0.0027589560486376286,0.2388845980167389,-0.007239231374114752,-0.05358731001615524,-0.1016598790884018,0.14538255333900452,0.025559717789292336,0.09126050025224686,-0.2493138611316681,-0.11941051483154297,-0.14126037061214447,0.15848280489444733,0.06977184116840363,-0.05522911623120308,-0.26427942514419556,-0.3501698076725006,-0.023997291922569275,-0.097844198346138,0.0924055427312851,-0.16805437207221985,0.4191490709781647,-0.002867972943931818,-0.0047461180947721004,0.07062326371669769,-0.18349459767341614,-0.1426732987165451,0.3388292193412781,0.0689527615904808,-0.24661731719970703,0.09790845215320587,0.021425515413284302,-0.3046736717224121,-0.19046561419963837,-0.06271562725305557,0.02364564873278141,-0.057456277310848236,-0.021761711686849594,-0.07374288141727448,0.16334930062294006,-0.21889784932136536,-0.02243555709719658,0.1790442317724228,0.09828920662403107,-0.1644144505262375,0.08613413572311401,-0.2075471580028534,0.19690746068954468,-0.20946428179740906,-0.04885297268629074,-0.04712184518575668,-0.12681643664836884,0.4374004900455475,0.2747057378292084,-0.26980510354042053,0.1529618501663208,0.30053433775901794,0.21342477202415466,-0.14295046031475067,-0.0076160370372235775,0.21941348910331726,0.13470980525016785,-0.11933523416519165,-0.048261888325214386,-0.07438867539167404,0.16281194984912872,-0.16510096192359924,-0.18613237142562866,-0.26108232140541077,-0.26646658778190613,-0.13694234192371368,-0.21153958141803741,0.09799958020448685,-0.045523978769779205,0.183526873588562,0.15923695266246796,0.03892553970217705,0.09979648888111115,0.20322385430335999,0.2926240861415863,-0.328456312417984,-0.08257488906383514,-0.24411435425281525,0.332071989774704,-0.6749886274337769,0.26278233528137207,0.04980397969484329,-0.16321630775928497,0.03568599373102188,0.17351403832435608,-0.11469825357198715,-0.593162477016449,-0.137368842959404,0.12461813539266586,-0.04879067465662956,-0.09507447481155396,-0.06265874952077866,0.03433752432465553,-0.13755010068416595
CID000002244,25,0.03940052539110184,-0.11375641822814941,0.09151377528905869,0.4624839723110199,-0.5254800915718079,0.007697670254856348,0.2384662926197052,0.1882103532552719,-0.13909026980400085,0.36816906929016113,0.16152897477149963,-0.03315729647874832,0.030258188024163246,0.008548560552299023,-0.11063534021377563,0.03758025914430618,-0.029613569378852844,0.014193601906299591,0.058455564081668854,-0.4352808892726898,-0.026070240885019302,-0.18075653910636902,-0.10842527449131012,-0.7725790143013,-0.05014120414853096,0.28320419788360596,-0.22957643866539001,-0.10825829207897186,-0.18098662793636322,0.08063013851642609,-0.1081957072019577,0.21763694286346436,0.05778616666793823,0.06164173036813736,-0.018065473064780235,0.08834473788738251,-0.08500206470489502,0.15409918129444122,0.3149074614048004,-0.06302116811275482,-0.0779055505990982,-0.11354748159646988,-0.040315963327884674,-0.23002687096595764,0.023058857768774033,0.3158647119998932,0.1516863852739334,-0.002570511307567358,0.15097475051879883,-0.06428872793912888,0.26357150077819824,0.04597111791372299,-0.2155138999223709,0.036143749952316284,-0.05923281982541084,-0.1379043608903885,-0.16603434085845947,0.02702651359140873,0.07618924230337143,-0.22549907863140106,-0.2969799339771271,-0.2014140635728836,-0.03343779593706131,-0.07171087712049484,0.20335277915000916,0.3813353180885315,-0.16120988130569458,-0.01451419573277235,0.2999897599220276,0.009020961821079254,0.005982902832329273,-0.4174841046333313,-0.39905962347984314,-0.35793739557266235,-0.08428920805454254,-0.054643917828798294,0.05029810592532158,-0.09485874325037003,-0.05371240898966789,-0.14779700338840485,0.2080850899219513,-0.6038802862167358,-0.32937341928482056,0.0496043786406517,0.10678155720233917,-0.16441801190376282,0.39723652601242065,-0.03344981372356415,0.10355304181575775,-0.672516942024231,0.09216280281543732,0.19735656678676605,0.04106193408370018,-0.011667901650071144,0.2584403157234192,-0.22815558314323425,-0.05101650953292847,-0.29095712304115295,-0.24457378685474396,0.16229918599128723,-0.08720915019512177,0.018380140885710716,-0.04371439665555954,0.41342854499816895,0.036033906042575836,-0.006211093161255121,-9.616017632652074e-05,-0.07956447452306747,0.6121605634689331,-0.08298821747303009,-0.10337162017822266,0.024826224893331528,-0.0370069295167923,-0.08576388657093048,-0.30029207468032837,0.1688144952058792,-0.13205412030220032,-0.1606684923171997,-0.06781072169542313,0.2451624870300293,0.7118414640426636,-0.03241810202598572,0.15903349220752716,0.01470037829130888,-0.04409784823656082,0.314389169216156,0.036239903420209885,-0.08136017620563507,0.20208458602428436,0.07600466907024384,0.23196887969970703,-0.5591837167739868,-0.3555752635002136,0.0920770913362503,0.1625252068042755,-0.1304088681936264,-0.18817643821239471,0.2636108994483948,-0.28758564591407776,-0.1751590222120285,-0.20158302783966064,0.0677112266421318,-0.05127187445759773,0.00027676596073433757,-0.11247049272060394,0.1454216092824936,0.012963014654815197,0.4560585916042328,0.1345263421535492,0.15297479927539825,0.05342823266983032,-0.387082576751709,0.010035301558673382,0.019219130277633667,-0.2892264723777771,-0.06668128818273544,-0.04102505370974541,-0.10566142946481705,-0.04772397130727768,0.12389659881591797,-0.05997205898165703,-0.04763547331094742,-0.0355968102812767,0.11513066291809082,0.10647040605545044,-0.12891225516796112,-0.34102097153663635,0.1270502805709839,-0.038510821759700775,0.06866743415594101,-0.11560045182704926,-0.051533497869968414,-0.0007328793290071189,-0.24004504084587097,0.0369175523519516,-0.09184600412845612,0.18814410269260406,-0.1849859207868576,0.4638035297393799,0.028376322239637375,0.1372755914926529,0.11551539599895477,-0.08470792323350906,-0.11944632232189178,0.319844514131546,0.16965177655220032,-0.19473502039909363,0.1750507652759552,-0.11736121028661728,-0.2202538549900055,-0.04671884700655937,0.113909050822258,0.31143760681152344,-0.025859344750642776,0.06980569660663605,-0.22883164882659912,0.09381032735109329,-0.008953358046710491,-0.12170245498418808,0.432564914226532,0.10721967369318008,-0.2681601047515869,-0.11872352659702301,-0.23874220252037048,-0.13745549321174622,-0.08716870099306107,0.045758333057165146,0.15580308437347412,-0.0372576080262661,0.4375123977661133,0.30357587337493896,0.15021303296089172,0.19006052613258362,0.15135511755943298,0.08359404653310776,-0.21066053211688995,0.16970106959342957,0.22869744896888733,-0.009880324825644493,-0.2106548547744751,0.09146372973918915,-0.1209830492734909,0.11937759071588516,-0.19889310002326965,0.26517218351364136,-0.23437181115150452,0.23746426403522491,-0.17443853616714478,0.08472057431936264,-0.017636407166719437,-0.1619894653558731,-0.1205313578248024,0.05864185094833374,0.08628048747777939,-0.013608303852379322,0.15274056792259216,0.3675105571746826,-0.4044475555419922,0.1499391496181488,-0.08415667712688446,0.08023671805858612,-0.4545747637748718,-0.13148675858974457,0.3321629464626312,-0.22365005314350128,0.010930920019745827,-0.08858118206262589,0.10386395454406738,-0.7036269903182983,-0.21172983944416046,0.118587926030159,-0.1369183361530304,0.07471449673175812,-0.37874042987823486,0.05776486545801163,0.12579293549060822
CID000002806,26,0.12425611168146133,0.11778342723846436,-0.06489547342061996,0.2828989028930664,-0.23378702998161316,0.09236399829387665,0.187861368060112,0.2963198125362396,-0.030196035280823708,0.2242656648159027,0.1690715253353119,0.09668291360139847,-0.042781244963407516,0.1302240639925003,-0.17191170156002045,-0.14834260940551758,-0.1250617802143097,-0.15151244401931763,0.08524128794670105,-0.34475722908973694,-0.03784678131341934,-0.3453754484653473,-0.0018940812442451715,-0.8155215382575989,-0.07597069442272186,0.05700016766786575,-0.26611965894699097,-0.022107183933258057,-0.03964236378669739,0.15880492329597473,-0.2652033865451813,0.3371851146221161,-0.045712683349847794,-0.0027326710987836123,0.1625828593969345,0.0633932501077652,-0.01311677135527134,0.13316285610198975,0.10315563529729843,-0.28213852643966675,-0.01660168170928955,-0.3658837080001831,0.07436392456293106,-0.3797350525856018,-0.24244555830955505,0.433159738779068,0.032837484031915665,0.04049033299088478,0.09559029340744019,0.01902133785188198,0.23862485587596893,0.2494281828403473,-0.291693776845932,-0.029370462521910667,0.09177814424037933,-0.10826617479324341,-0.19455167651176453,0.20468410849571228,-0.0021676034666597843,-0.035710226744413376,-0.2971953749656677,-0.2546823024749756,-0.16867196559906006,-0.09998957812786102,0.2875531315803528,0.35504642128944397,-0.20587500929832458,0.027382899075746536,0.24313852190971375,0.11830178648233414,0.11434142291545868,-0.039900243282318115,-0.4313468039035797,-0.3017674386501312,-0.23576763272285461,0.18122786283493042,0.09540434181690216,0.18944239616394043,-0.1453094482421875,0.0696692019701004,0.1677514612674713,-0.45455533266067505,-0.3061336874961853,-0.17667464911937714,0.14260342717170715,-0.28632670640945435,0.22858524322509766,0.0317159965634346,0.04922908544540405,-0.6927553415298462,0.07371915876865387,0.38450926542282104,-0.0503731369972229,0.009518025442957878,0.11537951231002808,-0.28670328855514526,-0.07208731025457382,0.048402439802885056,0.17630252242088318,0.09848842769861221,-0.1820775717496872,-0.0177287794649601,-0.036240216344594955,0.2988346517086029,0.15193438529968262,0.1316140741109848,-0.05374191328883171,-0.06309671700000763,0.4425128102302551,-0.04160183668136597,-0.08955511450767517,0.21620340645313263,-0.3147129714488983,0.02073395811021328,-0.22249655425548553,0.3302435576915741,-0.00019016415171790868,-0.1620577722787857,-0.15293315052986145,0.17861782014369965,0.5447998046875,-0.010470014996826649,0.3562864661216736,0.17552800476551056,0.07693667709827423,0.23223578929901123,0.02002767287194729,0.012092819437384605,0.17581932246685028,-0.0870007574558258,-0.11915333569049835,-0.42355602979660034,-0.24659255146980286,0.17802268266677856,0.23151469230651855,-0.11628805100917816,-0.12340980768203735,0.09468089044094086,-0.27196475863456726,-0.18779608607292175,-0.16237038373947144,0.01114947535097599,0.07205426692962646,-0.0907522439956665,0.016260216012597084,0.07825978845357895,-0.0898999571800232,0.3232329487800598,0.1439509093761444,0.22000589966773987,0.08054591715335846,-0.17222371697425842,-0.029137158766388893,0.1402481496334076,-0.37013643980026245,-0.004450510255992413,-0.04798842594027519,-0.15914185345172882,0.17021051049232483,0.33641475439071655,0.11871316283941269,-0.010260234586894512,-0.11297173798084259,0.17232058942317963,0.1210564598441124,-0.04353073984384537,-0.22889447212219238,0.03471451997756958,-0.052871741354465485,0.2752634882926941,0.06376753747463226,-0.2809375524520874,-0.3327949345111847,-0.3498140573501587,0.03352075070142746,-0.11496005207300186,0.18668654561042786,-0.16983866691589355,0.4284280836582184,-0.23101165890693665,0.07757513225078583,0.16827526688575745,-0.17502360045909882,-0.08919183164834976,0.3234778046607971,0.33089080452919006,-0.2525799870491028,-0.018803579732775688,0.0008461087709292769,-0.39324647188186646,0.11694015562534332,0.01342251617461443,0.09540726989507675,0.07576590776443481,0.18068286776542664,-0.1733555644750595,0.18643739819526672,-0.1286768615245819,-0.09840967506170273,0.17096588015556335,0.22462420165538788,-0.2001221477985382,0.015442299656569958,-0.44857925176620483,-0.028824293985962868,-0.23737068474292755,-0.040542565286159515,-0.01755092665553093,-0.13490429520606995,0.44447851181030273,0.4145859181880951,-0.1573297679424286,0.2743140757083893,0.17955735325813293,0.07758522033691406,-0.12844546139240265,-0.0678352564573288,0.02573377452790737,0.06712841987609863,-0.0699322372674942,0.043247491121292114,-0.11174130439758301,0.029102999716997147,-0.23485739529132843,0.02811989188194275,-0.09078235924243927,-0.22324304282665253,0.011027509346604347,-0.022438915446400642,-0.07466517388820648,-0.06653513014316559,-0.1772393137216568,0.23260259628295898,0.004297032952308655,-0.11827175319194794,0.18208223581314087,0.29523590207099915,-0.22556254267692566,-0.004393316805362701,-0.2750895023345947,0.3059375584125519,-0.4145286977291107,-0.09953581541776657,0.23763823509216309,-0.11118415743112564,0.11479353904724121,0.1195480227470398,0.04012830927968025,-0.4524935781955719,-0.1977291852235794,0.22213053703308105,-0.09522031247615814,-0.05053047463297844,-0.24260373413562775,0.1407252699136734,0.09629303216934204
CID000003446,27,0.3044264614582062,-0.07226759195327759,-0.029843855649232864,0.5889300107955933,-0.13045890629291534,0.37477749586105347,0.08670403808355331,0.31434184312820435,-0.12597854435443878,-0.008112138137221336,-0.27434471249580383,-0.2150375097990036,-0.36603012681007385,0.2908923327922821,-0.06744460016489029,-0.11146855354309082,0.2311410903930664,0.03198879212141037,0.3593143820762634,-0.5900535583496094,0.02119278535246849,-0.08577581495046616,0.0935375913977623,-0.9633411169052124,0.3375488519668579,-0.030821066349744797,-0.29449039697647095,-0.005167418625205755,-0.09671168774366379,0.18985840678215027,0.07326279580593109,0.35738855600357056,-0.43254512548446655,0.00014687477960251272,0.11598262935876846,-0.2024172991514206,0.334206759929657,0.05257295444607735,0.16409599781036377,-0.2706352472305298,0.02362794615328312,-0.1483781337738037,0.0049689458683133125,-0.2780655026435852,-0.16549980640411377,0.314980685710907,-0.009527063928544521,-0.07661660015583038,-0.07075988501310349,0.09932509809732437,0.5615491271018982,0.062383245676755905,-0.19409215450286865,-0.15317729115486145,0.18891450762748718,-0.23630496859550476,-0.07738341391086578,0.2060147076845169,0.065074622631073,0.04661822319030762,-0.16320529580116272,-0.18514423072338104,-0.3383919894695282,-0.07618323713541031,0.3875032067298889,0.5997577905654907,-0.16680708527565002,-0.08248210698366165,0.06218825653195381,0.14192967116832733,0.14728355407714844,0.00755714625120163,-0.19728593528270721,-0.2660391628742218,-0.2959652543067932,0.19436120986938477,0.09144599735736847,0.2406177967786789,0.10585170984268188,0.06626025587320328,0.4126775860786438,-0.33155232667922974,-0.3315652012825012,-0.03328258544206619,0.544714093208313,0.0923810750246048,0.006253495812416077,0.3727530837059021,-0.00518068065866828,-0.8028400540351868,0.18119928240776062,0.14760270714759827,0.06532810628414154,0.11128830909729004,-0.03505948930978775,-0.5074990391731262,0.06195302680134773,0.026190364733338356,0.123276486992836,0.3217995762825012,-0.07106515020132065,-0.05611313506960869,0.05998703092336655,0.3668277859687805,0.024833252653479576,-0.07841259986162186,0.09484114497900009,0.1089252233505249,0.49528631567955017,0.32076889276504517,0.09581278264522552,0.21958065032958984,-0.2302502691745758,-0.19779106974601746,0.12178556621074677,0.25366953015327454,-0.15610529482364655,-0.11990705877542496,-0.22241425514221191,0.08385392278432846,0.5960373878479004,-0.3032679557800293,0.27071791887283325,0.10046900808811188,-0.0815695971250534,-0.11119093000888824,0.02675461210310459,-0.044877275824546814,0.6340125799179077,0.02072322368621826,0.16081568598747253,-0.44990211725234985,-0.14807602763175964,0.48851919174194336,0.20074054598808289,0.295899361371994,-0.017340298742055893,-0.023027172312140465,0.08152192085981369,-0.23916344344615936,-0.12098988145589828,0.4203794598579407,0.022882705554366112,0.0462871752679348,-0.21603843569755554,0.4357942044734955,-0.4397660195827484,0.46002015471458435,0.1420975774526596,0.1420486867427826,0.21554890275001526,-0.4024651050567627,-0.33260422945022583,0.3382360637187958,-0.15512728691101074,-0.23639421164989471,0.0601973757147789,-0.17669042944908142,-0.07778527587652206,0.23854854702949524,0.3828207552433014,-0.029223045334219933,-0.01692008599638939,-0.17146053910255432,-0.22135332226753235,-0.25420597195625305,-0.10073108971118927,0.22766979038715363,-0.0737663134932518,0.15290074050426483,-0.019158918410539627,-0.3875058889389038,-0.18527577817440033,-0.32484838366508484,-0.15110692381858826,-0.0902196392416954,0.09247778356075287,-0.4145592749118805,0.46802687644958496,-0.17667023837566376,-0.2715202271938324,-0.056366872042417526,-0.3957335352897644,0.0489836186170578,0.4267424941062927,0.4014003872871399,-0.43751949071884155,0.08004797995090485,0.4488171637058258,-0.43496933579444885,0.11103250086307526,-0.05352742597460747,0.1877637654542923,-0.1910269409418106,0.17313723266124725,-0.09801317006349564,-0.05862990766763687,-0.09724073857069016,-0.11028482764959335,-0.39743098616600037,-0.2054065465927124,-0.30079707503318787,0.054340146481990814,-0.3754560947418213,3.0444562071352266e-05,-0.26073160767555237,0.09993159025907516,-0.126614511013031,0.11804641783237457,0.678342878818512,0.36359983682632446,0.002143287565559149,0.35219085216522217,-0.11366832256317139,-0.022786825895309448,-0.2575351893901825,0.2542736828327179,0.28284087777137756,0.0457582101225853,-0.11516448110342026,0.005958545953035355,-0.017551561817526817,0.030160730704665184,-0.34763264656066895,-0.09983602166175842,0.035782672464847565,-0.1588423252105713,-0.32357168197631836,-0.150978222489357,0.2478889524936676,-0.1994539201259613,0.31807196140289307,0.36039552092552185,0.09689049422740936,0.028245458379387856,-0.20586149394512177,0.11706690490245819,-0.2743862271308899,0.04352888837456703,-0.2676708400249481,0.12425535917282104,-0.6256897449493408,-0.24485211074352264,0.03738692030310631,-0.0788080245256424,0.10151217877864838,0.18080270290374756,-0.1127428412437439,-0.5624884963035583,0.08500123769044876,0.5498660802841187,-0.2126283347606659,-0.1770203858613968,0.1383131593465805,0.10989415645599365,-0.045215778052806854
CID000005352,28,0.023928184062242508,-0.03258701413869858,-0.11876001209020615,0.39510631561279297,-0.4214203953742981,0.14935877919197083,0.3377458453178406,0.2318952977657318,0.1361900120973587,0.2918172776699066,0.19112224876880646,0.125151127576828,0.04043075814843178,0.10150910913944244,-0.15436360239982605,-0.10625110566616058,-0.14181888103485107,-0.14538118243217468,0.14671429991722107,-0.3955940902233124,-0.09227987378835678,-0.18233045935630798,-0.033400315791368484,-0.8793413043022156,0.16775043308734894,0.018211036920547485,-0.08846788108348846,0.07536232471466064,-0.016776639968156815,0.007426631636917591,-0.05751487612724304,0.1457216441631317,0.08666570484638214,0.18536517024040222,0.06305529177188873,-0.1285361349582672,0.22386059165000916,-0.02114476077258587,0.15014609694480896,-0.23226459324359894,-0.028538931161165237,-0.40862947702407837,0.23382632434368134,-0.18886618316173553,-0.15275245904922485,0.47916746139526367,0.11932200193405151,-0.005013121757656336,0.09080678224563599,0.011470228433609009,0.22708861529827118,0.16216561198234558,-0.2522563338279724,0.018016261979937553,0.0943964347243309,-0.12568166851997375,-0.12836380302906036,0.08057315647602081,0.013611960224807262,-0.13081468641757965,-0.08849312365055084,-0.2235274314880371,-0.20153293013572693,0.07721467316150665,0.2388509064912796,0.36646705865859985,-0.07643882930278778,-0.02971748635172844,0.2209015190601349,0.009638016112148762,0.18248781561851501,0.1455504298210144,-0.254745751619339,-0.37567752599716187,-0.141771137714386,0.1026347428560257,0.129114031791687,0.144110769033432,-0.17940600216388702,-0.09727782011032104,-0.04744315147399902,-0.46447640657424927,-0.2589423656463623,0.022423064336180687,0.1578117311000824,-0.15130828320980072,0.11869518458843231,0.01937584951519966,0.08173587173223495,-0.6367462873458862,-0.05435897037386894,0.19121374189853668,0.01565854251384735,0.036555059254169464,-0.0030426145531237125,-0.21628251671791077,-0.007719186134636402,0.11243698745965958,-0.005264138337224722,-0.027361219748854637,-0.19331452250480652,-0.09454218298196793,-0.11773159354925156,0.31427398324012756,0.20140857994556427,0.02457255683839321,-0.011022010818123817,0.29244205355644226,0.5095689296722412,-0.07817284017801285,-0.1465074121952057,0.1254684031009674,-0.2018941342830658,-0.09071449190378189,-0.022354209795594215,0.1298922747373581,-0.11839089542627335,0.017141813412308693,-0.10886750370264053,0.12715551257133484,0.6175668835639954,-0.1896962970495224,0.17658661305904388,0.2357085943222046,0.038091011345386505,0.17110177874565125,0.05688788741827011,0.07137861847877502,0.20382097363471985,0.05936676263809204,-0.037105292081832886,-0.4158999025821686,-0.4437083601951599,0.19783948361873627,0.3445986211299896,-0.04857582226395607,0.03892077878117561,0.1848878264427185,-0.216414213180542,-0.15696430206298828,-0.10484347492456436,0.10965273529291153,0.0009242992964573205,-0.0781346783041954,-0.057202231138944626,0.1478581726551056,-0.0935978889465332,0.30994877219200134,0.11682172864675522,0.13995806872844696,0.01592525839805603,-0.27993807196617126,-0.15073537826538086,0.1768503189086914,-0.334769606590271,0.05223238468170166,-0.03465944156050682,0.0021144957281649113,0.11810457706451416,0.22958023846149445,-0.006624473724514246,-0.1452883780002594,-0.06222475320100784,-0.054257459938526154,-0.08784870058298111,-0.1279025375843048,-0.14494970440864563,0.17447541654109955,-0.13213397562503815,0.2673508822917938,0.05695585161447525,-0.20766878128051758,-0.14838504791259766,-0.27654340863227844,0.0838560238480568,-0.09974271059036255,0.16641037166118622,-0.13134010136127472,0.368166983127594,-0.07898072898387909,0.11830087751150131,0.037262383848428726,-0.135262131690979,-0.13480539619922638,0.08355893194675446,0.33365264534950256,-0.08977949619293213,0.11728449910879135,0.05691536143422127,-0.32054615020751953,0.1384083479642868,-0.07771002501249313,0.10432778298854828,0.12178967148065567,0.1258910596370697,-0.13261038064956665,0.04070761799812317,0.12290596961975098,-0.08066356182098389,-0.017110394313931465,0.13448913395404816,-0.26942166686058044,-0.053962480276823044,-0.2839350700378418,-0.09986932575702667,-0.13319364190101624,-0.1435392051935196,-0.00264565646648407,-0.016771990805864334,0.4541059136390686,0.3400121331214905,0.0665239468216896,0.27196139097213745,0.18784677982330322,0.056720197200775146,0.04248514398932457,0.08796368539333344,0.21789009869098663,0.02935211732983589,0.02320164442062378,0.00017202048911713064,-0.08599290251731873,0.11795563995838165,-0.11260135471820831,0.19082851707935333,0.038659293204545975,-0.08966411650180817,0.006456841714680195,-0.006692639086395502,-0.11374939978122711,-0.18135949969291687,-0.19515566527843475,0.20655962824821472,0.012690114788711071,-0.04642845317721367,-0.26013749837875366,0.2584916949272156,-0.2295820415019989,0.15291205048561096,-0.20213067531585693,0.21018755435943604,-0.2604246437549591,0.04111006110906601,0.23385123908519745,-0.20162174105644226,-0.04030191898345947,-0.03895769640803337,0.11704275757074356,-0.5632346272468567,-0.007856992073357105,0.19152498245239258,-0.28475284576416016,-0.022336166352033615,-0.23147828876972198,0.2057522088289261,0.19000014662742615
CID000004112,29,0.19037467241287231,-0.06394792348146439,-0.047388385981321335,0.2978537380695343,-0.34362754225730896,-0.02577510103583336,0.2217341959476471,0.02970968559384346,-0.1431628167629242,0.15130271017551422,-0.004649525973945856,-0.04185696691274643,-0.03936247527599335,0.1561436802148819,-0.1462497115135193,-0.06142226606607437,-0.04848721623420715,-0.2303660660982132,0.03397322818636894,-0.48525571823120117,-0.13046106696128845,-0.2273586541414261,-0.08193668723106384,-0.8084012269973755,-0.007837372832000256,0.09178240597248077,-0.16861440241336823,0.12092176824808121,-0.13399246335029602,0.06928402185440063,0.14350786805152893,0.20907919108867645,-0.13499779999256134,-0.049093108624219894,0.15667670965194702,0.4926890730857849,0.04969663918018341,0.04860794171690941,0.2540550231933594,-0.21392202377319336,-0.008195972070097923,-0.16783715784549713,0.1075335368514061,-0.2922883629798889,-0.13719482719898224,0.15827232599258423,-0.09707450866699219,0.06368736177682877,0.03666544705629349,-0.11276374757289886,0.18653443455696106,0.06784506142139435,-0.25383397936820984,0.020302265882492065,0.02074090763926506,-0.09189345687627792,-0.17541177570819855,0.11033684015274048,0.12786555290222168,0.12235766649246216,-0.023788437247276306,-0.1276751160621643,-0.07179447263479233,-0.06023457646369934,0.14700856804847717,0.35186341404914856,-0.14624138176441193,-0.17505355179309845,0.042708758264780045,-0.12600365281105042,0.2514389157295227,0.08390446752309799,-0.4613732695579529,-0.34540241956710815,-0.3186093270778656,-0.01467211078852415,-0.20947563648223877,0.18478627502918243,-0.04591970518231392,0.1036120057106018,0.24464376270771027,-0.35101819038391113,-0.263692170381546,-0.08777947723865509,0.131539985537529,0.002366787288337946,0.23980577290058136,0.07118812203407288,-0.01561400294303894,-0.5791808366775513,0.12160252034664154,0.21746042370796204,0.023690782487392426,0.029100269079208374,0.034662067890167236,-0.26105865836143494,-0.1003323644399643,0.21301117539405823,0.26938971877098083,0.31448695063591003,-0.15539367496967316,0.02683980204164982,-0.16905084252357483,0.267392635345459,0.17560812830924988,0.09187714755535126,0.07858055830001831,-0.014544283971190453,0.5530418157577515,-0.20636940002441406,-0.16842953860759735,0.2695029377937317,-0.3258093297481537,-0.028807446360588074,-0.2963995039463043,0.23132336139678955,0.09215931594371796,-0.18131478130817413,-0.11024932563304901,0.16758616268634796,0.566644012928009,-0.2581140398979187,0.2940928637981415,0.313662588596344,0.05715518444776535,0.1339009702205658,0.08862465620040894,0.09397155046463013,0.36198800802230835,-0.04229811578989029,-0.07685153186321259,-0.40993833541870117,-0.3656499981880188,-0.026005666702985764,0.1287163347005844,0.1690295785665512,-0.24226120114326477,0.03988564759492874,-0.0952262282371521,-0.08072764426469803,-0.15997043251991272,0.08199179172515869,0.13256771862506866,-0.05760597437620163,-0.11534546315670013,0.32931047677993774,-0.11943095922470093,0.38252562284469604,0.3204496502876282,0.26900753378868103,0.010410020127892494,-0.22369511425495148,-0.13440077006816864,0.2901345193386078,-0.2670448422431946,-0.04287517070770264,-0.07300611585378647,-0.0718950405716896,-0.22352349758148193,0.32402655482292175,-0.01765759289264679,0.03946859389543533,-0.1270177960395813,0.4332168698310852,-0.02753416821360588,-0.0687658041715622,-0.1249459981918335,-0.05396450683474541,-0.08240827172994614,0.1559908241033554,0.11739148944616318,-0.2558402717113495,-0.25096622109413147,-0.22026872634887695,-0.13015048205852509,0.011981716379523277,0.051077328622341156,-0.24483653903007507,0.36644500494003296,0.035010505467653275,-0.005026751663535833,0.07821686565876007,-0.1170547753572464,-0.01556665264070034,0.306804358959198,0.2593947649002075,-0.17601780593395233,-0.209211066365242,0.05963708087801933,-0.331953227519989,-0.06475496292114258,0.10237578302621841,0.1874963939189911,-0.09606155008077621,0.10224442183971405,-0.26104938983917236,0.06629123538732529,0.14798110723495483,-0.12972614169120789,-0.05574812740087509,0.20522955060005188,-0.33241260051727295,-0.12318748235702515,-0.3466593623161316,0.2100238800048828,-0.23392733931541443,-0.055060457438230515,-0.12059013545513153,0.02762647345662117,0.5470468401908875,0.38682636618614197,-0.05032550171017647,0.25620532035827637,0.07385019958019257,0.016285961493849754,-0.22642233967781067,0.03685276582837105,0.18992166221141815,0.13486306369304657,-0.14741499722003937,-0.09927614778280258,0.04359003156423569,0.0356849730014801,-0.25647780299186707,0.047525666654109955,0.17238803207874298,-0.13360880315303802,-0.22781987488269806,-0.12436659634113312,-0.06074823811650276,-0.1130874902009964,0.23710627853870392,0.26582279801368713,0.06535839289426804,-0.002994254231452942,0.16059157252311707,0.23836851119995117,-0.528704822063446,0.0720411166548729,-0.33506864309310913,0.27513352036476135,-0.41551828384399414,-0.12661059200763702,0.19638870656490326,-0.08978282660245895,0.05549328401684761,0.17251011729240417,0.036171577870845795,-0.4341505169868469,-0.10011227428913116,0.23621103167533875,-0.10402335971593857,-0.09362989664077759,-0.15708604454994202,0.18997767567634583,0.11108306795358658
CID000004635,30,0.11811377108097076,0.25727465748786926,0.09820039570331573,0.36752480268478394,-0.4297574460506439,-0.0476391576230526,0.2708468437194824,0.5375187397003174,-0.02210567332804203,0.23933859169483185,-0.1550433337688446,0.24375779926776886,0.09508080780506134,0.2553965151309967,-0.3882015645503998,0.08252836018800735,0.015361147932708263,0.09413932263851166,0.19965673983097076,-0.5671150088310242,0.005350547842681408,-0.37744954228401184,-0.03437284007668495,-0.7894406318664551,0.030581574887037277,0.4099932610988617,0.13707543909549713,0.19032537937164307,0.01068656425923109,-0.020736724138259888,-0.21170449256896973,0.2120940238237381,0.10144384205341339,-0.0938207134604454,0.11937367916107178,-0.04883170127868652,0.2314024269580841,0.266009658575058,-0.0396672785282135,-0.000989612890407443,-0.026475142687559128,-0.12211432307958603,0.15580913424491882,-0.42286062240600586,-0.22152504324913025,0.1685185432434082,-0.14652696251869202,-0.058014582842588425,0.07866896688938141,0.07289192080497742,0.5299242734909058,-0.10601358115673065,-0.14038240909576416,0.02172212302684784,0.1615770161151886,-0.4201125502586365,0.43745845556259155,0.34644800424575806,0.19619667530059814,0.09520727396011353,-0.3363555073738098,-0.4134741425514221,0.08337196707725525,-0.009753614664077759,-0.014783307909965515,0.2658456265926361,-0.3544817268848419,-0.10976719856262207,-0.021357057616114616,-0.09062676131725311,0.023711413145065308,-0.09158540517091751,0.038599614053964615,-0.3585079610347748,-0.17545445263385773,0.2089190036058426,0.06046254560351372,0.012642445042729378,-0.11788477748632431,0.18548670411109924,0.20537550747394562,-0.40622490644454956,-0.14376558363437653,0.0676116794347763,-0.23869991302490234,-0.07154084742069244,0.2522909641265869,0.05143916606903076,-0.2262553870677948,-0.5080007314682007,0.1554524451494217,0.10110138356685638,0.16926491260528564,0.029076481238007545,-0.04274944216012955,-0.323080450296402,0.24387800693511963,-0.038700900971889496,0.051215387880802155,0.11498473584651947,0.46194201707839966,0.014789646491408348,0.04839322715997696,0.4135650098323822,0.10056176036596298,0.0724368467926979,-0.554398238658905,-0.11849089711904526,0.5916217565536499,0.07682396471500397,-0.012121817097067833,0.28672948479652405,0.10806681960821152,-0.11864582449197769,-0.14924046397209167,0.2731849253177643,0.0643659308552742,0.2873479127883911,0.029730210080742836,0.5809319019317627,0.6762430667877197,-0.3327022194862366,0.33416226506233215,0.11573745310306549,0.016590546816587448,0.19505193829536438,-0.0023606985341757536,-0.05031566694378853,0.3178890645503998,-0.1962650567293167,0.1529553234577179,-0.5487685203552246,-0.49338942766189575,-0.0012141704792156816,0.25807735323905945,-0.02666073478758335,0.07262444496154785,0.23970873653888702,0.045884765684604645,-0.5687834620475769,-0.43597865104675293,0.29852455854415894,0.45207318663597107,0.011401685886085033,0.011507652699947357,0.49434787034988403,-0.20027780532836914,0.2687590420246124,0.1146131381392479,0.03810448944568634,-0.08806763589382172,-0.3676601052284241,-0.1908266544342041,-0.07708682864904404,0.07099972665309906,0.24128122627735138,0.1385396271944046,-0.0670296773314476,0.21415896713733673,0.05126078054308891,-0.031445570290088654,-0.06421440839767456,-0.06260795146226883,0.03829202055931091,-0.22366687655448914,0.1410042941570282,-0.13709647953510284,0.4912342429161072,0.07610677182674408,0.07475096732378006,0.03986421972513199,-0.30708804726600647,-0.28324297070503235,-0.18057985603809357,0.07796262204647064,-0.14212360978126526,0.07418853789567947,-0.3076271414756775,0.5681028366088867,0.1275145560503006,0.20635628700256348,-0.01984005607664585,-0.13043127954006195,-0.44020748138427734,-0.21293556690216064,0.23580145835876465,-0.05109493061900139,-0.10364421457052231,-0.1979614496231079,-0.2698171138763428,0.02564593032002449,0.0021134703420102596,0.04063839465379715,-0.3456901013851166,0.3458479046821594,-0.012731870636343956,-0.12219804525375366,0.12162921577692032,-0.07277751713991165,0.040917254984378815,-0.28152185678482056,-0.485785573720932,-0.0035117403604090214,-0.38055676221847534,-0.011666476726531982,0.023677846416831017,-0.0025547086261212826,-0.20515210926532745,0.28457748889923096,0.5113988518714905,0.213812917470932,0.09963195025920868,0.5362754464149475,0.21882419288158417,0.3419555127620697,-0.9007374048233032,-0.01811538264155388,0.35880711674690247,0.1428237408399582,0.20537762343883514,-0.05156344175338745,0.08948484808206558,-0.053551334887742996,-0.2538871467113495,0.11954553425312042,-0.10896451771259308,0.09504768997430801,-0.48588722944259644,0.43006831407546997,0.02453630603849888,-0.07384239137172699,0.07055811583995819,0.17130279541015625,0.053511857986450195,-0.5317240357398987,0.10594375431537628,0.5635005235671997,-0.1699567288160324,0.08198558539152145,-0.46905821561813354,-0.32788005471229553,-0.37798649072647095,-0.11632470041513443,0.3279329836368561,0.05499783158302307,-0.2221664935350418,0.024239400401711464,-0.5297650098800659,-0.5915660858154297,0.003311365842819214,0.4280008375644684,-0.43886980414390564,0.038613833487033844,-0.1682697981595993,0.04291381314396858,-0.1512162983417511
CID000002088,31,0.0893416777253151,-0.2488662749528885,-0.10428342968225479,0.5175961852073669,-0.17425526678562164,0.0292851272970438,-0.1363297402858734,0.16066519916057587,-0.09672058373689651,0.14431507885456085,0.3919551968574524,-0.2966563105583191,-0.1761755645275116,-0.1159583330154419,0.1629771888256073,-0.17666080594062805,-0.12551209330558777,-0.011878849007189274,0.07521890103816986,-0.5182861685752869,0.08135280013084412,-0.27407652139663696,0.11358420550823212,-0.8523696660995483,0.0066357762552797794,-0.021170878782868385,-0.1800175905227661,-0.04561074823141098,0.006926323287189007,-0.0085001140832901,-0.04401286691427231,0.47151488065719604,-0.07469213008880615,-0.013563603162765503,0.09518615901470184,0.2659216523170471,0.11655788123607635,0.1049761027097702,-0.043399423360824585,-0.47462934255599976,-0.28110271692276,0.0346553698182106,0.3191584050655365,-0.16122572124004364,-0.043773800134658813,0.19373923540115356,-0.04096125438809395,0.013422459363937378,0.1437498927116394,0.04670003801584244,0.33415552973747253,-0.22770968079566956,-0.37636709213256836,-0.16346243023872375,-0.059150535613298416,0.06376142799854279,0.02128998562693596,0.29097580909729004,0.24731187522411346,-0.27665889263153076,-0.22341935336589813,-0.3543670177459717,0.2514747083187103,-0.08022388815879822,0.3492792248725891,0.47665709257125854,-0.33950838446617126,0.05498585104942322,-0.08365972340106964,-0.11635706573724747,0.42023134231567383,0.11836984008550644,-0.4797249734401703,-0.10746054351329803,-0.008701625280082226,0.325828492641449,-0.15254345536231995,0.09846533089876175,-0.10822874307632446,-0.0337049774825573,0.6384028792381287,-0.3350062370300293,-0.36770099401474,-0.049684636294841766,0.06665976345539093,0.21465647220611572,0.1618906855583191,0.18934693932533264,-0.2955869734287262,-0.9220017194747925,0.09352891147136688,0.2495078593492508,0.05158737301826477,0.18957778811454773,0.0037206350825726986,-0.34488409757614136,0.0024317800998687744,-0.1693095564842224,0.13292522728443146,0.30279040336608887,0.1670123189687729,-0.07816825062036514,-0.19190096855163574,0.35422539710998535,-0.045289672911167145,0.12834414839744568,-0.02971649169921875,0.022630207240581512,0.5535238981246948,0.10048305988311768,-0.20674756169319153,0.3004075288772583,-0.1117786392569542,-0.17846444249153137,-0.05921903997659683,0.23842361569404602,0.15886731445789337,0.12532579898834229,-0.17166437208652496,0.08670655637979507,0.8244091272354126,-0.35556015372276306,0.2690841853618622,0.3977397084236145,0.11264419555664062,0.19008652865886688,-0.17637410759925842,-0.03347655385732651,0.12864351272583008,0.26841282844543457,-0.1207602471113205,-0.8087120056152344,-0.04041595384478569,-0.03811369836330414,0.27363285422325134,0.18123145401477814,-0.14312781393527985,0.21905913949012756,-0.1590268313884735,-0.19944533705711365,-0.510969877243042,0.04919051378965378,-0.031819432973861694,-0.028043050318956375,-0.010574186220765114,-0.02186858281493187,0.08222590386867523,0.6882044076919556,-0.16559633612632751,0.44071632623672485,0.03247898072004318,-0.5323374271392822,0.035181380808353424,-0.031097808852791786,-0.1172676831483841,-0.09443928301334381,0.057880133390426636,-0.2634701132774353,0.11547329276800156,0.32218319177627563,-0.037403494119644165,-0.018909290432929993,0.030934298411011696,0.1826035976409912,-0.2710829973220825,-0.015393435955047607,0.022879552096128464,-0.21521012485027313,-0.08886714279651642,0.30728715658187866,0.19219782948493958,-0.15149179100990295,-0.33722949028015137,-0.20930936932563782,0.08959230035543442,-0.03478100150823593,0.05780581384897232,-0.13114693760871887,0.5708240270614624,0.00832147616893053,-0.27249184250831604,-0.12553830444812775,-0.18047837913036346,0.03107646107673645,0.43512898683547974,0.2724429666996002,-0.35231977701187134,0.22461900115013123,0.013881208375096321,-0.5059067010879517,-0.425109326839447,0.011445270851254463,0.07242415845394135,-0.4266541004180908,0.2915005385875702,-0.0479956679046154,0.06888657808303833,0.00854519009590149,-0.1987665593624115,-0.14993228018283844,0.04281362146139145,-0.1426565796136856,-0.09070566296577454,-0.13426655530929565,0.10468067228794098,-0.3140013515949249,-0.10093390941619873,0.2517608106136322,0.1686660498380661,0.43155255913734436,0.34288346767425537,-0.13821661472320557,0.016807442530989647,-0.1928233951330185,0.16717350482940674,-0.6246364116668701,0.04917768016457558,0.20083729922771454,0.11528000980615616,-0.011881941929459572,-0.11617058515548706,-0.061319392174482346,-0.003742349101230502,-0.38123708963394165,-0.23345847427845,-0.14382682740688324,-0.19715122878551483,-0.20238187909126282,0.052161674946546555,-0.035329967737197876,0.14650361239910126,0.37609249353408813,0.3306925892829895,-0.10331045091152191,-0.050190143287181854,-0.09460298717021942,0.3632776737213135,-0.5825721621513367,0.038725994527339935,-0.30401521921157837,-0.25245410203933716,-0.7199984192848206,0.04337821155786514,0.05615214630961418,-0.0065026432275772095,-0.05362287908792496,0.20357374846935272,-0.17852917313575745,-0.7410906553268433,0.1833305060863495,0.13405191898345947,0.4030260443687439,-0.07305920869112015,-0.08393187075853348,-0.012410326860845089,-0.09450199455022812
CID000002311,32,-0.018994972109794617,0.10135827958583832,0.05629006028175354,0.31971943378448486,-0.4432592988014221,-0.008228806778788567,0.1957472264766693,0.10656540095806122,-0.006506518926471472,0.22617492079734802,0.05230237916111946,0.26599594950675964,0.012988592498004436,0.21637633442878723,-0.13665461540222168,-0.07769700884819031,-0.19354386627674103,-0.021976396441459656,-0.11722711473703384,-0.41081148386001587,0.13843634724617004,-0.13880757987499237,0.01700342260301113,-0.8646371960639954,-0.1315385401248932,0.06197922304272652,-0.20811112225055695,0.05308755487203598,-0.13018864393234253,0.10834264755249023,-0.04294430464506149,0.17717376351356506,-0.058175861835479736,0.3157426714897156,0.015258535742759705,0.0607038252055645,-0.046696051955223083,0.2574389576911926,0.12264988571405411,-0.10310456901788712,0.14577654004096985,-0.17326146364212036,-0.011586403474211693,-0.3323943614959717,-0.020292531698942184,0.3039718568325043,0.1672743856906891,0.10405125468969345,0.14853578805923462,-0.08776406943798065,0.19496290385723114,0.27205216884613037,-0.32087013125419617,-0.047324858605861664,0.21030454337596893,-0.09375960379838943,-0.008364202454686165,0.18043552339076996,-0.02577115222811699,-0.03360336273908615,-0.033373165875673294,-0.16994257271289825,0.05352264642715454,-0.14901700615882874,0.2554977834224701,0.35135895013809204,-0.19610163569450378,-0.04880499839782715,0.2297685593366623,0.043354280292987823,0.16933992505073547,-0.1838918924331665,-0.19329138100147247,-0.3438572287559509,-0.122134730219841,0.11443644762039185,0.19659408926963806,0.18700598180294037,-0.05657155439257622,-0.22135122120380402,-0.04674588516354561,-0.4569442868232727,-0.3531316816806793,-0.08041469752788544,0.248289555311203,-0.3421712815761566,0.2999129891395569,0.042607612907886505,0.02527218498289585,-0.7252459526062012,-0.01746555045247078,0.28622308373451233,0.014042782597243786,-0.038074761629104614,-0.01910693384706974,-0.24640242755413055,-0.0789727121591568,-0.08138729631900787,0.05007902532815933,0.046709608286619186,0.06923413276672363,-0.2670895457267761,-0.0474751777946949,0.33349692821502686,-0.07051379978656769,0.16229026019573212,-0.1412477046251297,0.19775967299938202,0.4948577284812927,0.1675308495759964,-0.039135269820690155,0.2978724241256714,-0.16733859479427338,-0.044747959822416306,-0.19441194832324982,0.13948853313922882,0.00550342071801424,-0.08369462192058563,-0.17463703453540802,-0.06873881816864014,0.5786759257316589,0.02335767075419426,0.3675282597541809,0.40434494614601135,-0.156901553273201,0.1323225200176239,0.12909172475337982,0.02329292520880699,0.17098037898540497,-0.18134382367134094,0.08283574134111404,-0.6204225420951843,-0.449636846780777,0.046026561409235,0.04675791785120964,0.11952798068523407,0.044505443423986435,0.08136200159788132,-0.10558854043483734,-0.45758360624313354,-0.10039015114307404,0.15194550156593323,0.03579491749405861,-0.1345350295305252,-0.01013614796102047,0.25578635931015015,0.06853904575109482,0.39902693033218384,-0.11687572300434113,0.08287133276462555,0.1563759595155716,-0.39840006828308105,-0.023197125643491745,0.3143746852874756,-0.2223816215991974,-0.08081990480422974,-0.009003939107060432,-0.17153635621070862,-0.13579268753528595,0.17586082220077515,0.12412641197443008,-0.2536899447441101,-0.09182637184858322,0.13064154982566833,0.03984110429883003,0.08352628350257874,-0.06875549256801605,0.12988963723182678,0.018753651529550552,0.19102928042411804,0.01893356628715992,-0.2690337300300598,-0.18130123615264893,-0.3271561563014984,-0.09141682088375092,-0.1773013174533844,0.11873700469732285,-0.2165510356426239,0.4797324240207672,-0.20927605032920837,-0.10654266923666,0.01403780560940504,-0.3357321321964264,-0.16559283435344696,0.04619826003909111,0.15146929025650024,-0.1388712227344513,-0.2624509334564209,0.11415132135152817,-0.3101523816585541,-0.15159909427165985,0.08762995153665543,0.007702055387198925,-0.16871528327465057,0.23060783743858337,-0.09934256970882416,0.10779838263988495,-0.05325574427843094,0.10315926373004913,0.23923411965370178,-0.18104791641235352,-0.2155691683292389,0.03359265998005867,-0.33101916313171387,-0.07522603124380112,-0.29393988847732544,-0.04867710918188095,0.20128865540027618,0.05391848087310791,0.3824179470539093,0.34076595306396484,-0.10058095306158066,0.218901589512825,0.3926261067390442,0.009890926070511341,-0.0733015164732933,-0.06216883659362793,0.1682622879743576,0.08415062725543976,-0.06525131314992905,-0.03861071914434433,-0.042968764901161194,-0.03849462419748306,-0.16011779010295868,0.06998459994792938,-0.09850399941205978,0.10978055000305176,0.0417555496096611,0.1767776906490326,-0.3407168984413147,-0.07731302827596664,-0.022611800581216812,0.02775626815855503,0.018794629722833633,-0.38863223791122437,-0.010894125327467918,0.26818516850471497,-0.19094450771808624,0.0294329933822155,-0.2920800745487213,0.09814158082008362,-0.45937418937683105,-0.09785840660333633,0.05270949751138687,-0.16140131652355194,-0.07258236408233643,0.11816958338022232,0.15595421195030212,-0.6211885213851929,-0.21629337966442108,0.31245702505111694,-0.11131826788187027,0.1574324369430542,-0.15385262668132782,0.2533983290195465,0.20843741297721863
CID000000772,35,-0.09439337253570557,0.3204602599143982,0.18327072262763977,0.6126724481582642,-0.6105847954750061,0.06796038895845413,0.1640326976776123,0.2837863564491272,0.1720234453678131,0.3549829125404358,-0.1478719413280487,-0.2527969479560852,-0.1522386074066162,0.19190117716789246,-0.09231597185134888,-0.04454362764954567,0.08062964677810669,0.07833459228277206,0.1432924121618271,-0.4299484193325043,0.10485309362411499,-0.14466093480587006,0.18391263484954834,-0.8104382753372192,0.03624277561903,0.07283470779657364,-0.044235095381736755,-0.20174798369407654,-0.09495124965906143,0.12489660084247589,-0.16222038865089417,0.01594812236726284,0.18737611174583435,-0.0625729113817215,-0.029439777135849,0.16065341234207153,0.04879029840230942,0.3495525121688843,0.08132096379995346,-0.25837379693984985,-0.1442601978778839,0.19965580105781555,0.0858139768242836,0.1320682317018509,0.02976766601204872,0.12967346608638763,-0.08226877450942993,-0.12716999650001526,0.03293649107217789,0.05794919654726982,0.3558681607246399,-0.08742514252662659,-0.24927595257759094,-0.024897318333387375,0.046228598803281784,-0.039821963757276535,0.134536474943161,-0.06824533641338348,0.17266571521759033,0.08386603742837906,-0.04664656147360802,-0.28128066658973694,-0.17313537001609802,-0.27733567357063293,0.10832176357507706,0.3086259365081787,-0.2815680503845215,0.14442449808120728,0.0666428953409195,0.2629165053367615,0.038507115095853806,-0.061906278133392334,-0.1480015367269516,-0.44329628348350525,0.05756523460149765,0.1082068681716919,0.2185927927494049,-0.043598853051662445,-0.169997900724411,-0.1581505835056305,0.1377725750207901,-0.17889706790447235,-0.29231587052345276,0.2666561007499695,0.21169939637184143,-0.09393437206745148,0.015258131548762321,0.06201329082250595,0.11390133947134018,-0.4955507814884186,-0.001851242734119296,-0.027612989768385887,0.020569708198308945,-0.17328450083732605,-0.24411232769489288,-0.34567326307296753,0.024812232702970505,-0.10189368575811386,-0.011730188503861427,-0.14654268324375153,0.08093808591365814,0.11270394176244736,0.10452500730752945,0.11824376881122589,0.04511914402246475,0.06916557252407074,0.20338480174541473,-0.20520663261413574,0.3937324583530426,-0.001390925026498735,0.0898117646574974,0.22841393947601318,-0.05462400242686272,-0.40785273909568787,-0.1806681603193283,0.2640931010246277,-0.20712807774543762,-0.20634834468364716,-0.11271169036626816,0.2739641070365906,0.8210360407829285,-0.2614921033382416,0.09606780856847763,0.4301605820655823,-0.3865332007408142,0.4366459250450134,-0.05275282263755798,-0.16179299354553223,-0.07175588607788086,0.07066579908132553,0.18303091824054718,-0.6742718815803528,-0.5906134843826294,0.04677141457796097,0.33113497495651245,0.3498305082321167,0.15196135640144348,0.315757155418396,0.06426934897899628,-0.09172539412975311,-0.07308049499988556,0.3203270435333252,0.14448051154613495,0.008945366367697716,-0.07345317304134369,0.02686154842376709,-0.004831093363463879,0.4895420968532562,-0.017256613820791245,0.2099882811307907,0.04352913051843643,-0.5887249112129211,-0.05396450683474541,-0.12918975949287415,0.023102715611457825,-0.18434524536132812,0.029820865020155907,-0.1543952077627182,0.20812277495861053,-0.032755590975284576,-0.006805866956710815,0.1771935671567917,0.054891087114810944,-0.044211484491825104,-0.1760307252407074,0.13975898921489716,0.05109260231256485,-0.10056965053081512,0.007988802157342434,-0.01656968519091606,0.11630748212337494,0.05928260087966919,-0.19285890460014343,-0.18423280119895935,0.14388638734817505,0.010856406763195992,0.2216435968875885,0.1323666274547577,0.6195334196090698,-0.049661677330732346,-0.47583991289138794,0.09458627551794052,-0.1448529213666916,-0.036099620163440704,0.1343250572681427,0.02925971709191799,-0.041374530643224716,-0.00019603967666625977,0.223519966006279,-0.42634138464927673,0.06981036812067032,0.10421741008758545,-0.14331188797950745,-0.31988874077796936,0.33075785636901855,0.15119504928588867,0.08272375166416168,-0.08014232665300369,-0.00491605419665575,0.11161664873361588,-0.2842552065849304,-0.4777815341949463,0.08132877200841904,0.01787116751074791,-0.13484999537467957,-0.08880146592855453,-0.04922189190983772,0.12388898432254791,0.2688087821006775,0.5586578249931335,0.19492271542549133,0.42724066972732544,0.11764738708734512,0.15822628140449524,0.1580062359571457,0.076797254383564,0.29267826676368713,0.43365049362182617,0.06834844499826431,0.16164551675319672,-0.20987538993358612,0.03444581478834152,-0.19774827361106873,-0.11789415031671524,-0.06342221796512604,-0.14086651802062988,0.17821845412254333,-0.044521696865558624,0.08808748424053192,0.31240689754486084,-0.04814556613564491,0.3713870346546173,0.20416684448719025,-0.03776899725198746,0.09473736584186554,0.198128342628479,0.6761587858200073,-0.5095441341400146,0.051713086664676666,-0.2987098693847656,-0.058518074452877045,-0.4471609592437744,-0.06422922015190125,0.2499639093875885,-0.0005368307465687394,-0.11792634427547455,0.053869735449552536,-0.08448338508605957,-0.6967513561248779,-0.25077858567237854,0.21440085768699646,-0.04720576852560043,0.2614648938179016,-0.41109782457351685,-0.011481028981506824,0.13727936148643494
CID000003672,36,0.47682228684425354,-0.05820464342832565,0.2496815174818039,0.4316365718841553,-0.24888265132904053,0.1360737532377243,-0.07695040106773376,0.30731648206710815,-0.05082809180021286,0.2236642837524414,-0.29260388016700745,0.09971654415130615,0.138448104262352,0.08233071863651276,-0.23756563663482666,-0.0484204962849617,-0.1455318033695221,-0.03231055662035942,-0.03355458006262779,-0.5787484049797058,0.37209612131118774,-0.06658176332712173,0.006230175495147705,-0.7249953746795654,-0.3677213788032532,0.11558707058429718,-0.3729516863822937,-0.08128095418214798,0.0008069082978181541,-0.11838521808385849,-0.06415275484323502,0.39747875928878784,0.060636602342128754,0.18022385239601135,0.02044740878045559,0.03865039348602295,0.4616900086402893,-0.28535735607147217,0.05936502292752266,-0.16644619405269623,0.013865756802260876,-0.021622151136398315,-0.027893105521798134,-0.39514896273612976,-0.029123583808541298,0.3784103989601135,-0.09306542575359344,0.18033501505851746,-0.21006281673908234,0.05105848237872124,0.5443586707115173,0.2191675454378128,0.012521314434707165,-0.026135921478271484,0.06483204662799835,-0.22465002536773682,-0.00379200279712677,0.3021799921989441,-0.046159472316503525,0.06923595815896988,-0.2582660913467407,-0.2770557403564453,0.1023515835404396,-0.17610149085521698,0.11186541616916656,0.6125737428665161,-0.3824325203895569,0.2800403833389282,-0.01615072786808014,-0.0709531232714653,0.09689036011695862,0.06977404654026031,-0.36793985962867737,-0.3439711928367615,-0.043472833931446075,0.17116840183734894,-0.016767457127571106,-0.15046676993370056,-0.11840697377920151,-0.018797004595398903,0.1657608449459076,-0.6009134650230408,-0.34499114751815796,0.15402016043663025,-0.0753251165151596,-0.07683420926332474,0.392566978931427,-0.0985058918595314,0.107798732817173,-0.9197537302970886,0.05176392197608948,-0.047524042427539825,0.03526005148887634,-0.19829556345939636,-0.12637396156787872,-0.43704432249069214,-0.09653852134943008,0.0063225687481462955,-0.007020056247711182,0.8643206357955933,0.04788581654429436,0.18939033150672913,-0.09790514409542084,0.2866300046443939,-0.27579790353775024,0.04239039868116379,-0.06246447563171387,-0.1383497714996338,0.6202895045280457,0.16705921292304993,0.06795099377632141,0.1587911695241928,-0.07202430814504623,-0.2236127108335495,-0.03218808025121689,0.04910431429743767,-0.20107582211494446,0.0025213719345629215,0.006897040642797947,0.17102578282356262,0.7539646029472351,-0.08953678607940674,0.3280578553676605,0.22100968658924103,-0.06647887080907822,0.04749036952853203,-0.07042423635721207,-0.03211400657892227,0.11688528209924698,0.018594570457935333,0.3940912187099457,-0.6815469861030579,-0.24427005648612976,0.19143326580524445,0.18350045382976532,-0.09065653383731842,0.025227908045053482,0.09477810561656952,0.025084327906370163,-0.5562993288040161,-0.40188270807266235,0.1267610639333725,0.2285653054714203,-0.17619046568870544,0.1215861439704895,0.18869812786579132,0.04867760092020035,0.5400474667549133,-0.0835205540060997,0.1417902708053589,0.08952678740024567,-0.43983322381973267,0.2861241102218628,0.4405602514743805,-0.31262266635894775,-0.09411697089672089,-0.18035975098609924,-0.05258291959762573,0.12299923598766327,0.2913408875465393,0.01366332732141018,0.007454919628798962,-0.00893518328666687,0.05268858000636101,-0.21203041076660156,-0.3329232633113861,-0.3428993821144104,0.22802691161632538,0.1405901461839676,0.19478026032447815,-0.07730021327733994,-0.21843118965625763,-0.3029589354991913,-0.4495479464530945,0.017730507999658585,0.06908049434423447,-0.04272376745939255,-0.1639934778213501,0.6776046752929688,-0.190303772687912,-0.04757298156619072,-0.07358328998088837,-0.20743346214294434,-0.2510574460029602,0.4207533895969391,0.14948543906211853,-0.5306621193885803,0.119029201567173,-0.20747406780719757,-0.2998993396759033,0.006199830677360296,0.16539523005485535,0.10109947621822357,-0.10634329169988632,0.35209423303604126,0.07090121507644653,0.06964750587940216,-0.008588490076363087,0.18998339772224426,-0.06102670356631279,-0.15785232186317444,-0.2695023715496063,0.19124776124954224,-0.09779421240091324,-0.029958177357912064,-0.0345357321202755,0.1166326254606247,0.03447438403964043,0.18440118432044983,0.5185694098472595,0.29729360342025757,0.13972246646881104,0.29809290170669556,0.2596888542175293,-0.15780051052570343,-0.6862894892692566,0.32864367961883545,0.18042606115341187,0.15352526307106018,0.019903749227523804,-0.05983167886734009,-0.03997113183140755,-0.23395028710365295,-0.34219759702682495,-0.19616341590881348,-0.16152305901050568,0.07305173575878143,-0.017726382240653038,-0.07691148668527603,0.1539536565542221,-0.1091214045882225,0.07659099251031876,0.2786470055580139,-0.05355188250541687,-0.12463711202144623,-0.042158737778663635,0.415382444858551,-0.20290763676166534,0.09085555374622345,0.04205121099948883,0.12671640515327454,-0.6465107798576355,0.07705333083868027,0.13606815040111542,-0.17037108540534973,-0.10681799799203873,-0.05222572013735771,0.1944955289363861,-0.7776668071746826,-0.2513855993747711,0.31632187962532043,-0.05732922628521919,-0.029944609850645065,0.04206496477127075,0.14417625963687897,-0.12192920595407486
CID000004583,37,0.07574142515659332,0.3696382939815521,0.3339003026485443,0.48286527395248413,-0.37571099400520325,0.06973610073328018,0.3221275210380554,0.33713796734809875,-0.01013418473303318,0.33159229159355164,-0.05424238368868828,-0.10240969806909561,-0.026783013716340065,0.4107709527015686,-0.17437545955181122,0.015825476497411728,0.04685666412115097,0.015995968133211136,0.14726240932941437,-0.39213788509368896,-0.09624864161014557,-0.23884108662605286,0.05630463361740112,-0.7901422381401062,-0.02003159373998642,0.26521584391593933,-0.14062818884849548,-0.2661617398262024,0.009367155842483044,0.32417032122612,-0.2205066680908203,0.2289709597826004,-0.16178485751152039,0.052563946694135666,-0.09903539717197418,0.07874353229999542,0.28537413477897644,0.29345935583114624,0.1379445195198059,-0.32096853852272034,-0.09463552385568619,0.019315490499138832,0.20222525298595428,0.03726043552160263,-0.14417549967765808,0.19944851100444794,0.07467067241668701,0.018804483115673065,0.4060652256011963,0.0970756784081459,0.43706339597702026,-0.15271618962287903,-0.32537731528282166,0.02714795246720314,0.11148135364055634,-0.15552648901939392,0.09828398376703262,0.1537313163280487,0.2803569436073303,-0.05740614980459213,-0.45145875215530396,-0.47063660621643066,0.11317064613103867,-0.2671980857849121,0.1453075110912323,0.5223227739334106,-0.386168509721756,-0.0851682648062706,0.16714315116405487,0.24506978690624237,-0.10502191632986069,-0.017216164618730545,-0.27284398674964905,-0.44280949234962463,-0.1758323609828949,-0.05986427515745163,-0.12563998997211456,-0.14042314887046814,-0.12561355531215668,0.1833978295326233,-0.03334949165582657,-0.24832789599895477,-0.2582418620586395,-0.12092731893062592,0.1299062967300415,0.10812824964523315,0.23162993788719177,0.12742432951927185,0.10357153415679932,-0.5533132553100586,-0.059474267065525055,0.21748626232147217,-0.1566794216632843,0.06565115600824356,-0.15139447152614594,-0.27543094754219055,-0.07220343500375748,-0.016052160412073135,0.027848463505506516,0.15188153088092804,0.03948478028178215,-0.0014584183227270842,-0.005850537214428186,0.268713116645813,0.20910196006298065,0.008242103271186352,0.07163088023662567,0.16523876786231995,0.309682697057724,-0.29381340742111206,0.13016042113304138,0.024784566834568977,-0.217195063829422,-0.22524118423461914,-0.12250349670648575,0.25091734528541565,-0.09221935272216797,0.00997147522866726,-0.16096995770931244,0.45793336629867554,0.5418505668640137,-0.3138413727283478,0.14993903040885925,0.30369746685028076,-0.330975741147995,0.4042896330356598,0.06307771056890488,0.08395586907863617,0.27062466740608215,-0.19561830163002014,0.3234935402870178,-0.5128174424171448,-0.3755266070365906,0.11419142782688141,0.2991667687892914,0.09265198558568954,0.025941869243979454,0.27792343497276306,0.17864087224006653,-0.06459412723779678,-0.2827945649623871,0.47796741127967834,0.21697434782981873,0.00021359921083785594,0.032383136451244354,0.2751099169254303,-0.24712923169136047,0.3693115711212158,0.32801514863967896,0.31983259320259094,0.10713577270507812,-0.20672576129436493,-0.08465663343667984,0.164572075009346,-0.31168317794799805,-0.26875030994415283,0.04746156558394432,-0.410282701253891,0.11321564018726349,0.2812073826789856,0.09221161901950836,-0.07948917895555496,0.04996353015303612,-0.06202958896756172,-0.31767767667770386,0.031058629974722862,-0.19305400550365448,0.340079665184021,-0.017997130751609802,0.12029628455638885,0.1983203887939453,0.05815710872411728,-0.22981616854667664,-0.11802347004413605,0.10019738972187042,-0.10090775787830353,0.47819632291793823,-0.1586417853832245,0.4716699719429016,0.12243346124887466,-0.08082304149866104,0.2922946512699127,-0.18798387050628662,-0.07879289239645004,0.02229895628988743,0.18155662715435028,0.029296493157744408,-0.1900392770767212,-0.03910452127456665,-0.44222918152809143,0.022405197843909264,0.09201230108737946,-0.06798096001148224,-0.17521481215953827,0.3118878901004791,-0.008442416787147522,0.17183217406272888,-0.1825796514749527,0.1755015254020691,-0.07145913690328598,0.1406095325946808,-0.4275659918785095,0.12745951116085052,-0.3444353938102722,0.026751955971121788,-0.10316355526447296,0.1089382916688919,-0.1588747501373291,0.41316184401512146,0.5664466619491577,0.3561192750930786,0.055299513041973114,0.22364333271980286,0.1801900863647461,0.23856596648693085,-0.4710312485694885,0.2094016820192337,0.05685340240597725,0.057814233005046844,-0.17568543553352356,-0.07336021214723587,0.03408850356936455,-0.0579458586871624,-0.24313731491565704,-0.0762762576341629,-0.09246066212654114,0.12056635320186615,-0.4196547865867615,-0.013994554057717323,0.06257855147123337,0.01963271014392376,0.01826212927699089,0.19394290447235107,-0.005189612507820129,0.0579475536942482,-0.06915877759456635,0.5747352838516235,-0.7986524701118469,0.04097199812531471,-0.08576132357120514,0.21121013164520264,-0.25731155276298523,-0.18348215520381927,0.2376694232225418,0.06503994762897491,0.006483054254204035,0.21123123168945312,-0.39625903964042664,-0.610663890838623,-0.08189916610717773,0.26073604822158813,-0.12094233930110931,0.2002602070569992,-0.34173303842544556,0.07169001549482346,-0.06709741801023483
CID000003639,40,0.6340280771255493,-0.014656702056527138,0.07465420663356781,0.40761011838912964,-0.40240612626075745,0.23109836876392365,0.24196723103523254,0.2312549352645874,-0.037552107125520706,0.38029006123542786,0.37170082330703735,-0.035188138484954834,-0.015374571084976196,0.23889732360839844,-0.16921551525592804,-0.11283829063177109,-0.14036555588245392,-0.19736413657665253,0.10644032806158066,-0.41628462076187134,-0.0032380104530602694,-0.25122302770614624,-0.01498500071465969,-0.749917209148407,0.21637149155139923,0.1202738881111145,-0.06774427741765976,0.05455337092280388,-0.10405795276165009,0.0664699375629425,-0.05835163593292236,0.15708933770656586,-0.12215153872966766,-0.18376925587654114,0.017071716487407684,0.03584718704223633,0.1232522502541542,0.04655591398477554,0.11635557562112808,-0.007029989268630743,0.10565447807312012,-0.28404325246810913,0.3666587173938751,-0.18673452734947205,-0.26875394582748413,0.3053615689277649,-0.08274564892053604,0.09282450377941132,0.15398868918418884,0.2656744718551636,0.3092619776725769,0.24425125122070312,-0.23336920142173767,-0.12126873433589935,-0.05494524911046028,-0.03427784517407417,0.07629888504743576,0.24836555123329163,0.11191916465759277,0.3031044900417328,-0.18216869235038757,-0.2964949905872345,0.04621312394738197,0.06182873994112015,0.10183972120285034,0.4349347651004791,-0.16962125897407532,-0.05242842435836792,0.057381998747587204,0.019014833495020866,0.18206527829170227,-0.04493080452084541,-0.2334352433681488,-0.46451178193092346,-0.2642673850059509,0.20435738563537598,0.09362582862377167,0.06582670658826828,-0.020629853010177612,-0.1364087611436844,0.045937009155750275,-0.764868974685669,-0.3450130820274353,0.21509650349617004,0.03911086916923523,-0.061757892370224,0.32002484798431396,0.04401233047246933,-0.13219711184501648,-0.69623202085495,-0.09447140991687775,0.24864383041858673,0.1300746500492096,0.2008000910282135,-0.024005591869354248,-0.2859649062156677,-0.20232835412025452,-0.10574094951152802,-0.04458799213171005,0.6564552187919617,-0.2188074141740799,0.04191616177558899,-0.04915228486061096,0.2303844392299652,0.07213156670331955,0.07127858698368073,-0.17991279065608978,0.09120449423789978,0.4749818742275238,-0.21600857377052307,-0.025423329323530197,0.1427423059940338,0.05984978750348091,-0.19280855357646942,0.21469609439373016,0.17321816086769104,0.0002610504743643105,0.026225391775369644,0.038597095757722855,0.25372621417045593,0.6457902789115906,-0.15231315791606903,0.20135417580604553,0.09392586350440979,0.13963459432125092,0.24500998854637146,-0.09262216091156006,0.01752861961722374,0.12146183103322983,0.03802630305290222,0.11837489902973175,-0.4714148938655853,-0.5493501424789429,0.20968499779701233,0.3111554682254791,-0.1481986939907074,-0.12287161499261856,0.390790194272995,-0.3243909478187561,-0.16577720642089844,-0.3304831385612488,0.2427566945552826,0.05247475579380989,-0.06967605650424957,-0.04094279184937477,0.01703767105937004,-0.1433192938566208,0.43190592527389526,0.16291740536689758,0.10826406627893448,-0.06698431074619293,-0.3186829686164856,-0.14452728629112244,0.42263850569725037,-0.26009517908096313,-0.052450764924287796,-0.012994460761547089,0.004868820309638977,0.08665318787097931,0.20454075932502747,-0.054437946528196335,0.21422114968299866,-0.06963502615690231,0.09830009937286377,-0.014129978604614735,-0.2015664130449295,-0.16802529990673065,0.23877079784870148,0.005803638603538275,0.26183953881263733,0.1402478963136673,-0.21743592619895935,-0.22997036576271057,-0.15500347316265106,-0.018459917977452278,-0.0019743205048143864,0.022404026240110397,-0.15178313851356506,0.43304330110549927,-0.12322688102722168,0.1269327700138092,-0.05472337082028389,-0.018758267164230347,-0.11938593536615372,0.10839424282312393,0.2280666083097458,-0.16941183805465698,-0.22439482808113098,-0.1889268457889557,-0.2966158092021942,-0.0900774821639061,-0.00785961002111435,0.24811506271362305,-0.014604831114411354,0.1306993067264557,-0.1274820864200592,-0.11731735616922379,0.11893471330404282,0.020413493737578392,-0.02372659370303154,-0.015344318933784962,-0.3395397961139679,0.21786732971668243,-0.35715895891189575,-0.13031727075576782,-0.11337675899267197,-0.09408138692378998,0.0587269552052021,0.031165998429059982,0.32585838437080383,0.36059117317199707,0.26015505194664,0.2487921267747879,0.17681464552879333,0.004051527474075556,-0.4354383051395416,-0.2968939244747162,0.11226485669612885,0.04426794499158859,-0.015300258994102478,-0.059196650981903076,-0.20020249485969543,-0.12131103128194809,-0.23432011902332306,-0.08971656858921051,-0.16872677206993103,0.009599059820175171,0.03190212696790695,-0.13921287655830383,0.04483466595411301,-0.13094472885131836,-0.09879854321479797,0.16063298285007477,-0.007475221063941717,-0.18632590770721436,0.0035451948642730713,0.4020867347717285,-0.4879971444606781,0.041533805429935455,-0.11826381832361221,0.0027729556895792484,-0.3698994815349579,0.18876174092292786,0.375756174325943,0.03783818706870079,-0.05971260741353035,-0.0018868923652917147,0.044522516429424286,-0.6367824673652649,-0.14319317042827606,0.2722678780555725,-0.32238659262657166,-0.040796928107738495,-0.2949708104133606,0.12577301263809204,-0.0034571699798107147
CID000004585,41,0.06858997046947479,0.0734444335103035,-0.05888495594263077,0.28438061475753784,-0.3423018455505371,0.04354313760995865,0.2555568218231201,0.2673809230327606,0.03383801504969597,0.11846642196178436,0.08399961143732071,0.1948131024837494,0.09146320074796677,0.16517409682273865,-0.25134044885635376,-0.031832627952098846,-0.13965129852294922,-0.055955130606889725,0.07360132038593292,-0.4642878472805023,-0.04430282860994339,-0.2224699705839157,0.04138375073671341,-0.8373977541923523,0.04889890179038048,0.12656806409358978,-0.08935920149087906,-0.05843823403120041,0.09870222955942154,0.1427813619375229,-0.23394334316253662,0.20904073119163513,0.10478641837835312,0.23938646912574768,-0.010038734413683414,-0.1671396642923355,0.010129198431968689,-0.002520990325137973,0.17068247497081757,-0.10211211442947388,-0.10360201448202133,-0.2900513708591461,0.12341947853565216,-0.26515430212020874,-0.07907943427562714,0.467020183801651,0.1136222705245018,-0.010319260880351067,0.0965014174580574,0.0542609877884388,0.15437301993370056,0.15409046411514282,-0.2109653204679489,-0.006991922855377197,0.15126463770866394,-0.10979460179805756,0.009610150940716267,0.13581261038780212,-0.004057641141116619,0.0045221177861094475,-0.06480328738689423,-0.2533021569252014,-0.07417323440313339,0.030126309022307396,0.2894151508808136,0.42737865447998047,-0.16702426970005035,-0.13641878962516785,0.16249552369117737,0.05733310431241989,0.05871899053454399,0.0936843603849411,-0.293729692697525,-0.3844500184059143,-0.263011634349823,-0.0803082138299942,0.1351831704378128,0.20355060696601868,-0.13767746090888977,0.0006435841205529869,0.15675042569637299,-0.41032594442367554,-0.2475847750902176,-0.1340446174144745,-0.02692723646759987,-0.20284441113471985,0.19750535488128662,0.02767455019056797,-0.07502612471580505,-0.666711688041687,-0.17772279679775238,0.3231954276561737,-0.02264704927802086,0.13723841309547424,0.019102325662970543,-0.21924273669719696,-0.07464785873889923,0.21239538490772247,-0.09740561991930008,0.09714841097593307,-0.2346615344285965,-0.15443679690361023,-0.05201200768351555,0.2968158721923828,0.1430785208940506,0.1306128203868866,0.03809480741620064,0.25274163484573364,0.4790705144405365,-0.042145173996686935,-0.12368662655353546,0.20904123783111572,-0.13608737289905548,-0.033664848655462265,0.0466979518532753,0.12733657658100128,-0.03920210152864456,-0.11357776820659637,-0.12736734747886658,0.19417957961559296,0.5661465525627136,-0.11210576444864273,0.350529283285141,0.28631284832954407,-0.08269503712654114,0.1611989587545395,0.036937057971954346,0.03099849447607994,0.26251426339149475,-0.07633426785469055,0.014349594712257385,-0.47763118147850037,-0.3319149911403656,-0.008445218205451965,0.19666847586631775,-0.1156059056520462,-0.004811286926269531,0.15716007351875305,-0.17061787843704224,-0.30456534028053284,-0.2330622375011444,0.08092330396175385,0.06620685756206512,-0.15403316915035248,0.0177155714482069,0.23879417777061462,-0.11411184072494507,0.3187991678714752,0.10347545146942139,0.14884212613105774,0.20130190253257751,-0.22842355072498322,-0.11221767961978912,0.2245282232761383,-0.2664954662322998,-0.13734778761863708,-0.06425375491380692,-0.1446300446987152,0.11300194263458252,0.2982390820980072,-0.16450151801109314,-0.1628970205783844,0.013194573111832142,0.0003160297928843647,-0.004923613276332617,-0.14250634610652924,-0.22225375473499298,0.10643351078033447,-0.18543031811714172,0.1622060388326645,0.1147969514131546,-0.16830961406230927,-0.18621404469013214,-0.2945776879787445,0.04458478093147278,-0.09638352692127228,0.14688149094581604,-0.20404787361621857,0.3117893636226654,-0.08551739156246185,0.11492075771093369,-0.0005318581825122237,-0.24398283660411835,-0.1491805762052536,0.1121319979429245,0.21470800042152405,-0.22836419939994812,-0.04951959848403931,-0.04963896423578262,-0.33541518449783325,0.03964001312851906,0.004917574115097523,0.1847325563430786,0.13737809658050537,0.16884902119636536,-0.19940726459026337,0.08650471270084381,-0.04413682967424393,0.10629317909479141,-0.0952376127243042,0.18086662888526917,-0.2297508716583252,-0.085605189204216,-0.4386608600616455,-0.10908180475234985,-0.18265759944915771,-0.1713348627090454,-0.05900521203875542,-0.03925861045718193,0.3584097921848297,0.34407299757003784,-0.10745590925216675,0.3184455931186676,0.17036716639995575,0.07170731574296951,-0.17416825890541077,-0.10751454532146454,0.07667604833841324,0.11274740844964981,-0.13272498548030853,-0.08864491432905197,-0.23989030718803406,6.237626075744629e-05,-0.1670171469449997,0.0029572187922894955,0.13727477192878723,0.06466750800609589,0.021673545241355896,-0.04557250067591667,-0.33200374245643616,-0.09224846959114075,-0.20871829986572266,0.15840670466423035,0.04083907604217529,-0.13701245188713074,-0.1592637300491333,0.23345263302326202,-0.25851672887802124,0.16432738304138184,-0.2368539273738861,0.20288269221782684,-0.40991050004959106,0.21982455253601074,0.20276018977165222,-0.07160161435604095,0.018480271100997925,0.03783984109759331,0.058720916509628296,-0.5724552869796753,-0.2108401507139206,0.2746960520744324,-0.2160632163286209,0.1933884173631668,-0.16696476936340332,0.2909267544746399,0.04797010123729706
CID000003899,42,0.10056895017623901,-0.006235870532691479,0.023930052295327187,0.342047780752182,-0.3442801833152771,0.1300591379404068,0.18492144346237183,0.3727981448173523,0.04494272917509079,0.22802987694740295,0.20961499214172363,0.20061194896697998,-0.02047705091536045,0.018366241827607155,-0.24511079490184784,-0.03373280167579651,-0.19400867819786072,-0.05313265323638916,0.11796729266643524,-0.4533873200416565,0.12288565933704376,-0.2266298532485962,0.10233326256275177,-0.7850362062454224,-0.053452592343091965,0.1390906572341919,-0.1377335786819458,-0.08723422139883041,-0.04704125225543976,0.03283197432756424,-0.03652328997850418,0.24804195761680603,0.032464370131492615,0.01749894581735134,0.019443504512310028,-0.17887240648269653,0.20448312163352966,-0.06476105749607086,0.24463677406311035,-0.2034241408109665,-0.01102891843765974,-0.3728577792644501,0.21654744446277618,-0.24761560559272766,-0.2525007724761963,0.44446420669555664,-0.04334066063165665,-0.0002464294375386089,-0.03142232447862625,-0.016654711216688156,0.21772153675556183,0.10959072411060333,-0.14392204582691193,-0.0036220564506947994,0.15236569941043854,-0.0971330925822258,-0.015034740790724754,0.24599361419677734,-0.06355854123830795,0.1389191448688507,-0.24887609481811523,-0.31082749366760254,0.1002424955368042,0.06869714707136154,0.31904080510139465,0.47475749254226685,-0.29126209020614624,-0.11697455495595932,0.1880456656217575,0.10299573838710785,0.026818936690688133,0.04405675455927849,-0.3471241593360901,-0.4016897678375244,-0.21771518886089325,0.06851597130298615,0.23030003905296326,0.18585070967674255,-0.033144086599349976,-0.04908866807818413,-0.10594602674245834,-0.6181386709213257,-0.2667279839515686,0.12288330495357513,0.04204728454351425,-0.07514241337776184,0.15755042433738708,0.07222490757703781,-0.005338108632713556,-0.6751679182052612,-0.028802406042814255,0.15007546544075012,-0.035023968666791916,-0.03224406763911247,-0.17954763770103455,-0.3313145041465759,-0.2502671778202057,0.18205681443214417,-0.1811237633228302,0.11882498115301132,-0.16146337985992432,-0.009597336873412132,-0.010274456813931465,0.33075493574142456,0.16922351717948914,0.013421609997749329,-0.3046519160270691,0.11356141418218613,0.4672779142856598,-0.19423124194145203,-0.04740025848150253,0.20617368817329407,-0.02791472151875496,-0.07473124563694,0.16645577549934387,0.10764358192682266,-0.009671767242252827,0.05625415965914726,-0.045995570719242096,0.25857478380203247,0.5666021108627319,-0.129012793302536,0.3168799877166748,0.28045445680618286,-0.17289239168167114,0.13910889625549316,0.002020904328674078,0.044092461466789246,0.24238911271095276,-0.049570728093385696,0.23631052672863007,-0.5470443964004517,-0.49026936292648315,0.19035305082798004,0.2376638948917389,-0.23193016648292542,-0.06518398225307465,0.23477964103221893,-0.21321317553520203,-0.31205904483795166,-0.2905985713005066,0.1892973631620407,0.02746768668293953,-0.08688116073608398,-0.024957960471510887,0.24655289947986603,-0.13796766102313995,0.2659512460231781,-0.05431352183222771,0.14387190341949463,0.054742373526096344,-0.1947667896747589,0.01173984445631504,0.2625509202480316,-0.337955117225647,-0.2358977347612381,-0.06327983736991882,0.061829425394535065,0.024204503744840622,0.24430206418037415,0.009987781755626202,0.027810554951429367,-0.019196143373847008,-0.07572045177221298,-0.14343157410621643,-0.25484132766723633,-0.17472772300243378,0.16857030987739563,-0.061423350125551224,0.21968987584114075,0.04770181328058243,-0.2951221168041229,-0.25113174319267273,-0.27806928753852844,0.0015770376194268465,-0.08373439311981201,0.15408512949943542,-0.21328148245811462,0.318644255399704,0.01379589457064867,0.18908318877220154,0.003382578492164612,-0.1513470709323883,-0.3107448220252991,0.08744603395462036,0.34811392426490784,-0.2730453908443451,-0.07624674588441849,-0.13262420892715454,-0.2777511477470398,-0.03585601970553398,0.008560309186577797,0.2851552367210388,0.15890249609947205,0.1831441968679428,-0.18966810405254364,0.0793892964720726,-0.008463194593787193,0.09528529644012451,-0.0954778641462326,0.1847517341375351,-0.4010751247406006,-0.012677798047661781,-0.24307957291603088,-0.3294509947299957,-0.14506259560585022,-0.1463308483362198,-0.04640014097094536,-0.025710320100188255,0.37717702984809875,0.3141515851020813,0.2099541425704956,0.34405994415283203,0.17033560574054718,0.04503927007317543,-0.10353808104991913,-0.16535799205303192,0.06536208093166351,0.16135528683662415,-0.03246084973216057,-0.09477703273296356,-0.09407177567481995,-0.22950133681297302,-0.23844806849956512,-0.09556872397661209,0.16139662265777588,0.11258293688297272,-0.03616848587989807,0.020748885348439217,0.014902892522513866,-0.07544855773448944,-0.146324023604393,0.24296383559703827,-0.024394972249865532,-0.3554781973361969,-0.06743473559617996,0.2904077470302582,-0.3673434555530548,0.1654716283082962,-0.13441529870033264,0.0709032490849495,-0.35848671197891235,0.21415066719055176,0.291849285364151,0.010963702574372292,-0.07345513999462128,0.037799686193466187,0.04101945087313652,-0.6603682637214661,-0.20524299144744873,0.3503514528274536,-0.3049887716770172,0.2180531769990921,-0.3261808753013611,0.1369478553533554,0.009037124924361706
CID000004616,43,0.31045204401016235,-0.08054593205451965,0.21684236824512482,0.15934723615646362,-0.25124290585517883,0.239549919962883,0.14910531044006348,0.5149084329605103,-0.021314723417162895,0.14402103424072266,0.20030227303504944,0.2036164104938507,-0.06376278400421143,0.10483119636774063,-0.28720593452453613,-0.23932652175426483,-0.16095900535583496,-0.11951138079166412,0.1114387959241867,-0.4817063808441162,0.12347082048654556,-0.3061061501502991,-0.04109755530953407,-0.7181169986724854,-0.1773987114429474,0.0806104764342308,-0.19976480305194855,-0.05411159247159958,-0.15392516553401947,0.3459410071372986,-0.09391367435455322,0.3914397656917572,-0.16585050523281097,-0.22209909558296204,0.06025934964418411,0.17256027460098267,0.1844540536403656,0.03324826806783676,0.175676628947258,-0.11868678033351898,-0.043672166764736176,-0.2646389305591583,-0.035624150186777115,-0.13632014393806458,-0.3621024489402771,0.45457807183265686,-0.11860275268554688,0.03337389603257179,-0.04458903521299362,-0.017097335308790207,0.30224862694740295,-0.020859841257333755,-0.2968875765800476,-0.1343822181224823,0.39373892545700073,-0.1813516914844513,0.22877848148345947,0.3233841359615326,-0.0046800849959254265,-0.0014415502082556486,-0.3477807641029358,-0.5640583038330078,-0.03151374310255051,-0.30503299832344055,0.3055274784564972,0.5279384255409241,-0.14827458560466766,-0.2835237681865692,0.1943105310201645,0.20235927402973175,-0.12003017961978912,0.1556643396615982,-0.3772292733192444,-0.389064759016037,-0.5330320596694946,-0.15916208922863007,-0.006159952376037836,-0.005539107136428356,-0.01566087268292904,-0.036249469965696335,0.25171980261802673,-0.3888746201992035,-0.3504241108894348,0.30965834856033325,-0.036221735179424286,-0.3140024244785309,0.3791486620903015,-0.018284320831298828,-0.09666166454553604,-0.6282368898391724,-0.06293265521526337,0.40108388662338257,-0.023620083928108215,0.05884908512234688,-0.16421619057655334,-0.34312674403190613,-0.12280549854040146,-0.07796020805835724,0.04850592091679573,0.36264556646347046,-0.20993125438690186,0.013503050431609154,-0.004570427350699902,0.4148986339569092,0.09165798872709274,0.14428532123565674,-0.07842887938022614,-0.04512479901313782,0.4322621822357178,0.11507020145654678,-0.12234578281641006,-0.014645772986114025,-0.16498678922653198,-0.03722018003463745,-0.24035564064979553,0.24292966723442078,-0.053487516939640045,-0.11560352146625519,-0.17703330516815186,0.3111562132835388,0.43607932329177856,-0.17320919036865234,0.452963650226593,0.3171582818031311,0.15640559792518616,0.17362584173679352,-0.06131773442029953,0.016027802601456642,0.34346872568130493,0.08439157158136368,0.24387915432453156,-0.5127117037773132,-0.3571297526359558,0.2877354621887207,0.1284594088792801,-0.17297610640525818,0.011059096083045006,0.13520708680152893,-0.20128336548805237,-0.4671335220336914,-0.26370373368263245,0.2487800419330597,0.2616543769836426,-0.2606748938560486,0.012233990244567394,0.13899974524974823,-0.12464560568332672,0.2425721436738968,-0.11322584003210068,0.20054113864898682,-0.07126865535974503,-0.18314281105995178,0.10388169437646866,0.05689433962106705,-0.19096943736076355,-0.07229810953140259,-0.06735484302043915,-0.4392099380493164,0.035345155745744705,0.3943024277687073,0.049632132053375244,0.28423887491226196,-0.025451138615608215,0.15565411746501923,-0.2302587330341339,-0.004636148922145367,-0.3958665728569031,0.26279354095458984,0.09439822286367416,0.22872070968151093,-0.04014782980084419,-0.2696273922920227,-0.4906596541404724,-0.25116437673568726,0.11363796889781952,-0.07743032276630402,0.043092984706163406,-0.271356999874115,0.5117814540863037,0.002230864716693759,-0.07443813234567642,-0.21160192787647247,-0.5153469443321228,-0.17595814168453217,-0.028319101780653,0.24097207188606262,-0.21707367897033691,0.07018920034170151,-0.13577766716480255,-0.5541908144950867,-0.10212866961956024,0.2879466116428375,0.3150034248828888,0.04685915261507034,0.03796875849366188,-0.41571512818336487,0.23464980721473694,-0.27740782499313354,0.2449064701795578,-0.2326161414384842,0.2030472308397293,-0.4085635542869568,-0.08998016268014908,-0.509453296661377,0.13449324667453766,-0.11534063518047333,-0.07760559022426605,-0.04739101976156235,0.028172260150313377,0.3584578335285187,0.32687777280807495,0.2816315293312073,0.30634790658950806,0.42248377203941345,-0.0580502524971962,-0.4113009572029114,0.10208611190319061,0.0389212928712368,0.013730177655816078,-0.2912783622741699,-0.01409949827939272,0.10233129560947418,-0.16015909612178802,-0.37168195843696594,-0.16557636857032776,-0.11945487558841705,-0.07765977084636688,-0.1345250904560089,-0.18800397217273712,0.16493234038352966,0.039691101759672165,-0.02008816972374916,0.1836685836315155,-0.01185703743249178,-0.11886362731456757,0.09694291651248932,0.1917812079191208,-0.11680521816015244,0.1525394320487976,0.02992630936205387,0.19427181780338287,-0.503337562084198,-0.17944487929344177,0.14581818878650665,-0.036002639681100845,0.14963673055171967,0.06123560667037964,0.17833466827869415,-0.4983223080635071,-0.09360707551240921,0.4168594777584076,-0.10553371906280518,-0.14459463953971863,-0.09684096276760101,0.19921083748340607,-0.10376278311014175
CID000005064,44,0.05130587890744209,0.001636347034946084,-0.07353559136390686,0.3195132911205292,-0.3782269060611725,0.004697042517364025,0.23898597061634064,0.2981887459754944,-0.04564353823661804,0.2278311550617218,0.1544291079044342,0.0200632456690073,-0.004063153173774481,0.0957145094871521,-0.18743233382701874,-0.161947101354599,-0.01628611609339714,-0.16136908531188965,0.07914786040782928,-0.41503652930259705,0.048653434962034225,-0.25986248254776,-0.15254083275794983,-0.8050182461738586,-0.15314197540283203,0.11852028220891953,-0.1717253029346466,0.05614027380943298,-0.022492000833153725,0.16196691989898682,-0.0020446062553673983,0.21849322319030762,0.08952728658914566,-0.018921202048659325,-0.033404987305402756,-0.027382556349039078,0.023373007774353027,0.04097525402903557,0.12727941572666168,-0.14162375032901764,-0.07132609188556671,-0.2876768708229065,0.12895967066287994,-0.2080276757478714,-0.16119304299354553,0.4063601493835449,0.08228455483913422,-0.06782735139131546,0.1146230697631836,0.019752364605665207,0.2877116799354553,0.11742506176233292,-0.18124596774578094,-0.027880018576979637,0.04679723456501961,-0.04170398786664009,-0.06959538161754608,0.11564140021800995,0.12097569555044174,-0.12402738630771637,-0.20442643761634827,-0.27747172117233276,-0.1576288938522339,0.09890300035476685,0.27509671449661255,0.45731520652770996,-0.08762681484222412,-0.14404889941215515,0.19046199321746826,-0.006848164834082127,0.043661125004291534,0.007687877863645554,-0.258980393409729,-0.4187560975551605,-0.233086496591568,0.08501280844211578,0.15746308863162994,0.14695464074611664,-0.14610682427883148,-0.048431646078825,-0.049798499792814255,-0.42120856046676636,-0.29006367921829224,0.03345524147152901,0.11659640073776245,-0.08914407342672348,0.16250938177108765,0.18211328983306885,-0.01308903656899929,-0.5622636079788208,-0.0542517714202404,0.22819499671459198,0.031539082527160645,0.1116119846701622,-0.10708142817020416,-0.24690985679626465,0.08755581080913544,0.08124221116304398,0.013025236316025257,-0.0022477544844150543,-0.20886249840259552,0.03257960081100464,-0.05057103559374809,0.3651582598686218,0.25784212350845337,0.029545873403549194,0.16472220420837402,0.18130424618721008,0.5290789604187012,-0.10134124755859375,-0.08694572746753693,0.1790786236524582,-0.12579387426376343,-0.06296508014202118,-0.13766740262508392,0.1517244428396225,0.06474249064922333,0.037325967103242874,-0.08167015016078949,0.20356445014476776,0.6109938621520996,-0.32770711183547974,0.1666727364063263,0.3178277313709259,-0.09268762171268463,0.24383895099163055,0.10558436065912247,0.14079762995243073,0.27099233865737915,-0.016036998480558395,-0.05305107310414314,-0.4261760711669922,-0.37957942485809326,0.12481322139501572,0.2615620195865631,-0.14113777875900269,-0.030117278918623924,0.0976254865527153,-0.21066036820411682,-0.2369963824748993,-0.20849080383777618,0.06557582318782806,-0.0001921147049870342,-0.07090643048286438,0.03743686527013779,0.20070120692253113,-0.009333169087767601,0.36331430077552795,0.06368975341320038,0.2143632471561432,-0.01693624258041382,-0.22928261756896973,0.027430187910795212,0.14563940465450287,-0.2717586159706116,-0.10752326250076294,-0.03861844539642334,-0.09685046970844269,-0.02582588791847229,0.37220361828804016,-0.13842114806175232,0.06068350747227669,-0.14609907567501068,0.035251595079898834,-0.007509022951126099,-0.21002471446990967,-0.17301397025585175,0.09065176546573639,-0.24069182574748993,0.22492246329784393,-0.013429403305053711,-0.20790991187095642,-0.1379171460866928,-0.2883419990539551,-0.024040425196290016,-0.014973905868828297,0.18115921318531036,-0.2078666239976883,0.4544448256492615,-0.011732387356460094,0.12079407274723053,-0.02285064570605755,-0.09739086031913757,-0.04991992190480232,0.17333555221557617,0.21028074622154236,-0.09181221574544907,0.1110878735780716,-0.12947824597358704,-0.33276867866516113,0.116876982152462,-0.011628186330199242,0.1471993327140808,0.11142051219940186,0.1040751114487648,-0.25162437558174133,0.08487515896558762,0.05021192878484726,0.10501711070537567,-0.0012208223342895508,0.11228971183300018,-0.2812242805957794,-0.04273708537220955,-0.35935184359550476,-0.07851424813270569,-0.23569393157958984,-0.11033862829208374,-0.013002055697143078,0.09014624357223511,0.489665687084198,0.3520985543727875,0.043789710849523544,0.4759896397590637,0.16799691319465637,0.11268067359924316,0.0015275741461664438,-0.027886267751455307,0.1443798691034317,0.043256726115942,-0.03544991463422775,-0.024915512651205063,-0.21977385878562927,-0.12004723399877548,-0.1760559231042862,0.12929818034172058,-0.0658249780535698,-0.039519377052783966,-0.20113494992256165,-0.005991780664771795,-0.004025161266326904,-0.10320238769054413,-0.11520715057849884,0.24805240333080292,0.02477743662893772,0.03253132849931717,-0.12985795736312866,0.26163822412490845,-0.3080750107765198,0.09400757402181625,-0.17355339229106903,0.20637324452400208,-0.2777490019798279,0.008794570341706276,0.3069027066230774,-0.08351536840200424,-0.12120483070611954,-0.06866579502820969,0.12410728633403778,-0.5176356434822083,-0.11001893132925034,0.17143632471561432,-0.2176850140094757,0.2271149456501007,-0.2922613024711609,0.18801331520080566,0.049647748470306396
CID000003929,45,0.4660472273826599,-0.16566379368305206,-0.010707572102546692,0.36704152822494507,-0.3983689546585083,0.019666854292154312,0.24267105758190155,0.28371086716651917,-0.1100669875741005,0.2303362786769867,0.27649611234664917,0.14611458778381348,-0.041007764637470245,0.10589288175106049,-0.27278441190719604,-0.12300755828619003,-0.2531970739364624,-0.3111363649368286,0.049785781651735306,-0.4042831361293793,0.057537972927093506,-0.18934237957000732,0.035174064338207245,-0.7614978551864624,0.022106200456619263,0.054532069712877274,-0.10024087131023407,0.12195360660552979,-0.014282187446951866,0.10661780834197998,0.046574391424655914,0.1401176154613495,-0.11453413963317871,-0.0944196954369545,0.06916119903326035,-0.17747192084789276,0.12747330963611603,-0.08049814403057098,0.1151222214102745,-0.18952207267284393,-0.12073750793933868,-0.2037084847688675,0.1923995316028595,-0.22747090458869934,-0.20310072600841522,0.38421133160591125,-0.020977159962058067,0.0487932451069355,-0.003933206666260958,-0.0104526923969388,0.19878096878528595,0.3123074471950531,-0.2302386313676834,0.012569582089781761,-0.0399264395236969,-0.0004662763385567814,0.046795133501291275,0.2579618990421295,-0.05293796584010124,0.11598002910614014,-0.25560274720191956,-0.32740408182144165,0.22261925041675568,0.029219716787338257,0.23957979679107666,0.41878995299339294,-0.33051809668540955,-0.10418128967285156,0.12866929173469543,0.06872977316379547,-0.1488524228334427,-0.02081778086721897,-0.3272514045238495,-0.4297918677330017,-0.17062854766845703,0.16257494688034058,0.12120646238327026,0.21695463359355927,-0.014350943267345428,-0.09856841713190079,-0.0110073396936059,-0.6557525396347046,-0.291276752948761,0.113844133913517,0.0682925432920456,0.03708347678184509,0.3444240093231201,0.07513263821601868,-0.02146291173994541,-0.7053868770599365,-0.11755146086215973,0.17763376235961914,-0.022028369829058647,-0.21786320209503174,-0.2023138701915741,-0.3453608751296997,-0.1620573103427887,0.1608377993106842,-0.095277801156044,0.6403216123580933,-0.16565890610218048,0.14889411628246307,-0.03152472898364067,0.2527342736721039,0.18658234179019928,0.04116246849298477,-0.14880044758319855,0.36646440625190735,0.4640108048915863,-0.14330294728279114,-0.010461688041687012,0.18022166192531586,0.12064950168132782,-0.2890121042728424,0.012165444903075695,0.09352187812328339,-0.03572893142700195,0.08117873221635818,-0.10643033683300018,0.277574360370636,0.6412602663040161,-0.1628371626138687,0.17872782051563263,0.33979088068008423,-0.009231540374457836,0.2644656300544739,0.05289415642619133,-0.016647642478346825,0.2148813009262085,0.09292898327112198,0.1143064871430397,-0.6103686094284058,-0.528863251209259,0.10973334312438965,0.3072374761104584,-0.12279631197452545,-0.19248871505260468,0.18552426993846893,-0.263839989900589,-0.17991244792938232,-0.2075144350528717,0.1592291295528412,0.012214434333145618,-0.09164439141750336,0.11387040466070175,0.09570779651403427,-0.12842558324337006,0.3520548939704895,-0.01033900398761034,0.19632305204868317,-0.0468774251639843,-0.3466510772705078,-0.025056686252355576,0.2772321105003357,-0.3301953077316284,-0.017407696694135666,-0.08946534246206284,-0.013392454013228416,-0.10934813320636749,0.04249245673418045,0.13674099743366241,0.1567302644252777,-0.05506644397974014,-0.12443914264440536,-0.08540062606334686,-0.21459665894508362,-0.1596735119819641,0.36058181524276733,-0.0838194414973259,0.0996318981051445,-0.08153606951236725,-0.19022014737129211,-0.26836150884628296,-0.2217358648777008,0.06604816764593124,-0.08116288483142853,0.1036267876625061,-0.176025390625,0.3448707163333893,-0.12756820023059845,0.049783483147621155,-0.07704535126686096,-0.058679141104221344,-0.18488626182079315,0.04930739849805832,0.3635527491569519,-0.09984949231147766,-0.04733194783329964,-0.0989542007446289,-0.3010830879211426,-0.14314329624176025,-0.015171051025390625,0.11786819994449615,0.0930718407034874,0.19663432240486145,-0.16153064370155334,-0.05602139234542847,-0.07159857451915741,0.2950461208820343,0.00823521614074707,-0.06788083165884018,-0.3697289824485779,0.10729438066482544,-0.22300143539905548,-0.126230850815773,-0.13431105017662048,-0.1695834845304489,-0.004867364186793566,-0.05582308769226074,0.35731813311576843,0.32484906911849976,0.2766222059726715,0.32991716265678406,0.10704845190048218,-0.08122541755437851,-0.291506826877594,-0.1718730479478836,0.18199896812438965,0.11820502579212189,-0.014904210343956947,-0.12465482950210571,0.07767302542924881,-0.21188601851463318,-0.22113940119743347,-0.0791282206773758,0.09495240449905396,0.003246396780014038,0.03232872858643532,0.053441692143678665,0.12330402433872223,-0.04040587320923805,-0.04923568293452263,0.29564377665519714,0.053547680377960205,-0.16504573822021484,-0.24187545478343964,0.2867407202720642,-0.3821508586406708,0.1006668210029602,-0.13195735216140747,0.032690007239580154,-0.2825397849082947,0.11726830899715424,0.28330928087234497,-0.018650004640221596,-0.0720132365822792,-0.10879777371883392,0.18573029339313507,-0.7086381316184998,-0.08661693334579468,0.3165203630924225,-0.16487103700637817,0.03732123225927353,-0.45487838983535767,0.09626711905002594,-0.026532238349318504
CID000051263,46,0.2830882966518402,0.10963039100170135,0.12641099095344543,0.37776434421539307,-0.6417833566665649,-0.03992728143930435,0.11957807838916779,0.2211426943540573,0.15959985554218292,0.42339515686035156,0.29887622594833374,0.2068990021944046,0.024698959663510323,0.11625312268733978,-0.05223193019628525,-0.1524847000837326,0.12189862877130508,-0.15130667388439178,0.0206732340157032,-0.4289607107639313,-0.10634694248437881,-0.2702352702617645,0.09039891511201859,-0.8239844441413879,-0.05822266265749931,-0.008063063025474548,-0.1895393282175064,0.05882469564676285,-0.11490009725093842,0.1563408523797989,-0.127118319272995,0.16273944079875946,-0.0542631633579731,0.08999348431825638,0.01782514713704586,0.1255650818347931,0.0814008116722107,0.2801281213760376,0.1381179690361023,-0.13961294293403625,-0.09738058596849442,-0.1235576719045639,0.06435554474592209,-0.39402830600738525,0.025044554844498634,0.4510537087917328,0.0150442598387599,0.11030590534210205,0.06388825178146362,-0.0970887839794159,0.3008735775947571,0.2741680443286896,-0.21862748265266418,0.030969670042395592,0.1642141044139862,-0.03453870862722397,0.09179958701133728,0.07692600786685944,0.08747021108865738,-0.12409321218729019,-0.1437663435935974,-0.15534143149852753,-0.27964189648628235,0.0430104061961174,0.19942696392536163,0.269784152507782,-0.36002299189567566,-0.3726455569267273,0.18848875164985657,0.02356843277812004,0.18331362307071686,0.02815907634794712,-0.23936466872692108,-0.2769242227077484,-0.5291107892990112,-0.09152555465698242,0.20114383101463318,0.047155410051345825,-0.20628862082958221,0.23387682437896729,-0.020884890109300613,-0.2858649790287018,-0.4137040078639984,-0.26105472445487976,0.2445482313632965,-0.3302611708641052,0.22000543773174286,-0.05399048328399658,0.31482797861099243,-0.6761192679405212,0.03600432723760605,0.2814090847969055,0.03135163336992264,0.034332744777202606,0.14635097980499268,-0.35091522336006165,0.012482380494475365,-0.021870244294404984,-0.26711249351501465,0.009271660819649696,0.15381255745887756,-0.30585330724716187,-0.12543842196464539,0.2755376100540161,-0.15420377254486084,0.12192188203334808,-0.08287021517753601,-0.09952088445425034,0.4178835451602936,0.2414078414440155,-0.19922788441181183,0.22192713618278503,0.0066461386159062386,-0.044757433235645294,-0.030465638265013695,0.229903906583786,0.04613432288169861,0.015719551593065262,-0.03168223053216934,0.1246187686920166,0.5831749439239502,-0.14696583151817322,0.2861420512199402,0.42838993668556213,0.1821063756942749,0.24935805797576904,0.05151154473423958,0.053824733942747116,0.5169265270233154,-0.15068010985851288,0.03285485506057739,-0.5311828851699829,-0.48752981424331665,0.14109128713607788,0.2501733899116516,0.12656347453594208,0.07918964326381683,0.1653427630662918,-0.38950055837631226,-0.388633131980896,-0.12674415111541748,0.10202334076166153,0.0677945539355278,-0.2640407681465149,-0.08885262906551361,0.330475389957428,-0.02470596320927143,0.2967526912689209,0.2141340672969818,0.07849600166082382,0.11675717681646347,-0.4693525731563568,-0.026004821062088013,0.23098640143871307,-0.22899746894836426,0.04657687619328499,-0.026873016729950905,-0.1621236354112625,0.2166534662246704,0.15706542134284973,0.08809124678373337,-0.06918899714946747,-0.04701222851872444,0.21958208084106445,-0.02480122074484825,0.019768565893173218,-0.4644489884376526,0.09898920357227325,-0.21484851837158203,0.16489163041114807,0.07411587983369827,-0.2387901246547699,-0.13522574305534363,-0.12798501551151276,0.045282263308763504,-0.22293154895305634,0.10023901611566544,-0.6807512044906616,0.5510719418525696,-0.26214519143104553,-0.05799175426363945,0.09369045495986938,-0.2695547640323639,-0.10868610441684723,0.11269509792327881,0.17091134190559387,-0.17209556698799133,0.04100869968533516,-0.046955592930316925,-0.26673755049705505,0.11380541324615479,0.02736351452767849,0.11313696205615997,-0.22169068455696106,0.2453322857618332,-0.4172297418117523,0.19692493975162506,-0.024795930832624435,-0.10693855583667755,0.1677675098180771,-0.06406009942293167,-0.2580436170101166,-0.31454238295555115,-0.5402581691741943,-0.12646149098873138,-0.12142492830753326,-0.15826523303985596,-0.18139013648033142,0.19170619547367096,0.601859986782074,0.4997183382511139,-0.30386728048324585,0.41062384843826294,0.3454020619392395,0.044438548386096954,-0.19606252014636993,0.2313482016324997,0.2288476973772049,0.13056692481040955,-0.16348868608474731,-0.09263591468334198,-0.05266835540533066,0.11401188373565674,-0.2915298342704773,0.09561915695667267,-0.11590664088726044,0.15295016765594482,-0.16946950554847717,0.18474750220775604,-0.40182608366012573,-0.146380215883255,0.0027514335233718157,-0.00966422539204359,0.00012073777907062322,-0.2435762882232666,0.1854691058397293,0.339796245098114,-0.16883951425552368,0.12695029377937317,-0.24576981365680695,0.08650611340999603,-0.42320528626441956,-0.049168527126312256,0.058383334428071976,-0.0733073353767395,-0.12608051300048828,-0.033828817307949066,0.08047468960285187,-0.5430677533149719,-0.1889495700597763,0.14579971134662628,-0.14989858865737915,-0.09594319760799408,-0.21263344585895538,0.1355251967906952,0.08130774646997452
CID000065999,47,0.08765863627195358,0.001662647700868547,0.3032826781272888,0.6563659906387329,-0.46367835998535156,-0.032269109040498734,0.23471923172473907,0.31873810291290283,0.03697211295366287,0.16206684708595276,-0.04527012258768082,-0.27093908190727234,-0.08599301427602768,0.2740543484687805,-0.0715358555316925,0.03180260583758354,0.08646997809410095,-0.009580609388649464,-0.05986281484365463,-0.4667961001396179,-0.05431903526186943,-0.2595464289188385,0.01601574383676052,-0.8714149594306946,-0.27193647623062134,0.01877439022064209,-0.03254169225692749,-0.060689814388751984,-0.04106765240430832,-0.11816911399364471,0.20579151809215546,0.08397508412599564,0.22171303629875183,0.047328077256679535,0.12155125290155411,-0.14042845368385315,0.008734364993870258,0.48314863443374634,-0.20590829849243164,-0.20988543331623077,-0.08651964366436005,0.3767913281917572,0.16045406460762024,0.04119134321808815,-0.04292326048016548,0.181483656167984,-0.031462859362363815,-0.1307188719511032,-0.012823566794395447,0.1519889086484909,0.4350617527961731,0.1155071035027504,-0.3771967589855194,0.10554032027721405,-0.08363547176122665,0.022045398131012917,-0.0025447725784033537,-0.00802161730825901,0.19074857234954834,-0.22110387682914734,-0.08610717207193375,-0.3549940288066864,0.0891147032380104,0.029707401990890503,0.21797379851341248,0.18207205832004547,-0.22290989756584167,-0.07229346036911011,0.03327976167201996,0.170127734541893,0.1410260945558548,0.2063087522983551,-0.30944401025772095,-0.3013768792152405,-0.0006721440586261451,0.25000590085983276,0.031730879098176956,-0.05591566488146782,-0.10221074521541595,-0.016179662197828293,0.5724102854728699,-0.4055456519126892,-0.3536456823348999,-0.19469717144966125,0.06150219589471817,0.18022392690181732,0.040616877377033234,0.12535741925239563,0.02703329361975193,-0.5737044811248779,-0.07944945245981216,0.2020392119884491,-0.09832677990198135,0.14291690289974213,-0.32388681173324585,-0.22963404655456543,0.07282929122447968,-0.03542620688676834,0.16989843547344208,0.11366014182567596,0.09664613753557205,0.15366406738758087,0.025612860918045044,0.2685817778110504,0.14253997802734375,0.10958834737539291,-0.06558625400066376,0.2539927065372467,0.45698386430740356,-0.11301620304584503,0.14415276050567627,0.12810437381267548,-0.09674661606550217,-0.16372546553611755,0.09768163412809372,0.18602481484413147,-0.0838589295744896,0.1626497358083725,-0.2136947214603424,0.25495365262031555,0.7180516719818115,-0.1679006665945053,0.18807965517044067,0.12751621007919312,-0.09832201898097992,0.36215847730636597,0.12452304363250732,-0.14934775233268738,0.14239349961280823,0.16296172142028809,0.2824559807777405,-0.5516054034233093,-0.5327127575874329,0.16336144506931305,0.19440674781799316,0.13197055459022522,0.03792911767959595,0.10516545921564102,0.07959619909524918,-0.1261390894651413,-0.16644123196601868,0.3893860876560211,0.21362733840942383,-0.10301555693149567,-0.010421562008559704,0.20415234565734863,-0.0871482864022255,0.5020661354064941,0.06339427828788757,0.3518933951854706,0.04307563230395317,-0.5064236521720886,0.06453762203454971,0.13238151371479034,-0.10856230556964874,-0.18141266703605652,0.22202527523040771,-0.10329868644475937,-0.20171603560447693,-0.008832132443785667,-0.2714761793613434,-0.10606478154659271,0.039599236100912094,0.026649316772818565,-0.13777120411396027,0.36691510677337646,-0.24761828780174255,0.22925928235054016,0.10639790445566177,-0.21396192908287048,0.05235769599676132,0.008776778355240822,-0.12890951335430145,-0.19031529128551483,0.2309955358505249,-0.15750370919704437,0.190843865275383,-0.012610331177711487,0.7086723446846008,-0.11514897644519806,-0.26203951239585876,0.025056421756744385,-0.13547751307487488,-0.056634366512298584,0.19173333048820496,-0.06864739954471588,0.0047494410537183285,0.08764801919460297,0.16039301455020905,-0.35063251852989197,0.019445067271590233,0.01102355308830738,-0.11226776987314224,-0.4527999758720398,0.3287608027458191,0.030515963211655617,-0.07808844745159149,-0.20995910465717316,-0.0889461487531662,-0.23097459971904755,0.06357939541339874,-0.4409741461277008,0.18080198764801025,-0.3555387556552887,0.11725263297557831,-0.09453491866588593,0.11060180515050888,-0.032563723623752594,-0.05288274213671684,0.504989743232727,0.34431883692741394,-0.09115251153707504,0.31982526183128357,-0.11744043976068497,0.21389898657798767,-0.2557608485221863,0.04332147166132927,0.43116164207458496,0.022906139492988586,0.13003093004226685,-0.20253410935401917,-0.1012917011976242,-0.463479608297348,-0.1713094562292099,-0.013640031218528748,0.0014973164070397615,-0.0580638162791729,-0.18345758318901062,0.03890538215637207,0.09001325070858002,-0.019567007198929787,0.06825007498264313,0.19190511107444763,-0.08761852979660034,-0.07253441214561462,-0.11527165025472641,0.7008633613586426,-0.5332707166671753,-0.07312916219234467,-0.2056703120470047,0.08467168360948563,-0.3606145977973938,0.11764705181121826,0.16016212105751038,0.0442817322909832,-0.22540049254894257,0.08593569695949554,-0.07140462845563889,-0.6684772968292236,-0.19079241156578064,0.27485501766204834,-0.23088578879833221,-0.0056477137841284275,-0.4925786852836609,-0.009385539218783379,-0.06973414123058319
CID000083786,48,0.12143095582723618,-0.02425413765013218,0.18037667870521545,0.6011490821838379,-0.42544037103652954,-0.00035831332206726074,0.05327671021223068,0.031516678631305695,0.002036547753959894,0.14717352390289307,0.04762799292802811,-0.22089385986328125,-0.23492641746997833,-0.008359544910490513,-0.043347232043743134,0.07774676382541656,-0.08004049211740494,-0.057917941361665726,-0.033335499465465546,-0.5459397435188293,-0.19424787163734436,-0.1777036488056183,0.08694033324718475,-0.8038421869277954,-0.11983232200145721,0.17071262001991272,-0.10461536794900894,0.03781839460134506,-0.009932694025337696,0.08953149616718292,0.02879638969898224,0.2505565583705902,-0.10327055305242538,0.035343170166015625,0.05062549188733101,0.040223129093647,-0.07735049724578857,0.040889061987400055,0.14668497443199158,-0.11176656186580658,-0.0895581841468811,-0.04312178120017052,-0.03753911331295967,-0.2804452180862427,-0.16865494847297668,0.25935420393943787,0.1602776050567627,-0.056041114032268524,0.2016078531742096,0.04327942803502083,0.3550409972667694,-0.14493563771247864,-0.2805151343345642,0.20145197212696075,0.01399608887732029,-0.2311197817325592,0.1228257566690445,0.19262681901454926,0.22059977054595947,0.04697612673044205,-0.16758203506469727,-0.23122847080230713,-0.2010541707277298,-0.3235904574394226,0.13186529278755188,0.30254778265953064,-0.12887124717235565,-0.15262576937675476,0.24099867045879364,0.18331903219223022,0.2603040933609009,-0.002004378940910101,-0.3520154356956482,-0.45158424973487854,-0.0519544780254364,-0.014911125414073467,0.026041453704237938,-0.07138445228338242,0.1321331411600113,0.08629310131072998,0.1730029135942459,-0.5170797109603882,-0.31828567385673523,0.10946860164403915,0.2578268051147461,0.17786628007888794,0.08723093569278717,0.3762349486351013,0.08650554716587067,-0.5166277885437012,-0.16568484902381897,0.1534598171710968,0.035469163209199905,-0.03862077370285988,0.11126191914081573,-0.23839621245861053,-0.1538729965686798,-0.049169428646564484,0.062372852116823196,0.09658153355121613,-0.169429212808609,0.1289922147989273,-0.09474186599254608,0.25054407119750977,0.3277563452720642,0.02336481586098671,0.04170399531722069,0.14489470422267914,0.5315858721733093,0.041588194668293,-0.0793050080537796,0.11152072250843048,0.11516764014959335,-0.15111389756202698,-0.16354310512542725,0.3374033272266388,-0.09228350222110748,-0.47403421998023987,0.010883376002311707,0.13902515172958374,0.7086384892463684,-0.26466622948646545,0.18057391047477722,0.08522053062915802,0.0509021170437336,0.07947296649217606,0.09589239209890366,0.08644074201583862,0.03107059933245182,0.02549726702272892,0.26331591606140137,-0.5513594746589661,-0.4594544768333435,0.11535651981830597,0.2805936634540558,0.4585515856742859,-0.06395771354436874,-0.014322042465209961,0.00930413044989109,-0.10174211114645004,-0.18479415774345398,-0.10158903896808624,-0.06240025907754898,-0.013586034998297691,-0.16148105263710022,0.0884900689125061,0.21317271888256073,0.5342641472816467,0.2281632423400879,0.10346145927906036,-0.013198247179389,-0.5366288423538208,0.11100020259618759,0.16963981091976166,-0.24070413410663605,0.19491085410118103,-0.10303448140621185,-0.07300125807523727,0.029328491538763046,0.12012946605682373,0.08134756237268448,0.03373904153704643,-0.050420910120010376,0.2047637403011322,0.03646582365036011,0.03848641365766525,-0.1166718602180481,0.12245265394449234,-0.0020939260721206665,0.26838889718055725,-0.11207916587591171,-0.22633476555347443,-0.17043600976467133,-0.23656444251537323,-0.03125009313225746,-0.21923813223838806,0.17092707753181458,-0.2266015112400055,0.3278105854988098,0.08199767768383026,0.012531226500868797,0.3722478449344635,-0.048276472836732864,-0.09853801131248474,0.1919804811477661,0.060831476002931595,0.04267982393503189,-0.1376831978559494,0.003451374126598239,-0.24093279242515564,0.09172265976667404,0.20726414024829865,0.3388134837150574,-0.1918882131576538,0.07747916877269745,-0.0902654156088829,0.1374223679304123,-0.0045295641757547855,-0.22268562018871307,0.20292048156261444,-0.21385905146598816,-0.39543190598487854,-0.09924247115850449,-0.30770403146743774,0.035099562257528305,-0.08333620429039001,-0.11623352766036987,0.06677888333797455,0.11090246587991714,0.6431118845939636,0.3772048354148865,0.1485147625207901,0.22870221734046936,-0.06406039744615555,0.29433372616767883,-0.10902490466833115,-0.07507475465536118,0.472299724817276,0.03238840401172638,-0.13469618558883667,0.008150202222168446,-0.011247074231505394,0.04822053760290146,-0.22970017790794373,0.06925003230571747,-0.10822372138500214,-0.15987281501293182,-0.15440674126148224,-0.039343275129795074,0.004874901380389929,-0.057004231959581375,0.7463799715042114,0.30885425209999084,0.0711447224020958,-0.03190620243549347,0.060419946908950806,0.5202471613883972,-0.3478128910064697,0.0212065689265728,-0.17286202311515808,-0.07502639293670654,-0.32577741146087646,-0.2225293666124344,0.3849419951438904,-0.13927790522575378,0.371735543012619,0.021693363785743713,0.03310815989971161,-0.8125534057617188,-0.12604130804538727,0.1274034082889557,-0.10751153528690338,0.03802746534347534,-0.28390127420425415,-0.025255942717194557,-0.10739980638027191
CID000002524,49,0.1724637746810913,-0.06112666055560112,0.1261056661605835,0.2820708751678467,-0.2282353937625885,-0.06900595873594284,0.1510252058506012,0.2893817126750946,0.03067583218216896,0.19539132714271545,0.145983025431633,-0.5643442869186401,-0.24629876017570496,0.2553165555000305,0.16305871307849884,0.04465871676802635,-0.0022130056750029325,-0.31248000264167786,-0.18983043730258942,-0.4789145588874817,0.30815738439559937,-0.300813227891922,-0.12526366114616394,-0.7975680828094482,0.10978053510189056,-0.02835114672780037,-0.3420155644416809,-0.21844246983528137,0.0688294842839241,-0.021045301109552383,0.0073658437468111515,0.3614504635334015,0.0565650537610054,-0.23485367000102997,0.1511809527873993,0.1276761293411255,0.3307049870491028,-0.07470651715993881,0.24241168797016144,-0.3339711129665375,0.1902008205652237,-0.02490941621363163,0.0933152288198471,-0.32893604040145874,-0.03925270214676857,0.28388017416000366,-0.056156836450099945,-0.019418228417634964,0.12538811564445496,0.05286179110407829,0.370682954788208,-0.005186867900192738,-0.2960647642612457,-0.41740113496780396,-0.20478495955467224,0.00426472257822752,-0.013591769151389599,0.11538922786712646,0.1986955851316452,-0.06302537024021149,-0.10741665214300156,-0.2439562827348709,-0.06902443617582321,0.042853519320487976,0.20027795433998108,0.7061302065849304,-0.2746579051017761,-0.1828843057155609,0.1881362646818161,-0.2138548642396927,0.29352423548698425,0.35229355096817017,-0.4131832718849182,-0.16124847531318665,-0.28172677755355835,0.1270427256822586,0.13452227413654327,-0.05703561753034592,-0.09034805744886398,-0.07946020364761353,-0.05630730465054512,-0.25510555505752563,-0.37598881125450134,-0.09076843410730362,0.0646449476480484,0.060622502118349075,-0.021892866119742393,0.2861136496067047,-0.05386212468147278,-0.9214472770690918,0.012755821458995342,0.27010637521743774,-0.1556735336780548,0.2538105845451355,0.21471795439720154,-0.373653769493103,-0.13673639297485352,-0.10672428458929062,0.04961933568120003,0.06315411627292633,-0.33479833602905273,0.07051576673984528,-0.17310868203639984,0.2020764797925949,0.6237787008285522,0.07551697641611099,0.10905154794454575,-0.09284801781177521,0.43723544478416443,0.33585384488105774,-0.12360523641109467,0.20705291628837585,0.04329022392630577,0.042866166681051254,-0.07144570350646973,0.22975043952465057,0.055244654417037964,-0.28478553891181946,-0.10513664782047272,-0.0015675723552703857,0.7031607031822205,-0.13985979557037354,0.04474251717329025,0.16677260398864746,-0.05512256175279617,0.02095513604581356,0.0514097698032856,0.1352159082889557,0.16430917382240295,0.17549428343772888,0.13275399804115295,-0.6004325747489929,-0.24209590256214142,0.11530079692602158,0.19892878830432892,0.10739533603191376,-0.17125724256038666,0.12576159834861755,-0.15802398324012756,0.0743989646434784,-0.2142419070005417,0.396616131067276,0.054055869579315186,0.00019026621885132045,0.1501980870962143,-0.005730777513235807,0.2515595555305481,0.4594438076019287,-0.184871107339859,0.04780580475926399,-0.1613766998052597,-0.3150250315666199,-0.1900051236152649,0.11893713474273682,-0.20068268477916718,-0.19346855580806732,-0.08810114115476608,-0.016913067549467087,-0.03622067719697952,0.457977831363678,-0.04739750549197197,0.10810466855764389,0.05298267677426338,0.14155788719654083,-0.3633037209510803,-0.3323904871940613,-0.19155602157115936,-0.31489890813827515,0.15357954800128937,0.1360178291797638,0.17069989442825317,-0.25049203634262085,-0.17111122608184814,-0.2775868773460388,0.12991032004356384,0.06477290391921997,0.3491722643375397,-0.2639896869659424,0.4922812879085541,0.008411606773734093,0.015497207641601562,-0.26563262939453125,0.10351373255252838,-0.02360195480287075,0.35892629623413086,0.09570915997028351,-0.2592935264110565,0.006927794311195612,0.253548264503479,-0.4599721431732178,0.01821446791291237,0.05993182212114334,0.25234997272491455,-0.057199813425540924,0.22099637985229492,-0.33338794112205505,0.16573002934455872,0.09717606753110886,-0.1892542839050293,-0.3625350594520569,-0.055511344224214554,-0.1872895061969757,-0.04638492316007614,-0.41005808115005493,-0.06458587199449539,0.04500225558876991,0.16725507378578186,0.1766771525144577,0.4898780882358551,0.47805818915367126,0.44016966223716736,-0.0861189067363739,0.12676653265953064,0.08021615445613861,0.13271157443523407,-0.181741863489151,-0.015117195434868336,0.07284151017665863,0.057627320289611816,-0.08010240644216537,-0.2620678246021271,-0.36442941427230835,0.147795632481575,-0.340208500623703,-0.2793597877025604,-0.05117671936750412,-0.1614193469285965,-0.047783348709344864,-0.28871190547943115,-0.12900112569332123,0.007062193937599659,0.18406018614768982,0.6569867134094238,-0.057003993541002274,0.08113234490156174,0.12521667778491974,0.4813579022884369,-0.05870724841952324,0.10808572918176651,-0.19763556122779846,-0.1731763333082199,-0.9308226704597473,-0.012082481756806374,0.1148662120103836,0.04449928551912308,0.3303380608558655,0.1886049509048462,-0.015234691090881824,-0.5557186007499695,-0.2786481976509094,0.10952769219875336,0.04950227588415146,0.058111321181058884,-0.0403362438082695,0.1957818865776062,0.09078992903232574
CID000003405,50,0.044824957847595215,-0.11619687080383301,-0.06627830862998962,0.2784389853477478,-0.42970961332321167,-0.03036259114742279,0.35559818148612976,0.18126758933067322,0.05133933946490288,0.21107947826385498,0.18389660120010376,-0.02949429489672184,-0.020020708441734314,0.20398502051830292,-0.22429756820201874,-0.07463803887367249,-0.053426146507263184,-0.02328428253531456,0.16856375336647034,-0.4405340254306793,-0.15765318274497986,-0.2978069484233856,0.059229232370853424,-0.7981879115104675,-0.04362548142671585,0.1300337314605713,-0.0575459823012352,0.06476709991693497,-0.008064675144851208,0.08062233030796051,-0.07292792201042175,0.19016240537166595,0.07330703735351562,0.013014180585741997,0.10807323455810547,0.09093492478132248,0.20856937766075134,0.1411210149526596,0.206849604845047,-0.17521098256111145,-0.05132964998483658,-0.12787018716335297,0.36468619108200073,-0.22264918684959412,-0.22822833061218262,0.16122573614120483,-0.06578963994979858,0.014552192762494087,0.11346080154180527,-0.008539614267647266,0.21535587310791016,0.25041663646698,-0.25309768319129944,0.03467901051044464,0.05915094539523125,-0.07881733030080795,-0.06661522388458252,0.08613424003124237,0.18157221376895905,0.1248011589050293,-0.0631478950381279,-0.2684687077999115,-0.06165482848882675,0.08862166106700897,0.08233954012393951,0.2314891368150711,-0.17795392870903015,-0.1349233090877533,0.040187422186136246,-0.029671400785446167,0.05800732970237732,0.009660834446549416,-0.3598330616950989,-0.4239681661128998,-0.31511715054512024,-0.010653076693415642,-0.13499359786510468,0.13488969206809998,0.040850184857845306,0.020320188254117966,0.1679924726486206,-0.5088783502578735,-0.2934572100639343,-0.07434491813182831,0.01250325608998537,0.08006101101636887,0.19081294536590576,0.05792234092950821,-0.10927082598209381,-0.5480517148971558,-0.051149219274520874,0.19423773884773254,0.03417632728815079,0.06768918037414551,-0.016892945393919945,-0.2522314488887787,-0.1303994357585907,0.21034304797649384,0.2052464485168457,0.23764178156852722,-0.07554428279399872,-0.03753342479467392,-0.10672386735677719,0.2637433111667633,0.3045680820941925,0.07964946329593658,-0.14076851308345795,0.10191986709833145,0.4958640933036804,-0.19784319400787354,0.0049915192648768425,0.2629789412021637,-0.15183936059474945,-0.10554870218038559,-0.0848241001367569,0.07459904998540878,0.11652922630310059,-0.16311141848564148,-0.03199763968586922,0.24146656692028046,0.5853087902069092,-0.21397359669208527,0.23373624682426453,0.3312831223011017,-0.03407061845064163,0.2201688289642334,0.04965711757540703,-0.024059873074293137,0.26916009187698364,0.07722721993923187,0.009268536232411861,-0.47913819551467896,-0.5146214962005615,0.11834678798913956,0.1956285685300827,-0.0021849360782653093,0.06844671815633774,0.10804499685764313,-0.24085721373558044,-0.12283550202846527,-0.22632944583892822,0.07090391963720322,0.054254114627838135,-0.06934783607721329,-0.0701013058423996,0.13267061114311218,-0.06451205909252167,0.28837645053863525,0.23198802769184113,0.21662792563438416,0.05740963667631149,-0.2246440351009369,-0.025070970878005028,0.05699961259961128,-0.18789899349212646,0.05871415138244629,-0.08612386137247086,-0.06921879947185516,0.11516301333904266,0.2480604201555252,-0.24643521010875702,0.05628979951143265,-0.04094284400343895,0.11329396069049835,-0.11741678416728973,-0.08600300550460815,-0.1615423709154129,0.04965359345078468,-0.0806434378027916,0.08177417516708374,0.2562095522880554,-0.16317541897296906,-0.20107686519622803,-0.014680741354823112,0.04534726217389107,0.04445279389619827,0.14354440569877625,-0.15418702363967896,0.3699801564216614,0.04299696534872055,0.0748995989561081,0.042860954999923706,-0.07578380405902863,-0.09889252483844757,0.12403649091720581,0.20045849680900574,-0.0532107874751091,-0.1840943843126297,-0.003542122198268771,-0.39438050985336304,0.1045975461602211,0.0743117555975914,0.15651921927928925,-0.07959064096212387,0.13663357496261597,-0.29411619901657104,0.01785377785563469,0.11006204783916473,-0.056567758321762085,-0.07337827980518341,0.26863476634025574,-0.34361371397972107,-0.11296765506267548,-0.37847715616226196,0.17597945034503937,-0.2599171996116638,-0.23135094344615936,-0.14617344737052917,-0.028163915500044823,0.3954311013221741,0.37065261602401733,0.02416391298174858,0.39367812871932983,0.07207006961107254,0.05457167699933052,-0.26555177569389343,-0.19086791574954987,0.22263523936271667,0.05533010885119438,0.013688397593796253,-0.07648755609989166,-0.11469361931085587,-0.05420548841357231,-0.20829960703849792,0.12579254806041718,0.1350974589586258,-0.054914236068725586,-0.26337844133377075,0.029097730293869972,-0.0445711612701416,-0.05075369402766228,0.002965092658996582,0.2844504714012146,0.06750533729791641,-0.06515519320964813,0.0081260921433568,0.29298239946365356,-0.5037054419517517,0.04226955771446228,-0.3230057656764984,0.2294825315475464,-0.2612200975418091,0.15410690009593964,0.17405661940574646,-0.00912431813776493,0.09725130349397659,0.060820914804935455,0.101771280169487,-0.5072295665740967,0.012498493306338787,0.189376562833786,-0.26521697640419006,0.05582796409726143,-0.30259445309638977,0.16237351298332214,0.19983215630054474
CID000667490,51,0.24057669937610626,-0.10429513454437256,0.1603197306394577,0.4889925420284271,-0.5337888598442078,-0.12706558406352997,-0.02956141158938408,0.3842138648033142,-0.050659287720918655,0.37282615900039673,0.10887440294027328,-0.3493887186050415,0.029822221025824547,0.22532840073108673,0.10355348885059357,0.2584128975868225,0.19022345542907715,-0.01989569142460823,-0.11527814716100693,-0.6306489109992981,-0.03197389841079712,0.23151862621307373,0.2379678189754486,-0.8141326904296875,-0.5523864030838013,-0.008663577027618885,-0.35384801030158997,-0.1234048381447792,-0.3790249824523926,0.22408993542194366,-0.19257701933383942,0.109224334359169,-0.14677782356739044,0.4166879653930664,0.05840861797332764,-0.21009914577007294,0.27800360321998596,0.36842256784439087,-0.07251687347888947,-0.3764740526676178,0.01489195041358471,0.050192005932331085,-0.07050421833992004,-0.3364708125591278,-0.08536814153194427,-0.004068712703883648,-0.02764945663511753,-0.11550483852624893,-0.14191949367523193,0.355037122964859,0.5490890741348267,0.07307927310466766,-0.055965960025787354,0.25086668133735657,0.11919720470905304,0.02460869401693344,0.4017006754875183,0.12521494925022125,0.43372732400894165,-0.1830672174692154,-0.31846368312835693,-0.25500211119651794,-0.2909145653247833,-0.3605983257293701,0.43291839957237244,0.4897919297218323,-0.0554860420525074,-0.038968391716480255,-0.007051209919154644,-0.07361079752445221,0.14387419819831848,-0.2990648150444031,-0.24763205647468567,-0.42503753304481506,0.05892382934689522,0.5991219878196716,0.009863108396530151,-0.05901452898979187,-0.11419855058193207,0.16598232090473175,0.12730515003204346,-0.33369070291519165,-0.3746580481529236,0.09881764650344849,0.106070876121521,0.1810440570116043,0.05117098242044449,0.20796672999858856,-0.13536040484905243,-0.6568166613578796,-0.007648178841918707,0.30955857038497925,-0.19675974547863007,0.3209112286567688,-0.0922345519065857,-0.3726285696029663,-0.17597538232803345,-0.17715123295783997,-0.10357512533664703,0.35607415437698364,-0.28255409002304077,0.012257984839379787,-0.0024024539161473513,0.1793314516544342,0.19400878250598907,-0.13944052159786224,-0.190658837556839,-0.03384025767445564,0.6605944037437439,0.12462262064218521,-0.21582798659801483,0.18574491143226624,0.03612478822469711,-0.4531344771385193,0.339485228061676,0.3683225214481354,0.08396562188863754,-0.4939712882041931,-0.06826654076576233,0.43466243147850037,0.6112098693847656,-0.4055723249912262,0.32933419942855835,0.1844348907470703,-0.5432844758033752,0.2560132145881653,-0.20454752445220947,-0.40937647223472595,0.14189353585243225,-0.026775071397423744,0.21822819113731384,-0.7168895602226257,-0.28391918540000916,0.014568192884325981,0.23037680983543396,0.11090879142284393,0.16685578227043152,0.13430742919445038,-0.25693362951278687,-0.08564776182174683,-0.18849167227745056,0.3575321137905121,-0.10515420138835907,0.11519438028335571,-0.036042921245098114,0.02474074624478817,0.07640643417835236,0.5211268663406372,0.07037344574928284,0.04729706794023514,0.12026603519916534,-0.44185370206832886,0.3288571238517761,0.060476887971162796,-0.10720028728246689,-0.23293498158454895,-0.09012265503406525,-0.23255988955497742,0.04351143166422844,0.1433749794960022,-0.05462081357836723,-0.3429771959781647,-0.04483029618859291,-0.19535976648330688,-0.20150113105773926,-0.03736519441008568,-0.046394068747758865,-0.13991457223892212,0.28192049264907837,0.21879175305366516,0.01709895208477974,-0.3009170591831207,-0.16701099276542664,0.0045156837441027164,0.16630077362060547,-0.2673802971839905,0.008496658876538277,-0.20136122405529022,0.7578911185264587,0.0771198719739914,-0.36760976910591125,0.17758388817310333,-0.19914348423480988,0.05304015800356865,0.21101438999176025,0.29718807339668274,-0.13931509852409363,-0.04102347046136856,-0.06816863268613815,-0.3230209946632385,0.03638464957475662,0.13957837224006653,0.11650338023900986,-0.1408301740884781,-0.03668435662984848,0.023581508547067642,0.15655285120010376,-0.04158183932304382,-0.008635598234832287,0.2318236529827118,-0.21750028431415558,-0.42443981766700745,0.28415006399154663,0.018573131412267685,-0.06424817442893982,-0.09381483495235443,0.06372798979282379,-0.12131600081920624,0.8346217274665833,0.5611631274223328,0.5577309727668762,-0.0589396171271801,0.11936749517917633,-0.10004814714193344,0.1930980384349823,-0.46194472908973694,0.08854218572378159,0.3175407648086548,-0.12803393602371216,0.15797366201877594,-0.05463321879506111,-0.18360045552253723,0.07200057804584503,-0.376792848110199,-0.04111684113740921,-0.34573912620544434,0.016317883506417274,-0.22087498009204865,-0.27615004777908325,-0.1134471744298935,0.06373830139636993,0.3788653016090393,0.5830724835395813,0.0023268014192581177,-0.23647920787334442,-0.026830699294805527,0.4788222908973694,-0.49733901023864746,0.07499879598617554,-0.25364309549331665,0.009691384620964527,-0.4494982659816742,0.16553814709186554,0.3745189905166626,0.14039000868797302,0.46266356110572815,0.12518970668315887,-0.22435323894023895,-0.8343064188957214,-0.13215641677379608,0.19681480526924133,0.23070254921913147,0.5548123717308044,-0.12063615024089813,0.00718992343172431,0.22072453796863556
CID000003062,52,0.1998995542526245,-0.17932310700416565,0.29740506410598755,0.45689278841018677,-0.37113988399505615,-0.12574650347232819,0.12691247463226318,0.26404157280921936,0.363369882106781,0.368123322725296,0.27944520115852356,-0.37205031514167786,0.07389611750841141,0.16206607222557068,0.1461206078529358,-0.10360462963581085,-0.028993796557188034,-0.24575570225715637,0.010989860631525517,-0.5245891213417053,0.15278086066246033,-0.2551875114440918,-0.0435219332575798,-0.9075295329093933,0.02379978820681572,0.23106446862220764,-0.3112258017063141,0.000555235892534256,0.24768558144569397,0.37861329317092896,-0.04845833778381348,0.2917770445346832,0.12427310645580292,0.039105646312236786,0.0589691624045372,-0.20132163166999817,-0.11675655841827393,0.09126295894384384,0.05433523654937744,-0.028402740135788918,0.20127877593040466,0.010181939229369164,-0.15167538821697235,-0.29378435015678406,-0.06388287991285324,0.3036348223686218,-0.10771604627370834,0.08580175787210464,0.41753730177879333,0.3218066692352295,0.36503666639328003,0.0634617954492569,-0.20073449611663818,-0.3677431046962738,0.30560657382011414,-0.10478384792804718,-0.12302160263061523,0.07019315659999847,0.1892816126346588,-0.15027479827404022,-0.0529087670147419,-0.16789014637470245,0.2384297400712967,-0.26035696268081665,0.22470033168792725,0.6012959480285645,-0.15140140056610107,0.1557254046201706,0.09058798849582672,-0.1265987604856491,0.35847461223602295,0.008547591976821423,-0.02299749292433262,-0.2586744427680969,-0.45137375593185425,0.25286367535591125,-0.20213046669960022,0.13045315444469452,0.08066409826278687,0.14923810958862305,0.11396436393260956,-0.4041447043418884,-0.39483171701431274,-0.14439623057842255,0.05158920958638191,-0.1241828203201294,0.38588666915893555,0.15675245225429535,-0.15290875732898712,-0.9938960075378418,0.0029523789416998625,0.3751620650291443,0.033734358847141266,0.045375995337963104,-0.212750643491745,-0.5248005986213684,0.01954023912549019,0.140864759683609,-0.20050513744354248,0.5505490303039551,-0.10072892904281616,0.12801215052604675,0.09685710817575455,0.2447267770767212,-0.053419679403305054,0.02009608782827854,-0.1615755259990692,-0.0031583786476403475,0.38561350107192993,0.042457543313503265,-0.06234995275735855,0.20951513946056366,0.0007085382821969688,-0.07720707356929779,0.23910316824913025,0.25288790464401245,-0.3646162152290344,-0.1926712691783905,0.006454116199165583,0.29077762365341187,0.8297423124313354,-0.19153447449207306,0.020415019243955612,0.17614582180976868,0.04476863145828247,0.12354950606822968,0.04605090245604515,0.03793880343437195,0.28793865442276,0.3649725317955017,0.19714896380901337,-0.48609891533851624,-0.37491124868392944,0.03913479298353195,0.30920594930648804,0.083882637321949,0.35293689370155334,0.4329773783683777,-0.324361115694046,-0.11113788932561874,-0.14889606833457947,0.2014836072921753,0.06097205728292465,-0.3670201301574707,-0.0880405604839325,0.03432757407426834,-0.1029888167977333,0.528041422367096,-0.052281271666288376,0.043872613459825516,2.665966712811496e-05,-0.4105607867240906,-0.03495119884610176,0.052294038236141205,-0.13983537256717682,-0.11578933894634247,-0.13124918937683105,-0.38683441281318665,-0.12770909070968628,0.1827668845653534,-0.20039141178131104,-0.12332744896411896,0.10353519022464752,-0.1131661981344223,0.06149737909436226,0.00466762762516737,0.07870540767908096,0.15892073512077332,0.09606076031923294,0.15324218571186066,-0.20152339339256287,0.00300863990560174,-0.09047427028417587,-0.18159718811511993,-0.06751041859388351,0.019900668412446976,0.28266018629074097,-0.2429412603378296,0.4947783052921295,-0.19244979321956635,-0.21503451466560364,-0.10412605851888657,-0.25879284739494324,-0.24487443268299103,0.45857352018356323,0.061492808163166046,-0.43187111616134644,-0.02437896467745304,-0.11577405035495758,-0.28270667791366577,-0.28266477584838867,0.15814387798309326,0.072467140853405,-0.17398673295974731,0.22747501730918884,-0.036094050854444504,0.05702473968267441,0.07535737752914429,-0.22398045659065247,0.018715646117925644,-0.06758733093738556,-0.3973287045955658,0.027075940743088722,-0.39625972509384155,0.16004037857055664,-0.05898968502879143,0.03488390892744064,0.05718725919723511,0.2747991681098938,0.502183735370636,0.364972323179245,-0.16917863488197327,0.2656587064266205,0.11576447635889053,0.012971393764019012,-0.4757019877433777,0.08779974281787872,0.16758719086647034,0.17723464965820312,-0.04670493304729462,0.033642422407865524,-0.021944928914308548,0.03799111768603325,-0.4829956591129303,-0.0355902835726738,0.19611379504203796,0.12504155933856964,-0.17515704035758972,-0.11561828851699829,0.20920062065124512,0.15866334736347198,0.1838119477033615,0.20284561812877655,0.01392325945198536,0.11922123283147812,0.06895910203456879,0.5405821800231934,-0.4705759882926941,0.0763520747423172,-0.13288035988807678,-0.047674208879470825,-0.7595924735069275,0.04340264946222305,0.22050628066062927,-0.3644362986087799,0.25449585914611816,-0.017314070835709572,-0.00445052282884717,-0.7596477270126343,-0.39991724491119385,0.16674253344535828,0.046884410083293915,-0.21736958622932434,-0.21148237586021423,0.2027679681777954,-0.020586973056197166
CID000071616,53,0.03129516541957855,0.02297063171863556,0.43836307525634766,0.8443561792373657,-0.533037006855011,0.0008839726215228438,0.07666537910699844,0.18355761468410492,0.25846976041793823,0.35964781045913696,-0.022967586293816566,-0.4721676707267761,-0.13140445947647095,0.2843049466609955,-0.10572914779186249,0.08389230072498322,0.1600818932056427,0.037069469690322876,0.026908939704298973,-0.6061785817146301,-0.1729544699192047,-0.2680853009223938,-0.2047882080078125,-0.9335325360298157,-0.026086920872330666,0.05448555946350098,-0.09624971449375153,-0.0830097645521164,0.031998053193092346,0.09980985522270203,0.02575474977493286,0.05198473855853081,0.0234980471432209,0.304651141166687,0.16181020438671112,0.1695791631937027,0.0015547454822808504,0.46516650915145874,-0.09922128915786743,-0.3190343976020813,-0.058817844837903976,0.2713715434074402,0.14315836131572723,0.14655974507331848,-0.06254206597805023,0.21204595267772675,0.08726049959659576,0.0696406364440918,0.03473339229822159,-0.018358010798692703,0.6705878973007202,-0.22069184482097626,-0.20807750523090363,-0.0011538922553882003,-0.24808816611766815,-0.10793507099151611,0.1804545372724533,-0.09322626888751984,0.6501748561859131,-0.09789381921291351,-0.14939138293266296,-0.3007071912288666,0.0929177775979042,-0.008032036013901234,0.21884508430957794,0.43052586913108826,-0.4024745523929596,0.04553723707795143,-0.11639509350061417,0.30398809909820557,0.19799749553203583,-0.05164076015353203,-0.11607643216848373,-0.3316407799720764,-0.04335159808397293,0.14105470478534698,0.15661461651325226,-0.06604859977960587,-0.07049083709716797,0.05278570204973221,0.26645833253860474,-0.3674287497997284,-0.36602839827537537,0.13068684935569763,0.20859265327453613,0.41882261633872986,0.09213616698980331,0.4082129895687103,-0.04647456854581833,-0.555976152420044,0.0842624232172966,0.008806774392724037,-0.04524415358901024,0.21222014725208282,-0.22768421471118927,-0.14000454545021057,0.14177420735359192,0.0048535107634961605,0.20739774405956268,-0.02568475529551506,0.02184879779815674,0.017333179712295532,0.0029171674977988005,0.24647068977355957,0.11482153087854385,0.1282353401184082,-0.12735743820667267,0.20986934006214142,0.46402621269226074,-0.2315872609615326,0.04266676306724548,0.08572866022586823,-0.017345139756798744,-0.4101666808128357,0.22018340229988098,0.1671629548072815,-0.2950132489204407,-0.09019234031438828,0.00583484023809433,0.05679066851735115,0.8392365574836731,-0.3148232102394104,0.14111624658107758,0.18332822620868683,-0.2362980842590332,0.4248417019844055,0.012110022827982903,-0.10400751978158951,0.25544100999832153,0.09331903606653214,0.3558809161186218,-0.5271045565605164,-0.5160476565361023,-0.019721711054444313,0.2842853367328644,0.30003994703292847,0.2334296703338623,0.11276731640100479,0.11688350141048431,-0.07479874044656754,-0.2185303270816803,0.3892142176628113,0.1794683337211609,-0.0038080145604908466,-0.04004708677530289,0.22036831080913544,-0.07174304127693176,0.6271675825119019,0.04405049979686737,0.2890537679195404,-0.2250036746263504,-0.5129173994064331,-0.12017270177602768,0.07957498729228973,-0.05241159349679947,-0.16909334063529968,0.15750053524971008,-0.09814736992120743,-0.0028490424156188965,-0.047290802001953125,0.01858089305460453,-0.29664668440818787,0.08338497579097748,0.31554386019706726,-0.16325852274894714,0.3069225251674652,-0.058087386190891266,0.3478894829750061,0.19227969646453857,-0.1512068212032318,0.058600109070539474,0.03390166908502579,-0.007838776335120201,-0.1138126403093338,0.06620926409959793,-0.2217639684677124,0.13894064724445343,-0.0914764553308487,0.7590267062187195,0.10238619893789291,-0.35536450147628784,0.18760639429092407,0.10715635865926743,-0.08011140674352646,0.0508040115237236,-0.12126176059246063,0.039273951202631,0.022868216037750244,0.14491622149944305,-0.26140421628952026,0.09057945013046265,0.03541702777147293,-0.1816069632768631,-0.38868409395217896,0.36042866110801697,0.10196025669574738,-0.0016063094371929765,-0.20999303460121155,-0.043698035180568695,-0.08962444216012955,-0.13166308403015137,-0.5274246335029602,-0.008951270952820778,-0.1932830959558487,-0.0695282593369484,-0.13522233068943024,0.21375057101249695,-0.1148480623960495,0.2534828186035156,0.7239687442779541,0.34352296590805054,0.5413346290588379,0.2936953604221344,-0.24158349633216858,0.16891512274742126,-0.13721010088920593,-0.2862390875816345,0.4376133978366852,0.10121706873178482,0.08656871318817139,-0.05655648559331894,-0.0813160240650177,-0.11598676443099976,-0.2366447150707245,-0.03274373337626457,-0.07567989826202393,0.10355500876903534,-0.3957904875278473,0.03157084062695503,0.13071298599243164,-0.07455150783061981,0.5014142990112305,0.2258339822292328,0.02106929011642933,0.06455334275960922,-0.05936896800994873,0.8143569231033325,-0.588222086429596,0.05656399205327034,-0.12165361642837524,-0.1068325787782669,-0.4228702187538147,0.300822913646698,0.08594615757465363,-0.0664813369512558,-0.13744798302650452,-0.02411162480711937,-0.15034732222557068,-0.7910476922988892,-0.10524234920740128,0.26513078808784485,-0.17994026839733124,0.05380350351333618,-0.4480704367160797,0.09993501007556915,-0.16838358342647552
CID000004091,54,0.5254372358322144,-0.08814350515604019,0.17362001538276672,0.3601974844932556,-0.3540581166744232,-0.08014746755361557,0.19139543175697327,0.27565401792526245,-0.37656933069229126,0.1498633176088333,-0.11629007756710052,-0.12726278603076935,-0.036920174956321716,0.36132198572158813,-0.0321493074297905,-0.04084388166666031,-0.018742907792329788,-0.27421435713768005,-0.026406684890389442,-0.4254668354988098,0.24070408940315247,-0.06912307441234589,0.0214887373149395,-0.7216875553131104,-0.06836297363042831,0.16388362646102905,-0.21732565760612488,0.029561180621385574,-0.05032843351364136,0.25373801589012146,0.09053201973438263,0.3294311761856079,-0.17675693333148956,0.01332865934818983,0.1095639243721962,0.1609845906496048,0.03916162624955177,-0.015010500326752663,0.01966944709420204,-0.1621149331331253,-0.14364859461784363,0.0810580924153328,-0.15384234488010406,-0.21906712651252747,0.022529345005750656,0.21899041533470154,0.0920247733592987,0.061988331377506256,-0.10375718027353287,0.27394527196884155,0.33202633261680603,0.13587453961372375,-0.06533773988485336,-0.07394808530807495,-0.019338319078087807,-0.13169360160827637,-0.12787899374961853,-0.07617823779582977,0.1824645698070526,-0.2676766514778137,-0.2598506808280945,-0.34232717752456665,-0.09960468113422394,-0.11534693092107773,0.10504712909460068,0.5406152009963989,-0.11031617969274521,0.19515837728977203,0.1955692023038864,-0.2631584107875824,-0.03678608685731888,-0.07141170650720596,-0.6147621273994446,-0.296606183052063,-0.04692807421088219,0.48644202947616577,0.042108673602342606,-0.005494517274200916,0.1516498178243637,0.16544155776500702,0.38723936676979065,-0.7116782069206238,-0.41205349564552307,0.2400151938199997,-0.054370056837797165,-0.24976642429828644,0.45110994577407837,0.14594440162181854,-0.25495198369026184,-0.7664068341255188,0.10696091502904892,0.163987934589386,-0.02540663443505764,-0.018772002309560776,0.2215816229581833,-0.40173906087875366,-0.18198513984680176,-0.0795997828245163,-0.09698724746704102,0.9791662096977234,-0.041291218250989914,0.13618114590644836,-0.12256543338298798,0.5000443458557129,0.02079409919679165,-0.04441702365875244,-0.35274747014045715,-0.32380199432373047,0.40351396799087524,-0.151041179895401,0.003550022840499878,-0.01757247932255268,-0.11882428824901581,-0.034601639956235886,0.012442374601960182,0.2400749921798706,-0.11156046390533447,-0.13839516043663025,-0.004504144191741943,0.29118403792381287,0.5084447264671326,-0.056956302374601364,0.3007829785346985,-0.06170905753970146,0.20614632964134216,0.1726384162902832,-0.028718426823616028,0.020498037338256836,0.12414056062698364,0.028838682919740677,0.26631003618240356,-0.6112311482429504,-0.32434016466140747,-0.07601214945316315,0.23638346791267395,0.04613732174038887,-0.31985124945640564,0.30864769220352173,0.22683994472026825,-0.0997871607542038,-0.3928070664405823,0.32861095666885376,0.1214279904961586,-0.12383081018924713,0.041734348982572556,0.1266295611858368,-0.10450740903615952,0.5183048844337463,-0.017656151205301285,-0.031442660838365555,0.12087929248809814,-0.2545488476753235,0.23495590686798096,0.276422381401062,-0.276386559009552,0.06927072256803513,-0.02649681270122528,-0.2694661617279053,0.016842389479279518,0.23409640789031982,0.1355568915605545,0.041746653616428375,-0.007521298713982105,0.08937162905931473,-0.020941097289323807,-0.22101905941963196,-0.1735142469406128,0.1419316977262497,0.03876586630940437,-0.05654572322964668,-0.13855937123298645,-0.23488032817840576,0.06761539727449417,-0.2925489544868469,0.04089531674981117,0.09048779308795929,0.06403162330389023,-0.28344470262527466,0.5413493514060974,0.09183289110660553,0.11502031236886978,0.043616972863674164,-0.17851977050304413,-0.17963175475597382,0.6235868334770203,-0.028630798682570457,-0.3432127833366394,0.4490435719490051,-0.07922936975955963,-0.30312207341194153,0.08060231059789658,0.13448771834373474,0.32886624336242676,-0.012393779121339321,0.12937553226947784,0.011590843088924885,0.14023128151893616,0.03387763351202011,0.07604895532131195,0.1103336438536644,0.11277680099010468,-0.2147069275379181,0.14677217602729797,-0.04402626305818558,-0.04045432433485985,0.020966876298189163,0.23269644379615784,-0.01773182675242424,0.25632336735725403,0.37860289216041565,0.4800775647163391,0.3886112570762634,0.09679381549358368,0.2922387719154358,-0.002355225384235382,-0.7628902196884155,-0.0819062814116478,0.1370023638010025,-0.057913124561309814,0.46753039956092834,-0.024581510573625565,0.01627025008201599,0.1187337189912796,-0.3081810474395752,-0.27516183257102966,-0.06831793487071991,0.1606503427028656,-0.2925853133201599,-0.058196187019348145,0.05974964052438736,-0.014781546778976917,0.06775966286659241,0.3489741384983063,0.05887453630566597,-0.1905377060174942,0.422416627407074,0.42845025658607483,-0.5675340890884399,0.15679863095283508,-0.02466699481010437,0.16385655105113983,-0.7255282402038574,-0.035132259130477905,0.41840633749961853,-0.1358441859483719,0.10027484595775604,0.09345897287130356,0.011692320927977562,-0.6399808526039124,-0.19001364707946777,0.2815910279750824,-0.23279759287834167,-0.05125918984413147,-0.2992342710494995,0.07888319343328476,-0.1860487014055252
CID000005090,55,0.2753826975822449,0.019646892324090004,0.12412554025650024,0.2370663434267044,-0.4284916818141937,0.09379788488149643,0.27456459403038025,0.3544829487800598,-0.18699629604816437,0.26178163290023804,0.0383329764008522,0.16856399178504944,0.10489429533481598,0.0871761292219162,-0.18525981903076172,-0.045112479478120804,-0.09670589864253998,-0.1749233901500702,0.07808111608028412,-0.38000327348709106,0.06605090945959091,-0.29587021470069885,0.22376742959022522,-0.695231556892395,0.04369879513978958,0.1028314009308815,-0.20358002185821533,-0.06188490241765976,-0.12079624086618423,0.14239118993282318,0.04575081542134285,0.17931720614433289,-0.03770340606570244,0.11778905242681503,0.06351147592067719,-0.05573319271206856,0.11275770515203476,0.11561067402362823,0.13407175242900848,-0.00994251947849989,-0.026961922645568848,-0.3615743815898895,0.03043351136147976,-0.18013259768486023,-0.17360720038414001,0.3738664984703064,0.03470352664589882,0.004697173833847046,0.05977947264909744,0.1124294251203537,0.15703071653842926,0.0967387780547142,-0.2500753402709961,0.012236841022968292,0.1594761162996292,-0.0661226361989975,-0.010795170441269875,0.21370971202850342,-0.051853787153959274,0.07873103767633438,-0.33619776368141174,-0.36783984303474426,0.2290370762348175,-0.15516722202301025,0.3129670023918152,0.33409032225608826,-0.2465239316225052,-0.18260757625102997,0.3243964910507202,0.14697620272636414,0.07123206555843353,-0.14025333523750305,-0.42062368988990784,-0.4021499752998352,-0.17370757460594177,0.1773754358291626,0.11840550601482391,0.11385130882263184,-0.012958938255906105,-0.17275068163871765,-0.018997108563780785,-0.7214160561561584,-0.3056548237800598,0.17052875459194183,0.007646618876606226,-0.12160055339336395,0.2962854504585266,-0.03420267254114151,0.1598128378391266,-0.6409077644348145,-0.03369991108775139,0.2298324853181839,0.06037939712405205,-0.056158266961574554,0.10520835220813751,-0.2736113965511322,-0.36675164103507996,-0.03219928592443466,-0.17905399203300476,0.19316014647483826,-0.05792578309774399,0.13161656260490417,-0.006526237819343805,0.4129306674003601,0.22246095538139343,-0.02515571191906929,-0.22365352511405945,0.10257884114980698,0.35734084248542786,-0.23191937804222107,-0.10241784155368805,0.09838487207889557,-0.14141207933425903,0.05152640491724014,-0.10893891006708145,0.20482531189918518,0.022304048761725426,-0.12949657440185547,-0.1437007337808609,0.16499727964401245,0.49993476271629333,-0.08162026852369308,0.3277892768383026,0.21770676970481873,-0.013189035467803478,0.16315095126628876,-0.02307695522904396,-0.043284282088279724,0.22986562550067902,-0.08964544534683228,0.2546568214893341,-0.5006473064422607,-0.38578373193740845,0.18157291412353516,0.1811540573835373,-0.20634976029396057,-0.27469602227211,0.23925772309303284,0.01059811096638441,-0.23598316311836243,-0.26601317524909973,0.18117450177669525,0.05814148113131523,-0.14380191266536713,-0.030189622193574905,0.1933283805847168,-0.06783799827098846,0.26206448674201965,-0.0417279377579689,0.1486821472644806,0.23272249102592468,-0.1540982872247696,-0.0043472228571772575,0.35540467500686646,-0.35206204652786255,-0.1686793863773346,-0.026903599500656128,-0.07938314974308014,-0.042678508907556534,0.22101128101348877,0.007502937223762274,-0.10674569755792618,0.024171214550733566,0.07500322163105011,-0.1159389466047287,0.0021572827827185392,-0.2518669366836548,0.29223358631134033,0.08253064751625061,0.2993488311767578,-0.0747249573469162,-0.2097485512495041,-0.20991580188274384,-0.25908762216567993,-0.007510039024055004,-0.0670255720615387,0.27039822936058044,-0.20984101295471191,0.30133920907974243,-0.04242046922445297,0.30351153016090393,0.07388065755367279,-0.15219542384147644,-0.20571961998939514,0.13857737183570862,0.2317928522825241,-0.10838387161493301,-0.10475388914346695,-0.19896140694618225,-0.24525722861289978,-0.3164030611515045,0.1765023171901703,0.40799665451049805,0.06720107793807983,0.14677253365516663,-0.16297656297683716,0.20724761486053467,-0.10113440454006195,0.09200956672430038,0.15380384027957916,0.17739005386829376,-0.36869463324546814,0.10727307945489883,-0.24901501834392548,-0.1646333634853363,-0.21075578033924103,-0.07276482880115509,0.12077894061803818,-0.0631580501794815,0.26669108867645264,0.3418411314487457,0.15886935591697693,0.3441614508628845,0.26732540130615234,-0.05731842666864395,-0.16479818522930145,-0.05440516397356987,0.032791707664728165,0.05723679065704346,0.048708681017160416,-0.0006856679683551192,-0.08617950975894928,0.062098853290081024,-0.2593916952610016,-0.17542016506195068,-0.08484852313995361,0.04501616954803467,0.02933928370475769,0.05176215246319771,0.014977535232901573,-0.025598686188459396,-0.1048014909029007,0.2649778127670288,0.013508206233382225,-0.1813933104276657,-0.04631170630455017,0.24945588409900665,-0.4630667567253113,0.05472603440284729,-0.03816705942153931,0.17591267824172974,-0.4536076486110687,0.039299167692661285,0.43411341309547424,-0.06858433783054352,0.04056713730096817,0.19435875117778778,0.17751675844192505,-0.546034038066864,-0.12458719313144684,0.32235294580459595,-0.3744043707847595,0.02120385132730007,-0.3031558394432068,0.09233999997377396,0.0729486495256424
CID000004170,60,0.05238138884305954,0.26789599657058716,0.19275419414043427,0.3895255923271179,-0.5111114382743835,0.06431007385253906,0.12274754047393799,0.33112770318984985,0.08076946437358856,0.22461779415607452,-0.04549657180905342,-0.18149276077747345,0.015933390706777573,0.1722019761800766,-0.14241771399974823,-0.006050223018974066,0.0528145357966423,-0.05848066881299019,0.14751911163330078,-0.3425113260746002,0.01539294421672821,-0.2876041531562805,-0.1562010645866394,-0.733745276927948,0.11916248500347137,0.11773590743541718,-0.22547969222068787,-0.19431209564208984,-0.17323458194732666,0.11696605384349823,0.1036529392004013,0.21004939079284668,0.013838110491633415,-0.025183966383337975,-0.05335972458124161,0.13003221154212952,-0.011874591931700706,0.33370524644851685,0.10796450078487396,-0.2979266345500946,-0.0832275003194809,-0.10426212847232819,0.18625804781913757,-0.10538885742425919,-0.0060544367879629135,0.17333683371543884,-0.003549128072336316,-0.08507184684276581,-0.0013919040793552995,-0.06355254352092743,0.3173708915710449,-0.04656018316745758,-0.3473148047924042,0.053033601492643356,-0.01591498777270317,-0.09718175232410431,-0.12122757732868195,-0.13333210349082947,0.12936170399188995,-0.13849833607673645,-0.19900347292423248,-0.21320298314094543,-0.03279079869389534,-0.09076406061649323,0.32466235756874084,0.2714788615703583,-0.15314774215221405,-0.21675872802734375,0.2837308943271637,0.0418865866959095,0.14056310057640076,0.23129281401634216,-0.26428842544555664,-0.40806859731674194,-0.2191019505262375,0.00853678584098816,-0.03458628058433533,0.03572932630777359,-0.21964657306671143,0.04577630013227463,0.18159666657447815,-0.2218477427959442,-0.30955207347869873,0.17151415348052979,0.07938213646411896,-0.029877522960305214,0.2120300829410553,0.04554862901568413,0.14424525201320648,-0.3893698453903198,0.05379405617713928,0.18750052154064178,-0.1926964968442917,-0.004379598889499903,-0.3929169774055481,-0.2651306688785553,0.08516597747802734,-0.10696067661046982,-0.1973596066236496,0.21396902203559875,-0.147306889295578,-0.18432709574699402,-0.1152234897017479,0.21999840438365936,0.4426231384277344,0.17085091769695282,0.3212175965309143,-0.1432678997516632,0.35682955384254456,-0.13154754042625427,0.06231827661395073,0.16844184696674347,-0.3017842769622803,-0.0825309306383133,-0.05700848624110222,0.5404454469680786,-0.1678747832775116,-0.33940839767456055,-0.25966939330101013,0.35317039489746094,0.5932525396347046,-0.2304965704679489,0.2742707431316376,0.31255602836608887,-0.28798913955688477,0.3980887830257416,0.11022654920816422,-0.042217545211315155,0.20823974907398224,0.03625594824552536,0.1332293152809143,-0.48280733823776245,-0.4709673821926117,0.03780185431241989,0.33009442687034607,0.10854868590831757,-0.023592913523316383,0.15497711300849915,-0.06095292419195175,0.007194948382675648,-0.20784835517406464,0.31047460436820984,0.22761933505535126,0.0540153905749321,-0.12733058631420135,0.4181678295135498,-0.034788794815540314,0.372667133808136,0.13466644287109375,0.3817555010318756,-0.10114140808582306,-0.29737913608551025,-0.15503111481666565,0.26838791370391846,-0.1996307075023651,-0.09871150553226471,0.12097127735614777,-0.20429857075214386,-0.03225443512201309,0.16456793248653412,0.024687761440873146,0.03609802573919296,0.015412944369018078,0.1615860015153885,-0.08907262980937958,0.294267863035202,-0.10912241041660309,0.09628485143184662,-0.09385909140110016,0.1605275422334671,0.03984621912240982,-0.044247716665267944,-0.3329121768474579,-0.26460227370262146,0.07587592303752899,-0.22529709339141846,0.2043292224407196,-0.16650767624378204,0.495415061712265,-0.1764489710330963,-0.1459244340658188,0.10586601495742798,-0.18046623468399048,-0.025279080495238304,0.22333422303199768,0.10560182482004166,0.09653834998607635,0.022182827815413475,0.03253331035375595,-0.32842740416526794,0.028804779052734375,0.05819655582308769,0.1280563622713089,-0.10590480268001556,0.20169563591480255,-0.07990512251853943,0.11300210654735565,0.06434814631938934,-0.1410805732011795,-0.12863147258758545,-0.008649158291518688,-0.4892345070838928,-0.023194920271635056,-0.15421250462532043,0.08979141712188721,-0.10769829899072647,-0.05330972746014595,-0.0001739740400807932,-0.06655822694301605,0.4288305342197418,0.3224247694015503,0.35942956805229187,0.35978466272354126,0.00803361926227808,0.10367317497730255,-0.22058120369911194,0.15552319586277008,0.2922229468822479,-0.006320151500403881,-0.03798428922891617,-0.09352894127368927,-0.08355283737182617,-0.2636997103691101,-0.17147517204284668,0.05367724969983101,-0.0510181300342083,0.26714956760406494,-0.032019373029470444,-0.19555343687534332,-0.14065048098564148,-0.1737080216407776,0.007182273082435131,0.47468701004981995,-0.0504579022526741,0.2417968064546585,0.1336374580860138,0.4015044569969177,-0.46853065490722656,0.08407169580459595,-0.2221563160419464,0.1509430706501007,-0.28157827258110046,-0.016811033710837364,0.39357495307922363,-0.09614836424589157,0.18386682868003845,0.1165388822555542,-0.18929941952228546,-0.4877236485481262,-0.14261510968208313,0.3100491166114807,-0.15297627449035645,0.25489991903305054,-0.27340203523635864,-0.05791740491986275,0.13493242859840393
CID000005095,61,0.2561453580856323,0.29337114095687866,0.12961547076702118,0.24798798561096191,-0.29904112219810486,0.15349963307380676,0.2694619297981262,0.2927097976207733,-0.1771487295627594,0.1712571084499359,0.30770188570022583,-0.03544791787862778,-0.11395271122455597,0.30379557609558105,-0.04733126237988472,0.009160024113953114,-0.13384348154067993,-0.20192909240722656,0.022860229015350342,-0.4348820149898529,0.18027961254119873,-0.12673351168632507,-0.026933323591947556,-0.8114641904830933,-0.3105722665786743,0.046828676015138626,-0.21516010165214539,-0.23445530235767365,-0.09755762666463852,0.2654150128364563,-0.2041359692811966,0.37132522463798523,0.07064256817102432,0.13573911786079407,-0.025399213656783104,-0.34612905979156494,0.12362746149301529,0.1242937296628952,0.0526784285902977,-0.19311732053756714,-0.12517553567886353,-0.18486742675304413,0.1076250821352005,-0.29693618416786194,-0.13424052298069,0.5401296615600586,-0.05932106822729111,-0.03469767048954964,0.06051046773791313,0.09847865998744965,0.3487979769706726,-0.28999242186546326,-0.4108600616455078,-0.04206498712301254,0.3432062268257141,-0.007299262098968029,0.007666272111237049,0.17653679847717285,-0.1227828860282898,-0.14508451521396637,-0.24571970105171204,-0.3675459027290344,-0.033386893570423126,-0.148896262049675,0.366435706615448,0.5253598093986511,-0.13316041231155396,-0.15160349011421204,0.2549615204334259,0.1832430213689804,0.10117975622415543,-0.09846656024456024,-0.3437020778656006,-0.3054525852203369,-0.10772260278463364,0.29323810338974,0.2617167532444,0.1628144085407257,0.03211967647075653,-0.11312780529260635,0.1962401419878006,-0.4088037610054016,-0.3456895649433136,-0.2305797040462494,0.09778837114572525,-0.3432605564594269,0.2055346667766571,0.12168556451797485,0.24716448783874512,-0.6994027495384216,0.1267780363559723,0.3148350119590759,0.09251242876052856,0.0700947642326355,-0.015428414568305016,-0.2951134443283081,-0.2021934688091278,0.1338270604610443,-0.05366060882806778,0.3660753071308136,-0.16362304985523224,-0.08290090411901474,-0.027327675372362137,0.46645569801330566,0.010240256786346436,0.07172578573226929,-0.19454747438430786,-0.03320503234863281,0.30509886145591736,-0.031656455248594284,-0.1448453664779663,0.32942408323287964,-0.4251510202884674,0.06520824134349823,-0.1012701541185379,0.28477394580841064,-0.028680497780442238,-0.09216542541980743,-0.2532995343208313,0.15738847851753235,0.5093315839767456,-0.059072334319353104,0.42875486612319946,0.29381269216537476,-0.17051587998867035,0.11105629056692123,-0.08876598626375198,-0.05904320627450943,0.2224172055721283,-0.27302396297454834,0.22519275546073914,-0.4754102826118469,-0.382189005613327,0.09804872423410416,0.31514957547187805,0.16724786162376404,-0.1487027406692505,0.10735392570495605,-0.17648552358150482,-0.39097529649734497,-0.24959413707256317,0.33858227729797363,0.24960069358348846,-0.17792777717113495,0.018207689747214317,0.2627503275871277,0.09737332165241241,0.2586013674736023,-0.19537657499313354,0.134538933634758,-0.10725782066583633,-0.057515066117048264,0.3966091573238373,0.17454378306865692,-0.24939772486686707,-0.1593739241361618,-0.07977975159883499,-0.29312190413475037,0.2453470528125763,0.2861342430114746,0.02050384320318699,-0.1009695902466774,0.027922341600060463,-0.22181157767772675,-0.11986909061670303,-0.01888316497206688,-0.18484488129615784,0.17707493901252747,0.07141610234975815,0.17932727932929993,-0.0325322225689888,-0.12892472743988037,-0.2592000365257263,-0.3624024987220764,0.021403038874268532,0.0413384810090065,0.05497318506240845,-0.20940852165222168,0.46918973326683044,0.31951236724853516,0.013582134619355202,0.022430401295423508,-0.32424792647361755,-0.15420132875442505,0.39162543416023254,0.10054441541433334,-0.401883065700531,0.11405396461486816,0.014050397090613842,-0.30017319321632385,0.011010286398231983,0.08082964271306992,0.14067478477954865,0.08437709510326385,0.002751904772594571,-0.08926635980606079,0.17551562190055847,0.019586488604545593,-0.04493898153305054,0.013832489028573036,0.2662559449672699,-0.21264271438121796,0.07515716552734375,-0.16411423683166504,-0.24035640060901642,-0.2790887951850891,-0.06635317951440811,-0.005240014288574457,0.08002745360136032,0.393685907125473,0.3631837069988251,-0.20590367913246155,0.2614091634750366,0.3369902968406677,0.03519503399729729,-0.30096814036369324,0.11056272685527802,0.041730523109436035,0.07422870397567749,0.09648339450359344,-0.14062988758087158,-0.11852308362722397,0.0093283262103796,-0.18874946236610413,-0.36562082171440125,0.0057366699911653996,-0.10413782298564911,-0.19066983461380005,-0.15234702825546265,0.0450473353266716,-0.04497877508401871,0.2021436244249344,0.1225452870130539,-0.1070815771818161,-0.012093514204025269,0.04166923090815544,0.1941431760787964,-0.26560965180397034,-0.03925080969929695,-0.28155484795570374,0.34867459535598755,-0.5768700838088989,-0.030851081013679504,0.22468402981758118,-0.040493786334991455,0.1516132652759552,0.26275813579559326,-0.06503390520811081,-0.5692673921585083,-0.21379435062408447,0.4130697250366211,-0.18925972282886505,0.25272804498672485,-0.11427859961986542,0.16233427822589874,-0.13534018397331238
CID000005291,62,0.05427823215723038,0.06962914764881134,-0.06547616422176361,0.27230948209762573,-0.33191269636154175,0.0860525369644165,0.23059943318367004,0.2666197121143341,0.012079017236828804,0.17625544965267181,0.07042372971773148,0.16676603257656097,0.08123717457056046,0.09698648750782013,-0.2737092077732086,-0.05078013986349106,-0.15330417454242706,-0.062908835709095,0.1465952843427658,-0.4162771701812744,0.023289550095796585,-0.30208393931388855,0.012947296723723412,-0.7910682559013367,0.0028026639483869076,0.09726816415786743,-0.14598970115184784,-0.05478489398956299,0.027133479714393616,0.06357841193675995,-0.12872691452503204,0.24162307381629944,0.08723360300064087,0.2172679603099823,0.04630317538976669,-0.07887131720781326,0.11203549802303314,0.020274978131055832,0.1873503029346466,-0.12536180019378662,-0.0724395141005516,-0.40078267455101013,0.14468175172805786,-0.2586408257484436,-0.19956889748573303,0.4411442279815674,0.07359468936920166,0.004826223012059927,0.11194522678852081,-0.042111705988645554,0.16801227629184723,0.19235098361968994,-0.2224976271390915,-0.08474789559841156,0.11676516383886337,-0.08180824667215347,-0.08782033622264862,0.11534452438354492,-0.0057841017842292786,-0.08207286894321442,-0.1370074450969696,-0.29939281940460205,-0.03378923609852791,-0.08314874768257141,0.31367164850234985,0.34397169947624207,-0.15244582295417786,-0.09887226670980453,0.22842106223106384,0.016644399613142014,0.09848584979772568,0.011316793039441109,-0.3232225775718689,-0.3870621919631958,-0.22405660152435303,0.017921756953001022,0.009127194061875343,0.20182505249977112,-0.08169939368963242,-0.0766855925321579,-0.017312506213784218,-0.5049048066139221,-0.2575235366821289,-0.08435817807912827,0.005589035339653492,-0.16532190144062042,0.20106498897075653,0.0006640910869464278,0.009607218205928802,-0.6440585851669312,-0.12988010048866272,0.2720896899700165,0.04065019637346268,0.0456836074590683,-0.07633958756923676,-0.23582366108894348,-0.10816683620214462,0.21299457550048828,-0.2072828710079193,0.09419064223766327,-0.18596075475215912,-0.08861590176820755,-0.10918958485126495,0.29990455508232117,0.23324771225452423,0.03295505791902542,-0.036747999489307404,0.31700068712234497,0.42979806661605835,-0.15385936200618744,-0.10874702781438828,0.1797870546579361,-0.15597271919250488,-0.024686995893716812,0.015228909440338612,0.1735774278640747,-0.08747415244579315,-0.038224395364522934,-0.17864318192005157,0.20572176575660706,0.5366215705871582,-0.09400734305381775,0.30289825797080994,0.2915000915527344,-0.06350375711917877,0.16043739020824432,0.08198718726634979,0.12323951721191406,0.26408442854881287,-0.10805964469909668,0.0149149838835001,-0.47240743041038513,-0.35454028844833374,0.11961334943771362,0.20026354491710663,-0.12857620418071747,-0.035285234451293945,0.15734051167964935,-0.12256457656621933,-0.22428636252880096,-0.1706354320049286,-0.0018755994969978929,0.039341576397418976,-0.13784994184970856,0.04483082890510559,0.2615199685096741,-0.14948761463165283,0.2612364888191223,0.09804077446460724,0.2030058652162552,0.13487376272678375,-0.21140675246715546,-0.09896717220544815,0.23347723484039307,-0.3631824254989624,-0.1300925314426422,-0.11338436603546143,-0.07713401317596436,0.11328037083148956,0.3488965630531311,-0.16182725131511688,-0.17103147506713867,-0.012548426166176796,0.05983591079711914,-0.043955668807029724,-0.09555355459451675,-0.2128143310546875,0.1415109932422638,-0.1614604890346527,0.2078106701374054,0.08069372922182083,-0.25839298963546753,-0.21656200289726257,-0.34412655234336853,0.051808375865221024,-0.06921659409999847,0.18145442008972168,-0.19515283405780792,0.33294185996055603,-0.15885932743549347,0.12760689854621887,-0.010435971431434155,-0.191527858376503,-0.18154959380626678,0.14611446857452393,0.22407782077789307,-0.16997137665748596,-0.014204728417098522,-0.07718072086572647,-0.2858090102672577,0.014120673760771751,0.12362746894359589,0.1682049185037613,0.10139969736337662,0.1581510603427887,-0.18222478032112122,0.1233530268073082,-0.027653992176055908,0.09330584108829498,0.04658622667193413,0.19052162766456604,-0.2528896629810333,-0.05082891508936882,-0.33027780055999756,0.057586006820201874,-0.21505479514598846,-0.06606074422597885,-0.1010342612862587,-0.01139159221202135,0.3350473940372467,0.3251191973686218,-0.05559002235531807,0.34883660078048706,0.18083074688911438,0.042671702802181244,-0.08869416266679764,-0.046755317598581314,0.04795927554368973,0.09105639904737473,-0.0038989901077002287,-0.05815735459327698,-0.13601011037826538,-0.06577964127063751,-0.20831723511219025,0.07465116679668427,0.1267646998167038,0.17589280009269714,0.02033184841275215,-0.010320696048438549,-0.18672022223472595,-0.06089432165026665,-0.19805127382278442,0.2411026954650879,0.06512552499771118,-0.13937699794769287,-0.18022534251213074,0.23602347075939178,-0.36057013273239136,0.11654208600521088,-0.17539872229099274,0.24388666450977325,-0.3727759122848511,0.13891062140464783,0.2626602053642273,-0.21007955074310303,-0.015778155997395515,0.12809911370277405,0.10132958739995956,-0.5407108664512634,-0.13292060792446136,0.2729763388633728,-0.31116119027137756,0.09873265027999878,-0.23593024909496307,0.22509126365184784,0.05501214787364006
CID000019090,63,-0.004128965549170971,-0.04868221655488014,0.14341385662555695,0.24517789483070374,-0.20502492785453796,0.09798381477594376,-0.0013155132764950395,0.3903197944164276,-0.1618347465991974,0.2106201946735382,-0.18286241590976715,-0.07350407540798187,-0.3453039228916168,0.16022077202796936,-0.30068445205688477,-0.12102816253900528,0.013022501952946186,0.07941420376300812,0.13973358273506165,-0.4468441605567932,0.35143640637397766,-0.2468462884426117,0.17668481171131134,-0.7144624590873718,0.1282256841659546,0.46240463852882385,-0.2667025923728943,-0.3168494999408722,0.12819403409957886,0.2243076115846634,-0.22183659672737122,0.4474920630455017,-0.3089798092842102,0.36845698952674866,-0.05194864794611931,0.14213134348392487,0.10979354381561279,0.15559107065200806,-0.05895688384771347,-0.3491963744163513,-0.08032798767089844,-0.3953167796134949,0.10505427420139313,-0.40878280997276306,0.005576813127845526,0.11155811697244644,0.041444286704063416,-0.06661389768123627,0.09550555050373077,0.0031795413233339787,0.2619982659816742,0.19452497363090515,-0.38836851716041565,-0.09139366447925568,0.045606695115566254,-0.02643548510968685,-0.1466359794139862,0.009676766581833363,0.18319536745548248,0.29409319162368774,-0.4442099928855896,-0.3729434609413147,0.01599222421646118,-0.09844551980495453,0.3212800621986389,0.5488046407699585,-0.04424482583999634,-0.07864196598529816,0.0366622731089592,-0.15748286247253418,0.08285878598690033,-0.2213471382856369,-0.384951114654541,-0.3734234571456909,-0.33111268281936646,-0.00025925488444045186,-0.36430954933166504,0.01884005032479763,-0.01335451565682888,0.11344067752361298,0.17094674706459045,-0.16767680644989014,-0.38195955753326416,0.05417181923985481,0.01950046792626381,-0.08776409178972244,0.24937525391578674,0.554232656955719,-0.2121249884366989,-0.6616536378860474,0.09374184906482697,0.3156720995903015,0.03251553699374199,-0.2487032413482666,-0.2410752773284912,-0.5739520192146301,-0.4253789484500885,0.0016613006591796875,0.11593510210514069,0.095575712621212,-0.20889267325401306,-0.1139099970459938,-0.058017708361148834,0.4758496880531311,0.370321124792099,0.029089445248246193,-0.06513790041208267,-0.0912395566701889,0.3615625500679016,-0.12473714351654053,-0.13532008230686188,0.0889599397778511,-0.12301965057849884,0.0013163157273083925,-0.0332624614238739,0.37108558416366577,0.003918805625289679,0.16347403824329376,-0.2045791894197464,0.1990017592906952,0.3435651659965515,-0.42300835251808167,0.3029533922672272,0.35719460248947144,-0.14328444004058838,0.14565959572792053,0.17648069560527802,0.26966989040374756,0.5831748843193054,-0.1210460215806961,0.09586811065673828,-0.3456345498561859,-0.22508156299591064,0.07833415269851685,0.10796278715133667,0.14635124802589417,0.12347739934921265,0.2955605685710907,0.22376298904418945,-0.1975702941417694,-0.13952544331550598,0.24519293010234833,-0.0016370117664337158,-0.07160137593746185,0.01971612125635147,0.39604610204696655,-0.31079792976379395,0.34475815296173096,-0.3597778379917145,0.39712899923324585,0.20403066277503967,-0.21055087447166443,-0.18604740500450134,-0.05934211611747742,-0.20407672226428986,-0.22232046723365784,0.03060973808169365,-0.34763771295547485,0.23164138197898865,0.41388922929763794,-0.032631199806928635,-0.12418589740991592,0.00823585968464613,0.15108290314674377,-0.32090893387794495,-0.014393654651939869,0.04406937211751938,-0.18150663375854492,-0.01429894007742405,0.23883792757987976,0.14548155665397644,-0.23746523261070251,-0.2217443734407425,-0.24423885345458984,0.009373974986374378,-0.06358557939529419,0.1178835853934288,-0.21278326213359833,0.29134702682495117,-0.19568060338497162,0.11594367027282715,-0.01690661907196045,-0.24264708161354065,0.0005404651165008545,0.4355594217777252,0.054941851645708084,-0.1274905502796173,-0.0575389489531517,0.27253857254981995,-0.43888768553733826,-0.05623478814959526,0.08692742139101028,0.3886335492134094,0.0015264332760125399,0.16925737261772156,0.0021643689833581448,0.16003641486167908,0.1650005728006363,0.0960356667637825,0.1572968065738678,0.3279264569282532,-0.5447710752487183,0.05889075994491577,-0.35916668176651,0.16372600197792053,-0.038366805762052536,-0.10871906578540802,0.005628150887787342,0.37253624200820923,0.5871806740760803,0.35867685079574585,0.104850634932518,0.43810296058654785,-0.033631615340709686,0.32766011357307434,-0.11108626425266266,0.02508828602731228,0.046503324061632156,0.06546424329280853,-0.20609323680400848,-0.06098971515893936,0.13026008009910583,-0.3080538213253021,-0.5459600687026978,-0.5690588355064392,-0.10929419100284576,-0.09066560864448547,-0.5649600028991699,-0.17356233298778534,-0.004704079125076532,0.10550966113805771,0.1446649730205536,0.5098038911819458,0.012539769522845745,-0.04395296052098274,0.14592039585113525,0.3659171462059021,-0.4943452477455139,-0.006904111709445715,-0.08903543651103973,0.25469693541526794,-0.5492637753486633,-0.19280993938446045,0.21765069663524628,-0.009863841347396374,-0.28058215975761414,0.2561378479003906,-0.1835147589445114,-0.38051483035087585,0.0074426294304430485,0.45141372084617615,-0.3558013439178467,0.16827644407749176,-0.15388403832912445,0.03780774399638176,-0.08486625552177429
CID000002802,64,0.1693018674850464,-0.053654082119464874,0.2524051070213318,0.1606065332889557,-0.2343413531780243,0.28400540351867676,0.14543764293193817,0.49236375093460083,0.006578402128070593,0.19374984502792358,0.18913447856903076,0.25387927889823914,-0.01185288280248642,0.10033537447452545,-0.2804888188838959,-0.1519591063261032,-0.17257702350616455,0.008430113084614277,0.0528942346572876,-0.47946295142173767,0.1332702934741974,-0.2762030065059662,-0.039685823023319244,-0.7365406155586243,-0.14449146389961243,0.18224549293518066,-0.1293031871318817,-0.10784437507390976,-0.12625321745872498,0.3611733317375183,-0.10254786163568497,0.2652285397052765,-0.19174493849277496,-0.16944058239459991,0.09959165751934052,0.25237083435058594,0.15326520800590515,0.08431723713874817,0.22804637253284454,-0.1999329924583435,-0.02358328178524971,-0.19574344158172607,0.006135162897408009,-0.10670840740203857,-0.33435919880867004,0.4382667541503906,-0.029073815792798996,0.0705866813659668,0.00941960234194994,-0.18232060968875885,0.3303636908531189,-0.03326397389173508,-0.2825835347175598,-0.1274333894252777,0.42746543884277344,-0.18771374225616455,0.23219747841358185,0.38884100317955017,0.02748483419418335,-0.015595614910125732,-0.37911778688430786,-0.5098705291748047,-0.07580384612083435,-0.34387677907943726,0.23882248997688293,0.5411198735237122,-0.1521925926208496,-0.29103702306747437,0.1792396605014801,0.1268729418516159,-0.12759265303611755,0.14087870717048645,-0.4389755129814148,-0.3764807879924774,-0.535602867603302,-0.1751403510570526,-0.030819574370980263,-0.05109778046607971,0.004230865743011236,0.011010217480361462,0.28324976563453674,-0.33556532859802246,-0.3441393971443176,0.3321976065635681,-0.08619441092014313,-0.3760731518268585,0.3650086224079132,0.023187804967164993,-0.014388429000973701,-0.6081430315971375,-0.06867925822734833,0.3689418137073517,-0.011235970072448254,-0.0016993969911709428,-0.12955573201179504,-0.2916596531867981,-0.17095832526683807,-0.074724942445755,-0.022738182917237282,0.2663070559501648,-0.23490293323993683,-0.00801228266209364,-0.07531442493200302,0.4436151385307312,0.13091810047626495,0.15041415393352509,-0.05088173225522041,-0.04359698295593262,0.4532913267612457,0.17442686855793,-0.09059469401836395,-0.014087403193116188,-0.1359894573688507,-0.04720373824238777,-0.2551002502441406,0.24255044758319855,-0.08322527259588242,-0.10786769539117813,-0.14274831116199493,0.30752676725387573,0.44369059801101685,-0.14524710178375244,0.48251333832740784,0.3474232256412506,0.1217271089553833,0.19496379792690277,-0.007607258856296539,-0.015581319108605385,0.3701116442680359,0.1048477292060852,0.26131588220596313,-0.4705711901187897,-0.4053347706794739,0.3078540563583374,0.14179727435112,-0.17024186253547668,0.061295412480831146,0.152713805437088,-0.23430097103118896,-0.5013571977615356,-0.32813841104507446,0.2417796105146408,0.2579862177371979,-0.22891207039356232,0.016025260090827942,0.16764262318611145,-0.06782157719135284,0.28138893842697144,-0.10500230640172958,0.13049574196338654,-0.0728946179151535,-0.20841562747955322,0.05602462962269783,0.002806696342304349,-0.12344256788492203,-0.14044126868247986,-0.038182925432920456,-0.48196667432785034,0.047429971396923065,0.27473267912864685,0.05745886638760567,0.20042958855628967,-0.03576810657978058,0.19897696375846863,-0.10847413539886475,8.440166857326403e-05,-0.4223649501800537,0.27902325987815857,0.10907073318958282,0.20955201983451843,0.030985310673713684,-0.2861514091491699,-0.4378725588321686,-0.27012792229652405,0.08346191793680191,-0.014646826311945915,0.04699823260307312,-0.3261951506137848,0.5172606706619263,0.004661852028220892,-0.10793916881084442,-0.18717201054096222,-0.5071427226066589,-0.19847455620765686,-0.03692101314663887,0.28054970502853394,-0.21365614235401154,0.057962238788604736,-0.11633753776550293,-0.5619579553604126,0.0017569779884070158,0.30354809761047363,0.2242424041032791,0.030379319563508034,0.017672786489129066,-0.44988879561424255,0.2526037096977234,-0.23037365078926086,0.2658098340034485,-0.23131446540355682,0.20507225394248962,-0.384772926568985,-0.230717271566391,-0.5158485174179077,0.17833706736564636,-0.08098643273115158,-0.05685078352689743,-0.012704622931778431,0.053321294486522675,0.3762805163860321,0.2711450457572937,0.3697512447834015,0.3328729569911957,0.4485343098640442,0.028641972690820694,-0.46446648240089417,0.11152596771717072,0.06296081840991974,0.00019457637972664088,-0.3242073059082031,0.03985411673784256,0.06456862390041351,-0.11483218520879745,-0.34118756651878357,-0.2062273472547531,-0.06417644023895264,-0.04652662202715874,-0.2472197711467743,-0.21798352897167206,0.1256728619337082,0.016628790646791458,-0.02045581117272377,0.24882154166698456,0.032683320343494415,-0.08474338054656982,0.0997309535741806,0.18476593494415283,-0.09907610714435577,0.07248738408088684,0.01492675207555294,0.13804617524147034,-0.5520889163017273,-0.19941318035125732,0.13258323073387146,-0.06235113739967346,0.16779884696006775,0.05303797870874405,0.04396064206957817,-0.5233879089355469,-0.11575751006603241,0.4372882843017578,-0.067398801445961,-0.14037923514842987,-0.10843902826309204,0.17357465624809265,-0.04474322870373726
CID000004900,65,0.0917322188615799,0.1486741304397583,-0.03873326629400253,0.24757035076618195,-0.2000323086977005,0.18981733918190002,0.1814463883638382,0.3003353178501129,-0.02163095399737358,0.30655035376548767,-0.06336528807878494,-0.09980626404285431,-0.2978082299232483,0.22800786793231964,-0.3764790892601013,-0.22590012848377228,-0.059615373611450195,-0.004686834756284952,0.18441154062747955,-0.28120672702789307,0.3173105716705322,-0.3201679289340973,-0.04706115275621414,-0.7430533170700073,0.021933041512966156,0.37735891342163086,-0.29666775465011597,-0.30248188972473145,0.02278045192360878,0.24949753284454346,-0.28644421696662903,0.5152824521064758,-0.06918339431285858,0.05814921855926514,0.06375662237405777,0.042287327349185944,0.2824169993400574,0.1165156215429306,0.007758381776511669,-0.08032600581645966,-0.14234600961208344,-0.21034947037696838,0.2860066592693329,-0.3292961120605469,-0.13170865178108215,0.12288431078195572,0.03110281191766262,-0.025106897577643394,-0.12563110888004303,0.15584538877010345,0.23324760794639587,0.06448249518871307,-0.4418080449104309,-0.028500258922576904,0.1609097719192505,-0.135907843708992,-0.1478351652622223,-0.09197120368480682,0.09199082106351852,0.1171015277504921,-0.21906760334968567,-0.32391053438186646,0.012426717206835747,-0.17543691396713257,0.3038319945335388,0.5069793462753296,-0.13934895396232605,-0.02467970922589302,0.06383747607469559,0.12590153515338898,0.03083205595612526,-0.13936568796634674,-0.5713921785354614,-0.3900499939918518,-0.5030444860458374,0.04189799353480339,-0.1938815861940384,0.03197699040174484,-0.1668945997953415,0.07399609684944153,-0.06518101692199707,-0.20937757194042206,-0.3331899046897888,0.08340112864971161,-0.12460881471633911,-0.14624150097370148,0.02901085652410984,0.5858083963394165,-0.23003187775611877,-0.6662718057632446,0.0384102538228035,0.3251309096813202,0.07859037816524506,-0.36617031693458557,-0.21360071003437042,-0.6091578006744385,-0.4890690743923187,-0.1627417653799057,0.004815733525902033,0.12226758152246475,-0.08766941726207733,-0.038888826966285706,-0.04433678835630417,0.44283944368362427,0.228083997964859,0.03588353842496872,-0.16703639924526215,-0.04432017728686333,0.23155172169208527,-0.3141515254974365,-0.11495138704776764,0.03482755273580551,-0.2996118664741516,-0.006485000252723694,-0.09164242446422577,0.21819007396697998,-0.07402485609054565,0.05147789791226387,-0.22011832892894745,0.18002177774906158,0.4109964966773987,-0.2575318217277527,0.2875916361808777,0.31110167503356934,-0.17540320754051208,0.22625413537025452,0.12020339071750641,0.05365334823727608,0.37040287256240845,-0.03509177640080452,0.016112802550196648,-0.2732459306716919,-0.341838538646698,0.2386336624622345,0.18330757319927216,0.12094380706548691,0.051299672573804855,0.331080824136734,0.10101912170648575,-0.036742907017469406,-0.09542778879404068,0.3192417323589325,0.2892138361930847,-0.3015606701374054,-0.013183374889194965,0.13362398743629456,-0.2183525562286377,0.25109949707984924,-0.440318763256073,0.13212481141090393,-0.12429662048816681,-0.2801348865032196,-0.026440119370818138,-0.13552460074424744,-0.25662457942962646,-0.13421094417572021,0.022179892286658287,-0.4693985879421234,0.24304544925689697,0.44134610891342163,-0.18278321623802185,-0.07873882353305817,-0.014686798676848412,0.058975838124752045,-0.14137697219848633,0.042759574949741364,0.16290447115898132,-0.11535458266735077,-0.08367122709751129,0.4103507399559021,0.29524368047714233,-0.14434261620044708,-0.13476864993572235,-0.1546826809644699,0.0749841183423996,0.050194740295410156,-0.0009428352350369096,-0.1497780978679657,0.22350148856639862,-0.07699741423130035,0.06225631758570671,0.025893723592162132,-0.2116040736436844,-0.017936140298843384,0.37101873755455017,-0.018625011667609215,-0.16775140166282654,-0.02584078349173069,0.24337685108184814,-0.45419707894325256,-0.16681204736232758,0.17097538709640503,0.25483962893486023,0.022617723792791367,0.07740145921707153,-0.2283918559551239,0.2691390812397003,-0.21527421474456787,-0.031606245785951614,0.12314192950725555,0.1979549378156662,-0.5427552461624146,-0.04144119471311569,-0.2783438563346863,0.1707347333431244,-0.03837156295776367,-0.009901086799800396,-0.017662962898612022,0.3136439919471741,0.5964664220809937,0.35525956749916077,0.1010773554444313,0.4016695022583008,0.07310881465673447,0.2912198603153229,-0.14113874733448029,-0.18713775277137756,-0.10230188071727753,0.009043246507644653,-0.19869093596935272,0.06151600554585457,0.3234729766845703,-0.2703050673007965,-0.5405347347259521,-0.5646569728851318,-0.22787567973136902,-0.07402827590703964,-0.5591514706611633,-0.08160165697336197,-0.1247299537062645,-0.058201421052217484,0.1274382323026657,0.3377620577812195,0.06375038623809814,-0.20621120929718018,0.0932232216000557,0.37998223304748535,-0.6266253590583801,0.12238900363445282,-0.10714560747146606,0.30801066756248474,-0.5799907445907593,-0.08525986969470978,0.26809993386268616,-0.0018437064718455076,-0.23503930866718292,0.20850937068462372,-0.208344504237175,-0.42468374967575073,0.0002680659235920757,0.3238692581653595,-0.29666808247566223,0.10970962047576904,-0.2901366353034973,0.038356442004442215,-0.018472911790013313
CID000002803,66,0.5423676371574402,-0.03935731202363968,0.2855197787284851,0.33766409754753113,-0.36793020367622375,0.10778911411762238,0.1812351644039154,0.2667306959629059,-0.20616738498210907,0.4476054608821869,0.12062431871891022,0.012110859155654907,-0.08934494107961655,0.08545635640621185,-0.2342628687620163,-0.0642622634768486,-0.11814285814762115,-0.21754451096057892,0.061339326202869415,-0.3684496283531189,-0.01502558309584856,-0.14179512858390808,0.2329297959804535,-0.7827356457710266,0.06657160073518753,0.010253834538161755,-0.27482444047927856,-0.03379195183515549,-0.0833723321557045,0.05696572735905647,0.012214021757245064,0.1652267426252365,-0.07987929880619049,-0.03533649444580078,-0.08439354598522186,0.17136529088020325,0.09253903478384018,0.22065933048725128,0.04516928270459175,0.05908996984362602,-0.07030520588159561,-0.1457848846912384,0.06282112747430801,-0.13870128989219666,-0.16726574301719666,0.26808616518974304,-0.04141969233751297,0.026324251666665077,-0.024845873937010765,0.3523169159889221,0.35871124267578125,0.09694813191890717,-0.1450602114200592,0.16379979252815247,0.11321020126342773,-0.1614970862865448,0.0639275535941124,0.16993889212608337,0.0860404446721077,0.08353252708911896,-0.2953231930732727,-0.2691148519515991,0.19282519817352295,-0.054047923535108566,0.16119258105754852,0.3884945809841156,-0.28793349862098694,0.16091585159301758,0.24456171691417694,0.027836153283715248,0.14645415544509888,-0.0400170274078846,-0.27514588832855225,-0.3221554160118103,-0.12212304025888443,0.3123404085636139,0.16852301359176636,-0.08070526272058487,0.004198933485895395,-0.09963609278202057,0.06840430200099945,-0.712386965751648,-0.25882139801979065,0.11649581044912338,0.08811751753091812,-0.06754060089588165,0.2377956360578537,0.049596190452575684,0.14915260672569275,-0.7195912003517151,0.05293940380215645,0.1618005782365799,0.03268885985016823,-0.014010012149810791,0.15114596486091614,-0.2631208896636963,-0.290876179933548,-0.1426994502544403,-0.2082764208316803,0.3264184594154358,-0.053787268698215485,0.10451118648052216,-0.04900231957435608,0.34450387954711914,0.008892059326171875,-0.008634088560938835,-0.09388653188943863,-0.0673164576292038,0.5233461856842041,-0.09976597130298615,0.04668286070227623,0.10581515729427338,-0.043125372380018234,-0.09083829820156097,0.1117115393280983,0.22036734223365784,-0.026955168694257736,0.004671826958656311,-0.11446087062358856,0.13369999825954437,0.7065883874893188,-0.03847503662109375,0.22027401626110077,0.2382238805294037,0.0004183977725915611,0.10591981559991837,-0.07344581186771393,-0.05326342582702637,0.0904325321316719,-0.03154873102903366,0.40258312225341797,-0.6236045360565186,-0.3627968430519104,0.15370133519172668,0.29580923914909363,-0.12010220438241959,-0.14427317678928375,0.2733234763145447,-0.06032620742917061,-0.2494511604309082,-0.29017919301986694,0.17941159009933472,0.19656948745250702,-0.1313987672328949,-0.01652528904378414,-0.07373183220624924,0.043969035148620605,0.4325625002384186,0.037426792085170746,0.1366008222103119,0.2143017053604126,-0.31826791167259216,0.0045487224124372005,0.224063441157341,-0.1787283718585968,-0.1145184263586998,-0.027485286816954613,-0.10116647183895111,0.037819311022758484,0.21105079352855682,0.06126241013407707,0.011341693811118603,0.007489791605621576,0.18291890621185303,0.010853743180632591,-0.04104812815785408,-0.3388407826423645,0.19159190356731415,-0.047506678849458694,0.2628151774406433,-0.12853330373764038,-0.016559993848204613,-0.25775858759880066,-0.16002677381038666,-0.022448325529694557,-0.053485870361328125,0.09014854580163956,-0.0583057776093483,0.4266728460788727,-0.05763977766036987,0.16402027010917664,0.051244236528873444,-0.1628011018037796,-0.06926830112934113,0.11345090717077255,0.13721664249897003,-0.24711892008781433,-0.11224617809057236,-0.11818500608205795,-0.3375028967857361,-0.21297259628772736,-0.06049390509724617,0.2543334662914276,-0.07513750344514847,0.0746741071343422,0.08615770936012268,0.043637797236442566,0.11459662765264511,0.03378951549530029,-0.006459939293563366,-0.06215199828147888,-0.29009130597114563,0.36273708939552307,-0.26275888085365295,-0.20908422768115997,-0.1428602933883667,-0.061187516897916794,0.1695016771554947,0.07178115844726562,0.35270988941192627,0.23186039924621582,0.03813985735177994,0.20988373458385468,0.2701404094696045,0.026999017223715782,-0.2911067306995392,-0.007293718867003918,0.18385598063468933,0.0864894911646843,-0.03560183197259903,-0.024813685566186905,-0.11298999935388565,0.055013835430145264,-0.1835862100124359,-0.034622590988874435,-0.24995319545269012,-0.046319182962179184,-0.04397618770599365,0.017876774072647095,0.1304585486650467,-0.19838419556617737,0.00011639595322776586,0.1551809012889862,0.0453043170273304,-0.08657631278038025,0.15100689232349396,0.33255496621131897,-0.27819007635116577,0.0009103119373321533,0.03975874185562134,0.07090901583433151,-0.5606846809387207,0.24435262382030487,0.32732346653938293,0.014447730965912342,-0.203832745552063,0.1399482786655426,-0.006743529345840216,-0.635422945022583,-0.22682833671569824,0.2592204213142395,-0.1827942281961441,-0.12185951322317123,-0.10447575896978378,0.104314424097538,0.14445170760154724
CID000003365,67,0.001530960202217102,0.005699467845261097,0.021636325865983963,0.41222453117370605,-0.46922627091407776,0.14065979421138763,0.26167887449264526,0.23535899817943573,0.16038651764392853,0.2717433571815491,0.012934637255966663,-0.004198946058750153,-0.052709221839904785,0.2431778460741043,-0.10388819128274918,-0.20235565304756165,-0.0416623130440712,-0.07654361426830292,0.008904874324798584,-0.2826458513736725,0.059126757085323334,-0.3105469346046448,-0.34846410155296326,-0.7008606791496277,-0.11811055988073349,-0.07993356883525848,-0.21320100128650665,-0.10181726515293121,-0.0028064579237252474,0.07602585852146149,-0.03390958160161972,0.2283734381198883,0.01900787279009819,0.1767006665468216,-0.0359744057059288,0.05260806530714035,0.04418080300092697,0.17696303129196167,0.16964465379714966,-0.1775456964969635,0.04706211015582085,-0.0961199402809143,0.032668136060237885,-0.21978053450584412,-0.039104945957660675,0.2606883943080902,0.06538596004247665,0.05112743377685547,0.1564096212387085,-0.15123334527015686,0.2771986722946167,0.21041588485240936,-0.371584951877594,0.03416118770837784,0.15548168122768402,-0.09318205714225769,-0.09461067616939545,0.11420142650604248,0.2473841905593872,-0.08619354665279388,-0.19354447722434998,-0.2659025490283966,0.03448430448770523,-0.04902886599302292,0.24599924683570862,0.2604731023311615,-0.09588541090488434,-0.08972020447254181,0.22562842071056366,0.2024928331375122,-0.08801768720149994,-0.26206398010253906,-0.3735700249671936,-0.30038782954216003,-0.2501699924468994,-0.06763233989477158,0.03730841726064682,0.10678758472204208,-0.10984686762094498,-0.03262857347726822,0.07848644256591797,-0.40359243750572205,-0.34082967042922974,0.0597541444003582,0.23923444747924805,-0.029006144031882286,0.22949862480163574,0.11285421997308731,0.0266510508954525,-0.6561402678489685,0.0338733084499836,0.15551938116550446,0.02345183864235878,-0.03395615890622139,-0.06048786640167236,-0.32633084058761597,-0.16468510031700134,0.10220897197723389,0.16066627204418182,0.004235285334289074,-0.1465097963809967,0.09345749765634537,-0.03633599728345871,0.3545874059200287,0.12760066986083984,0.009800747036933899,-0.05045478418469429,-0.14228257536888123,0.36613208055496216,-0.2554221451282501,-0.13147267699241638,0.21720834076404572,-0.2106316089630127,-0.01471640169620514,-0.00047169922618195415,0.25207096338272095,0.010728701949119568,-0.15683236718177795,-0.24157753586769104,0.14951443672180176,0.5943313837051392,-0.11032859236001968,0.28680485486984253,0.2602593004703522,-0.04320589452981949,0.29905715584754944,0.04145585373044014,0.22434845566749573,0.28465285897254944,-0.07971632480621338,0.09705011546611786,-0.4321022927761078,-0.4644235074520111,0.02460355870425701,0.31919872760772705,0.18011823296546936,-0.05303213745355606,0.21939226984977722,-0.004252648446708918,-0.11844704300165176,-0.10696844011545181,0.20819446444511414,-0.021177731454372406,-0.15693067014217377,-0.12919141352176666,0.15479394793510437,0.0746934711933136,0.3462831676006317,0.005386764649301767,0.19370687007904053,-0.365483820438385,-0.2659958004951477,-0.030132770538330078,0.16446919739246368,-0.21734628081321716,-0.15078464150428772,-0.021533891558647156,-0.16129539906978607,-0.18463638424873352,0.22459053993225098,0.08282073587179184,-0.09645356237888336,0.05687326192855835,-0.005544728133827448,-0.013526016846299171,0.042963773012161255,-0.2826693058013916,0.14495089650154114,-0.028500553220510483,0.17429284751415253,-0.15151579678058624,-0.03087523952126503,-0.15568707883358002,-0.1905180662870407,0.0014316707383841276,-0.016628656536340714,0.22252941131591797,-0.3311845660209656,0.4137018322944641,-0.11995730549097061,0.04530547931790352,0.12911489605903625,-0.21925675868988037,-0.1325741708278656,0.1192142516374588,0.18900367617607117,-0.034398335963487625,0.07145003974437714,0.04082219675183296,-0.3103695511817932,-0.04826828092336655,0.034785520285367966,0.2790451645851135,-0.08184312283992767,0.06333264708518982,-0.2082904577255249,0.19626487791538239,-0.14364410936832428,0.16194453835487366,0.3190363347530365,0.15878157317638397,-0.2207188606262207,-0.14831186830997467,-0.3150455057621002,-0.13271288573741913,-0.14532168209552765,-0.01933828368782997,0.06112275272607803,0.020982002839446068,0.46425944566726685,0.34996384382247925,-0.013091516681015491,0.26570573449134827,0.19683311879634857,0.007852347567677498,0.02895127609372139,0.03424316644668579,0.11516833305358887,0.14897488057613373,-0.18251283466815948,0.05000155046582222,0.032567836344242096,-0.011480152606964111,-0.25394317507743835,0.03324582427740097,0.029731959104537964,-0.24677352607250214,-0.14253541827201843,-0.010640379972755909,0.10783674567937851,-0.06040264293551445,0.07993508875370026,0.1452641487121582,0.02760324999690056,-0.14709118008613586,0.2159343659877777,0.3225167393684387,-0.4836139678955078,0.0049437955021858215,-0.15817251801490784,0.20553961396217346,-0.3590983748435974,0.08619022369384766,0.32681208848953247,-0.19618961215019226,0.04444121569395065,0.014001441188156605,0.15370194613933563,-0.563125491142273,-0.07653792202472687,0.23517508804798126,-0.210515096783638,0.094294972717762,-0.29080671072006226,0.021945729851722717,0.062319278717041016
CID000000942,68,0.09170867502689362,-0.10262670367956161,0.13342492282390594,0.4522656500339508,-0.28282129764556885,0.11110208183526993,0.10232637077569962,0.27556341886520386,0.12017045170068741,0.272716760635376,0.2835136353969574,0.12228617817163467,-0.13956059515476227,0.07294099777936935,-0.2976171374320984,-0.008952436968684196,-0.19751664996147156,-0.02593211457133293,0.1593092679977417,-0.49475497007369995,-0.010081267915666103,-0.10519914329051971,0.2320299595594406,-0.8600916862487793,-0.18257243931293488,0.010005461983382702,-0.15639159083366394,-0.04245865345001221,0.06628771126270294,-0.09076027572154999,-0.022368919104337692,0.2862106263637543,-0.09255673736333847,0.03425956517457962,-0.07852751016616821,-0.10838381946086884,0.23100826144218445,-0.0404052659869194,0.2195480316877365,-0.2274787873029709,-0.03224258869886398,-0.15812119841575623,0.16726122796535492,-0.2411152869462967,-0.12335644662380219,0.41218310594558716,0.07506828010082245,0.04155202955007553,-0.13505052030086517,-0.04332991689443588,0.4154573976993561,0.33677077293395996,-0.04005671292543411,0.07395785301923752,0.08223555237054825,-0.1764059215784073,-0.0452120415866375,0.19460558891296387,-0.007734539918601513,0.02028503455221653,-0.23719170689582825,-0.21706707775592804,-0.04502900317311287,-0.06875871121883392,0.17346331477165222,0.5363947749137878,-0.38617199659347534,0.15185095369815826,0.13766583800315857,0.03154989704489708,-0.008741860277950764,0.10814054310321808,-0.299626886844635,-0.34866538643836975,-0.22531962394714355,0.004971605725586414,0.09910145401954651,0.07168836891651154,-0.07730437070131302,0.1690666228532791,-0.06779130548238754,-0.5968255400657654,-0.22005173563957214,0.10809904336929321,0.13094641268253326,-0.018377577885985374,0.06774310767650604,0.16210362315177917,-0.10997917503118515,-0.7692684531211853,-0.06670637428760529,0.022205311805009842,0.012973924167454243,0.08044035732746124,-0.1630621999502182,-0.32844656705856323,-0.12230966240167618,0.13415853679180145,-0.07603006064891815,0.051563750952482224,-0.32140058279037476,0.10855190455913544,-0.09976229816675186,0.180477112531662,-0.019175315275788307,0.059536367654800415,-0.1263483166694641,-0.021842021495103836,0.5937790274620056,-0.019047832116484642,0.008345747366547585,0.20247671008110046,0.014820585027337074,-0.21738462150096893,0.18736602365970612,0.10796903073787689,-0.06583999842405319,0.1708322912454605,-0.02860049344599247,0.2485520839691162,0.7623405456542969,-0.04742036014795303,0.2473091334104538,0.2866911292076111,-0.22465455532073975,0.1248212605714798,-0.03479354828596115,0.038427527993917465,0.17036768794059753,0.07627157121896744,0.30014747381210327,-0.6694191694259644,-0.38247761130332947,0.2421952784061432,0.249055415391922,-0.16132965683937073,0.11354539543390274,0.23483502864837646,-0.3329390287399292,-0.27246397733688354,-0.20293796062469482,0.14708717167377472,0.1141415610909462,-0.034936364740133286,-0.05089772865176201,0.13768401741981506,-0.061432529240846634,0.3921952247619629,0.0703641027212143,0.16997651755809784,0.25690269470214844,-0.38123074173927307,0.15279459953308105,0.2407381534576416,-0.2760576605796814,-0.23264427483081818,-0.1751609593629837,0.09577594697475433,0.19147317111492157,0.30717217922210693,0.057754259556531906,0.008725324645638466,0.03415900096297264,0.039868760854005814,-0.06143081188201904,-0.3694019317626953,-0.29394692182540894,0.0896816998720169,-0.1052631139755249,0.15427714586257935,0.02678081952035427,-0.13228125870227814,-0.24653394520282745,-0.28573766350746155,0.05578033998608589,-0.07914714515209198,0.008168196305632591,-0.14404398202896118,0.5013381242752075,-0.27225446701049805,0.014001560397446156,-0.016256090253591537,-0.07772892713546753,-0.30423444509506226,0.15207859873771667,0.25908151268959045,-0.34264877438545227,0.005845487117767334,-0.05936212092638016,-0.30876031517982483,0.18163307011127472,0.028145497664809227,0.1283390074968338,0.09707479178905487,0.19766128063201904,0.013392353430390358,-0.03841250389814377,0.062223147600889206,0.18200050294399261,-0.12682130932807922,-0.03615359216928482,-0.3557907044887543,0.019271671772003174,-0.24309909343719482,-0.14184162020683289,-0.0710735097527504,-0.09868886321783066,-0.07857941091060638,0.1504327803850174,0.4970531463623047,0.19782428443431854,0.14415539801120758,0.2268829643726349,0.15208125114440918,0.1685386300086975,-0.07473413646221161,-0.16605350375175476,0.21508483588695526,0.15194079279899597,-0.12163965404033661,-0.08699968457221985,-0.2399555891752243,-0.18692071735858917,-0.18380869925022125,0.0761386826634407,0.05895239859819412,0.009383028373122215,-0.07141925394535065,-0.1295691430568695,0.16467279195785522,-0.14964494109153748,-0.02568111941218376,0.22635051608085632,0.012672126293182373,-0.17174923419952393,0.04431641846895218,0.3829926550388336,-0.28226324915885925,0.1286385953426361,-0.05499011278152466,0.060061533004045486,-0.49982357025146484,0.25249403715133667,0.18110592663288116,0.0051977187395095825,-0.25371190905570984,-0.011804213747382164,-0.05255532264709473,-0.7424059510231018,-0.2359013855457306,0.28527504205703735,-0.13415731489658356,0.08740414679050446,-0.2269928902387619,0.19528621435165405,0.14342200756072998
CID000062924,69,0.1436873972415924,0.029300684109330177,0.0014428667491301894,0.5772823095321655,-0.2469201385974884,0.26769548654556274,0.17543205618858337,0.25723060965538025,0.07110809534788132,0.22010891139507294,0.08813322335481644,-0.2418770045042038,-0.3146401643753052,0.3733963370323181,-0.016196977347135544,-0.09616653621196747,0.053706131875514984,-0.10567812621593475,0.04242955893278122,-0.4503685534000397,0.19050396978855133,-0.1917317509651184,-0.17455387115478516,-0.6937764883041382,-0.2865648865699768,0.13203094899654388,-0.3670373857021332,-0.16930097341537476,-0.0661548525094986,-0.059390224516391754,0.09510574489831924,0.5661665201187134,0.09296747297048569,-0.24365374445915222,-0.02347487024962902,-0.09789569675922394,0.35385411977767944,-0.20073485374450684,0.24658581614494324,0.013741284608840942,-0.09933125972747803,0.23499968647956848,0.35841864347457886,-0.11731352657079697,-0.3304288983345032,0.10114822536706924,-0.008979061618447304,0.01317112147808075,0.16637447476387024,0.19616469740867615,0.592025637626648,-0.07668650895357132,-0.40444788336753845,0.13978739082813263,-0.09553100913763046,-0.4212082028388977,0.10730709880590439,-0.09847672283649445,0.04766266793012619,-0.013816887512803078,-0.051624931395053864,-0.20514652132987976,-0.038680724799633026,-0.18512673676013947,0.4365196228027344,0.5039111971855164,-0.028754625469446182,0.013859421014785767,0.2094641625881195,0.38864558935165405,-0.003973687998950481,0.09835762530565262,-0.23617252707481384,-0.41775718331336975,-0.5766211748123169,0.09642083942890167,0.01835324987769127,-0.12226895242929459,-0.18216486275196075,0.15815462172031403,-0.07463140785694122,-0.2978195548057556,-0.38310202956199646,-0.03832482546567917,-0.006908792071044445,-0.0676695927977562,-0.09389692544937134,0.34068331122398376,-0.04740756005048752,-1.2400540113449097,0.03308568149805069,0.22282834351062775,0.05711088329553604,-0.25966155529022217,0.05187786743044853,-0.6040717959403992,0.06815150380134583,-0.11604364216327667,-0.08069045841693878,0.08833231776952744,-0.003590542124584317,0.16038812696933746,0.07656056433916092,0.4843316972255707,-0.025892604142427444,-0.046616800129413605,-0.4294428825378418,0.17697671055793762,0.2699621021747589,-0.13651247322559357,-0.005814156029373407,0.16127654910087585,-0.06350573152303696,-0.15347349643707275,0.06079315021634102,0.07441945374011993,-0.2565757632255554,-0.0678863525390625,0.032335154712200165,0.15317152440547943,0.6824671626091003,-0.30361443758010864,0.017320871353149414,0.024947624653577805,-0.0237140953540802,0.026294762268662453,0.07380502671003342,-0.060228146612644196,0.2793116569519043,-0.01519861537963152,0.106451116502285,-0.4328138828277588,-0.3838648796081543,0.5316433906555176,0.04987800121307373,0.24435937404632568,-0.03531363233923912,0.06717222929000854,-0.16232015192508698,-0.02719380334019661,-0.016218602657318115,0.29703325033187866,-0.04476126283407211,-0.14675748348236084,-0.03238788619637489,-0.08203452825546265,0.05795280262827873,0.4216230809688568,-0.2591336965560913,-0.01513093151152134,-0.18520474433898926,-0.518142580986023,0.27904632687568665,-0.056651681661605835,-0.4064960479736328,0.08031593263149261,-0.045591942965984344,-0.13386988639831543,-0.09205271303653717,0.4604730010032654,0.03887541592121124,0.22054144740104675,-0.15492916107177734,-0.15170374512672424,-0.3713274896144867,-0.1923982799053192,0.3084229826927185,0.04702620953321457,-0.002924260450527072,0.05619851499795914,0.3321540951728821,-0.18179956078529358,-0.243109792470932,-0.03465064615011215,-0.050346992909908295,0.002494859043508768,0.10865800082683563,-0.17592017352581024,0.31377503275871277,0.13189619779586792,-0.12159446626901627,0.10436563193798065,0.07384409010410309,-0.28000783920288086,0.29676488041877747,-0.12658162415027618,-0.18267473578453064,0.11647679656744003,0.35849207639694214,-0.3304063677787781,-0.06836812198162079,0.11581625789403915,0.08229236304759979,-0.018810277804732323,0.03301848843693733,-0.016089212149381638,0.21257443726062775,-0.43180933594703674,0.044880591332912445,-0.040873728692531586,-0.024984408169984818,-0.4245069622993469,-0.10315950214862823,-0.3162846863269806,-0.07293141633272171,-0.03769798204302788,-0.1691187620162964,-0.23480649292469025,0.45344287157058716,0.6361862421035767,0.333092600107193,0.023713115602731705,0.27041420340538025,-0.07954838126897812,0.13403119146823883,-0.052648793905973434,0.1792493462562561,-0.24796664714813232,0.026119813323020935,-0.0776977688074112,-0.0708812028169632,0.1767197698354721,-0.006034945137798786,-0.47196754813194275,-0.042053353041410446,-0.2115175426006317,0.03014066442847252,-0.2095295637845993,-0.12053234875202179,0.10617587715387344,-0.08154518902301788,0.13689477741718292,0.18340788781642914,0.035267941653728485,-0.35077187418937683,-0.0383976511657238,0.4889678955078125,-0.6495675444602966,-0.011142287403345108,-0.20711517333984375,0.139640212059021,-0.5496802926063538,0.08861292153596878,0.22855576872825623,-0.057060159742832184,0.031110450625419617,0.08766775578260422,-0.17168205976486206,-0.6185656189918518,-0.07946593314409256,0.09445659816265106,-0.11518914997577667,0.013953439891338348,-0.19027318060398102,-0.13819259405136108,0.1210254430770874
CID000001065,70,0.10276186466217041,-0.3008154034614563,-0.05416858196258545,0.5612348914146423,-0.29780149459838867,0.06251801550388336,-0.1387939155101776,0.08590138703584671,0.05575312301516533,-0.16530288755893707,0.0486798994243145,-0.0861472338438034,-0.007694569416344166,0.17242331802845,-0.09561435878276825,-0.03971204534173012,-0.0580146424472332,-0.3269879221916199,-0.16513898968696594,-0.6017177104949951,-0.06126053258776665,-0.038270503282547,-0.2532046139240265,-1.0112696886062622,-0.05170118063688278,-0.09947798401117325,-0.2424010932445526,0.06757035851478577,-0.1088092178106308,0.24789512157440186,-0.11756686866283417,0.31170952320098877,-0.019723379984498024,-0.046276260167360306,0.026395022869110107,0.02463722415268421,0.12256734073162079,-0.012011045590043068,0.014451121911406517,-0.4133475720882416,-0.014628028497099876,-0.180463507771492,0.15682503581047058,-0.37506264448165894,-0.1954706460237503,0.3487533926963806,-0.1762671172618866,0.12892134487628937,0.02375318855047226,0.24832649528980255,0.4158114790916443,-0.3731299340724945,-0.20460054278373718,-0.34397000074386597,-0.007836190983653069,-0.05953609198331833,0.11307444423437119,0.12829092144966125,0.07539955526590347,0.03370222449302673,-0.04366075247526169,-0.14681079983711243,-0.05447452515363693,-0.14339305460453033,0.0697362869977951,0.6571139097213745,-0.2076113522052765,-0.03894956037402153,0.1695590764284134,0.18426963686943054,0.031658705323934555,0.3582291007041931,-0.515859067440033,-0.23542478680610657,0.04196501895785332,0.36337417364120483,-0.14923281967639923,-0.044083915650844574,-0.22496378421783447,0.351132333278656,0.6720665693283081,-0.39979860186576843,-0.3171255886554718,-0.3726016581058502,0.09054064750671387,-0.37616923451423645,0.4934071898460388,0.1285184621810913,-0.09566178172826767,-1.0778117179870605,0.2028689682483673,0.2815329134464264,-0.118571437895298,0.06352119147777557,0.2946333885192871,-0.25148534774780273,0.18407520651817322,0.03699806332588196,-0.22678335011005402,0.26143592596054077,-0.1810707151889801,0.23329505324363708,-0.0367603525519371,0.27976229786872864,-0.37785986065864563,0.1494518220424652,0.30730724334716797,-0.10988960415124893,0.6993836164474487,0.33317556977272034,-0.05023130029439926,0.35110071301460266,-0.006837949156761169,0.01779220998287201,-0.14631526172161102,0.24185414612293243,0.08345735818147659,-0.14713618159294128,-0.09201879799365997,0.0618106909096241,0.8597589731216431,-0.27648138999938965,0.29981228709220886,-0.001465868204832077,0.055365823209285736,0.1096365824341774,0.06159447506070137,0.138811856508255,0.085118867456913,0.2374712973833084,-0.10728766024112701,-0.5983448624610901,-0.01917857676744461,0.035662692040205,0.29787370562553406,0.04164939373731613,-0.051529236137866974,0.06583012640476227,-0.06348730623722076,-0.6321632862091064,-0.2619706094264984,-0.016761157661676407,0.043676458299160004,-0.02620345912873745,0.07844968885183334,-0.05331014469265938,0.11154554784297943,0.568178117275238,-0.058585841208696365,0.22719252109527588,-0.0095160361379385,-0.4492073655128479,-0.02812707982957363,-0.02680528163909912,-0.15219487249851227,-0.03433282673358917,0.05429159849882126,-0.3133426308631897,-0.004635268356651068,0.2911074161529541,0.21302621066570282,0.04278462007641792,-0.09066502749919891,0.003732074750587344,-0.11362425982952118,-0.17671959102153778,-0.23064418137073517,-0.3174211382865906,0.05017177388072014,0.3075067400932312,-0.03449302911758423,-0.26482829451560974,-0.3995383679866791,-0.518242597579956,0.26260772347450256,-0.046310942620038986,0.09513337910175323,-0.010909059084951878,0.6182788014411926,0.16910487413406372,-0.011254060082137585,-0.24681726098060608,-0.2597949504852295,-0.03202430158853531,0.26740044355392456,0.37019145488739014,-0.8652378916740417,-0.016535457223653793,-0.06400670111179352,-0.28789055347442627,-0.1615629941225052,0.2396034449338913,-0.09266994893550873,-0.019422810524702072,0.15483519434928894,-0.1451532542705536,-0.019855942577123642,-0.4018247127532959,-0.11866556107997894,-0.1052296906709671,0.014292416162788868,-0.053175341337919235,0.327161967754364,-0.14806540310382843,0.33633631467819214,-0.13642926514148712,0.05045343562960625,-0.038319408893585205,0.013768373057246208,0.4277873933315277,0.30404016375541687,-0.25152337551116943,0.13471472263336182,0.2145749032497406,0.13141441345214844,-0.2200857698917389,0.15259134769439697,0.26510411500930786,0.22253525257110596,0.09131455421447754,-0.11468090862035751,0.012561822310090065,0.25067511200904846,-0.3553770184516907,0.21947650611400604,0.15014366805553436,0.40929731726646423,-0.08965285122394562,-0.1195555180311203,0.21888260543346405,-0.16885942220687866,0.044933706521987915,-0.07156416028738022,0.08193115144968033,0.19797717034816742,0.21843871474266052,0.47917264699935913,-0.10384128242731094,-0.03479895740747452,-0.2024196833372116,-0.1472596675157547,-0.8874715566635132,0.10534365475177765,-0.07520995289087296,-0.27897411584854126,0.04870174080133438,0.14715340733528137,0.1572573184967041,-0.7210448384284973,-0.16505451500415802,0.27751269936561584,0.33606934547424316,-0.03154227137565613,-0.039207566529512405,-0.0670124739408493,0.2083168476819992
CID000005512,71,0.09340208768844604,0.0864335149526596,0.23669695854187012,0.5294547080993652,-0.3343923091888428,0.32044947147369385,0.14113236963748932,0.21138262748718262,0.06309690326452255,0.16365821659564972,-0.032162707298994064,0.00248071551322937,-0.2967105507850647,-0.04397210478782654,0.007050854153931141,-0.15988889336585999,-0.1257147490978241,-0.07174506038427353,-0.15947499871253967,-0.6176414489746094,0.18862076103687286,-0.20339909195899963,-0.14323095977306366,-0.7963451147079468,-0.011470651254057884,0.132444366812706,-0.17732176184654236,-0.10844435542821884,-0.09088735282421112,0.13132290542125702,0.2624208927154541,0.3070334494113922,-0.06728287041187286,0.18876095116138458,0.023221317678689957,0.03523126617074013,-0.06917782127857208,-0.0322101004421711,0.32367512583732605,-0.3691486418247223,0.18830451369285583,-0.11963732540607452,0.1182626485824585,-0.34399306774139404,-0.22689132392406464,0.4303572177886963,-0.13629916310310364,0.004252785351127386,-0.0537404902279377,-0.1077946200966835,0.3372139036655426,0.05126955360174179,-0.1759478896856308,-0.1743680089712143,0.06398532539606094,-0.06316384673118591,-0.02788824401795864,0.30036768317222595,-0.14187593758106232,0.10283048450946808,-0.15284985303878784,-0.1488519161939621,0.1135936975479126,0.005755335092544556,0.37830650806427,0.45418882369995117,-0.22922229766845703,-0.10861293226480484,0.03145083785057068,-0.047942593693733215,0.04644284024834633,0.02309892140328884,-0.5876278877258301,-0.1958707571029663,-0.14907804131507874,0.09087462723255157,0.16366633772850037,0.29505419731140137,-0.03067879006266594,0.2006656676530838,0.22401459515094757,-0.49117311835289,-0.18448741734027863,0.012255187146365643,0.23878303170204163,-0.029358942061662674,0.07619727402925491,0.25612181425094604,-0.08411966264247894,-0.7966609001159668,-0.057331740856170654,0.0028198331128805876,-0.03724727779626846,-0.004448714666068554,0.0037005781196057796,-0.429940789937973,-0.04763065651059151,-0.028806257992982864,0.3705931007862091,0.06903186440467834,-0.014677628874778748,0.029724454507231712,-0.008407970890402794,0.3051365911960602,-0.12270434200763702,0.07099167257547379,0.032707393169403076,-0.11637449264526367,0.621760904788971,-0.15582212805747986,-0.15272988379001617,0.22231104969978333,-0.13012562692165375,-0.1471971869468689,0.25161856412887573,0.1120147556066513,0.0662468895316124,-0.14352014660835266,-0.07597978413105011,0.14023856818675995,0.6613898277282715,-0.06459732353687286,0.3013462424278259,0.3071042001247406,-0.08157451450824738,0.03958423063158989,-0.13225601613521576,-0.11720454692840576,0.23157815635204315,-0.15839329361915588,0.3533245623111725,-0.6245766878128052,-0.3608383536338806,0.15948383510112762,0.23684677481651306,0.1589806079864502,-0.012333149090409279,0.17091330885887146,0.20392385125160217,-0.2675397992134094,-0.1555829793214798,0.12457197904586792,0.1810155212879181,-0.022016938775777817,-0.09648241847753525,0.1888507455587387,0.023224717006087303,0.44707244634628296,-0.03898995369672775,0.09601032733917236,-0.16837674379348755,-0.3543952703475952,0.07088202238082886,0.15846773982048035,-0.1921577900648117,-0.4018717408180237,0.058966606855392456,-0.0904928594827652,-0.24124093353748322,0.21239511668682098,0.125427708029747,-0.21802537143230438,0.0163999255746603,0.04841567948460579,0.020779188722372055,-0.24413561820983887,-0.04578467085957527,0.01786651276051998,0.02527134120464325,0.22415658831596375,-0.09301254153251648,-0.2517413794994354,-0.38214531540870667,-0.329172819852829,-0.1415669023990631,0.019500741735100746,-0.007989920675754547,-0.2027750313282013,0.3638670742511749,0.08225298672914505,-0.05020315572619438,-0.1058194488286972,-0.0886850580573082,-0.3059035837650299,0.3043992817401886,0.29155388474464417,-0.48737844824790955,0.03649069741368294,0.08662530779838562,-0.23031727969646454,-0.2055908739566803,-0.05153840780258179,0.25305986404418945,-0.06649672985076904,0.0634431466460228,-0.16950933635234833,0.07193800061941147,0.06154575198888779,0.1557491570711136,-0.0641254186630249,0.137134850025177,-0.3087419867515564,-0.03585318475961685,-0.14482185244560242,-0.20411992073059082,-0.2408173531293869,-0.11026249825954437,-0.11806584894657135,0.008550974540412426,0.513888418674469,0.2550744414329529,-0.037270430475473404,0.15596142411231995,0.20378205180168152,0.12939755618572235,-0.07428471744060516,-0.0363430492579937,0.24343208968639374,0.1673916131258011,-0.08042086660861969,-0.07481563091278076,0.0745152086019516,-0.035261817276477814,-0.275519996881485,-0.1453578919172287,-0.14782968163490295,-0.34435123205184937,-0.24115028977394104,0.021204430609941483,0.16160652041435242,-0.08921917527914047,0.3567144274711609,0.17940059304237366,0.0017374515300616622,-0.040310777723789215,0.17268046736717224,0.3442651927471161,-0.49208134412765503,0.05728628486394882,-0.16942057013511658,0.08117219805717468,-0.6683046221733093,0.24529364705085754,0.08627420663833618,0.03479934483766556,-0.03591873496770859,0.20692965388298035,-0.09648272395133972,-0.7269902229309082,-0.22820524871349335,0.23193135857582092,0.047906581312417984,0.075382299721241,-0.09665326029062271,0.10520781576633453,0.004338389728218317
CID000041781,74,0.0046048699878156185,0.025444721803069115,-0.09595821052789688,0.362295925617218,-0.43773365020751953,0.07385402917861938,0.19524535536766052,0.15456750988960266,0.21783415973186493,0.2718922793865204,0.10143373161554337,0.08040007948875427,0.05035580322146416,0.12239371240139008,-0.25700879096984863,-0.11310259252786636,-0.06987215578556061,-0.13273906707763672,0.1209467202425003,-0.4358755052089691,0.038190510123968124,-0.2241799533367157,-0.1016947403550148,-0.8497039675712585,0.0641549676656723,0.06762360036373138,-0.13836807012557983,0.02997584268450737,0.036096103489398956,0.12366458028554916,-0.17301803827285767,0.22519490122795105,0.06111430376768112,-0.1394367665052414,-0.024591419845819473,0.030397336930036545,0.07279552519321442,0.01110411249101162,0.254686176776886,-0.07436792552471161,-0.02589498832821846,-0.2052166908979416,0.17329266667366028,-0.22246333956718445,-0.13877135515213013,0.4031859338283539,0.06261549890041351,0.09759597480297089,0.13121573626995087,-0.03109961748123169,0.3172089457511902,0.27969953417778015,-0.1983608901500702,0.04149175062775612,0.015787679702043533,-0.1687435358762741,-0.12278880923986435,0.020695263519883156,-0.019032949581742287,0.016049975529313087,-0.14148542284965515,-0.16726019978523254,-0.15115797519683838,-0.03949392959475517,0.18737462162971497,0.36035698652267456,-0.1608925312757492,0.030939200893044472,0.23399285972118378,0.11512762308120728,0.03018101491034031,-0.23157677054405212,-0.31609469652175903,-0.3217823803424835,-0.22780537605285645,-0.014258980751037598,-0.021158207207918167,0.1538873314857483,-0.0929572582244873,0.07219459861516953,0.006886664777994156,-0.528950572013855,-0.23333840072155,-0.018966669216752052,0.07686007767915726,-0.11914747953414917,0.19480392336845398,0.027371931821107864,-0.08571437746286392,-0.6496729254722595,-0.0169382281601429,0.255025714635849,0.11337778717279434,0.0912398248910904,0.15481248497962952,-0.19601322710514069,-0.14293698966503143,0.08595499396324158,-0.19181518256664276,-0.007352569606155157,-0.29719555377960205,0.10234849154949188,-0.07214819639921188,0.1883435845375061,0.2128843069076538,0.024563658982515335,0.09291008859872818,0.13581648468971252,0.5753273367881775,-0.17887476086616516,-0.10247774422168732,0.18174958229064941,-0.05082954093813896,-0.13777808845043182,0.14631247520446777,0.12110172212123871,0.0262309517711401,0.10846352577209473,-0.1616160124540329,0.14264455437660217,0.6469262838363647,-0.1310843825340271,0.2001972198486328,0.1288997083902359,-0.01748482882976532,0.17699432373046875,-0.060689061880111694,0.17875239253044128,0.20736703276634216,-0.0456279031932354,0.045905210077762604,-0.4791082441806793,-0.39204925298690796,0.08245257288217545,0.2234274446964264,-0.08698958158493042,0.09627096354961395,0.30287766456604004,-0.05257628485560417,-0.18298391997814178,-0.13452747464179993,0.055557817220687866,-0.0022847920190542936,-0.14906567335128784,-0.008586660027503967,0.13174383342266083,0.010593747720122337,0.3377546966075897,-5.3906442190054804e-05,0.16024243831634521,0.0649622455239296,-0.3407464623451233,-0.03719811141490936,0.21528908610343933,-0.3259632885456085,-0.08045192807912827,-0.04801648482680321,-0.07689034193754196,0.05607306957244873,0.26337045431137085,0.0052640317007899284,0.1818266212940216,-0.09396038204431534,0.1545778512954712,-0.0862058475613594,-0.1852421909570694,-0.3261379599571228,0.048475757241249084,-0.14859887957572937,0.0982455313205719,-0.01659049466252327,-0.18332456052303314,-0.18888770043849945,-0.31804925203323364,0.05581361800432205,-0.12159039080142975,0.12385712563991547,-0.21009397506713867,0.4176555573940277,-0.29913315176963806,0.18622621893882751,0.13053186237812042,-0.13305465877056122,-0.1986108273267746,0.1536290943622589,0.24625778198242188,-0.20747320353984833,-0.0433962345123291,-0.09054835885763168,-0.2581601142883301,0.1014607697725296,-0.04733557626605034,0.10628879070281982,0.08738652616739273,0.08130563050508499,-0.17361894249916077,0.04521186277270317,-0.11928073316812515,0.00766198942437768,0.26789194345474243,0.16639818251132965,-0.21579687297344208,-0.04051657021045685,-0.3337276875972748,-0.04421837255358696,-0.17392471432685852,-0.11612024158239365,0.022805286571383476,-0.11017853021621704,0.44653552770614624,0.29255515336990356,0.004466640762984753,0.2635464072227478,0.11843989044427872,0.06446361541748047,-0.023029271513223648,-0.10970377922058105,0.176329106092453,0.10495944321155548,-0.20637023448944092,-0.0223118606954813,-0.22353443503379822,0.11231408268213272,-0.14259785413742065,0.029349440708756447,0.029206011444330215,0.2084880769252777,0.0021548226941376925,-0.13527211546897888,0.022903740406036377,-0.10024920850992203,-0.1607264280319214,0.1719842255115509,0.030146926641464233,-0.10403454303741455,-0.11039061844348907,0.34490346908569336,-0.32876214385032654,0.10202807188034058,-0.17747312784194946,0.16039331257343292,-0.32727867364883423,0.22795569896697998,0.2300698459148407,-0.1190318912267685,-0.054652679711580276,-0.030520951375365257,0.0523008331656456,-0.623334527015686,-0.1634269654750824,0.1862795650959015,-0.2742120921611786,0.13721773028373718,-0.27356722950935364,0.05313016101717949,0.018986111506819725
CID000005039,75,0.13937631249427795,-0.1706874668598175,0.08423725515604019,0.48371925950050354,-0.5256578326225281,0.02753887139260769,0.22598695755004883,0.11271746456623077,0.037836719304323196,0.2952994704246521,0.20838046073913574,-0.0075307278893888,-0.2136802226305008,-0.06534393876791,-0.19341638684272766,-0.0026032240130007267,-0.1226285845041275,0.01557858008891344,0.08202451467514038,-0.44004935026168823,-0.06288351863622665,-0.2441185712814331,-0.017288880422711372,-0.7727753520011902,0.10359311103820801,0.11190320551395416,-0.028442109003663063,-0.04126514121890068,0.09389309585094452,-0.023341557011008263,0.0178405549377203,0.26568228006362915,0.24456000328063965,-0.06536071002483368,-0.053266726434230804,-0.03120346926152706,0.2251131236553192,0.06495008617639542,0.21166841685771942,-0.0016195535426959395,-0.04376561939716339,-0.1478573977947235,0.19070443511009216,-0.2019663155078888,-0.27382194995880127,0.3080994188785553,0.017966771498322487,-0.018593767657876015,0.1989646852016449,0.11871131509542465,0.35992929339408875,-0.038753390312194824,-0.25306063890457153,0.1663583368062973,0.09787972271442413,-0.15400882065296173,0.16457144916057587,0.08604124188423157,0.0590474009513855,0.17108456790447235,-0.1603994071483612,-0.3253811299800873,-0.009752249345183372,-0.08136938512325287,-0.012440627440810204,0.18625184893608093,-0.11357144266366959,-0.09949759393930435,0.13568030297756195,0.2468084841966629,0.21632793545722961,0.06359220296144485,-0.38294917345046997,-0.39858025312423706,-0.08263014256954193,0.15975812077522278,-0.047026634216308594,-0.1583428680896759,0.11444704234600067,-0.17724326252937317,0.07802359014749527,-0.6831382513046265,-0.2853105366230011,0.14451241493225098,0.10633286088705063,0.08027085661888123,-0.020425695925951004,0.26589837670326233,0.05982667952775955,-0.5637387037277222,-0.13630609214305878,0.1508057415485382,-0.10060948133468628,-0.07929147779941559,-0.019953787326812744,-0.18201975524425507,-0.13586795330047607,0.1067865863442421,-0.08558031171560287,0.01548601221293211,-0.14940667152404785,-0.03164171800017357,-0.02865465357899666,0.383384108543396,0.2034318447113037,-0.01778949238359928,0.059578437358140945,0.10531212389469147,0.49244123697280884,-0.19518442451953888,-0.02372247911989689,0.11001042276620865,0.01634952984750271,-0.18095700442790985,-0.05641748756170273,0.2011692076921463,-0.1629042774438858,-0.03530631214380264,-0.07586735486984253,0.24704094231128693,0.6798602342605591,-0.28845471143722534,0.1535102128982544,0.12329600006341934,-0.0647653192281723,0.18304844200611115,0.07055526971817017,0.03331511840224266,0.03057188354432583,0.06974868476390839,0.16361458599567413,-0.6090949773788452,-0.5199888348579407,0.06865008175373077,0.28129634261131287,0.17369340360164642,0.013264497742056847,0.2259654551744461,-0.1344924420118332,-0.18926504254341125,-0.23704472184181213,-0.05941174179315567,-0.053149960935115814,-0.11464464664459229,-0.08814052492380142,-0.035191141068935394,0.04978941008448601,0.393587589263916,0.00011946763697778806,0.11128915846347809,-0.11628182232379913,-0.3614311218261719,-0.13781744241714478,0.05610021948814392,-0.3416749835014343,0.0722072571516037,-0.1614363193511963,-0.05600360780954361,-0.11055785417556763,0.16920334100723267,-0.27467426657676697,0.16727986931800842,-0.023033004254102707,0.24377107620239258,-0.061594199389219284,-0.030715476721525192,-0.06981579959392548,0.2613803744316101,0.08678789436817169,0.17196118831634521,0.08434917032718658,-0.0867304652929306,-0.1749153435230255,-0.12027128040790558,0.02363264188170433,0.027131712064146996,0.21704676747322083,-0.08539976179599762,0.32052525877952576,0.11441625654697418,0.1994883418083191,0.2277708798646927,-0.036603182554244995,-0.11775501072406769,0.08814559876918793,0.06659867614507675,0.014233293943107128,-0.11717239767313004,-0.036467064172029495,-0.24951156973838806,0.021122658625245094,0.03292883187532425,0.20526441931724548,-0.13912412524223328,0.012802729383111,-0.14208784699440002,-0.0033141642343252897,0.03195768594741821,-0.05483241006731987,-0.07227970659732819,0.012083029374480247,-0.3980027139186859,0.0884169489145279,-0.175802081823349,0.06470467895269394,-0.0011290013790130615,-0.10537699609994888,0.17382757365703583,-0.02182847633957863,0.5002698302268982,0.2583339810371399,0.2433009147644043,0.3429003655910492,0.06915479153394699,0.17770054936408997,-0.05318138748407364,-0.0845552533864975,0.3561168611049652,0.15994206070899963,0.12673458456993103,0.05705888196825981,0.092755526304245,0.021787067875266075,-0.18123216927051544,0.10525022447109222,-0.0032775283325463533,0.02589426562190056,-0.10887613147497177,0.10858173668384552,-0.07861016690731049,-0.06322479993104935,0.11927598714828491,0.20573154091835022,0.010806144215166569,0.03916808217763901,0.022226929664611816,0.5028577446937561,-0.3368570804595947,0.07039505243301392,-0.12394188344478607,0.16053910553455353,-0.22773614525794983,-0.07763303816318512,0.37081101536750793,-0.09887672960758209,-0.06755759567022324,0.05482897907495499,-0.009565150365233421,-0.8089728355407715,-0.10708192735910416,0.2250378578901291,-0.33044949173927307,0.17295579612255096,-0.3713959753513336,-0.010232281871140003,-0.0600857250392437
CID000004679,76,-0.059839822351932526,0.04189220443367958,-0.12268243730068207,0.2390250861644745,-0.31193652749061584,0.11261719465255737,0.24108199775218964,0.27749788761138916,-0.020170513540506363,0.2313307523727417,0.3572431206703186,0.20519879460334778,0.10616928339004517,0.16067704558372498,-0.20097096264362335,-0.2073127031326294,-0.13769131898880005,0.07122773677110672,0.24634718894958496,-0.3616445064544678,0.055981673300266266,-0.23323850333690643,0.06815411895513535,-0.7340331077575684,0.12194748967885971,0.3015716075897217,-0.13466185331344604,0.1255052536725998,-0.023892950266599655,0.1435295194387436,-0.02141370251774788,0.33216604590415955,-0.09569153934717178,0.007779036648571491,-0.09413321316242218,-0.09083330631256104,0.22132518887519836,-0.00032994375214912,0.2508661150932312,-0.306627482175827,-0.04767359420657158,-0.3895953297615051,0.27762359380722046,-0.30274832248687744,-0.1726357638835907,0.4035521447658539,-0.01918749511241913,-0.012830671854317188,0.2780298888683319,-0.09320186078548431,0.11154729127883911,0.09095118939876556,-0.2877015471458435,-0.04363380745053291,0.1796049177646637,-0.12817521393299103,-0.014739103615283966,0.24000711739063263,-0.008840021677315235,-0.0023961649276316166,-0.2904212474822998,-0.35967859625816345,-0.09418132901191711,0.005525459535419941,0.42886146903038025,0.37966057658195496,-0.17758479714393616,-0.12752506136894226,0.1760052740573883,0.1120116263628006,0.153401717543602,0.17309047281742096,-0.31295186281204224,-0.4020858407020569,-0.34809762239456177,-0.14985358715057373,-0.17353281378746033,0.25532078742980957,-0.08779643476009369,-0.09481216222047806,-0.1052720919251442,-0.3370216488838196,-0.354836106300354,0.08104921132326126,0.02911449410021305,-0.06509758532047272,0.15535682439804077,0.18750110268592834,-0.05709030479192734,-0.5476921200752258,-0.10352396965026855,0.319254606962204,0.07331753522157669,-0.06995846331119537,-0.16667312383651733,-0.33789390325546265,-0.11967398971319199,0.006779202725738287,-0.094026580452919,0.06836936622858047,-0.2908250391483307,0.02513645589351654,-0.1416720449924469,0.2921317517757416,0.30499082803726196,0.06567832827568054,-0.027583137154579163,0.1946825236082077,0.37631699442863464,-0.15347185730934143,-0.11096525192260742,0.17466911673545837,-0.24449515342712402,0.047340743243694305,0.061305683106184006,0.3044329285621643,-0.08703719079494476,0.03766755014657974,-0.08459994196891785,0.30522748827934265,0.4933340549468994,-0.08237665146589279,0.26360613107681274,0.3820004463195801,0.07009302079677582,0.2646673321723938,0.05692951753735542,0.12793996930122375,0.40180855989456177,-0.023324692621827126,-0.060740649700164795,-0.3120166063308716,-0.2951364517211914,0.10792835801839828,0.29386451840400696,-0.195708230137825,-0.14184394478797913,0.1413576900959015,-0.4011502265930176,-0.22113966941833496,-0.38865211606025696,0.14107584953308105,0.0808083787560463,-0.2556777596473694,0.006980149541050196,0.37226390838623047,-0.2563926875591278,0.21457529067993164,0.12600503861904144,0.22286038100719452,0.15588203072547913,-0.08367730677127838,-0.17359387874603271,0.13688798248767853,-0.296565443277359,0.073189876973629,-0.15507952868938446,-0.08050129562616348,0.036037832498550415,0.433156818151474,0.04188906028866768,0.08467068523168564,-0.060562025755643845,0.09830572456121445,-0.19599315524101257,-0.07839490473270416,-0.21454939246177673,0.16676156222820282,-0.2120678424835205,0.24514560401439667,0.11009243875741959,-0.2430838644504547,-0.2186567783355713,-0.350585401058197,0.0025765064638108015,-0.1023070216178894,0.27319231629371643,-0.35973063111305237,0.22853203117847443,-0.14907236397266388,0.19078297913074493,-0.005138901062309742,-0.1591871976852417,-0.15293855965137482,0.039018355309963226,0.3131026327610016,-0.09312915802001953,-0.0528971366584301,-0.156682088971138,-0.48233160376548767,0.058875709772109985,0.05895789712667465,0.22095927596092224,0.20014484226703644,0.15852710604667664,-0.10835137218236923,0.13514463603496552,-0.07183100283145905,-0.0628337413072586,-0.08175743371248245,0.21127060055732727,-0.37801480293273926,-0.2092176228761673,-0.4196964204311371,0.21270158886909485,-0.2556920647621155,-0.15419873595237732,0.08577116578817368,-0.01222158782184124,0.3624737858772278,0.37007954716682434,0.09109995514154434,0.5052229166030884,0.21092912554740906,0.2393822968006134,-0.24185916781425476,-0.14885224401950836,0.07937642931938171,0.004261654801666737,-0.24736659228801727,-0.015246937051415443,-0.0488443449139595,-0.190637469291687,-0.25629231333732605,-0.040278755128383636,-0.061230648308992386,0.04864715412259102,-0.23919470608234406,-0.17885014414787292,-0.08314210176467896,-0.016330502927303314,-0.19686344265937805,0.27961426973342896,0.0035517916548997164,-0.09872934222221375,-0.146957665681839,0.16957101225852966,-0.3418608605861664,0.0367850586771965,-0.1574598252773285,0.20402106642723083,-0.32721710205078125,0.09169350564479828,0.22515983879566193,-0.1261390745639801,-0.074262335896492,0.10800077766180038,0.021261971443891525,-0.3965871036052704,-0.039944905787706375,0.2553478479385376,-0.2811218202114105,-0.05123180150985718,-0.2864307165145874,0.1449335813522339,0.047275446355342865
CID000005523,77,0.1770935207605362,0.2582065165042877,-0.04443849250674248,0.35166245698928833,-0.23232562839984894,0.17887820303440094,0.1928272545337677,0.5018865466117859,-0.09258963912725449,-0.014089998789131641,-0.30018317699432373,0.16469112038612366,-0.552931010723114,0.36192652583122253,-0.20553505420684814,-0.17735907435417175,0.06796155124902725,-0.1864655315876007,0.18579743802547455,-0.5789128541946411,0.14208075404167175,-0.20301394164562225,-0.03526344150304794,-0.8378783464431763,0.04859931394457817,0.03503463789820671,-0.19216810166835785,-0.06244673579931259,0.12363307178020477,0.3848329782485962,-0.13040205836296082,0.44829434156417847,-0.07752683013677597,-0.044674210250377655,0.2128220498561859,-0.11709828674793243,0.04124182462692261,-0.04112181439995766,0.17154695093631744,-0.2291504591703415,0.029743891209363937,-0.11998474597930908,-0.02072313241660595,-0.4050256311893463,-0.1372084617614746,0.5506203770637512,-0.004483780357986689,-0.020423751324415207,-0.02493693307042122,0.012123173102736473,0.6039673089981079,0.3005070090293884,-0.2792406678199768,-0.06121981143951416,0.4248368740081787,-0.2576587200164795,0.12185446918010712,0.15860679745674133,-0.03896593302488327,0.16268999874591827,-0.11827079951763153,-0.20352616906166077,-0.4167444109916687,-0.036587927490472794,0.29712268710136414,0.70649254322052,-0.07846172153949738,-0.02632088027894497,0.07045072317123413,-0.09005369991064072,-0.18293870985507965,-0.06656025350093842,-0.4012105464935303,-0.35487574338912964,-0.334676057100296,0.1977674514055252,-0.1938546895980835,0.1518586426973343,-0.14300940930843353,0.05766399949789047,0.4927166998386383,-0.30147722363471985,-0.32484936714172363,-0.46316900849342346,0.1630217432975769,-0.35675567388534546,0.10918494313955307,0.6860441565513611,0.21377071738243103,-0.7915546298027039,-0.017619820311665535,0.16278813779354095,0.05172044783830643,0.09504789113998413,-0.0591086819767952,-0.4103713035583496,-0.17282941937446594,-0.09814845025539398,-0.18360714614391327,0.17348690330982208,-0.16365709900856018,0.01915375143289566,-0.02311699464917183,0.4283195436000824,0.03241121396422386,0.1192442998290062,0.12228888273239136,-0.06122782081365585,0.3297475278377533,0.04664533957839012,-0.232742577791214,0.4018351435661316,-0.23559558391571045,0.10987894237041473,-0.2037682980298996,0.201757550239563,0.003336883382871747,-0.19361762702465057,-0.12658880650997162,0.08727718889713287,0.48143553733825684,-0.008621098473668098,0.6166211366653442,0.06896566599607468,0.07937522232532501,0.018189871683716774,0.014330783858895302,-0.0031095684971660376,0.5760157704353333,-0.39119845628738403,-0.017539476975798607,-0.2487529069185257,-0.06966345757246017,0.16502977907657623,0.048946820199489594,0.11652841418981552,-0.17279013991355896,-0.030831029638648033,0.20778998732566833,-0.5027696490287781,-0.15152645111083984,0.2972903847694397,0.22362323105335236,-0.12319375574588776,-0.05005214363336563,0.38516658544540405,-0.1655278205871582,0.3282085061073303,-0.1135314330458641,0.14882080256938934,-0.026625242084264755,-0.09412367641925812,-0.1954481303691864,0.26417863368988037,-0.21814985573291779,-0.20886752009391785,-0.21205084025859833,-0.4688170850276947,0.051260508596897125,0.5580816864967346,0.20298179984092712,0.05600227043032646,-0.1680593490600586,-0.07703746855258942,-0.0748380795121193,-0.24538318812847137,-0.2865273356437683,-0.10221655666828156,-0.054639630019664764,0.08352814614772797,0.08278955519199371,-0.3661615252494812,-0.21829771995544434,-0.522992730140686,-0.2205100804567337,-0.021452782675623894,0.10095532238483429,-0.37193241715431213,0.4275335371494293,-0.4088454842567444,0.12341207265853882,-0.0701005607843399,-0.6015332937240601,-0.023817826062440872,0.24291543662548065,0.21233141422271729,-0.5184268951416016,-0.05195629596710205,0.5757285356521606,-0.17873036861419678,0.3839462399482727,0.15690568089485168,0.5052400231361389,0.1148890033364296,0.13823546469211578,-0.17641350626945496,0.0496201328933239,0.06824364513158798,0.32471317052841187,0.13404278457164764,0.18090100586414337,-0.2477213442325592,0.004542627837508917,-0.33662688732147217,0.3155250549316406,-0.11681608855724335,-0.11288414150476456,-0.10776986926794052,-0.021541554480791092,0.44539791345596313,0.4141210913658142,-0.44719210267066956,0.1799149513244629,0.23384122550487518,0.23142533004283905,-0.11174726486206055,0.401333749294281,0.10146082937717438,0.12984438240528107,0.09235191345214844,0.14593203365802765,-0.14623089134693146,0.11529868841171265,-0.4487956464290619,-0.13805249333381653,-0.0724654570221901,0.13688310980796814,-0.7231237292289734,-0.24356159567832947,-0.0962570458650589,-0.10292009264230728,-0.12712617218494415,0.16818402707576752,-0.03497835993766785,0.07444585859775543,0.1252528876066208,0.14622846245765686,-0.22672466933727264,-0.04133695736527443,-0.26905113458633423,0.20943836867809296,-0.6653292775154114,-0.35146966576576233,0.36455073952674866,-0.13775113224983215,0.15739324688911438,0.06900506466627121,0.15737764537334442,-0.39139044284820557,-0.2516276240348816,0.4673791825771332,-0.4049862027168274,0.06474828720092773,0.02244967222213745,-0.043109387159347534,0.1591223180294037
CID000002520,78,0.1947556585073471,0.1643390655517578,0.17675766348838806,0.5662243366241455,-0.38301578164100647,0.03237883374094963,-0.07114586979150772,0.5364385843276978,0.006744726095348597,-0.08900143206119537,-0.11062407493591309,-0.012182640843093395,-0.3263794183731079,0.11328109353780746,-0.24133436381816864,-0.3574322760105133,-0.1280837506055832,-0.15234974026679993,-0.20126748085021973,-0.8411965370178223,0.44040459394454956,0.04511178284883499,-0.062394727021455765,-0.9278823733329773,0.25220945477485657,-0.03985712304711342,-0.22660252451896667,-0.14518718421459198,0.07305275648832321,0.22250382602214813,-0.1480695605278015,0.41791439056396484,0.023642513900995255,0.19994547963142395,0.08252016454935074,-0.05337240546941757,-0.42978349328041077,0.19483107328414917,0.1803884208202362,-0.04794719070196152,-0.04221699759364128,0.23339736461639404,0.04797806218266487,-0.4503844678401947,-0.007694321684539318,0.31643879413604736,-0.1780480295419693,-0.05255571007728577,0.28369957208633423,0.04861832410097122,0.4701513648033142,0.25128430128097534,-0.2673506736755371,0.12390027940273285,0.19145850837230682,-0.06727936118841171,0.16045956313610077,0.283481240272522,0.0062027303501963615,0.20593419671058655,-0.18361958861351013,-0.09598012268543243,-0.2401653528213501,-0.07784994691610336,-0.05947685241699219,0.6971922516822815,-0.22269785404205322,-0.06696861237287521,-0.0862555131316185,0.37720656394958496,-0.09044063091278076,-0.2141440361738205,-0.24276991188526154,-0.3031366765499115,-0.09270225465297699,0.3085460066795349,-0.1989384889602661,0.11017872393131256,-0.06921461969614029,0.30317366123199463,0.5189212560653687,-0.2877158522605896,-0.28300178050994873,-0.4081043601036072,0.43963709473609924,-0.31034594774246216,-0.08042021095752716,0.1526399850845337,-0.2564728558063507,-0.8099546432495117,-0.28719091415405273,0.22466535866260529,-0.168883815407753,0.0744466632604599,0.10868451744318008,-0.46222877502441406,0.0987091138958931,0.163548082113266,-0.23419782519340515,-0.005998863372951746,0.3505295217037201,0.0044203936122357845,0.04333700239658356,0.4704562723636627,-0.34417304396629333,0.12907619774341583,0.21543006598949432,0.1313636600971222,0.6776971220970154,0.3495607078075409,-0.2758752405643463,0.05204036086797714,0.03935287147760391,-0.07832441478967667,-0.14365310966968536,0.22081248462200165,0.05488937348127365,-0.07003244012594223,-0.08502866327762604,-0.16013026237487793,0.7272721529006958,0.0652182549238205,0.3107319474220276,0.11373015493154526,0.13490059971809387,-0.18685655295848846,0.05658404156565666,-0.2761338949203491,0.033758778125047684,-0.1673392653465271,0.1990421563386917,-0.6955859065055847,-0.41823792457580566,0.011957647278904915,0.06310246139764786,0.15683776140213013,0.024586696177721024,0.0049421777948737144,0.11810014396905899,-0.5387433767318726,0.01040586270391941,0.1528283953666687,0.29082491993904114,-0.1679043471813202,0.08217262476682663,-0.09261766821146011,0.06385532021522522,0.49110427498817444,-0.41261011362075806,-0.019470756873488426,-0.08613615483045578,-0.5467406511306763,-0.36935704946517944,-0.037689633667469025,-0.23142500221729279,-0.3290160000324249,0.0399935357272625,-0.571431577205658,0.13864876329898834,0.28158169984817505,-0.06019981950521469,-0.43365973234176636,-0.27582746744155884,-0.03920198231935501,0.27981385588645935,-0.15241985023021698,-0.2723451852798462,0.07838881015777588,-0.15872308611869812,0.06465622037649155,0.2913188338279724,-0.27569475769996643,-0.15637549757957458,-0.09864013642072678,-0.0255211740732193,-0.03251516819000244,0.12640288472175598,-0.1964646279811859,0.7008216381072998,-0.058874428272247314,-0.24473881721496582,-0.056952767074108124,-0.3827953636646271,-0.0719449371099472,0.5174268484115601,0.13504669070243835,-0.870017409324646,-0.37168753147125244,0.25586074590682983,-0.25214651226997375,-0.12955912947654724,-0.19721226394176483,-0.10643117129802704,-0.5108106136322021,0.1986386477947235,-0.13331811130046844,0.2403220236301422,-0.46610012650489807,0.27018553018569946,-0.0749121755361557,-0.4248487949371338,-0.2885574400424957,0.05176491662859917,-0.40319114923477173,0.21374773979187012,0.017257515341043472,-0.11391595751047134,-0.3102918267250061,0.25510627031326294,0.5369719862937927,0.40150922536849976,-0.15451955795288086,0.03508436307311058,0.33151888847351074,0.005999642424285412,-0.16361184418201447,0.1643034964799881,0.41231459379196167,0.07459404319524765,0.11715768277645111,-0.308503121137619,-0.0373300239443779,0.10806429386138916,-0.33373546600341797,-0.15573064982891083,-0.05233039706945419,0.19955185055732727,-0.10927782207727432,0.10640597343444824,-0.05030575394630432,-0.2224915474653244,0.3762684464454651,0.09044566005468369,0.056307971477508545,0.0464211069047451,-0.07844316959381104,0.5733693242073059,-0.27595585584640503,-0.19495853781700134,-0.15505896508693695,-0.014550561085343361,-0.999008059501648,-0.05676202103495598,0.17616252601146698,-0.024426141753792763,-0.11550073325634003,-0.08290418237447739,0.03924829512834549,-0.8487868309020996,-0.17413020133972168,0.12020428478717804,0.0917074978351593,-0.19961553812026978,0.05596325919032097,0.01880628988146782,0.3176786005496979
CID000005038,79,0.08266893774271011,0.13054011762142181,-0.08255855739116669,0.31623250246047974,-0.33074328303337097,0.027769261971116066,0.01544165052473545,0.324533611536026,0.06667990237474442,0.25588876008987427,-0.05437055230140686,-0.16321629285812378,-0.12828552722930908,0.19935773313045502,0.23010344803333282,-0.18523725867271423,-0.13412067294120789,-0.0651790201663971,-0.08110928535461426,-0.5073946714401245,-0.1115967258810997,-0.02562849596142769,-0.08172272145748138,-0.7892004251480103,-0.22720615565776825,0.22859105467796326,-0.28916963934898376,-0.08177495002746582,-0.07188279926776886,0.4795040190219879,-0.3367402255535126,0.20800229907035828,-0.03857218101620674,-0.0517985001206398,-0.019177865236997604,-0.01955651119351387,-0.020598208531737328,0.41127413511276245,0.26729458570480347,-0.10189537703990936,-0.06972460448741913,-0.0647369921207428,0.14148016273975372,-0.30770114064216614,0.08144774287939072,0.39637491106987,-0.12864063680171967,0.23808208107948303,0.010059714317321777,0.05007229000329971,0.37888115644454956,-0.09142670035362244,-0.23651984333992004,-0.08700675517320633,0.05623902752995491,-0.22360137104988098,-0.20153501629829407,0.149787038564682,0.14327755570411682,-0.036651961505413055,-0.18679571151733398,-0.2227058708667755,0.23627658188343048,-0.15529870986938477,0.2029070407152176,0.4460773468017578,-0.42821675539016724,-0.035250987857580185,0.12629079818725586,0.15832921862602234,0.018216226249933243,-0.028375739231705666,-0.3533758521080017,-0.3103083670139313,-0.2813064455986023,0.028322463855147362,0.10349229723215103,-0.130795419216156,-0.19570894539356232,-0.02629912458360195,0.34606653451919556,-0.1730033904314041,-0.4683202803134918,0.160196453332901,0.2290075272321701,-0.22643716633319855,0.08692165464162827,0.1911357194185257,0.17029184103012085,-0.6986544728279114,0.018458014354109764,0.30128952860832214,-0.006661149673163891,-0.050816141068935394,0.014514243230223656,-0.43879660964012146,-0.12555928528308868,-0.1581989824771881,0.021510308608412743,0.14197060465812683,-0.18648651242256165,0.0019510507117956877,0.08583317697048187,0.2716434597969055,0.11679623275995255,0.015215883031487465,0.15812787413597107,0.03266875073313713,0.4113186299800873,0.20845620334148407,-0.07703598588705063,0.16751311719417572,-0.15942612290382385,-0.15314383804798126,0.07911643385887146,0.47910791635513306,-0.1307622790336609,0.09226121008396149,-0.0028439939487725496,0.044403694570064545,0.6919573545455933,0.05997917056083679,0.22974833846092224,0.4513877332210541,0.0628439337015152,0.12814238667488098,0.015281771309673786,-0.1280675232410431,0.32451921701431274,0.08618664741516113,-0.08053773641586304,-0.4252846837043762,-0.3694155812263489,0.06736878305673599,0.36787572503089905,0.01931842416524887,0.010596263222396374,0.24465563893318176,0.04084213823080063,-0.1541559249162674,-0.38486558198928833,0.3316424787044525,-0.08786056935787201,-0.11322689056396484,0.12505829334259033,0.03069707192480564,-0.0724860429763794,0.4442764222621918,0.17734453082084656,0.27292871475219727,-0.06086958572268486,-0.20320740342140198,0.24046488106250763,-0.05943465232849121,-0.291032999753952,-0.21278396248817444,0.0054743411019444466,-0.36937448382377625,0.343239426612854,0.2996140420436859,-0.0069921864196658134,0.11892509460449219,0.06971012055873871,-0.14706246554851532,0.032465942203998566,0.12986785173416138,-0.2700415253639221,0.11266700178384781,0.08978088200092316,0.21858792006969452,0.18292059004306793,-0.08008810132741928,-0.0007867544773034751,-0.3750562071800232,-0.012035511434078217,0.06324367970228195,0.04120822995901108,-0.41233840584754944,0.519856333732605,-0.016756588593125343,-0.09206177294254303,-0.07109259068965912,-0.06758924573659897,-0.16457213461399078,0.6193898916244507,0.16279177367687225,-0.2992796003818512,0.1919526606798172,-0.015705717727541924,-0.454912006855011,-0.290030300617218,0.24861517548561096,0.08777742832899094,-0.011884686537086964,0.33602508902549744,0.013911101035773754,0.3382096588611603,-0.12239090353250504,-0.04746886342763901,-0.023587044328451157,0.03275681659579277,-0.3049317002296448,-0.1320931613445282,-0.39707860350608826,0.04924457147717476,-0.07706816494464874,-0.08211179822683334,0.19222791492938995,0.0654602199792862,0.5430942177772522,0.44283875823020935,0.05814073607325554,0.30228739976882935,0.3593985438346863,-0.005124215967953205,-0.1804715394973755,0.15460962057113647,0.1317700296640396,-0.026841897517442703,-0.2091752588748932,-0.03062482550740242,-0.006401431746780872,-0.047360800206661224,-0.3419502377510071,-0.13935835659503937,-0.1359906643629074,-0.1319352686405182,-0.3501744866371155,-0.22375836968421936,0.06620942056179047,-0.06810376793146133,0.2547910213470459,0.2868232727050781,0.03139930218458176,0.2144455909729004,-0.0078092096373438835,0.2922883927822113,-0.328032910823822,-0.021609241142868996,-0.2495783567428589,0.11386437714099884,-0.4781261384487152,0.12281011044979095,0.1757843941450119,0.08871938288211823,0.13136360049247742,-0.0427204892039299,0.05301223322749138,-0.5845314860343933,-0.21839900314807892,0.348766028881073,0.07672540843486786,-0.09709902852773666,-0.16984246671199799,-0.12007606029510498,0.09325592964887619
CID000005035,80,-0.023524155840277672,0.1584443747997284,0.08988452702760696,0.4567337930202484,-0.43402329087257385,0.04010622575879097,0.14642664790153503,0.28491681814193726,0.16880278289318085,0.34484952688217163,-0.03798637539148331,0.16349762678146362,0.09494175016880035,0.060335516929626465,-0.26862794160842896,-0.08061553537845612,-0.01464496273547411,-0.07972320169210434,0.06925371289253235,-0.3590583801269531,-0.0893695279955864,-0.3484911620616913,0.08619164675474167,-0.7520168423652649,-0.005049861967563629,0.14420698583126068,-0.18639232218265533,-0.0839768722653389,-0.11591595411300659,0.07897313684225082,-0.1761033833026886,0.2109760344028473,-0.08216661214828491,0.022066939622163773,-0.0030565597116947174,0.1678803712129593,0.030926862731575966,0.08059736341238022,0.20213830471038818,-0.3378804326057434,-0.12064749002456665,-0.20841065049171448,0.09074793756008148,-0.23876067996025085,-0.04329761117696762,0.3760626018047333,0.085372194647789,-0.006270763464272022,0.18645861744880676,-0.06062571331858635,0.2406836450099945,0.0674927681684494,-0.31959068775177,0.10594628751277924,0.051501162350177765,-0.2110525369644165,-0.17941521108150482,0.12234693765640259,0.009996334090828896,-0.038110774010419846,-0.19415681064128876,-0.18407365679740906,-0.06674410402774811,0.01206202246248722,0.30832964181900024,0.26240700483322144,-0.2025264948606491,-0.12131974846124649,0.16493366658687592,0.01280105672776699,0.061680346727371216,-0.058510225266218185,-0.2910621464252472,-0.28208670020103455,-0.19934961199760437,-0.11321119219064713,0.16458845138549805,0.11183629184961319,-0.19884465634822845,-0.11938367038965225,0.024937834590673447,-0.3350859582424164,-0.24123355746269226,-0.21539397537708282,0.16251102089881897,-0.06794793903827667,0.2708146572113037,0.02504134736955166,0.30187684297561646,-0.5016420483589172,-0.003718450665473938,0.24583300948143005,0.00781453587114811,0.006661778781563044,-0.0959174707531929,-0.17310355603694916,0.018855471163988113,-0.11731579154729843,0.14459359645843506,-0.05258370190858841,-0.11083285510540009,-0.015966158360242844,-0.11693024635314941,0.20690441131591797,0.2596583962440491,0.06612156331539154,0.07489986717700958,0.0552399680018425,0.4874337315559387,-0.14130793511867523,-0.08082719147205353,0.20311255753040314,-0.234091117978096,-0.06021890789270401,-0.10935983806848526,0.2891928255558014,-0.04117993637919426,-0.07416944205760956,-0.11759011447429657,0.2504093647003174,0.5639784932136536,-0.12538523972034454,0.23415961861610413,0.37730833888053894,-0.04241935908794403,0.22781316936016083,0.07899825274944305,0.06154857948422432,0.2030431032180786,-0.014974484220147133,0.053605079650878906,-0.5001798868179321,-0.43339329957962036,0.1577552706003189,0.2606741487979889,-0.0135105075314641,0.14008167386054993,0.07818319648504257,-0.10084690153598785,-0.08299608528614044,-0.14812490344047546,0.02784951962530613,0.16756626963615417,-0.0317746177315712,-0.0703272670507431,0.1678525060415268,-0.04590677469968796,0.289725124835968,0.28156042098999023,0.34208735823631287,0.22793416678905487,-0.41011589765548706,-0.2033892124891281,0.13033315539360046,-0.2498774528503418,-0.05665367841720581,0.024057820439338684,-0.0018970004748553038,0.16963908076286316,0.2486342191696167,0.13385061919689178,0.011470615863800049,-0.04648108407855034,0.263671338558197,-0.07973574101924896,-0.05640032887458801,-0.2674759030342102,0.10337288677692413,-0.10484149307012558,0.22046498954296112,-0.11125209182500839,-0.1026826724410057,-0.22909870743751526,-0.22881093621253967,0.019228855147957802,-0.14548465609550476,0.2893708348274231,-0.19022539258003235,0.3987295627593994,-0.14029918611049652,-0.0006121009355410933,0.22397609055042267,-0.11717166751623154,-0.1215718612074852,0.07957275211811066,0.17901253700256348,-0.06760809570550919,-0.07486753910779953,-0.0736301988363266,-0.30310383439064026,0.12360606342554092,-0.06164195016026497,0.0715358778834343,-0.08161164820194244,0.13932771980762482,-0.13822013139724731,0.09579344838857651,-0.02439815364778042,-0.10891717672348022,0.05517712980508804,0.06855376809835434,-0.24176912009716034,-0.19885556399822235,-0.3962159752845764,-0.1485413908958435,-0.24984312057495117,-0.10904495418071747,0.020453039556741714,-0.12536758184432983,0.4755697250366211,0.32320165634155273,-0.12917031347751617,0.3292154371738434,0.11471059173345566,0.12723931670188904,-0.02670884132385254,0.17985360324382782,0.1779375821352005,-0.010660648345947266,-0.2586371600627899,-0.06439462304115295,-0.022402536123991013,-0.08183041214942932,-0.11070813238620758,0.1942461133003235,-0.17233774065971375,-0.09545224905014038,0.03374160826206207,-0.028783321380615234,-0.14165768027305603,-0.08195396512746811,-0.11778733879327774,0.22818437218666077,0.006358762737363577,-0.09703756123781204,0.01018226146697998,0.36447757482528687,-0.2508290410041809,0.05698230862617493,-0.2556823492050171,0.18970730900764465,-0.26376932859420776,-0.044580914080142975,0.16357974708080292,-0.16687557101249695,0.0673864483833313,0.10675760358572006,-0.015251845121383667,-0.49477285146713257,-0.06036028265953064,0.17965896427631378,-0.12784847617149353,0.04443017765879631,-0.19671395421028137,0.21091070771217346,0.07973013073205948
CID000005426,83,-0.04942186921834946,-0.04328826814889908,-0.20118382573127747,0.4018748700618744,-0.35476499795913696,0.03594963625073433,0.3477028012275696,0.14350423216819763,0.008204239420592785,0.3278307318687439,0.37298107147216797,-0.06256403028964996,-0.16611553728580475,0.07071249186992645,-0.14886009693145752,-0.15689699351787567,-0.14227037131786346,1.3378262337937485e-05,0.2839733362197876,-0.41833752393722534,-0.010856404900550842,-0.24404625594615936,0.1227734312415123,-0.8032366633415222,0.07792989909648895,0.23649628460407257,-0.029967788606882095,-0.007733948528766632,-0.04412566497921944,0.07049978524446487,-0.13869641721248627,0.10175471007823944,-0.1791907250881195,-0.10620806366205215,0.021327728405594826,-0.0027893823571503162,0.1680407077074051,0.1528596132993698,0.29770487546920776,-0.1961328089237213,0.013472603633999825,-0.27408653497695923,0.2624744772911072,-0.17958679795265198,-0.2326691597700119,0.27746960520744324,0.04692208766937256,-0.024545421823859215,0.12388400733470917,-0.07375477254390717,0.2654262185096741,0.20503751933574677,-0.2857602536678314,-0.08415567874908447,0.07614429295063019,-0.07405339181423187,0.18794801831245422,0.08864254504442215,0.25047606229782104,0.12577256560325623,-0.15923580527305603,-0.36770492792129517,0.2306303232908249,0.03785819187760353,0.20889286696910858,0.33209413290023804,-0.31447386741638184,-0.10263204574584961,0.12151201069355011,0.1375163346529007,-0.06280110031366348,0.08734288811683655,-0.4652794897556305,-0.36191901564598083,-0.3377152979373932,-0.11123380810022354,-0.0652182325720787,0.20644009113311768,-0.015026092529296875,-0.0055193230509757996,0.18150471150875092,-0.47239118814468384,-0.30521658062934875,-0.1774589568376541,0.13922807574272156,0.07980742305517197,0.23627571761608124,0.3433440029621124,-0.1573781669139862,-0.6805639266967773,-0.18323057889938354,0.08379609882831573,0.16541317105293274,0.08815644681453705,0.067258320748806,-0.3084498345851898,-0.055471669882535934,-0.17489303648471832,-0.14753468334674835,0.02830146625638008,-0.19736222922801971,0.09664717316627502,-0.20155087113380432,0.1701679527759552,0.23124384880065918,-0.12487081438302994,-0.1575452983379364,0.073634073138237,0.5440590381622314,-0.21410346031188965,-0.029046276584267616,0.1854126900434494,-0.09400580823421478,-0.06299477070569992,0.11572496592998505,0.18848320841789246,-0.05995683744549751,-0.05908704921603203,-0.19605818390846252,0.2952204644680023,0.5711331963539124,-0.211507648229599,0.2538678050041199,0.3379252254962921,-0.1639995574951172,0.11971751600503922,-0.07506299018859863,-0.10677371919155121,0.3252696394920349,0.05252102017402649,0.027772331610322,-0.44371309876441956,-0.33623427152633667,0.0755336657166481,0.4171050488948822,0.10713465511798859,-0.038703374564647675,0.3225254416465759,-0.29026326537132263,-0.19007191061973572,-0.1585080474615097,0.1853654682636261,0.03624466806650162,0.022388428449630737,0.06307457387447357,0.22728130221366882,-0.1791132092475891,0.29360419511795044,0.07579673826694489,0.15125414729118347,0.05023456737399101,-0.20015664398670197,0.03245532885193825,0.10449644178152084,-0.20885010063648224,-0.11540929973125458,0.016765015199780464,0.015141630545258522,0.1758616417646408,0.1834118366241455,0.20920321345329285,0.11298350989818573,-0.05106373503804207,0.12695221602916718,-0.07715238630771637,-0.13604216277599335,-0.16329050064086914,0.10602128505706787,0.018937332555651665,0.3555222749710083,0.11392418295145035,-0.06554792821407318,-0.34651845693588257,-0.10217608511447906,0.1481374204158783,-0.13724932074546814,0.0975273922085762,-0.3071322441101074,0.3488592505455017,-0.12059853971004486,-0.1074850931763649,-0.09799326211214066,-0.0683712363243103,-0.22514788806438446,-0.042267732322216034,0.20504358410835266,-0.12470432370901108,-0.10806701332330704,0.08811036497354507,-0.3966919779777527,-0.23130352795124054,-0.00034696757211349905,0.09874895960092545,-0.07203098386526108,0.2449333220720291,-0.17799247801303864,0.05021270364522934,-0.008078999817371368,0.10335470736026764,-0.10464312881231308,0.14529772102832794,-0.26427164673805237,-0.22982294857501984,-0.38738715648651123,-0.012441322207450867,-0.31031015515327454,-0.11933740228414536,-0.025967884808778763,-0.03728209808468819,0.579725980758667,0.3616884648799896,-0.015659844502806664,0.23797647655010223,0.11361701786518097,0.19475850462913513,-0.11022935062646866,-0.1146543025970459,0.0940762311220169,-0.04194755107164383,-0.20808474719524384,-0.11918532848358154,-0.1485441029071808,0.07309842109680176,-0.27202290296554565,0.02906178869307041,-0.1923159807920456,0.20804190635681152,-0.28446072340011597,-0.008452480658888817,0.018340114504098892,-0.03100772760808468,0.3343460261821747,0.28028422594070435,-0.05921947956085205,-0.0823788195848465,-0.10585734993219376,0.39938831329345703,-0.43478959798812866,0.04107775166630745,-0.2091907560825348,0.10055872052907944,-0.4588381350040436,0.19076988101005554,0.24218451976776123,-0.024952784180641174,0.04222422093153,0.06580162793397903,-0.02744673751294613,-0.611028790473938,-0.08247001469135284,0.33399859070777893,-0.262338250875473,0.14153510332107544,-0.2647814154624939,0.07312779128551483,0.05730736255645752
CID000002662,84,0.13059981167316437,0.036459457129240036,-0.08228049427270889,0.2739774286746979,-0.3640693128108978,0.12701904773712158,0.2483549416065216,0.2542704939842224,0.022750047966837883,0.24321036040782928,0.19115082919597626,0.17480933666229248,0.09465616196393967,0.13818559050559998,-0.22063331305980682,-0.15858811140060425,-0.12556585669517517,-0.15806984901428223,0.19412927329540253,-0.38616323471069336,-0.0045181093737483025,-0.29209116101264954,-0.07804690301418304,-0.7834799289703369,0.020764881744980812,0.004852497484534979,-0.15494972467422485,0.01114648301154375,0.013172144070267677,0.10547522455453873,-0.11895166337490082,0.22499914467334747,0.16462098062038422,0.14556074142456055,0.0023310906253755093,-0.056748826056718826,0.19326332211494446,-0.02212396264076233,0.16412779688835144,-0.1645888090133667,0.007241131272166967,-0.3721754550933838,0.20513053238391876,-0.24816212058067322,-0.2107713520526886,0.4399937689304352,0.04875342547893524,-0.0015539579326286912,0.12108954042196274,0.058985430747270584,0.1586623638868332,0.27863726019859314,-0.21445341408252716,-0.057212404906749725,0.08343109488487244,-0.1067860871553421,-0.11509712785482407,0.18605045974254608,-0.0013874589931219816,-0.007782961241900921,-0.15567421913146973,-0.28394079208374023,-0.044061463326215744,0.006946510169655085,0.300393283367157,0.35450902581214905,-0.12051236629486084,-0.05273790284991264,0.19340774416923523,-0.03631923720240593,0.12258400768041611,-0.004208392463624477,-0.3497087061405182,-0.42540669441223145,-0.18325600028038025,0.1579708755016327,-0.05310063809156418,0.16777971386909485,-0.11696793884038925,-0.027509156614542007,-0.035613998770713806,-0.5606378316879272,-0.26807349920272827,-0.027033645659685135,0.018323203548789024,-0.206822007894516,0.18588316440582275,-0.01504389476031065,0.11056432873010635,-0.6493737697601318,-0.09449490159749985,0.2528693377971649,0.03345396742224693,0.027483951300382614,-0.07742813974618912,-0.24698002636432648,-0.09636783599853516,0.19121325016021729,-0.11375641822814941,0.08935205638408661,-0.2123641073703766,-0.06717009842395782,-0.1134435385465622,0.327528178691864,0.2556310296058655,0.028539758175611496,0.024914458394050598,0.21975044906139374,0.4372057318687439,-0.17204341292381287,-0.07368670403957367,0.13682737946510315,-0.1752425879240036,-0.03145959973335266,-0.03125932812690735,0.15186110138893127,-0.08940432965755463,-0.06199172884225845,-0.14685608446598053,0.22001925110816956,0.5404981374740601,-0.12226196378469467,0.2719433307647705,0.30924588441848755,0.0031484446953982115,0.16698622703552246,0.04899344965815544,0.13051220774650574,0.18337669968605042,-0.08539607375860214,-0.019734585657715797,-0.42561888694763184,-0.3525533080101013,0.12452864646911621,0.253215491771698,-0.15535375475883484,-0.03362626954913139,0.16842928528785706,-0.23092396557331085,-0.19089272618293762,-0.16886302828788757,0.05283452942967415,0.03140447661280632,-0.18165013194084167,0.055463433265686035,0.10842867940664291,-0.14595358073711395,0.2523325979709625,0.11374533176422119,0.16355666518211365,0.03833739459514618,-0.18085169792175293,-0.1115855723619461,0.1843029409646988,-0.38606423139572144,-0.0840897187590599,-0.12964686751365662,-0.049383316189050674,0.13922443985939026,0.3681257963180542,-0.2566949725151062,-0.1133657693862915,-0.05271446704864502,0.06699486076831818,-0.06921465694904327,-0.1206626445055008,-0.1794310212135315,0.17554980516433716,-0.15315020084381104,0.2380729615688324,0.03546465188264847,-0.22629494965076447,-0.164049431681633,-0.30537453293800354,0.03249962627887726,-0.01615450158715248,0.17706014215946198,-0.12132720649242401,0.3300168216228485,-0.2514808773994446,0.18647052347660065,-0.05392618104815483,-0.14158442616462708,-0.183619424700737,0.1362631618976593,0.28117915987968445,-0.10935517400503159,0.03348325565457344,-0.09148485958576202,-0.2950470745563507,0.017216455191373825,0.06750833988189697,0.1690928339958191,0.13381876051425934,0.12606176733970642,-0.17104235291481018,0.10460604727268219,0.03424832224845886,0.046834539622068405,0.07338906824588776,0.26033055782318115,-0.2636546790599823,0.04851219803094864,-0.2980493903160095,0.07535742223262787,-0.21604368090629578,-0.09129221737384796,-0.06734612584114075,-0.002108344342559576,0.3330758810043335,0.3615071475505829,-0.03978750482201576,0.3736794590950012,0.22198013961315155,0.011944728903472424,-0.0658288449048996,0.02249685861170292,0.071278415620327,0.07610661536455154,0.14803607761859894,-0.024623863399028778,-0.08282671868801117,-0.05394122749567032,-0.21354451775550842,0.08715496957302094,0.08256809413433075,0.0566428005695343,0.035874124616384506,-0.10019095242023468,-0.13670095801353455,-0.06426091492176056,-0.20521056652069092,0.26556602120399475,0.03889356181025505,-0.05125346779823303,-0.1559862494468689,0.23836834728717804,-0.3583143651485443,0.13589543104171753,-0.1429283320903778,0.2456173151731491,-0.3459978401660919,0.041151292622089386,0.2892346978187561,-0.23497767746448517,-0.04480038955807686,0.07911697030067444,0.11491910368204117,-0.472694456577301,-0.08358605206012726,0.25481900572776794,-0.2958807349205017,0.042361803352832794,-0.2165701687335968,0.18250051140785217,0.12135545164346695
CID000004873,85,0.20469868183135986,-0.2841278314590454,-0.1170448437333107,0.43995946645736694,-0.5964616537094116,0.14109644293785095,0.4458461403846741,0.5349631905555725,0.20755977928638458,0.5067688822746277,-0.1866440773010254,-0.4787212908267975,-0.43233147263526917,0.4625796377658844,0.0034221201203763485,0.1623399704694748,-0.04518043249845505,-0.05675588175654411,0.2653779983520508,-0.5879640579223633,0.08933807909488678,-0.04853159934282303,-0.1683168262243271,-0.5110436677932739,0.0070642950013279915,0.3233625888824463,0.1319068819284439,0.005037200637161732,0.15925990045070648,0.4562110900878906,-0.03201571851968765,0.12126078456640244,0.26334211230278015,0.10726101696491241,0.031513869762420654,-0.0015960931777954102,-0.0690809041261673,0.3187643885612488,-0.11993209272623062,-0.28390952944755554,0.2613471448421478,0.1909027099609375,-0.24455031752586365,-0.2208668440580368,0.01626390591263771,0.20329007506370544,-0.06686341762542725,0.037658222019672394,-0.06730668246746063,0.04775360971689224,0.5987249612808228,-0.021340128034353256,-0.05494384840130806,-0.05526546761393547,0.15365919470787048,-0.0615503303706646,0.29638510942459106,-0.052966486662626266,0.37424561381340027,0.28600990772247314,-0.254790723323822,-0.3872276842594147,-0.3299916386604309,-0.06625968217849731,0.02366385981440544,0.6021093130111694,-0.28629690408706665,0.01987249217927456,0.2596036195755005,-0.0051282658241689205,-0.07756297290325165,0.1380235105752945,-0.2865298390388489,-0.2835785448551178,-0.23009967803955078,0.21846434473991394,0.2003670036792755,0.19048115611076355,-0.05647958070039749,0.1947249323129654,0.6730359792709351,-0.3901155889034271,-0.5996456742286682,0.25690385699272156,0.16273392736911774,-0.4620453417301178,0.03094075247645378,0.8079679608345032,0.005291163921356201,-0.4412556290626526,-0.07994061708450317,0.15661212801933289,-0.17977938055992126,-0.10820557922124863,0.08600840717554092,-0.39990466833114624,-0.24673502147197723,0.29544639587402344,0.1608980894088745,0.082853764295578,0.011741605587303638,-0.013824960216879845,0.21778807044029236,0.5724490284919739,-0.16114969551563263,-0.05941110849380493,-0.10422705113887787,-0.10480278730392456,0.5328781604766846,0.033720117062330246,0.007396596483886242,0.23277822136878967,0.1172039657831192,-0.022167060524225235,-0.0771147832274437,0.31861382722854614,0.03210366889834404,-0.266154944896698,0.12235520035028458,0.1301194727420807,0.5932983756065369,-0.1341717541217804,0.3432008624076843,0.1038571372628212,-0.1543964147567749,0.47931915521621704,0.2607943117618561,0.04584426432847977,0.32015711069107056,0.16265128552913666,-0.038739874958992004,-0.47952133417129517,-0.4199349880218506,-0.05791347101330757,0.22112742066383362,0.333722859621048,0.2800617814064026,0.3208886981010437,-0.13060228526592255,-0.25784778594970703,-0.48369884490966797,0.5651639103889465,0.34245675802230835,0.09580739587545395,0.09622542560100555,0.21107535064220428,-0.3261588215827942,0.600398063659668,-0.03391521796584129,0.0983266606926918,-0.15281382203102112,-0.25164589285850525,0.005382943898439407,0.020552653819322586,-0.03564750403165817,-0.20744915306568146,0.06837189197540283,-0.6859974265098572,-0.05899663642048836,0.0786612331867218,-0.24647268652915955,0.0027681111823767424,0.09174332767724991,-0.033253878355026245,0.14555104076862335,-0.04053301736712456,0.0032946993596851826,-0.05878717824816704,0.0829552561044693,0.1432686299085617,0.07355198264122009,-0.1849408596754074,-0.09380726516246796,-0.2028423547744751,-0.2531742751598358,0.07292602211236954,-0.1512877196073532,-0.12290235608816147,0.3804807960987091,0.12122879177331924,0.04039544239640236,-0.05100779980421066,-0.28120964765548706,-0.16662955284118652,0.22668226063251495,0.10769768804311752,-0.2892702519893646,-0.2274182140827179,0.2482694834470749,-0.41788047552108765,0.21328029036521912,-0.14935560524463654,0.19816966354846954,-0.2387365847826004,0.20229634642601013,0.11661269515752792,0.2990359663963318,-0.10861547291278839,0.028173530474305153,-0.1327650249004364,-0.13845039904117584,-0.31340456008911133,0.21051254868507385,-0.38277119398117065,-0.2829626500606537,-0.14252933859825134,0.014458599500358105,-0.07754570245742798,0.2666061520576477,0.3884505331516266,0.5765752792358398,0.2537263035774231,0.2877851128578186,0.3670089840888977,0.4421826899051666,-0.4955436587333679,0.259558767080307,0.2587129771709442,-0.17912563681602478,0.12726449966430664,0.019774561747908592,-0.16127577424049377,-0.12273220717906952,-0.3682604432106018,-0.33073127269744873,0.2968870997428894,0.0014533490175381303,-0.6454012393951416,0.0941016897559166,-0.04834004491567612,-0.1005348190665245,0.03988134115934372,0.15583761036396027,0.05455847829580307,-0.2155388593673706,0.1774042397737503,0.5014273524284363,-0.49518847465515137,0.11998271942138672,-0.17778511345386505,0.04595556482672691,-0.8144536018371582,-0.056688226759433746,0.32284340262413025,-0.08578188717365265,0.1434207260608673,-0.09369403123855591,-0.007752902805805206,-0.647892951965332,-0.4242193102836609,0.2873237431049347,-0.1516263782978058,0.3838080167770386,-0.3444750905036926,0.053978729993104935,-0.06901416927576065
CID000005556,86,0.1334182322025299,-0.20895639061927795,-0.19049377739429474,0.30070188641548157,-0.42171531915664673,0.12292810529470444,0.08447538316249847,0.15861406922340393,0.1283043920993805,0.20769937336444855,0.33305320143699646,0.16045603156089783,0.062497593462467194,0.2389639914035797,-0.24046047031879425,-0.1418168842792511,-0.09685122966766357,-0.1656419336795807,0.04297559708356857,-0.5161173939704895,0.13195480406284332,-0.07779954373836517,-0.030996689572930336,-0.8974119424819946,-0.10021781921386719,0.023796049878001213,-0.1681857407093048,-0.0023124278523027897,0.03814278915524483,0.1818518340587616,-0.04804282635450363,0.27421027421951294,0.11200745403766632,0.0017714857822284102,0.003672997700050473,0.18703272938728333,0.1645442247390747,0.01620226725935936,0.06559305638074875,-0.08615250885486603,-0.03183778002858162,-0.2496999204158783,0.0477774515748024,-0.20448844134807587,-0.2734311521053314,0.32863038778305054,0.17952048778533936,0.030126303434371948,0.08844327181577682,0.10939286649227142,0.35615918040275574,-0.06536351889371872,-0.1930026412010193,-0.07409501075744629,0.1540108025074005,-0.06696568429470062,0.06279657036066055,0.2722446024417877,0.14096763730049133,-0.0830441564321518,-0.12056092917919159,-0.2976723313331604,-0.026008624583482742,-0.06599011272192001,0.18929710984230042,0.4859103262424469,-0.22014406323432922,-0.018849868327379227,0.24349316954612732,0.3120567500591278,-0.015744546428322792,0.014579659327864647,-0.31616994738578796,-0.3601292669773102,-0.20708438754081726,0.15444432199001312,0.11268550157546997,-0.01163946371525526,-0.06294761598110199,-0.010222852230072021,0.04836202412843704,-0.4514341354370117,-0.2926503121852875,-0.1393713653087616,-0.04707452654838562,-0.2775062024593353,0.2993703782558441,-0.06431946903467178,0.11203595250844955,-0.6305303573608398,-0.13393567502498627,0.3082222640514374,0.14479286968708038,0.15580281615257263,-0.020663965493440628,-0.2321896255016327,-0.13562658429145813,0.05445314571261406,0.03259994834661484,0.18164367973804474,-0.24591214954853058,0.14954017102718353,-0.03925023972988129,0.28759878873825073,0.182850182056427,0.03246090188622475,0.0517938956618309,0.2955567240715027,0.5352663397789001,0.0517561249434948,-0.09593842178583145,0.1723305583000183,-0.05646306276321411,-0.057740308344364166,-0.06500289589166641,0.19224104285240173,0.029691794887185097,0.06315089017152786,0.006987550761550665,0.26826897263526917,0.6344959139823914,-0.12837502360343933,0.18995878100395203,0.16696418821811676,0.10934016853570938,0.2550787329673767,0.04166804999113083,0.014616367407143116,0.1885291486978531,0.16864195466041565,-0.15293912589550018,-0.4550189971923828,-0.4808863699436188,0.18013504147529602,0.16989831626415253,-0.152422234416008,-0.02229900285601616,0.33601459860801697,-0.4217514097690582,-0.3129245638847351,-0.10175038874149323,0.11879690736532211,-0.1163506731390953,-0.1555783897638321,0.00682113179937005,0.11853673309087753,-0.07876844704151154,0.39097458124160767,-0.05953662469983101,0.193625345826149,0.0821838527917862,-0.31646889448165894,-0.005049663595855236,0.1361943781375885,-0.3412089943885803,-0.15416808426380157,-0.16440868377685547,-0.19245097041130066,-0.001954019069671631,0.3966503441333771,-0.20886406302452087,-0.011578875593841076,-0.16745500266551971,0.23140504956245422,0.0005710184341296554,-0.14716476202011108,-0.10871777683496475,0.041238732635974884,-0.1929326355457306,0.1259058117866516,0.04063696414232254,-0.2241092026233673,-0.28093859553337097,-0.33517006039619446,0.07123217731714249,-0.049863047897815704,0.15418842434883118,-0.13713771104812622,0.512628436088562,0.07889600098133087,0.08015324175357819,-0.025284698233008385,-0.29995197057724,-0.14570066332817078,0.1456860601902008,0.3794329762458801,-0.24856457114219666,-0.10869814455509186,-0.1971769630908966,-0.3387278914451599,0.02046731673181057,0.19604358077049255,0.25327184796333313,0.024073585867881775,0.07653094828128815,-0.11164045333862305,0.24089626967906952,-0.27533918619155884,0.03260541334748268,0.043145351111888885,0.20194506645202637,-0.28728705644607544,-0.049635760486125946,-0.2425011694431305,-0.011838329024612904,-0.004371871240437031,-0.011288520880043507,-0.06913620978593826,0.16417112946510315,0.3658151924610138,0.3372890055179596,-0.06315735727548599,0.22339554131031036,0.1899735927581787,-0.0022071560379117727,-0.20283517241477966,0.16236017644405365,0.16712024807929993,0.12421736866235733,-0.019183170050382614,-0.07586706429719925,-0.24476604163646698,0.10204170644283295,-0.26331228017807007,0.0798393189907074,0.044064056128263474,-0.0031947134993970394,0.011847247369587421,-0.1739918291568756,-0.10022282600402832,-0.09643767774105072,-0.11200451850891113,0.23049214482307434,-0.056352775543928146,-0.08951868861913681,-0.13712874054908752,0.35758474469184875,-0.1711241900920868,0.219141885638237,-0.2456609308719635,0.06390193104743958,-0.28274816274642944,0.002778387162834406,0.2553369104862213,7.962584641063586e-05,-0.1926635056734085,-0.03418470174074173,0.049889206886291504,-0.5614411234855652,-0.17283877730369568,0.2534386217594147,-0.15504619479179382,-0.023523405194282532,-0.33608323335647583,0.2120393067598343,0.0955950915813446
CID000006691,87,0.020770471543073654,-0.00897914357483387,-0.11787287145853043,0.3360191881656647,-0.4533373713493347,0.048066288232803345,0.21997371315956116,0.2732522487640381,0.11231241375207901,0.3101111352443695,0.27228790521621704,0.028480667620897293,-0.1654854714870453,0.11986277997493744,-0.18960517644882202,-0.1681247502565384,-0.15740518271923065,-0.14298923313617706,0.11889933049678802,-0.43151983618736267,-0.012241345830261707,-0.26058533787727356,0.02293882891535759,-0.7941861152648926,0.10027124732732773,0.031575437635183334,-0.1829114407300949,0.08837781846523285,0.09599936753511429,0.2264714241027832,-0.2122751921415329,0.17577728629112244,0.13846547901630402,0.12065070867538452,0.025376057252287865,0.02446748875081539,0.07492244243621826,0.13021498918533325,0.1614343822002411,-0.14584137499332428,-0.08881498873233795,-0.21154935657978058,0.19852565228939056,-0.19167467951774597,-0.11820763349533081,0.34411200881004333,0.03558192402124405,0.02661896124482155,0.137948140501976,-0.020747506991028786,0.2255316972732544,0.19644691050052643,-0.2329089641571045,-0.00629305699840188,0.07729355245828629,-0.10739235579967499,-0.0865982323884964,0.18495453894138336,0.099309541285038,0.013098430819809437,-0.0820770412683487,-0.2485312521457672,-0.20621922612190247,0.04676072672009468,0.2395843267440796,0.346625417470932,-0.18175813555717468,-0.05708541348576546,0.1471056491136551,-0.01997062936425209,0.15543046593666077,0.0748729333281517,-0.29533737897872925,-0.39464420080184937,-0.18957269191741943,0.04025757312774658,-0.038520053029060364,0.19477850198745728,-0.1014823168516159,-0.06692422926425934,0.15652871131896973,-0.4830087721347809,-0.281695157289505,-0.06385258585214615,0.14407499134540558,-0.2110428810119629,0.11812863498926163,0.2686029076576233,0.04810900241136551,-0.6656605005264282,-0.019192149862647057,0.21106159687042236,0.003501358674839139,0.04882148280739784,-0.09342660009860992,-0.30163177847862244,0.04366995394229889,0.07985375076532364,-0.05518876388669014,0.04038602113723755,-0.20281627774238586,-0.18841935694217682,-0.1510981023311615,0.3723185658454895,0.27643513679504395,0.09294135868549347,0.12645214796066284,0.17034024000167847,0.47275418043136597,-0.11607978492975235,-0.12103003263473511,0.2239956557750702,0.010565179400146008,-0.06162087991833687,-0.03937426954507828,0.18331706523895264,-0.11234960705041885,-0.09852440655231476,-0.09586946666240692,0.2303321808576584,0.5787888169288635,-0.11308550834655762,0.19521984457969666,0.27623528242111206,-0.007918713614344597,0.18089592456817627,-0.004331977106630802,0.00575172109529376,0.17141827940940857,-0.024204479530453682,-0.06910611689090729,-0.4232591688632965,-0.41477102041244507,0.13163068890571594,0.26396939158439636,0.13890168070793152,0.11123423278331757,0.20712974667549133,-0.29695624113082886,-0.25767335295677185,-0.11502666771411896,0.07329263538122177,-0.004266693256795406,-0.13706624507904053,-0.0030925809405744076,0.15523716807365417,-0.16091004014015198,0.2780751883983612,0.11312127113342285,0.14102771878242493,0.0290533360093832,-0.23268552124500275,-0.10265316069126129,0.1252519190311432,-0.2743183374404907,-0.02681298926472664,-0.1643587201833725,-0.18305659294128418,0.17948821187019348,0.23009881377220154,-0.1309869885444641,-0.1411869376897812,-0.04464678838849068,0.03552725911140442,0.0006212383741512895,-0.09683490544557571,-0.11411784589290619,0.15185458958148956,-0.20191411674022675,0.09929412603378296,0.01449347473680973,-0.13150259852409363,-0.05880669504404068,-0.23924510180950165,0.03568669408559799,-0.11810322850942612,0.1352696716785431,-0.14136287569999695,0.39741966128349304,-0.2530497908592224,0.09400006383657455,0.0458642914891243,-0.12230262905359268,-0.13918200135231018,0.25117427110671997,0.293919175863266,-0.1312878429889679,0.026211688295006752,0.13265347480773926,-0.24934227764606476,0.09398875385522842,-0.04684686288237572,0.06672502309083939,0.11800386756658554,0.19252970814704895,-0.12521250545978546,0.021579323336482048,0.03776584565639496,0.01729985885322094,0.04924588277935982,0.15966859459877014,-0.22570256888866425,-0.039491571485996246,-0.3940790295600891,0.05123061686754227,-0.21860536932945251,-0.13480202853679657,-0.040675316005945206,-0.05552082508802414,0.46447625756263733,0.40591517090797424,0.0006969243404455483,0.3320399820804596,0.24688410758972168,0.12585943937301636,-0.009062924422323704,-0.019624534994363785,0.11614350974559784,0.05293918773531914,-0.06878157705068588,-0.09599945694208145,-0.021053940057754517,-0.13283471763134003,-0.22850950062274933,0.19137795269489288,0.029118424281477928,0.10685112327337265,-0.1905311793088913,-0.11390800774097443,-0.22614791989326477,-0.0273114200681448,-0.21208462119102478,0.24723537266254425,0.038402896374464035,-0.0696338564157486,-0.08752788603305817,0.28945794701576233,-0.36189791560173035,0.12910887598991394,-0.28262844681739807,0.14778344333171844,-0.3693062663078308,0.03483051806688309,0.23602285981178284,-0.21840015053749084,-0.06992216408252716,-0.016369719058275223,0.07012346386909485,-0.5518415570259094,-0.15719187259674072,0.1708710491657257,-0.24660854041576385,0.06591019034385681,-0.29846078157424927,0.21802818775177002,0.14521019160747528
CID000002666,90,1.0361151695251465,0.13661673665046692,-0.036940235644578934,0.4096827507019043,-0.4376487731933594,0.5632573962211609,-0.12858200073242188,0.19466285407543182,-0.21499156951904297,0.43765777349472046,-0.238347128033638,0.011512720957398415,-0.03813972696661949,-0.00011136531975353137,-0.017434682697057724,0.16256655752658844,0.12144209444522858,-0.5175192952156067,-0.039006151258945465,-0.5975261926651001,0.19884879887104034,0.049857597798109055,-0.09111418575048447,-0.9141233563423157,-0.32806044816970825,-0.02940766140818596,-0.3370501697063446,0.0445328913629055,-0.07148007303476334,0.11439305543899536,-0.04429445415735245,0.42293328046798706,0.0886809378862381,0.13289478421211243,0.2155534029006958,0.02745942212641239,0.2879501283168793,0.03587277978658676,-0.02404678426682949,0.11930012702941895,-0.19297382235527039,0.0447365902364254,0.30339449644088745,-0.34178709983825684,-0.016500329598784447,0.20039069652557373,0.10597769170999527,-0.004620769526809454,0.1713930368423462,0.964224636554718,0.5362909436225891,0.0701741948723793,0.08760495483875275,-0.01062166690826416,0.03775428980588913,-0.35934779047966003,0.23383283615112305,0.1677592247724533,0.2545764446258545,0.039446085691452026,-0.16031311452388763,-0.3165125846862793,0.027219608426094055,-0.003849908709526062,-0.03100738860666752,0.7792379260063171,-0.0005623638862743974,-0.20433814823627472,0.15944412350654602,0.26583757996559143,0.00926545262336731,-0.03551165387034416,-0.23003320395946503,-0.19339466094970703,-0.012272253632545471,0.7429773807525635,-0.07270851731300354,-0.07957690954208374,0.05103339999914169,0.14488419890403748,0.04354662448167801,-0.4419803023338318,-0.33983975648880005,0.0872107744216919,0.19260701537132263,-0.24593214690685272,0.2778264880180359,-0.06956930458545685,-0.2330070436000824,-1.0022493600845337,-0.028997356072068214,0.5747525095939636,-0.22338023781776428,-0.06589550524950027,0.03324995934963226,-0.22992198169231415,0.12400762736797333,0.12143842875957489,0.0500827431678772,0.5866616368293762,0.0454886369407177,0.1427430808544159,0.13839758932590485,0.3285367786884308,-0.6214044690132141,-0.04756935313344002,0.08323848247528076,-0.05342988297343254,0.39311808347702026,0.35936102271080017,-0.1298130750656128,0.09833641350269318,-0.00767457764595747,-0.3154633045196533,0.2407854050397873,-0.023511212319135666,-0.41924142837524414,-0.17945657670497894,-0.04796700179576874,-0.32669955492019653,1.0598671436309814,-0.3704012930393219,-0.0684063509106636,-0.046688012778759,-0.17132391035556793,0.21161063015460968,0.020164215937256813,-0.17782719433307648,-0.08052424341440201,-0.11327695846557617,-0.11794434487819672,-0.795231819152832,-0.4598347544670105,0.6934460401535034,0.1403694748878479,0.1683686226606369,0.053485214710235596,0.13596463203430176,0.139287069439888,-0.6851074695587158,-0.3008481562137604,0.012507212348282337,0.14488181471824646,0.19194725155830383,-0.1223960667848587,0.10647177696228027,-0.12779513001441956,0.8651636242866516,0.030926883220672607,0.02282726764678955,-0.10145087540149689,-0.5615985989570618,0.33418965339660645,0.11112995445728302,-0.3732437491416931,-0.19771330058574677,-0.004750651307404041,-0.30521830916404724,0.11567969620227814,0.3193601369857788,0.19032332301139832,0.03804122284054756,-0.21972700953483582,0.005740332882851362,-0.18531814217567444,-0.26249969005584717,-0.4425393044948578,0.08161608129739761,-0.34783801436424255,0.2509419322013855,0.22580046951770782,-0.1943621188402176,-0.35479846596717834,-0.19240428507328033,-0.14483176171779633,-0.15714119374752045,-0.06832441687583923,0.0628577396273613,0.87535160779953,-0.24738433957099915,-0.21594545245170593,-0.05206885188817978,-0.1560744047164917,-0.26663699746131897,0.32781314849853516,0.29447245597839355,-0.5597973465919495,0.08248019963502884,0.1639663428068161,-0.3612181544303894,-0.16519227623939514,0.10030974447727203,0.06232548877596855,-0.21216991543769836,0.02835841104388237,-0.5269604921340942,0.39322778582572937,-0.3491055965423584,0.03731222823262215,0.011792870238423347,0.04869674891233444,-0.3232205808162689,1.5123138427734375,-0.7461158633232117,0.016543861478567123,0.3371167778968811,-0.01669396087527275,-0.00736164441332221,0.7583943605422974,0.4834613800048828,0.4603957235813141,0.2555023729801178,-0.3019261360168457,0.2671625018119812,0.07015378773212433,-0.6906343698501587,-0.10191448777914047,0.04128758981823921,-0.247166708111763,-0.2062441110610962,0.012021917849779129,-0.12086240202188492,-0.03585674613714218,-0.30051809549331665,-0.019031614065170288,0.04626321792602539,0.09941940009593964,0.06869977712631226,-0.03094508685171604,0.04585002735257149,-0.204229474067688,0.17706182599067688,-0.31633272767066956,0.07643595337867737,0.045016974210739136,-0.014600676484405994,0.9194344282150269,-0.5286242961883545,0.006985199637711048,-0.0014202266465872526,0.05166996642947197,-0.6486582159996033,0.16700346767902374,0.021109387278556824,-0.49324026703834534,0.1466832458972931,0.17230308055877686,0.4336998462677002,-0.7690089344978333,-0.15858550369739532,0.03716270253062248,-0.1884714961051941,0.20433573424816132,-0.1400950849056244,0.34205031394958496,0.07301153242588043
CID000002749,91,-0.024011623114347458,-0.02662840113043785,0.12872576713562012,0.5677075386047363,-0.4672994017601013,-0.04664435237646103,0.0987619161605835,0.14573004841804504,0.2087521255016327,0.4026102125644684,0.183714359998703,0.052276480942964554,-0.004396423697471619,0.13966722786426544,-0.18305689096450806,0.02492774836719036,0.0030349702574312687,-0.07542432844638824,0.028023552149534225,-0.47099795937538147,-0.035338349640369415,-0.4137881398200989,0.19341406226158142,-0.8247709274291992,0.1593598872423172,0.2527039051055908,-0.07431276887655258,0.15608644485473633,-0.006319799926131964,0.21749496459960938,-0.07650724053382874,0.09579441696405411,0.08734617382287979,-0.21370306611061096,0.09957610070705414,0.16201448440551758,0.2537846863269806,0.07426504790782928,0.08043776452541351,-0.2571909427642822,-0.06283744424581528,-0.1912422925233841,0.32586830854415894,-0.07289095222949982,-0.18173947930335999,0.3425230085849762,0.06186164170503616,-0.031129512935876846,0.10801313817501068,0.04945449158549309,0.40980249643325806,-0.31068676710128784,-0.17963676154613495,-0.06363798677921295,-0.19419370591640472,-0.18154609203338623,-0.12569096684455872,0.16058862209320068,0.22083695232868195,0.23112556338310242,-0.1237582117319107,-0.24166366457939148,-0.08054463565349579,0.04479349032044411,0.14375600218772888,0.3786393404006958,-0.33430153131484985,-0.1245613694190979,0.04202703759074211,0.07395754009485245,-0.04442564398050308,0.21589073538780212,-0.17189772427082062,-0.20506000518798828,-0.11547122895717621,0.00335409352555871,0.09992063790559769,0.09258129447698593,-0.08164973556995392,-0.17967361211776733,-0.08880115300416946,-0.4174593389034271,-0.19308827817440033,-0.032645709812641144,0.08334439992904663,0.16575708985328674,0.11771617829799652,0.20721761882305145,-0.006251287646591663,-0.5740429759025574,-0.08846112340688705,0.14008738100528717,0.12395808845758438,-0.03306693956255913,-0.1872616559267044,-0.0940752848982811,0.04062964394688606,0.04982086643576622,0.14225594699382782,-0.03458687663078308,0.035022128373384476,-0.17359277606010437,-0.06735023111104965,0.16195788979530334,0.32523223757743835,-0.016351789236068726,-0.04109971597790718,0.29038238525390625,0.5336166620254517,-0.12936696410179138,-0.049744926393032074,0.08107913285493851,-0.00968422181904316,-0.1343931406736374,0.0973406434059143,0.2834411859512329,-0.05479561164975166,0.13520900905132294,0.11141312122344971,0.32286298274993896,0.7294377088546753,-0.1225888580083847,0.09388460963964462,0.3934759199619293,0.08419820666313171,0.2246791124343872,-0.024191895499825478,-0.0031819730065762997,0.19339331984519958,0.1221408024430275,0.14363405108451843,-0.5315126180648804,-0.44371098279953003,0.07058534771203995,0.24659070372581482,0.1889176219701767,0.07413120567798615,0.25556260347366333,-0.1904696524143219,-0.0681285560131073,-0.12002400308847427,0.12127184867858887,0.06692211329936981,0.08374683558940887,0.011724491603672504,0.13295790553092957,-0.054045796394348145,0.3901968002319336,0.19638825953006744,0.3893004059791565,0.22339682281017303,-0.4709879457950592,-0.2134779393672943,0.025496412068605423,-0.25525546073913574,0.09790722280740738,-0.07306257635354996,0.05338691920042038,0.29353833198547363,0.13889870047569275,-0.09942148625850677,0.30756857991218567,0.010480090975761414,0.2851937413215637,-0.1910911202430725,-0.07151108980178833,-0.022147297859191895,0.3102636933326721,0.09407643973827362,0.11778972297906876,0.16120964288711548,-0.1561056673526764,-0.1559877097606659,-0.2994861900806427,0.07715592533349991,-0.0712275505065918,0.08655937761068344,-0.17897765338420868,0.48042774200439453,0.23623314499855042,-0.13678422570228577,0.08193375170230865,0.1398317664861679,-0.200604647397995,0.10926065593957901,0.10950319468975067,-0.04914093017578125,-0.1985076516866684,-0.09234366565942764,-0.28259170055389404,0.27266451716423035,0.06840993463993073,-0.05380096286535263,-0.1755407750606537,0.31570953130722046,-0.09191044420003891,-0.01774565503001213,0.03894607350230217,0.1257968246936798,-0.22475509345531464,-0.18546652793884277,-0.37550264596939087,-0.06943780928850174,-0.3331137001514435,0.030828814953565598,-0.19495105743408203,-0.10887108743190765,-0.02191753312945366,0.02387048304080963,0.5827558636665344,0.24085846543312073,0.2590637505054474,0.2630687355995178,-0.058858104050159454,0.19668248295783997,-0.08609641343355179,-0.061888016760349274,0.2666719853878021,0.10987026989459991,-0.14621910452842712,-0.09609327465295792,0.0737212747335434,-0.10532672703266144,-0.10540131479501724,-0.02074042148888111,0.047530096024274826,-0.03670109808444977,-0.11826066672801971,0.07667871564626694,-0.032781511545181274,-0.046537939459085464,0.18764494359493256,0.3440151810646057,-0.013646719045937061,-0.024279391393065453,-0.3096601068973541,0.5663001537322998,-0.2281835526227951,0.15905070304870605,-0.11193244159221649,-0.21911902725696564,-0.25582027435302734,0.08842673152685165,0.16677629947662354,-0.0164437647908926,-0.20260782539844513,-0.08167008310556412,-0.23605740070343018,-0.6097965240478516,-0.010281303897500038,0.18854933977127075,-0.28840386867523193,-0.11332337558269501,-0.3457115888595581,0.2225530445575714,-0.027308249846100807
CID000004411,92,0.05081913620233536,-0.03681095317006111,0.08264686167240143,0.6163190603256226,-0.33824998140335083,0.023809265345335007,0.026107558980584145,0.1449756920337677,0.4819546639919281,0.41725683212280273,-0.16832423210144043,-0.2644723653793335,-0.10099673271179199,0.09952060878276825,-0.16983675956726074,-0.016300838440656662,-0.017023583874106407,-0.19639278948307037,0.09497682750225067,-0.8125575184822083,0.05332579091191292,-0.21251268684864044,-0.11392750591039658,-1.077221155166626,0.12587183713912964,0.2978115677833557,-0.3346765339374542,0.20988258719444275,0.02272251807153225,0.220851868391037,-0.14860764145851135,0.26091524958610535,-0.0035239725839346647,-0.06567396968603134,-0.01325969398021698,0.3245050311088562,-0.1567293107509613,0.16855862736701965,-0.03207487240433693,-0.25261029601097107,-0.14482486248016357,0.11990801990032196,0.15500962734222412,-0.2822248637676239,-0.08470530807971954,0.42330145835876465,-0.06951606273651123,-0.006321662571281195,-0.020312119275331497,0.060084857046604156,0.3715750277042389,0.21778778731822968,-0.13597643375396729,-0.13180935382843018,0.1753377467393875,-0.09434870630502701,-0.20200495421886444,-0.007266688160598278,0.009597164578735828,0.024169743061065674,-0.19477880001068115,-0.2808596193790436,-0.012256467714905739,-0.14412273466587067,0.18291902542114258,0.43116480112075806,-0.031836532056331635,0.023748423904180527,0.09935835003852844,0.23091092705726624,0.0269184410572052,-0.12746216356754303,-0.47657790780067444,-0.14459022879600525,-0.03361920267343521,0.3750421404838562,0.12350896745920181,0.20583108067512512,-0.007749286480247974,0.0805630013346672,0.670270562171936,-0.4228183627128601,-0.34567347168922424,-0.21767869591712952,0.3655948042869568,-0.32769548892974854,0.42237359285354614,0.07641775906085968,-0.12973007559776306,-1.154134750366211,-0.14119485020637512,0.2170570343732834,-0.023329544812440872,0.1901710331439972,0.2574087977409363,-0.28991225361824036,0.3293670117855072,0.05235372856259346,0.19114364683628082,0.3290516138076782,0.0329078733921051,0.33322328329086304,0.19847118854522705,0.35982745885849,-0.11592477560043335,0.017511717975139618,0.2622518539428711,0.16376082599163055,0.6525021195411682,0.13089114427566528,-0.18039412796497345,0.24757428467273712,0.015026470646262169,-0.23353052139282227,0.42622503638267517,0.33551090955734253,-0.3768734037876129,-0.03214143589138985,-0.015298783779144287,0.3567284941673279,0.8681879043579102,-0.1756211370229721,0.3071846067905426,0.06277445703744888,0.20204928517341614,-0.14365370571613312,-0.054096877574920654,-0.03757480904459953,0.1331658661365509,-0.008550447411835194,0.01622334122657776,-0.6426471471786499,-0.22404929995536804,-0.022160768508911133,0.3367091715335846,0.30498138070106506,0.41523829102516174,0.38229358196258545,0.23676352202892303,-0.2232249677181244,-0.25309890508651733,-0.03477402403950691,0.07040415704250336,-0.05956073850393295,0.06871217489242554,0.1950291395187378,-0.31822413206100464,0.5167292952537537,-0.049470096826553345,0.22780361771583557,0.0077412426471710205,-0.5542071461677551,-0.10669688880443573,-0.04525308683514595,-0.43657055497169495,-0.01128168124705553,0.17030498385429382,-0.39678478240966797,0.1318763941526413,0.1904863566160202,0.11146249622106552,0.07489634305238724,-0.02905455231666565,0.4928930401802063,0.21424135565757751,-0.14388222992420197,-0.22236566245555878,-0.17259353399276733,-0.12103698402643204,-0.0010330438381060958,0.07628196477890015,-0.10682699829339981,-0.358038067817688,-0.494105726480484,-0.08335008472204208,0.023592907935380936,0.03855520114302635,0.07199510931968689,0.5467314720153809,-0.19905123114585876,0.007392185740172863,-0.1161174327135086,-0.25522106885910034,0.01622604951262474,0.8385230302810669,-0.03921835869550705,-0.4510802626609802,0.10266339778900146,-0.028774982318282127,-0.34682613611221313,-0.08638377487659454,0.040397413074970245,-0.034610502421855927,-0.10797426849603653,-0.054185736924409866,-0.005642336793243885,-0.013355055823922157,-0.5051456689834595,-0.04768824577331543,0.20163092017173767,-0.08192425966262817,-0.10976497083902359,0.34770968556404114,-0.10703756660223007,-0.02196105197072029,-0.21102681756019592,0.011068942956626415,0.04345620796084404,-0.023074600845575333,0.46254977583885193,0.37715011835098267,-0.2194073498249054,0.09245026856660843,0.1232498437166214,0.047009386122226715,-0.35329669713974,0.10769997537136078,0.28707441687583923,0.11899010837078094,0.008645715191960335,0.022214621305465698,-0.046579621732234955,0.36348170042037964,-0.23223109543323517,0.2148120403289795,-0.20605933666229248,0.010737759061157703,-0.3577227294445038,0.0008435666677542031,0.17400968074798584,-0.10883066803216934,0.24644427001476288,0.07243063300848007,0.11275502294301987,0.13259819149971008,0.07183153927326202,0.6986954808235168,-0.32835879921913147,0.009391975589096546,-0.25282520055770874,0.15540023148059845,-0.6905521154403687,0.3294450640678406,0.21976330876350403,-0.5284313559532166,-0.12754514813423157,0.019724082201719284,-0.34810560941696167,-0.7651299834251404,-0.2884567677974701,0.054561175405979156,-0.06254886090755463,-0.199519544839859,0.0081739891320467,0.033003199845552444,0.15306150913238525
CID000004748,93,0.16904683411121368,0.17074938118457794,0.19182856380939484,0.12090656906366348,-0.2875644564628601,0.03434343263506889,0.46954837441444397,0.5082207918167114,-0.008629056625068188,0.21355707943439484,0.35588783025741577,0.2318727970123291,0.17559687793254852,0.3488939702510834,-0.140829399228096,-0.007864540442824364,-0.14435511827468872,-0.1249874085187912,0.30962294340133667,-0.4717322885990143,0.1768472045660019,-0.18600229918956757,-0.03161492198705673,-0.7701572775840759,-0.0775149017572403,0.1281491219997406,-0.07112457603216171,-0.18417726457118988,-0.059490591287612915,0.23767772316932678,-0.1200883761048317,0.2517565190792084,-0.010109156370162964,0.04714399203658104,0.05517388507723808,-0.1438980996608734,0.11956232786178589,0.08756591379642487,0.055256474763154984,-0.1822132170200348,0.010943420231342316,-0.1833736002445221,0.14219477772712708,-0.2945924401283264,-0.16362364590168,0.2705227732658386,-0.07419614493846893,0.07958391308784485,0.03904477506875992,-0.02323240414261818,0.27228477597236633,0.024920374155044556,-0.25986355543136597,-0.13061268627643585,0.34786686301231384,-0.12655150890350342,0.3730941414833069,0.2768877446651459,0.03202159330248833,0.15473350882530212,-0.3989312946796417,-0.4177822172641754,-0.11526191234588623,-0.06420587003231049,0.24081330001354218,0.250631719827652,-0.290689617395401,-0.36588606238365173,0.08980288356542587,-0.04169044643640518,0.17486949265003204,0.2822989821434021,-0.4699097275733948,-0.4768119752407074,-0.4089701771736145,0.06596294045448303,-0.013826368376612663,0.1441526859998703,-0.08513949811458588,-0.18471726775169373,0.24848401546478271,-0.44655951857566833,-0.3432798385620117,-0.16604073345661163,-0.16075816750526428,-0.16625145077705383,0.06237604469060898,0.3224284052848816,-0.0023460588417947292,-0.5209521055221558,-0.1361464112997055,0.25559496879577637,0.0018026996403932571,-0.2105408012866974,0.14476770162582397,-0.2991515100002289,0.0013742804294452071,-0.11039052158594131,0.22105054557323456,0.10280077159404755,-0.011345714330673218,0.10945598781108856,0.05867669731378555,0.3635181486606598,0.039156101644039154,-0.043032415211200714,-0.2855418622493744,-0.013654554262757301,0.3571970760822296,0.0770709365606308,-0.26085221767425537,0.15866020321846008,-0.30039235949516296,-0.008755219168961048,0.048167213797569275,0.260804682970047,-0.04696347564458847,-0.06893137097358704,-0.17218077182769775,0.10248792171478271,0.4754263758659363,-0.18320608139038086,0.4701126515865326,0.26360782980918884,-0.12632322311401367,0.03441321849822998,-0.021562060341238976,-0.041415054351091385,0.39026790857315063,-0.3170402944087982,0.24861343204975128,-0.3624515235424042,-0.3317181468009949,0.11864664405584335,0.49950671195983887,-0.2156258374452591,-0.0908198282122612,-0.02073035016655922,-0.24289360642433167,-0.3929952085018158,-0.6725199818611145,0.4244115948677063,0.08952896296977997,-0.2000197470188141,0.08149056881666183,0.3121069073677063,-0.31765466928482056,0.2795655131340027,-0.20814481377601624,0.15255172550678253,0.044507838785648346,-0.12398582696914673,0.08871697634458542,0.11683130264282227,-0.06725511699914932,-0.18370334804058075,-0.08789023011922836,-0.19313108921051025,0.09807197004556656,0.3038635849952698,0.1495494246482849,0.0027413039933890104,0.05669884756207466,-0.11479326337575912,-0.22962665557861328,-0.05320317670702934,-0.3333274722099304,0.1711818426847458,0.1883755475282669,0.1705765277147293,-0.014123993925750256,-0.1795850694179535,-0.3135378956794739,-0.09634246677160263,0.14455147087574005,-0.12386816740036011,0.1371980607509613,-0.3339309096336365,0.4335792064666748,-0.010606756433844566,0.16252531111240387,-0.0758841261267662,-0.36779913306236267,-0.24540355801582336,-0.0743793398141861,0.3107745051383972,-0.12933869659900665,-0.16751593351364136,-0.0794050544500351,-0.34637171030044556,-0.06078743934631348,0.027392903342843056,0.3205380141735077,0.010068947449326515,0.2149137258529663,-0.3288746476173401,0.005805149674415588,0.035957496613264084,0.01700766384601593,-0.20348191261291504,0.2754478454589844,-0.381579726934433,0.09405127912759781,-0.48574456572532654,0.013229812495410442,-0.1361805647611618,-0.122349813580513,0.16653034090995789,0.011778230778872967,0.36307546496391296,0.528590202331543,-0.2353481501340866,0.7465373277664185,0.21905072033405304,0.31174808740615845,-0.17596891522407532,-0.1455175280570984,0.07387109100818634,0.042711809277534485,-0.023120146244764328,-0.1349613517522812,0.17791900038719177,-0.0718524307012558,-0.1728091835975647,-0.13268131017684937,0.02449420653283596,-0.24204108119010925,-0.14322347939014435,-0.04044226184487343,0.13356056809425354,0.009329356253147125,-0.018497418612241745,0.18316857516765594,0.04172851890325546,-0.2266252040863037,0.15578468143939972,0.315548300743103,-0.18084755539894104,0.004316035658121109,-0.09884559363126755,0.4401089549064636,-0.5112825036048889,0.014499088749289513,0.22060954570770264,-0.028212452307343483,-0.04328950494527817,0.18321527540683746,0.045300666242837906,-0.4764502942562103,-0.04591294005513191,0.4554781913757324,-0.4202989935874939,0.10889177024364471,-0.02010018192231655,0.19357970356941223,0.0038113773334771395
CID000005533,94,-0.0762934684753418,0.1487084925174713,-0.06339086592197418,0.278854101896286,-0.2979579567909241,0.065000019967556,0.20381049811840057,0.24427127838134766,0.11876783519983292,0.20578651130199432,0.12453870475292206,0.18724355101585388,0.06362515687942505,0.051504116505384445,-0.30659884214401245,-0.027561208233237267,-0.16763286292552948,-0.0035919249057769775,0.1913023144006729,-0.44732245802879333,-0.015129363164305687,-0.23175504803657532,-0.019677232950925827,-0.7918945550918579,-0.02251911722123623,0.22191235423088074,-0.15723952651023865,-0.0459161177277565,0.07508500665426254,0.04372140020132065,-0.2049088031053543,0.26685428619384766,0.09952495247125626,0.13069505989551544,0.04437940940260887,-0.038876451551914215,0.1403728872537613,-0.0067586093209683895,0.2281230390071869,-0.12182356417179108,-0.08652409166097641,-0.38322728872299194,0.12212739884853363,-0.3056780695915222,-0.21165986359119415,0.46517401933670044,0.1267479509115219,0.007916560396552086,0.1525910347700119,-0.14005829393863678,0.21312610805034637,0.1940051019191742,-0.23228684067726135,0.011432135477662086,0.18812444806098938,-0.12953844666481018,-0.0498201921582222,0.13316088914871216,-0.01702706143260002,-0.16033145785331726,-0.1406232714653015,-0.250268816947937,-0.039730340242385864,-0.024726204574108124,0.2954426407814026,0.32213321328163147,-0.10330697149038315,-0.11159877479076385,0.21083767712116241,0.09024780988693237,0.1939675658941269,-0.050562191754579544,-0.2751082479953766,-0.36485689878463745,-0.2509818375110626,-0.09743641316890717,0.02267911471426487,0.15871569514274597,-0.06868024915456772,-0.08096341788768768,0.03844405338168144,-0.4205998480319977,-0.21645398437976837,-0.13713213801383972,-0.02199121192097664,-0.12594778835773468,0.21542660892009735,0.010356693528592587,-0.049021441489458084,-0.6404842138290405,-0.10866449773311615,0.2638545036315918,0.024768102914094925,0.08825471997261047,-0.07033730298280716,-0.1871190220117569,-0.08146896958351135,0.2572242021560669,-0.18675951659679413,0.015492746606469154,-0.1585134118795395,-0.12077455222606659,-0.05317740514874458,0.2961924374103546,0.22568920254707336,0.0703396275639534,0.064169742166996,0.3077009916305542,0.47262874245643616,-0.11602912098169327,-0.17448124289512634,0.2346895933151245,-0.13478463888168335,-0.06291516870260239,0.043278276920318604,0.20557530224323273,-0.04948054626584053,-0.014752070419490337,-0.14681629836559296,0.2769775390625,0.5140520334243774,-0.18215039372444153,0.3129434287548065,0.2851395905017853,-0.14242881536483765,0.10160194337368011,0.12492512166500092,0.10707122087478638,0.33881109952926636,-0.1360204964876175,-0.0007636725786142051,-0.4460771083831787,-0.3311656415462494,0.12503783404827118,0.21050691604614258,-0.1492394506931305,0.047901701182127,0.10434889793395996,-0.20361757278442383,-0.3882911503314972,-0.18026936054229736,-0.016153816133737564,0.11631669849157333,-0.09696588665246964,-0.039562515914440155,0.3004276752471924,-0.22348818182945251,0.26252713799476624,0.11599525064229965,0.2266719788312912,0.07637139409780502,-0.2134459763765335,-0.10341362655162811,0.14252391457557678,-0.3105861246585846,-0.10197806358337402,-0.016649335622787476,-0.09095267206430435,0.09811997413635254,0.35359686613082886,-0.11568452417850494,-0.1053117886185646,-0.040096867829561234,0.07722819596529007,-0.09124661982059479,-0.21990478038787842,-0.28239527344703674,0.07921777665615082,-0.1812411993741989,0.18286266922950745,0.027138620615005493,-0.23808345198631287,-0.24653780460357666,-0.3406835198402405,0.03655526787042618,-0.07898861169815063,0.13983798027038574,-0.25665292143821716,0.3509819209575653,-0.15801382064819336,0.03223610669374466,0.044060852378606796,-0.2658209502696991,-0.21246644854545593,0.1291094720363617,0.26416653394699097,-0.34615403413772583,0.04132148623466492,-0.09920183569192886,-0.3059414029121399,0.08453238010406494,0.012874851003289223,0.14613398909568787,0.10881821066141129,0.11416076123714447,-0.17343197762966156,0.07895582169294357,-0.08201050758361816,-0.0018197193276137114,0.06991058588027954,0.1564893275499344,-0.29376769065856934,-0.13893961906433105,-0.3623653054237366,0.041864294558763504,-0.18316695094108582,-0.06865794211626053,-0.11799447238445282,-0.015765389427542686,0.3640495836734772,0.3016594648361206,-0.06631272286176682,0.3349235951900482,0.08990997076034546,0.18599127233028412,-0.13034340739250183,-0.1193891167640686,0.08270131796598434,0.08374924957752228,-0.16996672749519348,-0.006306929979473352,-0.13584543764591217,-0.0645536556839943,-0.11404271423816681,0.07498285174369812,0.20763535797595978,0.2122378647327423,-0.1467181146144867,0.06690360605716705,-0.23713716864585876,-0.06823091953992844,-0.23129217326641083,0.2062641680240631,0.045412998646497726,-0.09145902097225189,-0.16353915631771088,0.24998335540294647,-0.28066936135292053,0.08999115228652954,-0.27244120836257935,0.19841641187667847,-0.3340148329734802,0.1423940360546112,0.2409168928861618,-0.13503435254096985,-0.031836070120334625,0.12611618638038635,-0.019068310037255287,-0.5700386762619019,-0.19874389469623566,0.2747388482093811,-0.21633294224739075,0.19905972480773926,-0.20482806861400604,0.2152998000383377,0.039071936160326004
CID004475485,95,0.12369803339242935,0.2070769965648651,0.3055543005466461,0.5485273599624634,-0.4655025899410248,0.18813511729240417,0.21437647938728333,0.2605988383293152,0.026252204552292824,0.35466450452804565,0.07727724313735962,-0.013041841797530651,-0.060596972703933716,0.20650820434093475,-0.19600041210651398,-0.002118955599144101,0.009717161767184734,-0.01675352081656456,0.11899739503860474,-0.38864296674728394,-0.05039466544985771,-0.4299563467502594,0.0037980854976922274,-0.8359533548355103,-0.14930517971515656,0.10975195467472076,-0.21204042434692383,-0.11441661417484283,-0.10120157897472382,0.15249791741371155,-0.15118496119976044,0.2472306787967682,0.20096556842327118,-0.00873635895550251,0.025222260504961014,0.19559736549854279,0.09270849823951721,0.1797948181629181,0.026127422228455544,-0.4254688322544098,-0.0007985010743141174,-0.08162866532802582,0.13322362303733826,-0.043839238584041595,-0.23717136681079865,0.23262277245521545,0.028830522671341896,0.05761183053255081,0.23306508362293243,0.054719410836696625,0.3827195167541504,-0.15361173450946808,-0.3580426275730133,-0.03443049266934395,0.09217364341020584,-0.17305193841457367,-0.027664583176374435,0.04077036306262016,0.0938817635178566,-0.09545093774795532,-0.15266838669776917,-0.2905980050563812,0.14680048823356628,-0.1484227329492569,0.25345975160598755,0.3064839243888855,-0.33504360914230347,-0.18347567319869995,0.13922592997550964,0.1194867268204689,0.10320625454187393,-0.04128345847129822,-0.25386565923690796,-0.3382899761199951,-0.09086881577968597,0.15632477402687073,0.08002893626689911,0.016691822558641434,-0.19378778338432312,-0.03226875513792038,0.02821716107428074,-0.3046080470085144,-0.3348160684108734,-0.17132461071014404,0.17407318949699402,0.1560186892747879,0.14333930611610413,0.13004286587238312,0.005967690143734217,-0.4277924597263336,-0.04657492786645889,0.20223195850849152,-0.10084487497806549,-0.028824711218476295,-0.36753755807876587,-0.1839817315340042,0.0015107139479368925,-0.29952314496040344,0.19633366167545319,0.05877631902694702,-0.0017677039140835404,0.1141565814614296,0.055507976561784744,0.13926014304161072,0.29736757278442383,-0.007550380192697048,-0.05056237056851387,-0.0035856901668012142,0.3427322804927826,-0.12062865495681763,0.09309663623571396,0.16163277626037598,-0.25413480401039124,-0.16914886236190796,-0.2300771176815033,0.34395158290863037,-0.18265864253044128,0.08424650132656097,-0.14477908611297607,0.32013213634490967,0.6797510981559753,-0.21526813507080078,0.09622161090373993,0.39586809277534485,-0.22214189171791077,0.35736843943595886,0.060859907418489456,0.0007666647434234619,0.07074500620365143,0.04854917526245117,0.2172960489988327,-0.48680076003074646,-0.5686429142951965,0.09534063190221786,0.3069698214530945,0.16757431626319885,-0.015313943848013878,0.29143381118774414,-0.05165400356054306,0.015073391608893871,-0.08229442685842514,0.2607300877571106,0.24207112193107605,0.06246469169855118,-0.007961896248161793,0.21754595637321472,-0.13985320925712585,0.28373846411705017,0.15847110748291016,0.34659072756767273,0.09537315368652344,-0.3179640471935272,0.12271847575902939,0.08383069187402725,-0.2080571949481964,-0.08700726926326752,0.028286296874284744,-0.10116348415613174,0.2122454196214676,0.09571871161460876,-0.24836823344230652,0.09352756291627884,0.08030400425195694,-0.03495808318257332,-0.17283585667610168,0.12583491206169128,-0.18680424988269806,0.1687849760055542,0.23257231712341309,0.1897515505552292,0.05683647468686104,0.1206032857298851,-0.3890892267227173,-0.19744773209095,0.19574791193008423,-0.2630695700645447,0.3097943663597107,-0.1249348372220993,0.5277298092842102,0.14403139054775238,-0.2534196972846985,0.11638417094945908,-0.0754481703042984,-0.007861304096877575,-0.028355946764349937,0.1528940498828888,0.08252783864736557,-0.03624743968248367,0.09786098450422287,-0.38639625906944275,-0.05703241750597954,0.1527942717075348,0.017381463199853897,-0.13103795051574707,0.3000781834125519,-0.0558411180973053,0.12080234289169312,-0.06286854296922684,-0.1261330544948578,-0.08379964530467987,0.07220227271318436,-0.4372144341468811,-0.013047253713011742,-0.24005413055419922,-0.1059589609503746,-0.20355725288391113,0.00013000369654037058,-0.02526041492819786,-0.013291996903717518,0.5323880910873413,0.3061451315879822,0.017982622608542442,0.259895920753479,0.14242053031921387,0.05063353851437569,-0.08942917734384537,-0.051750004291534424,0.10003741830587387,-0.006073427386581898,-0.15787890553474426,-0.09945636987686157,-0.01534353755414486,-0.31906500458717346,-0.14399246871471405,0.009164598770439625,-0.33526304364204407,-0.09988502413034439,-0.11919884383678436,0.016956422477960587,0.1271923929452896,-0.030165603384375572,0.04975574463605881,0.31040114164352417,0.009496672078967094,-0.06070343777537346,-0.030750036239624023,0.47962671518325806,-0.37665775418281555,0.06870607286691666,-0.2519459128379822,0.18106919527053833,-0.20942488312721252,-0.12694674730300903,0.1351286917924881,-0.06076648086309433,-0.14304128289222717,0.12705709040164948,-0.2229527235031128,-0.6208213567733765,0.05322229117155075,0.24431493878364563,-0.14578300714492798,0.005954300053417683,-0.32562434673309326,-0.008646994829177856,-0.045742783695459366
CID000003016,96,0.18375113606452942,-0.06780778616666794,0.22886624932289124,0.16151198744773865,-0.23233182728290558,0.2557787597179413,0.2170853167772293,0.49721240997314453,0.014770296402275562,0.16240596771240234,0.19580258429050446,0.21671812236309052,-0.026978984475135803,0.10905434191226959,-0.24349336326122284,-0.18491286039352417,-0.16224855184555054,-0.018714647740125656,0.0715094581246376,-0.49002742767333984,0.11952223628759384,-0.2474294900894165,-0.017237786203622818,-0.7600170373916626,-0.1114150732755661,0.19401676952838898,-0.17670677602291107,-0.11848010867834091,-0.08246208727359772,0.3459082543849945,-0.12974274158477783,0.254472941160202,-0.19953081011772156,-0.184351846575737,0.0885189026594162,0.2529202401638031,0.16089490056037903,0.06283726543188095,0.21108102798461914,-0.21516981720924377,-0.012419044971466064,-0.195209339261055,0.0019856542348861694,-0.11114094406366348,-0.31524595618247986,0.44460511207580566,-0.08173970878124237,0.035167496651411057,-0.016475703567266464,-0.1885666400194168,0.33682781457901,-0.015475836582481861,-0.26460000872612,-0.15690186619758606,0.4279022216796875,-0.1816777139902115,0.2065310776233673,0.3320438861846924,0.014378443360328674,-0.05534810945391655,-0.3263566195964813,-0.5193841457366943,-0.059112973511219025,-0.29172205924987793,0.2717980146408081,0.5555952787399292,-0.11411146819591522,-0.30827149748802185,0.16765788197517395,0.14052210748195648,-0.12686209380626678,0.16218632459640503,-0.42262333631515503,-0.3834728002548218,-0.5058661699295044,-0.1399673968553543,0.015377623029053211,-0.04501211643218994,-0.005138221196830273,-0.014057254418730736,0.3114355504512787,-0.33393964171409607,-0.3053056597709656,0.3161904215812683,-0.09308131039142609,-0.3198234736919403,0.34364455938339233,0.02963920868933201,-0.02743908204138279,-0.6552876234054565,-0.05746335908770561,0.3570614457130432,-0.04031055048108101,-0.009727378375828266,-0.1155320405960083,-0.3001919090747833,-0.14132186770439148,-0.07669855654239655,0.015137714333832264,0.2671034038066864,-0.29871851205825806,0.03874809667468071,-0.02942962944507599,0.41950303316116333,0.1325969696044922,0.14925938844680786,-0.06312741339206696,-0.04422364756464958,0.4751861095428467,0.15595385432243347,-0.09901699423789978,-0.024701589718461037,-0.13450928032398224,-0.04391201213002205,-0.28423890471458435,0.2118237018585205,-0.07932843267917633,-0.07680529356002808,-0.14428403973579407,0.29309895634651184,0.4691956639289856,-0.13033752143383026,0.475900262594223,0.3429540991783142,0.11999277770519257,0.19023431837558746,0.006260359194129705,-0.04629473388195038,0.3874952793121338,0.10353334248065948,0.2538471221923828,-0.48838797211647034,-0.39331477880477905,0.2943463623523712,0.14262469112873077,-0.16286098957061768,0.035686325281858444,0.16930444538593292,-0.2125575840473175,-0.43748006224632263,-0.31863948702812195,0.25555619597435,0.3021668791770935,-0.20811088383197784,0.010527506470680237,0.17380137741565704,-0.09872652590274811,0.2934606671333313,-0.07407873868942261,0.1143597811460495,-0.0468931645154953,-0.22057032585144043,-0.0017150342464447021,0.04795389622449875,-0.1401643306016922,-0.15318116545677185,-0.0612872913479805,-0.46759214997291565,0.048849403858184814,0.2586324214935303,0.09359340369701385,0.19024014472961426,-0.03587845712900162,0.20677602291107178,-0.17589500546455383,-0.004106871783733368,-0.3890020251274109,0.3047756552696228,0.13586561381816864,0.20673751831054688,0.026637813076376915,-0.26693207025527954,-0.44108089804649353,-0.25120967626571655,0.08420654386281967,-0.0038154840003699064,0.09267362207174301,-0.29721254110336304,0.5115953087806702,-0.027029890567064285,-0.08488152921199799,-0.21214361488819122,-0.49151262640953064,-0.16362084448337555,-0.0339384451508522,0.23449525237083435,-0.264963835477829,0.09472879767417908,-0.09378164261579514,-0.5500298142433167,0.01566774770617485,0.2578926682472229,0.2771422266960144,0.03183593973517418,0.027875443920493126,-0.4437215328216553,0.2259552776813507,-0.24487122893333435,0.2332065999507904,-0.248501256108284,0.2176557034254074,-0.3600165843963623,-0.13039474189281464,-0.545496940612793,0.14318878948688507,-0.12790840864181519,-0.06818244606256485,-0.013056171126663685,0.029289325699210167,0.3624310791492462,0.2610708177089691,0.3285524547100067,0.3194505274295807,0.4376690983772278,0.033151451498270035,-0.5142024755477905,0.10239382088184357,0.04768533632159233,0.0112172095105052,-0.31170400977134705,-0.00571403605863452,0.03417142480611801,-0.08309309184551239,-0.3530340790748596,-0.18602433800697327,-0.06817364692687988,-0.10959827899932861,-0.2269931137561798,-0.2572195529937744,0.15440495312213898,-0.001258784206584096,-0.021414894610643387,0.22493433952331543,0.024229293689131737,-0.11119680106639862,0.1372130960226059,0.19826920330524445,-0.0872604250907898,0.08436934649944305,0.031235450878739357,0.12464454025030136,-0.5196240544319153,-0.22513043880462646,0.12390093505382538,-0.07372258603572845,0.1278975009918213,0.061919163912534714,0.07006485760211945,-0.5290813446044922,-0.14420995116233826,0.4275268018245697,-0.089300736784935,-0.11598102748394012,-0.1617433726787567,0.16083316504955292,-0.05087659880518913
CID000003379,97,0.22049131989479065,-0.11832541227340698,0.1481085568666458,0.6438926458358765,-0.10552015155553818,-0.03817744925618172,-0.2546190917491913,0.2603577971458435,0.18041305243968964,0.22188648581504822,0.07228557765483856,-0.346500039100647,-0.3350130021572113,0.18936999142169952,0.2999693751335144,0.044704969972372055,-0.1129164919257164,-0.29652139544487,-0.16023147106170654,-0.5742624402046204,0.0737239345908165,-0.1719680279493332,0.068734310567379,-0.9803945422172546,-0.03481651470065117,-0.0006724491831846535,-0.4380568563938141,-0.19889795780181885,0.07386301457881927,0.042779628187417984,-0.04189973324537277,0.5582801699638367,0.011534586548805237,-0.11484303325414658,-0.09654291719198227,0.005681246519088745,0.25768059492111206,-0.3406098783016205,0.04340142384171486,0.01232330221682787,0.01125538069754839,0.550247311592102,0.04952468350529671,-0.1968873292207718,-0.1590779721736908,0.290601909160614,-0.13570284843444824,0.03209473192691803,0.49639958143234253,0.3202441930770874,0.6210342049598694,0.04234019294381142,-0.3707570731639862,-0.06924915313720703,0.08486197888851166,-0.4694758355617523,-0.03212786465883255,-0.15166603028774261,-0.005238175392150879,0.12309329211711884,0.07693426311016083,-0.11670751869678497,-0.1487550437450409,-0.17479971051216125,0.3176039457321167,0.6411310434341431,-0.06612863391637802,0.2161857634782791,-0.0016074702143669128,-0.11461261659860611,0.11768076568841934,0.02523992583155632,-0.10484731197357178,-0.32200950384140015,-0.2744911313056946,0.37638765573501587,-0.042125385254621506,0.25803130865097046,-0.08372986316680908,0.20607466995716095,0.047372281551361084,-0.3953917324542999,-0.3971076011657715,0.06067274883389473,0.1403913050889969,-0.019877934828400612,0.20973248779773712,0.1982928216457367,0.26238110661506653,-1.3515803813934326,-0.016579056158661842,0.522520899772644,0.06994572281837463,-0.04467640444636345,-0.029968172311782837,-0.5030860900878906,0.3842211365699768,0.0010923624504357576,-0.2242734432220459,0.3866346478462219,0.0914347842335701,0.6966288685798645,0.2278139293193817,0.4140891134738922,-0.35259753465652466,-0.22684434056282043,-0.2302597016096115,0.10338034480810165,0.3988112807273865,-0.01408528070896864,-0.1881498545408249,0.37938666343688965,0.1103711724281311,-0.09366761147975922,0.11861495673656464,0.1869017779827118,-0.3169279098510742,-0.18625453114509583,0.0689975768327713,0.06937623023986816,0.8846641778945923,-0.4417498707771301,-0.14197823405265808,0.2356143295764923,-0.03809492662549019,-0.238785982131958,0.18606922030448914,-0.1299038976430893,0.2384379804134369,0.1420358568429947,0.18369823694229126,-0.4883052408695221,-0.31863728165626526,0.5283175706863403,0.0654781311750412,0.5225633978843689,0.03801833465695381,0.03236015886068344,-0.15166661143302917,-0.2661650478839874,0.011845209635794163,0.18695548176765442,-0.11679740995168686,-0.12546804547309875,-0.12428492307662964,-0.2236063927412033,0.15274330973625183,0.6025402545928955,-0.01135956309735775,0.08603285998106003,-0.08259714394807816,-0.6205272674560547,0.001559615135192871,0.00837618112564087,-0.3811416029930115,-0.08122323453426361,-0.09459102153778076,-0.17545033991336823,-0.011604261584579945,0.3495553433895111,0.07656759023666382,-0.042973048985004425,0.10013715922832489,-0.020475495606660843,-0.3209771513938904,-0.3660244643688202,0.013081085868179798,-0.020683597773313522,0.18907299637794495,-0.09589040279388428,0.08792855590581894,-0.0811835378408432,-0.3765266239643097,-0.28421586751937866,-0.06232477352023125,0.020933697000145912,0.36296114325523376,-0.17128399014472961,0.6633038520812988,-0.026253629475831985,-0.24176248908042908,0.02223271131515503,0.06835024058818817,-0.2842411696910858,0.6271145939826965,-0.11258748918771744,-0.6136435270309448,-0.1991552859544754,0.47476059198379517,-0.23101961612701416,-0.03815488517284393,0.11856800317764282,-0.12821732461452484,-0.08650940656661987,0.2651955187320709,0.08023310452699661,0.0848010927438736,0.11459996551275253,-0.0068228961899876595,0.1260376274585724,0.12482283264398575,-0.32866764068603516,0.18987680971622467,-0.46944230794906616,-0.018951719626784325,-0.19410166144371033,-0.12420570850372314,-0.21038861572742462,0.46454644203186035,0.749968945980072,0.3244783878326416,0.010782635770738125,-0.002001459477469325,0.10067237913608551,-0.09288182854652405,-0.2535502314567566,0.4731188416481018,-0.12752147018909454,0.12152489274740219,-0.02231748029589653,0.060548268258571625,-0.015140253119170666,-0.010025501251220703,-0.400028795003891,0.3481346368789673,-0.21320495009422302,0.18283621966838837,-0.06471233814954758,-0.03936067223548889,0.679551899433136,0.05880165845155716,0.39225977659225464,0.015437853522598743,-0.025277312844991684,-0.024853218346834183,-0.008938057348132133,0.5219670534133911,-0.6787729263305664,-0.008502909913659096,-0.30887606739997864,0.07418526709079742,-0.7875988483428955,0.021953295916318893,-0.06457188725471497,-0.14694353938102722,0.11711975187063217,0.030240332707762718,-0.0188158992677927,-0.8359636068344116,-0.42499321699142456,0.04748645797371864,0.3795139491558075,-0.12673993408679962,-0.03742563724517822,-0.09074921160936356,0.024693606421351433
CID000005719,100,0.03326639533042908,0.04672817140817642,-0.08488130569458008,0.2667869031429291,-0.36188891530036926,0.05472354218363762,0.24970929324626923,0.291353315114975,-0.045627713203430176,0.22941891849040985,0.11924763023853302,0.1683277189731598,0.062485456466674805,0.11162559688091278,-0.2169278860092163,-0.09380140155553818,-0.15251079201698303,-0.10626620054244995,0.11074723303318024,-0.3887501060962677,0.05891543626785278,-0.2633931338787079,-0.10570479929447174,-0.7998400926589966,0.016828279942274094,0.10295094549655914,-0.18402299284934998,0.009160241112112999,0.006327423267066479,0.09940582513809204,-0.1287388950586319,0.20849478244781494,0.07855092734098434,0.16054262220859528,0.04131297394633293,-0.11185826361179352,0.10393963754177094,0.06147154048085213,0.16250506043434143,-0.1311255395412445,-0.04655362293124199,-0.3697108328342438,0.1498955637216568,-0.2612301707267761,-0.19969946146011353,0.44963622093200684,0.07231687009334564,0.0020171613432466984,0.10145197808742523,-0.04347994178533554,0.14297153055667877,0.14149726927280426,-0.2680127024650574,-0.034478090703487396,0.16229593753814697,-0.09499765932559967,-0.07784484326839447,0.15889500081539154,-0.004597979132086039,-0.04582099989056587,-0.16152456402778625,-0.28187838196754456,-0.04510319605469704,0.01423230953514576,0.32551634311676025,0.3236759305000305,-0.12875190377235413,-0.1261887103319168,0.2316526472568512,0.056535083800554276,0.13419029116630554,0.00745078269392252,-0.27630046010017395,-0.40055227279663086,-0.21911342442035675,0.06425615400075912,0.1093025952577591,0.20177021622657776,-0.0947709009051323,-0.09567044675350189,-0.02797355130314827,-0.4785837233066559,-0.24594393372535706,-0.028079837560653687,0.027440566569566727,-0.1947697103023529,0.20653414726257324,-0.00430550891906023,0.07106728851795197,-0.6193841695785522,-0.11030949652194977,0.2779991030693054,-0.026460379362106323,0.018613526597619057,-0.09751976281404495,-0.2612939178943634,-0.08867689222097397,0.2198307067155838,-0.1665957272052765,0.057268790900707245,-0.17035017907619476,-0.10802976042032242,-0.0578235499560833,0.324489951133728,0.2501838803291321,0.050956159830093384,-0.018243739381432533,0.32375872135162354,0.4169406294822693,-0.1853167563676834,-0.0997953787446022,0.20068088173866272,-0.12941689789295197,-0.020207375288009644,0.023886168375611305,0.1795864999294281,-0.08978800475597382,-0.038555294275283813,-0.17642563581466675,0.2313331663608551,0.509080171585083,-0.14102338254451752,0.27938202023506165,0.34771454334259033,-0.059368956834077835,0.17616501450538635,0.09006465971469879,0.10325893014669418,0.2570646405220032,-0.0906030461192131,-0.012972262687981129,-0.4549735486507416,-0.42335861921310425,0.07390764355659485,0.24232566356658936,-0.13954266905784607,-0.11967387050390244,0.16889870166778564,-0.19699148833751678,-0.23600253462791443,-0.17164678871631622,0.06960839033126831,0.018545307219028473,-0.15129411220550537,0.017763948068022728,0.2539581060409546,-0.14233270287513733,0.2471921443939209,0.0065794410184025764,0.2026471644639969,-0.007898574694991112,-0.17910338938236237,-0.16759666800498962,0.24069757759571075,-0.3390212655067444,-0.09070973098278046,-0.08810537308454514,-0.07897526025772095,0.04601617902517319,0.31505683064460754,-0.09807898849248886,-0.1328921765089035,-0.0728456974029541,0.011614328250288963,-0.05359562486410141,-0.07331069558858871,-0.1743534356355667,0.13873901963233948,-0.1781383454799652,0.2054249346256256,0.042900942265987396,-0.23812830448150635,-0.2113266885280609,-0.2975445091724396,0.034340791404247284,-0.06801177561283112,0.17386949062347412,-0.19221174716949463,0.3313630223274231,-0.08389441668987274,0.12650758028030396,-0.011381605640053749,-0.19873900711536407,-0.14813634753227234,0.12230576574802399,0.2591140866279602,-0.12830908596515656,-0.0017306506633758545,-0.09224796295166016,-0.3044899106025696,0.03280367702245712,0.033592306077480316,0.17076073586940765,0.13523252308368683,0.12269802391529083,-0.16780441999435425,0.1176718920469284,0.0032609463669359684,0.10370104014873505,0.02801606059074402,0.1852351874113083,-0.2772830128669739,-0.009698653593659401,-0.33273014426231384,-0.0853390246629715,-0.2088650017976761,-0.11324167251586914,-0.08257733285427094,-0.02941407635807991,0.3469269573688507,0.3514733612537384,-0.015101412311196327,0.3441998064517975,0.17043264210224152,0.033364858478307724,-0.027434583753347397,-0.021179785951972008,0.058556098490953445,0.08435256779193878,-0.02473602257668972,-0.0823126882314682,-0.0854678824543953,-0.12080065906047821,-0.18725743889808655,0.06871004402637482,0.15853293240070343,0.14376962184906006,0.00891842134296894,0.015369346365332603,-0.19145239889621735,-0.07912100106477737,-0.19490210711956024,0.21500837802886963,0.02479792758822441,-0.16434118151664734,-0.180385559797287,0.22567029297351837,-0.32025012373924255,0.15128713846206665,-0.21514543890953064,0.19148039817810059,-0.33035460114479065,0.17635604739189148,0.28444865345954895,-0.15313270688056946,-0.008235262706875801,0.046972792595624924,0.08770467340946198,-0.5334492325782776,-0.1309405267238617,0.27184683084487915,-0.3053697645664215,0.13590243458747864,-0.2589283585548401,0.2057466208934784,0.07789682596921921
CID000003440,101,-0.08777633309364319,0.04968324303627014,-0.08470408618450165,0.27248358726501465,-0.34101980924606323,0.027355235069990158,0.21314911544322968,0.24636535346508026,0.015507454052567482,0.23033685982227325,0.05070913955569267,0.05088843032717705,0.05390007421374321,0.13080856204032898,-0.21861998736858368,-0.0021529369987547398,-0.11356408894062042,0.017612826079130173,0.1442333161830902,-0.42504167556762695,0.04816865175962448,-0.279541939496994,-0.06818045675754547,-0.788120448589325,0.02227983996272087,0.14781922101974487,-0.22320672869682312,-0.06515493243932724,-0.0024631780106574297,0.12065669149160385,-0.1276213824748993,0.2346034049987793,0.0669022798538208,0.13506686687469482,0.051132965832948685,-0.05547906085848808,0.028454994782805443,0.08651108294725418,0.2203926295042038,-0.11399005353450775,-0.051647961139678955,-0.37115222215652466,0.11775404214859009,-0.21600107848644257,-0.2173788845539093,0.4695452153682709,0.08555380254983902,-0.007167304400354624,0.11892678588628769,-0.14678165316581726,0.19078442454338074,0.1772192120552063,-0.2627555727958679,-0.04238080233335495,0.17962154746055603,-0.049413491040468216,-0.0888151079416275,0.06488795578479767,0.014469603076577187,-0.09999420493841171,-0.17304664850234985,-0.23481234908103943,-0.061107635498046875,-0.032780081033706665,0.33227434754371643,0.326760470867157,-0.13047413527965546,-0.12764225900173187,0.2653621733188629,0.06349843740463257,0.12114512920379639,0.07039286941289902,-0.2795429825782776,-0.35736367106437683,-0.25975725054740906,-0.09232179075479507,0.08054772764444351,0.23888461291790009,-0.049628421664237976,-0.06740708649158478,0.033993177115917206,-0.41060543060302734,-0.25960150361061096,-0.010884081944823265,0.008808336220681667,-0.12434537708759308,0.3060820400714874,0.004159551113843918,0.03632930666208267,-0.611269474029541,-0.06852804869413376,0.2886030077934265,-0.010499742813408375,0.06591327488422394,-0.10489688813686371,-0.2640073895454407,-0.10541055351495743,0.15825454890727997,-0.19692805409431458,0.07994401454925537,-0.19188129901885986,-0.09735505282878876,-0.07786692678928375,0.25590506196022034,0.22305083274841309,0.0035578073002398014,0.12786708772182465,0.24216584861278534,0.41759902238845825,-0.13439130783081055,-0.10504686832427979,0.21555328369140625,-0.11396293342113495,-0.04826369136571884,0.04831643030047417,0.21811597049236298,-0.0518968403339386,-0.07283692061901093,-0.2095595896244049,0.2907613217830658,0.5282122492790222,-0.12473906576633453,0.22953517735004425,0.28130871057510376,-0.0827229768037796,0.13564099371433258,0.0890323743224144,0.09373963624238968,0.36107754707336426,-0.12238092720508575,-0.018994370475411415,-0.461893230676651,-0.3906347155570984,0.05099787563085556,0.2711107134819031,-0.11669512838125229,-0.055371083319187164,0.17582297325134277,-0.06323404610157013,-0.23329167068004608,-0.1949758231639862,0.05139021947979927,0.06190994381904602,-0.09396608918905258,-0.06854432821273804,0.3476544916629791,-0.13916318118572235,0.2521253526210785,0.044241808354854584,0.21174487471580505,0.07373670488595963,-0.24426087737083435,-0.16903109848499298,0.18715426325798035,-0.33615484833717346,-0.1409846544265747,-0.06430871784687042,-0.0977344885468483,0.06015603616833687,0.3008316159248352,-0.063614621758461,-0.07543300092220306,-0.10090517997741699,0.07175706326961517,0.012395266443490982,-0.0669156014919281,-0.19380898773670197,0.11242584139108658,-0.13643941283226013,0.18960413336753845,0.08482512086629868,-0.221905916929245,-0.2749965190887451,-0.3554810881614685,0.05451453477144241,-0.12800493836402893,0.11371618509292603,-0.28125619888305664,0.32242122292518616,-0.12232412397861481,0.0692179799079895,0.02774849161505699,-0.2695595324039459,-0.12960541248321533,0.1719779223203659,0.2122431993484497,-0.2581543028354645,0.015990018844604492,-0.10078835487365723,-0.2932879328727722,0.016466623172163963,0.0599433071911335,0.16663911938667297,0.09640930593013763,0.14730222523212433,-0.13794933259487152,0.16898147761821747,-0.05256841331720352,0.04092583805322647,-0.029432307928800583,0.1236368790268898,-0.24556303024291992,-0.14161764085292816,-0.37789976596832275,0.0061826943419873714,-0.19558332860469818,-0.14980609714984894,-0.1391456425189972,0.004766962490975857,0.38567227125167847,0.33398181200027466,0.018741972744464874,0.3175124526023865,0.15495583415031433,0.12625889480113983,-0.14041247963905334,-0.05891603231430054,0.09940638393163681,0.08795182406902313,-0.15015307068824768,-0.08165421336889267,-0.17328926920890808,-0.14457158744335175,-0.2080378532409668,0.06620367616415024,0.06748295575380325,0.2119326889514923,-0.13392625749111176,0.008724808692932129,-0.2682860791683197,-0.04965173825621605,-0.1865755021572113,0.2392989844083786,0.07647015899419785,-0.0939197763800621,-0.061031460762023926,0.2364887297153473,-0.31396788358688354,0.1058916226029396,-0.20845305919647217,0.1737116426229477,-0.35775071382522583,0.15934696793556213,0.2830793559551239,-0.1228124350309372,0.05726723000407219,0.12769149243831635,0.01910932920873165,-0.606725811958313,-0.24761316180229187,0.22693189978599548,-0.26009589433670044,0.17008233070373535,-0.2440412938594818,0.21758612990379333,0.06736297905445099
CID000003325,102,0.343099981546402,-0.1247820258140564,0.1340392529964447,0.29951390624046326,-0.513340413570404,0.18197715282440186,0.32485416531562805,0.23296546936035156,0.03754093125462532,0.3023340106010437,0.025090431794524193,0.04205913469195366,0.022057736292481422,0.06086147576570511,-0.14782987534999847,0.06956741958856583,-0.016525257378816605,-0.19208036363124847,0.14141614735126495,-0.4793523848056793,0.06372745335102081,-0.22961094975471497,0.19771859049797058,-0.7616196870803833,0.24076935648918152,0.10749268531799316,-0.07002262026071548,-0.08392734825611115,-0.06170716881752014,0.14541667699813843,0.010484146885573864,0.19739849865436554,0.005397814325988293,-0.06836270540952682,0.011727094650268555,-0.17641836404800415,0.12007464468479156,0.19936366379261017,0.24068966507911682,-0.005674491636455059,-0.028681600466370583,-0.20626747608184814,0.1280776411294937,-0.2138233184814453,-0.23246073722839355,0.3665100336074829,0.02089814469218254,-0.07592727988958359,0.10344468057155609,0.18947327136993408,0.2596663236618042,0.2215425968170166,-0.12235981225967407,0.07542488723993301,0.027072051540017128,-0.07369345426559448,0.07278279960155487,0.17079350352287292,0.1385742723941803,0.05378539115190506,-0.167573481798172,-0.29475831985473633,0.04153657704591751,-0.018094155937433243,0.18691107630729675,0.33805692195892334,-0.2770935297012329,-0.07998504489660263,0.3385748863220215,0.046660855412483215,-0.05570293217897415,0.09122554957866669,-0.3381236791610718,-0.3834880292415619,-0.20297598838806152,0.10916658490896225,0.012821735814213753,0.043736428022384644,-0.043092191219329834,0.01729392632842064,0.003260147524997592,-0.7990880608558655,-0.26068252325057983,0.1638536900281906,-0.033500269055366516,-0.0680624470114708,0.19468899071216583,0.0067937178537249565,-0.014592048712074757,-0.7014695405960083,-0.0690573900938034,0.1664966344833374,0.05585954338312149,-0.010744625702500343,0.03025192581117153,-0.2182893306016922,-0.2976542115211487,-0.18059903383255005,-0.23743709921836853,0.2132376879453659,-0.15563102066516876,0.03823914751410484,-0.038367483764886856,0.25136634707450867,0.1730404794216156,0.07178859412670135,-0.15451680123806,-0.10175607353448868,0.5104373693466187,-0.1766931116580963,-0.02446518838405609,0.1494552344083786,-0.07186204195022583,-0.10841856151819229,0.09760080277919769,0.12178530544042587,-0.09045428037643433,-0.05060999467968941,-0.13036873936653137,0.17678391933441162,0.6077820658683777,-0.15705516934394836,0.18012182414531708,0.040560707449913025,-0.052681148052215576,0.15315775573253632,0.025738084688782692,-0.0009364783763885498,0.14500902593135834,0.09941066801548004,0.1953803300857544,-0.553911566734314,-0.44346705079078674,0.3050704300403595,0.21134087443351746,-0.16859614849090576,-0.01957651413977146,0.40226641297340393,-0.022161269560456276,-0.2943819761276245,-0.10945632308721542,0.09071033447980881,0.054281581193208694,-0.062203504145145416,-0.04065877944231033,0.05758305639028549,-0.04699895903468132,0.4064721167087555,0.04518973082304001,0.1662558615207672,0.21793103218078613,-0.27385997772216797,-0.13291609287261963,0.16137316823005676,-0.28695714473724365,-0.20187509059906006,-0.03545772284269333,-0.051601361483335495,0.06405270099639893,0.18745800852775574,-0.06637291610240936,0.12892942130565643,-0.046469856053590775,-0.04191317409276962,-0.004901519510895014,-0.04348847642540932,-0.1986721009016037,0.2220173329114914,0.02368137426674366,0.14662282168865204,0.07167339324951172,-0.11069901287555695,-0.11358173191547394,-0.1169985979795456,0.06339400261640549,-0.06786275655031204,0.12894180417060852,-0.12558817863464355,0.42014098167419434,-0.07155446708202362,0.1800757795572281,0.07994867861270905,-0.05962582305073738,-0.21684014797210693,0.18946881592273712,0.22085890173912048,-0.1413511037826538,-0.12036560475826263,-0.17551910877227783,-0.2337285578250885,0.010914558544754982,0.17626969516277313,0.25688067078590393,0.05102827399969101,0.13597247004508972,-0.16109596192836761,0.07012555003166199,0.025632914155721664,0.18348455429077148,-0.0670037791132927,0.13155648112297058,-0.3250907063484192,0.19339466094970703,-0.32357197999954224,0.0420822836458683,0.003171571996062994,-0.22316431999206543,-0.014439111575484276,0.0946929082274437,0.2620188593864441,0.2948543131351471,0.22759437561035156,0.2871151566505432,0.19142338633537292,0.014623606577515602,-0.25200700759887695,-0.10565701872110367,0.1568177044391632,0.07452229410409927,-0.017289578914642334,-0.0020198761485517025,-0.22666612267494202,-0.06581350415945053,-0.21494539082050323,-0.1312529742717743,-0.20152290165424347,0.1435859054327011,0.03070737048983574,-0.015145662240684032,-0.11249168962240219,0.007857181131839752,-0.08015455305576324,0.2237550914287567,-0.0029776780866086483,-0.17704322934150696,0.09902483224868774,0.41304469108581543,-0.4470617175102234,-0.04622175917029381,-0.0839572325348854,0.18734006583690643,-0.43144720792770386,0.09302638471126556,0.37543442845344543,-0.08315116912126541,-0.053845059126615524,0.1550104320049286,0.10421830415725708,-0.5955113768577576,-0.15391932427883148,0.16405430436134338,-0.35821300745010376,0.1247224360704422,-0.32894501090049744,0.029107708483934402,0.032606177031993866
CID000003403,103,0.31480148434638977,0.12926745414733887,0.21722087264060974,0.5505663156509399,-0.44865211844444275,0.12701845169067383,0.16817231476306915,0.233300119638443,0.22871847450733185,0.27660948038101196,0.20461484789848328,-0.08954058587551117,0.22901424765586853,0.04720521718263626,-0.15900608897209167,0.04374980553984642,-0.08561279624700546,-0.19275839626789093,0.0511164590716362,-0.4426115155220032,0.2544021010398865,-0.4732958674430847,-0.1929168999195099,-0.9622012376785278,0.0005833759787492454,0.035644445568323135,-0.2645884156227112,-0.04621271789073944,-0.02184157446026802,-0.09566187858581543,-0.0011476725339889526,0.19203421473503113,0.11715352535247803,0.08058781921863556,0.015131013467907906,0.1540905237197876,0.16568689048290253,0.11398997157812119,-0.03455561399459839,-0.18356791138648987,0.09676321595907211,0.08013284206390381,0.15484026074409485,-0.08923985064029694,-0.14189788699150085,0.4199554920196533,0.03835295885801315,-0.032409802079200745,0.022126564756035805,0.2572213411331177,0.4660281538963318,-0.16966018080711365,-0.32971125841140747,-0.023274775594472885,-0.22440703213214874,-0.08993560075759888,-0.012809020467102528,-0.12590987980365753,0.061845697462558746,0.1337052285671234,-0.06381607055664062,-0.18868859112262726,0.1652853637933731,-0.1641203910112381,0.37146636843681335,0.22716116905212402,-0.42596665024757385,-0.1118614673614502,-0.049619678407907486,0.07798825949430466,0.22134295105934143,0.08770504593849182,-0.1571749597787857,-0.37964025139808655,-0.05405915901064873,0.30762535333633423,0.19597594439983368,-0.06981326639652252,-0.1567610800266266,-0.10280338674783707,0.15432223677635193,-0.39022380113601685,-0.3156927824020386,0.08837173879146576,0.011309728026390076,0.20329728722572327,0.17595258355140686,-0.09357569366693497,-0.05659545585513115,-0.4223176836967468,0.006225451361387968,0.17040279507637024,-0.024740856140851974,0.0175856351852417,-0.3601182699203491,-0.17226965725421906,0.18122902512550354,-0.3174353241920471,0.13095179200172424,0.14015869796276093,-0.024101752787828445,0.08102714270353317,-0.011033705435693264,0.16398940980434418,0.222370907664299,0.09330099821090698,0.11132939159870148,0.002403420861810446,0.4372701644897461,-0.029725736007094383,0.14092299342155457,0.05141272023320198,-0.24643376469612122,-0.33995935320854187,-0.07508224993944168,0.30668380856513977,-0.16697116196155548,-0.21229977905750275,-0.09395620226860046,0.27978959679603577,0.8370257616043091,-0.2488771229982376,0.24942076206207275,0.23105843365192413,0.04707148298621178,0.16244645416736603,0.15735694766044617,0.012646389193832874,-0.04864538833498955,0.16797080636024475,0.3247505724430084,-0.5973971486091614,-0.4330572485923767,0.24731841683387756,0.32844290137290955,0.09670083224773407,0.041711993515491486,0.0355573408305645,-0.3108459413051605,-0.0027947966009378433,-0.08847739547491074,0.1422574520111084,0.2791476249694824,0.16759972274303436,-0.03097562864422798,0.026071157306432724,0.1680147498846054,0.39034003019332886,0.19013731181621552,0.4101490378379822,-0.16162604093551636,-0.5020354986190796,-0.032504379749298096,0.2998787760734558,-0.17424532771110535,0.058529019355773926,0.09127459675073624,0.037604548037052155,0.07273848354816437,0.06310738623142242,-0.07270874083042145,-0.05966798588633537,0.06372503191232681,0.01713167130947113,-0.0970282182097435,0.08943067491054535,-0.20516815781593323,0.2328728437423706,0.26937517523765564,0.04549189656972885,-0.027341384440660477,0.03346883878111839,-0.3374105393886566,-0.34496694803237915,0.15606170892715454,-0.201905757188797,0.2559494972229004,-0.019683003425598145,0.6066621541976929,0.02557217702269554,-0.2313755750656128,0.1266774833202362,0.15245839953422546,-0.08845164626836777,-0.01964976266026497,0.06647256016731262,0.007375463843345642,-0.09745129942893982,-0.03581991791725159,-0.3242623209953308,-0.2844066917896271,0.03794541582465172,-0.12080284208059311,-0.23486082255840302,0.3998052477836609,-0.05686866119503975,0.02809641882777214,0.04172971844673157,-0.1492515355348587,-0.053102266043424606,-0.14990219473838806,-0.4907528758049011,0.23448340594768524,-0.1325063705444336,-0.09945237636566162,-0.12808910012245178,-0.054624222218990326,0.09685429185628891,-0.06407944858074188,0.4607909619808197,0.3035042881965637,0.3177521824836731,0.15169353783130646,0.03492910414934158,-0.12859363853931427,-0.11311353743076324,0.008823990821838379,0.4316188395023346,0.07943952828645706,0.032949693500995636,-0.08870811760425568,-0.07097821682691574,-0.2968953549861908,-0.10225224494934082,0.1588153839111328,-0.29659098386764526,0.026483427733182907,0.05068314075469971,-0.0821327492594719,0.15651695430278778,-0.025976723060011864,0.2291715145111084,0.31006723642349243,0.006981357932090759,0.20222246646881104,0.09954379498958588,0.4356471598148346,-0.350053608417511,-0.07382860779762268,-0.18512257933616638,-0.08594407886266708,-0.2474377453327179,0.0028586864937096834,0.03137519210577011,-0.11486126482486725,0.13201910257339478,0.045328058302402496,0.07910158485174179,-0.7208187580108643,0.053275216370821,0.291456013917923,-0.016199104487895966,-0.023004665970802307,-0.1704421490430832,0.012700552120804787,0.04863329976797104
CID000002118,104,0.03217091038823128,-0.3028779625892639,-0.15774163603782654,0.34863990545272827,-0.42735975980758667,0.11015967279672623,0.05027921870350838,0.2108432948589325,0.14352074265480042,0.2088923156261444,0.3341514468193054,0.17692309617996216,-0.06505336612462997,0.1944652795791626,-0.16522055864334106,-0.07758805900812149,-0.0916629433631897,-0.1334841251373291,0.030403796583414078,-0.558235764503479,0.013317698612809181,-0.08810755610466003,-0.04974411427974701,-0.8979754447937012,-0.07727868109941483,0.05608861520886421,-0.1897231936454773,-0.010666829533874989,0.06142979860305786,0.16631971299648285,0.046290457248687744,0.22931981086730957,0.1419374644756317,-0.006186866667121649,0.044084418565034866,0.23033253848552704,0.11261763423681259,0.035982050001621246,0.1733153760433197,-0.142085000872612,-0.046384602785110474,-0.2555878162384033,0.08467154204845428,-0.26552826166152954,-0.2293342649936676,0.317382276058197,0.14726796746253967,0.08647393435239792,0.16721376776695251,-0.006508487276732922,0.3713161051273346,-0.08925761282444,-0.1672377735376358,-0.11028071492910385,0.17045868933200836,-0.10579326003789902,0.0665571540594101,0.26809921860694885,0.18455129861831665,-0.07996664941310883,-0.17054958641529083,-0.35701245069503784,-0.02973615564405918,-0.19545255601406097,0.23798266053199768,0.47741466760635376,-0.2052215039730072,-0.01737712137401104,0.2626325190067291,0.37904465198516846,-0.025763656944036484,0.0051631806418299675,-0.30636733770370483,-0.32441025972366333,-0.2331276684999466,-0.056767504662275314,0.10784789174795151,-0.05539611726999283,-0.07665181905031204,-0.012810957618057728,0.10174111276865005,-0.40739530324935913,-0.28151512145996094,-0.15448859333992004,0.057680048048496246,-0.32723817229270935,0.22172045707702637,0.05919989198446274,0.08801008760929108,-0.5696036219596863,-0.13366439938545227,0.29697099328041077,0.05533047765493393,0.19821858406066895,-0.04456388205289841,-0.20361462235450745,-0.09483246505260468,0.1367606222629547,-0.009028887376189232,0.08622227609157562,-0.2554028630256653,0.14326058328151703,0.00966508686542511,0.3033723831176758,0.11755289882421494,0.057690538465976715,0.004349553491920233,0.3216326832771301,0.5404523611068726,0.06672964990139008,-0.09449751675128937,0.16701963543891907,-0.018215835094451904,-0.10192041099071503,-0.026674652472138405,0.17772479355335236,0.09133605659008026,0.10113589465618134,-0.01849566027522087,0.257235050201416,0.6625568270683289,-0.14149117469787598,0.2232048213481903,0.18591265380382538,0.07203809171915054,0.3858070373535156,0.05412391573190689,-0.02880070172250271,0.23051080107688904,0.196828693151474,-0.15697626769542694,-0.4227558970451355,-0.5127063989639282,0.10050275176763535,0.16750192642211914,-0.13357070088386536,-0.014380467124283314,0.24508531391620636,-0.4243071973323822,-0.35903200507164,-0.0799635499715805,0.10777603089809418,-0.11637049913406372,-0.07014839351177216,-0.02028757706284523,0.1657288521528244,-0.06630884110927582,0.38327667117118835,-0.00431415718048811,0.2003336399793625,0.08282871544361115,-0.3907312750816345,-0.025026053190231323,0.1023203507065773,-0.2771484851837158,-0.10672463476657867,-0.14593568444252014,-0.1986631453037262,-0.06532029062509537,0.3758096992969513,-0.19684454798698425,0.028625961393117905,-0.2147011011838913,0.2642579674720764,-0.0009077489376068115,-0.13733330368995667,-0.13247501850128174,0.03829965367913246,-0.17676261067390442,0.19465889036655426,0.0644078478217125,-0.2485065758228302,-0.31769058108329773,-0.36214810609817505,0.08771951496601105,-0.01842046156525612,0.1341324746608734,-0.19251388311386108,0.5075193047523499,0.08418761193752289,0.015491160564124584,-0.035164788365364075,-0.3312992453575134,-0.09346982091665268,0.16449514031410217,0.38893571496009827,-0.2864166796207428,-0.06959246098995209,-0.03856515511870384,-0.40232938528060913,0.03482436016201973,0.272893488407135,0.24517826735973358,0.033805713057518005,0.13098275661468506,-0.08651319891214371,0.1641048938035965,-0.31669044494628906,0.009758573956787586,0.07013092935085297,0.17562946677207947,-0.24878934025764465,-0.20767629146575928,-0.2620087265968323,-0.033821284770965576,0.005559496581554413,-0.02815161645412445,-0.062336403876543045,0.16944490373134613,0.41589784622192383,0.3688433766365051,-0.07692090421915054,0.22268620133399963,0.19753532111644745,0.08222115784883499,-0.1548556089401245,0.14773119986057281,0.19524899125099182,0.13560187816619873,-0.163100928068161,-0.07872427254915237,-0.28309160470962524,0.035182707011699677,-0.2544761300086975,0.11814458668231964,0.07136259973049164,0.03943435102701187,-0.01404593139886856,-0.13961373269557953,-0.08896349370479584,-0.06252334266901016,-0.09664735198020935,0.17432443797588348,-0.04689178988337517,-0.07634834200143814,-0.17411616444587708,0.4110482633113861,-0.10451839119195938,0.22661173343658447,-0.22774329781532288,-0.0091011431068182,-0.2611081302165985,-0.04032496362924576,0.11754969507455826,-0.000854367041029036,-0.17564857006072998,-0.01878943480551243,0.019544314593076706,-0.6157051920890808,-0.18898668885231018,0.22421792149543762,-0.11508176475763321,0.001188537455163896,-0.45126232504844666,0.23250694572925568,0.1712387055158615
CID000003382,105,0.37553608417510986,-0.09706953912973404,0.14025446772575378,0.649627149105072,-0.08642691373825073,0.16165705025196075,-0.10481102764606476,0.2033693492412567,-0.017266854643821716,0.022225458174943924,0.10547423362731934,-0.28606730699539185,-0.22006693482398987,0.3085961639881134,0.3559323847293854,0.018804069608449936,0.0010445683728903532,-0.4262268543243408,-0.13293558359146118,-0.5737810730934143,-0.023908689618110657,-0.1245071291923523,-0.04666025564074516,-0.9471737146377563,-0.17335650324821472,-0.11327169835567474,-0.26370126008987427,0.03349161520600319,0.006992402486503124,0.06003008037805557,0.06056160852313042,0.5438966751098633,-0.06370975077152252,-0.2123282253742218,-0.034340500831604004,-0.13261200487613678,0.2247265875339508,-0.31597545742988586,0.09512601792812347,0.18922162055969238,0.06607802957296371,0.47302451729774475,0.22851045429706573,-0.22684426605701447,-0.38394346833229065,0.357598215341568,-0.0957898274064064,-0.012739819474518299,0.4276403784751892,0.37204837799072266,0.5921270251274109,-0.058078985661268234,-0.35072726011276245,-0.056148629635572433,-0.02514715865254402,-0.447589248418808,0.0005437865620478988,-0.18198390305042267,-0.06939393281936646,-0.01724211871623993,0.14111259579658508,-0.1600576937198639,-0.18238511681556702,-0.19489626586437225,0.2555844187736511,0.6575933694839478,0.007018083240836859,0.19414100050926208,-0.06170171499252319,0.07822627574205399,0.023427918553352356,0.03716965392231941,-0.13788709044456482,-0.20834390819072723,-0.4546864926815033,0.38107043504714966,0.17573630809783936,0.2534443140029907,-0.12839365005493164,0.33662480115890503,0.17678019404411316,-0.36614030599594116,-0.507895290851593,-0.039349548518657684,0.22452135384082794,0.10031690448522568,-0.05560275912284851,0.21324805915355682,0.28555649518966675,-1.2973531484603882,0.07449033111333847,0.26493382453918457,0.06719287484884262,0.022248733788728714,0.05645191669464111,-0.5375140905380249,0.31172338128089905,-0.049558572471141815,-0.2716069221496582,0.5732690095901489,0.1102677583694458,0.6125776767730713,0.12590329349040985,0.3792085349559784,-0.422814279794693,-0.1710430085659027,-0.30552059412002563,0.10883001983165741,0.3742230236530304,0.011789855547249317,-0.20942457020282745,0.2840724587440491,-0.056985050439834595,-0.0837586373090744,-0.018605340272188187,0.1512233316898346,-0.31643006205558777,-0.12772122025489807,-0.0790068656206131,0.09906507283449173,0.978166401386261,-0.21747426688671112,0.05038268119096756,0.008578026667237282,-0.06234845519065857,-0.15940585732460022,0.01909811422228813,-0.2593305706977844,0.014924285002052784,0.16202948987483978,0.1697656512260437,-0.438659131526947,-0.2863754332065582,0.5349361896514893,0.2012293040752411,0.5569915175437927,0.10962359607219696,0.08413989096879959,-0.26984474062919617,-0.18680551648139954,0.07649938762187958,0.18189994990825653,0.09181273728609085,-0.10180441290140152,-0.18786731362342834,-0.3359457552433014,0.12871529161930084,0.518338143825531,0.02542569674551487,-0.14414441585540771,0.012016263790428638,-0.7754849195480347,0.12470539659261703,0.041100047528743744,-0.2756226062774658,-0.13052265346050262,-0.04392087459564209,-0.10973535478115082,-0.14916691184043884,0.5238422155380249,-0.07788582891225815,0.10100819915533066,0.028556764125823975,-0.08773862570524216,-0.2779406011104584,-0.263033926486969,0.18866348266601562,0.05632941797375679,0.04046798124909401,-0.206777423620224,0.3040406107902527,-0.11350567638874054,-0.2294798642396927,-0.2972751259803772,-0.1829359233379364,0.09425798803567886,0.3221067786216736,-0.1790613830089569,0.5767474174499512,0.15135133266448975,-0.3299015760421753,0.1355404555797577,-0.010550328530371189,-0.23877303302288055,0.6011506915092468,-0.20198900997638702,-0.5164089798927307,-0.06818906962871552,0.32797151803970337,-0.22706520557403564,-0.09256104379892349,0.20257993042469025,-0.2343122959136963,-0.32436615228652954,0.13237829506397247,0.02242341637611389,-0.06473417580127716,-0.09844116866588593,0.03833329677581787,-0.059379734098911285,-0.009946358390152454,-0.33815351128578186,0.1140737533569336,-0.4828762114048004,-0.043724410235881805,-0.3374115824699402,-0.03771597519516945,-0.10336606204509735,0.3662422299385071,0.6547075510025024,0.32302865386009216,-0.023481424897909164,0.0357060432434082,-0.04622585326433182,-0.1913818120956421,-0.3297160267829895,0.26271286606788635,0.004081174731254578,0.08899962902069092,0.014218902215361595,0.03425046056509018,0.11462099850177765,0.09836124628782272,-0.37174710631370544,0.4459590017795563,-0.19528917968273163,0.2001064568758011,-0.04933103173971176,-0.0012694954639300704,0.6277599930763245,0.10207980871200562,0.5450220704078674,-0.049310438334941864,0.14963611960411072,-0.17010322213172913,0.04332340508699417,0.5103293657302856,-0.6177646517753601,-0.03988898545503616,-0.285797119140625,-0.029726386070251465,-0.8632992506027222,0.10585054010152817,0.08195247501134872,-0.29265254735946655,0.1762632429599762,0.21277132630348206,0.047682154923677444,-0.813092052936554,-0.19005227088928223,0.08968771249055862,0.3393971920013428,-0.0796559602022171,-0.01582886278629303,-0.12630590796470642,-0.02701978012919426
CID000003463,106,0.10317148268222809,-0.12761428952217102,0.15429076552391052,0.7979038953781128,-0.34266313910484314,0.1200147494673729,-0.09185865521430969,-0.04498923569917679,-0.387148380279541,0.048656534403562546,0.12822192907333374,-0.4487944543361664,-0.07040004432201385,0.044546570628881454,-0.05653051659464836,0.06212187558412552,-0.31448256969451904,-0.12470491975545883,-0.04874517768621445,-0.8241156339645386,0.17653803527355194,-0.1017792597413063,-0.31270647048950195,-0.8525229692459106,0.023413095623254776,0.33301910758018494,-0.18530963361263275,0.09770792722702026,0.11788976192474365,0.1357218474149704,0.17504310607910156,0.37293726205825806,-0.010801454074680805,-0.22325512766838074,0.048105742782354355,0.21601614356040955,-0.31104776263237,0.05373101681470871,0.03573249652981758,-0.3015206754207611,-0.29715463519096375,0.4724586009979248,0.016856545582413673,-0.23910757899284363,-0.1255742907524109,0.2627716362476349,0.04590947553515434,0.09419111907482147,0.041858382523059845,0.0012582059716805816,0.695773720741272,0.12514206767082214,-0.02522096037864685,-0.17019511759281158,-0.07767884433269501,0.12267093360424042,-0.17368683218955994,-0.1596718281507492,0.1038077250123024,-0.06840415298938751,-0.06491641700267792,-0.2531359791755676,-0.1845681369304657,0.027081036940217018,0.20692996680736542,0.8484953045845032,0.0027975745033472776,0.13431915640830994,-0.23027403652668,0.2089180052280426,-0.16465350985527039,-0.1357981264591217,-0.16821333765983582,-0.08855639398097992,-0.07548388838768005,0.15083125233650208,-0.27694693207740784,0.4631426930427551,0.11964292824268341,-0.16798660159111023,0.852927565574646,-0.41736751794815063,-0.38778287172317505,-0.07926223427057266,0.15450456738471985,-0.005643598735332489,0.4371625483036041,0.18432506918907166,-0.11756887286901474,-0.9832836389541626,0.09677964448928833,0.051296480000019073,-0.12112903594970703,-0.06420759856700897,-0.10051176697015762,-0.5251072645187378,0.45919790863990784,-0.22269901633262634,-0.17775823175907135,0.60988450050354,-0.26647141575813293,-0.02174011990427971,0.08267201483249664,0.2743556797504425,-0.04220501706004143,-0.06831999868154526,0.05398734658956528,-0.03663797304034233,0.7438515424728394,0.3258168697357178,0.0868043527007103,0.17873887717723846,0.013978028669953346,-0.5338535308837891,-0.2218010425567627,0.024079877883195877,-0.6259649991989136,-0.042183466255664825,-0.07777085155248642,0.1893976777791977,0.9442014694213867,-0.10987617075443268,0.2172960340976715,0.07236006110906601,-0.05793004110455513,-0.17115668952465057,0.09774182736873627,0.06984485685825348,0.3294830918312073,0.11228454113006592,-0.00683467835187912,-0.670282244682312,-0.17960669100284576,0.1936963051557541,0.31157582998275757,0.5235121846199036,-0.41071048378944397,-0.06283062696456909,-0.04235922545194626,-0.18185797333717346,-0.37385159730911255,0.18975993990898132,0.06995467841625214,0.1005481481552124,0.034061748534440994,0.43223944306373596,-0.18627724051475525,0.7169287800788879,-0.018122702836990356,0.07029332220554352,-0.512700617313385,-0.6424458622932434,0.11127667129039764,-0.09309309720993042,-0.22828063368797302,0.1601042002439499,-0.0036084160674363375,-0.33249610662460327,-0.092034250497818,0.20359782874584198,0.09124763309955597,-0.0773552730679512,-0.07446758449077606,0.048366788774728775,0.2174200713634491,-0.7535185217857361,-0.1632564514875412,0.09700201451778412,0.035010673105716705,-0.22146281599998474,0.019656796008348465,-0.14817175269126892,-0.0800691619515419,-0.42571496963500977,0.11758366972208023,0.017401689663529396,-0.07349946349859238,-0.13540123403072357,0.7313660979270935,0.05533771589398384,-0.4001089930534363,-0.24727633595466614,0.05603039264678955,-0.09881963580846786,1.103299856185913,0.012289720587432384,-0.6750335097312927,0.10502277314662933,-0.19241388142108917,-0.2532106637954712,-0.023050760850310326,0.003251022193580866,-0.08979586511850357,-0.07844022661447525,0.040661852806806564,-0.1864902675151825,-0.042779792100191116,-0.013885200023651123,0.21685323119163513,0.06937914341688156,-0.39333781599998474,-0.18943187594413757,0.05936773866415024,-0.25221505761146545,0.15567442774772644,-0.18087801337242126,-0.12346033751964569,0.040237247943878174,0.31363970041275024,0.7603760361671448,0.4443688988685608,0.28706637024879456,0.18419180810451508,-0.14104050397872925,0.09465208649635315,-0.8626918792724609,0.24680408835411072,0.29820775985717773,-0.06102774292230606,0.1319638192653656,-0.16268953680992126,0.16977821290493011,-0.17248864471912384,-0.35485759377479553,0.13280613720417023,-0.2503860592842102,0.2055782824754715,-0.5619181990623474,-0.4849325120449066,0.01106147188693285,-0.058913253247737885,0.7005953788757324,0.18294939398765564,0.07071951031684875,0.4333855211734772,0.19646483659744263,0.7762831449508667,-0.34190112352371216,0.25324174761772156,-0.23432889580726624,-0.11173579841852188,-0.7538560628890991,-0.5347685217857361,-0.003929546568542719,-0.448885053396225,-0.23190775513648987,0.04961305111646652,-0.3398413062095642,-0.9393365979194641,-0.5498545169830322,0.10506447404623032,0.2505815923213959,0.07955993711948395,-0.05502547696232796,0.0034501440823078156,0.043940819799900055
CID000004510,107,0.39654242992401123,0.041947390884160995,0.289061963558197,0.4175141751766205,-0.4427429735660553,0.24643588066101074,0.13372038304805756,0.27527040243148804,-0.04172815382480621,0.3090713620185852,-0.20040909945964813,0.035711389034986496,-0.21003127098083496,0.11093208938837051,-0.03850516676902771,-0.36039024591445923,-0.1247188076376915,-0.22477217018604279,-0.16395613551139832,-0.49298834800720215,0.17768988013267517,-0.13284389674663544,-0.14444687962532043,-0.6493195295333862,-0.15965430438518524,0.10806030035018921,-0.21012291312217712,-0.030675604939460754,0.030838150531053543,0.25799551606178284,-0.010966086760163307,0.24347619712352753,0.053145259618759155,0.10707978904247284,-0.02095494233071804,0.068109892308712,0.06313784420490265,0.1835612952709198,0.29545408487319946,0.10104088485240936,0.24743294715881348,-0.028517823666334152,0.04783961921930313,-0.3342956602573395,-0.04872705414891243,0.3052367866039276,0.04026954621076584,-0.07417948544025421,-0.08558966219425201,-0.14256727695465088,0.26863622665405273,-0.04328696057200432,-0.32083120942115784,-0.09185324609279633,0.1643044799566269,-0.17126640677452087,-0.06815559417009354,-0.08854018151760101,-0.09168688952922821,-0.21649011969566345,-0.4218704104423523,-0.0681522861123085,0.11954380571842194,-0.19813260436058044,-0.053215913474559784,0.45997151732444763,-0.3452399671077728,-0.2885418236255646,0.2953735589981079,-0.20659200847148895,0.08280487358570099,-0.1716267466545105,-0.34643784165382385,-0.23649254441261292,-0.3414562940597534,-0.08918844163417816,-0.028732648119330406,-0.08962218463420868,-0.03794022649526596,0.0004124283732380718,0.23266129195690155,-0.6311603784561157,-0.46509867906570435,-0.04598710685968399,0.04700947552919388,-0.11573830991983414,0.2076389044523239,0.15280809998512268,-0.2304673194885254,-0.6680248379707336,-0.08831433951854706,0.020736081525683403,-0.035475779324769974,-0.1344190537929535,0.2236061543226242,-0.33752837777137756,-0.07646647840738297,-0.4757877290248871,-0.021999577060341835,0.31594911217689514,-0.09971439093351364,0.17500007152557373,0.06498454511165619,0.30752813816070557,-0.0898805782198906,-0.07203994691371918,0.034188635647296906,-0.009178459644317627,0.3972715437412262,0.022570263594388962,0.037416137754917145,0.07018913328647614,-0.1798495501279831,-0.06474407762289047,-0.2885909080505371,0.2295609712600708,-0.0981016457080841,-0.10525555908679962,-0.21669133007526398,0.10699373483657837,0.7102834582328796,-0.07813601940870285,0.2832440733909607,0.02084631659090519,0.33039790391921997,0.12366463989019394,0.023906458169221878,-0.06408226490020752,0.2593919336795807,-0.005263420753180981,0.3382894694805145,-0.43560129404067993,-0.3001917898654938,0.17644102871418,0.21327455341815948,0.08751989901065826,-0.11542326211929321,0.2672150731086731,0.07076877355575562,-0.18045982718467712,-0.34138044714927673,0.19456148147583008,0.12869863212108612,-0.37058621644973755,0.06034643203020096,0.20888611674308777,0.043187133967876434,0.34340688586235046,-0.13867926597595215,0.03796371817588806,-0.07759927213191986,-0.3527621328830719,0.2545858919620514,0.35427626967430115,-0.23258046805858612,-0.08842403441667557,0.07587043941020966,-0.2127445638179779,0.06968696415424347,0.2304520308971405,-0.015036669559776783,0.02647610381245613,0.13138322532176971,0.12643179297447205,-0.01614951901137829,0.16888900101184845,-0.311987966299057,0.4243793487548828,0.2911355793476105,0.14893373847007751,0.046961504966020584,-0.21763208508491516,-0.08460631221532822,-0.40186041593551636,0.04581758752465248,-0.039045244455337524,0.16055193543434143,-0.4731379449367523,0.37026992440223694,0.0701175183057785,0.18244537711143494,0.10524461418390274,-0.31833571195602417,-0.1765461266040802,0.5118206143379211,0.024835551157593727,-0.30869680643081665,0.17021818459033966,-0.10869300365447998,-0.18073634803295135,-0.1416967213153839,0.18852320313453674,0.23176749050617218,-0.13282142579555511,0.15377016365528107,-0.23168566823005676,0.28174087405204773,0.031994692981243134,-0.01764865778386593,0.24859830737113953,0.09547095000743866,-0.30304157733917236,-0.04554002359509468,-0.46475833654403687,0.09313458204269409,-0.039175111800432205,0.11888692528009415,-0.0025692000053822994,-0.0074662091210484505,0.4696003496646881,0.4429348111152649,0.09863491356372833,0.21193882822990417,0.12649108469486237,0.016940053552389145,-0.41334885358810425,-0.0030029681511223316,0.16644521057605743,0.061006177216768265,-0.013463778421282768,0.05346337705850601,-0.023881003260612488,0.23837554454803467,-0.41091734170913696,-0.014813847839832306,-0.4615628123283386,0.047810934484004974,-0.21886268258094788,-0.11161588132381439,-0.001423713518306613,0.07359576970338821,0.187466561794281,0.19318561255931854,-0.11173119395971298,0.02734920009970665,0.05709345266222954,0.25146809220314026,-0.2819385528564453,0.23875243961811066,0.016608815640211105,0.09258238971233368,-0.5511520504951477,-0.15028807520866394,0.38301146030426025,-0.030757492408156395,0.022478748112916946,0.21904098987579346,0.2039342224597931,-0.6337379813194275,-0.33331358432769775,0.2705853283405304,-0.1753578782081604,-0.23745426535606384,-0.07897492498159409,-0.09460583329200745,0.0978715568780899
CID000004058,108,0.3507053256034851,0.034063614904880524,0.22523626685142517,0.14913536608219147,-0.17920468747615814,0.16938011348247528,0.12066628038883209,0.2206488400697708,-0.2692599296569824,0.1960056573152542,-0.07989822328090668,0.1346956193447113,0.18712353706359863,0.290778785943985,-0.044975440949201584,-0.16480371356010437,-0.06359057128429413,-0.04070184379816055,0.09508222341537476,-0.3924550712108612,0.22270147502422333,-0.3334234356880188,-0.11166054010391235,-0.8289891481399536,-0.026209652423858643,0.16277505457401276,-0.2365521639585495,-0.16958677768707275,-0.07130266726016998,0.27041101455688477,-0.04555723816156387,0.45990410447120667,0.2907024025917053,-0.10366110503673553,-0.15860679745674133,0.03911810368299484,0.09903223812580109,0.2295069694519043,-0.002861576620489359,-0.1590576022863388,0.020693520084023476,-0.24085485935211182,0.292926549911499,-0.2365035116672516,-0.1053137555718422,0.24412617087364197,-0.18037040531635284,0.07788809388875961,0.1298958659172058,-0.0066869230940938,0.31200340390205383,0.10749433189630508,-0.18711872398853302,-0.16872365772724152,0.3626234829425812,-0.05525931715965271,0.17057260870933533,0.27145838737487793,0.1428416520357132,0.29707199335098267,-0.27641117572784424,-0.43732190132141113,0.20265471935272217,-0.2262212485074997,0.3383861184120178,0.5362333059310913,-0.1596910059452057,-0.09372902661561966,0.33591321110725403,-0.11394353955984116,0.16372816264629364,0.039926834404468536,-0.38349395990371704,-0.39047035574913025,-0.29843923449516296,0.28207653760910034,-0.4527715742588043,0.10087688267230988,-0.023243077099323273,-0.08731372654438019,0.11335539817810059,-0.3772985339164734,-0.4441733956336975,-0.10871146619319916,-0.27639827132225037,-0.3050748109817505,0.5466064810752869,-0.045293085277080536,0.02142549678683281,-0.8480315208435059,-0.09290528297424316,0.3120342791080475,0.10651552677154541,0.2221287190914154,-0.07188095897436142,-0.3795855641365051,-0.34324565529823303,-0.24009501934051514,0.11909133195877075,0.7006380558013916,-0.02050677314400673,-0.16372892260551453,0.1221904307603836,0.24764108657836914,-0.07226266711950302,-0.05536852031946182,-0.18619883060455322,0.23646482825279236,0.30507001280784607,0.026191895827651024,0.002658659126609564,-0.02457316219806671,-0.322323203086853,0.16470150649547577,-0.13217920064926147,0.21363408863544464,0.07411777973175049,-0.12400201708078384,-0.01168300025165081,0.17925120890140533,0.5937904119491577,0.028600092977285385,0.32256123423576355,0.3191279172897339,-0.03511223942041397,-0.02192862704396248,-0.004151299595832825,-0.0008644551271572709,0.4342101514339447,0.04145772010087967,0.23278486728668213,-0.4057002067565918,-0.2180410623550415,0.1777258813381195,0.21612843871116638,-0.06603718549013138,-0.17739547789096832,0.06655694544315338,0.061068095266819,-0.5384836196899414,-0.3940540850162506,0.17457842826843262,0.15021300315856934,-0.2787296175956726,0.1060619205236435,0.46864885091781616,-0.1249682754278183,0.3617740571498871,-0.11089932918548584,0.1287720650434494,-0.05127836391329765,-0.15426132082939148,-0.057167746126651764,0.3894402086734772,-0.21172161400318146,-0.2798600196838379,-0.018015339970588684,-0.325505793094635,0.05918104201555252,0.5156294107437134,-0.3801079988479614,0.10660262405872345,0.06915781646966934,-0.01703798398375511,-0.11723153293132782,0.08402462303638458,-0.25543394684791565,0.24906834959983826,0.11556030809879303,0.30256232619285583,0.1267879754304886,-0.264252245426178,-0.210419699549675,-0.3321797251701355,0.1806858777999878,-0.03433473780751228,0.12666961550712585,-0.37156087160110474,0.5081667900085449,-0.09228489547967911,0.1295197308063507,-0.1210874542593956,-0.5428763628005981,-0.10870231688022614,0.008689677342772484,0.3519870638847351,-0.2521432042121887,-0.2399807870388031,-0.22760231792926788,-0.38188403844833374,-0.33119094371795654,0.3153228163719177,0.26431649923324585,-0.19500450789928436,0.12269862741231918,-0.0775337815284729,0.23819701373577118,0.03541999310255051,0.0369386300444603,0.03927726298570633,0.15274067223072052,-0.37809693813323975,0.06075241416692734,-0.35259997844696045,0.3705352246761322,-0.23814447224140167,0.12687233090400696,0.06903108209371567,0.2865062355995178,0.2145313322544098,0.40787750482559204,-0.1307520717382431,0.28781893849372864,0.47922173142433167,-0.13661184906959534,-0.73499596118927,0.2258019745349884,-0.037509530782699585,-0.021171320229768753,-0.021497443318367004,0.031268902122974396,-0.1804930418729782,-0.020638497546315193,-0.4018734395503998,-0.29534536600112915,-0.30835258960723877,-0.3495921492576599,-0.2840072512626648,0.043190695345401764,-0.022779984399676323,0.06357507407665253,-0.018609974533319473,0.16539813578128815,-0.008702373132109642,-0.07981271296739578,-0.24255326390266418,0.28360745310783386,-0.40605154633522034,-0.00015293546312022954,-0.0717042088508606,0.30854228138923645,-0.6047099828720093,-0.1777862310409546,0.20272286236286163,-0.01032083760946989,0.12768791615962982,0.1246785894036293,0.2168234884738922,-0.48114901781082153,-0.17036709189414978,0.2522119879722595,-0.1949031502008438,-0.045109961181879044,0.1382123976945877,0.008944323286414146,0.07561993598937988
CID000004171,109,0.24297042191028595,0.2702808976173401,0.13029244542121887,0.37979674339294434,-0.21102890372276306,0.09837307780981064,0.0931946411728859,0.28198930621147156,0.3589995205402374,0.1777537614107132,-0.009467232041060925,-0.038534730672836304,-0.01813606545329094,0.12551464140415192,-0.27233606576919556,0.042337797582149506,-0.025093013420701027,-0.2681597173213959,0.16945034265518188,-0.5170322060585022,0.1143168956041336,-0.27636194229125977,-0.0007438361644744873,-0.9719109535217285,-0.1937871277332306,0.19312159717082977,-0.31753283739089966,0.1736389547586441,0.11720319092273712,0.3819153308868408,-0.40068188309669495,0.3436516225337982,0.03531453013420105,-0.10607697814702988,-0.02542216144502163,0.037037115544080734,-0.053207237273454666,0.11196768283843994,-0.15187326073646545,-0.13880671560764313,-0.3210676908493042,-0.0373581126332283,0.07125828415155411,-0.3037404417991638,-0.16150429844856262,0.5775967240333557,-0.013333020731806755,0.009863843210041523,0.020257309079170227,0.18138399720191956,0.411909282207489,0.07102057337760925,-0.24005505442619324,0.01938171312212944,0.24074766039848328,-0.06763360649347305,-0.20495352149009705,0.05095512419939041,-0.0167409498244524,-0.17898668348789215,-0.21446184813976288,-0.278963178396225,-0.1802709996700287,-0.1367090493440628,0.23913633823394775,0.5438958406448364,0.12095042318105698,0.11273477226495743,0.10379966348409653,0.38625428080558777,0.056493472307920456,-0.2343599796295166,-0.3157069683074951,-0.20837318897247314,-0.14971370995044708,0.36506980657577515,0.2543342709541321,0.28291258215904236,0.08831223100423813,-0.06648766249418259,0.4909944534301758,-0.47728389501571655,-0.32525452971458435,-0.35765114426612854,0.20074482262134552,-0.42262983322143555,0.4917594790458679,0.1346370279788971,0.048165932297706604,-0.9272985458374023,0.12035813182592392,0.4173245429992676,0.1263871043920517,0.09943568706512451,0.12481073290109634,-0.34282276034355164,0.013356494717299938,0.2202935516834259,-0.12419313192367554,0.5919800400733948,-0.09038782864809036,0.1591382920742035,0.0035024553071707487,0.2932168245315552,0.07857033610343933,0.07292790710926056,0.001358482288196683,-0.0881214514374733,0.4455271363258362,0.024889197200536728,-0.12013401836156845,0.13726195693016052,-0.09240149706602097,-0.1648259460926056,0.22269348800182343,0.16010208427906036,-0.24386195838451385,-0.05530979111790657,-0.007992223836481571,0.32444867491722107,0.5328894853591919,-0.13937976956367493,0.33236947655677795,-0.1065502017736435,0.2869015336036682,-0.11011563241481781,-0.17568007111549377,0.003568880958482623,0.23703429102897644,-0.1713009774684906,0.10938161611557007,-0.5385544300079346,-0.24467726051807404,0.0783749595284462,0.20886734127998352,0.09375432878732681,0.3737219274044037,0.16183850169181824,0.08452960103750229,-0.31602445244789124,-0.5562766790390015,0.07297585904598236,0.25324684381484985,-0.09797973185777664,0.21502885222434998,0.20294800400733948,-0.21695289015769958,0.41136735677719116,-0.11296669393777847,0.18046915531158447,-0.04074608162045479,-0.2753114104270935,0.17725196480751038,0.04331265762448311,-0.4086921215057373,0.15090212225914001,-0.11973635852336884,-0.3977850079536438,0.4132652282714844,0.36418622732162476,-0.08656083047389984,0.25640159845352173,0.14052696526050568,-0.010850864462554455,-0.032562851905822754,-0.2270873486995697,-0.2869563698768616,0.13864418864250183,-0.1561456024646759,0.03498252481222153,-0.1410340815782547,-0.2535519599914551,-0.31901082396507263,-0.4971586763858795,-0.03487306460738182,0.09927817434072495,-0.04206477850675583,-0.03229472413659096,0.6053601503372192,0.04894135892391205,-0.11816761642694473,0.053713224828243256,-0.29393690824508667,-0.017546726390719414,0.7218149304389954,-0.04510003328323364,-0.28344181180000305,0.24302569031715393,-0.030847465619444847,-0.28248876333236694,0.08761368691921234,0.09479175508022308,-0.00044681428698822856,-0.020755425095558167,-0.20962779223918915,0.04606025293469429,0.05526537448167801,-0.3165675401687622,-0.11566951125860214,0.10010206699371338,0.033596862107515335,-0.2645132541656494,0.22717706859111786,-0.32080012559890747,-0.15994557738304138,-0.2961324155330658,0.061349980533123016,-0.05234258249402046,0.0405263751745224,0.47428789734840393,0.3692057728767395,-0.34095028042793274,0.28479650616645813,0.21152541041374207,0.05586441233754158,-0.6262210011482239,0.06818301975727081,0.049528155475854874,0.1149524673819542,0.07631126046180725,-0.169459268450737,-0.0047496915794909,0.20766958594322205,-0.2720593512058258,-0.09462394565343857,-0.08603284507989883,0.1732010841369629,-0.43103331327438354,-0.32306283712387085,0.06618088483810425,0.051294825971126556,0.07748935371637344,0.2032812535762787,-0.06304265558719635,0.18764682114124298,0.141362726688385,0.4747759699821472,-0.2758786976337433,0.12771402299404144,-0.2380557507276535,0.1784370094537735,-0.4695983827114105,0.20558373630046844,0.2974540591239929,-0.32617440819740295,-0.001804268336854875,-0.005214712116867304,-0.4483124315738678,-0.4882160723209381,-0.24296824634075165,0.12641450762748718,-0.2483346164226532,-0.19330182671546936,-0.05288691446185112,-0.0037502243649214506,0.09519535303115845
CID000005647,110,0.3060247302055359,0.11224029213190079,0.16408389806747437,0.4699311852455139,-0.6646164655685425,-0.0816565603017807,0.33998435735702515,0.3176104426383972,-0.20585975050926208,0.46658116579055786,-0.1168791875243187,-0.5184531211853027,-0.04826794192194939,0.20181962847709656,-0.038606561720371246,0.0875725969672203,-0.08609692007303238,-0.24790258705615997,0.12065716087818146,-0.6626855731010437,-0.06068940833210945,0.1489526331424713,0.13202667236328125,-0.9075829386711121,-0.23146101832389832,0.14405827224254608,-0.110470712184906,-0.14744122326374054,-0.046777259558439255,0.061530403792858124,-0.16106459498405457,0.07985932379961014,-0.14420604705810547,-0.24036088585853577,-0.06282328069210052,0.2031974047422409,0.18672911822795868,0.22479787468910217,-0.007132404949516058,-0.0797346755862236,0.011168992146849632,-0.41820645332336426,-0.19054582715034485,-0.22125248610973358,-0.14897997677326202,0.013089591637253761,-0.04891936480998993,0.047548674046993256,0.02293405681848526,0.30867427587509155,0.45904746651649475,0.16440147161483765,-0.0399860255420208,0.18543641269207,-0.028596755117177963,-0.019819146022200584,0.46294474601745605,-0.09279763698577881,0.7215513586997986,-0.19129565358161926,-0.07466629892587662,-0.2933775782585144,-0.1728961169719696,-0.3810907006263733,0.21759779751300812,0.6463576555252075,-0.24771256744861603,-0.03305209428071976,0.006510728504508734,0.1513851433992386,0.08695119619369507,-0.060545988380908966,-0.09159521013498306,-0.4699184000492096,-0.10732662677764893,0.03296666592359543,0.11408047378063202,-0.2905994653701782,-0.1753625124692917,-0.0751178041100502,-0.03217025846242905,-0.38771259784698486,-0.3048020601272583,0.01788695529103279,0.11146309226751328,0.13631488382816315,0.23772032558918,0.06251706182956696,0.17473089694976807,-0.6150931119918823,0.11254547536373138,0.3640217185020447,-0.08610614389181137,0.04000488296151161,-0.1869741529226303,-0.36869409680366516,-0.10901620239019394,0.2344978153705597,0.27521517872810364,0.1741659939289093,-0.4075036644935608,-0.04766297712922096,0.0713636502623558,0.3121291995048523,0.24314944446086884,0.08486157655715942,0.21622100472450256,-0.04816504195332527,0.5661841630935669,0.0173447635024786,-0.14690716564655304,0.061716824769973755,0.0387098528444767,-0.5424930453300476,-0.008228028193116188,0.3032703399658203,0.28238627314567566,-0.22184303402900696,0.13281767070293427,0.4035094380378723,0.7469409704208374,-0.40619954466819763,0.3567442297935486,0.29527077078819275,-0.2442062795162201,0.3383169174194336,-0.036132823675870895,-0.20434966683387756,0.05997778847813606,-0.1420859396457672,0.2527412474155426,-0.5006464123725891,-0.47830143570899963,0.06999058276414871,0.29416602849960327,0.15691301226615906,-0.13051043450832367,0.3035773038864136,-0.06411539018154144,0.036827992647886276,-0.0004042804357595742,0.5390881299972534,-0.0753496065735817,0.009532618336379528,0.10531045496463776,0.11094063520431519,-0.24140413105487823,0.48804140090942383,0.25700610876083374,0.19339486956596375,-0.10528124868869781,-0.3647937774658203,0.00025525392265990376,0.17355883121490479,0.0647658109664917,-0.10835941135883331,-0.13665620982646942,0.07593729346990585,-0.03820556402206421,0.08962194621562958,0.03400181606411934,0.2684593200683594,0.17985734343528748,0.256948858499527,-0.051614392548799515,-0.20034536719322205,-0.06485184282064438,0.1254315823316574,0.31503990292549133,0.5021189451217651,-0.014433404430747032,-0.28135865926742554,-0.05385594815015793,0.043589893728494644,0.021190624684095383,-0.1114710122346878,0.10391823947429657,-0.20239713788032532,0.5237971544265747,-0.11665010452270508,-0.10486705601215363,-0.07542373985052109,-0.021300530061125755,-0.05370999127626419,-0.07073058187961578,-0.014932334423065186,0.01338417548686266,0.03812812641263008,0.22221174836158752,-0.26591557264328003,-0.06536275148391724,0.47067221999168396,0.16032099723815918,0.04637056216597557,0.04367699474096298,-0.00927030574530363,0.1829203963279724,-0.2245430052280426,0.18710872530937195,-0.12319795042276382,-0.47185105085372925,-0.5006097555160522,-0.00750909885391593,-0.061218272894620895,-0.03216790035367012,0.0783286839723587,-0.043163131922483444,-0.08911198377609253,0.6837008595466614,0.60146164894104,0.4270445704460144,-0.028190255165100098,0.17276830971240997,-0.12648704648017883,0.10061216354370117,-0.2881520688533783,0.25712594389915466,0.21042537689208984,-0.10515797138214111,0.05448009818792343,-0.37287965416908264,-0.05111374333500862,-0.19393467903137207,-0.390017032623291,-0.07291935384273529,0.12276408821344376,-0.3568478226661682,-0.02817157842218876,-0.3474334180355072,-0.11322782188653946,0.11405819654464722,0.16554567217826843,0.5342186689376831,0.1332036852836609,0.20315499603748322,-0.0034534097649157047,0.4506831169128418,-0.4794207513332367,0.06703712046146393,-0.016844550147652626,0.013850897550582886,-0.13009275496006012,-0.10326430946588516,0.28961560130119324,-0.0034786402247846127,0.21397793292999268,-0.19721105694770813,-0.07694397866725922,-0.7402765154838562,0.008959447965025902,0.28544050455093384,0.14300429821014404,0.141541987657547,-0.39027291536331177,0.16439619660377502,0.13763616979122162
CID000003308,111,0.27004536986351013,0.0544605478644371,0.34437328577041626,1.0179650783538818,-0.3253062963485718,0.05694620683789253,-0.23481979966163635,0.11301042884588242,0.0257278922945261,0.3675740361213684,0.18049830198287964,-0.12928514182567596,-0.06426693499088287,0.03946976736187935,-0.017490925267338753,0.11716890335083008,-0.05886686593294144,-0.23512694239616394,-0.33886784315109253,-0.8810393214225769,0.038199443370103836,-0.24797546863555908,0.04765736684203148,-1.037077784538269,-0.22652164101600647,-0.09819480031728745,0.04692460224032402,0.054499246180057526,0.16658297181129456,-0.024542029947042465,0.2148367464542389,0.2331455647945404,-0.1953819990158081,0.1154840737581253,0.37396949529647827,-0.003757140366360545,0.0915328711271286,-0.03087639808654785,-0.1386180818080902,-0.0906105488538742,-0.2632358968257904,0.2928953766822815,0.164472296833992,-0.04262079298496246,-0.1802479475736618,0.38283681869506836,0.0810539498925209,0.10266844183206558,0.0712398812174797,0.20691518485546112,0.8377275466918945,-0.02763301692903042,-0.16321329772472382,-0.33459383249282837,-0.29922300577163696,-0.38644784688949585,0.0214694794267416,0.11481620371341705,0.2157154381275177,0.234670951962471,-0.23486533761024475,-0.24865975975990295,0.03266977146267891,0.02533647045493126,0.1600821167230606,0.7007396221160889,0.045087605714797974,0.06978075951337814,-0.3929194211959839,0.024281959980726242,-0.0045530907809734344,-0.32638728618621826,-0.06954175978899002,-0.05736282467842102,-0.08921130001544952,0.22442471981048584,0.3396170139312744,-0.1706109493970871,0.19899947941303253,0.05173954367637634,0.6006631851196289,-0.5127041339874268,-0.4073852002620697,-0.05270951986312866,-0.06475338339805603,0.24727991223335266,0.1630088984966278,0.24563345313072205,-0.06572893261909485,-0.7853416800498962,-0.04142347723245621,-0.03455781936645508,0.06078816205263138,0.012085402384400368,-0.3044147193431854,0.03856699541211128,0.1900337040424347,-0.21369747817516327,0.15012294054031372,0.18460547924041748,0.13958857953548431,-0.44185298681259155,0.02992844209074974,0.18770138919353485,-0.5269421339035034,0.10405988991260529,0.06115845963358879,0.32640743255615234,0.700491726398468,0.12593404948711395,0.1750321239233017,-0.03448980301618576,-0.22218473255634308,-0.45592135190963745,0.10187965631484985,0.13505814969539642,-0.10129255056381226,0.13715551793575287,0.040224749594926834,0.1600252389907837,1.1782519817352295,-0.24773724377155304,0.08734568953514099,-0.1032051220536232,-0.07207916676998138,0.3189311623573303,0.09896187484264374,-0.012815957888960838,0.24091894924640656,0.08628380298614502,0.24005451798439026,-0.7346212267875671,-0.39131420850753784,0.020551878958940506,0.12673601508140564,0.2187730073928833,-0.02437688782811165,-0.16814354062080383,0.0002437777875456959,-0.4381382465362549,-0.15098895132541656,0.01130626816302538,0.10033746808767319,0.21912965178489685,-0.06558329612016678,0.13892140984535217,0.22291822731494904,0.7192581295967102,0.182959645986557,0.275718629360199,-0.0519455261528492,-0.8141797780990601,-0.04835256189107895,0.5800192356109619,-0.045697860419750214,-0.012408459559082985,-0.027288615703582764,-0.008839594200253487,-0.2024555653333664,0.01773896813392639,0.3112517297267914,-0.062256257981061935,0.08941631019115448,0.26966941356658936,-0.14892783761024475,-0.29605215787887573,-0.23884133994579315,0.354545533657074,0.12084592878818512,-0.04651610553264618,0.02275489643216133,-0.17920920252799988,-0.016400674358010292,-0.11591558158397675,0.16483581066131592,-0.05171193554997444,0.0902596116065979,-0.2994743287563324,0.9007098078727722,0.08921810984611511,-0.5511447787284851,0.17221125960350037,0.12729766964912415,-0.22122666239738464,0.32743003964424133,-0.24839381873607635,-0.8203762173652649,-0.10121478885412216,0.14192414283752441,-0.1514386087656021,0.08429872989654541,-0.089602030813694,-0.37462979555130005,-0.4613134264945984,0.4263487458229065,0.005995923187583685,-0.4927443861961365,0.13194043934345245,0.18527430295944214,0.14802178740501404,-0.24077510833740234,-0.26346227526664734,-0.02763814851641655,-0.23748700320720673,-0.21571259200572968,-0.1022111177444458,-0.01024614553898573,-0.39211422204971313,0.2750580906867981,0.6162655353546143,0.33589303493499756,0.12106055021286011,0.1945182979106903,-0.2852857708930969,0.06930770725011826,-0.21501567959785461,0.1485442817211151,0.7320511341094971,-0.019801678135991096,0.14809857308864594,-0.05343029648065567,0.04106408357620239,-0.1931774914264679,-0.09898411482572556,-0.1084481030702591,-0.21624132990837097,0.09604142606258392,-0.24812741577625275,0.01254805363714695,-0.1165761947631836,-0.02320815622806549,0.6819594502449036,-0.014959340915083885,-0.04673919081687927,0.2059977948665619,-0.12368812412023544,0.8896818161010742,-0.3527870178222656,0.08749618381261826,0.05185796692967415,-0.09577898681163788,-0.6224175691604614,0.0404396653175354,-0.126094788312912,0.01101671438664198,-0.12422917038202286,-0.06372011452913284,-0.03210008516907692,-1.1191909313201904,-0.2793607711791992,0.14355984330177307,0.07953310757875443,-0.07267560064792633,-0.2608911693096161,0.1724991798400879,-0.23894059658050537
CID000004173,112,0.2562864422798157,-0.11364364624023438,0.09424245357513428,0.2788439393043518,-0.5078772306442261,0.09282279759645462,0.3172648549079895,0.2272622287273407,-0.0661766454577446,0.35945695638656616,0.11338134109973907,0.12633517384529114,0.023878417909145355,0.06806622445583344,-0.1729816496372223,-0.04825999587774277,-0.04168832674622536,-0.21422913670539856,0.08800496906042099,-0.4335191249847412,0.08670324087142944,-0.20879347622394562,0.10181412845849991,-0.7845135927200317,0.1787673979997635,0.06736896187067032,-0.05293228477239609,0.021264389157295227,-0.08532844483852386,0.23497068881988525,-0.053370170295238495,0.18498831987380981,-0.001442855573259294,-0.07358977943658829,0.05306630581617355,-0.1321183443069458,0.16007784008979797,0.1861329972743988,0.18504264950752258,-0.0370674803853035,0.016764681786298752,-0.26112183928489685,0.19705598056316376,-0.19877976179122925,-0.22091445326805115,0.3720424771308899,0.014772415161132812,-0.015367373824119568,0.13880422711372375,0.1636175662279129,0.21681539714336395,0.1812727153301239,-0.171901673078537,0.07517800480127335,0.032998912036418915,-0.04522892087697983,0.0720081478357315,0.23769088089466095,0.10241693258285522,0.09567559510469437,-0.21703830361366272,-0.3336063027381897,0.12022373825311661,0.020035460591316223,0.1749059408903122,0.3074875473976135,-0.2255437672138214,-0.10734502971172333,0.31267249584198,0.08977928012609482,-0.02686804160475731,-0.010503740049898624,-0.33546167612075806,-0.4431232511997223,-0.13727392256259918,0.24452516436576843,0.015181569382548332,0.08258277177810669,-0.04624329134821892,-0.026263713836669922,-0.06721928715705872,-0.8269332647323608,-0.2727276086807251,0.2975032329559326,-1.999884807446506e-05,-0.138058140873909,0.16728292405605316,-0.0006576180458068848,0.09614355117082596,-0.6730936765670776,-0.09826018661260605,0.13805457949638367,0.059462130069732666,-0.05660027265548706,0.051026713103055954,-0.21862395107746124,-0.3498041331768036,-0.08160915225744247,-0.22062022984027863,0.11793465912342072,-0.15354080498218536,0.04259528964757919,-0.0002653151750564575,0.3111487030982971,0.22041872143745422,0.05867605656385422,-0.1844910830259323,0.022876420989632607,0.47574490308761597,-0.2054184377193451,-0.041044995188713074,0.11894135177135468,-0.05210421234369278,-0.06419279426336288,0.10509860515594482,0.1280132532119751,0.021644657477736473,-0.0818474143743515,-0.07051774859428406,0.20264938473701477,0.5850724577903748,-0.17133919894695282,0.21268220245838165,0.12043050676584244,0.0026754927821457386,0.15018101036548615,-0.00041826479719020426,0.04490542411804199,0.14689835906028748,0.08816695958375931,0.21248379349708557,-0.5513748526573181,-0.46975407004356384,0.1567770093679428,0.20905935764312744,-0.1854555606842041,-0.13000603020191193,0.3945578336715698,-0.06799094378948212,-0.2891988158226013,-0.13237041234970093,0.16429007053375244,0.02028440125286579,-0.10895664989948273,-0.033489346504211426,0.06571762263774872,-0.027331674471497536,0.32392066717147827,-0.010340815410017967,0.12637773156166077,0.12532112002372742,-0.2365070879459381,-0.09624804556369781,0.17948497831821442,-0.3101077377796173,-0.14967073500156403,-0.037222377955913544,-0.10679075866937637,0.09266552329063416,0.19844718277454376,-0.03272213786840439,0.12949788570404053,-0.08664125204086304,-0.01410250086337328,-0.06504963338375092,-0.015150250867009163,-0.15146133303642273,0.2664321959018707,0.007805339992046356,0.1880451738834381,0.05504714325070381,-0.12638670206069946,-0.11767244338989258,-0.1398833841085434,0.04399258643388748,-0.042715080082416534,0.2095809429883957,-0.1259152591228485,0.34805285930633545,-0.099788598716259,0.24823737144470215,0.027685847133398056,-0.02197197452187538,-0.17894050478935242,0.12795771658420563,0.25305435061454773,-0.06072719022631645,-0.0934983342885971,-0.2098217010498047,-0.21864470839500427,-0.10112812370061874,0.1375565081834793,0.2685942053794861,0.12087986618280411,0.11310888826847076,-0.1306760460138321,0.07051043957471848,0.024046069011092186,0.1660793274641037,-0.0026146757882088423,0.16280491650104523,-0.35932469367980957,0.13432736694812775,-0.19960999488830566,-0.0399116575717926,-0.06499584019184113,-0.19443516433238983,0.03618483990430832,0.04081003740429878,0.2727198004722595,0.305878609418869,0.3605231046676636,0.32724714279174805,0.23074865341186523,-0.023809514939785004,-0.1356748640537262,-0.060047127306461334,0.14608696103096008,0.05948483198881149,0.15432009100914001,0.04614086076617241,-0.11480071395635605,0.008254796266555786,-0.20621740818023682,-0.15556955337524414,-0.08300167322158813,0.10759848356246948,0.02093217894434929,-0.050718288868665695,-0.013393601402640343,0.020094553008675575,-0.11506368964910507,0.24239400029182434,-0.044057536870241165,-0.17674867808818817,0.0021963119506835938,0.3584102988243103,-0.4365023970603943,0.03173668682575226,-0.08765129745006561,0.14866583049297333,-0.36135154962539673,0.15355730056762695,0.43156617879867554,0.023705244064331055,-0.06459806859493256,0.03758491203188896,0.11147153377532959,-0.5684977769851685,-0.15521976351737976,0.21672868728637695,-0.38640493154525757,0.04764975607395172,-0.34055909514427185,0.016895731911063194,0.05543293431401253
CID000000450,113,0.09726902842521667,0.02868015132844448,0.12288244813680649,0.8038029670715332,-0.3330913186073303,0.2954939603805542,-0.015394640155136585,0.4315010905265808,-0.16558757424354553,-0.07601125538349152,0.12696771323680878,0.03750529885292053,-0.18173587322235107,0.15086178481578827,-0.3116351366043091,0.01107812486588955,-0.07160214334726334,-0.2834559977054596,0.32659393548965454,-0.8233920335769653,0.3175881803035736,-0.16848516464233398,-0.02040693536400795,-0.9749250411987305,0.4146365225315094,-0.004705955274403095,-0.19344019889831543,-0.09205485880374908,0.048066478222608566,-0.3243630528450012,0.25916606187820435,0.2753686010837555,-0.30172523856163025,0.21475937962532043,0.0903855711221695,-0.08969555795192719,0.2503434121608734,-0.10425597429275513,0.2882762551307678,-0.11908682435750961,-0.13265153765678406,0.14675335586071014,0.2796523869037628,-0.44320178031921387,-0.04229448363184929,0.2884376347064972,-0.07119184732437134,0.009148535318672657,0.15135803818702698,0.10196962207555771,0.5808507800102234,-0.036376871168613434,-0.07209156453609467,0.19585037231445312,0.3046708106994629,-0.0424063466489315,0.13606975972652435,0.08109632134437561,0.0009358763927593827,0.09037382900714874,-0.34062832593917847,-0.16308711469173431,-0.3590432107448578,-0.14915847778320312,-0.013825640082359314,0.5916742086410522,-0.07982911169528961,-0.014214997179806232,-0.19600443542003632,-0.05552142858505249,0.28378671407699585,-0.03641600161790848,-0.2810022532939911,-0.19409498572349548,-0.0635150894522667,0.18505439162254333,-0.08252431452274323,0.208546444773674,0.015542378649115562,0.21752217411994934,0.45992380380630493,-0.40251630544662476,-0.32525211572647095,-0.15270137786865234,0.17147296667099,0.25517600774765015,-0.13489210605621338,0.1555272936820984,-0.04914923384785652,-0.922275722026825,-0.23228077590465546,-0.07949313521385193,-0.09247962385416031,0.13125929236412048,0.08749063313007355,-0.5335033535957336,0.33732110261917114,-0.04714708775281906,-0.2835351526737213,-0.014034301042556763,0.24270060658454895,0.05458935350179672,0.05899364873766899,0.4746581017971039,-0.2176225185394287,0.14841437339782715,-0.046556949615478516,-0.18725521862506866,0.8267780542373657,0.42570194602012634,-0.036733053624629974,0.15952670574188232,-0.071767158806324,-0.3720376193523407,-0.13304157555103302,0.15986856818199158,-0.22417938709259033,0.1405239999294281,-0.34092026948928833,-0.09228409826755524,0.8846527934074402,-0.42002028226852417,0.32553625106811523,-0.12296678870916367,0.18434761464595795,-0.4484604299068451,0.018511012196540833,-0.0039995224215090275,0.022700738161802292,0.0035376311279833317,0.1564280390739441,-0.6356821656227112,-0.24755677580833435,0.23393908143043518,0.245366171002388,0.21143324673175812,-0.28209537267684937,-0.09328458458185196,-0.09738845378160477,-0.3712386190891266,-0.28372523188591003,0.18452537059783936,0.31321316957473755,-0.03986086696386337,-0.3230530917644501,-0.009923470206558704,-0.5023438930511475,0.7134431004524231,-0.38289615511894226,0.2030765265226364,-0.08008163422346115,-0.641776978969574,-0.29990994930267334,0.06764881312847137,-0.3860468864440918,-0.056744229048490524,0.17532671988010406,5.0455331802368164e-05,-0.16186872124671936,0.03642178699374199,0.4065476357936859,-0.47200703620910645,-0.30129656195640564,-0.11754020303487778,-0.24957744777202606,-0.3391212821006775,-0.014445288106799126,0.04228261113166809,-0.21251097321510315,-0.01783517561852932,0.42512592673301697,-0.34801095724105835,-0.23438742756843567,-0.22049041092395782,0.10003719478845596,-0.09926656633615494,0.15622252225875854,0.04398327320814133,0.7235774993896484,0.10926707088947296,-0.06472072005271912,0.03821105137467384,-0.3727543354034424,-0.05241318419575691,0.33520662784576416,0.44874921441078186,-0.6950212717056274,-0.17664670944213867,-0.058955658227205276,-0.35590043663978577,0.13481847941875458,-0.16260623931884766,0.06500378996133804,-0.35627785325050354,0.1731790006160736,0.1364966332912445,-0.20627793669700623,-0.004021727945655584,-0.18716754019260406,0.004909321665763855,-0.254280149936676,-0.16263312101364136,0.013567234389483929,-0.008780425414443016,-0.06685139238834381,0.08482864499092102,-0.14705419540405273,0.017586704343557358,0.2355591356754303,0.3707948625087738,0.4320186674594879,0.1430564522743225,0.26795950531959534,-0.24668481945991516,-0.010312912054359913,-0.3500823974609375,0.3061909079551697,0.40994614362716675,0.13129515945911407,0.33611804246902466,-0.07321763783693314,-0.1000155657529831,0.2361355572938919,-0.4006473124027252,0.13231703639030457,-0.03381871432065964,0.03252074867486954,-0.09560082852840424,0.21377113461494446,-0.07180154323577881,-0.2662408947944641,0.3265134394168854,0.23173168301582336,0.19275107979774475,-0.26536646485328674,0.061043381690979004,0.48003950715065,-0.09735312312841415,0.020770326256752014,-0.32665330171585083,0.2176979035139084,-0.5199628472328186,-0.1734243780374527,0.16367758810520172,-0.13838931918144226,-0.0794462114572525,0.31338271498680115,0.08771903812885284,-0.9792863726615906,-0.014343063347041607,0.28945499658584595,-0.11540359258651733,-0.3595140874385834,0.1953364461660385,0.05138217657804489,0.21677258610725403
CID000060854,114,-0.012158510275185108,0.10553189367055893,-0.06952140480279922,0.25890785455703735,-0.3155568242073059,0.1402345448732376,0.2292139083147049,0.202796071767807,0.0032762140035629272,0.08099443465471268,0.09650130569934845,0.08174919337034225,-0.10832308232784271,0.1811719685792923,-0.2971215546131134,-0.07337013632059097,-0.08298560231924057,-0.09398388862609863,0.09528516232967377,-0.4466577470302582,0.02321830950677395,-0.2996363341808319,-0.10853639990091324,-0.9073687791824341,-0.14062723517417908,0.13890276849269867,-0.16988590359687805,0.013491186313331127,0.04823869466781616,0.11970647424459457,-0.16963286697864532,0.2733991742134094,0.17448262870311737,0.03278208523988724,0.08611057698726654,-0.05129373073577881,0.12581416964530945,0.013939052820205688,0.18578289449214935,-0.0971057265996933,-0.04345652461051941,-0.400989830493927,0.0852874293923378,-0.3051106333732605,-0.2898206412792206,0.5373553037643433,0.08686012774705887,0.00952007807791233,-0.0027026222087442875,-0.05411412566900253,0.20809271931648254,0.009203952737152576,-0.3373350203037262,-0.12912094593048096,0.17377981543540955,-0.06864669173955917,-0.10834065824747086,0.04355302080512047,-0.003779864404350519,-0.08506087213754654,-0.14454880356788635,-0.26980993151664734,-0.13226759433746338,-0.07562999427318573,0.26059871912002563,0.42730778455734253,-0.11537192761898041,-0.11578049510717392,0.2128043919801712,0.1527886986732483,0.11228368431329727,0.14079971611499786,-0.2658618688583374,-0.340445339679718,-0.22860106825828552,0.06877508014440536,0.08438460528850555,0.25171566009521484,-0.10092351585626602,-0.0719103068113327,0.004777711816132069,-0.41626691818237305,-0.20108339190483093,-0.255825012922287,0.16781222820281982,-0.1656232625246048,0.16380837559700012,0.07259663194417953,0.04596856236457825,-0.6592048406600952,-0.026505863294005394,0.3058083653450012,-0.07105979323387146,-0.02274218760430813,0.02564029023051262,-0.2592643201351166,-0.17289245128631592,0.34131497144699097,-0.2995069622993469,0.029712429270148277,-0.2532229423522949,-0.07351426035165787,-0.10383065789937973,0.2635332942008972,0.19847410917282104,0.07383455336093903,0.12448430061340332,0.3364456593990326,0.39249593019485474,-0.13856936991214752,-0.0032418170012533665,0.24859559535980225,-0.05041554570198059,0.01829010620713234,-0.1336849182844162,0.22256572544574738,-0.06549292802810669,-0.07127241790294647,-0.19137820601463318,0.2211543321609497,0.49958986043930054,-0.1392916887998581,0.30424851179122925,0.15196792781352997,0.0002976357936859131,0.11757669597864151,0.059272654354572296,0.08213947713375092,0.3040919899940491,-0.09176582843065262,-0.011077525094151497,-0.42203569412231445,-0.3724513053894043,0.16515864431858063,0.25867459177970886,-0.05349209904670715,-0.11756125837564468,0.1798592358827591,-0.2658368647098541,-0.1634940356016159,-0.13571807742118835,0.09902656078338623,0.07625806331634521,-0.06000498682260513,-0.008212695829570293,0.2610965371131897,-0.15474864840507507,0.24256575107574463,0.0424107126891613,0.24609601497650146,0.06013829633593559,-0.18016767501831055,0.022059345617890358,0.23374004662036896,-0.3466198444366455,-0.1350250393152237,-0.031702570617198944,-0.14988912642002106,0.07102268189191818,0.38847872614860535,-0.1532870978116989,-0.006170004606246948,-0.04636535793542862,0.04146245867013931,-0.03063841536641121,-0.04117654636502266,-0.21136176586151123,0.020419010892510414,-0.13180483877658844,0.2640190124511719,0.10946376621723175,-0.29318562150001526,-0.36017170548439026,-0.521561861038208,0.1122029572725296,-0.04413710907101631,0.09734885394573212,-0.2038942128419876,0.3729550838470459,0.0439024344086647,-0.03796123340725899,-0.109170101583004,-0.2271832674741745,-0.11190055310726166,0.17535851895809174,0.19781461358070374,-0.2447294443845749,0.0336628258228302,-0.11825665086507797,-0.3300626873970032,0.17507998645305634,0.11020682007074356,0.19727285206317902,0.1826089769601822,0.062437258660793304,-0.17432911694049835,0.13377544283866882,-0.16376379132270813,0.07311908155679703,-0.07109342515468597,0.10662752389907837,-0.2768942713737488,0.020242154598236084,-0.2660368084907532,-0.005441713146865368,-0.17388837039470673,-0.05808160826563835,-0.059903908520936966,0.007110849022865295,0.3461374342441559,0.29422178864479065,-0.1497422754764557,0.2987178862094879,0.12968763709068298,0.05385632440447807,-0.004611608572304249,0.1266363114118576,0.033307917416095734,0.17055056989192963,-0.14527224004268646,-0.057042669504880905,-0.08878395706415176,0.00696899276226759,-0.20713429152965546,0.003154485020786524,0.2571476101875305,0.3769489824771881,-0.07267852127552032,-0.004764663986861706,-0.22149868309497833,-0.06786180287599564,-0.18962761759757996,0.23555707931518555,0.06749756634235382,-0.09341209381818771,-0.17897726595401764,0.20683078467845917,-0.2759898602962494,0.20545172691345215,-0.22226670384407043,0.07170768082141876,-0.35007911920547485,0.06280972063541412,0.20827952027320862,-0.14740364253520966,0.04127267748117447,-0.005906879901885986,0.03096173331141472,-0.5155956149101257,-0.14354148507118225,0.2885817587375641,-0.2985817790031433,-0.0022563785314559937,-0.20092758536338806,0.22533516585826874,0.012612727470695972
CID000002895,117,0.23733417689800262,0.1247885599732399,0.13717953860759735,0.3505775034427643,-0.20077423751354218,0.11835892498493195,0.10086488723754883,0.1617315262556076,-0.05724390596151352,0.20068871974945068,0.17507268488407135,0.12230930477380753,0.034040022641420364,-0.02160697616636753,-0.1504654586315155,0.0022745728492736816,-0.08222589641809464,-0.15898557007312775,0.17897112667560577,-0.43693313002586365,0.027262616902589798,-0.19507291913032532,0.0917443037033081,-0.7458206415176392,0.11977819353342056,0.18956395983695984,-0.32194286584854126,-0.16065382957458496,-0.09920386970043182,0.10170350223779678,-0.018065446987748146,0.2615332305431366,0.1269081085920334,0.08082551509141922,-0.012662646360695362,0.089665986597538,0.20098023116588593,-0.057755518704652786,0.17267121374607086,0.008726256899535656,-0.004117215983569622,-0.2561385929584503,0.015795301645994186,-0.34971702098846436,-0.115997813642025,0.34602850675582886,0.09607034921646118,-0.09014740586280823,0.16702094674110413,0.23531284928321838,0.42003965377807617,-0.04829142615199089,-0.26787808537483215,0.07450263947248459,0.1124228835105896,-0.32663875818252563,0.14207595586776733,0.19343748688697815,-0.07822748273611069,0.12228481471538544,-0.21604616940021515,-0.23888197541236877,0.14845137298107147,-0.09477822482585907,0.22497408092021942,0.4726787507534027,-0.3749352693557739,-0.16616347432136536,0.33660605549812317,0.06194116920232773,0.046769775450229645,-0.18671104311943054,-0.4609336853027344,-0.3778454661369324,-0.23151907324790955,0.13132025301456451,0.12489628791809082,0.03381877392530441,0.017911750823259354,0.0886872410774231,0.05075404793024063,-0.602124810218811,-0.25999364256858826,0.016167044639587402,0.020050637423992157,-0.12611046433448792,0.2725771963596344,0.06015056371688843,0.012917136773467064,-0.7880232334136963,0.01464922446757555,0.2850531041622162,0.12371313571929932,0.18159955739974976,0.03774411231279373,-0.25098514556884766,-0.32019200921058655,-0.02158493362367153,0.05449763685464859,0.15065090358257294,-0.07127775251865387,0.0239433404058218,0.036099500954151154,0.33644622564315796,0.0839603990316391,0.11001871526241302,0.02024259604513645,-0.2162819802761078,0.5529943704605103,-0.1603502482175827,-0.0604238286614418,0.09874958544969559,-0.183305025100708,-0.0479910746216774,0.028992921113967896,0.1887579709291458,0.09232868999242783,-0.08160461485385895,-0.23461762070655823,0.1921554058790207,0.5787884593009949,-0.10071183741092682,0.27754539251327515,0.10562870651483536,-0.1310247927904129,0.030885282903909683,-0.0009703606483526528,0.1412268429994583,0.1366426646709442,-0.16040155291557312,0.27895841002464294,-0.41140109300613403,-0.22705192863941193,0.2270926982164383,0.060051701962947845,0.04671022295951843,-0.048359520733356476,0.15527896583080292,-0.16445627808570862,-0.41528576612472534,-0.20743712782859802,0.12268365919589996,0.13496631383895874,-0.055305637419223785,-0.016875475645065308,-0.024342473596334457,-0.0982147604227066,0.32038024067878723,-0.04498125985264778,0.14764294028282166,0.13186606764793396,-0.1841333657503128,-0.05580683797597885,0.14198197424411774,-0.4174748361110687,-0.21226847171783447,0.04201479256153107,-0.06626863777637482,0.048920758068561554,0.2342899739742279,-0.11615918576717377,-0.06414113193750381,-0.012618497014045715,0.1946260929107666,-0.107862688601017,-0.3223300576210022,-0.3577383756637573,0.2144976407289505,0.06371299177408218,0.33367568254470825,-0.03394491598010063,-0.16728343069553375,-0.2751651406288147,-0.2750561535358429,0.01917881704866886,-0.0452045202255249,0.20350103080272675,-0.18244969844818115,0.4297355115413666,0.09363877773284912,0.24664053320884705,0.08242145925760269,-0.2034842073917389,-0.39678531885147095,0.10737819969654083,0.195736363530159,-0.6649023294448853,-0.18581202626228333,-0.1635606735944748,-0.2424725592136383,-0.15461018681526184,0.14547108113765717,0.38536906242370605,0.04438580572605133,0.21565470099449158,-0.30431821942329407,0.15370632708072662,-0.01761283166706562,0.07305718213319778,0.2244902104139328,0.12403599917888641,-0.328419029712677,0.004183441400527954,-0.27677667140960693,-0.08741198480129242,-0.17575833201408386,-0.011167759075760841,-0.044742513447999954,0.15991538763046265,0.4227031171321869,0.2829522490501404,0.03059091605246067,0.248188778758049,0.16882817447185516,0.15248197317123413,-0.2972820997238159,-0.04557465389370918,0.056408703327178955,0.016865115612745285,-0.24262957274913788,-0.04757646471261978,-0.2509921193122864,-0.03431598097085953,-0.27697938680648804,-0.1651158183813095,-0.10979415476322174,-0.04293025657534599,-0.03429941460490227,0.02312004193663597,-0.056446623057127,-0.07167253643274307,0.14677980542182922,0.2261347770690918,0.03621586412191391,0.04890177771449089,0.2674412131309509,0.39355236291885376,-0.40361374616622925,0.06210754066705704,-0.10906936228275299,0.2582705616950989,-0.5739136338233948,0.22684013843536377,0.2276286631822586,0.02721210941672325,0.010276267305016518,0.22628819942474365,-0.02848447486758232,-0.5657252073287964,-0.21285538375377655,0.29000788927078247,-0.19758181273937225,0.15718930959701538,-0.22000165283679962,-0.05339149758219719,-0.11869697272777557
CID000005650,118,0.0003709316370077431,0.044913873076438904,-0.15798276662826538,0.3700142204761505,-0.37439411878585815,0.18716171383857727,0.3728976845741272,0.27034375071525574,0.18824467062950134,0.2005683183670044,0.07292219251394272,0.09927202761173248,0.041284143924713135,0.19056624174118042,-0.2144458293914795,-0.13251720368862152,-0.07537326961755753,-0.05517423152923584,0.18336527049541473,-0.3767002522945404,-0.054114826023578644,-0.21789054572582245,-0.06716044992208481,-0.8537933230400085,0.09139714390039444,-0.019590791314840317,-0.09203001111745834,0.04424198344349861,-0.03447656333446503,0.017225097864866257,-0.1825810670852661,0.2636529803276062,0.21060237288475037,0.2500208914279938,0.1547413021326065,-0.2662847340106964,0.1874372959136963,0.042199209332466125,0.11652868986129761,-0.24306917190551758,-0.030139705166220665,-0.31734973192214966,0.1644062101840973,-0.2950677275657654,-0.12777802348136902,0.5089452862739563,0.11737312376499176,-0.07488486915826797,0.1149551272392273,-0.05162682384252548,0.2380412518978119,-0.029860347509384155,-0.35372525453567505,-0.09951610863208771,0.06961940228939056,-0.10771916061639786,-0.20157977938652039,-0.027886822819709778,0.0013312604278326035,-0.31290891766548157,-0.0722527951002121,-0.18538758158683777,-0.4324844479560852,0.01964445784687996,0.2039523869752884,0.2535639703273773,-0.060313522815704346,-0.027214661240577698,0.2838854193687439,0.005101263523101807,0.14239159226417542,0.12259416282176971,-0.2757526934146881,-0.2673635482788086,-0.10464867204427719,0.03967921808362007,0.05405574291944504,0.1803394854068756,-0.18418647348880768,-0.04574791342020035,0.07317943871021271,-0.4116837978363037,-0.31735777854919434,-0.14804746210575104,0.1308894008398056,-0.14061129093170166,0.1120077520608902,-0.02418549731373787,-0.15542159974575043,-0.64669269323349,-0.026184046640992165,0.2127295434474945,0.025591835379600525,-0.008425844833254814,-0.07677841186523438,-0.20704607665538788,-0.015123200602829456,-0.09085731953382492,0.0477929413318634,0.04935995489358902,-0.20718428492546082,-0.0575188472867012,-0.09021911770105362,0.2952530086040497,0.22361834347248077,0.010766932740807533,0.026433920487761497,0.0996662825345993,0.4665870666503906,-0.05306096002459526,-0.14918728172779083,0.2273024618625641,-0.23917996883392334,-0.05541642755270004,0.024037320166826248,0.20278124511241913,-0.17719769477844238,-0.10992928594350815,-0.19558538496494293,0.07145745307207108,0.6450566053390503,-0.12674276530742645,0.22157613933086395,0.03078020177781582,0.20616209506988525,0.10554186254739761,-0.018794791772961617,0.12223938852548599,0.2312391698360443,0.04546051099896431,0.009805222041904926,-0.4536604881286621,-0.3496823012828827,0.21795089542865753,0.40732115507125854,-0.055353205651044846,0.103774294257164,0.186282217502594,-0.053692810237407684,-0.07656379044055939,-0.12113969027996063,0.12170599400997162,0.09739496558904648,-0.012505379505455494,-0.06600016355514526,0.21121540665626526,-0.0735417902469635,0.32612311840057373,0.11289945989847183,0.17692355811595917,0.0029162527061998844,-0.307487815618515,0.015891635790467262,0.18494659662246704,-0.3442724943161011,0.019253481179475784,-0.017168790102005005,-0.10930711030960083,0.2512187063694,0.2645843029022217,-0.03326476365327835,-0.13625334203243256,-0.07145582884550095,-0.19599202275276184,-0.06458855420351028,0.01992097869515419,-0.24689146876335144,0.14260521531105042,-0.08715201169252396,0.24275335669517517,0.09601151943206787,-0.15200206637382507,-0.16626396775245667,-0.4131995141506195,0.12274917215108871,-0.13962027430534363,0.18923217058181763,-0.21431970596313477,0.42340463399887085,0.03325044363737106,-0.03476317971944809,0.01278122328221798,-0.16586726903915405,-0.14448650181293488,0.1899396926164627,0.24920597672462463,-0.1407117247581482,0.26807254552841187,0.05300239473581314,-0.3279476463794708,0.3441905379295349,0.001394073711708188,0.06847169250249863,0.06301315873861313,0.061826061457395554,-0.11217446625232697,0.06796453893184662,0.03163912892341614,-0.1425343006849289,0.03444545716047287,0.09332436323165894,-0.17581011354923248,-0.0753912702202797,-0.23148241639137268,0.050139330327510834,-0.11121370643377304,-0.14638426899909973,-0.020766939967870712,-0.10584600269794464,0.39548301696777344,0.3402307629585266,-0.03340712934732437,0.2097497433423996,0.16197337210178375,0.004746460821479559,-0.055492740124464035,0.020474618300795555,0.18402421474456787,0.029940113425254822,-0.013946130871772766,0.054331857711076736,-0.04063459485769272,0.03553863614797592,-0.11734466254711151,0.11370338499546051,-0.12093959003686905,-0.08238878846168518,0.019917171448469162,0.014865124598145485,-0.024497367441654205,-0.1326814442873001,-0.1810711771249771,0.26651689410209656,0.03027004562318325,-0.01624046266078949,-0.018619239330291748,0.22213561832904816,-0.2575138509273529,0.018328476697206497,-0.2028668224811554,0.31481266021728516,-0.35858315229415894,0.09474025666713715,0.19494393467903137,-0.24607987701892853,0.04801588132977486,0.1265862137079239,0.08991765230894089,-0.55242520570755,-0.04327806085348129,0.16145239770412445,-0.3230994939804077,-0.21747708320617676,-0.15749362111091614,0.16454532742500305,0.08351664245128632
CID000028112,119,0.0978984385728836,-0.037216849625110626,-0.1725856363773346,0.3396539092063904,-0.4242975115776062,-0.03866344690322876,0.24163253605365753,0.4824492931365967,0.15096069872379303,0.5415330529212952,-0.14665205776691437,-0.3081423044204712,-0.6415218114852905,0.6223270297050476,-0.12041281163692474,-0.1035538911819458,-0.03956639766693115,-0.10461525619029999,0.3653222322463989,-0.5523411631584167,-0.1281852126121521,-0.31830182671546936,-0.07119987159967422,-0.41084688901901245,0.20818492770195007,0.20240910351276398,-0.022636502981185913,0.11320660263299942,0.019333261996507645,0.2877139747142792,-0.0011808276176452637,0.27090153098106384,0.18601028621196747,0.12390869855880737,0.06912108510732651,0.055149246007204056,0.06123146414756775,0.26651838421821594,0.05616982653737068,-0.29540127515792847,0.11202045530080795,-0.02542950212955475,-0.22191782295703888,-0.23266983032226562,-0.2518836557865143,0.20215937495231628,-0.11341772973537445,-0.07019887864589691,0.03120272234082222,0.046040214598178864,0.4314765930175781,-0.09917482733726501,-0.2576999068260193,-0.14069047570228577,0.473381906747818,0.07572028040885925,0.27803659439086914,-0.014451568946242332,0.15940171480178833,0.09868280589580536,-0.1942749321460724,-0.5042639374732971,-0.07921265810728073,0.10400430858135223,0.18325282633304596,0.6694331765174866,-0.1392020583152771,-0.1418936848640442,0.26551395654678345,0.20506291091442108,-0.2911570966243744,0.0007231890922412276,-0.4020978808403015,-0.34578919410705566,-0.06810776889324188,0.2534046769142151,0.10554443299770355,0.18846262991428375,-0.052158571779727936,0.07027100026607513,0.5675031542778015,-0.3153475821018219,-0.547844648361206,0.1750568300485611,0.21743670105934143,-0.30142512917518616,0.024147313088178635,0.7572999000549316,0.09215966612100601,-0.473946750164032,0.17469730973243713,0.21787944436073303,0.019001554697752,0.0429583378136158,-0.1011778712272644,-0.5171200633049011,-0.3795168995857239,0.11257137358188629,0.029742145910859108,0.12959447503089905,-0.11181099712848663,0.3058162331581116,-0.0541052520275116,0.6021040081977844,0.18455269932746887,-0.049972694367170334,-0.36760109663009644,-0.0498478002846241,0.46794456243515015,-0.012109053321182728,-0.05873555690050125,0.17793519794940948,-0.03242923319339752,0.06331516802310944,-0.18256083130836487,0.5181757807731628,-0.05234811455011368,-0.43527811765670776,-0.052038539201021194,0.25548774003982544,0.49011898040771484,-0.05504384636878967,0.2694583833217621,0.060741126537323,-0.11144562065601349,0.15058521926403046,0.07906980067491531,0.31004348397254944,0.3357613682746887,0.16615545749664307,-0.02449587732553482,-0.37460923194885254,-0.1911461055278778,-0.044444531202316284,0.2167237251996994,0.3134666979312897,0.05180274322628975,0.2873876094818115,0.0813276618719101,-0.22028295695781708,-0.185989111661911,0.5574904084205627,0.34550711512565613,0.016661280766129494,-0.03945954889059067,0.1406417191028595,-0.48387089371681213,0.4247764050960541,0.09786029905080795,0.2073291540145874,-0.0002647697983775288,-0.1698611080646515,-0.2801237106323242,0.04766793176531792,-0.06652408093214035,-0.17286445200443268,0.10431277751922607,-0.4625488817691803,0.12978455424308777,0.2994501292705536,-0.16411852836608887,-0.1379951536655426,0.0879659578204155,-0.0751098170876503,0.21877077221870422,-0.06652422994375229,0.018839921802282333,0.09006194770336151,0.037904687225818634,0.20090964436531067,-0.10778739303350449,-0.19003425538539886,-0.23935548961162567,-0.2788780927658081,-0.01802198961377144,0.08076156675815582,-0.06560437381267548,-0.18736465275287628,0.231197789311409,0.029289305210113525,-0.20376351475715637,-0.21052022278308868,-0.5288158655166626,-0.230397030711174,0.10686073452234268,0.058221109211444855,-0.2924225926399231,-0.21609851717948914,0.4181770384311676,-0.4255971312522888,0.17446711659431458,-0.1612052321434021,0.2033480852842331,-0.013430016115307808,0.05566301941871643,-0.04426143318414688,0.34434226155281067,-0.2379593849182129,0.36119574308395386,-0.005317905452102423,0.036007560789585114,-0.3067295551300049,0.24579603970050812,-0.2233498990535736,-0.18757769465446472,-0.21129241585731506,-0.06534367799758911,-0.0403461828827858,0.04082456976175308,0.47367534041404724,0.6182752847671509,0.1257496178150177,0.2858492136001587,0.27627450227737427,0.2822575271129608,-0.16760806739330292,0.1615763157606125,0.08561254292726517,0.07605783641338348,0.18886515498161316,0.07259193062782288,-0.12131649255752563,0.03036898374557495,-0.4220261573791504,-0.2883792519569397,0.024572160094976425,-0.011503839865326881,-0.48659467697143555,-0.0236897524446249,0.2784639000892639,0.00043332576751708984,0.027130896225571632,0.31968268752098083,0.0006680488586425781,-0.3372627794742584,0.041611798107624054,0.4566837251186371,-0.4908668100833893,-0.02259485237300396,-0.2931947112083435,0.28641727566719055,-0.7623361349105835,-0.22519977390766144,0.5056378841400146,-0.23338083922863007,0.3109871745109558,0.10405125468969345,0.14495381712913513,-0.42631444334983826,-0.37479400634765625,0.25664037466049194,-0.10007373243570328,0.0563456192612648,-0.10448970645666122,0.035066183656454086,-0.19357439875602722
CID000004927,122,0.14180557429790497,0.30606481432914734,0.22667786478996277,0.1323002278804779,-0.2660718858242035,0.05329916626214981,0.44335371255874634,0.46916651725769043,-0.0640459805727005,0.15471966564655304,0.20563726127147675,0.17120064795017242,0.1406365931034088,0.41524553298950195,-0.04798191413283348,0.04654251039028168,-0.1346936970949173,-0.1410597413778305,0.32941415905952454,-0.5581017732620239,0.23896363377571106,-0.15002228319644928,-0.11199735105037689,-0.7539321184158325,-0.12829913198947906,0.08413876593112946,-0.12001814693212509,-0.09805367141962051,-0.03657052293419838,0.3302116394042969,-0.15208646655082703,0.2733765244483948,0.010224544443190098,-0.041067905724048615,0.016875186935067177,-0.09639684110879898,0.06449683010578156,0.10126698017120361,0.115974560379982,-0.1411542147397995,0.08541585505008698,-0.12848669290542603,0.11531124264001846,-0.21796301007270813,-0.13896264135837555,0.2795873284339905,-0.14081354439258575,0.08052761852741241,0.0549309179186821,-0.02792643941938877,0.3825582265853882,-0.09204519540071487,-0.21588952839374542,-0.2262645661830902,0.3937530517578125,-0.1856999546289444,0.5159657001495361,0.21252015233039856,0.05741681531071663,0.14986363053321838,-0.35810786485671997,-0.34900808334350586,-0.16052749752998352,-0.06604261696338654,0.10232523828744888,0.40834054350852966,-0.29962611198425293,-0.35683363676071167,0.06250587850809097,-0.007015514187514782,0.24433979392051697,0.3407416343688965,-0.37262699007987976,-0.49536338448524475,-0.3082581162452698,0.10612612962722778,-0.06610546261072159,0.10709484666585922,-0.049446795135736465,-0.19115523993968964,0.33098119497299194,-0.44343048334121704,-0.35403329133987427,-0.17984893918037415,-0.17488408088684082,-0.25620341300964355,0.10184261947870255,0.37812790274620056,0.02976173162460327,-0.5352212190628052,-0.19082531332969666,0.2791944146156311,-0.12156262248754501,-0.2799888253211975,0.1821800023317337,-0.31269270181655884,0.05127209424972534,-0.10611380636692047,0.1841268241405487,0.1566724181175232,0.005519056227058172,0.190623477101326,-0.046038053929805756,0.36307981610298157,-0.07006590068340302,-0.07237160205841064,-0.21146373450756073,0.04603755474090576,0.45918935537338257,0.11826518923044205,-0.27315762639045715,0.1471669226884842,-0.3227331042289734,-0.0029173872899264097,-0.0965726226568222,0.282574325799942,-0.08852237462997437,-0.03101392462849617,-0.1067299097776413,0.16492167115211487,0.5092335343360901,-0.19789192080497742,0.4671610891819,0.16278429329395294,-0.1844252049922943,0.01340078841894865,-0.054896771907806396,-0.023285064846277237,0.4129754900932312,-0.45125246047973633,0.3111429512500763,-0.3341062664985657,-0.2985721230506897,0.06448942422866821,0.39446115493774414,-0.16875018179416656,-0.16469421982765198,0.018572278320789337,-0.16239182651042938,-0.41805848479270935,-0.6910071969032288,0.5433202981948853,0.040511537343263626,-0.15495190024375916,0.0663178488612175,0.26279014348983765,-0.45203647017478943,0.2784254550933838,-0.264003187417984,0.10340118408203125,-0.021482091397047043,-0.15490642189979553,0.15647457540035248,0.0799851268529892,-0.07659190893173218,-0.14453665912151337,-0.07159604132175446,-0.29912862181663513,0.06366322934627533,0.38791051506996155,0.05926650017499924,0.06598087400197983,0.04464780166745186,-0.11343871057033539,-0.2015148103237152,-0.1767139732837677,-0.3495233654975891,0.10695028305053711,0.13965320587158203,0.05899716541171074,0.011073088273406029,-0.1929597109556198,-0.3440789580345154,-0.10892406851053238,0.19856444001197815,-0.041848696768283844,0.10407896339893341,-0.34225836396217346,0.5794012546539307,0.06508373469114304,0.1654602438211441,-0.10109741985797882,-0.40053901076316833,-0.24630753695964813,-0.1064244881272316,0.37313807010650635,-0.19968494772911072,-0.2676796019077301,-0.11258883774280548,-0.3345530331134796,-0.05886811763048172,0.09297545254230499,0.33442673087120056,0.053554486483335495,0.24376198649406433,-0.3216662108898163,-0.0009917616844177246,-0.03383713960647583,0.02691471017897129,-0.2980572581291199,0.1767769455909729,-0.2939939796924591,0.14340846240520477,-0.4881633222103119,0.10700354725122452,-0.07942480593919754,-0.00285034766420722,0.11537100374698639,0.06389761716127396,0.365718275308609,0.507737398147583,-0.19840340316295624,0.7369502186775208,0.28618696331977844,0.3700476884841919,-0.29398003220558167,-0.04438616335391998,0.060550153255462646,0.06090502068400383,-0.003975453786551952,-0.12172570079565048,0.2475932389497757,-0.0573560893535614,-0.18547068536281586,-0.1876535564661026,0.03545989841222763,-0.19175784289836884,-0.3429029583930969,-0.11644637584686279,0.14531336724758148,-0.03588211536407471,-0.04431140422821045,0.11119791120290756,0.04303312301635742,-0.2487684041261673,-0.010304564610123634,0.3309078812599182,-0.18992626667022705,0.008206382393836975,-0.057697344571352005,0.3596709370613098,-0.5150405764579773,-0.1144493818283081,0.3209321200847626,-0.0424325056374073,-0.03729623556137085,0.06846128404140472,0.030756628140807152,-0.4761924147605896,-0.06362615525722504,0.4927755892276764,-0.3478984236717224,0.14559273421764374,-0.05337109416723251,0.20161044597625732,-0.03203616291284561
CID000003784,123,0.31995314359664917,0.05789589881896973,0.1177612766623497,0.5451593399047852,-0.5801323056221008,-0.11604221165180206,0.1939932405948639,0.35383087396621704,0.2310044765472412,0.3385544419288635,-0.06301214545965195,-0.31189340353012085,0.00017827152623794973,0.39051109552383423,-0.02009216882288456,0.08735383301973343,-0.0901932567358017,-0.14388422667980194,-0.03844102472066879,-0.40055885910987854,-0.17832918465137482,-0.15750211477279663,0.0506640262901783,-0.6709467768669128,0.155318945646286,0.18341541290283203,-0.15946993231773376,-0.19112172722816467,-0.09917326271533966,0.37307578325271606,-0.14101117849349976,0.26034387946128845,0.0347406268119812,0.12935061752796173,0.02566753700375557,-0.01804105006158352,-0.2059883177280426,0.16192246973514557,-0.09051388502120972,-0.31123703718185425,-0.19721901416778564,-0.03327972814440727,0.012272417545318604,-0.08899255841970444,-0.08388465642929077,0.20691676437854767,0.17684100568294525,-0.03824884817004204,0.0873403251171112,0.23726427555084229,0.40274667739868164,-0.1406000852584839,-0.1992615908384323,0.23108160495758057,-0.0056690676137804985,0.08073199540376663,-0.22171679139137268,-0.28374606370925903,0.275645911693573,0.14036063849925995,-0.28257086873054504,-0.25726261734962463,-0.024663642048835754,-0.2828804552555084,0.1673993170261383,0.7217683792114258,-0.12300579249858856,-0.07368487119674683,0.3742511570453644,0.1450473815202713,-0.055959295481443405,-0.11179380118846893,-0.03349430114030838,-0.31229206919670105,-0.09026512503623962,0.3477979600429535,-0.1258818358182907,-0.03134439140558243,-0.15725119411945343,0.07513689994812012,0.2960403561592102,-0.32706591486930847,-0.47089654207229614,0.09935883432626724,0.3050996661186218,-0.2201497107744217,0.43368273973464966,0.05777808278799057,-0.0657995194196701,-0.45114994049072266,0.058261800557374954,0.3889731168746948,-0.08061279356479645,0.04054402559995651,0.16839459538459778,-0.26680803298950195,0.05182909965515137,0.08365941792726517,0.06042454391717911,0.3295440077781677,-0.21400681138038635,0.05853660777211189,0.011516397818922997,0.20445792376995087,0.1938452422618866,-0.08999387919902802,-0.23297445476055145,0.005170674063265324,0.4906550943851471,0.15799853205680847,0.027336161583662033,0.34379225969314575,-0.06293021142482758,-0.20473822951316833,-0.01283922791481018,0.36366006731987,-0.46777206659317017,0.08793380856513977,0.1908126175403595,0.5733775496482849,0.6038008332252502,-0.16676229238510132,0.016108516603708267,0.23621273040771484,0.08964112401008606,0.32850807905197144,-0.07565905153751373,0.010297736153006554,0.11915204674005508,0.17172841727733612,0.11140166223049164,-0.5779122114181519,-0.5968524217605591,-0.04114373400807381,0.24075336754322052,0.16283079981803894,0.27564704418182373,0.37761181592941284,0.01581977680325508,0.05510379746556282,-0.34869828820228577,0.29272446036338806,0.17985233664512634,0.26617783308029175,0.15788838267326355,0.05744821950793266,0.08311952650547028,0.5003763437271118,0.14189955592155457,0.2392641007900238,0.03574008494615555,-0.3765983581542969,-0.2872784733772278,0.07525122910737991,-0.14924278855323792,-0.2295042723417282,-0.11147604137659073,-0.44564956426620483,0.26989808678627014,0.11149606853723526,-0.010923879221081734,-0.07906876504421234,-0.056865524500608444,-0.10406632721424103,0.016098549589514732,-0.06627494841814041,-0.08048324286937714,0.3404051661491394,0.05840282514691353,0.133741095662117,-0.18994717299938202,0.10181461274623871,-0.2782447934150696,-0.29980695247650146,0.04803870618343353,-0.22631306946277618,0.07594237476587296,-0.23588654398918152,0.6414595246315002,0.14959506690502167,-0.3770448565483093,0.3208879828453064,-0.04242667183279991,0.08638034015893936,0.5354682803153992,-0.19411353766918182,0.04836421459913254,-0.11298707872629166,-0.18020084500312805,-0.2738620638847351,0.023538745939731598,0.11952463537454605,0.11257491260766983,-0.1373538076877594,0.17325034737586975,0.020266171544790268,0.4551473557949066,-0.2058338224887848,0.07297160476446152,-0.07050628960132599,-0.07839707285165787,-0.3143482804298401,0.07086886465549469,-0.13532079756259918,0.10213284194469452,-0.2833312153816223,0.0014150261413305998,-0.18032307922840118,0.06493163108825684,0.5381649732589722,0.47820019721984863,0.33661016821861267,0.35421866178512573,0.39140135049819946,0.10970060527324677,-0.8427438735961914,-0.04825283959507942,0.21169809997081757,0.11013318598270416,-0.10601508617401123,-0.0970054343342781,0.02065199241042137,0.11863009631633759,-0.25634369254112244,-0.05573025345802307,-0.0021945952903479338,0.07710007578134537,-0.19514887034893036,-0.3850293755531311,0.04792119190096855,-0.1053350418806076,0.04827449843287468,0.3752526640892029,-0.3061543405056,-0.23482222855091095,0.06656189262866974,0.650680422782898,-0.2914053797721863,-0.1482621729373932,-0.33664530515670776,0.05891077592968941,-0.3139668405056,0.02333294227719307,0.23542873561382294,-0.516158938407898,0.013399613089859486,0.0035578100942075253,-0.5199361443519592,-0.5685292482376099,-0.2619403004646301,0.22329621016979218,-0.0012394071090966463,-0.0704415962100029,-0.41699036955833435,0.13612636923789978,-0.12110968679189682
CID000005402,124,0.044674359261989594,0.1713046282529831,0.20604388415813446,0.4838114380836487,-0.270240843296051,0.07793141901493073,0.178542822599411,0.3980613350868225,0.02121870592236519,0.0980396643280983,0.2024974822998047,0.07781291753053665,-0.6196091771125793,0.14337709546089172,-0.226730614900589,-0.1667727679014206,-0.24400246143341064,-0.06780984252691269,0.08033514767885208,-0.764883279800415,0.03249096870422363,-0.18183399736881256,0.15991048514842987,-0.7455982565879822,-0.1746043860912323,0.039666496217250824,-0.2296026051044464,-0.27580028772354126,-0.19807855784893036,0.08804347366094589,-0.03493482992053032,0.33840298652648926,-0.049450017511844635,0.2673438787460327,0.0045608640648424625,-0.012949560768902302,0.0709274560213089,-0.11726196110248566,0.2946698069572449,-0.281495064496994,-0.13971666991710663,0.0013091445434838533,0.24547994136810303,-0.45902594923973083,-0.04921958968043327,0.1642053723335266,0.14755888283252716,0.11438069492578506,0.2137024700641632,-0.013657031580805779,0.6602504849433899,0.23046985268592834,-0.19622638821601868,-0.12514342367649078,0.06016385555267334,0.06316768378019333,0.10264016687870026,0.31500133872032166,0.0011816531186923385,0.290437787771225,-0.3026311695575714,-0.29971182346343994,0.019776925444602966,-0.22302789986133575,0.3869890570640564,0.6068426966667175,-0.25904685258865356,-0.08040733635425568,0.06110445782542229,0.14633409678936005,-0.06336541473865509,-0.2180413007736206,-0.06701599061489105,-0.29066985845565796,-0.23615269362926483,-0.14304932951927185,-0.12758004665374756,-0.20718495547771454,-0.20277340710163116,0.061433374881744385,0.11773951351642609,-0.32194286584854126,-0.39240074157714844,-0.09891768544912338,0.363757848739624,0.0669918954372406,0.04367310553789139,0.6968505382537842,-0.40209370851516724,-0.7712174654006958,0.06869159638881683,0.2246435135602951,-0.15629197657108307,0.08904486894607544,0.015281975269317627,-0.5469978451728821,-0.26990267634391785,-0.34568727016448975,0.35710084438323975,-0.0219886414706707,0.1779770851135254,0.26922181248664856,0.16678981482982635,0.29816535115242004,0.17997083067893982,-0.10423026233911514,0.01608116552233696,-0.2319917231798172,0.6327768564224243,0.04041098430752754,-0.23974141478538513,-0.053678520023822784,0.03715948387980461,0.11773451417684555,-0.17883101105690002,0.23093947768211365,0.02125936932861805,-0.22478525340557098,-0.2378140687942505,0.00042240918264724314,0.6387008428573608,-0.14739146828651428,0.29312843084335327,0.19603170454502106,-0.32599714398384094,0.018739577382802963,-0.1554884910583496,0.061559878289699554,0.2816111445426941,-0.18160411715507507,0.24178950488567352,-0.44434934854507446,-0.2590160369873047,0.23012523353099823,0.3151124119758606,-0.0027595371939241886,0.17237047851085663,0.07411236315965652,-0.09998427331447601,-0.5206095576286316,-0.19182951748371124,0.2211901694536209,0.09447861462831497,-0.08185636252164841,0.14410142600536346,0.10269756615161896,0.015282511711120605,0.300187885761261,0.15529997646808624,0.262442022562027,0.005493120290338993,-0.30454158782958984,0.2661117911338806,0.06582985073328018,-0.2765713930130005,-0.3529331088066101,0.006471377797424793,0.044646818190813065,-0.04506035894155502,0.31364524364471436,0.15915867686271667,-0.21341049671173096,0.12436225265264511,0.060021739453077316,-0.22734054923057556,-0.45304036140441895,-0.04700427129864693,0.312572717666626,-0.04507831856608391,0.09755029529333115,0.036333341151475906,-0.3786357343196869,-0.10816353559494019,-0.10709251463413239,-0.020877759903669357,-0.19333624839782715,0.43429023027420044,-0.3372737169265747,0.40549078583717346,-0.3455243408679962,-0.051326435059309006,0.10834957659244537,-0.24516788125038147,-0.03754245489835739,0.11369135230779648,0.062348783016204834,-0.6426994204521179,-0.268730103969574,0.16462503373622894,-0.3528108596801758,-0.0014883667463436723,0.20304517447948456,0.22850127518177032,-0.07293548434972763,0.14941814541816711,-0.08549400418996811,-0.14664216339588165,-0.1662522852420807,0.13035652041435242,0.16704930365085602,-0.28115230798721313,-0.2346426248550415,-0.2360454499721527,-0.2878147065639496,0.07550912350416183,0.08249559253454208,-0.1841113567352295,-0.1326676309108734,0.262459933757782,0.6533729434013367,0.35912781953811646,0.043225228786468506,0.14549687504768372,0.08824022859334946,0.3109031915664673,-0.10823623836040497,-0.29222965240478516,0.17487601935863495,0.12710966169834137,-0.22482609748840332,-0.10025403648614883,-0.06370816379785538,-0.04651842638850212,-0.49835914373397827,-0.1975555270910263,-0.4417923390865326,-0.5376064777374268,-0.5856145024299622,0.1777319610118866,0.18954652547836304,-0.10374399274587631,0.333601176738739,0.2126515805721283,0.031875692307949066,0.11824865639209747,0.2645425796508789,0.345315158367157,-0.4723540246486664,0.08427168428897858,-0.01812245324254036,-0.1400107890367508,-0.7702966928482056,-0.12895365059375763,0.19983923435211182,-0.028309905901551247,0.10026408731937408,0.3816676139831543,-0.19460321962833405,-0.727901816368103,-0.283383309841156,0.28130900859832764,-0.03737886622548103,0.2807934880256653,-0.094230517745018,-0.0005491107585839927,-0.028573954477906227
CID000005732,125,0.03326639533042908,0.04672817140817642,-0.08488129824399948,0.2667868733406067,-0.3618888854980469,0.05472353845834732,0.24970929324626923,0.291353315114975,-0.04562773182988167,0.22941891849040985,0.11924763023853302,0.1683277189731598,0.062485456466674805,0.11162561178207397,-0.2169278860092163,-0.09380140155553818,-0.15251076221466064,-0.10626620054244995,0.11074723303318024,-0.3887500762939453,0.05891544744372368,-0.2633931338787079,-0.10570478439331055,-0.799839973449707,0.016828274354338646,0.10295094549655914,-0.18402299284934998,0.009160238318145275,0.00632742652669549,0.09940581768751144,-0.1287388950586319,0.20849478244781494,0.07855092734098434,0.16054262220859528,0.04131297394633293,-0.11185826361179352,0.10393963754177094,0.061471544206142426,0.16250506043434143,-0.1311255395412445,-0.04655362293124199,-0.3697108328342438,0.1498955637216568,-0.2612302005290985,-0.19969946146011353,0.44963622093200684,0.07231687009334564,0.002017162973061204,0.10145197808742523,-0.04347994178533554,0.14297153055667877,0.14149726927280426,-0.2680127024650574,-0.034478090703487396,0.16229595243930817,-0.09499765187501907,-0.07784483581781387,0.15889500081539154,-0.004597981460392475,-0.045820992439985275,-0.16152456402778625,-0.28187838196754456,-0.04510318487882614,0.014232300221920013,0.32551634311676025,0.3236759305000305,-0.12875190377235413,-0.126188725233078,0.2316526472568512,0.056535083800554276,0.13419029116630554,0.00745077058672905,-0.27630046010017395,-0.40055227279663086,-0.21911342442035675,0.06425615400075912,0.10930260270833969,0.20177021622657776,-0.0947708934545517,-0.09567044675350189,-0.02797355130314827,-0.4785837233066559,-0.24594393372535706,-0.028079837560653687,0.027440572157502174,-0.1947697103023529,0.20653411746025085,-0.004305505659431219,0.07106729596853256,-0.619384229183197,-0.11030949652194977,0.2779991030693054,-0.026460375636816025,0.018613528460264206,-0.09751976281404495,-0.261293888092041,-0.08867689222097397,0.219830721616745,-0.16659574210643768,0.05726879835128784,-0.17035017907619476,-0.10802976042032242,-0.0578235499560833,0.324489951133728,0.2501838803291321,0.050956182181835175,-0.01824374496936798,0.32375869154930115,0.4169405996799469,-0.1853167563676834,-0.09979535639286041,0.20068088173866272,-0.12941691279411316,-0.020207369700074196,0.023886168375611305,0.1795864999294281,-0.08978798985481262,-0.03855529800057411,-0.17642562091350555,0.23133310675621033,0.509080171585083,-0.1410233974456787,0.27938202023506165,0.34771451354026794,-0.059368956834077835,0.17616501450538635,0.09006467461585999,0.10325893014669418,0.2570646405220032,-0.0906030535697937,-0.012972262687981129,-0.4549735486507416,-0.42335861921310425,0.07390763610601425,0.24232566356658936,-0.13954266905784607,-0.11967387050390244,0.16889871656894684,-0.1969914734363556,-0.23600253462791443,-0.17164680361747742,0.06960838288068771,0.01854531280696392,-0.15129411220550537,0.017763953655958176,0.2539581060409546,-0.14233270287513733,0.2471921443939209,0.0065794410184025764,0.2026471346616745,-0.007898598909378052,-0.17910340428352356,-0.167596697807312,0.24069753289222717,-0.3390212655067444,-0.09070972353219986,-0.08810537308454514,-0.07897526025772095,0.04601616784930229,0.31505677103996277,-0.09807899594306946,-0.1328921616077423,-0.0728457048535347,0.011614304967224598,-0.053595613688230515,-0.07331070303916931,-0.1743534356355667,0.13873901963233948,-0.1781383454799652,0.2054249495267868,0.042900942265987396,-0.23812833428382874,-0.2113266885280609,-0.2975444793701172,0.034340787678956985,-0.06801177561283112,0.17386949062347412,-0.19221171736717224,0.3313630223274231,-0.08389440178871155,0.12650759518146515,-0.011381611227989197,-0.19873900711536407,-0.14813634753227234,0.12230576574802399,0.2591140568256378,-0.12830910086631775,-0.0017306506633758545,-0.09224797785282135,-0.3044899106025696,0.03280367702245712,0.033592309802770615,0.17076073586940765,0.13523253798484802,0.12269802391529083,-0.16780440509319305,0.1176718920469284,0.0032609521877020597,0.10370104014873505,0.028016071766614914,0.1852351874113083,-0.2772830128669739,-0.009698641486465931,-0.33273014426231384,-0.0853390246629715,-0.20886501669883728,-0.11324167251586914,-0.08257732540369034,-0.029414081946015358,0.3469269871711731,0.3514733910560608,-0.015101412311196327,0.3441998064517975,0.1704326570034027,0.03336486965417862,-0.027434583753347397,-0.021179785951972008,0.058556098490953445,0.08435256779193878,-0.024736011400818825,-0.0823126882314682,-0.0854678824543953,-0.12080065906047821,-0.18725745379924774,0.06871004402637482,0.15853293240070343,0.14376962184906006,0.008918412029743195,0.015369346365332603,-0.19145239889621735,-0.07912100106477737,-0.19490210711956024,0.21500837802886963,0.024797935038805008,-0.16434118151664734,-0.180385559797287,0.22567029297351837,-0.32025012373924255,0.15128710865974426,-0.21514543890953064,0.19148039817810059,-0.33035460114479065,0.17635604739189148,0.28444865345954895,-0.15313272178173065,-0.008235250599682331,0.046972792595624924,0.08770467340946198,-0.5334491729736328,-0.1309405267238617,0.27184683084487915,-0.3053697645664215,0.13590243458747864,-0.2589283585548401,0.2057466208934784,0.07789681851863861
CID000003958,126,0.3055448532104492,-0.049818020313978195,0.2260151356458664,0.1883000135421753,-0.28567472100257874,0.2988550662994385,0.14726129174232483,0.5136054754257202,0.08152510225772858,0.07999199628829956,-0.051897406578063965,0.17434659600257874,-0.03885724022984505,0.1569754183292389,-0.24563172459602356,-0.20625972747802734,-0.10270845890045166,-0.11910054832696915,0.1045261025428772,-0.5080219507217407,0.057199396193027496,-0.2528006434440613,-0.07051331549882889,-0.8156380653381348,-0.14121346175670624,0.030707132071256638,-0.1895495355129242,-0.09529957175254822,-0.05841349810361862,0.34749260544776917,-0.28595882654190063,0.33195608854293823,-0.051769912242889404,-0.08083441108465195,0.16349580883979797,0.29729342460632324,0.16733071208000183,0.06030994653701782,0.2409317046403885,-0.04895009100437164,-0.006871688179671764,-0.1441519558429718,-0.11766806989908218,-0.16782677173614502,-0.31778571009635925,0.5612038969993591,-0.000627251691184938,0.11808155477046967,-0.014711355790495872,-0.010847186669707298,0.37707895040512085,0.17344851791858673,-0.2517681121826172,-0.16389036178588867,0.42800411581993103,-0.20166389644145966,0.1645159274339676,0.2720180153846741,0.04219958186149597,-0.13580885529518127,-0.2991274893283844,-0.4878977835178375,-0.12705817818641663,-0.3033703863620758,0.19155511260032654,0.5014998912811279,-0.13820430636405945,-0.16691426932811737,0.11852232366800308,0.19270002841949463,-0.14925728738307953,-0.020827438682317734,-0.3929424285888672,-0.41073504090309143,-0.5005230903625488,-0.09681106358766556,0.19489505887031555,-0.07150232046842575,0.03373232111334801,-0.012979579158127308,0.39253097772598267,-0.40237340331077576,-0.30427947640419006,0.15154579281806946,-0.12111655622720718,-0.38151565194129944,0.295042484998703,0.0651840791106224,-0.10346945375204086,-0.6928091645240784,-0.045478690415620804,0.3113355040550232,-0.04335232079029083,0.038570795208215714,-0.03045346960425377,-0.2830790877342224,-0.16953377425670624,0.07912955433130264,-0.02058793231844902,0.20901603996753693,-0.15370912849903107,0.05593474954366684,-0.051877133548259735,0.4652195870876312,-0.0330682210624218,0.09729120880365372,0.00044352113036438823,0.002511441707611084,0.5079759359359741,0.11843844503164291,-0.05407266691327095,-0.011173412203788757,-0.11192972958087921,-0.16423413157463074,-0.28557780385017395,0.04420091584324837,-0.10123453289270401,-0.04903441667556763,-0.08726818859577179,0.1914864331483841,0.46822232007980347,-0.16511723399162292,0.4798853397369385,0.20014920830726624,0.19679118692874908,0.1811201125383377,0.01574864238500595,0.050672806799411774,0.2528313994407654,0.05680282041430473,0.21393036842346191,-0.5392255187034607,-0.4383133351802826,0.2957035303115845,-0.010306167416274548,-0.11683627218008041,0.17890587449073792,0.16037766635417938,-0.035531919449567795,-0.5394711494445801,-0.31238916516304016,0.1906111091375351,0.2330506592988968,-0.22267656028270721,-0.043624576181173325,0.049388494342565536,-0.04967302083969116,0.33149442076683044,-0.06649613380432129,0.10701753199100494,-0.09110940247774124,-0.2901361584663391,-0.007185494992882013,0.051406990736722946,-0.22274331748485565,-0.10256453603506088,-0.07491303980350494,-0.5409156084060669,0.21447697281837463,0.33758866786956787,-0.056482940912246704,0.08724121004343033,-0.03321351110935211,0.17804011702537537,-0.03642793372273445,-0.05881354212760925,-0.37074920535087585,0.3134579062461853,0.10457701981067657,0.16457049548625946,-0.05227838084101677,-0.3141086995601654,-0.3860267698764801,-0.26107680797576904,0.08220259100198746,0.09199933707714081,0.04053544998168945,-0.20350947976112366,0.5346916913986206,-0.13513901829719543,-0.09105581045150757,-0.2100915014743805,-0.5205215811729431,-0.11833597719669342,0.03146908059716225,0.18518128991127014,-0.30361905694007874,0.17587994039058685,-0.02232164517045021,-0.5115786194801331,0.04581845924258232,0.25145572423934937,0.23430421948432922,-0.06023452803492546,0.039289385080337524,-0.4026105999946594,0.1294652223587036,-0.3118211627006531,0.27966007590293884,-0.10666950792074203,0.21641072630882263,-0.326799213886261,-0.03701673075556755,-0.5890304446220398,-0.011347265914082527,-0.06613820791244507,-0.08305142819881439,-0.1486242711544037,0.035824138671159744,0.31442901492118835,0.2860947251319885,0.2427048683166504,0.24661199748516083,0.4313441812992096,0.02040369249880314,-0.4659701883792877,0.1527567356824875,0.07538788765668869,0.03392951935529709,-0.19796022772789001,0.01866729184985161,0.11971323192119598,0.03364133834838867,-0.3452114462852478,-0.1145896166563034,0.029728543013334274,0.03563542291522026,-0.22214415669441223,-0.14787045121192932,0.14452502131462097,-0.07681206613779068,-0.10315141826868057,0.1055443063378334,0.005816889461129904,-0.13789789378643036,0.17987534403800964,0.22089047729969025,-0.1639333963394165,0.07317066937685013,0.008653229102492332,0.21637670695781708,-0.466200053691864,-0.18094542622566223,0.18957920372486115,-0.039991844445466995,0.13122311234474182,-0.10153953731060028,0.1264965832233429,-0.5466071367263794,-0.14901497960090637,0.39013975858688354,-0.17208489775657654,-0.17058824002742767,-0.12856349349021912,0.1604345738887787,0.03018505498766899
CID000005487,127,0.07805421203374863,0.02883746102452278,0.01703750342130661,0.29586607217788696,-0.2932110130786896,0.11881212890148163,0.22587421536445618,0.25995126366615295,-0.032040245831012726,0.21207305788993835,0.23121602833271027,0.17585638165473938,0.06213563680648804,0.09230130910873413,-0.25977033376693726,-0.04517965391278267,-0.15725135803222656,-0.11542569100856781,0.04869241267442703,-0.4097954332828522,0.08141164481639862,-0.2098720371723175,0.059266347438097,-0.7852826714515686,0.10246431827545166,0.13525095582008362,-0.11743990331888199,-0.047940969467163086,-0.0148240327835083,0.04663357883691788,0.04334472864866257,0.20927906036376953,-0.16860747337341309,-0.04586489126086235,0.01757541485130787,0.018420511856675148,0.0751052051782608,0.008202821016311646,0.2249627560377121,-0.05700116604566574,-0.07556557655334473,-0.39926114678382874,0.1609981209039688,-0.2371290922164917,-0.17892597615718842,0.4348154067993164,0.09537354111671448,-0.006181216333061457,0.14703591167926788,0.06299992650747299,0.23857228457927704,0.12677712738513947,-0.19568896293640137,-0.030679041519761086,0.14062343537807465,-0.08528521656990051,-0.01179406326264143,0.07500403374433517,-0.02088553085923195,0.04380945488810539,-0.23235049843788147,-0.2653040587902069,0.050568658858537674,-0.0855567529797554,0.3165088891983032,0.36892515420913696,-0.23732170462608337,-0.10226579755544662,0.3308072090148926,0.06948065757751465,0.06451733410358429,-0.07618556171655655,-0.29533568024635315,-0.3818037807941437,-0.34099236130714417,-0.1650148332118988,0.03533684089779854,0.26311418414115906,-0.07312633097171783,-0.13055306673049927,-0.0408247634768486,-0.5351957082748413,-0.30693739652633667,0.024064302444458008,-0.004786503501236439,-0.04670683294534683,0.2487974464893341,0.032126326113939285,-0.09604325145483017,-0.6338958144187927,-0.10974405705928802,0.26451075077056885,0.06471728533506393,0.01401567179709673,-0.11263854801654816,-0.24585433304309845,-0.19255506992340088,-0.01292844396084547,-0.27682921290397644,0.1619705855846405,-0.2606973648071289,0.09407106041908264,-0.05671209096908569,0.25360193848609924,0.24207362532615662,0.13724522292613983,-0.21867677569389343,0.21410825848579407,0.4167291522026062,-0.22207088768482208,-0.11164186894893646,0.22277405858039856,-0.11386680603027344,-0.008075505495071411,0.19682225584983826,0.18887843191623688,-0.0673714131116867,0.0854220986366272,-0.22294923663139343,0.2878659963607788,0.5170133113861084,-0.12441698461771011,0.29927974939346313,0.21961049735546112,-0.07307437807321548,0.1621614247560501,0.05409013479948044,0.15667852759361267,0.2817663550376892,-0.06892174482345581,0.15203264355659485,-0.4452030658721924,-0.3590424358844757,0.08492086082696915,0.23068134486675262,-0.1491042673587799,-0.18118005990982056,0.2437221109867096,-0.20592100918293,-0.24135640263557434,-0.22473792731761932,0.11250976473093033,0.04599114507436752,-0.14310283958911896,0.025943797081708908,0.294384241104126,-0.11814466863870621,0.33572375774383545,0.015703808516263962,0.183759868144989,0.08521869033575058,-0.19685550034046173,-0.13804198801517487,0.3517046570777893,-0.31097859144210815,-0.20987467467784882,-0.08039673417806625,-0.04552822560071945,-0.17616769671440125,0.2734634280204773,0.18991795182228088,0.11472272872924805,-0.014091196469962597,0.19151444733142853,-0.07323320209980011,-0.18825538456439972,-0.2943250238895416,0.17470204830169678,-0.05973641201853752,0.21753911674022675,0.05943191796541214,-0.2428780347108841,-0.23646990954875946,-0.32706767320632935,0.061027221381664276,-0.18712906539440155,0.15686529874801636,-0.29656434059143066,0.32814842462539673,-0.07727546244859695,0.17623469233512878,0.083919957280159,-0.17462284862995148,-0.21974268555641174,0.10330518335103989,0.2386171519756317,-0.18941600620746613,-0.13681510090827942,-0.17151693999767303,-0.27456220984458923,-0.028671329841017723,0.07661052793264389,0.25537174940109253,0.15496861934661865,0.17431844770908356,-0.10836734622716904,0.1604982614517212,-0.011945647187530994,0.08766364306211472,0.12740743160247803,0.08889993280172348,-0.3286314010620117,-0.07567362487316132,-0.33813929557800293,-0.07911165058612823,-0.1643398106098175,-0.10367206484079361,0.033404186367988586,-0.07316450774669647,0.3733977675437927,0.31969669461250305,0.1681317538022995,0.32535111904144287,0.09041408449411392,-0.02056577429175377,-0.1107560396194458,-0.19582052528858185,0.07546540349721909,0.11721044778823853,-0.2747862935066223,-0.08407024294137955,-0.11149158328771591,-0.11224395036697388,-0.18734639883041382,-0.07223469018936157,-0.05320946127176285,0.27957382798194885,0.02086668647825718,0.007332024164497852,-0.03767458349466324,-0.07970049977302551,-0.13294656574726105,0.22978684306144714,0.010528105311095715,-0.3372359871864319,-0.15107817947864532,0.27098363637924194,-0.35100895166397095,0.12833960354328156,-0.19008956849575043,0.16558684408664703,-0.3420652151107788,0.24828465282917023,0.2618248164653778,-0.08094542473554611,-0.1338328868150711,0.1549018770456314,0.09983942657709122,-0.5757656693458557,-0.18881773948669434,0.32082128524780273,-0.2985060214996338,0.1319475919008255,-0.302791029214859,0.13681402802467346,-0.11106257140636444
CID000002022,128,0.39423713088035583,-0.010832011699676514,0.30367639660835266,0.4511123597621918,-0.701363205909729,-0.1840059608221054,0.15865042805671692,0.4072233736515045,-0.30732226371765137,0.4507693350315094,-0.21748967468738556,-0.6205970644950867,-0.17178240418434143,0.31000977754592896,0.06297807395458221,0.1399177610874176,0.09477683901786804,-0.17454743385314941,-0.004421740770339966,-0.7690693736076355,-0.012475719675421715,0.19908151030540466,0.06606052070856094,-0.7975293397903442,-0.43925175070762634,-0.057230401784181595,-0.20539970695972443,-0.17623476684093475,-0.09813128411769867,0.24835291504859924,-0.20894241333007812,0.0911378487944603,-0.10890718549489975,-0.112332284450531,0.03695205599069595,0.16321396827697754,0.2563015818595886,0.36109837889671326,-0.13332608342170715,-0.1603555977344513,0.16098108887672424,-0.15276281535625458,-0.2704108953475952,-0.32267531752586365,-0.18001478910446167,-0.043731287121772766,-0.04010849446058273,0.03680991008877754,-0.11024625599384308,0.32811665534973145,0.5909031629562378,0.072758749127388,0.06729373335838318,0.2829905152320862,0.03073015809059143,0.11638790369033813,0.5003958940505981,-0.044532932341098785,0.8341162800788879,-0.3826516270637512,-0.10427019745111465,-0.20291844010353088,-0.33368411660194397,-0.3583837151527405,0.37824976444244385,0.6231379508972168,-0.17057688534259796,-0.09407653659582138,0.08580441772937775,0.07826440036296844,-0.007001093123108149,-0.16320936381816864,-0.14018003642559052,-0.5297818183898926,-0.022136041894555092,0.38122454285621643,-0.0053550065495073795,-0.325290709733963,-0.12664489448070526,0.23876485228538513,0.08957618474960327,-0.3246082365512848,-0.33175548911094666,-0.05596808344125748,0.14418569207191467,0.16830851137638092,0.14739838242530823,0.10216667503118515,-0.057660333812236786,-0.7346249222755432,-0.06468072533607483,0.3321395516395569,-0.28426650166511536,0.18908394873142242,-0.1968131810426712,-0.41132766008377075,-0.12151475995779037,0.1636422872543335,0.09046129137277603,0.3841850757598877,-0.3799496293067932,-0.045665156096220016,0.07626824080944061,0.22168143093585968,0.19426202774047852,-0.058388084173202515,0.08227727562189102,-0.12252561748027802,0.6127349138259888,0.14982375502586365,-0.2509510815143585,0.019392628222703934,0.06668472290039062,-0.5409037470817566,0.18781903386116028,0.3750685751438141,0.05146809667348862,-0.38423511385917664,0.08616744726896286,0.36220479011535645,0.6983194351196289,-0.3745202124118805,0.3636491894721985,0.250343382358551,-0.4312610626220703,0.31823235750198364,-0.010970935225486755,-0.34249699115753174,0.07784388214349747,-0.040370263159275055,0.3953632712364197,-0.6429488658905029,-0.4305554926395416,0.021325277164578438,0.30107370018959045,0.2706766724586487,-0.19447939097881317,0.23466530442237854,-0.021350592374801636,0.044513896107673645,-0.021137867122888565,0.6021760702133179,-0.0997316837310791,0.10271462053060532,0.04297943413257599,0.1575169563293457,-0.15053324401378632,0.5482968091964722,0.0832514762878418,0.17474648356437683,-0.06773758679628372,-0.47212108969688416,0.17858949303627014,0.09748309850692749,0.18591535091400146,-0.16853471100330353,-0.19763746857643127,-0.23754212260246277,-0.05012090131640434,0.10828180611133575,-0.05416892096400261,0.05978541448712349,0.15401437878608704,0.1809547245502472,-0.15666496753692627,-0.00877758301794529,0.07336326688528061,-0.07098908722400665,0.40942278504371643,0.36929839849472046,-0.07354636490345001,-0.2525966763496399,-0.15811944007873535,0.006644076202064753,0.10171526670455933,-0.24574396014213562,-0.011380164884030819,-0.22646673023700714,0.7948563694953918,0.033212464302778244,-0.315202921628952,0.08057311177253723,-0.14989431202411652,0.04943351447582245,0.0643458291888237,0.030514970421791077,0.01949145458638668,0.22829678654670715,0.2588593363761902,-0.31482431292533875,0.14195629954338074,0.36605530977249146,0.2316199094057083,-0.18867509067058563,-0.00882247556000948,0.03071291372179985,0.2391951084136963,-0.2988097071647644,0.1155749186873436,-0.02490152046084404,-0.48397621512413025,-0.47686856985092163,0.17222832143306732,0.0873931422829628,-0.057095009833574295,0.2553761899471283,0.1078588217496872,-0.17028510570526123,0.9288195371627808,0.5771166682243347,0.47953134775161743,-0.15720011293888092,0.0857148990035057,-0.136536106467247,0.06901200860738754,-0.44161686301231384,0.2046089619398117,0.3114005923271179,-0.05968654155731201,0.050362296402454376,-0.25060901045799255,-0.12204794585704803,-0.13381846249103546,-0.46332448720932007,-0.13730958104133606,0.04459816962480545,-0.12342365086078644,-0.09074530005455017,-0.35010021924972534,-0.0713035985827446,0.2248726636171341,0.3123595416545868,0.6174699068069458,-0.01796554960310459,0.045669298619031906,0.06275667250156403,0.4778992533683777,-0.6038588285446167,0.07663080841302872,-0.05711080878973007,-0.0970911830663681,-0.3533943295478821,0.09887884557247162,0.4261316657066345,0.18018697202205658,0.4175155758857727,-0.11849671602249146,-0.13905438780784607,-0.827872633934021,-0.0039659528993070126,0.19914868474006653,0.15717297792434692,0.3302099108695984,-0.25762128829956055,-0.004195778630673885,0.2519358992576599
CID000003345,129,0.6594764590263367,0.04895498603582382,0.20449912548065186,0.561581552028656,-0.8093797564506531,-0.11159443855285645,0.15001243352890015,0.2783627510070801,-0.016638005152344704,0.6013636589050293,0.2506004869937897,0.05328967422246933,-0.12910330295562744,0.12004338204860687,0.04665040224790573,-0.29920974373817444,-0.1331300437450409,-0.16862043738365173,-0.24042615294456482,-0.5839112401008606,0.024489616975188255,-0.10174132883548737,0.04438108950853348,-0.8378614187240601,-0.012372247874736786,-0.17523865401744843,-0.03324156254529953,0.16022606194019318,-0.13621798157691956,0.23641569912433624,-0.02158435247838497,0.06027279049158096,-0.05201723054051399,0.10248349606990814,-0.08871959149837494,-0.03690236061811447,0.04018397629261017,0.39889857172966003,-0.1418333649635315,-0.31932303309440613,-0.12112578004598618,0.14213860034942627,0.05897776037454605,-0.27228212356567383,-0.04142329841852188,0.3892888128757477,-0.18850752711296082,0.0550704188644886,-0.04737453907728195,0.014650067314505577,0.39479827880859375,0.19611027836799622,-0.25295859575271606,-0.05011172220110893,0.07259973138570786,0.24336817860603333,0.41583022475242615,0.20262113213539124,0.10033620893955231,-0.0001573070912854746,-0.16660359501838684,-0.2271333634853363,0.12431198358535767,0.023416787385940552,0.13281789422035217,0.260375440120697,-0.5024020671844482,-0.4985145926475525,0.13027024269104004,-0.00223635439760983,-0.07002861797809601,0.039011627435684204,-0.29295381903648376,-0.23577094078063965,-0.28611108660697937,0.3108915686607361,0.1908991038799286,0.0357111394405365,-0.08619575202465057,0.215114027261734,0.15418121218681335,-0.38092076778411865,-0.39335569739341736,-0.207118421792984,0.3302138149738312,-0.2733427584171295,0.1532765030860901,0.02914900705218315,0.10413581132888794,-0.8119176030158997,-0.1301899254322052,0.0976085513830185,-0.12406706809997559,-0.09248200058937073,0.04654380679130554,-0.5135816931724548,0.1386515349149704,-0.2898366451263428,-0.005873364396393299,0.5670290589332581,0.5193362236022949,-0.19487124681472778,0.11382107436656952,0.41405993700027466,-0.4647543430328369,0.2000797539949417,-0.15824487805366516,0.14359916746616364,0.3867208659648895,0.47328877449035645,-0.10307308286428452,0.2665954828262329,0.21070805191993713,-0.3286503255367279,0.06022569537162781,0.2152022421360016,0.02795981802046299,-0.02337728440761566,0.07064400613307953,0.1762237548828125,0.8177529573440552,-0.15131916105747223,0.18908852338790894,0.6319068074226379,0.15126793086528778,0.2528347373008728,0.12375535815954208,-0.2227713167667389,0.44386130571365356,-0.1656443178653717,0.20510992407798767,-0.7721166610717773,-0.7325337529182434,0.05319659039378166,0.3079652786254883,0.2836245894432068,0.009369617328047752,0.3896690011024475,-0.22424237430095673,-0.4362434446811676,-0.1933383196592331,0.2121995985507965,-0.048185862600803375,-0.3180423378944397,0.04899633675813675,0.11235666275024414,0.07641355693340302,0.3728303015232086,0.037081826478242874,-0.05701170116662979,-0.0857229083776474,-0.7630302309989929,0.09014731645584106,0.13469991087913513,-0.07469616830348969,-0.019676584750413895,-0.13574424386024475,-0.25625723600387573,0.055001504719257355,-0.21908530592918396,0.025247007608413696,-0.056869156658649445,-0.06203337758779526,-0.17909762263298035,-0.029145967215299606,0.25888192653656006,-0.3910420536994934,0.25815051794052124,-0.15891174972057343,0.07643098384141922,0.06580334156751633,-0.09274188429117203,-0.12774476408958435,-0.006185898091644049,0.0764925554394722,-0.18876942992210388,-0.00544424494728446,-0.5253738164901733,0.6854665279388428,-0.06207767874002457,-0.22483989596366882,-0.18466556072235107,-0.18742763996124268,-0.09453582763671875,0.14956419169902802,0.18918070197105408,-0.14465972781181335,0.07409290969371796,-0.023931626230478287,-0.18437734246253967,-0.18069997429847717,0.04222312942147255,-0.05068633705377579,-0.4964969754219055,0.2954259514808655,-0.4544826149940491,0.06303001195192337,-0.10516168922185898,0.29582342505455017,0.03069692850112915,-0.5324505567550659,-0.3026706576347351,0.02662411332130432,-0.314875066280365,-0.018962103873491287,0.038967885076999664,-0.24721017479896545,-0.20175905525684357,0.27699190378189087,0.6137309074401855,0.3500170111656189,-0.23847348988056183,0.2722617983818054,0.4527328908443451,-0.09616558253765106,-0.37214386463165283,0.2188362181186676,0.4148879051208496,0.1589353233575821,0.12505853176116943,-0.14277338981628418,0.04753493517637253,-0.12493328005075455,-0.3968539834022522,-0.17288723587989807,-0.39579230546951294,-0.05128714442253113,-0.09771212935447693,0.3937916159629822,-0.08945774286985397,-0.08567508310079575,0.35048651695251465,-0.011079417541623116,0.08524972945451736,-0.1254579871892929,0.06370522081851959,0.47491079568862915,-0.17380079627037048,-0.11734636127948761,-0.28497153520584106,-0.051190394908189774,-0.6211186647415161,0.07630159705877304,-0.011175423860549927,0.06810063123703003,-0.040250714868307114,-0.1477024257183075,0.05209813266992569,-0.8087698817253113,-0.11563078314065933,0.16802850365638733,0.1932663917541504,-0.19117861986160278,-0.23327970504760742,-0.12578469514846802,-0.1408570110797882
CID000003878,130,0.054595284163951874,-0.18320219218730927,0.05038559436798096,0.5210253596305847,-0.4139421582221985,0.10191980749368668,0.1662977933883667,0.18035855889320374,-0.005808687303215265,0.21762077510356903,0.07563408464193344,0.11291921138763428,0.04306831210851669,0.09456728398799896,-0.17043158411979675,-0.012818271294236183,-0.12233694642782211,-0.14705350995063782,0.2605136036872864,-0.6828503608703613,-0.02304980717599392,-0.30297785997390747,-0.07849977910518646,-0.926646888256073,0.022559547796845436,0.1655198186635971,-0.046382177621126175,0.04814603924751282,-0.05319344997406006,0.08898891508579254,0.2610643208026886,0.14379778504371643,-0.0400969497859478,0.17610153555870056,0.01715754345059395,-0.037392545491456985,0.03026234731078148,0.15837368369102478,0.23514695465564728,0.011655849404633045,-0.10417549312114716,-0.08668677508831024,0.08360330760478973,-0.13350267708301544,-0.02598940208554268,0.24406886100769043,0.12152378261089325,-0.006776189897209406,0.036182601004838943,-0.0030677735339850187,0.3905220627784729,-0.0413101427257061,-0.10335014760494232,0.07305173575878143,-0.06570471823215485,-0.11120839416980743,0.10565587133169174,0.10476746410131454,0.11626231670379639,0.014776241965591908,-0.182827889919281,-0.22339732944965363,0.0008526623132638633,-0.045864347368478775,0.13224785029888153,0.3819713890552521,-0.19836372137069702,0.014299827627837658,0.06326167285442352,0.11387257277965546,-0.007310914807021618,0.015543153509497643,-0.2611854076385498,-0.3776693046092987,-0.19822725653648376,-0.13185158371925354,-0.24433597922325134,0.12922313809394836,0.03753381595015526,-0.09510145336389542,0.273732990026474,-0.5926727056503296,-0.2287621945142746,0.1283162534236908,0.08088846504688263,-0.04240105301141739,0.16547727584838867,0.06558142602443695,-0.06769578903913498,-0.702088475227356,-0.009937085211277008,0.16145211458206177,-0.07912342250347137,0.12574635446071625,0.18590012192726135,-0.13834762573242188,-0.11576502025127411,-0.14449253678321838,-0.2971968650817871,0.02420160174369812,-0.2526249885559082,0.1524304896593094,-0.14701199531555176,0.2344702035188675,-0.02460782416164875,0.11717668920755386,-0.09369471669197083,0.14054515957832336,0.6285102963447571,-0.19111299514770508,-0.021079758182168007,0.09770161658525467,-0.08711932599544525,-0.09197650849819183,0.23786254227161407,0.18813547492027283,-0.02087138593196869,0.13826893270015717,-0.04988938942551613,0.10569653660058975,0.7526731491088867,-0.16275450587272644,0.1264708787202835,-0.10552897304296494,-0.08273191750049591,0.015778467059135437,0.04267691448330879,0.2435150146484375,0.32324904203414917,0.19479361176490784,0.16429072618484497,-0.46920475363731384,-0.3413063883781433,0.0648021325469017,0.12602917850017548,0.03162633255124092,-0.0722753256559372,0.3713242709636688,-0.12727577984333038,-0.23279039561748505,-0.18599161505699158,0.04486977308988571,-0.09424272924661636,-0.05187710374593735,0.004536271095275879,0.18812216818332672,-0.1917673647403717,0.46630746126174927,0.10719344764947891,0.2654988765716553,-0.02816758118569851,-0.31239914894104004,0.04289211705327034,0.2600192129611969,-0.19791065156459808,-0.060958780348300934,-0.02098451554775238,-0.11902060359716415,-0.24128738045692444,0.16373266279697418,0.0436980240046978,-0.07894271612167358,-0.04446803405880928,0.19707171618938446,-0.045331064611673355,-0.19210851192474365,-0.2323547899723053,0.13723477721214294,-0.022172952070832253,0.07084615528583527,-0.06621842086315155,-0.053711555898189545,-0.017102638259530067,-0.25799912214279175,0.0936972051858902,-0.21746423840522766,0.15733273327350616,-0.24115820229053497,0.30555155873298645,-0.06262647360563278,0.10603125393390656,0.1033116802573204,-0.04736125469207764,-0.10805615037679672,0.11749082803726196,0.19582633674144745,-0.2424866259098053,-0.1224992647767067,-0.07707083225250244,-0.29521313309669495,-0.06329149752855301,-0.021764714270830154,0.2833157777786255,0.04983721673488617,0.09175001084804535,-0.08809764683246613,-0.014281007461249828,0.024727795273065567,0.13295748829841614,-0.05133799836039543,-0.010702377185225487,-0.31163057684898376,-0.12395691871643066,-0.4334455132484436,0.2525857985019684,-0.23358125984668732,-0.029001016169786453,0.0856119841337204,-0.06612535566091537,0.4815370440483093,0.2638121247291565,0.3135250210762024,0.27916163206100464,0.08838368952274323,-0.011405672878026962,-0.008020373061299324,-0.0751456469297409,0.2612285315990448,0.23380546271800995,-0.1907850205898285,-0.025567013770341873,-0.2800911068916321,0.11502678692340851,-0.15013739466667175,-0.004202424548566341,-0.20994500815868378,0.22035622596740723,-0.04345672205090523,-0.07086578756570816,-0.07452794164419174,0.0014967635506764054,0.027356445789337158,0.11068371683359146,-0.07600025832653046,-0.14140574634075165,-0.11508041620254517,0.3836164176464081,-0.5244790315628052,0.09129298478364944,-0.11587505042552948,0.16857501864433289,-0.5327574014663696,0.2705878019332886,0.2347067892551422,-0.02330104634165764,-0.1768922656774521,0.14643248915672302,0.18632730841636658,-0.73486328125,-0.14161372184753418,0.20700013637542725,-0.11384932696819305,0.1371638923883438,-0.19428706169128418,0.016631126403808594,-0.1435350626707077
CID000005358,131,0.08798158913850784,0.10665816068649292,0.17476172745227814,0.9306472539901733,-0.07557286322116852,0.263575941324234,0.020811080932617188,0.487051784992218,-0.020585600286722183,-0.3239899277687073,-0.20449130237102509,0.24179629981517792,-0.8855462074279785,0.22287626564502716,-0.19292579591274261,0.1656777709722519,-0.1289467066526413,-0.17474180459976196,-0.12779095768928528,-1.3918426036834717,-0.0758557841181755,-0.13772954046726227,-0.18640895187854767,-1.218200922012329,0.2378261387348175,0.22900545597076416,-0.1168811097741127,-0.15165628492832184,0.05659192055463791,0.15869322419166565,0.28782373666763306,0.40783873200416565,-0.15219931304454803,0.04763072729110718,-0.04411797598004341,0.025612276047468185,0.38878387212753296,-0.2519405782222748,0.14359107613563538,-0.3327844440937042,-0.19898243248462677,0.41518035531044006,-0.033121541142463684,-0.7572964429855347,-0.11609439551830292,0.284795880317688,0.1700177788734436,0.06809692829847336,0.20916993916034698,0.09214764088392258,1.1129765510559082,-0.2343890219926834,-0.04864088445901871,-0.14161622524261475,0.0929584950208664,0.13981306552886963,0.7366831302642822,0.2983493506908417,0.034102968871593475,-0.07116671651601791,-0.5809930562973022,-0.2703821361064911,-0.2550813555717468,-0.23727567493915558,0.12697848677635193,1.1305736303329468,-0.2304116189479828,-0.030877839773893356,-0.5033537149429321,0.13833226263523102,0.17879816889762878,0.0806419625878334,0.05875752121210098,-0.2287672758102417,-0.19138279557228088,0.12607832252979279,-0.1566469669342041,-0.2446284294128418,-0.14508870244026184,-0.11951854079961777,0.4447171688079834,-0.33767256140708923,-0.14065580070018768,-0.31957435607910156,0.34344062209129333,0.058341413736343384,0.0409950353205204,1.2464224100112915,-0.18934161961078644,-1.347763180732727,0.141985222697258,0.003393935738131404,-0.19399601221084595,0.248342826962471,0.4348878860473633,-0.7316464185714722,-0.07928604632616043,0.28629401326179504,0.14884179830551147,-0.01492462120950222,0.5778269171714783,-0.01605200208723545,0.0966726765036583,0.47637176513671875,-0.5760090351104736,0.14844152331352234,0.08723403513431549,0.1460995376110077,1.011422872543335,0.48641473054885864,0.023397281765937805,-0.04006597399711609,0.24232511222362518,-0.1526688039302826,-0.09929513931274414,-0.05313212424516678,0.023639634251594543,0.03783155977725983,-0.25917425751686096,-0.02500409260392189,0.817503809928894,-0.6953531503677368,0.5030476450920105,-0.08868266642093658,-0.46141237020492554,-0.041333846747875214,-0.13051970303058624,0.00019873454584740102,0.4491843283176422,0.19006530940532684,0.271732896566391,-0.40221309661865234,-0.10856065899133682,-0.07858798652887344,-0.062399785965681076,0.12862253189086914,0.11096426099538803,-0.12342443317174911,0.015286979265511036,-1.4031763076782227,-0.115910604596138,0.006631148047745228,0.4661611020565033,0.07017069309949875,-0.037825606763362885,-0.0035640657879412174,-0.2225429266691208,0.37754783034324646,0.023946482688188553,0.46285444498062134,-0.3236984610557556,-0.4863765835762024,0.0401642844080925,0.019530039280653,-0.004491025116294622,-0.2826152443885803,-0.12586431205272675,-0.10839834064245224,-0.41655415296554565,0.4071458876132965,0.05969313532114029,0.1698836386203766,-0.12783950567245483,0.22453996539115906,-0.2770007848739624,-1.0420466661453247,0.08315223455429077,-0.01891499198973179,-0.21019689738750458,0.022379260510206223,-0.10212192684412003,-0.8202129602432251,-0.09774836152791977,-0.4265986382961273,0.15841162204742432,0.11549822986125946,0.2934874892234802,-0.32646432518959045,0.47613200545310974,0.03996042534708977,-0.08754998445510864,0.030456040054559708,-0.5392125844955444,-0.14704105257987976,0.1505635380744934,0.08749020099639893,-1.3498549461364746,-0.07798527926206589,0.24189698696136475,-0.28984588384628296,0.021669406443834305,0.2429080307483673,0.027084525674581528,-0.19825704395771027,0.19453191757202148,-0.040117327123880386,-0.5604867339134216,-0.20220991969108582,0.19384273886680603,-0.03501657396554947,-0.5156925916671753,-0.24521870911121368,0.07159309089183807,-0.18713238835334778,0.10202904045581818,0.10657205432653427,-0.011975085362792015,0.038631655275821686,0.9130241274833679,0.6433814764022827,0.2868686318397522,-0.08708951622247696,0.12870316207408905,-0.14539754390716553,0.33977702260017395,-0.06926145404577255,0.10764819383621216,0.3464205861091614,0.24666611850261688,0.3492282032966614,-0.20753619074821472,0.13251802325248718,0.3743215799331665,-0.6335378289222717,-0.0925428569316864,0.17285344004631042,8.639693260192871e-05,-1.0487732887268066,0.639815092086792,-0.23925872147083282,-0.1214957982301712,0.45542773604393005,0.03996976464986801,0.18812115490436554,0.3127661645412445,0.023266810923814774,0.5187050104141235,-0.3564435839653015,-0.060233891010284424,-0.04395999759435654,-0.4296366274356842,-1.0164934396743774,0.04744315892457962,-0.07967717945575714,0.0804126113653183,-0.2297554463148117,0.4045235216617584,0.031089061871170998,-0.9804509878158569,-0.4122779369354248,0.5472649931907654,0.31949523091316223,0.41396480798721313,-0.06479651480913162,0.07423843443393707,0.18510976433753967
CID000002656,132,0.36703190207481384,0.07702471315860748,0.07992719113826752,0.40374892950057983,-0.6434165239334106,0.04878227040171623,0.20454084873199463,0.3743869662284851,0.07521544396877289,0.6209988594055176,0.032114725559949875,-0.2305157631635666,-0.09021953493356705,0.38343197107315063,0.0032339454628527164,0.14175136387348175,0.0548776276409626,-0.24877360463142395,0.2921404242515564,-0.3961620628833771,0.050941288471221924,-0.13677537441253662,0.0498809814453125,-0.9001089334487915,0.11224456131458282,-0.019285626709461212,-0.259858638048172,-0.10953302681446075,0.17030566930770874,0.4739351272583008,0.20879237353801727,0.23847432434558868,0.22719907760620117,0.15211670100688934,0.2244507521390915,-0.019330410286784172,0.14350740611553192,0.4648653566837311,0.2528802752494812,0.08087775111198425,-0.20245406031608582,0.14131900668144226,0.2716059684753418,-0.14985474944114685,-0.08209465444087982,0.12331925332546234,0.08225496113300323,-0.08015734702348709,0.01666564680635929,0.7750376462936401,0.6034153699874878,0.10554216057062149,0.061389584094285965,-0.1575285643339157,-0.10353608429431915,0.07229436188936234,0.4659610390663147,-0.046688251197338104,0.7427182197570801,-0.023310884833335876,-0.05757700279355049,-0.3710881769657135,-0.07064719498157501,-0.3968886733055115,0.16729064285755157,0.5428721308708191,0.08386842906475067,-0.11875593662261963,0.17208340764045715,-0.042761143296957016,0.10437127202749252,0.09184787422418594,-0.18881750106811523,-0.505543053150177,0.11112626641988754,0.43383416533470154,0.07015050947666168,-0.30715546011924744,-0.22263872623443604,-0.01233656145632267,-0.005798041820526123,-0.35446739196777344,-0.35702812671661377,-0.2229222059249878,0.11749247461557388,-0.24988560378551483,0.3502638638019562,0.06722452491521835,-0.04897795245051384,-0.7600201368331909,-0.0613863579928875,0.5127056837081909,-0.028681229799985886,0.15099291503429413,0.07851755619049072,-0.475104957818985,-0.12239708006381989,-0.1960078775882721,0.09370545297861099,0.23102514445781708,0.18520502746105194,0.18043367564678192,0.16411979496479034,0.19623415172100067,-0.541248619556427,0.007901271805167198,0.10255648195743561,-0.07166166603565216,0.2688693404197693,-0.11324693262577057,-0.21694990992546082,0.42207422852516174,-0.022079646587371826,-0.28506460785865784,-0.13932187855243683,0.30446308851242065,-0.47274741530418396,-0.08638608455657959,0.18343839049339294,-0.12625479698181152,0.7713707685470581,-0.3383273482322693,-0.07813241332769394,0.4414730668067932,-0.15901850163936615,0.44985756278038025,0.031527649611234665,-0.05006903409957886,0.01686050370335579,0.10687170177698135,-0.04644700139760971,-0.8251387476921082,-0.6080304384231567,0.3089166283607483,0.4454874098300934,0.15433736145496368,0.15383461117744446,0.314553827047348,0.06826259195804596,-0.14071981608867645,-0.16086474061012268,0.4412015974521637,-0.04584405571222305,0.2594207227230072,-0.1339568793773651,0.1620386838912964,-0.4138464331626892,0.7585253715515137,0.07479436695575714,0.2396111786365509,0.1323508620262146,-0.6462874412536621,-0.1787174642086029,0.1461295485496521,-0.20640870928764343,-0.24309878051280975,-0.01536551583558321,-0.327276349067688,-0.12397710978984833,0.09414047002792358,-0.07590830326080322,-0.015154982917010784,-0.07086174190044403,-0.023982128128409386,-0.3015616536140442,0.19901388883590698,0.3028847277164459,0.32153064012527466,-0.24445025622844696,0.003456857753917575,0.2744966447353363,-0.06614828109741211,-0.24268460273742676,0.03532867878675461,0.02425721287727356,-0.07504961639642715,-0.055924415588378906,0.11960017681121826,0.8079818487167358,-0.17146551609039307,-0.20581789314746857,-0.04381148889660835,-0.07187958806753159,-0.0015832316130399704,-0.10449709743261337,0.010866069234907627,-0.09379700571298599,-0.05709385126829147,0.23159587383270264,-0.4051071107387543,-0.11143086105585098,0.25956401228904724,0.07278300076723099,-0.27303969860076904,0.07261715084314346,-0.05915631726384163,0.3230251371860504,0.004757565446197987,-0.05419788882136345,-0.15827928483486176,-0.239286869764328,-0.32731708884239197,0.7827674150466919,-0.5758031010627747,-0.15203173458576202,0.12815141677856445,-0.18092948198318481,-0.04674629867076874,0.5973972678184509,0.5132856965065002,0.4472009539604187,0.19780737161636353,-0.05863914638757706,0.30536705255508423,0.010674068704247475,-0.18013319373130798,0.14115965366363525,0.29066288471221924,-0.38880425691604614,-0.16418206691741943,0.028146207332611084,-0.21496856212615967,0.12717926502227783,-0.3803200125694275,-0.22699563205242157,-0.26772648096084595,0.06198278069496155,-0.059537164866924286,0.05856165289878845,0.13019046187400818,-0.004250406287610531,0.27932772040367126,-0.3949076533317566,0.2595890164375305,-0.05732332542538643,0.053829170763492584,1.0609925985336304,-0.7307075262069702,-0.09111735969781876,-0.47588062286376953,0.14118221402168274,-0.502501368522644,-0.21377268433570862,0.18362560868263245,-0.4360918402671814,0.10950884968042374,0.015338780358433723,0.2302950918674469,-0.7560238242149353,-0.08170656114816666,-0.02523927018046379,-0.27071619033813477,0.13169972598552704,-0.3045003116130829,0.14967042207717896,-0.03813301771879196
CID000005391,133,0.32585790753364563,-0.12007739394903183,0.2246730625629425,0.17153170704841614,-0.271101176738739,0.23009447753429413,0.17895115911960602,0.46244144439697266,-0.009097625501453876,0.11034031212329865,0.20590563118457794,0.21426251530647278,0.14110668003559113,0.1043132096529007,-0.21858057379722595,-0.17451679706573486,-0.16436870396137238,-0.12157784402370453,0.07826519012451172,-0.5001113414764404,0.13746002316474915,-0.27440595626831055,0.01347377896308899,-0.7178831696510315,-0.14694134891033173,0.12741339206695557,-0.12347660958766937,-0.09539676457643509,-0.09570194035768509,0.41487908363342285,-0.09559707343578339,0.2865578532218933,-0.19877180457115173,-0.13623788952827454,0.06182081252336502,0.25765830278396606,0.19247666001319885,0.050165750086307526,0.1754058301448822,-0.18459779024124146,-0.04642372205853462,-0.19464930891990662,0.022276053205132484,-0.1152268499135971,-0.3317613899707794,0.472738653421402,-0.05950617045164108,0.0784275159239769,-0.034645430743694305,-0.014827596955001354,0.33775386214256287,-0.007906475104391575,-0.2586985230445862,-0.14028719067573547,0.4185559153556824,-0.15010638535022736,0.22991304099559784,0.3417339324951172,0.029918789863586426,-0.02823544666171074,-0.2647473216056824,-0.5691086053848267,-0.07312183082103729,-0.23058128356933594,0.2742856740951538,0.5446861386299133,-0.15617488324642181,-0.25256890058517456,0.2001684606075287,0.18617144227027893,-0.13444575667381287,0.12705358862876892,-0.4215206503868103,-0.40106749534606934,-0.5526584982872009,-0.14086027443408966,0.0018249719869345427,-0.05400392413139343,-0.01621154323220253,0.006550622172653675,0.3055834174156189,-0.3597900867462158,-0.3069332242012024,0.3112914562225342,-0.20371785759925842,-0.3934897482395172,0.39882761240005493,-0.06502395868301392,-0.007911269553005695,-0.6100084185600281,-0.026868272572755814,0.3686085641384125,-0.02126409113407135,0.0004521101654972881,-0.12591752409934998,-0.3148905336856842,-0.14176829159259796,-0.032797954976558685,0.0036729692947119474,0.3588045835494995,-0.19244816899299622,-0.02738283947110176,-0.05252210050821304,0.4410734176635742,0.08645825833082199,0.13214772939682007,-0.03529714047908783,-0.013720691204071045,0.47587981820106506,0.15033960342407227,-0.09772530943155289,-0.01662401482462883,-0.10646303743124008,-0.03917389363050461,-0.26638567447662354,0.18723538517951965,-0.10828255116939545,-0.09077189117670059,-0.139460951089859,0.28012409806251526,0.4510701298713684,-0.1592392921447754,0.4569007456302643,0.33644813299179077,0.12193131446838379,0.23906023800373077,-0.03467079997062683,-0.0010710448259487748,0.3000437617301941,0.1449929028749466,0.2494111806154251,-0.5115103721618652,-0.414984792470932,0.2710025906562805,0.18183448910713196,-0.16316688060760498,0.027372553944587708,0.10622189193964005,-0.2618595063686371,-0.4858929216861725,-0.38337093591690063,0.2577783167362213,0.24079196155071259,-0.20652326941490173,0.050307560712099075,0.13724343478679657,-0.08472849428653717,0.28881075978279114,-0.10437532514333725,0.13279394805431366,-0.009509834460914135,-0.21846947073936462,0.05742102861404419,0.10056501626968384,-0.15181343257427216,-0.14846035838127136,-0.09342770278453827,-0.5021340250968933,0.04119054600596428,0.3048367202281952,0.10343565046787262,0.1703115850687027,-0.035210564732551575,0.1978846788406372,-0.14606042206287384,0.04135943204164505,-0.4217044711112976,0.3313233256340027,0.12438593059778214,0.17008383572101593,0.03467240557074547,-0.29048851132392883,-0.43607330322265625,-0.29162701964378357,0.10783915221691132,-0.006863967981189489,0.0747765302658081,-0.2688573896884918,0.5254637002944946,-0.03509572148323059,-0.06893707811832428,-0.20783504843711853,-0.5198303461074829,-0.13109496235847473,-0.05659063905477524,0.2506856322288513,-0.27871787548065186,0.09339328855276108,-0.19599561393260956,-0.5737424492835999,-0.0023083568084985018,0.24386723339557648,0.2755407691001892,0.026883739978075027,0.04619953781366348,-0.42952069640159607,0.18937940895557404,-0.2731679379940033,0.2921523451805115,-0.22118060290813446,0.18428879976272583,-0.39278697967529297,-0.0953655019402504,-0.5697025060653687,0.10123100131750107,-0.06487558782100677,-0.07998678833246231,-0.01339036226272583,0.02293643355369568,0.317467600107193,0.25312182307243347,0.32550767064094543,0.33150985836982727,0.48147153854370117,-0.042227212339639664,-0.5470736622810364,0.12741895020008087,0.04459294676780701,-0.007802034728229046,-0.30075669288635254,-0.008432485163211823,0.05533170700073242,-0.0793837308883667,-0.358957439661026,-0.14662297070026398,-0.05475151538848877,-0.07063458114862442,-0.12922118604183197,-0.23514020442962646,0.0952756255865097,-0.01970517635345459,-0.021354228258132935,0.20580482482910156,0.03215591982007027,-0.07958541065454483,0.10624653100967407,0.2031637728214264,-0.05691011995077133,0.1123192086815834,0.03551367297768593,0.15172182023525238,-0.525592029094696,-0.18815875053405762,0.13636603951454163,-0.07000988721847534,0.1206238865852356,0.035059984773397446,0.11671984195709229,-0.5348784327507019,-0.12250149250030518,0.4780843257904053,-0.10640673339366913,-0.11790943145751953,-0.13757935166358948,0.17988702654838562,-0.08589282631874084
CID000004946,136,0.09657017141580582,0.32324084639549255,0.08364512026309967,0.36883801221847534,-0.1983882635831833,0.10670004040002823,0.17476323246955872,0.4016237258911133,0.13742725551128387,0.4004378914833069,0.11651138961315155,-0.08170904219150543,0.061923205852508545,0.19313912093639374,-0.2088557928800583,-0.1486530601978302,-0.06996946036815643,-0.18085460364818573,0.14503474533557892,-0.3806932866573334,0.16158650815486908,-0.2698139250278473,0.27664315700531006,-0.9367130398750305,-0.17677941918373108,0.05428457260131836,-0.18921563029289246,0.019506121054291725,-0.041617728769779205,0.39519137144088745,-0.3753540515899658,0.24501681327819824,0.00040863006142899394,0.0009012073278427124,-0.004694065544754267,-0.31146273016929626,-0.08387179672718048,0.2799040973186493,-0.07402978837490082,-0.21344223618507385,-0.3912307322025299,-0.12395824491977692,0.09356515109539032,-0.344488263130188,-0.026253869757056236,0.44525566697120667,0.04203091189265251,0.04252590984106064,-0.003846593201160431,0.10553653538227081,0.2574148178100586,0.06446592509746552,-0.23674702644348145,0.04053295776247978,0.2019360363483429,-0.15231896936893463,-0.16847668588161469,-0.1384989321231842,0.07144812494516373,-0.09684930741786957,-0.14529499411582947,-0.2847904860973358,-0.18712711334228516,-0.1838245838880539,0.1768355369567871,0.35271936655044556,-0.0025567873381078243,0.051405467092990875,0.29826441407203674,0.134656623005867,0.1757057011127472,-0.3611380457878113,-0.4192683696746826,-0.13888972997665405,-0.07957779616117477,0.25547459721565247,-0.0437382310628891,0.09871488064527512,-0.07855262607336044,0.16830359399318695,0.4209290146827698,-0.3740491271018982,-0.4056430459022522,-0.28877705335617065,0.3008151352405548,-0.3081061542034149,0.23733215034008026,0.1551717221736908,0.10293205827474594,-0.7424627542495728,0.04020591452717781,0.3869377672672272,0.12335781753063202,0.17528805136680603,0.13722288608551025,-0.37279847264289856,-0.10403696447610855,0.0249019805341959,0.08439166843891144,0.07366485148668289,-0.18762356042861938,0.018160510808229446,0.142713263630867,0.3376094698905945,0.24893812835216522,0.02079344540834427,0.2614325284957886,-0.053953707218170166,0.5543876886367798,0.11410091072320938,-0.11503632366657257,0.25333550572395325,-0.10794587433338165,0.011728042736649513,0.18769118189811707,0.37787383794784546,-0.08822362124919891,-0.24103112518787384,-0.10854265838861465,0.23982810974121094,0.5777840614318848,-0.11604869365692139,0.3218429386615753,0.17957106232643127,0.19466571509838104,0.0026537254452705383,-0.3245167136192322,0.09389711171388626,0.1520465910434723,-0.19430863857269287,0.26566457748413086,-0.5016302466392517,-0.2126142531633377,0.09096578508615494,0.376619815826416,-0.002642312552779913,0.30434808135032654,0.1667240709066391,0.006363797001540661,-0.05159180238842964,-0.4711681306362152,0.1860157698392868,0.14280261099338531,-0.16242730617523193,0.11826087534427643,0.0029468494467437267,-0.25015026330947876,0.3660411536693573,-0.18392571806907654,0.13545431196689606,0.1788347065448761,-0.29978999495506287,0.3329736292362213,-0.10237318277359009,-0.3221197724342346,-0.05832533910870552,0.0005697041633538902,-0.33064308762550354,0.34867554903030396,0.20808365941047668,-0.035931624472141266,0.17850877344608307,-0.02899984084069729,-0.2604462206363678,0.07066698372364044,0.013746184296905994,-0.3369441628456116,-0.05731054022908211,-0.09997569024562836,0.15421703457832336,0.03909901902079582,-0.08403225243091583,-0.2869313955307007,-0.3653110861778259,0.0035733699332922697,-0.09489522874355316,0.0676722526550293,-0.018759945407509804,0.6013070940971375,0.061834145337343216,-0.08266548067331314,0.26917025446891785,-0.32117462158203125,0.01548413373529911,0.6206275224685669,-0.11138361692428589,-0.19369731843471527,0.1526077538728714,0.09855110943317413,-0.3612601161003113,0.08557317405939102,0.03760921210050583,-0.053749632090330124,-0.09406131505966187,0.03258612006902695,-0.022205481305718422,0.1448410004377365,-0.22840210795402527,-0.11357152462005615,0.2166149616241455,0.1906985640525818,-0.14826704561710358,0.27916207909584045,-0.41557198762893677,0.04652821645140648,-0.3127672076225281,-0.05973532050848007,-0.17105638980865479,-0.021094778552651405,0.4609670639038086,0.467129647731781,-0.39243948459625244,0.4346889555454254,0.328497052192688,0.257502019405365,-0.2423534393310547,0.08804931491613388,0.13946950435638428,0.13668705523014069,-0.09267879277467728,-0.07668962329626083,-0.06667432934045792,0.19243702292442322,-0.18300452828407288,-0.13940687477588654,-0.10116077959537506,0.009454685263335705,-0.24895477294921875,-0.1337028294801712,-0.11524655669927597,0.08710114657878876,0.0510430745780468,0.33237481117248535,0.08784808218479156,0.21324384212493896,0.0340658500790596,0.3164098262786865,-0.2930813729763031,0.08736662566661835,-0.17452287673950195,0.36185526847839355,-0.5636694431304932,0.30329883098602295,0.36511605978012085,-0.12194488197565079,0.276044100522995,0.02494504116475582,-0.3137667179107666,-0.5366508364677429,-0.17792387306690216,0.24138963222503662,-0.17040935158729553,-0.161103755235672,-0.08272764086723328,0.13551081717014313,-0.08221147954463959
CID000060865,137,0.2895229458808899,0.1872955858707428,0.056287311017513275,0.28723031282424927,-0.0720154270529747,0.11849893629550934,0.18238700926303864,0.24106630682945251,-0.03958631306886673,0.0643300861120224,0.13433580100536346,0.3085293173789978,0.1973104178905487,0.09757153689861298,-0.2386816293001175,-0.1863362342119217,-0.005980664398521185,-0.3133149743080139,0.19612924754619598,-0.3503711521625519,0.07956548035144806,-0.29770246148109436,-0.14870187640190125,-0.7635245323181152,-0.11235111951828003,-0.025195538997650146,-0.40298232436180115,-0.09829074144363403,-0.019657636061310768,0.11343520879745483,-0.12174724042415619,0.32186824083328247,0.2050270289182663,0.18228138983249664,0.0619070902466774,-0.009146076627075672,0.15075258910655975,-0.006692065391689539,0.08633549511432648,-0.13755086064338684,0.034721728414297104,-0.2772065997123718,-0.026030417531728745,-0.470874547958374,-0.17986127734184265,0.46318739652633667,0.11886060237884521,-0.029814228415489197,0.2529186010360718,0.22089199721813202,0.25674378871917725,-0.023719649761915207,-0.341674268245697,-0.15041044354438782,0.20716309547424316,-0.33128461241722107,-0.10362021625041962,0.11281335353851318,-0.1541886031627655,-0.045008543878793716,-0.18653568625450134,-0.18858060240745544,-0.07398228347301483,-0.09961070120334625,0.3363114297389984,0.3965373635292053,-0.25145044922828674,-0.22873473167419434,0.26112040877342224,-0.07678090780973434,-0.008156061172485352,-0.10121633857488632,-0.3685169816017151,-0.36587613821029663,-0.3105089068412781,0.03270185366272926,0.06687869131565094,0.16805557906627655,-0.10532122850418091,0.14037588238716125,0.13000956177711487,-0.35025274753570557,-0.32803115248680115,-0.19185706973075867,-0.003326886100694537,-0.23904827237129211,0.32011762261390686,-0.021579332649707794,0.043442659080028534,-0.7672893404960632,-0.01817576214671135,0.3279479146003723,0.005086610559374094,0.16878338158130646,-0.08959644287824631,-0.3070662021636963,-0.16894297301769257,0.04131293296813965,0.27691060304641724,0.31948620080947876,-0.04737264662981033,-0.03151627629995346,-0.03832535818219185,0.21377447247505188,0.20305463671684265,0.14857226610183716,0.1554870307445526,-0.15214788913726807,0.427823930978775,-0.06169184297323227,-0.13772523403167725,0.21806912124156952,-0.36186107993125916,0.019234156236052513,0.029668772593140602,0.33113330602645874,-0.05252264812588692,-0.19842234253883362,-0.32412832975387573,0.1674702912569046,0.4636459946632385,0.008806095458567142,0.35977527499198914,0.2082524597644806,0.05276089161634445,0.02962232567369938,0.08923856914043427,0.22569915652275085,0.20282307267189026,-0.24272432923316956,0.055589981377124786,-0.35386893153190613,-0.1166187971830368,0.1390969306230545,0.10959012806415558,-0.14040866494178772,-0.059714458882808685,0.07012204080820084,-0.1599501073360443,-0.3770507872104645,-0.24711985886096954,0.02558990940451622,0.1874675750732422,-0.16980059444904327,0.03009451925754547,0.06125371530652046,-0.11088535934686661,0.278720498085022,-0.018921146169304848,0.23024412989616394,-0.06690662354230881,-0.19788070023059845,-0.05363214761018753,0.23611044883728027,-0.3593713641166687,-0.20483693480491638,0.0005343824741430581,-0.179224893450737,0.1519896537065506,0.3316527307033539,-0.08963431417942047,-0.19816479086875916,-0.10561192035675049,-0.002684640930965543,-0.11711641401052475,-0.10573267936706543,-0.4208177626132965,0.2134375274181366,-0.10806433856487274,0.28326818346977234,0.027056649327278137,-0.24816389381885529,-0.2605150043964386,-0.41775378584861755,-0.04269624128937721,-0.024175839498639107,0.19100624322891235,-0.28970304131507874,0.450348436832428,-0.06723050773143768,0.08878038823604584,-0.015473266132175922,-0.32943516969680786,-0.3800104260444641,0.1283392459154129,0.1968480944633484,-0.48676973581314087,-0.1114015132188797,-0.16075608134269714,-0.28660890460014343,0.06395770609378815,0.1677219569683075,0.258573979139328,0.040098875761032104,0.19786480069160461,-0.3639938235282898,0.19270507991313934,0.006422840058803558,0.1086234450340271,0.2089943140745163,0.2236899584531784,-0.22770234942436218,-0.022552842274308205,-0.3836090564727783,0.05059582740068436,-0.20666304230690002,-0.043703578412532806,-0.10376115143299103,0.03968111425638199,0.3242885172367096,0.3946816921234131,-0.25976723432540894,0.26336362957954407,0.2537993788719177,0.11771795898675919,-0.3146236538887024,0.09351196140050888,-0.04608361795544624,0.005710527300834656,-0.2023690640926361,0.012077370658516884,-0.140546515583992,-0.11961734294891357,-0.2813517153263092,0.004047460854053497,0.015970349311828613,-0.2590811848640442,-0.003297138959169388,-0.01661796309053898,-0.1215953379869461,-0.01870201900601387,-0.13765865564346313,0.2765500545501709,0.07803214341402054,0.0027850158512592316,0.2638341188430786,0.16726334393024445,-0.27396827936172485,0.02367386594414711,-0.18766677379608154,0.44625434279441833,-0.6006629467010498,0.19172057509422302,0.1955580860376358,-0.2422095090150833,0.10504553467035294,0.3468659520149231,0.07795615494251251,-0.364609956741333,-0.12528526782989502,0.2838858962059021,-0.17931711673736572,0.06964319199323654,-0.056354738771915436,0.02814958617091179,-0.011915790848433971
CID000001302,138,0.18517468869686127,0.012156663462519646,0.17014175653457642,0.30428579449653625,-0.2586997151374817,0.06437182426452637,-0.031688228249549866,0.32408851385116577,-0.10409794747829437,0.1449631005525589,-0.15731191635131836,0.015172779560089111,-0.09795492887496948,0.18246887624263763,-0.07364990562200546,-0.10983960330486298,-0.22408947348594666,0.014247901737689972,-0.13728386163711548,-0.40485748648643494,0.329664945602417,-0.14192786812782288,0.3579782247543335,-0.8109814524650574,-0.22702893614768982,0.2589573264122009,-0.4871310293674469,-0.18331018090248108,0.09481734037399292,0.1721075028181076,-0.35952386260032654,0.3307708501815796,0.18708693981170654,0.4346591532230377,0.07502231001853943,0.05420225113630295,0.42338141798973083,-0.005785071291029453,0.13127341866493225,-0.12570855021476746,0.006285965442657471,-0.15790173411369324,0.07581087946891785,-0.4071207642555237,-0.02532564103603363,0.23361635208129883,0.045479413121938705,0.1632070541381836,0.17770066857337952,-0.18375030159950256,0.4731530249118805,0.22820980846881866,-0.14231474697589874,-0.04054718092083931,0.11907316744327545,-0.2494361847639084,-0.03290878236293793,0.34648972749710083,0.17132090032100677,0.1749558299779892,-0.3916770815849304,-0.39417463541030884,0.19706055521965027,-0.28651148080825806,0.18007305264472961,0.6468456387519836,-0.13202472031116486,-0.02192748710513115,0.08378840982913971,-0.03682766109704971,0.17999866604804993,-0.20785391330718994,-0.473004013299942,-0.4488527774810791,-0.049868665635585785,-0.10838043689727783,-0.17069143056869507,-0.12261448055505753,-0.07057170569896698,-0.1807301789522171,0.2531740069389343,-0.23023028671741486,-0.4027130603790283,-0.2359372079372406,-0.10098731517791748,-0.2920891344547272,0.60987389087677,0.13885311782360077,0.1553695946931839,-1.0081309080123901,-0.025290776044130325,0.18119068443775177,0.10753421485424042,0.03573080524802208,0.006799086928367615,-0.5147219896316528,-0.0007662147399969399,0.0032954991329461336,0.27859029173851013,1.034993052482605,0.3342002034187317,0.1602093130350113,0.0917014330625534,0.5290406346321106,-0.06456644088029861,0.06355458498001099,-0.051672495901584625,0.10212983936071396,0.23400931060314178,-0.04884803667664528,0.10632677376270294,0.18449954688549042,-0.34536248445510864,-0.15582391619682312,-0.02214358188211918,0.0771750882267952,-0.2142302244901657,-0.12637443840503693,-0.22101452946662903,0.10554730892181396,0.4087403416633606,-0.12796267867088318,0.2901061773300171,0.2444748431444168,0.18290261924266815,0.1396496593952179,0.12087550014257431,-0.10872632265090942,0.24927115440368652,0.15630944073200226,0.12924519181251526,-0.29559215903282166,-0.19625826179981232,-0.003565156366676092,-0.015478665009140968,0.1552998572587967,0.08290344476699829,0.0024766966234892607,-0.05641437694430351,-0.6289117336273193,-0.29611366987228394,0.15958340466022491,0.21764154732227325,-0.17469120025634766,0.08770103752613068,0.45371270179748535,-0.11563271284103394,0.4731556475162506,0.011138898320496082,0.1634846031665802,0.16456051170825958,-0.18586774170398712,0.11764273792505264,0.5552778244018555,-0.22269269824028015,-0.05383934825658798,-0.16493536531925201,-0.10817649215459824,0.19109781086444855,0.489483505487442,-0.11798746883869171,-0.2265949249267578,0.029389763250947,0.10620389133691788,-0.41086411476135254,-0.19905909895896912,-0.05725861340761185,0.14114001393318176,0.2316552847623825,0.2758622467517853,0.08057834953069687,-0.290449321269989,-0.36665332317352295,-0.2976823151111603,0.06520296633243561,0.20943832397460938,0.2849190831184387,-0.34335583448410034,0.4384940564632416,-0.1774774044752121,0.07391264289617538,-0.13308969140052795,-0.43494850397109985,-0.17024850845336914,0.36460793018341064,0.2704034149646759,-0.5070427656173706,0.027829254046082497,0.09962451457977295,-0.4749634861946106,-0.17742684483528137,0.2637452483177185,0.07193264365196228,-0.11005552858114243,0.26007431745529175,-0.19788295030593872,0.044806547462940216,0.07366621494293213,0.2551007866859436,0.0030364824924618006,-0.050353921949863434,-0.25947314500808716,-0.04698539525270462,-0.22118952870368958,0.11465133726596832,0.01638355851173401,0.05270124226808548,0.0025214075576514006,0.4395414888858795,0.3445068299770355,0.443591833114624,-0.04926622658967972,0.2239399254322052,0.32515332102775574,-0.0011244028573855758,-0.8518457412719727,0.30627286434173584,-0.02631254866719246,0.03095392882823944,-0.21640796959400177,-0.10722632706165314,-0.0242422167211771,0.0036125541664659977,-0.4198288321495056,-0.41212931275367737,-0.1407071053981781,-0.06035320833325386,-0.09640250355005264,0.2256830483675003,-0.07821904122829437,0.012585860677063465,0.21252653002738953,0.3039770722389221,0.05695992708206177,-0.14554791152477264,-0.0033709555864334106,0.4435874819755554,-0.43515968322753906,-0.02395862340927124,-0.19441914558410645,0.4701234698295593,-0.7354611754417419,-0.013982261531054974,0.145366832613945,-0.15466967225074768,0.26177650690078735,0.006668987683951855,0.20759613811969757,-0.4900628924369812,-0.11974287033081055,0.25566181540489197,-0.025575334206223488,-0.013228535652160645,-0.07976127415895462,-0.10374317318201065,-0.056095343083143234
CID000002678,139,0.22022446990013123,-0.13179989159107208,0.2151956558227539,0.4222453236579895,-0.599349856376648,0.06946146488189697,0.26078954339027405,0.21560528874397278,0.10567569732666016,0.12852835655212402,0.1707766205072403,-0.009997713379561901,-0.0021881568245589733,0.09471351653337479,-0.2785116136074066,-0.1705939918756485,0.019127797335386276,0.06926174461841583,0.16136965155601501,-0.5085359811782837,0.06329449266195297,-0.12833888828754425,0.19448232650756836,-0.8139582872390747,0.09197954833507538,0.21741554141044617,-0.0844782367348671,-0.07308982312679291,-0.01044374704360962,0.11288075149059296,0.2454194277524948,0.20265793800354004,0.14323261380195618,0.11106371879577637,-0.09171850979328156,0.03606010600924492,0.30233606696128845,0.03221578523516655,0.22844672203063965,0.02620973065495491,-0.018875690177083015,0.003646980971097946,0.11760713160037994,-0.22351816296577454,-0.15370193123817444,0.2971189320087433,0.019426682963967323,0.054956723004579544,0.17259417474269867,0.09708035737276077,0.3876050114631653,0.022053111344575882,-0.21412578225135803,0.08931699395179749,-0.09436657279729843,-0.07291173189878464,0.23231859505176544,0.12255780398845673,-0.06730222702026367,-0.1460350751876831,-0.24803319573402405,-0.1687067449092865,0.2096528708934784,-0.1511409729719162,0.05996222421526909,0.3314872086048126,-0.22508041560649872,0.08154160529375076,0.15720990300178528,0.1440323293209076,-0.14716032147407532,0.18773677945137024,-0.19396193325519562,-0.3831893503665924,-0.20415198802947998,0.023962635546922684,0.09362386167049408,0.010557400994002819,0.10292121022939682,0.08376351743936539,-0.011967694386839867,-0.7307369709014893,-0.23064617812633514,0.179407998919487,0.019322646781802177,0.002981293248012662,0.5118548274040222,0.025214487686753273,-0.14965197443962097,-0.7649604082107544,-0.19182837009429932,0.1532270759344101,0.030108029022812843,-0.06978821754455566,0.26599130034446716,-0.16517001390457153,-0.13426180183887482,0.050124477595090866,-0.010663759894669056,0.6124963164329529,-0.02368118427693844,0.055468715727329254,-0.07461991161108017,0.19706016778945923,-0.11522151529788971,-0.054757166653871536,-0.2972695231437683,-0.048403095453977585,0.4391072392463684,-0.12993285059928894,0.002626014407724142,0.1281813085079193,-0.042008645832538605,-0.14785632491111755,-0.0909615010023117,0.15238884091377258,-0.053969837725162506,-0.16718418896198273,-0.18955937027931213,0.24604949355125427,0.7151439189910889,-0.048995476216077805,0.196292906999588,0.11448033154010773,0.02583027444779873,0.03533751517534256,0.03718791902065277,-0.067875936627388,0.30692166090011597,0.10386727005243301,0.2352234125137329,-0.6455176472663879,-0.4183647036552429,0.2136842906475067,0.14258502423763275,0.001000648713670671,0.11767454445362091,0.2052505761384964,-0.25789937376976013,-0.30558905005455017,-0.33430251479148865,0.07084791362285614,0.15504205226898193,-0.1657605916261673,0.03632505610585213,0.3078504800796509,-0.19030986726284027,0.5088011026382446,-0.06360943615436554,0.14208033680915833,0.26022037863731384,-0.3924939036369324,0.1520310342311859,0.2153504192829132,-0.40309175848960876,-0.2305934727191925,-0.06845688819885254,-0.07597741484642029,-0.15959380567073822,0.2147664576768875,-0.0999959334731102,0.12965676188468933,0.09440706670284271,0.29315465688705444,-0.1530979573726654,-0.21347001194953918,-0.40808209776878357,0.14012987911701202,-0.006916034035384655,0.11653925478458405,0.07833079993724823,-0.09777414798736572,-0.18922361731529236,-0.24353358149528503,-0.006408740766346455,0.003688949393108487,0.28814634680747986,-0.18212905526161194,0.41912204027175903,0.06111407279968262,0.09633975476026535,0.25562477111816406,-0.06767164170742035,-0.11414413154125214,-0.007819563150405884,0.19867929816246033,-0.3964710831642151,0.13455934822559357,-0.23603181540966034,-0.19920292496681213,-0.19966943562030792,0.12428494542837143,0.13187026977539062,-0.08370622247457504,0.01314826775342226,0.035120122134685516,0.11922097206115723,-0.08702630549669266,0.11478469520807266,-0.2232392132282257,-0.06961553543806076,-0.34416040778160095,0.10030119121074677,-0.46009549498558044,-0.08669827878475189,-0.07671533524990082,-0.18194499611854553,-0.0678938627243042,0.2900085747241974,0.3965746760368347,0.30476897954940796,0.3346283435821533,0.21352899074554443,0.14716002345085144,0.06102125719189644,-0.5626469850540161,-0.11211754381656647,0.2648284435272217,0.027385180816054344,-0.06333516538143158,0.011653339490294456,-0.13662442564964294,0.30016088485717773,-0.188205286860466,-0.07183820009231567,-0.012237345799803734,-0.016589676961302757,0.025917690247297287,0.07238554209470749,-0.04829956591129303,-0.1294194757938385,-0.04248148202896118,0.16206613183021545,-0.1358063519001007,-0.2699872553348541,0.08583135902881622,0.3973742127418518,-0.4014722406864166,-0.01161557249724865,-0.14003509283065796,0.05334489420056343,-0.4910963475704193,0.0751803070306778,0.17822596430778503,-0.14174632728099823,0.06419818103313446,0.16111090779304504,0.27314919233322144,-0.8087416887283325,-0.21373851597309113,0.06993743032217026,-0.20655322074890137,-0.003074693726375699,-0.13725775480270386,-0.11503463983535767,0.07650339603424072
CID000004634,140,0.020632905885577202,-0.03007933869957924,0.04867393523454666,0.34287887811660767,-0.3352389633655548,0.15004493296146393,0.20058444142341614,0.3192647099494934,0.11106093972921371,0.17399920523166656,-0.19574740529060364,0.030556023120880127,-0.02376255951821804,0.1701783686876297,-0.012964343652129173,-0.14352253079414368,-0.1481236219406128,0.1367959827184677,-0.026798134669661522,-0.5779579877853394,-0.06774841248989105,-0.16141709685325623,-0.11688200384378433,-0.8849859237670898,0.17064836621284485,0.16949594020843506,-0.06503182649612427,-0.17269694805145264,-0.07581230252981186,0.019144710153341293,-0.09730471670627594,0.348703533411026,0.34415125846862793,0.04493708536028862,-0.04101315140724182,0.05048064514994621,0.2052021473646164,0.034935325384140015,0.2282167226076126,-0.19305452704429626,-0.12684962153434753,-0.2013043910264969,0.24845783412456512,-0.1847861260175705,-0.023468350991606712,0.34116238355636597,-0.03435219079256058,0.07989131659269333,0.014020688831806183,0.005602280609309673,0.515994131565094,0.24644017219543457,-0.16566404700279236,-0.11711259186267853,0.15733328461647034,-0.15800707042217255,0.29955944418907166,0.26740458607673645,0.08606930077075958,0.18448272347450256,-0.07411454617977142,-0.2945661246776581,-0.08518704026937485,-0.06927337497472763,0.04634202644228935,0.48512500524520874,-0.08533689379692078,-0.0002147868217434734,0.15956708788871765,-0.10224796831607819,0.21037688851356506,-0.039971280843019485,-0.3329920172691345,-0.4388309419155121,-0.13650169968605042,0.10963813215494156,-0.2629196047782898,-0.07897767424583435,-0.23624801635742188,-0.16128429770469666,0.148691788315773,-0.43092018365859985,-0.326193630695343,-0.18970732390880585,0.03371206670999527,-0.2628757655620575,0.18003305792808533,0.08449666202068329,0.050218068063259125,-0.8638775944709778,-0.16935685276985168,0.01651296764612198,0.17968647181987762,0.11698801815509796,0.05896644666790962,-0.16836805641651154,-0.1447811871767044,-0.19712400436401367,-0.07229097932577133,0.28137028217315674,0.0733049064874649,-0.13078050315380096,0.10550165176391602,0.3298751711845398,-0.16755159199237823,-0.02692415937781334,-0.14608639478683472,0.4354996085166931,0.4747902452945709,0.15369291603565216,-0.04340870678424835,-0.02916356548666954,-0.07294274866580963,-0.061331331729888916,-0.2030552327632904,-0.038478266447782516,-0.002781414892524481,-0.04059745743870735,0.03555571287870407,0.12736666202545166,0.7328792810440063,-0.017285704612731934,0.1955963671207428,0.13013239204883575,0.038573868572711945,-0.019084904342889786,-0.03875989839434624,0.022042587399482727,0.33345574140548706,0.09288714826107025,0.15811842679977417,-0.47753897309303284,-0.3740456998348236,0.2668129503726959,0.25614607334136963,0.018356269225478172,0.15290801227092743,0.2314651906490326,0.1442987471818924,-0.47068801522254944,-0.23622281849384308,0.17019429802894592,0.13551238179206848,-0.082444928586483,0.018474262207746506,0.3075637221336365,0.07285989075899124,0.42213231325149536,0.0018453181255608797,0.05909831449389458,-0.15474513173103333,-0.4276309609413147,-0.0734209343791008,0.11097798496484756,-0.3414079248905182,-0.10959835350513458,-0.023436207324266434,-0.0625220388174057,0.25265082716941833,0.3349510133266449,-0.28895634412765503,0.06178046390414238,0.06688746809959412,-0.08592414110898972,0.01919330283999443,-0.1482556164264679,-0.05719790980219841,0.08624589443206787,-0.03491952642798424,0.20760269463062286,0.26465684175491333,-0.23480919003486633,-0.23226742446422577,-0.2775806486606598,0.16013866662979126,-0.07422004640102386,-0.041404031217098236,-0.14900746941566467,0.5937071442604065,-0.12043075263500214,-0.07020226866006851,-0.018073517829179764,-0.31139716506004333,-0.12080671638250351,-0.11467645317316055,0.4094216823577881,-0.2296973168849945,-0.17079046368598938,0.23301632702350616,-0.2638569176197052,0.1699552834033966,0.1858111023902893,0.05759856849908829,-0.13846378028392792,0.21143598854541779,-0.1705842912197113,0.05635716766119003,0.2376643419265747,-0.05853892117738724,-0.025481242686510086,0.07298941910266876,-0.31853318214416504,-0.07341504842042923,-0.17012719810009003,0.3084193170070648,0.06376694142818451,-0.024566836655139923,0.03309077024459839,0.2133149355649948,0.5460150837898254,0.28324419260025024,-0.13642753660678864,0.2477066069841385,0.44243431091308594,-0.10871347039937973,-0.3172089159488678,0.3066856265068054,0.23425574600696564,0.14496289193630219,0.14723651111125946,0.04014090821146965,-0.11544875800609589,0.08284628391265869,-0.17949385941028595,-0.005595310125499964,-0.16529956459999084,-0.01613745652139187,-0.3734557330608368,0.12662522494792938,-0.0870404839515686,-0.12661385536193848,-0.12187802791595459,0.09591299295425415,0.02110835537314415,0.020462509244680405,-0.3645739257335663,0.3574022054672241,-0.15944735705852509,0.06653381884098053,-0.026312196627259254,0.0579506978392601,-0.5017175674438477,-0.011745715513825417,0.2804343104362488,-0.1398707926273346,0.11591038852930069,-0.19797460734844208,0.236046701669693,-0.7162905335426331,-0.22829516232013702,0.10369527339935303,-0.3088918626308441,-0.15904857218265533,-0.02691001258790493,-0.05495215207338333,0.04404916614294052
CID000125889,141,0.298710435628891,-0.033980026841163635,-0.15553441643714905,0.6235570311546326,-0.4796903729438782,0.2274734526872635,0.3748199939727783,0.18415935337543488,0.08570792526006699,0.11718614399433136,0.0018826723098754883,-0.1347365528345108,-0.41479364037513733,0.30952244997024536,0.034197114408016205,-0.15624666213989258,0.31816720962524414,-0.20757248997688293,-0.12933406233787537,-0.6211468577384949,0.008833887986838818,0.02660423517227173,-0.005232673138380051,-0.8876267671585083,0.0861000195145607,-0.1773136556148529,0.09924042224884033,-0.15672437846660614,0.07028643786907196,0.06798883527517319,0.4369412958621979,0.3269480764865875,-0.1029319316148758,-0.0518781915307045,-0.02873286046087742,-0.18648776412010193,0.08144774287939072,-0.1090918779373169,-0.07824936509132385,0.11749370396137238,0.09253336489200592,0.16595454514026642,-0.05964888259768486,-0.20968444645404816,0.08140124380588531,0.4049665331840515,0.16316479444503784,0.019258031621575356,-0.08850552886724472,0.269915908575058,0.5645040273666382,0.04083251953125,-0.2437114417552948,-0.2510809898376465,0.003236627671867609,-0.058031629770994186,0.2926974892616272,0.011039095930755138,0.07272543758153915,-0.09959454089403152,-0.055953092873096466,-0.3647913336753845,-0.060431867837905884,-0.043352000415325165,-0.23583297431468964,0.6802660226821899,-0.2877562642097473,-0.4633643627166748,0.17962417006492615,0.19436001777648926,-0.14859166741371155,-0.15896137058734894,-0.21584343910217285,-0.387400358915329,-0.48950105905532837,0.3099822402000427,0.20828381180763245,0.20288586616516113,0.1540561020374298,-0.16781017184257507,0.5019925832748413,-0.5405833125114441,-0.39917588233947754,-0.18840137124061584,0.10482306778430939,-0.03197406977415085,0.08459718525409698,0.45102158188819885,-0.19687581062316895,-0.7115849256515503,-0.13959090411663055,0.05743847414851189,0.13603489100933075,0.008871471509337425,-0.08433767408132553,-0.3328491747379303,-0.3062836825847626,0.09478555619716644,0.0117813590914011,0.15845288336277008,-0.22373123466968536,0.19715692102909088,-0.041497308760881424,0.17070217430591583,-0.13398590683937073,0.0002706974628381431,-0.11970365047454834,-0.3043595850467682,0.6334708333015442,-0.046300534158945084,-0.010673549957573414,0.029800694435834885,0.05887702852487564,-0.2905905842781067,-0.2034430205821991,0.13910332322120667,-0.11667828261852264,-0.050859224051237106,-0.09784696996212006,-0.02557283081114292,0.8303511738777161,-0.0018653154838830233,0.3165286183357239,-0.24525344371795654,0.27012157440185547,0.09724756330251694,0.16792736947536469,0.257027804851532,0.2086423635482788,-0.05546548217535019,-0.028992807492613792,-0.572138786315918,-0.3825926184654236,0.2584937810897827,-0.030214261263608932,0.5719708204269409,0.21968284249305725,0.23808887600898743,-0.05379211902618408,-0.2720872759819031,-0.05192679166793823,0.3491710424423218,0.16564682126045227,-0.12890556454658508,-0.04854709282517433,0.2691490650177002,0.04407302290201187,0.6060670614242554,-0.18845990300178528,-0.15119007229804993,-0.0003636181354522705,-0.5258902311325073,-0.17898228764533997,0.25622478127479553,-0.20510455965995789,-0.013498924672603607,0.11224327981472015,-0.2046642005443573,-0.3467634320259094,0.09079720079898834,0.20070955157279968,0.1289292722940445,-0.04036242514848709,-0.11044400930404663,-0.12249034643173218,-0.3556639552116394,-0.01759810373187065,0.43386468291282654,0.21035628020763397,0.014723146334290504,-0.13828261196613312,-0.27779099345207214,0.3137100636959076,-0.200356125831604,0.13847044110298157,0.025987494736909866,0.08968241512775421,-0.5392000675201416,0.46046948432922363,-0.006848073098808527,-0.15140171349048615,0.05105294659733772,-0.10090967267751694,-0.01660841703414917,0.10284119844436646,0.027846187353134155,-0.44953465461730957,0.11422109603881836,0.42191267013549805,-0.2451329231262207,-0.017672616988420486,-0.0903392881155014,0.23061390221118927,-0.20473182201385498,0.3382544219493866,-0.477595716714859,-0.18668095767498016,-0.11031415313482285,0.21046653389930725,0.04108796268701553,-0.37068822979927063,-0.47777804732322693,-0.0338546521961689,-0.33823931217193604,-0.10424795001745224,-0.16507156193256378,-0.1386825293302536,0.2554914951324463,0.0918441042304039,0.6296376585960388,0.3083343207836151,-0.041027914732694626,0.002688282635062933,0.07154283672571182,-0.1567024290561676,-0.17998796701431274,0.05576469749212265,0.617540180683136,-0.12348468601703644,0.2329655885696411,0.047057416290044785,0.0654168576002121,0.11805037409067154,-0.27334165573120117,-0.33494871854782104,0.14144787192344666,-0.2110956460237503,-0.1286277323961258,-0.299100399017334,0.1119198426604271,-0.15061792731285095,0.21330662071704865,0.13142918050289154,-0.06991539150476456,-0.16890046000480652,0.1466890573501587,0.33787208795547485,-0.4760564863681793,0.014009696431457996,-0.1910828799009323,-0.07439757883548737,-0.5513476133346558,-0.38369011878967285,0.35371527075767517,-0.0904482752084732,0.04838030785322189,0.0888516902923584,0.3520892262458801,-0.9752934575080872,-0.3364967405796051,0.43333593010902405,-0.5763059258460999,-0.2512642741203308,-0.3248448967933655,-0.044457606971263885,0.17073377966880798
CID000002771,148,0.14994695782661438,0.08065824955701828,0.062248874455690384,0.3720088601112366,-0.399191677570343,0.09985274821519852,0.2930822968482971,0.23794011771678925,0.25015297532081604,0.25978073477745056,0.10393897444009781,0.1124797835946083,-0.08638550341129303,0.16080011427402496,-0.20157480239868164,-0.2920566499233246,-0.07603930681943893,-0.25344881415367126,0.14207687973976135,-0.5255314707756042,0.07455156743526459,-0.19317002594470978,-0.08411236107349396,-0.8660569190979004,-0.13123105466365814,-0.04981372877955437,-0.052510686218738556,0.18158483505249023,0.1138077974319458,0.22245045006275177,-0.3188425898551941,0.13629737496376038,0.03968553617596626,0.0780104547739029,-0.0711672380566597,-0.1175314337015152,0.11289741843938828,0.06466806679964066,0.14724425971508026,-0.05791338160634041,0.03527555242180824,-0.06813957542181015,0.281179279088974,-0.2912813425064087,-0.12543359398841858,0.35319751501083374,-0.002548468066379428,0.07428021728992462,-0.11895465850830078,0.0480881929397583,0.23135578632354736,0.052930910140275955,-0.2074199914932251,-0.11589368432760239,0.16035497188568115,-0.22401781380176544,-0.061207134276628494,-0.04098912328481674,0.0007409456884488463,-0.012823057360947132,-0.23374733328819275,-0.13571754097938538,-0.02973431721329689,-0.03458337113261223,0.04279632121324539,0.39503398537635803,-0.1858677864074707,-0.14753970503807068,0.04414636641740799,-0.07465260475873947,0.001774084521457553,0.0716271623969078,-0.28695109486579895,-0.34001103043556213,-0.26599591970443726,0.17642220854759216,0.07818269729614258,0.06880290806293488,0.056972913444042206,0.20263922214508057,0.05512946844100952,-0.5579507946968079,-0.21501524746418,-0.1619231253862381,0.13223688304424286,-0.03921625018119812,0.10823202133178711,0.09466804563999176,0.0034085451625287533,-0.7072529792785645,-0.08842752128839493,0.18333354592323303,0.07475577294826508,0.07579322159290314,0.1446686089038849,-0.23734886944293976,0.0369914211332798,0.15908482670783997,0.1366354078054428,-0.04366292431950569,-0.1644252985715866,-0.006398131605237722,0.012613192200660706,0.2565252184867859,0.07195056974887848,-0.0755784809589386,0.13807444274425507,0.38223859667778015,0.5184600949287415,-0.05893119052052498,-0.054016731679439545,0.17576798796653748,-0.039583753794431686,-0.204477459192276,0.033080410212278366,0.07906752079725266,-0.00041072070598602295,0.11165797710418701,-0.12789283692836761,0.1237381249666214,0.6398335695266724,-0.1652999073266983,0.2536340057849884,0.3103720247745514,0.19739532470703125,-0.0840311199426651,0.016532104462385178,-0.0213996060192585,0.11700379848480225,-0.09720902144908905,0.10184770822525024,-0.5016063451766968,-0.31494203209877014,0.17941996455192566,0.30465489625930786,-0.08622376620769501,0.2273075133562088,0.17620167136192322,0.04656535014510155,-0.07407820969820023,-0.2446722686290741,-0.0036191106773912907,0.012945257127285004,-0.3016963601112366,0.09058300405740738,-0.025636499747633934,-0.12338149547576904,0.2520942986011505,-0.10611055046319962,0.12000058591365814,0.10241055488586426,-0.4269094467163086,0.17771916091442108,0.15892881155014038,-0.23274394869804382,0.17678989470005035,-0.046495504677295685,-0.0450952984392643,0.29864001274108887,0.2528182864189148,-0.034349579364061356,0.01444291602820158,-0.07453347742557526,-0.06854978203773499,-0.20320343971252441,-0.14838863909244537,-0.28516483306884766,0.210245281457901,-0.07841868698596954,0.051148831844329834,0.10707522928714752,-0.21247199177742004,-0.07623988389968872,-0.23314376175403595,0.07562868297100067,-0.0951128825545311,0.11506955325603485,-0.16271954774856567,0.43627041578292847,0.03604644909501076,0.10898385941982269,0.10606954246759415,-0.23215802013874054,-0.20641525089740753,0.14587098360061646,0.16398103535175323,-0.213910311460495,0.062498174607753754,-0.10417189449071884,-0.24739909172058105,-0.11597056686878204,-0.010528738610446453,-0.05688072368502617,-0.0039453329518437386,0.10341858863830566,-0.23715224862098694,-0.0996810793876648,0.08556196838617325,0.06887534260749817,0.047561243176460266,0.10369431972503662,-0.2663594186306,0.21476614475250244,-0.5891059637069702,-0.054466377943754196,-0.162682443857193,-0.025056932121515274,-0.17541347444057465,0.010303294286131859,0.45590606331825256,0.33656367659568787,-0.20398052036762238,0.3345332741737366,0.03186623007059097,0.13803991675376892,-0.06445540487766266,-0.09021344035863876,0.22869865596294403,0.08490212261676788,0.19841258227825165,-0.17897722125053406,-0.08876845240592957,0.16848507523536682,-0.17073416709899902,0.1816336214542389,0.15395668148994446,-0.10311168432235718,-0.08332854509353638,-0.07952112704515457,-0.0838693380355835,-0.02973071299493313,0.02933330461382866,0.20903941988945007,0.03674880787730217,0.02272721566259861,-0.16413986682891846,0.23843160271644592,-0.18875309824943542,0.17916779220104218,-0.1744455099105835,0.10287873446941376,-0.40320318937301636,0.17641401290893555,0.2090286910533905,-0.17173342406749725,-0.05314656347036362,-0.05433421581983566,0.040935296565294266,-0.6525200009346008,-0.051540255546569824,0.22080282866954803,-0.23734967410564423,-0.14006151258945465,-0.0253475122153759,0.1061178669333458,0.1803843080997467
CID000003640,149,0.05996949225664139,0.10761092603206635,0.06775499880313873,0.14301493763923645,-0.2049507200717926,0.12817704677581787,0.1027243360877037,0.45323458313941956,0.05902199074625969,0.24040654301643372,-0.21007397770881653,-0.03468429297208786,-0.41557836532592773,0.2031811773777008,-0.2811294198036194,-0.14377233386039734,-0.008856100961565971,-0.013926142826676369,0.10169859975576401,-0.2864440977573395,0.29353952407836914,-0.2732008993625641,0.04653741419315338,-0.7460789084434509,0.12166746705770493,0.4794667363166809,-0.2918015122413635,-0.3562104403972626,0.07692988961935043,0.20663408935070038,-0.1839013695716858,0.45842260122299194,-0.09513455629348755,0.20373432338237762,-0.14189210534095764,0.02615891769528389,0.14175431430339813,0.11822707951068878,-0.06853998452425003,-0.24810771644115448,-0.13883881270885468,-0.3112161457538605,0.1108955517411232,-0.4306849539279938,-0.009603552520275116,0.06783124059438705,0.06921373307704926,-0.07214861363172531,-0.0373527929186821,0.18109285831451416,0.21233944594860077,0.06810400635004044,-0.45365333557128906,0.003454463556408882,0.06476367264986038,-0.06660852581262589,-0.20408812165260315,0.0004903383669443429,0.14506854116916656,0.15199413895606995,-0.307038277387619,-0.3936978280544281,0.0907425582408905,-0.0888843983411789,0.24300110340118408,0.503462553024292,-0.10582242161035538,-0.022348549216985703,0.1314210593700409,-0.08489353954792023,0.06090543791651726,-0.19409462809562683,-0.5730212330818176,-0.45449161529541016,-0.371216356754303,0.014421197585761547,-0.3121308982372284,0.004073110409080982,-0.06777618080377579,0.052134014666080475,-0.0436306893825531,-0.1921011060476303,-0.3096572756767273,0.0801532045006752,-0.0021598488092422485,-0.08900900185108185,0.14366619288921356,0.6493748426437378,-0.16406658291816711,-0.7063497304916382,0.059901826083660126,0.39399102330207825,-0.007577532436698675,-0.2893769145011902,-0.16351370513439178,-0.5553773641586304,-0.33783426880836487,-0.13352873921394348,0.3065427839756012,0.07468704134225845,-0.19370853900909424,0.018661266192793846,-0.1248674988746643,0.487373024225235,0.3721608519554138,0.010067565366625786,-0.13825221359729767,-0.13398995995521545,0.2191031277179718,-0.18831315636634827,-0.14385464787483215,0.042113788425922394,-0.30102282762527466,0.0560946948826313,-0.11973444372415543,0.3468979299068451,-0.06756798923015594,0.14172060787677765,-0.3187966048717499,0.11631357669830322,0.33119842410087585,-0.39798831939697266,0.2370336502790451,0.37369775772094727,-0.05279679223895073,0.22754184901714325,0.17104968428611755,0.21010105311870575,0.3665781021118164,-0.12828145921230316,0.002371677663177252,-0.3162268400192261,-0.2511577308177948,0.19010290503501892,0.20203760266304016,0.1687207818031311,0.06801578402519226,0.2509785294532776,0.23348291218280792,-0.1621244251728058,-0.1286708563566208,0.33741825819015503,0.10354617983102798,-0.23636993765830994,0.019089508801698685,0.2608223557472229,-0.19772405922412872,0.24767978489398956,-0.33432403206825256,0.30622297525405884,0.01385979913175106,-0.11163753271102905,-0.07025371491909027,-0.18662770092487335,-0.31507763266563416,-0.15386316180229187,-0.0067408764734864235,-0.4183233678340912,0.201167032122612,0.4135083258152008,-0.13470888137817383,-0.1537082940340042,0.032105930149555206,0.12516339123249054,-0.15117326378822327,0.057595837861299515,0.04244071990251541,-0.1868085414171219,-0.013757899403572083,0.35244858264923096,0.16003075242042542,-0.2112288773059845,-0.21890497207641602,-0.13701024651527405,0.0778454840183258,-0.09053181111812592,0.16149741411209106,-0.2139270305633545,0.27859529852867126,-0.16556081175804138,0.2256910502910614,0.0558348074555397,-0.18472692370414734,-0.0880456194281578,0.4264349341392517,0.03738739714026451,-0.10643486678600311,0.036760471761226654,0.2638951241970062,-0.42973485589027405,-0.11273250728845596,0.1337476670742035,0.2566731870174408,0.1003933697938919,0.09948708117008209,-0.035951513797044754,0.29357993602752686,-0.027552206069231033,0.08904484659433365,0.25674641132354736,0.41604775190353394,-0.59681236743927,0.06064968183636665,-0.3455730378627777,0.23702681064605713,0.0555296428501606,-0.03980724513530731,-0.0673166960477829,0.3700762987136841,0.543861985206604,0.3693382441997528,0.2008512020111084,0.4486587941646576,0.0492471419274807,0.4033389687538147,-0.11874645948410034,-0.020125966519117355,-0.0067504048347473145,-0.011425779201090336,-0.20710213482379913,-0.017438257113099098,0.20954017341136932,-0.22363296151161194,-0.5282435417175293,-0.547719419002533,-0.15473522245883942,-0.27777329087257385,-0.5317130088806152,-0.17157921195030212,-0.12382795661687851,0.04472183436155319,0.11202825605869293,0.3716967701911926,0.016209915280342102,-0.15800507366657257,0.14918938279151917,0.436027854681015,-0.5926212072372437,0.07151789963245392,-0.08969093859195709,0.42388319969177246,-0.48399001359939575,-0.18264004588127136,0.25344952940940857,-0.09280738234519958,-0.2620496153831482,0.3020983040332794,-0.17635329067707062,-0.35434046387672424,-0.04393038898706436,0.287192702293396,-0.37006041407585144,0.10693173110485077,-0.24901339411735535,-0.0018543839687481523,-0.004874974489212036
CID000000444,152,0.3667861223220825,-0.061814021319150925,0.29954010248184204,0.6079647541046143,-0.2809301018714905,0.14022043347358704,-0.03239233419299126,0.35891854763031006,0.29416435956954956,0.31499528884887695,0.06607072055339813,0.07274562865495682,-0.17994828522205353,-0.06847454607486725,-0.21823856234550476,-0.09657611697912216,-0.14125561714172363,-0.0574115514755249,0.051308803260326385,-0.6632477045059204,0.17959114909172058,0.084976926445961,-0.14538903534412384,-0.8714739680290222,-0.23543956875801086,-0.05808398127555847,-0.14134782552719116,-0.010655458085238934,-0.007123395800590515,-0.030817070975899696,0.02622881904244423,0.379622220993042,-0.04666663706302643,0.0937766283750534,-0.08355258405208588,-0.04440023750066757,0.10020051896572113,-0.08829039335250854,0.13700337707996368,-0.1431857794523239,0.025483708828687668,-0.04546654596924782,0.028477465733885765,-0.43925046920776367,-0.05422847718000412,0.4301071763038635,-0.14335276186466217,0.09326440840959549,-0.16823093593120575,0.13813111186027527,0.4889453053474426,0.21369504928588867,-0.11334583908319473,-0.012397056445479393,0.21151816844940186,-0.044405899941921234,0.22088050842285156,0.235770583152771,-0.03520996496081352,0.07995811849832535,-0.2456078976392746,-0.12169183790683746,0.02751185931265354,-0.0744289979338646,0.2593429982662201,0.5748738050460815,-0.49564629793167114,0.22212758660316467,0.06370468437671661,0.008883032016456127,0.005009418819099665,-0.04959111288189888,-0.3319975733757019,-0.17101868987083435,-0.03885258361697197,0.42794957756996155,0.27830609679222107,0.14368680119514465,-0.14461015164852142,0.16701142489910126,0.34474194049835205,-0.589122474193573,-0.3045811057090759,0.07553808391094208,0.2223702222108841,-0.07767963409423828,0.058346569538116455,0.03899446502327919,-0.08119487762451172,-0.8750699758529663,0.023198269307613373,-0.10194661468267441,-0.02292873151600361,-0.12857475876808167,-0.24703550338745117,-0.3279765248298645,0.07877788692712784,-0.12102166563272476,0.13045458495616913,0.25377073884010315,-0.08312933146953583,0.14521129429340363,0.03065209649503231,0.16401904821395874,-0.4516379237174988,0.08467801660299301,-0.07284168154001236,-0.029076283797621727,0.7684446573257446,0.31277996301651,-0.09585598856210709,0.24028249084949493,0.017529284581542015,-0.12197913974523544,0.21714381873607635,0.05326918512582779,0.0024097785353660583,-0.020503854379057884,0.15112519264221191,0.08761410415172577,0.9387832880020142,-0.019616980105638504,0.3484155237674713,0.2168346345424652,-0.20336639881134033,-0.14330461621284485,-0.17965765297412872,-0.10550560802221298,0.028085166588425636,0.1020200252532959,0.5067431926727295,-0.7812266945838928,-0.329411119222641,0.10759226232767105,0.19852980971336365,0.0035421133507043123,0.24222326278686523,0.057979416102170944,-0.03421374037861824,-0.6205705404281616,-0.20544879138469696,0.04076756536960602,0.0951794758439064,-0.01752089336514473,0.02114131487905979,0.008878444321453571,0.16187453269958496,0.5666183829307556,0.0055896220728755,0.09703526645898819,-0.04834176227450371,-0.5898347496986389,0.19803719222545624,0.24522165954113007,-0.15198664367198944,-0.22122187912464142,-0.05552472919225693,-0.17819800972938538,-0.0647013857960701,0.21543550491333008,0.09383698552846909,0.06625406444072723,0.03506804257631302,-0.07152846455574036,-0.12468626350164413,-0.34236711263656616,-0.341586172580719,-0.006959146354347467,0.011065500788390636,0.30187949538230896,-0.020183652639389038,-0.02155589684844017,-0.28510135412216187,-0.22654147446155548,-0.047623760998249054,-0.042294152081012726,0.09574881196022034,-0.08467881381511688,0.6678651571273804,-0.09325108677148819,-0.12870356440544128,0.03568504378199577,-0.28534969687461853,-0.16876013576984406,0.052218515425920486,0.12753121554851532,-0.5628376603126526,0.0903819277882576,-0.009532740339636803,-0.29402655363082886,-0.08390801399946213,-0.014849742874503136,0.16638383269309998,-0.17027756571769714,0.19484496116638184,-0.02468974143266678,-0.03363779932260513,-0.1486833095550537,0.08224169909954071,0.05321488529443741,-0.2343595325946808,-0.3012163043022156,0.24978038668632507,-0.10816359519958496,-0.27644553780555725,-0.21176369488239288,0.025477787479758263,-0.028032859787344933,0.025167008861899376,0.32626456022262573,0.15170760452747345,-0.07602059841156006,0.2532769739627838,0.2166299819946289,-0.031213361769914627,-0.2116864174604416,0.062358397990465164,0.32725632190704346,0.2174718677997589,-0.016326040029525757,-0.0042877704836428165,0.05346957966685295,-0.24687989056110382,-0.25494569540023804,0.015807008370757103,-0.3028942942619324,-0.216949462890625,0.043136343359947205,-0.08520461618900299,0.26244473457336426,-0.17982403934001923,0.14493396878242493,-0.09419453889131546,0.08910330384969711,-0.21162481606006622,0.04547119140625,0.46759599447250366,-0.23095791041851044,-0.1642647534608841,-0.058091066777706146,0.10536917299032211,-0.8530619740486145,0.19968333840370178,-0.04393825680017471,0.022619610652327538,-0.256950318813324,-0.09536697715520859,0.008172211237251759,-0.8056159019470215,-0.3070836663246155,0.25465381145477295,-0.005207466892898083,-0.019045541062951088,0.06223822757601738,0.24148797988891602,0.04160962253808975
CID000024011,153,0.4498465955257416,-0.18391379714012146,0.2758485972881317,0.3880758285522461,-0.23672398924827576,0.0634235143661499,0.06609420478343964,0.25443437695503235,-0.1296972781419754,0.08362919837236404,0.2919950485229492,-0.1652633249759674,-0.20356705784797668,0.5058590173721313,0.01035037636756897,0.12998883426189423,0.11728217452764511,-0.1267084777355194,-0.07055085897445679,-0.6845129728317261,0.4224381446838379,-0.004426389932632446,-0.19269704818725586,-0.965467095375061,0.5415387153625488,0.1778465211391449,-0.006572413258254528,-0.3358902633190155,-0.05805204063653946,0.3822835385799408,0.26436731219291687,0.3515074849128723,-0.3697809875011444,0.02625434473156929,-0.00730736693367362,0.17329588532447815,-0.4030417799949646,0.44064369797706604,0.07557935267686844,0.045339930802583694,-0.39175066351890564,0.10000121593475342,-0.07484106719493866,-0.27185988426208496,0.16254271566867828,0.24673132598400116,-0.10241267830133438,0.1549462378025055,-0.015641968697309494,0.310335636138916,0.605158269405365,-0.10753055661916733,-0.12183916568756104,-0.17801184952259064,0.4155805706977844,-0.10333385318517685,0.6497184038162231,-0.11179526895284653,0.5509204268455505,0.41612058877944946,-0.048661671578884125,-0.3838982582092285,-0.40599578619003296,-0.12945730984210968,0.2562670111656189,0.7153480648994446,-0.3790964186191559,0.10040421783924103,0.20662851631641388,0.27169355750083923,0.053701091557741165,-0.221755713224411,-0.4066055715084076,-0.3576090335845947,-0.28926578164100647,0.8230196833610535,0.10598306357860565,0.009957385249435902,-0.03538759797811508,0.07002640515565872,0.8509327173233032,-0.5715201497077942,-0.42603999376296997,0.10967770963907242,0.13466647267341614,-0.49179497361183167,0.12549588084220886,0.06091007590293884,-0.3164304792881012,-0.7825219035148621,0.00022711158089805394,0.32637518644332886,-0.004173563793301582,-0.0669272392988205,-0.10105351358652115,-0.26656877994537354,0.02923816442489624,-0.019423596560955048,-0.01715126261115074,0.5563677549362183,0.17248709499835968,0.22133883833885193,-0.193966343998909,0.18557870388031006,-0.41137418150901794,0.08056987822055817,-0.2887226939201355,0.03288233280181885,0.43604832887649536,0.4229179322719574,-0.04172655940055847,0.13630540668964386,-0.08858069032430649,0.12334053218364716,0.18140435218811035,-0.0757996067404747,0.003511642338708043,-0.3047711253166199,0.2384282648563385,0.2730931341648102,0.8074983358383179,-0.19553932547569275,0.3564419150352478,0.18056046962738037,-0.44392338395118713,0.02277837134897709,-0.08422695100307465,-0.14044995605945587,0.1619308888912201,0.2757825553417206,0.15867550671100616,-0.6573657989501953,-0.1433635801076889,0.04389570280909538,0.2575683891773224,0.39203929901123047,0.05585579201579094,0.23429767787456512,-0.2820040285587311,-0.6124259233474731,-0.2080945521593094,0.32699400186538696,-0.05238388106226921,-0.07897091656923294,0.15524759888648987,0.24913930892944336,-0.1331956386566162,0.6176735758781433,-0.05727303773164749,-0.05558266118168831,-0.11189126968383789,-0.264932245016098,-0.4509880542755127,0.13438734412193298,0.13217675685882568,-0.27520304918289185,0.04754134267568588,-0.5264300107955933,-0.2844564914703369,0.3310149312019348,0.36364975571632385,0.08810878545045853,-0.03301452472805977,0.05497821420431137,0.34199076890945435,0.03392016887664795,0.2145213782787323,0.5058066248893738,-0.3298799991607666,0.17691533267498016,0.04352209344506264,-0.3738935589790344,0.1676100790500641,-0.38967037200927734,0.009629028849303722,-0.11767224967479706,-0.03487115353345871,-0.23873846232891083,0.8808708190917969,0.13038571178913116,-0.24316959083080292,-0.13464878499507904,-0.43765535950660706,0.03951389715075493,0.12032552063465118,-0.16892015933990479,-0.6633111238479614,-0.26507535576820374,0.10168149322271347,-0.2202868014574051,0.26551979780197144,-0.0824599638581276,0.28185105323791504,-0.23978325724601746,0.33528363704681396,0.19275331497192383,0.1683351695537567,-0.21327543258666992,0.11218609660863876,0.2418140172958374,-0.29150018095970154,-0.27457189559936523,0.3587316572666168,-0.1402711272239685,0.2208453118801117,-0.1053297147154808,-0.13386663794517517,-0.0232729259878397,0.2952654957771301,0.5457666516304016,0.4757192134857178,0.023158978670835495,0.2724679410457611,0.14784452319145203,-0.016641926020383835,-0.4315761923789978,0.06823252141475677,0.32439684867858887,-0.3101712167263031,0.5957217216491699,0.10216222703456879,0.13806432485580444,-0.1735236644744873,-0.38209623098373413,-0.136646568775177,-0.10520777851343155,-0.1716921031475067,-0.20604343712329865,0.10406695306301117,0.3935818672180176,-0.09663049131631851,0.5137376189231873,-0.052308522164821625,-0.006760162301361561,-0.02980147674679756,-0.030059492215514183,0.5717077255249023,-0.5900732278823853,-0.16647997498512268,-0.11476540565490723,0.33143672347068787,-0.9949997067451477,0.1648399531841278,0.23254823684692383,0.014344556257128716,-0.09555283933877945,-0.26752203702926636,-0.10049557685852051,-0.7413080334663391,-0.43780428171157837,0.43926095962524414,-0.207138329744339,0.27650660276412964,0.1575240194797516,0.2149195373058319,-0.3126463294029236
CID000002171,154,0.8165515661239624,-0.21788521111011505,0.28640979528427124,0.39372608065605164,-0.6508508324623108,0.2341550588607788,-0.05210943892598152,0.22050389647483826,-0.0874888077378273,0.24866171181201935,0.15813149511814117,-0.11804356426000595,0.04986882954835892,0.0262371264398098,-0.1773015707731247,0.13062556087970734,-0.10826148837804794,-0.2863256335258484,0.02184816263616085,-0.41375431418418884,0.30075696110725403,-0.05158211663365364,0.012025442905724049,-0.7384302616119385,0.2455081045627594,0.12733100354671478,-0.1378764510154724,0.268307626247406,0.14372023940086365,0.06899489462375641,0.05190839618444443,0.1700812578201294,0.06286589801311493,0.1896483153104782,0.01976500265300274,-0.021645981818437576,-0.030912989750504494,0.2313505858182907,-0.6498676538467407,-0.5505694150924683,0.5173760652542114,-0.15363647043704987,0.3866107165813446,0.11615941673517227,-0.02053205296397209,0.08106468617916107,-0.004684275481849909,0.02661009691655636,0.12351371347904205,0.7482308149337769,0.5978447198867798,-0.04207272082567215,-0.07960233092308044,0.21772734820842743,-0.12970790266990662,-0.10757382214069366,0.40938735008239746,0.04759799316525459,0.7904378771781921,0.11406330019235611,-0.26177287101745605,-0.20974025130271912,-0.010719048790633678,-0.03384629637002945,-0.0049522980116307735,0.7625964283943176,-0.36917009949684143,0.22528140246868134,-0.15547378361225128,-0.13930006325244904,0.10333824157714844,-0.12412428855895996,-0.41693344712257385,-0.5025579333305359,-0.05529975891113281,1.0983250141143799,0.03948289901018143,-0.5744737982749939,0.1884993612766266,-0.16646139323711395,-0.06278709322214127,-0.38556671142578125,-0.3477807939052582,-0.13883329927921295,0.04629496484994888,-0.22342514991760254,0.024556536227464676,0.028313692659139633,-0.07622414082288742,-1.3232390880584717,0.07153014093637466,0.7977184057235718,-0.6869779825210571,0.4182853698730469,0.11011049896478653,-0.4856390058994293,-0.15682725608348846,0.15178857743740082,-0.11554966866970062,0.4390091300010681,0.2861381769180298,-0.07016956061124802,-0.06943604350090027,0.2617360055446625,-0.5753639936447144,-0.11453111469745636,-0.054093003273010254,0.04929191246628761,0.26592376828193665,-0.030772466212511063,-0.0577850416302681,0.11482656002044678,-0.07460476458072662,-0.3790069818496704,-0.20031201839447021,0.22023102641105652,-0.6404207944869995,0.025771761313080788,0.045662201941013336,0.17348596453666687,1.1264793872833252,-0.5520157814025879,0.09402123838663101,-0.47369393706321716,-0.09947393834590912,0.33376410603523254,-0.011363094672560692,0.2615794837474823,-0.013019489124417305,0.1776868849992752,0.2949565649032593,-0.7947041988372803,-0.5358473658561707,0.11985363811254501,-0.027191732078790665,0.1536920964717865,-0.1620585322380066,0.4071093499660492,-0.16438205540180206,-0.7366538643836975,-0.5174757838249207,0.018028516322374344,0.07831169664859772,0.07671669870615005,0.0149856461212039,-0.043965090066194534,-0.09703151136636734,0.9192584753036499,-0.1655508577823639,0.028413260355591774,-0.027891721576452255,-0.6477400064468384,-0.11222245544195175,0.09017699956893921,-0.3246767818927765,0.06001610308885574,0.42788165807724,-0.06985927373170853,0.08432085067033768,0.25613969564437866,0.04163476079702377,-0.04614187404513359,-0.0033423572313040495,-0.2302284687757492,-0.041467390954494476,-0.12910625338554382,-0.4968540072441101,-0.10729213058948517,0.6167230010032654,0.18448014557361603,0.34020107984542847,0.19035226106643677,-0.17349466681480408,-0.18686923384666443,0.1814608871936798,-0.1252855658531189,-0.06813334673643112,0.06157950311899185,0.9784754514694214,-0.02011939324438572,-0.030389990657567978,0.22867020964622498,0.04867979884147644,-0.20966729521751404,0.11452746391296387,0.10174169391393661,-0.4071095883846283,-0.08335916697978973,0.13422724604606628,-0.33002373576164246,-0.06449513137340546,0.09027083218097687,-0.07488071173429489,-0.2484409362077713,0.25434958934783936,-0.002521093236282468,-0.1041242852807045,0.08560366928577423,0.007020031567662954,0.12751564383506775,-0.0359475314617157,-0.4135580062866211,1.0166947841644287,-0.02373485639691353,-0.009416592307388783,0.49880385398864746,-0.006010177079588175,0.2467268705368042,1.1519972085952759,0.4801355004310608,0.4288063943386078,-0.10182641446590424,-0.26728248596191406,0.06807948648929596,0.03989183157682419,-0.947329044342041,0.04279765859246254,0.047084152698516846,-0.0812176913022995,0.039472319185733795,-0.5833924412727356,-0.3544977307319641,0.16866976022720337,-0.4688137471675873,-0.23067395389080048,0.2089199721813202,-0.03457529470324516,-0.16677814722061157,0.19462983310222626,-0.5242375135421753,-0.2835639715194702,0.46087750792503357,-0.17411072552204132,0.09190735965967178,-0.16864784061908722,0.12188293039798737,1.1312839984893799,-0.5585808753967285,-0.004253157880157232,-0.08134686946868896,0.2722577452659607,-0.7258374094963074,-0.17867827415466309,0.2815244197845459,-0.6749878525733948,0.029685035347938538,0.09370969235897064,-0.14237914979457855,-0.6473227143287659,-0.11523859202861786,0.09673772007226944,0.24542753398418427,0.16468173265457153,-0.6702393293380737,0.03976358100771904,-0.20870232582092285
CID000054808,155,0.3857286870479584,-0.16239972412586212,0.22933809459209442,0.4065026342868805,-0.11876672506332397,0.04002638906240463,-0.1271972954273224,0.42100995779037476,0.12325799465179443,0.2278224676847458,0.11722494661808014,-0.15553367137908936,-0.02755315974354744,0.16240809857845306,0.28732699155807495,0.02748112753033638,-0.03566129505634308,-0.44046878814697266,-0.13579335808753967,-0.5817712545394897,0.166261225938797,-0.0808091014623642,0.17241345345973969,-0.9326942563056946,0.09880294650793076,0.10768785327672958,-0.22382131218910217,-0.06384281069040298,0.18872039020061493,0.2611355185508728,-0.0559091754257679,0.3734244108200073,-0.1381172090768814,0.18574556708335876,-0.10300388187170029,0.020066997036337852,0.07184493541717529,-0.1303979754447937,-0.22087900340557098,-0.08585043251514435,0.09126374125480652,0.1709504872560501,-0.06094171851873398,-0.27178317308425903,-0.08149292320013046,0.23038360476493835,-0.02094850316643715,-0.06856514513492584,0.5959542989730835,0.3312399983406067,0.3540893495082855,0.09486881643533707,-0.3587128221988678,-0.13656774163246155,0.031937696039676666,-0.13495342433452606,-0.06928888708353043,-0.08245019614696503,0.06908456981182098,0.06941542774438858,-0.17919127643108368,-0.2275627851486206,-0.026971960440278053,-0.09972945600748062,0.09900201112031937,0.5305214524269104,-0.0006681770319119096,0.12075326591730118,-0.006090330891311169,-0.4934207499027252,0.17663782835006714,-0.0757281556725502,-0.06631762534379959,-0.3194773495197296,-0.1586061716079712,0.3088100850582123,-0.08425455540418625,0.21863320469856262,-0.05371139571070671,0.2359311580657959,0.19292666018009186,-0.3502664268016815,-0.38425594568252563,0.09205693006515503,0.049983661621809006,0.06668820232152939,0.3965089023113251,0.22739918529987335,0.19796958565711975,-0.935523509979248,0.113252654671669,0.45285582542419434,-0.0030310272704809904,-0.18126218020915985,-0.08842375129461288,-0.49510055780410767,0.245941162109375,-0.04096519201993942,0.00943407416343689,0.6419258117675781,-0.06786246597766876,0.6152180433273315,0.09354232251644135,0.29704564809799194,-0.17936325073242188,-0.08174419403076172,-0.14439848065376282,-0.14806507527828217,0.43257665634155273,0.018011024221777916,-0.3514734208583832,0.24236062169075012,0.10037867724895477,-0.07461170852184296,-0.16377361118793488,0.3983059823513031,-0.24070653319358826,-0.11813756078481674,-0.11908090114593506,0.15061582624912262,0.7767457365989685,-0.3027830719947815,0.10365064442157745,0.2321193516254425,-7.126629498088732e-05,-0.023899519816040993,0.07805177569389343,-0.016078857704997063,0.3274313509464264,-0.0009664475219324231,0.20758700370788574,-0.519448459148407,-0.29602235555648804,0.3078439235687256,0.22617411613464355,0.09769706428050995,0.2231973111629486,0.1878763735294342,-0.21867592632770538,-0.3043845295906067,-0.10460426658391953,0.1773149073123932,-0.10231044143438339,-0.1523829698562622,-0.1358085423707962,0.06674584001302719,0.02058972790837288,0.4931420385837555,-0.11924097687005997,0.10694704204797745,0.2330441176891327,-0.5686604380607605,-0.18828082084655762,0.19852755963802338,-0.21853406727313995,-0.09913161396980286,-0.1290285885334015,-0.27052974700927734,0.071345753967762,0.34544801712036133,-0.13340748846530914,-0.15035228431224823,0.06361166387796402,-0.0236306581646204,-0.20127201080322266,-0.0980720967054367,-0.07228250801563263,-0.02906101942062378,0.05829992890357971,-0.10126296430826187,-0.15610642731189728,-0.02620139718055725,-0.2891756594181061,-0.296017587184906,-0.15114234387874603,0.04513976722955704,0.48331698775291443,-0.19552169740200043,0.6330914497375488,0.038549698889255524,-0.177602618932724,0.10046621412038803,-0.125409334897995,-0.13947752118110657,0.6143330931663513,-0.06482400000095367,-0.4668406546115875,-0.10541324317455292,-0.1493161916732788,-0.22514908015727997,0.01857052370905876,0.1339087039232254,-0.026317525655031204,-0.2088078260421753,0.12395085394382477,0.06283137947320938,0.00011995434761047363,0.45085805654525757,-0.020182976499199867,0.1280646026134491,0.2486892193555832,-0.4386363625526428,0.25668931007385254,-0.46227017045021057,0.1583433747291565,-0.15347819030284882,-0.03168727830052376,-0.11119995266199112,0.3963119089603424,0.5004926919937134,0.29739975929260254,0.1350441426038742,0.23664923012256622,-0.027010833844542503,0.023657947778701782,-0.4654475748538971,0.3602859079837799,0.2125668078660965,0.12013642489910126,-0.11036370694637299,0.0313742533326149,0.11025567352771759,-0.028303539380431175,-0.43385982513427734,0.09521157294511795,-0.10780970752239227,0.05656033754348755,-0.11523516476154327,0.02731660008430481,0.542826771736145,0.2579980194568634,0.3126336634159088,0.07894618064165115,0.08871246874332428,0.08478604257106781,0.28264570236206055,0.4238578677177429,-0.516576886177063,-0.11725815385580063,-0.26144731044769287,-0.004624051041901112,-0.7712196111679077,-0.13979272544384003,0.06713486462831497,-0.2008012980222702,-0.004908823873847723,0.10294785350561142,0.019734028726816177,-0.6354556083679199,-0.10810114443302155,0.14086060225963593,0.17853426933288574,-0.017508581280708313,0.006040739826858044,-0.10879577696323395,-0.081867516040802
CID000005040,158,0.05687988921999931,0.0800359845161438,0.20897002518177032,0.7290159463882446,-0.5772975087165833,0.020528316497802734,0.228467658162117,0.31561511754989624,0.31579557061195374,0.14643767476081848,0.04038165882229805,-0.463766872882843,-0.23016782104969025,0.26758143305778503,-0.0607183575630188,-0.07300497591495514,0.28191623091697693,0.026334717869758606,0.0107820313423872,-0.4469079077243805,0.02247362956404686,-0.17562022805213928,0.1503823697566986,-0.817294716835022,-0.08876156806945801,0.3746374547481537,-0.16754063963890076,-0.18196164071559906,0.005400591995567083,0.17034092545509338,0.1695503145456314,0.2214622050523758,0.06002519652247429,-0.1204528957605362,0.04848700016736984,-0.08315321058034897,0.09348602592945099,0.15351979434490204,0.042129404842853546,-0.16920062899589539,-0.008663501590490341,0.107274629175663,0.04393698647618294,0.003819584846496582,0.04810328036546707,0.16841629147529602,-0.014413351193070412,0.013202331960201263,0.30461257696151733,0.024652788415551186,0.5016512274742126,-0.16364094614982605,-0.24601297080516815,-0.10446639358997345,-0.09751170128583908,-0.030301284044981003,0.0009327993029728532,-0.09004878997802734,0.24622783064842224,0.06530453264713287,-0.19658860564231873,-0.10832860320806503,0.17300692200660706,-0.06372126191854477,0.22846412658691406,0.4573230743408203,-0.21928954124450684,-0.0495893694460392,0.23297791182994843,0.16694791615009308,0.09746243804693222,0.17938680946826935,-0.10795794427394867,-0.44143742322921753,-0.23476020991802216,0.05584721639752388,0.15824392437934875,-0.12051592022180557,0.03370236977934837,0.051415205001831055,0.07690064609050751,-0.09174472093582153,-0.36175039410591125,-0.1837792694568634,0.4338463246822357,0.19895240664482117,0.06435339152812958,0.349439799785614,0.1123553067445755,-0.655105471611023,-0.005006997846066952,0.006769485771656036,-0.0998777523636818,-0.003419041633605957,-0.10105322301387787,-0.4226369261741638,-0.018453720957040787,-0.2427249699831009,-0.21116909384727478,0.07770784199237823,-0.1529771387577057,-0.07297984510660172,-0.11473451554775238,0.09359040856361389,0.2870804965496063,0.08904530107975006,0.17007215321063995,-0.2733228802680969,0.4172351360321045,-0.1693093180656433,0.15293097496032715,0.22053270041942596,-0.1994089037179947,-0.22927899658679962,0.3274204730987549,0.3335097134113312,-0.3314956724643707,0.18465663492679596,0.009274262003600597,0.20773665606975555,0.7282794117927551,-0.21989870071411133,0.1284712702035904,0.38696423172950745,-0.3258761465549469,0.42561864852905273,-0.05392435938119888,0.03814202919602394,0.15127667784690857,0.23692521452903748,0.15967389941215515,-0.5325993299484253,-0.3850986063480377,0.09337715804576874,0.26192426681518555,0.2885565161705017,0.26358896493911743,0.134211003780365,-0.10021407902240753,0.054707832634449005,-0.21041417121887207,0.39109688997268677,0.1791098266839981,0.02912396751344204,-0.12381042540073395,0.06218983978033066,0.06900683045387268,0.49264660477638245,0.33953145146369934,0.2331378161907196,0.11972610652446747,-0.47130900621414185,0.16339166462421417,-0.09979799389839172,0.009822888299822807,-0.15476581454277039,0.016787808388471603,-0.07272665202617645,-0.169265478849411,0.07048524916172028,-0.0419376976788044,0.23476552963256836,0.06872528046369553,-0.07783488929271698,-0.1693876087665558,0.013808649964630604,0.1940365731716156,0.16180230677127838,0.09756667166948318,0.1890667825937271,0.019213641062378883,0.042697906494140625,0.047605328261852264,-0.169297456741333,0.187445729970932,0.029652226716279984,0.5665255784988403,-0.08033867180347443,0.5033568739891052,0.022267457097768784,-0.5276616811752319,-0.16535840928554535,-0.14108562469482422,-0.17034363746643066,0.2500154674053192,0.1095525249838829,-0.07030963152647018,-0.01572515070438385,0.11322001367807388,-0.4080254137516022,-0.10706363618373871,0.026126328855752945,-0.14491288363933563,-0.20697960257530212,0.16503843665122986,0.04088958352804184,0.14491263031959534,-0.1654108464717865,-0.04518424719572067,-0.08433476835489273,-0.4529699683189392,-0.5099458694458008,-0.1407105028629303,-0.10913689434528351,-0.23825792968273163,-0.11519820988178253,-0.0037845373153686523,-0.06633056700229645,0.3909864127635956,0.7041352391242981,0.33521848917007446,0.09071196615695953,0.32377976179122925,-0.1902334988117218,0.2139095813035965,-0.049924395978450775,0.2784711718559265,0.3933057188987732,-0.012362937442958355,0.09065540879964828,-0.1277204006910324,0.07172995805740356,0.06638406217098236,-0.271842360496521,-0.12625861167907715,-0.16106417775154114,0.3221142888069153,-0.08638574928045273,-0.15749594569206238,0.14406076073646545,-0.05267120525240898,0.4112871289253235,0.43400222063064575,0.005486235022544861,0.3019382059574127,0.20009934902191162,0.6463044285774231,-0.5534254312515259,0.06583868712186813,-0.273581326007843,0.05173692852258682,-0.483450710773468,0.2669704556465149,0.2813187837600708,-0.22559800744056702,-0.14082446694374084,-0.1189086064696312,-0.10737466812133789,-0.6135262250900269,-0.19523897767066956,0.14214113354682922,-0.0963650569319725,0.3369958996772766,-0.24729213118553162,0.0744592472910881,0.23552855849266052
CID000005077,159,0.07389399409294128,0.13020598888397217,-0.040447626262903214,0.332697331905365,-0.4351519048213959,0.06877268850803375,0.19650788605213165,0.20893020927906036,0.1586664468050003,0.3894636631011963,0.12469466775655746,0.052424341440200806,0.11831381171941757,0.11438043415546417,-0.15006113052368164,-0.2014617621898651,-0.113381527364254,-0.14769203960895538,0.07145239412784576,-0.3447587490081787,0.07931618392467499,-0.2015255242586136,-0.22251339256763458,-0.8006258010864258,-0.132162943482399,0.16058848798274994,-0.2511230707168579,-0.0030571073293685913,-0.06455125659704208,0.14904281497001648,-0.19528059661388397,0.24062812328338623,-0.025589674711227417,-0.1198478564620018,-0.07519452273845673,0.12374584376811981,-0.025956029072403908,0.05304006487131119,0.1405133605003357,-0.04841369390487671,-0.012128794565796852,-0.1985209882259369,0.06867383420467377,-0.21047310531139374,-0.0703948587179184,0.4097883701324463,-0.015230034478008747,0.17282052338123322,0.10043802112340927,0.0423823706805706,0.2579461932182312,0.22224149107933044,-0.25745025277137756,0.17610090970993042,0.08890023082494736,-0.17118296027183533,-0.20556430518627167,0.084457166492939,-0.09638402611017227,0.1475890427827835,-0.2459486722946167,-0.2291216403245926,0.009216171689331532,-0.06399156153202057,0.26694661378860474,0.36973893642425537,-0.08302604407072067,0.07149781286716461,0.3139581084251404,0.11125342547893524,0.13630914688110352,-0.36725085973739624,-0.37812548875808716,-0.30576014518737793,-0.21004803478717804,0.12600114941596985,0.14861616492271423,0.1232903003692627,-0.1484948843717575,0.02679457888007164,0.008381771855056286,-0.5267376899719238,-0.2597694396972656,-0.07799945026636124,0.05919390171766281,-0.19381506741046906,0.3425194323062897,-0.03970552235841751,0.17878678441047668,-0.6570595502853394,0.10922469198703766,0.3011407256126404,0.1148911863565445,0.041088588535785675,0.21686860918998718,-0.2805156111717224,-0.1990380436182022,-0.017353858798742294,-0.03833765909075737,0.037597715854644775,-0.21241740882396698,0.11633408069610596,-0.0008233279222622514,0.2682170271873474,0.21858792006969452,0.042092464864254,0.10314591228961945,-0.07481922209262848,0.5096167922019958,-0.17724011838436127,-0.1288440078496933,0.15316015481948853,-0.1481548696756363,-0.05938231945037842,-0.002986651612445712,0.20324809849262238,-0.01625317893922329,0.09968820959329605,-0.19624140858650208,0.2243615686893463,0.5738258361816406,-0.10226205736398697,0.24886222183704376,0.2709890604019165,-0.029564231634140015,0.1666298806667328,-0.08338475972414017,0.1533850133419037,0.17618925869464874,-0.1389159858226776,0.09088777005672455,-0.42309513688087463,-0.37882059812545776,0.0629052072763443,0.25176188349723816,-0.09296631067991257,0.11036114394664764,0.2828044295310974,-0.10763595253229141,-0.16071484982967377,-0.19901683926582336,0.12052953243255615,-0.008420017547905445,-0.26891741156578064,0.0035796731244772673,0.10175476223230362,0.01569530740380287,0.3032733201980591,-0.06995382159948349,0.1420912891626358,-0.05889194458723068,-0.2604353427886963,0.0945558249950409,0.12715420126914978,-0.3610149919986725,-0.10549291223287582,0.0308686550706625,-0.13042932748794556,-0.02292211726307869,0.2566482126712799,0.1477203369140625,0.14673367142677307,-0.07354073226451874,0.14480385184288025,-0.03483124449849129,-0.10598570108413696,-0.37015506625175476,0.09781819581985474,-0.0715286135673523,0.17079496383666992,-0.0981091633439064,-0.1453569233417511,-0.19218933582305908,-0.2568807601928711,0.006781630218029022,-0.115744948387146,0.14634190499782562,-0.20307469367980957,0.39903029799461365,-0.272381454706192,0.32180076837539673,0.24254123866558075,-0.18406376242637634,-0.12548378109931946,0.2206595242023468,0.21365384757518768,-0.20171746611595154,-0.09134548157453537,-0.11809094250202179,-0.28755882382392883,-0.10205437242984772,-0.030076924711465836,0.2049734890460968,0.07616838067770004,0.012124717235565186,-0.14666125178337097,0.17394648492336273,-0.15185542404651642,-0.10264535248279572,0.4004541337490082,0.24227628111839294,-0.20205457508563995,0.04483915492892265,-0.3180195093154907,-0.2549996078014374,-0.20447757840156555,-0.06843284517526627,0.05021202564239502,-0.13232013583183289,0.42659711837768555,0.34988871216773987,-0.1386863887310028,0.28971442580223083,0.18219132721424103,0.1032753586769104,-0.11169309914112091,0.09518760442733765,0.1414802223443985,0.10627225786447525,-0.13730162382125854,-0.032187312841415405,-0.11207733303308487,0.13284090161323547,-0.20344240963459015,-0.07197728008031845,-0.09365539997816086,0.023849859833717346,-0.13013815879821777,-0.1710817813873291,0.057424627244472504,-0.1206769198179245,-0.11424817889928818,0.178038090467453,-0.021808292716741562,-0.08619935810565948,-0.012800604104995728,0.2949846088886261,-0.3103100061416626,0.09367050975561142,-0.17098906636238098,0.18699917197227478,-0.39546293020248413,0.12016181647777557,0.2532147169113159,-0.18479418754577637,-0.013537807390093803,0.00725474813953042,0.10314259678125381,-0.5215648412704468,-0.1895599365234375,0.21389198303222656,-0.2266671359539032,0.13185280561447144,-0.24425747990608215,0.04005705192685127,0.018239904195070267
CID000002083,160,0.25582534074783325,0.19876129925251007,0.3616334795951843,0.4371027946472168,-0.4348640441894531,0.024187082424759865,-0.012906910851597786,0.20933373272418976,-0.018488753587007523,0.2930940091609955,0.11165209114551544,-0.14826449751853943,-0.22740206122398376,-0.014346134848892689,-0.20418743789196014,-0.07519088685512543,-0.15908005833625793,-0.08426503837108612,-0.056799985468387604,-0.5926786661148071,0.1919640302658081,-0.1089629977941513,-0.03361791744828224,-0.9827190637588501,-0.1098027229309082,0.07775194942951202,-0.30973172187805176,-0.04685434326529503,0.04177383705973625,0.04509792476892471,0.2145351618528366,0.3815692365169525,0.07993809133768082,-0.0040714433416724205,-0.09078272432088852,0.11302082240581512,0.049190912395715714,0.09215430915355682,0.12436473369598389,-0.28249090909957886,-0.03136788681149483,0.0029556243680417538,0.1467684507369995,-0.4433533251285553,-0.18074040114879608,0.3728538453578949,-0.12378376722335815,-0.06312726438045502,-0.22305798530578613,0.022801565006375313,0.33413228392601013,-0.1842467039823532,-0.11460234969854355,-0.159718856215477,0.22983495891094208,-0.13398520648479462,-0.036882203072309494,0.12097965180873871,0.0255055520683527,-0.2145673781633377,-0.11441049724817276,-0.13540838658809662,-0.04611537232995033,-0.023131880909204483,0.14870600402355194,0.5103118419647217,-0.40642109513282776,0.13025736808776855,0.1303795874118805,0.0055040596053004265,0.10272619873285294,0.47538167238235474,-0.4429967403411865,-0.22320464253425598,0.050035178661346436,0.3395223319530487,-0.012277334928512573,0.0013248383766040206,-0.060618806630373,0.28042012453079224,0.1277068853378296,-0.529908299446106,-0.22346076369285583,-0.32662180066108704,0.1715904325246811,-0.27125832438468933,0.09492325037717819,0.08786119520664215,-0.07034026086330414,-0.775521457195282,-0.09843303263187408,0.055137358605861664,-0.07794727385044098,0.009650728665292263,0.13878189027309418,-0.37561994791030884,0.02889377437531948,0.0016889094840735197,0.2397305965423584,0.2665512263774872,-0.20821407437324524,-0.00149041716940701,-0.09347185492515564,0.34234538674354553,-0.24305924773216248,0.0692303255200386,-0.07340046018362045,0.14306984841823578,0.5560421347618103,0.10701509565114975,-0.025766491889953613,0.16077367961406708,-0.2238694429397583,-0.07328522950410843,0.08089976757764816,0.29441776871681213,0.03677166625857353,-0.12436509132385254,0.011249998584389687,0.33017784357070923,0.7892431020736694,-0.0749666690826416,0.26367276906967163,0.30237406492233276,0.027237391099333763,-0.0985107570886612,-0.07553012669086456,0.02458799257874489,0.010242429561913013,-0.21407051384449005,0.37928611040115356,-0.7446573972702026,-0.41784292459487915,0.037607770413160324,0.32837265729904175,0.081977978348732,0.0356220118701458,0.2665060758590698,0.021426189690828323,-0.1367495059967041,-0.20935285091400146,0.016777118667960167,0.14530909061431885,-0.006449675653129816,0.020766381174325943,0.07200838625431061,-0.022276265546679497,0.44693031907081604,-0.03852355480194092,0.026904936879873276,0.12658384442329407,-0.3945158123970032,0.10045524686574936,0.18985266983509064,-0.20228871703147888,-0.33029383420944214,-0.07009314745664597,-0.18426337838172913,-0.24698705971240997,0.33667057752609253,-0.11439108848571777,-0.020007267594337463,-0.029688019305467606,0.0172300823032856,-0.023270994424819946,-0.04933001846075058,-0.09242378175258636,-0.07192730158567429,-0.15702491998672485,0.21809545159339905,0.16024737060070038,-0.1541876196861267,-0.3307899832725525,-0.43936794996261597,-0.1058230996131897,-0.16054785251617432,-0.016434485092759132,-0.0873570665717125,0.5631375908851624,0.16033074259757996,-0.17697283625602722,-0.14894497394561768,-0.2931044399738312,-0.15433429181575775,0.40238308906555176,0.03908564895391464,-0.3783641457557678,0.310008704662323,-0.08986154943704605,-0.3626900911331177,0.06676137447357178,-0.06869097054004669,0.048414960503578186,-0.14097142219543457,0.24722528457641602,0.12933297455310822,0.21092572808265686,-0.1224164217710495,0.1384640336036682,-0.34072571992874146,-0.1470625400543213,-0.33285781741142273,0.21653227508068085,-0.010240239091217518,0.11155295372009277,-0.07927276194095612,0.14207062125205994,-0.058679502457380295,0.2927362620830536,0.46298035979270935,0.16235241293907166,-0.3624657392501831,0.07991902530193329,0.42785748839378357,0.009501772932708263,-0.32424136996269226,0.00031185150146484375,0.2287110984325409,0.09502476453781128,0.1470467895269394,-0.1031898707151413,-0.06855983287096024,0.12421853840351105,-0.2651820182800293,-0.13167667388916016,-0.03000878170132637,-0.2584810256958008,-0.05123458057641983,-0.20409512519836426,0.20871543884277344,-0.057047419250011444,0.32190948724746704,0.16075284779071808,0.13418014347553253,-0.15790680050849915,-0.006023216061294079,0.3801700472831726,-0.17127196490764618,0.0334964320063591,-0.05019403621554375,0.2621503472328186,-0.9026402235031128,0.15950524806976318,0.11587747186422348,0.09485338628292084,-0.0687517374753952,-0.017044896259903908,-0.22948436439037323,-0.7280387282371521,-0.3621884286403656,0.09499109536409378,0.10449664294719696,-0.07275547832250595,0.04445066303014755,0.17688065767288208,-0.11136698722839355
CID000002375,161,-0.014824481680989265,0.061320167034864426,-0.08822909742593765,0.26838940382003784,-0.3509347438812256,0.0644356980919838,0.25728923082351685,0.25013473629951477,0.047086201608181,0.1865466982126236,0.15333274006843567,0.15428613126277924,0.04746777564287186,0.10362817347049713,-0.28782227635383606,-0.04669129103422165,-0.11866875737905502,-0.08135855197906494,0.1719377040863037,-0.3946133553981781,0.034720879048109055,-0.2921808958053589,-0.001733285142108798,-0.864669144153595,-0.04104699566960335,0.12029538303613663,-0.18892177939414978,0.014996221289038658,0.018830692395567894,0.057619236409664154,-0.19178003072738647,0.24485711753368378,0.07200853526592255,0.1522025316953659,0.06744029372930527,-0.1159530058503151,0.11064855009317398,0.054310161620378494,0.1386539489030838,-0.16052982211112976,-0.1063171774148941,-0.362600177526474,0.1448962390422821,-0.30331891775131226,-0.19736488163471222,0.48283863067626953,0.08748377859592438,-0.020441491156816483,0.10370111465454102,-0.04073815047740936,0.15684522688388824,0.11038017272949219,-0.3053840696811676,-0.07842451333999634,0.1490979790687561,-0.12645404040813446,-0.09318425506353378,0.08470042049884796,0.0037092207930982113,-0.12949176132678986,-0.12629134953022003,-0.24959257245063782,-0.14607909321784973,-0.027049928903579712,0.3074203431606293,0.2982553243637085,-0.12387818098068237,-0.10701628774404526,0.22262005507946014,0.1253533810377121,0.11859259754419327,0.032265543937683105,-0.2922420799732208,-0.36490559577941895,-0.21486540138721466,0.05488213151693344,0.04692155122756958,0.2247753143310547,-0.07349096238613129,-0.017826665192842484,-0.0005519926780834794,-0.45248356461524963,-0.25465893745422363,-0.16156327724456787,0.0650935173034668,-0.17251606285572052,0.2040843516588211,0.005124330520629883,-0.014399600215256214,-0.6492412090301514,-0.06742684543132782,0.3407037556171417,-0.0017193437088280916,0.015389886684715748,-0.02681693434715271,-0.21090249717235565,-0.12213848531246185,0.23343071341514587,-0.20878736674785614,0.041072335094213486,-0.2358735352754593,-0.0845087319612503,-0.08837713301181793,0.29105034470558167,0.25444772839546204,0.051419246941804886,-0.015150819905102253,0.24148645997047424,0.42184311151504517,-0.15793661773204803,-0.08785909414291382,0.22505135834217072,-0.15744663774967194,-0.02446979656815529,0.01977447234094143,0.2364043891429901,-0.06346301734447479,-0.07065523415803909,-0.18211683630943298,0.2387775480747223,0.5265383124351501,-0.12601928412914276,0.31228893995285034,0.22256961464881897,0.018710991367697716,0.14845094084739685,0.07191742956638336,0.10361362993717194,0.25311312079429626,-0.0792597159743309,-0.019827846437692642,-0.4680260717868805,-0.39046618342399597,0.10310448706150055,0.25895974040031433,-0.10780163109302521,-0.015226614661514759,0.17647650837898254,-0.23459553718566895,-0.19668704271316528,-0.14039285480976105,0.022066587582230568,0.08378903567790985,-0.07581774890422821,0.05298732593655586,0.243248850107193,-0.1920626163482666,0.25928744673728943,0.07071377336978912,0.24299588799476624,0.1062646135687828,-0.18959182500839233,-0.06441415846347809,0.18703177571296692,-0.35976940393447876,-0.085392065346241,-0.07482101023197174,-0.08033817261457443,0.12378708273172379,0.31641292572021484,-0.04734601825475693,-0.11376116424798965,-0.046233199536800385,0.0640224739909172,-0.04422300308942795,-0.06350570917129517,-0.21445700526237488,0.05799812078475952,-0.18100933730602264,0.21020379662513733,0.08968499302864075,-0.22030147910118103,-0.24514774978160858,-0.38205862045288086,0.04097568988800049,-0.11126019060611725,0.18245133757591248,-0.2007966935634613,0.33104491233825684,-0.06420743465423584,0.02538854442536831,0.01366413850337267,-0.205592542886734,-0.1557585895061493,0.15097901225090027,0.20473912358283997,-0.1568913757801056,0.03469448536634445,-0.09556342661380768,-0.3482714295387268,0.14166921377182007,0.03471023589372635,0.13031868636608124,0.1407909095287323,0.09324111044406891,-0.12659695744514465,0.0852167010307312,-0.11369574069976807,0.023246869444847107,0.044185440987348557,0.16491596400737762,-0.25559180974960327,-0.022644823417067528,-0.34936752915382385,0.007283902261406183,-0.2102167308330536,-0.09756498038768768,-0.12731166183948517,-0.05438510701060295,0.35470467805862427,0.302253782749176,-0.07480236142873764,0.31439176201820374,0.14543625712394714,0.06339671462774277,-0.06106530874967575,-0.06875400245189667,0.06084587424993515,0.0981157049536705,-0.11432091146707535,-0.05061342567205429,-0.09914575517177582,-0.05422903224825859,-0.15123698115348816,0.03890650346875191,0.17229004204273224,0.22879266738891602,-0.0034823701716959476,0.013295176438987255,-0.19274269044399261,-0.07549643516540527,-0.208295539021492,0.23805618286132812,0.05596712976694107,-0.1742231845855713,-0.07845355570316315,0.2429165095090866,-0.3078248202800751,0.09741701185703278,-0.21780915558338165,0.22118858993053436,-0.3318444788455963,0.18255683779716492,0.23809127509593964,-0.15858887135982513,0.016177356243133545,0.09215615689754486,0.019479066133499146,-0.5493155121803284,-0.12325428426265717,0.24643008410930634,-0.2976315915584564,0.03379477560520172,-0.2495642602443695,0.23355834186077118,0.010162058286368847
CID006398525,162,0.00599882286041975,0.07289440929889679,-0.0433293841779232,0.3554995059967041,-0.4325435757637024,0.08068470656871796,0.2757242023944855,0.11517415940761566,0.026025021448731422,0.3698499798774719,0.07206068933010101,0.12258192151784897,-0.34280720353126526,0.3063798248767853,-0.08671966940164566,-0.2800620198249817,-0.14582277834415436,-0.05516622215509415,0.12593641877174377,-0.47925901412963867,0.20288102328777313,-0.32176876068115234,0.05188892036676407,-0.8091689348220825,-0.11200591176748276,-0.21500714123249054,-0.09491731971502304,-0.12966668605804443,-0.030359182506799698,0.27230581641197205,-0.17865006625652313,-0.017028551548719406,0.24908003211021423,-0.1908506155014038,-0.065614715218544,-0.016147034242749214,-0.055114757269620895,0.3572308123111725,0.2886257767677307,-0.1953386515378952,0.008765362203121185,-0.054419077932834625,-0.006505018565803766,-0.1773148775100708,-0.19597837328910828,0.30206695199012756,-0.08327685296535492,-0.013245200738310814,0.262261301279068,0.023508325219154358,0.22427356243133545,-0.01502698939293623,-0.2685115933418274,-0.12350739538669586,0.323209285736084,-0.028207048773765564,0.20054511725902557,0.2247314155101776,0.14424623548984528,-0.019057411700487137,-0.054342061281204224,-0.44031959772109985,-0.2164575755596161,-0.23296532034873962,0.06656961143016815,0.4337250590324402,-0.26586058735847473,0.1793488711118698,0.007774298544973135,0.31778842210769653,0.1599038541316986,-0.20019209384918213,-0.1908150017261505,-0.3182491362094879,-0.12120964378118515,0.09646547585725784,-0.05076348036527634,0.050719767808914185,-0.21244783699512482,-0.1869572401046753,0.03495628014206886,-0.3544643521308899,-0.3111116588115692,0.24013110995292664,0.06720442324876785,-0.3779739737510681,-0.012833374552428722,0.0643080398440361,0.18678078055381775,-0.7439938187599182,-0.03935609385371208,-0.004672625567764044,0.06239306926727295,-0.12927192449569702,-0.16614997386932373,-0.35270434617996216,-0.15607810020446777,-0.05080627277493477,0.3182979226112366,-0.06579601019620895,0.008924025110900402,0.048092421144247055,0.03867091238498688,0.207441046833992,-0.05948040634393692,0.11861906200647354,-0.0555972084403038,0.1629016101360321,0.33448007702827454,0.14238443970680237,-0.12061812728643417,0.3519648015499115,-0.08043929934501648,-0.11794909089803696,-0.333202064037323,0.07731355726718903,0.018855620175600052,-0.4024139940738678,-0.19509252905845642,0.19158920645713806,0.7650201320648193,-0.08107583224773407,0.11471669375896454,0.2703482210636139,0.031730473041534424,0.2302507609128952,-0.05317341536283493,-0.13642607629299164,0.08299873769283295,0.05707666277885437,0.028212780132889748,-0.6021134257316589,-0.506348729133606,-0.00010878891043830663,0.2793937027454376,0.1804647147655487,-0.060044366866350174,0.36433202028274536,-0.022753924131393433,-0.277876079082489,0.10889288038015366,0.2873474955558777,-0.029042011126875877,-0.3367961049079895,0.16905367374420166,-0.012189355678856373,-0.08961228281259537,0.3797699213027954,-0.18145568668842316,0.09352215379476547,0.07155849039554596,-0.356912761926651,0.0517037995159626,-0.03819730132818222,-0.11023660004138947,-0.21575137972831726,-0.09962873160839081,-0.13540025055408478,0.07195843756198883,0.11811361461877823,-0.09881614148616791,0.1573534905910492,-0.08887110650539398,-0.051653970032930374,-0.007251328323036432,0.20426292717456818,0.031089356169104576,-0.0821167603135109,0.011650693602859974,0.12088421732187271,0.03577039763331413,-0.11696632951498032,-0.18318267166614532,-0.2550200819969177,0.010025749914348125,0.008182624354958534,0.13552410900592804,-0.08417190611362457,0.4940032958984375,-0.06763506680727005,-0.17792490124702454,-0.10258045047521591,-0.38869959115982056,-0.18748781085014343,0.07761702686548233,0.2762138545513153,-0.14832161366939545,-0.02144577167928219,0.2478262186050415,-0.3954218029975891,0.0303991436958313,0.16774021089076996,0.04641294479370117,-0.1644703596830368,0.2676710784435272,0.14618167281150818,0.11496642976999283,-0.21222417056560516,-0.03313755989074707,0.3371638357639313,0.009093260392546654,-0.35290175676345825,-0.042100753635168076,-0.14015153050422668,0.06365647166967392,-0.1757085621356964,-0.020755795761942863,0.20035676658153534,0.12101367861032486,0.38677772879600525,0.31817421317100525,0.20335841178894043,-0.0007256865501403809,0.5031623840332031,0.08771342784166336,0.05452151224017143,0.14003485441207886,0.1630176454782486,0.10585707426071167,0.2536735534667969,-0.030690442770719528,-0.013314011506736279,-0.19357454776763916,-0.2794574797153473,-0.26571816205978394,-0.05934257060289383,-0.4022797644138336,-0.11821907758712769,0.016990700736641884,0.12207488715648651,0.17081841826438904,0.21422617137432098,0.0733589380979538,0.05819115787744522,-0.0751250609755516,-0.1697501689195633,0.5058924555778503,-0.2579793334007263,0.11636899411678314,-0.2819717228412628,-0.08056671917438507,-0.5365254282951355,-0.3141019344329834,0.14961886405944824,-0.07394980639219284,0.1040278822183609,0.20884756743907928,0.16799795627593994,-0.6697896122932434,-0.3213460147380829,0.25575563311576843,-0.05678018182516098,-0.03756816312670708,-0.2850671410560608,0.028583914041519165,0.07659614086151123
CID000002801,163,0.20824995636940002,0.21692435443401337,-0.025307223200798035,0.3920589089393616,-0.2001531571149826,0.009414280764758587,0.057234782725572586,0.321340411901474,0.1486416757106781,0.02112218365073204,-0.03660719841718674,0.20126955211162567,-0.02282113954424858,0.17670086026191711,-0.13632115721702576,0.08513987064361572,-0.0025944174267351627,-0.1724940985441208,-0.10013724863529205,-0.5650196075439453,-0.06737799942493439,-0.18378736078739166,-0.10987389087677002,-0.8823976516723633,0.132192462682724,0.17169523239135742,-0.22109659016132355,-0.08864052593708038,-0.017941871657967567,0.3772926330566406,-0.25116056203842163,0.21003258228302002,0.12455806881189346,-0.15969344973564148,0.13856162130832672,0.1122676283121109,0.05223766714334488,-0.018888693302869797,0.1693989634513855,-0.023713137954473495,-0.019151270389556885,-0.017692914232611656,-0.01724870689213276,-0.39333516359329224,-0.18793363869190216,0.45230770111083984,0.16065527498722076,0.1642337143421173,-0.09273220598697662,0.01822701096534729,0.4355808198451996,-0.04245010018348694,-0.107465960085392,-0.10766283422708511,0.2415119707584381,-0.25786396861076355,0.1474228948354721,0.39152756333351135,0.035466644912958145,-0.06788192689418793,-0.052920710295438766,-0.35713014006614685,-0.001711484743282199,-0.09512361884117126,0.16103319823741913,0.6730430126190186,-0.25807181000709534,-0.04794107750058174,0.06707611680030823,0.11762744188308716,0.137348935008049,0.023464273661375046,-0.24178394675254822,-0.3737614154815674,-0.19423332810401917,0.1803579479455948,0.23974621295928955,0.1943201720714569,-0.024432504549622536,-0.04507721588015556,0.3579157590866089,-0.49363574385643005,-0.16683323681354523,-0.1665133237838745,0.07504119724035263,-0.19997377693653107,0.23410964012145996,-0.05965554714202881,0.19246044754981995,-0.7394232749938965,0.06550770998001099,0.4497528076171875,-0.0884077325463295,-0.05460566282272339,0.03455335646867752,-0.2559402287006378,-0.3202863335609436,0.250293105840683,-0.011735564097762108,0.16681142151355743,-0.07056380808353424,-0.04952377453446388,-0.11212356388568878,0.4230634272098541,0.09797339141368866,0.1342446208000183,0.05273690074682236,0.2385508120059967,0.6360970139503479,0.14821727573871613,-0.07054318487644196,0.2140543907880783,0.04434977471828461,-0.16029050946235657,-0.15570802986621857,0.18085877597332,-0.006455352995544672,-0.16480064392089844,0.15519599616527557,-0.025117063894867897,0.6474083065986633,-0.19814732670783997,0.3912268877029419,0.21088197827339172,-0.1697923094034195,0.07453910261392593,0.07884521782398224,-0.16863574087619781,0.22236983478069305,-0.2709411680698395,0.02990460954606533,-0.4931686818599701,-0.26959624886512756,0.11141122877597809,0.023629605770111084,-0.05790823698043823,-0.008038979955017567,-0.10765320062637329,0.0946306362748146,-0.4514734745025635,-0.05809149891138077,0.17251475155353546,-0.034928999841213226,-0.027389053255319595,-0.012086315080523491,0.08142749220132828,0.03666622191667557,0.3632648289203644,0.06588248163461685,0.22628934681415558,-0.007079380564391613,-0.33961987495422363,-0.18483483791351318,0.37793105840682983,-0.26471206545829773,-0.09951801598072052,-0.07532116025686264,-0.32067492604255676,0.06796856224536896,0.3790441155433655,-0.16116109490394592,-0.010201136581599712,0.06638874113559723,0.13034066557884216,-0.13535892963409424,-0.34223002195358276,-0.28117066621780396,0.098385289311409,-0.0988028272986412,-0.03819815069437027,-0.030910674482584,-0.356876403093338,-0.32558780908584595,-0.31873974204063416,0.07123070955276489,-0.01883840560913086,0.056289445608854294,-0.11597070842981339,0.6002707481384277,0.1576906144618988,-0.12212872505187988,-0.023599419742822647,-0.1683814972639084,-0.26171544194221497,0.10820962488651276,0.2628538906574249,-0.48113149404525757,0.080486960709095,0.08908210694789886,-0.3196222186088562,0.002749413251876831,0.020495938137173653,0.11315514147281647,0.11150233447551727,0.18578502535820007,-0.045332275331020355,0.14003939926624298,-0.024936463683843613,0.07013335078954697,0.02072823792695999,-0.06359028071165085,-0.29104676842689514,0.1776464283466339,-0.40783992409706116,-0.21385256946086884,-0.20472116768360138,-0.13196055591106415,-0.08606205135583878,-0.15442755818367004,0.4825337827205658,0.3728472590446472,-0.17745526134967804,0.04065213352441788,0.11950147151947021,-0.07820872962474823,-0.11778922379016876,0.11979059875011444,0.04140818864107132,0.004211305174976587,-0.10319773107767105,-0.1383601427078247,0.019031617790460587,0.09722401201725006,-0.1879381388425827,-0.22023209929466248,0.15040020644664764,-0.06387977302074432,-0.08059635013341904,-0.18370158970355988,-0.1346670687198639,-0.08980404585599899,-0.10457837581634521,0.1292874813079834,-0.06939922273159027,-0.05921396613121033,-0.1623089611530304,0.2615058422088623,-0.2517250180244446,0.17428502440452576,-0.19247928261756897,0.04144488647580147,-0.4313611388206482,-0.05411754921078682,0.21708111464977264,-0.1297610104084015,0.24330243468284607,-0.19127149879932404,0.1891261339187622,-0.595360279083252,-0.3658812940120697,0.349228173494339,-0.23543556034564972,0.22331206500530243,-0.1590726673603058,0.24459895491600037,0.14946822822093964
CID005311297,164,0.058895714581012726,-0.030915450304746628,-0.042960941791534424,0.49673476815223694,-0.23726820945739746,0.12529924511909485,0.18456962704658508,0.11464705318212509,0.171498641371727,0.16592851281166077,0.05959916114807129,0.16384613513946533,0.04268964007496834,0.1767236590385437,-0.20104944705963135,-0.11112742125988007,-0.14293305575847626,-0.16766098141670227,0.2885749936103821,-0.6299659013748169,-0.04566158726811409,-0.3302803337574005,-0.13858112692832947,-0.9529522657394409,-0.15658743679523468,0.12364184856414795,-0.06959476321935654,0.04918476194143295,0.024187857285141945,0.17164252698421478,0.0861988514661789,0.19878649711608887,0.07755359262228012,0.12079614400863647,0.009718506596982479,-0.03992534801363945,-0.029375800862908363,0.1252600997686386,0.08218494057655334,-0.09383882582187653,-0.13988475501537323,-0.1332840472459793,0.10068780183792114,-0.265067994594574,-0.05012291669845581,0.3097659647464752,0.061177678406238556,0.0027606263756752014,0.010901439003646374,0.033610571175813675,0.33718639612197876,-0.011455642990767956,-0.1156143918633461,0.011322619393467903,0.02406393364071846,-0.13553670048713684,-0.021643873304128647,0.06328048557043076,0.11053790152072906,0.001526141189970076,-0.04910342022776604,-0.20273499190807343,-0.025996815413236618,-0.07112345099449158,0.16924729943275452,0.41585445404052734,-0.13775601983070374,0.06981184333562851,-0.014043834991753101,-0.04083595797419548,0.030822213739156723,0.19463929533958435,-0.23022572696208954,-0.36117592453956604,-0.19340309500694275,0.0845705047249794,-0.12706682085990906,0.22161129117012024,-0.000277787446975708,-0.01385409850627184,0.28199562430381775,-0.396196186542511,-0.22188560664653778,-0.11821186542510986,0.07283077389001846,-0.1231146827340126,0.16487103700637817,0.0389748178422451,-0.021429393440485,-0.7213054895401001,-0.02203918620944023,0.26877862215042114,-0.11508377641439438,0.22652475535869598,0.045095294713974,-0.1655338853597641,-0.05241767317056656,0.09908787906169891,0.0005433380720205605,0.06346100568771362,-0.26064637303352356,-0.05000137537717819,-0.17812679708003998,0.14339777827262878,0.00770546356216073,0.12094402313232422,-0.06335671991109848,0.19910618662834167,0.6280654668807983,-0.13886885344982147,-0.02917534112930298,0.13849541544914246,-0.18971779942512512,-0.0706653818488121,0.15648993849754333,0.19784478843212128,0.021374749019742012,0.16694477200508118,-0.030028194189071655,0.02806820534169674,0.7286463379859924,-0.1263962686061859,0.1906755417585373,0.040515266358852386,-0.1578717827796936,-0.07979889214038849,0.07623805105686188,0.2268957644701004,0.2709966003894806,0.07861216366291046,-0.0013103075325489044,-0.4441143870353699,-0.2779545485973358,0.07077116519212723,0.11092515289783478,0.07889103889465332,0.0437266007065773,0.15670859813690186,-0.15115287899971008,-0.31345438957214355,-0.09585903584957123,-0.0020922154653817415,-0.0779934972524643,-0.07718686759471893,0.08296355605125427,0.12985621392726898,-0.21344414353370667,0.44776639342308044,0.16773560643196106,0.2735449969768524,-0.048703715205192566,-0.3012881875038147,0.1030682697892189,0.20644375681877136,-0.17258107662200928,0.007007756270468235,-0.0782352089881897,-0.22048604488372803,-0.0531403049826622,0.2527194321155548,-0.12870018184185028,-0.0736139565706253,-0.02129126526415348,0.02296520210802555,-0.04483231157064438,-0.19006140530109406,-0.24457378685474396,-0.009511870332062244,-0.1297517865896225,0.11462979018688202,-0.02063414826989174,-0.15319505333900452,-0.05833745747804642,-0.28395333886146545,0.12829497456550598,-0.17863711714744568,0.12479587644338608,-0.15969739854335785,0.33969956636428833,-0.01283249817788601,0.03801972419023514,0.06571326404809952,-0.19645217061042786,-0.09161734580993652,0.09246817231178284,0.22857555747032166,-0.3537288308143616,-0.04082024097442627,0.02559639886021614,-0.38458549976348877,-0.031415246427059174,-0.00815621018409729,0.11852078139781952,0.039100948721170425,0.10160259902477264,-0.10826253890991211,-0.040345001965761185,0.02750718966126442,0.10843457281589508,-0.2237246334552765,0.03169791027903557,-0.24043039977550507,-0.023272622376680374,-0.5477405786514282,0.18774691224098206,-0.32037651538848877,0.02871306799352169,-0.16423694789409637,0.00046024619950912893,0.47462040185928345,0.30577021837234497,0.02391742169857025,0.2562674880027771,0.06339426338672638,0.03467438369989395,-0.011866698041558266,-0.006545988377183676,0.18633593618869781,0.21290907263755798,-0.1488998681306839,-0.06815500557422638,-0.3227047026157379,0.08271869271993637,-0.14576955139636993,0.09257397055625916,-0.014310980215668678,-0.03466050699353218,-0.044966887682676315,-0.09695479273796082,-0.23433566093444824,-0.019194748252630234,0.021715324372053146,0.09454645961523056,0.010075673460960388,-0.15178515017032623,-0.08918222784996033,0.31997808814048767,-0.5003120303153992,0.1060551255941391,-0.24186411499977112,0.24499697983264923,-0.54222571849823,0.16986015439033508,0.13116705417633057,-0.1495058834552765,-0.20101144909858704,0.08553493022918701,0.1308194100856781,-0.6552518606185913,-0.08416186273097992,0.1803152710199356,-0.026223864406347275,0.14850260317325592,-0.03648298978805542,0.16245149075984955,-0.03696907311677933
CID000005645,165,0.11755222082138062,-0.055821001529693604,0.033085897564888,0.5485302209854126,-0.3161852955818176,0.3272203803062439,0.16922086477279663,0.265625536441803,-0.008798381313681602,0.10306985676288605,0.0107662258669734,-0.0933179259300232,-0.20669081807136536,0.3147999346256256,0.03202706575393677,-0.08441595733165741,0.08841824531555176,-0.007075822446495295,0.20216429233551025,-0.666958212852478,-0.010994061827659607,-0.08763782680034637,0.042243555188179016,-0.8927232027053833,0.281695157289505,0.025566836819052696,-0.1118270754814148,-0.16901376843452454,-0.10868173837661743,-0.006363420747220516,0.32475167512893677,0.39280128479003906,-0.15055294334888458,-0.26156413555145264,0.29675164818763733,-0.2100551575422287,0.1754811555147171,0.07839464396238327,0.3492198884487152,-0.09547920525074005,0.1220572218298912,-0.3628090023994446,0.2678883969783783,-0.3453654646873474,-0.057569485157728195,0.5250386595726013,-0.01987970992922783,0.01879156567156315,0.07214447855949402,-0.08102630078792572,0.5827750563621521,0.05429838225245476,-0.2820764183998108,-0.1057930737733841,0.19362469017505646,-0.10465128719806671,0.090666264295578,0.13433286547660828,-0.03071731887757778,0.18671539425849915,-0.14887748658657074,-0.20274777710437775,-0.26580703258514404,-0.04808549955487251,0.3507377505302429,0.5558146238327026,-0.20827636122703552,-0.1385948657989502,0.18639254570007324,0.2503967881202698,0.2109752595424652,0.057548098266124725,-0.1428188979625702,-0.2932799458503723,-0.3543034493923187,-0.002354893134906888,0.2649931311607361,0.22602549195289612,-0.05735074728727341,0.07897812128067017,0.13919389247894287,-0.4083889424800873,-0.29819560050964355,-0.04243636876344681,0.30122628808021545,0.1425374448299408,0.0158765260130167,0.09751440584659576,0.09873585402965546,-0.6547935009002686,0.054646365344524384,0.18881897628307343,0.08705434948205948,0.05764533206820488,-0.07144464552402496,-0.4997648298740387,-0.08407554030418396,-0.34709399938583374,0.05396484211087227,0.0401918888092041,-0.12490785121917725,0.2536163330078125,-0.09627888351678848,0.22795069217681885,0.002081406069919467,0.06594325602054596,-0.16631034016609192,0.17348115146160126,0.52748042345047,0.13245141506195068,-0.08821777999401093,0.11320735514163971,0.00956646166741848,0.047111984342336655,-0.06945017725229263,0.05896933749318123,-0.08422712981700897,-0.05682586506009102,-0.1069052591919899,0.16864432394504547,0.7140348553657532,-0.140482097864151,0.2836013734340668,0.045844368636608124,0.005106809549033642,-0.05999908596277237,-0.10484828054904938,-0.0011686921352520585,0.3112659752368927,0.09044589847326279,0.1354716569185257,-0.4392058849334717,-0.2322307825088501,0.3998745381832123,0.16458658874034882,0.14155437052249908,-0.027626270428299904,0.1928148865699768,0.025713223963975906,-0.33626991510391235,0.018243394792079926,0.395071417093277,-0.09442812204360962,0.047154419124126434,-0.20461246371269226,0.24450631439685822,-0.102780282497406,0.4903169274330139,0.029600176960229874,0.1304895579814911,0.03616582602262497,-0.26983943581581116,-0.09634359180927277,0.19221468269824982,-0.1302364617586136,-0.028429251164197922,0.11782948672771454,0.015146857127547264,-0.3095141053199768,0.36584004759788513,0.267841637134552,0.28798583149909973,-0.11547879874706268,-0.24602046608924866,-0.2892194092273712,-0.21915607154369354,-0.37999415397644043,0.34641778469085693,0.17912480235099792,0.16465209424495697,0.1576901227235794,-0.40234270691871643,-0.2373788058757782,-0.5235918760299683,0.053522683680057526,-0.17994324862957,0.06928316503763199,-0.30345213413238525,0.5352644920349121,-0.12120616436004639,-0.09741268306970596,-0.01392633281648159,-0.313449889421463,-0.17646892368793488,0.051364392042160034,0.5196008682250977,-0.36056283116340637,-0.0543338879942894,0.39468613266944885,-0.2991885840892792,0.06374789774417877,-0.01955213025212288,0.39200887084007263,-0.02211855910718441,0.24480240046977997,-0.2007647305727005,-0.05682802200317383,-0.15726104378700256,-0.12668022513389587,-0.16830222308635712,-0.06385359913110733,-0.42607688903808594,-0.17496512830257416,-0.20606198906898499,-0.15607519447803497,-0.19277146458625793,-0.1627342849969864,0.05963397026062012,0.24475045502185822,0.6016332507133484,0.28805068135261536,0.08345341682434082,0.06612477451562881,-0.07369272410869598,0.25529688596725464,-0.13767267763614655,0.11334017664194107,0.3211333155632019,0.008829298429191113,-0.1436614990234375,0.16133160889148712,-0.034195318818092346,0.007878333330154419,-0.34421274065971375,-0.06844772398471832,-0.2832687497138977,-0.1970316618680954,-0.4688872694969177,-0.16684581339359283,0.37662625312805176,0.0642913207411766,0.19664266705513,0.2705678641796112,0.05875670909881592,-0.07434266060590744,-0.2576429843902588,0.23927894234657288,-0.22222712635993958,0.1281397044658661,-0.15090341866016388,-0.02024291828274727,-0.5692466497421265,-0.18724378943443298,0.16713307797908783,-0.0713023692369461,0.06623481959104538,-0.08046196401119232,0.033153023570775986,-0.6199766993522644,-0.0589551106095314,0.3721698224544525,-0.16441552340984344,0.04093121364712715,0.002499625086784363,0.11401908099651337,0.001623261021450162
CID000060831,166,0.013446901924908161,-0.12653177976608276,0.2778382897377014,0.3928419053554535,-0.543230414390564,0.17525354027748108,0.04689454287290573,0.16655215620994568,-0.065190389752388,0.4198257029056549,0.08508314192295074,-0.07063602656126022,-0.25837191939353943,0.21900364756584167,-0.049942053854465485,-0.11799538135528564,-0.10427620261907578,0.10591743141412735,-0.3762663006782532,-0.5435709953308105,0.10592909157276154,-0.11101017147302628,-0.1584475338459015,-0.785810649394989,-0.3385741114616394,0.03213847801089287,-0.17418459057807922,-0.09777330607175827,-0.014694233424961567,0.2480897158384323,-0.24182221293449402,0.21789535880088806,0.19529518485069275,0.3839608132839203,-0.19402198493480682,0.13928622007369995,0.12073707580566406,0.3943348526954651,-0.16687169671058655,-0.22545890510082245,0.1751122623682022,0.1129898875951767,0.26584815979003906,-0.22896254062652588,0.09518595039844513,0.17835469543933868,0.13204970955848694,0.05704183503985405,0.17357109487056732,-0.18163691461086273,0.41782131791114807,-0.03334810957312584,-0.04203750193119049,-0.14177663624286652,0.35119175910949707,0.1820119172334671,-0.05461105704307556,0.08509059250354767,0.30731040239334106,0.10306324809789658,-0.16783462464809418,-0.2529451251029968,-0.3178999125957489,-0.011697232723236084,0.3071366548538208,0.27838650345802307,-0.33264970779418945,-0.005798310041427612,0.48453593254089355,-0.08510632067918777,0.20353293418884277,0.13982394337654114,-0.03304984048008919,-0.2686525285243988,-0.2217332422733307,-0.042521849274635315,0.10275107622146606,0.09253109991550446,-0.11221995204687119,0.09682540595531464,0.1560741364955902,-0.27907148003578186,-0.3126460015773773,-0.14625415205955505,0.06479232758283615,-0.44871464371681213,0.16684040427207947,0.2123018205165863,-0.22086003422737122,-0.8888221979141235,0.0368642583489418,0.15796346962451935,-0.043539322912693024,0.11388473212718964,0.2666643261909485,-0.3997180163860321,0.056271471083164215,0.2603745460510254,0.047573238611221313,0.08168962597846985,0.27642953395843506,-0.042831480503082275,0.047406069934368134,0.509740948677063,-0.33913567662239075,0.1636166125535965,-0.10597942769527435,-0.19942910969257355,0.35893088579177856,0.189311221241951,0.01852334477007389,0.10838577896356583,-0.15011371672153473,-0.09952060878276825,0.0949714258313179,0.21991007030010223,0.1071569100022316,0.08756069839000702,0.13326963782310486,0.1427176594734192,0.7544398903846741,0.012747479602694511,0.19048631191253662,0.2614848017692566,-0.182470440864563,0.11307720839977264,0.050445832312107086,-0.019451841711997986,0.23857513070106506,0.11680547893047333,0.26593226194381714,-0.47074729204177856,-0.6248891353607178,0.024614520370960236,0.1919589340686798,0.18885771930217743,0.23238864541053772,0.1901862919330597,-0.2798597812652588,-0.2575918138027191,-0.011027997359633446,0.1707754284143448,-0.00620626425370574,-0.18779101967811584,0.09379376471042633,0.3473081886768341,0.23422999680042267,0.5617977976799011,0.11805727332830429,0.10445811599493027,-0.07507751882076263,-0.32052066922187805,0.037226080894470215,0.11046959459781647,-0.042213477194309235,-0.021161537617444992,-0.042057037353515625,-0.3908734917640686,-0.04305359721183777,0.2828490138053894,-0.1536804437637329,-0.17983920872211456,0.14567647874355316,0.2263786345720291,0.01153644360601902,0.24620623886585236,-0.013756957836449146,0.13056305050849915,0.0499710813164711,-0.0025722801219671965,0.24737592041492462,-0.18025968968868256,-0.22412364184856415,-0.23993699252605438,0.16500458121299744,0.07764670252799988,0.13081713020801544,-0.24485401809215546,0.6043985486030579,0.06814899295568466,-0.2619284987449646,-0.13801488280296326,-0.5680699348449707,0.1951402723789215,0.24886345863342285,0.10245145857334137,-0.17201048135757446,-0.16637036204338074,0.30130887031555176,-0.315504252910614,0.14352719485759735,0.0022581994999200106,0.258847177028656,-0.378385454416275,0.301239937543869,-0.001701569533906877,0.3768180310726166,0.026431754231452942,-0.05990394204854965,-0.15696221590042114,-0.20426669716835022,-0.23805475234985352,-0.004946127533912659,-0.4769671559333801,-0.23438671231269836,-0.1522219032049179,0.049874503165483475,-0.13927291333675385,0.3269619643688202,0.563370406627655,0.29972201585769653,-0.2297411412000656,0.22124555706977844,0.33769479393959045,0.1930726319551468,-0.1998119205236435,-0.20482821762561798,0.12939882278442383,0.10094477236270905,-0.18468967080116272,-0.23855479061603546,-0.1916906088590622,0.21540836989879608,-0.2633572220802307,-0.048099618405103683,0.17514823377132416,-0.05777747556567192,-0.2544386088848114,0.3941188454627991,-0.04568847268819809,-0.12641651928424835,-0.037185050547122955,-0.08147743344306946,0.11343730986118317,-0.3506839871406555,0.1392975002527237,0.5450484156608582,-0.34067073464393616,0.05269360542297363,-0.10977701842784882,0.16301213204860687,-0.6463978886604309,0.13730131089687347,0.15853700041770935,0.035717930644750595,0.008749616332352161,-0.35048943758010864,0.21324141323566437,-0.6436430811882019,-0.3602449297904968,0.08969849348068237,0.0073892115615308285,0.21395723521709442,0.09434419870376587,-0.07886647433042526,0.0822117030620575
CID000002609,167,1.0368802547454834,0.13574431836605072,-0.046273790299892426,0.3653985261917114,-0.41742372512817383,0.5620024800300598,-0.0025329231284558773,0.17706450819969177,-0.12329395115375519,0.3679546117782593,-0.1149805337190628,0.05738234519958496,0.01977625861763954,0.001015546964481473,-0.09566804021596909,0.16613516211509705,0.07445164024829865,-0.5641199350357056,0.015018862672150135,-0.502849817276001,0.08867303282022476,-0.0496053583920002,-0.1735835075378418,-0.9489800333976746,-0.3452950716018677,-0.02011619694530964,-0.347129225730896,0.057728253304958344,-0.09871865063905716,0.13958212733268738,-0.07967276871204376,0.41951408982276917,0.048231832683086395,0.04641406238079071,0.2839534878730774,-0.005605256650596857,0.2582346498966217,0.08053843677043915,-0.08084136992692947,0.05358029529452324,-0.13946335017681122,0.01259199995547533,0.34762826561927795,-0.264544814825058,0.034636594355106354,0.21444907784461975,0.0352136604487896,0.06578512489795685,0.1876378357410431,1.0259488821029663,0.4383157789707184,0.11745289713144302,0.04998626559972763,0.06802354007959366,0.151814267039299,-0.4621818959712982,0.11039169132709503,0.2869761288166046,0.21908974647521973,0.007336475886404514,-0.17207708954811096,-0.34507590532302856,0.0586995966732502,-0.006104730069637299,0.020754260942339897,0.7533647418022156,-0.030758846551179886,-0.13296587765216827,0.2645260989665985,0.24583999812602997,-0.01942077837884426,0.12971310317516327,-0.23627671599388123,-0.2095506489276886,-0.047468096017837524,0.6687837839126587,-0.08586066961288452,-0.08390539884567261,-0.029050564393401146,0.0470256581902504,0.04026193171739578,-0.41628068685531616,-0.33132800459861755,0.05081778019666672,0.17616870999336243,-0.22792057693004608,0.1993604600429535,-0.07754185795783997,-0.28597643971443176,-1.0726629495620728,-0.0986153855919838,0.5553542971611023,-0.1957588493824005,-0.07271512597799301,0.1807948350906372,-0.18540716171264648,0.1751832515001297,0.11742296069860458,0.06022423505783081,0.5691437721252441,0.11636862903833389,0.046541523188352585,0.05321089178323746,0.3526419997215271,-0.42901214957237244,0.049386195838451385,0.11640612781047821,-0.01989169418811798,0.37879085540771484,0.23734919726848602,-0.11962032318115234,0.08390498161315918,0.053270697593688965,-0.2391798198223114,0.20633235573768616,0.1114029735326767,-0.4141557216644287,-0.2032138556241989,-0.12873581051826477,-0.1140035018324852,0.9431880712509155,-0.36479640007019043,-0.016209758818149567,0.07623908668756485,-0.19964317977428436,0.11525784432888031,-0.038134098052978516,-0.22144468128681183,-0.04562545567750931,-0.22397799789905548,-0.18078653514385223,-0.5718228816986084,-0.3892482817173004,0.6410607695579529,0.180789977312088,0.1157887801527977,0.09080664068460464,0.03259241208434105,0.13104355335235596,-0.6704279184341431,-0.33550745248794556,0.003069156315177679,0.10708316415548325,0.1822519600391388,-0.07625578343868256,0.1557704210281372,-0.08822494745254517,0.759892463684082,-0.004277175758033991,0.03988947719335556,-0.07528359442949295,-0.45961490273475647,0.3492538332939148,0.20087046921253204,-0.23121845722198486,-0.23447883129119873,0.14872530102729797,-0.150599867105484,0.07418951392173767,0.30530092120170593,0.11114499717950821,0.05909205228090286,-0.23930887877941132,0.09665842354297638,-0.196648970246315,-0.16086336970329285,-0.5066332221031189,0.11646999418735504,-0.24801945686340332,0.23043768107891083,0.12860426306724548,-0.22649936378002167,-0.3458945155143738,-0.17983202636241913,0.010684197768568993,-0.06890495866537094,-0.038133881986141205,0.047641120851039886,0.7149162888526917,-0.2922671437263489,-0.19268997013568878,-0.004423136822879314,-0.28411930799484253,-0.2891795039176941,0.2960582971572876,0.35504379868507385,-0.45390287041664124,0.08487576246261597,0.13325248658657074,-0.44528454542160034,-0.21866512298583984,0.0750502496957779,0.07604585587978363,-0.2879186272621155,-0.010478938929736614,-0.47696977853775024,0.4412723183631897,-0.37234219908714294,0.025431226938962936,0.0454765185713768,0.014489891938865185,-0.29160571098327637,1.5221397876739502,-0.8068268895149231,-0.03968041390180588,0.213898703455925,-0.00954815000295639,0.01842987909913063,0.6031816601753235,0.464019775390625,0.4358291029930115,0.22453348338603973,-0.3206356465816498,0.304958701133728,0.07300121337175369,-0.6377595663070679,-0.03084733709692955,-0.011453820392489433,-0.19451798498630524,-0.24342629313468933,-0.03424008563160896,-0.025929097086191177,-0.2400657683610916,-0.25479134917259216,-0.038842566311359406,0.11818494647741318,0.06768679618835449,0.06620834022760391,-0.04624856635928154,0.08019783347845078,-0.18692603707313538,0.1613587737083435,-0.2486778199672699,0.10125494003295898,0.01339587289839983,-0.06306175142526627,0.8292482495307922,-0.5619683861732483,0.019424285739660263,-0.048546697944402695,0.02821502462029457,-0.5377667546272278,0.26463550329208374,0.14590032398700714,-0.5310992002487183,0.09896379709243774,0.17260262370109558,0.4499099850654602,-0.7010898590087891,-0.1007375717163086,0.09893263876438141,-0.23303434252738953,0.28140944242477417,-0.1166132241487503,0.13412559032440186,0.04548485949635506
CID000124087,168,0.09362871944904327,0.14979279041290283,-0.032772161066532135,0.35501787066459656,-0.1731562316417694,0.1242755800485611,0.04593053460121155,0.19042539596557617,0.10302460193634033,0.07890806347131729,0.0022268309257924557,0.14785385131835938,0.15417194366455078,0.0774192065000534,-0.06886055320501328,-0.16897335648536682,-0.08736179023981094,-0.04821000620722771,0.08923684060573578,-0.4824922978878021,0.07933644950389862,-0.11848451942205429,-0.06816564500331879,-0.9224735498428345,-0.0027263343799859285,0.2853776514530182,-0.46906930208206177,-0.07769713550806046,-0.03519570827484131,0.20686297118663788,-0.06895394623279572,0.2852032780647278,-0.20124080777168274,-0.06821811944246292,0.015607720240950584,0.17537108063697815,0.24243111908435822,-0.1636359691619873,0.1462772935628891,-0.16016697883605957,0.026311403140425682,-0.28431376814842224,-0.04884633421897888,-0.41666048765182495,-0.13213813304901123,0.5064305067062378,0.08341540396213531,-0.09377852082252502,0.18317075073719025,-0.07216238975524902,0.28993621468544006,0.11186430603265762,-0.29914945363998413,-0.0659087747335434,0.19638076424598694,-0.3803243637084961,-0.13536395132541656,0.06488773226737976,-0.027549227699637413,0.1320001482963562,-0.12831571698188782,-0.19344410300254822,-0.1103774756193161,-0.23714327812194824,0.21121200919151306,0.5441327095031738,-0.22124722599983215,-0.2779579758644104,0.11787047237157822,0.03639405593276024,0.030323024839162827,0.10594286769628525,-0.33258241415023804,-0.347468763589859,-0.2011343240737915,0.12768582999706268,-0.09104355424642563,0.11094403266906738,-0.23330357670783997,-0.033490873873233795,-0.07009413093328476,-0.3902261555194855,-0.24938616156578064,-0.402477502822876,0.04985141009092331,-0.1491352617740631,0.46351566910743713,-0.01667722500860691,-0.011656087823212147,-0.7310974597930908,0.013910934329032898,0.428569495677948,-0.024260876700282097,0.15233680605888367,0.01785603165626526,-0.30805930495262146,-0.11092591285705566,0.20330116152763367,0.17565090954303741,0.2651599645614624,-0.2975938320159912,0.06577220559120178,-0.20739376544952393,0.13528698682785034,0.1355222761631012,0.13501325249671936,0.14819931983947754,0.14258170127868652,0.4701417088508606,-0.06702442467212677,0.019666291773319244,0.234352707862854,-0.22520551085472107,-0.15810006856918335,-0.2718656063079834,0.279518723487854,-0.010111856274306774,-0.19311626255512238,-0.24159927666187286,0.21357767283916473,0.48302608728408813,-0.09652426093816757,0.4079846441745758,0.19130463898181915,0.02181813307106495,0.18933309614658356,0.08116757869720459,0.1920226365327835,0.3606356084346771,-0.15791678428649902,-0.027719181030988693,-0.2534821927547455,-0.18150615692138672,0.2172662317752838,0.032505620270967484,-0.1268015205860138,-0.03200257942080498,-0.007574078626930714,-0.14354494214057922,-0.3884715437889099,-0.113134004175663,0.04049314931035042,-0.0053552608005702496,-0.14281710982322693,-0.0051943897269666195,0.23545992374420166,-0.1786264032125473,0.324433833360672,0.07295121252536774,0.24962016940116882,0.16873568296432495,-0.18762782216072083,-0.12916088104248047,0.30267333984375,-0.4001060128211975,-0.053001273423433304,0.02731502056121826,-0.2535751163959503,-0.06095500662922859,0.28512316942214966,0.1531641036272049,0.019835010170936584,-0.03694066405296326,0.14113327860832214,-0.19585734605789185,-0.3381771147251129,-0.394554078578949,0.200095534324646,-0.13533884286880493,0.265344500541687,0.029654771089553833,-0.3346855342388153,-0.17895056307315826,-0.47078877687454224,-0.05196702480316162,-0.06069786101579666,0.08159098774194717,-0.23002095520496368,0.5493044257164001,-0.12059621512889862,0.0751868486404419,0.08582492172718048,-0.3278231918811798,-0.3251723349094391,0.3659602701663971,0.3179323971271515,-0.3285672962665558,-0.30237776041030884,-0.10794466733932495,-0.3118784725666046,-0.023354455828666687,0.15445074439048767,0.24526309967041016,0.11116982996463776,0.16427502036094666,-0.29572078585624695,0.09793581068515778,0.006268545985221863,0.11398087441921234,-0.050571225583553314,0.1126103550195694,-0.20578646659851074,0.02046530321240425,-0.31459933519363403,0.0679807960987091,-0.11508957296609879,0.0033248006366193295,-0.06135720759630203,0.20843446254730225,0.40365368127822876,0.4453042149543762,-0.40498676896095276,0.30005794763565063,0.07296422123908997,0.028846805915236473,-0.35353779792785645,0.0777008980512619,0.03271811455488205,0.07864616811275482,-0.1838769018650055,-0.1120983138680458,-0.0905662402510643,0.08785243332386017,-0.2615426182746887,-0.034018129110336304,0.10107572376728058,-0.16731278598308563,-0.13725294172763824,-0.22760805487632751,-0.126839742064476,-0.015464432537555695,-0.10132473707199097,0.2831873595714569,0.12819769978523254,0.011158635839819908,-0.08723375201225281,0.24904263019561768,-0.2263895571231842,0.14569011330604553,-0.20694608986377716,0.2798813581466675,-0.34325969219207764,0.04295268654823303,0.18801841139793396,-0.26712024211883545,0.12796637415885925,0.14386479556560516,0.15992356836795807,-0.3653871417045593,-0.1481080949306488,0.25923675298690796,-0.09895887225866318,0.009501839056611061,-0.22396469116210938,0.0965762808918953,-0.04178282245993614
CID000003043,169,0.2611413896083832,-0.0694136694073677,0.34726256132125854,0.6167155504226685,-0.7113655805587769,-0.18242856860160828,0.3367491662502289,0.3452664017677307,0.05573355033993721,0.44904884696006775,-0.25345030426979065,-1.1835371255874634,-0.12828898429870605,0.3655509948730469,0.1974903643131256,0.33997058868408203,-0.11869601905345917,-0.4954086244106293,0.21417006850242615,-0.6635987758636475,0.2277439534664154,0.07817237079143524,0.11399964988231659,-0.9894081950187683,-0.2039903849363327,-0.11097456514835358,-0.007579329423606396,-0.2195892333984375,0.09789671003818512,0.08067463338375092,0.14843377470970154,-0.10153790563344955,-0.39244088530540466,0.07560785114765167,-0.15322589874267578,0.43270930647850037,0.07285808026790619,0.34253185987472534,0.14412018656730652,-0.38873690366744995,-0.31172776222229004,-0.2955327033996582,-0.23902113735675812,0.07017302513122559,0.021959859877824783,-0.07903636246919632,0.15431861579418182,-0.02079886570572853,-0.20931187272071838,-0.0064753019250929356,0.520995020866394,0.1079854741692543,-0.13051462173461914,0.15596777200698853,0.25186020135879517,0.04250120744109154,0.5786332488059998,-0.223916694521904,1.6167335510253906,-0.3697926998138428,-0.10042699426412582,-0.3703289031982422,-0.2914610803127289,-0.09915389120578766,0.0745333880186081,0.560271143913269,-0.1504763811826706,0.15636707842350006,-0.03134777396917343,0.021982451900839806,0.03816654533147812,0.040884830057621,0.007791534066200256,-0.451119989156723,-0.1379731148481369,0.3557364046573639,0.12203989177942276,-0.4354415833950043,0.019718941301107407,0.11421600729227066,0.13431920111179352,-0.3784981966018677,-0.4351317882537842,-0.1837465465068817,0.02196526899933815,0.11513929069042206,0.3127635717391968,0.1028093546628952,0.14770326018333435,-0.6746525764465332,0.09836132079362869,0.14801283180713654,-0.006280220113694668,0.09486368298530579,0.12420414388179779,-0.46082615852355957,-0.15087804198265076,0.13436341285705566,-0.19023294746875763,0.3340762257575989,-0.333416223526001,0.05663269758224487,-0.04737970978021622,0.08453161269426346,0.27643904089927673,0.13123342394828796,-0.1315729171037674,-0.15689894556999207,0.5210421681404114,-0.07661689817905426,0.015388384461402893,0.05129360407590866,0.2191687822341919,-0.8991971015930176,0.19541162252426147,0.26524364948272705,0.1301712989807129,-0.13863323628902435,0.11645723879337311,0.2755431532859802,0.9068628549575806,-0.75808185338974,0.3973847031593323,0.04453440383076668,-0.20422077178955078,0.34139716625213623,0.09774992614984512,-0.07344488799571991,0.2309056520462036,-0.098240926861763,0.34487324953079224,-0.6226412057876587,-0.6071394681930542,-0.08347591757774353,0.35427942872047424,0.1907326728105545,0.18179604411125183,0.44565677642822266,0.2649316191673279,0.04821088910102844,-0.14859066903591156,0.4919242262840271,-0.17417924106121063,0.12178997695446014,0.11996880918741226,0.13835451006889343,-0.10988982021808624,0.6956908106803894,-0.015499156899750233,-0.023902615532279015,-0.26469340920448303,-0.3376806378364563,0.11742009967565536,0.4159463047981262,0.14818640053272247,-0.024307364597916603,-0.14441289007663727,-0.2052169144153595,-0.11945490539073944,-0.06791134178638458,0.25870630145072937,0.08520646393299103,0.11047352850437164,0.6125713586807251,-0.13103748857975006,-0.028278032317757607,0.15550777316093445,0.1521235853433609,0.17425067722797394,0.3858698010444641,-0.08425716310739517,-0.014716094359755516,0.008230412378907204,0.14445337653160095,0.01363026537001133,-0.026757240295410156,0.01732133887708187,-0.1774962842464447,0.6949202418327332,-0.09297440946102142,-0.024504581466317177,0.04791944473981857,-0.30559563636779785,0.13978692889213562,-0.13204380869865417,-0.1572517454624176,0.10356216132640839,0.2531353831291199,0.2028058022260666,-0.27489084005355835,0.1935974657535553,0.04424170032143593,-0.04747279733419418,-0.1386423408985138,0.0030713446903973818,0.21494385600090027,0.07792437821626663,0.11430158466100693,0.24081477522850037,0.018250633031129837,-0.6128144860267639,-0.5243890285491943,0.027472132816910744,0.0361756905913353,-0.0015350461471825838,0.23310783505439758,0.0932694673538208,-0.0687570869922638,0.6818219423294067,0.4714813232421875,0.4892355799674988,-0.1395094096660614,-0.16727513074874878,-0.08326047658920288,0.14170731604099274,-0.3900347650051117,0.27355679869651794,0.576302707195282,0.015780141577124596,0.4221936762332916,-0.08809022605419159,-0.08966922760009766,-0.03269049525260925,-0.36302751302719116,-0.1267005056142807,0.21358966827392578,-0.01780778169631958,-0.20659220218658447,-0.36603841185569763,0.050165724009275436,0.04136315733194351,0.3642902076244354,0.5492130517959595,0.06672198325395584,-0.02859215810894966,0.1362733393907547,0.48216548562049866,-0.4285524785518646,0.04252099245786667,-0.14324986934661865,-0.11962833255529404,-0.04532042518258095,0.106020987033844,0.28214895725250244,-0.062080491334199905,0.045892708003520966,-0.0945645421743393,-0.029381107538938522,-0.7802149057388306,0.2373027801513672,0.3103640377521515,-0.020522430539131165,0.23592272400856018,-0.3995931148529053,0.13723519444465637,-0.007933959364891052
CID000148192,170,-0.04156403988599777,0.08709865808486938,0.1527368128299713,0.6275265216827393,-0.6068557500839233,0.02789578214287758,0.17405110597610474,0.29103705286979675,0.03513263911008835,0.16890807449817657,0.05027006193995476,-0.3541005849838257,-0.3032843768596649,0.2214938849210739,-0.06815512478351593,0.05871347337961197,0.09380123764276505,0.18550236523151398,0.1849091649055481,-0.5096346139907837,-0.03945755586028099,-0.2625093460083008,-0.14454658329486847,-0.9292460680007935,-0.28575950860977173,0.12283284962177277,0.005594336893409491,-0.08716851472854614,-0.0646040290594101,0.06342171132564545,-0.321804940700531,0.17644010484218597,0.05258588120341301,0.002180428011342883,0.24373884499073029,-0.16384641826152802,0.13041111826896667,0.13498178124427795,0.012052496895194054,-0.19421987235546112,-0.06323440372943878,-0.17743593454360962,0.008858288638293743,-0.10865174233913422,0.02399562858045101,0.24924620985984802,0.08955122530460358,0.10628459602594376,0.04328332096338272,-0.029380908235907555,0.4663015305995941,0.28563979268074036,-0.4070667326450348,-0.2717211842536926,-0.23369821906089783,-0.12097209692001343,0.23618169128894806,-0.021007513627409935,0.38223201036453247,0.1131882518529892,-0.07033579051494598,-0.27814781665802,0.10192634910345078,-0.21091094613075256,0.036207281053066254,0.5193776488304138,-0.26659172773361206,0.02824728563427925,0.10806991159915924,0.017649807035923004,0.0979418158531189,0.05937250703573227,-0.004466003272682428,-0.440878689289093,-0.16829879581928253,0.03756212443113327,0.2469629943370819,0.006483288016170263,-0.10281296074390411,-0.16800348460674286,0.0646185576915741,-0.3735988736152649,-0.29771876335144043,0.027448762208223343,0.3212123513221741,-0.07634557783603668,-0.12556126713752747,0.335186243057251,0.04937330260872841,-0.42798465490341187,-0.004063351545482874,0.014231100678443909,-0.15134325623512268,-0.12186922132968903,-0.047771573066711426,-0.16540387272834778,0.2966686487197876,-0.11294049024581909,0.009871450252830982,-0.1958332657814026,-0.3076229691505432,-0.21378841996192932,-0.03965351730585098,0.24058115482330322,0.162531316280365,0.12416017055511475,0.4610621929168701,-0.40528231859207153,0.526012659072876,0.25583428144454956,0.0773950144648552,0.09914844483137131,-0.23335258662700653,-0.7447555661201477,-0.12264494597911835,0.2639485001564026,0.12023010104894638,-0.2548969089984894,-0.10794545710086823,0.009319871664047241,0.7496153712272644,-0.5398964881896973,0.3074800372123718,0.3099592626094818,-0.23535768687725067,0.3648098111152649,0.087795689702034,-0.18632394075393677,0.126580148935318,0.08236651867628098,0.14787450432777405,-0.5381089448928833,-0.41833773255348206,-0.018208716064691544,0.0863044485449791,0.18577028810977936,0.13338160514831543,0.08921835571527481,-0.0029313743580132723,0.04339677095413208,-0.0879259780049324,0.133209228515625,0.045907191932201385,0.14900577068328857,-0.14908194541931152,0.06047245115041733,-0.07373698800802231,0.47591423988342285,0.1167735606431961,0.24957704544067383,-0.1890706568956375,-0.48372405767440796,0.14552100002765656,-0.18328337371349335,-0.05738160014152527,0.07050568610429764,0.11917461454868317,0.004649440757930279,0.1661471128463745,0.22444717586040497,-0.15395590662956238,0.0863470658659935,0.06522999703884125,-0.24460792541503906,-0.16251233220100403,0.1624913364648819,-0.1258782595396042,0.04824208468198776,0.014222080819308758,0.24693402647972107,-0.019447388127446175,-0.012148591689765453,-0.19130143523216248,-0.09073484688997269,0.21872012317180634,-0.1139443889260292,0.15632334351539612,0.0017324842046946287,0.5739781856536865,-0.3230189085006714,-0.048411138355731964,-0.017783423885703087,-0.016865674406290054,-0.10466502606868744,-0.13179919123649597,-0.06828533113002777,0.11712463200092316,-0.16297069191932678,0.34346333146095276,-0.4065849184989929,-0.0972742885351181,0.22350633144378662,-0.013178880326449871,-0.03292839601635933,0.28180864453315735,-0.07950416952371597,-0.0812259316444397,0.0501398965716362,-0.008346779271960258,-0.05406542494893074,-0.21992579102516174,-0.436037540435791,-0.11910208314657211,-0.1490398645401001,-0.1671939194202423,0.041589297354221344,-0.06247173622250557,-0.055088192224502563,0.23734040558338165,0.5545801520347595,0.3204500079154968,0.1602565050125122,0.31045985221862793,0.036632880568504333,0.318627268075943,0.05374670773744583,0.026625270023941994,0.549351692199707,0.1235511526465416,0.1703237146139145,-0.17129161953926086,0.01217977236956358,0.0064109028317034245,-0.19595691561698914,0.32613176107406616,0.003414604812860489,0.18655367195606232,-0.23962315917015076,-0.3472946286201477,-0.031000202521681786,-0.07986164093017578,0.11460341513156891,0.30634641647338867,-0.015097265131771564,0.39024269580841064,0.5343560576438904,0.33461183309555054,-0.09194382280111313,0.002504247473552823,-0.13579480350017548,0.1953360140323639,-0.16210612654685974,-0.0047803400084376335,0.15787354111671448,-0.01302628219127655,0.12354812771081924,-0.15216122567653656,0.1512819081544876,-0.564775288105011,0.10673043876886368,0.2621597647666931,-0.22223186492919922,0.17115361988544464,-0.3147076964378357,-0.10738861560821533,0.3650798201560974
CID000001690,171,0.4115040898323059,0.24575409293174744,0.2419702708721161,0.5579555630683899,-0.5935434103012085,0.06586725264787674,0.2505163550376892,0.35323140025138855,0.23638084530830383,0.3756001591682434,0.00249826954677701,-0.26263314485549927,-0.03373948112130165,0.17294827103614807,-0.18197694420814514,0.1506669968366623,-0.0015993282431736588,-0.246813103556633,0.18725484609603882,-0.46510568261146545,0.12926456332206726,-0.33568453788757324,-0.10171525180339813,-0.8632070422172546,0.17768855392932892,0.11205758154392242,-0.206269770860672,-0.13372193276882172,-0.05906648561358452,0.013095873408019543,-0.1012045368552208,0.06017050892114639,0.07044810801744461,0.16259238123893738,0.10310538113117218,0.29334455728530884,0.11943729966878891,0.29731428623199463,-0.07157598435878754,-0.2154729813337326,0.014264881610870361,0.09483735263347626,0.11707806587219238,0.08969008177518845,-0.20085319876670837,0.20654360949993134,0.09185326099395752,-0.08338842540979385,-0.06457045674324036,0.23948326706886292,0.5229105353355408,-0.06630097329616547,-0.2949962019920349,0.018561173230409622,-0.09172803908586502,-0.10087325423955917,0.21452561020851135,-0.3066585659980774,0.43387657403945923,-0.11639726161956787,-0.12455406039953232,-0.32560643553733826,0.20294217765331268,-0.16998116672039032,0.39845010638237,0.27771317958831787,-0.4361555576324463,-0.03853767365217209,0.058979980647563934,0.10253491252660751,0.16136226058006287,-0.010427487082779408,-0.15772423148155212,-0.5059734582901001,-0.21154630184173584,0.14899900555610657,0.244947150349617,-0.15196111798286438,-0.08473964780569077,0.08087754994630814,0.18921546638011932,-0.3251509964466095,-0.3627973198890686,0.02189530059695244,0.05196963623166084,0.3254019618034363,0.2438415288925171,0.14053447544574738,-0.10344070196151733,-0.38161495327949524,0.022667285054922104,0.13998010754585266,-0.026841700077056885,0.009480083361268044,-0.2176928073167801,-0.1788974106311798,0.14659003913402557,-0.14190423488616943,-0.06903018057346344,0.2389812171459198,0.002190127968788147,-0.05474928766489029,0.006010453216731548,0.168867290019989,0.174616739153862,0.021006260067224503,-0.06151548773050308,0.16038236021995544,0.3548755347728729,-0.10556647926568985,0.11157802492380142,0.0917859598994255,-0.20706972479820251,-0.4315844476222992,0.13266663253307343,0.31657713651657104,-0.23391887545585632,-0.29310670495033264,-0.05860003083944321,0.26696962118148804,0.7744078636169434,-0.3614817261695862,0.2193247377872467,0.3430956304073334,-0.21061328053474426,0.35854992270469666,0.14623162150382996,0.050935350358486176,0.04620734974741936,0.07726548612117767,0.27147355675697327,-0.5784513354301453,-0.5713575482368469,0.16187292337417603,0.4384201169013977,0.1949470043182373,0.0377277135848999,0.1574857532978058,-0.09393598884344101,0.005491624586284161,-0.0989651083946228,0.17833298444747925,0.24210290610790253,0.24330148100852966,-0.09410031139850616,0.17468968033790588,-0.06994897872209549,0.39380112290382385,0.24338188767433167,0.33521705865859985,-0.08551391214132309,-0.3833138346672058,-0.100213922560215,0.31042420864105225,-0.04915105551481247,0.0023173876106739044,0.07693935930728912,-0.1360807716846466,0.1595214307308197,-0.03416580706834793,0.013031688518822193,-0.1777808964252472,0.008165182545781136,0.09619155526161194,-0.1282234638929367,0.022043192759156227,-0.03111710026860237,0.22669699788093567,0.18284955620765686,0.03511185199022293,-0.09527670592069626,0.1774314045906067,-0.26432228088378906,-0.11151261627674103,0.12813882529735565,-0.17001676559448242,0.20688089728355408,-0.2218257188796997,0.5744909048080444,0.034176718443632126,-0.23486582934856415,0.1886010766029358,0.005904799792915583,-0.05856092646718025,0.025844227522611618,-0.009428456425666809,0.02657359279692173,0.020588774234056473,0.12934613227844238,-0.37388476729393005,-0.26430994272232056,0.0243611391633749,-0.025087332352995872,-0.24577637016773224,0.43899005651474,0.07860727608203888,0.06914518773555756,0.005455630831420422,-0.10360880196094513,0.06067683547735214,-0.05453399568796158,-0.6725566983222961,0.07603462785482407,-0.19062326848506927,-0.22399568557739258,-0.038959749042987823,0.006450996734201908,-0.12501350045204163,0.16085398197174072,0.46209993958473206,0.3217002749443054,0.30850327014923096,0.1789514720439911,-0.05505691096186638,-0.005277668125927448,-0.16259759664535522,-0.012307596392929554,0.3814534842967987,0.02234252169728279,0.042948223650455475,-0.14626313745975494,-0.05149462819099426,-0.22207871079444885,-0.14448140561580658,0.1346207857131958,-0.21180596947669983,0.22432303428649902,-0.14461970329284668,-0.15527650713920593,0.08433263003826141,-0.024422073736786842,0.23702161014080048,0.30435293912887573,-0.06380470097064972,-0.024457205086946487,-0.03718733787536621,0.5225728154182434,-0.6222630739212036,-0.051371414214372635,-0.19890771806240082,-0.08268000930547714,-0.16942642629146576,0.16668196022510529,0.21285367012023926,-0.14165256917476654,0.17110402882099152,0.05939284712076187,-0.046178340911865234,-0.7275837063789368,-0.02619178034365177,0.3628464341163635,-0.02311456762254238,0.2653263807296753,-0.2779187262058258,0.011366665363311768,-0.023968303576111794
CID000004053,172,0.8253065347671509,-0.07897181808948517,0.2957765460014343,0.5019830465316772,-0.25430792570114136,0.11783860623836517,-0.04301223158836365,0.22337274253368378,-0.3049352169036865,0.13059164583683014,-0.09269917756319046,0.10820994526147842,-0.11632832139730453,0.10888447612524033,-0.22696414589881897,-0.03711941838264465,-0.15759001672267914,-0.451702743768692,0.03493861109018326,-0.5827259421348572,0.08420930802822113,0.05719834566116333,-0.21011307835578918,-0.9018384218215942,-0.29304778575897217,0.006171511951833963,-0.23387078940868378,0.17342931032180786,0.017311817035079002,-0.014111089520156384,0.12834510207176208,0.3708725571632385,0.08088644593954086,-0.15862032771110535,0.05347003787755966,0.19893959164619446,0.12794527411460876,-0.0805935263633728,0.03162615746259689,-0.3835693895816803,-0.13917943835258484,0.07417568564414978,-0.09726019948720932,-0.3354074954986572,0.03318507969379425,0.3423629403114319,-0.24436259269714355,0.01678578369319439,-0.3340159058570862,0.16310536861419678,0.333744615316391,-0.10555491596460342,-0.12072525173425674,-0.05223913863301277,-0.06598655879497528,-0.0018429644405841827,-0.013183340430259705,0.3642149865627289,0.035122036933898926,-0.08147691190242767,-0.05324510857462883,-0.09682239592075348,0.1641283482313156,0.022664587944746017,0.3046840727329254,0.5886064767837524,-0.459207147359848,0.18117663264274597,0.01078197080641985,-0.20438528060913086,0.030081307515501976,0.4808742105960846,-0.2559298276901245,-0.2834203541278839,-0.03414257615804672,0.6422207951545715,0.20294544100761414,0.05202140286564827,-0.012553672306239605,0.08782324939966202,0.2767477333545685,-0.5340118408203125,-0.32808029651641846,0.18270155787467957,-0.037877459079027176,-0.20895211398601532,0.17364656925201416,0.002704557729884982,0.14119738340377808,-0.9214227795600891,0.16760607063770294,0.06736604124307632,-0.11389684677124023,-0.32266896963119507,-0.2335023432970047,-0.3918006122112274,-0.13815182447433472,0.2705853581428528,0.32512468099594116,0.8046124577522278,-0.0871497243642807,0.18018892407417297,-0.11107978969812393,0.19001932442188263,-0.2025931179523468,0.14132019877433777,0.19099701941013336,-0.07747161388397217,0.7122510671615601,0.2930845618247986,-0.0675666481256485,0.12666258215904236,-0.011705184355378151,-0.37473151087760925,-0.2557161748409271,0.045356668531894684,-0.06571872532367706,0.14608563482761383,0.03140292316675186,0.33568865060806274,0.9228600263595581,-0.1404748409986496,0.21737465262413025,0.4833442270755768,-0.1734326332807541,-0.06791763007640839,0.16026630997657776,0.05251329019665718,-0.002743395511060953,-0.004154688213020563,0.3055426776409149,-0.836410641670227,-0.3322790861129761,0.19062262773513794,0.2574247419834137,0.06807954609394073,-0.17783741652965546,-0.030512750148773193,0.025954823940992355,-0.3454936742782593,-0.15438541769981384,0.11163558810949326,0.09803353995084763,-0.06532682478427887,0.12959013879299164,0.037185411900281906,-0.03987092897295952,0.615089476108551,-0.028703605756163597,0.22315120697021484,-0.0917586237192154,-0.45490798354148865,0.17736133933067322,0.11254346370697021,-0.12141808122396469,-0.024428868666291237,-0.14844058454036713,-0.14909550547599792,-0.15470156073570251,0.14812056720256805,0.02150752581655979,0.1613246500492096,-0.11508194357156754,0.09203080087900162,0.053834956139326096,-0.15204866230487823,-0.08790966868400574,0.12560053169727325,-0.0818348154425621,0.10697802156209946,-0.16965916752815247,-0.09870074689388275,-0.2924201786518097,-0.3910312056541443,0.017160341143608093,0.012409808114171028,-0.07379060983657837,0.02401064522564411,0.6141525506973267,0.09729206562042236,-0.23105549812316895,-0.23157885670661926,-0.1706438809633255,-0.09346030652523041,0.40026992559432983,0.23114676773548126,-0.4046474099159241,0.49636974930763245,-0.05025540664792061,-0.2555171847343445,-0.2876119613647461,7.146596908569336e-05,0.06241440027952194,-0.14645561575889587,0.1904321163892746,0.13254575431346893,-0.03515626862645149,0.07358098030090332,0.19182613492012024,-0.38076651096343994,-0.3740326464176178,-0.3856077790260315,0.5648690462112427,-0.05301576852798462,-0.04661581665277481,-0.1731274425983429,0.11223117262125015,-0.06568913161754608,0.2310517579317093,0.40203920006752014,0.25616246461868286,0.12514860928058624,0.256473571062088,0.27984994649887085,-0.04349304363131523,-0.57811039686203,0.2555414140224457,0.2371966391801834,0.28058290481567383,0.10397082567214966,-0.15370869636535645,0.1807771623134613,-0.1917666643857956,-0.2564935088157654,-0.09956637769937515,0.2164904773235321,-0.3984554708003998,-0.04323623329401016,-0.10839147865772247,0.30528032779693604,-0.10713507235050201,0.33251723647117615,0.19817495346069336,0.014463665895164013,0.034444354474544525,0.198517844080925,0.31055551767349243,-0.38149744272232056,0.014679601415991783,-0.061094366014003754,0.0811091810464859,-0.751620888710022,-0.026557445526123047,0.06376410275697708,0.03316427767276764,-0.31656521558761597,-0.1591283529996872,-0.003062371863052249,-0.8498377799987793,-0.2838619351387024,0.40259432792663574,0.23081760108470917,-0.14058920741081238,0.17028650641441345,0.23026160895824432,0.0752900093793869
CID000003367,173,0.641706109046936,0.049255676567554474,0.014063405804336071,0.7903586626052856,-0.4360884130001068,-0.0193819310516119,0.09100645780563354,0.21354779601097107,0.18400311470031738,0.3063712418079376,-0.0693155825138092,-1.075357437133789,0.0008886911091394722,0.24398088455200195,0.25312140583992004,0.48639386892318726,-0.1474655568599701,-0.5696626901626587,0.15628263354301453,-0.6395593881607056,0.3046259880065918,-0.11833091825246811,0.11527665704488754,-1.0803241729736328,-0.011704604141414165,-0.19957900047302246,-0.012394535355269909,-0.07562152296304703,-0.00474341819062829,0.04401909559965134,0.04492107778787613,-0.03164594620466232,-0.17898604273796082,0.14586469531059265,-0.08956115692853928,0.14695873856544495,0.274485319852829,0.3022270202636719,0.05539889261126518,-0.4330677092075348,-0.13438180088996887,-0.06565804779529572,0.007875162176787853,0.25053730607032776,0.20146532356739044,-0.016536910086870193,-0.04538561403751373,-0.13878341019153595,-0.12035021930932999,0.3477311134338379,0.4163746237754822,-0.02135518006980419,-0.2015475034713745,0.0169803649187088,0.05011153966188431,0.3326786458492279,0.5843844413757324,0.011845624074339867,1.5986112356185913,0.0549674816429615,0.2097783088684082,-0.4465436339378357,-0.08271940052509308,0.21835112571716309,0.026195084676146507,0.5740025639533997,-0.03277885168790817,0.12678484618663788,-0.12324190139770508,-0.24836799502372742,-0.05059913918375969,-0.20823439955711365,-0.2462778389453888,-0.5175411105155945,-0.2966172695159912,0.5431007146835327,0.1446225345134735,-0.12749826908111572,0.2783023416996002,-0.04173837974667549,0.5313881635665894,-0.6044570207595825,-0.3531675636768341,-0.2538621723651886,-0.03511778265237808,-0.134323850274086,0.2551027536392212,0.01193382777273655,0.1384286880493164,-0.4636004865169525,-0.05039866641163826,0.06172024458646774,-0.06792765855789185,0.2994467616081238,0.3423196077346802,-0.4218423366546631,0.14512677490711212,0.031564392149448395,-0.17939722537994385,0.45236700773239136,-0.07829027622938156,0.05625353008508682,0.04272915795445442,0.15133273601531982,0.09654802829027176,0.09643014520406723,-0.05113782361149788,-0.17527499794960022,0.6603742837905884,0.11746297776699066,0.2928317189216614,0.19733336567878723,-0.09611513465642929,-0.9324710965156555,-0.018657242879271507,0.23231558501720428,0.08335484564304352,0.25603216886520386,0.08796422183513641,0.04647677019238472,0.763475239276886,-1.0246007442474365,0.354902446269989,0.021703282371163368,-0.38343143463134766,0.3590708374977112,0.149041086435318,-0.02412451058626175,0.18432702124118805,0.0033603012561798096,0.19931142032146454,-0.5395089387893677,-0.34745657444000244,0.059157006442546844,0.16582100093364716,0.30041298270225525,0.2490512877702713,0.2910315692424774,0.21485304832458496,-0.10400187969207764,-0.20652122795581818,0.3242484927177429,-0.17938269674777985,0.39148756861686707,0.13417945802211761,-0.21477261185646057,-0.2157152146100998,0.686463475227356,-0.4137372076511383,0.15041448175907135,0.006752257235348225,-0.2880973815917969,0.15270045399665833,0.36516255140304565,-0.08379794657230377,-0.08523823320865631,-0.04694072902202606,-0.22375719249248505,-0.24778687953948975,0.07872804999351501,-0.06438560038805008,-0.27499881386756897,-0.1386014223098755,0.4365231990814209,-0.25100988149642944,-0.08153881877660751,-0.062438417226076126,0.12290313094854355,-0.17306837439537048,0.2577663064002991,0.0807032361626625,0.34873875975608826,0.0655115395784378,0.02839047834277153,-0.007210084702819586,0.23213672637939453,-0.06439922749996185,-0.2434448003768921,0.7629152536392212,0.07530464231967926,-0.1311120092868805,-0.13222625851631165,-0.2688118517398834,0.2103232890367508,0.1435248702764511,-0.23896589875221252,-0.10356543213129044,-0.154149129986763,0.04263976588845253,-0.37555384635925293,-0.05622149631381035,-0.0980813279747963,-0.1307697892189026,-0.38519707322120667,-0.0012812502682209015,0.08308500051498413,-0.10980501025915146,-0.015741828829050064,0.12033475935459137,0.23213830590248108,-0.4250417649745941,-0.4445810317993164,0.27426525950431824,-0.2552589774131775,0.01903139054775238,-0.0662446990609169,0.17499391734600067,0.019270146265625954,0.6947681307792664,0.3714769184589386,0.3933563530445099,-0.36388176679611206,-0.029079681262373924,0.1023603230714798,-0.13902704417705536,-0.3449130654335022,0.23360690474510193,0.6528712511062622,-0.06809864193201065,0.5711178183555603,0.0013734459644183517,-0.23610274493694305,0.106972336769104,-0.3066263794898987,-0.06261354684829712,0.22562475502490997,0.18326078355312347,-0.16884437203407288,-0.2523331940174103,0.2547518014907837,0.002612826181575656,0.35071977972984314,0.5297028422355652,0.10523860156536102,-0.07511021941900253,0.1501985341310501,0.4829491078853607,-0.46008071303367615,0.14629437029361725,-0.26915261149406433,-0.03426546975970268,-0.1766522228717804,0.2397657334804535,0.08657944202423096,-0.17675328254699707,-0.20709188282489777,-0.12209966033697128,0.1687573492527008,-0.7333287000656128,0.08451829105615616,0.544887900352478,-0.07114239782094955,0.45321041345596313,-0.4197620451450348,0.060942523181438446,-0.05063651129603386
CID000002550,174,0.17370173335075378,0.09612734615802765,0.03660917654633522,0.24472129344940186,-0.2948715388774872,0.09431488811969757,0.1636369824409485,0.3257196545600891,0.07524219900369644,0.279100239276886,-0.07205476611852646,0.16639141738414764,-0.016394799575209618,0.33331298828125,0.09042397886514664,-0.18065783381462097,-0.10904181003570557,-0.15745984017848969,-0.06432424485683441,-0.445504754781723,-0.03862595930695534,-0.11158110946416855,-0.0005040407413616776,-0.8246319890022278,-0.30302953720092773,0.12280076742172241,-0.21373102068901062,-0.06753899902105331,-0.14849701523780823,0.5497971773147583,-0.31271040439605713,0.26661649346351624,-0.21274340152740479,-0.023791778832674026,0.08808743208646774,-0.281237930059433,-0.10568024218082428,0.31200534105300903,0.1870589554309845,-0.2685195803642273,7.059126801323146e-05,-0.16442826390266418,0.09085606038570404,-0.33554717898368835,-0.1000375971198082,0.41110092401504517,-0.14015889167785645,0.11915546655654907,0.06412265449762344,-0.04557754844427109,0.26897120475769043,0.01444166898727417,-0.3106380105018616,-0.1297084093093872,0.09761611372232437,-0.17841778695583344,-0.2123415470123291,0.19350701570510864,0.11323325335979462,-0.18162336945533752,-0.2223765105009079,-0.39678019285202026,0.1886671483516693,-0.0868377685546875,0.2520502507686615,0.41358447074890137,-0.3807308077812195,-0.036036718636751175,0.20773038268089294,0.10157976299524307,-0.11614563316106796,0.031582850962877274,-0.350766122341156,-0.2291019856929779,-0.26128655672073364,-0.007652208209037781,0.01621222123503685,0.05306551977992058,-0.12331923097372055,-0.04642791301012039,0.26924020051956177,-0.3031640350818634,-0.4779338240623474,0.2357342690229416,0.17452360689640045,-0.2663707435131073,0.2653157114982605,0.036177102476358414,0.03330978751182556,-0.650046706199646,-0.13327538967132568,0.3398430049419403,0.03970020264387131,-0.15736345946788788,-0.2273825705051422,-0.44614115357398987,-0.2936594784259796,0.012794682756066322,0.17851869761943817,0.29032623767852783,-0.3348385989665985,-0.055048584938049316,0.04532182589173317,0.3666628897190094,0.2692479193210602,0.004405946936458349,0.07584884762763977,0.09688558429479599,0.3513314425945282,0.12062887847423553,-0.09719298779964447,0.23008601367473602,-0.42524805665016174,0.0021202503703534603,0.11703548580408096,0.3491571843624115,-0.020143214613199234,-0.1274985820055008,-0.04715130478143692,0.07663794606924057,0.5934198498725891,0.07344357669353485,0.3807772099971771,0.41510462760925293,0.1707073450088501,0.2327132225036621,0.06351218372583389,-0.15399616956710815,0.3231372535228729,0.0651048943400383,0.03566655516624451,-0.36080223321914673,-0.29896479845046997,0.0557209849357605,0.3552669882774353,0.141395702958107,-0.06204981729388237,0.3358156085014343,0.19445465505123138,-0.09842453896999359,-0.3054245412349701,0.3373304605484009,-0.020417943596839905,-0.19912049174308777,0.1224059909582138,0.09663830697536469,0.0663071945309639,0.342794269323349,0.14106883108615875,0.27853327989578247,0.08605925738811493,-0.16447287797927856,0.4447700083255768,0.04272175952792168,-0.18757939338684082,-0.23351295292377472,-0.009291557595133781,-0.5268663167953491,0.34191179275512695,0.28208306431770325,0.2954050302505493,0.15493951737880707,-0.04679906368255615,-0.367459774017334,0.00037627218989655375,0.2934223413467407,-0.3383730947971344,0.1920228898525238,0.243989497423172,0.21965999901294708,0.09384788572788239,-0.19103342294692993,-0.07976564764976501,-0.33456873893737793,0.03713580593466759,0.002732669236138463,-0.01151890866458416,-0.3937893509864807,0.41436925530433655,-0.10987027734518051,0.1511477828025818,-0.07901386171579361,-0.11692485958337784,-0.2218334674835205,0.4499387741088867,0.16401605308055878,-0.05588656663894653,0.1421053111553192,-0.0476558618247509,-0.40677499771118164,-0.2469886839389801,0.34131333231925964,0.10012456029653549,0.07006558775901794,0.3322148025035858,0.04410397261381149,0.16583338379859924,-0.1428305208683014,0.1443444788455963,0.019439179450273514,0.1915590763092041,-0.3377816677093506,-0.14057794213294983,-0.27678921818733215,0.08754371106624603,-0.138564333319664,-0.33786261081695557,0.1000993624329567,0.013380797579884529,0.36184072494506836,0.47657841444015503,0.18745240569114685,0.3464788794517517,0.46432051062583923,-0.0735165923833847,-0.23244543373584747,0.15243764221668243,0.04011547565460205,-0.00669712433591485,-0.1763252168893814,-0.01796782948076725,0.09979798644781113,-0.20693019032478333,-0.34939873218536377,-0.2914671301841736,0.0029724002815783024,-0.20719316601753235,-0.1409253180027008,-0.33998817205429077,0.03952751308679581,0.055876195430755615,0.11519725620746613,0.42363542318344116,0.12870773673057556,-0.010139686986804008,-0.05618395283818245,0.24744749069213867,-0.2968464493751526,0.029134223237633705,-0.16621685028076172,0.31615903973579407,-0.4974491596221924,0.04259665310382843,0.17011189460754395,-0.12123731523752213,-0.00706631550565362,0.1488366574048996,0.19614511728286743,-0.42779746651649475,-0.22916057705879211,0.3559768497943878,-0.12223783880472183,-0.13656394183635712,-0.1567392498254776,-0.08013882488012314,0.03765011578798294
CID000004259,175,0.07331158220767975,0.38149240612983704,0.32440000772476196,0.5000466108322144,-0.3458186984062195,0.1477276235818863,0.3041292428970337,0.3269619345664978,0.0066787502728402615,0.3664492964744568,-0.0650561973452568,-0.11401023715734482,-0.030074793845415115,0.4101938307285309,-0.23446539044380188,-0.0173812098801136,0.04743306711316109,-0.015722591429948807,0.14473219215869904,-0.40584641695022583,-0.08780565112829208,-0.26996225118637085,0.07497711479663849,-0.7915202975273132,-0.015313724987208843,0.29371893405914307,-0.13718843460083008,-0.2607833743095398,-0.029945150017738342,0.30406084656715393,-0.19532528519630432,0.2031780481338501,-0.18684788048267365,0.030857015401124954,-0.09990306943655014,0.10427787154912949,0.3324759900569916,0.2439180314540863,0.1262727677822113,-0.37279513478279114,-0.09282882511615753,0.005067021586000919,0.1330258548259735,0.05246640369296074,-0.1584644913673401,0.20930901169776917,0.04884149134159088,0.011924234218895435,0.44292551279067993,0.10176143795251846,0.4420541822910309,-0.14975695312023163,-0.3261197507381439,0.02181372605264187,0.17717759311199188,-0.1479560136795044,0.133140429854393,0.20143279433250427,0.2629190683364868,-0.02281520888209343,-0.4712185859680176,-0.47283801436424255,0.13082024455070496,-0.2735580503940582,0.16925272345542908,0.49280524253845215,-0.34139594435691833,-0.07119353115558624,0.17368096113204956,0.16556474566459656,-0.08341944217681885,-0.01916462741792202,-0.3060127794742584,-0.4181385636329651,-0.2001100480556488,-0.054781801998615265,-0.11491309106349945,-0.14528848230838776,-0.07804693281650543,0.16286107897758484,-0.02252775803208351,-0.2507663369178772,-0.3013252019882202,-0.14894534647464752,0.07780660688877106,0.08025012910366058,0.1935153305530548,0.1641366183757782,0.10580144822597504,-0.6126827001571655,-0.009614686481654644,0.1913694441318512,-0.1789412647485733,-0.04381530359387398,-0.18930119276046753,-0.23064664006233215,-0.07422314584255219,-0.0015272110467776656,0.06305724382400513,0.1260778307914734,0.06764744967222214,-0.010120892897248268,0.06209021806716919,0.24714231491088867,0.21509739756584167,0.04955592006444931,0.05879248306155205,0.14733293652534485,0.284640908241272,-0.2803310751914978,0.19233709573745728,0.04207912087440491,-0.20140521228313446,-0.21360722184181213,-0.10469825565814972,0.2505919337272644,-0.10593044757843018,0.044418297708034515,-0.1567627638578415,0.38207584619522095,0.5594930052757263,-0.29281044006347656,0.17300429940223694,0.29634231328964233,-0.32424575090408325,0.40377920866012573,0.12454468011856079,0.08141111582517624,0.2846999764442444,-0.13299214839935303,0.3149007260799408,-0.5185288190841675,-0.4258824288845062,0.1286027431488037,0.338031142950058,0.07796759903430939,0.047981105744838715,0.3237181603908539,0.1446862816810608,-0.03945683315396309,-0.28474053740501404,0.45417842268943787,0.23110464215278625,-0.011557580903172493,0.05215492844581604,0.2730341851711273,-0.1862277090549469,0.35542020201683044,0.2976146340370178,0.28908002376556396,0.13814730942249298,-0.2281969040632248,-0.08075343072414398,0.18879921734333038,-0.33850544691085815,-0.21634623408317566,0.06970693916082382,-0.31709522008895874,0.09308181703090668,0.2505103647708893,0.12551118433475494,-0.04918022081255913,0.05659479647874832,-0.04452710598707199,-0.30322492122650146,0.09752268344163895,-0.19962453842163086,0.40908104181289673,0.019995132461190224,0.16035789251327515,0.11550512164831161,0.0705234557390213,-0.2408519983291626,-0.14743880927562714,0.05401773005723953,-0.12398455291986465,0.51594078540802,-0.17703112959861755,0.42281946539878845,0.13420279324054718,-0.10088732093572617,0.2482176274061203,-0.18839633464813232,-0.09226596355438232,0.027983274310827255,0.18611586093902588,0.015689756721258163,-0.13892421126365662,-0.028579792007803917,-0.4505866467952728,0.03340533375740051,0.1400899887084961,0.007362497039139271,-0.15633484721183777,0.2980748116970062,-0.002651062561199069,0.1820971965789795,-0.11722096055746078,0.11813708394765854,-0.07578884065151215,0.16823694109916687,-0.46143612265586853,0.09708651155233383,-0.36594948172569275,0.025741558521986008,-0.08374947309494019,0.029051735997200012,-0.1255442351102829,0.3689514696598053,0.5459361672401428,0.38512083888053894,0.028908127918839455,0.19854581356048584,0.1713062822818756,0.2538716197013855,-0.46451449394226074,0.19502480328083038,0.06868459284305573,0.10318051278591156,-0.19588220119476318,-0.11857831478118896,0.0412326455116272,-0.07072965800762177,-0.255624383687973,-0.06933431327342987,-0.10964344441890717,0.08468381315469742,-0.37540534138679504,0.010098904371261597,0.019186269491910934,-0.004560236819088459,0.01873345859348774,0.24146810173988342,-0.039175741374492645,0.07288145273923874,-0.03121918812394142,0.5753836631774902,-0.7254837155342102,0.004992272704839706,-0.12482602894306183,0.19799010455608368,-0.20737023651599884,-0.19469618797302246,0.23111018538475037,0.035965997725725174,-0.03587890788912773,0.1992732584476471,-0.36854812502861023,-0.5894365310668945,-0.07985380291938782,0.2912534177303314,-0.16859188675880432,0.1804884970188141,-0.3559681177139282,0.06747642904520035,-0.048186082392930984
CID000003821,176,0.14008502662181854,0.05748044326901436,0.0382017120718956,0.27731239795684814,-0.22653862833976746,0.11042243242263794,0.33597567677497864,0.23928837478160858,0.2072782814502716,0.23156628012657166,0.33781513571739197,0.12005702406167984,-0.03377072140574455,0.14527155458927155,-0.2512819170951843,-0.16260889172554016,-0.06344759464263916,-0.10312123596668243,0.14719617366790771,-0.41992121934890747,0.10743112862110138,-0.2468191385269165,0.12134311348199844,-0.8564294576644897,0.22366973757743835,0.21964411437511444,-0.050326526165008545,0.043115098029375076,0.09652572125196457,0.2037392556667328,0.09003441035747528,0.2287665605545044,-0.013706231489777565,-0.0911373496055603,-0.025364195927977562,-0.1652531921863556,0.28005242347717285,0.02431696094572544,0.05328889563679695,-0.22392532229423523,0.0251761581748724,-0.3826237618923187,0.31046056747436523,-0.36168867349624634,-0.2603756785392761,0.33573511242866516,-0.09128760546445847,-0.036103397607803345,0.12482025474309921,0.10587215423583984,0.23962441086769104,0.03924639895558357,-0.23994851112365723,-0.02906361222267151,0.21254852414131165,-0.1283927857875824,0.1917501986026764,0.09592723846435547,0.08536392450332642,0.025776993483304977,-0.18456605076789856,-0.3496191203594208,0.2884924113750458,-0.06446035206317902,0.25220200419425964,0.39920955896377563,-0.175937682390213,-0.196268230676651,0.15539738535881042,0.001919394708238542,0.1879340261220932,0.2906516194343567,-0.3043017089366913,-0.3735477328300476,-0.2944345474243164,0.2399120032787323,-0.11719312518835068,0.21094676852226257,-0.06886936724185944,-0.18606983125209808,0.03387013077735901,-0.43213000893592834,-0.33701449632644653,0.005187478847801685,0.017627131193876266,-0.12148269265890121,0.2572730779647827,0.1276000589132309,0.005651402287185192,-0.6260982155799866,-0.10590293258428574,0.27435505390167236,-0.033550508320331573,0.042529262602329254,-0.1878948211669922,-0.23964884877204895,-0.0423608161509037,0.2803933620452881,0.11682283878326416,0.1854034960269928,-0.14211294054985046,-0.08687547594308853,-0.031410180032253265,0.29991164803504944,0.2446797788143158,0.027761179953813553,-0.18073877692222595,0.1781236082315445,0.5287488698959351,-0.19276225566864014,-0.11434362828731537,0.14646930992603302,-0.291218101978302,-0.016380470246076584,0.1224505677819252,0.2857673466205597,0.08794473856687546,0.15714219212532043,-0.13945630192756653,0.3278957009315491,0.5813976526260376,-0.34992027282714844,0.3567847013473511,0.2909861207008362,-0.260943740606308,0.1754872351884842,0.00783595908433199,-0.012713608331978321,0.26571884751319885,-0.0365828201174736,0.09243054687976837,-0.45568495988845825,-0.32269054651260376,0.08395632356405258,0.2746264636516571,0.010616110637784004,-0.007838169112801552,0.10402493178844452,-0.2936803102493286,-0.49022603034973145,-0.17032183706760406,0.12799039483070374,0.05075616389513016,-0.04875759407877922,0.0750306248664856,0.12283160537481308,-0.16116400063037872,0.24613650143146515,0.03747404366731644,0.17182248830795288,0.08892788738012314,-0.08367450535297394,-0.2556461691856384,0.1633833348751068,-0.26011228561401367,-0.04834626615047455,-0.15848183631896973,-0.1497565358877182,-0.09815414994955063,0.22561867535114288,-0.08293613791465759,0.2065885066986084,0.05723879858851433,-0.09671969711780548,-0.24290037155151367,-0.1725887805223465,-0.1854475736618042,0.03357672691345215,0.02600313350558281,0.2029290646314621,0.13705208897590637,-0.1915585696697235,-0.23947648704051971,-0.017524754628539085,0.06385991722345352,0.024032628163695335,0.13401281833648682,-0.22195832431316376,0.3532165586948395,0.1440114676952362,0.19541046023368835,-0.06195338815450668,-0.23644813895225525,-0.12876184284687042,-0.05547972396016121,0.2721649706363678,-0.14299747347831726,0.14075572788715363,0.016855478286743164,-0.3869186341762543,-0.26356491446495056,0.0538860484957695,0.08543730527162552,0.06672422587871552,0.15975575149059296,-0.15642918646335602,0.03017439879477024,0.10554488003253937,0.027536725625395775,-0.29530543088912964,0.16831429302692413,-0.39368170499801636,0.07470379769802094,-0.4030935764312744,0.11382470279932022,-0.322084903717041,-0.04869793727993965,0.0065531013533473015,0.1490524262189865,0.3237120509147644,0.35552942752838135,0.012779993005096912,0.3851073980331421,0.18572548031806946,0.05829435586929321,-0.20850808918476105,-0.17617233097553253,0.036949705332517624,-0.04521232098340988,0.02805120125412941,-0.015407438389956951,-0.1602221429347992,-0.11123504489660263,-0.17456090450286865,0.05346743389964104,0.22188667953014374,-0.16586723923683167,-0.18052734434604645,0.05075031518936157,-0.08938101679086685,-0.10058305412530899,-0.12358526885509491,0.23720979690551758,0.03532899543642998,-0.16133911907672882,-0.1206062063574791,0.2591359615325928,-0.33829033374786377,0.05024747923016548,-0.11574967950582504,0.2910973131656647,-0.3342178165912628,0.01875327154994011,0.2928916811943054,-0.04823101684451103,-0.2000623196363449,0.054759252816438675,-0.1013416051864624,-0.5184653401374817,-0.041908424347639084,0.331465482711792,-0.26724129915237427,0.17132458090782166,-0.21607831120491028,0.231144979596138,0.13771259784698486
CID000003488,177,0.2607780694961548,-0.003179150866344571,0.03317563980817795,0.3376868665218353,-0.1830962598323822,0.05053844302892685,0.18286116421222687,0.20220947265625,-0.13032981753349304,0.12444330751895905,0.21663033962249756,0.07412686944007874,0.06481074541807175,0.17327246069908142,0.028754089027643204,-0.14751937985420227,-0.15361015498638153,-0.33673903346061707,-0.20212168991565704,-0.6123454570770264,0.007233142852783203,-0.11689019203186035,-0.18236437439918518,-0.8673909902572632,0.2384992390871048,0.08799996227025986,-0.29844987392425537,0.2577056288719177,-0.030416246503591537,0.14817580580711365,-0.046039145439863205,0.20105525851249695,-0.37592944502830505,-0.08141808211803436,-0.04179765656590462,0.07634183019399643,-0.11287911981344223,0.07214300334453583,0.22102344036102295,-0.374102920293808,-0.047296199947595596,-0.3273763060569763,-0.06094163656234741,-0.23562991619110107,-0.12467539310455322,0.4009973406791687,-0.05350692942738533,0.05495278164744377,0.1406088024377823,-0.26936066150665283,0.2602759897708893,-0.2683664560317993,-0.26877325773239136,0.07406990230083466,0.04035726934671402,-0.328909695148468,-0.18386991322040558,0.10519810765981674,0.0032205283641815186,0.04597049206495285,-0.37290599942207336,-0.06076234579086304,0.14522500336170197,-0.18398401141166687,0.24926181137561798,0.5163249373435974,-0.15763531625270844,0.06257767975330353,0.20012955367565155,-0.15992209315299988,0.34701982140541077,0.16233649849891663,-0.4199005961418152,-0.16429030895233154,-0.4559515118598938,-0.14176037907600403,0.016071742400527,0.3022136390209198,-0.09605349600315094,-0.035229139029979706,0.5056493878364563,-0.2602652907371521,-0.3069201111793518,-0.07471226155757904,0.04159604758024216,-0.11787185817956924,0.33399972319602966,0.03460649400949478,0.2210700958967209,-0.7136563062667847,0.03658599406480789,0.2633207440376282,-0.07223290950059891,0.02288038656115532,0.11233504116535187,-0.22589409351348877,-0.10158155113458633,0.08779896795749664,0.17105165123939514,0.432792991399765,-0.43660879135131836,0.13634970784187317,-0.11251918971538544,0.23487010598182678,0.1287548691034317,0.1770000010728836,-0.055263619869947433,-0.012329387478530407,0.5355967283248901,0.04552426189184189,-0.21270862221717834,0.20308592915534973,-0.3515532612800598,-0.13635484874248505,-0.14333441853523254,0.34115809202194214,0.08020951598882675,-0.17192108929157257,-0.2749229073524475,0.46728506684303284,0.6654654145240784,-0.15767759084701538,0.25634604692459106,0.1390921175479889,0.25940272212028503,0.005080935545265675,0.15838366746902466,0.12569358944892883,0.6491164565086365,-0.09057982265949249,-0.06774866580963135,-0.23941317200660706,-0.19906938076019287,-0.09928305447101593,0.16139504313468933,0.11950509250164032,-0.16266638040542603,0.022358570247888565,-0.2256389856338501,-0.17229776084423065,-0.32599759101867676,0.2623845934867859,-0.060750819742679596,-0.06459775567054749,0.08020900189876556,0.7405285239219666,0.036976851522922516,0.4637983739376068,0.16772295534610748,0.15029869973659515,-0.08158878237009048,-0.18692956864833832,-0.4045354723930359,0.6368627548217773,-0.28527218103408813,0.01897985301911831,0.05340517684817314,-0.08411739766597748,-0.08528922498226166,0.25925737619400024,0.1804814338684082,0.1238241195678711,-0.20408129692077637,0.1376749873161316,0.20030763745307922,0.1063593178987503,-0.2354629784822464,-0.06318136304616928,-0.1426541656255722,0.3303145468235016,-0.033555768430233,-0.17787706851959229,-0.2366790771484375,-0.5229824185371399,0.08829189836978912,0.06767909228801727,0.003931236453354359,-0.6386387944221497,0.49325257539749146,0.2073608636856079,0.05600631982088089,-0.052602075040340424,-0.2337137758731842,-0.3580598831176758,0.4687036871910095,0.27822694182395935,-0.3697732090950012,-0.03145759180188179,-0.1473907232284546,-0.29219162464141846,-0.16890856623649597,0.22875328361988068,0.07374461740255356,0.004560721106827259,0.11750128120183945,0.04310571029782295,0.09073430299758911,0.05731711909174919,-0.1403423547744751,-0.02776835300028324,0.03322478383779526,-0.28075772523880005,-0.17100520431995392,-0.4795880913734436,0.06312692165374756,-0.24439802765846252,-0.06393970549106598,-0.14690513908863068,0.13349664211273193,0.5322439670562744,0.4037017226219177,-0.07532066106796265,0.16183967888355255,0.13996100425720215,0.05487629026174545,-0.3695920705795288,0.187099888920784,0.1499042510986328,0.018636982887983322,-0.32151150703430176,-0.22663982212543488,-0.03412305936217308,0.1690177023410797,-0.12329842150211334,-0.23119060695171356,0.045433856546878815,-0.17313991487026215,-0.19567842781543732,-0.29202800989151,0.08461469411849976,-0.12184011936187744,0.25899073481559753,0.3281770348548889,-0.0783546194434166,-0.060098983347415924,0.056316304951906204,0.4191898703575134,-0.5233927965164185,0.11032651364803314,-0.07464410364627838,0.3082839846611023,-0.3731708228588104,-0.2225831001996994,0.25632938742637634,0.011904621496796608,-0.009509995579719543,0.37119755148887634,0.0108376145362854,-0.5417824983596802,-0.4236820638179779,0.36933109164237976,0.01856810227036476,-0.18185079097747803,-0.10745896399021149,0.18792681396007538,0.09523870050907135
CID000005372,178,0.15285250544548035,0.03610210865736008,0.16534852981567383,0.6683067083358765,-0.5386431217193604,0.028734177350997925,0.2649971544742584,0.34085196256637573,0.29851293563842773,0.30805468559265137,-0.06946635991334915,-0.6179187893867493,-0.13652703166007996,0.22563448548316956,-0.03368290141224861,-0.05066842958331108,0.07438714802265167,-0.061957210302352905,0.1128966212272644,-0.4318288266658783,-0.14556452631950378,-0.20455797016620636,0.15451574325561523,-0.8314237594604492,-0.09062957763671875,0.254438579082489,-0.13520701229572296,-0.14983001351356506,-0.02525750733911991,-0.04977773129940033,0.2287435531616211,0.21295447647571564,0.15735025703907013,-0.24017958343029022,0.017110727727413177,-0.018776366487145424,0.11411336809396744,0.2640707194805145,0.14359375834465027,-0.1101253479719162,0.09886931627988815,0.04547475278377533,0.05248837545514107,0.034042634069919586,0.20367999374866486,-0.08063361793756485,0.03315747529268265,0.0018549070227891207,0.34105831384658813,0.17641814053058624,0.44413477182388306,-0.22954420745372772,-0.137946218252182,-0.25763216614723206,-0.00478252163156867,-0.021918779239058495,-0.029682040214538574,-0.009532973170280457,0.4050652086734772,-0.010654819197952747,-0.26991894841194153,-0.23743076622486115,0.07503531128168106,-0.003973260521888733,0.09087486565113068,0.3620845675468445,-0.2645995020866394,-0.008321699686348438,0.16683655977249146,0.19698183238506317,0.04511899873614311,0.3408321738243103,-0.16245606541633606,-0.2825094759464264,-0.30311694741249084,0.03254163637757301,0.2649105489253998,-0.07812274992465973,0.004712089896202087,0.06166861578822136,0.2616385817527771,-0.12977056205272675,-0.38103169202804565,-0.26721781492233276,0.44985565543174744,0.28733402490615845,-0.004277045838534832,0.4288237690925598,0.033447958528995514,-0.7523529529571533,-0.051128946244716644,0.0435812845826149,0.013038401491940022,-0.07092268764972687,0.054706744849681854,-0.420522540807724,-0.08240075409412384,-0.3166991174221039,-0.16852614283561707,0.10206302255392075,0.01821342669427395,-0.05165417119860649,-0.08966001123189926,0.11165118217468262,0.2872461676597595,0.02726847492158413,0.045587096363306046,-0.26531511545181274,0.458090215921402,-0.030335864052176476,0.1567813903093338,0.21743997931480408,-0.23197801411151886,-0.1475125253200531,0.35365739464759827,0.3112655580043793,-0.26353147625923157,0.23920562863349915,0.03252442926168442,0.10926699638366699,0.629728376865387,-0.31392407417297363,0.11069198697805405,0.4229218363761902,-0.4931197762489319,0.4024142622947693,0.028077134862542152,-0.07786984741687775,0.1374957114458084,0.1912274807691574,0.13004955649375916,-0.600742518901825,-0.31440621614456177,0.03819591552019119,0.3783726394176483,0.13619503378868103,0.27173280715942383,0.22252559661865234,-0.09500201046466827,0.027703041210770607,-0.2951204776763916,0.36523422598838806,0.1221267357468605,0.008184774778783321,-0.08936847746372223,0.05225605517625809,-0.04302129149436951,0.44518035650253296,0.3657543659210205,0.3974319100379944,0.2718367278575897,-0.4043339192867279,0.11407987028360367,-0.06517565250396729,0.1457212269306183,-0.2740488648414612,0.15310367941856384,-0.002975278999656439,-0.09431248158216476,0.00878656841814518,-0.04494388401508331,0.30257079005241394,0.06353048980236053,-0.07032717764377594,-0.14967963099479675,-0.010650086216628551,0.28107595443725586,0.14880800247192383,0.07557190954685211,0.09409140050411224,-0.06887877732515335,0.1280030906200409,0.0775739923119545,0.08637573570013046,0.09287898242473602,0.0061515700072050095,0.5156707167625427,-0.27732715010643005,0.49710196256637573,0.06461956351995468,-0.500809371471405,-0.16619940102100372,-0.14828786253929138,-0.07961341738700867,0.3649829924106598,0.1227269172668457,-0.03327742964029312,0.04655640572309494,-0.01356246042996645,-0.4068983495235443,0.021438827738165855,-0.10030939429998398,-0.23017776012420654,-0.4246508479118347,0.12542083859443665,0.04682653024792671,0.21520459651947021,-0.12073521316051483,0.0192048791795969,-0.22952541708946228,-0.382813036441803,-0.35145074129104614,-0.16296342015266418,-0.2758130431175232,-0.18555495142936707,-0.11134389787912369,0.053262222558259964,0.033036619424819946,0.3279464840888977,0.6199221611022949,0.3979339301586151,-0.06826193630695343,0.25614655017852783,-0.19482369720935822,0.27052053809165955,-0.1712687462568283,0.11654511839151382,0.43315696716308594,0.07465438544750214,0.05932265520095825,-0.023506980389356613,0.08575676381587982,-0.03366739675402641,-0.3093951642513275,-0.15121065080165863,-0.14070463180541992,0.19615980982780457,-0.11015007644891739,-0.1591167002916336,0.10838896036148071,-0.06492751836776733,0.41433635354042053,0.500698447227478,0.001612529857084155,0.15745651721954346,0.3028547167778015,0.5789905190467834,-0.4709303379058838,0.031217312440276146,-0.26852041482925415,0.21106278896331787,-0.5688091516494751,0.28609001636505127,0.23346726596355438,-0.15706318616867065,-0.1751498281955719,-0.03960789367556572,-0.1680355966091156,-0.5552504062652588,-0.17957934737205505,0.1678944230079651,-0.15441067516803741,0.5656663775444031,-0.29846885800361633,0.1139758974313736,0.20583316683769226
CID000003780,179,0.0290695670992136,-0.17677244544029236,0.19561392068862915,0.29446569085121155,-0.5125726461410522,0.10269435495138168,0.3198356032371521,0.3096420168876648,-0.09072741121053696,0.41726869344711304,0.018075356259942055,0.03353685513138771,-0.12126779556274414,0.141383558511734,-0.16250769793987274,-0.20021438598632812,-0.06958921253681183,0.055834345519542694,0.04450146108865738,-0.34705910086631775,0.1661008894443512,-0.3076675534248352,0.11344307661056519,-0.7006184458732605,0.18822692334651947,0.0208599753677845,-0.24439847469329834,-0.11397574841976166,-0.045419298112392426,0.11405134201049805,0.06428620964288712,0.184463232755661,0.14090588688850403,-0.018329523503780365,0.03221891447901726,-0.23218700289726257,0.017072927206754684,0.2840043902397156,0.4003440737724304,-0.0667404755949974,0.09206042438745499,-0.19287057220935822,-0.02994120493531227,-0.28762298822402954,-0.16415345668792725,0.2253323495388031,-0.01289704442024231,0.008734231814742088,0.14516200125217438,-0.021005019545555115,0.2381116896867752,0.10282270610332489,-0.344225138425827,-0.014516363851726055,0.20897836983203888,-0.04626912623643875,0.016424620524048805,0.05259165167808533,0.09796775877475739,-0.2957594096660614,-0.18020962178707123,-0.31778717041015625,-0.0016567945713177323,-0.08094638586044312,0.16893167793750763,0.21107955276966095,-0.29001039266586304,-0.07598437368869781,0.3212909698486328,0.09890282899141312,0.19931089878082275,-0.2694092392921448,-0.4066971242427826,-0.2646420896053314,-0.2590029239654541,-0.10800479352474213,-0.22926919162273407,-0.009209425188601017,-0.09357491880655289,-0.12762387096881866,0.10760859400033951,-0.5664082765579224,-0.4112275242805481,0.13812455534934998,0.020463455468416214,-0.16412314772605896,0.08493611961603165,0.26572185754776,-0.1400897204875946,-0.6286118626594543,-0.03968456760048866,0.09948395192623138,-0.06407543271780014,0.030939895659685135,0.053238190710544586,-0.20337526500225067,-0.19334736466407776,-0.16172465682029724,0.10084056854248047,-0.052428483963012695,-0.12062430381774902,0.028220023959875107,0.016554946079850197,0.36087140440940857,0.13986538350582123,0.05394143983721733,-0.2526197135448456,-0.1712876707315445,0.3624870181083679,-0.18772903084754944,-0.1731359213590622,0.13237640261650085,-0.32921022176742554,0.024098483845591545,-0.10826332867145538,0.24630287289619446,0.019966477528214455,-0.22620825469493866,-0.2618594467639923,0.23215071856975555,0.6609389781951904,-0.15116743743419647,0.2450646162033081,-0.0005461036926135421,0.0610169880092144,0.17955978214740753,0.06070060655474663,-0.13927656412124634,0.2674018442630768,0.16694453358650208,0.30258744955062866,-0.5295136570930481,-0.4198448657989502,0.058708809316158295,0.30008718371391296,0.21178889274597168,-0.204792782664299,0.41392388939857483,0.07843227684497833,-0.1381850391626358,-0.09839895367622375,0.27378660440444946,0.15186014771461487,-0.17699511349201202,-0.061606816947460175,0.15341444313526154,-0.027907446026802063,0.34898990392684937,-0.1532413810491562,0.12298949807882309,0.03289266675710678,-0.21517066657543182,-0.17387762665748596,0.09989041835069656,-0.25746849179267883,-0.14052316546440125,-0.01517059188336134,-0.11516906321048737,-0.08148562908172607,0.14983858168125153,-0.07239114493131638,0.03857892379164696,0.039514221251010895,-0.049935974180698395,0.07688691467046738,0.1653837263584137,-0.23275348544120789,0.3006154000759125,0.170439675450325,0.2038462907075882,-0.09385426342487335,-0.07392606884241104,-0.13388201594352722,-0.15073361992835999,0.08511325716972351,-0.012572253122925758,0.25127777457237244,-0.33969277143478394,0.3469976782798767,-0.11343888193368912,0.17441244423389435,0.1536622941493988,-0.3383609652519226,-0.13822360336780548,0.15578794479370117,0.0635717511177063,-0.08935800939798355,0.2718014121055603,0.09336620569229126,-0.21271869540214539,-0.07307671010494232,0.13467416167259216,0.2273522913455963,-0.14584343135356903,0.15528759360313416,-0.06649650633335114,0.1629573106765747,-0.049613215029239655,-0.11783014237880707,0.2329142838716507,0.23096084594726562,-0.3593854010105133,-0.1722165197134018,-0.31139424443244934,0.13537909090518951,-0.11625274270772934,-0.03540562093257904,0.23407092690467834,-0.13368621468544006,0.29574865102767944,0.388633131980896,0.179849311709404,0.21802183985710144,0.3372727334499359,0.22447924315929413,-0.11735957860946655,-0.22533854842185974,0.13545037806034088,0.08931947499513626,-0.04100031405687332,0.0847558006644249,-0.15613305568695068,0.006539931986480951,-0.2261313647031784,-0.013948719017207623,-0.07424162328243256,-0.13601072132587433,-0.3352110683917999,-0.02639564871788025,0.012607960030436516,0.11265410482883453,-0.11959566920995712,0.1692822277545929,-0.06359698623418808,-0.1375354677438736,0.3542715907096863,0.3751102089881897,-0.45451778173446655,-0.023431623354554176,0.02608557604253292,0.2948753833770752,-0.5460227131843567,0.029246961697936058,0.44370728731155396,0.0017283648485317826,0.13377757370471954,0.20212113857269287,-0.043003182858228683,-0.6464000344276428,-0.18261905014514923,0.18631044030189514,-0.34724828600883484,-0.04031340405344963,-0.25776854157447815,-0.007317555136978626,0.21117417514324188
CID000027661,184,0.07694469392299652,-0.18355876207351685,0.13869215548038483,0.34630951285362244,-0.5141373872756958,0.1425279676914215,0.34527164697647095,0.2510397136211395,-0.04192749410867691,0.3688361942768097,-0.01689070463180542,-0.019203713163733482,0.005057519767433405,0.16042454540729523,-0.1431799679994583,-0.17557309567928314,-0.038253165781497955,0.0737396627664566,0.05073736980557442,-0.34627777338027954,0.13707591593265533,-0.36845695972442627,0.07015073299407959,-0.7053548693656921,0.13694971799850464,0.0655747801065445,-0.16298016905784607,-0.13739371299743652,0.005711466073989868,0.14702117443084717,0.058211006224155426,0.16355034708976746,0.14378604292869568,-0.014874575659632683,0.020469872280955315,-0.22528906166553497,-0.03857475519180298,0.368625283241272,0.31569093465805054,-0.010376399382948875,0.12953366339206696,-0.14963355660438538,-0.09374066442251205,-0.31922537088394165,-0.18281476199626923,0.2622045874595642,0.022383254021406174,-0.01764816604554653,0.20009247958660126,-0.047684021294116974,0.23950009047985077,0.18379950523376465,-0.3355560302734375,-0.0017204687464982271,0.18308381736278534,-0.10113197565078735,0.00967620313167572,0.005688405130058527,0.09116983413696289,-0.3046075105667114,-0.20020723342895508,-0.35630375146865845,0.006458097603172064,-0.06345035880804062,0.14090578258037567,0.2600418031215668,-0.2794627547264099,-0.08360973745584488,0.2960353493690491,0.0530068464577198,0.10251958668231964,-0.25717854499816895,-0.3961791396141052,-0.2321329116821289,-0.26335883140563965,-0.11319369077682495,-0.26338693499565125,0.014528472907841206,-0.08013428747653961,-0.08874569833278656,0.15550212562084198,-0.6156308650970459,-0.3843989074230194,0.12075972557067871,-0.06836996227502823,-0.12616463005542755,0.15442995727062225,0.1721072942018509,-0.12155286967754364,-0.6390196084976196,-0.08169339597225189,0.12538722157478333,-0.03517315909266472,0.09652160853147507,0.06016029044985771,-0.22127275168895721,-0.14499199390411377,-0.17324645817279816,0.12910982966423035,0.04271867871284485,-0.12289806455373764,0.031032195314764977,0.06000108644366264,0.3480537533760071,0.1241392269730568,-0.006728620268404484,-0.1920325756072998,-0.11196857690811157,0.381639689207077,-0.17963549494743347,-0.11662374436855316,0.15263602137565613,-0.32374152541160583,-0.0008030012249946594,-0.11226034164428711,0.21287360787391663,0.019587118178606033,-0.2528255581855774,-0.24810607731342316,0.21993350982666016,0.6491333842277527,-0.14820285141468048,0.23224446177482605,-0.10734041035175323,0.01994769647717476,0.27774348855018616,0.05590779334306717,-0.15921400487422943,0.3292418122291565,0.184699147939682,0.22707009315490723,-0.5507933497428894,-0.4540627598762512,0.031608469784259796,0.30384257435798645,0.027920210734009743,-0.1784445345401764,0.405223548412323,0.038063276559114456,-0.18119123578071594,-0.1734791100025177,0.24890978634357452,0.11323102563619614,-0.1815250962972641,-0.06571300327777863,0.2052883803844452,0.05682153254747391,0.38963788747787476,-0.09059155732393265,0.10282956063747406,0.05843466520309448,-0.19058236479759216,-0.1398342400789261,0.14556089043617249,-0.20057818293571472,-0.19523699581623077,-0.009091931395232677,-0.13450592756271362,-0.053691089153289795,0.07101389020681381,-0.12207739055156708,0.07388891279697418,0.09600505232810974,0.027119090780615807,0.0907534807920456,0.2132103443145752,-0.17227649688720703,0.34474825859069824,0.20798523724079132,0.1503308117389679,-0.07020415365695953,-0.07053902000188828,-0.08035729080438614,-0.14130941033363342,0.07075433433055878,-0.05897166579961777,0.21070580184459686,-0.39844927191734314,0.3548932671546936,-0.15096554160118103,0.14800193905830383,0.15408918261528015,-0.26073405146598816,-0.15891119837760925,0.18966206908226013,0.11313848197460175,-0.0752217173576355,0.2473982870578766,-0.005413818173110485,-0.20974254608154297,-0.10457710176706314,0.07513061910867691,0.2524292767047882,-0.13239163160324097,0.11211874336004257,-0.0784064382314682,0.200911283493042,-0.016051389276981354,-0.10498365014791489,0.27931928634643555,0.19750037789344788,-0.2907426953315735,-0.1816689670085907,-0.2712500989437103,0.16809603571891785,-0.17093801498413086,-0.07335638999938965,0.22467482089996338,-0.10462120920419693,0.28725212812423706,0.34588485956192017,0.12026643753051758,0.2421308010816574,0.33224090933799744,0.09925738722085953,-0.2095918357372284,-0.23508580029010773,0.14805445075035095,0.07152198255062103,-0.05419588088989258,0.1198490634560585,-0.15752342343330383,0.016149530187249184,-0.1787687987089157,0.03644952178001404,-0.08761559426784515,-0.16144733130931854,-0.2332809418439865,-0.05420691519975662,0.01844378001987934,0.09326381981372833,-0.13425619900226593,0.181380957365036,-0.054448943585157394,-0.04514341801404953,0.28877854347229004,0.3966748118400574,-0.424766480922699,-0.02679458260536194,0.021383855491876602,0.3469000458717346,-0.5436604022979736,-0.01925075054168701,0.42710766196250916,-0.030989279970526695,0.1698736697435379,0.22900323569774628,0.012768959626555443,-0.6624611616134644,-0.2553948163986206,0.18965186178684235,-0.35606855154037476,-0.012134659104049206,-0.3171549439430237,-0.014204924926161766,0.2966361343860626
CID000003032,187,0.5544482469558716,0.07762520015239716,0.12010953575372696,0.2825172245502472,-0.43539443612098694,0.13763506710529327,0.3266441524028778,0.3601478636264801,-0.17823836207389832,0.2386924773454666,-0.0629812702536583,0.18448582291603088,0.11721303313970566,0.22783756256103516,-0.17769165337085724,-0.05807546526193619,-0.0037272870540618896,-0.30879664421081543,0.06127667427062988,-0.3761984705924988,0.08270476758480072,-0.24867010116577148,-0.039155829697847366,-0.5849629640579224,0.046934761106967926,-0.13389530777931213,-0.17020967602729797,0.0751120075583458,-0.13365676999092102,0.27173447608947754,0.08569304645061493,0.2831841707229614,0.26792362332344055,0.022978680208325386,0.1363050490617752,-0.03737615793943405,0.18385858833789825,0.13369441032409668,0.0639721006155014,0.045289840549230576,0.0942375585436821,-0.21395841240882874,0.0027264729142189026,-0.22133643925189972,-0.1529286652803421,0.3869563639163971,-0.013261538930237293,-0.03019697591662407,0.03420186787843704,0.28424307703971863,0.20114842057228088,0.05433620885014534,-0.19027099013328552,-0.07983362674713135,0.15679676830768585,-0.10428615659475327,-0.039350688457489014,0.10724395513534546,-0.08117012679576874,0.03525754064321518,-0.3361959457397461,-0.3065810799598694,0.13636207580566406,-0.24508890509605408,0.239770770072937,0.378224641084671,-0.27339813113212585,-0.12199926376342773,0.2811001241207123,-0.022962534800171852,0.07212036848068237,-0.153294637799263,-0.4604009687900543,-0.3917861878871918,-0.06640218943357468,0.44453153014183044,-0.035735733807086945,0.01112104021012783,-0.06769396364688873,-0.10262980312108994,0.2692328095436096,-0.7207366228103638,-0.4376944899559021,0.22845813632011414,-0.062220193445682526,-0.17944476008415222,0.2782364785671234,-0.09827371686697006,0.11006443202495575,-0.7003760933876038,-0.06267400085926056,0.20570552349090576,0.005099762696772814,-0.10651831328868866,0.038167230784893036,-0.26182568073272705,-0.3644869923591614,-0.1922411322593689,0.03468885272741318,0.23700788617134094,-0.0867428332567215,0.11451172828674316,0.08739720284938812,0.34784063696861267,0.1370563805103302,-0.08487741649150848,-0.15709945559501648,-0.08939133584499359,0.4117673933506012,-0.152256041765213,-0.04253018647432327,0.12476028501987457,-0.16474494338035583,0.07889951765537262,-0.2175097018480301,0.2302883416414261,-0.04582613706588745,-0.2924984395503998,-0.10797741264104843,0.13152335584163666,0.5914160013198853,-0.07444107532501221,0.3765745162963867,0.04831638187170029,0.05515243858098984,0.18479494750499725,-0.03649105131626129,-0.04462752491235733,0.12783820927143097,-0.10108558088541031,0.2854519486427307,-0.5237473249435425,-0.31907233595848083,0.16834212839603424,0.18365757167339325,-0.19973058998584747,-0.30382686853408813,0.1609344780445099,0.15377844870090485,-0.4021318554878235,-0.3445488512516022,0.2838020622730255,0.08466330915689468,-0.10272549092769623,-0.027997881174087524,-0.059155672788619995,0.052100200206041336,0.37978702783584595,-0.10673228651285172,0.18272452056407928,0.07356004416942596,-0.19299539923667908,0.04831935837864876,0.33052897453308105,-0.24264998733997345,-0.11889203637838364,0.025236383080482483,-0.30952078104019165,0.06587301939725876,0.24051359295845032,-0.228885680437088,0.01024831272661686,0.0026032954920083284,-0.045174188911914825,-0.20944464206695557,0.0656728595495224,-0.345853328704834,0.29855674505233765,0.2400054633617401,0.21512773633003235,-0.08334020525217056,-0.18642356991767883,-0.15510502457618713,-0.2742040753364563,0.008186249993741512,-0.10897485166788101,0.2964075803756714,-0.09449279308319092,0.38729867339134216,0.008112534880638123,0.31251081824302673,-0.00930988509207964,-0.26412931084632874,-0.24227690696716309,0.16406114399433136,0.24858100712299347,-0.1846335381269455,0.03336747735738754,-0.20847126841545105,-0.2656099498271942,-0.2706708312034607,0.21351146697998047,0.32677096128463745,-0.024851348251104355,0.14177028834819794,-0.09139113128185272,0.1621711552143097,-0.08958080410957336,0.03882147744297981,0.17458020150661469,0.18924133479595184,-0.3461339473724365,0.3264005482196808,-0.22453930974006653,-0.030440157279372215,-0.1472206860780716,-0.05478499084711075,0.1464429497718811,-0.07484167069196701,0.23775431513786316,0.3734947443008423,0.17398734390735626,0.26432573795318604,0.39246222376823425,-0.06542883813381195,-0.402620792388916,0.07019726186990738,0.057947129011154175,-0.042098402976989746,0.12336084991693497,0.09006433188915253,-0.12632282078266144,0.03414416313171387,-0.2968117296695709,-0.2382603883743286,-0.18946495652198792,-0.25193241238594055,0.04884303733706474,0.021968359127640724,0.15066835284233093,-0.015539797022938728,-0.024182790890336037,0.21126392483711243,0.03499052673578262,0.018790775910019875,0.1335231065750122,0.2686634659767151,-0.5083467960357666,0.06804315745830536,-0.06142382696270943,0.2537408471107483,-0.5583510994911194,-0.09837289899587631,0.3343307673931122,-0.1526840627193451,0.05482082813978195,0.18157312273979187,0.11241592466831207,-0.5427897572517395,-0.05047361180186272,0.31398236751556396,-0.4102223813533783,-0.09106464684009552,-0.19335290789604187,-0.042823899537324905,0.14212819933891296
CID000004943,188,0.4306483268737793,-0.20674069225788116,0.2992068827152252,0.5101025104522705,-0.4883596897125244,0.0739041417837143,0.1396414041519165,0.39406394958496094,-0.11035045236349106,0.42985039949417114,0.11713752895593643,0.07756078243255615,0.012773239985108376,0.0018914133543148637,-0.21679189801216125,0.018692266196012497,-0.11193929612636566,-0.09274899214506149,0.20552769303321838,-0.5213759541511536,0.06047096848487854,-0.1140504851937294,-0.06163785979151726,-0.7499821782112122,-0.22374728322029114,0.035036131739616394,-0.17204198241233826,0.008319485001266003,-0.13534455001354218,-0.09932614862918854,0.03900230675935745,0.3750531077384949,-0.04299561679363251,0.15921589732170105,-0.03201939910650253,-0.0889631062746048,0.12322847545146942,0.09105806797742844,0.0893404558300972,-0.10371723026037216,-0.10403523594141006,0.06482362747192383,-0.061467550694942474,-0.24191990494728088,-0.08477427810430527,0.3431715965270996,0.05401530861854553,0.06537538766860962,-0.12217490375041962,0.14858491718769073,0.3761689066886902,-0.0031574636232107878,-0.12544260919094086,-0.008610839955508709,0.11953546851873398,-0.07850345224142075,0.03366246819496155,0.1223282665014267,0.026134509593248367,-0.26112455129623413,-0.20539908111095428,-0.2333180457353592,-0.027483221143484116,-0.02076677419245243,0.20099356770515442,0.40974777936935425,-0.416238933801651,0.108611561357975,0.2336137741804123,-0.005599011667072773,-0.060889918357133865,-0.05045909434556961,-0.3110271096229553,-0.29939934611320496,-0.013112115673720837,0.30590716004371643,0.0726349949836731,-0.07392901182174683,-0.05177844688296318,-0.038517534732818604,0.2345552146434784,-0.7493464350700378,-0.32045778632164,0.19692322611808777,0.015537586994469166,-0.17338359355926514,0.09900454431772232,-0.05515670031309128,-0.02517257258296013,-0.8198932409286499,0.11480335891246796,-0.014358284883201122,-0.0008092403295449913,-0.24227294325828552,-0.11121167987585068,-0.3512956202030182,-0.07084248960018158,-0.2331138551235199,-0.21731142699718475,0.3526844382286072,-0.07204805314540863,0.14236855506896973,-0.04384951665997505,0.37933114171028137,-0.28785091638565063,-0.056077443063259125,-0.18918392062187195,-0.29449012875556946,0.6135690808296204,0.14897547662258148,-0.11728020757436752,0.1245996505022049,-0.008579474873840809,-0.17206382751464844,-0.10454795509576797,0.1140357255935669,-0.15296049416065216,-0.1125362366437912,0.0026890449225902557,0.20834307372570038,0.8480294942855835,0.009697412140667439,0.25180312991142273,0.13717050850391388,-0.10980232805013657,0.056296996772289276,0.03393647074699402,-0.09787974506616592,0.11064808070659637,0.09773586690425873,0.549909770488739,-0.8425875902175903,-0.3068970739841461,0.25124186277389526,0.2625954747200012,-0.17147395014762878,-0.05065823346376419,0.2828792929649353,-0.07740602642297745,-0.3255736231803894,-0.3133677542209625,0.0775267630815506,0.018040422350168228,-0.048027630895376205,-0.05511555075645447,0.07669791579246521,0.044758521020412445,0.5279141664505005,0.0050689526833593845,0.19032955169677734,0.0632098987698555,-0.4543061852455139,0.20787274837493896,0.17693381011486053,-0.12964388728141785,-0.0778416246175766,-0.08292214572429657,-0.06322990357875824,0.038598205894231796,0.15403899550437927,0.1915072500705719,-0.05320427566766739,-0.05716490000486374,-0.05512041971087456,0.040035199373960495,-0.08150570094585419,-0.3320503532886505,0.2536514103412628,0.023889780044555664,0.01987515762448311,-0.06570125371217728,0.03528160974383354,-0.07810439169406891,-0.27941909432411194,0.016744310036301613,-0.13948774337768555,0.07176055014133453,-0.1093139797449112,0.610447347164154,0.014388224110007286,-0.032480958849191666,0.0008992672082968056,-0.179703027009964,-0.25532203912734985,0.23612821102142334,-0.004331675358116627,-0.28417307138442993,0.37424927949905396,-0.20510610938072205,-0.21743962168693542,0.03498852252960205,0.023097911849617958,0.2853555679321289,-0.1532394289970398,0.23896951973438263,0.06351510435342789,0.0552307665348053,0.03144647926092148,0.016087736934423447,0.07548373937606812,-0.08999897539615631,-0.30934861302375793,0.266829252243042,-0.09622711688280106,-0.04786372929811478,-0.06548352539539337,0.052546143531799316,0.1410718858242035,0.07099504768848419,0.3661021292209625,0.2713928520679474,0.21686962246894836,0.2901953458786011,0.3379334807395935,-0.011780880391597748,-0.3986799120903015,0.08101876080036163,0.287311851978302,0.037719786167144775,0.09017664194107056,0.09865930676460266,0.05888807028532028,-0.2487846165895462,-0.30444884300231934,0.1330239474773407,-0.15326914191246033,0.13015754520893097,-0.08900614082813263,0.001827648258768022,0.34270989894866943,-0.072060726583004,-0.01462219376116991,0.04461269453167915,0.0036781250964850187,-0.15324722230434418,0.25725260376930237,0.38713178038597107,-0.2781915068626404,0.06591616570949554,0.05882829427719116,0.19075052440166473,-0.7150787115097046,0.10523258149623871,0.2862216532230377,-0.06377381831407547,-0.21734483540058136,-0.023763451725244522,0.08558887243270874,-0.8534483909606934,-0.2474827766418457,0.28009524941444397,-0.1049736961722374,-0.07932448387145996,-0.00544505100697279,0.15136240422725677,0.146405428647995
CID000163742,189,-0.029644280672073364,0.26929551362991333,0.06463807821273804,0.5675991773605347,-0.5193477869033813,0.07392380386590958,0.21783645451068878,0.15953722596168518,0.15021419525146484,0.3150036931037903,-7.084607932483777e-05,0.042582929134368896,-0.09390319883823395,0.2769588828086853,-0.24711771309375763,-0.1567932516336441,-0.10917194932699203,-0.035275522619485855,-0.04989488795399666,-0.41297048330307007,0.16404588520526886,-0.28254613280296326,0.1766187995672226,-0.815925121307373,-0.15148784220218658,-0.011622694320976734,-0.08205178380012512,-0.18887057900428772,0.002397340489551425,0.17342081665992737,-0.16600671410560608,0.17023460566997528,0.18456144630908966,-0.18532924354076385,-0.1260172575712204,0.1685200035572052,0.10842132568359375,0.24726438522338867,0.15338227152824402,-0.20691947638988495,-0.09923799335956573,0.038710277527570724,0.046921174973249435,-0.02973557449877262,-0.15406718850135803,0.31199270486831665,-0.14607305824756622,-0.0070090824738144875,0.26035791635513306,0.029209349304437637,0.35813960433006287,-0.3260764181613922,-0.2701287865638733,-0.06250810623168945,0.07430742681026459,-0.150339275598526,0.10238033533096313,0.16906298696994781,0.02329465188086033,0.2023775279521942,-0.14238974452018738,-0.29843881726264954,-0.04669233039021492,-0.22586293518543243,0.01581554487347603,0.2930745780467987,-0.28946831822395325,-0.02866281196475029,0.043771274387836456,0.2833523452281952,0.017934445291757584,-0.17469903826713562,-0.17031186819076538,-0.33521097898483276,-0.005456823855638504,0.11304289102554321,0.15365836024284363,0.017566975206136703,-0.22966143488883972,-0.22269634902477264,-0.01075504720211029,-0.33712467551231384,-0.24917814135551453,0.13353781402111053,0.1362372189760208,-0.15009216964244843,-0.03300685063004494,0.06300245225429535,0.28952258825302124,-0.5956048369407654,-0.015461157076060772,-0.03268345445394516,-0.06382331997156143,-0.1414264738559723,-0.35199224948883057,-0.2626071572303772,-0.14288605749607086,-0.2950831651687622,0.3255156874656677,-0.10173376649618149,0.05628197640180588,0.09685177356004715,0.07962628453969955,0.10894565284252167,0.13660159707069397,0.16702115535736084,0.05161912366747856,-0.06949950754642487,0.44785040616989136,-0.09577111899852753,0.042485468089580536,0.32420724630355835,-0.11240343749523163,-0.2508482038974762,-0.40663760900497437,0.17905479669570923,-0.0727125033736229,-0.13651448488235474,-0.16554038226604462,0.3266196846961975,0.7638775110244751,-0.1355835497379303,0.097304567694664,0.3306652903556824,-0.12088246643543243,0.3030266761779785,0.020168980583548546,-0.04658428207039833,-0.06968981772661209,0.035966645926237106,0.13356320559978485,-0.6554815769195557,-0.6271711587905884,0.11996565759181976,0.3440648913383484,0.21429017186164856,0.18942447006702423,0.29423099756240845,-0.13270096480846405,-0.06225211173295975,-0.06487952172756195,0.2881578207015991,0.16397982835769653,-0.16659143567085266,0.07390575110912323,-0.07048755884170532,-0.0007907786639407277,0.3769013285636902,-0.017309611663222313,0.3053722083568573,0.15977409482002258,-0.5537691116333008,0.0015111853135749698,-0.09362167119979858,-0.15327079594135284,-0.11316220462322235,0.06727585941553116,-0.02467937394976616,0.31080353260040283,0.1395455002784729,-0.1315905749797821,0.35970431566238403,-0.01632070541381836,0.05664026737213135,-0.26912039518356323,0.15602274239063263,-0.07845630496740341,-0.058520782738924026,0.07239504903554916,0.11684054136276245,0.06671132147312164,0.07306832075119019,-0.2603757977485657,-0.22739629447460175,0.15008647739887238,-0.04966432973742485,0.29360705614089966,0.029170971363782883,0.5474685430526733,0.1369123011827469,-0.22203131020069122,0.04704613238573074,-0.08035258203744888,-0.1323811113834381,-0.11908521503210068,0.113084577023983,0.06701739877462387,-0.20351704955101013,0.04983498901128769,-0.3088495135307312,0.15937986969947815,0.17678697407245636,-0.07014617323875427,-0.21447965502738953,0.28149470686912537,0.04618893936276436,0.06925738602876663,-0.15211670100688934,-0.0002665054053068161,0.17656250298023224,-0.05193716287612915,-0.34686079621315,-0.056194525212049484,-0.06945788860321045,-0.04700937494635582,-0.10420854389667511,-0.06868676841259003,0.15865737199783325,0.08041662722826004,0.573819100856781,0.19511842727661133,0.30748042464256287,0.14296627044677734,0.17553313076496124,-0.033287398517131805,0.04332270473241806,0.2364201545715332,0.22815673053264618,0.04362551495432854,0.1661517173051834,-0.12209035456180573,0.058700621128082275,-0.29233425855636597,-0.1535203754901886,-0.09784188121557236,-0.34348657727241516,-0.13115036487579346,-0.06382723897695541,0.0931631475687027,0.27796146273612976,0.09176639467477798,0.18803265690803528,0.21740618348121643,-0.014655371196568012,0.03407306224107742,-0.031438425183296204,0.614425778388977,-0.36803939938545227,0.14912740886211395,-0.24820499122142792,-0.09013088047504425,-0.3519578278064728,-0.2795737683773041,0.1459932029247284,0.0015172570711001754,-0.027062535285949707,0.26481181383132935,-0.13139240443706512,-0.6723718047142029,-0.13676506280899048,0.1720157116651535,-0.011474506929516792,-0.03774457424879074,-0.2702750563621521,0.07637334614992142,0.022973250597715378
CID000123620,190,0.1182117611169815,0.15061800181865692,-0.05656338483095169,0.27142858505249023,-0.21981075406074524,0.2060418426990509,0.24333485960960388,0.3225783705711365,0.019749829545617104,0.33301815390586853,-0.026722168549895287,-0.13685058057308197,-0.17880186438560486,0.2468046396970749,-0.36932218074798584,-0.1327287256717682,-0.05530625581741333,-0.04276565834879875,0.2490425407886505,-0.33631500601768494,0.3148157000541687,-0.3238365054130554,-0.08322653919458389,-0.6922121644020081,0.028141524642705917,0.38992074131965637,-0.28442662954330444,-0.22282631695270538,0.11640498787164688,0.30896610021591187,-0.30837902426719666,0.5004857182502747,0.01797628030180931,0.06304369866847992,0.030337441712617874,0.10853610932826996,0.3301657736301422,0.02704133465886116,0.026938557624816895,-0.23688486218452454,-0.08216588199138641,-0.20583543181419373,0.2852906584739685,-0.2646181285381317,-0.09661704301834106,0.08324097096920013,0.0823628157377243,-0.010997709818184376,-0.16581420600414276,0.12942172586917877,0.28434956073760986,0.07759737223386765,-0.38095366954803467,0.06619643419981003,0.09575780481100082,-0.11565718799829483,-0.11928679049015045,-0.014993390068411827,0.15000414848327637,0.06689183413982391,-0.22607854008674622,-0.297018438577652,0.0901191383600235,-0.24782223999500275,0.3208174705505371,0.4712018072605133,-0.13867196440696716,-0.12105844914913177,0.18328772485256195,0.16313914954662323,0.04848315194249153,-0.04595821723341942,-0.5295097827911377,-0.42524847388267517,-0.5008643865585327,0.027412300929427147,-0.1790376603603363,0.048611849546432495,-0.12781861424446106,0.03729713335633278,-0.08462832868099213,-0.22153687477111816,-0.331989586353302,0.0798896998167038,-0.17875631153583527,-0.0942869633436203,0.0350717194378376,0.52302485704422,-0.36672860383987427,-0.7430474162101746,-0.013582220301032066,0.3159692883491516,0.03203655034303665,-0.4323882460594177,-0.25627797842025757,-0.6260966658592224,-0.5075688362121582,-0.07483033835887909,0.06472494453191757,0.11622162163257599,-0.13484922051429749,-0.0710560604929924,-0.07459034025669098,0.5046766996383667,0.34946203231811523,0.038308218121528625,-0.25662413239479065,-0.10371534526348114,0.25031185150146484,-0.2649572193622589,-0.10554341226816177,0.011465097777545452,-0.21540340781211853,-0.08804483711719513,-0.16539359092712402,0.27395278215408325,-0.06252811849117279,0.028735220432281494,-0.0758972316980362,0.23041565716266632,0.42393961548805237,-0.27983558177948,0.24409255385398865,0.28219857811927795,-0.22773519158363342,0.24336376786231995,0.047164857387542725,0.12644441425800323,0.3396996557712555,-0.009029557928442955,0.06211292743682861,-0.3481307029724121,-0.40580034255981445,0.2221052199602127,0.2570868730545044,0.17107561230659485,0.03861113637685776,0.32757800817489624,0.014070412144064903,0.004399965982884169,-0.1467224657535553,0.2880924344062805,0.316876083612442,-0.21911649405956268,0.04607884958386421,0.12648677825927734,-0.23215432465076447,0.2904781103134155,-0.4738520681858063,0.02776610478758812,-0.11949877440929413,-0.2622617185115814,-0.019919123500585556,-0.10461940616369247,-0.2802414298057556,-0.06583147495985031,-0.02178248204290867,-0.4999505579471588,0.3363606631755829,0.4056369662284851,-0.11986295133829117,-0.09999589622020721,-0.05956118181347847,0.054279036819934845,-0.21875698864459991,-0.006154268980026245,0.08281261473894119,-0.07664724439382553,-0.10124903917312622,0.38812804222106934,0.2920015752315521,-0.2259250432252884,-0.16026747226715088,-0.06700598448514938,0.04995155334472656,0.043063875287771225,0.011272028088569641,-0.11873777210712433,0.21561583876609802,0.06867744028568268,0.1543702334165573,0.09733664244413376,-0.16087836027145386,-0.10288774967193604,0.3447420597076416,0.01830706000328064,-0.13796934485435486,-0.03436703234910965,0.08745861053466797,-0.4330781400203705,-0.16221913695335388,0.24604864418506622,0.3204297125339508,0.005282692611217499,0.05748715251684189,-0.22405889630317688,0.2980930209159851,-0.25180572271347046,-0.08412602543830872,0.03507070988416672,0.1217108815908432,-0.5097746253013611,-0.04891223460435867,-0.3245057761669159,0.20465388894081116,-0.0004956636694259942,0.011588193476200104,-0.08914649486541748,0.3804636597633362,0.5453985929489136,0.36456742882728577,0.07996849715709686,0.4881807863712311,-0.006915357895195484,0.3581683337688446,-0.1700548529624939,-0.29819464683532715,-0.14540526270866394,0.007736441679298878,-0.2071313112974167,-0.028497692197561264,0.30346494913101196,-0.35846370458602905,-0.5304980874061584,-0.580792248249054,-0.15153226256370544,-0.07237070798873901,-0.4649418294429779,-0.11580340564250946,-0.13050761818885803,-0.009230825118720531,-0.016523592174053192,0.3890484571456909,0.022574160248041153,-0.18481913208961487,0.10044995695352554,0.37717053294181824,-0.5794690847396851,0.03509684279561043,-0.09019450843334198,0.23899810016155243,-0.49978965520858765,-0.1798056662082672,0.24897384643554688,0.020674318075180054,-0.19134971499443054,0.21411637961864471,-0.19787642359733582,-0.4280642867088318,0.027125593274831772,0.2578492760658264,-0.381535142660141,0.15096941590309143,-0.3034142553806305,-0.08306826651096344,-0.03216297924518585
CID000005002,191,0.06951339542865753,0.04045525938272476,-0.10623019933700562,0.26601070165634155,-0.4279831051826477,0.06169732287526131,0.23101714253425598,0.19923976063728333,0.11398515850305557,0.29091382026672363,0.2158992737531662,0.11539687216281891,0.10151009261608124,0.1504797637462616,-0.2213941514492035,-0.13759854435920715,-0.08518881350755692,-0.2149154245853424,0.1767200529575348,-0.4098660349845886,0.045974381268024445,-0.23220431804656982,-0.10103492438793182,-0.8740087747573853,0.05013807490468025,0.023923393338918686,-0.14050164818763733,0.06944247335195541,0.043105464428663254,0.18516655266284943,-0.21758194267749786,0.19384047389030457,0.12859539687633514,-0.03896128386259079,-0.036066822707653046,-0.07880091667175293,0.13885587453842163,0.07634314894676208,0.1374036818742752,-0.17016351222991943,0.007968145422637463,-0.2621132433414459,0.21580109000205994,-0.21770599484443665,-0.19773507118225098,0.3957061171531677,0.023621350526809692,0.04074561223387718,0.111543670296669,0.0584847517311573,0.2012004554271698,0.17130950093269348,-0.24094128608703613,-0.02257206290960312,0.08244550228118896,-0.16616377234458923,-0.13361285626888275,0.11466429382562637,0.010714029893279076,0.022174563258886337,-0.12568897008895874,-0.22597351670265198,-0.08848623931407928,0.03894538804888725,0.24520978331565857,0.3590427041053772,-0.09291911870241165,-0.05780293419957161,0.21820664405822754,0.08345786482095718,0.13749989867210388,-0.04554259032011032,-0.3111480176448822,-0.36032167077064514,-0.2053166627883911,0.1636202335357666,-0.04396069422364235,0.1548689305782318,-0.08842689543962479,0.02237885259091854,-0.003645610762760043,-0.48185843229293823,-0.23361320793628693,-0.01489152293652296,0.03735790401697159,-0.2654157280921936,0.1594725251197815,-0.005526380147784948,0.08815203607082367,-0.6289770007133484,-0.006608936935663223,0.33664950728416443,0.07323046773672104,0.07313285022974014,0.05076395720243454,-0.23707100749015808,-0.08145997673273087,0.14582625031471252,-0.09817153215408325,0.030508507043123245,-0.2522668242454529,-0.026231100782752037,-0.04026622325181961,0.27919846773147583,0.30008184909820557,0.05525266379117966,0.20385344326496124,0.24866171181201935,0.49403461813926697,-0.16181938350200653,-0.10633925348520279,0.18201814591884613,-0.16633617877960205,-0.08115608990192413,0.09521981328725815,0.15659865736961365,-0.007174377329647541,0.04544432461261749,-0.18419717252254486,0.1843298375606537,0.5827431678771973,-0.18392272293567657,0.2191963940858841,0.2999275028705597,-0.009420876391232014,0.1539992392063141,-0.008273623883724213,0.11819430440664291,0.17485225200653076,-0.06386181712150574,-0.03136343136429787,-0.4273711144924164,-0.38812217116355896,0.07032492756843567,0.26239073276519775,-0.11898019164800644,0.023630846291780472,0.21223802864551544,-0.1767350733280182,-0.1929151564836502,-0.1639377623796463,0.05600431561470032,0.009715510532259941,-0.2086774855852127,0.03597239777445793,0.12357252836227417,-0.09971211105585098,0.27205196022987366,-0.01844969391822815,0.1510925590991974,0.09050776064395905,-0.20817288756370544,-0.09555519372224808,0.20562705397605896,-0.3074776828289032,-0.04825741425156593,-0.08929091691970825,-0.10643607378005981,0.13731162250041962,0.30118897557258606,-0.1046600192785263,0.06540495902299881,-0.14544886350631714,0.051502592861652374,-0.13844655454158783,-0.07909946888685226,-0.23612967133522034,0.0437939316034317,-0.19544221460819244,0.14728614687919617,0.038577161729335785,-0.1898103654384613,-0.18364158272743225,-0.27561527490615845,0.03532284498214722,-0.07105936855077744,0.13696029782295227,-0.14060655236244202,0.38418200612068176,-0.22484973073005676,0.20750494301319122,0.004820403642952442,-0.16040542721748352,-0.16931895911693573,0.14855478703975677,0.28190159797668457,-0.14039142429828644,0.029906785115599632,-0.09379718452692032,-0.3021090626716614,0.019239138811826706,-0.06280381977558136,0.05936755985021591,0.12929758429527283,0.06774729490280151,-0.16175612807273865,0.09278735518455505,-0.07332160323858261,-0.004755094647407532,0.09618396311998367,0.23594442009925842,-0.2462511956691742,0.12040581554174423,-0.36799484491348267,0.047359030693769455,-0.2165435254573822,-0.1343807429075241,0.03161492571234703,-0.046843498945236206,0.38920146226882935,0.3444821238517761,-0.07198718935251236,0.33825045824050903,0.22035160660743713,0.07345332205295563,-0.03658568486571312,0.0059617250226438046,0.1277892142534256,0.0633218064904213,-0.02566855028271675,-0.0611085407435894,-0.18486173450946808,-0.005259823985397816,-0.17840561270713806,0.03703891858458519,0.08963430672883987,0.08085934817790985,0.030843889340758324,-0.16357862949371338,-0.07753533124923706,-0.06678037345409393,-0.17062775790691376,0.22784975171089172,0.023528873920440674,0.009725391864776611,-0.1916070431470871,0.2658988833427429,-0.28072232007980347,0.13277851045131683,-0.1964491456747055,0.20707111060619354,-0.3581324815750122,0.1906018853187561,0.2336328774690628,-0.14103791117668152,-0.020387815311551094,0.0160207562148571,0.03288476914167404,-0.5183008909225464,-0.09781761467456818,0.22053389251232147,-0.25465962290763855,0.13021649420261383,-0.22906777262687683,0.11073987185955048,0.12251909077167511
CID000004856,192,0.09147100150585175,0.1739359050989151,0.32821914553642273,0.610779881477356,-0.563740074634552,0.08990149199962616,0.2228873074054718,0.3768117129802704,-0.036331821233034134,0.2576388716697693,-0.09104186296463013,-0.1955459862947464,-0.18250595033168793,0.25983142852783203,-0.23610694706439972,0.10063818842172623,0.16270089149475098,0.08194780349731445,0.19943685829639435,-0.5152402520179749,-0.10753065347671509,-0.3738432824611664,-0.08303499221801758,-0.9225207567214966,-0.0013863712083548307,0.320832222700119,0.005100929643958807,-0.16428549587726593,-0.0215497724711895,0.13737522065639496,-0.11531851440668106,0.11446233093738556,-0.0030128241050988436,0.21462905406951904,0.13112476468086243,0.09262503683567047,0.08202404528856277,0.2713141441345215,0.04693768173456192,-0.28038501739501953,-0.013868095353245735,-0.048999376595020294,0.18178439140319824,-0.09437386691570282,-0.1997256875038147,0.19625353813171387,0.04316204786300659,0.05814108997583389,0.009222052991390228,0.0371684655547142,0.5106797218322754,0.14862611889839172,-0.23171234130859375,-0.16299453377723694,0.08315989375114441,-0.142417311668396,0.1820189207792282,-0.010529601946473122,0.16225400567054749,-0.2644968628883362,-0.19716830551624298,-0.3923528790473938,0.18080711364746094,-0.19206179678440094,0.12663757801055908,0.43382978439331055,-0.3768814206123352,0.0014704108471050858,0.21085385978221893,0.11319303512573242,0.1356130689382553,0.013643361628055573,-0.2494335174560547,-0.42290157079696655,-0.16360704600811005,0.10164264589548111,0.12496761977672577,0.036999620497226715,-0.07780693471431732,-0.14426210522651672,0.10604848712682724,-0.4032685160636902,-0.3132915794849396,-0.002531063510105014,0.039774149656295776,0.19076858460903168,0.17202648520469666,0.33894848823547363,-0.021376753225922585,-0.4157739281654358,0.030414924025535583,0.10819852352142334,-0.045210231095552444,-0.08622555434703827,-0.16701555252075195,-0.2227286398410797,0.1192399114370346,0.012751582078635693,-0.09428244829177856,0.08165089786052704,-0.005081504583358765,-0.0161955114454031,-0.0015265445690602064,0.1410183608531952,0.10926194489002228,-0.03143802657723427,0.07836233079433441,-0.15797224640846252,0.2922533452510834,-0.09703025966882706,0.05204916000366211,0.0680074617266655,-0.21163351833820343,-0.3338760435581207,0.06298176944255829,0.2533622682094574,-0.19204486906528473,-0.13058897852897644,-0.020563334226608276,0.25570255517959595,0.7227051258087158,-0.347045361995697,0.2147465944290161,0.2470642775297165,-0.2936980128288269,0.383505642414093,0.1318330466747284,-0.19764189422130585,0.19922074675559998,0.05799255520105362,0.2456485778093338,-0.5778120160102844,-0.5917114019393921,0.10152904689311981,0.18810942769050598,0.12852266430854797,-0.017715224996209145,0.2349308282136917,0.18675418198108673,-0.05296649783849716,-0.14240801334381104,0.1513443887233734,0.25377193093299866,0.08721839636564255,-0.04993808642029762,0.34006914496421814,-0.18817903101444244,0.44780391454696655,0.13634330034255981,0.3303059935569763,-0.049753155559301376,-0.3170219361782074,-0.08291315287351608,-0.001433293567970395,-0.08977529406547546,-0.0941283330321312,0.09394156187772751,-0.08836086094379425,0.09438003599643707,0.1220213919878006,0.04127468913793564,-0.19950076937675476,0.08066225051879883,-0.014955222606658936,-0.17643320560455322,0.1468055546283722,-0.05407054349780083,0.1863575577735901,0.15804298222064972,0.05269886180758476,0.03762677311897278,0.036475978791713715,-0.1961115151643753,-0.03826916217803955,0.1480778306722641,-0.2438051998615265,0.16610565781593323,-0.131605327129364,0.5698844194412231,-0.12704041600227356,-0.13090713322162628,0.1202106922864914,-0.1674453318119049,-0.05215601250529289,0.04503024369478226,-0.13375099003314972,0.10364186763763428,0.07519318163394928,0.1643984615802765,-0.36468538641929626,-0.16385230422019958,0.1951778680086136,0.07419414818286896,-0.11421556770801544,0.3946468234062195,0.10328942537307739,0.05966261774301529,0.0031403065659105778,-0.1574956476688385,-0.12621097266674042,0.031884707510471344,-0.5712844729423523,-0.04695393890142441,-0.2215665876865387,-0.14566874504089355,-0.0787230134010315,0.11627505719661713,0.00046945438953116536,0.10353972017765045,0.48765721917152405,0.3605406880378723,0.16200248897075653,0.33466067910194397,0.030010730028152466,0.18569394946098328,-0.17956143617630005,-0.1150139793753624,0.35199829936027527,0.07123693823814392,0.18968252837657928,-0.13142704963684082,0.08581449836492538,-0.08613675087690353,-0.1548219919204712,0.08947794139385223,-0.054556310176849365,0.22625847160816193,-0.31793269515037537,-0.07608066499233246,0.1195778027176857,-0.11686006933450699,0.12344171106815338,0.26932859420776367,-0.011644857004284859,-0.044233888387680054,0.2835148274898529,0.47572630643844604,-0.4723914563655853,0.011501289904117584,-0.15389232337474823,0.14733700454235077,-0.11127378046512604,0.11573834717273712,0.23477359116077423,-0.08132866770029068,0.0067816912196576595,0.0032217383850365877,-0.033365070819854736,-0.5976179838180542,0.021830376237630844,0.36005979776382446,-0.3087898790836334,0.25456857681274414,-0.3647420406341553,-0.020555105060338974,0.16337262094020844
CID000002249,193,0.23111975193023682,0.3107915222644806,0.18823084235191345,0.4862860143184662,-0.19699779152870178,0.11893079429864883,0.028084944933652878,0.3670364022254944,0.26288580894470215,0.33433565497398376,-0.042123496532440186,-0.16205188632011414,0.019263988360762596,0.1616494357585907,-0.2226511538028717,0.05323122814297676,-0.06723655015230179,-0.2937416434288025,0.08812294900417328,-0.5199195742607117,0.11471929401159286,-0.17990055680274963,0.13187293708324432,-0.9661316871643066,-0.16895759105682373,0.21774816513061523,-0.2193499058485031,0.20831482112407684,0.12254633754491806,0.4195566177368164,-0.4155457019805908,0.2951987087726593,-0.005939892027527094,-0.1306340992450714,-0.08360018581151962,-0.14268743991851807,-0.09882048517465591,0.14657147228717804,-0.008294647559523582,-0.19991441071033478,-0.30646592378616333,-0.081245556473732,0.01358108688145876,-0.2970913350582123,-0.04451581835746765,0.5509592294692993,-0.08817598968744278,0.0697132796049118,0.0059171454049646854,0.11439742892980576,0.38570839166641235,0.07779993116855621,-0.12475023418664932,0.11059325933456421,0.16540570557117462,-0.030464202165603638,-0.10929814726114273,0.010619381442666054,0.05101429671049118,-0.09938203543424606,-0.14932546019554138,-0.31062671542167664,-0.20276601612567902,-0.19601544737815857,0.2508999705314636,0.561643123626709,0.018148254603147507,0.20848143100738525,0.17402999103069305,0.3751644492149353,0.12194149196147919,-0.330087810754776,-0.2568990886211395,-0.14746235311031342,-0.12280209362506866,0.25503644347190857,0.16731712222099304,0.17131558060646057,-0.0035202265717089176,-0.20812909305095673,0.6009030938148499,-0.5037386417388916,-0.34147676825523376,-0.40635743737220764,0.26183634996414185,-0.3846893310546875,0.5120071172714233,0.17463265359401703,0.11315425485372543,-0.9062045812606812,0.09880156069993973,0.3118578791618347,0.04004392772912979,0.0841224193572998,0.04326390475034714,-0.3475000560283661,0.04860500991344452,0.09571486711502075,-0.010866147466003895,0.5411682724952698,-0.12874872982501984,0.08049378544092178,0.0792195200920105,0.3063949644565582,0.04329938441514969,0.05890906602144241,0.19832433760166168,-0.024157673120498657,0.5911757349967957,0.1553272157907486,-0.2009449452161789,0.14256048202514648,-0.03458980843424797,-0.20008492469787598,0.15027093887329102,0.1361670196056366,-0.1730048954486847,0.0016315311659127474,0.10906621068716049,0.2773533761501312,0.5874871015548706,-0.17320425808429718,0.3365324139595032,-0.09527592360973358,0.3090842366218567,-0.08084732294082642,-0.23140525817871094,0.08360584080219269,0.23233363032341003,-0.21568870544433594,0.24333155155181885,-0.5758157968521118,-0.21316199004650116,0.1346646249294281,0.26031479239463806,0.03612194582819939,0.2630921006202698,0.13911795616149902,0.10659940540790558,-0.24453718960285187,-0.6950230598449707,0.151434987783432,0.20513741672039032,-0.04824230074882507,0.22236137092113495,0.17473307251930237,-0.16747485101222992,0.4446844458580017,-0.13920065760612488,0.14903397858142853,0.055028803646564484,-0.4191523492336273,0.14529593288898468,0.05890300124883652,-0.40423569083213806,0.26005491614341736,-0.0887274518609047,-0.4446069300174713,0.39587563276290894,0.34109222888946533,-0.059452690184116364,0.3464444875717163,0.10045008361339569,-0.16878721117973328,0.08381886780261993,-0.20609433948993683,-0.3425274193286896,0.017406350001692772,-0.07040815055370331,-0.0038299919106066227,-0.019811099395155907,-0.2250659018754959,-0.3257991671562195,-0.4475226402282715,-0.05457227677106857,0.13018685579299927,-0.07889936119318008,-0.06801284104585648,0.6610874533653259,0.13841472566127777,-0.1437474489212036,0.09704704582691193,-0.25800302624702454,-0.0277389045804739,0.7577763795852661,-0.13592791557312012,-0.2240854799747467,0.10905060917139053,0.09818018972873688,-0.2764524221420288,0.1027810350060463,0.1178380474448204,-0.014479127712547779,-0.0845298245549202,-0.06331946700811386,0.030173495411872864,0.09553806483745575,-0.24568168818950653,-0.06643091887235641,0.015237992629408836,0.0666748508810997,-0.24001610279083252,0.09183348715305328,-0.37991398572921753,-0.09122137725353241,-0.24848201870918274,0.06683483719825745,-0.06840531527996063,0.0610499270260334,0.5193573236465454,0.4382701814174652,-0.3926367461681366,0.36249175667762756,0.22768020629882812,0.08841494470834732,-0.6053512692451477,0.11547650396823883,0.1295982152223587,0.18762806057929993,0.07636013627052307,-0.15964999794960022,0.029126465320587158,0.14902709424495697,-0.24556970596313477,-0.11859922111034393,-0.1819383054971695,0.11852701008319855,-0.3610534369945526,-0.3058670163154602,-0.0789211243391037,0.09000824391841888,0.06474217027425766,0.12938930094242096,-0.09150169044733047,0.3158423602581024,-0.05037510395050049,0.450482040643692,-0.276803195476532,0.15268604457378387,-0.2070492058992386,0.16270822286605835,-0.4478062689304352,0.15322640538215637,0.32481738924980164,-0.21015767753124237,0.14467278122901917,-0.17336317896842957,-0.3358114957809448,-0.4934374690055847,-0.1375783234834671,0.1995261162519455,-0.16959428787231445,-0.2590743601322174,-0.010561352595686913,0.06700018793344498,-0.03594465181231499
CID000003419,194,0.013243081979453564,0.07710561901330948,-0.09155888855457306,0.2632114887237549,-0.3594551682472229,0.09222947061061859,0.02044486813247204,0.3206009864807129,0.12547655403614044,0.2041005641222,-0.1254710853099823,0.06158389523625374,0.09799407422542572,0.14483588933944702,-0.09260006994009018,-0.03141779452562332,-0.1432860791683197,-0.15666624903678894,-0.02587217092514038,-0.4382703900337219,0.011810451745986938,-0.21576344966888428,-0.17095890641212463,-0.9079874157905579,-0.11692643165588379,0.1781805157661438,-0.3510814905166626,-0.024821443483233452,-0.017111193388700485,0.25175973773002625,-0.3281974792480469,0.20075392723083496,-0.07640810310840607,-0.1035212054848671,0.019872721284627914,0.043066609650850296,-0.09629613161087036,0.12090840190649033,0.20491257309913635,-0.07306528091430664,-0.0910906046628952,-0.20036573708057404,0.014086112380027771,-0.26189425587654114,-0.12289857864379883,0.4375801980495453,-0.05610666424036026,0.1395493596792221,0.07586970925331116,-0.051107894629240036,0.2692699730396271,-0.049300890415906906,-0.19731399416923523,-0.0616936981678009,0.07681954652070999,-0.21516390144824982,-0.29339462518692017,0.07468511909246445,-0.02031562104821205,-0.09495091438293457,-0.22021813690662384,-0.2689456343650818,0.0756257176399231,-0.1811460256576538,0.22197028994560242,0.45244652032852173,-0.2456119954586029,-0.05590089410543442,0.26584771275520325,0.14328202605247498,0.13766083121299744,-0.04173126816749573,-0.3090150058269501,-0.19988030195236206,-0.24145594239234924,0.03859170526266098,0.21009674668312073,0.09745528548955917,-0.060990236699581146,-0.15761978924274445,0.0763414204120636,-0.3138618469238281,-0.2767904996871948,-0.0990019217133522,0.23146963119506836,-0.33805662393569946,0.21669483184814453,0.038650475442409515,0.23334571719169617,-0.6012148261070251,-0.028515905141830444,0.4065884053707123,0.035650234669446945,0.00434623658657074,0.09502753615379333,-0.26715391874313354,-0.11602635681629181,0.22164058685302734,-0.1304474174976349,0.054553914815187454,-0.27879106998443604,0.03316134959459305,-0.045256201177835464,0.24215617775917053,0.27422839403152466,0.11066003888845444,0.324679970741272,0.4178393483161926,0.4792460501194,0.005364373326301575,-0.11432038247585297,0.23484483361244202,-0.2551742196083069,-0.037721022963523865,-0.03429160267114639,0.3242436349391937,0.027018774300813675,0.003613722277805209,-0.1431785523891449,0.07328774034976959,0.6115471124649048,-0.03863828629255295,0.27035462856292725,0.3160468339920044,-0.022964423522353172,0.18472841382026672,0.07434561103582382,0.017567047849297523,0.3623371124267578,-0.15076817572116852,-0.019832607358694077,-0.3835007846355438,-0.27619367837905884,0.012938857078552246,0.19369153678417206,-0.1434398591518402,-0.01881352998316288,0.19547899067401886,0.16156576573848724,-0.13872608542442322,-0.31280940771102905,0.0997251495718956,-0.05582094192504883,-0.1903614103794098,0.002861632499843836,0.2987353205680847,-0.09084799140691757,0.34259992837905884,-0.01802368089556694,0.2849871814250946,0.15521614253520966,-0.23885366320610046,0.08195917308330536,0.2464064359664917,-0.3070119321346283,-0.04166817292571068,0.017154980450868607,-0.28529447317123413,0.17345544695854187,0.25022462010383606,0.2135259360074997,0.13945141434669495,-0.06166078522801399,0.06405903398990631,-0.05739177390933037,0.040241144597530365,-0.38294610381126404,0.0099478242918849,0.0016142011154443026,0.09641154855489731,0.0008073434000834823,-0.2904338240623474,-0.24881553649902344,-0.42734208703041077,-0.1260661631822586,-0.04065250977873802,0.08869447559118271,-0.3045138120651245,0.43617677688598633,-0.04375167191028595,0.09093263745307922,0.031397342681884766,-0.17067500948905945,-0.17188721895217896,0.42113661766052246,0.21626190841197968,-0.23793861269950867,-0.05808442831039429,-0.13776558637619019,-0.3545684814453125,-0.24077777564525604,0.033309340476989746,0.027587275952100754,0.06626900285482407,0.20030920207500458,-0.13405629992485046,0.19954362511634827,-0.24030575156211853,0.020750153809785843,0.09597698599100113,0.06292299926280975,-0.2208326756954193,0.006619327701628208,-0.4035032391548157,-0.1398514062166214,-0.21909591555595398,-0.15232476592063904,0.09967001527547836,0.001843973994255066,0.44763460755348206,0.3313325047492981,-0.13552004098892212,0.339974045753479,0.3384983241558075,0.05415477231144905,-0.0419173501431942,0.23532314598560333,0.09852589666843414,0.08147832751274109,-0.3140961229801178,-0.10450925678014755,-0.14882272481918335,0.00486419815570116,-0.22084569931030273,-0.033438753336668015,0.10353724658489227,0.17766177654266357,-0.05676347762346268,-0.17130978405475616,-0.10138124227523804,-0.08095888048410416,-0.12782983481884003,0.31266358494758606,0.071286641061306,0.07688505202531815,-0.30309394001960754,0.23804084956645966,-0.1874079406261444,0.12680210173130035,-0.2237885296344757,0.14370694756507874,-0.44854623079299927,0.08986765891313553,0.18747955560684204,-0.20836976170539856,0.0810508280992508,-0.0033055543899536133,0.09520944207906723,-0.487548291683197,-0.21560707688331604,0.2181529700756073,-0.18008358776569366,0.10459480434656143,-0.17922775447368622,0.012085551396012306,-0.003378429915755987
CID000002141,195,0.5094440579414368,-0.01715993508696556,0.2588169574737549,0.38995686173439026,-0.14594314992427826,0.10354690253734589,-0.015750190243124962,0.18795087933540344,0.16012078523635864,0.10685499012470245,0.23504558205604553,0.04799281805753708,-0.25442230701446533,0.1599375456571579,-0.10027015209197998,-0.0036067129112780094,-0.20843453705310822,-0.2058299481868744,0.12246032804250717,-0.4723743498325348,-0.02118614688515663,-0.24553923308849335,-0.16104118525981903,-0.8064843416213989,-0.29350417852401733,-0.02763696387410164,-0.10187189280986786,-0.10532363504171371,0.013303744606673717,0.0489790104329586,-0.14765353500843048,0.5340211987495422,0.18596060574054718,-0.19884219765663147,-0.005484861321747303,0.023124266415834427,-0.08172700554132462,-0.06782295554876328,0.16560187935829163,0.06824450939893723,-0.03519165888428688,-0.10349728912115097,-0.11163122951984406,-0.2601340711116791,-0.2010992467403412,0.4465351998806,0.12227090448141098,-0.0057732583954930305,0.18627986311912537,0.19445711374282837,0.4927954077720642,0.046095579862594604,-0.15161289274692535,0.1246345043182373,0.2253423035144806,-0.15573066473007202,0.04160881042480469,0.11228886991739273,-0.0550767257809639,0.3498917520046234,-0.18583694100379944,-0.3780291676521301,-0.3533334732055664,-0.09277653694152832,0.08798675239086151,0.47424641251564026,-0.1932077556848526,-0.13487975299358368,0.15952029824256897,0.12385678291320801,0.10703463852405548,0.1054820641875267,-0.36309200525283813,-0.26969701051712036,-0.07550390064716339,0.26161569356918335,0.274793416261673,-0.061377786099910736,0.06893116980791092,-0.11445188522338867,0.40090054273605347,-0.6000968813896179,-0.32384222745895386,0.020143035799264908,0.05896993353962898,-0.0067723095417022705,0.20370884239673615,0.1511775553226471,-0.16630437970161438,-0.6085551381111145,-0.07404886931180954,0.17384937405586243,-0.18291349709033966,0.07012365758419037,0.0584576241672039,-0.39651986956596375,-0.07952259480953217,-0.20095577836036682,0.2747887372970581,0.400216668844223,-0.3110094666481018,0.1769816130399704,-0.21389047801494598,0.21882131695747375,0.12370014190673828,-0.09945836663246155,0.027255892753601074,-0.1263594627380371,0.5030423402786255,0.0871162936091423,0.07187075912952423,0.1956663578748703,-0.14824555814266205,-0.1164199560880661,0.12309300899505615,0.30811601877212524,-0.2158113270998001,-0.015102001838386059,-0.13794152438640594,0.15723484754562378,0.5797683000564575,-0.17705345153808594,0.3079635798931122,-0.07381953299045563,-0.1376725137233734,0.0028963000513613224,-0.0032602399587631226,-0.007200601045042276,-0.02666647359728813,-0.020427187904715538,0.37031635642051697,-0.5003048777580261,-0.2485009729862213,0.08625669777393341,0.22034570574760437,-0.020615104585886,-0.012696845456957817,0.11110997200012207,-0.10019300878047943,-0.2962970733642578,-0.2786012291908264,0.02477823570370674,-0.030086660757660866,-0.24389269948005676,-0.11492486298084259,0.004455420188605785,0.009268784895539284,0.4152311682701111,0.0012174658477306366,0.27046048641204834,-0.3209983706474304,-0.33270832896232605,0.11407935619354248,0.25125113129615784,-0.3152509033679962,0.02878677472472191,-0.06353255361318588,-0.24174578487873077,-0.10378669202327728,0.33924156427383423,-0.06079928204417229,0.23905785381793976,-0.025364648550748825,0.22980956733226776,0.133609339594841,-0.09273002296686172,-0.18824882805347443,0.4104631543159485,0.21955132484436035,0.184818297624588,0.03082442283630371,-0.24959349632263184,-0.3351975381374359,-0.42658185958862305,0.12439663708209991,-0.05846569687128067,0.14693276584148407,-0.18771274387836456,0.49540895223617554,-0.15835727751255035,0.18967734277248383,0.16140547394752502,-0.29155850410461426,-0.2072184830904007,0.29246440529823303,0.1377687305212021,-0.3614502549171448,-0.3361908197402954,-0.07214237749576569,-0.3323865532875061,0.20874826610088348,0.19678768515586853,0.4368141293525696,-0.06910725682973862,0.1526232808828354,-0.15629155933856964,0.3670614957809448,-0.16105468571186066,0.0069991229102015495,-0.1635781228542328,0.005168530158698559,-0.34620076417922974,0.24374070763587952,-0.159431591629982,-0.18568643927574158,-0.07934634387493134,-0.03261161595582962,0.13202129304409027,0.02090505324304104,0.3609212338924408,0.3459257483482361,0.1055370569229126,0.2614452540874481,0.0893145352602005,0.02894284948706627,-0.41920536756515503,-0.12598088383674622,0.3113352656364441,0.10243358463048935,0.20895838737487793,-0.06775791943073273,0.05256616324186325,0.11753024160861969,-0.3885803520679474,-0.06639429926872253,-0.26426443457603455,-0.17477630078792572,-0.19087618589401245,-0.16635940968990326,0.1687873899936676,-0.10510869324207306,0.14032089710235596,0.23043426871299744,0.030913924798369408,-0.04290361329913139,0.17935378849506378,0.4656262993812561,-0.15091641247272491,-0.023688554763793945,-0.19755271077156067,0.1338815987110138,-0.3367488980293274,0.11168833076953888,0.2956372797489166,-0.217429518699646,-0.052896905690431595,0.13371019065380096,0.22871914505958557,-0.7167140245437622,-0.2167893350124359,0.3657274544239044,-0.2274823635816574,0.24316918849945068,-0.16808445751667023,-0.09499164670705795,-0.23447580635547638
CID005311039,196,-0.022219641134142876,-0.03396278992295265,0.09342672675848007,0.6542264223098755,-0.27525240182876587,0.1681099236011505,0.13638271391391754,0.19756069779396057,-0.11796531826257706,0.12885697185993195,0.178616002202034,-0.0857892706990242,-0.1424742043018341,0.18698522448539734,0.06176382303237915,-0.03514120727777481,-0.061523161828517914,0.12567925453186035,0.22136752307415009,-0.6539601683616638,-0.056876324117183685,-0.31586238741874695,-0.4252917766571045,-0.8519382476806641,-0.21958771347999573,0.2263428270816803,0.16905586421489716,0.16426487267017365,-0.03867931291460991,0.16709542274475098,-0.14024727046489716,0.21494467556476593,0.12055095285177231,0.3076598048210144,0.06138591840863228,0.1904095709323883,0.038143619894981384,0.15735003352165222,-0.010307145304977894,-0.17617598176002502,-0.017939353361725807,-0.21567735075950623,0.05707770586013794,-0.3688749372959137,-0.07193692773580551,0.31177806854248047,0.18312282860279083,0.022277891635894775,-0.017906617373228073,-0.2220216542482376,0.6054704189300537,0.15270915627479553,-0.1372833102941513,-0.09639386087656021,-0.08214450627565384,0.04563061147928238,0.26032423973083496,0.2366550862789154,0.3542287349700928,0.0073320032097399235,-0.0508250966668129,-0.2701481580734253,-0.10771236568689346,-0.07184753566980362,-0.20603176951408386,0.42806220054626465,-0.23540154099464417,0.08634430915117264,0.04368428513407707,-0.10572822391986847,0.10113514959812164,-0.10070402920246124,0.05832831189036369,-0.2733379304409027,-0.24321183562278748,-0.055137086659669876,-0.26778119802474976,0.1334259808063507,-0.09165848791599274,0.08112230151891708,0.562714695930481,-0.34909096360206604,-0.3597841262817383,-0.07452933490276337,0.19796361029148102,-0.21198618412017822,0.1534726917743683,0.3268252909183502,0.09155444800853729,-0.779739260673523,0.2507856786251068,0.12040688842535019,-0.08742383867502213,0.1591062843799591,0.12293490022420883,-0.3563210368156433,0.2505718171596527,-0.06156434863805771,0.16221335530281067,-0.014112703502178192,0.12801668047904968,-0.13469788432121277,0.020692700520157814,0.3898236155509949,-0.3468206226825714,-0.05468728393316269,0.25133222341537476,0.0038827420212328434,0.6283560991287231,0.1794230192899704,0.02954443171620369,0.11508624255657196,0.16106924414634705,-0.011985862627625465,-0.5073322057723999,0.24160368740558624,0.006466174963861704,0.05672924593091011,0.11213700473308563,0.07188310474157333,0.7405087351799011,-0.32102710008621216,0.35228127241134644,0.3195863664150238,0.0546746663749218,-0.053299713879823685,0.009805495850741863,0.1873963624238968,0.4708777070045471,-0.0960320234298706,0.07633742690086365,-0.4780357778072357,-0.39351314306259155,-0.2001395970582962,0.16183845698833466,0.4071024954319,-0.09144897758960724,0.26109835505485535,-0.3281821310520172,-0.3590918481349945,-0.10930593311786652,0.07597775757312775,-0.15439167618751526,-0.04691741615533829,0.06334565579891205,0.24400261044502258,-0.10980106890201569,0.5553045868873596,-0.07528331130743027,0.27225857973098755,-0.2301061898469925,-0.4697555601596832,-0.06086711212992668,-0.05781830474734306,-0.07612784951925278,-0.05530433729290962,0.05330656096339226,-0.11319310963153839,0.0632086992263794,0.2893318235874176,0.09872430562973022,-0.35640019178390503,0.06562173366546631,0.2780733108520508,-0.16501662135124207,0.1281248927116394,-0.4063606262207031,0.10127808898687363,-0.026520203799009323,0.1800464689731598,0.009461760520935059,-0.15434738993644714,-0.005463707260787487,-0.11733977496623993,0.06781773269176483,-0.07362879812717438,-0.19193296134471893,-0.32305482029914856,0.6338407397270203,-0.24787965416908264,-0.08646102249622345,0.11888160556554794,-0.03211873769760132,0.08001793175935745,0.0810883641242981,-0.2347826212644577,-0.19017185270786285,0.05956348031759262,0.3146725296974182,-0.3084428310394287,0.07356228679418564,0.08649381250143051,0.14492900669574738,-0.23828664422035217,0.06646834313869476,-0.05051854997873306,-0.139868825674057,-0.005908879451453686,0.09562430530786514,-0.00644057709723711,-0.1445150077342987,-0.1378399133682251,-0.26433706283569336,-0.2756284475326538,0.23787863552570343,-0.014661389403045177,-0.01639680005609989,-0.22735294699668884,-0.10131783783435822,0.662653386592865,0.28736743330955505,-0.3019895851612091,0.2717556953430176,0.19397301971912384,0.06505795568227768,-0.0978865996003151,0.20423099398612976,0.2436668872833252,0.49665194749832153,0.03364146500825882,-0.12206180393695831,-0.17783987522125244,0.22064323723316193,-0.21205639839172363,0.06222635507583618,-0.0908953994512558,-0.08613651245832443,-0.31740349531173706,-0.029745370149612427,-0.005548059940338135,-0.07720239460468292,0.005195684731006622,0.055049486458301544,0.10242088884115219,0.12015748023986816,0.015730133280158043,0.370591938495636,-0.13988441228866577,0.017903577536344528,-0.18266208469867706,0.0293884240090847,-0.6634700894355774,-0.2872426211833954,0.1672116070985794,-0.1901489645242691,-0.10942232608795166,-0.10838630050420761,0.1641782522201538,-0.6097291111946106,-0.21043512225151062,0.35195380449295044,0.14721806347370148,-0.04651910066604614,0.04299561306834221,0.0638430267572403,-0.014889637008309364
CID000002812,197,0.16670528054237366,-0.10374374687671661,0.06117929890751839,0.37186864018440247,-0.4941089153289795,0.15508589148521423,0.2973180413246155,0.23650288581848145,-0.09355704486370087,0.2983294129371643,0.08656974136829376,0.019338101148605347,-0.04203956946730614,0.13812905550003052,-0.2544655501842499,-0.011571012437343597,-0.018728476017713547,-0.1254718005657196,0.15856340527534485,-0.4818503260612488,-0.11973009258508682,-0.18075840175151825,0.21702730655670166,-0.7741581797599792,0.2136535346508026,0.15136383473873138,-0.16428570449352264,-0.035528913140296936,-0.04449077323079109,0.13572420179843903,-0.03635159134864807,0.2005867213010788,0.13371984660625458,-0.014481952413916588,0.05611889809370041,0.07845034450292587,0.15990550816059113,0.05820280313491821,0.2748759686946869,-0.11463285982608795,-0.005211266223341227,-0.256334125995636,0.23260119557380676,-0.10343077033758163,-0.24985933303833008,0.33533114194869995,0.12386131286621094,0.004009515047073364,0.13371917605400085,0.17858536541461945,0.34734201431274414,0.03133218362927437,-0.15284720063209534,-0.010092961601912975,0.06344232708215714,-0.030732160434126854,0.05324305221438408,0.14987754821777344,0.09165531396865845,-0.0675005242228508,-0.1838054656982422,-0.2940562665462494,-0.11048223823308945,-0.09728966653347015,0.17823730409145355,0.41826170682907104,-0.3544812500476837,-0.08442898094654083,0.31450384855270386,0.10696544498205185,0.003230838570743799,-0.19648423790931702,-0.30569028854370117,-0.3536659777164459,-0.34188756346702576,-0.09356433153152466,-0.00694079976528883,0.12669792771339417,-0.03866726905107498,-0.020616432651877403,-0.044388048350811005,-0.620091438293457,-0.284728467464447,0.20365090668201447,0.1223374456167221,0.0511452853679657,0.13356783986091614,0.142451673746109,-0.07818697392940521,-0.564663827419281,-0.1179371252655983,0.190235897898674,0.052852898836135864,-0.010539459995925426,0.2530692219734192,-0.09593027085065842,-0.17397135496139526,0.030655380338430405,-0.20791372656822205,0.0882761999964714,-0.20087265968322754,0.023832598701119423,-0.03047965094447136,0.2723468244075775,0.1530173122882843,-0.10194045305252075,-0.16285482048988342,0.0820435881614685,0.4651821553707123,-0.2026526927947998,-0.0945015400648117,0.13286347687244415,-0.002426396356895566,-0.17803192138671875,0.18192176520824432,0.14558593928813934,-0.06175554543733597,0.010390127077698708,-0.04656412452459335,0.15817776322364807,0.6491070985794067,-0.19032829999923706,0.14231207966804504,0.15500310063362122,-0.09215714037418365,0.272382915019989,-0.07022478431463242,0.009430482983589172,0.20834389328956604,0.10792908817529678,0.1831873506307602,-0.4575384557247162,-0.5012953281402588,0.18516485393047333,0.2122667282819748,-0.12615230679512024,-0.11834981292486191,0.3477611839771271,-0.05127471685409546,-0.1920357644557953,-0.16770675778388977,0.0933370366692543,0.03800911456346512,-0.02773147262632847,-0.032522063702344894,0.13508111238479614,-0.14111904799938202,0.3039633631706238,0.12027694284915924,0.19435682892799377,0.3093262314796448,-0.24712152779102325,-0.12424597889184952,0.2080525904893875,-0.30317074060440063,-0.1849358230829239,-0.06419923156499863,-0.07102037966251373,0.03290889784693718,0.16832390427589417,-0.1463373303413391,0.06360658258199692,-0.01879694312810898,0.23502913117408752,-0.1543131023645401,-0.20086291432380676,-0.26772791147232056,0.15151803195476532,0.03518618270754814,0.2631802260875702,0.08202479779720306,-0.009912570007145405,-0.21063371002674103,-0.20800216495990753,0.08111749589443207,-0.04552565887570381,0.25315219163894653,-0.21646098792552948,0.4442025125026703,0.027008244767785072,0.09836262464523315,0.06201993674039841,-0.004587230272591114,-0.15653038024902344,0.16110102832317352,0.2960001528263092,-0.14813613891601562,-0.0010235235095024109,-0.1457677185535431,-0.28361254930496216,0.06648197025060654,0.09209015965461731,0.3217232823371887,0.11731244623661041,0.19760796427726746,-0.06815282255411148,0.1843222826719284,-0.09893075376749039,0.08090440928936005,0.11324641853570938,0.15423855185508728,-0.3687201142311096,-0.0651504397392273,-0.3554932177066803,-0.04735182970762253,-0.19330842792987823,-0.05591443181037903,0.06295813620090485,0.022830110043287277,0.3865188956260681,0.2990871071815491,0.29956376552581787,0.28650543093681335,0.2101663053035736,-0.0034760385751724243,-0.14115114510059357,-0.19802698493003845,0.12465733289718628,0.14018714427947998,-0.1929204761981964,-0.004286259412765503,-0.17116618156433105,0.2110261172056198,-0.12886199355125427,0.009809458628296852,-0.058643389493227005,0.1588919758796692,-0.03293760493397713,-0.04392144829034805,-0.1194116622209549,-0.030571889132261276,-0.11649131774902344,0.23519670963287354,0.00042023658170364797,-0.08077003061771393,-0.07734686136245728,0.36264467239379883,-0.4233923852443695,0.07208596169948578,-0.10638183355331421,0.02102683298289776,-0.24887236952781677,0.23628747463226318,0.2687196135520935,-0.10046906769275665,-0.17100249230861664,0.09210625290870667,0.11354272067546844,-0.6920260190963745,-0.1600038856267929,0.2060452401638031,-0.26149439811706543,0.1253800243139267,-0.40490999817848206,0.04200754687190056,0.04221755266189575
CID000005152,198,0.3470996022224426,0.22920075058937073,0.29289788007736206,0.41150760650634766,-0.4362664222717285,0.04054289311170578,0.0776897519826889,0.19999173283576965,0.07931153476238251,0.3583657443523407,-0.15610554814338684,-0.1780504584312439,-0.10351552069187164,0.024913880974054337,-0.18948107957839966,-0.13765832781791687,-0.08154918253421783,-0.1790345013141632,-0.017636964097619057,-0.5551234483718872,0.15880361199378967,-0.07905696332454681,-0.08964309841394424,-0.9251123666763306,-0.07386959344148636,0.026771578937768936,-0.22286173701286316,-0.03968088701367378,0.08338984102010727,0.06909613311290741,0.1319289654493332,0.3688391447067261,0.12790493667125702,0.11851724237203598,-0.0335531085729599,0.08756043016910553,-0.018681656569242477,0.08514769375324249,0.026390906423330307,-0.23786118626594543,-0.16212137043476105,0.04189373552799225,0.04085596650838852,-0.4374210834503174,-0.16428834199905396,0.41657906770706177,0.02092577889561653,-0.07285259664058685,-0.2801544666290283,0.15935733914375305,0.2940825819969177,-0.08330877870321274,-0.08693692833185196,0.035587113350629807,0.28283876180648804,-0.11207330226898193,-0.0707932859659195,0.04555202275514603,0.06621607393026352,-0.24858257174491882,-0.0024395943619310856,-0.12830503284931183,-0.16013716161251068,0.04254511743783951,0.12395845353603363,0.5192577242851257,-0.30258801579475403,0.2084626406431198,0.18335790932178497,-0.06445052474737167,0.09628580510616302,0.3754420876502991,-0.4723548889160156,-0.25043222308158875,0.07107072323560715,0.6047018766403198,0.10881884396076202,0.06863061338663101,-0.097600057721138,0.5261161923408508,0.18931114673614502,-0.5835126042366028,-0.22558414936065674,-0.28236719965934753,0.12029960006475449,-0.2964206635951996,0.11118242889642715,-0.025379890576004982,-0.04978804290294647,-0.9002176523208618,-0.14091971516609192,0.01742120459675789,-0.08332096040248871,0.0903065875172615,0.21845850348472595,-0.33587974309921265,0.023947063833475113,0.1627853959798813,0.11677861213684082,0.31362083554267883,-0.17010030150413513,-0.16726595163345337,-0.06392792612314224,0.359402596950531,-0.17037509381771088,-0.050796736031770706,-0.038973819464445114,0.20563173294067383,0.5340238213539124,0.12297036498785019,-0.021238526329398155,0.13146057724952698,-0.11640095710754395,0.004301136825233698,0.07953803241252899,0.3294008672237396,0.02827710285782814,-0.3062514662742615,0.07541339099407196,0.2810080349445343,0.7206528186798096,-0.038871921598911285,0.33846399188041687,0.23240108788013458,-0.07591569423675537,-0.14367519319057465,-0.04345115274190903,-0.005920708179473877,-0.008022286929190159,-0.2917291224002838,0.3523024022579193,-0.7791855335235596,-0.450031578540802,0.06433255970478058,0.35624998807907104,0.08980607986450195,0.21515989303588867,0.2688601613044739,0.2641015648841858,-0.08525878190994263,-0.1340448260307312,0.05376097559928894,0.13501890003681183,-0.025717567652463913,0.03667666018009186,-0.023321950808167458,-0.053700435906648636,0.44714808464050293,-0.08709590137004852,0.08298517763614655,0.10510684549808502,-0.3924744725227356,0.06226407364010811,0.23702001571655273,-0.24235887825489044,-0.30242183804512024,-0.15365497767925262,-0.2517707943916321,-0.17852041125297546,0.35216084122657776,-0.16816800832748413,-0.16371174156665802,-0.0403636135160923,0.01755383610725403,0.06371723115444183,-0.05531586334109306,-0.06776700913906097,-0.034169528633356094,-0.3099137544631958,0.12918159365653992,0.07344306260347366,-0.18433821201324463,-0.26438790559768677,-0.3934366703033447,-0.12796452641487122,-0.15978235006332397,-0.10112743079662323,-0.032299190759658813,0.596683144569397,0.20074863731861115,-0.2360200583934784,0.11287155002355576,-0.4324144423007965,-0.1869392842054367,0.4727915823459625,-0.0748799741268158,-0.3490852117538452,0.3861997425556183,-0.02872093953192234,-0.3356717526912689,0.21467053890228271,-0.14849337935447693,0.08123327791690826,-0.0884285718202591,0.2739564776420593,0.14023923873901367,0.2108212411403656,-0.10573270171880722,0.13927219808101654,-0.26651477813720703,-0.08855338394641876,-0.32221752405166626,0.3283689320087433,0.03620772808790207,-0.02629244327545166,-0.06088413670659065,0.1609772890806198,-0.34451180696487427,0.26624783873558044,0.42753252387046814,0.23045721650123596,-0.3144330084323883,0.00673641124740243,0.3550814390182495,-0.0016376361018046737,-0.3481594920158386,0.1560097336769104,0.1935689002275467,0.15666571259498596,0.4641364514827728,-0.033442508429288864,-0.07509991526603699,0.25278759002685547,-0.2821757197380066,-0.041066497564315796,0.11837997287511826,-0.050166718661785126,-0.030093520879745483,-0.19612962007522583,0.05272777006030083,-0.1283874213695526,0.2621667683124542,0.22965498268604279,0.16677217185497284,-0.17190365493297577,0.10040126740932465,0.4065348207950592,-0.21360091865062714,0.048788391053676605,-0.06561315059661865,0.3020796477794647,-1.0142544507980347,0.1239021047949791,0.31917881965637207,0.01844378188252449,0.07967735826969147,-0.1600871980190277,-0.25285106897354126,-0.6918039917945862,-0.3804152309894562,0.13252106308937073,-0.019586345180869102,-0.012698501348495483,0.1316913366317749,0.21790377795696259,-0.021545439958572388
CID000004740,201,0.2085985392332077,-0.18383190035820007,0.13469430804252625,0.4712093770503998,-0.6322097182273865,-0.09676607698202133,-0.1493091583251953,0.24978728592395782,-0.17935477197170258,0.27818551659584045,0.1268153339624405,-0.1901228129863739,0.07896675169467926,0.06637947261333466,-0.05834765359759331,0.14202949404716492,0.093019500374794,0.007697802968323231,-0.10872979462146759,-0.6760884523391724,-0.03794098645448685,0.02373717539012432,-0.10790743678808212,-0.9666678309440613,-0.3589523136615753,-0.018779946491122246,-0.21837787330150604,0.049203675240278244,-0.08410193026065826,0.11418680101633072,-0.16582271456718445,0.11480303108692169,-0.031528569757938385,-0.023358546197414398,0.031037593260407448,0.27737295627593994,0.37096652388572693,0.12042202055454254,0.002957102609798312,-0.12896248698234558,0.24719083309173584,0.01972898840904236,-0.03543659299612045,-0.2871581017971039,-0.18027272820472717,0.22334930300712585,-0.06719862669706345,0.002004404319450259,0.046289414167404175,0.26965370774269104,0.5316213369369507,0.032214704900979996,-0.00228462228551507,0.06249551847577095,-0.057993728667497635,0.003468157257884741,0.35244667530059814,0.079121433198452,0.3641440272331238,-0.26932284235954285,-0.07993865758180618,-0.15375018119812012,-0.2009049355983734,-0.15463583171367645,0.2607518136501312,0.5789346098899841,-0.07171526551246643,-0.21355664730072021,-0.11810673773288727,-0.016408126801252365,0.14419403672218323,-0.031159549951553345,-0.16552689671516418,-0.5132431983947754,0.01109996996819973,0.4137968122959137,-0.1843501627445221,-0.10907213389873505,-0.14651145040988922,-0.017040293663740158,-0.028505343943834305,-0.4934175908565521,-0.1960291564464569,-0.20481207966804504,-0.023303132504224777,0.03448939323425293,0.00806686282157898,0.011988471262156963,-0.08544892072677612,-0.6210883855819702,-0.04644991457462311,0.33001023530960083,-0.13410261273384094,0.10567639023065567,-0.09296613186597824,-0.25659576058387756,-0.04796526953577995,0.15156421065330505,-0.40619906783103943,0.25613316893577576,-0.39794832468032837,-0.04964505881071091,-0.11063669621944427,0.1417349874973297,0.005124300718307495,0.03479321300983429,-0.053755950182676315,0.12968900799751282,0.7417060732841492,0.14022906124591827,-0.08710800111293793,0.1395636349916458,0.05470436066389084,-0.5244499444961548,0.34959158301353455,0.165430948138237,-0.12156858295202255,-0.012105214409530163,0.02021431177854538,0.42272520065307617,0.7883636355400085,-0.32026296854019165,0.21594421565532684,0.23842673003673553,-0.3278656303882599,0.27445071935653687,0.020460883155465126,-0.12131919711828232,0.07433472573757172,0.20115847885608673,0.1890992820262909,-0.6391609907150269,-0.44677820801734924,0.04845327138900757,0.03189839795231819,0.03224766626954079,-0.11307017505168915,0.1976340115070343,-0.39142364263534546,-0.08627338707447052,-0.09605257213115692,0.22122995555400848,-0.11912387609481812,0.04497189074754715,0.0005775660392828286,0.10276424884796143,-0.018705541267991066,0.46314650774002075,0.16607502102851868,0.09904664754867554,-0.012836666777729988,-0.5211442708969116,0.10238830000162125,0.12882843613624573,-0.10376763343811035,-0.1132906824350357,-0.12845417857170105,-0.09559307247400284,-0.1402052491903305,0.24726834893226624,-0.3676735758781433,-0.07283423840999603,0.04333572834730148,0.4549883306026459,-0.026263440027832985,-0.121747687458992,0.012330609373748302,-0.13111622631549835,0.16548912227153778,0.010796556249260902,0.04860719293355942,-0.18273016810417175,-0.22087597846984863,-0.2302422970533371,0.12568362057209015,-0.10646243393421173,-0.0007443263893947005,-0.08652790635824203,0.7152079343795776,0.1888701617717743,-0.18308822810649872,-0.13859514892101288,0.07569283246994019,0.11045167595148087,0.146076500415802,0.2457677572965622,-0.13824184238910675,0.060657285153865814,-0.1118210107088089,-0.2815636992454529,0.1476767510175705,0.1706787645816803,0.09934405237436295,-0.06861793994903564,-0.016452165320515633,-0.020316559821367264,-0.05717836692929268,-0.13722455501556396,0.09662414342164993,-0.01845446228981018,-0.40333762764930725,-0.4091053605079651,0.2171984165906906,-0.005017396993935108,0.17245331406593323,0.11787649244070053,0.04894057661294937,0.11875268071889877,0.6915752291679382,0.5269449949264526,0.45762333273887634,-0.23894944787025452,0.268343448638916,0.02568267658352852,-0.05989376828074455,-0.2966993749141693,0.19063597917556763,0.3817203640937805,0.07496543228626251,0.09339432418346405,-0.13684022426605225,-0.06377600133419037,-0.01627711020410061,-0.24207937717437744,0.07593117654323578,-0.09971620887517929,0.3067516088485718,-0.0043207136914134026,-0.2686908543109894,-0.06924236565828323,0.016028258949518204,0.10636074841022491,0.40329450368881226,-0.05270702391862869,-0.22415462136268616,-0.22590801119804382,0.4257866442203522,-0.39665406942367554,0.2718050479888916,-0.18694403767585754,-0.00880115944892168,-0.2875886559486389,0.1345214545726776,0.23588892817497253,0.119797483086586,0.028596680611371994,-0.1347452849149704,-0.012411666102707386,-0.8474528193473816,-0.13348013162612915,0.23945114016532898,0.13723279535770416,0.21116802096366882,-0.2733165919780731,0.10190807282924652,0.08253330737352371
CID000002786,204,0.20968779921531677,-0.003174522425979376,0.06886279582977295,0.6133866310119629,-0.4076564311981201,0.21818716824054718,-0.3275263011455536,0.15125933289527893,-0.11295207589864731,0.30622926354408264,0.052801065146923065,-0.070752814412117,0.05035870149731636,0.13569077849388123,-0.1244799867272377,0.056352484971284866,-0.0267338864505291,-0.10622955858707428,-0.12407483160495758,-0.5859589576721191,0.03150881454348564,-0.16896826028823853,-0.20881202816963196,-0.6813961267471313,-0.02462904155254364,0.1080857366323471,-0.320645809173584,-0.12892462313175201,-0.13020534813404083,0.01101885735988617,0.03208783268928528,0.23275825381278992,-0.17240068316459656,-0.26164448261260986,-0.08803258836269379,0.14302527904510498,0.2153765708208084,0.19649288058280945,0.03508731722831726,-0.3178703784942627,0.08700980246067047,0.18172737956047058,0.002417387440800667,0.08022420853376389,0.09581198543310165,0.10733320564031601,-0.07997603714466095,-0.1306411772966385,0.38826221227645874,-0.06045212224125862,0.5594114065170288,-0.23975200951099396,-0.2490158975124359,-0.10684791952371597,-0.013862600550055504,-0.04642179235816002,0.0801522359251976,-0.0952104777097702,0.15239527821540833,-0.18519046902656555,-0.16626043617725372,-0.1814977377653122,-0.15875744819641113,-0.15801474452018738,0.3216889500617981,0.4378688931465149,-0.23405034840106964,-0.0347885861992836,0.28400978446006775,0.06396812200546265,0.07813182473182678,0.3014112114906311,-0.041641876101493835,-0.27459099888801575,-0.024957219138741493,-0.051661573350429535,-0.009833253920078278,-0.1399155855178833,-0.32144802808761597,0.013257021084427834,-0.02146032080054283,-0.23369446396827698,-0.3041765093803406,-0.03992357477545738,0.15206271409988403,-0.2194616049528122,0.09916418045759201,0.052074313163757324,0.06569194793701172,-0.6630135178565979,0.0356181375682354,0.0547453872859478,-0.0817977711558342,0.21404163539409637,-0.32846006751060486,-0.38483601808547974,0.19062745571136475,-0.32868123054504395,0.20692773163318634,0.15221962332725525,0.02154797688126564,-0.0372222438454628,-0.09786820411682129,0.21027688682079315,-0.16837671399116516,0.3002301752567291,0.33109840750694275,-0.21419017016887665,0.34521642327308655,0.13188526034355164,0.1587132066488266,0.13867755234241486,-0.2999001145362854,-0.1820501834154129,0.15722116827964783,0.5043855905532837,-0.3458234667778015,0.35012418031692505,-0.05254514142870903,0.3378151059150696,0.7776706218719482,0.06394211202859879,0.18273179233074188,0.24380822479724884,-0.21526579558849335,0.34188732504844666,0.0593167245388031,0.07430924475193024,-0.007157761603593826,0.23614804446697235,-0.01702958345413208,-0.507202684879303,-0.4764440059661865,0.038515836000442505,0.10083361715078354,0.31346920132637024,-0.009017527103424072,0.2625627815723419,-0.24256296455860138,-0.15422800183296204,-0.19040809571743011,0.282823383808136,0.20210662484169006,-0.08045543730258942,-0.048263438045978546,0.05369709059596062,-0.0535409152507782,0.5314793586730957,0.26972299814224243,0.20279566943645477,0.016352307051420212,-0.5349301099777222,-0.2708432972431183,0.12580052018165588,-0.09365122020244598,0.0809197723865509,-0.029800573363900185,-0.024904411286115646,-0.005305278114974499,0.09487815201282501,0.1969805210828781,0.34239545464515686,0.13774684071540833,0.22086353600025177,-0.2829154133796692,0.059209585189819336,-0.35040268301963806,0.2208860218524933,0.07341226190328598,-0.04023761302232742,0.1559986174106598,0.014717599377036095,-0.21358618140220642,-0.3460824489593506,0.2449372559785843,-0.12637506425380707,0.42671138048171997,-0.09956355392932892,0.6569414734840393,0.13201534748077393,-0.41102004051208496,-0.03710388019680977,-0.14882227778434753,0.09932795912027359,0.19692975282669067,0.08595418930053711,-0.18700185418128967,0.10676715523004532,0.07013726234436035,-0.3215675950050354,0.010184007696807384,-0.04245968908071518,-0.03237813711166382,-0.3046446144580841,0.21737758815288544,-0.07525971531867981,0.38122856616973877,-0.0836607962846756,-0.13374586403369904,-0.25473132729530334,-0.41125455498695374,-0.28970831632614136,-0.14502522349357605,-0.2787459194660187,-0.04758738726377487,0.03282471373677254,0.01587716117501259,-0.031644873321056366,0.45875731110572815,0.6477506160736084,0.25271013379096985,-0.0456695482134819,0.3351309895515442,0.17964597046375275,-0.021801918745040894,-0.13562023639678955,0.04753189533948898,0.28410714864730835,0.02215825393795967,-0.18203379213809967,-0.24666397273540497,-0.3237774968147278,-0.35954609513282776,-0.1677669733762741,0.059624768793582916,-0.24849767982959747,0.010810231789946556,0.06687617301940918,0.18254871666431427,0.18667180836200714,-0.18438343703746796,0.23204441368579865,0.11042265594005585,-0.024853428825736046,0.11309361457824707,0.0037151039578020573,0.6620877981185913,-0.3720127046108246,-0.0017609596252441406,-0.10702788829803467,0.20677904784679413,-0.5549989938735962,0.19487211108207703,0.09228327125310898,-0.11913217604160309,-0.3971095681190491,0.01800253428518772,-0.016152922064065933,-0.7285596132278442,-0.2799871861934662,0.10463786125183105,0.14820551872253418,0.14028653502464294,-0.18503965437412262,-0.05114255100488663,0.05901779606938362
CID000002092,207,0.20733138918876648,0.2432861030101776,0.2742873430252075,0.46327319741249084,-0.19328787922859192,0.026144230738282204,0.29846009612083435,0.23059168457984924,-0.09436056762933731,0.14718402922153473,-0.07320016622543335,-0.2659204602241516,-0.19895826280117035,0.23995685577392578,0.0589212067425251,-0.16599826514720917,0.11121077835559845,-0.23780199885368347,0.16696925461292267,-0.5381268262863159,-0.1682451218366623,-0.14007826149463654,-0.025438200682401657,-0.7433081865310669,0.10376469790935516,-0.00495601911097765,-0.28821730613708496,-0.30194830894470215,-0.049839120358228683,0.25371941924095154,0.041827164590358734,0.3101450800895691,0.014855384826660156,0.008034204132854939,0.12113533914089203,-0.07836347073316574,-0.06883425265550613,0.3024929463863373,0.0898827612400055,-0.2843468487262726,-0.2256155014038086,-0.09391056001186371,0.02105950377881527,-0.18621906638145447,-0.09161563217639923,0.23064205050468445,0.1962520182132721,0.0808790922164917,0.004693028517067432,0.1158936470746994,0.37769821286201477,-0.08246347308158875,-0.2004089653491974,-0.22290411591529846,0.08786526322364807,0.006676922552287579,-0.3564150333404541,0.1625753492116928,0.2571472227573395,0.05300877243280411,-0.12349943816661835,-0.37711986899375916,-0.17499956488609314,-0.3654668927192688,0.0006983101484365761,0.2629038393497467,-0.06662216037511826,-0.033869944512844086,0.18057028949260712,-0.18771173059940338,0.23238620162010193,0.1983056515455246,-0.3631409704685211,-0.20007261633872986,-0.4465261995792389,-0.148777574300766,0.004959987010806799,0.2605568766593933,-0.09196116030216217,-0.13764992356300354,0.6360630989074707,-0.20278982818126678,-0.5098552703857422,-0.39822205901145935,0.3267771005630493,-0.2358545958995819,0.14847257733345032,0.1333780437707901,-0.2054256647825241,-0.6645200252532959,-0.023557906970381737,0.17318685352802277,-0.12589342892169952,0.25025293231010437,0.15558691322803497,-0.3541814386844635,0.1334492713212967,-0.1795559525489807,0.16083593666553497,0.07839204370975494,-0.157119020819664,0.17562220990657806,0.019915536046028137,0.227196604013443,0.34327906370162964,0.2605098485946655,-0.13864563405513763,0.17417706549167633,0.521331787109375,0.10926957428455353,-0.12340176105499268,0.19156084954738617,-0.3357670307159424,0.05724181979894638,-0.3143863379955292,0.3933565318584442,-0.11775883287191391,-0.03857779502868652,-0.18571677803993225,0.008136987686157227,0.6845044493675232,0.05587180703878403,0.17210452258586884,0.2304852306842804,-0.06527070701122284,0.23877160251140594,-0.009982617571949959,-0.07829812169075012,0.18958286941051483,-0.25652015209198,0.3464338481426239,-0.34261354804039,-0.26320356130599976,-0.09513883292675018,0.27873843908309937,0.0772339329123497,-0.06619580090045929,0.01222623884677887,0.11362382024526596,-0.12923577427864075,-0.21351270377635956,0.20377428829669952,0.11409608274698257,-0.13374900817871094,-0.270889014005661,0.04599342122673988,-0.1501409262418747,0.4225118160247803,0.2551707625389099,0.23551742732524872,0.09726721048355103,-0.35537704825401306,-0.060699500143527985,0.06397658586502075,-0.29590821266174316,-0.18834443390369415,0.026093343272805214,-0.16587045788764954,0.010988553054630756,0.32309049367904663,-0.12777678668498993,-0.12393121421337128,0.03665407747030258,-0.32721254229545593,0.05440521240234375,0.10244341939687729,-0.3051077425479889,0.013253566808998585,-0.12144085019826889,0.46665817499160767,0.07292405515909195,-0.2393355369567871,-0.201508566737175,-0.2601068317890167,0.0236714668571949,0.09102431684732437,0.02862529084086418,-0.25777411460876465,0.6414685845375061,0.16333338618278503,-0.22347486019134521,-0.15596319735050201,-0.25055786967277527,-0.08381947875022888,0.6140335202217102,0.16644242405891418,-0.19482466578483582,-0.13246387243270874,0.05768454819917679,-0.39844417572021484,0.07014210522174835,0.37531694769859314,0.024929922074079514,-0.32971301674842834,0.08110928535461426,-0.29679423570632935,0.12929876148700714,0.08346079289913177,-0.12750877439975739,-0.1556328535079956,0.18176133930683136,-0.18940797448158264,-0.03917267918586731,-0.5210901498794556,0.20054614543914795,-0.2954794466495514,-0.13393226265907288,0.06212107092142105,-0.1633029282093048,0.5317317843437195,0.553839385509491,-0.3987204134464264,0.11065380275249481,0.16092416644096375,-0.016792234033346176,-0.14791417121887207,-0.04197993502020836,0.10691173374652863,-0.017234820872545242,-0.22714659571647644,-0.10525256395339966,-0.21780577301979065,0.10580295324325562,-0.2296067774295807,0.09077058732509613,-0.04637319967150688,-0.1365737020969391,-0.08313579112291336,-0.3585299849510193,0.16413365304470062,0.17456836998462677,0.39817866683006287,0.30811095237731934,-0.06452831625938416,-0.029112273827195168,0.09495663642883301,0.4269108772277832,-0.2572751045227051,0.16079726815223694,-0.22511513531208038,0.48239898681640625,-0.693600594997406,-0.10843963921070099,0.32575535774230957,-0.33863410353660583,0.04073606804013252,0.21344247460365295,-0.032023560255765915,-0.6018651723861694,-0.30604690313339233,0.20723852515220642,0.02280314639210701,0.06044595316052437,-0.1577143520116806,0.06425322592258453,0.10708938539028168
CID000003890,208,0.13250437378883362,-0.07283596694469452,0.004376580007374287,0.47142863273620605,-0.28144189715385437,0.2003871649503708,0.24790003895759583,0.2413787841796875,-0.057182829827070236,0.1911282241344452,0.30929961800575256,-0.1302955597639084,-0.03488367050886154,0.14454740285873413,-0.00844594370573759,-0.06394951790571213,-0.10780062526464462,-0.1562923938035965,0.0643906220793724,-0.40806737542152405,-0.05330517143011093,-0.20972613990306854,-0.019649231806397438,-0.8072866201400757,-0.02376934327185154,-0.10821094363927841,-0.13760317862033844,-0.13771454989910126,0.04717249795794487,0.03090738318860531,-0.16580775380134583,0.2181432992219925,-0.04997934773564339,0.08661891520023346,0.03720100596547127,-0.2159229964017868,-0.031123805791139603,0.19059143960475922,-0.01341872476041317,-0.36679327487945557,0.03199099749326706,-0.30639636516571045,0.12420497089624405,-0.16199277341365814,-0.03343423455953598,0.4012228846549988,0.09478083997964859,0.1578141450881958,0.022214017808437347,-0.015165376476943493,0.44358062744140625,-0.05174502730369568,-0.23823222517967224,-0.039789605885744095,0.3296237885951996,-0.0019041735213249922,-0.09148292988538742,-0.09998532384634018,-0.05483172461390495,0.14024420082569122,-0.0611940398812294,-0.3113386034965515,0.15755745768547058,0.08135993778705597,0.22042503952980042,0.37013742327690125,-0.21052739024162292,-0.11068256944417953,0.19711479544639587,0.24028584361076355,0.062240563333034515,0.21907012164592743,-0.3768547475337982,-0.06300487369298935,-0.20770736038684845,0.0013206482399255037,-0.11111394315958023,0.21698793768882751,-0.08111951500177383,-0.10404382646083832,0.28821006417274475,-0.26543277502059937,-0.4268534779548645,0.018887465819716454,0.1772477775812149,0.029760658740997314,0.17467066645622253,0.31034454703330994,0.20628687739372253,-0.7326054573059082,0.02219153568148613,0.051622383296489716,-0.09259569644927979,0.07815659046173096,0.0005162179586477578,-0.33583492040634155,0.21872326731681824,0.10398194938898087,0.26380541920661926,0.07109977304935455,0.10616898536682129,-0.0155620276927948,0.04896838963031769,0.2780607342720032,0.10244248807430267,-0.06680749356746674,-0.1494179517030716,-0.026874134317040443,0.4069148600101471,-0.10577340424060822,-0.11151771247386932,0.0773630142211914,-0.42327603697776794,-0.0934901088476181,-0.12186495959758759,0.3012099862098694,-0.09045304358005524,-0.037602104246616364,-0.2496381253004074,-0.03803420066833496,0.6112828850746155,-0.2892785668373108,0.26014184951782227,0.34857434034347534,-0.23004630208015442,0.053144387900829315,0.10750474035739899,-0.02908843755722046,0.3369322419166565,0.09011805802583694,0.0536171980202198,-0.3667840361595154,-0.28291407227516174,0.06072705239057541,0.4852955937385559,0.24466201663017273,-0.11453131586313248,0.11374951899051666,-0.21759667992591858,-0.17171449959278107,-0.0938645452260971,0.23782344162464142,0.06113887578248978,0.02325628325343132,-0.035249724984169006,0.17752787470817566,-0.03216791898012161,0.3884055018424988,0.06320510059595108,0.2625950872898102,-0.18424463272094727,-0.19732064008712769,0.0943034216761589,0.1890677809715271,-0.16696563363075256,-0.0740790143609047,-0.006340388208627701,-0.17386986315250397,0.24583260715007782,0.18621230125427246,0.20877483487129211,0.07174871116876602,0.0851229801774025,-0.18702474236488342,-0.0529005229473114,-0.001592279993928969,-0.2652985751628876,0.14718805253505707,0.15252386033535004,0.2600994408130646,0.020421985536813736,-0.13836658000946045,-0.26963603496551514,-0.21980194747447968,-0.0016369565855711699,-0.162486270070076,0.14485715329647064,-0.3511088490486145,0.45520368218421936,0.2058996856212616,-0.17846019566059113,0.10953036695718765,-0.2219250202178955,-0.1747201383113861,0.24164128303527832,0.1655716449022293,-0.312076210975647,0.10064782947301865,0.1443561613559723,-0.4638790488243103,-0.15474095940589905,-0.14026843011379242,0.010729295201599598,-0.10037092864513397,0.23169481754302979,-0.07580076158046722,0.2170942723751068,-0.0661424845457077,-0.042451128363609314,-0.077376589179039,0.03545051068067551,-0.2086959332227707,-0.09495179355144501,-0.40062159299850464,0.14642372727394104,-0.3643513321876526,-0.12254484742879868,0.07282432168722153,-0.12341281026601791,0.71442711353302,0.36199456453323364,0.0891999751329422,0.3344990313053131,0.21168653666973114,0.10157102346420288,-0.10551540553569794,0.08147718757390976,0.09587259590625763,-0.12162496149539948,-0.16575275361537933,0.00574877392500639,-0.09815151989459991,0.14906148612499237,-0.2016616314649582,0.2078690230846405,0.12500040233135223,-0.45896047353744507,-0.17698153853416443,0.1586879938840866,0.060264598578214645,-0.024735746905207634,0.3451042175292969,0.2833816409111023,-0.09507253021001816,0.05044684559106827,0.03165746480226517,0.28560614585876465,-0.517937183380127,0.053456902503967285,-0.13092884421348572,0.3468870520591736,-0.44301214814186096,-0.2484438419342041,0.1982976496219635,-0.1500101089477539,0.03551088646054268,0.11057271808385849,0.05558706447482109,-0.553556501865387,-0.029966071248054504,0.3183903396129608,-0.18468597531318665,0.15120217204093933,-0.08590703457593918,0.15340955555438995,0.17280426621437073
CID000003003,209,-0.08136143535375595,0.07416129112243652,0.0180068276822567,0.5113492608070374,-0.19364869594573975,0.3111305832862854,0.2238120585680008,0.2431689202785492,-0.04721716418862343,0.26061686873435974,0.10323324054479599,-0.17623379826545715,-0.3711923062801361,0.3357502818107605,-0.07136434316635132,-0.12770435214042664,-0.03745069354772568,0.04568808525800705,0.12634895741939545,-0.4270780086517334,0.34612080454826355,-0.18755105137825012,-0.146821990609169,-0.7191370129585266,-0.2927655279636383,0.2517254948616028,-0.42954006791114807,-0.10086633265018463,-0.020388659089803696,0.11044146120548248,-0.006552338600158691,0.5491762757301331,0.08896033465862274,-0.1594420224428177,0.07995852082967758,-0.05801147222518921,0.31825193762779236,-0.11729590594768524,0.24659106135368347,-0.03527640178799629,-0.03395428508520126,0.09555888175964355,0.32524123787879944,-0.15399795770645142,-0.26587408781051636,0.17865058779716492,0.03195146471261978,-0.011284301057457924,0.13345322012901306,0.05967981368303299,0.47875508666038513,-0.10096593201160431,-0.40850916504859924,0.1286323368549347,-0.0030294626485556364,-0.3299223482608795,0.1368846446275711,-0.177573561668396,0.036130450665950775,-0.05557968467473984,-0.09555096924304962,-0.1657259315252304,-0.05207045003771782,-0.17792494595050812,0.44013842940330505,0.5971567034721375,-0.06684210151433945,0.028896650299429893,0.19898349046707153,0.355124294757843,0.027623098343610764,0.0643865317106247,-0.2572094798088074,-0.4095047414302826,-0.5393138527870178,0.08842577040195465,-0.061922937631607056,-0.038000382483005524,-0.21560366451740265,0.14067456126213074,-0.09741409122943878,-0.2615363895893097,-0.36130228638648987,0.06114915758371353,0.12845788896083832,-0.01833403669297695,-0.07747878134250641,0.4617212414741516,-0.1332886666059494,-1.0788335800170898,0.058969467878341675,0.14541460573673248,0.07439540326595306,-0.3518983721733093,-0.027395248413085938,-0.6176719665527344,-0.13443538546562195,0.017134856432676315,-0.01697925478219986,0.02509825862944126,0.014088714495301247,0.11913149058818817,0.007608155719935894,0.5382737517356873,-0.012096012011170387,-0.0164351649582386,-0.34686973690986633,0.10898959636688232,0.21748852729797363,-0.1722738891839981,-0.03796279802918434,0.16474607586860657,-0.11675431579351425,-0.12829986214637756,-0.04773809015750885,0.1618950515985489,-0.21784451603889465,-0.07879263907670975,0.06746591627597809,0.19745835661888123,0.6528392434120178,-0.18121781945228577,0.0664164200425148,0.1837078183889389,-0.026174133643507957,0.04501897096633911,0.07286156713962555,-0.045388348400592804,0.2744672894477844,0.011659088544547558,0.052646297961473465,-0.3381001353263855,-0.373446524143219,0.441821426153183,0.10157632827758789,0.3896384835243225,0.048033297061920166,0.21395404636859894,-0.2014162838459015,0.035761572420597076,0.028753280639648438,0.22299420833587646,0.043879397213459015,-0.14997176826000214,-0.01981387473642826,0.07438355684280396,-0.035246074199676514,0.3749898076057434,-0.4257528781890869,0.026145821437239647,-0.18637904524803162,-0.5096293687820435,0.20188507437705994,-0.08155196905136108,-0.3530907928943634,0.011923479847609997,0.04874013364315033,-0.2700081467628479,0.01283185463398695,0.4990606904029846,-0.016194786876440048,0.14699940383434296,-0.13554330170154572,-0.09831272065639496,-0.33556145429611206,-0.08775372803211212,0.40797120332717896,-0.02071313187479973,-0.08976555615663528,0.09096625447273254,0.29086029529571533,-0.20232348144054413,-0.24174514412879944,-0.10808553546667099,-0.054427944123744965,0.02994159422814846,0.08400816470384598,-0.18396779894828796,0.28774529695510864,0.09039638191461563,-0.11860914528369904,0.16825330257415771,-0.012218679301440716,-0.27765265107154846,0.2918139696121216,-0.15028116106987,-0.03517609089612961,0.10756949335336685,0.4009477496147156,-0.28714796900749207,-0.163589209318161,0.15068988502025604,0.11707516014575958,-0.009907245635986328,0.16449220478534698,-0.043333906680345535,0.18916155397891998,-0.35971373319625854,0.047816045582294464,-0.01797943189740181,0.039535392075777054,-0.467783123254776,-0.15306717157363892,-0.31232357025146484,0.019890187308192253,-0.05096321180462837,-0.19651854038238525,-0.12293489277362823,0.4079078137874603,0.5918527841567993,0.2796330451965332,0.01130352821201086,0.27151089906692505,-0.02301853336393833,0.19777679443359375,-0.06367632001638412,0.026239145547151566,-0.16476944088935852,0.006556073669344187,-0.08067069947719574,-0.02633696235716343,0.360688716173172,-0.06853463500738144,-0.5109875798225403,-0.13794787228107452,-0.22118797898292542,0.025653719902038574,-0.3526342809200287,-0.134758859872818,0.06883184611797333,-0.08979480713605881,0.30269941687583923,0.19439168274402618,0.07890603691339493,-0.3063321113586426,0.004242860712110996,0.40358924865722656,-0.6536423563957214,0.031185880303382874,-0.20667624473571777,0.05949494242668152,-0.5384342670440674,0.05118321254849434,0.2490292340517044,-0.0583195760846138,0.02338041551411152,0.13361039757728577,-0.14200003445148468,-0.5857551693916321,0.04522298648953438,0.12307920306921005,-0.12532465159893036,0.011225693859159946,-0.19119787216186523,-0.1435329169034958,0.027837783098220825
CID000003385,210,0.20123326778411865,-0.3397224247455597,0.07101854681968689,0.6390461325645447,-0.45705676078796387,0.06197849661111832,0.13086597621440887,0.043165165930986404,0.004221397452056408,0.10833332687616348,-0.11767756938934326,-0.19660118222236633,-0.20290498435497284,0.04331321641802788,-0.007011294364929199,0.07827199995517731,-0.17538252472877502,-0.15498144924640656,0.27773991227149963,-0.7177130579948425,0.10899768769741058,-0.3666253089904785,-0.15588434040546417,-0.917524516582489,-0.14538542926311493,0.08421071618795395,-0.04258052259683609,-0.06911875307559967,0.0214473158121109,-0.031601227819919586,0.11927171051502228,0.2518351078033447,0.1968652755022049,0.15010768175125122,0.08867570757865906,-0.2285282164812088,-0.07818857580423355,0.24548912048339844,0.1538776457309723,0.08991112560033798,-0.20428211987018585,0.047788798809051514,0.04381901025772095,-0.03554945066571236,-0.13073447346687317,0.19710323214530945,0.08066429197788239,0.08471713960170746,0.006390184164047241,-0.05488274246454239,0.543953537940979,-0.363871693611145,-0.1639830470085144,0.1053609624505043,-0.04012071341276169,-0.1057371273636818,0.2682163715362549,0.019755471497774124,0.5067626237869263,0.0618676021695137,-0.110324427485466,-0.2979153096675873,-0.1455892026424408,-0.13427522778511047,-0.06297184526920319,0.2622564435005188,-0.19286800920963287,0.0598168782889843,-0.008947834372520447,0.0011910274624824524,0.055581528693437576,-0.03081042692065239,-0.18918761610984802,-0.3864932954311371,-0.006008385680615902,-0.014436458237469196,-0.2723849415779114,-0.15654543042182922,0.24169044196605682,0.03359334543347359,0.39946767687797546,-0.6134768724441528,-0.25594285130500793,0.25676286220550537,0.01800885982811451,0.16099771857261658,0.17034192383289337,0.17203257977962494,-0.023167693987488747,-0.6485534310340881,-0.10307576507329941,0.07216240465641022,-0.190250962972641,0.09448890388011932,0.21597865223884583,-0.18183360993862152,0.04958313703536987,-0.25066354870796204,0.1250057965517044,0.17800787091255188,-0.17733526229858398,0.1490860879421234,-0.09558568894863129,0.21925389766693115,-0.0015512227546423674,0.004873055033385754,0.009641358628869057,0.07760836184024811,0.647148609161377,-0.09533561766147614,0.004895648453384638,0.12390412390232086,0.08389139175415039,-0.46488863229751587,0.13186369836330414,0.22188694775104523,-0.19410088658332825,-0.05428024008870125,0.0658973976969719,0.10445860773324966,0.8701675534248352,-0.3299756944179535,0.1173185259103775,-0.2054702341556549,0.023190364241600037,0.020019855350255966,0.06241914629936218,0.22611382603645325,0.15735138952732086,0.3965604305267334,0.32448673248291016,-0.5988386869430542,-0.4728791117668152,-0.007379498332738876,0.11359605938196182,0.1482732743024826,0.0465557798743248,0.3240932822227478,0.21775861084461212,-0.08848550170660019,-0.2856954038143158,-0.12525014579296112,-0.23827128112316132,-0.06884238868951797,-0.005463859532028437,-0.040655530989170074,0.008521324023604393,0.6493417024612427,-0.13708506524562836,0.23199395835399628,-0.2078859508037567,-0.5426427125930786,0.04742485284805298,0.12686531245708466,-0.12207033485174179,0.1614736169576645,-0.16069844365119934,-0.1943577080965042,-0.08443985879421234,0.08794871717691422,-0.15013575553894043,0.002580100204795599,-0.13356390595436096,-0.00992971658706665,0.0783734917640686,0.04395105689764023,0.01281467080116272,0.2972941994667053,0.06626103818416595,0.17374159395694733,0.09307356923818588,0.04942323639988899,-0.023532086983323097,-0.22439377009868622,0.09220854938030243,-0.2610998749732971,0.17682678997516632,-0.1562630832195282,0.3499397039413452,0.2892908751964569,0.06612591445446014,0.32952582836151123,-0.014018028974533081,0.003669899655506015,0.19724898040294647,-0.054023683071136475,-0.16353115439414978,-0.14235751330852509,-0.08807919919490814,-0.3219531178474426,0.037291742861270905,-0.0021386027801781893,0.1927090585231781,-0.1843145191669464,-0.05418310686945915,-0.03974110633134842,-0.08141034841537476,0.31555265188217163,0.03401942178606987,-0.17456701397895813,-0.31600886583328247,-0.2915576696395874,-0.0008089184993878007,-0.30250194668769836,0.3399677276611328,0.023333434015512466,-0.09309861809015274,-0.039214521646499634,0.024663688614964485,0.580759584903717,0.24574384093284607,0.4148711562156677,0.3234637379646301,-0.07868035137653351,0.07950946688652039,-0.20298533141613007,-0.061575792729854584,0.5690112113952637,0.3552984893321991,-0.030843770131468773,-0.0645471066236496,-0.14896626770496368,0.19507120549678802,-0.17455562949180603,0.14015573263168335,-0.2617875933647156,-0.15438194572925568,-0.11886844784021378,0.014566835947334766,0.03882666677236557,0.10071289539337158,0.37737685441970825,0.10409341007471085,-0.10656807571649551,-0.042359184473752975,0.014608788304030895,0.5897852182388306,-0.4212903082370758,0.08938682079315186,-0.21812789142131805,0.1535060703754425,-0.41697463393211365,0.2422746866941452,0.29861655831336975,-0.08543906360864639,-0.11481782048940659,0.06803472340106964,0.16037046909332275,-0.9556674957275391,-0.053585927933454514,0.16342219710350037,-0.12450869381427765,0.046228714287281036,-0.24415144324302673,-0.06702142208814621,-0.2818298041820526
CID000034312,211,0.23241791129112244,0.17000897228717804,0.05222509428858757,0.3907560706138611,-0.18876327574253082,-0.059209417551755905,0.0888398140668869,0.3758498728275299,0.07640291750431061,0.0003457307757344097,0.24633339047431946,0.2593976855278015,0.035284776240587234,0.136189803481102,-0.17692232131958008,0.17705592513084412,-0.016346197575330734,-0.16964372992515564,-0.09884513914585114,-0.5458818078041077,-0.008443141356110573,-0.15077044069766998,0.04193315654993057,-0.8623828887939453,0.26849520206451416,0.23866181075572968,-0.11859528720378876,-0.1798340529203415,-0.03652151674032211,0.3527359366416931,-0.18226328492164612,0.19926100969314575,-0.1036665216088295,-0.1329907774925232,0.13081832230091095,0.00021573304547928274,0.1260559856891632,0.017336726188659668,0.18241192400455475,-0.10309700667858124,-0.08731941133737564,-0.04256783798336983,0.11114004999399185,-0.3944093883037567,-0.156248539686203,0.36373576521873474,0.1518789529800415,0.09061749279499054,0.044133059680461884,0.07662935554981232,0.41456684470176697,-0.14855584502220154,-0.10803556442260742,-0.07285468280315399,0.2721352279186249,-0.3456380367279053,0.24466630816459656,0.394827663898468,0.04760146886110306,-0.15216979384422302,-0.16108456254005432,-0.38451656699180603,0.08372066915035248,-0.08476654440164566,0.23181955516338348,0.679156482219696,-0.25665217638015747,-0.09478683769702911,0.020581377670168877,0.07973527908325195,0.07893384993076324,0.033939097076654434,-0.33475935459136963,-0.3312172293663025,-0.23365847766399384,0.11812783777713776,0.09952548891305923,0.2619437873363495,0.032322902232408524,-0.08655421435832977,0.3748522400856018,-0.49262839555740356,-0.22150704264640808,-0.08690287917852402,0.016635453328490257,-0.15151122212409973,0.2803412079811096,0.008772008121013641,0.0763414055109024,-0.6863588690757751,0.057752497494220734,0.5476287603378296,0.025177549570798874,0.008643535897135735,-0.07556875050067902,-0.2616496980190277,-0.3895217776298523,0.007027017883956432,0.06723545491695404,0.26510122418403625,-0.10305976867675781,0.012004059739410877,-0.1003243550658226,0.3969198167324066,0.12405272573232651,0.17427805066108704,-0.1057138442993164,0.1737784892320633,0.612021803855896,0.1371915638446808,-0.14355510473251343,0.2813240587711334,-0.04470490664243698,-0.11896155029535294,0.15942561626434326,0.21415019035339355,0.0071915448643267155,-0.19434650242328644,0.0624295175075531,-0.01449286937713623,0.6414663195610046,-0.19844211637973785,0.4254765510559082,0.22700288891792297,-0.22221021354198456,0.13586866855621338,-0.005702066235244274,-0.2200320065021515,0.24861016869544983,-0.21401873230934143,0.07532019168138504,-0.5131667852401733,-0.18313869833946228,0.10199443250894547,0.09846080839633942,-0.0955747440457344,-0.017342444509267807,-0.1737149953842163,-0.08590869605541229,-0.546465277671814,-0.1498604565858841,0.13518962264060974,0.04480498284101486,-0.022830720990896225,0.01902240887284279,0.1711469143629074,0.015329813584685326,0.37146952748298645,0.1086653620004654,0.20291510224342346,0.11976088583469391,-0.26379287242889404,-0.23756277561187744,0.4207480549812317,-0.13434827327728271,-0.21705934405326843,-0.04176435247063637,-0.36096853017807007,0.06601674109697342,0.31598764657974243,0.08039569109678268,0.0038844465743750334,0.07848992943763733,0.15197131037712097,-0.31723374128341675,-0.3613493740558624,-0.38685888051986694,0.08203745633363724,-0.06293704360723495,-0.020850246772170067,0.061366625130176544,-0.30449333786964417,-0.3092493712902069,-0.24988584220409393,0.07921341806650162,-0.1544061005115509,0.11279799044132233,-0.22209472954273224,0.5489398241043091,0.22491316497325897,-0.10472466051578522,0.03248261660337448,-0.1898479014635086,-0.36230143904685974,-0.004560981877148151,0.2512653172016144,-0.4860142767429352,0.06233406811952591,0.035758547484874725,-0.3531797528266907,-0.08391977846622467,-0.0010253727668896317,0.07875363528728485,0.11651711165904999,0.19880454242229462,-0.011553370393812656,0.13996991515159607,0.025015324354171753,0.04588978365063667,0.066600002348423,-0.05021139979362488,-0.3137238919734955,0.20275633037090302,-0.508690595626831,-0.0825389176607132,-0.26283594965934753,-0.14432038366794586,0.030024994164705276,-0.1875370591878891,0.5011441707611084,0.3537110388278961,-0.1174008697271347,0.06615866720676422,0.1565043032169342,0.01465664617717266,-0.26742443442344666,-0.07011695206165314,0.09049340337514877,-0.06305671483278275,-0.3112989366054535,-0.14005348086357117,-0.13477511703968048,-0.011350077576935291,-0.15834125876426697,-0.3176847994327545,-0.09693573415279388,-0.20906677842140198,-0.10392294079065323,-0.19373063743114471,-0.05518302321434021,-0.06096835806965828,-0.043193668127059937,0.10594949871301651,-0.02952948771417141,-0.14468581974506378,-0.15809223055839539,0.26903122663497925,-0.3094065487384796,0.13193514943122864,-0.2390436828136444,0.1702665090560913,-0.47711730003356934,0.1415483057498932,0.10118839889764786,-0.07696879655122757,0.27083367109298706,0.05137575790286064,0.10163942724466324,-0.6402637958526611,-0.40009474754333496,0.4144982397556305,-0.17568621039390564,0.2948119044303894,-0.23558497428894043,0.22427673637866974,0.10001013427972794
CID000005203,214,0.13295695185661316,-0.0485004298388958,0.21517090499401093,0.4237523078918457,-0.39263373613357544,0.16849680244922638,0.28531232476234436,0.29027003049850464,0.03940441459417343,0.18942749500274658,0.06780403852462769,0.13341137766838074,-0.15134619176387787,0.09341848641633987,-0.2926166355609894,-0.16239199042320251,-0.07188324630260468,-0.08771636337041855,0.12436051666736603,-0.574001669883728,0.08537578582763672,-0.2177000790834427,0.08303739130496979,-0.8167797327041626,-0.0037576197646558285,0.09779997915029526,-0.014552129432559013,0.14628316462039948,0.07681836932897568,0.10423692315816879,-0.03565942123532295,0.1879502683877945,-0.11675001680850983,0.1799355447292328,0.008875253610312939,0.014876989647746086,0.1109342947602272,0.01483078021556139,0.38416463136672974,0.10606076568365097,-0.02586919628083706,-0.14629846811294556,0.2518179714679718,-0.3007614016532898,-0.08478143066167831,0.3291555345058441,0.06822475045919418,-0.00031335948733612895,-0.07706906646490097,-0.0359053798019886,0.29384729266166687,0.013122481293976307,-0.17090532183647156,-0.06411837041378021,0.11288636922836304,-0.10595028102397919,0.15009784698486328,0.0005629092338494956,0.004746377468109131,-0.13382861018180847,-0.37279707193374634,-0.14471951127052307,-0.034190498292446136,-0.14063948392868042,0.05111979320645332,0.3572278916835785,-0.27395135164260864,-0.20322155952453613,0.08284033834934235,-0.09384826570749283,-0.080649733543396,-0.012041350826621056,-0.3096823990345001,-0.37445709109306335,-0.29786568880081177,-0.07389547675848007,-0.07053505629301071,0.055688243359327316,0.08659271150827408,-0.011010468006134033,0.09909764677286148,-0.7256556749343872,-0.27915140986442566,0.0997098833322525,0.1301766335964203,0.12742331624031067,0.18581314384937286,0.15889489650726318,-0.11189739406108856,-0.7336921691894531,-0.1755465418100357,0.056866515427827835,0.07566390931606293,0.0810215100646019,0.17944666743278503,-0.19818490743637085,-0.06227854639291763,-0.15285584330558777,-0.1399906575679779,-0.04900592938065529,-0.17335645854473114,0.08132507652044296,-0.014159929938614368,0.2799893021583557,-0.07252361625432968,-0.0758499801158905,-0.10854508727788925,0.23782941699028015,0.4805375039577484,-0.1241263896226883,-0.04565269872546196,0.1572258025407791,0.040901534259319305,-0.15365460515022278,0.04324918985366821,0.12727110087871552,-0.0400397852063179,0.054004572331905365,-0.09169406443834305,0.2754996418952942,0.6917461156845093,-0.14069411158561707,0.2777737081050873,0.058724820613861084,0.24468302726745605,-0.08703027665615082,0.0242475513368845,0.013326114043593407,0.2598962187767029,0.009138715453445911,0.30432701110839844,-0.5318092107772827,-0.2917596697807312,0.24337443709373474,0.221878319978714,-0.10130016505718231,-0.04557083174586296,0.19811861217021942,0.009981083683669567,-0.1484231799840927,-0.2940680682659149,0.05488462373614311,0.07929762452840805,-0.20258715748786926,-0.027446284890174866,0.09368210285902023,-0.12026672065258026,0.3311161994934082,-0.03708117827773094,0.15430037677288055,0.15542897582054138,-0.453641414642334,0.14961138367652893,0.12720279395580292,-0.1778431087732315,0.09254397451877594,-0.015938296914100647,0.013013551011681557,0.011932358145713806,0.19659198820590973,0.1125468984246254,-0.021674221381545067,0.02546672150492668,0.1685163527727127,-0.159943088889122,-0.21807222068309784,-0.28667521476745605,0.3235899806022644,0.055857859551906586,0.1359471082687378,0.06157532334327698,-0.1919400840997696,-0.07550624758005142,-0.24359889328479767,0.05031003803014755,-0.10679031908512115,0.15388600528240204,-0.2752586007118225,0.3613031804561615,0.13640254735946655,0.10086085647344589,0.12677884101867676,-0.18355312943458557,-0.1889200508594513,0.08551987260580063,0.1111469492316246,-0.3026063144207001,0.04395042732357979,-0.20443379878997803,-0.2428056299686432,-0.08041421324014664,0.10290620476007462,0.157679483294487,-0.026840338483452797,0.141076922416687,-0.16745619475841522,-0.12925764918327332,0.1438026875257492,0.1743646264076233,0.16212449967861176,-0.0027701661456376314,-0.3536052107810974,-0.03347427397966385,-0.4918859899044037,0.05317680910229683,-0.15490779280662537,-0.03925054520368576,-0.04390295594930649,0.02339288219809532,0.41397231817245483,0.27319446206092834,0.2188049554824829,0.3074546754360199,-0.01274033822119236,0.16036280989646912,-0.19009001553058624,-0.20366139709949493,0.2786751985549927,0.12454648315906525,0.061391569674015045,-0.0072175562381744385,-0.12180769443511963,0.22730600833892822,-0.16281865537166595,0.14833031594753265,-0.15261811017990112,0.06613127142190933,-0.2417784035205841,0.06499230861663818,-0.06389119476079941,-0.040038544684648514,0.04187212139368057,0.1635873168706894,0.014955148100852966,-0.10630951076745987,-0.008965660817921162,0.268821120262146,-0.3406800627708435,0.1496678590774536,-0.09917888790369034,0.03646454960107803,-0.40168333053588867,0.15499870479106903,0.259174644947052,-0.09898129105567932,-0.11394847929477692,0.09071333706378937,0.011623576283454895,-0.7167136073112488,-0.12197983264923096,0.2506997287273407,-0.31612956523895264,-0.2367587387561798,-0.10434204339981079,0.0010405897628515959,0.14250445365905762
CID000002477,215,0.087849460542202,-0.010118333622813225,0.18405863642692566,0.31763243675231934,-0.4845253527164459,0.16999511420726776,0.3416505455970764,0.33948591351509094,-0.007480341009795666,0.2652372717857361,0.08810564130544662,0.08003012090921402,-0.15381045639514923,0.2101471722126007,-0.11728950589895248,-0.12271369993686676,0.05916549637913704,-0.037527043372392654,0.064735546708107,-0.35004398226737976,0.005216157529503107,-0.22313353419303894,0.1026773452758789,-0.6587148904800415,0.11662551015615463,0.01821722462773323,-0.176841601729393,-0.12893055379390717,-0.06746035814285278,0.19437329471111298,0.08645378798246384,0.25183385610580444,0.06539592891931534,0.13403534889221191,0.1135234385728836,-0.19319143891334534,0.046661850064992905,0.24489231407642365,0.2444092333316803,-0.17828616499900818,0.04155770316720009,-0.246052548289299,0.03943493962287903,-0.27315691113471985,-0.04780910536646843,0.2532432973384857,0.0937667042016983,0.0009418990230187774,0.1287398636341095,-0.04236103594303131,0.28414756059646606,0.06206975504755974,-0.42711973190307617,-0.025070959702134132,0.1593741923570633,-0.058302201330661774,0.06568795442581177,0.1287328153848648,0.0193085465580225,-0.039129965007305145,-0.2881074547767639,-0.3732824921607971,0.06517533212900162,-0.10900185257196426,0.29246705770492554,0.22842176258563995,-0.1609339863061905,-0.16307221353054047,0.2666330933570862,0.07772926986217499,-0.0009880780708044767,-0.17879267036914825,-0.4368160665035248,-0.3192973732948303,-0.21040961146354675,-0.041546598076820374,-0.05817186087369919,0.08992547541856766,-0.04254115745425224,-0.11194749921560287,0.1974579095840454,-0.5079480409622192,-0.47172418236732483,0.10047280788421631,0.16760961711406708,-0.10289784520864487,0.15090617537498474,0.21397864818572998,-0.07240244746208191,-0.693544864654541,0.03791453316807747,0.15683576464653015,-0.057435739785432816,-0.0689387395977974,0.09428481757640839,-0.31111541390419006,-0.24763889610767365,-0.06611493974924088,0.08909542858600616,0.02824043296277523,-0.14328202605247498,0.16611817479133606,0.062393952161073685,0.4715481400489807,0.14276888966560364,0.01918003335595131,-0.2378522902727127,-0.2292352169752121,0.32300037145614624,-0.28677111864089966,-0.20821475982666016,0.13261157274246216,-0.2992178797721863,0.09313894808292389,-0.1269393414258957,0.3169572651386261,-0.013274053111672401,-0.12688565254211426,-0.2510974705219269,0.16843457520008087,0.5849628448486328,-0.10171164572238922,0.30910545587539673,0.20496180653572083,0.055778343230485916,0.18158495426177979,-0.02098994515836239,-0.1271710991859436,0.26612138748168945,-0.03600723296403885,0.25457948446273804,-0.4765818119049072,-0.35632485151290894,0.0463729090988636,0.41180771589279175,0.1783456802368164,-0.21496132016181946,0.2297869473695755,0.028706680983304977,-0.13638648390769958,-0.1743810921907425,0.2995859980583191,0.11862832307815552,-0.158182293176651,-0.1516859531402588,0.039640381932258606,0.037340983748435974,0.32609835267066956,-0.01195229310542345,0.19989123940467834,0.0913257747888565,-0.1749156415462494,0.12436161190271378,0.11825336515903473,-0.19965943694114685,-0.226461261510849,0.0217474102973938,-0.19921843707561493,-0.10926242172718048,0.23002707958221436,-0.05360651761293411,-0.03676765412092209,0.06781120598316193,-0.13058166205883026,-0.08064551651477814,0.0996454730629921,-0.2698630094528198,0.18840722739696503,0.09417450428009033,0.29107171297073364,-0.06544242054224014,-0.11107323318719864,-0.1521538347005844,-0.10214541107416153,0.12937627732753754,-0.012451410293579102,0.16758547723293304,-0.24786055088043213,0.37106677889823914,-0.03303445503115654,0.18181133270263672,0.08039464056491852,-0.24537797272205353,-0.173167422413826,0.14698471128940582,0.17670167982578278,-0.04221724346280098,0.18487027287483215,0.12240055948495865,-0.28173792362213135,-0.19633866846561432,0.11978169530630112,0.2847597599029541,-0.13428957760334015,0.04939499497413635,-0.09196903556585312,0.15508456528186798,-0.008970670402050018,0.03888470679521561,0.2307148426771164,0.21058373153209686,-0.415269672870636,-0.04852653294801712,-0.3107489049434662,0.04627199470996857,-0.29288965463638306,-0.1335349828004837,0.2464333474636078,-0.17743436992168427,0.35748490691185,0.4678463935852051,0.07484699785709381,0.2354547679424286,0.3214262127876282,0.06072432920336723,-0.05900571867823601,-0.16857396066188812,0.01909615471959114,0.06234104558825493,-0.11927354335784912,0.05763445422053337,-0.03411426395177841,0.016889236867427826,-0.20149025321006775,-0.1490563452243805,-0.0065019456669688225,-0.1721326857805252,-0.16718149185180664,-0.00366973876953125,0.05664234235882759,0.1109258159995079,0.022826220840215683,0.2519393861293793,0.10828204452991486,-0.22456414997577667,0.39304718375205994,0.30749592185020447,-0.5800638198852539,0.036460865288972855,-0.05206260085105896,0.35370829701423645,-0.579645037651062,-0.13225401937961578,0.2885826528072357,-0.019696926698088646,0.04149536415934563,0.2940371036529541,0.027202356606721878,-0.5585030913352966,-0.16733156144618988,0.31496793031692505,-0.2786455750465393,0.07321850955486298,-0.196671724319458,0.04738013818860054,0.18009550869464874
CID000032797,216,0.04246712848544121,0.09970115125179291,0.007990074343979359,0.4214770197868347,-0.23537687957286835,0.35811057686805725,0.23650208115577698,0.2693684995174408,-0.011116594076156616,0.23525455594062805,0.08962278068065643,-0.12897518277168274,-0.28755083680152893,0.35908228158950806,-0.0362882986664772,-0.13823620975017548,0.034693967550992966,-0.04250496253371239,0.12199071794748306,-0.38885754346847534,0.3010719418525696,-0.23069517314434052,-0.1477498710155487,-0.7242217063903809,-0.2370719015598297,0.21579961478710175,-0.3255923092365265,-0.13309207558631897,-0.0482868030667305,0.14695517718791962,0.01567552611231804,0.5006967782974243,0.05791085958480835,-0.17263635993003845,0.0473535992205143,-0.10006612539291382,0.2108166217803955,-0.05781642720103264,0.13069486618041992,0.04763110727071762,-0.08576671779155731,0.05280724912881851,0.38333162665367126,-0.14829641580581665,-0.3849565386772156,0.13582661747932434,0.03738277405500412,-0.03654880076646805,0.09645804762840271,0.2132108211517334,0.3700428605079651,-0.10375036299228668,-0.4251611828804016,0.060330312699079514,0.04686153307557106,-0.29349789023399353,0.1121712476015091,-0.1718374490737915,0.001007294631563127,-0.05374826118350029,-0.147708460688591,-0.29422491788864136,-0.09094960987567902,-0.12214238941669464,0.37117907404899597,0.5037866830825806,-0.0021304369438439608,0.0631951168179512,0.20412802696228027,0.33669814467430115,0.01957448199391365,-0.02349286898970604,-0.28554242849349976,-0.44544506072998047,-0.6294006109237671,0.05330455303192139,-0.04834394529461861,-0.008393598720431328,-0.222393199801445,0.18080556392669678,-0.06224554777145386,-0.3052477240562439,-0.3921375870704651,0.03754771500825882,0.020839352160692215,-0.03938816860318184,-0.049576979130506516,0.43957948684692383,-0.08127342164516449,-0.8836582899093628,0.13374954462051392,0.16255608201026917,0.05349956825375557,-0.37274059653282166,0.024370694532990456,-0.6080222129821777,-0.17649579048156738,-0.032240308821201324,-0.029261022806167603,0.11204023659229279,0.05976084992289543,0.12072155624628067,0.040768690407276154,0.5130091905593872,-0.03317885473370552,-0.01895763911306858,-0.36251410841941833,0.13158433139324188,0.1894731968641281,-0.20762458443641663,-0.06746850907802582,0.15207740664482117,-0.15056876838207245,-0.05942792817950249,-0.04292168840765953,0.16953426599502563,-0.15546931326389313,-0.053066156804561615,-0.03368617966771126,0.18864700198173523,0.6477795243263245,-0.18187299370765686,0.15805888175964355,0.21720600128173828,0.016505781561136246,0.09855331480503082,0.09809409826993942,-0.06797923147678375,0.2646711766719818,0.04700969159603119,0.05292901396751404,-0.33331507444381714,-0.4288407862186432,0.48352304100990295,0.10830996185541153,0.18895046412944794,0.04756692796945572,0.2553148865699768,-0.17208556830883026,0.041093312203884125,-0.04157068580389023,0.2252066433429718,0.014330543577671051,-0.24240131676197052,-0.10718683898448944,0.05293635278940201,-0.04962506145238876,0.3194027841091156,-0.36400243639945984,-0.056766919791698456,-0.13994653522968292,-0.4779309332370758,0.17736181616783142,-0.03836940601468086,-0.2600312829017639,-0.03327371925115585,0.08830916881561279,-0.272882342338562,-0.017942409962415695,0.4931964874267578,-0.06813172250986099,0.1158938780426979,-0.1491784006357193,-0.12511150538921356,-0.2366224229335785,0.06025975942611694,0.4213801324367523,0.06900761276483536,-0.10797026008367538,0.11196031421422958,0.3573339581489563,-0.12206144630908966,-0.2300194799900055,-0.07168233394622803,-0.037873413413763046,0.05371551960706711,0.10295846313238144,-0.205512136220932,0.26156729459762573,0.05671222135424614,-0.09769640862941742,0.091464102268219,-0.0404270775616169,-0.19696231186389923,0.2732301354408264,-0.12528908252716064,0.03746476769447327,0.12879706919193268,0.2851051092147827,-0.38387736678123474,-0.12889309227466583,0.1391802579164505,0.051855720579624176,-0.023667151108384132,0.09584387391805649,-0.032751988619565964,0.16366145014762878,-0.3397775888442993,0.056562960147857666,0.03077663853764534,0.08887747675180435,-0.5337609052658081,-0.10744793713092804,-0.3410869240760803,-0.006178556475788355,-0.04837662726640701,-0.20031702518463135,-0.13588565587997437,0.2609362006187439,0.520835816860199,0.3056736886501312,2.510249578335788e-05,0.3065420091152191,0.010652134194970131,0.1187126636505127,-0.10489548742771149,0.060299359261989594,-0.10014090687036514,0.05453597381711006,-0.07629270851612091,-0.0007583096739836037,0.43094268441200256,-0.029895877465605736,-0.48842716217041016,-0.17300693690776825,-0.23940439522266388,0.06978058069944382,-0.3382144570350647,-0.04369399696588516,0.08575568348169327,-0.11872363090515137,0.24821653962135315,0.14376325905323029,0.05434037372469902,-0.2954072058200836,0.04554713889956474,0.3579320013523102,-0.7396140694618225,0.03416600823402405,-0.17372044920921326,0.05108516663312912,-0.5269176959991455,0.06035040691494942,0.30556759238243103,-0.028923148289322853,-0.007403728552162647,0.22613200545310974,-0.05947159603238106,-0.5508526563644409,0.08337094634771347,0.18247053027153015,-0.19414719939231873,-0.017472997307777405,-0.23311010003089905,-0.08356773853302002,0.00825074128806591
CID000000143,219,0.038424570113420486,0.14675667881965637,0.11952005326747894,0.5070875883102417,-0.49155449867248535,0.09594626724720001,0.08802123367786407,0.24437542259693146,0.0905776396393776,0.16191083192825317,0.0497906394302845,-0.07960762083530426,0.1216820627450943,0.15171077847480774,-0.22459037601947784,-0.06683322787284851,-0.021378688514232635,-0.026679670438170433,0.008436277508735657,-0.35871097445487976,-0.022352328523993492,-0.42728322744369507,-0.21883681416511536,-0.7795109152793884,-0.09192486852407455,0.1141899824142456,-0.1979459524154663,-0.04418084770441055,-0.14277398586273193,0.05912036821246147,0.0008430704474449158,0.23407649993896484,0.034721504896879196,-0.07443808764219284,-0.03943364694714546,0.1787119060754776,0.09082429111003876,0.15491250157356262,0.17038314044475555,-0.21679413318634033,0.08969676494598389,-0.11046149581670761,0.26301854848861694,-0.08364379405975342,-0.0929330587387085,0.2404055893421173,-0.104688361287117,-0.06185860186815262,0.06494709104299545,-0.0686352476477623,0.30597347021102905,-0.24886325001716614,-0.45953282713890076,-0.060153476893901825,-0.1318095475435257,-0.07544354349374771,-0.1687978059053421,-0.003495046403259039,-0.04781216382980347,0.11218442767858505,-0.19023831188678741,-0.18043576180934906,0.011896168813109398,-0.1206376776099205,0.2562405467033386,0.2283540517091751,-0.21935944259166718,-0.2547593116760254,0.19332429766654968,0.022596128284931183,0.1596604883670807,0.10293905436992645,-0.23559804260730743,-0.4635355472564697,-0.11255569756031036,-0.039579130709171295,-0.14676162600517273,0.02295530214905739,-0.24586224555969238,-0.1615540087223053,0.0889287069439888,-0.2607477605342865,-0.2833622992038727,0.07426618039608002,0.05407968908548355,0.06410820037126541,0.2800450921058655,-0.049375083297491074,0.11964116990566254,-0.3900502324104309,0.05355001613497734,0.21409043669700623,-0.12257786840200424,-0.03111168183386326,-0.328359991312027,-0.2724536061286926,0.07363751530647278,-0.22256889939308167,0.07683080434799194,0.11157089471817017,-0.10795340687036514,0.16316814720630646,-0.050680339336395264,0.09997967630624771,0.4255301356315613,0.09857139736413956,0.12634272873401642,-0.16941484808921814,0.40845775604248047,-0.2011961042881012,0.10409847646951675,0.16599790751934052,-0.245024636387825,-0.17944671213626862,-0.08801236003637314,0.41716131567955017,-0.16322298347949982,-0.24251802265644073,-0.19487617909908295,0.4091484546661377,0.6241824626922607,-0.1571490317583084,0.2270992249250412,0.2889289855957031,-0.0013017996679991484,0.2897613048553467,0.10496214777231216,-0.019048962742090225,0.11077721416950226,0.15251818299293518,0.07028572261333466,-0.5034855604171753,-0.41271328926086426,0.18082958459854126,0.2804875671863556,0.05232030153274536,0.009478957392275333,0.04746675491333008,-0.2332756072282791,0.06408198177814484,-0.2818196415901184,0.1875857412815094,0.2074456512928009,-0.08386774361133575,-0.13577613234519958,0.2212553471326828,0.0883992463350296,0.34107324481010437,0.3018382489681244,0.3141155540943146,-0.1413867175579071,-0.4109326899051666,-0.07549364864826202,0.071465864777565,-0.2160525768995285,-0.03341484069824219,0.10045196861028671,-0.07935367524623871,0.011467386968433857,0.211673304438591,0.01042262464761734,0.1542518585920334,0.0017389118438586593,0.23621466755867004,-0.17192694544792175,0.23378269374370575,-0.15780700743198395,0.1407836377620697,0.09262005239725113,0.12103384733200073,0.14532141387462616,-0.03978283703327179,-0.28982898592948914,-0.32681888341903687,0.12888428568840027,-0.16396357119083405,0.26658791303634644,-0.13684599101543427,0.4271656572818756,-0.044536419212818146,-0.0012284308904781938,0.029358018189668655,0.06702978163957596,-0.0013995670014992356,0.037428610026836395,0.1106702908873558,0.11408120393753052,-0.10823237895965576,-0.11961846053600311,-0.30681681632995605,0.06332985311746597,0.12954150140285492,0.05141850560903549,-0.11292047798633575,0.12388584762811661,-0.17411258816719055,0.1723877489566803,0.014251221902668476,-0.1987709105014801,-0.006831920240074396,0.027771439403295517,-0.45939213037490845,-0.07916810363531113,-0.11793573200702667,0.18334822356700897,-0.156046062707901,-0.06459509581327438,0.1659453809261322,-0.09256094694137573,0.39287203550338745,0.27747780084609985,0.18899290263652802,0.37788623571395874,-0.027951622381806374,0.00011338293552398682,-0.11856231838464737,0.08729904890060425,0.3150336742401123,0.13681404292583466,-0.06863916665315628,-0.15164867043495178,0.019041428342461586,-0.21474330127239227,-0.1504746973514557,0.041192732751369476,-0.22584298253059387,-0.02990635670721531,-0.04907947778701782,-0.09730026870965958,0.23479203879833221,-0.039723627269268036,0.07590579241514206,0.44016996026039124,-0.03133096545934677,0.2049037516117096,0.20652136206626892,0.3581317961215973,-0.4341321885585785,0.10935280472040176,-0.28428393602371216,0.0634811669588089,-0.18570861220359802,-0.07858054339885712,0.17708136141300201,-0.03357374295592308,0.12533600628376007,0.21407420933246613,0.08889693766832352,-0.4680998921394348,0.010171031579375267,0.2728724479675293,-0.17047801613807678,0.07897118479013443,-0.2194490134716034,-0.04194623976945877,0.15366564691066742
CID000004595,220,0.14290377497673035,0.09656516462564468,0.44002580642700195,0.7756968140602112,-0.3757542371749878,-0.019802529364824295,0.03035072609782219,0.35401442646980286,0.15788960456848145,0.4234224259853363,-0.05083257704973221,-0.08672099560499191,-0.17600806057453156,0.3605547249317169,-0.11985339969396591,0.13875247538089752,0.1036192923784256,0.024975482374429703,0.12892551720142365,-0.6124646067619324,-0.16778506338596344,-0.22340747714042664,-0.06435695290565491,-0.7640535831451416,-0.2232961654663086,0.08398346602916718,-0.12993910908699036,-0.05797765776515007,0.02555047906935215,0.18585684895515442,0.011586850509047508,0.29571333527565,-0.0785590410232544,0.16559027135372162,0.2019013613462448,0.12752288579940796,0.15259571373462677,0.2334475815296173,-0.2649727761745453,-0.39753657579421997,-0.220915287733078,0.14049109816551208,0.014276179485023022,-0.14867335557937622,-0.23799929022789001,0.2516361176967621,0.11231424659490585,0.053677208721637726,0.14928744733333588,0.10927414894104004,0.7131613492965698,-0.18074971437454224,-0.07064949721097946,-0.13133792579174042,0.005180931184440851,-0.29906418919563293,0.1350453794002533,0.197066068649292,0.37357819080352783,-0.1912509649991989,-0.22206178307533264,-0.4037152826786041,0.1688862442970276,-0.036914460361003876,0.12613041698932648,0.6062816977500916,-0.427405446767807,0.015465164557099342,-0.07857386767864227,0.00864059291779995,0.0608285591006279,-0.18972890079021454,-0.23320622742176056,-0.13596585392951965,-0.09046430885791779,0.1821788102388382,0.31163841485977173,0.016011904925107956,-0.08287276327610016,-0.010569775477051735,0.21372492611408234,-0.5226722359657288,-0.43073463439941406,-0.20549651980400085,-0.01448807679116726,0.28840112686157227,0.1991463005542755,0.4421811103820801,-0.054817043244838715,-0.6044201254844666,0.028985867276787758,0.07569728791713715,0.1535116732120514,0.027698040008544922,-0.09776093065738678,-0.15360572934150696,0.10274054110050201,-0.1994282305240631,0.15018953382968903,0.20459695160388947,0.2085905522108078,-0.12417487800121307,0.05750216171145439,0.22732898592948914,-0.1826809197664261,0.07341751456260681,-0.020215537399053574,0.2638580799102783,0.5297929644584656,-0.02797393873333931,-0.017446624115109444,0.06813061982393265,-0.12779474258422852,-0.31210264563560486,0.21383610367774963,0.13573165237903595,-0.1501915454864502,-0.03348788619041443,0.06586463749408722,-0.02019961178302765,0.8157526850700378,-0.2755475640296936,0.13749822974205017,0.06167767569422722,-0.3709805905818939,0.3099563717842102,-0.12674415111541748,0.05813056230545044,0.3775559067726135,-0.10854335129261017,0.3495415449142456,-0.6088646054267883,-0.4096809923648834,-0.13429392874240875,0.1411861777305603,0.08937317132949829,0.22925584018230438,0.11306841671466827,0.1430896371603012,-0.28691738843917847,-0.27997681498527527,0.21449688076972961,0.12137997150421143,0.041912198066711426,0.005457117222249508,0.3541889190673828,-0.28058964014053345,0.5887006521224976,0.008568957448005676,0.3316745162010193,0.025062303990125656,-0.4651699662208557,-0.0648154690861702,0.28748205304145813,-0.09495225548744202,-0.033375367522239685,0.09389388561248779,-0.12360894680023193,-0.07227872312068939,0.25289279222488403,0.1907186359167099,-0.3091152310371399,0.06709234416484833,0.29624810814857483,-0.30878886580467224,-0.033931583166122437,-0.10296323150396347,0.47306790947914124,0.1025637611746788,-0.04836174100637436,-0.024538060650229454,-0.12754687666893005,0.001189547823742032,-0.06085365265607834,0.06966812908649445,-0.10863795131444931,-0.013497332111001015,-0.22508004307746887,0.7077041268348694,0.1192108616232872,-0.3193666338920593,0.18522605299949646,-0.09758200496435165,-0.18635375797748566,0.1141868606209755,-0.2427617758512497,-0.1648545116186142,0.08206425607204437,0.05804264545440674,-0.24675710499286652,0.13952811062335968,0.027685677632689476,-0.12408804893493652,-0.35227909684181213,0.3581048846244812,0.05088553577661514,-0.18387487530708313,0.04678111895918846,0.11886902153491974,-0.04717988148331642,-0.009146732278168201,-0.3791503608226776,-0.004894429352134466,-0.3036169409751892,-0.29676705598831177,-0.06664860248565674,0.1341559737920761,-0.20806927978992462,0.20405778288841248,0.701867401599884,0.41036662459373474,0.04736786335706711,0.32409486174583435,-0.19156275689601898,0.16950710117816925,-0.44943371415138245,-0.2186644822359085,0.356303334236145,0.020960833877325058,0.22178463637828827,-0.15110746026039124,0.15858058631420135,-0.10892555862665176,-0.2914835810661316,0.012384628877043724,-0.18630899488925934,0.10579235851764679,-0.3485097289085388,0.23836056888103485,0.024862049147486687,0.00974535197019577,0.32190820574760437,0.09392227232456207,0.05770852416753769,-0.09545241296291351,-0.215438574552536,0.8091728091239929,-0.30189159512519836,0.049630191177129745,-0.05811796337366104,0.1010979413986206,-0.41567206382751465,0.2154049575328827,0.03795331344008446,-0.06549238413572311,-0.018761128187179565,-0.06424492597579956,-0.0777299702167511,-0.6804021000862122,-0.09238488972187042,0.23669669032096863,-0.1927153766155243,0.1660257875919342,-0.3534929156303406,0.20254866778850555,-0.3151971399784088
CID000003957,221,0.09045471996068954,0.3541337251663208,-0.007378634996712208,0.4058031141757965,-0.20952077209949493,0.10135197639465332,0.03478112816810608,0.2744705080986023,0.13839419186115265,0.040887366980314255,-0.1583785116672516,0.11710871756076813,0.07878619432449341,0.15190109610557556,-0.11413371562957764,-0.21715295314788818,-0.009007918648421764,-0.07437536865472794,0.04358970373868942,-0.4413343071937561,0.14592337608337402,-0.13069799542427063,-0.09895695745944977,-0.8235750198364258,-0.046939827501773834,0.05449560284614563,-0.43852490186691284,-0.09941554069519043,-0.041490338742733,0.3090592324733734,-0.07580523192882538,0.33217063546180725,-0.09329839795827866,-0.09226485341787338,0.0031381479930132627,0.08541031181812286,0.2504057288169861,-0.05122489482164383,0.09966699033975601,-0.19670364260673523,0.01048283837735653,-0.20816664397716522,-0.10353054106235504,-0.4360460340976715,-0.10817257314920425,0.47470706701278687,0.07763495296239853,-0.03086661361157894,0.1608082354068756,-0.08894859254360199,0.2988359034061432,-0.0031914294231683016,-0.37380117177963257,-0.1874772608280182,0.1616610586643219,-0.2745506465435028,-0.14016565680503845,0.06268353760242462,0.01071246899664402,0.09994673728942871,-0.04221271350979805,-0.1914706826210022,-0.18447358906269073,-0.22280919551849365,0.2267180234193802,0.4523574411869049,-0.2401486188173294,-0.3130698800086975,0.08926773071289062,-0.03701451048254967,0.01921827346086502,-0.02532557211816311,-0.32285916805267334,-0.3293548822402954,-0.07155246287584305,0.09309367835521698,-0.07981477677822113,0.07398947328329086,-0.23452870547771454,-0.09748335927724838,-0.0013080730568617582,-0.32398495078086853,-0.2645440399646759,-0.4272095263004303,0.22197504341602325,-0.09091101586818695,0.255182147026062,0.09984241425991058,-0.08813612908124924,-0.736288845539093,-0.003994041588157415,0.3740968108177185,-0.12265165150165558,0.2026958465576172,-0.11510312557220459,-0.34471356868743896,-0.13308019936084747,0.06641368567943573,0.3491775691509247,0.1337491124868393,-0.2779669165611267,0.0966729074716568,-0.14757275581359863,0.0986841693520546,0.21991272270679474,0.07144449651241302,0.21284310519695282,0.059460461139678955,0.4558282792568207,-0.0975416898727417,0.045621395111083984,0.27218252420425415,-0.3006555438041687,-0.11324318498373032,-0.10336965322494507,0.3380354046821594,-0.11937755346298218,-0.25147005915641785,-0.2569117248058319,0.19820944964885712,0.5512089729309082,-0.15260419249534607,0.34773117303848267,0.26569777727127075,0.08357169479131699,0.20367661118507385,0.014273576438426971,0.23098285496234894,0.3051036298274994,-0.24772675335407257,-6.71952948323451e-05,-0.35733935236930847,-0.1687181442975998,0.17511935532093048,0.146928071975708,0.10133635997772217,0.028409559279680252,-0.051243025809526443,0.004851485602557659,-0.2900083363056183,-0.023749545216560364,0.09312395751476288,0.05006514862179756,-0.1014811247587204,-0.036816101521253586,0.2313942015171051,-0.07573402673006058,0.35539525747299194,-0.0011468768352642655,0.26341813802719116,0.008471846580505371,-0.23484453558921814,-0.07422689348459244,0.2364119291305542,-0.32317715883255005,-0.14163248240947723,-0.05059414356946945,-0.3166763186454773,0.013794690370559692,0.24784207344055176,0.11011521518230438,0.0345735028386116,-0.06079808995127678,0.0028234212659299374,-0.20364205539226532,-0.181034117937088,-0.2491406947374344,0.18151244521141052,-0.04057828709483147,0.2522352635860443,-0.019892310723662376,-0.3167690932750702,-0.3009417951107025,-0.40771159529685974,0.014764373190701008,-0.09686879813671112,0.09097675234079361,-0.2125258445739746,0.6062341332435608,-0.05584033578634262,-0.08873588591814041,0.0030315876938402653,-0.2321733683347702,-0.2663854956626892,0.32419031858444214,0.2368811070919037,-0.33261674642562866,-0.29974204301834106,-0.0437026210129261,-0.2714608907699585,0.10409197956323624,0.12133736908435822,0.26112326979637146,-0.021309923380613327,0.1661006063222885,-0.2924065589904785,0.1568247228860855,0.05937955901026726,0.07177846878767014,0.0052986470982432365,0.13820181787014008,-0.2228430062532425,-0.008642641827464104,-0.20540840923786163,0.123832568526268,-0.14544256031513214,0.009234383702278137,0.0377347506582737,0.22977490723133087,0.4879566729068756,0.41710346937179565,-0.3777250647544861,0.22667041420936584,0.0730721727013588,0.08988501131534576,-0.26267319917678833,0.16234859824180603,0.04392412677407265,0.07045482844114304,-0.1755026876926422,-0.10630223900079727,-0.1119907945394516,-0.057283658534288406,-0.3169584572315216,-0.09259354323148727,0.027662843465805054,-0.2876240015029907,-0.09912194311618805,-0.24144534766674042,-0.0038106695283204317,0.021313223987817764,0.14935050904750824,0.2876841425895691,0.10451911389827728,0.09390839189291,0.004177352879196405,0.28274208307266235,-0.34131303429603577,0.14165526628494263,-0.2762512266635895,0.3784065842628479,-0.3601619005203247,0.11503875255584717,0.17691317200660706,-0.33149078488349915,0.14333613216876984,0.26471155881881714,0.08259186893701553,-0.37015989422798157,-0.06346391141414642,0.27146902680397034,-0.07259801775217056,0.001492279814556241,-0.1414131224155426,0.02944636344909668,-0.067283034324646
CID000004054,222,0.1244492381811142,0.15049810707569122,0.13130134344100952,0.40446171164512634,-0.24408301711082458,0.2222413718700409,0.21148928999900818,0.12002955377101898,-0.25059324502944946,0.1991518884897232,-0.21804113686084747,-0.07539448887109756,-0.2876390814781189,0.20658674836158752,-0.09537370502948761,-0.12130459398031235,0.2800106406211853,-0.11299268156290054,0.06725144386291504,-0.4341660141944885,0.08247683942317963,-0.21121904253959656,0.06556178629398346,-0.7123731374740601,0.1617470383644104,0.029237115755677223,-0.18136167526245117,-0.1686011552810669,0.004229431040585041,0.25688865780830383,0.21489033102989197,0.2941091060638428,-0.18452408909797668,-0.17755340039730072,-0.061436474323272705,-0.17394797503948212,0.07236771285533905,0.041302554309368134,0.12808220088481903,-0.06657610833644867,-0.22083818912506104,-0.2289947271347046,-0.05574893206357956,-0.3304165303707123,-0.21204142272472382,0.3117821216583252,0.0015954546397551894,0.08099374920129776,-0.13894543051719666,0.025368040427565575,0.4974653124809265,-0.0702839270234108,-0.17909321188926697,0.007194471545517445,0.21513991057872772,0.07160185277462006,0.2518957555294037,0.07196010649204254,0.08234933763742447,0.046336445957422256,-0.16309359669685364,-0.24051687121391296,-0.12271711975336075,0.07808133959770203,0.2786315679550171,0.5582224726676941,-0.2904978394508362,-0.2134295403957367,0.2833744287490845,-0.00668971985578537,-0.3039928078651428,-0.2027769535779953,-0.4786907136440277,-0.26392486691474915,-0.10973881185054779,0.3573509752750397,0.18231149017810822,0.24447648227214813,-0.06721773743629456,0.19687768816947937,0.5003048777580261,-0.5702342987060547,-0.38422340154647827,0.3756425678730011,0.22511425614356995,-0.20874245464801788,0.23404307663440704,0.1914721429347992,-0.31935209035873413,-0.6269378662109375,-0.04336848109960556,0.21748921275138855,0.006138277240097523,0.36218079924583435,-0.0001266688050236553,-0.3525565564632416,-0.18479731678962708,-0.21728269755840302,0.2175792008638382,0.21843552589416504,-0.3203131854534149,0.026877885684370995,0.030543629080057144,0.08283233642578125,0.12083812803030014,0.2048007994890213,-0.25968655943870544,-0.34202665090560913,0.47373533248901367,-0.011751058511435986,-0.0627453476190567,0.2683199346065521,0.2013639658689499,0.08421944826841354,0.11895096302032471,0.45536285638809204,0.19153109192848206,-0.27248620986938477,-0.08155424892902374,0.029660115018486977,0.5405388474464417,-0.05056760460138321,0.3577194809913635,0.05482503026723862,-0.27380961179733276,0.10776887834072113,-0.09386811405420303,0.0016446113586425781,0.1041722297668457,-0.29945436120033264,0.25359857082366943,-0.5059893727302551,-0.24806499481201172,0.01610739156603813,0.07670076936483383,0.05057431012392044,-0.18578805029392242,-0.052998315542936325,0.054802775382995605,-0.5141525864601135,-0.2744016647338867,0.16380485892295837,-0.0025358423590660095,-0.08229778707027435,-0.08454741537570953,0.010442817583680153,-0.1574622094631195,0.5178424715995789,0.04189355671405792,0.23580017685890198,0.10070417821407318,-0.29919975996017456,-0.016841769218444824,0.18938001990318298,-0.3731748163700104,-0.19591985642910004,-0.11816342920064926,-0.22211113572120667,-0.31728529930114746,0.2850106358528137,0.3643178939819336,0.11548014730215073,0.058419663459062576,-0.10539786517620087,-0.059273578226566315,-0.4138185381889343,-0.21688823401927948,0.1585879921913147,-0.09106668829917908,0.3829011619091034,-0.1409159153699875,-0.209393709897995,-0.19084860384464264,-0.3632308840751648,0.020409947261214256,-0.2897883653640747,0.16844290494918823,-0.1543799340724945,0.4973921775817871,-0.0004973172908648849,-0.05481380224227905,0.274895042181015,-0.37621086835861206,-0.1043805256485939,0.22260794043540955,-0.0866604745388031,-0.6196335554122925,0.014117014594376087,-0.024637658149003983,-0.26979053020477295,0.12478439509868622,-0.11161696910858154,0.26053375005722046,-0.08264169096946716,0.3124147653579712,-0.23245875537395477,0.15306994318962097,0.003577608149498701,0.14846396446228027,0.1478322446346283,0.03742935135960579,-0.24100761115550995,0.06342669576406479,-0.21903403103351593,-0.06458582729101181,-0.4867008328437805,-0.20011281967163086,-0.24165824055671692,-0.09598341584205627,0.5241259932518005,0.3893151879310608,0.3737993836402893,0.22668485343456268,0.20904631912708282,0.03490088880062103,-0.281299352645874,-0.267945796251297,0.18890587985515594,-0.03666049242019653,0.013807857409119606,-0.05439888685941696,-0.3867570757865906,-0.01718495413661003,-0.3303578197956085,-0.12894798815250397,-0.1110193133354187,-0.15058468282222748,-0.23642376065254211,-0.23318377137184143,0.07069772481918335,-0.0683353841304779,0.441490113735199,0.24756841361522675,-0.08799145370721817,-0.27994874119758606,0.37617623805999756,0.3238421082496643,-0.3597157597541809,-0.044798001646995544,-0.17456600069999695,0.027291011065244675,-0.7188562154769897,0.22618933022022247,0.44191184639930725,-0.019977865740656853,0.21417832374572754,0.1626235693693161,-0.05413230508565903,-0.6610304117202759,-0.3656599223613739,0.3554684519767761,-0.13267317414283752,0.24554793536663055,-0.22322598099708557,0.028259390965104103,0.18559961020946503
CID000004543,225,0.32122117280960083,0.2731059789657593,0.024103432893753052,0.3547000288963318,-0.011754348874092102,0.3297680914402008,-0.034253306686878204,0.22515973448753357,-0.0458400659263134,0.005069470498710871,0.25372275710105896,0.1404741108417511,0.04089843109250069,0.07949010282754898,-0.021513385698199272,-0.1494605392217636,-0.08628235757350922,-0.12491617351770401,0.1899089515209198,-0.4530046880245209,0.10708503425121307,-0.15717235207557678,0.07119430601596832,-0.7842313051223755,-0.047612063586711884,0.08658402413129807,-0.5239940881729126,-0.26280444860458374,-0.08095723390579224,0.21749477088451385,-0.09205630421638489,0.4046255052089691,-0.026921961456537247,0.08597878366708755,-0.08983687311410904,0.007023203186690807,0.3991272747516632,-0.0933067575097084,0.07240457832813263,-0.2094404697418213,0.0601525604724884,-0.23627591133117676,0.025890475139021873,-0.4405408501625061,-0.15237881243228912,0.3704204261302948,-0.05418999120593071,-0.09600597620010376,0.24277357757091522,0.24049930274486542,0.37271377444267273,-0.1527971774339676,-0.3196834623813629,0.04470773786306381,0.3033074736595154,-0.3433016538619995,-0.009439113549888134,0.06316618621349335,-0.09410379827022552,0.23476147651672363,-0.10989618301391602,-0.31139078736305237,0.08023301512002945,-0.11012575775384903,0.2665815055370331,0.5747554898262024,-0.31661057472229004,-0.23018836975097656,0.1632942408323288,-0.05331597477197647,-0.05117623880505562,-0.10179618746042252,-0.4471973478794098,-0.34526604413986206,-0.2525314390659332,0.0749281719326973,-0.08443892002105713,0.04471374303102493,0.017752081155776978,0.02867739461362362,-0.020084965974092484,-0.39135071635246277,-0.350627064704895,-0.3127615451812744,0.07103501260280609,-0.13572537899017334,0.3342296779155731,0.15093953907489777,-0.19931016862392426,-0.7507373094558716,-0.007547320332378149,0.4174937307834625,0.040545374155044556,0.3289121389389038,-0.11341331154108047,-0.4619113504886627,-0.19675637781620026,-0.056546907871961594,0.5085855722427368,0.43543195724487305,-0.06697507947683334,0.0025208175648003817,0.011480381712317467,0.26559099555015564,0.11055906862020493,0.06440462172031403,0.07484261691570282,-0.10499808937311172,0.4324597716331482,-0.0795304998755455,0.06792431324720383,0.2644304931163788,-0.4816325604915619,-0.080858014523983,0.08764748275279999,0.26635414361953735,-0.04995765537023544,-0.2520144581794739,-0.30179572105407715,0.29882436990737915,0.5060415267944336,-0.1661110669374466,0.32153400778770447,0.3395922780036926,-0.02595725655555725,0.03893045708537102,-0.09064061939716339,0.11822374165058136,0.19771113991737366,-0.2403361052274704,0.0763641744852066,-0.29240792989730835,0.002007183386012912,0.37650662660598755,0.018986046314239502,0.18960464000701904,0.052853405475616455,0.002655313117429614,-0.20172147452831268,-0.4045901298522949,-0.19917146861553192,0.15382656455039978,0.1356540024280548,-0.22738170623779297,0.11217585951089859,0.06277206540107727,-0.22173985838890076,0.34646379947662354,-0.03021063841879368,0.1704033613204956,0.06298591196537018,-0.1060447245836258,0.019172554835677147,0.16880545020103455,-0.4359995722770691,-0.29636114835739136,-0.09637434035539627,-0.21131198108196259,0.14355817437171936,0.2290632277727127,0.05346108600497246,0.005010783672332764,0.005884981248527765,-0.06960804760456085,-0.2540404796600342,-0.40061068534851074,-0.3666299283504486,0.1640719473361969,0.13260242342948914,0.3441644608974457,0.07817484438419342,-0.3077125549316406,-0.27802008390426636,-0.3003421723842621,0.027536917477846146,-0.2151784896850586,0.15873071551322937,-0.24643084406852722,0.5335758924484253,0.16188542544841766,0.06389638036489487,-0.002929896116256714,-0.3597644865512848,-0.5195180773735046,0.3240054249763489,0.18619994819164276,-0.7206433415412903,-0.3412090837955475,-0.062138717621564865,-0.2917179465293884,-0.046865686774253845,0.23813772201538086,0.34328871965408325,0.05165204405784607,0.26386338472366333,-0.41509658098220825,0.18447092175483704,0.15815143287181854,0.09743160009384155,0.009997832588851452,0.17692776024341583,-0.1564614176750183,0.0636492595076561,-0.3009762167930603,0.13187573850154877,-0.11569180339574814,-0.06973392516374588,-0.10472903400659561,0.44548359513282776,0.449826717376709,0.3998825252056122,-0.3217688202857971,0.23589329421520233,0.1247345432639122,-0.03919503837823868,-0.3827819526195526,-0.016679847612977028,-0.005798828788101673,-0.029698092490434647,-0.23910097777843475,-0.18590696156024933,-0.22227120399475098,-0.16589799523353577,-0.40656375885009766,-0.19242574274539948,-0.0628521740436554,-0.48100385069847107,0.017211373895406723,-0.1207168847322464,-0.047019731253385544,0.09852498024702072,0.4226352274417877,0.19588449597358704,0.10548510402441025,0.11211748421192169,0.2646356225013733,0.3629154562950134,-0.40748777985572815,-0.0028477429877966642,-0.31598562002182007,0.642935037612915,-0.55384361743927,0.3682349622249603,0.0691729262471199,-0.1203140988945961,0.015549647621810436,0.3638545870780945,0.10772991180419922,-0.4572851061820984,-0.11588380485773087,0.3477732837200165,-0.04872667044401169,0.14687463641166687,-0.13753792643547058,-0.07193601131439209,-0.19964270293712616
CID000004599,226,0.08598458021879196,-0.07806554436683655,-0.030309047549962997,0.30408403277397156,-0.40492090582847595,0.2970395088195801,0.30318483710289,0.21340587735176086,-0.03764890879392624,0.42271947860717773,0.217144176363945,0.07592344284057617,-0.0707860141992569,0.34357601404190063,-0.1473754197359085,-0.1276445835828781,-0.09130249917507172,-0.11911226809024811,0.18155595660209656,-0.33529847860336304,-0.034029822796583176,-0.16036367416381836,-0.04620521143078804,-0.8131976127624512,0.08311329036951065,0.021050136536359787,-0.16110827028751373,-0.3186306059360504,-0.024304097518324852,0.07208575308322906,-0.20369410514831543,0.26881980895996094,0.007848952896893024,0.2515670657157898,0.15208816528320312,-0.3937848210334778,0.18900306522846222,0.15972545742988586,0.10473619401454926,-0.4243711531162262,-0.03535408154129982,-0.35076984763145447,0.06688143312931061,-0.17468032240867615,-0.2121020257472992,0.23603372275829315,0.1010594367980957,0.017375972121953964,0.008463213220238686,-0.043421655893325806,0.20070119202136993,0.029113909229636192,-0.42785295844078064,-0.0807664766907692,0.16273608803749084,-0.16705137491226196,-0.004302756395190954,0.10799162089824677,0.15589454770088196,-0.1809515655040741,-0.09709863364696503,-0.27147549390792847,0.23804664611816406,-0.10640934854745865,0.31064024567604065,0.4953343868255615,-0.04687286540865898,-0.11306603252887726,0.3780744671821594,0.26123905181884766,0.12463722378015518,0.20057277381420135,-0.3010825514793396,-0.443570613861084,-0.15311504900455475,0.034461624920368195,0.09513644874095917,-0.0009958803420886397,-0.11065008491277695,-0.11964602768421173,-0.13410387933254242,-0.27312731742858887,-0.2658098340034485,-0.0003204934182576835,0.15094047784805298,-0.21892984211444855,0.04195953533053398,0.3037674129009247,0.025770455598831177,-0.6694138050079346,0.033408742398023605,0.2527580261230469,0.004879741929471493,-0.07047593593597412,0.15932151675224304,-0.4706130027770996,-0.17023271322250366,-0.3384891450405121,0.334430068731308,0.11778335273265839,-0.24593694508075714,-0.012986359186470509,-0.050375647842884064,0.3053564727306366,0.24596548080444336,0.0028589442372322083,-0.2129966765642166,0.23426088690757751,0.3118601441383362,-0.12254121154546738,-0.15478631854057312,0.1195913702249527,-0.44271308183670044,-0.06468064337968826,-0.13258597254753113,0.2744612693786621,-0.10976247489452362,-0.13365861773490906,-0.22738945484161377,0.053346384316682816,0.5278863906860352,-0.07467608153820038,0.24716182053089142,0.24356400966644287,0.010447084903717041,0.2737584412097931,-0.021356280893087387,-0.06187503784894943,0.25547105073928833,-0.006438576616346836,0.1558004766702652,-0.3175049126148224,-0.3824383318424225,0.3160173296928406,0.41459178924560547,0.24516817927360535,-0.09328378736972809,0.24046215415000916,-0.13330009579658508,-0.1242896094918251,-0.11803202331066132,0.3768269121646881,0.24044325947761536,-0.10664484649896622,-0.04630904644727707,0.21216776967048645,-0.10881701856851578,0.3682982325553894,0.14957454800605774,0.10228784382343292,-0.08139742910861969,-0.22922079265117645,-0.02175186015665531,0.040319886058568954,-0.1972004622220993,-0.15775927901268005,-0.05801656097173691,-0.14947302639484406,0.3234104514122009,0.20158663392066956,0.18255791068077087,-0.04537761211395264,-0.08670593798160553,-0.26221421360969543,-0.1189497709274292,0.14814548194408417,-0.14238271117210388,0.19046373665332794,0.17721301317214966,0.43179383873939514,0.1046493873000145,-0.11650838702917099,-0.3790568709373474,-0.06528934836387634,0.07627597451210022,-0.23129494488239288,0.14449380338191986,-0.26335662603378296,0.33839160203933716,-0.02836012840270996,0.01649017259478569,0.028101926669478416,-0.1524142622947693,-0.26994118094444275,-0.023423925042152405,0.450545072555542,0.04438213258981705,0.09420175850391388,0.1476404368877411,-0.4588140845298767,-0.1388739049434662,0.05259060859680176,0.2347906082868576,0.08929075300693512,0.17599907517433167,-0.2105753868818283,0.28826579451560974,-0.1287223845720291,-0.16019783914089203,-0.15018758177757263,0.10483691841363907,-0.3743801712989807,-0.11720023304224014,-0.31519684195518494,-0.01708805002272129,0.010236641392111778,-0.19056254625320435,0.17417708039283752,0.20333103835582733,0.5303641557693481,0.32835403084754944,0.04911746457219124,0.21358828246593475,0.26384440064430237,0.18270626664161682,-0.03666309639811516,-0.013114338740706444,0.09016116708517075,-0.047662779688835144,-0.08265964686870575,0.009561091661453247,0.08698620647192001,0.2642270624637604,-0.28503337502479553,-0.1859501749277115,-0.29689735174179077,-0.41100186109542847,-0.13378259539604187,-0.2008706033229828,-0.06772314757108688,0.0036409117747098207,0.18469086289405823,0.21333810687065125,0.015408821403980255,-0.11584429442882538,-0.10607846081256866,0.37815582752227783,-0.314819872379303,-0.01989161968231201,-0.059644896537065506,0.3965616822242737,-0.24450072646141052,-0.1448623687028885,0.20775766670703888,-0.2832964062690735,0.14552800357341766,0.1870068609714508,0.021275615319609642,-0.5621823072433472,0.10219679027795792,0.2164107859134674,-0.16077736020088196,0.021479884162545204,-0.3460922837257385,0.13656967878341675,-0.011951938271522522
CID000003042,227,0.1477738320827484,-0.08921442925930023,0.2577055096626282,0.47308745980262756,-0.47744306921958923,0.14984159171581268,-0.015456974506378174,0.21683022379875183,0.11215066909790039,0.4371296465396881,0.018593454733490944,0.13776519894599915,-0.3258456587791443,0.2604823708534241,0.09449222683906555,0.05366591364145279,-0.024766527116298676,-0.1030343770980835,-0.21398015320301056,-0.5878315567970276,0.14037534594535828,0.03106742538511753,0.2796420454978943,-0.7386168241500854,0.12120141088962555,0.04705653339624405,-0.12654900550842285,-0.06488199532032013,0.1232244223356247,0.2183949202299118,-0.13277411460876465,0.13132160902023315,-0.46852272748947144,0.2833503484725952,-0.042779091745615005,0.01781604252755642,0.003919577691704035,0.4904424250125885,-0.2641143500804901,-0.4151145815849304,0.039955057203769684,-0.10907868295907974,0.03727530688047409,-0.16275598108768463,0.19401319324970245,0.13244549930095673,0.11957508325576782,-0.23349209129810333,0.11053353548049927,-0.03448668494820595,0.47878384590148926,-0.2132362425327301,-0.14342619478702545,-0.1596284955739975,0.015356114134192467,0.060979388654232025,0.18383102118968964,-0.1679055541753769,0.4446503221988678,-0.06201521307229996,-0.11076702922582626,-0.22662560641765594,-0.39815905690193176,0.053545285016298294,-0.008777434006333351,0.45464858412742615,-0.24432086944580078,-0.07263720035552979,0.326882541179657,-0.06960900127887726,0.09370557218790054,0.5083333253860474,-0.04470841586589813,-0.20543769001960754,-0.27429646253585815,-0.1355712115764618,-0.27545350790023804,-0.1217125654220581,-0.22767984867095947,-0.04823385551571846,0.11582489311695099,-0.17082494497299194,-0.29559898376464844,0.13468796014785767,0.2955329418182373,-0.3016126751899719,0.193414568901062,0.3151732385158539,-0.22770914435386658,-0.7329258322715759,0.13555693626403809,0.13629759848117828,0.04331532493233681,0.14252494275569916,-0.0882859081029892,-0.3848299980163574,-0.02909887209534645,0.24040016531944275,0.46786969900131226,0.07717002928256989,0.21447798609733582,0.08498233556747437,-0.2958245277404785,0.5109525918960571,-0.21730828285217285,0.07083560526371002,-0.07884204387664795,-0.10689045488834381,0.3682141900062561,0.3565988540649414,-0.20095106959342957,0.02517687901854515,-0.03628604859113693,-0.10439170897006989,-0.10286734253168106,0.5496324896812439,-0.09895356744527817,0.08473546802997589,0.14048311114311218,0.10538186877965927,0.6808874607086182,-0.047828517854213715,0.16521790623664856,0.20438511669635773,-0.056662362068891525,0.26279327273368835,0.11076827347278595,0.09121807664632797,0.3658691346645355,0.07785309851169586,0.1921311318874359,-0.45330628752708435,-0.5989527702331543,0.10016494989395142,0.18865181505680084,0.4011157155036926,0.1577252745628357,0.1642901599407196,-0.08313626050949097,-0.3913295269012451,0.017750971019268036,0.43819743394851685,-0.20469126105308533,0.22282521426677704,0.02066938951611519,0.3291516900062561,-0.02678225003182888,0.5031892657279968,-0.11329696327447891,-0.0312873013317585,0.2622702121734619,-0.4368382394313812,-0.10125957429409027,0.10977254062891006,-0.12699978053569794,0.19091610610485077,-0.21964338421821594,-0.3487248420715332,0.19212739169597626,-0.05804134160280228,0.3519221842288971,-0.22383637726306915,0.15850183367729187,-0.15940900146961212,0.026585865765810013,0.2323804348707199,-0.04079372435808182,0.18152949213981628,0.06362906843423843,0.09262245148420334,0.15246416628360748,-0.12144936621189117,-0.15768316388130188,-0.27614182233810425,0.0832313746213913,0.005833648145198822,0.1822691261768341,-0.31871312856674194,0.6712056994438171,0.28290674090385437,-0.19686755537986755,-0.08125244081020355,-0.3060767948627472,-0.0072021386586129665,0.3199336528778076,0.07656054198741913,-0.2408081293106079,0.10891659557819366,0.41695165634155273,-0.45204687118530273,0.38211554288864136,-0.15385331213474274,0.1737145632505417,-0.2846857011318207,0.3328101336956024,0.11247668415307999,0.42426514625549316,0.15562665462493896,-0.01209672074764967,-0.3370813727378845,-0.2672607898712158,-0.422262966632843,-0.08006922900676727,-0.5275200009346008,0.20545151829719543,0.11335434764623642,-0.05302779749035835,0.13292576372623444,0.5378702878952026,0.8792458772659302,0.33661407232284546,0.13131824135780334,0.24264660477638245,0.2211650311946869,0.050503022968769073,-0.06677311658859253,-0.12458741664886475,0.37898197770118713,-0.05974087864160538,-0.20596738159656525,-0.08630068600177765,-0.2835327982902527,-0.046086423099040985,-0.3211267590522766,-0.06108621507883072,0.12465454638004303,-0.5240143537521362,-0.26533642411231995,0.26087480783462524,-0.11072657257318497,-0.09032894670963287,0.19142910838127136,0.12711496651172638,0.013366013765335083,0.0026629536878317595,0.18053801357746124,0.6383367776870728,-0.15950952470302582,-0.039134539663791656,-0.025004655122756958,0.00686383992433548,-0.651557207107544,-0.01715073734521866,0.1484190672636032,-0.1707465499639511,-0.036036424338817596,-0.12618868052959442,0.016787927597761154,-0.6944149136543274,-0.18042847514152527,0.24947550892829895,-0.07944966107606888,0.05657409876585007,-0.19198265671730042,0.0031502041965723038,-0.042073849588632584
CID000003516,228,0.02901614084839821,0.1766490787267685,0.032404180616140366,0.30066150426864624,-0.35504236817359924,0.08936748653650284,0.13364212214946747,0.22752344608306885,0.4620019793510437,0.27362972497940063,0.12916430830955505,0.025883043184876442,0.1806045025587082,0.18102912604808807,-0.35872602462768555,-0.07907962799072266,-0.10318279266357422,-0.04308170825242996,0.19275996088981628,-0.3885062336921692,0.17039255797863007,-0.06694119423627853,0.0623551607131958,-0.7676247954368591,-0.30665117502212524,0.24732959270477295,-0.29403746128082275,-0.18225477635860443,-0.0662936195731163,0.1732242852449417,-0.19042471051216125,0.2568225860595703,-0.007467571645975113,-0.06559877842664719,-0.01606423780322075,-0.3635943531990051,0.022651825100183487,0.14679573476314545,0.175491601228714,-0.08199724555015564,-0.02394801378250122,-0.16359740495681763,0.1528482735157013,-0.22461314499378204,-0.09053756296634674,0.3995024859905243,-0.10039442777633667,0.1328136920928955,0.11497102677822113,0.0027582929469645023,0.38096147775650024,-0.06164458394050598,-0.32491523027420044,0.12953460216522217,0.253470242023468,-0.1608130782842636,-0.20247316360473633,-0.07366115599870682,-0.10378088802099228,0.2707580626010895,-0.2808395326137543,-0.2759171724319458,-0.1337094008922577,-0.14950625598430634,0.22146005928516388,0.40811601281166077,-0.029828492552042007,0.08474259078502655,0.34015560150146484,0.2736697196960449,-0.06031125783920288,-0.32996562123298645,-0.2839718759059906,-0.18110331892967224,-0.17623589932918549,0.03506238013505936,-0.025837529450654984,0.12944035232067108,-0.11917219310998917,0.10754524171352386,0.11963535845279694,-0.3900916278362274,-0.3794669508934021,-0.18456503748893738,0.06861155480146408,-0.14340654015541077,0.4010997712612152,0.10001720488071442,-0.10764072090387344,-0.7159085869789124,0.15783655643463135,0.28446221351623535,0.168267160654068,0.10913978517055511,0.19621512293815613,-0.3885100483894348,-0.24107575416564941,-0.25423017144203186,-0.08254096657037735,0.0913972407579422,-0.14711938798427582,0.15927208960056305,-0.008366315625607967,0.3185374438762665,0.18546415865421295,0.07059566676616669,-0.055641233921051025,-0.19251933693885803,0.4667936861515045,-0.043272703886032104,-0.09782421588897705,0.23862354457378387,-0.2776963412761688,-0.04820818454027176,0.15079697966575623,0.32583874464035034,-0.12347276508808136,0.07847385108470917,-0.10766108334064484,0.36610206961631775,0.5567847490310669,0.027889829128980637,0.289166122674942,0.1992754489183426,-0.12674011290073395,-0.010164733044803143,-0.15505345165729523,-0.012765812687575817,0.38033849000930786,-0.1537037193775177,0.2763766050338745,-0.460881769657135,-0.21571023762226105,0.06812304258346558,0.3958601951599121,-0.0013864986831322312,0.3636040985584259,0.1999887228012085,-0.00039259978802874684,-0.2304021120071411,-0.34155452251434326,0.17010898888111115,0.3792731761932373,-0.23680004477500916,0.04296392202377319,0.19039228558540344,-0.04674644023180008,0.32419365644454956,-0.1709297001361847,0.09804247319698334,0.06512638926506042,-0.18178513646125793,0.39854851365089417,-0.058987200260162354,-0.32322412729263306,-0.2507563531398773,0.0440584272146225,-0.18713942170143127,0.18381032347679138,0.23152980208396912,0.12503178417682648,0.1507473737001419,0.09432727843523026,-0.27568235993385315,-0.06062956526875496,-0.010615798644721508,-0.39837387204170227,-0.010041060857474804,0.1256411373615265,0.1950126737356186,-0.07260360568761826,-0.12602099776268005,-0.2777418792247772,-0.33768224716186523,0.06528472155332565,-0.20961515605449677,0.20114345848560333,-0.26458877325057983,0.47501546144485474,0.08739757537841797,0.2449427843093872,0.2802431881427765,-0.24500861763954163,-0.23379381000995636,0.28764134645462036,0.0002460390387568623,-0.5793310403823853,-0.12069262564182281,-0.1194939985871315,-0.38398927450180054,0.025913044810295105,0.07782241702079773,0.0981556698679924,0.002227464225143194,-0.06576891988515854,-0.02001887932419777,0.21666061878204346,-0.3166669011116028,7.186830043792725e-05,0.3531826138496399,0.07969437539577484,-0.24353809654712677,0.011695722118020058,-0.23986630141735077,-0.09688685834407806,-0.26104608178138733,-0.0053604478016495705,0.13780808448791504,0.05733199045062065,0.4480437636375427,0.35111403465270996,-0.08871694654226303,0.2841857373714447,0.26519525051116943,0.09104930609464645,-0.2889210283756256,0.015318798832595348,0.1330183446407318,0.1264503300189972,-0.2784298062324524,-0.11966576427221298,-0.17431770265102386,0.10183975845575333,-0.2674564719200134,-0.2693287134170532,-0.3041156828403473,0.022157633677124977,-0.395420640707016,-0.16705840826034546,0.2081487625837326,0.15853174030780792,0.05479823797941208,0.2217354029417038,-0.005049395374953747,0.0022564828395843506,0.08480499684810638,0.3613928556442261,-0.3382086455821991,0.0716717466711998,-0.14221206307411194,0.2537025511264801,-0.6061090230941772,0.2652829587459564,0.2781350910663605,-0.201321080327034,-0.00042222291813232005,0.19425931572914124,-0.20364515483379364,-0.5729992389678955,-0.2832278609275818,0.2116318643093109,-0.21559295058250427,0.19159509241580963,-0.18359439074993134,-0.03700362145900726,-0.0597049817442894
CID000003962,229,0.20644930005073547,-0.29741227626800537,0.36693140864372253,0.5937216281890869,-0.3369764983654022,-0.09584683924913406,0.02809157408773899,0.24182093143463135,0.21370382606983185,0.17695352435112,0.09114553034305573,-0.3015136122703552,-0.21174263954162598,0.2554071545600891,0.2838372588157654,-0.038928788155317307,0.07815352827310562,-0.29664134979248047,-0.16385415196418762,-0.6696640253067017,0.13593105971813202,0.03040388785302639,-0.2208734005689621,-0.993690013885498,0.04097555950284004,0.24748317897319794,-0.047034699469804764,0.12030787765979767,0.23577077686786652,0.38788262009620667,-0.0014004945987835526,0.26149940490722656,-0.2001897543668747,0.3380052149295807,-0.04652074724435806,-0.1246359571814537,-0.35931602120399475,0.017193680629134178,0.0011599480640143156,-0.003771960735321045,0.2672596871852875,0.3034675121307373,-0.2677682042121887,-0.25734055042266846,0.002497012261301279,0.30913373827934265,-0.05246291309595108,0.12815144658088684,0.46825623512268066,0.19969944655895233,0.3874650001525879,-0.015781808644533157,-0.2605917155742645,-0.1953093260526657,0.006638211198151112,-0.13675762712955475,-0.21427853405475616,0.005899870302528143,0.25707265734672546,-0.01386260986328125,0.012716799974441528,-0.22325536608695984,0.44134965538978577,-0.09080367535352707,-0.10274650156497955,0.7119063138961792,-0.06494168937206268,0.09948383271694183,0.07460851222276688,-0.2643645405769348,0.12920281291007996,0.10811247676610947,0.03332344442605972,-0.19065026938915253,-0.3184605836868286,0.3786853551864624,-0.16747590899467468,0.29354265332221985,0.01908170059323311,0.2457851618528366,0.44742387533187866,-0.42398780584335327,-0.42004093527793884,0.03844888135790825,0.2459140568971634,-0.03269101306796074,0.18815749883651733,0.3548198938369751,0.041491858661174774,-1.0201871395111084,-0.05484720319509506,0.36884593963623047,0.00905478186905384,-0.09067925810813904,0.22023813426494598,-0.5673311948776245,0.3956255614757538,0.22902867197990417,-0.08650107681751251,0.42568135261535645,-0.1618802845478058,0.29704275727272034,-0.1604204922914505,0.29369527101516724,-0.11541631072759628,-0.049479395151138306,0.08282144367694855,-0.031950078904628754,0.5182042717933655,0.054389167577028275,-0.04818492755293846,0.11562218517065048,0.21434259414672852,-0.39189809560775757,-0.09016253054141998,0.1825190633535385,-0.5753198862075806,0.06655845791101456,-0.17515602707862854,0.010322054848074913,0.8335086107254028,0.005762058310210705,-0.0022546977270394564,0.07530572265386581,0.33203813433647156,0.16830874979496002,0.08330182731151581,0.15447235107421875,0.2924801707267761,0.13626602292060852,0.2637985944747925,-0.5488999485969543,-0.32104408740997314,0.047353602945804596,0.0874958485364914,0.3532518744468689,0.4050191342830658,0.2106163054704666,-0.20231656730175018,-0.2612421214580536,-0.08575956523418427,0.2983398735523224,-0.07632555067539215,-0.219478577375412,0.07559206336736679,0.041550155729055405,0.042386412620544434,0.7139065861701965,0.17795458436012268,0.001189547823742032,0.015675276517868042,-0.5620577335357666,0.008671903982758522,-0.14927659928798676,-0.2429039478302002,0.024136727675795555,-0.31207504868507385,-0.3352482318878174,0.04617525264620781,0.08261243253946304,-0.00898597203195095,-0.1695999801158905,0.08340123295783997,0.011080807074904442,0.28794974088668823,-0.04559953883290291,0.02649269625544548,0.2375144511461258,0.29280608892440796,-0.16901731491088867,-0.11937189102172852,-0.08139877766370773,-0.0013855576980859041,-0.28966373205184937,-0.15256397426128387,0.13534745573997498,0.4001038670539856,-0.23802265524864197,0.5847699046134949,-0.09416273236274719,-0.13132153451442719,-0.07593347132205963,-0.14170268177986145,-0.320923388004303,0.7174714803695679,-0.17344750463962555,-0.4188941419124603,-0.0002724945661611855,0.09426353871822357,-0.32478776574134827,-0.31674614548683167,0.11509398370981216,0.025116007775068283,-0.16491484642028809,0.09112758934497833,0.15160289406776428,-0.09625057131052017,0.2903936803340912,0.05458812788128853,-0.08255103975534439,-0.19309411942958832,-0.10885878652334213,0.27102527022361755,-0.4012969434261322,0.23064398765563965,-0.14181894063949585,0.04741313308477402,0.06131706386804581,0.25388795137405396,0.5748424530029297,0.4667585492134094,0.04908444732427597,0.28700393438339233,0.01816408522427082,-0.10956326872110367,-0.18957796692848206,0.4001733660697937,0.30538076162338257,-0.01356719434261322,0.40602731704711914,-0.045551083981990814,0.12143124639987946,0.1724257469177246,-0.5000103712081909,0.26842519640922546,0.24043917655944824,-0.006982672028243542,-0.2621568441390991,-0.17491480708122253,0.21977809071540833,0.3539740741252899,0.38147708773612976,0.11611460149288177,0.09565307945013046,0.23578350245952606,0.24473151564598083,0.6330610513687134,-0.3842734694480896,-0.05503420904278755,-0.011646011844277382,-0.15923146903514862,-0.6367908120155334,-0.2257089912891388,0.08503648638725281,-0.6669380068778992,0.09909653663635254,0.03921205922961235,0.10790689289569855,-0.7514230608940125,-0.40561753511428833,0.17303475737571716,-0.01909315586090088,-0.22773189842700958,-0.32648882269859314,0.14961358904838562,-0.11178071796894073
CID000060852,230,0.26375994086265564,-0.14205969870090485,-0.022089721634984016,0.31534162163734436,-0.3154890239238739,0.01943197101354599,0.22239938378334045,0.1926891803741455,-0.014942196197807789,0.23143061995506287,-0.03772216662764549,-0.019834822043776512,0.0508052296936512,0.021389102563261986,-0.08049224317073822,-0.003403702052310109,-0.004498970694839954,-0.1454770863056183,0.09207914769649506,-0.3877386450767517,0.10947708040475845,-0.33393290638923645,0.15980729460716248,-0.6754523515701294,0.038149554282426834,0.13325637578964233,-0.09695349633693695,-0.09547130018472672,-0.128618523478508,0.18231339752674103,-0.08105825632810593,0.3160768151283264,-0.05631518363952637,-0.10477800667285919,-0.024104923009872437,0.10301990807056427,0.1618289053440094,0.15796390175819397,0.22491291165351868,-0.20513606071472168,-0.02440667524933815,-0.32594621181488037,0.08965378999710083,-0.0918295830488205,-0.18825748562812805,0.261606901884079,0.08481500297784805,-0.038136012852191925,0.10818575322628021,0.06830205023288727,0.21225635707378387,0.0680285319685936,-0.18735365569591522,0.21805644035339355,0.0676206573843956,0.037640370428562164,-0.06629953533411026,0.1612841784954071,0.10580763965845108,-0.15463188290596008,-0.37099966406822205,-0.3377613127231598,0.19067414104938507,-0.07648440450429916,0.2170105278491974,0.35648441314697266,-0.27280038595199585,0.008316272869706154,0.22208037972450256,0.04147585481405258,0.13857802748680115,-0.20318999886512756,-0.5322318077087402,-0.31699198484420776,-0.16539320349693298,0.12873736023902893,0.02125258557498455,0.14413301646709442,0.02504822239279747,-0.07431329786777496,0.24313442409038544,-0.6242167949676514,-0.28116846084594727,0.09368090331554413,-0.05967336893081665,0.015082268044352531,0.19589242339134216,0.0740877091884613,-0.007191882468760014,-0.7204149961471558,-0.04435161501169205,0.25625115633010864,0.06957194954156876,0.03291064500808716,0.29219070076942444,-0.3282845914363861,-0.40516477823257446,-0.21064607799053192,0.09436598420143127,0.14696936309337616,-0.08559959381818771,0.1929786503314972,-0.08708231151103973,0.3234284520149231,0.19400189816951752,0.0693143904209137,-0.18275198340415955,-0.0731879249215126,0.4700740873813629,-0.1634572446346283,-0.21590694785118103,0.1551879346370697,-0.08711746335029602,-0.017828697338700294,-0.15045568346977234,0.20598027110099792,0.13502219319343567,-0.14319534599781036,-0.08048711717128754,0.012226988561451435,0.5969464182853699,-0.16371750831604004,0.2584395408630371,0.05669230967760086,-0.010347378440201283,0.21444053947925568,-0.023694470524787903,-0.02260265126824379,0.29222777485847473,0.10115804523229599,0.0740116685628891,-0.5476862192153931,-0.24860012531280518,0.055091045796871185,0.14756283164024353,-0.18614083528518677,-0.06679452955722809,0.2570391893386841,0.002185779856517911,-0.2348003089427948,-0.24022738635540009,0.14780683815479279,-0.053629208356142044,-0.06078336760401726,-0.010058566927909851,0.16016454994678497,-0.01609754003584385,0.43640488386154175,-0.082244873046875,0.3421650826931,0.18797098100185394,-0.2616916000843048,0.022964268922805786,0.31686145067214966,-0.3142159581184387,-0.1759670078754425,0.04040065035223961,-0.11114795506000519,0.04950060322880745,0.22299285233020782,-0.006153529975563288,0.056009434163570404,-0.06503459811210632,0.28228792548179626,-0.11644084751605988,0.03417796641588211,-0.25619035959243774,0.05729486793279648,0.034705109894275665,0.3571413457393646,-0.06709492206573486,-0.16236162185668945,-0.21847912669181824,-0.22841446101665497,-0.018714485689997673,-0.052510298788547516,0.10392250120639801,-0.2511886656284332,0.33386707305908203,-0.04290393739938736,0.24261362850666046,0.22658392786979675,-0.14460520446300507,-0.06652354449033737,0.33333224058151245,0.28262102603912354,-0.16460362076759338,0.1066012978553772,-0.221112459897995,-0.34553009271621704,-0.2499796599149704,0.027626564726233482,0.41272473335266113,-0.04683142155408859,0.21977445483207703,-0.1740722954273224,0.14314191043376923,0.0023969411849975586,-0.0344931036233902,0.3197040855884552,0.22901050746440887,-0.3462691307067871,-0.033734921365976334,-0.2916736304759979,-0.10060741752386093,-0.1700667142868042,-0.07019421458244324,0.1500215232372284,-0.14605441689491272,0.3512115180492401,0.3407641053199768,0.156868577003479,0.21112267673015594,0.012912675738334656,0.15599635243415833,-0.22288909554481506,-0.09652391821146011,0.09861764311790466,0.009405022487044334,-0.06163426488637924,0.09937629848718643,-0.23852770030498505,0.2620047628879547,-0.28435835242271423,-0.18948471546173096,-0.24819430708885193,-0.19620515406131744,-0.10419318825006485,0.1005706936120987,-0.042622052133083344,-0.012675898149609566,-0.08057651668787003,0.3336288630962372,-0.0004695965035352856,-0.1664023995399475,0.04962780326604843,0.2759379744529724,-0.47372865676879883,0.018057623878121376,-0.15088069438934326,0.005053373984992504,-0.4861200749874115,-0.10883716493844986,0.40062475204467773,0.1084306612610817,0.08149605989456177,0.16402724385261536,0.016781911253929138,-0.6176857948303223,-0.0037835687398910522,0.13790225982666016,-0.2454942762851715,-0.05927705019712448,-0.38755369186401367,-0.034017324447631836,0.0960535854101181
CID000002250,233,0.2226686030626297,0.0864178016781807,0.22126920521259308,0.6347931027412415,-0.4812720715999603,0.03795325756072998,0.15446481108665466,0.29410484433174133,0.15572750568389893,0.3804793953895569,-0.055358827114105225,-0.25778117775917053,0.002198863076046109,0.15899236500263214,-0.06609184294939041,0.1973772943019867,0.014206713065505028,-0.16433432698249817,0.006532409694045782,-0.4969198703765869,0.13235574960708618,-0.43888193368911743,-0.013775194063782692,-0.8860214352607727,0.015918146818876266,0.10428686439990997,-0.2889948785305023,-0.023770654574036598,0.021124061197042465,-0.10233292728662491,0.006382367108017206,0.10643906891345978,0.12902529537677765,0.07143775373697281,0.07547375559806824,0.11479204893112183,0.056376855820417404,0.28465116024017334,-0.1603996455669403,-0.23573219776153564,0.07192927598953247,0.3490980267524719,0.17005157470703125,0.09349189698696136,-0.1806391179561615,0.2650658190250397,0.04807025194168091,-0.12215845286846161,-0.11289650201797485,0.24168848991394043,0.5239418148994446,0.06568840891122818,-0.3371031880378723,0.08567027747631073,-0.2574180066585541,0.09336049854755402,-0.008384150452911854,-0.22873488068580627,0.27421367168426514,-0.09282845258712769,-0.047443974763154984,-0.2757570743560791,0.07111244648694992,-0.15802860260009766,0.2922169864177704,0.2988159656524658,-0.3469870686531067,0.013177248649299145,0.06494627892971039,0.0373510904610157,0.12059047073125839,0.10226310789585114,-0.17424361407756805,-0.4313657879829407,-0.13145819306373596,0.2048502415418625,0.0885944813489914,-0.14204995334148407,-0.10588578879833221,0.04531227797269821,0.3461724817752838,-0.29435768723487854,-0.3111400902271271,-0.022072702646255493,0.09095223248004913,0.2664867043495178,0.09159044176340103,0.11450765281915665,-0.030661487951874733,-0.45980900526046753,-0.06961782276630402,0.20492899417877197,-0.044217728078365326,-0.0005057930829934776,-0.17733274400234222,-0.13125386834144592,0.21222750842571259,-0.07752414792776108,0.007174474187195301,0.11665844917297363,0.09460452944040298,-0.02673797681927681,-0.0449109748005867,0.15689131617546082,0.05902588367462158,0.005344188306480646,0.038156330585479736,0.13940773904323578,0.4323025345802307,0.020867902785539627,0.17001116275787354,0.11073459684848785,-0.16247931122779846,-0.3943330943584442,0.2019224464893341,0.3018113970756531,-0.24408838152885437,0.06225651502609253,-0.027780989184975624,0.33037763833999634,0.8299490809440613,-0.3008946180343628,0.18588821589946747,0.37747564911842346,-0.1341090202331543,0.3316873610019684,0.18011292815208435,-0.016565512865781784,0.06473686546087265,0.19230493903160095,0.30615028738975525,-0.5738892555236816,-0.5110535025596619,0.21556535363197327,0.3407127261161804,0.27535757422447205,-0.009762048721313477,0.19003398716449738,-0.005478262901306152,-0.05652880668640137,0.003871017601341009,0.17073343694210052,0.2360720932483673,0.20565323531627655,-0.06328748911619186,0.14490322768688202,-0.0020936012733727694,0.474832683801651,0.2042740136384964,0.4592307507991791,-0.03809734433889389,-0.5522156953811646,0.014004570432007313,0.22880813479423523,-0.13898146152496338,0.015554296784102917,0.022106176242232323,-0.030735904350876808,-0.07212312519550323,0.01657174341380596,-0.056719399988651276,-0.12344469875097275,0.026476234197616577,0.07830810546875,-0.05641134828329086,0.022738169878721237,-0.1469636857509613,0.08911339193582535,0.1520691215991974,-0.07386624813079834,-0.005481302738189697,0.11623026430606842,-0.3165152966976166,-0.2683550715446472,0.14631927013397217,-0.18252959847450256,0.20884457230567932,-0.17009511590003967,0.7103749513626099,-0.022976260632276535,-0.4432438313961029,0.09251068532466888,-0.025094682350754738,0.0538598969578743,0.17917287349700928,0.01600768230855465,-0.05256130173802376,0.02340470626950264,0.20618334412574768,-0.3856947422027588,-0.15167751908302307,-0.0027985156048089266,-0.06969822943210602,-0.33199891448020935,0.41234102845191956,0.08467437326908112,0.13130854070186615,-0.004035872407257557,-0.09118982404470444,-0.044215381145477295,-0.07389716804027557,-0.53526771068573,0.1154155284166336,-0.2611221969127655,-0.04534090682864189,-0.06422356516122818,0.017606815323233604,-0.19493381679058075,0.1104116216301918,0.5341957807540894,0.2981359362602234,0.1842004805803299,0.13115039467811584,-0.011812170967459679,0.005360150244086981,-0.10023723542690277,0.11173377186059952,0.4115370213985443,0.02105376496911049,0.05192567780613899,-0.18419292569160461,-0.05465834587812424,-0.23646803200244904,-0.09474605321884155,0.20291805267333984,-0.008156347088515759,0.06914255768060684,-0.12148606777191162,-0.06746922433376312,0.03680676221847534,0.009141075424849987,0.21205627918243408,0.2675541043281555,-0.07828819751739502,0.03109465166926384,0.001489746617153287,0.6070614457130432,-0.5789288878440857,-0.06990845501422882,-0.22142556309700012,-0.14799979329109192,-0.21274343132972717,0.2638498544692993,0.10400328785181046,-0.25550228357315063,-0.1091800183057785,0.05898972228169441,-0.0330595001578331,-0.7916001081466675,-0.1259405016899109,0.2779584527015686,0.1337093710899353,0.17490968108177185,-0.19110530614852905,-0.02417999505996704,0.08015013486146927
CID000002891,236,0.2226686030626297,0.0864178016781807,0.2212691754102707,0.6347931623458862,-0.4812720715999603,0.037953250110149384,0.15446481108665466,0.29410481452941895,0.15572750568389893,0.3804793953895569,-0.055358827114105225,-0.2577812075614929,0.002198863076046109,0.15899236500263214,-0.06609183549880981,0.1973772943019867,0.01420671958476305,-0.16433432698249817,0.006532421801239252,-0.4969198703765869,0.13235576450824738,-0.43888187408447266,-0.01377518754452467,-0.8860214948654175,0.015918146818876266,0.10428686439990997,-0.2889949083328247,-0.023770660161972046,0.02112405374646187,-0.10233292728662491,0.006382375955581665,0.10643906891345978,0.12902529537677765,0.07143772393465042,0.07547375559806824,0.11479208618402481,0.056376852095127106,0.2846511900424957,-0.1603996455669403,-0.23573219776153564,0.07192928344011307,0.34909796714782715,0.17005157470703125,0.09349189698696136,-0.1806391179561615,0.2650658190250397,0.04807024449110031,-0.12215845286846161,-0.11289650201797485,0.24168851971626282,0.5239418148994446,0.06568840146064758,-0.3371032178401947,0.08567026257514954,-0.2574180066585541,0.09336049854755402,-0.008384150452911854,-0.22873488068580627,0.27421367168426514,-0.09282845258712769,-0.04744396358728409,-0.2757570445537567,0.07111246138811111,-0.15802860260009766,0.2922169864177704,0.29881593585014343,-0.3469870686531067,0.013177240267395973,0.06494627892971039,0.037351079285144806,0.12059047073125839,0.10226310789585114,-0.17424359917640686,-0.43136581778526306,-0.13145819306373596,0.2048502415418625,0.0885944664478302,-0.14204993844032288,-0.10588578879833221,0.04531227797269821,0.3461724519729614,-0.29435768723487854,-0.3111400902271271,-0.022072702646255493,0.09095225483179092,0.2664867043495178,0.09159044176340103,0.11450765281915665,-0.03066149353981018,-0.45980900526046753,-0.06961782276630402,0.20492902398109436,-0.044217728078365326,-0.0005057960515841842,-0.17733272910118103,-0.13125386834144592,0.21222750842571259,-0.07752412557601929,0.007174456026405096,0.11665844917297363,0.09460452944040298,-0.02673797681927681,-0.0449109748005867,0.1568913459777832,0.05902589485049248,0.00534419110044837,0.03815633803606033,0.13940775394439697,0.4323025345802307,0.020867889747023582,0.17001116275787354,0.11073458194732666,-0.16247931122779846,-0.3943331241607666,0.2019224464893341,0.3018113970756531,-0.24408838152885437,0.06225651502609253,-0.027780994772911072,0.33037763833999634,0.8299490809440613,-0.3008946180343628,0.18588820099830627,0.37747567892074585,-0.13410905003547668,0.3316873610019684,0.18011292815208435,-0.016565512865781784,0.06473685801029205,0.19230493903160095,0.30615031719207764,-0.5738893151283264,-0.5110535621643066,0.21556535363197327,0.3407127261161804,0.27535757422447205,-0.009762048721313477,0.19003398716449738,-0.005478262901306152,-0.05652880668640137,0.0038710206281393766,0.1707334667444229,0.2360720932483673,0.20565323531627655,-0.06328748166561127,0.14490321278572083,-0.0020936012733727694,0.4748326241970062,0.2042740136384964,0.4592307209968567,-0.03809737041592598,-0.5522156953811646,0.01400456391274929,0.22880813479423523,-0.13898146152496338,0.015554296784102917,0.022106176242232323,-0.030735909938812256,-0.07212314009666443,0.016571741551160812,-0.056719399988651276,-0.12344469875097275,0.02647623047232628,0.0783081129193306,-0.05641136318445206,0.022738169878721237,-0.1469636857509613,0.08911337703466415,0.1520691215991974,-0.07386624068021774,-0.005481302738189697,0.11623026430606842,-0.3165152668952942,-0.26835504174232483,0.14631928503513336,-0.18252959847450256,0.20884454250335693,-0.17009511590003967,0.7103749513626099,-0.02297626994550228,-0.4432438313961029,0.09251070022583008,-0.025094682350754738,0.0538598969578743,0.17917287349700928,0.016007686033844948,-0.052561305463314056,0.02340470626950264,0.20618334412574768,-0.3856947422027588,-0.15167751908302307,-0.002798521425575018,-0.06969822943210602,-0.33199891448020935,0.4123409688472748,0.08467437326908112,0.13130854070186615,-0.004035872407257557,-0.09118982404470444,-0.0442153699696064,-0.07389716804027557,-0.53526771068573,0.1154155284166336,-0.2611221671104431,-0.04534091800451279,-0.06422357261180878,0.017606815323233604,-0.19493380188941956,0.1104116216301918,0.5341957807540894,0.298135906457901,0.1842004954814911,0.13115039467811584,-0.011812181212008,0.005360150244086981,-0.10023723542690277,0.11173377931118011,0.4115370810031891,0.021053768694400787,0.05192568153142929,-0.184192955493927,-0.05465834587812424,-0.23646803200244904,-0.09474603831768036,0.20291808247566223,-0.00815631728619337,0.06914256513118744,-0.12148605287075043,-0.06746923923492432,0.03680676221847534,0.009141084738075733,0.21205627918243408,0.2675541043281555,-0.07828820496797562,0.031094659119844437,0.001489746617153287,0.6070614457130432,-0.5789288878440857,-0.06990844756364822,-0.22142557799816132,-0.14799977838993073,-0.21274343132972717,0.2638498544692993,0.10400328785181046,-0.25550228357315063,-0.1091800183057785,0.05898972600698471,-0.03305951505899429,-0.7916001081466675,-0.12594051659107208,0.2779584527015686,0.1337093561887741,0.17490966618061066,-0.19110533595085144,-0.02417999505996704,0.08015014231204987
CID000010631,237,-0.06589500606060028,0.020111601799726486,0.15820834040641785,0.3402424454689026,-0.29768046736717224,0.2737746834754944,0.1305462121963501,0.5813470482826233,-0.14399783313274384,0.26609769463539124,-0.1587667167186737,-0.24096830189228058,-0.2902587056159973,0.2766759991645813,-0.13857166469097137,-0.03317343443632126,-0.0027097375132143497,0.0725034698843956,0.338827520608902,-0.6860952377319336,0.36526963114738464,-0.20568060874938965,0.13165919482707977,-0.8002249002456665,0.3525763750076294,0.48278170824050903,-0.11232484877109528,-0.32899224758148193,-0.036217622458934784,0.10458829253911972,0.27236950397491455,0.4029378890991211,-0.07943953573703766,0.00158005952835083,0.06290285289287567,0.013217424973845482,0.19163566827774048,0.16185107827186584,0.14761346578598022,-0.27758923172950745,-0.031112346798181534,-0.3092670440673828,0.19212743639945984,-0.4174611568450928,0.0030304579995572567,0.26208728551864624,-0.0767315924167633,-0.10005086660385132,0.04865102097392082,-0.05792015790939331,0.40222081542015076,0.29088860750198364,-0.38740986585617065,-0.06736347079277039,0.08553371578454971,0.028563354164361954,0.09944812953472137,0.2107154130935669,0.257595956325531,0.3510867953300476,-0.49029603600502014,-0.3013618588447571,0.00414232024922967,-0.025165081024169922,0.35435622930526733,0.5774886012077332,0.06243966892361641,0.027083000168204308,0.12864075601100922,-0.04868112877011299,0.25281035900115967,-0.17495957016944885,-0.3135504722595215,-0.500298261642456,-0.3014158606529236,-0.016402067616581917,0.007608658168464899,0.14276441931724548,0.07056395709514618,0.15977409482002258,0.14131565392017365,-0.2646373212337494,-0.25502151250839233,0.045975785702466965,-0.022152604535222054,0.03144059702754021,0.12243865430355072,0.5246714353561401,0.06658799946308136,-0.588963508605957,0.20415671169757843,0.4250571131706238,-0.05097681283950806,-0.18981435894966125,-0.21530945599079132,-0.6217047572135925,-0.18403257429599762,-0.1974574774503708,-0.047713279724121094,0.033264368772506714,-0.16329646110534668,0.0749368816614151,-0.12490423023700714,0.5305067300796509,0.2404274195432663,0.06823648512363434,0.008038249798119068,0.2705020606517792,0.40062981843948364,0.03879488259553909,-0.12731513381004333,0.1514228880405426,0.19457674026489258,0.03362053632736206,0.0296540018171072,0.2207196205854416,-0.21353411674499512,-0.03124816343188286,-0.23414459824562073,0.4473370611667633,0.40894651412963867,-0.4202658534049988,0.34385138750076294,0.31964540481567383,-0.1560399830341339,0.05709708854556084,0.07039841264486313,0.14864972233772278,0.6198124885559082,-0.03696628659963608,0.04357505589723587,-0.40204954147338867,-0.231075257062912,0.25817999243736267,0.18634605407714844,-0.13659223914146423,0.015430676750838757,0.31966882944107056,0.02932620607316494,-0.29630470275878906,-0.1332966536283493,0.2985075116157532,-0.12173144519329071,0.021262556314468384,-0.056392621248960495,0.5380232930183411,-0.4667014479637146,0.4325563907623291,-0.2974572479724884,0.2653033137321472,0.1512983739376068,-0.13106082379817963,-0.36770740151405334,-0.08081536740064621,-0.13201777637004852,-0.13531872630119324,-0.011731025762856007,-0.1539822518825531,-0.14338766038417816,0.4820987582206726,-0.0751170888543129,-0.006730258464813232,-0.18410871922969818,-0.07420307397842407,-0.2380989044904709,-0.15150704979896545,-0.12927186489105225,0.11851339042186737,-0.05821743607521057,0.0858781635761261,0.13927145302295685,-0.2966380715370178,-0.1355932056903839,-0.27635374665260315,0.0006711572641506791,-0.05700793117284775,0.12846560776233673,-0.2517217993736267,0.44357675313949585,-0.4138791561126709,0.11143374443054199,-0.02035336196422577,-0.357496976852417,-0.0857577696442604,0.3196621835231781,0.302646666765213,-0.15879110991954803,-0.022236298769712448,0.17302170395851135,-0.3764810860157013,-0.05072615668177605,0.035148151218891144,0.43509912490844727,0.016738656908273697,-0.017778661102056503,0.06323111802339554,0.0055512310937047005,0.05609718710184097,0.05518030375242233,0.09820972383022308,0.21567149460315704,-0.5682843327522278,-0.006745734717696905,-0.3121580481529236,-0.012878832407295704,0.023475419729948044,-0.16025349497795105,-0.19230595231056213,0.49585428833961487,0.40921276807785034,0.27974802255630493,0.07803042978048325,0.465486615896225,-0.1374722570180893,0.6781227588653564,-0.19759497046470642,0.2862550616264343,0.19672341644763947,0.0817975327372551,-0.03985556215047836,0.12830494344234467,0.019504833966493607,-0.2956202030181885,-0.566184401512146,-0.27985113859176636,-0.16145089268684387,0.2494324892759323,-0.900348961353302,-0.1023915559053421,0.029374396428465843,0.22464868426322937,-0.11855210363864899,0.3091478943824768,0.10001971572637558,0.18633122742176056,-0.06179971620440483,0.33675482869148254,-0.4512893557548523,0.06619817018508911,-0.1934928447008133,-0.008359250612556934,-0.6815798878669739,-0.10516379028558731,0.30475112795829773,-0.04552567005157471,-0.1931004822254181,0.1297723799943924,-0.2898447513580322,-0.5030187368392944,-0.10121817886829376,0.4232606887817383,-0.22657036781311035,0.25115227699279785,-0.07568428665399551,0.09210077673196793,0.023012155666947365
CID000003075,238,0.323825865983963,0.0206507109105587,0.17739561200141907,0.5413013696670532,-0.4437667429447174,0.037725549191236496,0.1905769407749176,0.3620109558105469,0.12882205843925476,0.44968271255493164,-0.1554487645626068,-0.2713766396045685,-0.01533507090061903,0.13104844093322754,-0.04408026859164238,0.14768663048744202,0.016233431175351143,-0.2590641379356384,0.025266552343964577,-0.4930890202522278,0.10277196019887924,-0.41464632749557495,-0.014944186434149742,-0.8200746774673462,0.022224627435207367,0.0763980969786644,-0.35011082887649536,-0.031589604914188385,-0.06630992889404297,-0.10247750580310822,0.0233025960624218,0.13007882237434387,0.13790562748908997,0.04260299727320671,0.050648510456085205,0.15584197640419006,0.04288030415773392,0.3022792935371399,-0.1743592470884323,-0.26262524724006653,0.06432385742664337,0.24610213935375214,0.1719139814376831,0.02236277237534523,-0.1195330023765564,0.24402675032615662,0.047605305910110474,-0.14869458973407745,-0.1602848917245865,0.3968212306499481,0.49021854996681213,0.004274338483810425,-0.231238454580307,0.08940966427326202,-0.17402294278144836,0.1686384081840515,-0.05290946364402771,-0.15127520263195038,0.2919827997684479,-0.1283150613307953,-0.028776610270142555,-0.27824854850769043,-0.006519722752273083,-0.16751626133918762,0.33769381046295166,0.3362118601799011,-0.38972097635269165,0.07807482033967972,0.14755038917064667,-0.07337270677089691,0.1289965808391571,0.13013234734535217,-0.2575851082801819,-0.3354979455471039,-0.2685560882091522,0.1695062816143036,0.12533120810985565,-0.10034210979938507,-0.07805733382701874,-0.027445156127214432,0.35778772830963135,-0.2924697697162628,-0.3485182225704193,-0.06649714708328247,0.071745365858078,0.25763818621635437,0.11993856728076935,0.10946366935968399,0.011422616429626942,-0.4680249094963074,-0.07631564885377884,0.2938130497932434,0.046740300953388214,-0.13179567456245422,-0.01353801041841507,-0.09649810194969177,0.2345176637172699,0.015220388770103455,0.09364920854568481,0.22668059170246124,0.11504316329956055,-0.0631268322467804,-0.009696191176772118,0.19461676478385925,0.0026450648438185453,-0.08010955154895782,-0.004234214313328266,0.1279483139514923,0.4102746844291687,0.06932632625102997,0.0633222684264183,0.07844133675098419,-0.16744045913219452,-0.3371221423149109,0.315377801656723,0.30565738677978516,-0.24423475563526154,0.04255496710538864,-0.04251810535788536,0.2549728453159332,0.7817593812942505,-0.2564695477485657,0.17414428293704987,0.36821600794792175,-0.141034796833992,0.3067195415496826,0.15135517716407776,-0.025864243507385254,0.09237891435623169,0.2401658296585083,0.29669079184532166,-0.5338438153266907,-0.4806599020957947,0.24598371982574463,0.35416874289512634,0.1698964238166809,-0.004550421144813299,0.22705993056297302,0.022603880614042282,-0.0781460776925087,-0.010886156931519508,0.10903020203113556,0.21270513534545898,0.14631983637809753,-0.05348259210586548,0.09964916855096817,-0.045078761875629425,0.43319958448410034,0.15718574821949005,0.4782836437225342,0.06742309778928757,-0.5062130689620972,-0.028423761948943138,0.29139336943626404,-0.15664461255073547,-0.08461584150791168,0.012514732778072357,-0.12471401691436768,-0.12795761227607727,0.01592102460563183,0.03267353028059006,-0.16280579566955566,0.027584929019212723,0.12950056791305542,-0.03925802558660507,-0.01933181658387184,-0.137161523103714,0.1289677768945694,0.14163589477539062,0.029719078913331032,-0.06988892704248428,0.08135180920362473,-0.2919570505619049,-0.235347181558609,0.10644997656345367,-0.0879490077495575,0.1600584089756012,-0.21713867783546448,0.7358078956604004,0.03377983719110489,-0.36878225207328796,0.10019619762897491,-0.05663169547915459,0.039240770041942596,0.3602895736694336,0.06399469077587128,-0.14947830140590668,0.06534428894519806,0.18496672809123993,-0.41623467206954956,-0.09619943052530289,-0.014340120367705822,-0.0014698058366775513,-0.31051725149154663,0.41780781745910645,0.1327465921640396,0.24690261483192444,-0.006461328361183405,-0.037521470338106155,-0.14599847793579102,-0.034272581338882446,-0.4830593168735504,0.1706157624721527,-0.39950472116470337,-0.04264809191226959,-0.08908228576183319,0.02029585838317871,-0.05593901872634888,0.11881744861602783,0.47987431287765503,0.3375881314277649,0.08962742239236832,0.10767488181591034,0.0617264024913311,-0.026037955656647682,-0.21544218063354492,0.19223855435848236,0.38957154750823975,0.07830721884965897,-0.02357996068894863,-0.17590515315532684,0.03638898581266403,-0.17293986678123474,-0.13499777019023895,0.17776939272880554,0.08450748026371002,-0.0023985146544873714,-0.07449044287204742,-0.12271382659673691,-0.1132584661245346,0.013783189468085766,0.13137361407279968,0.22662778198719025,-0.044087134301662445,-0.012657025828957558,-0.010195262730121613,0.5447253584861755,-0.5552917718887329,-0.1017317995429039,-0.1978760063648224,-0.1775650531053543,-0.22325441241264343,0.35454192757606506,0.092484250664711,-0.35081225633621216,-0.04647619649767876,0.07528378069400787,0.12786218523979187,-0.7251418828964233,-0.1906852424144745,0.2870699167251587,0.11856202781200409,0.23495538532733917,-0.20493173599243164,0.04549355059862137,0.023518946021795273
CID000005073,239,0.09771565347909927,0.1930404007434845,0.3602864146232605,0.7875303626060486,-0.42883196473121643,0.0825803279876709,0.11956796795129776,0.30726125836372375,0.06537681818008423,0.2518221437931061,-0.0248689167201519,-0.05523690581321716,-0.34362858533859253,0.36662471294403076,-0.28785818815231323,0.12515968084335327,0.13049420714378357,0.02805297076702118,0.17907610535621643,-0.6011537909507751,-0.18010440468788147,-0.10890524089336395,-0.10334527492523193,-0.9320691823959351,0.0026162355206906796,0.14298740029335022,0.1373148113489151,-0.074843630194664,-0.026260200887918472,0.2267443686723709,0.010657161474227905,0.2111850082874298,-0.055034615099430084,0.20795150101184845,0.1718081682920456,-0.06873562186956406,0.06844697147607803,0.20565244555473328,0.013926458545029163,-0.39255133271217346,-0.22937460243701935,0.1458887755870819,0.03171219304203987,-0.040424894541502,-0.20381483435630798,0.2566017508506775,0.05628211423754692,0.05796070769429207,0.06792833656072617,0.0018085360061377287,0.6912821531295776,0.11363470554351807,-0.2208588868379593,-0.04062554985284805,0.1831689178943634,-0.200266033411026,0.46240586042404175,0.003187799360603094,0.16485005617141724,-0.1621292233467102,-0.21444158256053925,-0.4843922257423401,0.3478426933288574,-0.11298386752605438,0.31858474016189575,0.6140294075012207,-0.4168429970741272,-0.03532097861170769,-0.004665583372116089,0.03408113121986389,0.1445130556821823,-0.09694890677928925,-0.20307311415672302,-0.3555307388305664,-0.16684918105602264,0.04859147593379021,0.23263534903526306,-0.032899387180805206,-0.06099950522184372,0.0835094153881073,0.36659568548202515,-0.4605201184749603,-0.3592532277107239,-0.23405317962169647,0.2407086342573166,0.13243812322616577,0.02334543690085411,0.5340548753738403,-0.029782867059111595,-0.5983284711837769,-0.08655000478029251,0.010918475687503815,-0.053595416247844696,0.07493661344051361,-0.3294591009616852,-0.09558793902397156,0.11706249415874481,-0.2012319266796112,-0.08154169470071793,0.018761683255434036,-0.08142087608575821,-0.05315587669610977,0.0349557101726532,0.3019621968269348,-0.18436500430107117,0.046900779008865356,-0.0570758692920208,-0.11063388735055923,0.4881369471549988,0.06755617260932922,0.024964988231658936,0.18391267955303192,-0.2542811632156372,-0.3068370819091797,0.05429365113377571,0.19654929637908936,-0.1898837685585022,-0.09014081954956055,0.004722935147583485,0.15862995386123657,0.7504914999008179,-0.35986003279685974,0.17210760712623596,0.15814650058746338,-0.33538633584976196,0.2685994803905487,0.1238269954919815,-0.2047496736049652,0.3339666426181793,-0.11564866453409195,0.2288091480731964,-0.5473023653030396,-0.6755363941192627,-0.012354040518403053,0.1896485984325409,0.16260793805122375,0.1096021980047226,0.20558516681194305,0.191229447722435,-0.25518733263015747,-0.1746482402086258,0.27000951766967773,0.2438439130783081,0.06815695017576218,0.031158391386270523,0.20187246799468994,-0.3245595097541809,0.4263496398925781,0.13745108246803284,0.15020114183425903,-0.06399238109588623,-0.4401021897792816,-0.24222230911254883,0.1082221046090126,0.05614403635263443,-0.1071983352303505,0.10458727180957794,-0.1660483032464981,-0.06665202230215073,0.09444762766361237,0.031388770788908005,-0.2815231680870056,0.05883215740323067,0.07684372365474701,-0.3420112729072571,-0.05493352934718132,-0.24240195751190186,0.15417782962322235,0.24926653504371643,-0.0694672167301178,-0.09625235944986343,-0.0345672182738781,-0.09650816023349762,0.001124435686506331,0.23392924666404724,-0.2223135232925415,0.252800852060318,-0.15322333574295044,0.6226943731307983,-0.09843675047159195,-0.3957173228263855,0.13311180472373962,-0.30278199911117554,-0.1560344696044922,-0.22350876033306122,-0.23343272507190704,-0.12328122556209564,0.01888260804116726,0.1503179371356964,-0.3677268326282501,-0.09301593899726868,0.044418416917324066,0.025667184963822365,-0.256828635931015,0.38811200857162476,0.07448934763669968,-0.26735639572143555,0.038162220269441605,-0.025777554139494896,-0.17806695401668549,-0.04722680523991585,-0.5002984404563904,-0.22058284282684326,-0.2702622413635254,-0.2796252965927124,-0.01065475307404995,0.18856321275234222,-0.2057228982448578,0.11920461803674698,0.7157103419303894,0.3053589165210724,-0.08218622207641602,0.3058333098888397,0.042191796004772186,0.2519950270652771,-0.17929193377494812,-0.07599927484989166,0.4477115273475647,0.04832077398896217,0.14912357926368713,-0.10584528744220734,-7.270574860740453e-05,-0.35246676206588745,-0.09436337649822235,0.10051484405994415,-0.28784939646720886,0.3911142945289612,-0.400033563375473,-0.13187959790229797,0.03196706250309944,-0.12948498129844666,0.2442244589328766,0.07372673600912094,-0.06698179990053177,-0.10163712501525879,0.10707442462444305,0.7047244310379028,-0.3809853196144104,-0.021691933274269104,-0.2566201686859131,0.23385755717754364,-0.3190012574195862,0.09834478795528412,0.10680609941482544,-0.10375852882862091,-0.03707357123494148,-0.05458108335733414,-0.28411778807640076,-0.6392162442207336,-0.08232597261667252,0.33882570266723633,-0.24383826553821564,0.10794033855199814,-0.4133895933628082,-0.010341157205402851,-0.19922210276126862
CID000004594,244,-0.061881549656391144,0.041076697409152985,-0.1111137643456459,0.2392112910747528,-0.3393949270248413,0.09826512634754181,0.2658962607383728,0.28377050161361694,-0.06959463655948639,0.2957767844200134,0.3406420648097992,0.17101435363292694,0.0952058956027031,0.1550365537405014,-0.19223961234092712,-0.20155027508735657,-0.1054706946015358,0.0773482471704483,0.2574990391731262,-0.3430395722389221,0.04075857996940613,-0.18886569142341614,0.10355328023433685,-0.748746395111084,0.11712576448917389,0.2925335466861725,-0.15670180320739746,0.08059718459844589,-0.017779838293790817,0.1318427324295044,-0.005181783344596624,0.320700079202652,-0.09948980808258057,-0.0073743583634495735,-0.0706605464220047,-0.12004335224628448,0.21074560284614563,0.054736822843551636,0.22447867691516876,-0.33681464195251465,-0.08527915179729462,-0.41035574674606323,0.297121524810791,-0.2965775430202484,-0.16845011711120605,0.3741005063056946,-0.005003021564334631,0.03144604712724686,0.2921745181083679,-0.10975328832864761,0.1025175005197525,0.10781266540288925,-0.3058580160140991,0.004055798053741455,0.1863262951374054,-0.14384867250919342,-0.04489121213555336,0.215398907661438,0.01119089126586914,0.014587536454200745,-0.29545649886131287,-0.3250036835670471,-0.11184217035770416,-0.023678654804825783,0.40140438079833984,0.3925509452819824,-0.1782064139842987,-0.13423648476600647,0.19716233015060425,0.12639451026916504,0.1298440396785736,0.15064017474651337,-0.32493382692337036,-0.405521959066391,-0.3407134413719177,-0.13928265869617462,-0.24074086546897888,0.26224714517593384,-0.10912666469812393,-0.039247386157512665,-0.10629727691411972,-0.35913708806037903,-0.3388766646385193,0.09732942283153534,-0.007530449889600277,-0.09732834249734879,0.13391847908496857,0.2178325653076172,-0.043281931430101395,-0.5768863558769226,-0.1348370760679245,0.2954181730747223,0.08018524944782257,-0.0882277563214302,-0.12911424040794373,-0.2990250587463379,-0.1385076642036438,-0.005111229605972767,-0.10457174479961395,0.10203327983617783,-0.26684287190437317,-0.017311830073595047,-0.13149937987327576,0.2770661413669586,0.3184716999530792,0.05142353102564812,-0.10123585164546967,0.22196941077709198,0.36887070536613464,-0.16881075501441956,-0.10729987919330597,0.19153711199760437,-0.2225070297718048,0.03567824512720108,0.0845656543970108,0.2719495892524719,-0.027814755216240883,0.04093434661626816,-0.13258063793182373,0.3182087540626526,0.47687095403671265,-0.1121070608496666,0.26469460129737854,0.371347576379776,0.06113282963633537,0.2154126912355423,0.02997625432908535,0.15611407160758972,0.4209372103214264,-0.039404887706041336,-0.07199452817440033,-0.2884105443954468,-0.306567519903183,0.11617493629455566,0.33205312490463257,-0.16811414062976837,-0.17083849012851715,0.18376223742961884,-0.3678896427154541,-0.21574993431568146,-0.4005354046821594,0.1308588981628418,0.06994328647851944,-0.26419776678085327,-0.03068394400179386,0.41285133361816406,-0.2747904658317566,0.23263084888458252,0.08120755851268768,0.20106759667396545,0.150477334856987,-0.06198621913790703,-0.17722411453723907,0.13063520193099976,-0.28939929604530334,0.048346906900405884,-0.12054242938756943,-0.041847288608551025,0.03847891837358475,0.39138513803482056,0.03354649990797043,0.09371515363454819,-0.08309266716241837,0.08203262835741043,-0.20803043246269226,-0.0787554532289505,-0.184847891330719,0.13526074588298798,-0.21461112797260284,0.27930131554603577,0.12422935664653778,-0.2430993765592575,-0.24313107132911682,-0.3447011411190033,0.01663900539278984,-0.09786459803581238,0.30875229835510254,-0.3486294746398926,0.2271135151386261,-0.18670594692230225,0.20134004950523376,-0.004384350962936878,-0.15463131666183472,-0.15750625729560852,0.06141487881541252,0.2947239577770233,-0.08823196589946747,-0.06550634652376175,-0.1542033702135086,-0.46635571122169495,0.0806952491402626,0.057230450212955475,0.20751731097698212,0.1947326958179474,0.1431390941143036,-0.11843981593847275,0.12956999242305756,-0.05824674293398857,-0.022741243243217468,-0.08844593912363052,0.2165340930223465,-0.36482375860214233,-0.21692100167274475,-0.4161536693572998,0.2403375804424286,-0.2657179832458496,-0.1677764356136322,0.07346688210964203,-0.011213695630431175,0.36199796199798584,0.3504025936126709,0.10383407771587372,0.4884305000305176,0.22639527916908264,0.25353384017944336,-0.1877581924200058,-0.11897041648626328,0.08025508373975754,-0.030713101848959923,-0.24529655277729034,-0.04653839394450188,-0.034658484160900116,-0.19991084933280945,-0.24861057102680206,-0.039295636117458344,-0.05230216309428215,0.05119673162698746,-0.2536899149417877,-0.1715819090604782,-0.12841904163360596,0.0090657202526927,-0.19877083599567413,0.3014827370643616,0.0021549626253545284,-0.1201331838965416,-0.19941362738609314,0.1811033934354782,-0.33577361702919006,0.020317191258072853,-0.18297827243804932,0.2387254685163498,-0.33034175634384155,0.09874644130468369,0.21956846117973328,-0.08664672076702118,-0.08374426513910294,0.1497000753879547,0.053599756211042404,-0.408561646938324,-0.09067399799823761,0.278922975063324,-0.2758437991142273,-0.061752624809741974,-0.2582250237464905,0.17613670229911804,0.007251244969666004
CID000060184,245,0.2706288695335388,0.08641497790813446,-0.06980868428945541,0.22040490806102753,-0.35112178325653076,0.11492879688739777,0.1429392397403717,0.3821277916431427,0.006917327642440796,0.24327941238880157,0.05563049390912056,0.044561468064785004,0.058833640068769455,0.38648271560668945,0.05639217421412468,-0.2360137403011322,-0.043999914079904556,-0.2272670716047287,-0.04917658120393753,-0.420799195766449,-0.10650765895843506,-0.1538517028093338,-0.04410620406270027,-0.8311328887939453,-0.32765570282936096,0.1301673948764801,-0.21755048632621765,-0.13684052228927612,-0.14889945089817047,0.4797086715698242,-0.19258072972297668,0.2837912142276764,-0.049864511936903,0.06811751425266266,0.04972206428647041,-0.259662002325058,-0.10837966203689575,0.16098657250404358,0.19176006317138672,-0.13798901438713074,-0.12189318984746933,-0.2845092713832855,0.13435475528240204,-0.31262823939323425,-0.050144314765930176,0.36159926652908325,-0.08673639595508575,0.10200206935405731,0.03879046440124512,0.164078488945961,0.24310126900672913,0.04708528146147728,-0.3251052498817444,-0.21715788543224335,0.0720292404294014,-0.29807180166244507,-0.19954948127269745,0.19573268294334412,0.054531585425138474,-0.09972597658634186,-0.26701128482818604,-0.4039364755153656,0.031666748225688934,-0.10871565341949463,0.3922160863876343,0.44447803497314453,-0.3490259051322937,-0.10153494775295258,0.2128766030073166,0.023453349247574806,-0.0037116543389856815,-0.004668490495532751,-0.3519541621208191,-0.3091292679309845,-0.3046647906303406,-0.026875680312514305,-0.012240445241332054,0.11477651447057724,-0.1490582525730133,-0.08565294742584229,0.19143149256706238,-0.255056768655777,-0.49797549843788147,0.15783798694610596,0.133773535490036,-0.23559816181659698,0.35370513796806335,0.041282981634140015,-0.0823802798986435,-0.6591514348983765,-0.05680658295750618,0.3843674659729004,0.05624525621533394,-0.07693163305521011,-0.21802499890327454,-0.4181293547153473,-0.2538071274757385,0.07882916182279587,0.2232939749956131,0.29767027497291565,-0.3722802698612213,0.010673888027668,0.014769650995731354,0.31645041704177856,0.27878057956695557,0.016528824344277382,0.013889268040657043,0.18541136384010315,0.3185121417045593,0.0014576256508007646,-0.02855054661631584,0.15994606912136078,-0.2593744397163391,0.03428805619478226,0.048594310879707336,0.3829168677330017,-0.051123153418302536,-0.18982474505901337,0.007143584080040455,0.09755522012710571,0.5501214265823364,0.10430948436260223,0.43057528138160706,0.43256574869155884,0.18033796548843384,0.20253893733024597,0.09193964302539825,-0.18525761365890503,0.31127503514289856,-0.001269470201805234,0.02163318730890751,-0.37536653876304626,-0.3241751492023468,0.03193781524896622,0.43435096740722656,-0.09239186346530914,-0.15861979126930237,0.24873137474060059,-0.02162269316613674,0.016542933881282806,-0.435359388589859,0.3794381022453308,0.07204511016607285,-0.3073978126049042,0.0325671061873436,0.04866551607847214,-0.05528564378619194,0.2897401452064514,0.11517897993326187,0.24480196833610535,0.03678867593407631,-0.08108671009540558,0.4840502142906189,0.15564723312854767,-0.2090083807706833,-0.17315784096717834,-0.00915392953902483,-0.4782162606716156,0.20666614174842834,0.3026273548603058,0.17532069981098175,0.0662667378783226,0.05010449141263962,-0.3150148093700409,-0.04830013960599899,0.2069438397884369,-0.40544289350509644,0.19464434683322906,0.18341681361198425,0.2819293141365051,0.14766523241996765,-0.2437676191329956,-0.10608647763729095,-0.3676784038543701,-0.022577496245503426,-0.004035400692373514,0.019971510395407677,-0.399736225605011,0.38163644075393677,-0.1181570515036583,0.11145851761102676,-0.12262561172246933,-0.2120325267314911,-0.22900252044200897,0.33989590406417847,0.2011231929063797,-0.017949303612113,0.10286903381347656,-0.0806170180439949,-0.46344462037086487,-0.1630144566297531,0.15800678730010986,0.2521311640739441,0.14628317952156067,0.3187342584133148,-0.036841630935668945,0.27511098980903625,-0.11860959231853485,-0.03807204216718674,0.05058034509420395,0.09951238334178925,-0.46670785546302795,-0.06939622014760971,-0.34255725145339966,0.16261926293373108,-0.27206170558929443,-0.2579967975616455,0.09767268598079681,-0.04113726690411568,0.34403249621391296,0.5101727247238159,0.1199992299079895,0.32493555545806885,0.3648317754268646,-0.09887690842151642,-0.30541926622390747,0.00479430565610528,-0.015467440709471703,0.11339955031871796,-0.30907517671585083,-0.01099025271832943,0.010860187001526356,-0.15075358748435974,-0.36919575929641724,-0.37401285767555237,0.015419167466461658,-0.19268760085105896,-0.07810152322053909,-0.2733994722366333,-0.013050355017185211,0.020856644958257675,0.022318359464406967,0.47096744179725647,0.12740106880664825,0.08784995973110199,-0.04061814770102501,0.17355847358703613,-0.40001899003982544,0.0534021370112896,-0.10674844682216644,0.17804165184497833,-0.39019161462783813,0.039279911667108536,0.19141247868537903,-0.10144726186990738,0.11150288581848145,0.13113877177238464,0.22535839676856995,-0.3873089849948883,-0.15228267014026642,0.32713067531585693,-0.21692614257335663,-0.09110797941684723,-0.17562933266162872,-0.1367509812116623,-0.02733718790113926
CID000197712,246,-0.05312740057706833,-0.05219583585858345,-0.05296500772237778,0.4873127341270447,-0.28482651710510254,0.08255733549594879,0.16553142666816711,0.20615510642528534,0.08672834932804108,0.1497085988521576,0.03410302475094795,0.16175387799739838,0.05065726116299629,0.11042354255914688,-0.18017970025539398,-0.03654015064239502,-0.1862332969903946,-0.1058802381157875,0.20224662125110626,-0.6472452282905579,0.00264662504196167,-0.3359006345272064,-0.1514289230108261,-0.9539243578910828,-0.18131868541240692,0.18485954403877258,-0.1017189621925354,-0.03835820406675339,-0.010098392143845558,0.0980931743979454,0.019832957535982132,0.15662220120429993,-0.0004311382654123008,0.2946491837501526,0.047772444784641266,-0.14555040001869202,-0.060446105897426605,0.157215878367424,0.11259222030639648,-0.07706032693386078,-0.16726666688919067,-0.12405350059270859,0.046136099845170975,-0.23561568558216095,-0.0726860910654068,0.31306636333465576,0.11957292258739471,0.02666528895497322,-0.016090285032987595,-0.1081441193819046,0.3075573146343231,-0.03441125154495239,-0.14985597133636475,-0.002925559878349304,0.04774293303489685,-0.11386903375387192,-0.0031635344494134188,0.0664207711815834,0.09275493770837784,0.005783301778137684,-0.08236977458000183,-0.26826211810112,-0.024214332923293114,-0.02931327186524868,0.18055368959903717,0.3888467848300934,-0.13255788385868073,-0.004782915115356445,0.014366960152983665,0.08251724392175674,0.030135970562696457,0.13296380639076233,-0.2069796323776245,-0.3607598543167114,-0.2337249517440796,-0.1352974772453308,-0.013841169886291027,0.23361952602863312,0.02666424587368965,-0.03590850159525871,0.2644633650779724,-0.3715563416481018,-0.19115617871284485,-0.16700278222560883,0.07804886251688004,-0.1078614816069603,0.17610400915145874,0.047444455325603485,-0.03636803478002548,-0.6859034299850464,-0.05143274739384651,0.24616873264312744,-0.1264771670103073,0.18015119433403015,0.06124027445912361,-0.20643238723278046,-0.015213897451758385,0.16166242957115173,-0.09947819262742996,0.025279264897108078,-0.18867644667625427,-0.06127982214093208,-0.1580018699169159,0.20910635590553284,0.023098504170775414,0.12267092615365982,-0.08418102562427521,0.3138614296913147,0.5932861566543579,-0.13332177698612213,-0.05070221424102783,0.1694735288619995,-0.13291813433170319,-0.08789826184511185,0.19115129113197327,0.1859278380870819,-0.013719797134399414,0.14553983509540558,-0.08996426314115524,0.0785893052816391,0.6573246121406555,-0.13913825154304504,0.20567631721496582,0.14208373427391052,-0.17714717984199524,-0.005739974789321423,0.12481894344091415,0.24248304963111877,0.35337403416633606,0.06973344087600708,0.02583949640393257,-0.46284693479537964,-0.3508843779563904,0.04194112867116928,0.12447197735309601,0.05317126587033272,0.08330529928207397,0.21182914078235626,-0.1326139271259308,-0.23772402107715607,-0.1470528542995453,-0.025371680036187172,-0.08920259773731232,-0.09135906398296356,0.0774434432387352,0.27243465185165405,-0.22965660691261292,0.40347862243652344,0.09864284843206406,0.29313772916793823,-0.0818679928779602,-0.30017855763435364,0.062468577176332474,0.24202343821525574,-0.20714938640594482,-0.057847678661346436,-0.06476956605911255,-0.1700783669948578,-0.06876853853464127,0.22409918904304504,-0.008822155185043812,-0.2267351597547531,-0.036454904824495316,-0.015818452462553978,0.013383397832512856,-0.18019571900367737,-0.20085307955741882,0.08524415642023087,-0.15775810182094574,0.06808210909366608,-0.010107052512466908,-0.15537336468696594,-0.09609530866146088,-0.29128092527389526,0.1324683129787445,-0.20386405289173126,0.10912781953811646,-0.23260562121868134,0.33654361963272095,-0.011254256591200829,-0.01480891089886427,0.09339702874422073,-0.17163695394992828,-0.08259700238704681,0.1186959519982338,0.17598582804203033,-0.29916030168533325,-0.1478852480649948,0.03122098371386528,-0.3518297076225281,-0.023133492097258568,-0.019054263830184937,0.1372734159231186,0.047565244138240814,0.13091382384300232,-0.12976586818695068,-0.004533255007117987,0.0190975870937109,0.17383790016174316,-0.18044039607048035,0.015121698379516602,-0.2245262861251831,-0.14553695917129517,-0.5439707040786743,0.1019221767783165,-0.2882729172706604,-0.006688153836876154,-0.1865755021572113,-0.04289573058485985,0.48750194907188416,0.2966194450855255,-0.012196237221360207,0.28641337156295776,0.03887670487165451,0.03667651116847992,0.0026364638470113277,-0.018370766192674637,0.1707952916622162,0.21717362105846405,-0.1904502809047699,-0.16463737189769745,-0.24082736670970917,0.00443835835903883,-0.1773041933774948,0.07436816394329071,0.08737295866012573,0.10126025974750519,-0.06145330145955086,-0.02884332463145256,-0.26162290573120117,0.00583798298612237,-0.019323598593473434,0.10955575853586197,-0.02340424619615078,-0.20697665214538574,-0.14491373300552368,0.294301301240921,-0.42211660742759705,0.1146969422698021,-0.22754907608032227,0.20767495036125183,-0.5300789475440979,0.3136289119720459,0.16700275242328644,-0.10929103195667267,-0.0949011892080307,0.10086500644683838,0.16484412550926208,-0.6924960613250732,-0.12737739086151123,0.22712644934654236,-0.07524091005325317,0.21965348720550537,-0.1332196593284607,0.19458119571208954,-0.11936688423156738
CID000005267,247,0.06827337294816971,0.0007238589460030198,0.13565081357955933,0.4050207734107971,-0.20744428038597107,0.23781529068946838,0.08294986933469772,0.532199501991272,0.07271067798137665,0.32636481523513794,-0.26558569073677063,-0.04383524879813194,-0.4039072096347809,0.2545260787010193,-0.13160166144371033,-0.03195500373840332,0.10248513519763947,0.03245198726654053,0.32429757714271545,-0.5516234040260315,0.344959557056427,-0.26794862747192383,0.18405091762542725,-0.7630765438079834,0.44062918424606323,0.3443726599216461,-0.25425025820732117,-0.022770008072257042,0.04381673410534859,0.36297640204429626,-0.025149816647171974,0.337471067905426,-0.0850791484117508,0.17762169241905212,-0.05064741522073746,0.1064453274011612,-0.08164173364639282,0.25483033061027527,0.2478993833065033,-0.20785784721374512,-0.10305263847112656,-0.04786108434200287,-0.04655405133962631,-0.28931888937950134,0.06401427090167999,0.15202738344669342,0.05635843798518181,-0.1913333684206009,-0.034266989678144455,-0.01669437251985073,0.49449557065963745,0.13116461038589478,-0.4127620756626129,0.012109577655792236,-0.05889014154672623,-0.17621444165706635,-0.1586279571056366,0.13094013929367065,0.11538378894329071,0.21387040615081787,-0.33552271127700806,-0.21396954357624054,0.07039746642112732,-0.013033231720328331,0.050692033022642136,0.4639866352081299,-0.14438624680042267,0.02976190485060215,0.051769714802503586,-0.2512332797050476,0.17327256500720978,-0.29745036363601685,-0.27727892994880676,-0.3342937231063843,-0.3943280279636383,-0.08581240475177765,-0.16193807125091553,0.0369563028216362,-0.10059411823749542,0.14773619174957275,0.23044709861278534,-0.33117395639419556,-0.2625589072704315,0.09716657549142838,0.27199119329452515,0.002314269542694092,0.12513597309589386,0.5284930467605591,-0.07357854396104813,-0.5862942934036255,0.2152695655822754,0.2561578154563904,-0.00656295707449317,-0.3025209605693817,-0.1841822862625122,-0.4538072943687439,-0.08604294061660767,0.03571838140487671,0.2927075922489166,0.060952078551054,-0.3447331190109253,0.089722640812397,-0.15745417773723602,0.46346670389175415,0.07590414583683014,0.02321864850819111,0.09127093851566315,-0.11252236366271973,0.378821462392807,0.28494372963905334,-0.029003119096159935,0.14091499149799347,0.007905262522399426,-0.24912849068641663,-0.1929873675107956,0.28300684690475464,-0.24736063182353973,0.01435320358723402,-0.3064172863960266,0.36218026280403137,0.5189414024353027,-0.20164552330970764,0.16021999716758728,0.2834378778934479,-0.02134941890835762,0.1973387748003006,0.2626586854457855,0.3737819194793701,0.7288762927055359,-0.05349158123135567,0.18019156157970428,-0.4722452759742737,-0.35641926527023315,0.17238937318325043,0.24944821000099182,0.06156259775161743,0.07874101400375366,0.19664952158927917,0.21517153084278107,-0.22696857154369354,-0.04365193471312523,0.37375515699386597,-0.21579425036907196,-0.04626069962978363,-0.012739896774291992,0.4920988976955414,-0.4550422728061676,0.43202391266822815,-0.32022640109062195,0.09691451489925385,0.2828857898712158,-0.40826159715652466,-0.49967560172080994,0.005231046583503485,-0.1535097062587738,0.0151430144906044,-0.19118306040763855,-0.4190298616886139,0.050187379121780396,0.2385372817516327,-0.29807764291763306,-0.24097886681556702,-0.04830839857459068,0.06390901654958725,0.18393178284168243,-0.09310005605220795,-0.011797839775681496,0.243621826171875,-0.21874427795410156,0.08227511495351791,-0.05303023010492325,-0.09819114953279495,-0.13762010633945465,-0.23802724480628967,0.017324620857834816,-0.003916415385901928,0.0567094087600708,-0.39068344235420227,0.42973360419273376,-0.20703551173210144,-0.15958449244499207,0.05368644744157791,-0.20376591384410858,-0.17272146046161652,0.5219765901565552,0.1248384565114975,-0.1944849044084549,0.014478480443358421,0.025286460295319557,-0.35527390241622925,-0.10405220836400986,0.09528510272502899,0.26019638776779175,-0.06963178515434265,0.06930841505527496,0.056993890553712845,0.03296045586466789,0.2133985012769699,0.014861082658171654,0.18285402655601501,0.0159132182598114,-0.4050061106681824,0.03184402734041214,-0.38585731387138367,0.3213261663913727,0.094534732401371,0.04653792455792427,-0.16183991730213165,0.3915024399757385,0.7052887082099915,0.28572914004325867,0.12892553210258484,0.4358952045440674,0.006923779845237732,0.28471091389656067,-0.1600339412689209,0.2221347987651825,0.27483323216438293,-0.010826368816196918,-0.026508498936891556,0.010111546143889427,0.3274569809436798,-0.3455016613006592,-0.5066353678703308,-0.27326521277427673,-0.06945015490055084,-0.21712593734264374,-0.7352849245071411,-0.19920891523361206,-0.11870589107275009,-0.003310650587081909,0.0771050751209259,0.22661948204040527,0.13040633499622345,0.1571243554353714,0.21977105736732483,0.47352486848831177,-0.30528274178504944,-0.06662724167108536,-0.1997462958097458,-0.15334615111351013,-0.5667368173599243,-0.19975677132606506,0.0627739205956459,-0.19121584296226501,-0.19106103479862213,0.10786928981542587,-0.1794651448726654,-0.6166406273841858,-0.04521706700325012,0.3818162977695465,-0.16325625777244568,-0.04749343916773796,-0.19116522371768951,-0.015498658642172813,-0.20381978154182434
CID000003222,250,-0.06158797815442085,0.11638502031564713,-0.0632350966334343,0.26789799332618713,-0.2856944501399994,0.11520717293024063,0.13081899285316467,0.33567172288894653,0.2001345157623291,0.1845056712627411,-0.1281089186668396,0.021924179047346115,-0.16085600852966309,0.2751428484916687,0.19899947941303253,-0.14080533385276794,-0.107244573533535,0.07084618508815765,-0.09983289241790771,-0.47275692224502563,-0.12174525111913681,-0.05045033618807793,0.045622196048498154,-0.7790324091911316,-0.2942199110984802,0.2044263631105423,-0.3512512743473053,-0.11491231620311737,-0.18336573243141174,0.44333139061927795,-0.3630966544151306,0.26507532596588135,-0.014569808728992939,-0.07171300798654556,0.06219915673136711,-0.17893564701080322,-0.06502565741539001,0.3576102554798126,0.22270750999450684,-0.18451984226703644,-0.044683028012514114,-0.1778041124343872,0.1892383098602295,-0.36946263909339905,0.13166768848896027,0.46773648262023926,-0.12913039326667786,0.1331004798412323,0.04794289916753769,-0.02506106160581112,0.3680323660373688,-0.1550213098526001,-0.29628831148147583,-0.10860073566436768,0.08783720433712006,-0.20989055931568146,-0.2532491385936737,0.2054257094860077,0.06044592708349228,-0.12621305882930756,-0.22643128037452698,-0.31538936495780945,0.22053095698356628,-0.20229144394397736,0.29145175218582153,0.42120295763015747,-0.4168086051940918,-0.026385683566331863,0.10402240604162216,0.06631399691104889,-0.05631523206830025,-0.11087121814489365,-0.38971051573753357,-0.1878989338874817,-0.2082747519016266,0.010648846626281738,0.12683534622192383,0.0420263409614563,-0.1854076087474823,-0.07961094379425049,0.42295512557029724,-0.20374944806098938,-0.5215166807174683,0.28918981552124023,0.3083018958568573,-0.3219016194343567,0.08142264932394028,0.2785159945487976,0.04642840102314949,-0.6718912124633789,-0.08264799416065216,0.3996679484844208,0.012522837147116661,-0.08431188017129898,-0.06882642954587936,-0.37971216440200806,-0.15153208374977112,-0.05845307558774948,0.03281566500663757,0.06962302327156067,-0.32146573066711426,-0.030969273298978806,0.03916994109749794,0.3884070813655853,0.17525260150432587,-0.008310623466968536,0.10924811661243439,0.05420638248324394,0.40738266706466675,0.15172474086284637,-0.027722930535674095,0.24869434535503387,-0.3363599479198456,-0.10026581585407257,0.17990323901176453,0.395489364862442,-0.08323778957128525,0.017662357538938522,-0.06718233227729797,0.04935609921813011,0.6673520803451538,0.024963630363345146,0.3392598032951355,0.4817924499511719,0.05053099989891052,0.06291913986206055,0.11795498430728912,-0.21969132125377655,0.3198472559452057,0.0665055513381958,-0.007912931963801384,-0.37582701444625854,-0.3098037540912628,0.05417441204190254,0.3577445447444916,0.20247168838977814,0.10595902055501938,0.2113001048564911,0.1638287752866745,-0.15826241672039032,-0.3686176836490631,0.3356097638607025,-0.07021237909793854,-0.16934050619602203,0.1374770551919937,0.03570008650422096,0.02269648015499115,0.3690710663795471,0.16275198757648468,0.3370959162712097,0.10912569612264633,-0.129497230052948,0.3749450743198395,-0.10979218780994415,-0.270786851644516,-0.2665601074695587,0.0055394829250872135,-0.4046963155269623,0.3249545693397522,0.34267598390579224,0.03894316405057907,0.20312392711639404,0.14579227566719055,-0.22743749618530273,-0.02123028039932251,0.1044730544090271,-0.2990504801273346,0.035644225776195526,0.1243397444486618,0.26276424527168274,0.19751694798469543,-0.21558313071727753,0.03195878863334656,-0.41452279686927795,0.023262951523065567,0.0814262181520462,0.03975013643503189,-0.2912795841693878,0.44643741846084595,0.0828176960349083,0.08479569852352142,-0.03514065593481064,-0.16188764572143555,-0.1663135588169098,0.6549242734909058,0.14170119166374207,-0.29707735776901245,0.2808687686920166,0.06276820600032806,-0.4132932126522064,-0.32081565260887146,0.2382374256849289,0.14499028027057648,0.017931658774614334,0.3361419439315796,-0.016736149787902832,0.26047417521476746,-0.03238088637590408,0.0753750130534172,0.05795352905988693,0.1545577347278595,-0.3008461594581604,-0.07796026766300201,-0.3218344449996948,-0.01146632432937622,-0.19178254902362823,-0.20445308089256287,0.22549565136432648,0.0003458231803961098,0.48972782492637634,0.4687716066837311,0.15078456699848175,0.3361997604370117,0.45336484909057617,0.034252017736434937,-0.11343381553888321,0.11823998391628265,0.09664221107959747,0.03255856782197952,-0.2641776502132416,-0.10419853776693344,0.024990612640976906,-0.15538839995861053,-0.31246107816696167,-0.13673135638237,-0.04380597919225693,-0.058760661631822586,-0.40412449836730957,-0.2675419747829437,0.05788169056177139,-0.03828100115060806,0.27172836661338806,0.4007372260093689,0.14859671890735626,0.10258908569812775,0.013822004199028015,0.2763580083847046,-0.3178696036338806,-0.04790421575307846,-0.25863713026046753,0.23353290557861328,-0.4854622781276703,0.234454944729805,0.16349327564239502,-0.017861586064100266,0.08023185282945633,0.05537213012576103,0.003870368003845215,-0.5675438046455383,-0.3601246476173401,0.43367162346839905,0.04676077514886856,0.019883085042238235,-0.13453558087348938,-0.07647721469402313,0.09996958076953888
CID000002576,251,0.24668729305267334,-0.1482546180486679,0.23817801475524902,0.4586063325405121,-0.45764923095703125,0.06610830128192902,0.05661926418542862,0.01647348329424858,0.018547240644693375,0.35266348719596863,0.01944156363606453,0.17291948199272156,-0.0615110769867897,0.010724032297730446,-0.12759295105934143,0.09503313153982162,-0.02080746926367283,-0.20737393200397491,-0.01330379955470562,-0.5293909311294556,-0.04888444393873215,-0.24729983508586884,0.14589416980743408,-0.7679020762443542,-0.0240060742944479,0.1242290586233139,-0.12347394227981567,-0.13175202906131744,-0.06313016265630722,0.15594854950904846,0.10898198187351227,0.2449844777584076,-0.2949954867362976,-0.05652271956205368,0.0011236101854592562,-0.041496362537145615,-0.059199701994657516,0.1755552440881729,0.05813761427998543,0.013435917906463146,-0.019294124096632004,-0.11652247607707977,-0.0975610688328743,-0.3209109902381897,-0.2586243748664856,0.3772624731063843,0.03660544008016586,-0.022408636286854744,0.1307624876499176,0.08320584893226624,0.4207290709018707,0.03822425752878189,-0.16484522819519043,0.258268266916275,0.22335176169872284,-0.19900576770305634,0.12102806568145752,0.26258182525634766,0.12505310773849487,0.02792959287762642,-0.1700165569782257,-0.33224743604660034,-0.15955691039562225,-0.2305457890033722,0.0691024661064148,0.2645415663719177,-0.14927062392234802,-0.09520094096660614,0.18220937252044678,0.2684646546840668,0.17143364250659943,0.1417994499206543,-0.3178078532218933,-0.36241674423217773,-0.06445519626140594,0.15177008509635925,0.16910234093666077,-0.24218308925628662,0.07570905983448029,-0.08899764716625214,0.12501190602779388,-0.702489972114563,-0.23555989563465118,0.2557046413421631,0.1275912970304489,-0.0039862156845629215,0.22448639571666718,0.059962254017591476,0.307810515165329,-0.5944751501083374,-0.151463121175766,0.21573472023010254,0.005345738027244806,-0.021588366478681564,0.15198758244514465,-0.1934162974357605,-0.18046197295188904,-0.07793815433979034,0.08595125377178192,0.3296333849430084,-0.026851197704672813,0.03707722947001457,-0.06257651001214981,0.1806107759475708,0.12893469631671906,0.10516472905874252,-0.035506557673215866,5.241632607067004e-05,0.6095949411392212,0.04110755771398544,-0.1718856394290924,0.10650677978992462,-0.08122114837169647,-0.16158044338226318,0.0012489676009863615,0.2649691700935364,-0.06449107080698013,-0.13769027590751648,0.053835440427064896,0.18468540906906128,0.697546124458313,-0.2765413224697113,0.19804508984088898,-0.05291377380490303,0.0249421838670969,0.08898191899061203,0.030424904078245163,-0.006790793035179377,0.07616181671619415,0.07000482082366943,0.24072261154651642,-0.6628974080085754,-0.33611902594566345,0.1502343714237213,0.146890327334404,-0.07364644855260849,-0.002148380968719721,0.16053281724452972,0.07159813493490219,-0.5425976514816284,-0.18499153852462769,-0.041144274175167084,-0.06062552332878113,-0.07140477746725082,-0.11012537777423859,0.09339872002601624,0.24710190296173096,0.5251418352127075,0.056305378675460815,0.09912943094968796,0.047545336186885834,-0.5140314102172852,0.02132590487599373,0.14823439717292786,-0.2851330637931824,0.019650567322969437,-0.08167722076177597,-0.24846665561199188,-0.09885474294424057,0.11560605466365814,0.24057212471961975,0.0016988962888717651,-0.09811238199472427,0.12407221645116806,0.06590026617050171,0.0006291031604632735,-0.17472705245018005,0.2602485716342926,0.09446533769369125,0.2598973214626312,-0.040597449988126755,-0.15507932007312775,-0.2963411808013916,-0.24130800366401672,0.0073221297934651375,0.016224658116698265,0.23107030987739563,-0.11617215722799301,0.4291843771934509,0.019400905817747116,0.16472452878952026,0.3440174162387848,-0.08146481961011887,-0.15489855408668518,0.24993553757667542,0.18022504448890686,-0.17969855666160583,-0.22645318508148193,-0.22558923065662384,-0.2509142756462097,0.01450812816619873,0.24838797748088837,0.26539385318756104,-0.13469824194908142,0.10107891261577606,-0.14997194707393646,0.11966180801391602,-0.09553331136703491,-0.04125780984759331,-0.07337310165166855,-0.08375929296016693,-0.3442757725715637,0.10829813778400421,-0.36425846815109253,-0.07858458906412125,0.08237462490797043,-0.2059137374162674,0.10098495334386826,0.09976684302091599,0.41186824440956116,0.2091718465089798,0.24205031991004944,0.2991896867752075,0.18654903769493103,0.15602639317512512,-0.3193463385105133,0.009121534414589405,0.40630674362182617,0.14213167130947113,0.028920704498887062,0.14040014147758484,-0.04933929443359375,0.12057852745056152,-0.22201399505138397,-0.010773229412734509,-0.03764621540904045,-0.19272851943969727,-0.069510817527771,0.05940209701657295,-0.09429468959569931,0.07133916765451431,0.14959926903247833,0.22235870361328125,0.02089761570096016,0.026366781443357468,0.15971359610557556,0.5532245635986328,-0.25844499468803406,-0.012181774713099003,-0.12212634086608887,0.17070229351520538,-0.3227151334285736,-0.02900988981127739,0.3590640127658844,-0.15017551183700562,0.023485422134399414,0.11548294126987457,0.1623678356409073,-0.7435809373855591,-0.17515422403812408,0.19487668573856354,-0.09397679567337036,0.144366055727005,-0.28901124000549316,0.029052570462226868,0.0006701707607135177
CID000002462,254,0.3857785761356354,-0.24615821242332458,0.2609173655509949,0.6243866682052612,-0.11163093894720078,-0.06282506883144379,-0.37419578433036804,0.32713782787323,0.13704809546470642,0.2811047434806824,0.08554644882678986,-0.31289607286453247,-0.1467682123184204,0.07399819791316986,0.31407028436660767,0.13984127342700958,-0.14890465140342712,-0.4525120258331299,-0.30074602365493774,-0.7064467668533325,0.11164844036102295,-0.13483333587646484,0.23521177470684052,-1.023463249206543,0.15242119133472443,0.03402281180024147,-0.2431132048368454,-0.22824838757514954,0.20708195865154266,0.15593647956848145,-0.057781606912612915,0.38453444838523865,-0.14138785004615784,0.09937313199043274,-0.09409570693969727,0.11170633137226105,0.06880158185958862,-0.2581232488155365,-0.1928735226392746,-0.13865073025226593,0.04051095247268677,0.3867274224758148,-0.07099491357803345,-0.13226085901260376,-0.008606771938502789,0.2739831805229187,-0.12640336155891418,-0.06591658294200897,0.6603919267654419,0.2214919775724411,0.4995768964290619,0.18471182882785797,-0.3277413249015808,-0.08805210888385773,-0.07126478105783463,-0.3174647390842438,-0.1354735642671585,-0.1592644453048706,0.1529100388288498,0.1005873903632164,-0.048193056136369705,-0.22337862849235535,-0.06857363134622574,-0.10868425667285919,0.13463886082172394,0.6006982922554016,-0.059430427849292755,0.1818995475769043,-0.03645152598619461,-0.4516422748565674,0.17152848839759827,-0.0038547739386558533,0.0640837550163269,-0.2932071089744568,-0.12169946730136871,0.12837722897529602,-0.13300837576389313,0.21330805122852325,-0.04836808890104294,0.17861787974834442,0.22373545169830322,-0.344363272190094,-0.3882022798061371,0.11338841915130615,-0.003362408373504877,0.0333174392580986,0.4303510785102844,0.10298000276088715,0.15413689613342285,-1.161942481994629,0.03406061232089996,0.4719979763031006,-0.10017275810241699,-0.16396522521972656,0.014880564995110035,-0.42414698004722595,0.48865967988967896,-0.014008695259690285,-0.0473506823182106,0.63358473777771,-0.02867824211716652,0.8016529083251953,0.15030737221240997,0.35409051179885864,-0.39068901538848877,-0.11327555030584335,-0.14835888147354126,-0.058489520102739334,0.5551950931549072,0.048008032143116,-0.32171210646629333,0.3180449903011322,0.2816581130027771,-0.21519804000854492,-0.0474344827234745,0.37829750776290894,-0.23927465081214905,-0.22171461582183838,-0.037237830460071564,0.05891486257314682,0.8830092549324036,-0.44388628005981445,-0.04055573418736458,0.2355196475982666,-0.04986745864152908,-0.08883605897426605,0.16538283228874207,-0.08079718798398972,0.4232447147369385,0.12512066960334778,0.3311118483543396,-0.5731407999992371,-0.29557567834854126,0.3897669315338135,0.16621911525726318,0.2457636147737503,0.17544642090797424,0.08620703220367432,-0.19042044878005981,-0.3555682301521301,-0.04241376370191574,0.19961115717887878,-0.26555773615837097,-0.04090794175863266,-0.12142231315374374,0.009002757258713245,0.08138407766819,0.6713016033172607,-0.05430076643824577,0.143709197640419,0.1348472386598587,-0.7099021077156067,-0.13147057592868805,0.22868773341178894,-0.2902114987373352,0.05552249029278755,-0.15453267097473145,-0.25187039375305176,0.12269271910190582,0.2606181204319,-0.1046864241361618,-0.1345691829919815,0.08375038206577301,-0.020138442516326904,-0.22914905846118927,-0.2783326804637909,-0.13028940558433533,-0.0805758684873581,0.1613968461751938,-0.12378032505512238,-0.15517449378967285,0.10147456079721451,-0.3013487160205841,-0.38797131180763245,-0.17843714356422424,0.08351844549179077,0.36537593603134155,-0.14876672625541687,0.7552388906478882,0.08294898271560669,-0.22621473670005798,0.028650185093283653,-0.04147662594914436,-0.22926239669322968,0.7109692096710205,-0.06973497569561005,-0.6876281499862671,-0.09157176315784454,0.10153885185718536,-0.25558486580848694,0.07407711446285248,0.053955595940351486,-0.035619091242551804,-0.20441606640815735,0.1147385984659195,0.14569851756095886,0.013371509499847889,0.3855438828468323,-0.06141170114278793,0.12124879658222198,0.09681732952594757,-0.32795262336730957,0.14436787366867065,-0.43735212087631226,0.07371976226568222,-0.17173564434051514,-0.06140557676553726,-0.12047241628170013,0.46214279532432556,0.711341142654419,0.3196790814399719,0.15714295208454132,0.0994243323802948,-0.030608508735895157,-0.07344264537096024,-0.3511205315589905,0.4811197817325592,0.10264404863119125,0.12610861659049988,-0.05180228501558304,0.030678581446409225,-0.08590146154165268,-0.03244855999946594,-0.35558342933654785,0.3024061322212219,-0.11758265644311905,0.1935427486896515,-0.07471828162670135,0.1370714157819748,0.634904682636261,0.16682930290699005,0.3804923892021179,0.03844590112566948,0.07736445218324661,0.13025332987308502,0.131626158952713,0.5692598819732666,-0.585952639579773,-0.17122235894203186,-0.3078373968601227,0.013418003916740417,-0.7421873807907104,-0.1415889412164688,-0.0033328980207443237,-0.11092302948236465,-0.04889567941427231,-0.14654460549354553,-0.0056847818195819855,-0.8497791290283203,-0.3156817853450775,0.07910849899053574,0.39920467138290405,-0.10955019295215607,0.0333729162812233,-0.05672990158200264,0.003646268742159009
CID000176168,255,0.26653438806533813,-0.3410387933254242,0.03816680237650871,0.5893873572349548,-0.5597016215324402,-0.028365228325128555,0.29559439420700073,0.11604861170053482,-0.09207256138324738,0.1339610517024994,-0.05313039943575859,-0.893783450126648,-0.4563595652580261,0.3970060646533966,0.05625208094716072,0.3012159466743469,0.1896761953830719,0.016293581575155258,0.12612120807170868,-0.7097541093826294,0.42222172021865845,-0.09398280084133148,-0.08682848513126373,-0.7277188897132874,-0.0010417342418804765,-0.17719325423240662,0.16477283835411072,-0.13164067268371582,-0.14979662001132965,0.058035708963871,0.1840001791715622,0.15811392664909363,-0.021521028131246567,-0.099628746509552,0.09853748977184296,0.13510648906230927,-0.28534770011901855,0.07985757291316986,-0.28533440828323364,0.04000772163271904,-0.2883526682853699,0.11061906814575195,-0.30601462721824646,0.005349037237465382,0.11309602111577988,0.32254886627197266,0.21177005767822266,0.17462758719921112,-0.20455530285835266,0.08102353662252426,0.719330906867981,-0.018386030569672585,-0.05602548271417618,0.16977092623710632,-0.029827695339918137,0.06473538279533386,0.641558051109314,-0.009928512386977673,1.2282164096832275,0.04320833086967468,-0.12153708934783936,-0.35940369963645935,-0.04474741220474243,0.08939298242330551,-0.05500221252441406,0.5940021872520447,-0.39421412348747253,-0.08005623519420624,0.32765161991119385,0.07579713314771652,-0.29850032925605774,-0.4286302924156189,-0.2401762753725052,-0.22665956616401672,-0.28456220030784607,0.38869935274124146,0.10178361088037491,-0.2571956515312195,-0.07231785356998444,0.08124838024377823,0.43064436316490173,-0.824371337890625,-0.31357473134994507,0.054300956428050995,-0.05009818077087402,-0.03165068477392197,-0.008119968697428703,0.23195724189281464,-0.1199248656630516,-0.7839504480361938,0.12774991989135742,-0.07668541371822357,-0.02353287860751152,-0.25271493196487427,0.3193522095680237,-0.031493060290813446,0.046285949647426605,-0.049243368208408356,-0.15162663161754608,0.1430695652961731,-0.3671703636646271,0.12308220565319061,-0.09837658703327179,0.09072455763816833,0.08971910178661346,0.07461108267307281,-0.24030068516731262,0.13241705298423767,0.6967241168022156,0.5951038599014282,-0.06920047104358673,0.18960687518119812,0.692131519317627,-0.4425824284553528,0.37619519233703613,0.06230635195970535,-0.04958495497703552,-0.3964289128780365,0.13618701696395874,0.04628629982471466,1.1061688661575317,-0.3946141302585602,0.18162968754768372,-0.14645139873027802,-0.047160446643829346,0.07472817599773407,0.017691349610686302,-0.0048373700119555,0.09556368738412857,0.3640098571777344,0.12860774993896484,-0.747640073299408,-0.5820609927177429,-0.02320227585732937,0.2282816469669342,0.3490511178970337,0.0775691568851471,0.47606825828552246,-0.1789078265428543,0.061657149344682693,-0.0037824511528015137,0.338715136051178,-0.006396746728569269,0.1437627226114273,0.22862789034843445,0.0688854306936264,-0.04037103056907654,0.9111150503158569,-0.22614209353923798,-0.08526154607534409,0.15088045597076416,-0.7959101796150208,-0.12079952657222748,0.08532337844371796,0.07266447693109512,0.1574401557445526,-0.01996215060353279,-0.14914420247077942,-0.18970887362957,-0.04085143655538559,0.107783243060112,0.1260322779417038,-0.1906646341085434,0.10241566598415375,0.2609066367149353,0.12452248483896255,-0.07065697014331818,0.064302459359169,-0.12245465815067291,0.15399545431137085,0.13256965577602386,-0.13603127002716064,0.324646919965744,-0.2483273446559906,0.3515753448009491,-0.33494696021080017,-0.03189371898770332,-0.2525331377983093,0.6987173557281494,0.011030292138457298,-0.364654541015625,0.22767002880573273,-0.12965284287929535,0.061653535813093185,0.3259306848049164,0.06579357385635376,-0.028603753075003624,-0.07128268480300903,0.34457045793533325,-0.21649031341075897,-0.20052006840705872,-0.1667112559080124,0.2763100266456604,-0.5331279635429382,0.16220177710056305,0.01724485121667385,0.0721127837896347,0.13849368691444397,0.4091463088989258,0.30596739053726196,-0.36297768354415894,-0.4060134291648865,0.051885850727558136,-0.10771524906158447,0.09891261905431747,0.19182924926280975,-0.2977370619773865,0.039065368473529816,0.28721120953559875,0.6467487215995789,0.3011014461517334,0.03838491812348366,0.1897241622209549,-0.1123032346367836,-0.022906016558408737,-0.05134109780192375,0.2052493840456009,0.7232626080513,0.020030487328767776,0.5734043717384338,-0.04114384204149246,0.007629471831023693,0.2485252171754837,-0.18843898177146912,-0.18562635779380798,-0.12419380247592926,-0.0753510594367981,-0.12985479831695557,-0.2392387092113495,0.11953073740005493,-0.13337165117263794,0.3026343584060669,0.3055330812931061,-0.03665444999933243,-0.3776565492153168,-0.09922711551189423,0.801148533821106,-0.24497541785240173,0.1000756174325943,-0.3140872120857239,-0.550564706325531,-0.8424386978149414,0.47212010622024536,0.40556424856185913,0.046697668731212616,0.05496219918131828,-0.27450835704803467,-0.04168811812996864,-1.0929296016693115,-0.7756563425064087,0.15090905129909515,-0.3206270933151245,-0.07789236307144165,-0.16528074443340302,-0.10099436342716217,-0.10264410823583603
CID000002658,256,0.5924028158187866,-0.08961965143680573,0.1521821916103363,0.35249626636505127,-0.6827250719070435,0.07903873920440674,0.16686199605464935,0.30289775133132935,0.01915305107831955,0.5787452459335327,0.07029211521148682,-0.1985163390636444,-0.0031173345632851124,0.3868504762649536,0.03358636423945427,0.13931596279144287,-0.1158633828163147,-0.29803481698036194,0.3166332542896271,-0.47207769751548767,0.10847651958465576,-0.06674043834209442,-0.0893537625670433,-1.0189495086669922,-0.021591294556856155,-0.04109189659357071,-0.3693771958351135,0.0026306987274438143,0.34696653485298157,0.2682405114173889,0.06388631463050842,0.24291908740997314,0.07128403335809708,0.17124927043914795,0.13841409981250763,0.012159871868789196,0.06616084277629852,0.3520330786705017,0.1655583381652832,0.25513797998428345,-0.16838404536247253,0.07922874391078949,0.16104714572429657,-0.12467502057552338,-0.02965223230421543,0.05401735380291939,0.05318482592701912,-0.049547888338565826,0.021051133051514626,0.9239886999130249,0.6450450420379639,-0.016011005267500877,0.06986355781555176,-0.17283299565315247,0.01513758860528469,-0.01582452282309532,0.672510027885437,0.05739188194274902,0.7629649043083191,-0.013706913217902184,-0.08965815603733063,-0.4296073317527771,-0.053499508649110794,-0.3066062331199646,0.07053108513355255,0.680708646774292,0.1756768524646759,0.008158653974533081,0.2781394422054291,0.16329345107078552,0.1434166431427002,0.022518182173371315,-0.135321706533432,-0.47189807891845703,0.15127207338809967,0.5686003565788269,0.08741039037704468,-0.4429948329925537,-0.11674503237009048,-0.03488334268331528,-0.030277127400040627,-0.5421309471130371,-0.3601457178592682,-0.13774681091308594,-0.05378113314509392,-0.3280407190322876,0.28189313411712646,-0.008468110114336014,-0.26869261264801025,-1.048784852027893,0.05337406322360039,0.6164041757583618,-0.14264634251594543,0.3295726180076599,0.11110226809978485,-0.4276331961154938,-0.00910961627960205,0.04494428634643555,-0.007081858813762665,0.3342253267765045,0.2361045628786087,0.27222466468811035,0.14256443083286285,0.23791027069091797,-0.7417365312576294,0.0931905210018158,0.17902269959449768,-0.007591943256556988,0.34425032138824463,-0.05964021757245064,-0.2656412720680237,0.34140485525131226,0.15993346273899078,-0.4889327585697174,-0.01605176366865635,0.19970376789569855,-0.4871024191379547,-0.09531393647193909,0.10616667568683624,-0.33308979868888855,0.9255663752555847,-0.4041609764099121,-0.06788841634988785,0.2703198194503784,-0.06792567670345306,0.13679572939872742,0.07528264075517654,-0.18302097916603088,-0.0010415747528895736,0.15272125601768494,-0.021772028878331184,-0.8843500018119812,-0.6385222673416138,0.3816775679588318,0.2903423309326172,0.10735545307397842,0.03197674825787544,0.3947683870792389,0.08213914185762405,-0.35208040475845337,-0.27967485785484314,0.40137845277786255,0.012280230410397053,0.19362470507621765,-0.12737756967544556,0.1977209597826004,-0.47343045473098755,0.891846776008606,-0.12388630956411362,0.13714945316314697,-0.00681110005825758,-0.7532762289047241,-0.014142578467726707,0.12426803261041641,-0.3418322205543518,-0.3379015028476715,0.03309667855501175,-0.22574560344219208,-0.1137688010931015,0.2511141300201416,0.057463668286800385,-0.05764741450548172,-0.1331639140844345,-0.03768990933895111,-0.19416183233261108,0.047761354595422745,0.2204224318265915,0.3861868977546692,-0.48999500274658203,-0.030892860144376755,0.20865324139595032,-0.1294967234134674,0.0006264671683311462,-0.08066757023334503,-0.053439535200595856,-0.06504030525684357,-0.09011197835206985,0.14749392867088318,0.784339427947998,-0.09500555694103241,-0.22415049374103546,-0.12939493358135223,-0.1451648771762848,-0.24002745747566223,-0.06183246523141861,0.16967588663101196,-0.3029823303222656,-0.011377403512597084,0.22072958946228027,-0.5705004334449768,-0.2018522322177887,0.15953429043293,0.11534705013036728,-0.31221359968185425,0.03861410170793533,-0.1045183390378952,0.43094030022621155,-0.2266559600830078,-0.027551501989364624,-0.1318429559469223,-0.364940345287323,-0.39425697922706604,1.1541261672973633,-0.679719865322113,-0.020856225863099098,0.3618793487548828,-0.13508208096027374,-0.11900211870670319,0.9060420989990234,0.448955237865448,0.502113401889801,0.21514371037483215,-0.2365144044160843,0.4059005677700043,-0.03767518326640129,-0.3771522641181946,-0.09594296663999557,0.27695363759994507,-0.2783653140068054,-0.12293116748332977,0.014506569132208824,-0.41054636240005493,0.13635900616645813,-0.4030091166496277,-0.14533837139606476,0.07450983673334122,0.1040840744972229,0.0050432696007192135,0.22183027863502502,0.18646785616874695,0.10274271667003632,0.2818071246147156,-0.45664769411087036,0.26501595973968506,0.07902846485376358,-0.007221335079520941,1.0994789600372314,-0.7152405381202698,-0.21482694149017334,-0.4568656384944916,0.03179740160703659,-0.5883745551109314,0.015734288841485977,0.05150705575942993,-0.5178672671318054,0.10259293019771576,-0.037570931017398834,0.44298648834228516,-0.8207561373710632,-0.08004435151815414,-0.04132518917322159,-0.366899311542511,-0.03228706866502762,-0.0983617901802063,0.09214888513088226,0.07359252870082855
CID000068740,257,0.20621207356452942,-0.19090591371059418,-0.07920517027378082,0.3400064706802368,-0.3539202809333801,-0.006816400680691004,0.242936372756958,0.169266477227211,0.10539805889129639,0.24595856666564941,0.022434312850236893,-0.1039997786283493,-0.015390370972454548,-0.011616921052336693,-0.10106614977121353,0.003595292568206787,-0.06688059866428375,-0.01827630028128624,0.11088132858276367,-0.421480268239975,0.12467441707849503,-0.2723248600959778,0.07736624032258987,-0.7069945335388184,0.07656937092542648,0.175845667719841,0.008160573430359364,-0.0819760113954544,-0.08817432075738907,0.1364152729511261,-0.09682576358318329,0.34056854248046875,0.1809735745191574,-0.12166742980480194,-0.07612337172031403,0.06792967021465302,0.26665565371513367,0.140006422996521,0.2537008225917816,-0.15128162503242493,-0.07200068235397339,-0.33668389916419983,0.24351933598518372,-0.023673225194215775,-0.20422308146953583,0.25912779569625854,0.06745869666337967,-0.05000820755958557,0.1293816864490509,0.1441662609577179,0.2628851532936096,0.044719189405441284,-0.13753469288349152,0.24460092186927795,-0.026505667716264725,0.081563301384449,0.05175293609499931,0.1214386448264122,0.1634414941072464,-0.1534690260887146,-0.31155797839164734,-0.3389520049095154,0.17854878306388855,-0.020537788048386574,0.15320871770381927,0.3589257597923279,-0.25387799739837646,0.09738107770681381,0.18722300231456757,-0.025652766227722168,0.1424197405576706,-0.18648235499858856,-0.4830420911312103,-0.35795873403549194,-0.08426624536514282,0.2010146677494049,-0.08289118111133575,0.11670918762683868,0.04650857299566269,-0.08160191774368286,0.22262975573539734,-0.7088056802749634,-0.26793354749679565,0.19917652010917664,-0.08791767805814743,0.03631044179201126,0.03675173595547676,0.11076875030994415,-0.19570955634117126,-0.7211580276489258,-0.11052284389734268,0.19528134167194366,0.057896364480257034,0.04391220957040787,0.2585905194282532,-0.27647095918655396,-0.37977731227874756,-0.16752095520496368,-0.09754742681980133,0.05189930275082588,-0.09513308852910995,0.12209005653858185,-0.04773702099919319,0.3374454081058502,0.19546779990196228,0.04376327246427536,-0.21448436379432678,0.00878133811056614,0.5455316305160522,-0.16067060828208923,-0.14388766884803772,0.11551123857498169,0.053048133850097656,-0.106758251786232,-0.01580035127699375,0.09641383588314056,0.09610550105571747,0.006364339496940374,-0.05686072260141373,0.08327291905879974,0.6735895276069641,-0.20004959404468536,0.18409021198749542,0.04713602736592293,-0.08203799277544022,0.2171943634748459,-0.0005747050163336098,0.02913910523056984,0.21220698952674866,0.18299025297164917,0.07068394869565964,-0.6129497289657593,-0.31833821535110474,0.035214655101299286,0.17653629183769226,-0.1472073644399643,0.10689137876033783,0.3625033497810364,-0.09003521502017975,-0.25287461280822754,-0.23327918350696564,0.09604497253894806,-0.10918916761875153,-0.05893789604306221,0.04525093361735344,0.06960822641849518,-0.012809276580810547,0.4343740940093994,-0.11565536260604858,0.3280777931213379,0.12596234679222107,-0.2789234220981598,0.02095191553235054,0.14752423763275146,-0.3516085743904114,-0.18972983956336975,0.004175317008048296,-0.07402120530605316,0.08951921761035919,0.2313317358493805,-0.271911084651947,0.14475557208061218,-0.05551000311970711,0.26590901613235474,-0.11327290534973145,-0.03987972065806389,-0.19452087581157684,0.05483172461390495,-0.027658671140670776,0.27595776319503784,0.06940682232379913,-0.10970702022314072,-0.1517677754163742,-0.1910700500011444,0.036056745797395706,-0.03490035980939865,0.08049766719341278,-0.13614146411418915,0.3410722613334656,0.01294641476124525,0.24037989974021912,0.176731675863266,-0.07605399191379547,-0.03403105214238167,0.31100404262542725,0.25033730268478394,-0.1781349927186966,0.15485771000385284,-0.204358771443367,-0.33363181352615356,-0.14207583665847778,0.014859813265502453,0.33384937047958374,-0.019445408135652542,0.19777782261371613,-0.16059687733650208,0.05188101530075073,0.09310967475175858,-0.006246054079383612,0.24173274636268616,0.2200247049331665,-0.35338836908340454,0.02806783840060234,-0.17766375839710236,0.02261580154299736,-0.11702334880828857,-0.09473921358585358,0.10985567420721054,-0.09077952057123184,0.3620952069759369,0.2884058356285095,0.329179584980011,0.20101746916770935,-0.04730594903230667,0.1741602122783661,-0.1733412742614746,-0.1776340901851654,0.15449407696723938,0.09370874613523483,0.07843883335590363,0.08959322422742844,-0.2814165949821472,0.20969727635383606,-0.24315862357616425,-0.16580204665660858,-0.22327879071235657,0.019124101847410202,-0.12019777297973633,0.12448596954345703,-0.03275657817721367,-0.040469467639923096,-0.09392887353897095,0.32358232140541077,-0.010933084413409233,-0.17777857184410095,-0.023715674877166748,0.3479388952255249,-0.4886442720890045,0.059907566756010056,-0.1455298364162445,-0.045398782938718796,-0.4187495708465576,0.06202313303947449,0.39037513732910156,0.18424442410469055,-0.05662500858306885,0.07999733835458755,-0.07676760107278824,-0.7191098928451538,-0.05815507099032402,0.13009227812290192,-0.2965121567249298,0.018798545002937317,-0.4558382034301758,-0.08087821304798126,0.03683677315711975
CID000002955,260,0.03693925589323044,-0.05783117935061455,0.13229820132255554,0.2970319986343384,-0.5282057523727417,0.05000803992152214,0.31778398156166077,0.3889186978340149,-0.20208585262298584,0.3910205662250519,0.15605872869491577,-0.14647862315177917,-0.23889966309070587,0.24273011088371277,-0.09563875943422318,-0.19272837042808533,-0.056752800941467285,0.1001516804099083,0.029367581009864807,-0.38799840211868286,0.00014288575039245188,-0.16483500599861145,-0.10379799455404282,-0.7849947810173035,0.147358238697052,0.007613226771354675,-0.2982001304626465,-0.005521172191947699,-0.12155114114284515,0.0577111653983593,-0.05853065848350525,0.22174081206321716,0.30646035075187683,0.08150909096002579,0.004358120262622833,-0.1691262125968933,0.32780760526657104,0.08715616166591644,0.2513878345489502,0.033157095313072205,-0.17312657833099365,-0.18891791999340057,0.16348204016685486,-0.16766773164272308,-0.2154029905796051,0.27746644616127014,0.09558986127376556,-0.02934126928448677,0.2005753070116043,0.09809600561857224,0.30331841111183167,0.1950957477092743,-0.2524207532405853,-0.02104782685637474,-0.07617181539535522,-0.07939334958791733,0.2730560898780823,0.19749073684215546,0.3265954256057739,0.0929218977689743,-0.45710769295692444,-0.29037901759147644,0.06390156596899033,0.006755417678505182,0.22903959453105927,0.3712674081325531,-0.2366379201412201,-0.14860586822032928,0.24054944515228271,0.08160629123449326,0.08862434327602386,-0.15835294127464294,-0.2834680676460266,-0.5430779457092285,-0.1121237725019455,0.03849190101027489,-0.1378188133239746,-0.03034372068941593,-0.023425104096531868,-0.10275956243276596,0.01840873621404171,-0.6676696538925171,-0.3616138994693756,0.27793413400650024,0.24001570045948029,-0.06665357947349548,-0.025311633944511414,0.45118647813796997,-0.24456915259361267,-0.7376388311386108,-0.031088311225175858,0.08130224049091339,0.011596450582146645,0.024650776758790016,0.18395930528640747,-0.28258365392684937,-0.3005858361721039,-0.1840267777442932,-0.2512350082397461,-0.05405528098344803,-0.10204287618398666,0.08392886072397232,0.04098275676369667,0.4552476406097412,0.19003203511238098,-0.030768156051635742,-0.2056131362915039,-0.035243816673755646,0.3904723525047302,-0.11109279096126556,0.0016481385100632906,0.04751203954219818,-0.11184046417474747,-0.24741999804973602,0.03667258471250534,0.1782655417919159,-0.02931728959083557,-0.015735507011413574,-0.048114798963069916,0.05689278990030289,0.6248807907104492,-0.23818175494670868,0.19702576100826263,0.14492829144001007,-0.012122148647904396,0.2136586457490921,-0.11531033366918564,-0.018049493432044983,0.12869596481323242,0.12353154271841049,0.22678688168525696,-0.4934763014316559,-0.3884073793888092,0.1389632523059845,0.37665802240371704,-0.153448686003685,-0.2225739061832428,0.3598547577857971,-0.09914475679397583,-0.23885898292064667,-0.3288949429988861,0.2656014859676361,-0.03378792852163315,-0.21426889300346375,0.04063607379794121,0.037464600056409836,0.025892551988363266,0.34726688265800476,-0.029139656573534012,0.23827700316905975,-0.04459027945995331,-0.24497461318969727,-0.06352825462818146,-0.10410650819540024,-0.4000731110572815,-0.07095237076282501,-0.1144336685538292,-0.07904257625341415,0.10078897327184677,0.2077571451663971,-0.2559758126735687,0.056282322853803635,-0.02095617726445198,-0.1184995174407959,-0.2279910147190094,-0.03171810507774353,-0.14220313727855682,0.3348166048526764,-0.0006515784189105034,0.16680006682872772,0.08889903128147125,-0.06722494214773178,-0.22293563187122345,-0.18335647881031036,0.16084714233875275,-0.035233866423368454,0.23559769988059998,-0.15984183549880981,0.35353660583496094,-0.09782515466213226,0.13715586066246033,0.006557198707014322,-0.09993903338909149,-0.15267838537693024,0.10857889801263809,0.24729201197624207,-0.08410487323999405,-0.06555495411157608,-0.1481083333492279,-0.26369452476501465,-0.03402513265609741,0.07008107006549835,0.25852155685424805,0.025428801774978638,0.0858004093170166,-0.2090243548154831,0.07975701987743378,0.07701439410448074,0.044653356075286865,0.12537799775600433,-0.01228505652397871,-0.5576117634773254,0.09970217943191528,-0.22058311104774475,0.1368228793144226,-0.021455174311995506,-0.10696351528167725,0.3171085715293884,0.1575070321559906,0.27971670031547546,0.40951186418533325,0.4407101273536682,0.45152410864830017,0.16849395632743835,0.11039681732654572,-0.05247283726930618,-0.16729727387428284,0.10729789733886719,0.01723271980881691,0.07324907183647156,0.07240109145641327,-0.21611550450325012,0.14469453692436218,-0.2544848918914795,-0.140854150056839,-0.19096963107585907,0.13063302636146545,-0.2088887244462967,0.0188798476010561,0.3121708333492279,0.07217542827129364,-0.07028372585773468,0.3394986093044281,0.10277310758829117,-0.16819927096366882,0.024660155177116394,0.30873778462409973,-0.4680511951446533,0.08823440223932266,-0.004952250514179468,0.22372493147850037,-0.31855282187461853,0.1265752613544464,0.32068687677383423,0.17937181890010834,0.012822148390114307,0.0376163050532341,0.021750295534729958,-0.6598028540611267,-0.06110457703471184,0.1803569495677948,-0.36821794509887695,0.0769958570599556,-0.25949597358703613,-0.06436694413423538,0.051710616797208786
CID000003324,261,0.28107666969299316,0.22054226696491241,0.011972784996032715,0.5456146597862244,-0.5656585693359375,-0.20315906405448914,0.21432319283485413,0.3880327641963959,-0.10982611030340195,0.4168887138366699,-0.13344092667102814,-0.7554849982261658,-0.26569536328315735,0.4030302166938782,0.015235664322972298,0.16585953533649445,0.03719951957464218,-0.17230933904647827,0.15660086274147034,-0.6013084053993225,0.1461857408285141,0.17758867144584656,-0.12280972301959991,-0.9309161901473999,-0.1857140064239502,0.04991961643099785,-0.12070886790752411,-0.19594614207744598,0.02926192805171013,0.14341451227664948,0.0770464688539505,0.1295361965894699,-0.10182621330022812,0.00984926801174879,0.12475679069757462,-0.12547127902507782,0.247041255235672,0.18265116214752197,-0.05474354699254036,-0.20766623318195343,-0.09518696367740631,-0.4487946629524231,-0.23396293818950653,-0.10729046165943146,0.06937269866466522,-0.17621536552906036,-0.06489291787147522,0.00022896527661941946,-0.08141753077507019,0.31373777985572815,0.4303675591945648,0.28609567880630493,0.027889933437108994,-0.002777357120066881,-0.044785358011722565,0.16282179951667786,0.7337185144424438,-0.3122943937778473,1.1013519763946533,-0.040336962789297104,0.051180399954319,-0.27592146396636963,-0.2441813200712204,-0.25727522373199463,0.21768812835216522,1.011032223701477,-0.25920021533966064,-0.005454555153846741,0.0860334187746048,0.08509469032287598,0.016630951315164566,-0.06755794584751129,0.04799656197428703,-0.5693617463111877,-0.14001309871673584,0.25649112462997437,0.13923753798007965,-0.17604079842567444,-0.11488854885101318,0.14565129578113556,-0.0005235077696852386,-0.32655996084213257,-0.5108701586723328,0.2974567115306854,0.2226651906967163,0.0867127850651741,0.16539375483989716,0.13301540911197662,0.04892631620168686,-0.5441133379936218,-0.03149334341287613,0.169485941529274,-0.17538662254810333,0.14542846381664276,-0.3557136654853821,-0.5256065130233765,0.03334597498178482,-0.032171718776226044,0.1580924242734909,0.18854309618473053,-0.5619599223136902,-0.05325790122151375,-0.06059672683477402,0.2603175938129425,0.534317672252655,0.01924304850399494,0.4633514881134033,-0.15102075040340424,0.6826265454292297,0.29558199644088745,-0.12896499037742615,0.04574126377701759,-0.06326033174991608,-1.0201871395111084,-0.1238628476858139,0.44435206055641174,0.1532066911458969,-0.4837166666984558,0.1180594339966774,0.33886057138442993,0.6723039150238037,-0.6540610194206238,0.43151235580444336,0.3522866666316986,-0.38037315011024475,0.49479469656944275,0.06988569349050522,-0.21152818202972412,0.13716603815555573,-0.2627809941768646,0.15758433938026428,-0.4724929928779602,-0.3153121769428253,0.027033483609557152,0.3400465250015259,0.19888253509998322,-0.06309999525547028,0.15060004591941833,0.005690860562026501,0.04344768077135086,-0.10594357550144196,0.5780603885650635,-0.07639778405427933,0.027353549376130104,0.004879310727119446,0.16473150253295898,-0.38545241951942444,0.5131801962852478,-0.03566088527441025,0.21327266097068787,-0.11837102472782135,-0.2070663422346115,0.05562954023480415,0.16541199386119843,0.1582169383764267,-0.10237331688404083,-0.13389740884304047,-0.11078169196844101,-0.10695549100637436,-0.03091546893119812,0.014042499475181103,0.13981834053993225,0.09811745584011078,0.0177847258746624,-0.09370217472314835,-0.451376736164093,0.10022930055856705,0.19205467402935028,0.03312627598643303,0.8117376565933228,0.008104508742690086,-0.061439741402864456,0.016194183379411697,0.09147718548774719,-0.0919845700263977,-0.06063054874539375,0.10783381760120392,-0.17113284766674042,0.44474300742149353,-0.193704754114151,-0.25760871171951294,-0.04784407466650009,-0.15427625179290771,-0.017125478014349937,-0.09769542515277863,-0.22388581931591034,0.07748199254274368,0.030782068148255348,0.3943466246128082,-0.3534652292728424,0.07923491299152374,0.30766135454177856,0.019609520211815834,0.21931961178779602,0.10359086841344833,0.04468013718724251,0.1139104813337326,-0.1555173099040985,0.16889861226081848,0.033906642347574234,-0.6673920154571533,-0.5379213690757751,0.11887989938259125,0.0098159434273839,0.07078452408313751,0.12038113176822662,-0.0026102184783667326,0.004946285393089056,1.0396347045898438,0.4880521297454834,0.4440758228302002,0.1343322992324829,0.18833570182323456,-0.011042475700378418,0.0834517627954483,-0.32684770226478577,0.1673472672700882,0.34606093168258667,0.046788498759269714,0.3447806239128113,-0.1519666612148285,-0.1609411984682083,-0.4204558730125427,-0.4314877390861511,0.019165564328432083,-0.028599712997674942,-0.18195587396621704,-0.07358530163764954,-0.5700541734695435,0.16461841762065887,0.01364431343972683,0.5032964944839478,0.8280953168869019,0.11099176108837128,0.42141708731651306,0.09632043540477753,0.35098129510879517,-0.3673498332500458,-0.022098872810602188,-0.07838650047779083,0.003921073861420155,-0.025015518069267273,-0.2150857001543045,0.2897890508174896,0.064987413585186,0.5173808336257935,-0.14412513375282288,-0.14821434020996094,-0.7019960880279541,0.1679377257823944,0.4251847267150879,-0.019886841997504234,0.28324922919273376,-0.5044188499450684,0.04427900165319443,0.049289632588624954
CID000004513,262,0.27663272619247437,-0.14267626404762268,0.11269023269414902,0.4505824148654938,-0.4875528812408447,0.10873591899871826,0.20658913254737854,0.12569819390773773,-0.008716410025954247,0.18139292299747467,0.04309312254190445,0.0161808580160141,-0.1157715693116188,-0.046088267117738724,-0.15420056879520416,0.13359971344470978,-0.08291420340538025,-0.10597860813140869,0.2059756964445114,-0.5251346230506897,-0.09854719042778015,-0.26670050621032715,0.12705965340137482,-0.7556729316711426,0.1712304800748825,0.10342738777399063,-0.09233806282281876,-0.042274948209524155,0.08368362486362457,-0.036243975162506104,0.05330318212509155,0.2632197439670563,0.2245076596736908,-0.021566439419984818,-0.026013845577836037,-0.1274653971195221,0.14893920719623566,0.033820752054452896,0.2753670811653137,0.021462183445692062,-0.11917855590581894,-0.15865084528923035,0.11362799257040024,-0.240665003657341,-0.3136809170246124,0.3682480752468109,0.09630869328975677,-0.10073615610599518,0.1465056836605072,0.13641348481178284,0.3659246563911438,0.016535913571715355,-0.16948437690734863,0.09368119388818741,0.10676199197769165,-0.20469531416893005,0.11142335087060928,0.06937728822231293,0.05531788989901543,0.17363467812538147,-0.14041873812675476,-0.237092062830925,-0.2534457743167877,-0.14058160781860352,0.07945071160793304,0.23732273280620575,-0.20732709765434265,-0.10216715186834335,0.20322048664093018,0.1869661509990692,0.16835187375545502,0.19283583760261536,-0.3152746260166168,-0.3636282682418823,-0.1512400209903717,0.00846748985350132,0.022336242720484734,-0.1341075599193573,0.09981708228588104,-0.08602698147296906,0.09821506589651108,-0.6741011738777161,-0.2352558672428131,0.07213065028190613,0.040222521871328354,0.13595148921012878,0.09707994759082794,0.14062705636024475,-0.06770753115415573,-0.5975812077522278,-0.13923506438732147,0.19766435027122498,-0.07279200851917267,-0.007810530252754688,-0.003907429985702038,-0.19048817455768585,-0.07853949069976807,-0.1097053661942482,-0.11338164657354355,0.19328394532203674,-0.1822555810213089,-0.008984094485640526,-0.12122424691915512,0.26178616285324097,0.1836993396282196,0.006295257247984409,0.09579827636480331,0.11312682926654816,0.5228804349899292,-0.14251646399497986,-0.00986453890800476,0.16667801141738892,0.043169617652893066,-0.21440711617469788,-0.010326358489692211,0.18367601931095123,-0.3064241409301758,-0.1276794970035553,-0.05381183698773384,0.17582346498966217,0.6752753257751465,-0.2253098040819168,0.10964469611644745,-0.020760904997587204,0.02458100952208042,0.11409389972686768,0.04154432564973831,-0.014263907447457314,0.030952583998441696,0.046333856880664825,0.17435994744300842,-0.5709952116012573,-0.44811660051345825,0.283271849155426,0.2559025287628174,-0.018442261964082718,-0.023001287132501602,0.18702472746372223,0.023109233006834984,-0.18979540467262268,-0.2418888509273529,-0.12170971930027008,-0.01847018301486969,-0.048932626843452454,-0.09522844851016998,0.024679308757185936,-0.002917641308158636,0.4675905108451843,0.07018686830997467,0.16219623386859894,0.06062755733728409,-0.41898393630981445,-0.17009076476097107,0.19104823470115662,-0.32963940501213074,0.06717181205749512,-0.16414369642734528,-0.007599073462188244,-0.04010293632745743,0.18570823967456818,-0.2660079002380371,0.05700486898422241,-0.06396357715129852,0.20494875311851501,-0.01907319389283657,-0.05500518158078194,-0.10827268660068512,0.2575191855430603,0.07838405668735504,0.20844018459320068,0.07348127663135529,-0.16571752727031708,-0.21901622414588928,-0.23685061931610107,0.03403067588806152,-0.056576360017061234,0.1642429679632187,-0.08250848203897476,0.37499338388442993,0.09581558406352997,0.1476466953754425,0.21376410126686096,-0.08456061035394669,-0.23914393782615662,0.1435682326555252,0.11539781093597412,-0.0718698650598526,-0.24537423253059387,-0.1369931697845459,-0.24892155826091766,0.23209969699382782,0.08883209526538849,0.24720057845115662,-0.09408769756555557,0.07318003475666046,-0.19449621438980103,0.03715383633971214,0.005692449398338795,-0.029116690158843994,-0.12984029948711395,-0.05819272994995117,-0.37079763412475586,0.1591905951499939,-0.30019527673721313,0.06369548290967941,0.058660201728343964,-0.17836587131023407,0.08174740523099899,0.02563226781785488,0.4368458688259125,0.28416135907173157,0.1623513400554657,0.32106658816337585,0.051112908869981766,0.1370101273059845,-0.20997221767902374,-0.18943937122821808,0.35279154777526855,0.13685351610183716,-0.06505734473466873,0.0001209795445902273,-0.04567313194274902,-0.017387058585882187,-0.19699355959892273,0.10886070877313614,-0.2237001657485962,0.058003902435302734,0.007860894314944744,0.09450972080230713,-0.1902955174446106,-0.05244733765721321,0.1345899999141693,0.20015504956245422,0.042215295135974884,0.03838120773434639,-0.043972887098789215,0.5321482419967651,-0.30743998289108276,0.018028561025857925,-0.1431392878293991,0.1388089656829834,-0.27796995639801025,-0.07919874042272568,0.3504372239112854,-0.24865388870239258,0.020853113383054733,0.12516699731349945,0.0963955670595169,-0.7968360781669617,-0.06950278580188751,0.1514144092798233,-0.3001166880130768,0.1239951103925705,-0.3023316264152527,-0.01082436740398407,-0.0629195123910904
CID000003702,263,-0.12116479873657227,-0.01679900847375393,-0.051717840135097504,0.3545669913291931,-0.3307291269302368,0.03390306979417801,0.2122550904750824,0.11504584550857544,-0.07568447291851044,0.17229267954826355,0.058101408183574677,0.05962729454040527,-0.03731269761919975,0.11042766273021698,-0.1520858108997345,-0.07839200645685196,-0.058950554579496384,-0.0015275359619408846,0.07834533601999283,-0.4560217261314392,-0.041904740035533905,-0.2007148563861847,-0.08308710902929306,-0.8142987489700317,0.08383969962596893,0.2181880921125412,-0.19023385643959045,-0.017570659518241882,-0.016379008069634438,0.11878545582294464,-0.02222711406648159,0.22505410015583038,0.07496073096990585,0.0682370737195015,0.058194685727357864,0.13316991925239563,0.022813212126493454,-0.0077861337922513485,0.2745140492916107,-0.20529034733772278,-0.0678461343050003,-0.2842727303504944,0.11774257570505142,-0.2166685312986374,-0.1575005054473877,0.41388624906539917,0.0532805398106575,-0.020430386066436768,0.10749939829111099,-0.13524290919303894,0.18853867053985596,0.16687144339084625,-0.23677846789360046,0.013892481103539467,0.04398997873067856,-0.05242001265287399,-0.087468221783638,0.06938645988702774,0.025315076112747192,-0.06339629739522934,-0.09350140392780304,-0.09617383033037186,-0.07298318296670914,0.013884392566978931,0.3274117112159729,0.32484930753707886,-0.08796820789575577,-0.014582803472876549,0.1606089174747467,-0.10612158477306366,0.20924469828605652,0.1548261195421219,-0.36505088210105896,-0.30016234517097473,-0.24365726113319397,-0.09390635788440704,-0.03869805485010147,0.2512303292751312,-0.026353824883699417,0.09282229840755463,0.1712721735239029,-0.3796465992927551,-0.23180770874023438,0.09180862456560135,0.052683908492326736,-0.07094250619411469,0.22021949291229248,0.08974561095237732,-0.03364603966474533,-0.6347548365592957,-0.009952293708920479,0.20820751786231995,0.00951551366597414,0.06676270812749863,0.036345332860946655,-0.23091164231300354,-0.1162477508187294,0.1962641030550003,0.027856921777129173,0.0005907565355300903,-0.26835328340530396,-0.10493145883083344,-0.17589285969734192,0.22661924362182617,0.1643063873052597,-0.03315864875912666,0.20258478820323944,0.04094964265823364,0.5325247049331665,-0.16963757574558258,-0.1957394778728485,0.16388097405433655,-0.13776139914989471,-0.13048888742923737,0.04580230638384819,0.18830524384975433,0.017882466316223145,-0.011425875127315521,-0.19105347990989685,0.3181844651699066,0.57976233959198,-0.16526852548122406,0.18985497951507568,0.30355435609817505,-0.009376038797199726,0.0812269076704979,0.08446584641933441,0.16788645088672638,0.3051218092441559,-0.09272703528404236,-0.04000592976808548,-0.47040289640426636,-0.3230850398540497,-0.0019746869802474976,0.3094429075717926,0.01878264546394348,-0.10366668552160263,0.12605750560760498,-0.0004390358808450401,-0.18258239328861237,-0.11681123077869415,0.0025677457451820374,0.1246391087770462,-0.053088605403900146,-0.08707397431135178,0.29153257608413696,-0.10278023779392242,0.3332797884941101,0.20539633929729462,0.2142082154750824,0.11432439088821411,-0.3072110414505005,-0.197653666138649,0.07142229378223419,-0.32735884189605713,-0.1174047589302063,-0.0723610669374466,-0.034156814217567444,-0.003630995750427246,0.3276402950286865,-0.10990113019943237,-0.020724628120660782,-0.1321585476398468,0.24510467052459717,0.0794278234243393,-0.17864897847175598,-0.10735698789358139,0.013835838064551353,-0.16423730552196503,0.157683327794075,0.05275151878595352,-0.20448186993598938,-0.24404986202716827,-0.37873369455337524,0.027631288394331932,-0.07321404665708542,0.06561681628227234,-0.24777984619140625,0.33401861786842346,-0.11504454910755157,0.005049169063568115,0.03787638992071152,-0.18321439623832703,-0.14742985367774963,0.2238338440656662,0.2358791083097458,-0.3113313615322113,0.09708734601736069,-0.006445652339607477,-0.2646492123603821,0.006354236509650946,-0.022367948666214943,0.11894717067480087,0.07257654517889023,0.12337368726730347,-0.0393376462161541,0.06307952105998993,0.11182467639446259,-0.05403793975710869,-0.048873864114284515,0.12428617477416992,-0.2323988974094391,-0.15649297833442688,-0.3249691128730774,0.13909365236759186,-0.2077459841966629,-0.12142369896173477,-0.18856123089790344,0.03282715752720833,0.5021425485610962,0.32965782284736633,0.09927164763212204,0.24400801956653595,0.10708500444889069,0.22897560894489288,-0.13401082158088684,-0.10984255373477936,0.1735285222530365,0.12040890753269196,-0.12847189605236053,-0.08226431906223297,-0.10421035438776016,-0.002154058311134577,-0.15427908301353455,0.03825463727116585,0.1150396317243576,0.027190273627638817,-0.22879834473133087,-0.11402100324630737,-0.2185577154159546,-0.06550279259681702,0.019967366009950638,0.23769035935401917,0.06767962872982025,-0.02820744179189205,0.17610323429107666,0.2524246573448181,-0.38923531770706177,0.07408149540424347,-0.17727410793304443,0.14756028354167938,-0.42830243706703186,0.09967920929193497,0.23324303328990936,-0.07583209127187729,-0.08569617569446564,0.15920305252075195,-0.08685328811407089,-0.6421754360198975,-0.22279596328735352,0.19458425045013428,-0.12285147607326508,0.05852781981229782,-0.18959853053092957,0.1605587899684906,0.039137549698352814
CID000005672,264,0.3329530954360962,0.04669755697250366,0.18820509314537048,0.5559582710266113,-0.42986583709716797,0.15574145317077637,0.24674949049949646,0.26879578828811646,0.07612088322639465,0.3415396809577942,-0.05323808640241623,-0.3328995704650879,0.06033289432525635,0.17781880497932434,-0.05044093728065491,0.20122480392456055,0.01875985600054264,-0.2532690763473511,-0.02197333611547947,-0.4861427843570709,0.10540793091058731,-0.37433573603630066,-0.005243879742920399,-0.865582287311554,0.0596737377345562,0.0575144961476326,-0.3550565242767334,-0.08081395924091339,0.06280972063541412,-0.04319579154253006,-0.021702418103814125,0.1052417978644371,0.10422652959823608,0.029721010476350784,0.05031025409698486,0.13692894577980042,0.020368240773677826,0.2800413966178894,-0.17980340123176575,-0.17822851240634918,0.07957156002521515,0.32017773389816284,0.14848153293132782,0.07091961801052094,-0.16079595685005188,0.30123600363731384,-0.017434528097510338,-0.14142706990242004,-0.15801283717155457,0.3924645483493805,0.4933620095252991,-0.020840132609009743,-0.3193533718585968,0.02823936566710472,-0.20054569840431213,0.17920073866844177,-0.0277236457914114,-0.23790523409843445,0.24636200070381165,-0.10750142484903336,-0.004221332259476185,-0.2990533709526062,-0.014326292090117931,-0.20586895942687988,0.30236977338790894,0.3708780109882355,-0.32181742787361145,-0.0001529022993054241,0.13141396641731262,0.011879128403961658,0.05682716891169548,0.051204126328229904,-0.20030507445335388,-0.46385183930397034,-0.2892738878726959,0.23173657059669495,0.09660313278436661,-0.11555876582860947,-0.0731855183839798,0.016821429133415222,0.3390701711177826,-0.28517213463783264,-0.3489395081996918,-0.006292611360549927,0.019870122894644737,0.2533703148365021,0.0992792621254921,0.09273123741149902,-0.023506710305809975,-0.45024973154067993,-0.09796436131000519,0.2833438515663147,-0.05629882961511612,-0.009478596970438957,-0.0996771827340126,-0.10727614164352417,0.24112124741077423,-0.010299911722540855,0.004656326957046986,0.24260225892066956,0.08255933225154877,-0.02968314290046692,-0.039640944451093674,0.14537717401981354,0.00452759861946106,-0.06497857719659805,0.015467429533600807,0.07932557910680771,0.4071730673313141,-0.0722198337316513,0.11238968372344971,0.09069832414388657,-0.12915468215942383,-0.43135443329811096,0.1861070692539215,0.25827234983444214,-0.28575775027275085,0.010277390480041504,-0.0780920535326004,0.29079312086105347,0.8680227398872375,-0.24689874053001404,0.16050133109092712,0.3151015639305115,-0.13239194452762604,0.2733152508735657,0.13092538714408875,-0.019992049783468246,0.06651491671800613,0.20608191192150116,0.27851346135139465,-0.5013240575790405,-0.5433664321899414,0.2656001150608063,0.3609412610530853,0.23728077113628387,-0.0674334242939949,0.1711222380399704,-0.0252878125756979,-0.07078351080417633,-0.049178119748830795,0.13272938132286072,0.23528417944908142,0.1726571023464203,-0.03525892645120621,0.15853890776634216,-0.01645885780453682,0.49162715673446655,0.16737277805805206,0.32904815673828125,0.04173172637820244,-0.4643891453742981,-0.03363124281167984,0.2905057370662689,-0.21208441257476807,-0.08252976834774017,-0.034457918256521225,-0.14415070414543152,-0.10918521881103516,0.004844494163990021,-0.05428428202867508,-0.10167572647333145,0.05015561729669571,0.11879269033670425,-0.05985455960035324,-0.02362857200205326,-0.18336820602416992,0.11885760724544525,0.15169021487236023,0.012232184410095215,0.013232802972197533,0.07587431371212006,-0.25423410534858704,-0.3316976726055145,0.1352008581161499,-0.1134674921631813,0.17595604062080383,-0.17856672406196594,0.7781405448913574,0.003091830061748624,-0.40602922439575195,0.059149838984012604,-0.0054267109371721745,0.05119778960943222,0.23836112022399902,0.04121828451752663,-0.12585845589637756,0.019832247868180275,0.14757651090621948,-0.42627406120300293,-0.13881610333919525,0.05381859466433525,-0.0032089664600789547,-0.2674204707145691,0.40131035447120667,0.12450907379388809,0.15957972407341003,-0.06699493527412415,-0.03298034891486168,-0.022953450679779053,-0.04396101087331772,-0.5583497881889343,0.1912359595298767,-0.3305920958518982,-0.053632400929927826,-0.06591062247753143,0.08926767855882645,-0.13513171672821045,0.12444986402988434,0.4879361689090729,0.29151904582977295,0.09564278274774551,0.11878345161676407,0.005314319394528866,-0.07833337783813477,-0.22247596085071564,0.15964385867118835,0.4059419631958008,0.0806359201669693,0.04526948183774948,-0.20373764634132385,-0.07222233712673187,-0.1350826472043991,-0.10210026800632477,0.1868773102760315,0.003853714559227228,0.0811534896492958,-0.0930953174829483,-0.1115638017654419,-0.050324179232120514,0.03937601298093796,0.21559035778045654,0.2850450873374939,-0.040442775934934616,0.09954068064689636,0.028990114107728004,0.5407800078392029,-0.6622711420059204,-0.022453635931015015,-0.2012382447719574,-0.22190633416175842,-0.22927594184875488,0.2119160145521164,0.0912451222538948,-0.3531154990196228,-0.10056598484516144,0.08730344474315643,0.08570631593465805,-0.7553688287734985,-0.19951172173023224,0.27269992232322693,0.11906225979328156,0.20408277213573456,-0.18338829278945923,-0.05315180867910385,0.09713876247406006
CID000001983,265,0.8267086744308472,-0.0861559733748436,0.34671950340270996,0.3281214237213135,-0.3963985741138458,-0.16109880805015564,0.11841428279876709,0.10331974178552628,-0.2051207721233368,0.16213765740394592,0.11958136409521103,-0.1670815646648407,-0.09689326584339142,0.28987574577331543,-0.09715931117534637,0.0550357811152935,-0.2313932478427887,-0.3108816146850586,-0.28933924436569214,-0.4426589906215668,0.21628046035766602,-0.012234571389853954,0.013323304243385792,-0.9049896001815796,-0.1299043893814087,0.19414052367210388,-0.0574728325009346,0.09529328346252441,-0.1839209645986557,0.292341411113739,-0.15954522788524628,0.1644125133752823,0.016277996823191643,0.061780862510204315,-0.016345063224434853,-0.134947270154953,0.045597247779369354,0.2834944427013397,-0.09185145795345306,-0.30472761392593384,-0.13296255469322205,0.058544375002384186,0.050107430666685104,-0.20545177161693573,-0.1757035106420517,0.00424045929685235,0.007653805427253246,0.11257106065750122,-0.014962953515350819,0.18159817159175873,0.2540023922920227,-0.11501263082027435,-0.2602357268333435,-0.20839715003967285,0.12678787112236023,0.09600170701742172,0.11977169662714005,0.22274768352508545,0.298755019903183,-0.08238442987203598,-0.16399072110652924,-0.4188137650489807,0.2976228594779968,-0.12145112454891205,0.13133999705314636,0.6611732244491577,-0.28746843338012695,0.10373512655496597,0.12084634602069855,-0.2000734508037567,0.05376967787742615,0.05024208873510361,-0.323053240776062,-0.34067484736442566,0.04115831106901169,0.47268787026405334,0.36890164017677307,-0.03277288004755974,0.24363741278648376,-0.124087393283844,0.20327487587928772,-0.46957749128341675,-0.47919678688049316,0.1937788426876068,0.18287667632102966,0.025532996281981468,0.6920562982559204,0.00782682467252016,0.05372074991464615,-0.9186229705810547,0.04441645368933678,0.2979671359062195,-0.03988489508628845,-0.14919601380825043,-0.15387283265590668,-0.4625245928764343,-0.09787113219499588,0.017717313021421432,0.26575031876564026,1.2772481441497803,0.18091166019439697,-0.18369923532009125,0.034731145948171616,0.4000757336616516,-0.03723875805735588,0.06638352572917938,-0.08761969953775406,0.23250582814216614,0.510881245136261,0.28371959924697876,0.20773723721504211,0.1843203753232956,0.0422455333173275,-0.29057690501213074,-0.2555025517940521,0.24515099823474884,-0.09024891257286072,-0.03806772455573082,0.036602504551410675,0.20202228426933289,0.7792404890060425,-0.18211299180984497,0.25342705845832825,0.30550748109817505,-0.23946766555309296,0.29534393548965454,-0.044425997883081436,-0.1639837771654129,0.15322168171405792,0.07967859506607056,0.34872713685035706,-0.8568227887153625,-0.5395299196243286,-0.03607004135847092,0.19092391431331635,0.14998221397399902,-0.1845088005065918,0.16309818625450134,-0.2381085604429245,-0.33094730973243713,-0.34683483839035034,0.2802106738090515,-0.046536706387996674,-0.009739967994391918,0.05784948915243149,0.11194397509098053,0.12258639186620712,0.6716982126235962,-0.397958904504776,0.16769473254680634,-0.009146261028945446,-0.46482938528060913,0.19648508727550507,0.29154300689697266,-0.10163021087646484,-0.04686563089489937,-0.07400835305452347,-0.4974861741065979,-0.08926549553871155,-0.06583786010742188,0.05267561599612236,0.0910378247499466,-0.09868738800287247,-0.2622891664505005,-0.10179398208856583,-0.0095179732888937,-0.016989029943943024,0.2030094861984253,-0.07642730325460434,-0.10054352134466171,-0.10469559580087662,-0.18700745701789856,-0.32529130578041077,-0.18183206021785736,-0.08384164422750473,-0.016857624053955078,-0.29164478182792664,-0.10587708652019501,0.5929499268531799,0.20391890406608582,-0.23765380680561066,-0.1393410861492157,-0.3504326343536377,0.008150669746100903,0.4142577052116394,0.15045081079006195,-0.17806264758110046,-0.11214306205511093,0.108068086206913,-0.42647895216941833,-0.33168527483940125,-0.02277333289384842,0.05790082365274429,-0.4349791407585144,0.3096655309200287,-0.03208831697702408,0.04236368462443352,0.14333036541938782,0.13932767510414124,-0.14824748039245605,-0.4476248621940613,-0.34650373458862305,0.48067528009414673,-0.01579970493912697,-0.09259925782680511,-0.10309942066669464,0.052185993641614914,0.13346174359321594,0.3987630009651184,0.34788453578948975,0.35900241136550903,0.333729088306427,0.013704685494303703,0.13781622052192688,-0.22975344955921173,-0.8450883626937866,0.20068272948265076,0.2268843948841095,0.26631981134414673,0.06048842519521713,-0.22406069934368134,-0.04168203845620155,-0.21550074219703674,-0.41822296380996704,-0.178320974111557,-0.01402553915977478,-0.1688718944787979,0.057200562208890915,0.18262310326099396,-0.028991293162107468,-0.09093166887760162,0.24413403868675232,0.23627150058746338,0.08858964592218399,-0.09897061437368393,0.09761814028024673,0.32976704835891724,-0.5279790163040161,0.169042706489563,-0.16414304077625275,-0.1995016485452652,-0.5482391119003296,-0.0891975536942482,0.13896743953227997,-0.012865213677287102,0.019491104409098625,-0.11062319576740265,0.05005598068237305,-0.7368396520614624,-0.22470088303089142,0.3407166004180908,0.1593995988368988,0.20820581912994385,-0.2820364534854889,0.17013438045978546,0.043542250990867615
CID000002269,266,0.1790342628955841,0.15933959186077118,0.08490939438343048,0.5371565818786621,-0.6708310842514038,0.3766372799873352,-0.15015405416488647,0.13683831691741943,-0.020856911316514015,0.5822833776473999,-0.010990137234330177,-0.1268187016248703,-0.16751587390899658,0.4824771285057068,-0.10460542142391205,-0.009547408670186996,-0.05115072801709175,-0.23485782742500305,0.16374561190605164,-0.5090368390083313,0.13107658922672272,0.15074029564857483,-0.07510553300380707,-0.7275971174240112,-0.10096470266580582,-0.06137616187334061,-0.3099400997161865,-0.2360343039035797,0.20393149554729462,-0.005347551312297583,-0.28999170660972595,0.23978391289710999,-0.06512679159641266,0.17456039786338806,-0.057042621076107025,0.09806685149669647,0.19867689907550812,0.20879387855529785,-0.18917831778526306,-0.2768232822418213,-0.028571415692567825,0.05037041753530502,-0.09458880871534348,-0.08467946201562881,-0.20559373497962952,0.0478946678340435,0.0010907768737524748,-0.07457049936056137,0.12373342365026474,0.10231959819793701,0.45091724395751953,-0.08648614585399628,-0.08971977233886719,0.07293472439050674,0.08864165842533112,-0.10342152416706085,0.252375066280365,0.0020355521701276302,0.3208746314048767,0.014967071823775768,-0.03499123454093933,-0.3851749002933502,-0.13013070821762085,-0.2031247317790985,0.07339485734701157,0.7356315851211548,-0.2629311978816986,0.2778661847114563,0.29599303007125854,0.3397984206676483,-0.004804851021617651,0.09269678592681885,-0.1504366546869278,-0.6175600290298462,-0.08515231311321259,0.08510994166135788,0.003622889518737793,-0.272928386926651,-0.15758267045021057,-0.09145830571651459,-0.2766973078250885,-0.1657601147890091,-0.2664310038089752,0.18162336945533752,0.06890283524990082,-0.49304085969924927,-0.013402244076132774,0.08959167450666428,0.09866243600845337,-0.9047334790229797,0.12826037406921387,0.23959548771381378,0.13058283925056458,-0.139124795794487,0.2755076587200165,-0.488821417093277,-0.10607365518808365,0.06734056770801544,-0.02158736065030098,0.06540130078792572,-0.06717165559530258,-0.01588299311697483,0.04872320964932442,0.381316602230072,-0.46288570761680603,0.08406490087509155,0.04155251383781433,-0.03359205275774002,0.1705210953950882,0.008512008003890514,-0.14526107907295227,0.2014143168926239,-0.029313500970602036,-0.49859875440597534,-0.15398132801055908,0.33862945437431335,-0.3455396294593811,0.0766516625881195,-0.045251213014125824,0.04366965964436531,0.8074485659599304,-0.09505333751440048,0.15340673923492432,0.24895009398460388,-0.29430121183395386,0.5502971410751343,-0.07073642313480377,-0.22051703929901123,0.09935905039310455,-0.26357173919677734,0.1369653046131134,-0.48758798837661743,-0.6238120198249817,0.17508737742900848,0.12442243099212646,0.32298192381858826,-0.045733653008937836,0.5351888537406921,-0.1367308795452118,-0.23967929184436798,0.014869729988276958,0.6251488327980042,0.1863328367471695,-0.12405987828969955,0.08279504626989365,0.0771179348230362,-0.28419941663742065,0.6561864614486694,-0.052433401346206665,-0.07550245523452759,-0.16665427386760712,-0.5425847768783569,0.037043195217847824,-0.006521141622215509,-0.03154673054814339,-0.06498037278652191,-0.006837823893874884,-0.2528025507926941,0.156477689743042,0.12188192456960678,0.13083520531654358,0.06123356148600578,-0.011605814099311829,0.07391093671321869,-0.2493518590927124,-0.12252981960773468,0.13261623680591583,-0.0036959827411919832,0.0060031176544725895,0.19959571957588196,0.25454822182655334,0.017505208030343056,-0.29333484172821045,0.06316615641117096,0.04902156442403793,0.06075947359204292,0.03828747197985649,-0.11344669759273529,0.5914061069488525,0.08159142732620239,-0.5139574408531189,0.04274663329124451,-0.16087795794010162,-0.17728163301944733,0.17034491896629333,0.2758287787437439,-0.11234138160943985,-0.04646908864378929,0.18881292641162872,-0.43924450874328613,0.09179745614528656,0.02118128351867199,-0.07733162492513657,-0.15624912083148956,0.391340434551239,0.16201217472553253,0.25483548641204834,-0.25191259384155273,0.11717510223388672,-0.046141672879457474,-0.3736110329627991,-0.5350855588912964,0.005869170185178518,-0.27220743894577026,-0.10745526850223541,0.3050914704799652,-0.15758229792118073,0.03086463175714016,1.0007389783859253,0.6358557939529419,0.25751596689224243,0.13966777920722961,-0.06891380250453949,0.28688910603523254,-0.0012570738326758146,-0.14613667130470276,0.11420394480228424,0.1761239767074585,0.20755799114704132,0.06304948776960373,-0.21239805221557617,-0.07375682890415192,0.2143499106168747,-0.2503529489040375,-0.35871922969818115,-0.09056266397237778,0.23691658675670624,-0.0475219190120697,-0.09253041446208954,0.0733199492096901,-0.07008995115756989,0.4438043534755707,-0.09749788045883179,0.11320199817419052,-0.08989248424768448,0.11095909029245377,0.8500480651855469,-0.4944896101951599,-0.014445510692894459,-0.045140743255615234,0.08501636236906052,-0.37602630257606506,-0.10274624824523926,0.3325827121734619,-0.2743740379810333,-0.1368303894996643,0.02636924386024475,-0.15272924304008484,-0.7716373205184937,-0.15776333212852478,0.19599267840385437,-0.10577397048473358,0.199316143989563,-0.5365177392959595,0.04776431992650032,0.031507451087236404
CID000002308,267,0.033359307795763016,0.2208613157272339,0.0007680580019950867,0.14448776841163635,-0.22834305465221405,0.1361793875694275,0.2473800629377365,0.44427022337913513,0.047828126698732376,0.33386850357055664,-0.06003636121749878,-0.0897163599729538,-0.486743688583374,0.1368919461965561,-0.27661240100860596,-0.2305024117231369,-0.034147702157497406,-0.0387529619038105,0.3188430666923523,-0.20424997806549072,0.30180490016937256,-0.26515915989875793,0.008907699957489967,-0.6165202856063843,-0.03875475376844406,0.3961828947067261,-0.3656170070171356,-0.3440156579017639,0.1449289172887802,0.19897711277008057,-0.28479501605033875,0.5010393857955933,0.04317689687013626,0.014888986945152283,0.046795252710580826,0.007012540008872747,0.3895777463912964,0.1389666497707367,0.16357533633708954,-0.2827666699886322,-0.05532127618789673,-0.3152746856212616,0.20413613319396973,-0.29541873931884766,-0.01444581151008606,0.09243036806583405,0.07314807921648026,-0.1089022308588028,-0.05472411587834358,0.04716550558805466,0.2712114453315735,0.03381688892841339,-0.5274606943130493,-6.895512569826678e-07,0.23106281459331512,-0.08317514508962631,-0.07634635269641876,-0.007525595836341381,0.14464113116264343,0.10275810956954956,-0.22648382186889648,-0.3029443621635437,0.05424097180366516,-0.2636934220790863,0.43850651383399963,0.4841524064540863,-0.1219528540968895,-0.0345022976398468,0.18732821941375732,0.11633256822824478,0.06167403608560562,-0.0442119725048542,-0.5651305913925171,-0.4891265034675598,-0.505254328250885,-0.18060770630836487,-0.22376315295696259,0.09331946074962616,-0.10857953876256943,0.015831639990210533,-0.18597784638404846,-0.1309664100408554,-0.32280659675598145,0.029330741614103317,0.07479535043239594,-0.1292196810245514,0.07832370698451996,0.67194664478302,-0.26474279165267944,-0.7393447160720825,0.010755065828561783,0.39635342359542847,-0.01869160868227482,-0.23734426498413086,-0.251238614320755,-0.6241595149040222,-0.4385976791381836,-0.14589934051036835,0.0644611269235611,0.04989069700241089,-0.169193297624588,0.05814705044031143,-0.10425037145614624,0.5636264085769653,0.4012080132961273,0.00691545894369483,-0.14593924582004547,-0.09622041881084442,0.11140786111354828,-0.3434459865093231,-0.09804878383874893,-0.00158539111725986,-0.3100976347923279,0.17002728581428528,-0.09805373847484589,0.4197753965854645,-0.08358122408390045,0.008474973030388355,-0.1814042031764984,0.2889708876609802,0.25564536452293396,-0.25419044494628906,0.2526930570602417,0.4944331645965576,-0.1607619822025299,0.14004725217819214,0.09092088788747787,0.16720812022686005,0.37056994438171387,-0.08749066293239594,-0.05348334461450577,-0.2398671656847,-0.28658491373062134,0.262875497341156,0.2630760669708252,0.42023080587387085,-0.045749105513095856,0.2654258608818054,0.0412251241505146,-0.05476176738739014,-0.1331355720758438,0.2870296239852905,0.27379387617111206,-0.2441389113664627,0.058737076818943024,0.23800842463970184,-0.22218218445777893,0.1684267371892929,-0.42564114928245544,0.29725760221481323,-0.11684217303991318,0.02254999242722988,-0.01928001642227173,-0.06096482276916504,-0.34236568212509155,-0.1834196001291275,-0.014517444185912609,-0.41456174850463867,0.2191091775894165,0.4307122230529785,-0.09585697948932648,-0.04227364808320999,-0.023571090772747993,0.10774973779916763,-0.2454102337360382,-0.020831644535064697,0.09410475939512253,-0.12715741991996765,-0.06451620906591415,0.44357627630233765,0.2600434720516205,-0.23579470813274384,-0.26176875829696655,-0.10044173896312714,0.09960348904132843,-0.00455527612939477,0.06692452728748322,-0.24369411170482635,0.18770413100719452,-0.09369657188653946,0.23408906161785126,0.07035225629806519,-0.17185334861278534,-0.10909914970397949,0.2807197570800781,0.050107456743717194,-0.12573039531707764,-0.03475227206945419,0.3843013644218445,-0.42234501242637634,-0.14966687560081482,0.15315918624401093,0.34351179003715515,0.14298558235168457,0.12092655897140503,-0.17246176302433014,0.36767280101776123,-0.18286971747875214,-0.00958254374563694,0.10207708179950714,0.3583281934261322,-0.6022675633430481,-0.1221451386809349,-0.3381189703941345,0.21762363612651825,-0.055139053612947464,-0.047404393553733826,-0.16443292796611786,0.3257523477077484,0.5116365551948547,0.3549216687679291,0.10569967329502106,0.3905121982097626,0.047263097018003464,0.4658229351043701,-0.10283578932285309,-0.16641180217266083,-0.14137183129787445,0.055458903312683105,-0.3565311133861542,-0.07573926448822021,0.2641056180000305,-0.28443238139152527,-0.6061370372772217,-0.6295775771141052,-0.22521646320819855,-0.06384018808603287,-0.4992779791355133,-0.2741619050502777,-0.04616813734173775,0.035151585936546326,0.12108604609966278,0.3906645178794861,0.026222506538033485,-0.18837563693523407,0.05933406203985214,0.3040192425251007,-0.6005266904830933,0.10949345678091049,-0.1384173184633255,0.45048317313194275,-0.5556324124336243,-0.07307372242212296,0.33952927589416504,-0.011615276336669922,-0.107011578977108,0.2905925214290619,-0.2735168933868408,-0.2739066779613495,0.07439656555652618,0.2851993143558502,-0.31484323740005493,0.19640514254570007,-0.25860995054244995,0.020804360508918762,0.08001269400119781
CID000004603,268,0.05823275446891785,-0.09369434416294098,-0.058211974799633026,0.35886019468307495,-0.40027540922164917,0.09492632746696472,0.24442915618419647,0.24282589554786682,0.0810999721288681,0.28703275322914124,0.3601004481315613,0.11584556102752686,-0.020501991733908653,0.11791465431451797,-0.2381742298603058,-0.1530047357082367,-0.11559255421161652,-0.08158112317323685,0.09540365636348724,-0.3510970175266266,0.07118196785449982,-0.2694382965564728,-0.0947684496641159,-0.7633619904518127,0.16146573424339294,0.08151374012231827,-0.10976561158895493,-0.005100706126540899,0.018430406227707863,0.05321107059717178,0.10340417921543121,0.20558547973632812,-0.10809247195720673,-0.12931689620018005,-0.05768335983157158,-0.013285401277244091,0.23082061111927032,-0.015377144329249859,0.2369074821472168,-0.1526675522327423,0.07434038072824478,-0.29422134160995483,0.23885628581047058,-0.24252068996429443,-0.17836424708366394,0.34569573402404785,-0.003357106354087591,0.05323958396911621,0.1639498919248581,-0.06182504817843437,0.23948082327842712,0.23141641914844513,-0.2405960112810135,0.03382110595703125,0.08206818252801895,-0.09939476102590561,-0.0030913844238966703,0.13666903972625732,0.010911164805293083,0.02620026469230652,-0.2290511578321457,-0.30284684896469116,0.10193924605846405,0.02335091307759285,0.24365241825580597,0.34162747859954834,-0.1574196070432663,-0.08917465060949326,0.17154541611671448,0.12189435958862305,0.06792309135198593,-0.05678258091211319,-0.41233953833580017,-0.37597689032554626,-0.2821647822856903,-0.016893530264496803,-0.1404021680355072,0.1784859150648117,-0.09691336750984192,-0.0987120270729065,-0.03741800785064697,-0.538480281829834,-0.30909621715545654,0.039610303938388824,0.07505907863378525,-0.040744226425886154,0.21136851608753204,0.14997318387031555,-0.005927079822868109,-0.6118303537368774,-0.05682940408587456,0.21654608845710754,0.009253310970962048,-0.013252705335617065,-0.16531328856945038,-0.27819234132766724,-0.17362725734710693,0.17085227370262146,-0.15361139178276062,0.06629431992769241,-0.28758925199508667,0.09085790067911148,-0.06782066822052002,0.3094854950904846,0.23794667422771454,0.04294837266206741,-0.12808266282081604,0.04267485439777374,0.4271722733974457,-0.2835026979446411,-0.08898578584194183,0.18127554655075073,-0.17258134484291077,-0.026389524340629578,0.07782149314880371,0.23717205226421356,-0.04968623071908951,0.07865691184997559,-0.22315068542957306,0.310197114944458,0.5490010380744934,-0.19738122820854187,0.27971506118774414,0.2665035128593445,-0.09967146068811417,0.286531537771225,0.029156804084777832,0.16039535403251648,0.29485589265823364,0.016932200640439987,0.00837289821356535,-0.4409458637237549,-0.3971615433692932,0.013609048910439014,0.3185368478298187,0.017292315140366554,-0.12173692882061005,0.2758679986000061,-0.3608347475528717,-0.22159186005592346,-0.16376140713691711,0.1571766883134842,0.0632392019033432,-0.1337161660194397,-0.010615026578307152,0.18902429938316345,-0.0938001498579979,0.28668129444122314,0.03181356191635132,0.1571338027715683,-0.11766938865184784,-0.14578989148139954,-0.21119260787963867,0.2466553896665573,-0.30800190567970276,-0.1272720992565155,-0.06701775640249252,-0.023558635264635086,-0.20119568705558777,0.2556839883327484,0.10952810943126678,0.21639685332775116,-0.008372819051146507,0.15213553607463837,-0.15883636474609375,-0.19060562551021576,-0.22394314408302307,0.14261509478092194,-0.05494041368365288,0.16796930134296417,-0.012500044889748096,-0.13776814937591553,-0.1945042610168457,-0.18341633677482605,0.02356494776904583,-0.04198608174920082,0.13721685111522675,-0.30203691124916077,0.32590922713279724,-0.14820773899555206,0.1814252883195877,0.0487661212682724,-0.10848184674978256,-0.16213132441043854,0.06390225142240524,0.2519727349281311,-0.07912281900644302,0.01674463413655758,-0.039306752383708954,-0.3072547912597656,-0.06325534731149673,-0.012401727959513664,0.20013713836669922,0.08028700947761536,0.11107847839593887,-0.15502449870109558,0.0510895736515522,0.01805994287133217,0.08875226974487305,0.11654229462146759,0.23511096835136414,-0.32128578424453735,-0.11387650668621063,-0.3138594627380371,0.04526912420988083,-0.2024202048778534,-0.1201222687959671,0.13418975472450256,-0.05721883848309517,0.41544684767723083,0.319873571395874,0.10937963426113129,0.33602604269981384,0.1277245581150055,0.04121885076165199,-0.012672779150307178,-0.12669910490512848,0.10719139873981476,0.08208297193050385,-0.11764253675937653,0.007188843097537756,-0.0714845135807991,-0.14699283242225647,-0.17568151652812958,-0.007041183300316334,0.08124595135450363,0.09066560119390488,-0.08330108225345612,-0.04389273375272751,0.010969497263431549,-0.07941745221614838,-0.15416601300239563,0.22767934203147888,0.00048782824887894094,-0.21496181190013885,-0.028256546705961227,0.28172677755355835,-0.4248148500919342,0.10495986044406891,-0.12197373807430267,0.22710326313972473,-0.2980263829231262,0.03715295344591141,0.2672545611858368,-0.09204674512147903,-0.13752637803554535,0.1312493234872818,0.005548505578190088,-0.5387603044509888,-0.11525239050388336,0.3268915116786957,-0.317195326089859,0.1789887547492981,-0.3539768159389496,0.14269216358661652,-0.022620420902967453
CID000000598,269,0.20811335742473602,0.05974248796701431,0.2480587214231491,0.2529006600379944,-0.42687711119651794,0.061609458178281784,0.19030050933361053,0.07421626150608063,0.2023349553346634,0.09639623016119003,-0.019669240340590477,-0.5989328622817993,-0.38004231452941895,0.08379895985126495,0.13272124528884888,0.07426999509334564,-0.018345199525356293,-0.2503511905670166,-0.00558723509311676,-0.541138768196106,-0.0006239801878109574,-0.19996775686740875,-0.1474728137254715,-0.8911455869674683,-0.2347230166196823,0.1886136829853058,-0.17275334894657135,-0.1715897172689438,-0.07755004614591599,0.34853285551071167,-0.12240548431873322,0.23321786522865295,0.07479299604892731,0.1597236543893814,0.22068290412425995,-0.09113073348999023,0.08103670179843903,0.35211196541786194,0.1109066978096962,0.0004918292397633195,0.04281247407197952,-0.048078496009111404,-0.3151155114173889,-0.31554996967315674,-0.03243548050522804,0.08207355439662933,0.03804241865873337,-0.10370542109012604,0.11421505361795425,0.2986573576927185,0.4110305905342102,0.06951022148132324,-0.26519477367401123,0.30634263157844543,0.0301964171230793,0.1252852976322174,0.2661181092262268,0.13177962601184845,0.9231854677200317,0.09082948416471481,-0.26845306158065796,-0.285806804895401,-0.1387014538049698,-0.20262452960014343,0.19049189984798431,0.5602651834487915,-0.11288721859455109,0.03405182808637619,0.14412657916545868,-0.006990465335547924,0.026705235242843628,-0.05973672866821289,-0.30420225858688354,-0.6046319603919983,0.11579570919275284,0.49054551124572754,0.4859749376773834,-0.09262017160654068,-0.07647903263568878,0.24271073937416077,0.4462016224861145,-0.3246765732765198,-0.34865865111351013,0.07291112840175629,0.04037502408027649,0.08457989990711212,0.30208685994148254,0.22533166408538818,-0.26577991247177124,-0.8837032318115234,-0.036343492567539215,0.092252217233181,0.02901582047343254,0.17775025963783264,0.4821266531944275,-0.428861528635025,-0.3773784637451172,-0.16995331645011902,0.1749112606048584,0.43229541182518005,0.06196329742670059,-0.25049108266830444,0.12585249543190002,0.18732285499572754,0.2007194459438324,0.007828486151993275,0.0344104990363121,-0.07766716182231903,0.48231181502342224,-0.02007453516125679,-0.00229874555952847,0.07744558155536652,0.08171387016773224,-0.3132510483264923,0.006553530693054199,0.31830716133117676,0.03307449072599411,-0.5130945444107056,-0.0314590223133564,0.06584863364696503,0.5594019889831543,-0.5514054298400879,0.5677293539047241,0.12551407516002655,0.017042363062500954,0.19410738348960876,0.22577014565467834,-0.05032990500330925,0.07490511238574982,0.21705619990825653,0.37552887201309204,-0.478640615940094,-0.3898559510707855,0.06593722850084305,0.16540563106536865,0.38856834173202515,0.27322468161582947,0.18977390229701996,-0.12226506322622299,-0.2869458496570587,-0.03020421788096428,0.07972438633441925,-0.04620995372533798,0.04194561392068863,-0.07500261068344116,-0.0140718724578619,0.0354447141289711,0.5268212556838989,0.0525391511619091,0.23184342682361603,0.12549228966236115,-0.3828558325767517,0.24168868362903595,-0.1485040932893753,-0.20001991093158722,-0.25783827900886536,-0.06104834005236626,-0.49695223569869995,0.08963831514120102,0.15942351520061493,0.009144248440861702,-0.14308026432991028,-0.061178065836429596,-0.3052617907524109,-0.0859336405992508,0.16953806579113007,0.056534767150878906,-0.09456629306077957,-0.12705883383750916,0.2717192769050598,-0.1932724565267563,-0.15326160192489624,-0.2747560143470764,-0.22757188975811005,0.03153644874691963,-0.19784079492092133,-0.12932255864143372,-0.07381211221218109,0.5409630537033081,-0.12204836308956146,-0.06105164438486099,0.16285985708236694,-0.4254418909549713,0.14674052596092224,0.3271045982837677,-0.036413777619600296,-0.3125631809234619,-0.03351176530122757,0.2389688789844513,-0.4491215646266937,0.1376756727695465,0.3963690400123596,0.17957665026187897,-0.31538480520248413,0.07269556820392609,-0.0006306633586063981,0.07035745680332184,-0.1127176508307457,-0.0560351125895977,0.06252670288085938,-0.026178527623414993,-0.5144687294960022,0.33932918310165405,-0.1617608517408371,-0.4782995581626892,0.08256594836711884,-0.10201649367809296,-0.23134973645210266,0.405862957239151,0.45540904998779297,0.38805681467056274,0.2717818319797516,-0.020981332287192345,-0.19328103959560394,0.0654488354921341,-0.37309902906417847,0.23245318233966827,0.2454873025417328,0.06534405052661896,0.2854679226875305,0.020319169387221336,-0.238078311085701,0.3289472162723541,-0.4061358571052551,-0.3824455738067627,-0.2616226077079773,-0.3217729926109314,-0.13908374309539795,-0.12298723310232162,-0.17903153598308563,-0.17831742763519287,0.7061185836791992,0.3841494023799896,-0.08971431851387024,0.06811225414276123,0.4500826299190521,0.44680625200271606,-0.6634624004364014,-0.1934950053691864,-0.16061098873615265,-0.11179455369710922,-0.5719961524009705,0.04037509858608246,0.37567126750946045,-0.124303437769413,0.46906861662864685,-0.28139400482177734,0.020511183887720108,-0.5985679030418396,-0.19365069270133972,0.30469417572021484,-0.10709957033395767,0.04395320639014244,-0.17502765357494354,0.006659182719886303,0.08438905328512192
CID000060877,270,0.2596650719642639,0.12481361627578735,0.04792536050081253,0.3990674614906311,-0.429959774017334,0.0906170979142189,0.37067270278930664,0.2245761901140213,-0.18395569920539856,0.3216552734375,0.39389535784721375,-0.09744738042354584,0.025292154401540756,0.271975040435791,-0.06227964162826538,-0.012943565845489502,-0.035820841789245605,-0.12235565483570099,0.3232651352882385,-0.3144657015800476,0.12075988948345184,-0.2188088595867157,-0.008213984780013561,-0.7661920785903931,0.10912846028804779,0.12916696071624756,-0.03679051250219345,-0.09356589615345001,-0.15532444417476654,0.09607728570699692,-0.24417254328727722,0.1246381402015686,-0.1674792617559433,-0.07724180072546005,0.0012633651494979858,-0.03816807270050049,0.22555892169475555,0.3000444173812866,0.15016379952430725,-0.38052934408187866,0.1162332072854042,-0.24921736121177673,0.21405029296875,-0.08009649813175201,-0.1182016134262085,0.045809220522642136,-0.03418045863509178,0.1643056571483612,0.10086872428655624,-0.05901848152279854,0.20908132195472717,0.011543500237166882,-0.2389099895954132,-0.0020521818660199642,0.07519359886646271,-0.03359387069940567,0.09858197718858719,0.2779434621334076,0.5786807537078857,0.11285755783319473,-0.22937682271003723,-0.462515264749527,0.2643445134162903,0.12708216905593872,0.3068792223930359,0.36533021926879883,-0.0797802060842514,-0.104347825050354,-0.00140761595685035,-0.09742076694965363,0.1130378395318985,-0.2238965779542923,-0.365609347820282,-0.42155519127845764,-0.31749528646469116,0.18088479340076447,0.19447112083435059,0.19202719628810883,-0.10182112455368042,-0.15638545155525208,0.13742688298225403,-0.4032300114631653,-0.3670274615287781,-0.06602142751216888,0.1721656322479248,-0.08140359818935394,0.3762921690940857,0.06970780342817307,0.004673969931900501,-0.5074469447135925,-0.048559170216321945,0.2670004069805145,0.09546081721782684,0.052106667309999466,0.17722180485725403,-0.40569108724594116,-0.17408819496631622,0.008575117215514183,0.2521292269229889,0.36299213767051697,-0.18660032749176025,-0.12031801044940948,0.036109037697315216,0.40474843978881836,0.38562002778053284,-0.050836604088544846,-0.15461668372154236,0.013058161363005638,0.3708557188510895,-0.11650768667459488,-0.0071646831929683685,0.2690410315990448,-0.3190057873725891,-0.1517086774110794,-0.13135330379009247,0.24504704773426056,0.057136744260787964,0.12992927432060242,-0.0791608914732933,0.13988938927650452,0.47462987899780273,-0.4661460816860199,0.39680689573287964,0.3927953541278839,-0.3403635621070862,0.2649618089199066,-0.018067529425024986,-0.1327940672636032,0.2659875452518463,-0.07175878435373306,0.07357732951641083,-0.4714012145996094,-0.40962186455726624,0.05038254335522652,0.253740519285202,-0.014134710654616356,-0.17150205373764038,0.11492844671010971,-0.3543790876865387,-0.1602354347705841,-0.23588509857654572,0.31578290462493896,0.04953896254301071,0.010198810137808323,0.058538876473903656,0.2624798119068146,-0.3133159279823303,0.29557809233665466,-0.04450291395187378,0.20915663242340088,-0.03185001760721207,-0.1781383901834488,-0.08064088970422745,0.3725084662437439,-0.07738121598958969,-0.1580345183610916,0.0763775110244751,0.06375904381275177,0.23272700607776642,0.06812028586864471,0.1801905632019043,0.04534032940864563,-0.06238170340657234,0.09367495775222778,-0.2547288239002228,0.05846579000353813,-0.08817364275455475,0.21132704615592957,0.09054684638977051,0.2909691333770752,0.032640255987644196,0.01132100261747837,-0.24459436535835266,0.049044664949178696,-0.049211520701646805,-0.052251994609832764,0.09988120943307877,-0.2548232078552246,0.2982001304626465,0.08720533549785614,0.3184283673763275,-0.026873135939240456,-0.17452020943164825,-0.03478723764419556,0.01985769346356392,0.3073192238807678,-0.06210189312696457,-0.1200726255774498,-0.06766660511493683,-0.415475457906723,-0.3399735987186432,-0.006237310357391834,0.13405165076255798,-0.1797555834054947,0.07096926867961884,-0.05140150710940361,0.07103927433490753,-0.08775126188993454,-0.05600815266370773,0.27031129598617554,0.17463961243629456,-0.343905508518219,0.004175066016614437,-0.3395429253578186,-0.24708938598632812,-0.2739275395870209,-0.12024430930614471,0.10135384649038315,0.1282041370868683,0.3166118264198303,0.4192775785923004,-0.06303367763757706,0.3328224718570709,0.1109643206000328,0.022159172222018242,-0.21853895485401154,-0.22909489274024963,0.07941385358572006,0.04305408149957657,0.08907461166381836,-0.07408084720373154,-0.04886297136545181,0.09830675274133682,-0.33975255489349365,-0.1972832977771759,0.08386097848415375,-0.2901321053504944,-0.048763860017061234,-0.07861606776714325,-0.14385318756103516,-0.023480143398046494,0.052516497671604156,0.5497438907623291,-0.0022447356022894382,-0.11769440025091171,0.005035960581153631,0.20542879402637482,-0.2755209803581238,0.05681607872247696,-0.2420930415391922,0.20626473426818848,-0.2826835513114929,0.05991353467106819,0.22508244216442108,0.014606868848204613,-0.053015779703855515,0.17348963022232056,0.19312351942062378,-0.43314534425735474,0.06003032997250557,0.4998475909233093,-0.170040100812912,0.19953902065753937,-0.36916202306747437,0.13067865371704102,0.1274786740541458
CID000000581,271,0.2247353047132492,0.0518178716301918,0.05817104130983353,0.28919360041618347,-0.2773711681365967,0.018359048292040825,-0.003912562038749456,0.450869083404541,0.044862378388643265,0.2609104812145233,-0.27119746804237366,-0.017087912186980247,-0.2006964236497879,0.277636855840683,0.1095639020204544,-0.15979796648025513,-0.22095231711864471,-0.02111740969121456,-0.21685263514518738,-0.48426538705825806,-0.08949179202318192,0.0498514249920845,0.07435671240091324,-0.6678192019462585,-0.25507086515426636,0.22257383167743683,-0.25266486406326294,-0.20015747845172882,-0.16753625869750977,0.4916419982910156,-0.19409282505512238,0.3186115026473999,-0.37124311923980713,-0.29244059324264526,-0.03615400940179825,-0.09334395080804825,-0.19693198800086975,0.40243035554885864,0.29013508558273315,-0.08144856989383698,-0.28221309185028076,-0.04106336086988449,0.027563264593482018,-0.27208685874938965,-0.11844933032989502,0.4172727167606354,-0.1332065761089325,0.2117353230714798,-0.02345609851181507,0.07387947291135788,0.31532904505729675,0.17521202564239502,-0.17561033368110657,0.3179349899291992,0.0026694773696362972,-0.21744725108146667,-0.306132972240448,0.10807684808969498,0.27598920464515686,-0.13881294429302216,-0.32605111598968506,-0.3442520499229431,0.09506313502788544,-0.09763354063034058,0.13470053672790527,0.6001415252685547,-0.4020090699195862,0.13841304183006287,0.14421787858009338,-0.005518464837223291,-0.091646209359169,-0.05961077660322189,-0.5228527784347534,-0.28751134872436523,-0.20305712521076202,0.3161645531654358,0.13738897442817688,-0.06686617434024811,-0.14283078908920288,0.1809220165014267,0.25405651330947876,-0.4838184416294098,-0.5480151176452637,0.2715786397457123,0.26645398139953613,-0.2219415158033371,0.14006653428077698,0.15702064335346222,-0.023995019495487213,-0.7594847679138184,-0.15589477121829987,0.20852601528167725,-0.020322542637586594,0.01650780811905861,-0.12220355123281479,-0.5184966325759888,-0.312290757894516,0.12393351644277573,0.05727333948016167,0.2937912046909332,-0.2755013704299927,-0.026750987395644188,0.1682494580745697,0.29983392357826233,0.17733041942119598,-0.1210014596581459,-0.09538665413856506,-0.055546246469020844,0.3052549362182617,0.14593583345413208,-0.007737527601420879,0.1255071759223938,-0.08657701313495636,-0.07671498507261276,0.14671561121940613,0.36699533462524414,0.05853065848350525,-0.020818913355469704,-0.03718208521604538,0.07130368053913116,0.6401658058166504,0.14980651438236237,0.29666587710380554,0.27697089314460754,0.048487357795238495,0.146278977394104,-0.02029656060039997,-0.09298665821552277,0.30364862084388733,0.043795447796583176,0.1335892528295517,-0.48503321409225464,-0.28000378608703613,0.06730781495571136,0.31421419978141785,-0.04996857792139053,-0.1066417247056961,0.4164409637451172,0.23359529674053192,-0.12427351623773575,-0.4834091067314148,0.32809197902679443,-0.008751523680984974,-0.05757526308298111,0.16510029137134552,0.039959780871868134,0.05659645050764084,0.466561883687973,-0.020234238356351852,0.2792452573776245,0.02196059748530388,-0.15807832777500153,0.3548365831375122,0.0578451044857502,-0.39566048979759216,-0.21606966853141785,0.008456891402602196,-0.5432185530662537,0.2636931538581848,0.20532450079917908,0.4695436954498291,0.40840762853622437,0.09056178480386734,-0.16549378633499146,-0.022662390023469925,0.09192652255296707,-0.2740544080734253,0.15878096222877502,0.24248960614204407,0.16791091859340668,-0.0940231904387474,-0.04756408929824829,-0.05902380868792534,-0.38931959867477417,-0.003534028772264719,-0.05980373173952103,-0.11797714233398438,-0.38168391585350037,0.582798421382904,-0.09119782596826553,0.15883806347846985,0.23726241290569305,-0.10871410369873047,-0.19019001722335815,0.6049038171768188,0.09997113049030304,-0.24909958243370056,0.06554053723812103,0.0775219053030014,-0.47402286529541016,-0.18134096264839172,0.02399340271949768,0.2194315493106842,0.14728790521621704,0.30174946784973145,0.08439852297306061,0.2352677881717682,-0.058428000658750534,0.05454114079475403,-0.06409821659326553,0.21990589797496796,-0.36922118067741394,-0.09795597940683365,-0.08319376409053802,-0.1306781768798828,-0.10802219063043594,-0.14111045002937317,-0.15532764792442322,0.2866407632827759,0.40172523260116577,0.45268887281417847,0.27222076058387756,0.12297360599040985,0.19984136521816254,-0.07017910480499268,-0.1990024298429489,0.2957947850227356,0.07714016735553741,0.12466776371002197,-0.0008779302006587386,-0.01101092528551817,-0.12901274859905243,0.019427193328738213,-0.3656695485115051,-0.2914174199104309,0.05572023242712021,-0.003612358123064041,-0.25031185150146484,-0.2725936770439148,0.017838478088378906,-0.209687739610672,0.05818283557891846,0.42987337708473206,0.11825428158044815,-0.1616208255290985,0.028680533170700073,0.4471871256828308,-0.33354055881500244,-0.04080808907747269,-0.11606763303279877,0.1905214935541153,-0.45590558648109436,0.20136506855487823,0.37054526805877686,0.028513366356492043,0.004481474868953228,0.08606822788715363,0.12279941886663437,-0.6207271814346313,-0.38537922501564026,0.36341041326522827,-0.3285754919052124,-0.05260271951556206,-0.2014627754688263,-0.29848092794418335,-0.09685441851615906
CID000087177,272,0.2603195309638977,-0.0012626678217202425,-0.05642670392990112,0.3223617672920227,-0.5339087843894958,0.14687028527259827,0.15671738982200623,0.16354188323020935,0.08002164214849472,0.3816463053226471,-0.1729225367307663,-0.22093749046325684,-0.4155065417289734,0.4662281572818756,-0.026457857340574265,-0.25112882256507874,-0.21987459063529968,-0.19335635006427765,0.32836467027664185,-0.4888671040534973,0.2993716597557068,0.008284230716526508,-0.032553426921367645,-0.7342509627342224,-0.036110345274209976,-0.1484544724225998,-0.19278091192245483,-0.3421199917793274,0.03773467615246773,0.2468605488538742,-0.1017557829618454,0.14398424327373505,0.0937618762254715,0.0891444981098175,-0.05433425307273865,-0.0034000850282609463,-0.08925922960042953,0.3599294424057007,0.3615240752696991,-0.030056733638048172,-0.14855901896953583,0.0355435349047184,-0.053664445877075195,-0.08872872591018677,-0.17863395810127258,0.18244270980358124,-0.033546894788742065,0.04058850556612015,0.18570862710475922,0.36584335565567017,0.47094956040382385,0.09530957043170929,-0.23723800480365753,0.05548843741416931,0.2862604558467865,-0.18499907851219177,0.48908790946006775,0.10973330587148666,0.6321248412132263,-0.3024328052997589,-0.19407379627227783,-0.48753461241722107,-0.06583666056394577,-0.04567572847008705,0.0369223915040493,0.6438524127006531,-0.19741350412368774,0.2889668643474579,0.16323961317539215,0.13643595576286316,0.3324323296546936,-0.3515286445617676,-0.23432162404060364,-0.6486338973045349,-0.14004236459732056,0.368331640958786,-0.03898613527417183,-0.2004038393497467,-0.22883927822113037,-0.04235735535621643,-0.16089248657226562,-0.48022913932800293,-0.27049559354782104,0.21168000996112823,-0.12428035587072372,-0.5761756896972656,-0.12307608127593994,0.16641271114349365,0.10672013461589813,-0.7210771441459656,0.018061380833387375,0.23104026913642883,0.011628897860646248,0.17401258647441864,-0.018489951267838478,-0.4846014976501465,-0.1630098521709442,0.13866831362247467,0.08418644964694977,0.16804559528827667,-0.11057686805725098,-0.04382968693971634,0.10079310834407806,0.3344438374042511,-0.13196027278900146,-0.02121099829673767,-0.2244834005832672,0.43213504552841187,0.18434932827949524,-0.11284081637859344,-0.104829803109169,0.36195632815361023,0.029321962967514992,-0.3987399637699127,-0.05297403782606125,0.06911808997392654,-0.24234023690223694,-0.37687286734580994,-0.16143597662448883,0.11758215725421906,0.6539457440376282,-0.158868670463562,0.1425756961107254,0.007148653268814087,-0.11118052154779434,0.32293447852134705,-0.15532901883125305,-0.4288805425167084,0.11731971800327301,-0.0007416922599077225,0.15855374932289124,-0.5541224479675293,-0.5893567800521851,0.06976630538702011,0.26044589281082153,0.2609652876853943,0.05834177881479263,0.5683025121688843,0.10645446926355362,-0.20553326606750488,0.11165795475244522,0.4319559633731842,0.12467698752880096,-0.33586201071739197,0.11046558618545532,0.06624046713113785,-0.4272102415561676,0.6092063188552856,-0.16832248866558075,-0.025667261332273483,-0.14892172813415527,-0.3490214943885803,0.08304347097873688,0.03367491438984871,-0.270484983921051,-0.19833189249038696,-0.025339867919683456,-0.2690209746360779,0.10732255131006241,0.13522428274154663,-0.03710481896996498,0.08841284364461899,0.0022503137588500977,0.07232960313558578,0.13394244015216827,0.16978773474693298,0.28122031688690186,0.04410231113433838,-0.1053663045167923,0.09615419059991837,-0.09689092636108398,-0.042608220130205154,-0.11665208637714386,-0.0397927388548851,-0.1415705531835556,-0.05180889368057251,0.027605706825852394,-0.1138029471039772,0.5622731447219849,-0.19514647126197815,0.013679432682693005,0.1711609959602356,-0.40739506483078003,-0.10987158119678497,0.004449017345905304,0.20581527054309845,-0.11309844255447388,0.20329491794109344,0.38625138998031616,-0.3704189658164978,0.2024470567703247,-0.013783199712634087,0.12410416454076767,-0.024303261190652847,0.23374581336975098,0.27222883701324463,0.019172679632902145,-0.1662723571062088,-0.22056934237480164,0.3265703320503235,0.07364212721586227,-0.51203852891922,0.1567237824201584,-0.04499319940805435,-0.006334230303764343,0.14806704223155975,-0.11336711794137955,0.13103927671909332,0.7613078951835632,0.3920591473579407,0.3097269535064697,0.23173043131828308,-0.11196335405111313,0.30468225479125977,0.04015432670712471,-0.01587342657148838,0.05639767646789551,0.10653026401996613,0.1506524384021759,0.44756779074668884,-0.09257014095783234,-0.14266037940979004,0.02599620260298252,-0.26814037561416626,-0.28648191690444946,0.008060810156166553,-0.06804537773132324,-0.31478795409202576,-0.17346353828907013,0.007633420638740063,0.1657366007566452,0.10978428274393082,-0.0756659135222435,-0.06890853494405746,-0.15752802789211273,-0.1759917438030243,0.8070725202560425,-0.5692421197891235,0.0037573748268187046,-0.14010997116565704,0.1233360767364502,-0.2947843670845032,-0.1272008717060089,0.48055505752563477,-0.251901775598526,0.20146510004997253,0.17723241448402405,-0.021304327994585037,-0.7721584439277649,-0.3171881139278412,0.28879573941230774,-0.16953644156455994,0.05721849948167801,-0.41485029458999634,0.10128941386938095,0.29342222213745117
CID000003158,275,0.22188909351825714,0.18860980868339539,0.016897989436984062,0.2955981194972992,-0.0864105224609375,0.1907614767551422,0.07656586915254593,0.16544204950332642,-0.07430355250835419,0.22566816210746765,0.3508705496788025,0.18558022379875183,0.12510176002979279,0.04160130023956299,-0.13073194026947021,-0.11069144308567047,-0.15315483510494232,-0.213070347905159,0.20698490738868713,-0.34995853900909424,0.16048194468021393,-0.2741357088088989,-0.11955287307500839,-0.745675265789032,0.00884506106376648,0.12382137775421143,-0.3632463812828064,-0.09151200205087662,-0.030071547254920006,0.0938979983329773,-0.07880477607250214,0.28743770718574524,-0.009135603904724121,0.07763589173555374,-0.10412224382162094,0.06513093411922455,0.275156170129776,-0.041317179799079895,0.08865384757518768,-0.18246331810951233,0.07108958810567856,-0.4068368971347809,0.0975668728351593,-0.3695119321346283,-0.18811576068401337,0.3564435839653015,0.013233048841357231,-0.05666261166334152,0.20947065949440002,0.23901879787445068,0.2462398260831833,-0.05487402155995369,-0.2912158668041229,0.03762800246477127,0.22890648245811462,-0.2903824746608734,0.021761003881692886,0.23137566447257996,-0.10141980648040771,0.16030994057655334,-0.24673476815223694,-0.2890743911266327,0.1468449831008911,-0.10751533508300781,0.3667481541633606,0.5389924645423889,-0.28537634015083313,-0.2837201952934265,0.2957708239555359,-0.057961367070674896,0.16631866991519928,-0.0712256133556366,-0.4322341978549957,-0.4485863149166107,-0.2981523275375366,0.23188212513923645,0.019298385828733444,0.1259399950504303,-0.04845445230603218,0.05182812362909317,-0.04559390991926193,-0.46037596464157104,-0.28051289916038513,-0.0725080817937851,0.012379659339785576,-0.25877484679222107,0.3135599195957184,0.012134794145822525,0.18966083228588104,-0.7336100935935974,0.012751175090670586,0.4790392816066742,0.09551948308944702,0.19200991094112396,-0.1681915819644928,-0.38441959023475647,-0.18016858398914337,0.05319049954414368,0.13246086239814758,0.267333984375,-0.12776562571525574,-0.04633340239524841,-0.04111245274543762,0.35479193925857544,0.1986994445323944,0.17132900655269623,0.14070072770118713,-0.15503883361816406,0.45808225870132446,-0.15943512320518494,-0.020627954974770546,0.1788032054901123,-0.38370102643966675,0.06501644849777222,0.13972939550876617,0.273806631565094,-0.06842518597841263,-0.06443309038877487,-0.3015376031398773,0.31420445442199707,0.4417385458946228,-0.09921873360872269,0.3097054958343506,0.394832968711853,-0.11584573984146118,0.10247377306222916,0.0449991300702095,0.21427293121814728,0.18085409700870514,-0.2241533100605011,0.05728714540600777,-0.2900702953338623,-0.14129668474197388,0.19938412308692932,0.10210225731134415,0.03856364265084267,-0.10263390839099884,0.012325048446655273,-0.3727746605873108,-0.3917434811592102,-0.2379361391067505,0.05424460768699646,0.12616373598575592,-0.22918562591075897,0.05038393288850784,0.08674468100070953,-0.1970260739326477,0.2548639178276062,-0.031108666211366653,0.10651391744613647,-0.015875399112701416,-0.021498870104551315,-0.08905297517776489,0.17018447816371918,-0.393154501914978,-0.20998725295066833,-0.041628021746873856,-0.09385953098535538,0.07079460471868515,0.3495662808418274,-0.0069106221199035645,-0.10028050094842911,-0.06109555438160896,0.13859061896800995,-0.22730393707752228,-0.2640549838542938,-0.2756604850292206,0.2198888510465622,-0.07252862304449081,0.37905070185661316,0.03187298774719238,-0.18672455847263336,-0.2964599132537842,-0.31636470556259155,-0.05747558921575546,-0.10285236686468124,0.2290189564228058,-0.18255369365215302,0.36841318011283875,0.013129639439284801,0.2608398199081421,0.00706818699836731,-0.27892810106277466,-0.3156060576438904,0.1582239419221878,0.2596362829208374,-0.5372965931892395,-0.1840832233428955,-0.1281152218580246,-0.2935267686843872,-0.16181890666484833,0.14757470786571503,0.2661206126213074,0.15968573093414307,0.18999852240085602,-0.3763979375362396,0.20930945873260498,0.07615284621715546,0.027296211570501328,0.13816393911838531,0.2348189353942871,-0.29172101616859436,0.1674368977546692,-0.3790772557258606,0.00577959418296814,-0.27869123220443726,-0.004153585527092218,0.009911912493407726,0.22909000515937805,0.41165652871131897,0.36732345819473267,-0.1251727044582367,0.3372868597507477,0.2083369791507721,0.15040934085845947,-0.25201085209846497,0.07705102115869522,-0.009166712872684002,-0.0994207113981247,-0.13961994647979736,-0.06905630975961685,-0.2156074345111847,-0.19101352989673615,-0.3071349859237671,-0.108506940305233,-0.0716174989938736,-0.2129531353712082,-0.041249021887779236,-0.10130097717046738,-0.1526167243719101,-0.09902583062648773,0.10485263168811798,0.2843567132949829,0.052557893097400665,0.06682799756526947,0.102949358522892,0.29668283462524414,-0.35077202320098877,0.12957969307899475,-0.19856807589530945,0.3746725618839264,-0.530381441116333,0.2240959107875824,0.17217287421226501,-0.15647824108600616,-0.009778166189789772,0.3726100027561188,-0.025399532169103622,-0.37015852332115173,-0.13878516852855682,0.35770219564437866,-0.06294795125722885,0.1754099428653717,-0.14347150921821594,0.09869438409805298,-0.1387193202972412
CID000004666,276,0.25601983070373535,0.07244758307933807,0.16769179701805115,0.5604567527770996,-0.468914270401001,0.06192970275878906,0.20841065049171448,0.2973600924015045,-0.0209521297365427,0.21219834685325623,-0.26656001806259155,-0.3652042746543884,-0.07712320983409882,0.27160561084747314,-0.05996062234044075,0.1341724693775177,0.10310522466897964,-0.1923942267894745,-0.0346914641559124,-0.4052927494049072,-0.08329158276319504,-0.4453774392604828,0.17486198246479034,-0.8531244397163391,-0.08126050978899002,0.10082601010799408,-0.2056528627872467,-0.1799917072057724,-0.03931261599063873,0.01991892419755459,-0.13514302670955658,0.11364942789077759,0.16806703805923462,-0.2502330541610718,0.05660170316696167,0.11557674407958984,0.06958320736885071,0.4268272817134857,-0.12164847552776337,-0.25170639157295227,0.019388264045119286,0.21117818355560303,0.1770952343940735,0.14041393995285034,-0.15596719086170197,0.1248219832777977,-0.07281502336263657,-0.09250563383102417,-0.05739368125796318,0.3813643455505371,0.3632541596889496,-0.11365111172199249,-0.3620027005672455,-0.04437139257788658,-0.1160762757062912,0.1469414085149765,-0.11999497562646866,-0.07337308675050735,0.25991982221603394,-0.15016557276248932,-0.16079887747764587,-0.3571142554283142,-0.18686357140541077,-0.10308338701725006,0.08309533447027206,0.2689424157142639,-0.1985025852918625,-0.050877828150987625,0.2515779137611389,0.04213434457778931,-0.0624142661690712,0.09324406832456589,-0.275407612323761,-0.3655795454978943,-0.27562832832336426,0.16714778542518616,-0.021899282932281494,0.037173766642808914,-0.15607331693172455,-0.007747143507003784,0.37373554706573486,-0.2365700900554657,-0.3352026045322418,-0.12927162647247314,0.12263856828212738,0.19673892855644226,0.03282051533460617,0.17077898979187012,0.09951182454824448,-0.43120962381362915,-0.03281431645154953,0.24211974442005157,-0.11258363723754883,-0.05320145562291145,-0.0899810642004013,-0.18766966462135315,0.06938808411359787,-0.009990265592932701,0.12468607723712921,0.14888593554496765,0.14634200930595398,0.04617016762495041,0.005326376762241125,0.1555330455303192,0.28436240553855896,-0.03547457233071327,0.02763080969452858,-0.09028443694114685,0.3457806408405304,-0.12766315042972565,0.1432933807373047,0.17338886857032776,-0.15858012437820435,-0.26257017254829407,0.19180908799171448,0.3935127556324005,-0.19790653884410858,0.1816149652004242,-0.1226525753736496,0.31554198265075684,0.6302056908607483,-0.31570789217948914,0.17319902777671814,0.38799160718917847,-0.2869514226913452,0.4263445734977722,0.06852918863296509,-0.16712994873523712,0.013137966394424438,0.22497829794883728,0.1397630125284195,-0.4923151433467865,-0.48083606362342834,0.23836474120616913,0.26957470178604126,0.2360331118106842,0.0021003917790949345,0.255228191614151,0.22821791470050812,-0.021477248519659042,-0.19410160183906555,0.22652021050453186,0.16746310889720917,0.06475739926099777,-0.07282601296901703,0.09935983270406723,-0.1567418873310089,0.4067971706390381,0.1336258500814438,0.4813633859157562,0.23823221027851105,-0.4224129617214203,0.007976030930876732,0.010794681496918201,-0.15092359483242035,-0.23407861590385437,0.06455333530902863,-0.0836915522813797,0.014416943304240704,0.029707645997405052,-0.16112020611763,0.24392053484916687,0.0028987214900553226,0.11477877199649811,-0.19578315317630768,0.1552368402481079,-0.1861300766468048,0.054048966616392136,0.006914357654750347,0.06723669916391373,0.09927328675985336,0.16586686670780182,-0.2843855321407318,-0.1758471131324768,0.15883788466453552,-0.11215827614068985,0.23821115493774414,-0.1607937514781952,0.7233597636222839,0.04346012696623802,-0.2690015435218811,-0.00250282883644104,-0.06006941199302673,0.1164136752486229,0.28257742524147034,0.08335280418395996,0.023353541269898415,0.10299424082040787,0.1562548577785492,-0.41987085342407227,0.19224867224693298,0.11437416076660156,0.06023033335804939,-0.3227500319480896,0.23663988709449768,0.06249495595693588,0.1662207543849945,-0.13714033365249634,-0.036456216126680374,-0.16191141307353973,0.11898265033960342,-0.39070460200309753,0.03235701844096184,-0.34790030121803284,0.05644512176513672,-0.18069598078727722,0.041802454739809036,-0.13920077681541443,-0.004564930684864521,0.43827444314956665,0.2979332208633423,0.001824021339416504,0.24365946650505066,-0.0835537239909172,0.08754894882440567,-0.22036929428577423,0.1353524625301361,0.254829466342926,0.04647081717848778,0.027403254061937332,-0.23255404829978943,0.03507814556360245,-0.11081214994192123,-0.12532494962215424,0.10814592987298965,0.06634789705276489,-0.07546921819448471,-0.07232857495546341,0.0279394444078207,0.0644521713256836,-0.0025747374165803194,0.02718876674771309,0.43581637740135193,-0.10057145357131958,0.08108974993228912,0.1336129605770111,0.5670567750930786,-0.5739327073097229,0.028920745477080345,-0.27317318320274353,0.06585769355297089,-0.26772576570510864,0.2058573216199875,0.3047453761100769,-0.21492795646190643,-0.22587254643440247,0.13355425000190735,-0.05019189789891243,-0.5999630093574524,-0.11076998710632324,0.2650873064994812,-0.11108773946762085,0.257027268409729,-0.30871567130088806,-0.050970256328582764,0.23517057299613953
CID000002713,277,0.47528380155563354,0.0816417708992958,0.20850475132465363,0.24339166283607483,-0.30097970366477966,0.2037562131881714,0.276621013879776,0.4224964678287506,-0.18126492202281952,0.31104934215545654,0.322195440530777,-0.1052398681640625,0.26053139567375183,0.103151835501194,-0.019294898957014084,-0.10939570516347885,-0.1554594337940216,-0.1617841124534607,0.01818622648715973,-0.5422743558883667,-0.22439679503440857,-0.1677878051996231,0.2832772135734558,-0.8625900149345398,0.32405412197113037,-0.17910997569561005,-0.11664652824401855,0.012925093993544579,-0.048851266503334045,0.21157708764076233,-0.12470448017120361,0.264024019241333,0.2149079293012619,0.29443883895874023,0.04531770944595337,-0.02650386095046997,-0.0724683552980423,0.23985426127910614,-0.24336214363574982,-0.10377931594848633,-0.06009743735194206,0.04694279655814171,0.16319651901721954,-0.1548871397972107,-0.06412231922149658,0.3429955542087555,0.12762221693992615,-0.06579647213220596,0.12655192613601685,0.504849910736084,0.19874249398708344,-0.16007718443870544,-0.18709662556648254,-0.1457943618297577,0.17755767703056335,-0.17339172959327698,0.12833206355571747,0.27883628010749817,0.11238773912191391,0.20875775814056396,-0.23539261519908905,-0.3103048503398895,0.19935354590415955,0.06342331320047379,0.20451366901397705,0.35383230447769165,-0.2317616492509842,-0.13615381717681885,0.17660821974277496,0.0024071871303021908,0.25360924005508423,0.2036854773759842,-0.31896907091140747,-0.30314669013023376,-0.13755261898040771,0.6107235550880432,0.10153138637542725,-0.050502292811870575,-0.2203352451324463,-0.12458930164575577,0.708099365234375,-0.6516515612602234,-0.3925808370113373,-0.0010199308162555099,-0.21262332797050476,-0.26719099283218384,0.05906171351671219,-0.11193622648715973,-0.14500217139720917,-0.9261761903762817,0.035831332206726074,0.34146061539649963,-0.1441570222377777,0.2182387411594391,-0.044747184962034225,-0.187623530626297,0.2092852145433426,-0.10986366122961044,0.0020936131477355957,0.5452489256858826,0.06674136966466904,-0.31233182549476624,0.11488213390111923,0.4841129183769226,0.027961140498518944,0.20214076340198517,0.2977580428123474,-0.0006750881439074874,0.4976534843444824,0.04463820531964302,-0.1195361390709877,0.09742189943790436,-0.21438536047935486,-0.04189499467611313,0.14693087339401245,0.11885986477136612,0.014142945408821106,-0.0930107980966568,-0.12708266079425812,0.05325181409716606,0.710681140422821,-0.2539127767086029,0.36974698305130005,0.15745024383068085,0.04296545311808586,0.010230811312794685,-0.15559567511081696,0.01471720915287733,0.028364073485136032,-0.033827297389507294,0.26673081517219543,-0.631708025932312,-0.24096770584583282,0.010700750164687634,0.16436567902565002,-0.21167147159576416,-0.2397020161151886,0.25576746463775635,-0.0697726383805275,-0.244454026222229,-0.593032717704773,0.32097354531288147,0.1168990358710289,-0.14732626080513,-0.023668605834245682,0.01550410408526659,0.02740584686398506,0.6221098899841309,0.06516949832439423,0.08086484670639038,0.26166224479675293,-0.38859057426452637,-0.10322995483875275,0.1497824639081955,-0.15444380044937134,-0.20192444324493408,0.0035035230685025454,-0.32338637113571167,0.2654469907283783,0.14670392870903015,-0.28378820419311523,-0.2683258652687073,0.045691657811403275,-0.05197591334581375,0.10825568437576294,0.13107365369796753,-0.21385185420513153,0.13761411607265472,9.854436211753637e-05,0.152472585439682,0.20230381190776825,-0.055810678750276566,-0.19656406342983246,-0.13318504393100739,0.08390368521213531,0.026234406977891922,0.2398156374692917,-0.06408820301294327,0.5199544429779053,0.033632002770900726,0.06920769810676575,-0.1425316035747528,-0.20006582140922546,-0.2920803129673004,0.33187711238861084,0.1524668037891388,-0.26888617873191833,-0.06291091442108154,-0.18861548602581024,-0.3099574148654938,-0.40470457077026367,0.004474158398807049,0.3199125826358795,-0.2476772516965866,0.09606962651014328,0.11730451881885529,0.1299525648355484,0.05110286921262741,-0.18690721690654755,-0.32600638270378113,-0.02176426537334919,-0.2771667540073395,0.5086163282394409,-0.32847362756729126,-0.07750178873538971,-0.17553742229938507,-0.1679813414812088,0.3990287184715271,0.0052396925166249275,0.23590505123138428,0.48088836669921875,-0.0767107754945755,0.1630103886127472,0.236110657453537,-0.16912686824798584,-0.865851879119873,0.004862564615905285,0.20221368968486786,0.13756242394447327,0.19795766472816467,-0.02023794688284397,-0.2765659987926483,-0.19582122564315796,-0.3188760280609131,-0.06952982395887375,-0.054798711091279984,-0.07667986303567886,0.15527555346488953,-0.11026660352945328,-0.3438049554824829,0.006320299115031958,-0.03299478814005852,0.289576917886734,-0.0873904675245285,0.24219588935375214,-0.009289620444178581,0.33934539556503296,-0.4545651972293854,0.15908250212669373,-0.10544453561306,0.0313153937458992,-0.6952561140060425,0.2856948971748352,0.27575263381004333,0.12032158672809601,-0.14361144602298737,0.13239911198616028,-0.0030613273847848177,-0.6036323308944702,-0.0873371958732605,0.2216787338256836,0.0826805979013443,0.03447815030813217,0.02809016779065132,0.15535394847393036,-0.15042082965373993
CID000004601,278,0.4881479740142822,0.05546869710087776,0.2332916557788849,0.3709297776222229,-0.5718455910682678,0.0435253269970417,0.14567404985427856,0.06052751466631889,-0.091201052069664,0.39011678099632263,-0.07498317956924438,0.004845230374485254,-0.05063138157129288,-0.06970924884080887,-0.07660205662250519,0.07573620229959488,-0.011831667274236679,-0.2700914442539215,0.07851244509220123,-0.48825058341026306,0.18708989024162292,-0.22578248381614685,-0.17001256346702576,-0.7864670753479004,0.014196944423019886,-0.07852619886398315,-0.056699156761169434,0.014930007047951221,-0.004459572024643421,0.23786583542823792,-0.17327427864074707,0.38270601630210876,0.058965522795915604,-0.2083544284105301,-0.0667751282453537,-0.019815251231193542,-0.1111176460981369,0.3406250476837158,0.15043188631534576,0.0484224334359169,0.021162178367376328,0.03271818906068802,-0.00031407177448272705,-0.2628791332244873,-0.2857997417449951,0.27758949995040894,-0.028363466262817383,0.06447828561067581,0.16721172630786896,0.2880655825138092,0.3986337184906006,-0.1297086775302887,-0.2143368273973465,0.15141187608242035,0.21936026215553284,-0.19139590859413147,0.03646522015333176,-0.017076343297958374,0.07021775841712952,0.1316337138414383,-0.2187730073928833,-0.29689791798591614,-0.08590120077133179,-0.214468315243721,-0.08135570585727692,0.16014142334461212,-0.14687812328338623,-0.1876135915517807,0.31672704219818115,0.17208516597747803,0.057971496134996414,-0.030167793855071068,-0.41109728813171387,-0.306508332490921,0.02056031860411167,0.32245486974716187,0.11731912940740585,-0.2505325973033905,0.08469787240028381,0.02735750749707222,0.1027289479970932,-0.8515123128890991,-0.23144371807575226,0.05788677930831909,-0.040571123361587524,-0.1378844678401947,0.06891793012619019,0.05576547235250473,0.19507232308387756,-0.5939122438430786,-0.016261013224720955,0.1857345700263977,-0.00905552040785551,0.07406254857778549,0.2337760031223297,-0.2562059462070465,-0.21583394706249237,-0.4144696593284607,0.07319892942905426,0.36023372411727905,0.0060225604102015495,0.06129268556833267,0.0165352001786232,0.2419600933790207,0.1675797402858734,0.10895843803882599,0.15708009898662567,-0.004781282041221857,0.5077189207077026,-0.061274249106645584,-0.05118153244256973,0.1833783984184265,-0.10379229485988617,-0.09764739125967026,0.14127331972122192,0.18597283959388733,-0.07443773001432419,-0.2109544575214386,-0.0957309752702713,0.13923616707324982,0.6575431227684021,-0.24792496860027313,0.16513849794864655,-0.05686243623495102,0.10141004621982574,0.01040566898882389,-0.06231645494699478,0.08353977650403976,-0.14612111449241638,-0.027554329484701157,0.32769206166267395,-0.6975799798965454,-0.4819203317165375,0.13003677129745483,0.2149665355682373,-0.02581058442592621,-0.024595865979790688,0.3613958954811096,0.3280262351036072,-0.2104027271270752,-0.27212804555892944,-0.05138004943728447,-0.12673258781433105,-0.24855604767799377,-0.13626345992088318,-0.12170584499835968,0.20646460354328156,0.4809098243713379,-0.2381352186203003,0.04497464746236801,-0.0938858613371849,-0.45995092391967773,0.161387637257576,0.18376794457435608,-0.24371585249900818,0.0047384509816765785,-0.054486654698848724,-0.3579603135585785,0.06470704078674316,0.19816792011260986,0.029243770986795425,0.24112705886363983,-0.1127748042345047,0.06048724800348282,-0.016850583255290985,0.31008896231651306,-0.19948497414588928,0.2783086597919464,0.16234278678894043,0.07731721550226212,0.055846355855464935,-0.15193183720111847,-0.17030826210975647,-0.18096806108951569,0.04190640524029732,-0.15895548462867737,0.22095659375190735,-0.03274218365550041,0.4527866244316101,-0.013726075179874897,0.324866384267807,0.24594159424304962,-0.15341515839099884,-0.11219761520624161,0.24214081466197968,-0.02355840429663658,-0.018836474046111107,-0.1517411470413208,-0.21383166313171387,-0.1841336190700531,0.050784576684236526,0.19483797252178192,0.2887353003025055,-0.19735704362392426,0.009388145990669727,-0.15437039732933044,0.1425929069519043,-0.12127736955881119,-0.09891365468502045,0.043484367430210114,-0.021360458806157112,-0.24765510857105255,0.3290756344795227,-0.11693613231182098,-0.03206431865692139,0.179145947098732,-0.06424696743488312,0.24120676517486572,0.07126042991876602,0.37958309054374695,0.2916950583457947,0.030874956399202347,0.21325436234474182,0.28105276823043823,0.0671631321310997,-0.4663101136684418,0.08233507722616196,0.350180983543396,0.015480518341064453,0.26909661293029785,0.07717020809650421,-0.11783210188150406,0.22373613715171814,-0.3324733376502991,-0.07382480055093765,-0.30804353952407837,-0.25434279441833496,0.0724508985877037,-0.05679675191640854,0.09964220970869064,0.12394561618566513,0.22398164868354797,0.1463903784751892,0.07216797769069672,0.09141760319471359,0.033141106367111206,0.5600034594535828,-0.24300475418567657,0.0009894550312310457,-0.16702331602573395,0.32967525720596313,-0.4469619691371918,0.13631898164749146,0.3839343190193176,-0.09542734920978546,0.12764111161231995,0.16322654485702515,0.1525053083896637,-0.7341618537902832,-0.17188233137130737,0.12543144822120667,-0.29920846223831177,0.15888985991477966,-0.10755147784948349,-0.21685083210468292,-0.11308133602142334
CID000002267,279,-0.01614638790488243,-0.005690246820449829,-0.123304583132267,0.3926622271537781,-0.45535796880722046,0.11536605656147003,0.30129820108413696,0.1521308869123459,0.28513187170028687,0.28635725378990173,0.16704675555229187,0.06417699158191681,0.0660364031791687,0.09916415065526962,-0.21190579235553741,-0.04224026948213577,-0.10223523527383804,-0.1588694006204605,0.1651531159877777,-0.44682401418685913,-0.07741327583789825,-0.16113439202308655,0.06226377561688423,-0.9610983729362488,0.1830979883670807,0.03159915655851364,-0.0359865166246891,0.06971320509910583,0.033962737768888474,0.05129054933786392,-0.15613315999507904,0.1476912796497345,0.05932280421257019,0.0575685128569603,0.0296475887298584,-0.11760127544403076,0.17754903435707092,0.036125775426626205,0.1482672244310379,-0.2320755422115326,-0.05369780212640762,-0.3296390473842621,0.23928311467170715,-0.15582068264484406,-0.13958559930324554,0.42638784646987915,0.09546773135662079,0.04009551182389259,0.09175413101911545,0.012337815947830677,0.29466745257377625,0.1056915745139122,-0.2332291156053543,0.002386790467426181,0.04788007587194443,-0.17186996340751648,-0.1568550169467926,-0.034363530576229095,0.024527322500944138,-0.13710902631282806,-0.0339907631278038,-0.18307463824748993,-0.23464374244213104,0.01183251105248928,0.17182280123233795,0.39129647612571716,-0.07253949344158173,-0.007466064300388098,0.24246883392333984,0.08952443301677704,0.16169926524162292,0.10808225721120834,-0.2631072402000427,-0.2971024811267853,-0.16877496242523193,0.061949700117111206,0.03807860612869263,0.13125482201576233,-0.13779345154762268,-0.028404926881194115,-0.004813721869140863,-0.4120180606842041,-0.23606166243553162,-0.021713150665163994,0.1549949049949646,-0.18045420944690704,0.08681542426347733,0.033862967044115067,-0.0021364856511354446,-0.6410239934921265,0.01395639218389988,0.26908445358276367,0.12254562228918076,0.10927404463291168,0.14632965624332428,-0.18090322613716125,-0.012301268987357616,0.06021382287144661,-0.030366402119398117,-0.04928291589021683,-0.24882784485816956,-0.03418930619955063,-0.09592032432556152,0.24135884642601013,0.2289232462644577,0.033284373581409454,0.14941270649433136,0.3145952820777893,0.5792553424835205,-0.03649141639471054,-0.18811160326004028,0.14976529777050018,-0.21954353153705597,-0.14489059150218964,0.09546765685081482,0.12862077355384827,-0.033847104758024216,0.12490878254175186,-0.1484261453151703,0.0658547431230545,0.6873533129692078,-0.20434102416038513,0.14735588431358337,0.17017577588558197,0.021386880427598953,0.14238718152046204,-0.008456659503281116,0.07904129475355148,0.2023163139820099,0.06344442069530487,-0.020846892148256302,-0.43508607149124146,-0.4104589521884918,0.1893414556980133,0.31171175837516785,-0.0012357824016362429,0.18056651949882507,0.2171383798122406,-0.08779841661453247,-0.1472705602645874,-0.09890685230493546,0.041338540613651276,3.159344123560004e-05,-0.09171789884567261,-0.049626391381025314,0.17056390643119812,-0.05451131984591484,0.3437125086784363,0.07608804851770401,0.12785272300243378,0.2108679711818695,-0.33956262469291687,-0.06607545912265778,0.1909540891647339,-0.2803441882133484,0.04868190735578537,-0.01958247274160385,-0.05309702083468437,0.18345597386360168,0.19648313522338867,0.08166224509477615,-0.004656934645026922,-0.0946618840098381,-0.02152816206216812,-0.14744064211845398,-0.10858223587274551,-0.24010923504829407,0.04549150913953781,-0.15774811804294586,0.1789497584104538,0.097861148416996,-0.1914488673210144,-0.17321252822875977,-0.2933662235736847,0.1041468158364296,-0.15585239231586456,0.13389545679092407,-0.15356051921844482,0.423910915851593,-0.1273144781589508,0.1404346227645874,0.0969545990228653,-0.14687196910381317,-0.15391822159290314,0.11965925991535187,0.2993388772010803,-0.1624780297279358,0.10123397409915924,0.06967028975486755,-0.3089272379875183,0.12174804508686066,-0.1179870143532753,-0.00795331597328186,0.08343564718961716,0.10302962362766266,-0.1377444863319397,0.03457007557153702,-0.015578913502395153,-0.14264839887619019,0.024254653602838516,0.11538942158222198,-0.22762484848499298,-0.023199116811156273,-0.3514280915260315,0.01505730114877224,-0.13988327980041504,-0.13944682478904724,0.07785846292972565,-0.043484658002853394,0.49835196137428284,0.29663294553756714,-0.006164348218590021,0.24116921424865723,0.19661632180213928,0.1275356560945511,0.010468730702996254,0.04585304111242294,0.26380404829978943,0.023271149024367332,-0.12966594099998474,-0.012157335877418518,-0.23857013881206512,0.22165803611278534,-0.09852224588394165,0.14665359258651733,0.013957284390926361,-0.033324360847473145,0.0128400269895792,-0.09577034413814545,-0.04985157400369644,-0.16565227508544922,-0.16372203826904297,0.19493767619132996,0.03765301778912544,0.03951460123062134,-0.2955980896949768,0.29637542366981506,-0.19231000542640686,0.11505007743835449,-0.21590478718280792,0.22404761612415314,-0.3149805963039398,0.15311522781848907,0.1564609706401825,-0.1646287739276886,-0.023432234302163124,-0.02092759683728218,0.048633355647325516,-0.6161026954650879,-0.024068642407655716,0.15836937725543976,-0.24932312965393066,0.028348714113235474,-0.2209778130054474,0.15333619713783264,0.16827912628650665
CID000003386,280,0.08231551945209503,0.3239705264568329,0.05951344966888428,0.3111487030982971,-0.4326426088809967,0.16264024376869202,0.11398062855005264,0.1128682866692543,0.11340216547250748,0.18622659146785736,0.2299889773130417,0.061797261238098145,-0.07516781985759735,0.13634972274303436,-0.1797630339860916,-0.17406009137630463,-0.1435394287109375,-0.17736750841140747,0.202724426984787,-0.4015723764896393,0.12843313813209534,-0.2742704749107361,-0.37573546171188354,-0.9364922642707825,-0.25150662660598755,-0.015003840439021587,-0.18850234150886536,0.10092587769031525,0.04049922898411751,0.2732561230659485,-0.161968395113945,0.395028293132782,0.1261526197195053,-0.18717733025550842,-0.022839665412902832,0.03851396590471268,-0.013509387150406837,0.04546472430229187,0.13988687098026276,-0.15652918815612793,0.002230387879535556,-0.19728656113147736,0.026030942797660828,-0.3136562705039978,-0.20595157146453857,0.5191734433174133,-0.022711943835020065,0.06760424375534058,0.0563441626727581,0.031267158687114716,0.31370168924331665,-0.14440113306045532,-0.41483211517333984,0.018556097522377968,0.13647210597991943,-0.11985443532466888,-0.16962012648582458,-0.09315381944179535,-0.038973189890384674,-0.01770232617855072,-0.058095335960388184,-0.23443326354026794,-0.18137526512145996,-0.10615555942058563,0.1766466498374939,0.4111001491546631,0.03036423586308956,0.0025337643455713987,0.20479276776313782,0.21743087470531464,0.08580104261636734,-0.021648388355970383,-0.24603457748889923,-0.17840424180030823,-0.15085414052009583,0.24401330947875977,-0.039120983332395554,0.22333280742168427,-0.17141681909561157,0.04046964645385742,0.14104659855365753,-0.44071292877197266,-0.21870970726013184,-0.449989378452301,0.1228286623954773,-0.38814622163772583,0.22499343752861023,0.03412357717752457,0.13574948906898499,-0.7080819010734558,0.07970701158046722,0.33580565452575684,0.052072037011384964,0.09384320676326752,0.160419300198555,-0.29378461837768555,-0.1467592418193817,-0.2895505428314209,-0.08920709788799286,0.13472425937652588,-0.12872587144374847,-0.05678357928991318,-0.0650203749537468,0.33874353766441345,0.12648740410804749,0.14575938880443573,0.24807877838611603,-0.07620030641555786,0.4629364013671875,-0.11306698620319366,-0.02749239280819893,0.20151904225349426,-0.27851930260658264,0.11601743847131729,-0.2257567197084427,0.16404125094413757,-0.04947824031114578,-0.15229173004627228,-0.281987726688385,0.30718478560447693,0.5174871683120728,-0.149697944521904,0.30897456407546997,0.13509558141231537,0.23725152015686035,-0.1552218496799469,-0.10144038498401642,0.19649961590766907,0.17288082838058472,-0.24514207243919373,0.10144605487585068,-0.44862836599349976,-0.31968969106674194,0.09165835380554199,0.2356579750776291,0.4048932194709778,-0.020486805588006973,0.2290923148393631,-0.1922094076871872,-0.13429014384746552,-0.11525849252939224,0.07476341724395752,0.02782156504690647,-0.20649242401123047,0.11549309641122818,0.06281830370426178,-0.10682268440723419,0.2906903326511383,-0.04414534568786621,0.16309140622615814,-0.13990582525730133,-0.18057096004486084,0.31688570976257324,0.019369781017303467,-0.18271972239017487,-0.035543881356716156,0.03555472940206528,-0.3033115267753601,-0.03901917487382889,0.4259577691555023,-0.03659176453948021,0.1999722719192505,-0.033673398196697235,-0.003471186850219965,-0.15291698276996613,0.007281060330569744,-0.2961936891078949,-0.07544240355491638,-0.12477715313434601,0.1864505261182785,0.07408291101455688,-0.22994570434093475,-0.36474817991256714,-0.5583710670471191,0.16621938347816467,-0.1227819100022316,0.04954347759485245,-0.15276314318180084,0.44855156540870667,-0.03700662776827812,0.05165070295333862,0.02559828758239746,-0.34416812658309937,-0.031889960169792175,0.26831093430519104,0.06775932759046555,-0.2882428765296936,0.02902778424322605,0.10393774509429932,-0.34469377994537354,0.10882465541362762,0.01986638270318508,0.2635959982872009,0.06602790206670761,-0.00591013440862298,-0.13077789545059204,0.23622500896453857,-0.3241753578186035,-0.039372533559799194,0.045465849339962006,0.057514529675245285,-0.22053122520446777,0.06549754738807678,-0.2478061467409134,0.09258881211280823,-0.2998238205909729,0.01338447630405426,0.11946382373571396,0.0647134855389595,0.43453580141067505,0.3394724130630493,-0.3948753774166107,0.10762784630060196,0.35169434547424316,0.0498054139316082,-0.24045605957508087,0.19902440905570984,0.0897270143032074,0.08922631293535233,0.041793715208768845,-0.05010797455906868,-0.09712351858615875,0.06719311326742172,-0.3063599467277527,-0.25296545028686523,-0.2677419185638428,0.08069179207086563,-0.2032606154680252,-0.2713927626609802,-0.12879592180252075,-0.004924425855278969,0.1027509942650795,0.18264147639274597,0.09542912244796753,0.17445440590381622,0.06673163175582886,0.26547425985336304,-0.2842702865600586,0.19197340309619904,-0.20479603111743927,0.27794450521469116,-0.5872008800506592,-0.1371724158525467,0.0727250799536705,-0.16447755694389343,0.12172398716211319,0.12986382842063904,-0.06155366450548172,-0.44927772879600525,-0.22275611758232117,0.20093512535095215,-0.1653463989496231,-0.05904289335012436,0.012482402846217155,0.03926723822951317,-0.026963040232658386
CID000002435,281,0.26253217458724976,0.05008291080594063,0.013495346531271935,0.35693949460983276,-0.3501991033554077,0.0934256762266159,0.27627992630004883,0.2410532534122467,0.11055910587310791,0.2697886526584625,-0.03165208175778389,0.05884941667318344,-0.015593689866364002,0.15597860515117645,-0.22938542068004608,-0.048950884491205215,-0.10399897396564484,-0.10431629419326782,0.04761729761958122,-0.3786805272102356,-0.029555803164839745,-0.2759513258934021,0.1411556750535965,-0.778260350227356,0.05437827855348587,0.15551581978797913,-0.14757052063941956,-0.06657475978136063,-0.038138121366500854,0.08662574738264084,-0.2906501293182373,0.19796618819236755,0.1834319531917572,0.04006361961364746,0.06091887876391411,-0.0533737912774086,-0.007628895342350006,0.050456296652555466,0.2070479393005371,0.028837721794843674,-0.10255223512649536,-0.2988939881324768,0.13330510258674622,-0.21753878891468048,-0.258505254983902,0.3962486982345581,0.04221872612833977,0.08683175593614578,0.07280255854129791,0.11711398512125015,0.2746599316596985,0.17499175667762756,-0.20071914792060852,-0.05570531636476517,0.05187578126788139,-0.13863134384155273,0.009063133969902992,0.06596057862043381,0.08162947744131088,0.16467422246932983,-0.11681009829044342,-0.29988721013069153,0.03289690613746643,-0.03246148303151131,0.17676469683647156,0.36354026198387146,-0.2095009833574295,0.0054679871536791325,0.16128556430339813,0.10916819423437119,0.042161084711551666,-0.03431955724954605,-0.26160210371017456,-0.3210506737232208,-0.2035401612520218,0.00923928339034319,0.27095097303390503,0.11549864709377289,-0.006201091222465038,-0.03314875811338425,0.032003723084926605,-0.5936338305473328,-0.22265291213989258,-0.0948544591665268,0.09142577648162842,0.02579858899116516,0.2737744450569153,0.014864275231957436,-0.1667664647102356,-0.6836394667625427,-0.06039293482899666,0.20733578503131866,0.03368431329727173,0.09068046510219574,0.13314108550548553,-0.2507196068763733,-0.2143542766571045,0.10039794445037842,-0.10504500567913055,0.2966846525669098,-0.10540921986103058,-0.0683683305978775,-0.11403237283229828,0.25123441219329834,0.12899403274059296,-0.047908611595630646,-0.1597703993320465,0.12217588722705841,0.5016375780105591,-0.2233133763074875,-0.04094485566020012,0.13150429725646973,0.03479338809847832,-0.13569171726703644,0.153150737285614,0.13706260919570923,0.04169459268450737,0.03962482884526253,-0.041590671986341476,0.15622779726982117,0.61381995677948,-0.08798251301050186,0.25973886251449585,0.14494293928146362,0.020266294479370117,0.17322960495948792,-0.00756338844075799,0.021773383021354675,0.20853355526924133,-0.08573850244283676,0.18674781918525696,-0.5653378963470459,-0.4860978126525879,0.1347271054983139,0.2575663924217224,-0.1080002412199974,0.01782434992492199,0.2852934002876282,0.031612198799848557,-0.21643035113811493,-0.23894858360290527,0.13963325321674347,0.034927334636449814,-0.04520612210035324,-0.010747226886451244,0.11640902608633041,-0.015345084480941296,0.37059980630874634,0.10174654424190521,0.18315637111663818,0.14618933200836182,-0.3527805805206299,-0.07075648009777069,0.24387800693511963,-0.2700011432170868,-0.09720785915851593,-0.033152393996715546,-0.053837038576602936,0.2319258153438568,0.22607815265655518,-0.21186093986034393,0.005745244212448597,0.05948007106781006,-0.011395245790481567,0.06947242468595505,-0.15381744503974915,-0.28861624002456665,0.16322621703147888,-0.11759810149669647,0.20477056503295898,0.042139071971178055,-0.2052181512117386,-0.26521000266075134,-0.24677503108978271,0.09179215133190155,-0.011720429174602032,0.06604430824518204,-0.16740338504314423,0.37684839963912964,0.003978902008384466,0.07013536989688873,0.0764540582895279,-0.11013759672641754,-0.1574120819568634,0.062432628124952316,0.22718648612499237,-0.16893748939037323,-0.2703724205493927,-0.058765292167663574,-0.3083263039588928,-0.023904532194137573,0.02773500420153141,0.24199099838733673,0.012004372663795948,0.15602150559425354,-0.1757151484489441,-0.05304645746946335,-0.014067133888602257,0.06246151402592659,-0.026755440980196,0.027701502665877342,-0.24404875934123993,0.0789242759346962,-0.3179362416267395,-0.2758813202381134,-0.0944310799241066,-0.09156633913516998,-0.13150961697101593,-0.06987597793340683,0.3812115788459778,0.306948721408844,0.023845786228775978,0.22801223397254944,0.0679442286491394,0.008991086855530739,-0.23348233103752136,-0.2615256905555725,0.05564834550023079,0.17848065495491028,-0.1769779622554779,-0.0699109211564064,-0.14842088520526886,0.07693304121494293,-0.1950184404850006,0.048767395317554474,0.05878915637731552,0.07572311908006668,-0.013165431097149849,0.11463078111410141,-0.12788790464401245,-0.13426309823989868,-0.16926129162311554,0.13428889214992523,0.038175929337739944,-0.2158910036087036,0.08078096061944962,0.3114873766899109,-0.4065616726875305,0.10375745594501495,-0.11558860540390015,0.07154853641986847,-0.3116067051887512,0.3169645667076111,0.30686891078948975,0.000405123078962788,-0.029095763340592384,-0.03923682123422623,0.03460795059800148,-0.6795738935470581,-0.19727623462677002,0.2249070107936859,-0.3355335593223572,0.055038224905729294,-0.26922693848609924,0.16925592720508575,0.009397005662322044
CID000004253,282,0.1753046065568924,0.21254947781562805,0.10477723926305771,0.42162758111953735,-0.4006899893283844,-0.09545028209686279,0.373447984457016,0.5144959688186646,-0.14296801388263702,0.28602343797683716,-0.2839926481246948,0.10019473731517792,0.10672058910131454,0.3003065884113312,-0.25761157274246216,0.0485529899597168,0.14656969904899597,0.08942209184169769,0.174844890832901,-0.54424649477005,-0.03378518670797348,-0.36175793409347534,-0.04096400737762451,-0.8082448244094849,0.16212818026542664,0.42898041009902954,0.1542016565799713,0.10683007538318634,-0.06917242705821991,0.15739569067955017,-0.26564714312553406,0.18750101327896118,0.06166674941778183,-0.24636271595954895,0.0747322216629982,0.034990500658750534,0.23214927315711975,0.3348131477832794,0.06903289258480072,-0.17220652103424072,-0.14492923021316528,-0.18772746622562408,0.032464563846588135,-0.363739550113678,-0.22725601494312286,0.19473384320735931,-0.07371620833873749,-0.0262540765106678,-0.001514351344667375,0.03427360951900482,0.6566470861434937,-0.029211264103651047,-0.0626603290438652,0.030530031770467758,0.1392292082309723,-0.39848974347114563,0.49199867248535156,0.27988201379776,0.20422188937664032,0.19049370288848877,-0.2849847078323364,-0.3710983991622925,0.02817448601126671,0.023294594138860703,0.023814406245946884,0.3641936480998993,-0.351269006729126,-0.08741872012615204,-0.009394323453307152,-0.15966807305812836,-0.1150246113538742,0.08957406133413315,-0.07724511623382568,-0.2566680610179901,-0.2679057717323303,0.09820149093866348,0.12611231207847595,0.08898978680372238,-0.18871399760246277,0.155564546585083,0.23874250054359436,-0.33472466468811035,-0.25122496485710144,0.056605540215969086,-0.22263869643211365,-0.140732079744339,0.2218015193939209,0.07093960046768188,-0.2175966501235962,-0.5646161437034607,0.03904476389288902,0.06521038711071014,0.17028620839118958,-0.006399060599505901,-0.21071505546569824,-0.30920252203941345,0.4078046679496765,-0.09476152807474136,0.23822525143623352,0.2655125856399536,0.44309407472610474,0.077462337911129,0.014376009814441204,0.45317667722702026,0.05655606836080551,-0.03979187086224556,-0.5365288257598877,-0.018465274944901466,0.6245056986808777,0.11530829966068268,0.03271413967013359,0.3620690703392029,-0.02120046317577362,-0.13367383182048798,-0.27793627977371216,0.17218992114067078,0.0638042688369751,0.1445779949426651,0.08130351454019547,0.4044730067253113,0.6694654226303101,-0.3510955572128296,0.4228053092956543,0.14798209071159363,-0.13562890887260437,0.3634038269519806,-0.07178939878940582,-0.015548288822174072,0.38301196694374084,-0.08519119769334793,0.151876300573349,-0.5294123888015747,-0.4227112829685211,-0.0320083387196064,0.3773009777069092,0.020620347931981087,0.06378619372844696,0.19502843916416168,0.26533079147338867,-0.44620269536972046,-0.5022199153900146,0.357247531414032,0.33872485160827637,0.08336719870567322,-0.0384865365922451,0.5153401494026184,-0.15440304577350616,0.3060816824436188,0.20058107376098633,0.1010797768831253,-0.014158083125948906,-0.4203978478908539,-0.22194254398345947,0.04176429659128189,0.03993842750787735,0.1592016965150833,0.2115790843963623,-0.2686169743537903,0.3156626224517822,-0.0006465494516305625,0.011087605729699135,0.23255398869514465,-0.01943124458193779,0.08760529011487961,-0.3059609532356262,0.18072091042995453,-0.09117638319730759,0.46755194664001465,0.02916613221168518,0.15642482042312622,0.057304590940475464,-0.2625637948513031,-0.25961512327194214,-0.22801503539085388,0.017704946920275688,-0.11691180616617203,0.1518503725528717,-0.37295013666152954,0.6335998773574829,0.08209981769323349,0.20968599617481232,0.004892983939498663,-0.19864881038665771,-0.2728288769721985,-0.1325172483921051,0.1356327086687088,-0.04131949692964554,-0.11845263093709946,-0.18742309510707855,-0.3326631486415863,-0.11044643074274063,-0.0289898868650198,-0.01789272017776966,-0.35397589206695557,0.1989937126636505,-0.01295821089297533,-0.08115390688180923,0.13616421818733215,0.1061381846666336,0.03441004082560539,-0.15316030383110046,-0.42220163345336914,-0.030283167958259583,-0.31442898511886597,-0.11392597109079361,-0.10181961208581924,-0.05310114473104477,-0.29786795377731323,0.19287286698818207,0.5618360638618469,0.206089049577713,0.1216742992401123,0.48865994811058044,0.25841110944747925,0.2848217487335205,-0.9862573742866516,-0.020099978893995285,0.3395598530769348,0.20704002678394318,0.050377704203128815,-0.012911210767924786,0.1168132871389389,-0.07174419611692429,-0.222950741648674,0.26859623193740845,-0.20095932483673096,-0.18597005307674408,-0.4804167151451111,0.24248822033405304,0.03779657930135727,0.03404632955789566,0.11547757685184479,0.14461900293827057,-0.040639542043209076,-0.6017575860023499,0.04299711808562279,0.5319250822067261,-0.19946101307868958,0.0768902599811554,-0.4641405940055847,-0.23180130124092102,-0.35732731223106384,-0.22023622691631317,0.29397231340408325,0.055661655962467194,-0.2475774735212326,-0.026805829256772995,-0.5520656704902649,-0.5895403623580933,-0.14624710381031036,0.43216800689697266,-0.37061354517936707,0.16589365899562836,-0.20366337895393372,0.1131095439195633,-0.2036772221326828
CID000003476,283,0.24044939875602722,-0.027818530797958374,0.028678059577941895,0.36981502175331116,-0.1612236201763153,0.05227121710777283,0.20410673320293427,0.3798381984233856,-0.268635094165802,0.05710525065660477,0.17313463985919952,0.12276331335306168,0.08708063513040543,0.18011030554771423,0.05379356071352959,-0.08120907098054886,-0.19077850878238678,-0.32481756806373596,-0.25436025857925415,-0.5501036047935486,0.08003498613834381,-0.1765362024307251,-0.209754079580307,-0.7520307302474976,0.18938001990318298,-0.0140389921143651,-0.34539127349853516,0.19328901171684265,-0.08593758940696716,0.06736639887094498,-0.07498161494731903,0.25278371572494507,-0.30798888206481934,0.1402619630098343,0.02602289244532585,-0.14985232055187225,-0.22376398742198944,0.21714024245738983,0.20950207114219666,-0.4080934524536133,-0.13646206259727478,-0.3594503104686737,-0.051017533987760544,-0.18807700276374817,-0.05303747206926346,0.3554714620113373,0.005682149436324835,0.08817265927791595,0.14616088569164276,-0.324968546628952,0.21955692768096924,-0.3540652394294739,-0.2820785939693451,0.0027668834663927555,0.07885432243347168,-0.23669929802417755,-0.1794683188199997,0.07411959767341614,-0.024418454617261887,-0.06307424604892731,-0.37065210938453674,-0.07550085335969925,0.08721965551376343,-0.23064377903938293,0.3759809136390686,0.3546822965145111,-0.16516366600990295,-0.07191427052021027,0.23998740315437317,-0.19082406163215637,0.3296387791633606,-0.023265104740858078,-0.4360175132751465,-0.16568675637245178,-0.38583511114120483,-0.1732238233089447,0.06358790397644043,0.2624017894268036,-0.010198919102549553,-0.04815945774316788,0.5813503265380859,-0.24583391845226288,-0.34362444281578064,0.005544313695281744,0.03788380324840546,-0.1297341138124466,0.2548583149909973,0.026558343321084976,0.07899159938097,-0.7059749364852905,0.06342649459838867,0.15989604592323303,-0.09156318753957748,0.10805599391460419,0.0020348094403743744,-0.24062958359718323,-0.11415509134531021,-0.04917047545313835,0.2616686224937439,0.4170050621032715,-0.29899877309799194,0.10151860862970352,-0.007991117425262928,0.2730857729911804,0.13558222353458405,0.1800098717212677,-0.1827889084815979,0.007971113547682762,0.4755992293357849,0.019639715552330017,-0.302859365940094,0.2900258004665375,-0.40164822340011597,-0.12281972169876099,0.09511403739452362,0.3432258069515228,-0.022254668176174164,-0.19487015902996063,-0.3300042152404785,0.3966468572616577,0.6729365587234497,-0.09381912648677826,0.34959861636161804,0.10034535825252533,0.1855614185333252,0.007403983268886805,0.11031685024499893,0.12841084599494934,0.7012187838554382,-0.11888871341943741,0.04000144824385643,-0.3921654224395752,-0.1556735336780548,-0.07841078191995621,0.2853772044181824,0.11280925571918488,-0.23334555327892303,0.03227676823735237,-0.084835946559906,-0.17792536318302155,-0.3791385293006897,0.21955280005931854,-0.10312020778656006,-0.02292090281844139,0.10183888673782349,0.8445375561714172,0.09442053735256195,0.4911513328552246,-0.01061015110462904,0.1768508106470108,-0.14808551967144012,-0.25230616331100464,-0.34024161100387573,0.7042195796966553,-0.2032349407672882,-0.0752997025847435,0.05224240571260452,-0.11606675386428833,-0.0023151934146881104,0.1980413943529129,0.2657754719257355,-0.06303522735834122,-0.10586990416049957,-0.03289575129747391,0.16753742098808289,0.22712615132331848,-0.22759461402893066,-0.002421405864879489,-0.13161465525627136,0.3116239905357361,-0.07199665904045105,-0.1317039132118225,-0.28519386053085327,-0.43949857354164124,0.08520255237817764,-0.01847304031252861,0.08828195184469223,-0.6522160768508911,0.5172091722488403,0.3469201624393463,0.028270283713936806,-0.016804462298750877,-0.29418960213661194,-0.3780646026134491,0.44876599311828613,0.15055182576179504,-0.36552780866622925,-0.007645302917808294,-0.15764588117599487,-0.19136138260364532,-0.20895588397979736,0.20462317764759064,0.09779942780733109,-0.10345213115215302,0.13702701032161713,0.06340628117322922,0.13504788279533386,0.06319835782051086,-0.08888046443462372,0.09001405537128448,0.09915615618228912,-0.22605356574058533,-0.20108847320079803,-0.4095229506492615,0.022014085203409195,-0.26279810070991516,-0.09624733030796051,-0.14301253855228424,0.03235187381505966,0.4946919083595276,0.45378485321998596,-0.01379828155040741,0.13074991106987,0.16263476014137268,0.060351867228746414,-0.3598839342594147,0.08658142387866974,0.14526024460792542,-0.010815274901688099,-0.2567213773727417,-0.23354461789131165,-0.12883764505386353,-0.01777302660048008,-0.13028451800346375,-0.20539292693138123,0.011508321389555931,-0.2831113338470459,-0.10041250288486481,-0.14428265392780304,0.09777472168207169,-0.0467742495238781,0.29265424609184265,0.26278939843177795,-0.10530445724725723,-0.2520847022533417,0.24758322536945343,0.36128073930740356,-0.5082992315292358,-0.0045344652608036995,-0.10193648189306259,0.43392783403396606,-0.45086511969566345,0.14282909035682678,0.191951185464859,-0.04868509992957115,0.04962984472513199,0.5411352515220642,-0.006899195723235607,-0.6435608267784119,-0.35416632890701294,0.3712260127067566,-0.08412535488605499,-0.13241270184516907,-0.026588305830955505,0.13856260478496552,0.00791858695447445
CID000130881,284,0.0020235509146004915,0.17672808468341827,0.3264964818954468,0.6213037371635437,-0.5315152406692505,0.030859902501106262,0.1703645884990692,0.33817633986473083,0.10904975980520248,0.4127017855644226,-0.029012370854616165,-0.31110283732414246,-0.1669226437807083,0.30252182483673096,-0.12443544715642929,0.04579511657357216,0.11674153804779053,0.00965131539851427,0.09669031202793121,-0.42562994360923767,-0.138003408908844,-0.353168785572052,-0.052183233201503754,-0.8045130968093872,0.057674843817949295,0.2845415472984314,-0.2439252883195877,-0.12882192432880402,0.017566081136465073,0.16344426572322845,-0.09331800788640976,0.12236972898244858,-0.026876365765929222,0.2392934113740921,0.20204129815101624,0.3233025074005127,-0.06625157594680786,0.338836133480072,0.07741481065750122,-0.24830079078674316,-0.022594338282942772,0.0080576715990901,0.07310029119253159,0.09060819447040558,-0.08269306272268295,0.15441878139972687,0.08906890451908112,0.03655488044023514,0.050514452159404755,0.017702791839838028,0.47375279664993286,-0.14927634596824646,-0.2251342087984085,-0.06716428697109222,-0.07366016507148743,-0.07078392803668976,-0.13174846768379211,-0.2062743604183197,0.24775764346122742,-0.11653958261013031,-0.14616268873214722,-0.28322845697402954,-0.08836422860622406,-0.08821967244148254,0.2581811845302582,0.40983423590660095,-0.2459634244441986,0.029239272698760033,0.1816920042037964,0.23972849547863007,0.1272527426481247,0.0676254853606224,-0.18595461547374725,-0.38175639510154724,-0.07902289181947708,0.12319634109735489,0.231632262468338,0.09779594838619232,-0.08480885624885559,-0.010539951734244823,0.10667543113231659,-0.2939324676990509,-0.35329556465148926,-0.013751203194260597,0.09873659163713455,0.35065507888793945,0.2747773826122284,0.37133437395095825,-0.054588235914707184,-0.47710466384887695,0.007298298180103302,0.0694524273276329,-0.06732028722763062,-0.130977600812912,-0.2505810856819153,-0.16718116402626038,0.1270325630903244,0.04417542740702629,0.13089856505393982,0.11028305441141129,0.0254699494689703,0.06145380809903145,0.021857578307390213,0.13149185478687286,0.2748808264732361,-0.011986198835074902,0.009034710936248302,0.07139816880226135,0.32158124446868896,-0.15528805553913116,0.07941452413797379,0.06461070477962494,-0.2079923152923584,-0.2572172284126282,0.09481650590896606,0.2609741985797882,-0.3106318414211273,-0.05502326041460037,-0.06338229030370712,0.24341528117656708,0.7496782541275024,-0.2129722386598587,0.16273607313632965,0.31889984011650085,-0.25837236642837524,0.3948788046836853,0.012969869188964367,-0.11624500900506973,0.1641988754272461,0.07941190153360367,0.2625919282436371,-0.5032546520233154,-0.4622580409049988,0.07173283398151398,0.28123876452445984,0.30657142400741577,-0.00817631185054779,0.21651455760002136,0.08801193535327911,-0.023114243522286415,-0.15119454264640808,0.39935415983200073,0.17715108394622803,0.07040897756814957,-0.07337061315774918,0.2851598858833313,-0.029982751235365868,0.5023673176765442,0.18505045771598816,0.38293778896331787,-0.038196537643671036,-0.3452777862548828,-0.02186593972146511,0.0013616129290312529,-0.19183394312858582,-0.09378103911876678,0.013525289483368397,-0.18552574515342712,0.1292305737733841,0.07253383100032806,0.10785707086324692,-0.19137924909591675,0.0938045009970665,0.11953482776880264,-0.01537168025970459,0.2201559990644455,0.0622454471886158,0.3403472602367401,0.1884901076555252,-0.001118731452152133,0.02246413193643093,0.07657178491353989,-0.09737219661474228,-0.22991839051246643,0.10146760940551758,-0.18220201134681702,0.13764335215091705,-0.16177323460578918,0.5970060229301453,0.13857923448085785,-0.21687695384025574,0.18863585591316223,-0.011536669917404652,0.06438572704792023,0.20814096927642822,-0.08799628913402557,0.01493911724537611,0.02866295538842678,0.19984526932239532,-0.2783330976963043,0.19626256823539734,0.0746677815914154,-0.10357173532247543,-0.1947481781244278,0.37854525446891785,0.08336648344993591,0.18622782826423645,-0.11283890902996063,-0.044772565364837646,-0.13014329969882965,-0.0014503777492791414,-0.49825185537338257,0.019113430753350258,-0.19233150780200958,-0.132952019572258,-0.25066468119621277,0.14567014575004578,-0.10830914974212646,0.06373868882656097,0.5781068801879883,0.39332929253578186,0.3256917893886566,0.2517438530921936,-0.04476918652653694,0.13323521614074707,-0.14125823974609375,-0.15593494474887848,0.23205828666687012,0.0114829633384943,0.061051953583955765,-0.1896803081035614,0.1532871425151825,-0.2002287358045578,-0.1709735095500946,0.06757614761590958,0.078128881752491,0.07570137828588486,-0.31500348448753357,-0.013480722904205322,0.2597084045410156,-0.0437832735478878,0.2920982241630554,0.3709215223789215,0.026473764330148697,0.029499102383852005,0.007297873497009277,0.6143115162849426,-0.5059452652931213,0.058539919555187225,-0.1681157350540161,0.07673604786396027,-0.3612247407436371,0.16249848902225494,0.23793885111808777,-0.08683053404092789,-0.10943064838647842,0.022349482402205467,-0.06980361044406891,-0.6933425068855286,-0.07214824855327606,0.27803826332092285,-0.26010504364967346,0.13455501198768616,-0.4624648094177246,-0.018959809094667435,0.17295297980308533
CID000003348,285,0.27826988697052,0.15648014843463898,0.17355044186115265,0.2856234610080719,-0.15556424856185913,0.11836370080709457,0.2595483362674713,0.30737653374671936,0.05449469015002251,0.1469578593969345,-0.006703642196953297,0.19518598914146423,-0.024124497547745705,0.20477335155010223,-0.2590503394603729,-0.294068306684494,-0.14658841490745544,-0.14726297557353973,0.23916232585906982,-0.48226794600486755,0.1705801784992218,-0.3012882173061371,-0.004727824125438929,-0.6774737238883972,-0.2076275646686554,-0.030977671965956688,-0.08926375955343246,0.13936886191368103,0.12042766809463501,0.16686281561851501,-0.08770313858985901,0.28633633255958557,0.07756352424621582,0.19102004170417786,-0.03418480232357979,-0.1770901381969452,0.3225433826446533,0.0530436709523201,0.19162744283676147,-0.08117213845252991,0.039808668196201324,-0.26353198289871216,0.2656124532222748,-0.4007576107978821,-0.11671004444360733,0.3264887034893036,-0.07770007103681564,-0.000809518969617784,-0.05558369681239128,0.006223236210644245,0.21300943195819855,-0.08644859492778778,-0.14149704575538635,-0.2893404960632324,0.23075935244560242,-0.15918123722076416,0.0897333174943924,0.10626311600208282,-0.00028508304967544973,-0.06670800596475601,-0.37953272461891174,-0.23702113330364227,0.20663495361804962,-0.33281952142715454,0.132234126329422,0.3777170479297638,-0.21734824776649475,-0.1359911412000656,0.00123489648103714,-0.2518920600414276,-0.02734440006315708,0.28214699029922485,-0.3695673644542694,-0.41731733083724976,-0.23267468810081482,0.19166652858257294,-0.25099316239356995,0.076540008187294,0.05475681275129318,-0.0034815892577171326,0.06983283907175064,-0.5573906898498535,-0.3662990927696228,-0.03542643040418625,-0.038911767303943634,-0.005847953259944916,0.34317445755004883,0.04740089923143387,-0.13226301968097687,-0.8230441212654114,-0.23244690895080566,0.09878181666135788,0.14789414405822754,0.07130130380392075,-0.24113142490386963,-0.2976844608783722,-0.08729974925518036,-0.19965389370918274,0.2694494426250458,0.41203370690345764,-0.01307305134832859,-0.012497350573539734,0.007651301566511393,0.27158305048942566,-0.0073247551918029785,-0.10061047971248627,-0.11176876723766327,0.35549822449684143,0.3273700773715973,-0.08669634908437729,-0.0028082639910280704,0.19758041203022003,-0.2581652104854584,-0.016813039779663086,0.07658547908067703,0.18047872185707092,-0.1258644163608551,-0.02684011496603489,-0.1291094720363617,0.16753904521465302,0.6003742814064026,-0.011198198422789574,0.3526701331138611,0.19085080921649933,0.1499624401330948,-0.21710041165351868,0.020138243213295937,-0.022021466866135597,0.18720261752605438,-0.11923260986804962,0.18457689881324768,-0.4764002859592438,-0.04092355817556381,0.19817966222763062,0.2607089877128601,-0.1285487860441208,-0.03471726179122925,0.10652130842208862,0.17020894587039948,-0.29167816042900085,-0.3267928957939148,0.038659557700157166,0.14765378832817078,-0.24692626297473907,0.18838435411453247,0.15772803127765656,-0.1928160935640335,0.29692357778549194,-0.11280588060617447,0.20320038497447968,0.057323992252349854,-0.29568979144096375,0.2955271601676941,0.3142913281917572,-0.2180119752883911,0.0768255889415741,-0.11792035400867462,-0.1098201721906662,0.2431446611881256,0.343376100063324,-0.1518351137638092,-0.00988886971026659,-0.005336082074791193,-0.10659019649028778,-0.4439561367034912,-0.036302488297224045,-0.35203737020492554,0.2486715316772461,0.160243958234787,0.23254457116127014,0.2032211720943451,-0.29495543241500854,-0.16512154042720795,-0.2915869355201721,0.11911263316869736,-0.07462935149669647,0.1258646547794342,-0.29131340980529785,0.34787100553512573,0.20986071228981018,0.09110426902770996,-0.04373541474342346,-0.34227657318115234,-0.2692020535469055,0.014663142152130604,0.22536662220954895,-0.28197216987609863,0.059978388249874115,-0.1918749362230301,-0.3080255389213562,-0.26564082503318787,0.29075393080711365,0.0845218077301979,-0.05506984144449234,0.15702340006828308,-0.19749054312705994,-0.03114604391157627,0.1879766285419464,0.2058117687702179,-0.17087678611278534,0.0764491930603981,-0.3598657250404358,0.16302528977394104,-0.47751712799072266,0.30776330828666687,-0.14892834424972534,0.08170149475336075,-0.10070882737636566,0.17516103386878967,0.34826338291168213,0.34654566645622253,-0.013388549908995628,0.3574375510215759,0.1586485207080841,0.036823198199272156,-0.3833843171596527,-0.17903335392475128,0.08597314357757568,0.12615542113780975,0.21909146010875702,-0.06602806597948074,-0.16153788566589355,-0.0589953251183033,-0.2353769838809967,0.02666335180401802,-0.1660221368074417,-0.2808276116847992,-0.07511141151189804,0.047290947288274765,-0.0816684141755104,0.02778087928891182,0.0948856770992279,0.25949805974960327,0.1202794760465622,-0.12524597346782684,-0.13195785880088806,0.23848295211791992,-0.4209156930446625,0.1324985921382904,-0.16235122084617615,0.3271568715572357,-0.5324825644493103,0.11187026649713516,0.2213056981563568,-0.2650519013404846,-0.11425842344760895,0.24276050925254822,0.11507165431976318,-0.5901035666465759,0.002272050129249692,0.30447131395339966,-0.2829686403274536,-0.24673664569854736,0.20501501858234406,0.06475535035133362,0.06638142466545105
CID000001775,286,0.019786689430475235,-0.11149643361568451,-0.021515702828764915,0.4301416277885437,-0.4669420123100281,0.06940581649541855,0.2988860607147217,0.1783921867609024,0.1683751791715622,0.3448231816291809,0.12418446689844131,-0.08275299519300461,-0.13965275883674622,0.019060613587498665,-0.08817390352487564,-0.05384639650583267,-0.13952508568763733,0.029192045331001282,-0.18386931717395782,-0.5476483106613159,0.11528632789850235,-0.11768315732479095,0.21013538539409637,-0.8911649584770203,0.21975739300251007,0.10467976331710815,-0.028208041563630104,-0.011988800950348377,-0.08428607881069183,0.19693878293037415,0.12429426610469818,0.11890661716461182,-0.0014668225776404142,0.040586404502391815,0.04924184828996658,-0.03285045549273491,-0.13340164721012115,-0.04716016724705696,0.30866026878356934,-0.13047583401203156,-0.02797757089138031,-0.25824064016342163,0.30370330810546875,-0.27755242586135864,-0.22714419662952423,0.4007044732570648,0.005486547015607357,0.02976052835583687,0.07606488466262817,-0.10042770206928253,0.29563218355178833,0.17038948833942413,-0.18317821621894836,-0.16425077617168427,0.07822458446025848,-0.01706440933048725,0.29078611731529236,0.1799897402524948,0.21157386898994446,0.11870362609624863,-0.12832340598106384,-0.29742059111595154,0.01925322413444519,-0.1914547085762024,0.25995105504989624,0.5259338617324829,-0.34673672914505005,-0.0808098167181015,0.15614855289459229,0.1536797136068344,-0.08957262337207794,-0.1253870725631714,-0.27674224972724915,-0.3641645908355713,-0.1639639437198639,-0.02777426317334175,0.10234636068344116,0.16892805695533752,-0.07874555885791779,-0.0063171773217618465,0.15215273201465607,-0.48286423087120056,-0.23867091536521912,-0.07391350716352463,0.1807127594947815,-0.08857304602861404,0.151347354054451,0.13619203865528107,-0.33213621377944946,-0.7293906807899475,-0.28692856431007385,0.08468563109636307,-0.02788597345352173,0.11783532798290253,0.033143769949674606,-0.26718753576278687,-0.18156656622886658,0.06062467023730278,-0.11417100578546524,0.1070827841758728,-0.24409076571464539,0.025163540616631508,0.044646263122558594,0.2953724265098572,-0.007744031958281994,-0.07472479343414307,-0.19409862160682678,0.481436550617218,0.4647712707519531,-0.10417766869068146,-0.16700038313865662,0.3226948380470276,-0.05758439376950264,-0.12264765799045563,0.2042963057756424,0.09384032338857651,0.03129378333687782,-0.028291087597608566,0.043318312615156174,0.24031999707221985,0.6803172826766968,-0.02785341814160347,0.28234201669692993,0.3654962480068207,-0.13324402272701263,0.13161885738372803,-0.041700828820466995,-0.03586137294769287,0.17971275746822357,0.10520170629024506,0.18802092969417572,-0.6030985713005066,-0.5258151292800903,0.015331590548157692,0.23987874388694763,0.1152210682630539,0.09307718276977539,0.38693228363990784,-0.03231855481863022,-0.39473140239715576,-0.1426902711391449,0.1874532550573349,0.014917558059096336,0.014258968643844128,-0.002097120974212885,0.19763688743114471,0.04847847670316696,0.34127354621887207,-0.12520137429237366,0.07499945163726807,0.2081451117992401,-0.35294365882873535,-0.20521096885204315,0.29159361124038696,-0.20250332355499268,-0.1344827264547348,-0.06448090076446533,-0.20389285683631897,-0.16702093183994293,0.11448254436254501,-0.03994922712445259,0.021179109811782837,-0.07051343470811844,0.0899583026766777,-0.004241123795509338,-0.225209042429924,-0.10761763900518417,0.2687939405441284,-0.05832245200872421,0.2193288803100586,0.12716469168663025,-0.1328202188014984,-0.26405173540115356,-0.21835872530937195,0.054147202521562576,-0.08064083009958267,0.06150183826684952,-0.21332864463329315,0.3132873773574829,0.03505996987223625,0.01983523741364479,-0.05904460698366165,-0.17036645114421844,-0.1948166787624359,-0.04832776263356209,0.10581605136394501,-0.20994853973388672,-0.14055192470550537,0.03321152925491333,-0.2948748469352722,-0.12141746282577515,0.10832089185714722,0.16133984923362732,0.019335424527525902,0.13202133774757385,-0.18190479278564453,0.14850501716136932,-0.13348285853862762,0.17365987598896027,-0.017171163111925125,-0.10926274210214615,-0.36523476243019104,-0.17737171053886414,-0.16894713044166565,-0.14884206652641296,-0.1783582717180252,-0.19390514492988586,-0.08303818106651306,0.05679619312286377,0.41634783148765564,0.2511633336544037,-0.041552744805812836,0.24471768736839294,0.27432388067245483,0.029261663556098938,-0.068916916847229,-0.3255268931388855,0.18779200315475464,0.024161290377378464,-0.13860048353672028,-0.11479012668132782,-0.26051464676856995,-0.04437568783760071,-0.12923142313957214,-0.21128122508525848,-0.1233176738023758,0.07572038471698761,0.028715848922729492,-0.09280639886856079,-0.08943204581737518,-0.06840956211090088,0.1920921802520752,0.14897066354751587,0.07211269438266754,-0.22210705280303955,-0.36689966917037964,0.4597974419593811,-0.3760479688644409,0.07458566874265671,-0.24443402886390686,0.11278710514307022,-0.5479264855384827,0.20550134778022766,0.11313377320766449,-0.030482551082968712,-0.04926379770040512,-0.038494668900966644,-0.08734548091888428,-0.7434309720993042,-0.309601366519928,0.2410997450351715,-0.12399367988109589,0.12539568543434143,-0.35166892409324646,0.05422449856996536,-0.18949122726917267
CID000003410,287,0.2769395709037781,0.06095299869775772,0.22656135261058807,0.3634112775325775,-0.3265603184700012,0.11062707751989365,0.06347184628248215,0.1981825828552246,-0.13174034655094147,0.23441453278064728,0.04699966311454773,0.031263627111911774,-0.03254900500178337,-0.006574100349098444,-0.09606894105672836,-0.060342323035001755,-0.07875137776136398,-0.13746201992034912,0.0525803342461586,-0.45541661977767944,0.1633838415145874,-0.10385346412658691,-0.24072051048278809,-0.957605242729187,-0.2976093590259552,-0.046336829662323,-0.3180871903896332,-0.01729070208966732,-0.0128177460283041,0.08353855460882187,-0.15719661116600037,0.31927502155303955,0.3025915026664734,-0.0713542252779007,-0.01478714682161808,-0.011160528287291527,0.17488817870616913,0.05435727909207344,0.057129718363285065,-0.27194851636886597,-0.039130356162786484,0.04277118295431137,-0.14220240712165833,-0.3846784234046936,-0.05174965411424637,0.38339900970458984,-0.05053834244608879,0.003134585916996002,-0.2348829060792923,0.10995296388864517,0.2523488998413086,-0.1301451176404953,-0.16702163219451904,-0.01465480588376522,0.15829114615917206,-0.13110966980457306,-0.210346981883049,0.05508352071046829,-0.01637442037463188,-0.18507039546966553,-0.10891562700271606,-0.09674253314733505,-0.1743774563074112,0.07862336933612823,0.18003693222999573,0.49462461471557617,-0.23455063998699188,0.1547137051820755,0.0676707997918129,-0.16946271061897278,0.19619552791118622,0.21693094074726105,-0.39904388785362244,-0.31235265731811523,0.07654838263988495,0.4305485188961029,0.3108871877193451,-0.010770720429718494,0.0031158209312707186,0.2579943537712097,0.07400745898485184,-0.5719207525253296,-0.19813396036624908,-0.15643343329429626,-0.004336145706474781,-0.18246857821941376,0.16117501258850098,-0.045287974178791046,0.24392755329608917,-0.8314210176467896,0.14171285927295685,0.03822879493236542,-0.11175300180912018,-0.03083682619035244,0.1859002709388733,-0.3797137141227722,-0.18007035553455353,0.24073299765586853,0.19148829579353333,0.258840948343277,-0.012332290410995483,-0.0718647837638855,-0.06348717957735062,0.36116498708724976,-0.0004387170192785561,0.03248744457960129,0.008504928089678288,-0.08847306668758392,0.6260114312171936,0.010782212018966675,0.03639514371752739,0.08841121196746826,-0.06739288568496704,-0.06751372665166855,-0.18442992866039276,0.09585361182689667,0.010963091626763344,-0.07390661537647247,0.00036116241244599223,0.29213747382164,0.6930654048919678,-0.10511024296283722,0.2989477217197418,0.31527310609817505,-0.013054221868515015,-0.07278762757778168,-0.05964953824877739,0.09281662851572037,-0.052253711968660355,-0.01697910949587822,0.3305129408836365,-0.7176238298416138,-0.3735220432281494,0.11187221854925156,0.313463032245636,-0.013679444789886475,-0.053454697132110596,0.13075578212738037,-0.11691943556070328,-0.08515185117721558,-0.21229922771453857,0.1045929417014122,0.11513032764196396,-0.05485526844859123,0.0019454627763479948,-0.057474058121442795,-0.019143681973218918,0.4354303479194641,-0.08091316372156143,0.17963561415672302,-0.10596195608377457,-0.3511013090610504,0.24429252743721008,0.05020177364349365,-0.27783164381980896,-0.192189559340477,-0.15610000491142273,-0.15413346886634827,0.12854774296283722,0.35740208625793457,-0.26337867975234985,-0.08563083410263062,-0.027708182111382484,-0.17723864316940308,-0.006784719415009022,-0.0930616483092308,-0.08485831320285797,0.01848496124148369,-0.19847992062568665,0.09526167064905167,-0.13677437603473663,-0.23498466610908508,-0.2564994990825653,-0.3879298269748688,0.049073971807956696,-0.08187752217054367,0.03008384443819523,0.034439846873283386,0.5938594341278076,0.15577645599842072,-0.12211038917303085,-0.10846046358346939,-0.2729074954986572,-0.10670006275177002,0.3418363928794861,0.12426917254924774,-0.2877582013607025,0.41380053758621216,-0.06463325023651123,-0.32154709100723267,0.22580981254577637,-0.02868291176855564,0.1990557610988617,-0.03850137069821358,0.15916790068149567,0.04598451778292656,0.053160786628723145,0.09700014442205429,-0.07123778760433197,-0.16062763333320618,0.03773343190550804,-0.3175210952758789,0.27082476019859314,-0.00991087220609188,-0.343808114528656,-0.08514708280563354,0.10124322026968002,-0.09773463010787964,0.17944903671741486,0.473876416683197,0.25706785917282104,-0.1567925661802292,0.06247047707438469,0.20896930992603302,-0.011233806610107422,-0.34987348318099976,0.27577465772628784,0.12428297847509384,0.1750255823135376,0.3603173494338989,-0.14467906951904297,0.023419778794050217,0.12454917281866074,-0.278763085603714,-0.02816518023610115,0.3150160610675812,-0.22730663418769836,-0.08083824813365936,-0.10569022595882416,0.19851109385490417,-0.13711002469062805,0.16482017934322357,0.21849465370178223,0.09315048158168793,-0.03052593767642975,0.34955087304115295,0.3154289126396179,-0.2158484011888504,0.12410517036914825,-0.011566552333533764,0.09938018023967743,-0.705130934715271,0.03942737728357315,0.21029448509216309,-0.04916460067033768,-0.12721098959445953,-0.010621840134263039,-0.12116082012653351,-0.6441537141799927,-0.17710940539836884,0.20359539985656738,-0.07380753010511398,-0.07687865197658539,0.029167398810386658,0.1919700652360916,0.12503327429294586
CID000004159,288,0.13836242258548737,0.05243559926748276,0.06543316692113876,0.22664017975330353,-0.26015859842300415,0.16818767786026,0.1210663765668869,0.3243505358695984,-0.00019325017638038844,0.2305099219083786,-0.13660550117492676,-0.07579457759857178,-0.1920238882303238,0.24690786004066467,-0.29066601395606995,-0.15044370293617249,0.029911022633314133,-0.03995559364557266,0.10301028192043304,-0.42693376541137695,0.301910936832428,-0.3319060802459717,0.04751495271921158,-0.7772830724716187,0.21618957817554474,0.4111216962337494,-0.15353497862815857,-0.2253376990556717,0.11669765412807465,0.22029586136341095,-0.14752055704593658,0.44790974259376526,-0.09397821128368378,0.19105525314807892,-0.004615068435668945,0.07735594362020493,0.05354313924908638,0.10268864780664444,-0.12796811759471893,-0.2343784123659134,-0.12532441318035126,-0.23819342255592346,0.23800835013389587,-0.37661013007164,-0.04144507646560669,0.10206617414951324,0.025980716571211815,-0.04985767975449562,-0.11215201765298843,0.1815599948167801,0.22224228084087372,0.016576427966356277,-0.4280455708503723,-0.027653804048895836,-0.024206306785345078,-0.06341509521007538,-0.1943824291229248,-0.053002435714006424,0.16489644348621368,0.08050243556499481,-0.30223700404167175,-0.3949224054813385,0.04555920511484146,-0.05262218043208122,0.1669602394104004,0.5531960725784302,-0.14014938473701477,-0.12213609367609024,0.03816520422697067,-0.03545394912362099,0.023987621068954468,-0.18262699246406555,-0.44706764817237854,-0.3355054259300232,-0.43333354592323303,-0.02514280006289482,-0.2870437800884247,-0.00726942578330636,-0.13780589401721954,0.07625038921833038,0.0054222093895077705,-0.2202850580215454,-0.3543730080127716,0.0870034322142601,-0.19778504967689514,-0.06851128488779068,0.07855881750583649,0.5920040607452393,-0.2011420726776123,-0.6863930225372314,0.0682498887181282,0.2599923014640808,-0.02902449294924736,-0.4514482617378235,-0.2056698352098465,-0.5600423812866211,-0.38079553842544556,-0.08194886147975922,0.25641578435897827,0.143006831407547,-0.09456278383731842,-0.03905509412288666,-0.12469468265771866,0.4449976980686188,0.2588910460472107,0.05505551025271416,-0.15452034771442413,-0.127908393740654,0.32598230242729187,-0.1820942461490631,-0.15589243173599243,0.005678588058799505,-0.12556752562522888,-0.15090149641036987,-0.23716792464256287,0.20707926154136658,-0.07024748623371124,0.12994997203350067,-0.27733492851257324,0.03404083102941513,0.4403931200504303,-0.31503576040267944,0.3029181659221649,0.23137803375720978,-0.020997706800699234,0.29936227202415466,0.11553917080163956,0.19673486053943634,0.38970890641212463,-0.11011093854904175,0.09924620389938354,-0.36952364444732666,-0.34964239597320557,0.1366075575351715,0.1359352171421051,-0.01262576598674059,0.17181125283241272,0.3036547601222992,0.10538129508495331,-0.07974818348884583,-0.10303624719381332,0.2907593846321106,0.08056184649467468,-0.18604163825511932,-0.018556343391537666,0.21332621574401855,-0.24274420738220215,0.3448772728443146,-0.3502618670463562,0.08895587176084518,0.0528079979121685,-0.36050158739089966,-0.1529656946659088,-0.10797922313213348,-0.24142467975616455,-0.07655135542154312,-0.10894937813282013,-0.43659132719039917,0.24572980403900146,0.41275057196617126,-0.19863978028297424,-0.16419851779937744,-0.05627269297838211,0.11023269593715668,-0.00939798355102539,0.08428402245044708,0.10980138927698135,-0.0741259828209877,-0.07904468476772308,0.27585718035697937,0.29962897300720215,-0.13816967606544495,-0.13322143256664276,-0.15280239284038544,0.017144903540611267,0.0716673955321312,0.09383092075586319,-0.10346025228500366,0.26759856939315796,0.015300894156098366,0.11564218997955322,-0.0634494349360466,-0.16726328432559967,-0.10578473657369614,0.39257127046585083,-0.044317569583654404,-0.11011306941509247,0.10862112045288086,0.06490503996610641,-0.42646732926368713,-0.09396719932556152,0.1508389413356781,0.2553960382938385,-0.041966505348682404,0.04607827216386795,-0.08235306292772293,0.19674155116081238,-0.03187023848295212,0.008594855666160583,0.16191551089286804,0.15783584117889404,-0.49599990248680115,-0.00401703268289566,-0.3088710904121399,0.18084099888801575,0.013213023543357849,-0.010940437205135822,0.02044292353093624,0.3377116024494171,0.5928994417190552,0.36331307888031006,0.19405612349510193,0.5073850750923157,-0.01880594715476036,0.2778394818305969,-0.1143345981836319,-0.0893235057592392,0.024916166439652443,0.0008471131441183388,-0.12081627547740936,-0.026362311094999313,0.30823075771331787,-0.26790934801101685,-0.48428264260292053,-0.4734320044517517,-0.12206202745437622,-0.24546673893928528,-0.5018078088760376,-0.017724955454468727,-0.1576455980539322,0.008794775232672691,0.15655162930488586,0.35624170303344727,0.06582073867321014,-0.07080011069774628,0.2618408799171448,0.4681285321712494,-0.5765679478645325,0.029252957552671432,-0.03739938884973526,0.1948685497045517,-0.5073750019073486,-0.26898980140686035,0.22664323449134827,-0.06708864122629166,-0.2565460205078125,0.24558217823505402,-0.16129040718078613,-0.4634580612182617,-0.015361758880317211,0.29911085963249207,-0.42835313081741333,-0.0026616291143000126,-0.2746394872665405,-0.008300614543259144,-0.12159345299005508
CID000004819,291,0.11978133022785187,-0.1503400057554245,0.0464777871966362,0.3315051794052124,-0.5208175778388977,0.08107005059719086,0.34226012229919434,0.28119680285453796,0.0381968729197979,0.30409371852874756,0.22604389488697052,0.07035626471042633,-0.051356036216020584,0.11716192960739136,-0.23425133526325226,-0.10458076000213623,-0.05201362445950508,-0.06438343971967697,0.11306878179311752,-0.37575867772102356,0.004487332887947559,-0.25913625955581665,0.1405809223651886,-0.7658048272132874,0.2207227200269699,0.08807927370071411,-0.06148626282811165,-0.0020976245868951082,0.0224863700568676,0.09652597457170486,0.06741203367710114,0.16943053901195526,0.12220408767461777,-0.05284683778882027,0.019756799563765526,-0.11042988300323486,0.26364943385124207,0.09510043263435364,0.2318187952041626,-0.0615396611392498,0.0298705343157053,-0.23812873661518097,0.1983059197664261,-0.1874159276485443,-0.18137376010417938,0.30148133635520935,0.039380691945552826,-0.00035347341326996684,0.13772013783454895,0.06473768502473831,0.22927415370941162,0.16264277696609497,-0.2691380977630615,0.04874325543642044,0.06367593258619308,-0.08382000029087067,0.09241154044866562,0.1590176522731781,0.05914672464132309,-0.00265160808339715,-0.20781226456165314,-0.3285781741142273,0.13676795363426208,0.01967860758304596,0.17651844024658203,0.2876138985157013,-0.20334091782569885,-0.1463727504014969,0.20664027333259583,0.19165107607841492,0.03139817342162132,-0.05801931768655777,-0.4002586007118225,-0.40944892168045044,-0.22130510210990906,0.05122788995504379,-0.07856817543506622,0.07957707345485687,-0.004520013928413391,-0.15604735910892487,0.012429100461304188,-0.6736614108085632,-0.3107351064682007,0.17586317658424377,0.07805290073156357,-0.04333241656422615,0.12443859875202179,0.15403340756893158,-0.010266929864883423,-0.6267038583755493,-0.07073152810335159,0.14956265687942505,-0.0049161226488649845,-0.056717563420534134,0.03936826437711716,-0.2075619250535965,-0.25360655784606934,0.12711739540100098,-0.19908881187438965,0.010335001163184643,-0.18047872185707092,0.07962754368782043,-0.005490723066031933,0.40265950560569763,0.22438621520996094,-0.024980222806334496,-0.14582395553588867,0.037588931620121,0.41594815254211426,-0.2862781882286072,-0.08214259147644043,0.10678394138813019,-0.09061923623085022,-0.04524870589375496,-0.024265795946121216,0.18127867579460144,0.038752589374780655,0.01031276024878025,-0.13565674424171448,0.25491586327552795,0.5903691053390503,-0.21250899136066437,0.25370949506759644,0.18276222050189972,-0.039935313165187836,0.2346193790435791,0.025483373552560806,-0.0009086310747079551,0.23540063202381134,0.0728846862912178,0.14621569216251373,-0.5171504020690918,-0.4748538136482239,0.08170817047357559,0.27502748370170593,-0.0014719500904902816,-0.11492766439914703,0.3165809214115143,-0.1898035705089569,-0.22311563789844513,-0.17340640723705292,0.18585336208343506,0.04238363355398178,-0.0761137381196022,-0.03235207870602608,0.07633364200592041,-0.06932280957698822,0.2914571166038513,0.014552521519362926,0.16489671170711517,0.10601887851953506,-0.17633196711540222,-0.18166279792785645,0.17816072702407837,-0.288377583026886,-0.08510704338550568,-0.06612114608287811,-0.01958625018596649,-0.07134034484624863,0.1899743676185608,-0.15744099020957947,0.14362674951553345,0.01873941160738468,0.07786522805690765,-0.15205736458301544,-0.09227366745471954,-0.20239372551441193,0.19811590015888214,0.030648594722151756,0.1606355756521225,0.013910634443163872,-0.08250917494297028,-0.15510229766368866,-0.09904442727565765,0.0550730936229229,0.018481958657503128,0.1901870220899582,-0.21240513026714325,0.31576257944107056,-0.0425640344619751,0.18637493252754211,0.05968388170003891,-0.055468685925006866,-0.17422020435333252,0.046738773584365845,0.215011864900589,-0.03237335383892059,0.0704832524061203,-0.049081720411777496,-0.2745541036128998,-0.10440532863140106,0.007752084638923407,0.2686477303504944,0.022417208179831505,0.11977039277553558,-0.14950987696647644,0.05263163894414902,-0.002718709409236908,0.1100839376449585,0.038587648421525955,0.18742534518241882,-0.40782618522644043,0.004927009344100952,-0.2819019854068756,0.0523555651307106,-0.17788293957710266,-0.13132761418819427,0.1854722499847412,-0.0708136111497879,0.3658205270767212,0.31583112478256226,0.2561190128326416,0.31791916489601135,0.1874496042728424,0.053768087178468704,-0.034742020070552826,-0.16632407903671265,0.12782815098762512,0.09357404708862305,-0.006369066424667835,0.056226152926683426,-0.08526840060949326,0.01438438892364502,-0.16702255606651306,-0.04357026517391205,0.07890889793634415,0.14097794890403748,-0.07704328000545502,0.04603318125009537,-0.021868636831641197,-0.046803515404462814,-0.13548192381858826,0.23614947497844696,-0.011358070187270641,-0.12496791034936905,0.07287608087062836,0.30029767751693726,-0.4627632200717926,0.059583090245723724,-0.040865860879421234,0.15450803935527802,-0.35027167201042175,0.03299188241362572,0.3665348291397095,0.027755532413721085,-0.0983840599656105,0.0854944959282875,-0.0008040874963626266,-0.611203670501709,-0.0887938141822815,0.2725221812725067,-0.42115265130996704,0.08861102908849716,-0.3907429277896881,0.07414267957210541,0.083196721971035
CID000000271,292,0.295402467250824,-0.025542279705405235,-0.11128103733062744,0.23350724577903748,-0.3631855845451355,0.0810079276561737,0.201625794172287,0.44418126344680786,0.3838363289833069,0.42363816499710083,-0.25075000524520874,-0.09014346450567245,-0.24028384685516357,0.4695248603820801,-0.18715333938598633,-0.16116863489151,-0.09641789644956589,-0.18476983904838562,0.4054740071296692,-0.4036913514137268,-0.09905734658241272,-0.17851898074150085,0.10380319505929947,-0.3658152222633362,0.1773585081100464,0.10031876713037491,-0.05612398311495781,-0.0551350936293602,0.17310690879821777,0.407802015542984,-0.1823025345802307,0.3093886971473694,0.2057463675737381,0.2603921592235565,-0.027799155563116074,0.0564923994243145,0.3506670892238617,0.19608967006206512,-0.0740971714258194,-0.32323819398880005,0.012007279321551323,-0.3194652199745178,-0.11967406421899796,-0.3015938401222229,-0.1826598346233368,0.2802343964576721,-0.014852499589323997,0.07998944818973541,0.04125053063035011,0.10931240022182465,0.41067296266555786,-0.24364256858825684,-0.303200900554657,-0.03300239518284798,0.3249083459377289,-0.06160590052604675,0.17555086314678192,-0.008171278052031994,0.1886727213859558,0.18692238628864288,-0.12374279648065567,-0.46475115418434143,-0.09962622076272964,-0.15008150041103363,0.4069986939430237,0.6742253303527832,-0.25764572620391846,-0.19228871166706085,0.3282710611820221,0.04614574834704399,-0.08344264328479767,0.13558444380760193,-0.4357385039329529,-0.3102077841758728,-0.09946101903915405,0.4488127827644348,0.008360612206161022,0.10228173434734344,-0.0008169241482391953,0.18168458342552185,0.2369946539402008,-0.4533465802669525,-0.5363946557044983,0.07056909054517746,0.13896803557872772,-0.35950249433517456,0.14506378769874573,0.6834343671798706,0.06237124279141426,-0.39665964245796204,0.17208008468151093,0.3030427396297455,0.008268970064818859,0.06521765887737274,0.09005061537027359,-0.4400443136692047,-0.5767830014228821,-0.09224541485309601,0.1751219928264618,0.4847742021083832,-0.014533573761582375,0.15676259994506836,0.1031465083360672,0.5311247110366821,0.2493450939655304,-0.06510226428508759,-0.3421348035335541,-0.10591544955968857,0.2863204777240753,-0.12303004413843155,-0.11442438513040543,0.11180128157138824,-0.19257788360118866,0.06522808969020844,-0.10655961185693741,0.40657782554626465,-0.052578795701265335,-0.46996134519577026,-0.16445669531822205,0.11763446033000946,0.4541792869567871,-0.05818969011306763,0.4049229025840759,0.2167414426803589,-0.0073312134481966496,0.1635604351758957,-0.06286458671092987,0.2863878309726715,0.32239246368408203,0.0055283354595303535,-0.11051315069198608,-0.37528204917907715,-0.2249765843153,0.024164561182260513,0.2423115074634552,0.2764870524406433,0.5098870992660522,0.16070781648159027,0.11991747468709946,-0.1653919368982315,-0.2946314811706543,0.4925195574760437,0.38524606823921204,-0.14955319464206696,0.052659131586551666,0.31596559286117554,-0.28132691979408264,0.39493802189826965,0.126204714179039,0.15143468976020813,0.1584385335445404,-0.08445511758327484,-0.12258033454418182,0.19087111949920654,-0.19882771372795105,-0.34394535422325134,-0.0018237263429909945,-0.48255452513694763,0.1932356059551239,0.22817941009998322,-0.19944623112678528,-0.27804145216941833,0.18302378058433533,0.02541179582476616,-0.14595778286457062,-0.03579412028193474,0.08037523180246353,0.1718941032886505,0.055229149758815765,0.3163600564002991,0.10835723578929901,-0.3134452700614929,-0.26062315702438354,-0.32509881258010864,-0.19901275634765625,0.023961417376995087,-0.18169623613357544,-0.15130677819252014,0.27981171011924744,0.07239032536745071,0.15347377955913544,-0.17766404151916504,-0.5136319398880005,-0.16298744082450867,0.10534898936748505,-0.0054102614521980286,-0.18991054594516754,-0.18434390425682068,0.19184869527816772,-0.42140501737594604,0.13180190324783325,0.018512288108468056,0.2848876118659973,0.030609706416726112,0.17685823142528534,-0.11900579929351807,0.31603625416755676,-0.051785945892333984,0.26617705821990967,0.0005225658533163369,0.2402573525905609,-0.3973686099052429,0.3105907738208771,-0.10183985531330109,-0.06098846346139908,-0.06748727709054947,-0.06816820055246353,-0.09319823235273361,0.17848193645477295,0.3670620024204254,0.5480576753616333,0.10903720557689667,0.3685518503189087,0.4200899600982666,0.3089286684989929,-0.3734157979488373,0.07191742211580276,0.005867148749530315,-0.022318895906209946,0.3462705612182617,-0.07014124095439911,-0.1501273810863495,0.11983342468738556,-0.4755306839942932,-0.49815821647644043,-0.10303238779306412,-0.16659216582775116,-0.31168603897094727,0.017972055822610855,0.12775233387947083,0.11216618865728378,-0.011102830991148949,0.37436243891716003,0.013679737225174904,-0.37613824009895325,0.10378044843673706,0.30903559923171997,-0.5257676243782043,0.06139404699206352,-0.2168997824192047,0.2947222888469696,-0.7227705121040344,-0.11365002393722534,0.4029389023780823,-0.07913603633642197,0.39996784925460815,0.1908651888370514,0.02294060029089451,-0.40950870513916016,-0.3441384434700012,0.33243194222450256,-0.13992011547088623,0.08471868932247162,-0.26074549555778503,0.12864115834236145,-0.1698491871356964
CID005353980,295,-0.031442705541849136,-0.1213284581899643,-0.08891986310482025,0.4636422097682953,-0.35473138093948364,0.1193309873342514,0.16350515186786652,0.14897826313972473,0.19786913692951202,0.20454232394695282,-0.03822208568453789,-0.027154380455613136,0.0017045497661456466,-0.07016944140195847,-0.11364737898111343,-0.10299134254455566,-0.07882170379161835,-0.02123907208442688,0.0003675252082757652,-0.5490036606788635,-0.042129941284656525,-0.19214090704917908,-0.19593994319438934,-0.8327484130859375,-0.05447923392057419,0.1657186895608902,-0.28728044033050537,0.037094421684741974,-0.03844074159860611,-0.08857236057519913,-0.08727635443210602,0.22622473537921906,0.0781218484044075,-0.026282822713255882,0.04776603356003761,0.0012266754638403654,0.0010329947108402848,-0.1102634072303772,0.3482993543148041,0.046754803508520126,0.009492832235991955,-0.11931148916482925,0.20698556303977966,-0.26399844884872437,-0.05543842166662216,0.4057624340057373,0.15338921546936035,0.021017085760831833,0.1374284327030182,-0.086004838347435,0.4919695258140564,0.36510705947875977,-0.24581798911094666,0.1620693951845169,-0.08020947128534317,-0.08379023522138596,-0.05084694176912308,0.09710417687892914,0.08595778048038483,-0.0029912800528109074,-0.1502765417098999,-0.15873534977436066,-0.09634929150342941,-0.006389004178345203,0.32661694288253784,0.5055490732192993,-0.21325543522834778,-0.0014389872085303068,0.07430382817983627,0.11284041404724121,-0.027640849351882935,-0.02783151902258396,-0.28268325328826904,-0.4011133313179016,-0.21076123416423798,-0.13961176574230194,0.12714876234531403,0.09246812015771866,-0.10683085769414902,0.14177973568439484,-0.05626627057790756,-0.47265106439590454,-0.22811074554920197,-0.04816669970750809,0.10122819244861603,0.07945078611373901,0.2584523856639862,0.03615739196538925,-0.16681846976280212,-0.7068764567375183,-0.188838392496109,0.06395505368709564,-0.06634218990802765,-0.033566199243068695,0.12211613357067108,-0.18681731820106506,-0.18641790747642517,0.21449622511863708,0.052393585443496704,-0.03180656582117081,-0.3122924566268921,-0.04936619848012924,-0.1113172173500061,0.15921297669410706,0.16173037886619568,0.02169874869287014,-0.11384101212024689,0.044722430408000946,0.6299516558647156,-0.07173846662044525,-0.14131948351860046,0.17654302716255188,0.18749067187309265,-0.2281990349292755,-0.06306953728199005,0.15031835436820984,0.03906891867518425,0.017861953005194664,-0.023519087582826614,0.1529853492975235,0.6771082878112793,-0.23036786913871765,0.13389459252357483,0.19627760350704193,-0.0610542818903923,0.23047864437103271,0.09547117352485657,0.09469272941350937,0.2586830258369446,0.08008795231580734,0.034044601023197174,-0.4952055811882019,-0.32914918661117554,0.07277189940214157,0.2084730565547943,0.04376721754670143,0.0894821509718895,0.3175659775733948,-0.02569768950343132,-0.19398243725299835,-0.09835848957300186,-0.04599913954734802,-0.04059847444295883,-0.013018108904361725,0.027130920439958572,0.19526056945323944,0.11704976856708527,0.4316445291042328,0.13811442255973816,0.16870060563087463,-0.09949211776256561,-0.3342618942260742,-0.062335383147001266,0.09889273345470428,-0.3212659955024719,-0.10784178972244263,-0.09794007241725922,0.09069056063890457,0.03608417510986328,0.3077652156352997,-0.03909892588853836,-0.011430012993514538,-0.011229920201003551,0.17673949897289276,-0.008451581001281738,-0.4644297957420349,-0.08988119661808014,0.08255277574062347,-0.08006277680397034,0.10689666122198105,0.028130358085036278,-0.2186170071363449,-0.061428003013134,-0.31797197461128235,0.01316581480205059,-0.0229911170899868,0.1152939647436142,-0.20818321406841278,0.4761647582054138,-0.3639581799507141,0.04814154654741287,0.16411182284355164,-0.028601795434951782,-0.20461073517799377,0.2399386614561081,0.2884060740470886,-0.34054309129714966,-0.09823542833328247,0.029235025867819786,-0.27572622895240784,0.06037983298301697,0.06598283350467682,0.1333121955394745,0.08220434933900833,0.13503482937812805,-0.1970355212688446,-0.03125535696744919,-0.061695169657468796,0.10059225559234619,0.08738990128040314,0.1771499365568161,-0.2747139036655426,-0.2031870186328888,-0.32415980100631714,-0.1745426505804062,-0.16419723629951477,-0.03825942054390907,-0.17066429555416107,0.20728358626365662,0.45715922117233276,0.30551618337631226,-0.034418534487485886,0.24656839668750763,-0.04888560622930527,-0.0042573390528559685,0.013986957259476185,-0.12366287410259247,0.1898045539855957,0.0011542290449142456,-0.13103850185871124,-0.04478145018219948,-0.051990896463394165,0.06683768332004547,-0.12754420936107635,-0.008135318756103516,0.14266437292099,0.02195681259036064,-0.1270771026611328,0.02662518620491028,-0.043365299701690674,-0.16025525331497192,0.06916916370391846,0.19377149641513824,0.0452057309448719,-0.31369471549987793,-0.016951555386185646,0.4250796437263489,-0.4042910635471344,0.0025565975811332464,-0.16514542698860168,-0.06176561862230301,-0.2156899869441986,-0.09139684587717056,0.19394207000732422,-0.06413727253675461,0.040878087282180786,-0.11844202131032944,0.14915989339351654,-0.7056429386138916,-0.19995170831680298,0.16989313066005707,-0.1652342528104782,0.22631502151489258,-0.34218135476112366,0.12481484562158585,0.04866888374090195
CID000003255,296,0.1175125241279602,0.18414852023124695,0.017682576552033424,0.5262326598167419,-0.5650439262390137,0.30037930607795715,-0.10322742164134979,0.16583864390850067,-0.011097314767539501,0.5175526738166809,-0.05796787887811661,-0.052895255386829376,-0.3077545762062073,0.49836140871047974,-0.193495512008667,-0.07167878746986389,-0.06356213241815567,-0.1420532763004303,0.40744632482528687,-0.44403520226478577,0.08584330230951309,0.08310139924287796,-0.07354477047920227,-0.7701715230941772,-0.0005859851953573525,-0.09498413652181625,-0.23339147865772247,-0.21805183589458466,0.18384872376918793,0.023015011101961136,-0.25672581791877747,0.16113628447055817,0.06887052953243256,0.1953827142715454,-0.12283797562122345,0.07618965208530426,0.12697020173072815,0.14971992373466492,-0.060817159712314606,-0.27046385407447815,-0.11370891332626343,-0.14753659069538116,-0.010880762711167336,-0.005271268077194691,-0.34078338742256165,0.07930441945791245,-0.11521746218204498,-0.08050958067178726,-0.010635461658239365,0.09825091063976288,0.39916008710861206,-0.07769116014242172,-0.2476743459701538,0.15062515437602997,0.17469735443592072,-0.18241296708583832,0.2745378613471985,0.05501141399145126,0.257424533367157,-0.007322341203689575,0.0015056993579491973,-0.3715965747833252,-0.029850561171770096,-0.24361462891101837,0.05853363126516342,0.8315070271492004,-0.2927635610103607,0.2312832772731781,0.17565388977527618,0.3486219644546509,0.025959890335798264,-0.02834516391158104,-0.24555814266204834,-0.6396639943122864,-0.053487539291381836,0.25938719511032104,0.0432308129966259,-0.13763871788978577,-0.13321110606193542,-0.09721948951482773,-0.2767738699913025,-0.10919910669326782,-0.23324301838874817,0.2094925194978714,0.24175962805747986,-0.3656720519065857,0.004886037204414606,0.12234695255756378,0.1315527856349945,-0.8277707099914551,0.14883197844028473,0.272537499666214,0.10433661937713623,-0.1424206793308258,0.2664046287536621,-0.45609742403030396,-0.2422718107700348,0.07428202778100967,-0.03561384603381157,0.0931413397192955,-0.21747365593910217,-0.03626856952905655,0.09741415083408356,0.3203752934932709,-0.2786577641963959,-0.009927520528435707,0.06359028816223145,-0.006234121508896351,0.17007263004779816,-0.10469532012939453,-0.17840199172496796,0.2203773558139801,-0.021969784051179886,-0.45693039894104004,-0.28422626852989197,0.28857868909835815,-0.32003992795944214,-0.06319887936115265,-0.18849104642868042,-0.05322698876261711,0.6777942776679993,-0.13457287847995758,0.20050100982189178,0.3199806213378906,-0.28395313024520874,0.5836092233657837,-0.08004909008741379,-0.18546836078166962,0.18512125313282013,-0.3155093789100647,0.09598322957754135,-0.46716421842575073,-0.5043133497238159,0.18191945552825928,0.2262084186077118,0.5137829780578613,-0.08092557638883591,0.5143154263496399,0.004480873700231314,-0.16748490929603577,0.08424820750951767,0.5542311668395996,0.14753736555576324,-0.20224976539611816,0.041870154440402985,0.12407495081424713,-0.33902090787887573,0.5424387454986572,-0.1313738077878952,-0.00198706379160285,-0.12776944041252136,-0.4628818929195404,0.02509859763085842,-3.462433960521594e-05,-0.11424505710601807,-0.17751038074493408,-0.06334638595581055,-0.21885910630226135,0.16782596707344055,0.2224258929491043,0.044343024492263794,-0.012913298793137074,-0.020658016204833984,-0.03766024857759476,-0.2629774212837219,-0.14934809505939484,0.1868647187948227,-0.1257101595401764,-0.04571814090013504,0.19322116672992706,0.2222764790058136,-0.0551566407084465,-0.2895224690437317,0.049710072576999664,-0.08220217376947403,0.07724802196025848,-0.07593050599098206,-0.04649624601006508,0.455366313457489,-0.0022972046863287687,-0.3739841878414154,0.12069369852542877,-0.1585482805967331,-0.24060459434986115,0.1558164656162262,0.2602695822715759,-0.036695048213005066,-0.023047709837555885,0.2565309703350067,-0.502267599105835,0.012534010224044323,0.09776512533426285,-0.024645578116178513,-0.007196838967502117,0.2691308557987213,0.11439874023199081,0.23777294158935547,-0.13811427354812622,0.04431343823671341,0.1427779644727707,-0.17832621932029724,-0.6098722219467163,0.1659976691007614,-0.21651330590248108,-0.005154550075531006,0.2651944160461426,-0.11357393115758896,0.015040859580039978,0.8977798223495483,0.5600143074989319,0.24311503767967224,0.1729719042778015,-0.07163847982883453,0.3268224000930786,0.0671253502368927,-0.1335955560207367,0.3250381052494049,0.18077747523784637,0.209071084856987,0.038822077214717865,-0.07185626029968262,0.05575726553797722,0.14859150350093842,-0.2763690650463104,-0.401749849319458,-0.12333913147449493,0.22178132832050323,-0.15089429914951324,-0.1762690395116806,0.048114094883203506,0.0004340529558248818,0.6341473460197449,-0.05225773900747299,0.012499433942139149,-0.09138591587543488,0.00849604606628418,0.7493324279785156,-0.5153508186340332,0.05643540620803833,-0.13778647780418396,0.0820896252989769,-0.2743985056877136,-0.2254045009613037,0.32233726978302,-0.14930163323879242,-0.09220167249441147,0.1201576441526413,-0.1627255380153656,-0.6577146053314209,-0.11971260607242584,0.22770559787750244,-0.15137553215026855,0.18982940912246704,-0.5112898945808411,0.08390239626169205,0.13512949645519257
CID000002554,297,0.3383480906486511,0.26273399591445923,0.02684538997709751,0.4413195550441742,-0.23315510153770447,-0.06657832115888596,0.06268628686666489,0.4431077837944031,-0.015688281506299973,0.013710713014006615,0.19649846851825714,0.229406476020813,-0.06778859347105026,0.22283458709716797,-0.09677217900753021,0.15630987286567688,-0.04322556406259537,-0.13219936192035675,-0.1901102513074875,-0.5783087015151978,0.053498052060604095,-0.04462602734565735,-0.17217278480529785,-0.7581915855407715,0.16958744823932648,0.08618992567062378,-0.08598695695400238,-0.1680714637041092,-0.09056813269853592,0.3835517466068268,-0.16420714557170868,0.2848646640777588,0.12476799637079239,-0.021647760644555092,0.19180229306221008,-0.03286542370915413,0.14113681018352509,0.06332714855670929,0.12122950702905655,-0.07510720193386078,-0.056888628751039505,0.11558910459280014,0.07868070900440216,-0.3349364995956421,-0.19748377799987793,0.41440171003341675,0.1421571522951126,0.10490721464157104,-0.09120793640613556,0.10088471323251724,0.49555864930152893,-0.24145355820655823,-0.06111832708120346,-0.07314207404851913,0.2583165466785431,-0.2721136212348938,0.3168698251247406,0.34831053018569946,-0.013692915439605713,-0.12089578062295914,-0.17232391238212585,-0.34137600660324097,0.09636471420526505,-0.08313778787851334,0.16436421871185303,0.6808367967605591,-0.2735331654548645,-0.07059501856565475,0.002315238118171692,-0.009751281701028347,0.2332293689250946,-0.10709027200937271,-0.31156885623931885,-0.3940437138080597,-0.1083761677145958,0.24682393670082092,0.10237759351730347,0.16313815116882324,-0.02116212248802185,-0.047183699905872345,0.7395004630088806,-0.4926494061946869,-0.2830614149570465,0.009232809767127037,0.02981240674853325,-0.2345222532749176,0.15691454708576202,0.03170647844672203,0.026071172207593918,-0.6918182969093323,0.06978018581867218,0.46552199125289917,-0.10021591186523438,-0.08572237938642502,-0.11082837730646133,-0.29980361461639404,-0.320266455411911,-0.11946205049753189,0.16186141967773438,0.16437771916389465,-0.030806463211774826,-0.06384658068418503,0.036028213798999786,0.541750431060791,-0.03741613030433655,0.10396263748407364,-0.12708893418312073,0.11283461004495621,0.689109206199646,0.22555002570152283,-0.08793710172176361,0.2893105149269104,-0.05046718567609787,-0.11104243993759155,0.07318681478500366,0.220235675573349,-0.12367401272058487,-0.3513714075088501,0.06779196113348007,0.0774037092924118,0.6408175230026245,-0.22346556186676025,0.496959924697876,0.2718571722507477,-0.3038840591907501,0.15110987424850464,0.04983517527580261,-0.2440778762102127,0.1840020716190338,-0.2546369135379791,0.1477421671152115,-0.5619124174118042,-0.260172575712204,0.07498924434185028,0.132371723651886,0.12478117644786835,0.0595867820084095,-0.1434536576271057,0.00543077290058136,-0.657870888710022,-0.24353022873401642,0.24637003242969513,0.06399055570363998,-0.04881523922085762,0.03281531482934952,0.002083349274471402,0.12079373747110367,0.41489139199256897,-0.08997751772403717,0.21627192199230194,-0.06661447882652283,-0.29627853631973267,-0.1854417324066162,0.28978466987609863,-0.08141390979290009,-0.27874326705932617,-0.014678776264190674,-0.5245603322982788,0.10550324618816376,0.31484973430633545,0.009168857708573341,-0.008812924847006798,0.10403013229370117,0.003308850573375821,-0.22549676895141602,-0.31389522552490234,-0.2912507653236389,0.18097567558288574,0.03801906108856201,-0.15584895014762878,0.08605606853961945,-0.24325823783874512,-0.24827790260314941,-0.24695996940135956,0.08998735249042511,-0.1386536806821823,0.144522562623024,-0.08870897442102432,0.6219979524612427,0.30891576409339905,-0.06526123732328415,-0.04291215538978577,-0.29274868965148926,-0.273392915725708,0.07363716512918472,0.2390855848789215,-0.5566086173057556,0.1892995983362198,0.1755460947751999,-0.3089088201522827,-0.09488897025585175,0.036524947732686996,0.012288058176636696,0.032833997160196304,0.1961868703365326,0.022485923022031784,0.08571688830852509,0.020124094560742378,-0.04081585630774498,0.09409821778535843,-0.035623230040073395,-0.22711670398712158,0.26223134994506836,-0.3694992661476135,-0.16927480697631836,-0.20207443833351135,-0.2296278178691864,0.052179791033267975,-0.1816857010126114,0.48418012261390686,0.34202322363853455,-0.07451555877923965,-0.0059647588059306145,0.29673513770103455,0.0627785176038742,-0.37225237488746643,0.14889301359653473,0.08717689663171768,-0.09063207358121872,-0.12003735452890396,-0.18202368915081024,-0.03127758204936981,-0.1723334938287735,-0.24124372005462646,-0.44940289855003357,-0.1323687583208084,-0.41912728548049927,-0.13234907388687134,-0.13405010104179382,0.1223980039358139,-0.020227279514074326,0.008648594841361046,0.025056738406419754,-0.09305842220783234,-0.0067054508253932,-0.0646929070353508,0.30611634254455566,-0.25463545322418213,0.12592890858650208,-0.22947020828723907,0.14809240400791168,-0.5725048780441284,0.1740342080593109,0.05165162682533264,-0.10005839914083481,0.29462894797325134,-0.0052630542777478695,0.025998065248131752,-0.6723645925521851,-0.4226408004760742,0.49573248624801636,-0.21076488494873047,0.4017806053161621,-0.15498754382133484,0.08266150951385498,0.0924658253788948
CID000002617,298,0.8772962689399719,-0.13502797484397888,-0.0471898652613163,0.40576186776161194,-0.46499261260032654,0.3141802251338959,0.0014306247467175126,0.16068923473358154,-0.163059800863266,0.5228826403617859,-0.13389739394187927,-0.08484846353530884,-0.01802174188196659,0.004306897521018982,0.1162395253777504,0.0842163935303688,0.07784028351306915,-0.3245544135570526,0.011274236254394054,-0.5359126329421997,0.18889984488487244,-0.05190802365541458,-0.003084248397499323,-1.0936200618743896,-0.26634863018989563,0.016742317005991936,-0.40980100631713867,0.18911388516426086,0.051533449441194534,0.10737107694149017,0.18079635500907898,0.4510965943336487,0.1110660657286644,0.1371375024318695,0.19349928200244904,0.1511734575033188,0.12618938088417053,0.10081026703119278,0.05276065319776535,0.09438358247280121,-0.11898751556873322,0.12425466626882553,0.2944565415382385,-0.18159198760986328,0.13914754986763,0.19740411639213562,0.08188985288143158,0.012989381328225136,0.14620117843151093,0.9081451296806335,0.6559971570968628,0.22023940086364746,0.06793154776096344,-0.038944996893405914,-0.05658602714538574,-0.2087896764278412,0.3021825850009918,0.3024827837944031,0.3446961045265198,-0.03492588549852371,-0.10925193876028061,-0.31201696395874023,-0.14635613560676575,-0.011629747226834297,-0.022936353459954262,0.8460566401481628,0.01416626013815403,-0.13294067978858948,0.17368614673614502,0.2730753421783447,0.06749284267425537,-0.09910615533590317,-0.08878375589847565,-0.3013802170753479,-0.04949923977255821,0.6617506742477417,0.09475504606962204,-0.20279185473918915,-0.06469734013080597,0.16376519203186035,0.023351022973656654,-0.4250744879245758,-0.30122825503349304,-0.16284510493278503,0.16284266114234924,-0.2361229956150055,0.1648329347372055,-0.04820602759718895,-0.2408752143383026,-1.1516495943069458,-0.08109579980373383,0.5435188412666321,-0.1652967929840088,-0.06118820235133171,0.0978347510099411,-0.1579359620809555,0.31847652792930603,0.0553102120757103,0.12079012393951416,0.5223883390426636,0.187768816947937,0.07139953970909119,0.036088161170482635,0.24846486747264862,-0.7028095126152039,0.06187828630208969,0.1894860565662384,-0.025903891772031784,0.4032476842403412,0.346671462059021,-0.1278226226568222,0.17747469246387482,0.09687408059835434,-0.32507795095443726,0.27254313230514526,0.03058161959052086,-0.5027539134025574,-0.0591750368475914,-0.09180421382188797,-0.27627384662628174,1.1211278438568115,-0.3117184042930603,-0.13762544095516205,0.0889810100197792,-0.01570293866097927,0.11634509265422821,0.08875108510255814,-0.1336473524570465,-0.09371338784694672,0.035353947430849075,-0.17982296645641327,-0.8612712621688843,-0.42644649744033813,0.5997601747512817,0.283460408449173,0.1962088942527771,0.09235270321369171,0.13753840327262878,0.21469731628894806,-0.5157044529914856,-0.28555595874786377,0.05576934665441513,0.020118379965424538,0.22204260528087616,0.015402019023895264,0.18444404006004333,-0.152128666639328,0.9913344383239746,-0.1026914119720459,0.06382233649492264,0.033459730446338654,-0.7778452038764954,0.29496413469314575,0.18677492439746857,-0.39152827858924866,-0.03504590317606926,-0.009192499332129955,-0.16950705647468567,0.0006856173276901245,0.4332965910434723,0.05730166286230087,-0.0037888051010668278,-0.015778278931975365,0.12291824817657471,-0.13933393359184265,-0.15919765830039978,-0.1420983374118805,0.16849695146083832,-0.2796087861061096,0.06298453360795975,0.2494012415409088,-0.2088729441165924,-0.18659500777721405,-0.15505404770374298,-0.03867461159825325,0.014458151534199715,-0.13390536606311798,0.08063410967588425,0.7900727391242981,-0.38711875677108765,-0.277557909488678,0.002113300608471036,-0.0877726823091507,-0.1767922043800354,0.2459498941898346,0.2075735628604889,-0.38498759269714355,0.07285947352647781,0.1650269329547882,-0.4253421723842621,-0.0043249959126114845,0.04040373116731644,-0.03620542213320732,-0.25927451252937317,0.0007692634826526046,-0.3758275508880615,0.32863911986351013,-0.3545905649662018,0.04564348980784416,0.056435585021972656,-0.3311794698238373,-0.22247812151908875,1.4101741313934326,-0.7644190192222595,-0.2154962569475174,0.2946338653564453,-0.01043916679918766,-0.034929148852825165,0.7150248289108276,0.5089060664176941,0.49970394372940063,0.1744488924741745,-0.26223745942115784,0.31080904603004456,0.015167236328125,-0.5383089184761047,-0.06334631145000458,0.2206268012523651,-0.24370241165161133,-0.2509010136127472,-0.015098148956894875,-0.14001771807670593,-0.02980942651629448,-0.2534506916999817,0.012978876009583473,0.12938661873340607,-0.021974293515086174,0.06836292892694473,-0.11237742751836777,0.023809192702174187,0.0022069006226956844,0.2643267512321472,-0.3864007294178009,0.16046862304210663,0.13355574011802673,-0.0429404154419899,1.1159522533416748,-0.4189775586128235,-0.09763850271701813,-0.07713065296411514,-0.08824536949396133,-0.5689992904663086,0.1206524595618248,0.04022468999028206,-0.5168153047561646,0.03866705670952797,0.12744596600532532,0.4648182988166809,-0.8781445622444153,-0.022657979279756546,0.007254892494529486,-0.2709507942199707,0.13789504766464233,-0.009907347150146961,0.07037928700447083,0.019027268514037132
CID000054688,299,0.2711321711540222,0.1754951775074005,-0.0028522491920739412,0.541750431060791,-0.5377334952354431,0.28340619802474976,-0.13714398443698883,0.1413726806640625,-0.0009706631535664201,0.5342857837677002,-0.02056695520877838,-0.040361665189266205,-0.22467251121997833,0.48242226243019104,-0.1447257101535797,-0.0021806657314300537,-0.050785500556230545,-0.2824280560016632,0.315473735332489,-0.42640265822410583,0.11615045368671417,0.05054584890604019,-0.10125613212585449,-0.8032463192939758,-0.01140587218105793,-0.0875057727098465,-0.2868981957435608,-0.2153194695711136,0.2468482255935669,0.0014168977504596114,-0.29608145356178284,0.19767963886260986,0.06646145135164261,0.19973966479301453,-0.13727658987045288,0.02874605730175972,0.13485530018806458,0.1358546018600464,-0.10325243324041367,-0.19856266677379608,-0.10126129537820816,-0.08321019262075424,-0.027248162776231766,0.016083411872386932,-0.2919667363166809,0.060374535620212555,-0.10333617031574249,-0.039279114454984665,0.06180732697248459,0.2460077702999115,0.39784690737724304,0.006281518843024969,-0.20225107669830322,0.10434931516647339,0.13685747981071472,-0.15382489562034607,0.27653929591178894,0.05273272842168808,0.2723892629146576,-0.023562973365187645,-0.09077700972557068,-0.40106135606765747,0.012188402935862541,-0.19819024205207825,0.03533507138490677,0.8979307413101196,-0.18695537745952606,0.2678021490573883,0.17236444354057312,0.40672945976257324,0.018591556698083878,-0.03698468953371048,-0.29077857732772827,-0.5797086954116821,-0.10563147068023682,0.2457442581653595,0.06360821425914764,-0.15839140117168427,-0.127410426735878,-0.1001860648393631,-0.2929997146129608,-0.13766160607337952,-0.2605833411216736,0.2040531188249588,0.1254502385854721,-0.4048558175563812,0.04520709067583084,0.0036198110319674015,0.11235203593969345,-0.8655378222465515,0.065557561814785,0.31525149941444397,0.15123148262500763,-0.18064865469932556,0.20309607684612274,-0.4257436692714691,-0.22016605734825134,0.07117614895105362,-0.10324964672327042,0.18004994094371796,-0.18102140724658966,-0.025586629286408424,0.0939023345708847,0.26409149169921875,-0.2445133626461029,-0.0031862228643149137,0.023084888234734535,-0.012972730211913586,0.17533309757709503,-0.08830391615629196,-0.1920546591281891,0.22963222861289978,-0.007854187861084938,-0.45664626359939575,-0.28280553221702576,0.2773732542991638,-0.4342273771762848,-0.04872582480311394,-0.15681453049182892,-0.049255095422267914,0.695048987865448,-0.09550370275974274,0.19825869798660278,0.24569663405418396,-0.32007896900177,0.577642560005188,-0.0659269466996193,-0.1872844249010086,0.15357010066509247,-0.286607563495636,0.06776922196149826,-0.46861743927001953,-0.4486929774284363,0.11898274719715118,0.23946647346019745,0.2527860105037689,-0.04627872630953789,0.5467904806137085,0.01745758019387722,-0.18272921442985535,0.0569700188934803,0.5482594966888428,0.12431152164936066,-0.17517982423305511,0.11298087984323502,0.0856894850730896,-0.34812912344932556,0.5802557468414307,-0.11523468792438507,0.05959697440266609,-0.1514711230993271,-0.4875458776950836,0.0213337242603302,0.08244284242391586,-0.12859347462654114,-0.22668877243995667,0.00040758849354460835,-0.2131636142730713,0.17192114889621735,0.28023838996887207,0.036208994686603546,0.0005020663375034928,-0.03585486486554146,-0.01354528684169054,-0.24542327225208282,-0.12426052242517471,0.15092334151268005,-0.10535664856433868,-0.05139005929231644,0.2200464904308319,0.18327391147613525,-0.038619689643383026,-0.2542349100112915,0.0834290012717247,-0.05934808403253555,0.08272741734981537,-0.09955261647701263,-0.1725560575723648,0.46955353021621704,0.016597529873251915,-0.3407665193080902,0.04771079123020172,-0.1358186900615692,-0.26607248187065125,0.18904995918273926,0.23261937499046326,-0.09262286126613617,-0.02229883335530758,0.1630188524723053,-0.4990062713623047,0.02074521593749523,0.056269608438014984,-0.018980491906404495,0.009917332790791988,0.2874469459056854,0.08055262267589569,0.16140814125537872,-0.20216993987560272,0.05988980457186699,0.13579495251178741,-0.24925073981285095,-0.5640888810157776,0.1750301718711853,-0.23657996952533722,0.009002255275845528,0.2478296458721161,-0.14663033187389374,-0.036671124398708344,0.8994191288948059,0.5355034470558167,0.29341357946395874,0.18516024947166443,-0.10726363956928253,0.33055606484413147,-0.03285599872469902,-0.18339958786964417,0.3258953094482422,0.15615272521972656,0.28690075874328613,0.06857673823833466,-0.07359591871500015,0.04131876677274704,0.19533728063106537,-0.22976145148277283,-0.44600310921669006,-0.09288576245307922,0.20443721115589142,-0.07865332812070847,-0.12183088064193726,0.028165707364678383,0.08868764340877533,0.598213791847229,-0.09307873249053955,0.0411221906542778,-0.0632532387971878,0.01915154419839382,0.795499324798584,-0.519868791103363,0.0950116366147995,-0.11858173459768295,0.10930567979812622,-0.29808950424194336,-0.2404976636171341,0.3057533800601959,-0.27421969175338745,-0.07521230727434158,0.14734962582588196,-0.10914914309978485,-0.6433723568916321,-0.22800786793231964,0.20890097320079803,-0.16609397530555725,0.2061607837677002,-0.47962862253189087,0.06814315170049667,0.09987720102071762
CID000004614,300,0.14536282420158386,-0.06506051123142242,0.04977164417505264,0.26611948013305664,-0.4709959924221039,0.03418336063623428,0.30586451292037964,0.32830867171287537,-0.12355382740497589,0.25491413474082947,0.08781691640615463,0.12813064455986023,0.027450641617178917,0.08561623841524124,-0.21115776896476746,-0.029766017571091652,-0.1117473840713501,-0.10200418531894684,0.09855502098798752,-0.4156712591648102,0.06824062019586563,-0.23323242366313934,0.15134675800800323,-0.7573651075363159,0.15227004885673523,0.14149942994117737,-0.1179155707359314,0.025854218751192093,-0.04927055537700653,0.13180062174797058,0.029608219861984253,0.17093120515346527,0.10441319644451141,0.050800926983356476,0.06941191107034683,-0.15416233241558075,0.1778697371482849,0.11599457263946533,0.20055370032787323,0.003762137843295932,-0.06422340124845505,-0.33681195974349976,0.15963593125343323,-0.16805768013000488,-0.1940937042236328,0.3740961253643036,0.07625375688076019,-0.012769925408065319,0.09097926318645477,0.07120619714260101,0.1921936273574829,0.0569758303463459,-0.24445971846580505,0.01866741105914116,0.11134985834360123,-0.05822663754224777,0.09149917960166931,0.17797985672950745,0.010914710350334644,0.04182225465774536,-0.2599514126777649,-0.3230525851249695,0.09381579607725143,-0.04666939750313759,0.2653464674949646,0.3069070279598236,-0.24069395661354065,-0.1716979444026947,0.28803104162216187,0.17381452023983002,0.049468543380498886,-0.07119575887918472,-0.31397393345832825,-0.42619723081588745,-0.1763254702091217,0.09561692923307419,0.08490975201129913,0.13153834640979767,0.004198691342025995,-0.17829464375972748,-0.03486008569598198,-0.7082099914550781,-0.2715078890323639,0.2560545802116394,0.01697126403450966,-0.07298378646373749,0.18616695702075958,0.01726377010345459,-0.047633714973926544,-0.621915876865387,-0.10927452892065048,0.18098583817481995,0.00764669943600893,-0.04255969449877739,0.06385300308465958,-0.22623829543590546,-0.29105064272880554,0.024579310789704323,-0.3169400095939636,0.0794183760881424,-0.1183413714170456,0.06325481086969376,0.014240443706512451,0.38237664103507996,0.23525580763816833,-0.02114921249449253,-0.2190612256526947,0.2292962521314621,0.41211408376693726,-0.25237080454826355,-0.07068584859371185,0.1277497112751007,0.0002689458488021046,-0.03031194768846035,0.055092524737119675,0.1464988738298416,-0.004832332022488117,-0.034899137914180756,-0.10169708728790283,0.22846047580242157,0.5541172027587891,-0.15018092095851898,0.25164151191711426,0.18259713053703308,-0.021314699202775955,0.16888581216335297,0.0057150512002408504,-0.010720783844590187,0.2306016981601715,0.012602957896888256,0.21607795357704163,-0.5358896851539612,-0.47779789566993713,0.12955600023269653,0.2232949286699295,-0.1810360848903656,-0.22434034943580627,0.307561457157135,-0.06286098808050156,-0.25881505012512207,-0.23150673508644104,0.17166081070899963,0.01639428734779358,-0.08437763154506683,-0.022425096482038498,0.1963200867176056,-0.08164571225643158,0.26890093088150024,-0.07660746574401855,0.17480549216270447,0.15739811956882477,-0.18305686116218567,-0.11981938034296036,0.2868413031101227,-0.3209521472454071,-0.11350016295909882,-0.046090297400951385,-0.049109719693660736,-0.03407035768032074,0.19687482714653015,-0.10738123953342438,-0.0018029212951660156,-0.02439899370074272,0.03504867106676102,-0.1334182322025299,-0.0563867911696434,-0.18937982618808746,0.24581460654735565,0.0007737278938293457,0.21202707290649414,0.027814794331789017,-0.17305561900138855,-0.1968878209590912,-0.22621087729930878,0.04758602753281593,-0.07067567855119705,0.2309025526046753,-0.1877596378326416,0.3040165603160858,0.04580876976251602,0.22200489044189453,0.02999361790716648,-0.1032855287194252,-0.1977267563343048,0.07147102057933807,0.23672524094581604,-0.08936089277267456,-0.06128131225705147,-0.18344064056873322,-0.25084102153778076,-0.09919148683547974,0.07738085091114044,0.32654327154159546,0.11665306985378265,0.1393481194972992,-0.15888077020645142,0.1112685576081276,-0.03598992899060249,0.14775876700878143,0.03793783858418465,0.12085342407226562,-0.40214866399765015,0.06374917179346085,-0.2260095328092575,-0.1163770779967308,-0.168397456407547,-0.14742329716682434,0.10469897836446762,-0.05621231719851494,0.30226171016693115,0.31606587767601013,0.331982284784317,0.3203969895839691,0.18214614689350128,-0.021544937044382095,-0.07602842152118683,-0.20239515602588654,0.09485892951488495,0.10261726379394531,-0.005270826630294323,-0.010354280471801758,-0.12177058309316635,-0.003894758177921176,-0.18298040330410004,-0.11722937971353531,-0.0034803389571607113,0.24228623509407043,0.00814877636730671,0.09381314367055893,-0.032182179391384125,-0.046020518988370895,-0.1314612329006195,0.22679278254508972,-0.01603984460234642,-0.21565870940685272,-0.11710336059331894,0.2918562591075897,-0.431352436542511,0.09857136756181717,-0.08439530432224274,0.08271363377571106,-0.3505018353462219,0.21866066753864288,0.4106852412223816,0.03695458918809891,-0.040857575833797455,0.0582958459854126,0.08458135277032852,-0.6401330828666687,-0.13941416144371033,0.2915719449520111,-0.4269615113735199,0.07769887149333954,-0.3735455572605133,0.06503193825483322,0.036731451749801636
CID000005544,301,0.16264614462852478,0.055945564061403275,0.03382820636034012,0.5507285594940186,-0.22194106876850128,0.24894192814826965,0.15606889128684998,0.17211969196796417,0.03684045746922493,0.2332112044095993,0.11431429535150528,-0.21326963603496552,-0.2641478478908539,0.38500744104385376,-0.013911591842770576,-0.09854255616664886,0.04606866464018822,-0.10321402549743652,0.07200371474027634,-0.48271965980529785,0.10020750761032104,-0.17065663635730743,-0.12482202053070068,-0.6974901556968689,-0.28077685832977295,0.18454867601394653,-0.3576172888278961,-0.12754522264003754,0.0049042166210711,-0.013551229611039162,0.07221988588571548,0.535849392414093,0.08641614019870758,-0.22452060878276825,0.012485301122069359,-0.07820669561624527,0.33728283643722534,-0.19021964073181152,0.25876516103744507,-0.03245210275053978,-0.07772248983383179,0.24800200760364532,0.4439104199409485,-0.14827686548233032,-0.34399425983428955,0.14526847004890442,-0.01762007735669613,0.029233183711767197,0.12955093383789062,0.17359134554862976,0.590749204158783,-0.08910315483808517,-0.4438769221305847,0.1791081577539444,-0.04555156081914902,-0.42492184042930603,0.07554628700017929,-0.10021784156560898,0.04406270384788513,-0.021902073174715042,0.02060186304152012,-0.23790845274925232,-0.024349693208932877,-0.19031327962875366,0.4550080895423889,0.5330573320388794,-0.01875944808125496,0.034333694726228714,0.2676616907119751,0.4221133291721344,-0.007350207772105932,0.12845417857170105,-0.2552340626716614,-0.38952428102493286,-0.5834059715270996,0.08629579842090607,0.055483829230070114,-0.08673755079507828,-0.14194221794605255,0.17707058787345886,-0.04747758060693741,-0.32006579637527466,-0.44082775712013245,-0.05510784313082695,0.043240342289209366,-0.05880289152264595,-0.10846732556819916,0.30493050813674927,-0.08615158498287201,-1.2071925401687622,0.08238857984542847,0.21385088562965393,-0.0036685646045953035,-0.2687568962574005,0.06275685131549835,-0.5842780470848083,0.060890763998031616,-0.04013529419898987,-0.03568720072507858,0.09917066991329193,-0.017438825219869614,0.1173086017370224,0.03475848585367203,0.5131658315658569,-0.04096170514822006,-0.04559466242790222,-0.44370144605636597,0.16055500507354736,0.28092068433761597,-0.14663134515285492,0.07383908331394196,0.12144533544778824,-0.02732093073427677,-0.17497272789478302,0.04335072636604309,0.10290167480707169,-0.21396836638450623,-0.059227705001831055,0.017424022778868675,0.1465231329202652,0.6938813924789429,-0.29205843806266785,0.04488305002450943,0.05737757682800293,-0.03577367588877678,0.04236336424946785,0.14585791528224945,-0.03366992995142937,0.2727222442626953,0.02237263321876526,0.17536088824272156,-0.4195336401462555,-0.3954731822013855,0.5138640403747559,0.04640249162912369,0.4208812713623047,-0.013861778192222118,0.12410087883472443,-0.20847265422344208,-0.031624935567379,0.005555480718612671,0.3225436806678772,-0.04093968868255615,-0.1687503308057785,-0.01786235347390175,-0.07223467528820038,-0.009003931656479836,0.41874557733535767,-0.2254345715045929,-0.07159434258937836,-0.14866392314434052,-0.5005925893783569,0.26659274101257324,-0.03275330364704132,-0.3848748505115509,0.1130768433213234,-0.02583426795899868,-0.19372394680976868,-0.04839441925287247,0.46949586272239685,0.04960247129201889,0.19598206877708435,-0.1638634204864502,-0.12723015248775482,-0.3737879991531372,-0.1969091296195984,0.3082790970802307,0.07005762308835983,-0.029050663113594055,0.07331124693155289,0.40487027168273926,-0.21037808060646057,-0.2811134457588196,-0.06276718527078629,-0.08225279301404953,0.034381553530693054,0.10356684029102325,-0.10120604187250137,0.2818746566772461,0.19205868244171143,-0.11573056131601334,0.13311907649040222,0.03754638135433197,-0.35891711711883545,0.2940751910209656,-0.14003805816173553,-0.18639585375785828,0.11437620967626572,0.3068394660949707,-0.3597419559955597,-0.06202546879649162,0.09941120445728302,0.11522635072469711,-0.023712197318673134,0.07048877328634262,0.04144228249788284,0.24359390139579773,-0.44936642050743103,0.015929657965898514,-0.07026861608028412,-0.011948329396545887,-0.4418920576572418,-0.10968323051929474,-0.35626286268234253,-0.11454643309116364,-0.037771571427583694,-0.1560661494731903,-0.22108788788318634,0.3984947204589844,0.6386696696281433,0.36332499980926514,0.024589259177446365,0.24775362014770508,-0.0579565055668354,0.10652650892734528,-0.05296586826443672,0.17712901532649994,-0.22862739861011505,0.04471341148018837,-0.07173913717269897,-0.12962868809700012,0.20030999183654785,-0.03355717658996582,-0.4553252160549164,-0.04162062704563141,-0.15634453296661377,0.043174758553504944,-0.2322581559419632,-0.12781566381454468,0.06634783744812012,-0.07553606480360031,0.31856343150138855,0.1498822718858719,-0.0022014298010617495,-0.3550461232662201,-0.03133772686123848,0.4476139545440674,-0.6493452787399292,-0.042123548686504364,-0.14542654156684875,0.1037173718214035,-0.5071144104003906,0.08397985994815826,0.23521585762500763,-0.0009565994259901345,0.026693418622016907,0.1119752749800682,-0.17987342178821564,-0.6438612937927246,-0.06571003794670105,0.11205700784921646,-0.15579943358898163,-0.0008815565379336476,-0.17865584790706635,-0.20454111695289612,0.0524730384349823
CID000002907,302,0.23450593650341034,-0.1473310887813568,0.09511642903089523,0.40378284454345703,-0.5303265452384949,0.006749850697815418,0.21502992510795593,0.18670521676540375,-0.2340230643749237,0.2742062211036682,0.1457558572292328,-0.057274676859378815,-0.08537909388542175,-0.028377866372466087,-0.03518644720315933,0.051873426884412766,-0.11906163394451141,-0.18585656583309174,0.03549002483487129,-0.4596916735172272,-0.06370805948972702,-0.26590102910995483,-0.005555754993110895,-0.7279354929924011,0.009646761231124401,0.15097405016422272,-0.08391198515892029,-0.017843566834926605,-0.032023169100284576,0.05406457185745239,-0.05070797726511955,0.21570372581481934,0.124759241938591,0.033679235726594925,0.012383528053760529,-0.0659874901175499,0.15188612043857574,0.1715475469827652,0.13089120388031006,-0.07310637086629868,-0.015312090516090393,-0.08959688246250153,0.06263292580842972,-0.22307617962360382,-0.2560650706291199,0.3083696961402893,0.014387384057044983,-0.06908533722162247,0.19271428883075714,0.10736210644245148,0.3526931405067444,-0.06222481653094292,-0.25007691979408264,0.06292061507701874,0.11325044929981232,-0.183999702334404,0.14729700982570648,0.1540025919675827,0.29877591133117676,0.23647359013557434,-0.22701828181743622,-0.3027888536453247,-0.2088303118944168,-0.10757193714380264,0.12393800169229507,0.14424292743206024,-0.1872674524784088,-0.16230139136314392,0.21166174113750458,0.24870142340660095,0.23737125098705292,0.06609632819890976,-0.37301650643348694,-0.4253007471561432,-0.19259068369865417,0.12768378853797913,0.1649211049079895,-0.1575106680393219,0.0980004221200943,-0.18429912626743317,0.19682174921035767,-0.6325766444206238,-0.2705327868461609,0.17568449676036835,0.030079435557127,0.12822578847408295,0.25591281056404114,0.11042578518390656,0.15620607137680054,-0.5473447442054749,-0.03810197860002518,0.2288210093975067,-0.045316748321056366,0.019828373566269875,0.0701863169670105,-0.21932558715343475,-0.15476182103157043,-0.15082032978534698,0.08441939949989319,0.2544485926628113,-0.017334407195448875,0.04242592304944992,-0.0939091295003891,0.3118475079536438,0.2754315733909607,0.043900199234485626,0.05815289169549942,0.14311885833740234,0.4681099057197571,-0.1647324115037918,-0.07901817560195923,0.16784152388572693,-0.00610004086047411,-0.18076547980308533,-0.10967401415109634,0.28536635637283325,-0.16071107983589172,-0.3306473195552826,0.008622783236205578,0.1374788135290146,0.6465194225311279,-0.3245205283164978,0.23173868656158447,0.1321217119693756,0.08711779862642288,0.082829549908638,-0.007472091820091009,-0.07148876041173935,0.11424116790294647,-0.011836563237011433,0.18935075402259827,-0.5458775162696838,-0.49694791436195374,0.08675141632556915,0.26650387048721313,-0.05275065824389458,-0.2638542056083679,0.08268586546182632,-0.07535101473331451,-0.1302112638950348,-0.1859569400548935,0.032745860517024994,0.05801314115524292,-0.06749136745929718,-0.15026919543743134,0.08873201906681061,0.06549740582704544,0.40978923439979553,-0.03258191794157028,0.12632642686367035,-0.14474007487297058,-0.38569602370262146,-0.1282547116279602,0.34954243898391724,-0.2728930115699768,0.1488002985715866,-0.11105585098266602,-0.1028275266289711,-0.05269814655184746,0.1384994089603424,-0.14383001625537872,-0.07800105959177017,-0.14337196946144104,0.17748808860778809,-0.13610771298408508,0.04862553998827934,-0.016371572390198708,0.3442385196685791,0.15449506044387817,0.2480059415102005,-0.05387384817004204,-0.12001216411590576,-0.21919465065002441,-0.22366607189178467,-0.07638592272996902,-0.03813830018043518,0.21982017159461975,-0.09599325805902481,0.3517160713672638,0.06061312556266785,0.27463528513908386,0.15870949625968933,-0.039723433554172516,-0.22528548538684845,0.1029491052031517,0.1566227376461029,0.023673687130212784,-0.26798900961875916,-0.18487156927585602,-0.26713651418685913,0.04469028860330582,0.08854156732559204,0.2386915385723114,-0.24234075844287872,0.0514000840485096,-0.1782335788011551,0.09340908378362656,-0.05089666321873665,-0.156896710395813,-0.01708545722067356,-0.02942681312561035,-0.39865684509277344,0.044864196330308914,-0.281560480594635,-0.17565110325813293,-0.004559743218123913,-0.07609748840332031,0.1635524183511734,-0.06873677670955658,0.46930915117263794,0.3247406482696533,0.17816026508808136,0.29421815276145935,0.020465796813368797,0.06832531839609146,-0.1953572928905487,-0.04794176667928696,0.3809504210948944,0.16449807584285736,0.060100115835666656,-0.018586035817861557,0.038723669946193695,0.1498105525970459,-0.24065259099006653,0.022947657853364944,-0.27424222230911255,-0.12628893554210663,0.009485919959843159,0.04201274365186691,-0.053072117269039154,0.044510047882795334,0.18473388254642487,0.29118770360946655,-0.007319469936192036,0.08410968631505966,-0.08346728980541229,0.47670117020606995,-0.40743178129196167,0.07441654801368713,-0.17258679866790771,0.09776972979307175,-0.26510292291641235,-0.10851230472326279,0.44681763648986816,-0.1701301783323288,0.2725178599357605,0.09016306698322296,0.18819139897823334,-0.7168542146682739,-0.017179545015096664,0.19606369733810425,-0.2806190252304077,0.009075266309082508,-0.3160301148891449,0.007959363050758839,-0.0726272463798523
CID000003652,303,0.23489181697368622,-0.08804969489574432,0.0904354527592659,0.41217535734176636,-0.3993608057498932,0.051867078989744186,0.23889534175395966,0.18399594724178314,0.05491311475634575,0.20476031303405762,0.3086271584033966,-0.09621988236904144,-0.15817700326442719,0.2470378875732422,-0.0019078671466559172,-0.1419946551322937,-0.08363248407840729,-0.11652884632349014,0.0033321441151201725,-0.6258655786514282,-0.06797333061695099,-0.12591226398944855,-0.2204241305589676,-0.6707601547241211,0.0779954046010971,-0.010958440601825714,-0.012290251441299915,-0.06980954855680466,-0.00453295698389411,0.1426483690738678,0.15152336657047272,0.2670327126979828,0.2042679488658905,-0.1774311512708664,0.10439369827508926,-0.2937253415584564,0.22595910727977753,0.04859594255685806,0.2695648670196533,-0.2216673344373703,-0.18299436569213867,-0.0015355348587036133,0.36806198954582214,-0.16241055727005005,-0.04782335087656975,0.28486350178718567,0.10351178795099258,0.07970555126667023,0.10279171168804169,0.011657590977847576,0.49495530128479004,0.19151726365089417,-0.2267521321773529,-0.08573450148105621,-0.04715116322040558,0.03397374600172043,-0.07030199468135834,0.23089942336082458,0.05994460731744766,0.23355324566364288,-0.3056492805480957,-0.2595028579235077,-0.07624863088130951,-0.044151611626148224,0.13208229839801788,0.35321205854415894,-0.2047109305858612,-0.09397339075803757,0.21119537949562073,-0.2063799649477005,0.08446434140205383,-0.08303797245025635,-0.510506272315979,-0.3695383667945862,-0.32734793424606323,-0.050382912158966064,0.03605609014630318,0.1271665096282959,-0.14046093821525574,-0.2149120271205902,0.28331825137138367,-0.5698797106742859,-0.41426950693130493,0.07600046694278717,0.08283873647451401,0.169247567653656,0.14456939697265625,0.13014452159404755,-0.4044913351535797,-0.6505060791969299,-0.08736308664083481,0.06537020206451416,0.018153876066207886,0.1276797205209732,0.0006715059280395508,-0.259225994348526,-0.0982809066772461,-0.12107110023498535,0.07847197353839874,0.5910090804100037,0.05025774985551834,0.11108092218637466,-0.0014698707964271307,0.19765432178974152,0.33188727498054504,0.13706818222999573,-0.4941116273403168,-0.03214741870760918,0.5665309429168701,-0.12577228248119354,-0.03581400215625763,0.2670991122722626,-0.044076599180698395,-0.330745667219162,0.1348952054977417,0.22463485598564148,-0.09426680952310562,0.015581125393509865,-0.14787784218788147,0.12906135618686676,0.7116900682449341,-0.21322615444660187,0.06157248094677925,0.13296882808208466,-0.0031681961845606565,0.2660655081272125,-0.17053818702697754,0.09386863559484482,0.26732635498046875,0.03968081995844841,0.2658178508281708,-0.4535657465457916,-0.2752852141857147,-0.02667311206459999,0.3503772020339966,0.011266989633440971,-0.09060384333133698,0.10896755754947662,-0.23267889022827148,-0.2790311872959137,-0.21968905627727509,0.29543405771255493,0.1038825660943985,-0.13514640927314758,-0.03479210287332535,0.17364880442619324,0.003170102834701538,0.42824429273605347,0.09639465808868408,0.1632397174835205,-0.10939303785562515,-0.3510856330394745,0.057295165956020355,0.18320773541927338,-0.2214328795671463,-0.17604278028011322,-0.05192236974835396,-0.08330587297677994,-0.0851593166589737,0.21086028218269348,-0.18745312094688416,0.11082310974597931,0.04512469097971916,-0.28405630588531494,-0.12617602944374084,-0.2565340995788574,-0.034085460007190704,0.26807206869125366,-0.20303022861480713,0.20975451171398163,0.16199883818626404,-0.12363240867853165,-0.1451922059059143,-0.10666006803512573,0.10375511646270752,0.031387798488140106,0.07824693620204926,-0.23964285850524902,0.6099573969841003,-0.10869798809289932,-0.016781261190772057,-0.03111928142607212,-0.08835595846176147,-0.20142975449562073,0.42428770661354065,0.2828710675239563,-0.4378674626350403,-0.2227516621351242,-0.09792766720056534,-0.2734675109386444,0.007944810204207897,0.026968806982040405,0.06680383533239365,-0.08865020424127579,0.017663080245256424,-0.2614898085594177,-0.03691458702087402,0.21620425581932068,0.045163702219724655,0.023261506110429764,0.29624196887016296,-0.2855087220668793,-0.025603443384170532,-0.3178083300590515,0.07911386340856552,-0.14435206353664398,-0.16010285913944244,0.005875146482139826,0.09284276515245438,0.4012199342250824,0.43092066049575806,0.13587459921836853,0.10206875950098038,0.044317156076431274,-0.09861744940280914,-0.37085679173469543,-0.4106467366218567,0.14684781432151794,0.03628557175397873,0.002771484898403287,-0.08144271373748779,-0.27432212233543396,0.0019401907920837402,-0.2393479347229004,-0.1346013844013214,-0.09784135967493057,-0.11755070835351944,-0.02883191779255867,-0.026770129799842834,0.20181992650032043,0.026676928624510765,0.20535025000572205,0.34228211641311646,0.025706350803375244,-0.3621104955673218,0.20774038136005402,0.43588680028915405,-0.5499878525733948,0.10017146915197372,-0.2108268290758133,0.04481280967593193,-0.40429258346557617,0.24103620648384094,0.2739962935447693,-0.050230227410793304,-0.1310882568359375,0.1252872496843338,0.06253083795309067,-0.7228050827980042,-0.18685272336006165,0.20478852093219757,-0.1205090656876564,0.06081005185842514,-0.3683035671710968,-0.009049486368894577,-0.05075543001294136
CID000002153,304,0.05847848206758499,-0.16761939227581024,0.30961742997169495,0.38123613595962524,-0.6092524528503418,-0.03303353488445282,0.07875193655490875,0.3727666735649109,-0.23027047514915466,0.440518856048584,0.341325044631958,-0.3564686179161072,-0.09659178555011749,0.24351704120635986,0.1413862705230713,0.1317029595375061,-0.015044957399368286,0.025331908836960793,-0.14994746446609497,-0.5679756999015808,-0.10217954218387604,-0.04257193207740784,0.07849930226802826,-0.6911309957504272,-0.43840256333351135,0.022866010665893555,-0.15113386511802673,-0.10760559141635895,-0.18319152295589447,0.38821941614151,-0.13479748368263245,0.10511478036642075,0.2842065691947937,0.1427779644727707,-0.0219605453312397,0.17455756664276123,0.17722800374031067,0.4426608085632324,-0.08294489979743958,-0.39378705620765686,0.4713069796562195,-0.11695042997598648,0.1189555674791336,-0.24824579060077667,-0.27503982186317444,0.13860493898391724,0.029811952263116837,-0.05191504955291748,-0.06225311756134033,-0.03413625806570053,0.4528028964996338,-0.139705091714859,-0.21502694487571716,0.01391950249671936,-0.0014221161836758256,-0.0338582769036293,0.22161607444286346,0.32786986231803894,0.4532559812068939,-0.06180553510785103,-0.36532318592071533,-0.21321812272071838,-0.08318829536437988,-0.3767547011375427,0.43175095319747925,0.3492159843444824,-0.0672353059053421,-0.0001812234550016001,0.0038270503282546997,0.03223997354507446,0.03232076019048691,-0.07021192461252213,-0.27424687147140503,-0.46423640847206116,0.03692706301808357,0.3768971264362335,-0.11812913417816162,-0.20112571120262146,-0.07957728207111359,0.025087911635637283,0.01600748300552368,-0.27016276121139526,-0.38668376207351685,-0.4668258726596832,0.10488159954547882,0.021872567012906075,0.2119952142238617,0.19704487919807434,-0.10849052667617798,-0.6751595735549927,-0.07124331593513489,0.2596019506454468,-0.19319424033164978,0.23761460185050964,-0.023954158648848534,-0.3151698708534241,-0.30527088046073914,-0.17922711372375488,-0.038485996425151825,0.21208727359771729,-0.22641916573047638,0.13369062542915344,-0.004764390178024769,0.21092906594276428,0.09305380284786224,-0.06924579292535782,-0.3578108251094818,-0.30719006061553955,0.43556270003318787,-0.010502818040549755,-0.22612635791301727,0.14888295531272888,-0.050680868327617645,-0.19981583952903748,0.22905027866363525,0.3915506601333618,0.027896201238036156,-0.24030156433582306,-0.11179780960083008,0.2351522445678711,0.6006104946136475,-0.20639745891094208,0.21503612399101257,0.3410009443759918,-0.25780943036079407,0.31137335300445557,0.017553824931383133,-0.31236883997917175,0.13619136810302734,0.11262401193380356,0.37959685921669006,-0.6066498756408691,-0.4071776866912842,0.08575747907161713,0.2037467062473297,0.1979970484972,-0.19209827482700348,0.15125197172164917,-0.32800447940826416,-0.06269720941781998,-0.11948094516992569,0.14989987015724182,-0.10410761833190918,0.03456107899546623,-0.06803054362535477,0.22655832767486572,0.1350373923778534,0.4269716143608093,0.29259079694747925,0.06170066073536873,0.13904966413974762,-0.46690741181373596,0.3836107850074768,0.11529411375522614,0.03745406121015549,-0.11231718212366104,0.03452590852975845,-0.40836960077285767,0.173785999417305,0.0174727700650692,-0.19286462664604187,-0.054176319390535355,0.004723155405372381,0.2009493112564087,-0.2575586140155792,0.23279476165771484,0.01999075338244438,-0.19423525035381317,0.5999197959899902,0.17707043886184692,-0.034327514469623566,-0.22411449253559113,-0.27397406101226807,-0.16535049676895142,0.15162885189056396,-0.3928060531616211,0.023224955424666405,-0.12633073329925537,0.6942505836486816,-0.06527002155780792,-0.14665313065052032,0.07855673879384995,-0.15699245035648346,-0.04278205707669258,0.030985349789261818,0.3713911175727844,-0.03347496688365936,0.12426773458719254,0.15014435350894928,-0.41683587431907654,0.019642729312181473,0.24908757209777832,0.3079976439476013,-0.2164161652326584,0.011717508547008038,-0.12667453289031982,0.20700302720069885,-0.13527819514274597,-0.007431456353515387,0.16459576785564423,0.004625463392585516,-0.3942837715148926,0.062227942049503326,-0.09617690742015839,0.0035985796712338924,0.10922674834728241,-0.06074434518814087,0.1333579570055008,0.6991583704948425,0.4837864935398102,0.46082592010498047,-0.4755357801914215,0.2452501803636551,0.1641778200864792,0.24517957866191864,-0.3321431577205658,-0.11363229900598526,0.2349395453929901,0.06387211382389069,-0.11440002918243408,-0.20123407244682312,-0.25979408621788025,-0.18036086857318878,-0.31415122747421265,-0.22668156027793884,-0.14028964936733246,-0.05242948979139328,-0.16496270895004272,-0.08764230459928513,0.10619690269231796,0.07240167260169983,0.34763869643211365,0.43308836221694946,-0.1272859126329422,-0.2700260281562805,0.2831880450248718,0.4121175706386566,-0.5604283213615417,0.04361649230122566,-0.22851350903511047,0.04886821657419205,-0.3597431778907776,0.2541326582431793,0.09710420668125153,0.04974254220724106,0.2682304084300995,0.11993353068828583,0.029296398162841797,-0.6714531779289246,-0.024692025035619736,0.18848882615566254,0.11900361627340317,0.35484376549720764,-0.18849658966064453,-0.04488890990614891,0.2972342371940613
CID000008953,309,0.4501229226589203,-0.36147254705429077,-0.0024616688024252653,0.5592922568321228,-0.32910120487213135,0.01543717086315155,0.35159027576446533,0.03032565675675869,-0.15757596492767334,0.13864387571811676,0.029277140274643898,-0.7345189452171326,-0.3894354999065399,0.4479084610939026,0.01888132095336914,0.28719577193260193,0.2998632788658142,-0.12980559468269348,0.09821134060621262,-0.7247994542121887,0.4423728883266449,-0.01831124722957611,-0.025434281677007675,-0.7580708265304565,-0.012935285456478596,-0.20453476905822754,0.14295965433120728,-0.13395029306411743,-0.13301965594291687,0.08489476144313812,0.2160601168870926,0.20403411984443665,-0.012504009529948235,-0.09945009648799896,-0.05498809367418289,0.22025251388549805,-0.2857159972190857,0.09556552022695541,-0.16831912100315094,0.07082980126142502,-0.23598432540893555,0.1360476315021515,-0.1652136743068695,-0.005672101862728596,0.2172682285308838,0.3807440400123596,0.23983557522296906,0.08433779329061508,-0.22089023888111115,0.2664008140563965,0.693366527557373,-0.12956389784812927,-0.05443931370973587,0.16351762413978577,0.05375508591532707,-0.046201519668102264,0.5216973423957825,0.12356166541576385,0.8922606706619263,-0.02789425477385521,0.015291780233383179,-0.38115209341049194,-0.007653513457626104,0.017279699444770813,-0.153006449341774,0.8431477546691895,-0.34998613595962524,-0.017209626734256744,0.3520996570587158,0.027684658765792847,-0.3012261390686035,-0.4836726784706116,-0.2069568634033203,-0.23364467918872833,-0.40978938341140747,0.42867279052734375,0.09100129455327988,-0.24857750535011292,-0.03571992367506027,0.10028495639562607,0.4467465281486511,-0.8750710487365723,-0.38241514563560486,0.04816930741071701,-0.019124003127217293,-0.09155581146478653,0.08047141879796982,0.11267343908548355,0.04975954443216324,-0.7216488718986511,0.047479335218667984,-0.05580718070268631,-0.07140908390283585,-0.2710546851158142,0.21447929739952087,-0.021929483860731125,0.008088057860732079,-0.17028014361858368,-0.2897593379020691,0.18423566222190857,-0.37542468309402466,0.14009864628314972,-0.20676091313362122,0.0640440434217453,0.1064821109175682,0.1116097941994667,-0.38670405745506287,0.07500813156366348,0.6818221211433411,0.7183375954627991,-0.021067537367343903,0.2731322646141052,0.6764633059501648,-0.26193293929100037,0.3445731997489929,0.03471263125538826,0.03704344481229782,-0.4202119708061218,0.15687544643878937,0.01679997518658638,1.0919067859649658,-0.08780236542224884,0.2288801670074463,-0.09478894621133804,-0.21092946827411652,0.02216649055480957,0.07265806198120117,0.011487980373203754,0.0783507376909256,0.2512397766113281,0.09207981824874878,-0.8220767974853516,-0.4441147446632385,-0.0007342189783230424,0.28116095066070557,0.357247918844223,0.03571104258298874,0.5016463994979858,-0.1262965202331543,0.029779624193906784,-0.04537394270300865,0.2508200705051422,-0.04456807300448418,0.2049482762813568,0.23598244786262512,-0.01682255230844021,0.03366794437170029,0.9302956461906433,-0.2683904767036438,-0.11981169879436493,0.11385248601436615,-0.715991735458374,-0.09179770946502686,0.19192704558372498,0.06787680089473724,0.03698574751615524,0.05425172299146652,-0.20078012347221375,-0.18044576048851013,0.11194578558206558,-0.024347728118300438,0.06872574985027313,-0.05135180428624153,0.10526762157678604,0.4318917393684387,-0.11371724307537079,-0.039664383977651596,0.17894333600997925,-0.11808278411626816,0.18304303288459778,0.08548913896083832,-0.27083584666252136,0.41927170753479004,-0.4129934310913086,0.24855783581733704,-0.3703828454017639,-0.10389639437198639,-0.39342451095581055,0.7473954558372498,0.10738098621368408,-0.2748394012451172,0.2325938493013382,-0.11985453218221664,0.0924476906657219,0.3553784489631653,0.0797242522239685,-0.0615033395588398,-0.04431316256523132,0.037709157913923264,-0.1768735945224762,-0.15672479569911957,-0.21566817164421082,0.32694000005722046,-0.25025269389152527,0.17533394694328308,-0.08276191353797913,0.2013958990573883,0.08265618234872818,0.5204133987426758,0.25862717628479004,-0.4500278830528259,-0.2773846387863159,0.07731833308935165,-0.11868260055780411,0.1418519914150238,0.14958186447620392,-0.3075079619884491,0.013177089393138885,0.3280349671840668,0.5445541143417358,0.3125312924385071,0.008025718852877617,0.11212903261184692,0.01995350793004036,-0.06093166023492813,-0.15470491349697113,0.24417154490947723,0.6543327569961548,-0.07731470465660095,0.560499370098114,-0.017955778166651726,0.08936452120542526,0.269544392824173,-0.21337787806987762,-0.05502030998468399,-0.01659327745437622,0.04434660077095032,-0.05776213854551315,-0.44050440192222595,0.07780063152313232,-0.2794269323348999,0.5789229869842529,0.24891571700572968,-0.038823485374450684,-0.4283696115016937,0.03380396217107773,0.6456158757209778,-0.1598818600177765,0.06282685697078705,-0.3968139588832855,-0.5312740802764893,-0.8252701759338379,0.523421585559845,0.39960116147994995,0.08971282094717026,0.13204893469810486,-0.23720760643482208,-0.01616860367357731,-1.0930474996566772,-0.8573031425476074,0.2861306667327881,-0.3614068925380707,0.06152855232357979,-0.0853523388504982,0.014824599027633667,-0.06572040170431137
CID000000937,310,0.33122268319129944,-0.12634100019931793,0.2842906415462494,0.5233873128890991,-0.44306254386901855,0.0857132226228714,0.0352613665163517,0.1427421271800995,-0.13291415572166443,0.36784571409225464,0.0642743930220604,0.0632384866476059,-0.09963908791542053,-0.16192065179347992,-0.20977787673473358,0.07382603734731674,-0.17519135773181915,-0.09854280948638916,0.1267126351594925,-0.5263466835021973,-0.03840378671884537,-0.13321635127067566,0.019504224881529808,-0.8377558588981628,-0.22025100886821747,-0.01325998641550541,-0.18607251346111298,-0.04160957410931587,0.0596180185675621,-0.12733609974384308,-0.0006896823761053383,0.3017836809158325,0.029224127531051636,0.06780830770730972,-0.10319789499044418,0.06726576387882233,0.1877041608095169,0.06404894590377808,0.12422029674053192,-0.08394966274499893,-0.07432498037815094,-0.03785517066717148,-0.0018083632458001375,-0.22551801800727844,-0.19890029728412628,0.38205841183662415,-0.018758103251457214,-0.026813378557562828,-0.07182265818119049,0.17347268760204315,0.43830356001853943,-0.05762306600809097,-0.09327135980129242,0.2607606053352356,0.22391197085380554,-0.2203683853149414,4.997253563487902e-05,0.17269431054592133,-0.04916491359472275,0.1078643798828125,-0.19394847750663757,-0.2102748155593872,-0.11346359550952911,-0.04543028026819229,0.08219532668590546,0.32219716906547546,-0.2795547842979431,0.09399617463350296,0.16146686673164368,0.11540000140666962,0.24523362517356873,0.16213344037532806,-0.31398212909698486,-0.3600621819496155,-0.005913084838539362,0.29023033380508423,0.23063452541828156,-0.22629037499427795,0.0675593838095665,-0.01942918822169304,0.03378058224916458,-0.7226688861846924,-0.22646932303905487,0.17047597467899323,0.0715298056602478,0.0033497451804578304,0.0184103362262249,0.09260716289281845,0.38594329357147217,-0.6957453489303589,-0.021339040249586105,0.06055912375450134,-0.08760989457368851,-0.13590997457504272,-0.05957533046603203,-0.2625487446784973,-0.10565619170665741,0.04652506113052368,-0.06125004217028618,0.11498536914587021,-0.13314208388328552,-0.0071718329563736916,-0.048491548746824265,0.30564358830451965,-0.04187794402241707,0.040199533104896545,0.13246116042137146,-0.002340665552765131,0.6013282537460327,0.045806340873241425,0.061287783086299896,0.17967644333839417,0.05089113116264343,-0.21201984584331512,-0.07117179781198502,0.16660715639591217,-0.24044570326805115,-0.08987488597631454,0.04457036405801773,0.13723258674144745,0.815815806388855,-0.11753752082586288,0.1630605161190033,0.20690862834453583,-0.11296012252569199,0.024309882894158363,-0.013968008570373058,-0.025985056534409523,-0.05619242787361145,0.019520463421940804,0.41026052832603455,-0.7256912589073181,-0.45868682861328125,0.23065629601478577,0.24603161215782166,-0.024316538125276566,-0.0019713640213012695,0.11931566148996353,-0.03688627481460571,-0.1955832540988922,-0.3258085548877716,-0.048674244433641434,0.007924243807792664,-0.1590682417154312,-0.15052402019500732,-0.02842470072209835,0.06561984121799469,0.4788121283054352,-0.007418906781822443,0.12556934356689453,-0.024243080988526344,-0.5097268223762512,0.13870175182819366,0.1717701107263565,-0.3105451464653015,-0.00679002795368433,-0.19638797640800476,-0.025173833593726158,0.0025254935026168823,0.2036849707365036,-0.012564480304718018,-0.10774515569210052,-0.11176688969135284,0.23614449799060822,0.01330951415002346,-0.04767517000436783,-0.12123282253742218,0.25113752484321594,0.022260526195168495,0.21176853775978088,-0.07611175626516342,-0.1233946904540062,-0.1910219043493271,-0.2602629065513611,-0.0883520245552063,-0.10801687091588974,0.18307821452617645,-0.006189511623233557,0.4416174292564392,0.005357963033020496,0.13059458136558533,0.20121702551841736,-0.15281477570533752,-0.213089257478714,0.20569553971290588,0.06818889081478119,-0.1813158094882965,-0.04226139932870865,-0.21458999812602997,-0.2541123628616333,0.09717006981372833,-0.03641185164451599,0.21455049514770508,-0.1554352194070816,0.06101258471608162,0.030832231044769287,0.055203188210725784,0.08247904479503632,-0.08590736240148544,-0.1410878747701645,-0.1298142969608307,-0.39302271604537964,0.25669559836387634,-0.1379382610321045,-0.293379008769989,0.02249659225344658,-0.032551951706409454,0.08447609841823578,0.04011198505759239,0.5195106267929077,0.21991872787475586,0.1471264660358429,0.3317843973636627,0.21956685185432434,0.14989539980888367,-0.14424824714660645,0.1947976052761078,0.42775359749794006,0.15949814021587372,0.10906684398651123,0.006384938955307007,0.11271823942661285,-0.03637802600860596,-0.22444932162761688,0.17647141218185425,-0.07034224271774292,-0.105959951877594,-0.03442097455263138,-0.016585487872362137,0.10836515575647354,-0.15060649812221527,0.2279627025127411,0.19729167222976685,0.0024661212228238583,0.058893751353025436,0.02760303020477295,0.5364287495613098,-0.10133673250675201,0.08686056733131409,-0.11848665773868561,0.10456617176532745,-0.44802531599998474,-0.052734214812517166,0.31180697679519653,-0.16543450951576233,-0.08781971782445908,0.03179129213094711,0.08088395744562149,-0.8633040189743042,-0.20308628678321838,0.20397357642650604,-0.09941359609365463,0.06123609468340874,-0.12898844480514526,0.06490281224250793,0.11463050544261932
CID000054454,311,-0.13853386044502258,0.021615536883473396,0.22035005688667297,0.44463497400283813,-0.3209083676338196,-0.06487281620502472,0.36601629853248596,0.282909095287323,0.24537435173988342,0.4716041684150696,-0.163117453455925,-0.2645912766456604,-0.4077780842781067,0.2666170299053192,-0.03259744122624397,0.0845348984003067,-0.02648727037012577,-0.011650857515633106,0.20602957904338837,-0.36516016721725464,0.11153809726238251,-0.10056106746196747,-0.1354617029428482,-0.7924825549125671,0.07731704413890839,0.4136212468147278,-0.18606553971767426,-0.07548655569553375,0.07887479662895203,0.20514614880084991,-0.29784446954727173,0.21283245086669922,-0.18580935895442963,0.13379867374897003,0.13733065128326416,0.02628626860678196,0.027427207678556442,0.34239864349365234,0.2618626654148102,-0.25629445910453796,0.08581048250198364,-0.19464069604873657,0.11954653263092041,-0.12977103888988495,0.01285990048199892,0.3098629415035248,-0.01757000759243965,-0.0446278378367424,-0.11717335879802704,0.04781939834356308,0.4226330816745758,0.09992702305316925,-0.3157006502151489,-0.047526709735393524,0.24574463069438934,-0.10963475704193115,-0.18324391543865204,-0.11075980961322784,0.09697186946868896,-0.0026467859279364347,-0.025108132511377335,-0.28251391649246216,0.2395412176847458,-0.10424884408712387,0.045510657131671906,0.6328830718994141,-0.11010007560253143,0.09158274531364441,0.19875910878181458,0.07141274213790894,0.3237393796443939,0.12641635537147522,-0.33000448346138,-0.28333166241645813,-0.31522488594055176,0.09719693660736084,-0.16041377186775208,0.10771862417459488,-0.08926689624786377,-0.14666089415550232,0.2559669613838196,-0.3008981943130493,-0.4104740619659424,0.10312256962060928,0.05440567061305046,-0.12236158549785614,0.07600138336420059,0.6395713090896606,-0.2864494323730469,-0.7497222423553467,-0.0018240570789203048,0.3051705062389374,-0.05468742176890373,0.09160445630550385,0.14078548550605774,-0.5136556029319763,0.048426978290081024,0.27801990509033203,-0.07848185300827026,-0.011085382662713528,-0.09878163039684296,0.07266552001237869,-0.14182844758033752,0.5051310658454895,0.31492671370506287,-0.1082366555929184,-0.07820557057857513,-0.038347043097019196,0.31383582949638367,0.06701857596635818,0.060771893709897995,-0.03800645470619202,-0.25691312551498413,-0.14984369277954102,-0.01431689877063036,0.3473765552043915,-0.30122703313827515,0.02472792938351631,-0.18555517494678497,0.223613902926445,0.6151890158653259,-0.010589266195893288,0.08364629000425339,0.12829133868217468,0.11334186792373657,0.12054023891687393,0.2603239119052887,0.0032097622752189636,0.4073072373867035,0.28752025961875916,0.19009535014629364,-0.36537832021713257,-0.38155537843704224,0.1294863224029541,0.3535175323486328,0.3508460521697998,0.1209888607263565,0.4265621304512024,0.19230356812477112,0.02355237677693367,-0.26193752884864807,0.4267515540122986,0.022750884294509888,-0.21109223365783691,-0.00047935248585417867,0.2933206558227539,-0.13210490345954895,0.48822975158691406,-0.12979380786418915,0.030425358563661575,-0.2116730660200119,-0.23708835244178772,-0.01833120733499527,-0.1677275449037552,-0.3000485897064209,0.09389766305685043,0.0204374548047781,-0.3497041165828705,0.2138710469007492,0.15348629653453827,0.3664528727531433,-0.3358895778656006,-0.032917119562625885,-0.065168097615242,0.04146702215075493,0.09367764741182327,-0.05112684890627861,0.08022847026586533,-0.0009670332074165344,0.2620346248149872,0.059299834072589874,-0.16112187504768372,-0.05938471108675003,-0.18226589262485504,0.03600431978702545,-0.07238875329494476,0.11964164674282074,-0.1837134063243866,0.3464956283569336,-0.17173023521900177,0.21453996002674103,0.02456788718700409,-0.17552641034126282,-0.14932501316070557,0.4927401542663574,-0.07996012270450592,-0.19300904870033264,-0.019239062443375587,0.42937612533569336,-0.46118515729904175,-0.25236666202545166,0.05530667304992676,0.3443204164505005,0.19301916658878326,0.12212181091308594,-0.05198139697313309,-0.0007559787482023239,0.09341365844011307,-0.24654777348041534,-0.1448870450258255,-0.066108338534832,-0.24898982048034668,0.0027710453141480684,-0.2644118368625641,0.36111611127853394,-0.0011376261245459318,-0.1624738872051239,0.09044889360666275,0.14558511972427368,0.5911852121353149,0.3963686525821686,0.18604406714439392,0.3007570505142212,0.03761843591928482,0.42726555466651917,-0.07002180814743042,0.09462697803974152,0.16256114840507507,-0.09178777784109116,0.10256669670343399,-0.07233214378356934,-0.15490035712718964,0.23874697089195251,-0.5207794308662415,-0.1302172988653183,0.17016279697418213,0.020208334550261497,-0.7052024602890015,-0.03586604446172714,-0.16467544436454773,-0.10126997530460358,0.008454835042357445,0.30143648386001587,-0.1092468649148941,0.037314239889383316,0.05797679349780083,0.4822944700717926,-0.4354080557823181,0.10784052312374115,-0.009683179669082165,0.3614423871040344,-0.5424990653991699,0.05785853788256645,0.4463445246219635,-0.23360081017017365,0.0864446610212326,0.15383604168891907,-0.08510279655456543,-0.5528971552848816,-0.24171185493469238,0.2336796224117279,-0.3050585687160492,-0.16279062628746033,-0.2260684221982956,0.06336789578199387,0.10730328410863876
CID000104741,314,0.18566498160362244,0.013465103693306446,-0.016095418483018875,0.37522372603416443,-0.33482664823532104,0.2950834035873413,0.13660939037799835,0.20504741370677948,0.04521869122982025,0.268147349357605,-0.0024020373821258545,0.10989351570606232,0.03830624371767044,0.15173356235027313,-0.14661246538162231,-0.1082439199090004,-0.03881127014756203,-0.3113691210746765,0.2113940715789795,-0.4495725631713867,0.035306431353092194,-0.3111787438392639,-0.2941623330116272,-0.8333622813224792,0.12644752860069275,-0.12371176481246948,-0.30877846479415894,-0.015551472082734108,-0.023163164034485817,0.062000758945941925,0.08668319880962372,0.2524806261062622,0.0506579652428627,0.0721924901008606,0.08718539774417877,-0.08792155981063843,0.20434586703777313,0.03668678179383278,0.0144993020221591,-0.17126807570457458,0.10051678121089935,-0.09118776768445969,0.0874759778380394,-0.23941931128501892,-0.19228306412696838,0.4513576030731201,0.1274249106645584,-0.028129002079367638,0.11978503316640854,0.08479518443346024,0.2697432339191437,0.15623362362384796,-0.3342483341693878,-0.017977291718125343,0.32592034339904785,-0.18497395515441895,-0.3304665684700012,0.03995320945978165,-0.11133451759815216,0.01995343156158924,-0.14888808131217957,-0.24263735115528107,-0.28282302618026733,-0.023323185741901398,0.15016305446624756,0.4468320310115814,-0.14685262739658356,-0.13435468077659607,0.1474873274564743,-0.006479448173195124,0.14741481840610504,0.16094453632831573,-0.2507874071598053,-0.30017080903053284,-0.008964210748672485,0.41296154260635376,0.17570699751377106,0.2086469829082489,-0.08998606353998184,-0.1358679085969925,0.09254021942615509,-0.44070276618003845,-0.344762921333313,-0.03635398671030998,0.21073003113269806,-0.17966707050800323,0.18004174530506134,-0.1417885571718216,0.18194496631622314,-0.8147743344306946,-0.07093248516321182,0.12269987910985947,-0.0038908701390028,0.023379027843475342,0.09696553647518158,-0.399105429649353,-0.007126140408217907,-0.08648433536291122,0.32741543650627136,0.04530622810125351,-0.12434530258178711,-0.04699743911623955,-0.042159225791692734,0.39089435338974,0.25726252794265747,-0.04559091478586197,0.1987060308456421,0.06930426508188248,0.5902053117752075,-0.016996538266539574,-0.12080202251672745,0.15540370345115662,-0.21849437057971954,-0.06087333709001541,-0.3422301113605499,0.1809733659029007,-0.15238532423973083,-0.03566158562898636,-0.315488338470459,0.0008987277979031205,0.7548081874847412,-0.14603868126869202,0.21472492814064026,0.16743943095207214,0.10981795936822891,-0.04447527229785919,0.06328535079956055,0.0038771131075918674,0.1428428590297699,0.022442491725087166,-0.03306657820940018,-0.45573514699935913,-0.26681071519851685,0.27550041675567627,0.25717630982398987,0.07015743106603622,-0.1753934621810913,0.1989135444164276,-0.015382337383925915,-0.19034692645072937,-0.049942634999752045,0.11137048900127411,0.0826052650809288,-0.16981443762779236,-0.11900646984577179,0.09275789558887482,-0.09797100722789764,0.3517834544181824,-0.07451162487268448,0.19467408955097198,-0.20029926300048828,-0.3290107846260071,-0.026586133986711502,0.26886406540870667,-0.4392055571079254,-0.16521458327770233,0.04314824566245079,-0.1557537168264389,0.025339383631944656,0.2835865616798401,0.2084161341190338,-0.13826552033424377,-0.09260206669569016,-0.08001313358545303,0.05477440357208252,0.00036748795537278056,-0.22302241623401642,0.07688608020544052,0.020739711821079254,0.1555262953042984,0.07030981779098511,-0.37592607736587524,-0.24177443981170654,-0.3580138385295868,0.05109912157058716,-0.17315565049648285,0.2031255066394806,-0.03848087787628174,0.5310410261154175,-0.1685059666633606,0.15397772192955017,-0.03730600327253342,-0.2564082443714142,-0.04257039725780487,0.41045647859573364,0.3499496579170227,-0.29108113050460815,0.0017065703868865967,-0.04043671488761902,-0.2575279474258423,0.19960077106952667,0.06627367436885834,0.3215811550617218,0.0848834291100502,0.076288603246212,-0.1562711000442505,0.12478093802928925,-0.030588453635573387,-0.012037679553031921,-0.05047265440225601,0.09841569513082504,-0.23502616584300995,0.27939364314079285,-0.1475645750761032,-0.11745637655258179,-0.1433960199356079,-0.14942732453346252,0.15002000331878662,-0.011614804156124592,0.38022470474243164,0.37314099073410034,-0.026966959238052368,0.12381996959447861,0.08802185952663422,-0.1492597460746765,0.053364478051662445,0.2676698863506317,0.13196809589862823,0.05439962074160576,0.21393103897571564,-0.04747062548995018,-0.025607500225305557,0.23071226477622986,-0.3526777923107147,0.049104321748018265,-0.005639952607452869,-0.48555296659469604,0.04325296729803085,-0.009616116061806679,-0.19266071915626526,-0.1469990313053131,-0.059756673872470856,0.2999042570590973,0.011167698539793491,0.1976493000984192,0.0010457619791850448,0.2870985269546509,-0.1244124174118042,0.17445626854896545,-0.1974543333053589,0.18242812156677246,-0.4602527618408203,-0.30456098914146423,0.3070637583732605,-0.3907543420791626,0.031551431864500046,0.25776854157447815,0.2927619516849518,-0.5519195199012756,-0.12643757462501526,0.16439199447631836,-0.1741807758808136,-0.12770135700702667,-0.04031684994697571,0.15613587200641632,0.32116737961769104
CID000005514,315,-0.1151542216539383,-0.013852976262569427,-0.044530488550662994,0.40259265899658203,-0.4546423852443695,0.0040104808285832405,0.3110411763191223,0.08019653707742691,-0.05933389067649841,0.4337488114833832,0.1675274819135666,0.13334031403064728,-0.30722934007644653,0.2035374939441681,-0.13580383360385895,-0.24010710418224335,-0.15182384848594666,0.0018362700939178467,0.17923089861869812,-0.4738181233406067,0.23411312699317932,-0.19702637195587158,0.22828073799610138,-0.8567670583724976,0.004897719714790583,-0.06915583461523056,-0.18333490192890167,-0.2218523919582367,0.026501957327127457,0.12739329040050507,-0.0439947247505188,0.015629740431904793,0.007659482769668102,0.010135072283446789,-0.10036532580852509,-0.012130784802138805,-0.05740095302462578,0.24412140250205994,0.29742351174354553,-0.22004985809326172,-0.08644583076238632,-0.17798426747322083,0.08053112030029297,-0.24663779139518738,-0.20579764246940613,0.3180944323539734,-0.10414822399616241,0.042820144444704056,0.2260209619998932,0.03599328175187111,0.26612696051597595,0.134501650929451,-0.19173797965049744,0.008542114868760109,0.2949654161930084,-0.14455384016036987,0.14105601608753204,0.18476304411888123,0.17774006724357605,0.02462664805352688,-0.08602975308895111,-0.37589582800865173,-0.08667595684528351,-0.17198270559310913,0.1473895013332367,0.4697946012020111,-0.2687146067619324,0.14483961462974548,0.012296970002353191,0.3164580762386322,0.22187626361846924,-0.12970015406608582,-0.3025461733341217,-0.3329513669013977,-0.2515780031681061,-0.07088319957256317,0.017170820385217667,0.09431686252355576,-0.18636687099933624,-0.14989683032035828,-0.08179805427789688,-0.34926074743270874,-0.2079557627439499,0.1510086953639984,0.07660268247127533,-0.2287069857120514,-0.03392227366566658,0.16765114665031433,0.22631922364234924,-0.7781159281730652,-0.05268106982111931,0.08860814571380615,0.06969058513641357,-0.0032465369440615177,-0.06622655689716339,-0.2895435690879822,-0.19213373959064484,0.17342329025268555,0.3710591197013855,-0.10152439028024673,-0.06838814169168472,-0.13117511570453644,0.017630621790885925,0.11228014528751373,-0.02485983446240425,0.13800880312919617,-0.19406047463417053,0.2847626805305481,0.41064152121543884,0.06405296176671982,-0.2195797860622406,0.3771335780620575,-0.20080788433551788,-0.19291864335536957,-0.21822936832904816,-0.007052706088870764,0.022504711523652077,-0.33700981736183167,-0.1826600432395935,0.09198600798845291,0.7204537987709045,-0.17143402993679047,0.1555546075105667,0.23501208424568176,-0.0989043340086937,0.20629863440990448,-0.008081967011094093,-0.20980355143547058,0.13521571457386017,0.08319977670907974,0.0737801268696785,-0.5312315225601196,-0.5004013180732727,0.048531848937273026,0.3040425181388855,0.1972743719816208,-0.0194400642067194,0.3204912841320038,-0.1868327558040619,-0.22225451469421387,0.04537476971745491,0.25425416231155396,0.015164734795689583,-0.29262876510620117,0.1459663212299347,0.09624429047107697,-0.19375458359718323,0.3485336899757385,-0.1376604437828064,0.12344183772802353,0.2518405318260193,-0.37944841384887695,-0.13226592540740967,0.03114740550518036,-0.18622764945030212,-0.13964064419269562,-0.06707911193370819,-0.017375478520989418,0.08578402549028397,0.13164328038692474,0.00401912909001112,0.05011407285928726,-0.007754145655781031,0.06016014888882637,-0.016453344374895096,0.03552098199725151,-0.0034327686298638582,-0.054445527493953705,-0.06849908828735352,0.21567466855049133,0.004227025900036097,-0.06784544885158539,-0.1086743026971817,-0.2008582353591919,0.05455232784152031,-0.08103888481855392,0.17915615439414978,-0.22060886025428772,0.39091911911964417,-0.1605837643146515,-0.07692103087902069,0.03804992884397507,-0.3591292202472687,-0.22021737694740295,-0.04952678829431534,0.30857300758361816,-0.116096630692482,-0.11064062267541885,0.1929834932088852,-0.40258699655532837,0.004650539252907038,0.08917023241519928,-0.038460623472929,-0.048709142953157425,0.2639191746711731,0.10555523633956909,0.06483735889196396,-0.14951136708259583,-0.13552412390708923,0.2992652952671051,0.1131962314248085,-0.34824734926223755,-0.1706245243549347,-0.33771437406539917,-0.028446782380342484,-0.15218910574913025,-0.12524639070034027,0.09197203814983368,0.1359829604625702,0.4967048168182373,0.2402399778366089,0.11205072700977325,0.09179753065109253,0.3880141079425812,0.1489306539297104,0.061087388545274734,0.042942192405462265,0.20503704249858856,0.03389795869588852,-0.039677925407886505,-0.08431325107812881,-0.1332591474056244,-0.04793922230601311,-0.18437418341636658,-0.09051904082298279,0.08649660646915436,-0.3710409998893738,-0.19924892485141754,-0.03284033387899399,-0.0077703120186924934,0.08959783613681793,0.21022768318653107,0.06333880126476288,0.07311554253101349,-0.20207874476909637,-0.32770222425460815,0.5835960507392883,-0.27879050374031067,0.1284382939338684,-0.17001809179782867,-0.03229736536741257,-0.3844912648200989,-0.15954366326332092,0.14935168623924255,-0.01881999336183071,0.14345118403434753,0.2328663319349289,0.0583525225520134,-0.7331241369247437,-0.27488070726394653,0.1826726645231247,-0.00031972824945114553,-0.017631078138947487,-0.2709846794605255,0.20013177394866943,0.1750079095363617
CID005282226,318,-0.05454589053988457,0.031723856925964355,0.17728714644908905,0.3962622880935669,-0.2334994375705719,-0.05379527807235718,0.11348918825387955,0.10589291155338287,0.0002831697347573936,0.1626860797405243,-0.08899413794279099,-0.34819430112838745,-0.22253163158893585,0.2593657970428467,-0.06653548777103424,-0.037807997316122055,0.09160409867763519,-0.04491633176803589,0.14493754506111145,-0.46470874547958374,0.0933711975812912,-0.15201732516288757,-0.5982585549354553,-0.7426201105117798,-0.19295606017112732,0.2564264237880707,-0.2606356143951416,-0.1323009878396988,0.019070059061050415,0.44295534491539,-0.45656871795654297,0.2611948847770691,-0.10311415046453476,0.030279481783509254,-0.013349846005439758,0.11737700551748276,-0.2979186177253723,0.25459790229797363,0.23864507675170898,-0.048255451023578644,0.06860365718603134,0.04415009170770645,-0.08564553409814835,-0.2045764923095703,-0.03157768398523331,0.5073014497756958,-0.09706462919712067,0.05662890523672104,-0.07146324217319489,-0.07925359159708023,0.4555327296257019,0.014526987448334694,-0.2981705069541931,0.1541137993335724,0.25380194187164307,-0.2835215628147125,-0.3735499382019043,-0.2845352292060852,0.0721038430929184,0.10414288192987442,0.02612065151333809,-0.2344057559967041,0.15154434740543365,-0.004362717270851135,0.02043306641280651,0.6806162595748901,-0.0658818855881691,0.193506121635437,0.3110068440437317,0.1183195561170578,0.06897909939289093,-0.0774972066283226,-0.3617188334465027,-0.130684494972229,-0.22702714800834656,0.08585844933986664,-0.24802270531654358,0.33018752932548523,-0.20164744555950165,0.08996277302503586,0.5952419638633728,-0.3046208918094635,-0.4473133683204651,0.16337117552757263,0.0074275643564760685,-0.296194851398468,0.16969189047813416,0.3635002672672272,0.10473622381687164,-0.8943134546279907,-0.03189724683761597,0.2581920027732849,0.010891670361161232,0.14730101823806763,0.3585282564163208,-0.3715745806694031,0.306215763092041,0.34349656105041504,-0.34062230587005615,0.09527712315320969,-0.13901562988758087,0.030305851250886917,-0.07201866805553436,0.3168768286705017,0.24479487538337708,-0.02484702505171299,0.44170817732810974,0.024827847257256508,0.4163195490837097,-0.18677613139152527,0.043701861053705215,0.00299288472160697,-0.20403341948986053,-0.2090424746274948,-0.1326175183057785,0.38022011518478394,-0.21252742409706116,0.0944645032286644,-0.37340956926345825,0.08710046112537384,0.5597672462463379,0.09476735442876816,0.2008155882358551,-0.03677115961909294,0.05348161980509758,0.028318896889686584,0.23170208930969238,0.10500556230545044,0.5165877938270569,0.025802966207265854,0.0906113013625145,-0.30632975697517395,-0.19092360138893127,-0.0711294636130333,0.07316862791776657,0.4567416310310364,-0.04426712542772293,0.34597650170326233,0.03529457002878189,-0.07757101953029633,-0.33866745233535767,0.166924849152565,-0.08185948431491852,-0.31993111968040466,0.05801604315638542,0.367950975894928,1.5941262972773984e-05,0.43827325105667114,-0.006378781981766224,0.21148183941841125,-0.3396197557449341,-0.13257670402526855,0.13868296146392822,-0.017666656523942947,-0.36696475744247437,-0.06406085193157196,-0.1258692443370819,-0.40284889936447144,0.22697138786315918,0.22538354992866516,0.11047863960266113,-0.04198767989873886,-0.09008225053548813,0.08265846222639084,0.29082655906677246,0.13968241214752197,-0.2479943335056305,0.041436247527599335,-0.026398086920380592,-0.016371384263038635,0.026221314445137978,-0.2733996510505676,-0.04885898903012276,-0.5064907670021057,-0.15380267798900604,0.024448594078421593,0.11587798595428467,-0.2732551395893097,0.38648539781570435,-0.17374782264232635,0.23465952277183533,0.18244704604148865,-0.41332316398620605,-0.1074453815817833,0.8596242070198059,-0.16934698820114136,-0.5005678534507751,-0.03813562169671059,0.21965694427490234,-0.5083742141723633,-0.2729679048061371,-0.028754252940416336,0.11196212470531464,0.1305171698331833,0.056543368846178055,-0.04080638289451599,0.22334244847297668,-0.24376526474952698,-0.020244929939508438,-0.007589993067085743,0.1314949095249176,0.015603435225784779,0.10874900966882706,-0.3216342329978943,0.3936794400215149,-0.4397618770599365,-0.17717286944389343,-0.020431209355592728,-0.09269830584526062,0.5100321769714355,0.5288767218589783,0.07962173223495483,0.3257112205028534,0.1180562824010849,0.11439516395330429,-0.029303550720214844,0.4274069666862488,0.03239627927541733,-0.04079396650195122,0.06907454878091812,0.07570381462574005,-0.18891394138336182,0.31872090697288513,-0.47649961709976196,0.286735475063324,0.23006188869476318,0.33975470066070557,-0.5043044686317444,-0.16726280748844147,0.004096114542335272,0.0035735846031457186,0.2622247338294983,0.3447389602661133,-0.014416344463825226,0.10150159895420074,0.050560690462589264,0.42879557609558105,-0.5822812914848328,0.06707616150379181,-0.0410475879907608,0.35838618874549866,-0.5580483675003052,0.17154625058174133,0.48689666390419006,-0.41692256927490234,0.10993685573339462,0.2034226357936859,0.06864894181489944,-0.4292360246181488,-0.4993937611579895,0.266780287027359,-0.29105517268180847,0.07099871337413788,-0.07367628812789917,-0.06605913490056992,0.10354667901992798
CID000003161,321,0.5512944459915161,-0.028178110718727112,0.21341125667095184,0.6796885132789612,-0.5721198916435242,0.3313162624835968,-0.016849499195814133,0.2769453823566437,-0.006672936491668224,0.36640748381614685,-0.1525280922651291,-0.4159553647041321,-0.1292319893836975,0.3566216230392456,-0.13326622545719147,0.17460179328918457,0.13901649415493011,-0.345511257648468,-0.04989704489707947,-0.37837517261505127,-0.231597900390625,0.036925774067640305,-0.006372048053890467,-0.8377100229263306,-0.04813080281019211,0.13975077867507935,-0.2347704917192459,-0.038660693913698196,-0.013797363266348839,0.07630845159292221,-0.44075050950050354,0.19842354953289032,-0.0180825162678957,-0.0471307747066021,-0.03916065767407417,0.1281903237104416,0.46483469009399414,-0.13663935661315918,-0.005979433655738831,-0.5095040202140808,-0.0667516216635704,0.13047043979167938,-0.08139367401599884,-0.149634450674057,-0.21226878464221954,0.19201116263866425,0.12343935668468475,0.04914622753858566,0.44332122802734375,0.13192275166511536,0.8892879486083984,-0.21681900322437286,-0.1359252631664276,-0.04612291604280472,0.011003035120666027,-0.28761109709739685,0.47364139556884766,0.08718593418598175,0.3587093651294708,0.15455596148967743,-0.2782033681869507,-0.30895116925239563,-0.15102270245552063,-0.0143851637840271,0.07160156220197678,0.7730491757392883,-0.1813543140888214,-0.13781201839447021,0.007272869348526001,-0.10898570716381073,0.1349412500858307,-0.10615680366754532,0.1972220242023468,-0.4347376823425293,-0.4460568428039551,-0.04229522868990898,-0.0049198092892766,-0.15661028027534485,-0.26460400223731995,-0.11348257958889008,-0.14592090249061584,-0.3135647475719452,-0.14927421510219574,-0.10547132790088654,0.2163301259279251,0.20814721286296844,0.03496737405657768,0.16648781299591064,-0.03223858028650284,-0.7865430116653442,-0.11255568265914917,-0.0738995149731636,-0.1517220139503479,0.22414159774780273,0.14804257452487946,-0.288363516330719,0.01614173874258995,-0.015457886271178722,-0.035007815808057785,0.15515491366386414,0.235338494181633,0.28737306594848633,0.07495284825563431,0.32598191499710083,-0.08073079586029053,-0.014881151728332043,0.0688227042555809,0.18637387454509735,0.534263014793396,-0.08563755452632904,0.06406589597463608,0.27646157145500183,-0.24674531817436218,-0.3344108462333679,-0.08878769725561142,0.13410751521587372,-0.15895764529705048,-0.21308057010173798,0.13275037705898285,0.29637712240219116,0.8328548669815063,-0.2550899088382721,0.19263117015361786,0.25853613018989563,-0.2216169536113739,0.5111628770828247,0.0604531392455101,-0.33001241087913513,0.14580687880516052,0.0693250447511673,0.22940286993980408,-0.6434234380722046,-0.6348515748977661,0.30175307393074036,0.11461643129587173,0.23307442665100098,0.001969421748071909,0.24609024822711945,0.11868667602539062,-0.16291546821594238,-0.24564394354820251,0.3503495156764984,0.20704936981201172,0.07447825372219086,-0.1361476182937622,0.04996781796216965,-0.11324715614318848,0.7712108492851257,0.23979394137859344,0.0864095687866211,0.04923549294471741,-0.6057944297790527,-0.03377968817949295,0.10048826038837433,-0.2648630142211914,-0.053214527666568756,0.04010755568742752,-0.12190456688404083,0.4344945549964905,0.11569465696811676,0.053566642105579376,0.0959000363945961,0.09008584171533585,0.03725861757993698,-0.4924721121788025,-0.34960925579071045,-0.35233932733535767,-0.0317317470908165,-0.08349771797657013,0.1505100131034851,-0.06156868487596512,0.0033494934905320406,-0.00625597545877099,-0.20803633332252502,0.31438249349594116,-0.041969023644924164,0.5607807636260986,-0.3806532025337219,1.0446947813034058,0.22304987907409668,-0.44445672631263733,0.09014347940683365,-0.00524927070364356,-0.03166598081588745,-0.19815537333488464,0.2776070237159729,-0.3330996632575989,-0.20166423916816711,0.08460589498281479,-0.3354009985923767,0.1510528028011322,-0.11216344684362411,-0.10563711822032928,-0.051419150084257126,0.17746955156326294,-0.0540209524333477,-0.08213002979755402,0.09823962301015854,-0.1858329325914383,-0.05754290893673897,-0.43647852540016174,-0.3848879933357239,-0.08065912872552872,-0.4600154459476471,-0.07298203557729721,0.05672423914074898,0.15081891417503357,0.07891301065683365,0.8700194358825684,0.4988067150115967,0.17779836058616638,0.09705281257629395,0.12254540622234344,-0.08471750468015671,0.1363416612148285,-0.4294184148311615,-0.03605586290359497,0.032482538372278214,-0.11897895485162735,-0.02624787949025631,-0.09224660694599152,-0.20074908435344696,0.13704195618629456,-0.2157469242811203,-0.14145401120185852,-0.08372528105974197,0.12099649012088776,-0.24101872742176056,0.20602667331695557,0.3332548141479492,0.21314387023448944,0.201742023229599,0.21601399779319763,0.11373469978570938,0.0959755927324295,-0.15234123170375824,0.8603965640068054,-0.5168944597244263,0.17888298630714417,-0.3642492890357971,0.018737616017460823,-0.4087705612182617,-0.029333043843507767,0.0661916583776474,-0.13654954731464386,0.0948009192943573,-0.1325107365846634,-0.19190172851085663,-0.7222322821617126,-0.3622753918170929,0.23933497071266174,0.11315129697322845,0.06599730998277664,-0.4416848123073578,-0.055769115686416626,0.22183284163475037
CID000004409,322,0.3878892660140991,0.019981656223535538,0.2035738229751587,0.41106486320495605,-0.2599981427192688,0.19406947493553162,0.07940904796123505,0.4343711733818054,0.14424923062324524,0.2792906165122986,0.1379602700471878,0.19192858040332794,-0.1014789491891861,0.006294007413089275,-0.31161028146743774,-0.13001969456672668,-0.17707088589668274,-0.11238507926464081,0.24419517815113068,-0.4533615708351135,0.12836726009845734,-0.15688690543174744,0.0038458765484392643,-0.823824405670166,-0.33486729860305786,-0.04718093201518059,-0.27442675828933716,-0.0857800766825676,-0.0841798335313797,-0.10373447835445404,-0.10053964704275131,0.45554667711257935,-0.03541303426027298,0.05124928802251816,-0.013667176477611065,-0.07906506210565567,0.3079347014427185,-0.11092440783977509,0.05450276657938957,-0.2017219513654709,-0.1019202321767807,-0.06365244090557098,0.047384291887283325,-0.36568522453308105,-0.133873850107193,0.43560829758644104,-0.10719560086727142,0.11873630434274673,-0.18513312935829163,0.12265644967556,0.41753116250038147,0.2323572188615799,-0.19966116547584534,0.01884034276008606,0.22048616409301758,-0.09402179718017578,0.0014050531899556518,0.17058582603931427,-0.09627623856067657,-0.019198089838027954,-0.18289636075496674,-0.2466205656528473,-0.13731423020362854,-0.09102463722229004,0.3049396872520447,0.5243268013000488,-0.3651803135871887,0.15619654953479767,0.12359635531902313,-0.007737955544143915,-0.0020240782760083675,-0.05905306339263916,-0.3981334865093231,-0.3025086224079132,-0.09346263110637665,0.29060792922973633,0.07557694613933563,0.08792556822299957,-0.08259321749210358,0.24679335951805115,0.06568185985088348,-0.6261113286018372,-0.323745995759964,-0.052550096064805984,0.07870621979236603,-0.07123652845621109,0.05845687538385391,0.025510232895612717,0.054340578615665436,-0.8359430432319641,0.11667469888925552,0.0591173991560936,0.03141414374113083,-0.12640218436717987,-0.13846652209758759,-0.38738685846328735,-0.28960907459259033,0.08316688984632492,-0.08469990640878677,0.2562624514102936,-0.10707465559244156,0.23887066543102264,-0.06197822093963623,0.31793925166130066,-0.12220786511898041,-0.019724080339074135,-0.23807334899902344,-0.34435245394706726,0.5475992560386658,0.12196876853704453,-0.03361697122454643,0.19647376239299774,-0.10417221486568451,-0.11124107986688614,0.03738674521446228,0.13161495327949524,-0.046710193157196045,-0.0649147629737854,-0.07204915583133698,0.19868764281272888,0.7037346959114075,-0.018970182165503502,0.4487776756286621,0.2818529009819031,-0.06845533102750778,-0.04284893721342087,-0.09659325331449509,0.08981069177389145,0.10118478536605835,-0.03554750606417656,0.45067018270492554,-0.7223292589187622,-0.22557954490184784,0.26713529229164124,0.37657344341278076,-0.06192020699381828,0.26399779319763184,0.2108546495437622,-0.1462177336215973,-0.314642071723938,-0.2512592375278473,0.09424807131290436,0.13194318115711212,-0.1447024792432785,0.06702563166618347,-0.005654896609485149,0.007424735929816961,0.3876068890094757,-0.035212863236665726,0.20552568137645721,0.023084187880158424,-0.3304852545261383,0.35392239689826965,0.1476432830095291,-0.28585711121559143,-0.21151188015937805,-0.11187507212162018,-0.10413777828216553,0.18803906440734863,0.3345039486885071,0.1775103360414505,0.008580696769058704,0.026589471846818924,-0.03247962146997452,-0.1385859251022339,-0.1852591335773468,-0.29073137044906616,0.2126593291759491,-0.004712509922683239,0.2558213472366333,-0.050081122666597366,-0.10405328124761581,-0.2688418924808502,-0.39144355058670044,-0.011631449684500694,-0.13525542616844177,0.12291673570871353,-0.15282955765724182,0.5486636161804199,-0.27289247512817383,-0.0012501627206802368,-0.03675892949104309,-0.2951716482639313,-0.21079042553901672,0.16650328040122986,0.08885116875171661,-0.35432761907577515,0.17790767550468445,0.0038691877853125334,-0.3075989782810211,0.10784401744604111,0.025821873918175697,0.2170543670654297,-0.03323598951101303,0.2015717476606369,0.04463983699679375,0.02766326069831848,-0.06470675766468048,0.00048459769459441304,0.13934850692749023,0.04014751315116882,-0.2614956498146057,0.22158320248126984,-0.1123494878411293,-0.09196202456951141,-0.17538847029209137,0.03679860383272171,-0.08543965220451355,0.014897754415869713,0.3912358283996582,0.21637360751628876,-0.11053798347711563,0.33188942074775696,0.25753483176231384,-0.03309490531682968,-0.30817994475364685,0.09768427163362503,0.14756493270397186,0.15918847918510437,0.05351557210087776,-0.04386385902762413,0.06306981295347214,-0.19275760650634766,-0.3474324643611908,-0.13318805396556854,0.01186232827603817,-0.013212996535003185,-0.04449623078107834,-0.1036132201552391,0.3637242913246155,-0.10186954587697983,-0.024407746270298958,0.19232740998268127,-0.06219639629125595,-0.23188786208629608,0.2412334382534027,0.3310527205467224,-0.2228706330060959,-0.07881737500429153,0.08729901164770126,0.26671719551086426,-0.640954852104187,0.2021893709897995,0.17407765984535217,-0.1122698187828064,-0.2040054053068161,0.13506284356117249,-0.018421104177832603,-0.6711100935935974,-0.1526009738445282,0.39610278606414795,-0.14232751727104187,-0.14864270389080048,0.12519261240959167,0.20030291378498077,0.05222707986831665
CID000077999,323,0.017749926075339317,0.09245593100786209,-0.029235029593110085,0.2917933166027069,-0.2974548935890198,0.12402735650539398,0.2629115879535675,0.25633400678634644,-0.17688553035259247,0.12674157321453094,0.12874919176101685,0.21619701385498047,0.02682064101099968,0.18580351769924164,-0.12164336442947388,-0.2404349148273468,-0.007281318306922913,-0.18343690037727356,0.0781499370932579,-0.34850436449050903,0.012404950335621834,-0.2880783677101135,-0.23081257939338684,-0.796157717704773,-0.13999763131141663,0.11206468194723129,-0.3448691964149475,0.004349523689597845,-0.07433464378118515,0.09423153102397919,-0.09231235831975937,0.2687346339225769,0.03677522391080856,0.2177993506193161,0.09473766386508942,-0.01260142307728529,-0.005967333912849426,0.0774477869272232,0.10611561685800552,-0.38399869203567505,-0.054349154233932495,-0.21588535606861115,0.03301341086626053,-0.3485223352909088,-0.13410060107707977,0.4344252645969391,0.03818591684103012,-0.02193736657500267,0.07797300070524216,-0.0399143323302269,0.06510449200868607,0.010441732592880726,-0.42380204796791077,-0.06872031837701797,0.1142883151769638,-0.1920853555202484,-0.24709105491638184,0.16115280985832214,-0.11212704330682755,-0.16618947684764862,-0.17421826720237732,-0.11660914123058319,-0.14772695302963257,0.030364161357283592,0.34677621722221375,0.2540314197540283,-0.0732920691370964,-0.06217924505472183,0.2028675079345703,-0.15412859618663788,0.2529764175415039,0.009967965073883533,-0.4577563405036926,-0.26497817039489746,-0.11467454582452774,0.13119392096996307,-0.016135428100824356,0.2248176634311676,-0.11067484319210052,0.18838833272457123,0.25871819257736206,-0.3705327808856964,-0.3075527548789978,-0.0372307263314724,0.05282583832740784,-0.2200520932674408,0.15883281826972961,0.12555326521396637,0.05598701909184456,-0.6480668187141418,0.07433520257472992,0.2539300322532654,-0.04285930469632149,-0.053144581615924835,0.08157744258642197,-0.294358491897583,-0.16874238848686218,0.06917447596788406,0.27932703495025635,0.021312033757567406,-0.180388405919075,-0.040848344564437866,-0.10878262668848038,0.33597615361213684,0.20918774604797363,0.022480720654129982,0.09412030875682831,-0.21291804313659668,0.4281228482723236,-0.22928252816200256,-0.17294993996620178,0.21227261424064636,-0.33746954798698425,0.016749799251556396,-0.09928210079669952,0.25446829199790955,-0.005568228662014008,-0.1517871916294098,-0.3219565451145172,0.25313276052474976,0.47401341795921326,-0.111256442964077,0.34405940771102905,0.28749120235443115,0.19602398574352264,0.11940983682870865,-0.019475093111395836,0.1556853950023651,0.1975361555814743,-0.1502566933631897,-0.022341925650835037,-0.44825243949890137,-0.22038304805755615,0.01800047792494297,0.35530325770378113,-0.01936296746134758,-0.243173748254776,0.055893976241350174,-0.08469792455434799,-0.03842175751924515,-0.19663193821907043,0.1271117478609085,0.14152652025222778,-0.16616927087306976,0.001931526931002736,0.18873988091945648,-0.08220545202493668,0.3219035565853119,0.10325014591217041,0.2191506177186966,-0.0913412794470787,-0.18763276934623718,0.07250577956438065,0.060790788382291794,-0.3139238953590393,-0.14094531536102295,-0.02918383851647377,-0.1153022050857544,0.0370783805847168,0.3255441188812256,0.051942963153123856,-0.2315421998500824,-0.09013453871011734,0.05119315907359123,0.01579378917813301,0.054876409471035004,-0.16562291979789734,-0.012629002332687378,-0.09778599441051483,0.24989858269691467,-0.08438382297754288,-0.17827728390693665,-0.24659261107444763,-0.44528770446777344,-0.0016610659658908844,-0.04185471683740616,0.14639481902122498,-0.20729932188987732,0.3318876326084137,-0.030585814267396927,0.012079879641532898,0.05430518835783005,-0.2059619426727295,-0.17991086840629578,0.27913033962249756,0.22332771122455597,-0.18536287546157837,0.2208610326051712,-0.06799093633890152,-0.31228360533714294,0.03026636503636837,-0.03842075169086456,0.1847628951072693,0.05830351263284683,0.033183276653289795,-0.017477622255682945,0.12970903515815735,0.058694254606962204,-0.10826067626476288,0.1027807965874672,0.22592172026634216,-0.1633964478969574,0.0462443009018898,-0.2550760507583618,0.06506176292896271,-0.27434757351875305,0.003319656942039728,-0.12799441814422607,-0.12373427301645279,0.3988161087036133,0.39776891469955444,-0.09596705436706543,0.29029521346092224,0.23146501183509827,0.18970926105976105,-0.1429062783718109,-0.020102303475141525,0.04172315448522568,0.0573493055999279,-0.03666815906763077,-0.030075833201408386,0.10659532248973846,0.05756056308746338,-0.19985564053058624,-0.06767294555902481,0.09152556955814362,-0.29448825120925903,-0.16548147797584534,-0.10536477714776993,-0.026015425100922585,0.018271785229444504,0.0423574224114418,0.2662835717201233,0.03708384186029434,-0.06989090144634247,0.3849017322063446,0.18883685767650604,-0.4176413416862488,-0.03314438834786415,-0.2496713101863861,0.3527918756008148,-0.5594314932823181,0.10661502927541733,0.23857860267162323,-0.17019560933113098,-0.04154659062623978,0.2678939700126648,-0.03207903355360031,-0.475618839263916,-0.10220376402139664,0.24714112281799316,-0.14064189791679382,-0.15987293422222137,-0.05834063142538071,0.125601664185524,0.03029523231089115
CID000110634,324,0.21279025077819824,0.20087265968322754,0.29944583773612976,0.5421373844146729,-0.47838884592056274,0.06922579556703568,0.17151732742786407,0.3393493890762329,0.2729648947715759,0.3752949833869934,-0.06620236486196518,-0.1828797161579132,-0.2036619484424591,0.13364651799201965,-0.19085974991321564,0.06801356375217438,0.0011282205814495683,-0.1330430656671524,0.1380971521139145,-0.4657791554927826,0.057464636862277985,-0.3190348148345947,-0.05315464735031128,-0.8419243693351746,0.17089004814624786,0.15757055580615997,-0.2901860773563385,-0.1595008373260498,0.013010000810027122,0.009434526786208153,-0.02683402970433235,0.12020067125558853,0.09982205182313919,0.19108183681964874,0.06829781085252762,0.30725663900375366,0.08090847730636597,0.21371428668498993,0.0181866642087698,-0.2390352040529251,0.02562551572918892,0.09667833149433136,0.10702724754810333,0.010509038344025612,-0.2330983579158783,0.28892046213150024,0.09245367348194122,-0.1013345941901207,-0.05857418105006218,0.14442510902881622,0.5265613794326782,-0.07920673489570618,-0.29400330781936646,0.013641120865941048,-0.0698474794626236,-0.1280040293931961,0.045015644282102585,-0.21441511809825897,0.24772508442401886,-0.18845301866531372,-0.17128759622573853,-0.28871390223503113,0.02301963046193123,-0.2379910945892334,0.37332355976104736,0.40856069326400757,-0.4473241865634918,0.0023387609981000423,0.020015746355056763,0.05608462542295456,0.22071008384227753,0.028401482850313187,-0.11811117827892303,-0.4708472192287445,-0.16206009685993195,0.13267941772937775,0.2280615270137787,-0.05739138275384903,-0.10760290920734406,0.028969084843993187,0.15680888295173645,-0.3157172203063965,-0.3543885350227356,0.07686154544353485,0.21248666942119598,0.27543216943740845,0.11238881200551987,0.24826765060424805,-0.1274762898683548,-0.39842867851257324,-0.01698128692805767,0.1430014967918396,-0.02468874491751194,-0.003940555267035961,-0.2455892115831375,-0.20447222888469696,0.18983621895313263,-0.08548196405172348,-0.17389428615570068,0.08980745822191238,-0.051246047019958496,0.008692646399140358,0.0019249140750616789,0.20456823706626892,0.1500687152147293,0.03566911444067955,-0.01532397884875536,0.03865606710314751,0.3563443720340729,-0.08754183351993561,0.12360408157110214,0.05732801556587219,-0.29181474447250366,-0.41270893812179565,0.11162158101797104,0.31071698665618896,-0.21600206196308136,-0.21154089272022247,-0.09598461538553238,0.27866947650909424,0.7722905278205872,-0.27717751264572144,0.23949339985847473,0.3502618670463562,-0.16478247940540314,0.35064515471458435,0.14016881585121155,0.0143053587526083,0.10548041015863419,0.08364947885274887,0.3054799735546112,-0.5263057947158813,-0.522413969039917,0.15798664093017578,0.33755558729171753,0.1886010617017746,0.09515473991632462,0.1599910706281662,-0.030973125249147415,-0.020049694925546646,-0.07103274017572403,0.18442200124263763,0.3069101870059967,0.1643238514661789,-0.0881575495004654,0.2344590723514557,-0.005357837770134211,0.3861927390098572,0.30756592750549316,0.3328225016593933,-0.0699489563703537,-0.3724450170993805,-0.11737307161092758,0.2176733762025833,-0.1818028688430786,0.010818648152053356,0.05738866329193115,-0.12637802958488464,0.08857427537441254,0.01777319237589836,-0.03957702964544296,-0.20496782660484314,0.07893333584070206,0.08404634892940521,-0.10310550034046173,-0.005711209960281849,-0.10873798280954361,0.16666993498802185,0.17207840085029602,0.07358450442552567,-0.10135447978973389,0.11218993365764618,-0.366586297750473,-0.2273675501346588,0.1408413201570511,-0.1769358217716217,0.23916606605052948,-0.12818904221057892,0.5799338221549988,0.08935040235519409,-0.1933172047138214,0.19413898885250092,-0.011268055066466331,-0.02990139089524746,0.08474679291248322,0.09274107962846756,-0.04238668084144592,0.10491790622472763,0.1417507380247116,-0.3491475582122803,-0.13834843039512634,0.035812485963106155,-0.0913558155298233,-0.16525386273860931,0.4906260371208191,0.0674961507320404,0.08722935616970062,-0.0001635372609598562,-0.1154487133026123,-0.017351757735013962,-0.15081360936164856,-0.6142518520355225,0.036425285041332245,-0.13515427708625793,-0.2263384610414505,-0.09292817115783691,0.010470995679497719,-0.10999630391597748,0.18183189630508423,0.5141165256500244,0.3425915539264679,0.397605836391449,0.1780049055814743,0.036543723195791245,0.09691296517848969,-0.0717589259147644,-0.04220106452703476,0.3346140384674072,0.042309898883104324,0.00677283713594079,-0.14027324318885803,-0.07721098512411118,-0.2461978942155838,-0.18227359652519226,0.16492177546024323,-0.13789568841457367,0.2787974178791046,-0.2149292677640915,-0.18091407418251038,0.09279904514551163,-0.059257227927446365,0.1949404776096344,0.30558866262435913,-0.045505084097385406,-0.007353282067924738,0.09003423154354095,0.5256549119949341,-0.5517926812171936,-0.1078641414642334,-0.18064351379871368,-0.012455498799681664,-0.14722584187984467,0.1889708787202835,0.21811111271381378,-0.16474834084510803,0.08966506272554398,0.14247050881385803,-0.05252126604318619,-0.7296863198280334,-0.14131326973438263,0.3584410548210144,0.0401335246860981,0.23554269969463348,-0.21198992431163788,0.0017099529504776,0.0625038594007492
CID000054841,329,0.1376206874847412,0.17835411429405212,-0.01901973783969879,0.3463224768638611,-0.39022278785705566,0.07766363769769669,0.16242167353630066,0.08236804604530334,0.08180683106184006,0.23373082280158997,0.2663496136665344,0.0656949058175087,-0.002806453499943018,0.1793205738067627,-0.21630123257637024,-0.19864527881145477,-0.08680875599384308,-0.20669229328632355,0.21257665753364563,-0.35860365629196167,0.058209072798490524,-0.3336181640625,-0.3402577042579651,-0.862207293510437,-0.40760278701782227,0.05516990274190903,-0.25760307908058167,0.0697987824678421,-0.09967590868473053,0.2672996520996094,-0.2239687144756317,0.34063857793807983,0.08449126780033112,-0.1938876360654831,-0.04972221702337265,0.047934748232364655,-0.03063124418258667,0.10557755082845688,0.035867635160684586,-0.19743472337722778,-0.03312964364886284,-0.15154285728931427,-0.044752661138772964,-0.309044748544693,-0.19308075308799744,0.463582843542099,0.006691116839647293,0.07071608304977417,0.04406062886118889,-0.05911974981427193,0.2245350331068039,-0.1963799148797989,-0.438689649105072,-0.17553746700286865,0.07030973583459854,-0.17622621357440948,-0.2621093690395355,-0.09307058900594711,-0.03879430517554283,-0.034387290477752686,-0.09083060175180435,-0.2619321942329407,-0.1662462055683136,-0.19077952206134796,0.2296416014432907,0.33818358182907104,0.04746502637863159,-0.057221151888370514,0.28006547689437866,0.21191143989562988,-0.04242190346121788,-0.12624846398830414,-0.3382453918457031,-0.18051351606845856,-0.15562424063682556,0.10634882748126984,-0.1247197762131691,0.10311031341552734,-0.17305055260658264,-0.028603672981262207,0.21845152974128723,-0.32022395730018616,-0.3326343894004822,-0.3256298899650574,0.15111678838729858,-0.34965193271636963,0.31148532032966614,-0.004683560226112604,0.07205197215080261,-0.7034196853637695,0.11732520908117294,0.4100247323513031,0.13406908512115479,0.030600503087043762,0.11789387464523315,-0.36116915941238403,-0.06232355907559395,-0.3256753385066986,-0.14396566152572632,0.24447736144065857,-0.22364075481891632,-0.04689594358205795,-0.04383821040391922,0.3093150854110718,0.20124614238739014,0.027249068021774292,0.3361029624938965,-0.16499942541122437,0.4119943678379059,-0.09784607589244843,-0.06682790070772171,0.202877476811409,-0.2622245252132416,-0.0034381926525384188,-0.3002691864967346,0.37593066692352295,-0.1329765021800995,-0.09720270335674286,-0.325466126203537,0.3080722391605377,0.5625605583190918,2.4798511731205508e-05,0.2946973145008087,0.12947867810726166,0.2920382618904114,0.08038926124572754,0.000756950699724257,0.029897157102823257,0.23599357903003693,-0.1909654587507248,0.09227193146944046,-0.4348267614841461,-0.18512244522571564,0.08006973564624786,0.25332552194595337,0.12058231979608536,-0.008448859676718712,0.1735633909702301,-0.24911515414714813,-0.1489652544260025,-0.16133470833301544,0.08590181171894073,0.06194227188825607,-0.24094951152801514,0.07382389158010483,0.1423652172088623,-0.14754489064216614,0.3131861090660095,0.03856481984257698,0.22861342132091522,-0.1231565922498703,-0.1965147703886032,0.34789422154426575,0.101368747651577,-0.2789377272129059,0.07765616476535797,0.05396895855665207,-0.3054434359073639,0.14662858843803406,0.28109151124954224,-0.010781657882034779,0.21157220005989075,-0.08552141487598419,-0.0430237278342247,-0.03207036852836609,0.12522737681865692,-0.4051443040370941,-0.0328577384352684,-0.03468301147222519,0.12950095534324646,-0.015579050406813622,-0.12382946908473969,-0.2417498379945755,-0.44220709800720215,0.07788956165313721,-0.07702746987342834,0.04472679644823074,-0.22350212931632996,0.4402003288269043,0.05148634314537048,0.047266535460948944,-0.0034280538093298674,-0.2234840840101242,-0.19385972619056702,0.340279221534729,0.10340619087219238,-0.2924847900867462,0.09985147416591644,-0.018680352717638016,-0.3376369774341583,0.043719448149204254,0.1068788394331932,0.155580073595047,0.04537447169423103,-0.040150903165340424,-0.10613095760345459,0.25001901388168335,-0.3112535774707794,-0.012161257676780224,0.12171133607625961,0.15859147906303406,-0.1936781257390976,0.07742249965667725,-0.30634811520576477,0.19834528863430023,-0.16653260588645935,0.03673223778605461,0.09545806795358658,-0.03036186657845974,0.39443889260292053,0.3831389546394348,-0.2703949511051178,0.23502659797668457,0.3549031615257263,0.1110430583357811,-0.23963160812854767,0.20822668075561523,0.0998590961098671,0.033673111349344254,-0.23789969086647034,0.10383045673370361,-0.09807966649532318,-0.06430234760046005,-0.3075185716152191,-0.1280674785375595,-0.24384646117687225,0.21047070622444153,-0.27678051590919495,-0.19302785396575928,-0.09259523451328278,0.07852791249752045,0.00033545197220519185,0.2185344249010086,0.06755782663822174,0.21796348690986633,0.11907421052455902,0.19256792962551117,-0.2996706962585449,0.21565406024456024,-0.2116425782442093,0.25807270407676697,-0.4808744490146637,-0.19173195958137512,0.17533445358276367,-0.33266741037368774,0.08470644056797028,0.13050398230552673,0.07126526534557343,-0.4619038701057434,-0.10861661285161972,0.2572658061981201,-0.13908739387989044,-0.20620238780975342,-0.12017583847045898,0.11118662357330322,-0.013472354039549828
CID005329102,330,-0.0021358109079301357,0.0050116656348109245,0.3330465257167816,0.7330812811851501,-0.49704208970069885,0.030756771564483643,0.11912395060062408,0.24157340824604034,0.022842103615403175,0.42988237738609314,-0.08972190320491791,-0.33574211597442627,-0.1654091775417328,0.2788105905056,-0.009050900116562843,0.17948558926582336,0.1517946720123291,-0.030023425817489624,-0.025940846651792526,-0.4730875492095947,-0.09891226142644882,-0.4997774064540863,0.06887037307024002,-0.8388393521308899,-0.10191705077886581,0.1375121772289276,-0.2529752254486084,-0.016720646992325783,0.04346614331007004,0.05717608332633972,-0.035009048879146576,0.08437107503414154,0.09923572093248367,0.0337897427380085,0.18882682919502258,0.18210968375205994,-0.06577751040458679,0.4061143398284912,-0.07669840008020401,-0.2682909369468689,0.03263353183865547,0.28445667028427124,0.1629170924425125,0.1332676112651825,-0.059408944100141525,0.1561044454574585,-0.00181828741915524,0.0010366082424297929,-0.03577421233057976,0.1038937121629715,0.5161038041114807,-0.10466031730175018,-0.26794105768203735,-0.017372721806168556,-0.23116257786750793,0.1167399138212204,-0.1655184030532837,-0.1284574568271637,0.3174707591533661,-0.06784160435199738,-0.09568750858306885,-0.28122609853744507,-0.10006500780582428,-0.01922238990664482,0.1519971340894699,0.32320478558540344,-0.15917174518108368,0.032243259251117706,0.13730265200138092,0.1327231228351593,0.041757576167583466,0.12615825235843658,-0.2462419718503952,-0.3122193515300751,-0.026112541556358337,0.202965646982193,0.046282149851322174,-0.0023218453861773014,-0.0699642226099968,-0.00651582470163703,0.3151572346687317,-0.2792082726955414,-0.30165472626686096,-0.04906368628144264,0.1467069834470749,0.3619464039802551,0.09576871246099472,0.36334681510925293,-0.009434899315237999,-0.5056870579719543,-0.04627283662557602,0.14246471226215363,-0.06375429779291153,-0.11586004495620728,-0.2088669240474701,-0.15320992469787598,0.1776188462972641,0.07326574623584747,0.22315827012062073,0.02189827151596546,0.15623506903648376,0.07478971034288406,-0.012850654311478138,0.10253137350082397,0.16817502677440643,-0.005325779318809509,0.02989119291305542,0.1732138693332672,0.4020460247993469,-0.05916222184896469,0.10149864852428436,0.10059146583080292,-0.13181264698505402,-0.24114766716957092,0.21466794610023499,0.26519638299942017,-0.32969751954078674,0.20385880768299103,-0.02836616337299347,0.2504595220088959,0.8146241307258606,-0.21401166915893555,0.11042811721563339,0.36705201864242554,-0.266906201839447,0.3859843909740448,0.059016186743974686,-0.1416107714176178,0.10719171911478043,0.1993449181318283,0.31472766399383545,-0.5181034803390503,-0.452779620885849,0.13847246766090393,0.25952309370040894,0.39383259415626526,-0.07792575657367706,0.26899152994155884,0.1658395230770111,-0.06868307292461395,-0.055110227316617966,0.3495541214942932,0.11560627073049545,0.11931707710027695,-0.033183179795742035,0.16531100869178772,-0.06897348165512085,0.5765442848205566,0.10231304168701172,0.49853286147117615,0.02957201562821865,-0.5071502327919006,0.09085331857204437,-0.0050639077089726925,-0.1831880807876587,-0.08283152431249619,-0.006677112076431513,-0.06723392754793167,-0.011629974469542503,0.040721941739320755,-0.06869526207447052,-0.05310093238949776,0.1091933473944664,0.14708945155143738,0.015938013792037964,0.22936303913593292,0.023920023813843727,0.2246200293302536,0.10883617401123047,-0.12115795910358429,0.1444215178489685,0.07387181371450424,-0.09327255934476852,-0.2571898102760315,0.13610747456550598,-0.1799151748418808,0.09795455634593964,-0.1665925234556198,0.7314413785934448,0.12906935811042786,-0.4455183148384094,0.08832444995641708,-0.02679184079170227,0.09421894699335098,0.32052701711654663,-0.1322520524263382,-0.022780168801546097,-0.03031635843217373,0.28007951378822327,-0.33773383498191833,0.18845070898532867,0.0751747116446495,-0.10952645540237427,-0.351238489151001,0.2909432053565979,0.10415177047252655,0.18203885853290558,-0.047587256878614426,-0.006044877227395773,-0.14196129143238068,0.012528032064437866,-0.4390958249568939,0.07018040120601654,-0.28372931480407715,0.09087316691875458,-0.23869279026985168,0.1355876624584198,-0.19198039174079895,0.02595077082514763,0.6277269124984741,0.31541478633880615,0.19082048535346985,0.1635613739490509,-0.09274256974458694,0.1681191772222519,-0.04305967688560486,-0.032381702214479446,0.29092758893966675,-0.005913128145039082,0.07789584994316101,-0.23225252330303192,0.15414616465568542,-0.20511038601398468,-0.13522079586982727,0.08214335143566132,0.17659303545951843,-0.1374395787715912,-0.23255880177021027,0.10812079906463623,0.22373957931995392,0.002104479121044278,0.304119348526001,0.3294340670108795,-0.020451616495847702,0.0516292043030262,-0.0667995885014534,0.7195624113082886,-0.5442445278167725,0.042807068675756454,-0.18497855961322784,-0.009790981188416481,-0.34214621782302856,0.2774469554424286,0.1122979149222374,-0.1863558292388916,-0.27555471658706665,-0.03128910809755325,-0.10920717567205429,-0.7552970051765442,-0.1035032868385315,0.21674446761608124,-0.09286466985940933,0.14504408836364746,-0.38432127237319946,-0.026951100677251816,0.1981130838394165
CID000059708,331,0.29330676794052124,0.14143332839012146,0.20716169476509094,0.3871276080608368,-0.3751153349876404,-0.08252072334289551,0.20295250415802002,0.2047090232372284,-0.10978376865386963,0.24495692551136017,0.05394270271062851,-0.114365354180336,-0.2012927234172821,0.6252074241638184,0.20261311531066895,-0.20927496254444122,-0.20805902779102325,-0.10319603979587555,-0.19750863313674927,-0.6504417061805725,-0.027599221095442772,0.1498783528804779,0.010019147768616676,-0.8948222994804382,-0.41506415605545044,0.024126002565026283,0.02906876802444458,0.06621838361024857,-0.18346025049686432,0.5144601464271545,0.09487844258546829,0.1178077831864357,0.1675134003162384,0.40903526544570923,-0.07483445107936859,0.05622570589184761,-0.09905104339122772,0.5702919363975525,-0.19001345336437225,-0.01216607354581356,0.08926919847726822,0.02992336079478264,0.023625319823622704,-0.32964977622032166,0.09200102090835571,0.1068400889635086,0.13395823538303375,0.10082472860813141,-0.0623626708984375,0.22723641991615295,0.41092342138290405,0.2344360053539276,-0.22972318530082703,-0.03535531833767891,0.16135723888874054,-0.09950325638055801,0.21648557484149933,0.13448834419250488,0.31561392545700073,-0.11744570732116699,-0.054186902940273285,-0.31620699167251587,0.04189581796526909,-0.043612848967313766,-0.04960038512945175,0.4505518972873688,-0.31991976499557495,0.10432451963424683,0.15615759789943695,0.09489228576421738,0.21001823246479034,-0.2324228584766388,-0.20168237388134003,-0.5230523347854614,-0.13113002479076385,0.33999529480934143,-0.2284366637468338,0.20476177334785461,-0.11531851440668106,0.07437749952077866,0.4465141296386719,-0.395469605922699,-0.5586945414543152,0.2833732068538666,0.3398438096046448,-0.45953789353370667,0.3291071653366089,0.2819691300392151,-0.32102906703948975,-0.8814544677734375,0.18786683678627014,0.3560648262500763,0.03007756546139717,-0.025371665135025978,-0.14266540110111237,-0.4804220199584961,-0.2764083445072174,0.15572525560855865,0.4112342894077301,0.23488864302635193,0.14982779324054718,-0.19917552173137665,0.09256553649902344,0.6220070719718933,-0.2266087532043457,-0.02608068846166134,-0.19810912013053894,0.2631334066390991,0.47686147689819336,0.32501745223999023,0.2524604797363281,0.19788077473640442,0.12671594321727753,-0.018398944288492203,-0.17516925930976868,0.23784859478473663,0.0742407739162445,0.0838918462395668,0.05226206034421921,0.003770673181861639,0.6022518277168274,0.023686926811933517,0.5168028473854065,0.5254763960838318,0.05324206501245499,-0.04062298685312271,0.05061990022659302,0.04760278761386871,0.21123206615447998,-0.19879110157489777,0.14824482798576355,-0.61050945520401,-0.5469523072242737,-0.1026623398065567,0.1539500653743744,0.5734394192695618,-0.03169623762369156,0.3937053680419922,-0.20807787775993347,-0.5132268667221069,-0.2838974595069885,0.6482613682746887,-0.09348082542419434,-0.264162540435791,0.13120751082897186,0.1474503129720688,0.16945606470108032,0.5082617998123169,-0.15555119514465332,-0.039495762437582016,-0.04802044481039047,-0.2488003969192505,0.30664023756980896,0.12119458615779877,-0.20195896923542023,-0.23105327785015106,0.02345189079642296,-0.7058411240577698,-0.04258161038160324,0.1760411560535431,0.13787350058555603,-0.295065313577652,0.15201358497142792,0.06716243922710419,0.011060565710067749,0.29406851530075073,-0.0034193277824670076,0.28559380769729614,0.24679188430309296,0.13626933097839355,0.11108030378818512,-0.10802365839481354,0.26305708289146423,-0.1660185158252716,0.0070448159240186214,-0.1116848811507225,-0.2928410768508911,-0.3229486346244812,0.6141120791435242,-0.16724368929862976,-0.04790077358484268,0.022134089842438698,-0.32932382822036743,0.08918825536966324,0.19740357995033264,-0.2743794023990631,-0.0895003229379654,0.09639690071344376,0.3329276442527771,-0.4579961895942688,-0.017947088927030563,-0.03647942095994949,0.12458088248968124,-0.19678986072540283,0.2628079354763031,0.1299695074558258,0.01084939856082201,-0.11732765287160873,-0.03300904482603073,0.056268684566020966,-0.32056745886802673,-0.37982887029647827,0.2205326110124588,-0.1761322021484375,0.42246395349502563,-0.14087700843811035,-0.10931255668401718,0.018738389015197754,0.16695332527160645,0.49762845039367676,0.3980065882205963,0.15526393055915833,0.14581312239170074,0.5599662065505981,-0.13033141195774078,-0.3049676716327667,-0.07906146347522736,0.13033437728881836,0.32940396666526794,0.17516456544399261,0.0293319933116436,-0.18022459745407104,0.07909629493951797,-0.42676740884780884,-0.435540109872818,0.012953179888427258,-0.05755357816815376,-0.29343777894973755,-0.014518054202198982,0.06839467585086823,-0.010714180767536163,0.21676048636436462,0.15526992082595825,0.09842946380376816,-0.2400737702846527,-0.10139267146587372,0.3923830986022949,-0.40188270807266235,-0.014967048540711403,-0.15722502768039703,-0.02054210938513279,-0.7045750021934509,-0.06185818836092949,0.25555723905563354,-0.02247794345021248,-0.2724093794822693,0.06035866588354111,0.05861182138323784,-0.6689431667327881,-0.4156166613101959,0.541047215461731,0.027115995064377785,-0.07515518367290497,-0.1362648904323578,-0.1039508804678917,0.058466218411922455
CID000004200,332,0.5090051889419556,-0.007562798447906971,0.16220729053020477,0.7409184575080872,-0.5212143659591675,0.231074720621109,-0.08544434607028961,0.2168605774641037,-0.04329163581132889,0.41160711646080017,-0.15952950716018677,-0.28743863105773926,-0.12224435806274414,0.3029387593269348,-0.0930539220571518,0.23444297909736633,0.06794720888137817,-0.3610886037349701,-0.16812928020954132,-0.38592401146888733,-0.14369508624076843,-0.1298091858625412,0.03822731971740723,-0.8176363706588745,-0.11536898463964462,0.03001689910888672,-0.24809734523296356,0.028330784291028976,0.03509422391653061,0.022669535130262375,-0.41545921564102173,0.18359163403511047,-0.0036377727519720793,-0.13494138419628143,-0.028810352087020874,0.0001660943089518696,0.3721774220466614,-0.08840133249759674,-0.11789368093013763,-0.5193660855293274,-0.07032011449337006,0.2988993525505066,-0.030030587688088417,-0.012269183993339539,-0.28003472089767456,0.20253300666809082,0.010671770200133324,0.03348410129547119,0.4233982563018799,0.15455421805381775,0.7420800924301147,-0.09175662696361542,-0.27710413932800293,0.08980820327997208,-0.19125394523143768,-0.22968575358390808,0.324954628944397,0.12381722778081894,0.3185277581214905,0.17956161499023438,-0.24990490078926086,-0.3120487928390503,-0.10735157877206802,0.11344307661056519,-0.022138023748993874,0.6927049160003662,-0.10709385573863983,-0.10493715852499008,0.030471717938780785,-0.06609150767326355,0.0994473397731781,-0.055635154247283936,0.12578460574150085,-0.35616979002952576,-0.40341153740882874,0.03990434482693672,-0.09167037159204483,-0.16518065333366394,-0.25257736444473267,-0.17859606444835663,0.022539306432008743,-0.34867286682128906,-0.16295266151428223,-0.15694162249565125,0.26622921228408813,0.10714109987020493,0.009208336472511292,0.15600740909576416,-0.019553694874048233,-0.7987273335456848,-0.12709546089172363,-0.012330526486039162,-0.2463337630033493,0.16650497913360596,0.10878578573465347,-0.31729331612586975,0.032640378922224045,-0.06131609529256821,-0.03880934789776802,0.08798760920763016,0.17320673167705536,0.3260799050331116,0.03551230952143669,0.25712502002716064,-0.1473149061203003,0.024441996589303017,0.0542721226811409,0.23068682849407196,0.5858155488967896,0.035121094435453415,0.17536529898643494,0.3388366997241974,-0.18562591075897217,-0.26801618933677673,-0.009190922603011131,0.12690144777297974,-0.24263989925384521,-0.011950659565627575,0.11643680185079575,0.2460165023803711,0.8448489308357239,-0.26569581031799316,0.12638846039772034,0.2985096573829651,-0.21661677956581116,0.35614749789237976,0.04580296203494072,-0.42371827363967896,0.15579530596733093,0.0621701255440712,0.2466781884431839,-0.6488301157951355,-0.5677146315574646,0.43464627861976624,0.031375735998153687,0.3558986485004425,-0.06394705921411514,0.2989264726638794,0.18021056056022644,-0.168527290225029,-0.10043825209140778,0.38786450028419495,0.14627787470817566,0.06673512607812881,-0.06872103363275528,0.01121147908270359,-0.13347038626670837,0.7899872660636902,0.19776427745819092,0.18715135753154755,-0.0035519241355359554,-0.7130736708641052,0.06389576941728592,0.05204015225172043,-0.3243948221206665,-0.10461843013763428,0.0027308494318276644,-0.06172141432762146,0.3427627682685852,0.14487920701503754,-0.0018471002113074064,0.10221508890390396,0.08127675205469131,0.04071921482682228,-0.3811646103858948,-0.3106955289840698,-0.47264623641967773,-0.16457395255565643,-0.08884167671203613,0.1354503482580185,-0.034107793122529984,-0.08188364654779434,-0.08276285231113434,-0.2585662007331848,0.29441338777542114,-0.14512783288955688,0.5510832071304321,-0.49908334016799927,0.9845253825187683,0.19157201051712036,-0.650615394115448,0.013744061812758446,-0.07191568613052368,-0.046118106693029404,-0.11466339975595474,0.17743325233459473,-0.4041402339935303,-0.2531108558177948,0.1362602263689041,-0.35066741704940796,0.1398555487394333,-0.09732580184936523,-0.09491510689258575,-0.1830681562423706,0.13686403632164001,-0.06600208580493927,-0.008791530504822731,0.0896373838186264,-0.25617432594299316,-0.12405258417129517,-0.37496939301490784,-0.3686451017856598,-0.147984579205513,-0.5223058462142944,0.04217945411801338,-0.09224356710910797,0.16965468227863312,-0.053023360669612885,0.7489132285118103,0.5856217741966248,0.1485895812511444,0.012709736824035645,0.04587690904736519,-0.07249532639980316,0.1125364750623703,-0.27739548683166504,0.0014884949196130037,0.10480548441410065,-0.14175501465797424,-0.00544728571549058,-0.12429257482290268,-0.14182215929031372,0.08165056258440018,-0.2137804478406906,-0.05426764488220215,0.009540831670165062,-0.09168712794780731,-0.13643814623355865,0.25458139181137085,0.3551582098007202,0.256668359041214,0.2395014464855194,0.22434501349925995,0.15322306752204895,0.006024589296430349,-0.12247125804424286,0.8836247324943542,-0.540785014629364,0.1369241178035736,-0.36569148302078247,-0.0013436854351311922,-0.4673319458961487,0.04411642625927925,0.019434427842497826,-0.18058457970619202,-0.031087124720215797,-0.03767614811658859,-0.23528161644935608,-0.7788528203964233,-0.3342129588127136,0.20755891501903534,0.24521978199481964,0.0700422152876854,-0.28633803129196167,-0.0627494752407074,0.38388368487358093
CID000002187,333,0.1784648448228836,-0.17340099811553955,0.24783790111541748,0.47779780626296997,-0.4305998682975769,0.12004760652780533,0.0842132717370987,0.21864613890647888,-0.08839047700166702,0.2947501540184021,0.1328902542591095,0.044696908444166183,-0.01087823323905468,-0.016941716894507408,-0.29598501324653625,0.06325454264879227,-0.1103953868150711,0.08071543276309967,0.1895407736301422,-0.5533650517463684,-0.04616027697920799,-0.13695164024829865,0.23702695965766907,-0.8729661703109741,-0.033876992762088776,0.1263287365436554,-0.03547529876232147,-0.03124423697590828,0.00874743890017271,-0.15147940814495087,0.028910040855407715,0.28349199891090393,0.11099924147129059,0.14947518706321716,-0.03059264086186886,-0.08267196267843246,0.38180291652679443,0.15825599431991577,0.18594932556152344,-0.10250169038772583,-0.10184973478317261,-0.05733286589384079,0.1332705318927765,-0.1711932122707367,-0.06420572847127914,0.40831708908081055,0.027878616005182266,-0.02451307699084282,-0.05298304557800293,0.1175188198685646,0.41900357604026794,0.172435462474823,-0.03425084054470062,0.20777106285095215,0.04521358013153076,-0.06871427595615387,0.07037854194641113,0.1415276974439621,0.07794754207134247,-0.04977000877261162,-0.20599746704101562,-0.20628516376018524,-0.15248803794384003,0.09647496789693832,0.20562975108623505,0.3941594064235687,-0.4016215205192566,0.13216109573841095,0.11852352321147919,0.08098943531513214,0.008018581196665764,0.0743509903550148,-0.3006972074508667,-0.34210893511772156,-0.09983731061220169,0.1513177752494812,-0.03719508647918701,0.05225230008363724,-0.03095545433461666,-0.02480008639395237,0.09493821114301682,-0.7143048048019409,-0.27148154377937317,0.23870229721069336,0.020818082615733147,0.0011695980792865157,0.08739550411701202,0.014805039390921593,-0.024202566593885422,-0.7729499936103821,-0.07188090682029724,0.004913684446364641,0.06106715276837349,-0.012464350089430809,0.12727031111717224,-0.26764535903930664,-0.22511716187000275,0.025716423988342285,-0.3969930112361908,0.08131323754787445,-0.12625566124916077,0.04924936220049858,0.05121387913823128,0.3191443681716919,0.024629779160022736,0.01645793579518795,-0.004370230250060558,-0.06621509790420532,0.647290050983429,0.04599393159151077,0.05803103372454643,0.09474413096904755,0.08022932708263397,-0.19849365949630737,0.14908291399478912,0.08421178162097931,-0.0027409822214394808,0.12339125573635101,-0.00924135185778141,0.13674017786979675,0.8568350076675415,-0.11303804069757462,0.2587308883666992,0.18473906815052032,-0.27178433537483215,0.06234303116798401,0.005630457308143377,0.010090703144669533,0.20494893193244934,0.17593106627464294,0.4414939880371094,-0.7168117165565491,-0.4319993853569031,0.22568568587303162,0.21258151531219482,-0.11744193732738495,0.02102276124060154,0.2650262117385864,-0.2225354164838791,-0.2803289294242859,-0.24417689442634583,0.15046696364879608,0.11182902753353119,-0.1105596199631691,-0.07544998824596405,0.03154299780726433,-0.1170823723077774,0.4504166543483734,0.08153247088193893,0.28057971596717834,0.28930529952049255,-0.41395625472068787,0.08068548887968063,0.10075489431619644,-0.20872434973716736,-0.21643498539924622,-0.07898630201816559,0.09833940118551254,0.15692216157913208,0.32196366786956787,-0.22208142280578613,-0.1397796869277954,-0.09429880976676941,0.042479682713747025,-0.1337609589099884,-0.18577101826667786,-0.18782053887844086,0.16773289442062378,-0.11032450199127197,0.07591380178928375,0.034967221319675446,-0.002074509859085083,-0.135310560464859,-0.24529924988746643,0.040514156222343445,-0.11966605484485626,0.16740694642066956,-0.04524268954992294,0.45254722237586975,-0.14693185687065125,0.08871640264987946,0.020245375111699104,-0.09343335032463074,-0.1481253057718277,0.21928846836090088,0.15844900906085968,-0.2766696512699127,0.07605404406785965,-0.16646966338157654,-0.27492043375968933,0.23464325070381165,-0.10288866609334946,0.21728339791297913,-0.09688390791416168,0.1577421873807907,0.08283878862857819,-0.047536082565784454,0.12529492378234863,0.09789295494556427,-0.07071515917778015,0.014910531230270863,-0.3551551401615143,0.10644636303186417,-0.16085031628608704,-0.03626406192779541,-0.10037471354007721,-0.06709596514701843,0.03292588144540787,0.03140471503138542,0.40640097856521606,0.22162750363349915,0.2632910907268524,0.21037468314170837,0.18821075558662415,0.058329783380031586,-0.18030492961406708,-0.036819301545619965,0.26538652181625366,0.1670038253068924,-0.0369359627366066,0.03896218538284302,-0.23696787655353546,0.08646462112665176,-0.20487138628959656,0.03126305341720581,-0.015160465613007545,0.2596319317817688,-0.05294949561357498,0.004268646240234375,0.15780091285705566,-0.22970107197761536,0.01028877217322588,0.26565662026405334,0.006353214383125305,-0.05151103809475899,0.09962373226881027,0.40819042921066284,-0.251530259847641,0.154684916138649,-0.008658003993332386,0.028210479766130447,-0.5516892671585083,0.20296797156333923,0.30010953545570374,0.07807309925556183,-0.2821587920188904,0.06350447237491608,0.010321887210011482,-0.8199288249015808,-0.21230092644691467,0.30660489201545715,-0.19652029871940613,0.12731918692588806,-0.1954399198293686,0.13242387771606445,0.1059742420911789
CID000003749,334,-0.002872894052416086,0.21784834563732147,0.07445807009935379,0.3660571277141571,-0.3778833746910095,0.08279122412204742,0.10024664551019669,0.42969417572021484,0.09239284694194794,0.19283844530582428,-0.3233126997947693,0.10632459074258804,-0.07505779713392258,0.11874513328075409,-0.2535253167152405,-0.10432974994182587,-0.0955904871225357,-0.043542325496673584,0.033578019589185715,-0.3422722816467285,0.009000611491501331,-0.42280498147010803,-0.13447824120521545,-0.7106298804283142,-0.07811413705348969,0.07571281492710114,-0.2981242537498474,-0.06819772720336914,-0.13830342888832092,0.1368870735168457,-0.13202448189258575,0.2907286286354065,0.06175725907087326,0.018566390499472618,0.01770593784749508,0.03988241031765938,0.05649521201848984,0.13814084231853485,0.18328824639320374,-0.24074217677116394,-0.08550576865673065,-0.24262671172618866,-0.0656106248497963,-0.2130526602268219,-0.08588270097970963,0.4044751226902008,0.022162722423672676,0.01681002601981163,0.11361448466777802,-0.16603673994541168,0.20582973957061768,-0.1532590389251709,-0.4114747643470764,-0.08618831634521484,0.09407632052898407,-0.12878760695457458,-0.22722044587135315,0.05049324780702591,-0.05010288208723068,-0.13327071070671082,-0.14849691092967987,-0.23055486381053925,-0.13678200542926788,-0.1167847141623497,0.3566742241382599,0.26417967677116394,-0.21859173476696014,-0.1873476505279541,0.26466602087020874,0.03595317155122757,0.06347177922725677,-0.07132633030414581,-0.24905657768249512,-0.214091494679451,-0.15358829498291016,-0.11355479806661606,0.14626364409923553,0.1471656858921051,-0.21504497528076172,-0.21196503937244415,0.07026779651641846,-0.2824254035949707,-0.27686795592308044,-0.23671898245811462,0.17920586466789246,-0.12367777526378632,0.2309378683567047,0.07731540501117706,0.15139144659042358,-0.517267644405365,-0.05594886094331741,0.22590303421020508,-0.04655904322862625,-0.07694119215011597,-0.2250206172466278,-0.25934237241744995,-0.012420112267136574,-0.190883070230484,0.10639446973800659,-0.029345428571105003,-0.04678099602460861,0.04578663036227226,-0.03911726921796799,0.21897640824317932,0.3277844190597534,0.04298747330904007,0.14495649933815002,0.14994874596595764,0.3754684031009674,-0.1466442346572876,-0.03388586267828941,0.19552546739578247,-0.2182128131389618,0.03022892214357853,-0.1169755682349205,0.37012535333633423,-0.20984530448913574,-0.09244513511657715,-0.23279066383838654,0.2358582764863968,0.4811580777168274,-0.06174325942993164,0.29624757170677185,0.3211514353752136,0.054773688316345215,0.2106379270553589,0.13064174354076385,0.13191118836402893,0.24910211563110352,-0.06276819854974747,0.057840608060359955,-0.5138413310050964,-0.37371203303337097,0.15601900219917297,0.22308829426765442,0.06533128768205643,0.004100823309272528,0.08858486264944077,0.12546345591545105,-0.037797048687934875,-0.1285482943058014,0.10041183233261108,0.16128264367580414,-0.11073927581310272,-0.07503049075603485,0.24958889186382294,-0.050996750593185425,0.251783162355423,0.10889998823404312,0.4233068823814392,0.059764374047517776,-0.37858033180236816,-0.14903829991817474,0.16765542328357697,-0.24814018607139587,-0.08461399376392365,0.0714404359459877,-0.1390116661787033,0.13683262467384338,0.2713649868965149,0.0572815015912056,-0.012657237239181995,-0.06371241807937622,0.019797414541244507,-0.07021703571081161,0.1432127207517624,-0.23901593685150146,0.12697334587574005,-0.029355401173233986,0.18601562082767487,-0.12274382263422012,-0.19666366279125214,-0.3505961298942566,-0.35820242762565613,0.0753670334815979,-0.09847623109817505,0.2449624240398407,-0.21962204575538635,0.40203729271888733,0.030685316771268845,-0.05144060403108597,0.06277678906917572,-0.1693936139345169,-0.08815359324216843,0.180707186460495,0.13469359278678894,-0.059614360332489014,0.016546372324228287,0.10517556965351105,-0.2728785574436188,0.2263650894165039,0.03154788538813591,0.1540943682193756,-0.09068961441516876,0.162116140127182,-0.1611751765012741,0.24450823664665222,-0.09842772036790848,0.04009758681058884,-0.057150375097990036,0.025432318449020386,-0.23097161948680878,-0.17261728644371033,-0.27286630868911743,-0.09888780117034912,-0.2170543670654297,-0.05279047414660454,0.021466687321662903,-0.1511288583278656,0.4347435534000397,0.34127694368362427,-0.13519850373268127,0.22755415737628937,0.13786247372627258,0.013619301840662956,-0.014196882024407387,0.1750801056623459,0.08143094182014465,0.06626685708761215,-0.2682344317436218,-0.09250269830226898,0.08285358548164368,-0.22486647963523865,-0.25367286801338196,0.05423413962125778,-0.1526590883731842,0.030821412801742554,-0.003306011203676462,0.00703661423176527,-0.05654069036245346,-0.049746301025152206,-0.102205790579319,0.2874065637588501,-0.014407050795853138,-0.07883991301059723,-0.034481119364500046,0.3099793493747711,-0.2929163873195648,0.1213211789727211,-0.273048460483551,0.1875666081905365,-0.3320801854133606,0.028922343626618385,0.23449793457984924,-0.2735212743282318,0.1370846927165985,0.17301848530769348,0.03968808054924011,-0.4576449394226074,-0.10293213278055191,0.22094877064228058,-0.22099192440509796,-0.0748361200094223,-0.14410094916820526,0.18224084377288818,-0.013157310895621777
CID000001071,335,0.1449984759092331,-0.1837952435016632,0.14390651881694794,0.35275760293006897,-0.25790029764175415,-0.0444505475461483,0.17060410976409912,0.2711215317249298,0.0328022725880146,0.09291525185108185,0.20340509712696075,-0.3066740036010742,-0.24067823588848114,0.21505053341388702,0.09323207288980484,0.038409650325775146,0.057721078395843506,-0.13533279299736023,-0.19328676164150238,-0.4419473707675934,0.32272154092788696,-0.27329859137535095,-0.21143297851085663,-0.7303016185760498,0.03203142434358597,0.002684134291484952,-0.343073308467865,-0.13155147433280945,0.1012287512421608,0.06683225929737091,-0.1227312833070755,0.38286733627319336,0.01580517366528511,0.046079594641923904,0.028374772518873215,0.14655831456184387,0.25832900404930115,-0.09039083123207092,0.3338348865509033,-0.31904229521751404,0.2314581423997879,-0.18086285889148712,0.24795278906822205,-0.32785722613334656,-0.1979825794696808,0.21901178359985352,0.005339950323104858,0.08271301537752151,0.2616230547428131,0.10072116553783417,0.45777955651283264,0.08349563181400299,-0.2334006279706955,-0.3425309956073761,-0.31074923276901245,-0.0972101092338562,-0.11407934129238129,0.06687182188034058,0.08941303193569183,-0.09151085466146469,-0.10813562572002411,-0.23761360347270966,-0.05967780202627182,0.09483090043067932,0.27249276638031006,0.6402608752250671,-0.1609247475862503,-0.16027840971946716,0.2774345278739929,-0.2245568037033081,0.23999503254890442,0.20651158690452576,-0.35341677069664,-0.06625262647867203,-0.33392176032066345,0.11458127200603485,0.07893212884664536,-0.17669570446014404,-0.05231189727783203,-0.05397608131170273,0.2775338292121887,-0.24165837466716766,-0.4716451168060303,-0.04431569203734398,0.08388735353946686,0.09681523591279984,0.15449276566505432,0.187192901968956,-0.12743553519248962,-1.006042242050171,0.11138193309307098,0.26880306005477905,-0.16767697036266327,0.3079807162284851,0.0834653452038765,-0.44493651390075684,-0.2368529736995697,0.11665396392345428,-0.09639813005924225,0.062428850680589676,-0.17554250359535217,-0.10677514225244522,-0.1008245199918747,0.3853282332420349,0.6139612793922424,0.12993845343589783,0.12065081298351288,-0.255318820476532,0.4214286208152771,0.24796763062477112,-0.13048340380191803,0.18572424352169037,-0.1689726561307907,0.06272832304239273,0.0154448626562953,0.37125587463378906,-0.08994750678539276,-0.22431369125843048,-0.0870734378695488,0.08125118911266327,0.6802665591239929,-0.1127324253320694,0.16178274154663086,0.21001136302947998,-0.1575881391763687,0.01926850527524948,0.10840339958667755,0.19977658987045288,0.27346304059028625,0.18526652455329895,0.0824553593993187,-0.5266264081001282,-0.1516178995370865,0.12365160882472992,0.15481208264827728,0.41054829955101013,0.0016789734363555908,0.12806503474712372,-0.10273723304271698,0.10709241777658463,-0.2240218222141266,0.39002877473831177,-0.08953290432691574,-0.01469562016427517,0.05135132744908333,-0.03194486349821091,0.1253785789012909,0.4204874038696289,-0.19051435589790344,0.18004631996154785,-0.05133744329214096,-0.2632233500480652,-0.08158540725708008,0.014496046118438244,-0.19287772476673126,-0.2538132071495056,-0.03419029712677002,-0.038100626319646835,-0.11599098145961761,0.318686306476593,-0.06737800687551498,0.20064440369606018,0.009433148428797722,0.09242802858352661,-0.4107612073421478,-0.028043081983923912,-0.18631617724895477,-0.31233566999435425,0.11967331171035767,0.15357574820518494,0.08100724220275879,-0.3211069703102112,-0.17843320965766907,-0.29162707924842834,0.015548095107078552,0.03122434951364994,0.23380419611930847,-0.25800269842147827,0.43245548009872437,0.06815263628959656,-0.02042025700211525,-0.2529386878013611,0.06405772268772125,-0.029034633189439774,0.4269363284111023,0.16880889236927032,-0.3301531672477722,0.07868140190839767,0.3609972894191742,-0.5008047223091125,-0.035952720791101456,0.1456107348203659,0.31019750237464905,-0.032247789204120636,0.17587769031524658,-0.20276577770709991,0.22810927033424377,0.13339301943778992,-0.14478984475135803,-0.4729112684726715,0.05926676467061043,-0.23357050120830536,0.053818680346012115,-0.4166557788848877,-0.0250234417617321,-0.06257985532283783,-0.0290254894644022,0.2789052128791809,0.31646254658699036,0.5660880208015442,0.4041110873222351,-0.012590211816132069,0.12394038587808609,0.028299406170845032,0.04006738215684891,-0.25117039680480957,0.10931768268346786,0.05714886635541916,0.05931835249066353,-0.20542335510253906,-0.26516392827033997,-0.27066299319267273,0.12910676002502441,-0.41775989532470703,-0.40339022874832153,-0.02051127515733242,0.05559932067990303,-0.07759086787700653,-0.33380308747291565,0.003629735205322504,-0.06403772532939911,0.30320480465888977,0.6168643236160278,-0.07037197053432465,0.07036962360143661,0.14391322433948517,0.3594401478767395,-0.11337776482105255,0.2172168791294098,-0.2347051352262497,-0.2625065743923187,-0.8988410830497742,0.06565149873495102,0.20154321193695068,-0.03834926337003708,0.3124542236328125,0.30167827010154724,-0.07200217992067337,-0.504583477973938,-0.31539386510849,0.20026004314422607,0.008193304762244225,0.025294745340943336,-0.053212761878967285,0.08711430430412292,0.06766454130411148
CID000002265,336,0.05232162028551102,-0.06332254409790039,-0.05157139152288437,0.4567922055721283,-0.41862884163856506,0.10891249030828476,0.2823009788990021,0.2044098824262619,0.2742099165916443,0.2516166865825653,0.3240785002708435,0.01366240344941616,-0.016908621415495872,0.07639341056346893,-0.054428983479738235,-0.047345343977212906,-0.13380086421966553,-0.09606445580720901,0.06584802269935608,-0.4118195176124573,-0.08312858641147614,-0.12209184467792511,0.18596667051315308,-0.8550989031791687,0.15057146549224854,0.10933558642864227,-0.08930684626102448,0.07226775586605072,-0.1243884339928627,0.06051825359463692,0.09785307943820953,0.09714891016483307,-0.012269171886146069,0.06547926366329193,0.06199568510055542,-0.20197758078575134,0.3084378242492676,-0.043020643293857574,0.05853140354156494,-0.1813051700592041,0.005374404601752758,-0.33112722635269165,0.2950187623500824,-0.13962909579277039,-0.11697357892990112,0.3284778594970703,0.10894705355167389,0.020657844841480255,0.06859304010868073,0.053834617137908936,0.3055092394351959,0.16286960244178772,-0.23153701424598694,0.06825646758079529,0.002404616679996252,-0.11687935888767242,0.07100699841976166,0.18523818254470825,0.11480452865362167,0.0686686635017395,-0.17771321535110474,-0.24996817111968994,-0.07039099931716919,-0.028945133090019226,0.24006697535514832,0.4329177439212799,-0.12193377315998077,-0.01677953638136387,0.1894920915365219,0.05218888446688652,0.11818132549524307,0.0645451694726944,-0.3204275369644165,-0.4546816945075989,-0.10732974857091904,0.06438270211219788,0.08569835126399994,0.15845359861850739,-0.11058048903942108,0.015614229254424572,-0.13379248976707458,-0.5293668508529663,-0.28780597448349,0.1311206966638565,0.2066660374403,0.0490642674267292,0.11203815042972565,0.08632775396108627,-0.08454839140176773,-0.5667664408683777,-0.08842389285564423,0.08530716598033905,0.12031860649585724,0.04892409220337868,0.08666350692510605,-0.23989680409431458,-0.24651694297790527,-0.047619763761758804,-0.06541474163532257,0.01939929462969303,-0.16195279359817505,0.05929192155599594,-0.09022615849971771,0.24567735195159912,0.29113584756851196,-0.07882597297430038,-0.35158810019493103,0.18398554623126984,0.5109573602676392,-0.14563103020191193,-0.11480914056301117,0.11682415008544922,-0.0450238361954689,-0.19781120121479034,0.1495351791381836,0.17252877354621887,0.014153217896819115,-0.014519572257995605,-0.06576414406299591,0.13459019362926483,0.6384428143501282,-0.27552351355552673,0.22154518961906433,0.25819361209869385,-0.025370623916387558,0.20870713889598846,0.009066506288945675,0.023831799626350403,0.17709307372570038,0.12808173894882202,0.1582569181919098,-0.45962557196617126,-0.49380987882614136,0.2215583771467209,0.3517698645591736,0.06594999879598618,0.08287737518548965,0.22132182121276855,-0.20988433063030243,-0.144426167011261,-0.11510171741247177,0.12821418046951294,-0.06744637340307236,0.006729048676788807,-0.055080533027648926,0.0919174998998642,0.042539168149232864,0.32457858324050903,0.07818430662155151,0.10108695924282074,0.09421415627002716,-0.27170711755752563,0.03297288343310356,0.21610501408576965,-0.34216606616973877,0.02204684540629387,0.03152016922831535,-0.0028089105617254972,0.03003271296620369,0.05497623607516289,0.15224161744117737,0.018442559987306595,-0.0202679093927145,-0.183371901512146,-0.25277745723724365,-0.16552035510540009,-0.1629858911037445,0.1593085080385208,-0.026837322860956192,0.24724788963794708,0.016985710710287094,-0.22738608717918396,-0.1571252942085266,-0.21362218260765076,0.08358575403690338,-0.22939518094062805,0.09381712973117828,-0.16106298565864563,0.38838905096054077,-0.05326036363840103,0.08699395507574081,0.145951509475708,-0.09382539242506027,-0.16970157623291016,-0.021043531596660614,0.3983069956302643,-0.05154614895582199,-0.007098460104316473,0.06171538308262825,-0.33820462226867676,0.0736699253320694,-0.007821286097168922,0.18312591314315796,0.14024010300636292,0.21324463188648224,-0.1159001812338829,-0.04600284993648529,0.11347591876983643,-0.109450563788414,0.10489869117736816,0.0848274677991867,-0.39296409487724304,-0.08618594706058502,-0.20827345550060272,-0.2194005697965622,-0.158834308385849,-0.2067956030368805,0.0234183631837368,0.12485159933567047,0.5443612933158875,0.3118380010128021,0.24646607041358948,0.2300170212984085,0.04450703784823418,0.03999219462275505,0.007696297951042652,-0.07726223766803741,0.28162139654159546,0.04276510700583458,-0.05094509199261665,-0.04205963388085365,-0.1961507946252823,0.13795045018196106,-0.14766407012939453,-0.07635839283466339,-0.11672183126211166,-0.08268041908740997,-0.013026815839111805,0.005606991238892078,0.1028820276260376,-0.1834489405155182,0.15981915593147278,0.3031986355781555,-0.025642305612564087,-0.2279551923274994,-0.14340278506278992,0.31165629625320435,-0.3955696225166321,0.059709422290325165,-0.14513622224330902,0.01960369013249874,-0.21457819640636444,0.14063705503940582,0.2416847050189972,-0.024944040924310684,0.011210603639483452,-0.071349136531353,0.06545086205005646,-0.6525639295578003,0.008478587493300438,0.25315749645233154,-0.2781817317008972,0.0033539175055921078,-0.36725911498069763,0.1846950799226761,0.10593961179256439
CID000003911,337,0.1676044762134552,-0.21726378798484802,0.3397625982761383,0.8725579380989075,-0.33068975806236267,0.04461691528558731,0.015221473760902882,0.14270338416099548,0.12532006204128265,0.07147613912820816,9.426474571228027e-05,-0.3841358721256256,-0.3766733407974243,0.18068793416023254,0.3248191475868225,0.3114648461341858,-0.034902267158031464,-0.034182965755462646,0.3138197064399719,-0.8237455487251282,-0.08644461631774902,-0.064655601978302,0.18563109636306763,-0.9331728219985962,-0.15737983584403992,0.21244052052497864,0.12676051259040833,-0.12742534279823303,0.03952058404684067,0.15874043107032776,-0.12937000393867493,-0.01728479191660881,-0.10476312786340714,0.42964982986450195,0.0974758043885231,-0.11688657104969025,0.12101135402917862,0.18016844987869263,-0.18688955903053284,-0.3304925262928009,-0.19739417731761932,-0.26105833053588867,-0.1461174041032791,-0.3216153681278229,-0.10686967521905899,0.09794400632381439,0.18320009112358093,0.04706890508532524,0.016561036929488182,-0.09886681288480759,0.9508369565010071,-0.07251165062189102,0.12516334652900696,0.03780196234583855,-0.06693542003631592,0.12669622898101807,0.5801131725311279,0.18954631686210632,1.2604560852050781,-0.0564010813832283,0.22627365589141846,-0.32992228865623474,-0.26660218834877014,-0.10105662047863007,-0.2081599235534668,0.6874303817749023,-0.2626817226409912,0.08358146995306015,-0.1356484591960907,0.0894278883934021,-0.08536015450954437,-0.0865677148103714,0.09426374733448029,-0.3086225390434265,-0.21744784712791443,0.29704657196998596,-0.0898551493883133,0.09586362540721893,-0.010208936408162117,0.1670534461736679,1.1026630401611328,-0.3030617833137512,-0.3986099660396576,0.07621263712644577,0.2954772114753723,-0.4652542471885681,0.09588775783777237,0.6005799174308777,-0.15703481435775757,-0.8333024978637695,0.49239835143089294,0.19523417949676514,-0.11972247064113617,0.40574702620506287,0.2532036602497101,-0.4934731423854828,0.4491395056247711,-0.008125722408294678,-0.011977488175034523,0.04612886533141136,0.29185929894447327,-0.17110216617584229,0.02407163754105568,0.6171692609786987,-0.48868662118911743,-0.21198377013206482,-0.05256396532058716,0.07681916654109955,0.7962592840194702,0.4223101735115051,0.11016611754894257,0.15319567918777466,0.26254844665527344,-0.3579549491405487,-0.5882698893547058,0.3863784372806549,0.2841131091117859,-0.047636788338422775,0.1999797523021698,0.07613532245159149,0.8484295010566711,-0.5696908831596375,0.5436592698097229,0.3878454566001892,-0.3926580250263214,-0.06263412535190582,-0.11127273738384247,0.018753934651613235,0.6396835446357727,0.04776694253087044,0.3457217514514923,-0.5516848564147949,-0.46270856261253357,-0.2618754506111145,0.21967533230781555,0.8781105279922485,0.23950156569480896,0.21671168506145477,-0.02316269837319851,-0.9145010709762573,-0.05866193771362305,0.1607578992843628,-0.2532917857170105,0.2511724531650543,0.05056467652320862,0.2936047911643982,-0.22933077812194824,0.8228222131729126,-0.06957237422466278,0.14325383305549622,0.07107803970575333,-0.5173087120056152,-0.20159406960010529,0.026675403118133545,-0.012361457571387291,-0.07929237931966782,0.01957320049405098,-0.2637506127357483,0.18726718425750732,0.07839373499155045,0.20812416076660156,-0.18185314536094666,0.23541438579559326,0.006054033990949392,-0.30320924520492554,0.031936030834913254,-0.262704461812973,-0.1445363461971283,-0.07946417480707169,0.2369970828294754,-0.13249489665031433,-0.10789690166711807,-0.008646477945148945,0.11352737993001938,0.20100262761116028,-0.17839041352272034,-0.08947781473398209,-0.3352624773979187,0.8501933217048645,0.11366911977529526,-0.5528138279914856,0.2179768830537796,-0.18630839884281158,0.2889987528324127,0.19279339909553528,-0.2763363718986511,-0.2047155797481537,0.09693069010972977,0.5793853998184204,-0.4023311138153076,0.13049767911434174,0.012268920429050922,-0.22641578316688538,-0.5167441368103027,0.11578524112701416,0.0015016670804470778,-0.3101714253425598,0.036137185990810394,0.37877753376960754,-0.04585608094930649,-0.4964377284049988,-0.2889231741428375,0.07008659094572067,-0.2977117896080017,0.12178728729486465,-0.06614119559526443,0.17347940802574158,-0.2000359743833542,0.320984810590744,1.0379444360733032,0.41510480642318726,0.0019955276511609554,0.07885418832302094,0.26041823625564575,0.17410185933113098,-0.15926894545555115,-0.008288686163723469,0.5796968340873718,0.7066478729248047,0.3223787844181061,-0.25502413511276245,-0.5920951962471008,0.20289599895477295,-0.5512253046035767,0.21695728600025177,-0.1337360441684723,0.185856431722641,-0.5542941689491272,0.09928180277347565,-0.05833299085497856,-0.3336682915687561,0.5011612176895142,0.06596576422452927,0.19325396418571472,-0.23984083533287048,0.04219434782862663,0.7115021347999573,-0.25140273571014404,-0.05833891034126282,-0.05902125686407089,-0.28653866052627563,-1.049601674079895,-0.5932860374450684,0.20822545886039734,0.15364588797092438,0.028174180537462234,-0.31332331895828247,0.004759585950523615,-0.9220672845840454,-0.29568248987197876,0.6082524061203003,0.34425434470176697,0.22571487724781036,-0.08473692089319229,-0.016505222767591476,-0.1078789234161377
CID000005212,338,0.13066889345645905,0.16396936774253845,0.36936283111572266,0.5042453408241272,-0.5364253520965576,0.11406375467777252,0.21556958556175232,0.3899955749511719,0.1422969400882721,0.21441538631916046,-0.121708944439888,-0.3010631203651428,-0.29799091815948486,0.23708565533161163,-0.21119177341461182,0.09187059104442596,0.04891994595527649,0.01707589626312256,0.04131451994180679,-0.45126399397850037,-0.1447843611240387,-0.22441509366035461,-0.005374424159526825,-0.8481656312942505,0.12446806579828262,0.20026084780693054,-0.2281986027956009,-0.24381403625011444,-0.02375211752951145,0.09049020707607269,-0.12667450308799744,0.1285201609134674,0.16206997632980347,0.0811370313167572,0.01823236420750618,0.23720428347587585,-0.06517177075147629,0.32228589057922363,0.13267910480499268,-0.26039689779281616,0.0008019901579245925,-0.07050694525241852,0.08541326969861984,0.027457404881715775,-0.2517804205417633,0.21622323989868164,0.0710555911064148,0.03908650204539299,0.058077502995729446,0.16743721067905426,0.5420090556144714,-0.14372895658016205,-0.26753348112106323,0.07144434750080109,0.0531102791428566,-0.0024701356887817383,-0.0015515446430072188,-0.07017739117145538,0.21077880263328552,-0.2713330090045929,-0.11417154222726822,-0.31534823775291443,0.03397483378648758,-0.1751573234796524,0.2406354397535324,0.43306559324264526,-0.37919196486473083,-0.025957901030778885,0.14402265846729279,0.051345158368349075,0.19760775566101074,0.029249519109725952,-0.23232099413871765,-0.3901669383049011,-0.17810210585594177,0.07029802352190018,0.2517141103744507,0.033796776086091995,-0.1631760448217392,0.006823346018791199,0.1626211702823639,-0.28776153922080994,-0.3491981625556946,0.11138761043548584,0.19062843918800354,0.18804308772087097,0.08955807983875275,0.419482558965683,-0.08855736255645752,-0.3687642812728882,-0.0390164777636528,0.1295202076435089,-0.08806844055652618,0.04820014908909798,-0.23904898762702942,-0.18293549120426178,0.20935681462287903,0.01865035854279995,-0.04639599472284317,0.12493840605020523,-0.04787314310669899,0.1342000812292099,0.04548492282629013,0.1594071239233017,0.2686426341533661,-0.004145312123000622,-0.08180341869592667,-0.05023308843374252,0.34772899746894836,-0.2027653157711029,0.06073363870382309,0.03536679595708847,-0.2914840281009674,-0.36454635858535767,0.066304050385952,0.2806320786476135,-0.22581863403320312,-0.18635690212249756,-0.1286318004131317,0.29776471853256226,0.6782889366149902,-0.2125888615846634,0.24439644813537598,0.2582976520061493,-0.4078594744205475,0.3505813479423523,0.04432671517133713,-0.06493306159973145,0.09810762852430344,0.1123742014169693,0.2999739348888397,-0.4735182225704193,-0.5888240337371826,0.13659155368804932,0.30968180298805237,0.2583942115306854,0.1354585736989975,0.24047911167144775,0.138743594288826,-0.09398428350687027,-0.12179539352655411,0.24139675498008728,0.29377487301826477,0.05345109850168228,0.009777468629181385,0.27997955679893494,-0.16422352194786072,0.40734973549842834,0.1824697107076645,0.25719699263572693,0.058451928198337555,-0.2938249707221985,-0.13486778736114502,0.10158830881118774,-0.14290101826190948,-0.20067577064037323,0.08637732267379761,-0.15554890036582947,0.037130605429410934,0.02969297766685486,-0.12227994203567505,-0.12045496702194214,0.13623683154582977,0.215834379196167,-0.08475640416145325,0.08633784204721451,-0.05292057991027832,0.21406769752502441,0.1452966034412384,0.18969139456748962,0.0178245659917593,0.20542952418327332,-0.29864805936813354,-0.22351126372814178,0.20255891978740692,-0.04111969470977783,0.25839853286743164,-0.0800320953130722,0.652763843536377,0.09242978692054749,-0.13621163368225098,0.18989582359790802,-0.09837834537029266,-0.00309987785294652,0.22704832255840302,0.06348021328449249,-0.11259999126195908,0.12389104068279266,0.1496582329273224,-0.38335973024368286,0.041021816432476044,0.14691725373268127,0.0445425920188427,-0.13692834973335266,0.3874460756778717,0.12099017947912216,0.12289740145206451,-0.08198381215333939,-0.17234981060028076,-0.11279990524053574,-0.06821312010288239,-0.4708274006843567,0.01197936199605465,-0.1801605522632599,-0.14595602452754974,-0.2149277627468109,0.05945691466331482,0.007231664843857288,0.15864813327789307,0.49677911400794983,0.333456814289093,0.26540303230285645,0.25037986040115356,0.027251487597823143,0.14351101219654083,-0.14940869808197021,-0.10231305658817291,0.2693246304988861,0.09979061037302017,-0.005887466482818127,-0.17369966208934784,-0.049519311636686325,-0.17503389716148376,-0.07814756780862808,0.1463109701871872,-0.09039588272571564,0.2645195722579956,-0.31642815470695496,-0.14053134620189667,0.13546127080917358,-0.09264232963323593,0.177139550447464,0.32844144105911255,-0.0057494668290019035,-0.02925506792962551,0.08464857190847397,0.4973914623260498,-0.6316556334495544,0.025334492325782776,-0.1671449840068817,0.2201295644044876,-0.20165276527404785,0.08784538507461548,0.2768688201904297,-0.13405834138393402,0.052730996161699295,0.0688961073756218,-0.08054372668266296,-0.6429828405380249,-0.18320342898368835,0.3581971526145935,-0.2582854926586151,0.30731457471847534,-0.4168787896633148,-0.09194590151309967,0.04713933542370796
CID000000159,339,0.06476453691720963,-0.06971000880002975,0.1606413871049881,0.40975338220596313,-0.0890059620141983,0.0582885816693306,0.2310069054365158,0.14176234602928162,0.006759545300155878,0.14651525020599365,0.06020097807049751,-0.2817040979862213,-0.2386763095855713,0.15885494649410248,-0.011667272076010704,-0.11807012557983398,-0.10785982757806778,-0.1645801067352295,0.023527082055807114,-0.438484251499176,0.06397343426942825,-0.15858833491802216,-0.16638176143169403,-0.709144115447998,0.011752014979720116,0.18692563474178314,-0.21012873947620392,-0.11578457057476044,-0.03652230277657509,0.32120615243911743,-0.20863568782806396,0.17286811769008636,-0.10603368282318115,0.16380134224891663,0.019013723358511925,-0.021424734964966774,-0.22767022252082825,0.1836271584033966,0.1302768588066101,-0.34844160079956055,-0.1879313886165619,-0.22888429462909698,0.027321111410856247,-0.14190377295017242,0.0010987657587975264,0.5897713899612427,0.043490219861269,0.17573057115077972,-0.16358616948127747,0.04550950974225998,0.45214495062828064,0.025442849844694138,-0.3868087828159332,0.11221742630004883,0.23883208632469177,-0.1396375298500061,-0.24606068432331085,-0.1838849037885666,0.01806403137743473,0.15152975916862488,-0.03718545660376549,-0.19326025247573853,0.170089453458786,-0.005361285991966724,0.11663617938756943,0.589065432548523,-0.1447790265083313,0.04404100030660629,0.3656865954399109,0.2134588658809662,0.05550995469093323,0.2840416431427002,-0.38037341833114624,-0.017132915556430817,-0.26461082696914673,-0.1275484412908554,-0.17580755054950714,0.36604470014572144,-0.22838833928108215,-0.06189913675189018,0.48118630051612854,-0.12123236805200577,-0.5761374831199646,0.18220052123069763,0.22773149609565735,-0.0032860548235476017,0.14556315541267395,0.4941386282444,0.1275869905948639,-0.8088290095329285,0.08154605329036713,0.11903528869152069,-0.12008925527334213,0.0939369723200798,0.1140790730714798,-0.3786100745201111,0.19598975777626038,0.23760898411273956,-0.09270778298377991,0.08509518206119537,-0.17954128980636597,-0.03743624687194824,-0.07712886482477188,0.24455614387989044,0.32085904479026794,-0.047184087336063385,0.0315818265080452,0.04962782934308052,0.3728102445602417,-0.09854621440172195,0.0021075711119920015,-0.014981347136199474,-0.3243136405944824,-0.014607256278395653,-0.17679060995578766,0.5657728910446167,-0.2543124556541443,-0.1072823777794838,-0.2860802412033081,0.0016970366705209017,0.5477570295333862,-0.013585187494754791,0.24959838390350342,0.26948100328445435,-0.04805165156722069,0.11378113925457001,0.1880870759487152,-0.09084442257881165,0.5920282602310181,0.16880543529987335,0.16006241738796234,-0.1862379014492035,-0.14121076464653015,0.059539616107940674,0.4876920282840729,0.4864796996116638,-0.1413072645664215,0.1764078140258789,-0.0034104406367987394,0.033975325524806976,-0.15659476816654205,0.289326936006546,0.07715331763029099,-0.026399144902825356,0.045489516109228134,0.38064032793045044,-0.08996709436178207,0.36679142713546753,0.049500755965709686,0.24541552364826202,-0.19114843010902405,-0.13659505546092987,0.1912340223789215,0.034890659153461456,-0.22507250308990479,-0.0229500625282526,-0.20912155508995056,-0.36651188135147095,0.27611303329467773,0.07088664919137955,0.1752469837665558,-0.10353658348321915,-0.008964484557509422,-0.06677749007940292,0.1278662234544754,0.05886254459619522,-0.1695067584514618,0.13209791481494904,0.054757725447416306,0.3170449435710907,0.08448246121406555,-0.2726120948791504,-0.32139310240745544,-0.5963049530982971,-0.13560408353805542,-0.08395393937826157,0.039892032742500305,-0.3541114926338196,0.355901837348938,0.10556326061487198,-0.1799744814634323,0.17459967732429504,-0.33637261390686035,-0.2603098750114441,0.5917490720748901,-0.007062256336212158,-0.45380228757858276,-0.07470299303531647,0.24502572417259216,-0.579345703125,-0.16091403365135193,-0.10114948451519012,0.101218082010746,0.1381896436214447,0.22687888145446777,-0.023952027782797813,0.33536189794540405,0.0447821207344532,-0.10266107320785522,-0.10488226264715195,-0.009641421027481556,-0.12816020846366882,-0.14403656125068665,-0.36979061365127563,0.24442143738269806,-0.42860111594200134,-0.16348440945148468,-0.12267240136861801,-0.11580765247344971,0.7895215153694153,0.513891339302063,0.2443968951702118,0.2419775277376175,0.16084347665309906,0.15184307098388672,-0.08712862432003021,0.21668250858783722,0.02489880658686161,-0.15694651007652283,-0.287256121635437,0.06749092042446136,-0.06736072897911072,0.345113605260849,-0.3511941134929657,0.18756896257400513,0.14518511295318604,0.08315616101026535,-0.5243727564811707,-0.11057408154010773,0.010225403122603893,-0.07705936580896378,0.48673519492149353,0.47951698303222656,-0.16974537074565887,0.2261241376399994,0.029177755117416382,0.31490659713745117,-0.5018641948699951,0.03165001422166824,0.04572701081633568,0.20694677531719208,-0.5604261755943298,-0.12080389261245728,0.4150087237358093,-0.40236979722976685,0.19551415741443634,0.127112478017807,0.05333901196718216,-0.4628525674343109,-0.2692684233188629,0.32592910528182983,-0.0807323157787323,-0.024761205539107323,-0.06414825469255447,0.05091627687215805,0.15405814349651337
CID000152945,340,0.218650221824646,-0.0876760482788086,-0.0744631215929985,0.3725619316101074,-0.3854813575744629,0.04683995619416237,0.08267134428024292,0.08820567280054092,-0.13549849390983582,0.059144794940948486,0.011614954099059105,0.046351462602615356,-0.12395913898944855,0.3904341161251068,-0.0030387029983103275,-0.03705381602048874,-0.2725211977958679,-0.2463487684726715,-0.105515256524086,-0.4867742657661438,0.2284391224384308,-0.26837173104286194,-0.25231611728668213,-0.9438282251358032,-0.12893638014793396,-0.20602278411388397,-0.25870463252067566,0.055195726454257965,-0.01851760223507881,0.12264497578144073,-0.13179589807987213,0.17030462622642517,0.2592621445655823,0.28337326645851135,-0.10305219888687134,-0.20417973399162292,0.11563248932361603,0.39792972803115845,0.018957594409585,-0.06302066147327423,0.21788804233074188,-0.2731974720954895,-0.06050199270248413,-0.26540812849998474,-0.196250319480896,0.28611135482788086,0.1268470734357834,0.11904575675725937,0.18619202077388763,-0.11028113216161728,0.3295142650604248,0.09228722751140594,-0.27191248536109924,-0.3402213454246521,0.027520213276147842,-0.11350178718566895,-0.013155698776245117,0.017400696873664856,0.17073485255241394,0.002890252973884344,0.002698668744415045,-0.2249818742275238,-0.16387596726417542,-0.2061268389225006,0.0013668953906744719,0.4314005970954895,-0.19884438812732697,-0.11781685054302216,0.06456610560417175,-0.010403956286609173,0.09238986670970917,-0.015701746568083763,-0.15172144770622253,-0.25597083568573,-0.07811222970485687,0.18381056189537048,0.1623266488313675,0.3860158324241638,-0.1602592170238495,-0.3480169177055359,0.3988165259361267,-0.37785929441452026,-0.4450087547302246,0.04268144443631172,0.13971245288848877,-0.3210678696632385,0.274891197681427,0.0684683620929718,-0.17050549387931824,-0.9175097346305847,-0.10463061183691025,0.2152622640132904,-0.10476956516504288,0.010596179403364658,-0.21000070869922638,-0.3312578797340393,0.126434326171875,-0.23078450560569763,0.2105436772108078,0.21283595263957977,0.11110402643680573,-0.2734909951686859,-0.11041033267974854,0.26163095235824585,-0.06536678969860077,0.16824749112129211,-0.10988614708185196,0.13536664843559265,0.48830994963645935,0.27433162927627563,0.008879497647285461,0.3731721341609955,-0.03173922002315521,-0.0287371426820755,-0.09646455943584442,0.2222278118133545,-0.050323713570833206,-0.03608016297221184,-0.18094363808631897,-0.14696446061134338,0.6555389165878296,0.033787086606025696,0.28958216309547424,0.2514355778694153,-0.07108382880687714,0.1725161373615265,0.13279041647911072,0.21023836731910706,0.19349168241024017,-0.016603359952569008,-0.04114985466003418,-0.6792668104171753,-0.3563728630542755,0.0007921770447865129,0.03300623968243599,0.14350134134292603,-0.12589450180530548,0.10913427174091339,-0.12195871770381927,-0.3637152910232544,-0.047127798199653625,0.24341709911823273,-0.010493049398064613,-0.08938075602054596,-0.006404013838618994,0.20789699256420135,0.1479158103466034,0.5855492353439331,-0.2374441921710968,0.10497601330280304,-0.06612775474786758,-0.5064602494239807,0.05205684155225754,0.37170928716659546,-0.11254703998565674,-0.12453707307577133,0.023473884910345078,-0.28142744302749634,0.014661955647170544,0.09719084948301315,-0.09463830292224884,-0.22949087619781494,-0.02487417683005333,-0.2125917375087738,0.0274201687425375,0.28750744462013245,-0.14585082232952118,0.16962075233459473,0.07328198850154877,0.21279959380626678,0.18613426387310028,-0.19456803798675537,-0.3057125210762024,-0.3850107192993164,-0.23958531022071838,-0.17844675481319427,0.021745603531599045,-0.398117333650589,0.6199844479560852,-0.11218573898077011,-0.24522018432617188,-0.1418795883655548,-0.09892138093709946,-0.21611475944519043,0.28348344564437866,0.0750335231423378,-0.14313092827796936,-0.279487282037735,0.22875013947486877,-0.31415969133377075,-0.012624049559235573,0.06865876913070679,-0.014844730496406555,-0.3876747786998749,0.2011529505252838,-0.07014211267232895,0.050555258989334106,-0.07443054765462875,0.30193543434143066,0.04990435764193535,-0.33996570110321045,-0.08687294274568558,0.004774195607751608,-0.21836629509925842,0.03240765258669853,-0.38459497690200806,0.06797820329666138,0.35442236065864563,0.01589936576783657,0.4173288345336914,0.38301655650138855,0.04309660196304321,0.10247862339019775,0.3900534510612488,-0.15252061188220978,-0.1410508155822754,0.025982042774558067,0.10742797702550888,0.12215378135442734,-0.0277751125395298,-0.006225901655852795,-0.05433652922511101,-0.18899908661842346,-0.2957588732242584,0.11360690742731094,-0.19638818502426147,0.03959215432405472,0.03551052138209343,0.18066567182540894,-0.3816031515598297,-0.04833730310201645,0.05725995823740959,0.07394114881753922,0.07516461610794067,-0.30653947591781616,0.023521680384874344,0.20564432442188263,-0.21788689494132996,0.0814865380525589,-0.36016055941581726,0.00668701808899641,-0.6510109901428223,0.07045172154903412,0.12982048094272614,-0.17709162831306458,-0.13690483570098877,0.09552960097789764,0.29482409358024597,-0.6121798753738403,-0.23482179641723633,0.3270380198955536,-0.09097545593976974,0.1333826333284378,-0.14265483617782593,0.19128794968128204,-0.06674226373434067
CID000004168,341,0.3552059531211853,0.25231993198394775,0.15486423671245575,0.6831995844841003,-0.6092515587806702,0.22719721496105194,0.15254108607769012,0.3063706159591675,0.30838701128959656,0.05299152061343193,0.28055140376091003,-0.09797030687332153,-0.03891796991229057,0.2702347934246063,-0.13711902499198914,-0.17261098325252533,0.0736580342054367,0.017573121935129166,0.04094597324728966,-0.7206036448478699,-0.14417436718940735,-0.20705261826515198,0.19631846249103546,-0.7553364634513855,0.006282418966293335,0.13779036700725555,-0.22256967425346375,-0.022933507338166237,-0.026719430461525917,0.3040015995502472,0.012626713141798973,0.20069873332977295,0.2409379929304123,0.1478860080242157,-0.06720185279846191,0.1718260943889618,0.050336867570877075,0.09457652270793915,0.02839522436261177,-0.07359921932220459,-0.15570564568042755,0.2929580509662628,0.13792261481285095,-0.23927466571331024,0.11497203260660172,0.2522280514240265,-0.3193134665489197,-0.05813814327120781,0.1252947747707367,-0.008897611871361732,0.5794343948364258,0.051733605563640594,-0.3565220534801483,-0.09364166110754013,0.0060082050040364265,-0.14979422092437744,0.23410944640636444,-0.013274556025862694,0.05490429326891899,-0.34176963567733765,-0.11917565017938614,-0.06102517992258072,0.008787184953689575,-0.04610615223646164,-0.008079858496785164,0.39416342973709106,-0.24399785697460175,-0.06925763189792633,0.10587716102600098,-0.08360704034566879,0.00940370000898838,0.11045994609594345,-0.09706443548202515,-0.23504212498664856,-0.25526127219200134,0.2814018428325653,0.046754878014326096,-0.11759571731090546,-0.009487646631896496,0.013945549726486206,0.38602012395858765,-0.46804317831993103,-0.3232095539569855,-0.4705268442630768,-0.03604501113295555,-0.17648851871490479,0.5629871487617493,0.13532403111457825,-0.001796084688976407,-0.622195303440094,-0.02282705530524254,0.14697568118572235,-0.06633584201335907,-0.5011990070343018,0.15583600103855133,-0.19096927344799042,0.01554018259048462,-0.25723758339881897,0.12013585865497589,0.693229615688324,0.04418671876192093,-0.22716443240642548,0.1392788290977478,0.026234736666083336,-0.4119860529899597,0.08032584935426712,0.07451093196868896,-0.15732331573963165,0.5519734621047974,0.4314027726650238,-0.025546018034219742,0.17586717009544373,-0.14128828048706055,-0.41178879141807556,-0.11556520313024521,0.2813608944416046,0.010980037041008472,-0.34123626351356506,-0.1785896122455597,0.45488032698631287,0.821125328540802,-0.03240542858839035,0.2690853476524353,0.23308472335338593,0.045592665672302246,-0.09627049416303635,0.051790546625852585,-0.24979758262634277,0.4507126212120056,-0.20398251712322235,0.0746246725320816,-0.6294584274291992,-0.36531224846839905,0.24192245304584503,0.1510612666606903,0.19327227771282196,0.20946970582008362,0.22255106270313263,-0.3916861116886139,-0.2611754536628723,-0.45328885316848755,0.1840922087430954,0.17842726409435272,-0.18308988213539124,-0.038284268230199814,0.4200650155544281,-0.07010450214147568,0.6353856921195984,0.040542080998420715,0.09731148928403854,0.07618416845798492,-0.739653468132019,0.1922157108783722,-0.11282704770565033,-0.3457943797111511,-0.07357631623744965,-0.0055765314027667046,-0.28033679723739624,0.07057926803827286,0.1449832022190094,0.012682867236435413,0.1423925906419754,0.07093993574380875,0.15984249114990234,-0.03874887898564339,-0.17228876054286957,-0.3830527663230896,0.10774210840463638,0.0787816196680069,0.05435522273182869,0.09742625802755356,-0.05875745415687561,-0.26436561346054077,-0.2668451964855194,0.05116982385516167,-0.09365417808294296,0.1551283895969391,-0.44103679060935974,0.7615524530410767,-0.18363913893699646,-0.2401324063539505,0.18667662143707275,-0.18971192836761475,-0.15027382969856262,0.12417475879192352,0.16784468293190002,-0.20715458691120148,0.2916049063205719,0.06126897409558296,-0.21607474982738495,-0.18479092419147491,0.028964346274733543,-0.13098040223121643,-0.17923781275749207,0.15033435821533203,-0.017210280522704124,-0.06754263490438461,0.023570677265524864,-0.1219213604927063,-0.33044829964637756,-0.39930087327957153,-0.2341429889202118,0.08222658187150955,-0.5249478220939636,0.01786891184747219,0.0647830218076706,-0.22386257350444794,-0.02898772433400154,0.32441994547843933,0.687504768371582,0.38021162152290344,-0.3696942627429962,0.3191230893135071,0.20642085373401642,0.18076272308826447,-0.8863468170166016,0.23332583904266357,0.4479328989982605,0.03731547296047211,0.13622283935546875,-0.1579347848892212,0.42327386140823364,0.08555833995342255,-0.23682768642902374,-0.004771143198013306,-0.16332626342773438,-0.0474504716694355,-0.7226951122283936,-0.1803969144821167,-0.2216440737247467,-0.11246831715106964,0.28855088353157043,0.16672992706298828,-0.10297082364559174,0.056577496230602264,0.1749173104763031,0.4712921977043152,-0.23301561176776886,-0.15522556006908417,-0.15548469126224518,-0.01866195723414421,-0.45382317900657654,0.009095299057662487,0.04340839758515358,0.04409259557723999,0.36143192648887634,0.15340068936347961,-0.05470932647585869,-0.9088471531867981,-0.22801513969898224,0.06622330844402313,0.044679004698991776,-0.1516668051481247,0.06399159133434296,-0.10728035867214203,0.09555403888225555
CID000002978,346,0.21541091799736023,0.20729073882102966,-0.14896006882190704,0.2919900119304657,-0.26706838607788086,0.24114564061164856,0.259648859500885,0.38653630018234253,-0.40056782960891724,0.14184744656085968,-0.2767740786075592,-0.0017619163263589144,0.13970553874969482,0.4025786817073822,-0.22950048744678497,-0.07895572483539581,0.02795496955513954,-0.03283445164561272,0.0707995817065239,-0.5889657735824585,0.01160611491650343,-0.383944034576416,-0.29852867126464844,-0.8923015594482422,0.2069106101989746,0.19489075243473053,-0.05541672557592392,-0.07223836332559586,0.05298727750778198,0.215712308883667,-0.20964577794075012,0.3121047914028168,0.0790746882557869,0.02750241756439209,0.12638729810714722,0.014070281758904457,0.12881936132907867,0.1509326845407486,0.10570371150970459,-0.068251833319664,-0.1881745606660843,-0.2729083001613617,-0.1414032131433487,-0.5479377508163452,-0.08433069288730621,0.3943796157836914,0.03346309810876846,0.185261070728302,-0.07694918662309647,-0.13682273030281067,0.6355122327804565,0.24979451298713684,0.024858340620994568,-0.09223669022321701,0.37175253033638,-0.1601811945438385,0.3457888960838318,0.12807130813598633,0.020264580845832825,0.056557513773441315,-0.3221699297428131,-0.3164878487586975,-0.20615024864673615,-0.01230919361114502,0.11687056720256805,0.39157336950302124,-0.12545202672481537,0.259666383266449,0.001909010112285614,-0.19756099581718445,-0.12630435824394226,-0.10236839950084686,-0.21973192691802979,-0.2589724361896515,-0.22057417035102844,0.20149198174476624,0.05643625184893608,0.19931025803089142,-0.12724970281124115,0.28721871972084045,0.2360249012708664,-0.4728585183620453,-0.34565821290016174,-0.18890081346035004,-0.32521718740463257,-0.3029577434062958,0.20584723353385925,0.08308937400579453,-0.06388036161661148,-0.7530325651168823,0.08041375130414963,0.03677520155906677,-0.04222758486866951,0.0027722001541405916,0.13000303506851196,-0.4405333399772644,0.2791749835014343,0.06388528645038605,0.10573543608188629,0.3421732783317566,0.11842288076877594,0.14954955875873566,-0.020497679710388184,0.34450763463974,-0.13109010457992554,0.07431556284427643,-0.12620487809181213,-0.08443238586187363,0.544082760810852,0.15815812349319458,0.019053444266319275,0.4563221037387848,-0.06016586348414421,-0.14693304896354675,-0.4128713011741638,0.1360188126564026,-0.15272119641304016,-0.030437860637903214,-0.06782267242670059,0.1787235140800476,0.6200098991394043,-0.2642827033996582,0.485495388507843,-0.05415535718202591,-0.024859631434082985,0.13082782924175262,-0.016302702948451042,0.2257607877254486,0.3492879867553711,-0.1649266630411148,-0.10226261615753174,-0.3672969341278076,-0.3412325978279114,0.1202925592660904,0.2217000424861908,-0.12073531001806259,-0.2846779227256775,-0.05068296194076538,0.1731702983379364,-0.4021938741207123,-0.6313678026199341,0.41858354210853577,0.31750380992889404,-0.2098187506198883,-0.25474637746810913,0.3181902766227722,-0.15104679763317108,0.3368448317050934,-0.07792960107326508,0.05689253658056259,-0.3069971203804016,-0.34805747866630554,-0.2408909797668457,0.18075957894325256,-0.21770238876342773,-0.01551157794892788,0.15345588326454163,-0.36006876826286316,0.05713373422622681,0.25414609909057617,-0.05467939376831055,-0.27616041898727417,-0.05887246131896973,0.0021934465039521456,-0.13581828773021698,0.01704491674900055,-0.11688666045665741,0.3050761818885803,-0.27260345220565796,0.01586981862783432,0.1126502975821495,-0.45280569791793823,-0.12388211488723755,-0.3824385106563568,-0.02688669040799141,0.11955412477254868,0.11080136150121689,-0.3082335889339447,0.6614397168159485,-0.17966917157173157,0.19022038578987122,-0.10270880162715912,-0.4615626931190491,-0.0017681911122053862,0.1379740983247757,0.16830137372016907,-0.35381582379341125,-0.049081262201070786,-0.2502926290035248,-0.24191348254680634,-0.08943665772676468,0.014575582928955555,0.1762504130601883,-0.07947103679180145,0.09814032167196274,-0.05210347846150398,-0.01201936136931181,0.14739270508289337,0.19133490324020386,0.17482346296310425,0.11763516813516617,-0.28786700963974,-0.020092224702239037,-0.2561424970626831,-0.07164925336837769,-0.07490818947553635,-0.030796125531196594,-0.31906062364578247,0.16309109330177307,0.39115047454833984,0.3928613066673279,-0.22384941577911377,0.46538466215133667,0.23322924971580505,0.14768175780773163,-0.922534167766571,0.2597489356994629,0.18607015907764435,0.27042850852012634,0.37615320086479187,0.039983589202165604,0.10540366172790527,0.10099251568317413,-0.3690822720527649,0.28907573223114014,-0.032995693385601044,-0.009686708450317383,-0.350488543510437,-0.005644023418426514,0.10515289008617401,-0.057903289794921875,-0.025382723659276962,0.11750797927379608,0.0715162456035614,-0.3302163779735565,0.128819078207016,0.17341497540473938,-0.16193945705890656,0.14309147000312805,-0.4529380202293396,0.1738734245300293,-0.4633047580718994,-0.2949352562427521,0.29160231351852417,-0.10322581231594086,-0.14030632376670837,0.009318363852798939,-0.13219135999679565,-0.6182810664176941,-0.19453874230384827,0.4085843563079834,-0.3365878462791443,0.050783731043338776,0.013954210095107555,0.11259689182043076,-0.18466919660568237
CID000005379,347,0.06294868886470795,0.3812420070171356,0.29788821935653687,0.4286389946937561,-0.4448160231113434,3.0694900488015264e-05,0.19457165896892548,0.25410181283950806,-0.0061064427718520164,0.3912406265735626,-0.1693708449602127,-0.1499825268983841,0.017091482877731323,0.4294954240322113,-0.011480404064059258,0.024940278381109238,-0.016616027802228928,-0.05301545187830925,0.18763840198516846,-0.48652324080467224,-0.26599740982055664,-0.2051347941160202,0.024088691920042038,-0.7138557434082031,0.04526925086975098,0.12494777143001556,-0.17680032551288605,-0.1970992237329483,-0.07112905383110046,0.3917537033557892,-0.12168309837579727,0.19203858077526093,-0.15554890036582947,0.09724851697683334,-0.07544641196727753,0.052549250423908234,0.24744375050067902,0.2221796065568924,0.25113266706466675,-0.37411993741989136,-0.12819650769233704,0.07781650125980377,0.21706435084342957,-0.1453244835138321,-0.05684281513094902,0.16731061041355133,-0.02282576635479927,0.03379259631037712,0.3825538754463196,0.18168501555919647,0.4661432206630707,-0.09546580165624619,-0.2658911645412445,0.12568116188049316,0.10368376970291138,-0.10886505991220474,0.16339628398418427,0.19693365693092346,0.28859657049179077,0.0013410926330834627,-0.3362186849117279,-0.39359453320503235,-0.008819076232612133,-0.27011218667030334,0.07360614836215973,0.6213139295578003,-0.403390109539032,0.11527081578969955,0.1322748064994812,0.04717717319726944,-0.1353870928287506,0.04857758432626724,-0.29250568151474,-0.37202465534210205,-0.18796595931053162,-0.1400960385799408,-0.2449348270893097,-0.08593622595071793,-0.06566287577152252,0.10924843698740005,-0.09966178238391876,-0.25446707010269165,-0.32140472531318665,-0.1462230682373047,0.09696737676858902,0.08196517080068588,0.28498247265815735,0.04253935068845749,0.03096596524119377,-0.6907769441604614,-0.18162178993225098,0.26986438035964966,-0.1603727638721466,-0.07023505866527557,-0.07879646867513657,-0.2626115679740906,-0.06678205728530884,0.1429823338985443,0.08306584507226944,0.19926442205905914,0.08847769349813461,0.0504610650241375,0.09727822244167328,0.301436185836792,0.08379198610782623,0.006329661700874567,0.06396044790744781,0.1845051497220993,0.30329465866088867,-0.20232577621936798,0.09787701070308685,0.04285944253206253,-0.1553335189819336,-0.2037828415632248,-0.03201911970973015,0.21769297122955322,-0.09129201620817184,0.06522426754236221,-0.1409609615802765,0.3566804826259613,0.6423642635345459,-0.3709790110588074,0.14044539630413055,0.34417080879211426,-0.3021194040775299,0.314598023891449,0.1318206638097763,-0.01962469145655632,0.24965207278728485,-0.15738439559936523,0.3258644640445709,-0.561387300491333,-0.42791038751602173,0.12059386819601059,0.3172793984413147,0.21651828289031982,0.01054779440164566,0.27146148681640625,0.07216306775808334,-0.032830916345119476,-0.28335040807724,0.4745404124259949,0.19305692613124847,0.05632229521870613,0.06463484466075897,0.16130276024341583,-0.17953045666217804,0.45397672057151794,0.319180965423584,0.27875378727912903,0.11924572288990021,-0.21753855049610138,-0.11326643079519272,0.19119806587696075,-0.2722962498664856,-0.26716795563697815,0.0696595162153244,-0.5073009729385376,0.018228426575660706,0.3148725926876068,0.26556122303009033,-0.13597123324871063,-0.0009834363590925932,-0.08146215975284576,-0.3353278636932373,-0.047375936061143875,-0.18850047886371613,0.43072789907455444,-0.029223177582025528,0.0996258407831192,0.10820890963077545,0.08331538736820221,-0.12011726200580597,-0.057139527052640915,0.005686612334102392,-0.07451003789901733,0.5325688123703003,-0.1972552239894867,0.46883025765419006,0.11553100496530533,-0.1918325424194336,0.2484363615512848,-0.17502233386039734,-0.14788982272148132,0.08808992058038712,0.29621344804763794,-0.1808173954486847,-0.25195759534835815,-0.08207343518733978,-0.4177161157131195,0.040126822888851166,0.1519206464290619,-0.015976812690496445,-0.1454198956489563,0.2880430817604065,0.07532019168138504,0.27648574113845825,-0.03309675306081772,0.25318223237991333,-0.16443969309329987,-0.021718045696616173,-0.4041491150856018,0.18928220868110657,-0.5985307693481445,0.0455096960067749,-0.12663273513317108,0.01789047196507454,-0.1687193363904953,0.6770109534263611,0.48810824751853943,0.4410153031349182,-0.028912734240293503,0.15615305304527283,0.21528033912181854,0.2438114583492279,-0.6023955345153809,0.2345074713230133,0.07754655182361603,0.018877321854233742,-0.2883222699165344,0.05284945294260979,0.14313508570194244,-0.16368535161018372,-0.24464181065559387,-0.09297499805688858,0.12522351741790771,0.032612498849630356,-0.35089877247810364,-0.015132802538573742,-0.041185975074768066,-0.10674767196178436,0.1674613654613495,0.07243204116821289,0.00803047139197588,-0.03463876247406006,-0.025181913748383522,0.5761651396751404,-0.7948167324066162,-0.03420332819223404,-0.01222714502364397,0.1268213540315628,-0.30299094319343567,-0.17673876881599426,0.1616053283214569,-0.057100407779216766,0.037184249609708786,0.239859938621521,-0.20306873321533203,-0.6507716178894043,-0.17872819304466248,0.23995614051818848,-0.08917925506830215,0.2643562853336334,-0.287203311920166,0.22631116211414337,-0.10626605898141861
CID000104865,348,0.14733637869358063,0.09709010273218155,0.22711320221424103,0.568402111530304,-0.36881545186042786,0.1555246263742447,0.16116809844970703,0.3064427673816681,-0.14140774309635162,0.3485061824321747,-0.2014639675617218,-0.21520490944385529,-0.024744678288698196,0.24101516604423523,-0.13324052095413208,0.17239701747894287,0.05827418714761734,-0.13461102545261383,0.020297786220908165,-0.4212675094604492,-0.1003318578004837,-0.43082913756370544,0.03541436791419983,-0.7847164273262024,-0.08694174885749817,0.1741304099559784,-0.208867147564888,-0.041444383561611176,-0.009655332192778587,0.10007286071777344,-0.02768772281706333,0.20649926364421844,0.05441541597247124,-0.06251231580972672,0.0019325914327055216,0.21807655692100525,0.05199340730905533,0.33821672201156616,-0.05426149442791939,-0.3825727701187134,-0.006150512490421534,0.1429758220911026,0.08023594319820404,0.035600773990154266,-0.19647575914859772,0.1832820475101471,-0.06276676803827286,-0.09914371371269226,0.12906071543693542,0.1759728491306305,0.3981570303440094,-0.09391523897647858,-0.3006961941719055,0.07029201835393906,0.08379916101694107,0.06718482077121735,-0.09096702933311462,0.02054690197110176,0.2291843444108963,-0.2755817770957947,-0.14485418796539307,-0.3447737395763397,-0.06289079040288925,-0.10262827575206757,0.2689521908760071,0.3197384178638458,-0.17198394238948822,-0.04242027923464775,0.24873371422290802,0.018309954553842545,0.05351363494992256,-0.09868580102920532,-0.37981027364730835,-0.3324158787727356,-0.2541840076446533,0.043028101325035095,-0.0541139617562294,0.019836287945508957,-0.16708162426948547,0.032500214874744415,0.28981050848960876,-0.24955900013446808,-0.3538001477718353,-0.18070554733276367,0.0972890630364418,0.11633779108524323,0.1433887481689453,0.15124057233333588,0.1779055893421173,-0.5257604718208313,-0.10617110878229141,0.3031499981880188,-0.11889933049678802,0.02488986775279045,-0.26865440607070923,-0.12497074902057648,0.11622209846973419,-0.14007291197776794,0.02603561244904995,0.17348238825798035,0.09967472404241562,0.05683257430791855,-0.007666411809623241,0.17128005623817444,0.15982967615127563,-0.03802406042814255,0.041673220694065094,0.1566871851682663,0.36032623052597046,-0.14308969676494598,0.060178957879543304,0.19054286181926727,-0.24831533432006836,-0.12825122475624084,0.08541198819875717,0.37018972635269165,-0.3082450032234192,0.29855602979660034,-0.2000104933977127,0.43197059631347656,0.6577385663986206,-0.22343698143959045,0.08869342505931854,0.33588680624961853,-0.31968289613723755,0.4354611337184906,0.12381383031606674,0.1322842836380005,0.20083346962928772,0.1322058141231537,0.1190650463104248,-0.4349521994590759,-0.49020105600357056,0.14630652964115143,0.30761629343032837,0.24508294463157654,-0.12092604488134384,0.36281394958496094,0.17176051437854767,-0.09778441488742828,-0.10903533548116684,0.18850180506706238,0.18968866765499115,0.02400820143520832,-0.03142667934298515,0.31574323773384094,-0.274362713098526,0.41225481033325195,0.11767683178186417,0.4536278247833252,0.158332958817482,-0.33835315704345703,-0.009731501340866089,0.18640686571598053,-0.22842204570770264,-0.2032981663942337,-0.012658679857850075,-0.22229596972465515,-0.12766841053962708,0.13918544352054596,-0.0772707462310791,0.061817727982997894,0.00902434904128313,0.28209787607192993,-0.16762658953666687,0.12230517715215683,-0.21960599720478058,0.07945959270000458,0.007606458850204945,0.036193083971738815,0.050332166254520416,0.08465547859668732,-0.2540120482444763,-0.2300904244184494,0.13898777961730957,-0.16073055565357208,0.26248371601104736,-0.2261328250169754,0.6818903088569641,0.07576939463615417,-0.30003923177719116,0.07774297893047333,-0.2548198997974396,0.09703467786312103,0.2856876254081726,0.031118100509047508,-0.0679435208439827,0.0947287380695343,0.15296149253845215,-0.43569087982177734,0.14027532935142517,0.054738543927669525,0.05786147713661194,-0.2652604281902313,0.23048248887062073,0.10153818130493164,0.18472205102443695,-0.13689854741096497,-0.0366385355591774,0.053647369146347046,0.20421485602855682,-0.3619789481163025,-0.05942682549357414,-0.3905990719795227,0.03766503557562828,-0.20713555812835693,0.13814696669578552,-0.1348184496164322,0.04560358077287674,0.4957379400730133,0.29384249448776245,-0.15325601398944855,0.279359370470047,0.06497882306575775,0.057069677859544754,-0.1699003428220749,0.27143582701683044,0.13066895306110382,-0.005173861049115658,-0.14434243738651276,-0.1574128419160843,-0.08129484951496124,-0.27014878392219543,-0.1257898509502411,0.10905579477548599,-0.1567862331867218,0.052635084837675095,-0.12924164533615112,0.054335735738277435,-0.04043447971343994,-0.01352345384657383,-0.0015545368660241365,0.2569883465766907,-0.05853090435266495,-0.0632336363196373,-0.22461935877799988,0.5777275562286377,-0.5858129262924194,0.09820067882537842,-0.27994564175605774,0.2057080715894699,-0.27685147523880005,0.04461095854640007,0.14833688735961914,-0.2711724638938904,-0.30580466985702515,0.19349601864814758,-0.15458332002162933,-0.5626252889633179,-0.1589386761188507,0.2278331071138382,-0.041658952832221985,0.1982121765613556,-0.340806782245636,-0.018351133912801743,-0.08757039159536362
CID000002949,351,-0.08844564855098724,-0.0657951608300209,-0.0931798592209816,0.33272624015808105,-0.35852426290512085,0.11482411623001099,0.3971094787120819,0.27597782015800476,0.1925620436668396,0.34430354833602905,0.39049825072288513,0.12429560720920563,0.0021757185459136963,0.07296831160783768,-0.24373993277549744,-0.09340503066778183,-0.13850338757038116,0.0018480569124221802,0.15552151203155518,-0.34710726141929626,-0.015033860690891743,-0.1321878731250763,0.2613770663738251,-0.8383275270462036,0.20249000191688538,0.2770652174949646,-0.06658248603343964,-0.046509046107530594,-0.0070993066765367985,0.11233410984277725,-0.07058893889188766,0.16581088304519653,0.03529470041394234,0.11838201433420181,0.03887615725398064,-0.23638880252838135,0.2948785722255707,-0.029705841094255447,0.11258260160684586,-0.36041903495788574,-0.047521673142910004,-0.447136253118515,0.38976168632507324,-0.1958024650812149,-0.14749224483966827,0.2773185968399048,0.14905259013175964,0.009256107732653618,0.06260152906179428,-0.01239524781703949,0.18724314868450165,0.061360955238342285,-0.3140025734901428,0.004430064465850592,0.10188962519168854,-0.10575304925441742,-0.0750572457909584,0.06951124966144562,0.032247528433799744,0.02660376764833927,-0.18723122775554657,-0.30488699674606323,-0.023220205679535866,-0.034219831228256226,0.26571619510650635,0.38224440813064575,-0.12960614264011383,-0.09928557276725769,0.28846579790115356,0.045197922736406326,0.18998363614082336,0.2809009552001953,-0.3161885142326355,-0.45040440559387207,-0.2478121966123581,-0.09292523562908173,-0.01071776170283556,0.13051114976406097,-0.1363324522972107,-0.1538921296596527,-0.14259186387062073,-0.38853922486305237,-0.26548177003860474,0.07355955988168716,0.056001730263233185,-0.023739920929074287,0.07079730927944183,0.31361284852027893,-0.20484285056591034,-0.5365126729011536,-0.01855146326124668,0.2550215721130371,0.10242672264575958,-0.09329798072576523,-0.08204114437103271,-0.28929126262664795,-0.18046626448631287,0.011821704916656017,0.14245271682739258,-0.032593823969364166,-0.2781686782836914,-0.10379064083099365,-0.08235003799200058,0.30943405628204346,0.3488383889198303,-0.028168508782982826,-0.23038816452026367,0.19911041855812073,0.41676101088523865,-0.12259082496166229,-0.1706559807062149,0.12410513311624527,-0.20098194479942322,-0.09424556791782379,0.04590972512960434,0.20796580612659454,0.006999376229941845,0.08689728379249573,-0.01909002475440502,0.233005091547966,0.5573180317878723,-0.21397247910499573,0.15314272046089172,0.3803178369998932,0.04911934584379196,0.21616673469543457,0.07545950263738632,-0.04709776118397713,0.3363427519798279,0.1618119329214096,0.023502301424741745,-0.41143161058425903,-0.4718027710914612,0.29117220640182495,0.377728134393692,-0.1003561019897461,0.09208443760871887,0.2246963083744049,-0.2643941342830658,-0.12028070539236069,-0.20460596680641174,0.1350625455379486,0.05424381420016289,-0.0963786393404007,0.01408183854073286,0.26296383142471313,-0.09472639113664627,0.23271918296813965,0.05679722875356674,0.12185028940439224,0.21932144463062286,-0.21731892228126526,-0.10766345262527466,0.04895720258355141,-0.2789752185344696,0.08808596432209015,0.039861880242824554,-0.08257075399160385,0.2310342788696289,0.16684861481189728,0.03560144826769829,-0.023592496290802956,-0.05364313721656799,-0.09596820175647736,-0.23585109412670135,-0.1522546112537384,-0.10786883533000946,0.11649751663208008,-0.04840264469385147,0.3646097779273987,0.19135281443595886,-0.15236692130565643,-0.24154214560985565,-0.14384658634662628,0.1388583481311798,-0.15947432816028595,0.17100219428539276,-0.20034842193126678,0.28769275546073914,0.04086017981171608,0.11591396480798721,0.08499657362699509,-0.0749569684267044,-0.1637692153453827,0.027591755613684654,0.30521413683891296,-0.03809437155723572,-0.04724227637052536,0.005493109114468098,-0.4302124083042145,0.0015271902084350586,0.004353898577392101,0.1090724915266037,0.20436497032642365,0.21102234721183777,-0.161481112241745,0.13524821400642395,0.11004598438739777,-0.13735882937908173,-0.13011586666107178,0.16460779309272766,-0.4364616870880127,-0.1874389946460724,-0.3427080512046814,0.052305400371551514,-0.05855800583958626,-0.2557467818260193,0.024480557069182396,0.0556381456553936,0.4784345030784607,0.3082810342311859,0.15628348290920258,0.4981410503387451,0.13299772143363953,0.31092187762260437,-0.10220514237880707,-0.19490382075309753,0.16152022778987885,-0.013592761941254139,-0.21529340744018555,0.00202999752946198,0.005220887251198292,0.006307286210358143,-0.20050792396068573,-0.16009631752967834,-0.0619296059012413,-0.20908555388450623,-0.23089616000652313,-0.07260684669017792,-0.0990891307592392,-0.12996934354305267,-0.14627042412757874,0.282011479139328,-0.02149169333279133,-0.08955252915620804,-0.19667844474315643,0.2586790919303894,-0.31593334674835205,0.06046878173947334,-0.15197086334228516,0.17531795799732208,-0.20444424450397491,0.010232019238173962,0.2048235833644867,-0.019202252849936485,-0.17842066287994385,0.07513084262609482,-0.05621755123138428,-0.540790855884552,0.11416423320770264,0.22440624237060547,-0.3313131332397461,-0.02243805304169655,-0.3561730980873108,0.1422540694475174,0.13921305537223816
CID000005472,352,0.2573632597923279,0.06469260156154633,-0.029956841841340065,0.34121501445770264,-0.3409547805786133,0.049242738634347916,0.39045625925064087,0.3699018359184265,-0.290483295917511,0.27595311403274536,0.04731479287147522,0.1449671983718872,0.15098538994789124,0.2551191449165344,-0.09897211939096451,-0.11222340911626816,0.00015897900448180735,-0.13326874375343323,-0.053976982831954956,-0.44142112135887146,0.05704665184020996,-0.29204434156417847,-0.06306888908147812,-0.7616108655929565,0.019443916156888008,0.16539113223552704,-0.08862873911857605,-0.009083273820579052,-0.22763220965862274,0.2553599178791046,-0.26927322149276733,0.20894260704517365,-0.034951258450746536,-0.18062135577201843,0.06321243941783905,-0.07257012277841568,0.037977442145347595,0.23728933930397034,0.17914147675037384,-0.1329987496137619,-0.015508323907852173,-0.33483684062957764,0.10494226217269897,-0.3735387921333313,-0.18468926846981049,0.32678812742233276,0.004293002188205719,5.0773473049048334e-05,0.012984814122319221,0.10350558906793594,0.4696469306945801,0.32388725876808167,-0.11284506320953369,0.09696908295154572,0.14102967083454132,-0.15996034443378448,0.08928297460079193,0.2571062445640564,-0.028248462826013565,0.17951948940753937,-0.294253408908844,-0.30462247133255005,-0.1353299766778946,-0.10134100914001465,0.13704313337802887,0.39757055044174194,-0.35540464520454407,-0.09144777059555054,0.15596024692058563,-0.12145064026117325,-0.16498777270317078,-0.07561439275741577,-0.32121118903160095,-0.2312711477279663,-0.3601762056350708,-0.09051569551229477,0.10365089029073715,0.1392470896244049,-0.15016679465770721,0.15858931839466095,0.17482437193393707,-0.5034042000770569,-0.3754981458187103,0.04646250978112221,-0.07312503457069397,-0.19625993072986603,0.22940655052661896,-0.04129404202103615,-0.2457161843776703,-0.6791454553604126,-0.10675092786550522,0.1443488895893097,0.14419567584991455,0.007877146825194359,-0.13460084795951843,-0.3040708899497986,0.12842288613319397,-0.2244609147310257,0.43836817145347595,0.3593221604824066,0.12506353855133057,0.14841823279857635,0.014570178464055061,0.35932525992393494,0.11400631815195084,-0.08402682095766068,-0.4364933967590332,-0.2336297333240509,0.5282745957374573,0.004239898175001144,-0.12027595192193985,0.312242329120636,-0.12714369595050812,-0.06918589025735855,-0.12982892990112305,0.2762908637523651,0.06757571548223495,-0.09054116159677505,-0.041894808411598206,0.24125130474567413,0.6686732172966003,-0.07017908990383148,0.3256017565727234,0.1425699144601822,-0.05701880902051926,0.2673194110393524,-0.13500429689884186,0.0015063255559653044,0.2198619842529297,-0.1068563237786293,0.1708488017320633,-0.419966459274292,-0.35565903782844543,0.029943322762846947,0.41045570373535156,-0.18367807567119598,-0.24793319404125214,0.2123904526233673,0.02770131453871727,-0.2405073195695877,-0.3298647403717041,0.2736435532569885,0.11670496314764023,-0.0789843499660492,-0.12767334282398224,0.2330084592103958,0.1168806329369545,0.3272293210029602,0.13701766729354858,0.08816007524728775,-0.04707964509725571,-0.3262377381324768,0.078544020652771,0.2565292716026306,-0.14334969222545624,-0.022822806611657143,0.04627189040184021,-0.2560387849807739,0.2657986283302307,0.013939261436462402,0.07082844525575638,0.19099681079387665,-0.055223435163497925,-0.030188698321580887,-0.16501928865909576,0.08341165632009506,-0.28028830885887146,0.37933483719825745,0.18918046355247498,0.20578134059906006,0.0639847069978714,-0.1892639398574829,-0.29305392503738403,-0.24572817981243134,0.02861194685101509,-0.05614257976412773,0.13422179222106934,-0.3508419394493103,0.49305111169815063,-0.21811246871948242,0.20236286520957947,0.017949795350432396,-0.2064742147922516,-0.22916558384895325,0.05112750455737114,0.23599085211753845,-0.14048084616661072,-0.11224907636642456,-0.24334228038787842,-0.37780165672302246,-0.039040133357048035,0.1393401175737381,0.23485425114631653,-0.18374104797840118,0.16509930789470673,-0.11579503118991852,0.07499775290489197,0.06257314234972,0.1842576563358307,0.26261645555496216,0.10118124634027481,-0.32625922560691833,-0.04665229842066765,-0.400064080953598,-0.2119862586259842,-0.11919888108968735,-0.16451700031757355,-0.0475943423807621,-0.061646826565265656,0.40441471338272095,0.34496206045150757,0.03760477155447006,0.2878699004650116,0.2326291799545288,0.1035207062959671,-0.6498562097549438,-0.2032535970211029,0.2015233337879181,0.11918903887271881,-0.26503267884254456,0.027938490733504295,0.03591963276267052,0.03524264320731163,-0.2316775768995285,0.0529819019138813,-0.24683864414691925,-0.443509578704834,-0.18694521486759186,0.05061504244804382,0.19376486539840698,0.044043850153684616,0.030735617503523827,0.1709900200366974,0.04293230175971985,-0.433987557888031,0.13274416327476501,0.2969428598880768,-0.25032418966293335,-0.00810849666595459,-0.2521290183067322,0.06696152687072754,-0.32579857110977173,-0.09554163366556168,0.3141643702983856,-0.07585079967975616,-0.1425395905971527,0.03384930267930031,-0.13934050500392914,-0.6323017477989197,-0.1781533658504486,0.28888028860092163,-0.3275476098060608,0.10130323469638824,-0.21844029426574707,0.10213074833154678,-0.16280707716941833
CID000091270,355,-0.08737621456384659,0.207658052444458,0.12110394239425659,0.5880321264266968,-0.3962964117527008,-0.1900331974029541,0.20746593177318573,0.32450973987579346,0.17397242784500122,0.21500234305858612,-0.22844533622264862,-0.11292962729930878,-0.26106637716293335,0.20210102200508118,-0.07552417367696762,0.09594334661960602,0.033474475145339966,0.032924287021160126,0.05469038337469101,-0.5721978545188904,-0.06806010752916336,-0.2819933593273163,0.24810154736042023,-0.7114824056625366,0.165573388338089,0.4144909381866455,0.08020137995481491,-0.028488973155617714,-0.13980968296527863,0.2696327865123749,-0.15319053828716278,0.16092179715633392,-0.05717702955007553,-0.1230405941605568,0.17915448546409607,-0.07602518796920776,0.25311097502708435,0.2922500669956207,0.15257398784160614,-0.47053638100624084,-0.24378511309623718,-0.4317333698272705,0.22455492615699768,-0.20072004199028015,-0.33717045187950134,0.28003761172294617,-0.11850546300411224,-0.0531008318066597,0.07575424015522003,-0.06497107446193695,0.5073911547660828,-0.025900382548570633,-0.18630531430244446,-0.11997610330581665,0.05700673535466194,-0.1789628267288208,0.05884765461087227,0.2782295048236847,0.1697610318660736,-0.0016538917552679777,-0.2741994559764862,-0.4230976998806,0.1660003662109375,-0.11926603317260742,0.17321646213531494,0.4852721691131592,-0.3906894028186798,-0.04988956078886986,0.24531018733978271,-0.031694840639829636,-0.15948368608951569,0.04234720766544342,-0.285216361284256,-0.2210702896118164,-0.2796039581298828,0.11908404529094696,0.19850561022758484,0.010851999744772911,-0.12066484987735748,0.048802025616168976,0.28774404525756836,-0.37262362241744995,-0.3313693106174469,-0.11937223374843597,0.11033613979816437,-0.19609148800373077,-0.05815023183822632,0.6547218561172485,0.0037580758798867464,-0.712127149105072,-0.07291746139526367,0.131541445851326,-0.06746553629636765,-0.12787194550037384,-0.021334700286388397,-0.1733109951019287,0.15690219402313232,-0.4858165383338928,-0.1701870709657669,-0.12662675976753235,0.24778059124946594,-0.1843399703502655,0.0748874768614769,0.33078041672706604,-0.07112450897693634,-0.04817129671573639,-0.058189600706100464,-0.26015475392341614,0.38388973474502563,-0.009571710601449013,-0.09451688826084137,0.26868322491645813,-0.2756982743740082,-0.09806916862726212,0.2501830458641052,0.3705599904060364,0.031048044562339783,-0.11777323484420776,-0.10697011649608612,0.256295382976532,0.625059962272644,-0.20153704285621643,0.3258291184902191,0.32182201743125916,-0.16158458590507507,0.0698963850736618,0.09929738938808441,-0.2066335678100586,0.4265959858894348,-0.0888950377702713,0.05539534613490105,-0.5901013612747192,-0.35285454988479614,-0.06319291889667511,0.35378506779670715,0.35802018642425537,0.2692635655403137,0.38074132800102234,0.23148468136787415,-0.3059568703174591,-0.2084328830242157,0.018527870997786522,0.12382636219263077,0.13071735203266144,-0.07244595885276794,0.32193318009376526,-0.19886739552021027,0.4828779101371765,0.05324498564004898,0.3173373341560364,0.2572459578514099,-0.4590410590171814,-0.344533234834671,-0.21191222965717316,-0.10557816177606583,0.0027995139826089144,0.11181551218032837,-0.19170230627059937,0.17965075373649597,0.1315271556377411,0.2440463751554489,0.24508175253868103,0.004130384884774685,0.024632450193166733,-0.21787233650684357,-0.015158182010054588,-0.0929296612739563,0.0846446081995964,0.16095788776874542,0.4322969317436218,0.03393741697072983,-0.07282477617263794,-0.4143602252006531,-0.27132874727249146,0.06229926273226738,-0.018394574522972107,0.16104452311992645,-0.20647236704826355,0.4198581278324127,-0.04319395869970322,0.025489646941423416,-0.013491871766746044,-0.2869437336921692,-0.19433550536632538,0.20903000235557556,-0.13204528391361237,-0.30417340993881226,0.057700712233781815,0.1569029837846756,-0.3921446204185486,-0.1612609475851059,0.25869324803352356,0.1816239058971405,-0.20648570358753204,0.3575458824634552,0.02540767565369606,-0.10353629291057587,0.00035272128297947347,0.02296086959540844,0.027521202340722084,-0.2323034107685089,-0.29391199350357056,-0.1301448494195938,-0.19316063821315765,-0.2120875120162964,0.037788648158311844,-0.025036215782165527,-0.1613844335079193,0.0985720306634903,0.617804229259491,0.2875421643257141,0.04940510541200638,0.3777005970478058,0.06935147196054459,0.6042112708091736,-0.18922623991966248,0.11541702598333359,0.39707738161087036,0.008731422014534473,0.015075480565428734,-0.041162990033626556,0.13457754254341125,0.14488059282302856,-0.22056277096271515,0.06850924342870712,-0.3283718526363373,0.35109636187553406,-0.7554876804351807,0.12186936289072037,-0.045387495309114456,-0.2585068345069885,0.23209044337272644,0.12575802206993103,-0.07067514955997467,-0.09768285602331161,0.2523694336414337,0.6012387871742249,-0.39443641901016235,-0.027929674834012985,-0.20945647358894348,0.12002070993185043,-0.41029971837997437,0.1450531780719757,0.3623439073562622,-0.0417039692401886,0.04817352071404457,0.09979066997766495,-0.41118913888931274,-0.5346917510032654,-0.16618113219738007,0.3877844214439392,-0.2573912739753723,0.16041360795497894,-0.10165687650442123,-0.015541991218924522,0.14983099699020386
CID000004691,358,0.1645747721195221,0.2984677851200104,-0.11997798830270767,0.28256890177726746,-0.4080217778682709,0.1647401750087738,0.24917395412921906,0.3591246008872986,-0.13978324830532074,0.12418421357870102,-0.18258126080036163,-0.01785656437277794,0.006449511740356684,0.31327158212661743,-0.20518259704113007,-0.17142577469348907,-0.019573424011468887,-0.14903861284255981,0.2886448800563812,-0.5160878896713257,0.14527752995491028,-0.4537840485572815,-0.2630338668823242,-0.9420211911201477,0.01868288777768612,0.09952609241008759,-0.16624704003334045,0.044392187148332596,0.08759719133377075,0.12788698077201843,-0.18268939852714539,0.255092054605484,0.19899830222129822,0.02125612460076809,0.1437399834394455,0.02359885163605213,0.25392335653305054,0.1726415455341339,0.06726567447185516,-0.1086052879691124,-0.1301499903202057,-0.20983779430389404,-0.0611472949385643,-0.4437512755393982,-0.26082760095596313,0.31490635871887207,-0.07197745144367218,0.1889902651309967,0.014683566987514496,0.058079563081264496,0.4257173538208008,0.08208997547626495,-0.11773266643285751,-0.23672588169574738,0.40032586455345154,-0.2773917317390442,0.14969930052757263,0.15919676423072815,0.09105856716632843,-0.05428488925099373,-0.3478735089302063,-0.2479289472103119,-0.16787958145141602,-0.11474011838436127,0.12152763456106186,0.27187520265579224,-0.07277955114841461,0.20876248180866241,0.11049604415893555,0.008176302537322044,-0.016286242753267288,-0.2491483986377716,-0.31790676712989807,-0.28480273485183716,-0.25883108377456665,0.0976673811674118,0.008742963895201683,0.19581003487110138,-0.048618100583553314,0.36269479990005493,0.09985993802547455,-0.4300539493560791,-0.287132203578949,-0.33337536454200745,-0.1334722489118576,-0.18225598335266113,0.15699824690818787,0.13895435631275177,0.06431831419467926,-0.7698484659194946,0.2465527504682541,0.29856759309768677,0.0113885048776865,0.09588094055652618,0.298831045627594,-0.4091499447822571,0.05471377447247505,0.10955612361431122,-0.16141235828399658,0.1712174117565155,-0.037044741213321686,0.19010300934314728,0.08856990188360214,0.2991693615913391,0.04591290280222893,0.09975972026586533,0.043806008994579315,-0.16093111038208008,0.39291080832481384,0.05215263366699219,0.027083620429039,0.37623563408851624,-0.16870711743831635,-0.16920903325080872,-0.24993130564689636,0.26079803705215454,-0.10856868326663971,0.004182380624115467,-0.20856121182441711,0.1177598237991333,0.5015890002250671,-0.2804584503173828,0.4330596327781677,-0.005766206420958042,0.2966034412384033,0.0021502026356756687,-0.035714004188776016,0.24904441833496094,0.27414247393608093,-0.22889725863933563,-0.1261696219444275,-0.4423888623714447,-0.3877818286418915,0.041944004595279694,0.2651464343070984,-0.10266983509063721,-0.1391018182039261,0.14211653172969818,0.22732844948768616,-0.29335254430770874,-0.5394374132156372,0.348018079996109,0.2374969720840454,-0.3221460282802582,-0.15233281254768372,0.19099487364292145,-0.23667088150978088,0.33806538581848145,-0.2620279788970947,0.20327803492546082,-0.1605733335018158,-0.2631690502166748,-0.09316598623991013,0.02882082387804985,-0.2676437199115753,0.06369970738887787,0.1591646373271942,-0.2593461573123932,0.04631996154785156,0.2109220027923584,-0.07796596735715866,-0.1503642201423645,-0.24553446471691132,-0.005730500910431147,-0.2489524781703949,0.08277644962072372,-0.12779811024665833,0.09703436493873596,-0.18133410811424255,0.1435583084821701,0.036255717277526855,-0.38961362838745117,-0.2303110659122467,-0.3935989737510681,0.005520359613001347,0.016125138849020004,0.07219278812408447,-0.23668424785137177,0.5499280691146851,-0.22926247119903564,0.1553885042667389,-0.07330548763275146,-0.42510730028152466,-0.12059871107339859,0.12686049938201904,0.2116844207048416,-0.2696385979652405,0.03241773694753647,-0.10168005526065826,-0.32702627778053284,-0.024243080988526344,-0.019133279100060463,-0.007058369927108288,-0.07284943759441376,0.032863277941942215,0.07210487872362137,-0.029937744140625,-0.03689524531364441,3.140866829198785e-05,0.24758410453796387,0.042889900505542755,-0.23899218440055847,0.08194618672132492,-0.24130968749523163,-0.04183041304349899,-0.07255518436431885,0.05942697077989578,-0.16618624329566956,0.1063808798789978,0.4017551839351654,0.3854534327983856,-0.3454226553440094,0.4296540319919586,0.23978905379772186,0.21170297265052795,-0.6746934056282043,0.26691919565200806,0.152114599943161,0.3741297721862793,0.12379896640777588,0.05149346590042114,-0.031513333320617676,0.21061071753501892,-0.2894338071346283,0.03905566781759262,0.0872318372130394,0.1456465870141983,-0.30535733699798584,-0.09832984954118729,0.08354132622480392,-0.08894047886133194,-0.0650009885430336,0.20721784234046936,0.08328254520893097,-0.18474648892879486,0.18642282485961914,0.2265038937330246,-0.21120771765708923,0.08679074794054031,-0.41194596886634827,0.3146018087863922,-0.5386347770690918,-0.12274102866649628,0.26618093252182007,-0.1358550488948822,0.09989266097545624,0.17230558395385742,-0.16935372352600098,-0.5336939096450806,-0.013914810493588448,0.39551836252212524,-0.346710741519928,-0.1781158745288849,0.06504391133785248,0.042095083743333817,-0.12142207473516464
CID000003121,359,0.31974825263023376,0.07808826863765717,-0.2366943359375,0.5389912724494934,-0.5057316422462463,0.14301909506320953,0.01882234774529934,0.09423713386058807,0.14227384328842163,0.1618596613407135,0.049348048865795135,-0.09745018184185028,-0.29114097356796265,0.1696982979774475,0.00522815715521574,-0.20108123123645782,0.25082752108573914,-0.21385324001312256,-0.17402751743793488,-0.5656001567840576,0.15211346745491028,0.009837856516242027,-0.13157518208026886,-0.7608565092086792,-0.10210597515106201,-0.06014751270413399,-0.13659663498401642,-0.21676819026470184,0.08223903924226761,0.10467486083507538,0.32163816690444946,0.30024105310440063,0.0415731780230999,-0.018305763602256775,0.04790358617901802,0.08837363123893738,-0.04509223252534866,-0.0583544485270977,-0.14686766266822815,-0.03600664064288139,-0.13902565836906433,0.09100238978862762,-0.03468504548072815,-0.2314780205488205,0.23451843857765198,0.3510771095752716,0.001656949520111084,-0.016419047489762306,-0.1003527045249939,0.4179498255252838,0.5272629857063293,-0.20865711569786072,-0.3097518980503082,-0.15042462944984436,0.12745516002178192,0.01923505775630474,0.4856874346733093,0.04146008566021919,0.013061201199889183,-0.06293725967407227,0.02771236002445221,-0.17013806104660034,-0.1716909408569336,0.00509603600949049,0.12365851551294327,0.6327036619186401,-0.39025551080703735,-0.2700273394584656,-0.05915623903274536,0.056242041289806366,-0.30667218565940857,-0.18584270775318146,-0.3086715638637543,-0.18881291151046753,-0.5911006927490234,0.02600821852684021,0.031086314469575882,-0.08882319927215576,-0.04080203175544739,0.05117414519190788,0.3473718464374542,-0.5332788228988647,-0.31821542978286743,0.04815184697508812,0.16943980753421783,-0.08929856866598129,0.13643953204154968,0.23991703987121582,-0.15693488717079163,-0.5935124754905701,0.004057338926941156,0.11733760684728622,-0.04658278822898865,0.20383577048778534,-0.013414999470114708,-0.3596642017364502,-0.22751566767692566,-0.01599304750561714,-0.09961491823196411,0.2800423502922058,-0.18139180541038513,0.08695629984140396,-0.20290322601795197,0.04990052059292793,-0.2309618443250656,0.07011131197214127,-0.07068518549203873,-0.16844390332698822,0.540505051612854,0.16654321551322937,0.0293810423463583,0.043669261038303375,0.15663230419158936,-0.22589555382728577,-0.11803366988897324,0.4250410199165344,0.18098130822181702,-0.17529632151126862,0.004950954578816891,0.12128062546253204,0.90790194272995,-0.17311027646064758,0.28590747714042664,0.1842176616191864,0.052239883691072464,0.1910325586795807,0.05703674629330635,-0.10037554800510406,0.22572889924049377,-0.18184468150138855,-0.0005409478908404708,-0.71550053358078,-0.4075917601585388,0.16026034951210022,0.054503798484802246,0.32083383202552795,0.11062810570001602,0.06762711703777313,-0.05969441682100296,-0.38543158769607544,0.050899434834718704,0.3582538962364197,0.1411421000957489,-0.11611819267272949,0.04420999437570572,-0.0665619820356369,0.08468319475650787,0.5424115657806396,-0.14040125906467438,0.1690143197774887,-0.1144578605890274,-0.5930260419845581,-0.03873651474714279,0.11217985302209854,-0.1546882688999176,-0.0263238362967968,-0.1390758454799652,-0.1271677315235138,-0.4687046408653259,0.06434236466884613,-0.07133698463439941,0.0493619479238987,-0.021562626585364342,0.2302277535200119,-0.11318353563547134,-0.30740460753440857,-0.20099195837974548,0.27281996607780457,0.025737082585692406,0.08880491554737091,-0.10814140737056732,-0.2716311812400818,0.02943725325167179,-0.2624792158603668,0.03867512196302414,-0.12746040523052216,0.06592003256082535,-0.477700799703598,0.5132507085800171,0.09218783676624298,-0.4858420789241791,0.24786877632141113,-0.20364196598529816,0.0018539249431341887,-0.004706344101577997,0.11080632358789444,-0.14404863119125366,0.13669918477535248,0.13341853022575378,-0.325080543756485,0.09629866480827332,-0.19783762097358704,0.14165817201137543,-0.2725040018558502,0.3547273874282837,-0.31752216815948486,0.07656409591436386,0.06694844365119934,0.33577099442481995,0.007381641771644354,-0.29502731561660767,-0.38265663385391235,0.001331858104094863,-0.2996746897697449,-0.02061546966433525,-0.11218086630105972,-0.18157801032066345,-0.03530176728963852,0.1206929087638855,0.6467798352241516,0.221270352602005,0.02883727289736271,0.11472862958908081,0.19019949436187744,-0.1500242054462433,-0.19228151440620422,-0.06540961563587189,0.45984140038490295,-0.02510395273566246,-0.12106867134571075,0.05432150885462761,-0.15814712643623352,-0.026542160660028458,-0.4337892532348633,-0.4892527461051941,0.17675015330314636,0.17219039797782898,-0.03869398683309555,-0.291703999042511,-0.050744544714689255,-0.0740184336900711,0.38886797428131104,0.26562124490737915,-0.06370464712381363,-0.1633346974849701,0.16243882477283478,0.3472716212272644,-0.39654117822647095,0.10889741033315659,-0.04275613650679588,-0.14207026362419128,-0.5417507886886597,-0.22044792771339417,0.058809794485569,0.09710227698087692,0.2089015692472458,-0.2399202138185501,0.1926472783088684,-0.9357487559318542,-0.2931951880455017,0.29402604699134827,-0.08347542583942413,-0.0874386876821518,-0.2272675335407257,-0.05745016410946846,0.04078850895166397
CID000001134,360,0.48859572410583496,0.172745943069458,0.1444333791732788,0.6029262542724609,-0.4975672662258148,0.1318911761045456,0.2058398276567459,0.2932544946670532,-0.06074259430170059,0.16871094703674316,0.1540687531232834,-0.4846569001674652,-0.24683845043182373,0.3563793897628784,0.06152357533574104,0.2247176617383957,-0.13559406995773315,-0.26012781262397766,0.4891533851623535,-0.48177701234817505,-0.03897912800312042,-0.16964270174503326,-0.20228126645088196,-0.8757899403572083,0.03858276084065437,-0.1663723886013031,-0.04485408216714859,-0.06485893577337265,-0.139165997505188,0.09959202259778976,-0.29363006353378296,0.16359440982341766,-0.043387822806835175,0.06586040556430817,0.030432885512709618,0.04098023101687431,0.22250740230083466,0.15863338112831116,0.286820650100708,-0.4219459891319275,0.07007475197315216,-0.18697112798690796,0.16973915696144104,0.21984687447547913,0.11654616892337799,-0.03248778358101845,0.10362426191568375,0.07874690741300583,0.06073028966784477,-0.12663856148719788,0.3018060028553009,-0.25772541761398315,-0.2633836269378662,-0.28152456879615784,-0.024825772270560265,0.10986383259296417,0.4439142644405365,0.06208264082670212,1.1957285404205322,-0.09633894264698029,-0.08004046976566315,-0.445793092250824,0.023180413991212845,0.17791502177715302,0.10732656717300415,0.4652104377746582,-0.03220491483807564,-0.04141100496053696,-0.2045256346464157,-0.13719628751277924,-0.12224005162715912,-0.11703930050134659,-0.12594079971313477,-0.46336692571640015,-0.23130659759044647,0.11992057412862778,-0.06520916521549225,-0.04126899316906929,-0.012305456213653088,-0.12192414700984955,0.15374267101287842,-0.44214266538619995,-0.3053099811077118,-0.1360538750886917,0.3531094193458557,-0.02948181889951229,0.3428928554058075,0.2105696201324463,-0.17284032702445984,-0.392794668674469,-0.18880142271518707,0.03878467530012131,-0.039951443672180176,0.1426297277212143,-0.027469683438539505,-0.3613603711128235,0.11592258512973785,-0.17164139449596405,0.07283937931060791,0.4204467236995697,-0.3065811097621918,-0.11091633141040802,0.1346147358417511,0.31390732526779175,0.3691413700580597,0.059038370847702026,-0.03126571699976921,-0.16631832718849182,0.5092874765396118,0.09568683803081512,0.1663603037595749,0.20775625109672546,-0.28861290216445923,-0.7629392743110657,-0.36855679750442505,0.2167346179485321,0.15685638785362244,0.18636995553970337,-0.03232443705201149,-0.18900294601917267,0.6255056858062744,-0.8657748103141785,0.4272436201572418,0.2642150819301605,-0.22257733345031738,0.486632764339447,-0.003399298992007971,-0.2896236479282379,0.23162385821342468,-0.02736913040280342,0.18963107466697693,-0.6202949285507202,-0.35189729928970337,-0.028308186680078506,0.24690990149974823,0.08663704246282578,-0.14812949299812317,0.007511073257774115,-0.04986923187971115,-0.07015706598758698,-0.17169290781021118,0.4602280557155609,0.08911708742380142,0.28392571210861206,0.21598383784294128,0.14929048717021942,-0.24896936118602753,0.48441094160079956,0.05036286264657974,0.17124967277050018,-0.3078635334968567,-0.3502975404262543,-0.08524154871702194,0.43250197172164917,0.0139026939868927,-0.0650448128581047,0.0703597217798233,0.021903162822127342,0.2055741846561432,0.0843580812215805,-0.037657368928194046,-0.19091865420341492,-0.05779439955949783,0.1031937450170517,-0.23139676451683044,0.010237671434879303,-0.10222454369068146,0.16770723462104797,0.15254011750221252,0.42620810866355896,0.05726751685142517,0.25666505098342896,-0.13720667362213135,-0.015275788493454456,-0.06227726861834526,0.08459625393152237,-0.022558677941560745,-0.32546424865722656,0.445915549993515,0.31033873558044434,0.16276541352272034,-0.22690662741661072,-0.04038387909531593,-0.026014015078544617,-0.11634071916341782,-0.014411496929824352,-0.031250715255737305,-0.03284841403365135,0.016288641840219498,-0.3931562006473541,-0.12759149074554443,0.024016613140702248,0.0004198402166366577,-0.25555646419525146,0.08181184530258179,0.046973999589681625,-0.07420556992292404,-0.1836775541305542,0.0018826872110366821,0.1205342561006546,-0.26113253831863403,-0.5326001048088074,-0.0011205077171325684,-0.17079059779644012,0.15189692378044128,-0.019621169194579124,-0.008155422285199165,0.17861208319664001,0.5326898694038391,0.32257044315338135,0.44089174270629883,-0.12703552842140198,0.0579395517706871,0.07602663338184357,-0.0004679918347392231,-0.26233211159706116,-0.29104653000831604,0.4181031286716461,-0.07725785672664642,0.12034150213003159,-0.09586527198553085,-0.1556585729122162,-0.11896274238824844,-0.4263896048069,-0.08288644254207611,-0.003551782574504614,-0.011574971489608288,-0.22937026619911194,-0.3232664465904236,-0.056785762310028076,0.08270902931690216,0.20300742983818054,0.5682245492935181,0.08875486999750137,-0.09717161953449249,0.15022410452365875,0.2293606996536255,-0.2245115041732788,0.13449899852275848,-0.1395406424999237,0.124905064702034,-0.10520295053720474,0.01519746147096157,0.07107191532850266,0.05561600998044014,-0.09586281329393387,0.06714458018541336,0.2885582149028778,-0.4693771004676819,0.21663117408752441,0.5758680105209351,-0.16658936440944672,0.05681794881820679,-0.4482851028442383,0.2123935967683792,0.23007257282733917
CID000003877,361,0.16643783450126648,0.13236036896705627,0.08054979890584946,0.44312185049057007,-0.41819000244140625,0.02352161332964897,0.3197717070579529,0.22134721279144287,-0.12371275573968887,0.16732588410377502,0.44123536348342896,-0.3846604824066162,-0.12560103833675385,0.20057208836078644,0.022171394899487495,0.1079617589712143,0.03382295370101929,-0.11953890323638916,0.16680869460105896,-0.49770864844322205,0.009560033679008484,-0.15240101516246796,0.03539727255702019,-0.9554295539855957,-0.09594056755304337,0.1714867353439331,-0.12019994109869003,0.011799433268606663,-0.1888507604598999,0.12773801386356354,-0.11008155345916748,0.1558379828929901,-0.2914486527442932,0.015288209542632103,-0.11837173998355865,0.03346335515379906,0.06389786303043365,0.23580224812030792,0.06668196618556976,-0.30268558859825134,0.041376687586307526,-0.17586925625801086,0.037550877779722214,-0.0353739932179451,0.03993996977806091,0.0341590940952301,0.010639836080372334,-0.03429756686091423,0.12358860671520233,-0.020843137055635452,0.4357680380344391,-0.061835892498493195,-0.2323017567396164,-0.020330656319856644,-0.1446354240179062,-0.04168262332677841,0.3996061682701111,0.27191421389579773,0.8825086355209351,-0.023273641243577003,-0.2733613848686218,-0.44846463203430176,0.13769790530204773,-0.04353675618767738,0.23930887877941132,0.48433932662010193,-0.08584268391132355,-0.18534152209758759,0.018979385495185852,-0.013195994310081005,0.11622710525989532,-0.15292717516422272,-0.26599687337875366,-0.4177016317844391,-0.2371320277452469,0.09539379179477692,0.27406078577041626,0.09865706413984299,-0.11492834240198135,-0.0011028505396097898,-0.0677027627825737,-0.2859423756599426,-0.38042646646499634,-0.11270225048065186,0.27462366223335266,0.07405281066894531,0.34350448846817017,0.29758748412132263,-0.19062764942646027,-0.47989434003829956,-0.07810640335083008,0.13499465584754944,0.1894662231206894,0.017346810549497604,0.09467548877000809,-0.27090293169021606,0.015577172860503197,-0.11838708072900772,0.3013736307621002,0.23867550492286682,-0.24071398377418518,-0.08760855346918106,-0.0033770352602005005,0.3131377100944519,0.38876858353614807,-0.09588359296321869,-0.08041109889745712,-0.04081239923834801,0.5321961045265198,0.005865833256393671,-0.025497252121567726,0.29023534059524536,-0.27347686886787415,-0.4347867965698242,-0.18748895823955536,0.2530190944671631,0.2799597978591919,0.03692596033215523,-0.03369716927409172,0.03082362376153469,0.7059617042541504,-0.6781576871871948,0.33565521240234375,0.379215806722641,-0.3091914653778076,0.29524070024490356,0.11574333906173706,-0.1426289826631546,0.3091530203819275,-0.04986494034528732,0.09519290924072266,-0.4851483404636383,-0.4122256338596344,0.058067452162504196,0.17490682005882263,0.13651356101036072,-0.09948955476284027,0.05086633563041687,-0.4353831708431244,-0.18349333107471466,-0.20922350883483887,0.08683938533067703,-8.633881952846423e-05,0.14242276549339294,0.06030769273638725,0.26612940430641174,-0.0502963662147522,0.4292818009853363,0.05730624869465828,0.22594189643859863,0.11137022078037262,-0.24517376720905304,0.146524578332901,0.23567605018615723,-0.08621867001056671,-0.07228126376867294,0.12248940765857697,-0.038976382464170456,0.13888037204742432,0.06268373876810074,0.2722296118736267,0.07582855224609375,-0.047973450273275375,0.0011216222774237394,-0.2017097920179367,-0.11121220886707306,-0.11811945587396622,0.02858615480363369,-0.021008092910051346,0.23361177742481232,-0.0651872307062149,-0.036464475095272064,-0.0827842503786087,-0.048319943249225616,-0.1710967868566513,-0.10164009034633636,0.09728843718767166,-0.3207349181175232,0.5284961462020874,0.0321502685546875,0.21337004005908966,0.17162397503852844,-0.11098203808069229,0.017986560240387917,0.042943328619003296,0.23608846962451935,-0.07533711194992065,-0.0266874972730875,0.029160182923078537,-0.45055967569351196,-0.24704435467720032,-0.02068381756544113,0.1803479790687561,-0.10092838108539581,0.12042343616485596,-0.11994296312332153,-0.05408310890197754,-0.06213035061955452,-0.12873785197734833,0.24657484889030457,-0.11549587547779083,-0.4076494574546814,-0.1105101928114891,-0.37692776322364807,-0.22821345925331116,-0.3970082402229309,-0.11731000244617462,0.10674305260181427,0.3707735538482666,0.6110750436782837,0.37907546758651733,-0.08405397087335587,0.3899432420730591,0.02960972487926483,0.08386404812335968,-0.19990859925746918,-0.09431467950344086,0.28685569763183594,-0.03685413673520088,-0.029445847496390343,-0.07240164279937744,-0.25631222128868103,0.07149795442819595,-0.27084028720855713,-0.05667853355407715,-0.1517346203327179,-0.41752099990844727,-0.17515107989311218,-0.020305294543504715,-0.0607098713517189,-0.05245702341198921,0.4376889765262604,0.5669623017311096,0.0794491320848465,-0.05522342771291733,0.09040133655071259,0.20703549683094025,-0.3808986246585846,-0.04365793988108635,-0.23615941405296326,0.15854135155677795,-0.22684141993522644,-0.11592815816402435,0.23238909244537354,0.07064865529537201,-0.01711338758468628,0.0606631264090538,0.10237549245357513,-0.5407291054725647,0.02216973528265953,0.2760586142539978,0.06807947158813477,0.24788722395896912,-0.42058664560317993,0.24314674735069275,-0.03731044381856918
CID000000838,364,0.46386653184890747,0.1396327018737793,0.5750592350959778,0.43778982758522034,-0.35531407594680786,-0.08436066657304764,0.04624474048614502,0.42949265241622925,-0.18420462310314178,0.443969190120697,-0.0643107071518898,-0.6202418208122253,-0.36565884947776794,0.24660232663154602,-0.07119965553283691,0.0808291956782341,-0.01745327189564705,-0.35421738028526306,0.0017993941437453032,-0.7075086832046509,0.1978646218776703,0.013299095444381237,-0.099223792552948,-1.0431020259857178,-0.08445999771356583,0.09705828130245209,-0.2701452970504761,-0.1662972867488861,0.06942282617092133,0.14527957141399384,0.10475848615169525,0.36552780866622925,0.11375103145837784,0.24620087444782257,-0.08655078709125519,0.050826750695705414,-0.06704182922840118,0.3716660439968109,0.36943700909614563,-0.2401604950428009,-0.16683848202228546,0.07056965678930283,0.05284309387207031,-0.4241594672203064,-0.1358550488948822,0.27092036604881287,0.10757672786712646,-0.20657777786254883,-0.21270735561847687,0.13867662847042084,0.5060789585113525,-0.06287817656993866,0.01689044199883938,-0.16864518821239471,0.36997750401496887,-0.029674630612134933,-0.04785928875207901,0.22814595699310303,0.3255820572376251,-0.5120916962623596,-0.2561293840408325,-0.32528457045555115,-0.18052807450294495,0.05186433717608452,0.13900521397590637,0.7168672680854797,-0.45115479826927185,0.20823147892951965,0.2587841749191284,0.0715373307466507,-0.01398624200373888,0.5282783508300781,-0.3565194010734558,-0.31106945872306824,0.032621704041957855,0.4463540017604828,0.32436737418174744,-0.06049076467752457,0.011760050430893898,0.06476938724517822,0.31333494186401367,-0.3895016014575958,-0.47967976331710815,-0.3889226019382477,0.17304661870002747,-0.42854705452919006,0.24857370555400848,0.230841726064682,0.02836827002465725,-0.8344146609306335,-0.21633310616016388,0.0879327729344368,0.010689446702599525,0.18713825941085815,0.07476279884576797,-0.48512205481529236,0.10527815669775009,0.1411389708518982,0.3085496723651886,0.3449035882949829,-0.20435731112957,0.19107866287231445,-0.006374448537826538,0.442877858877182,-0.2932463586330414,-0.008310824632644653,0.0019713579677045345,0.34580814838409424,0.5311166048049927,0.38747459650039673,0.03927513211965561,0.16371075809001923,-0.34416645765304565,-0.09845440089702606,0.30318158864974976,0.388224720954895,-0.0919855386018753,-0.026506144553422928,0.15376487374305725,0.4694845676422119,0.8066293001174927,0.029399743303656578,0.2306685447692871,0.17325299978256226,-0.4998103976249695,-0.07021624594926834,0.010651474818587303,0.003429281758144498,0.10220728069543839,-0.32118314504623413,0.518631100654602,-0.6021354794502258,-0.36424168944358826,0.16297101974487305,0.32464486360549927,-0.10977456718683243,0.11061529070138931,0.4357640743255615,0.13152146339416504,-0.16909366846084595,-0.42075586318969727,0.04372018948197365,-0.0365760438144207,-0.021803423762321472,-0.14273400604724884,0.16954293847084045,-0.0734713077545166,0.6267160177230835,-0.343325674533844,0.04930542781949043,-0.14840587973594666,-0.3041222393512726,-0.16734027862548828,0.18572869896888733,-0.13645818829536438,-0.23393383622169495,-0.2147447168827057,-0.5033195614814758,-0.20343652367591858,0.31960949301719666,-0.05461250618100166,-0.16114000976085663,-0.19948799908161163,0.21052852272987366,0.13191911578178406,0.004780322313308716,-0.1493152678012848,0.028823640197515488,-0.09627030789852142,0.1310911476612091,-0.0705927312374115,-0.20462696254253387,-0.1403912603855133,-0.22727525234222412,-0.1104159727692604,-0.1943124532699585,-0.31466615200042725,-0.16633978486061096,0.7292419075965881,0.12151221930980682,-0.13355639576911926,0.05911610648036003,-0.4662303924560547,-0.07411600649356842,0.9909780621528625,-0.16919496655464172,-0.5241385698318481,0.49295979738235474,-0.05987798422574997,-0.3811660706996918,0.009679054841399193,-0.08404678106307983,0.0693998709321022,-0.23979267477989197,0.22199299931526184,0.04768920689821243,0.40904760360717773,0.10651780664920807,0.2709718346595764,-0.48074525594711304,-0.09977642446756363,-0.28207725286483765,0.3395147919654846,-0.00793691910803318,-0.08796004951000214,-0.24738159775733948,0.2035388946533203,0.007624918129295111,0.6038848757743835,0.27058079838752747,0.2986149191856384,-0.36831241846084595,0.20619718730449677,0.41835856437683105,0.08873368799686432,-0.5400212407112122,0.3525210916996002,0.24373707175254822,0.19182530045509338,0.1295638531446457,-0.04656476527452469,-0.3687329888343811,0.4063348174095154,-0.38310831785202026,0.06436040252447128,-0.17972472310066223,-0.1737215369939804,-0.17990635335445404,-0.05984501913189888,0.21247927844524384,-0.01750173605978489,0.15154467523097992,0.10051186382770538,0.19277551770210266,-0.2290205955505371,-0.2188384085893631,0.44611477851867676,-0.34706079959869385,0.0077235521748661995,-0.08611895143985748,0.24016627669334412,-1.1497232913970947,0.38222652673721313,0.3864900767803192,0.2117217481136322,0.19325508177280426,-0.2835981845855713,-0.2891343832015991,-0.8561587333679199,-0.6295236349105835,0.24593207240104675,0.022416861727833748,0.29796096682548523,0.09524212777614594,0.2710939943790436,-0.17077556252479553
CID000005596,369,-0.025869378820061684,-0.14596514403820038,0.2554871141910553,0.39048200845718384,-0.5966457724571228,0.18098174035549164,0.14434078335762024,0.23174142837524414,-0.053946711122989655,0.5060624480247498,0.18218348920345306,0.0714430958032608,-0.28337451815605164,0.15005788207054138,-0.09109751135110855,-0.1687644124031067,-0.12811638414859772,0.1444927304983139,-0.3025650084018707,-0.39882272481918335,0.18317367136478424,-0.122048519551754,-0.0035633682273328304,-0.7577792406082153,-0.35993504524230957,0.022366978228092194,-0.10134001076221466,-0.2771734595298767,-0.03223748877644539,0.2726283371448517,-0.31690526008605957,0.2146284133195877,0.23390981554985046,0.34331244230270386,-0.16736283898353577,-0.004366028122603893,0.10796622931957245,0.5250071287155151,-0.18636588752269745,-0.3778488039970398,-0.017056573182344437,0.19413140416145325,0.21500925719738007,-0.2015194147825241,0.12148801237344742,0.18087011575698853,0.08851058781147003,0.043570034205913544,0.1314363330602646,-0.10098419338464737,0.33498889207839966,-0.02649526670575142,-0.10623924434185028,0.011149225756525993,0.3443570137023926,0.1426631510257721,-0.05296891927719116,0.07291881740093231,0.3407135605812073,0.12619905173778534,-0.16208197176456451,-0.33613693714141846,-0.24662037193775177,0.02842753566801548,0.34267038106918335,0.2374657392501831,-0.3023701310157776,-0.03488728031516075,0.5038443207740784,-0.11483390629291534,0.18259209394454956,0.07599844038486481,-0.11768768727779388,-0.25535446405410767,-0.18905794620513916,-0.04447229951620102,0.24106433987617493,0.04472770541906357,-0.010203063488006592,0.16281726956367493,0.104319728910923,-0.292211651802063,-0.30496707558631897,-0.14688438177108765,0.14591069519519806,-0.36487460136413574,0.11046218872070312,0.28267356753349304,-0.2336541712284088,-0.8183743357658386,0.1707151234149933,0.1422431617975235,0.06728433072566986,0.11460494995117188,0.27948668599128723,-0.3642942011356354,-0.050124336034059525,0.2264452874660492,0.2153712511062622,0.06831486523151398,0.3270703852176666,-0.07358221709728241,0.061680056154727936,0.5222378969192505,-0.28405463695526123,0.09980642050504684,-0.26455581188201904,-0.21775636076927185,0.2937411069869995,0.10885083675384521,-0.05390404909849167,0.10692961513996124,-0.18657377362251282,-0.13107699155807495,0.16441132128238678,0.19297583401203156,0.23703213036060333,0.03917614370584488,0.11740861088037491,0.06940533965826035,0.6673800349235535,0.08020427078008652,0.18524768948554993,0.35801002383232117,-0.07709061354398727,0.1299668252468109,-0.06252489238977432,-0.2083771973848343,0.19013527035713196,0.11895714700222015,0.28055113554000854,-0.5117214918136597,-0.6546643376350403,0.10806801170110703,0.3025290369987488,0.32193881273269653,0.3087666630744934,0.171629399061203,-0.21659894287586212,-0.2871810793876648,-0.014899732545018196,0.19987303018569946,0.08907555788755417,-0.18090038001537323,0.17276862263679504,0.16079610586166382,0.17366386950016022,0.4373745024204254,0.1544179618358612,0.03536826744675636,-0.06480691581964493,-0.3652294874191284,0.11362157016992569,0.01900353468954563,0.0045507969334721565,0.010169506072998047,-0.09178094565868378,-0.33579733967781067,0.15944549441337585,0.18641750514507294,-0.13876959681510925,-0.20568618178367615,0.19477751851081848,0.0960284024477005,0.015243763104081154,0.279869943857193,-0.16919565200805664,0.25645869970321655,0.14147666096687317,0.09144166857004166,0.20943860709667206,-0.01367486733943224,-0.2715774178504944,-0.10015825182199478,0.20462211966514587,0.06239311024546623,0.18094691634178162,-0.22713437676429749,0.5113996863365173,0.00551533093675971,-0.1933218389749527,-0.05000417307019234,-0.6114668846130371,0.1128324493765831,0.08060024678707123,0.08619127422571182,-0.11266515403985977,-0.14559002220630646,0.26982206106185913,-0.33166947960853577,0.10438323020935059,-0.05730540677905083,0.21027114987373352,-0.3979967534542084,0.2667926251888275,-0.042613040655851364,0.28814858198165894,-0.03379138559103012,-0.11057381331920624,-0.14290474355220795,-0.1435215026140213,-0.2568914592266083,-0.10679490864276886,-0.4421614706516266,-0.26822802424430847,-0.1012590304017067,-0.0157204307615757,-0.23074042797088623,0.2633523941040039,0.46278896927833557,0.31827130913734436,-0.25060588121414185,0.26506826281547546,0.37640345096588135,0.2899217903614044,-0.22439000010490417,-0.3335517942905426,0.15252861380577087,-0.08183331787586212,-0.1859031319618225,-0.2546249032020569,-0.19444787502288818,0.2418467104434967,-0.2743445336818695,-0.025986235588788986,0.21926303207874298,-0.18618299067020416,-0.26740705966949463,0.39829057455062866,-0.02284667082130909,-0.10077208280563354,0.059970904141664505,-0.00973259937018156,0.10052226483821869,-0.35798701643943787,0.23963360488414764,0.5423560738563538,-0.29390886425971985,-0.05492342635989189,-0.10297694057226181,0.2560822069644928,-0.659112274646759,0.2593582570552826,0.11792188882827759,0.0811375230550766,0.06179166957736015,-0.19177553057670593,0.11955420672893524,-0.6598740816116333,-0.21255767345428467,0.10221982002258301,0.043964702636003494,0.1614711731672287,-0.041476573795080185,-0.033865295350551605,0.1037483662366867
CID000002471,370,0.054108988493680954,0.15002338588237762,-0.03782489523291588,0.2313695251941681,-0.3723441958427429,0.05872848629951477,0.20865151286125183,0.22127819061279297,0.07487884908914566,0.24111764132976532,0.128597229719162,0.13530699908733368,0.13176536560058594,0.11748223006725311,-0.2626851201057434,-0.04104818031191826,-0.06325022876262665,-0.21112331748008728,0.13405457139015198,-0.3826482594013214,0.08302365243434906,-0.2949317991733551,0.04769935458898544,-0.8930643796920776,-0.12024509906768799,0.10069825500249863,-0.2601381242275238,-0.014446893706917763,-0.02276165783405304,0.14790114760398865,-0.27426770329475403,0.22208447754383087,-0.10613365471363068,0.03466864675283432,0.023141959682106972,-0.0395759642124176,-0.008870917372405529,0.1523933857679367,0.04544789716601372,-0.17980918288230896,-0.06832866370677948,-0.27730032801628113,0.026364391669631004,-0.28493767976760864,-0.1638421267271042,0.4383213520050049,0.02080146037042141,0.03932518512010574,0.06295545399188995,-1.5592575437040068e-05,0.1642204076051712,0.04281534254550934,-0.3374875485897064,-0.0502147302031517,0.1962386667728424,-0.1937277615070343,-0.2139943391084671,0.04904407262802124,-0.04695776849985123,-0.06262548267841339,-0.1725524514913559,-0.23641256988048553,-0.0552825927734375,-0.10354886949062347,0.2998574674129486,0.3299723267555237,-0.10211491584777832,-0.12299096584320068,0.2837843894958496,0.21829216182231903,0.1552720069885254,-0.07812622934579849,-0.3603312075138092,-0.275773286819458,-0.2343081533908844,0.14228998124599457,0.08955728262662888,0.19417747855186462,-0.06210751459002495,0.037605322897434235,0.04727936536073685,-0.3869101107120514,-0.254345566034317,-0.23494699597358704,0.07480357587337494,-0.2797265350818634,0.28779226541519165,-0.036824602633714676,0.1706346571445465,-0.6478363871574402,0.0960337370634079,0.4733305871486664,0.09078986197710037,0.047440215945243835,0.14273051917552948,-0.24836662411689758,-0.18293163180351257,0.13126511871814728,-0.0553164966404438,0.09597058594226837,-0.21536067128181458,0.024792034178972244,-0.03596652299165726,0.27327463030815125,0.2861036956310272,0.07412567734718323,0.15919587016105652,0.14368033409118652,0.4238987863063812,-0.12726113200187683,-0.15224362909793854,0.24087730050086975,-0.2902212142944336,0.0076720742508769035,-0.01777784526348114,0.29946839809417725,0.04590331390500069,-0.05781659483909607,-0.2614615559577942,0.13962490856647491,0.5146008729934692,-0.11911940574645996,0.3356897532939911,0.24836084246635437,0.014267325401306152,0.12972909212112427,-0.014141656458377838,0.05873221904039383,0.24385257065296173,-0.1599738448858261,0.007122178561985493,-0.4345359802246094,-0.33402085304260254,0.10091768205165863,0.22599415481090546,-0.0967416912317276,-0.008325198665261269,0.15198153257369995,-0.10694757848978043,-0.17587757110595703,-0.16997408866882324,0.0347500778734684,0.10384726524353027,-0.16226941347122192,0.025731747969985008,0.25540098547935486,-0.13201341032981873,0.27217039465904236,-0.026601707562804222,0.2044084519147873,0.23375937342643738,-0.18795448541641235,0.06708838790655136,0.27691924571990967,-0.31229275465011597,-0.10473897308111191,-0.01527833379805088,-0.16766436398029327,0.11326613277196884,0.2736125886440277,0.21957311034202576,-0.03993324190378189,-0.09039740264415741,0.08848477900028229,-0.09597562253475189,0.03660155087709427,-0.33364278078079224,-0.027338797226548195,-0.1415444314479828,0.20673868060112,-0.009742235764861107,-0.22050981223583221,-0.2777678668498993,-0.3851760923862457,-0.011297160759568214,-0.16251495480537415,0.18184715509414673,-0.24215741455554962,0.38253265619277954,-0.12580552697181702,0.12792956829071045,0.11629774421453476,-0.2733234167098999,-0.14945097267627716,0.23037700355052948,0.20052918791770935,-0.2069506198167801,-0.012354528531432152,-0.1133965253829956,-0.3497496247291565,-0.07351966947317123,0.0035195418167859316,0.10204678773880005,0.08681777864694595,0.04235104098916054,-0.12140651047229767,0.16937705874443054,-0.2864101529121399,-0.08409197628498077,0.18284635245800018,0.19706645607948303,-0.20473437011241913,0.0927727073431015,-0.4423184394836426,-0.06897078454494476,-0.25307497382164,-0.06599503010511398,-0.012270632199943066,-0.10606598854064941,0.3752596974372864,0.31100398302078247,-0.280115008354187,0.3027273416519165,0.2289869487285614,0.08913182467222214,-0.1205918937921524,0.06270086020231247,0.05528942868113518,0.03995043784379959,-0.23404602706432343,-0.07742948830127716,-0.16558969020843506,0.06044597551226616,-0.19250935316085815,-0.06940032541751862,0.0979880839586258,0.05573917180299759,0.012677891179919243,-0.0921434760093689,-0.08641735464334488,-0.057594072073698044,-0.14705300331115723,0.23852495849132538,0.07015048712491989,-0.07897891849279404,-0.04328269883990288,0.22804665565490723,-0.2619470953941345,0.05045480281114578,-0.2251017540693283,0.2758414149284363,-0.447084903717041,0.15264596045017242,0.2059175968170166,-0.1701880395412445,0.12201466411352158,0.1651228815317154,0.030380159616470337,-0.5008227825164795,-0.122658871114254,0.24292592704296112,-0.2038533240556717,0.06515443325042725,-0.1916721761226654,0.18910574913024902,0.04754290357232094
CID000003658,371,0.3140794634819031,-0.12742790579795837,0.13694782555103302,0.4140852391719818,-0.5704315900802612,0.1361282765865326,0.2986190915107727,0.22917096316814423,0.13890913128852844,0.15473797917366028,0.15153855085372925,-0.02974802814424038,-0.013824569061398506,0.07162144780158997,-0.283364862203598,-0.16988123953342438,0.026602860540151596,0.028141096234321594,0.16189439594745636,-0.4934817850589752,0.051165830343961716,-0.12760236859321594,0.15940193831920624,-0.8051257133483887,0.09164395183324814,0.1712305098772049,-0.11484016478061676,-0.027738993987441063,-0.03919609263539314,0.07790139317512512,0.2302519828081131,0.23507218062877655,0.16320756077766418,0.08084461092948914,-0.13440413773059845,0.014137325808405876,0.2674825191497803,0.008073186501860619,0.24254313111305237,0.06719187647104263,-0.019321497529745102,-0.02306031621992588,0.14947059750556946,-0.26477906107902527,-0.13907365500926971,0.3160381019115448,0.053306661546230316,0.03905678912997246,0.2761838734149933,0.25539225339889526,0.384770929813385,-0.01830611750483513,-0.18390204012393951,0.0947275310754776,-0.08234788477420807,-0.043608613312244415,0.20091228187084198,0.11394480615854263,-0.08925138413906097,-0.07336463034152985,-0.2300698310136795,-0.19492216408252716,0.17311927676200867,-0.2244553565979004,0.10195696353912354,0.33263200521469116,-0.25477972626686096,0.043947167694568634,0.15610888600349426,0.15556645393371582,-0.1287442296743393,0.17552950978279114,-0.20240473747253418,-0.39139947295188904,-0.18549315631389618,0.06147552654147148,0.1038268581032753,0.020500069484114647,0.0731392428278923,0.021349001675844193,-0.01104208268225193,-0.7745989561080933,-0.2089305818080902,0.19494011998176575,0.0006690636510029435,0.024577641859650612,0.47117918729782104,0.04227664694190025,-0.1365688294172287,-0.7637782692909241,-0.18844778835773468,0.1936170756816864,0.05822541192173958,-0.10932602733373642,0.23676440119743347,-0.2193187177181244,-0.15074676275253296,-0.005699962377548218,0.0337015762925148,0.5964677333831787,0.0055245100520551205,0.056964438408613205,-0.10432900488376617,0.2272936999797821,-0.07106070220470428,-0.08175098896026611,-0.252340167760849,-0.06559543311595917,0.47781044244766235,-0.12662509083747864,0.02648838236927986,0.07641805708408356,-0.015471696853637695,-0.14559505879878998,-0.11848890781402588,0.13448074460029602,-0.09854628890752792,-0.17792737483978271,-0.2256428748369217,0.259186327457428,0.7180212736129761,-0.08276189118623734,0.1960960328578949,0.10327837616205215,0.02544282004237175,0.05665876343846321,0.02312815561890602,-0.12965622544288635,0.20713213086128235,0.10791788250207901,0.18759247660636902,-0.6337363123893738,-0.3814156651496887,0.23605366051197052,0.12240032851696014,-0.01530713401734829,0.10046222060918808,0.24456080794334412,-0.19152823090553284,-0.23874476552009583,-0.3231436610221863,0.0971800684928894,0.12275002151727676,-0.1659342497587204,0.00723273167386651,0.1670459508895874,-0.16644909977912903,0.532600998878479,-0.02720671519637108,0.21185150742530823,0.1648728847503662,-0.3907102346420288,0.1480567455291748,0.14845886826515198,-0.42972174286842346,-0.19583046436309814,-0.029429465532302856,-0.05355115979909897,-0.16961008310317993,0.18952523171901703,-0.14923587441444397,0.14281798899173737,0.10845652967691422,0.30922645330429077,-0.13767555356025696,-0.2043302059173584,-0.40120476484298706,0.15785905718803406,-0.00860584992915392,0.10571668297052383,0.0944439023733139,-0.07403293997049332,-0.13530007004737854,-0.22251102328300476,0.023235801607370377,0.002707910491153598,0.2985556125640869,-0.11315212398767471,0.415554940700531,0.0799565538764,0.14683887362480164,0.1820780336856842,-0.023880301043391228,-0.13848450779914856,0.06453325599431992,0.20625939965248108,-0.3844168782234192,0.1166238933801651,-0.21786019206047058,-0.20363560318946838,-0.19169247150421143,0.17968600988388062,0.16793832182884216,-0.09682729095220566,0.06346162408590317,0.023749180138111115,0.13559092581272125,-0.1280650496482849,0.14554202556610107,-0.2500658631324768,-0.0873679667711258,-0.3200431764125824,0.28601497411727905,-0.48037052154541016,-0.05790642648935318,-0.14454373717308044,-0.1589023768901825,-0.04891563579440117,0.2787684500217438,0.3874538838863373,0.2759983539581299,0.3296906054019928,0.20432336628437042,0.14394588768482208,0.05523272603750229,-0.561862587928772,-0.08583923429250717,0.24852891266345978,-0.014296924695372581,-0.08478604257106781,0.06795309484004974,-0.0941338986158371,0.28505271673202515,-0.2105993777513504,-0.08156957477331161,0.009420717135071754,0.0417247898876667,0.024077637121081352,0.06988411396741867,-0.0031954676378518343,-0.13155615329742432,-0.011691570281982422,0.19624030590057373,-0.11274459213018417,-0.215641587972641,0.1293976604938507,0.3971951901912689,-0.4573177397251129,0.004084189888089895,-0.110628642141819,0.010387751273810863,-0.4694487154483795,0.1173270121216774,0.20069673657417297,-0.1658354103565216,0.028130527585744858,0.20651952922344208,0.3182506263256073,-0.8055593371391296,-0.19036681950092316,0.04090644046664238,-0.22630102932453156,-0.04775608330965042,-0.12259185314178467,-0.1420324295759201,0.07822088897228241
CID000002585,372,0.24137942492961884,0.37540191411972046,0.12716393172740936,0.45549917221069336,-0.20577780902385712,0.04078285023570061,0.1240951269865036,0.2790336608886719,0.12665633857250214,0.3439640402793884,-0.29189109802246094,-0.30603325366973877,0.02995077148079872,0.2983742654323578,0.0007429808611050248,-0.088243767619133,0.1365373581647873,-0.3828282356262207,0.3583889603614807,-0.5319012999534607,-0.021814445033669472,0.05210453271865845,-0.016655337065458298,-0.8838579058647156,0.08709152042865753,-0.0658310130238533,-0.10186882317066193,-0.21467804908752441,0.08497200906276703,0.22418324649333954,-0.22721239924430847,0.2310292273759842,0.05139775201678276,0.02139018103480339,-0.18696042895317078,-0.18288372457027435,0.07555978000164032,0.4723077714443207,0.05697997659444809,-0.23351886868476868,-0.1680067926645279,-0.11616750061511993,0.005961970891803503,-0.19819431006908417,-0.10996133089065552,0.3321665823459625,0.027317147701978683,-0.09137997776269913,-0.022664258256554604,0.2903698980808258,0.41605648398399353,-0.07418115437030792,-0.09642158448696136,-0.10166742652654648,0.23960229754447937,-0.16441240906715393,-0.24464908242225647,-0.10513238608837128,0.2482556402683258,-0.1485736072063446,-0.11751057952642441,-0.3564833104610443,-0.29307594895362854,-0.38303056359291077,0.0788024365901947,0.2848206162452698,0.0016559704672545195,0.10094727575778961,0.1442759484052658,-0.05306046083569527,0.29005318880081177,-0.16060183942317963,-0.4469049572944641,-0.17666110396385193,-0.18616828322410583,0.3834701478481293,-0.3383447527885437,0.20866313576698303,-0.05903392285108566,0.016497701406478882,0.7608959078788757,-0.4421730041503906,-0.4857255518436432,-0.48708146810531616,0.3217252194881439,-0.4217047691345215,0.17223577201366425,0.10761421918869019,-0.14329402148723602,-0.7850551605224609,0.11847712844610214,0.4164120554924011,-0.0249140914529562,0.1784231960773468,0.1563262939453125,-0.3152889907360077,0.03596409037709236,-0.1533309668302536,-0.0006610631826333702,0.0922279953956604,-0.24402928352355957,0.21897538006305695,-0.00886986218392849,0.2646850347518921,0.25893184542655945,0.102641761302948,0.3144022822380066,0.07216872274875641,0.5968844294548035,0.11577632278203964,-0.01582534983754158,0.20256555080413818,-0.4557657241821289,0.01187318004667759,0.004511663224548101,0.35476571321487427,-0.11604881286621094,-0.009927104227244854,-0.174314945936203,0.058558594435453415,0.5323351621627808,-0.12256830930709839,0.42382949590682983,-0.04625517874956131,-0.14655737578868866,0.19396385550498962,-0.05531766265630722,0.12199350446462631,0.14615364372730255,-0.2794158458709717,0.31084853410720825,-0.3999432623386383,-0.11584506928920746,0.027799595147371292,0.22358520328998566,0.12740002572536469,0.025005972012877464,0.22513942420482635,0.23810870945453644,-0.2729019522666931,-0.4918326735496521,0.14844587445259094,0.183357834815979,-0.1589883267879486,-0.14791469275951385,-0.013855194672942162,-0.28418999910354614,0.4801475405693054,-0.027496907860040665,0.2535690665245056,0.1813625991344452,-0.2362237274646759,0.012230348773300648,0.1823250651359558,-0.2608846426010132,-0.14307907223701477,0.10308782756328583,-0.37469473481178284,0.00945821963250637,0.2726789712905884,0.08220987021923065,0.056926846504211426,-0.15597376227378845,-0.3030659854412079,0.0193734560161829,0.19489821791648865,-0.3428683578968048,-0.2679465413093567,-0.19518962502479553,0.14291343092918396,0.07570592314004898,-0.2314751148223877,-0.14946526288986206,-0.34623193740844727,-0.20267395675182343,0.021305818110704422,0.03879585117101669,-0.14559587836265564,0.65094393491745,0.07249215990304947,-0.053959332406520844,-0.08775182068347931,-0.37399452924728394,-0.029784411191940308,0.865604043006897,-0.011330720968544483,-0.3093523383140564,0.08641670644283295,-0.0551082119345665,-0.40521517395973206,0.2082318365573883,0.18080556392669678,-0.10208992660045624,-0.2790457606315613,-0.073450967669487,-0.12744054198265076,-0.045607130974531174,0.005412003491073847,-0.21430376172065735,0.04271184653043747,0.2205152064561844,-0.16462846100330353,0.19226744771003723,-0.3967210650444031,0.3702072501182556,-0.30649274587631226,-0.000536370265763253,-0.0307522714138031,0.009921669960021973,0.536575198173523,0.397270530462265,-0.3967527151107788,0.2803351581096649,0.04719771072268486,0.013729238882660866,-0.19479265809059143,0.11178778111934662,0.2296794354915619,0.019146377220749855,0.10732454061508179,-0.11850907653570175,-0.1927143633365631,0.16297145187854767,-0.3152879774570465,-0.06788912415504456,-0.1457521915435791,0.195527583360672,-0.05095444247126579,-0.1884274184703827,0.06912943720817566,0.017822254449129105,0.3118096590042114,0.3037976920604706,-0.05257658287882805,0.15676343441009521,-0.1362139880657196,0.3996444344520569,-0.318448930978775,0.12340818345546722,-0.1840941607952118,0.5655277967453003,-0.7029000520706177,0.17361782491207123,0.3597107529640198,-0.30231747031211853,0.21686549484729767,0.08674518018960953,-0.1881295144557953,-0.38917866349220276,-0.3354256749153137,0.36153116822242737,0.06276844441890717,0.06872035562992096,-0.06555602699518204,0.138551265001297,-0.0396721288561821
CID000003715,373,0.19264988601207733,0.2618190050125122,0.31718817353248596,0.6082223653793335,-0.326495885848999,-0.02369357831776142,0.05582871288061142,0.3922748565673828,0.3151724338531494,0.29198727011680603,-0.056793369352817535,0.003159481566399336,-0.13744616508483887,0.18986836075782776,-0.363384485244751,0.07050561904907227,0.018116019666194916,-0.0874660462141037,0.20611044764518738,-0.5718715786933899,-0.06326200067996979,-0.2175881415605545,-0.1461239755153656,-0.7513754963874817,0.011827272363007069,0.14080020785331726,-0.2250431776046753,-0.12168228626251221,-0.04799073189496994,-0.020956898108124733,0.180312842130661,0.11347492784261703,-0.09634612500667572,0.16375377774238586,0.0811954140663147,0.2478669136762619,0.2341291904449463,0.12553592026233673,-0.07498608529567719,-0.42421093583106995,-0.1635657101869583,0.11965342611074448,0.05192846059799194,-0.021604979410767555,-0.2180168181657791,0.31558629870414734,0.18361398577690125,-0.07300703972578049,0.1683630347251892,0.07321318238973618,0.6405826210975647,-0.009149548597633839,-0.23120999336242676,0.03863057866692543,0.08519302308559418,-0.194120854139328,0.12371776252985,-0.07383139431476593,0.298051655292511,-0.1783493310213089,-0.2942560315132141,-0.3454778790473938,0.03150505572557449,-0.08991973847150803,0.45282822847366333,0.5408906936645508,-0.5353416204452515,-0.049231696873903275,-0.15813836455345154,0.14237166941165924,0.11000563204288483,-0.28905677795410156,-0.1346224844455719,-0.2791374921798706,-0.16731484234333038,0.009972508065402508,0.24714922904968262,-0.05304240062832832,-0.04505189508199692,0.09503544867038727,0.24924421310424805,-0.3242531418800354,-0.46385717391967773,-0.11136592924594879,0.18595263361930847,0.2128053456544876,0.10632865130901337,0.4185172915458679,-0.06238669157028198,-0.5194762945175171,-0.08727224171161652,0.15651646256446838,-0.07983989268541336,0.13640335202217102,0.12765590846538544,-0.29591357707977295,-0.005514909513294697,-0.23461449146270752,0.016042156144976616,0.05627023056149483,0.15386061370372772,-0.16711974143981934,-0.03091602958738804,0.3390454351902008,-0.12180180847644806,0.015802383422851562,-0.1907048374414444,0.29490023851394653,0.45989686250686646,-0.12690433859825134,0.1091587096452713,0.12966208159923553,-0.28074485063552856,-0.24633927643299103,0.21588194370269775,0.27230212092399597,-0.0016569793224334717,-0.04452937841415405,-0.1606731414794922,0.24086685478687286,0.6885391473770142,-0.247842475771904,0.34559398889541626,0.3032698929309845,-0.1273563802242279,0.24904075264930725,0.04449126124382019,0.051979564130306244,0.44477835297584534,-0.20320172607898712,0.33691900968551636,-0.5281005501747131,-0.4886019229888916,0.04117399454116821,0.3392125368118286,0.10943058878183365,0.33366090059280396,0.052405912429094315,-0.0051243482157588005,-0.3006407618522644,-0.12835189700126648,0.15932665765285492,0.3563392758369446,-0.027938848361372948,-0.0142578836530447,0.29304638504981995,-0.11196474730968475,0.31899043917655945,0.15254418551921844,0.30154818296432495,-0.08716324716806412,-0.4010995924472809,-0.17879986763000488,0.31474679708480835,-0.07091515511274338,-0.22814229130744934,0.1282237023115158,-0.07397259771823883,-0.06542734801769257,0.005056341178715229,0.27690500020980835,-0.14817145466804504,-0.0006558134919032454,0.28553977608680725,-0.3031398057937622,-0.14717146754264832,-0.27540212869644165,0.21768593788146973,0.09781583398580551,0.06261231005191803,-0.06747917085886002,-0.0760776624083519,-0.2864952087402344,-0.15315447747707367,0.07420758903026581,-0.11748528480529785,0.2156130075454712,-0.23487143218517303,0.6158150434494019,0.11594168096780777,-0.2992556691169739,0.09613604098558426,-0.1956774741411209,-0.15947286784648895,0.14514859020709991,0.03210320323705673,-0.20775023102760315,0.1865735948085785,0.02160741575062275,-0.3665500283241272,-0.03370467945933342,-0.13073594868183136,-0.09445162117481232,-0.2906067967414856,0.4500848650932312,0.04123852774500847,-0.05866917222738266,-0.13094814121723175,0.0506962314248085,0.11365695297718048,-0.128642275929451,-0.4734598696231842,-0.11513674259185791,-0.3153294622898102,-0.17518997192382812,-0.06991115212440491,0.05397560074925423,-0.14338959753513336,0.33580106496810913,0.6723600029945374,0.42662352323532104,0.108620285987854,0.22448250651359558,-0.013450980186462402,0.1380639225244522,-0.25761163234710693,0.03708847239613533,0.3689732253551483,0.07000730186700821,-0.16831548511981964,-0.057285506278276443,-0.08883440494537354,-0.007419705390930176,-0.34317106008529663,-0.04212753847241402,-0.26253992319107056,0.03982332721352577,-0.4925564229488373,-0.06960206478834152,-0.3236766755580902,-0.021332092583179474,0.30168625712394714,0.14274804294109344,-0.08901490271091461,-0.15330004692077637,-0.18837694823741913,0.6547925472259521,-0.5199095010757446,-0.12654796242713928,-0.0844779759645462,0.10481274127960205,-0.3468417823314667,0.25020840764045715,0.08271344751119614,0.007616096641868353,0.16260094940662384,0.291090190410614,-0.17316094040870667,-0.7359002232551575,-0.14481492340564728,0.47321444749832153,0.07564882934093475,0.004925817251205444,-0.1728416532278061,0.1683562695980072,-0.2764820158481598
CID000005401,374,0.2634522318840027,0.2775847017765045,0.20072969794273376,0.5255085825920105,-0.16553741693496704,-0.002001428510993719,0.2397094964981079,0.1329476535320282,-0.06083599478006363,0.2390800416469574,-0.044041622430086136,-0.38853269815444946,-0.11920114606618881,0.21320831775665283,0.11500968784093857,-0.11127108335494995,0.11387474834918976,-0.20444412529468536,0.13105660676956177,-0.6019065380096436,-0.20290009677410126,-0.04287232831120491,0.05555933713912964,-0.8955729603767395,0.0654696673154831,0.07763978093862534,-0.15453751385211945,-0.3396247327327728,-0.07994997501373291,0.19895878434181213,-0.007216334342956543,0.24365055561065674,-0.043902087956666946,0.03516737371683121,-0.02651676908135414,0.02813258208334446,-0.011328762397170067,0.2621467411518097,-0.04643065109848976,-0.19256606698036194,-0.23596520721912384,-0.190359964966774,0.09146176278591156,-0.1643451750278473,-0.15442101657390594,0.33830952644348145,0.12867160141468048,0.02835255302488804,0.03922075778245926,0.32211241126060486,0.40286293625831604,-0.01564117707312107,-0.06467519700527191,-0.10931143909692764,0.07419951260089874,-0.10487661510705948,-0.3190426528453827,0.1791391372680664,0.32901155948638916,0.10234985500574112,-0.08975912630558014,-0.38363292813301086,-0.06819263100624084,-0.2963426113128662,-0.06063433736562729,0.31682461500167847,-0.07669927179813385,-0.003120714332908392,0.10079078376293182,-0.1529635637998581,0.2222362458705902,0.20796914398670197,-0.30428019165992737,-0.21734023094177246,-0.42839813232421875,0.10344113409519196,-0.02937406301498413,0.28043702244758606,-0.05194369703531265,-0.17037488520145416,0.688135027885437,-0.38048607110977173,-0.43311676383018494,-0.4376429617404938,0.3040136396884918,-0.27416855096817017,0.11563827842473984,0.04812697321176529,-0.1277352273464203,-0.6901149153709412,-0.06762435287237167,0.2784731388092041,-0.045931391417980194,0.24896781146526337,0.16243889927864075,-0.25122684240341187,0.12504959106445312,-0.059022773057222366,0.11667122691869736,0.07142326235771179,-0.18939226865768433,0.09784206002950668,-0.08402525633573532,0.19905929267406464,0.2874203324317932,0.18682576715946198,-0.12042436748743057,0.18120704591274261,0.6073318123817444,0.1476939469575882,-0.07648435980081558,0.16113834083080292,-0.30251020193099976,-0.048443373292684555,-0.3426200747489929,0.2844672203063965,-0.054381825029850006,0.10758773982524872,-0.053539056330919266,0.030102813616394997,0.7124323844909668,-0.0034306631423532963,0.24693234264850616,0.2730013132095337,-0.2620468735694885,0.32026687264442444,0.07459945976734161,-0.08834187686443329,0.08923758566379547,-0.21154820919036865,0.3203716576099396,-0.4066758155822754,-0.3776407241821289,-0.035294342786073685,0.11026289314031601,0.12851093709468842,-0.005182969383895397,0.022820886224508286,-0.0028522491920739412,-0.20351342856884003,-0.1965344250202179,0.14256122708320618,0.11455941200256348,-0.1142960786819458,-0.2437189519405365,-0.06269854307174683,-0.1286953240633011,0.43409743905067444,0.3111373782157898,0.14425334334373474,0.14363352954387665,-0.3347133994102478,-0.12762650847434998,0.05515279620885849,-0.2951701283454895,-0.08467884361743927,0.0651559829711914,-0.1183946281671524,-0.08617067337036133,0.20374217629432678,-0.09998588263988495,-0.0055141448974609375,-0.02139739692211151,-0.1770908385515213,0.04795588180422783,-0.020851802080869675,-0.34509462118148804,-0.035935960710048676,-0.11675579845905304,0.390603244304657,0.12418191134929657,-0.23403970897197723,-0.11504588276147842,-0.26332277059555054,-0.07012532651424408,0.11396962404251099,0.02189018204808235,-0.1665010154247284,0.6843531727790833,0.11671461910009384,-0.08294661343097687,-0.08428764343261719,-0.16980409622192383,0.0138479545712471,0.7148144245147705,0.21386727690696716,-0.2803483009338379,-0.19311146438121796,-0.022152025252580643,-0.4243237376213074,0.01894143782556057,0.3472102880477905,0.02877967618405819,-0.34245485067367554,0.09562105685472488,-0.3696709871292114,-0.016927670687437057,0.1802130937576294,-0.1757369339466095,-0.20418520271778107,0.012694749049842358,-0.1935773342847824,0.05680098384618759,-0.4824386239051819,0.1671116054058075,-0.33764833211898804,-0.06063922494649887,0.03811824321746826,-0.10668063163757324,0.5783805847167969,0.4830246567726135,-0.4117882251739502,0.11862795054912567,-0.06899546086788177,-0.0024650171399116516,-0.19128501415252686,0.012053132057189941,0.25789734721183777,-0.013157770037651062,-0.02012665569782257,-0.16962005198001862,-0.21528542041778564,0.17520318925380707,-0.2130414992570877,0.1366196721792221,-0.03936966508626938,-0.05681382864713669,-0.051191069185733795,-0.24880561232566833,0.14495697617530823,-0.06651674211025238,0.4023275375366211,0.2707933485507965,-0.09035757929086685,-0.05490083619952202,-0.046358413994312286,0.42338258028030396,-0.1796523928642273,0.14672228693962097,-0.17962884902954102,0.363427996635437,-0.6076539754867554,-0.13132500648498535,0.28780946135520935,-0.30408206582069397,-0.08006316423416138,0.09913106262683868,-0.09930087625980377,-0.6400343775749207,-0.4476369321346283,0.2171807587146759,0.070124551653862,0.17411890625953674,-0.26248636841773987,0.1289636492729187,0.07501764595508575
CID000002764,375,-0.047146596014499664,0.34520474076271057,0.24242699146270752,0.42837339639663696,-0.437022864818573,0.08554168045520782,0.19081933796405792,0.29645681381225586,0.024384526535868645,0.3238522410392761,-0.029677987098693848,-0.09610031545162201,-0.04410022497177124,0.4019314646720886,0.019674774259328842,-0.05083134025335312,-0.0672813281416893,0.010368932969868183,0.17062166333198547,-0.5059801340103149,-0.19822759926319122,-0.324393093585968,-0.047246914356946945,-0.8040059208869934,-0.045231305062770844,0.13704241812229156,-0.1302121877670288,-0.16376884281635284,-0.08093538135290146,0.3090803027153015,-0.1119745597243309,0.2049461305141449,-0.03587762266397476,0.05109235644340515,-0.09590114653110504,-0.050685614347457886,0.2807496190071106,0.2499278038740158,0.2507181763648987,-0.34137529134750366,-0.009961199946701527,0.06889376789331436,0.26143985986709595,-0.17043200135231018,0.024183740839362144,0.232367604970932,-0.07801462709903717,0.05580826476216316,0.4623385965824127,0.021762600168585777,0.43651098012924194,-0.08921632915735245,-0.35475778579711914,-0.011583590880036354,-0.016248639672994614,-0.13241033256053925,0.1748552769422531,0.2537519931793213,0.2077174186706543,0.11337108910083771,-0.43040043115615845,-0.3024163246154785,0.08563970029354095,-0.2764703929424286,0.08434412628412247,0.4442331790924072,-0.36880308389663696,0.07367327809333801,0.058787643909454346,0.0422215461730957,-0.15357491374015808,0.08471932262182236,-0.2227812558412552,-0.36868029832839966,-0.12443274259567261,-0.16826152801513672,-0.19227701425552368,-0.18188655376434326,-0.06763960421085358,-0.09112594276666641,-0.06932303309440613,-0.28189167380332947,-0.2812858521938324,-0.21478834748268127,0.09318672865629196,0.021793698891997337,0.17528817057609558,0.028144726529717445,0.07269605249166489,-0.7140034437179565,-0.0815485492348671,0.2498748004436493,-0.0674343928694725,-0.09195511043071747,-0.10314454138278961,-0.2671836018562317,-0.010835295543074608,0.012967323884367943,0.20581650733947754,0.0628289058804512,0.11290055513381958,0.22215025126934052,0.053309909999370575,0.32828810811042786,-0.04429654777050018,0.08608069270849228,0.13955315947532654,0.09292595088481903,0.36935102939605713,-0.2584282159805298,0.05524623394012451,-0.00203688140027225,-0.17239515483379364,-0.22205030918121338,-0.12518210709095,0.08678512275218964,0.06650274991989136,0.192369744181633,-0.15271373093128204,0.33692818880081177,0.657103955745697,-0.29895275831222534,0.05014146491885185,0.23404312133789062,-0.160434290766716,0.1792227029800415,0.14302761852741241,0.024182435125112534,0.253202348947525,-0.1770665943622589,0.28231197595596313,-0.6096482276916504,-0.40229421854019165,0.2159823477268219,0.3287392556667328,0.1562957763671875,-0.09285982698202133,0.1923915445804596,-0.006636857986450195,-0.08888892829418182,-0.2802141010761261,0.4319726526737213,0.242743581533432,0.05427904799580574,0.10053032636642456,0.09610934555530548,-0.09169089794158936,0.5102382302284241,0.351783812046051,0.25112977623939514,0.06498252600431442,-0.3302593231201172,-0.10988517105579376,0.11444469541311264,-0.2480732649564743,-0.19340071082115173,0.09318321198225021,-0.41766637563705444,0.0376863107085228,0.3306915760040283,0.16728278994560242,-0.04322243854403496,0.021329784765839577,-0.09198908507823944,-0.3165833353996277,0.056763239204883575,-0.20388849079608917,0.43344950675964355,0.02473440207540989,0.04328152537345886,0.13103750348091125,-0.022346045821905136,-0.12055035680532455,-0.14873568713665009,0.05910487100481987,0.04974324256181717,0.5557916164398193,-0.10686685144901276,0.47566214203834534,0.04345760494470596,-0.12184631824493408,0.0804157704114914,-0.05075274780392647,-0.12960746884346008,0.01595890149474144,0.2648760974407196,-0.18978437781333923,-0.30197077989578247,-0.0032185069285333157,-0.4400556981563568,-0.023111069574952126,0.20032279193401337,-0.08146805316209793,-0.2399665117263794,0.2299131155014038,-0.0446796789765358,0.1832616627216339,-0.05788399651646614,0.3159599006175995,-0.14536556601524353,-0.10486576706171036,-0.2984080910682678,0.014715850353240967,-0.5765832662582397,0.09573107212781906,-0.05441703274846077,-0.07703852653503418,0.134478360414505,0.5807263851165771,0.5218780040740967,0.386711984872818,-0.06650285422801971,0.17998863756656647,0.22832174599170685,0.32043424248695374,-0.5303891897201538,0.19090990722179413,0.13761043548583984,0.0226722564548254,-0.21675188839435577,0.0496668741106987,0.20235960185527802,-0.22978439927101135,-0.2086564600467682,-0.12027265876531601,0.12528857588768005,-0.07023439556360245,-0.32795771956443787,0.005551567766815424,0.06636087596416473,-0.0337839350104332,0.18586383759975433,-0.040234439074993134,0.06202114745974541,0.031981922686100006,0.02728920243680477,0.5430248975753784,-0.8276857137680054,-0.04743476212024689,-0.04533680900931358,0.1986800581216812,-0.32857638597488403,-0.2806854248046875,0.029946278780698776,0.02090228535234928,0.03630489110946655,0.230520099401474,-0.1784939467906952,-0.6334002017974854,-0.18838849663734436,0.1280750036239624,-0.018386278301477432,0.11869437992572784,-0.20943348109722137,0.18078160285949707,-0.05863279104232788
CID000005538,376,0.22370553016662598,-0.18361616134643555,0.1992795616388321,0.30018743872642517,-0.18458396196365356,-0.19029957056045532,0.23297953605651855,0.3059672713279724,0.12078268826007843,0.09501822292804718,0.08853702247142792,-0.7265428304672241,-0.22472040355205536,0.2174280881881714,0.1593020111322403,0.050709329545497894,0.0347428135573864,-0.29302775859832764,-0.11443482339382172,-0.4549862742424011,0.2591482996940613,-0.2894793748855591,-0.06573475897312164,-0.7415468096733093,0.09751324355602264,0.10631249099969864,-0.2918025851249695,-0.2589278817176819,0.06612272560596466,0.10624773800373077,-0.20375123620033264,0.3301452100276947,-0.05373934656381607,0.07090340554714203,0.04594994708895683,0.22434595227241516,0.32379937171936035,-0.035312067717313766,0.13371548056602478,-0.2521238327026367,0.1659741848707199,-0.036331258714199066,0.14028780162334442,-0.26453766226768494,-0.19017109274864197,0.13672174513339996,-0.007317243609577417,-0.043515920639038086,0.14752615988254547,0.23272228240966797,0.4500719904899597,0.1989119052886963,-0.20646274089813232,-0.31230127811431885,-0.2247271090745926,-0.08088568598031998,-0.04631716385483742,-0.08099611103534698,0.24256733059883118,-0.06832615286111832,-0.03398432210087776,-0.3036375641822815,-0.012286966666579247,0.07395312935113907,0.28856998682022095,0.6245502233505249,-0.1773308962583542,0.04996221512556076,0.3098406195640564,-0.31545624136924744,0.2392776906490326,0.19005140662193298,-0.5735701322555542,-0.17485852539539337,-0.304720014333725,0.31861913204193115,0.09255913645029068,-0.038662880659103394,-0.017630819231271744,-0.03421832248568535,0.3291481137275696,-0.25915825366973877,-0.477224200963974,-0.03600914776325226,0.03009401261806488,0.0870218425989151,0.15238866209983826,0.21486246585845947,-0.20827123522758484,-0.9003448486328125,0.003614152316004038,0.26847344636917114,-0.15584853291511536,0.30510976910591125,0.08698909729719162,-0.41415730118751526,-0.24449101090431213,0.23611357808113098,-0.14648261666297913,0.18073812127113342,-0.2485574185848236,-0.14170867204666138,-0.11050249636173248,0.440887987613678,0.6321712732315063,0.1905895620584488,0.07060712575912476,-0.2321944683790207,0.3708746135234833,0.21792539954185486,-0.0911637395620346,0.18369217216968536,0.06595070660114288,0.1268025040626526,0.1530860811471939,0.40035706758499146,-0.11668672412633896,-0.23132959008216858,-0.11621551215648651,0.23226770758628845,0.6478814482688904,-0.31438952684402466,0.06938667595386505,0.02230859361588955,-0.24991683661937714,0.04055624455213547,0.19205410778522491,0.16290238499641418,0.377352774143219,0.16240420937538147,0.10349613428115845,-0.5776653289794922,-0.1800699532032013,0.12126190960407257,0.1302540898323059,0.5204306244850159,0.02042752504348755,0.29215046763420105,0.0325087234377861,0.0464278981089592,-0.24298803508281708,0.43544626235961914,-0.07504399120807648,-0.02802286110818386,0.08471806347370148,0.04169078916311264,0.011604346334934235,0.43512362241744995,-0.3374728262424469,0.16304375231266022,-0.15983141958713531,-0.23480334877967834,-0.13364170491695404,0.023264214396476746,-0.2644493877887726,-0.2632816731929779,-0.016968095675110817,-0.14197532832622528,-0.013241350650787354,0.3308168351650238,-0.0623825266957283,0.05493120476603508,0.018841590732336044,0.16726163029670715,-0.3290935158729553,-0.27389809489250183,-0.0366252139210701,-0.338274210691452,0.1855611354112625,0.18899688124656677,0.10969175398349762,-0.2501600682735443,-0.10742133855819702,-0.17115235328674316,-0.03382802754640579,0.01701195351779461,0.14479470252990723,-0.3004230558872223,0.4381164610385895,-0.03042725846171379,0.06278399378061295,-0.1642703264951706,0.08789891004562378,0.057413894683122635,0.6700515151023865,-0.07342398166656494,-0.2789684534072876,0.13734225928783417,0.33840543031692505,-0.533233642578125,-0.07090522348880768,-0.03446963056921959,0.26478371024131775,-0.10783018171787262,0.20332694053649902,-0.22880861163139343,0.3087780773639679,0.09465475380420685,-0.21035294234752655,-0.38454189896583557,0.1238541454076767,-0.27260535955429077,0.12143605947494507,-0.40995869040489197,0.036536894738674164,-0.03428257256746292,0.13170821964740753,0.20919767022132874,0.453051894903183,0.38630545139312744,0.46529966592788696,0.0695008710026741,0.06486954540014267,-0.04427046701312065,0.11635452508926392,-0.33365267515182495,0.19537663459777832,0.09650073945522308,0.04990757256746292,0.016482915729284286,-0.24826499819755554,-0.2577715516090393,0.15835528075695038,-0.38089823722839355,-0.4850708842277527,0.04373468831181526,0.17561155557632446,-0.24232259392738342,-0.2969995141029358,-0.08687473088502884,-0.0649990662932396,0.19189654290676117,0.7693785429000854,-0.04690388962626457,0.03448363021016121,0.2011098861694336,0.48982125520706177,-0.15713706612586975,0.13294117152690887,-0.20382869243621826,-0.1519867181777954,-1.07516348361969,0.10494117438793182,0.36536556482315063,0.07894933223724365,0.29484090209007263,0.22162191569805145,-0.14387179911136627,-0.48992791771888733,-0.3740992248058319,0.29466909170150757,-0.049247778952121735,0.13849684596061707,-0.11234774440526962,0.14101287722587585,0.07728002965450287
CID000004158,381,0.19059237837791443,0.13225598633289337,0.21834783256053925,0.17020203173160553,-0.2020016461610794,0.14746104180812836,0.23717772960662842,0.2580568492412567,-0.27989745140075684,0.27261802554130554,-0.007463908288627863,0.18635331094264984,0.043364137411117554,0.18651388585567474,-0.20180431008338928,-0.010089581832289696,-0.09730102121829987,-0.04566911235451698,0.16020281612873077,-0.35882577300071716,0.24417594075202942,-0.3487788140773773,0.2132294625043869,-0.7056882381439209,0.009168470278382301,0.13591685891151428,-0.21921876072883606,-0.12754349410533905,0.04544205218553543,0.20764930546283722,-0.07887215912342072,0.3372713625431061,0.224813774228096,-0.04846775904297829,-0.19016297161579132,-0.2798937261104584,0.19171833992004395,0.21712729334831238,0.07435616105794907,-0.20277699828147888,-0.0450020432472229,-0.2713106870651245,0.14907291531562805,-0.36099758744239807,-0.17205439507961273,0.22825375199317932,-0.10146790742874146,0.06784942746162415,0.11165313422679901,-0.03929499536752701,0.2730562686920166,-0.028063064441084862,-0.08403664827346802,-0.19634811580181122,0.2158905565738678,-0.0033422023989260197,0.05658134073019028,0.3146086037158966,0.07017877697944641,0.16473038494586945,-0.42083844542503357,-0.3679409623146057,0.2774178683757782,-0.2989119589328766,0.41790294647216797,0.38219696283340454,-0.27475666999816895,-0.06211315467953682,0.24559083580970764,-0.1258174479007721,0.03484809026122093,0.04639717936515808,-0.4463178515434265,-0.32565850019454956,-0.07766281068325043,0.15672580897808075,-0.265169233083725,0.19827407598495483,-0.06054096296429634,-0.05202089995145798,0.13475573062896729,-0.38307708501815796,-0.3856048285961151,0.05877730995416641,-0.062193237245082855,-0.27991339564323425,0.4727860391139984,0.015351945534348488,0.024489793926477432,-0.7829478979110718,-0.10373038053512573,0.24195225536823273,0.22223205864429474,0.15339218080043793,-0.1994962841272354,-0.4171336591243744,-0.2943367063999176,-0.11597172915935516,0.3158511221408844,0.5467008948326111,0.07724464684724808,-0.07880279421806335,0.03403497859835625,0.3427627384662628,0.10870220512151718,0.13070246577262878,-0.2247268259525299,-0.014177927747368813,0.30615803599357605,-0.07130323350429535,-0.08825699239969254,0.21771173179149628,-0.3859095573425293,0.09269528836011887,-0.018047228455543518,0.3092103898525238,0.14199146628379822,-0.10104094445705414,-0.06275543570518494,0.0805472582578659,0.513292133808136,-0.10478876531124115,0.29815131425857544,0.2808716595172882,-0.19415682554244995,-0.13003380596637726,-0.11631929874420166,-0.06316738575696945,0.1667267382144928,-0.15305577218532562,0.3013106882572174,-0.40531477332115173,-0.17604659497737885,0.14023004472255707,0.12744495272636414,-0.22104477882385254,-0.2749857008457184,0.12392612546682358,0.02227024920284748,-0.5851088166236877,-0.21938028931617737,0.0767751932144165,0.10568834841251373,-0.12029875814914703,0.13589206337928772,0.280441015958786,-0.1717109978199005,0.37516123056411743,-0.06236351281404495,0.26532167196273804,0.20136773586273193,-0.12365176528692245,-0.04344511032104492,0.43027758598327637,-0.26846078038215637,-0.20549431443214417,-0.23179879784584045,-0.23913994431495667,0.12129990756511688,0.4507374167442322,-0.19020326435565948,0.09980642795562744,0.066123366355896,-0.23179778456687927,-0.24266782402992249,0.08072227984666824,-0.34211522340774536,0.05492066591978073,0.09974286705255508,0.3848894536495209,0.1261240541934967,-0.2501910924911499,-0.4476621150970459,-0.32722920179367065,0.06642786413431168,-0.021613875404000282,0.201475590467453,-0.2850377857685089,0.40600770711898804,-0.0005693912389688194,0.20038923621177673,-0.022433077916502953,-0.4155403673648834,-0.23722875118255615,0.038563065230846405,0.2802763283252716,-0.2898990511894226,-0.08567003905773163,-0.12114103138446808,-0.3813799023628235,-0.3408343493938446,0.17059388756752014,0.27546316385269165,-0.15744000673294067,0.23629362881183624,-0.07633720338344574,0.19461221992969513,0.032866112887859344,0.14492997527122498,-0.10386084020137787,0.19023308157920837,-0.2878396809101105,0.06967900693416595,-0.36434298753738403,0.32918769121170044,-0.34526747465133667,0.015118300914764404,-0.0786777064204216,0.19462905824184418,0.2942706048488617,0.3663845956325531,-0.06586192548274994,0.323672354221344,0.398418128490448,0.023560356348752975,-0.49442702531814575,-0.09564180672168732,-0.007744580507278442,-0.009738095104694366,-0.014965152367949486,0.07604600489139557,-0.2648962736129761,-0.06259884685277939,-0.2992519736289978,-0.2726457715034485,-0.036141544580459595,-0.35239192843437195,-0.15186603367328644,0.15640103816986084,-0.07942792028188705,0.030459340661764145,-0.016140881925821304,0.21659712493419647,0.1296505331993103,-0.23450914025306702,0.07375290989875793,0.31304746866226196,-0.44648686051368713,-0.056065671145915985,-0.16179808974266052,0.36806029081344604,-0.7016438245773315,0.08628159761428833,0.17704541981220245,-0.06860508024692535,0.028360193595290184,0.23993301391601562,0.10656972229480743,-0.4734466075897217,-0.10060800611972809,0.21825511753559113,-0.16271145641803741,0.10734277963638306,0.08336534351110458,0.03973162919282913,0.10647356510162354
CID000004212,382,0.002841779263690114,-0.17412641644477844,0.12025599181652069,0.5838872790336609,-0.14626912772655487,-0.15170280635356903,-0.06775925308465958,0.27514761686325073,-0.06147000193595886,0.10269169509410858,0.2822432816028595,0.05738828703761101,0.004460383206605911,-0.01415509544312954,-0.020441114902496338,0.06968923658132553,-0.1038338914513588,-0.24432030320167542,-0.038507770746946335,-0.8746975660324097,0.10714560747146606,-0.4286291003227234,-0.10690244287252426,-0.9354689717292786,-0.2960759401321411,0.3337016701698303,-0.027479717507958412,-0.08817881345748901,-0.08101486414670944,0.2933439612388611,0.26945731043815613,0.03887902572751045,-0.4144020676612854,0.006724834442138672,-0.024426806718111038,-0.11345398426055908,-0.16226457059383392,0.3571503460407257,-0.01271792035549879,-0.10933320224285126,-0.08221736550331116,0.02248702012002468,-0.1092587262392044,-0.18462111055850983,-0.04069257900118828,0.1660880595445633,0.12118673324584961,-0.0504860058426857,-0.06411809474229813,-0.04908009618520737,0.5122652649879456,-0.4174838662147522,-0.059424109756946564,0.030582819133996964,-0.026587098836898804,-0.044398725032806396,0.2624351382255554,0.0174696147441864,0.22165966033935547,0.11989066749811172,-0.24927397072315216,-0.23541149497032166,0.11778738349676132,-0.0999525785446167,0.27672871947288513,0.5148842930793762,-0.1449170708656311,-0.19723039865493774,-0.1479838639497757,0.038433823734521866,0.0692221149802208,0.16063639521598816,-0.25240951776504517,-0.4794982075691223,-0.22462883591651917,-0.05825594812631607,0.18254050612449646,0.1307298094034195,0.005147218704223633,-0.1433098316192627,0.5441263318061829,-0.1909138411283493,-0.22801382839679718,-0.1578788161277771,0.12142215669155121,0.007837271317839622,0.29237550497055054,0.20663447678089142,-0.031675729900598526,-0.6297941207885742,0.10287009179592133,0.3594908118247986,-0.03697926923632622,0.14881010353565216,-0.09591026604175568,-0.27218639850616455,0.10322178900241852,-0.2422352135181427,0.34084901213645935,0.10408218950033188,-0.17570927739143372,0.14036482572555542,-0.11833412945270538,0.2833717167377472,-0.10106507688760757,0.05860547348856926,0.12905602157115936,0.20353560149669647,0.7848596572875977,0.005131566431373358,-0.13892671465873718,0.1723233014345169,0.01035443227738142,-0.01641935668885708,0.04427618905901909,0.2707415223121643,0.015338361263275146,0.1740303486585617,-0.03760154917836189,0.1405523419380188,0.7082830667495728,-0.4129181504249573,0.3305913507938385,0.09400415420532227,-0.10546007007360458,0.05930221080780029,0.1393575668334961,0.10526939481496811,0.4346390664577484,0.20223407447338104,0.11464624106884003,-0.3746398091316223,-0.20433688163757324,0.0332743301987648,0.06204961985349655,0.09768190234899521,0.007333123590797186,0.1207304447889328,-0.20415076613426208,-0.4382801055908203,-0.18178841471672058,-0.01269708015024662,-0.01050411444157362,0.07331498712301254,0.12755616009235382,0.4018367826938629,-0.008426452055573463,0.6007342338562012,0.11777843534946442,0.3311706483364105,0.02540799416601658,-0.35381028056144714,0.18655909597873688,0.3013013005256653,-0.011634630151093006,-0.07558798789978027,0.022228514775633812,-0.34899064898490906,-0.34430789947509766,0.1586272418498993,0.5028824806213379,0.09231863915920258,-0.14892831444740295,0.011278057470917702,-0.025823872536420822,-0.31441348791122437,-0.03318105265498161,-0.11020694673061371,-0.09783057123422623,0.22490815818309784,-0.12718042731285095,-0.17460447549819946,-0.08677472919225693,-0.4331297278404236,0.07977358996868134,-0.28475281596183777,0.10888922214508057,-0.362652450799942,0.41965252161026,0.30737969279289246,0.0480397567152977,0.12730726599693298,-0.13056443631649017,0.1223885640501976,0.07072637975215912,0.052716828882694244,-0.27283838391304016,-0.263195663690567,-0.05140933394432068,-0.4287390112876892,-0.25783222913742065,-0.0470140166580677,0.2030424326658249,-0.13204488158226013,0.14375337958335876,-0.1054208055138588,-0.05115518718957901,-0.02489985153079033,0.2036300003528595,-0.25895220041275024,-0.22407793998718262,-0.3357643187046051,-0.15780684351921082,-0.5383378863334656,-0.09032179415225983,-0.2745773196220398,0.0934905856847763,0.06349043548107147,0.08320395648479462,0.6995799541473389,0.2592366933822632,-0.05232255533337593,0.36389392614364624,0.06867603957653046,0.14953961968421936,-0.06582047045230865,-0.07602355629205704,0.3030986785888672,0.06087198108434677,-0.27575379610061646,-0.26219093799591064,-0.3908173441886902,-0.07878245413303375,-0.26904916763305664,-0.10090740770101547,-0.2604352831840515,-0.43329548835754395,-0.2976103127002716,-0.014442121610045433,-0.1035567969083786,0.05668099969625473,0.44963401556015015,0.04118698835372925,-0.05080099776387215,-0.05079693719744682,-0.17405609786510468,0.2726703882217407,-0.5274935960769653,-0.0884915366768837,-0.16238370537757874,0.050282787531614304,-0.7454949617385864,0.17642222344875336,0.1593489944934845,-0.09068594872951508,-0.13269183039665222,0.2524971663951874,0.27588310837745667,-0.7472735047340393,-0.14682836830615997,0.3254897892475128,0.05362912267446518,0.25179794430732727,-0.27591070532798767,0.2020299732685089,-0.16145212948322296
CID000123631,384,0.21425025165081024,0.2808507978916168,0.21876946091651917,0.4077274203300476,-0.06088525056838989,0.03203597664833069,0.12814104557037354,0.26642701029777527,-0.13709507882595062,0.15574201941490173,-0.12116752564907074,-0.42279982566833496,-0.17500512301921844,0.26800480484962463,0.09066994488239288,-0.08275209367275238,0.07590866088867188,-0.23892752826213837,0.0943571925163269,-0.5582947134971619,-0.11337567865848541,-0.057357825338840485,-0.14391691982746124,-0.8069239854812622,0.17177914083003998,-0.03731882944703102,-0.3103129267692566,-0.3020032048225403,-0.10414417833089828,0.16663552820682526,0.006216990761458874,0.37528589367866516,-0.024060094729065895,0.10936186462640762,0.026208188384771347,0.025372009724378586,-0.11562534421682358,0.2317345142364502,0.04345667362213135,-0.18857388198375702,-0.13625186681747437,-0.41965222358703613,0.012766264379024506,-0.2048395425081253,-0.2082178145647049,0.39580750465393066,0.13481126725673676,0.01799977384507656,0.17761339247226715,0.22872216999530792,0.3719783425331116,-0.15499725937843323,-0.12103346735239029,-0.17629605531692505,0.011247485876083374,-0.09095370769500732,-0.3524060547351837,0.09954940527677536,0.17207393050193787,-0.048621129244565964,-0.17945559322834015,-0.4044114053249359,-0.20371921360492706,-0.3462112843990326,0.03662075102329254,0.2945786416530609,-0.03595803305506706,-0.022538822144269943,0.22583302855491638,-0.233255535364151,0.23453691601753235,0.17103393375873566,-0.243550106883049,-0.15804919600486755,-0.32158762216567993,0.08253619819879532,-0.09095247834920883,0.30618977546691895,-0.13849326968193054,-0.13381150364875793,0.6559232473373413,-0.31393250823020935,-0.47980913519859314,-0.4236776828765869,0.2660376727581024,-0.397553026676178,0.11740690469741821,0.08584430813789368,-0.23142191767692566,-0.7559724450111389,-0.09811980277299881,0.24261918663978577,-0.1533864438533783,0.18414370715618134,0.03156791254878044,-0.3039540648460388,0.2314227819442749,-0.19201013445854187,0.1436801701784134,0.09828177839517593,-0.28715890645980835,0.23783481121063232,-0.08602500706911087,0.23203594982624054,0.2238038331270218,0.22890377044677734,-0.06190270185470581,0.15350763499736786,0.5369346737861633,0.13130083680152893,-0.16978329420089722,0.1667276918888092,-0.32223445177078247,0.07041247189044952,-0.3201116621494293,0.41889697313308716,-0.17595085501670837,-0.05476110056042671,-0.1647798866033554,0.06752999126911163,0.7397603988647461,0.06880268454551697,0.2032814472913742,0.07591179758310318,-0.15703436732292175,0.26179003715515137,-0.02605033852159977,0.060519468039274216,0.11351025104522705,-0.3066325783729553,0.3047834038734436,-0.4238041043281555,-0.2529081404209137,-0.05732448771595955,0.21369190514087677,-0.0015601851046085358,-0.12978485226631165,-0.003339749528095126,0.025719333440065384,-0.14402323961257935,-0.22297510504722595,0.1435069739818573,0.1547725945711136,-0.14744441211223602,-0.3625738322734833,-0.03486727550625801,-0.12457002699375153,0.4733121991157532,0.23075754940509796,0.12009994685649872,0.032984890043735504,-0.3275275230407715,-0.0828750804066658,0.05437789112329483,-0.29642975330352783,-0.1857757717370987,0.09049472957849503,-0.2572469115257263,-0.07739006727933884,0.34413450956344604,-0.05447065830230713,-0.07273684442043304,-0.06100285053253174,-0.2385508269071579,0.07838945090770721,0.07227786630392075,-0.36941710114479065,0.03806619346141815,-0.030204469338059425,0.40793377161026,0.06676075607538223,-0.20691876113414764,-0.19349536299705505,-0.39733561873435974,0.03672090172767639,0.06398605555295944,0.006660575978457928,-0.20788612961769104,0.6952308416366577,0.11729130893945694,0.015303107909858227,-0.1378607600927353,-0.23515740036964417,0.05476946383714676,0.774051308631897,0.14439637959003448,-0.30913808941841125,-0.0663166344165802,0.046421777456998825,-0.3632867932319641,0.05851783603429794,0.4237334728240967,0.0786336362361908,-0.29462653398513794,0.059038031846284866,-0.3293752372264862,0.07400986552238464,0.10017961263656616,-0.11709518730640411,-0.11558787524700165,0.027873927727341652,-0.1240544468164444,0.017529582604765892,-0.374869167804718,0.250784695148468,-0.38020023703575134,-0.004381829407066107,0.1268070638179779,-0.11487855017185211,0.46016353368759155,0.5516484379768372,-0.43260663747787476,0.1320401430130005,0.10529432445764542,0.0013759412104263902,-0.18424230813980103,0.07326016575098038,0.18288759887218475,0.04079766198992729,-0.03733522444963455,-0.07322636246681213,-0.14937922358512878,0.05965672805905342,-0.20135465264320374,0.16007888317108154,-0.11907075345516205,-0.04014594480395317,-0.09540747106075287,-0.35283681750297546,0.199302539229393,0.051722146570682526,0.18171247839927673,0.25816231966018677,-0.027236854657530785,-0.10552141815423965,0.012661105021834373,0.39166849851608276,-0.2255340814590454,0.21780399978160858,-0.1942013055086136,0.507644534111023,-0.7283649444580078,-0.1589210331439972,0.2982262372970581,-0.36348241567611694,-0.03518640249967575,0.2741171717643738,-0.031652018427848816,-0.580128014087677,-0.5095040202140808,0.18275809288024902,0.08517365157604218,0.16878032684326172,-0.07158536463975906,0.05854179337620735,0.14008653163909912
CID000216326,386,-0.03361067920923233,-0.043550044298172,-0.19096092879772186,0.32273706793785095,-0.30222266912460327,-0.02029816247522831,0.2513332664966583,0.2567897439002991,-0.05668008327484131,0.2396916151046753,0.27987533807754517,-0.054769329726696014,-0.20584511756896973,0.049398474395275116,-0.2518865168094635,0.022175678983330727,-0.20772337913513184,-0.062797412276268,0.2597552239894867,-0.42511066794395447,-0.0003964155912399292,-0.2996259331703186,0.06718329340219498,-0.8730772137641907,0.03749226778745651,0.23516277968883514,-0.0146084725856781,-0.007163134403526783,0.02762671187520027,-0.04908616095781326,-0.08562877029180527,0.17173048853874207,-0.2569566071033478,0.023969417437911034,0.05003939941525459,-0.022928107529878616,0.20895342528820038,0.2124742567539215,0.2277909815311432,-0.28678369522094727,0.04666392505168915,-0.384364515542984,0.2125399112701416,-0.1685236245393753,-0.1883392632007599,0.282792866230011,0.08883916586637497,-0.07790115475654602,0.09791626036167145,-0.12012042850255966,0.1820298135280609,0.09728118032217026,-0.2693191170692444,-0.13691720366477966,0.13055260479450226,-0.09407804906368256,0.15700949728488922,0.08898282796144485,0.3283810019493103,0.033549677580595016,-0.21077978610992432,-0.39124801754951477,0.2173590362071991,-0.004613807890564203,0.3498232960700989,0.2726699411869049,-0.21809160709381104,-0.174905925989151,0.18095262348651886,0.09378303587436676,0.14090695977210999,0.2044096291065216,-0.33739885687828064,-0.3590664267539978,-0.3694452941417694,-0.10398638248443604,-0.06300467252731323,0.19151249527931213,-0.03791984170675278,-0.16828113794326782,0.17803379893302917,-0.3889042139053345,-0.310891330242157,-0.10162462294101715,0.15858320891857147,-0.06361369788646698,0.14760009944438934,0.2504786550998688,-0.058293718844652176,-0.6100283861160278,-0.23765575885772705,0.2292834222316742,0.13027574121952057,0.11554735898971558,-0.06211366131901741,-0.31348422169685364,-0.016558874398469925,-0.12064580619335175,-0.24073150753974915,0.06556520611047745,-0.12901148200035095,0.028213446959853172,-0.1831992119550705,0.2451794594526291,0.2720898985862732,0.048910290002822876,-0.011301564984023571,0.28716105222702026,0.4180031716823578,-0.18438127636909485,-0.11562615633010864,0.2329820841550827,-0.34418970346450806,0.051053207367658615,0.10411286354064941,0.26382023096084595,-0.11327850818634033,0.00885082595050335,-0.23767626285552979,0.21215298771858215,0.5113033056259155,-0.23644649982452393,0.34920498728752136,0.3986269235610962,-0.18987318873405457,0.1466345489025116,0.08512122929096222,-0.054240882396698,0.39948147535324097,0.011948829516768456,-0.140263170003891,-0.44901198148727417,-0.26382580399513245,0.03355247527360916,0.4119168221950531,0.02639131247997284,-0.18635676801204681,0.1920509934425354,-0.3622541129589081,-0.24061796069145203,-0.1370619237422943,0.08599336445331573,0.06360422819852829,-0.01977115124464035,0.040994394570589066,0.41938894987106323,-0.290167897939682,0.23692211508750916,0.1356743425130844,0.24819962680339813,0.11572016775608063,-0.10939768701791763,-0.08131618052721024,0.2585688531398773,-0.16062135994434357,-0.16332897543907166,-0.005237369332462549,0.05967409536242485,0.08269929885864258,0.2847452461719513,0.2461751252412796,0.03495659679174423,-0.09493009001016617,0.1647612601518631,-0.1404101401567459,-0.02202722057700157,-0.0866178423166275,0.019501665607094765,-0.06400999426841736,0.29198890924453735,0.15489283204078674,-0.16300450265407562,-0.3597058057785034,-0.1493508666753769,0.06629844009876251,-0.1524510681629181,0.10841183364391327,-0.33826524019241333,0.314452588558197,-0.10521982610225677,0.007678815629333258,-0.1752672791481018,-0.10954296588897705,-0.16239428520202637,0.01708167791366577,0.18036097288131714,-0.12386765331029892,-0.1594650000333786,0.09871168434619904,-0.4323517680168152,-0.25197237730026245,0.013580131344497204,0.07284371554851532,-0.09262595325708389,0.2493947446346283,-0.16155095398426056,0.12202465534210205,-0.03491688519716263,0.0950908437371254,-0.18107780814170837,0.16069921851158142,-0.27895012497901917,-0.17150674760341644,-0.43162280321121216,0.09067744761705399,-0.2640478312969208,-0.06584758311510086,0.0009130776161327958,-0.013087689876556396,0.4370329976081848,0.36092203855514526,-0.09455034136772156,0.26733875274658203,0.10719425976276398,0.23304018378257751,-0.026198506355285645,-0.06480056047439575,0.05576692894101143,-0.05268983915448189,-0.18119759857654572,-0.09388550370931625,-0.23016579449176788,-0.07285673916339874,-0.2331274300813675,0.06415470689535141,-0.09470020234584808,0.2166832983493805,-0.17902591824531555,0.01787056028842926,-0.1098237857222557,-0.10112090408802032,0.08373542875051498,0.26317712664604187,-0.02398473210632801,-0.12579834461212158,-0.20196089148521423,0.3462511897087097,-0.46345996856689453,0.07742177695035934,-0.28545671701431274,0.2572573125362396,-0.4554263651371002,0.11833415925502777,0.17373432219028473,-0.06995956599712372,0.04965096339583397,0.22822794318199158,-0.066047802567482,-0.5284473299980164,-0.1146613359451294,0.3496874272823334,-0.2094963788986206,0.18397870659828186,-0.20904870331287384,0.17114222049713135,0.09001626074314117
CID000004485,387,0.28921329975128174,-0.046632133424282074,0.02880038693547249,0.5325509309768677,-0.4804190993309021,0.009278190322220325,0.12192636728286743,0.2423737347126007,0.014628393575549126,0.19937846064567566,0.2306608408689499,-0.21632640063762665,0.07807467132806778,0.27659666538238525,0.11100325733423233,0.09448321908712387,-0.20793572068214417,-0.12160005420446396,-0.061262212693691254,-0.4151094853878021,-0.019557761028409004,-0.2727695107460022,-0.20767199993133545,-0.7150582671165466,0.03568550571799278,0.17449454963207245,-0.1316749006509781,-0.060059309005737305,-0.09632032364606857,0.2065640687942505,-0.09980536252260208,0.2828727662563324,0.0001613765925867483,0.11957504600286484,0.015524676069617271,-0.105099156498909,-0.15532168745994568,0.17955230176448822,0.01413398701697588,-0.2896254062652588,0.061245255172252655,-0.1313159316778183,-0.07717003673315048,-0.14009270071983337,-0.14876890182495117,0.30961519479751587,0.12636533379554749,-0.12272610515356064,0.1045927032828331,0.10830371081829071,0.4284115433692932,-0.1358727514743805,-0.1369333565235138,0.0979507565498352,-0.03684915602207184,0.06635595858097076,-0.290094256401062,-0.12734046578407288,0.1559697836637497,0.2017451822757721,-0.23965735733509064,-0.08168564736843109,0.04221614450216293,-0.3253673315048218,0.23789815604686737,0.6233137845993042,-0.11967583000659943,-0.018279382959008217,0.4198785424232483,0.11270151287317276,0.08576846867799759,0.017148660495877266,-0.012250715866684914,-0.21640339493751526,-0.11346288025379181,0.21436813473701477,-0.21099551022052765,0.0023368478287011385,-0.19732573628425598,0.03595246374607086,0.4137710928916931,-0.38311225175857544,-0.42270368337631226,0.19094648957252502,0.22624926269054413,-0.28197604417800903,0.3966389298439026,-0.14176088571548462,-0.03447391092777252,-0.5643139481544495,0.08833847939968109,0.4609290063381195,-0.043868981301784515,0.09794241189956665,0.1717624068260193,-0.3168978989124298,0.10088212788105011,0.02772131934762001,0.13616016507148743,0.42152732610702515,-0.2757055163383484,0.016659297049045563,-0.012256640940904617,0.29597219824790955,0.16042689979076385,0.17421643435955048,-0.05575280264019966,-0.04865433648228645,0.5846771001815796,0.30572789907455444,-0.07616793364286423,0.3103286623954773,-0.06745229661464691,-0.044528257101774216,-0.10040221363306046,0.36338919401168823,-0.3974965512752533,-0.009414926171302795,0.07065508514642715,0.4652487337589264,0.699337363243103,-0.19978737831115723,-0.00033611059188842773,0.08611738681793213,0.1760650873184204,0.2390066385269165,0.027731558308005333,0.08443298190832138,0.1282213181257248,0.09826205670833588,0.01572403684258461,-0.6011836528778076,-0.38299310207366943,-0.12414081394672394,0.2374919205904007,0.020704317837953568,-0.032084159553050995,0.28178685903549194,-0.23455727100372314,0.002188754500821233,-0.2638131082057953,0.23650293052196503,-0.000961345445830375,0.19012098014354706,0.026472970843315125,0.06085994839668274,0.1858169138431549,0.5943957567214966,0.08735070377588272,0.34033486247062683,-0.12529638409614563,-0.40242910385131836,-0.22234301269054413,0.2387242615222931,-0.03673672676086426,-0.19819258153438568,-0.13103613257408142,-0.3104110360145569,0.05706723779439926,0.2613261044025421,-0.07569217681884766,-0.06792686879634857,-0.1368107944726944,-0.11145158112049103,0.10902275890111923,0.07472123950719833,-0.16373224556446075,0.26075297594070435,0.029850255697965622,0.06289153546094894,-0.11908533424139023,0.006893581245094538,-0.4205045700073242,-0.46532052755355835,0.1516539305448532,-0.2592475712299347,-0.051848847419023514,-0.21665850281715393,0.710276186466217,0.0491817407310009,-0.3270665109157562,0.15699493885040283,-0.04067077860236168,0.054608799517154694,0.6600283980369568,-0.06254339218139648,-0.04755689948797226,-0.1418456733226776,-0.1360653042793274,-0.29218050837516785,-0.1244787722826004,0.23375554382801056,0.14675042033195496,-0.10992041975259781,0.18096058070659637,-0.03317413479089737,0.44906702637672424,-0.20296649634838104,0.1996162086725235,0.08291343599557877,-0.07593227177858353,-0.16270573437213898,0.004843506030738354,-0.11309035867452621,0.2932484745979309,-0.3075781464576721,0.006157484836876392,-0.011208102107048035,-0.08982451260089874,0.5301530361175537,0.4911634027957916,0.17653746902942657,0.3600848317146301,0.4376774728298187,-0.015137523412704468,-0.8006599545478821,-0.024649906903505325,0.2529070973396301,0.1307910978794098,-0.18564963340759277,-0.1019958034157753,-0.04752691090106964,0.04728231579065323,-0.2834548056125641,-0.0641787201166153,-0.013955769129097462,-0.0513685941696167,-0.01825687661767006,-0.41489261388778687,0.04022113233804703,-0.17151597142219543,0.01144002377986908,0.2542817294597626,-0.16600818932056427,-0.061463408172130585,-0.07218613475561142,0.47180089354515076,-0.13298821449279785,-0.022257814183831215,-0.3343699872493744,0.12694792449474335,-0.5239612460136414,-0.06820578873157501,0.0408664345741272,-0.5903444290161133,-0.01549004577100277,-0.04253002256155014,-0.28747859597206116,-0.6105755567550659,-0.25970691442489624,0.17911043763160706,0.00398276885971427,-0.07391206920146942,-0.372946172952652,0.023239819332957268,-0.06908943504095078
CID000016231,390,0.15876558423042297,-0.17185091972351074,-0.007723021320998669,0.5236114263534546,-0.33729156851768494,0.0768030658364296,0.07681196928024292,0.15756408870220184,-0.012794959358870983,0.2289760559797287,0.18296344578266144,-0.018024031072854996,0.0630771741271019,0.12492122501134872,-0.19316861033439636,0.13583166897296906,-0.014263933524489403,-0.15911975502967834,0.004622730426490307,-0.5675249099731445,-0.07812100648880005,-0.42978495359420776,0.2621898651123047,-0.9061267971992493,-0.008817663416266441,0.08893211930990219,-0.0057967305183410645,0.18848088383674622,-0.03658436983823776,0.14420351386070251,-0.06211811304092407,0.16934698820114136,0.05796872451901436,-0.3879358470439911,0.050756942480802536,-0.16037945449352264,0.3042607307434082,-0.036472219973802567,0.008717114105820656,-0.33134210109710693,-0.07065035402774811,-0.09116511046886444,0.22792133688926697,-0.21730370819568634,-0.13908512890338898,0.35795536637306213,-0.09743330627679825,-0.06321679055690765,0.11990078538656235,0.2522260248661041,0.36057525873184204,0.10328538715839386,-0.2168409824371338,-0.11268965154886246,-0.10942064225673676,0.02163458801805973,0.048582375049591064,0.3102661967277527,0.051468800753355026,0.22849278151988983,-0.10107269138097763,-0.3743837773799896,0.027032384648919106,-0.0007379233720712364,0.05553929880261421,0.47137951850891113,-0.2819717228412628,-0.025440648198127747,0.18794819712638855,-0.053791869431734085,-0.09943751245737076,0.27072086930274963,-0.1953311711549759,-0.22338807582855225,-0.3576469421386719,0.004041734151542187,-0.026397163048386574,0.12508949637413025,-0.0543517991900444,-0.20871427655220032,0.11319209635257721,-0.49542441964149475,-0.23796625435352325,-0.13585306704044342,-0.06478285789489746,-0.011317947879433632,0.051853395998477936,0.09336197376251221,0.15970368683338165,-0.6029177308082581,-0.13916024565696716,0.24824750423431396,0.07023075222969055,-0.11558053642511368,-0.019803309813141823,-0.08205733448266983,0.17616280913352966,0.01723860576748848,0.032416392117738724,0.04793021082878113,-0.12344344705343246,-0.2001190483570099,-0.12635983526706696,0.1369345635175705,0.046646397560834885,0.015856489539146423,0.19689889252185822,0.13121923804283142,0.5283151268959045,0.058020174503326416,-0.029692312702536583,0.17393900454044342,0.06677453964948654,-0.1655946969985962,0.1532265990972519,0.24079415202140808,0.01729988120496273,0.2995472848415375,0.03667183965444565,0.2243237942457199,0.6865545511245728,-0.24662455916404724,0.10562221705913544,0.25408846139907837,-0.012901747599244118,0.1470765471458435,0.10564000904560089,-0.07773785293102264,0.21344611048698425,0.19192810356616974,0.018586859107017517,-0.5387293696403503,-0.45861274003982544,0.21959464251995087,0.05015888810157776,-0.054058633744716644,0.05183269456028938,0.28145262598991394,-0.10724079608917236,-0.18598389625549316,-0.16116154193878174,-0.005461253225803375,0.0739111453294754,0.060859937220811844,0.13731731474399567,0.005011549685150385,-0.23184439539909363,0.39662474393844604,0.024236410856246948,0.4696992039680481,0.3846134543418884,-0.5509093999862671,-0.2724461555480957,0.1572379767894745,-0.23461470007896423,-0.009988931939005852,-0.06437375396490097,0.033306241035461426,-0.06862480938434601,0.24217930436134338,-0.07207739353179932,0.3404460549354553,-0.09449366480112076,0.20545396208763123,-0.3374045193195343,-0.12039278447628021,-0.2944367825984955,0.06464646011590958,-0.1192946806550026,0.10861202329397202,0.1081395149230957,-0.18326762318611145,-0.1528714895248413,-0.25678113102912903,0.16244599223136902,-0.024910714477300644,0.11652113497257233,-0.1260102391242981,0.6120925545692444,-0.04460219666361809,-0.2507336735725403,-0.09153807908296585,-0.08404549211263657,-0.20272786915302277,0.12288199365139008,-0.017903659492731094,-0.13754959404468536,-0.19538302719593048,-0.02075183391571045,-0.38950589299201965,0.046561211347579956,0.12963426113128662,0.12512189149856567,-0.06468576192855835,0.2678754925727844,-0.09143053740262985,0.018562261015176773,-0.003023004624992609,0.1306953728199005,-0.39192572236061096,-0.018076647073030472,-0.25694820284843445,-0.04815484955906868,-0.516421377658844,0.10561934858560562,-0.14325857162475586,-0.043398417532444,0.012902873568236828,-0.08437728881835938,0.47870808839797974,0.29125458002090454,-0.18667490780353546,0.3267858028411865,0.05501397326588631,0.028265327215194702,-0.13294994831085205,0.08930180221796036,0.3345567584037781,0.08607734739780426,-0.0014014706248417497,-0.17757491767406464,0.025889882817864418,-0.09870477020740509,-0.07846373319625854,0.18518610298633575,0.15316417813301086,-0.007532763294875622,0.03861909359693527,-0.03630180284380913,-0.2808263599872589,0.03618161380290985,-0.06685780733823776,0.2031693160533905,-0.029063645750284195,0.07385386526584625,-0.13791421055793762,0.402228981256485,-0.15422804653644562,0.04895775392651558,-0.12393420934677124,-0.08173272758722305,-0.20759256184101105,0.08382908254861832,0.03194549307227135,-0.15861068665981293,-0.21042418479919434,-0.11760018765926361,0.05908053368330002,-0.5600653886795044,-0.08817799389362335,0.12506434321403503,-0.12737604975700378,0.038552176207304,-0.25838223099708557,0.19252227246761322,0.02368706837296486
CID000001046,391,0.1584465652704239,0.02277557924389839,-0.049694351851940155,0.4632238447666168,-0.21337339282035828,0.11830732971429825,-0.21760118007659912,0.3510149121284485,0.06835872679948807,0.27481305599212646,0.07328920066356659,-0.5360630750656128,-0.24406631290912628,0.3391573429107666,0.06127602979540825,0.08426293730735779,-0.1377539485692978,-0.025652384385466576,0.07680346071720123,-0.6390384435653687,-0.06576770544052124,0.07423850148916245,0.07099076360464096,-0.8078370094299316,0.06629358232021332,0.4254968762397766,-0.18388310074806213,-0.314596563577652,0.006592050194740295,0.317748486995697,-0.03578663989901543,0.3354830741882324,0.3198988735675812,-0.02386043593287468,0.060806773602962494,-0.3420376479625702,0.11341743171215057,0.15634272992610931,0.09815762937068939,-0.12724784016609192,-0.2479289472103119,-0.11376900970935822,0.4065698981285095,-0.3578062653541565,-0.23558309674263,0.2762274444103241,0.1565588414669037,0.1396840363740921,0.033990759402513504,0.08943650871515274,0.5786526203155518,-0.03837334364652634,-0.03502107411623001,0.1544370949268341,0.13064953684806824,-0.19777972996234894,-0.06762663275003433,-0.029119092971086502,0.34366050362586975,0.0547473318874836,-0.1838085651397705,-0.40286985039711,-0.3387264609336853,-0.06458847224712372,0.2599509358406067,0.6164631843566895,-0.22528322041034698,0.04452922195196152,0.051116734743118286,-0.168866366147995,-0.15173636376857758,0.14607474207878113,-0.4023102819919586,-0.2501555383205414,-0.19115017354488373,0.15580353140830994,-0.23143020272254944,0.09609945118427277,-0.11904659122228622,0.0387430265545845,0.5011182427406311,-0.26109910011291504,-0.4506298899650574,0.08013148605823517,0.22745533287525177,-0.1541266292333603,0.27774715423583984,0.1386159360408783,-0.27712902426719666,-0.8440874814987183,-0.3658151626586914,0.24205228686332703,0.029650921002030373,0.2077593356370926,-0.13983626663684845,-0.32688793540000916,0.13070037961006165,0.053392160683870316,-0.19358043372631073,0.4609973430633545,-0.3744547367095947,0.0013744145398959517,-0.09793609380722046,0.4033641815185547,0.24000601470470428,-0.1582973599433899,-0.15294334292411804,0.21289458870887756,0.4717298448085785,0.13143280148506165,0.11323799192905426,0.2877110540866852,-0.31178972125053406,0.002065342618152499,0.2850538492202759,0.5439299941062927,0.01280234009027481,-0.2550046145915985,0.08735108375549316,0.3546977937221527,0.5642626881599426,-0.17178571224212646,0.2973088324069977,0.09844423085451126,-0.5182088017463684,0.2271198332309723,-0.13627585768699646,-0.14137136936187744,0.5025628209114075,0.0028372749220579863,-0.030374998226761818,-0.4173890948295593,-0.1980936974287033,0.041881270706653595,0.2777896523475647,0.24721570312976837,0.1951897144317627,0.010341912508010864,-0.07847557216882706,-0.20753750205039978,-0.2814652919769287,0.3256763517856598,-0.04457515478134155,0.12621107697486877,0.15272173285484314,0.2714061737060547,-0.17343363165855408,0.45512905716896057,-0.15974193811416626,0.24676017463207245,0.21574518084526062,-0.1698485016822815,-0.11697649955749512,0.34882745146751404,-0.1465267390012741,-0.15995769202709198,0.035366542637348175,-0.48990124464035034,-0.0473577156662941,0.23690256476402283,-0.2273891717195511,0.4144560396671295,-0.01572183333337307,-0.463578462600708,-0.21836061775684357,-0.120064377784729,-0.2533378303050995,0.055333446711301804,0.1904943883419037,0.03234129399061203,0.16210469603538513,-0.23308679461479187,-0.34721311926841736,-0.3789110779762268,-0.21965976059436798,-0.0382743664085865,-0.009114095941185951,-0.30967316031455994,0.6724212169647217,0.01721968688070774,-0.11418525129556656,0.2123579978942871,-0.2750092148780823,-0.05774054676294327,0.8316650390625,-0.001738180173560977,-0.6318280696868896,-0.17148642241954803,0.17511048913002014,-0.5118585228919983,0.11641933768987656,0.002758350921794772,0.04801816865801811,-0.09363037347793579,0.3170246481895447,-0.0957314744591713,0.311856746673584,0.053920816630125046,0.13373646140098572,-0.059149134904146194,-0.01727549359202385,-0.37681451439857483,-0.02181313931941986,-0.23279640078544617,0.1902167946100235,-0.5103323459625244,-0.004468390252441168,0.01403636671602726,0.5231138467788696,0.5416027903556824,0.4120124876499176,0.1035190224647522,0.15640804171562195,0.021765178069472313,-0.0744815468788147,-0.3284304738044739,-0.05669325590133667,0.10944726318120956,-0.01088733971118927,-0.030112141743302345,-0.12675222754478455,-0.279788613319397,-0.14769616723060608,-0.33150482177734375,-0.10043708235025406,0.19282540678977966,0.20972780883312225,-0.2719859480857849,-0.36378559470176697,-0.06679002195596695,-0.17519672214984894,0.30884605646133423,0.4471144676208496,0.1791936606168747,-0.02106485329568386,-0.21906891465187073,0.36458656191825867,-0.5329703092575073,0.1920015960931778,-0.19183968007564545,0.1634598970413208,-0.6309194564819336,0.16040906310081482,0.21650096774101257,-0.018382079899311066,-0.03906898945569992,-0.05125371366739273,-0.24496161937713623,-0.511349081993103,-0.522274374961853,0.15473927557468414,-0.02472512796521187,0.5555334091186523,-0.0478881374001503,-0.0953209400177002,-0.1531342715024948
CID000003869,392,0.1809515506029129,0.16407300531864166,0.119615338742733,0.31808561086654663,-0.5062252879142761,0.00656866142526269,0.19647756218910217,0.2451438456773758,0.18913380801677704,0.450875461101532,0.3614810109138489,-0.07409285008907318,-0.14279843866825104,0.042936597019433975,-0.177727609872818,-0.18917188048362732,-0.1365508884191513,-0.02131253480911255,0.12494836747646332,-0.4665753245353699,0.11349944770336151,-0.19245150685310364,0.10584411770105362,-0.8994733095169067,0.1831195056438446,0.07433614879846573,-0.046782929450273514,-0.020989632233977318,0.009126411750912666,0.19230003654956818,0.08441869169473648,0.2883056700229645,0.20270223915576935,-0.008604335598647594,-0.12695714831352234,-0.0504697784781456,0.057411838322877884,0.10445301234722137,0.11501117795705795,-0.21505753695964813,-0.011839166283607483,-0.24815790355205536,0.342766672372818,-0.3840102255344391,-0.31764429807662964,0.4429844915866852,0.0014195184921845794,-0.10771103948354721,0.08967319875955582,0.18886587023735046,0.20975784957408905,0.07957606017589569,-0.2520091235637665,-0.1121102124452591,0.19574865698814392,-0.15101258456707,0.11179618537425995,0.10314373672008514,0.058330703526735306,-0.05175497382879257,-0.22986719012260437,-0.28577160835266113,0.08705290406942368,-0.018405184149742126,0.11953135579824448,0.36563119292259216,-0.3207879662513733,-0.10035710036754608,0.22719135880470276,0.14315581321716309,0.028947483748197556,0.2694418132305145,-0.44220247864723206,-0.41140660643577576,-0.008083110675215721,0.4220682680606842,-0.0429348424077034,0.14174218475818634,-0.057777754962444305,0.04873760789632797,-0.06192752718925476,-0.6388431787490845,-0.2222636193037033,-0.32302385568618774,0.1345050185918808,-0.2725910544395447,0.0964752584695816,0.13301244378089905,-0.1649266928434372,-0.5987348556518555,-0.10312819480895996,0.24218182265758514,-0.007729315664619207,0.13304242491722107,0.2189667671918869,-0.3300938308238983,-0.0651409924030304,-0.005482316017150879,0.062229108065366745,0.2065826952457428,-0.19363248348236084,-0.011181175708770752,0.03053680993616581,0.3836936354637146,0.0333782359957695,0.07070634514093399,-0.2265731394290924,0.39763709902763367,0.43063822388648987,-0.15309695899486542,-0.10611332952976227,0.11380387842655182,-0.209776371717453,-0.039883941411972046,0.1591077297925949,0.23237565159797668,0.14823827147483826,-0.13236907124519348,-0.020876193419098854,0.27750205993652344,0.5739103555679321,-0.11738166958093643,0.2612726092338562,0.2689894139766693,0.0883672907948494,0.07602093368768692,-0.03434378653764725,-0.03806322440505028,-0.002118921373039484,-0.09617169201374054,0.17579075694084167,-0.546639084815979,-0.4911364018917084,0.08791095018386841,0.3093411326408386,-0.05448709800839424,0.13686096668243408,0.37907111644744873,-0.23746156692504883,-0.21818463504314423,-0.228379487991333,-0.0011750899720937014,0.0015989348758012056,-0.041404180228710175,0.11413806676864624,-0.014870518818497658,-0.14381952583789825,0.2578451335430145,-0.010451793670654297,0.011811090633273125,0.16476379334926605,-0.21514666080474854,-0.06746895611286163,0.06622190773487091,-0.3175002634525299,-0.21606230735778809,0.03176160901784897,-0.16617509722709656,-0.09870381653308868,0.2719663679599762,-0.20887207984924316,0.0809095948934555,0.028028111904859543,0.08468767255544662,-0.13470584154129028,-0.0753159448504448,-0.13954336941242218,0.035948753356933594,-0.21814504265785217,0.22567658126354218,0.25592562556266785,-0.13227510452270508,-0.26501575112342834,-0.22001679241657257,0.003593167755752802,-0.17739923298358917,0.1311313807964325,-0.04955478385090828,0.3318195343017578,0.014820143580436707,0.08146192878484726,-0.03423420339822769,-0.2041032761335373,-0.17117615044116974,0.14088624715805054,0.12566906213760376,-0.1446528136730194,0.04607613757252693,-0.09195782989263535,-0.4188656806945801,-0.0072984276339411736,-0.03398047015070915,0.13573476672172546,0.04868724197149277,0.19319239258766174,-0.1657683551311493,0.1334717720746994,-0.1923608034849167,0.04791121557354927,-0.2031693160533905,0.09262759983539581,-0.30547985434532166,0.1432599574327469,-0.14239303767681122,0.17014352977275848,-0.14184506237506866,-0.11980374902486801,-0.032510124146938324,0.1690870225429535,0.33085188269615173,0.22797346115112305,-0.2234039306640625,0.23696407675743103,0.3094291090965271,0.05183681100606918,-0.24482552707195282,-0.23880791664123535,0.1696975976228714,0.032179705798625946,0.33387690782546997,-0.06162460893392563,-0.17907947301864624,0.2003331184387207,-0.20823678374290466,-0.12698332965373993,-0.11081667244434357,-0.08288983255624771,0.04084258899092674,-0.10434095561504364,0.03090881183743477,0.011015266180038452,-0.04702617600560188,0.1310586929321289,0.19901415705680847,-0.19924017786979675,-0.26706069707870483,0.37989431619644165,-0.32787710428237915,0.004130178596824408,-0.1240910142660141,0.35687220096588135,-0.4981146454811096,0.2293226420879364,0.1646762192249298,0.12218038737773895,0.01316891610622406,0.02361278608441353,-0.12319530546665192,-0.6302697658538818,-0.17939738929271698,0.14794528484344482,-0.1419314444065094,0.06192188337445259,-0.2302817404270172,0.1025143414735794,-0.14302487671375275
CID000003696,393,0.3443197011947632,0.30990734696388245,0.06470538675785065,0.5043308138847351,-0.26614946126937866,-0.0922422781586647,0.08450920879840851,0.45637083053588867,0.19609485566616058,-0.09716665744781494,0.08450327813625336,0.1492057740688324,-0.10574567317962646,0.21239694952964783,-0.18884718418121338,0.17615914344787598,-0.04976750165224075,-0.10371668636798859,-0.1779613196849823,-0.6680312156677246,-0.046345777809619904,-0.09228064119815826,-0.3102642595767975,-0.842513918876648,0.2073274403810501,0.0380081869661808,-0.13027934730052948,-0.18330778181552887,0.06769990175962448,0.3731301724910736,-0.2803468704223633,0.3251263499259949,0.3049769401550293,-0.17613106966018677,0.3559238016605377,0.20633241534233093,0.0941159650683403,-0.06731010973453522,0.14852850139141083,0.11707562208175659,-0.14953455328941345,0.23947453498840332,-0.04866301268339157,-0.2838602662086487,0.019396424293518066,0.4598808288574219,0.18314602971076965,0.12566599249839783,-0.06921655684709549,0.16216029226779938,0.6239678859710693,-0.14033159613609314,-0.11647099256515503,-0.1475469470024109,0.22802944481372833,-0.33615875244140625,0.4912557005882263,0.18277974426746368,0.04575696587562561,-0.20723290741443634,-0.09398426115512848,-0.28017479181289673,-0.22190053761005402,-0.08183371275663376,-0.04884887859225273,0.6688958406448364,-0.27576273679733276,-0.04947584867477417,-0.14551223814487457,-0.07685699313879013,0.19820699095726013,-0.03210727497935295,-0.22373875975608826,-0.3951631486415863,-0.1596255749464035,0.2932674288749695,0.11105191707611084,0.09548596292734146,-0.12722525000572205,-0.03653453662991524,0.7672575116157532,-0.5353443026542664,-0.30348703265190125,-0.225670725107193,-0.011382261291146278,-0.2383125126361847,0.043183162808418274,0.056756723672151566,-0.11422789096832275,-0.7520895004272461,-0.05610698461532593,0.4287498891353607,-0.01718713715672493,-0.2271433174610138,0.10006040334701538,-0.20912161469459534,-0.12956514954566956,0.04438712075352669,0.03057873249053955,0.021602177992463112,-0.051542721688747406,-0.10540604591369629,0.033262915909290314,0.3375471234321594,-0.19355081021785736,0.04556277021765709,-0.032401420176029205,0.14230956137180328,0.7772960662841797,0.3663002550601959,-0.06571147590875626,0.26062557101249695,0.17366817593574524,-0.21355906128883362,-0.07423589378595352,0.14456769824028015,-0.11189955472946167,-0.21255071461200714,0.035052597522735596,-0.05028330162167549,0.7142871022224426,-0.18693697452545166,0.5228185653686523,0.03892040252685547,-0.11499033868312836,0.18542632460594177,0.11627520620822906,-0.195524200797081,0.1592431366443634,-0.3180322051048279,0.14065423607826233,-0.5637167096138,-0.2640722990036011,0.09140591323375702,0.07903394848108292,0.23646552860736847,0.22665870189666748,-0.1486857533454895,-0.004697656724601984,-0.6820624470710754,-0.29641595482826233,0.2924882173538208,0.05819467827677727,-0.014352485537528992,0.06959684938192368,-0.06002267450094223,0.08972054719924927,0.5267522931098938,-0.0836820900440216,0.24295639991760254,0.012403723783791065,-0.4930298924446106,-0.1490674912929535,0.10035230219364166,-0.0412270613014698,-0.17504015564918518,-0.016105342656373978,-0.6162060499191284,0.18526507914066315,0.37637901306152344,-0.15338526666164398,0.11121191829442978,0.12309521436691284,0.052834101021289825,-0.16300615668296814,-0.5297587513923645,-0.33829718828201294,0.16414229571819305,0.06459790468215942,-0.24839839339256287,0.02969256602227688,-0.2754782438278198,-0.20644935965538025,-0.25259751081466675,0.16566292941570282,-0.15983377397060394,0.07608043402433395,-0.10415668785572052,0.7201334834098816,0.18722382187843323,-0.171620175242424,-0.01032286323606968,-0.35260120034217834,-0.3011053800582886,-0.00753292441368103,0.24129228293895721,-0.5547744035720825,0.12334334850311279,0.23862197995185852,-0.2640983462333679,0.07902318239212036,0.11492152512073517,0.0805622935295105,-0.014990645460784435,0.2557821571826935,-0.005681042559444904,-0.026245515793561935,0.011155322194099426,-0.017078541219234467,-0.04390839487314224,-0.19870832562446594,-0.22592370212078094,0.31565630435943604,-0.5098926424980164,-0.14299151301383972,-0.12098350375890732,-0.13166996836662292,-0.041556455194950104,-0.13584943115711212,0.6169880032539368,0.35051947832107544,-0.250342458486557,0.10846187174320221,0.19046619534492493,0.07628709822893143,-0.30992624163627625,0.19654878973960876,0.2210383415222168,0.1008024588227272,-0.15575557947158813,-0.2699546813964844,0.1523093283176422,0.01583697833120823,-0.18655920028686523,-0.38543954491615295,0.04287797212600708,-0.13095763325691223,-0.1352476179599762,-0.27705150842666626,0.06597788631916046,-0.07030951976776123,-0.006260657217353582,-0.06216913461685181,0.02144031412899494,0.10669247806072235,-0.03757454827427864,0.3509310483932495,-0.2532152533531189,0.07381284236907959,-0.26082843542099,0.12359561026096344,-0.5414181351661682,0.051254332065582275,0.047356706112623215,-0.20334124565124512,0.15942959487438202,-0.2543518841266632,0.10648687183856964,-0.7475024461746216,-0.46844714879989624,0.4387698769569397,-0.31090423464775085,0.26353785395622253,-0.10476164519786835,0.088972307741642,0.040929991751909256
CID000002162,394,0.24325676262378693,0.05611652135848999,0.10630650818347931,0.5328442454338074,-0.533130943775177,-0.09737307578325272,0.1255010962486267,0.36085182428359985,0.22484512627124786,0.250763475894928,-0.06235212832689285,-0.3419528007507324,0.12576475739479065,0.3184577226638794,0.02807554602622986,0.1894024908542633,-0.11834830045700073,-0.1330530047416687,-0.09348229318857193,-0.37009191513061523,-0.12596623599529266,-0.2505981922149658,-0.01635534130036831,-0.6282252073287964,0.16617155075073242,0.27714651823043823,-0.09042336791753769,-0.24794518947601318,-0.06170143932104111,0.31964921951293945,-0.12197818607091904,0.2422647476196289,-0.0741601437330246,0.11723732948303223,-0.014268848113715649,-0.09561702609062195,-0.1522424966096878,0.24676021933555603,0.04947684705257416,-0.2633262276649475,-0.1965000182390213,-0.05001767352223396,-0.10078779608011246,-0.12744757533073425,-0.021373290568590164,0.25195300579071045,0.1601579487323761,-0.12697280943393707,0.13723717629909515,0.06521250307559967,0.45621833205223083,-0.19110357761383057,-0.16234152019023895,0.3015623986721039,-0.05090172961354256,0.10666588693857193,-0.2982633113861084,-0.26261481642723083,0.26721635460853577,0.18043529987335205,-0.34846988320350647,-0.16592079401016235,-0.11506757885217667,-0.2984951436519623,0.22887638211250305,0.6626724004745483,-0.08273730427026749,-0.005336394999176264,0.38782256841659546,0.12202855199575424,-0.045834045857191086,-0.017608899623155594,-0.059441518038511276,-0.2639533281326294,-0.15683569014072418,0.0997345894575119,-0.14924868941307068,0.0016152143944054842,-0.21462078392505646,0.04036012291908264,0.4799995422363281,-0.280419260263443,-0.4490683078765869,0.1369442194700241,0.17731593549251556,-0.2843748927116394,0.49713748693466187,-0.0832584798336029,-0.043544162064790726,-0.46935391426086426,0.032353658229112625,0.41281095147132874,-0.10374114662408829,0.11131392419338226,0.13868948817253113,-0.32964423298835754,0.11162350326776505,0.06547466665506363,-0.04654230922460556,0.3900029957294464,-0.20152612030506134,0.053312789648771286,0.046244680881500244,0.272561252117157,0.20716921985149384,0.11210999637842178,-0.14940308034420013,-0.02597465179860592,0.546775221824646,0.16169260442256927,-0.018730100244283676,0.34378206729888916,-0.08127428591251373,-0.1473599225282669,-0.023328233510255814,0.3646093010902405,-0.47558802366256714,0.030273407697677612,0.1548014134168625,0.6428000926971436,0.6643574237823486,-0.2593616843223572,0.05395742505788803,0.11328989267349243,0.13073500990867615,0.21623492240905762,0.04077092930674553,0.0325869619846344,0.220585897564888,0.12259088456630707,0.08692658692598343,-0.6142770051956177,-0.477894127368927,-0.11550767719745636,0.2781377136707306,0.1412545144557953,0.20930366218090057,0.27882057428359985,-0.026767486706376076,0.026141460984945297,-0.41295328736305237,0.24128973484039307,0.06441491842269897,0.24144737422466278,0.04515205696225166,0.2067345678806305,0.1528840810060501,0.6293841600418091,0.14178349077701569,0.30421343445777893,0.07586771249771118,-0.3597249388694763,-0.4061545431613922,0.1965216100215912,-0.04047948867082596,-0.27876293659210205,-0.09654917567968369,-0.4126954972743988,0.1325046569108963,0.1607334166765213,0.07842899858951569,-0.05040087550878525,-0.07791286706924438,-0.0048258304595947266,0.01432720385491848,0.012592990882694721,-0.073983334004879,0.29175716638565063,-0.04992929846048355,0.022930001839995384,-0.24067573249340057,-0.007160290144383907,-0.256147563457489,-0.36823269724845886,0.11195607483386993,-0.24558603763580322,0.03845823556184769,-0.2460850179195404,0.7214094400405884,0.10896295309066772,-0.25139865279197693,0.4030376374721527,-0.07379209250211716,0.09313803911209106,0.6779720783233643,-0.22863559424877167,-0.019818231463432312,-0.1834767907857895,-0.1477343738079071,-0.25689366459846497,0.09224118292331696,0.08556871116161346,0.09570516645908356,-0.16613082587718964,0.14843808114528656,0.04719781503081322,0.3458313047885895,-0.19421915709972382,0.14479060471057892,-0.013582820072770119,-0.10471304506063461,-0.2701921761035919,-0.07564406096935272,-0.13797852396965027,0.18248435854911804,-0.3122962415218353,0.05402311682701111,-0.04182245209813118,-0.006399550940841436,0.49996790289878845,0.48107510805130005,0.2629455626010895,0.36848288774490356,0.37505412101745605,0.12841396033763885,-0.9359825849533081,0.06001888960599899,0.303512841463089,0.1581411063671112,-0.16643668711185455,-0.13498926162719727,-0.04154132306575775,0.1237160712480545,-0.272757351398468,-0.03930146247148514,-0.06749504804611206,0.17051824927330017,-0.1463795304298401,-0.3619769513607025,0.03885727375745773,-0.26358872652053833,0.059438902884721756,0.3449835181236267,-0.21691331267356873,-0.23983430862426758,-0.008075463585555553,0.6065717935562134,-0.27528586983680725,-0.08073921501636505,-0.338143527507782,0.13245956599712372,-0.461672306060791,-0.04102977737784386,0.18963466584682465,-0.5400859117507935,0.1077364906668663,-0.06596382707357407,-0.4774564802646637,-0.5768840909004211,-0.3266264796257019,0.2475426197052002,-0.0733489841222763,-0.038870714604854584,-0.3297138214111328,0.00407377490773797,-0.033266808837652206
CID000003746,397,0.028848957270383835,-0.007388217840343714,0.2978253960609436,0.2517496943473816,-0.2312212884426117,0.0674309954047203,0.11623580753803253,0.26769155263900757,-0.2872156500816345,0.23885145783424377,-0.16523581743240356,-0.15628772974014282,-0.199439138174057,0.23225955665111542,-0.019146863371133804,-0.08441903442144394,-0.10246479511260986,0.09499333798885345,-0.13224098086357117,-0.4970213770866394,0.13700178265571594,-0.2138720005750656,-0.05209425836801529,-0.808927059173584,-0.04930252954363823,0.2585383653640747,-0.04442092031240463,-0.25845932960510254,-0.0272798053920269,0.24367877840995789,-0.16142578423023224,0.2743193507194519,0.3634852170944214,0.31107208132743835,-0.08750484883785248,0.06894450634717941,0.11858371645212173,0.32164549827575684,0.017996059730648994,-0.12882249057292938,-0.12460014969110489,0.018187519162893295,0.2662394940853119,-0.27732959389686584,-0.02961624786257744,0.2706398069858551,0.02187456749379635,-0.002259960863739252,0.048597656190395355,-0.07963953912258148,0.43568429350852966,0.2029854953289032,-0.11028268188238144,-0.01125195063650608,0.47541218996047974,0.07899270951747894,0.13683225214481354,0.2838587760925293,0.28750401735305786,0.25819259881973267,-0.18337196111679077,-0.4921199679374695,0.03696943074464798,-0.10269135236740112,0.2985613942146301,0.4204947352409363,-0.15046335756778717,-0.09479056298732758,0.3650042414665222,-0.03971552103757858,0.21531632542610168,-0.03239578753709793,-0.20508131384849548,-0.36410659551620483,-0.3460535407066345,0.10575339943170547,-0.10266917943954468,0.16858336329460144,0.015767257660627365,0.20759300887584686,0.26703983545303345,-0.3513168692588806,-0.3172188997268677,-0.17356173694133759,-0.03403043746948242,-0.29904285073280334,0.4877750277519226,0.15003377199172974,-0.11665380001068115,-0.9652692675590515,-0.18185052275657654,0.180038183927536,0.09018631279468536,0.2519471049308777,0.2926688492298126,-0.3638971149921417,-0.1321885585784912,0.1483592987060547,0.0803905576467514,0.407980740070343,0.3255862295627594,-0.29215964674949646,0.2569178342819214,0.44287604093551636,-0.19998715817928314,-0.07213614881038666,-0.23736906051635742,0.10893771797418594,0.3414437472820282,0.09008834511041641,-0.0675906091928482,0.0735609233379364,-0.03874681890010834,0.07095634937286377,-0.11675175279378891,0.12103725969791412,0.16805009543895721,-0.2613905966281891,0.14080457389354706,0.2232549488544464,0.6433967351913452,-0.02036110684275627,0.3073357939720154,0.36459648609161377,-0.2713758647441864,-0.034424103796482086,-0.0269462950527668,-0.1520368754863739,0.49095025658607483,0.09220676124095917,0.3093985319137573,-0.4963037967681885,-0.35403960943222046,0.08224539458751678,0.4244562089443207,0.24642908573150635,0.14754682779312134,0.10531826317310333,0.1461985558271408,-0.47384873032569885,-0.24707619845867157,0.15493661165237427,0.14092054963111877,-0.19529257714748383,0.24592438340187073,0.5037804245948792,0.02530587650835514,0.4546740651130676,-0.21221259236335754,0.281536728143692,-0.03163660317659378,-0.23177437484264374,0.06696201115846634,0.15893173217773438,-0.15566441416740417,-0.24913354218006134,-0.15268060564994812,-0.42026442289352417,0.10411515086889267,0.41518181562423706,-0.438681036233902,-0.1942189484834671,0.08009638637304306,0.11417195945978165,-0.06620842963457108,0.09552709013223648,0.06971964985132217,0.019993165507912636,0.006809788756072521,0.022358376532793045,0.10338125377893448,-0.3548946976661682,-0.18686321377754211,-0.21620099246501923,0.170039564371109,0.10543638467788696,-0.07166081666946411,-0.30781716108322144,0.5554007291793823,-0.02017056941986084,-0.14830943942070007,0.18221132457256317,-0.6926556825637817,0.02917514741420746,0.19590261578559875,0.18603232502937317,-0.27684447169303894,-0.33530759811401367,0.19673582911491394,-0.3992944359779358,-0.04071412235498428,0.07071960717439651,0.3515106737613678,-0.2770628035068512,0.3095145523548126,-0.06546612083911896,0.1711759865283966,0.08517705649137497,-0.02168087288737297,0.14294295012950897,0.017687510699033737,-0.3436940014362335,0.1241464838385582,-0.3907601237297058,-0.08726511895656586,-0.17985644936561584,0.10712973028421402,-0.35942840576171875,0.30403321981430054,0.4421389698982239,0.23373183608055115,-0.1639670729637146,0.2564857602119446,0.3388531506061554,0.024495519697666168,-0.5382372736930847,0.25075870752334595,0.011127667501568794,0.18281695246696472,0.05001217871904373,-0.13594654202461243,-0.09299060702323914,0.20603983104228973,-0.34274527430534363,-0.1975526511669159,0.014348074793815613,-0.09632529318332672,-0.6285611987113953,0.24894876778125763,-0.19391581416130066,0.10890988260507584,0.1046791523694992,0.07812654972076416,0.02989543043076992,-0.2338285893201828,0.018560171127319336,0.42833107709884644,-0.436953067779541,0.08441046625375748,-0.058558009564876556,0.13121397793293,-0.7397173643112183,-0.011426180601119995,0.3878215253353119,-0.01974378526210785,0.3699079155921936,-0.2394244223833084,0.12358073890209198,-0.5868207216262817,-0.29560989141464233,0.14232052862644196,-0.19915583729743958,0.18626047670841217,0.2929942011833191,0.04709916561841965,0.15811581909656525
CID000056959,398,0.06628144532442093,0.3125928044319153,0.03558983653783798,0.18606600165367126,-0.35283952951431274,-0.0952926054596901,0.16470590233802795,0.08904018998146057,0.3361228108406067,0.05128287151455879,-0.3068278431892395,0.09867080301046371,-0.08033876121044159,0.37374719977378845,-0.2999288737773895,-0.06905288994312286,-0.17300809919834137,-0.13121721148490906,0.07575315982103348,-0.3992726802825928,0.24640730023384094,-0.07575813680887222,-0.14450465142726898,-0.9564990997314453,-0.2543594241142273,0.16403043270111084,-0.26369136571884155,0.019067158922553062,0.016002994030714035,0.2504252791404724,-0.10291744768619537,0.3659593462944031,0.08514948934316635,0.3355046510696411,-0.032738011330366135,-0.00036604999331757426,-0.0062553780153393745,0.3101844787597656,0.03297368437051773,0.04732532799243927,0.17233920097351074,-0.0666276142001152,-0.21163038909435272,-0.3090815544128418,-0.07602860033512115,0.3306949734687805,0.02566869929432869,0.18356063961982727,0.05837671831250191,0.06074490025639534,0.32317864894866943,0.03414105623960495,-0.392233282327652,-0.04568066447973251,0.35687771439552307,-0.14562959969043732,0.012679222039878368,-0.006257295608520508,-0.022252541035413742,-0.024269085377454758,-0.04911784455180168,-0.2632363438606262,-0.14593276381492615,-0.34945017099380493,0.19284752011299133,0.5012599229812622,0.005198970437049866,0.0627351850271225,0.31609076261520386,0.1319296956062317,0.10259773582220078,-0.39166224002838135,-0.25279349088668823,-0.3315087854862213,-0.022217288613319397,0.4110892415046692,0.011828208342194557,0.1908256560564041,-0.06600045412778854,-0.04679875820875168,0.07663287222385406,-0.4053233563899994,-0.4402170777320862,-0.20051494240760803,0.19806745648384094,-0.5329581499099731,0.47836846113204956,0.053524356335401535,-0.14641208946704865,-0.9088114500045776,0.09135317802429199,0.39364194869995117,0.07464514672756195,-0.015358760952949524,0.14884695410728455,-0.2878210246562958,-0.21042510867118835,-0.14462195336818695,-0.259854257106781,0.15890267491340637,0.03368811681866646,-0.25390154123306274,0.055321209132671356,0.4059676229953766,-0.09726913273334503,0.1487177312374115,0.1354828178882599,0.03318113833665848,0.39727967977523804,0.10832993686199188,-0.03112037107348442,0.3414827287197113,-0.2920270264148712,-0.030704567208886147,-0.1567266285419464,0.25831902027130127,-0.22469452023506165,0.010140011087059975,-0.2944524586200714,0.14762811362743378,0.48589497804641724,0.006715487688779831,0.5175499320030212,0.19886551797389984,-0.1604079306125641,0.01273280568420887,0.09007216989994049,0.09213221073150635,0.23324227333068848,-0.346363365650177,0.14950864017009735,-0.5822959542274475,-0.30680373311042786,-0.09422288835048676,0.061552755534648895,0.4605349898338318,0.3485659658908844,0.21465833485126495,0.2724425196647644,-0.5839212536811829,-0.1869892179965973,0.2275809496641159,0.2022465467453003,-0.22692516446113586,0.04748351499438286,0.3356795608997345,-0.04342753440141678,0.3796960711479187,-0.4254392683506012,0.0757325291633606,0.05014023929834366,-0.2269270420074463,0.24423794448375702,0.13471436500549316,-0.25308331847190857,-0.13531503081321716,0.1320607215166092,-0.43685704469680786,-0.05806801840662956,0.34170830249786377,0.12952205538749695,-0.24214021861553192,-0.14298208057880402,0.0015637308824807405,-0.013895004987716675,0.11025051772594452,-0.08801259845495224,-0.02026444673538208,0.09763289988040924,0.12358478456735611,-0.07157085090875626,-0.34429317712783813,-0.20583729445934296,-0.4605763852596283,-0.11002780497074127,-0.09147287905216217,-0.006357965525239706,-0.18865078687667847,0.549101710319519,-0.059586357325315475,-0.02764853835105896,0.09938699752092361,-0.5704817771911621,-0.13137021660804749,0.287112295627594,-0.03666595369577408,-0.37085652351379395,-0.1085243672132492,0.2105349600315094,-0.2810031473636627,0.03033108450472355,0.1014065369963646,-0.004813879728317261,-0.12925849854946136,0.04110805317759514,0.09657001495361328,0.12321314960718155,-0.2453867495059967,0.12907366454601288,0.3940432369709015,-0.07932537794113159,-0.24911925196647644,0.35816827416419983,-0.15636399388313293,0.0390269011259079,-0.3001616299152374,0.12735103070735931,0.16485999524593353,0.16467860341072083,0.2558739185333252,0.37561288475990295,-0.20519857108592987,0.15439730882644653,0.4389725625514984,0.008245003409683704,-0.3007655143737793,0.08098460733890533,0.07776694744825363,0.20869199931621552,0.06268014013767242,-0.018536025658249855,-0.07000714540481567,0.09583497047424316,-0.23420310020446777,-0.2597731351852417,-0.1947057545185089,0.48744192719459534,-0.3065943717956543,0.018685773015022278,-0.2252981960773468,-0.094667948782444,0.06724508106708527,0.12578612565994263,-0.04531848803162575,-0.17271514236927032,0.017120230942964554,0.26692453026771545,-0.3401516377925873,-0.024187255650758743,-0.32265615463256836,0.24899740517139435,-0.663320779800415,-0.03850434347987175,0.20186538994312286,-0.24825426936149597,0.07354260981082916,0.15292218327522278,-0.030782336369156837,-0.47918087244033813,-0.36321157217025757,0.4431332051753998,-0.33064475655555725,0.2013297975063324,-0.013287452049553394,0.11401887983083725,0.09329507499933243
CID000003157,399,0.25072646141052246,0.2613053321838379,0.2076249122619629,0.5391095876693726,-0.09358598291873932,0.07514667510986328,0.1217351108789444,0.1936204880475998,0.07367569953203201,0.28997230529785156,-0.06343873590230942,-0.4113663136959076,-0.1326317936182022,0.1645224243402481,0.13510408997535706,-0.012103071436285973,0.13221192359924316,-0.244552880525589,0.15818624198436737,-0.6467221975326538,-0.02071031555533409,-0.06587906181812286,-0.12595757842063904,-0.858106791973114,0.1692817360162735,-0.05400075763463974,-0.2868640720844269,-0.2840955853462219,-0.09256930649280548,0.1047002300620079,0.024138469249010086,0.3205445110797882,0.0371706597507,0.12263469398021698,0.07814757525920868,-0.06913363933563232,0.02278660610318184,0.2373979091644287,-0.04967443272471428,-0.20525188744068146,-0.15471294522285461,-0.0920596718788147,0.06956248730421066,-0.10656867921352386,-0.177646666765213,0.411907434463501,0.26175403594970703,-0.008919036015868187,0.02243969403207302,0.35350561141967773,0.5797688364982605,-0.13615496456623077,-0.1930147111415863,-0.15593492984771729,-0.10248838365077972,0.00017779767222236842,-0.2692084014415741,-0.03325292468070984,0.32280436158180237,0.16938629746437073,-0.06985356658697128,-0.3387228846549988,-0.11504945904016495,-0.345630943775177,0.09223882108926773,0.24912424385547638,-0.2154693603515625,0.053081266582012177,0.0032722235191613436,-0.2867114245891571,0.23664462566375732,0.15407118201255798,-0.2258533537387848,-0.18099664151668549,-0.3380239009857178,0.13508562743663788,0.07147175073623657,0.18240001797676086,-0.050963856279850006,-0.11218631267547607,0.768825352191925,-0.3162073493003845,-0.5064888596534729,-0.3531564772129059,0.2939339280128479,-0.25636786222457886,0.0543200857937336,0.07970025390386581,-0.2522706091403961,-0.6777739524841309,-0.05385512858629227,0.1789875030517578,-0.05999135971069336,0.24170668423175812,0.15213724970817566,-0.2226186990737915,0.3221730589866638,-0.3106801509857178,0.1864737570285797,0.07276207953691483,-0.11565171182155609,-0.0350809209048748,-0.05074392631649971,0.2111501693725586,0.14191821217536926,0.23744551837444305,-0.1079670786857605,0.16410700976848602,0.6175349950790405,0.22934365272521973,-0.08564350008964539,0.14554743468761444,-0.29789289832115173,-0.15619859099388123,-0.2088990956544876,0.3622104525566101,-0.057671986520290375,-0.09851028770208359,-0.07658100873231888,0.0027519434224814177,0.8658504486083984,-0.042399607598781586,0.18368367850780487,0.25283345580101013,-0.0920780673623085,0.21857193112373352,0.05452985689043999,0.03749556094408035,0.07516602426767349,-0.18828459084033966,0.4164339005947113,-0.474177747964859,-0.27021461725234985,-0.03810781240463257,0.339006632566452,0.15828213095664978,0.003489908529445529,-0.08907698094844818,-0.002569508505985141,-0.1502787321805954,-0.123499296605587,0.07294607907533646,0.14799487590789795,0.04781763628125191,-0.32865187525749207,-0.14864443242549896,0.018252316862344742,0.5100614428520203,0.276543527841568,0.24106526374816895,-0.032860640436410904,-0.499508798122406,-0.04787220433354378,0.10212014615535736,-0.23498857021331787,-0.03101801872253418,0.04069337248802185,-0.10696426779031754,0.027149522677063942,0.21442528069019318,-0.02883065864443779,-0.11991117149591446,-0.0026860355865210295,-0.31388893723487854,0.06262145191431046,-0.1272708624601364,-0.2990794777870178,-0.0795632153749466,0.017796099185943604,0.3464595377445221,0.010057872161269188,-0.18086107075214386,-0.22197134792804718,-0.31530943512916565,0.04386334493756294,0.10672233253717422,-0.003996717743575573,-0.10479643195867538,0.7917361855506897,0.18937411904335022,-0.2864612936973572,-0.059794019907712936,-0.11116005480289459,0.008677324280142784,0.6798135042190552,0.13045914471149445,-0.39247745275497437,-0.15641334652900696,0.060331396758556366,-0.43587058782577515,-0.12835286557674408,0.26991522312164307,-0.06697715073823929,-0.4857284426689148,0.20018978416919708,-0.33873802423477173,-0.018166054040193558,0.23106972873210907,-0.1483071744441986,-0.08370515704154968,-0.09748482704162598,-0.21812176704406738,0.17073048651218414,-0.3893894553184509,0.11303392797708511,-0.23448531329631805,-0.10405577719211578,-0.020639527589082718,-0.07598087936639786,0.5912315249443054,0.5158284902572632,-0.2710292935371399,-0.03734888136386871,-0.029119759798049927,-0.07616518437862396,-0.1533736139535904,0.10215146839618683,0.384214848279953,0.05303509905934334,0.023282403126358986,-0.10513989627361298,-0.31075358390808105,0.11062251031398773,-0.23727834224700928,0.23849615454673767,-0.12581224739551544,-0.042687155306339264,-0.05925483629107475,-0.3317621946334839,0.1440119594335556,0.10439795255661011,0.5536824464797974,0.27314287424087524,-0.0610392801463604,0.023044103756546974,0.15368524193763733,0.5066291093826294,-0.254607230424881,0.03629904240369797,-0.17856177687644958,0.25056469440460205,-0.7288089394569397,0.009302359074354172,0.1533840149641037,-0.33663079142570496,0.04592853784561157,0.20744259655475616,-0.07049503177404404,-0.7577892541885376,-0.42632538080215454,0.17355872690677643,0.31836262345314026,0.12375648319721222,-0.031352315098047256,0.09065783023834229,0.06070321798324585
CID000001972,400,0.0931808352470398,-0.01070269662886858,0.12512269616127014,0.412667453289032,-0.5765935182571411,0.1756274402141571,0.23884940147399902,0.10256507247686386,0.14533188939094543,0.45320090651512146,0.0880093052983284,-0.28700438141822815,-0.19079603254795074,0.4470091462135315,-0.07510592043399811,-0.09242769330739975,-0.06047973781824112,-0.16692623496055603,0.19276423752307892,-0.46330952644348145,0.04837362468242645,-0.189813032746315,-0.18437692523002625,-0.8514007329940796,-0.10949297249317169,0.013638275675475597,-0.2698611915111542,-0.2033565789461136,0.23213453590869904,0.20058989524841309,-0.044024012982845306,0.2503919303417206,0.1851370632648468,0.05978650972247124,-0.07665102183818817,-0.13994088768959045,-0.09592969715595245,0.22916796803474426,0.1686752289533615,-0.06118389219045639,0.09788898378610611,-0.20870833098888397,-0.09442438185214996,-0.09341128170490265,-0.30087363719940186,0.2978098690509796,-0.12782076001167297,0.13674917817115784,0.20149549841880798,0.22401662170886993,0.41880375146865845,-0.026906516402959824,-0.028784554451704025,-0.14433246850967407,0.3430483937263489,-0.18960906565189362,0.2122630774974823,0.26693952083587646,0.2759276032447815,-0.08412114530801773,-0.04540332406759262,-0.2836633324623108,0.271395742893219,-0.26989802718162537,0.04338992014527321,0.6835101842880249,-0.20724883675575256,0.21536710858345032,0.16713008284568787,0.47309619188308716,0.32267341017723083,-0.0942760780453682,-0.07913379371166229,-0.4147610664367676,-0.3440670967102051,0.2042696177959442,-0.10001262277364731,-0.19378170371055603,0.08769124746322632,-0.015496736392378807,-0.09472684562206268,-0.30845513939857483,-0.2341996729373932,-0.027234867215156555,0.1361476182937622,-0.4312843382358551,0.024048054590821266,0.1593553125858307,-0.08414743840694427,-1.0075089931488037,-0.0756223201751709,0.13713376224040985,0.078019879758358,-0.05803466960787773,0.16099469363689423,-0.43302449584007263,-0.20074117183685303,0.019156211987137794,-0.06391511112451553,0.2041362226009369,-0.18709655106067657,-0.09819412231445312,0.008804723620414734,0.2613871693611145,-0.15938952565193176,0.13436149060726166,-0.27505630254745483,0.3009911775588989,0.3253689408302307,0.04869605973362923,0.012270033359527588,0.20683833956718445,-0.11168050765991211,-0.2400781810283661,0.06446202099323273,0.11822526156902313,-0.3420366644859314,-0.2670857906341553,-0.08170735090970993,0.09202951192855835,0.7996023893356323,-0.03750233352184296,0.04131495952606201,-0.032150544226169586,-0.18298211693763733,0.31306883692741394,-0.11471454799175262,-0.05373374745249748,0.1296073943376541,0.11875952780246735,0.17497974634170532,-0.48878875374794006,-0.398910254240036,-0.024500662460923195,0.2956688404083252,0.2798076570034027,0.0936703160405159,0.6007160544395447,-0.2243049144744873,-0.07251087576150894,0.05649886280298233,0.43331724405288696,0.04805024340748787,-0.3262684941291809,0.022488225251436234,-0.08502482622861862,-0.31105709075927734,0.54842209815979,0.0504118911921978,0.063907191157341,-0.18865971267223358,-0.39139124751091003,0.14837056398391724,-0.028262797743082047,-0.1619628667831421,-0.20717573165893555,-0.16727301478385925,-0.2299862802028656,-0.0809250921010971,0.31431013345718384,-0.0740351751446724,-0.04527181386947632,-0.031625907868146896,-0.06253775209188461,0.06955065578222275,0.14098243415355682,0.17347252368927002,-0.04243455082178116,0.07214205712080002,0.35720378160476685,-0.012260302901268005,0.0032751255203038454,-0.13512441515922546,-0.05530782416462898,-0.09197230637073517,-0.0685059204697609,0.033404991030693054,-0.17238326370716095,0.4234771132469177,-0.19982030987739563,-0.20221500098705292,-0.1021956354379654,-0.29171502590179443,-0.319720059633255,0.15379640460014343,0.4036349356174469,-0.011403100565075874,0.1329328715801239,0.2575308382511139,-0.4274879992008209,-0.17417024075984955,0.1478978991508484,0.08174542337656021,-0.12508727610111237,0.2257722169160843,0.043609946966171265,0.2044644057750702,-0.3905286192893982,-0.09674536436796188,0.037420518696308136,-0.2028914988040924,-0.3548486828804016,0.004311464726924896,-0.2512383759021759,0.14862467348575592,0.12312990427017212,-0.022364694625139236,0.20613229274749756,0.5660593509674072,0.5423707962036133,0.24324476718902588,-0.0034554828889667988,-0.015959907323122025,0.24184146523475647,-0.007048618979752064,-0.112703338265419,0.1782732605934143,0.16254845261573792,0.20223501324653625,0.07379953563213348,0.0315018892288208,-0.024945413693785667,0.3630126118659973,-0.3781934976577759,-0.20153331756591797,0.07611320167779922,0.1261562556028366,-0.147462397813797,-0.18277914822101593,-0.09875081479549408,0.03438953682780266,0.20584610104560852,0.13658131659030914,0.05929793044924736,-0.23822152614593506,-0.2514439821243286,0.8539015054702759,-0.4870724678039551,0.17461362481117249,-0.06607268750667572,0.11197539418935776,-0.4347711205482483,-0.0006640016799792647,0.48196133971214294,-0.43256673216819763,0.1710365116596222,0.04022999852895737,-0.048097193241119385,-0.7782375812530518,-0.4026021957397461,0.20218269526958466,-0.08480775356292725,-0.031624969094991684,-0.36351335048675537,0.24439556896686554,0.003786122892051935
CID000004911,401,0.24799247086048126,-0.14697133004665375,0.045460231602191925,0.4998169541358948,-0.34732145071029663,0.08306891471147537,0.23410215973854065,0.2786719799041748,0.15840484201908112,0.1726069152355194,0.3678203821182251,-0.3090244233608246,-0.0450563058257103,0.07365669310092926,0.09867452085018158,-0.19140112400054932,-0.061663784086704254,-0.28174909949302673,-0.153438001871109,-0.5058788061141968,0.03972243890166283,-0.17413322627544403,-0.10565634071826935,-0.8505603075027466,0.35844603180885315,-0.04467633366584778,-0.22967126965522766,0.14354722201824188,-0.09092199802398682,-0.0035843104124069214,-0.09324304759502411,0.074650838971138,-0.16434578597545624,-0.23250475525856018,-0.040233295410871506,-0.13528135418891907,-0.02084599807858467,-0.026236629113554955,0.04113583639264107,-0.21622419357299805,0.01844167709350586,-0.2770824134349823,0.12089093029499054,-0.3218138813972473,-0.08512650430202484,0.23515403270721436,0.034421246498823166,0.050351835787296295,0.14719879627227783,-0.04719913378357887,0.4470011591911316,0.04425773769617081,-0.09710370004177094,0.21745014190673828,0.08994044363498688,-0.27550259232521057,0.08426716178655624,0.0790075734257698,0.27333909273147583,0.0422898530960083,-0.4276960492134094,-0.2228705883026123,0.14373144507408142,0.056622136384248734,0.1699802428483963,0.6701515913009644,-0.15471190214157104,-0.05397909879684448,0.07951898872852325,0.1903826743364334,0.03419259935617447,-0.08443082123994827,-0.34820282459259033,-0.2735966145992279,-0.3071571886539459,0.1611645519733429,0.12198102474212646,0.026821985840797424,-0.016266273334622383,-0.06377287954092026,0.31527018547058105,-0.5491338968276978,-0.4256388545036316,-0.0524231381714344,0.13788741827011108,0.09957298636436462,0.17934009432792664,0.2448968142271042,0.04282284900546074,-0.7130861282348633,0.16436943411827087,0.13652025163173676,-0.0952342301607132,0.12192118167877197,0.19323208928108215,-0.2549091577529907,0.0015075623523443937,0.368723601102829,0.23525528609752655,0.16504250466823578,-0.3266916871070862,-0.002119175624102354,-0.017543280497193336,0.33259183168411255,0.10775282233953476,0.1556980460882187,-0.30555078387260437,-0.07437808066606522,0.5466192960739136,0.1867879182100296,-0.1598842889070511,0.2155003845691681,-0.2208820879459381,-0.6032207608222961,-0.08388295769691467,0.1608431339263916,0.03104844130575657,0.04473511129617691,-0.0725613385438919,0.2728238105773926,0.8157227635383606,-0.27654290199279785,0.2960696816444397,0.09652824699878693,0.056279122829437256,0.18469402194023132,0.028177866712212563,0.039064958691596985,0.446124792098999,0.011555520817637444,0.13607308268547058,-0.46307501196861267,-0.45382651686668396,-0.006135538220405579,0.22041134536266327,0.17913958430290222,-0.06984827667474747,0.043250590562820435,-0.3024161458015442,-0.19965101778507233,-0.3182910978794098,0.33039534091949463,-0.24414511024951935,-0.08684622496366501,0.14509710669517517,0.23772063851356506,0.22707462310791016,0.5076925754547119,-0.12786228954792023,0.08573953807353973,-0.269427090883255,-0.2914809286594391,-0.3476027846336365,0.4104866087436676,-0.25442034006118774,0.10133330523967743,0.006513319909572601,0.0793030634522438,-0.20581862330436707,0.06394556909799576,0.10971236228942871,0.43715906143188477,0.02191581390798092,-0.028180157765746117,0.10610169172286987,-0.29214873909950256,-0.29634663462638855,0.24945957958698273,0.08296816051006317,0.30754539370536804,-0.11878927052021027,-0.1502033919095993,-0.1403166502714157,-0.12543022632598877,0.11070164293050766,0.06259504705667496,0.020677600055933,-0.4848167300224304,0.6668707728385925,0.03960580378770828,0.1053449884057045,0.07997199892997742,-0.11590979993343353,-0.34090664982795715,0.16178257763385773,0.16469791531562805,-0.19174683094024658,-0.07887128740549088,-0.08193764835596085,-0.17063626646995544,-0.1390693187713623,-0.09699268639087677,0.10573063790798187,-0.09564699232578278,0.03173469752073288,-0.12921078503131866,-0.14426526427268982,-0.09668224304914474,0.08664450794458389,0.09314608573913574,-0.15690045058727264,-0.35186806321144104,0.05985371023416519,-0.49968376755714417,-0.10758223384618759,-0.05482279509305954,-0.10160162299871445,-0.18325874209403992,0.19744469225406647,0.551543653011322,0.5313711166381836,-0.001985567854717374,0.19857914745807648,0.10847301781177521,0.07480281591415405,-0.1530836969614029,-0.14152105152606964,0.46071815490722656,0.06599904596805573,-0.023152872920036316,-0.11602763831615448,-0.07008033245801926,0.18274010717868805,-0.16838157176971436,0.006584747228771448,0.25529295206069946,-0.3043651580810547,-0.2063337117433548,-0.16365548968315125,0.05060892179608345,-0.18504847586154938,0.10065410286188126,0.27910950779914856,-0.11018382012844086,-0.18333223462104797,0.2191009521484375,0.5258716940879822,-0.49633121490478516,-0.004761443939059973,-0.08342306315898895,0.26890188455581665,-0.2627222239971161,-0.0840458795428276,0.29979994893074036,-0.027307812124490738,-0.11523431539535522,0.1354578286409378,0.03049306944012642,-0.7007296681404114,-0.1626589000225067,0.39235228300094604,-0.11564381420612335,-0.019744759425520897,-0.32676395773887634,0.16984923183918,0.14037209749221802
CID000004509,406,0.11978130042552948,-0.1503400057554245,0.0464777871966362,0.3315052092075348,-0.5208175778388977,0.08107005059719086,0.34226009249687195,0.28119683265686035,0.0381968729197979,0.30409371852874756,0.2260439097881317,0.07035626471042633,-0.05135602876543999,0.11716191470623016,-0.23425135016441345,-0.10458076000213623,-0.05201362445950508,-0.06438343226909637,0.11306879669427872,-0.37575867772102356,0.004487327300012112,-0.25913625955581665,0.1405809372663498,-0.7658048272132874,0.2207227498292923,0.08807927370071411,-0.06148626655340195,-0.0020976245868951082,0.022486377507448196,0.09652596712112427,0.06741202622652054,0.16943053901195526,0.12220408022403717,-0.05284684896469116,0.019756797701120377,-0.11042989790439606,0.2636494040489197,0.09510041773319244,0.2318187654018402,-0.061539649963378906,0.02987053617835045,-0.23812873661518097,0.1983059197664261,-0.1874159276485443,-0.18137377500534058,0.30148133635520935,0.039380691945552826,-0.00035347192897461355,0.13772013783454895,0.06473768502473831,0.22927415370941162,0.16264279186725616,-0.2691380977630615,0.04874325171113014,0.06367594003677368,-0.08382000774145126,0.09241155534982681,0.1590176522731781,0.05914672464132309,-0.0026516257785260677,-0.20781223475933075,-0.3285781741142273,0.13676795363426208,0.019678611308336258,0.17651841044425964,0.2876138985157013,-0.20334091782569885,-0.14637276530265808,0.20664027333259583,0.19165107607841492,0.031398169696331024,-0.058019328862428665,-0.4002586305141449,-0.40944892168045044,-0.22130508720874786,0.05122788995504379,-0.07856817543506622,0.07957707345485687,-0.004520009271800518,-0.15604735910892487,0.012429107911884785,-0.6736614108085632,-0.3107351064682007,0.17586317658424377,0.07805289328098297,-0.04333241656422615,0.1244385689496994,0.15403339266777039,-0.010266912169754505,-0.6267038583755493,-0.07073153555393219,0.14956265687942505,-0.00491612171754241,-0.056717563420534134,0.03936826065182686,-0.2075618952512741,-0.25360652804374695,0.12711739540100098,-0.19908881187438965,0.010335001163184643,-0.18047872185707092,0.07962753623723984,-0.005490723066031933,0.40265947580337524,0.22438621520996094,-0.024980220943689346,-0.14582395553588867,0.03758891671895981,0.41594821214675903,-0.2862781882286072,-0.08214260637760162,0.10678394138813019,-0.09061924368143082,-0.04524870216846466,-0.024265801534056664,0.18127867579460144,0.03875258192420006,0.010312753729522228,-0.13565674424171448,0.25491586327552795,0.5903691053390503,-0.21250896155834198,0.2537095248699188,0.18276222050189972,-0.03993532061576843,0.2346193790435791,0.02548336610198021,-0.0009086310747079551,0.23540064692497253,0.07288467884063721,0.14621569216251373,-0.5171504616737366,-0.4748538136482239,0.08170817047357559,0.27502748370170593,-0.0014719393802806735,-0.11492767184972763,0.3165808916091919,-0.1898035854101181,-0.22311560809612274,-0.17340640723705292,0.18585334718227386,0.04238363727927208,-0.0761137455701828,-0.03235207498073578,0.07633364200592041,-0.06932280957698822,0.2914571166038513,0.01455252431333065,0.16489671170711517,0.10601887851953506,-0.1763319969177246,-0.18166282773017883,0.17816075682640076,-0.288377583026886,-0.08510704338550568,-0.06612115353345871,-0.01958625204861164,-0.07134033739566803,0.1899743676185608,-0.15744097530841827,0.14362673461437225,0.01873941160738468,0.07786519825458527,-0.15205737948417664,-0.09227365255355835,-0.20239369571208954,0.19811591506004333,0.030648594722151756,0.1606355756521225,0.013910645619034767,-0.08250917494297028,-0.15510231256484985,-0.09904442727565765,0.0550730898976326,0.018481958657503128,0.1901870220899582,-0.21240516006946564,0.31576257944107056,-0.042564041912555695,0.18637493252754211,0.059683866798877716,-0.055468685925006866,-0.17422020435333252,0.046738769859075546,0.21501187980175018,-0.03237336128950119,0.0704832524061203,-0.04908173531293869,-0.2745540738105774,-0.10440532118082047,0.0077520860359072685,0.2686477303504944,0.022417206317186356,0.11977039277553558,-0.14950987696647644,0.05263165384531021,-0.00271871080622077,0.1100839376449585,0.03858765959739685,0.18742533028125763,-0.40782618522644043,0.004927006550133228,-0.2819019854068756,0.052355580031871796,-0.17788292467594147,-0.13132761418819427,0.18547223508358002,-0.0708136111497879,0.3658204972743988,0.31583112478256226,0.2561190128326416,0.31791916489601135,0.1874496042728424,0.05376807972788811,-0.034742020070552826,-0.16632406413555145,0.12782816588878632,0.09357404708862305,-0.006369066424667835,0.056226156651973724,-0.08526840060949326,0.01438438892364502,-0.16702255606651306,-0.04357025772333145,0.07890889793634415,0.14097794890403748,-0.07704327255487442,0.046033184975385666,-0.021868642419576645,-0.046803515404462814,-0.13548192381858826,0.23614947497844696,-0.011358069255948067,-0.12496791034936905,0.07287607342004776,0.30029767751693726,-0.4627632200717926,0.05958307534456253,-0.04086584597826004,0.15450803935527802,-0.35027167201042175,0.032991886138916016,0.3665347993373871,0.027755532413721085,-0.0983840674161911,0.0854944959282875,-0.000804090523160994,-0.611203670501709,-0.08879382163286209,0.2725222408771515,-0.42115259170532227,0.08861102163791656,-0.3907428979873657,0.07414267212152481,0.0831967294216156
CID000002284,407,0.05213000252842903,0.17918719351291656,0.3115638196468353,0.4695589542388916,-0.3059811294078827,0.1629694551229477,0.0294484980404377,0.29666221141815186,-0.4218173027038574,0.2568894624710083,-0.3027277886867523,-0.053839050233364105,-0.17766502499580383,0.23871684074401855,-0.13885624706745148,0.2159244567155838,0.04531234875321388,-0.033709537237882614,0.04965297132730484,-0.6432594656944275,0.1446404904127121,0.09757419675588608,0.12101074308156967,-1.0156276226043701,-0.263016015291214,0.29074734449386597,-0.3068416714668274,-0.1401759833097458,0.21281950175762177,-0.10646148025989532,0.03947494179010391,0.3328622877597809,0.10108671337366104,-0.24628861248493195,-0.12169283628463745,0.036258067935705185,0.18567517399787903,0.20499220490455627,0.19072787463665009,-0.3435138463973999,-0.03745889663696289,-0.06949308514595032,-0.17516523599624634,-0.3104807734489441,0.032164908945560455,0.2835545837879181,-0.12209939956665039,0.07236263900995255,-0.29160958528518677,-0.1265450417995453,0.5381675958633423,-0.4001651406288147,-0.00021822270355187356,-0.29198402166366577,0.10767153650522232,-0.15942764282226562,0.17703376710414886,0.2994595170021057,0.14871075749397278,-0.17235395312309265,-0.20124223828315735,-0.08277300000190735,0.20009465515613556,-0.20709438621997833,0.26081013679504395,0.6580666899681091,-0.26576659083366394,0.29160723090171814,0.05939646437764168,-0.13434262573719025,0.00101567804813385,0.5607288479804993,-0.34795841574668884,-0.2945610582828522,-0.0043895007111132145,0.06919459253549576,0.06272904574871063,-0.0133407237008214,0.027448680251836777,-0.06705183535814285,0.39301133155822754,-0.2445201426744461,-0.30187517404556274,-0.012059509754180908,0.032831501215696335,-0.45437511801719666,0.3063407838344574,0.15660688281059265,-0.04765014350414276,-0.8971921801567078,0.08605919778347015,0.026537949219346046,0.19208849966526031,0.18565359711647034,-0.09466256946325302,-0.38602834939956665,-0.2219034731388092,-0.0003577709139790386,0.39650145173072815,0.36702004075050354,-0.08470399677753448,0.0192192941904068,-0.04570503160357475,0.23703451454639435,-0.23199279606342316,0.29023998975753784,0.21031686663627625,-0.13202957808971405,0.5563186407089233,0.23718419671058655,-0.15538649260997772,0.31554049253463745,-0.22261185944080353,-0.2037765085697174,-0.19191743433475494,0.19990412890911102,0.05499684810638428,0.29665476083755493,0.08233343064785004,0.3179354965686798,0.8059730529785156,0.06667479127645493,0.2852936387062073,0.3231336772441864,-0.37628087401390076,-0.035621464252471924,0.06438510119915009,0.07767041027545929,0.049921732395887375,-0.30105847120285034,0.36379995942115784,-0.5233194231987,-0.2780511677265167,0.0740542933344841,0.12434159219264984,0.13664916157722473,-0.008969977498054504,0.12019173055887222,0.2380974292755127,-0.453447163105011,-0.2651122212409973,0.25115707516670227,0.15782663226127625,-0.11027240753173828,0.03424948453903198,0.2875707447528839,-0.30070051550865173,0.5628499984741211,-0.016013216227293015,0.22179560363292694,0.29621607065200806,-0.27674227952957153,0.08641442656517029,0.2218424379825592,-0.17767031490802765,-0.28861913084983826,-0.32222801446914673,-0.10064899921417236,-0.11563950777053833,0.44649210572242737,-0.01377960480749607,0.22444379329681396,-0.10126195847988129,0.08488497883081436,0.04710772633552551,-0.09944383800029755,-0.2456159144639969,-0.20755183696746826,0.1475309580564499,0.20126104354858398,0.06125643104314804,-0.11081695556640625,-0.3097200393676758,-0.46651315689086914,-0.09831246733665466,-0.06631644070148468,-0.06752248853445053,-0.09907644242048264,0.564482569694519,0.24510245025157928,-0.14461439847946167,-0.20336489379405975,-0.2532466650009155,-0.17195911705493927,0.5039454698562622,0.033300139009952545,-0.6122664213180542,0.3466044068336487,-0.06105457991361618,-0.3159797489643097,-0.15693236887454987,0.12126004695892334,0.07966453582048416,-0.19984962046146393,0.18321137130260468,0.15813742578029633,0.06263554096221924,0.1600930541753769,0.187617227435112,-0.5722379684448242,-0.07907522469758987,-0.3709196448326111,0.16164276003837585,-0.221253901720047,0.08356143534183502,-0.20410184562206268,-0.03196651116013527,0.018933216109871864,0.2848885655403137,0.6133162379264832,0.23807969689369202,-0.034670840948820114,0.15086692571640015,0.4145089089870453,0.16300727427005768,-0.507339358329773,0.12660901248455048,0.15066897869110107,0.2576588988304138,-0.14379838109016418,-0.1420719176530838,-0.25443801283836365,-0.030066240578889847,-0.20357806980609894,-0.29196876287460327,0.1449720561504364,-0.2637924551963806,-0.39467480778694153,-0.1431744396686554,0.08548212051391602,-0.07140202820301056,0.44526124000549316,0.12238173186779022,0.04684319347143173,-0.023551691323518753,0.41291317343711853,0.3625834584236145,-0.2500346302986145,0.011132967658340931,-0.20573413372039795,0.184108704328537,-0.8100376129150391,0.19401592016220093,0.1237904280424118,0.11340957880020142,-0.1780940741300583,0.05469125509262085,-0.07882557064294815,-0.7811810970306396,-0.5073965787887573,0.4286373555660248,0.04600769281387329,0.19406983256340027,0.11865788698196411,0.1345648467540741,0.12757161259651184
CID000003449,408,0.08243284374475479,0.2114909142255783,0.08331046253442764,0.36381015181541443,-0.45144933462142944,-0.08891336619853973,0.3153090476989746,0.5418127179145813,-0.06322740018367767,0.28538915514945984,-0.29144370555877686,0.21312940120697021,0.09359131008386612,0.2621619999408722,-0.22164931893348694,-0.05219879001379013,0.06872303783893585,0.10797165334224701,0.24073632061481476,-0.48879146575927734,-0.052179716527462006,-0.42988935112953186,-0.028547435998916626,-0.7586665153503418,0.0765695720911026,0.4859065115451813,0.15428803861141205,0.19800975918769836,-0.03748221695423126,0.11074422299861908,-0.2131812572479248,0.16996446251869202,0.12801870703697205,-0.18623821437358856,0.12719424068927765,0.029459159821271896,0.2978413701057434,0.3232496976852417,0.03313459828495979,-0.1380196511745453,-0.05630109831690788,-0.2076975405216217,0.057832665741443634,-0.3950856924057007,-0.33727502822875977,0.1898801028728485,-0.06371741741895676,-0.04037758335471153,0.05829012393951416,0.03833868354558945,0.5335967540740967,-0.022385602816939354,-0.1479838788509369,0.025883439928293228,0.1984829306602478,-0.4391663074493408,0.4357573986053467,0.3109487295150757,0.2064867913722992,0.1257931888103485,-0.37909525632858276,-0.42470288276672363,0.05942412093281746,0.03955451771616936,0.04497179761528969,0.3319374620914459,-0.4005560278892517,-0.09513416141271591,0.038445428013801575,-0.07638712972402573,-0.10345666110515594,-0.0179581455886364,-0.0573887825012207,-0.362135648727417,-0.24312379956245422,0.1123141273856163,0.15324299037456512,0.0314931683242321,-0.18538051843643188,0.11359777301549911,0.09203051030635834,-0.3639902174472809,-0.20676067471504211,0.0069518061354756355,-0.23171845078468323,-0.015590098686516285,0.2659722864627838,0.12142737209796906,-0.1658751368522644,-0.5003721117973328,0.15762178599834442,0.11244618892669678,0.18478141725063324,0.03916538506746292,-0.13081499934196472,-0.33599215745925903,0.27829474210739136,-0.06482885777950287,0.16175046563148499,0.08270321786403656,0.4263891279697418,0.06485754996538162,0.013692679814994335,0.4457947611808777,0.18627016246318817,-0.010661592707037926,-0.5355139374732971,-0.02305631712079048,0.5173047780990601,0.007471931166946888,0.005267229862511158,0.33814436197280884,-0.04760921001434326,-0.12263718992471695,-0.14438535273075104,0.2517451345920563,0.04471869766712189,0.21393723785877228,0.021261312067508698,0.5573548674583435,0.5730683207511902,-0.3142240643501282,0.41494908928871155,0.21524076163768768,0.04479546844959259,0.3076265752315521,-0.025354068726301193,-0.013390141539275646,0.3962441682815552,-0.07934137433767319,0.11232483386993408,-0.4913938641548157,-0.5407382249832153,-0.02156241610646248,0.3071973919868469,0.007770003285259008,0.06802860647439957,0.25947993993759155,0.2206886112689972,-0.4614074230194092,-0.4917120933532715,0.32587844133377075,0.3468237519264221,0.01859472505748272,0.0034468411467969418,0.493349552154541,-0.16959375143051147,0.23819203674793243,0.20722739398479462,0.09419147670269012,-0.04446157068014145,-0.33449476957321167,-0.21684691309928894,-0.11338523775339127,0.04586999490857124,0.22354209423065186,0.16148391366004944,-0.18995745480060577,0.22416332364082336,0.005748535506427288,-0.08301367610692978,0.10376940667629242,-0.061327625066041946,0.04854326695203781,-0.30111953616142273,0.19877925515174866,-0.09940694272518158,0.5393049120903015,0.0826340764760971,0.14931359887123108,-0.028491580858826637,-0.24593892693519592,-0.317569375038147,-0.1638648509979248,0.06801346689462662,-0.16735604405403137,0.1037079244852066,-0.383794903755188,0.5003693103790283,0.019524231553077698,0.2615850567817688,0.03219512104988098,-0.1983582079410553,-0.383887380361557,-0.2180536985397339,0.1542726308107376,0.034182656556367874,-0.08724755048751831,-0.18742060661315918,-0.3190385401248932,-0.043629568070173264,-0.01118464209139347,0.033960141241550446,-0.31423619389533997,0.24001376330852509,-0.041257344186306,-0.08168758451938629,0.14080266654491425,0.026974117383360863,0.07736581563949585,-0.1460300236940384,-0.4945811331272125,-0.039036937057971954,-0.29617610573768616,-0.10121027380228043,0.013084759935736656,-0.03847780078649521,-0.23953811824321747,0.1957896500825882,0.5108274817466736,0.17884686589241028,0.0403536781668663,0.5698579549789429,0.22953501343727112,0.48148903250694275,-0.954031765460968,-0.002895216690376401,0.3485977351665497,0.27862828969955444,0.0452682189643383,0.014975232072174549,0.09812726825475693,-0.030986422672867775,-0.2533602714538574,0.1478688269853592,-0.14101064205169678,-0.11171434819698334,-0.5996220707893372,0.31593507528305054,0.03747959062457085,0.009421942755579948,0.06963822990655899,0.21887290477752686,-0.00635930523276329,-0.5345367193222046,0.071924589574337,0.5162870287895203,-0.23251065611839294,0.1261073797941208,-0.428422212600708,-0.22732217609882355,-0.37230533361434937,-0.13149042427539825,0.33758848905563354,0.00619479501619935,-0.1858738660812378,0.03312874585390091,-0.6165622472763062,-0.48471006751060486,-0.028581077232956886,0.475125253200531,-0.450679212808609,0.061769288033246994,-0.22756798565387726,0.10173237323760986,-0.1725550889968872
CID000093860,409,-0.007592239882797003,0.007782661821693182,-0.045289404690265656,0.31531664729118347,-0.3867296576499939,0.03805465251207352,0.2930918335914612,0.08945353329181671,0.13011810183525085,0.14758048951625824,0.18441477417945862,0.11873175948858261,-0.03216623514890671,0.11194831132888794,-0.22973234951496124,-0.1264139860868454,-0.019866224378347397,-0.16371281445026398,0.10156333446502686,-0.43802547454833984,-0.03327197581529617,-0.18492701649665833,0.1721523106098175,-0.9498187303543091,-0.01461377739906311,0.1695249378681183,-0.10165686905384064,0.053052473813295364,0.029189985245466232,0.18300779163837433,-0.2581130266189575,0.1959143728017807,0.19563952088356018,-0.10532518476247787,0.055836062878370285,-0.04470860958099365,0.12314464151859283,0.02824973501265049,0.08316782861948013,-0.24469657242298126,-0.1487545371055603,-0.172590970993042,0.1830635368824005,-0.2694026529788971,-0.17661304771900177,0.36670705676078796,0.008501023054122925,0.023678267374634743,0.0396198146045208,0.08237509429454803,0.17908576130867004,0.0522221215069294,-0.27528831362724304,-0.03307700157165527,-0.0038824535440653563,-0.16651631891727448,-0.08708076179027557,0.025706350803375244,0.02187201753258705,0.05375201627612114,-0.008879249915480614,-0.14108827710151672,-0.08748569339513779,-2.2998452550382353e-05,0.21038718521595,0.3218173682689667,-0.09167566150426865,0.009836986660957336,0.11190446466207504,0.0685802549123764,0.16272693872451782,0.10247951745986938,-0.3960653245449066,-0.27620914578437805,-0.17767837643623352,0.18057654798030853,-0.019485503435134888,0.22438426315784454,0.04422767087817192,0.23702077567577362,0.14489877223968506,-0.433309406042099,-0.202492356300354,-0.05686689168214798,0.1055775135755539,-0.1334337294101715,0.061419785022735596,0.09292180836200714,-0.15466344356536865,-0.6686660647392273,0.05438878387212753,0.30666202306747437,0.10474009811878204,0.0639902651309967,0.29942187666893005,-0.1866130530834198,-0.22758138179779053,0.30833935737609863,0.13179627060890198,-0.041813962161540985,-0.2783048152923584,-0.05271221324801445,-0.10777165740728378,0.24899587035179138,0.27837949991226196,-0.047611840069293976,0.09036028385162354,0.04402710497379303,0.5738121867179871,-0.17894834280014038,-0.18560850620269775,0.15355703234672546,-0.13427728414535522,-0.17367002367973328,0.0730891153216362,0.1483105719089508,0.18103717267513275,0.08568248897790909,-0.13672861456871033,0.1892174929380417,0.601439893245697,-0.1949893683195114,0.26388800144195557,0.27952349185943604,0.08564500510692596,0.04307345300912857,-0.033194977790117264,0.07768411934375763,0.11860712617635727,-0.04471874237060547,0.03136841207742691,-0.5234917402267456,-0.35169726610183716,0.07933654636144638,0.29676908254623413,0.028290122747421265,0.13069668412208557,0.14921797811985016,-0.022751783952116966,-0.130636528134346,-0.07544039189815521,-0.008548988960683346,0.1405775398015976,-0.06488914042711258,0.08538424968719482,0.08341585844755173,-0.0902613177895546,0.32418161630630493,0.115101657807827,0.1937018483877182,0.35685494542121887,-0.27334439754486084,0.04635853320360184,0.0643773153424263,-0.3105994760990143,-0.03903917968273163,-0.08582887798547745,-0.06541355699300766,0.24372783303260803,0.27153831720352173,-0.16203603148460388,0.12254118919372559,-0.0936298817396164,0.08780254423618317,-0.08314954489469528,-0.152191162109375,-0.173305943608284,-0.08045200258493423,-0.18278416991233826,0.1239822655916214,0.09431282430887222,-0.19114860892295837,-0.2510697841644287,-0.34533023834228516,0.06709084659814835,-0.04858061671257019,0.10627090930938721,-0.10271052271127701,0.3991069197654724,-0.016807783395051956,0.016874205321073532,0.07145462930202484,-0.10973604768514633,-0.21889694035053253,0.17945440113544464,0.2089332640171051,-0.23987627029418945,0.062492601573467255,0.014329205267131329,-0.32021957635879517,0.02615511417388916,-0.09749814122915268,-0.0190262608230114,0.09017173200845718,0.07017573714256287,-0.054681550711393356,-0.04222538322210312,-0.07076630741357803,-0.09523490816354752,-0.02626883052289486,0.17771680653095245,-0.24915730953216553,0.14445209503173828,-0.3355061411857605,0.09119121730327606,-0.24428200721740723,-0.10219044983386993,-0.14744621515274048,-0.047322940081357956,0.4747491478919983,0.28833839297294617,-0.029796013608574867,0.2183869183063507,0.10969088971614838,0.19937428832054138,-0.10175174474716187,-0.2169795036315918,0.15007071197032928,0.11117486655712128,-0.07377233356237411,-0.09713134914636612,-0.12649968266487122,0.21004681289196014,-0.11151617765426636,-0.1280824840068817,0.28625279664993286,-0.039439331740140915,-0.09519524872303009,-0.16793236136436462,-0.056921958923339844,-0.04156515374779701,0.039282508194446564,0.2599453032016754,0.05766577273607254,-0.05133272334933281,0.18090853095054626,0.2759518325328827,-0.3523043692111969,0.017786458134651184,-0.1488577425479889,0.14096111059188843,-0.44764280319213867,0.2224806547164917,0.1959717571735382,0.00458358833566308,-0.08956985175609589,0.05847125127911568,-0.16590996086597443,-0.6339335441589355,-0.05955151468515396,0.2026209533214569,-0.1926604062318802,-0.059159666299819946,-0.21881072223186493,0.1187596470117569,0.009561723098158836
CID000003826,410,0.1462346613407135,0.05191301181912422,-0.10994913429021835,0.27585989236831665,-0.30089980363845825,0.10142139345407486,0.24773713946342468,0.21952569484710693,0.05316762253642082,0.21291951835155487,0.1446349322795868,0.1523214727640152,0.10807885974645615,0.10427933931350708,-0.28584524989128113,-0.16165001690387726,-0.1291166990995407,-0.07888589799404144,0.18490007519721985,-0.39305633306503296,-0.03524992614984512,-0.3290475904941559,-0.01068105362355709,-0.7846675515174866,0.07089592516422272,0.03383057937026024,-0.11236147582530975,0.017221763730049133,0.054516155272722244,0.12330712378025055,-0.12379021942615509,0.30158156156539917,0.1419079750776291,0.1417730152606964,0.016543647274374962,-0.00422448106110096,0.2030961960554123,-0.041046224534511566,0.18303370475769043,-0.21094763278961182,-0.016822688281536102,-0.381312757730484,0.24508783221244812,-0.2510785460472107,-0.2295251190662384,0.4369979798793793,0.06620361655950546,0.050005458295345306,0.12417732179164886,0.08590814471244812,0.16878482699394226,0.264525830745697,-0.19599246978759766,-0.0622381754219532,0.08311215788125992,-0.0720818042755127,-0.12781769037246704,0.14811286330223083,-0.008705724962055683,-0.07822982966899872,-0.15363267064094543,-0.29761630296707153,-0.06852231919765472,-0.02793048694729805,0.28115183115005493,0.3581152558326721,-0.16247324645519257,-0.021122295409440994,0.17618249356746674,-0.005896958522498608,0.1371173858642578,0.03201007843017578,-0.3882443308830261,-0.38041576743125916,-0.17501495778560638,0.19664762914180756,-0.1113857626914978,0.205796480178833,-0.12479136139154434,-0.023947376757860184,-0.010829919949173927,-0.566451370716095,-0.2530907690525055,-0.09411293268203735,-0.006287446711212397,-0.15338069200515747,0.17349590361118317,-0.0002868056180886924,0.01945933885872364,-0.7048772573471069,-0.112932488322258,0.2941386103630066,0.04589486122131348,0.04083586111664772,-0.02622402273118496,-0.26816630363464355,-0.12150533497333527,0.16220200061798096,-0.1265871524810791,0.13215956091880798,-0.2378254234790802,-0.061329275369644165,-0.12249871343374252,0.28316155076026917,0.24472036957740784,0.04528660699725151,0.026977386325597763,0.19407683610916138,0.4640827775001526,-0.14289692044258118,-0.09698569774627686,0.17178788781166077,-0.17828230559825897,-0.025229334831237793,-0.013421878218650818,0.14594285190105438,-0.05184287950396538,-0.026256799697875977,-0.12601177394390106,0.1763797104358673,0.5540893077850342,-0.05982991307973862,0.28248101472854614,0.24026694893836975,0.02929670177400112,0.15568244457244873,0.04583197832107544,0.12169428914785385,0.185829296708107,-0.05108831450343132,-0.06380365043878555,-0.4523809552192688,-0.29774484038352966,0.1196175366640091,0.2098349779844284,-0.1281980723142624,0.04546724632382393,0.14970678091049194,-0.19189468026161194,-0.1964985728263855,-0.14402686059474945,-0.02139679528772831,0.05764231085777283,-0.18714050948619843,0.09387784451246262,0.11651917546987534,-0.1124262809753418,0.26513439416885376,0.16066768765449524,0.17843744158744812,0.12346385419368744,-0.1949106901884079,-0.12417390197515488,0.1907399594783783,-0.4136693477630615,-0.07530450075864792,-0.14318989217281342,-0.08714272081851959,0.1577715426683426,0.38791710138320923,-0.21026702225208282,-0.11072267591953278,-0.06261534988880157,0.1359522044658661,-0.04806189611554146,-0.11771424114704132,-0.16894450783729553,0.138143390417099,-0.14868466556072235,0.2065211832523346,0.12300954759120941,-0.23660197854042053,-0.1790052354335785,-0.312684565782547,0.07738906145095825,-0.04313789680600166,0.16211587190628052,-0.10810015350580215,0.318186491727829,-0.2337224781513214,0.16226093471050262,-0.005581882782280445,-0.197334885597229,-0.17050664126873016,0.14638277888298035,0.2756260335445404,-0.17805451154708862,0.04048074036836624,-0.08165355026721954,-0.3365151286125183,0.04846153408288956,0.06728716939687729,0.1554553210735321,0.12046761810779572,0.18675510585308075,-0.1814977377653122,0.10449554771184921,-0.008156242780387402,-0.03708557039499283,0.047907669097185135,0.2810053825378418,-0.24598796665668488,0.05431905388832092,-0.2900868058204651,0.1606752574443817,-0.222779780626297,-0.0770227313041687,-0.05532247945666313,-0.017796730622649193,0.34720808267593384,0.35963231325149536,-0.042688433080911636,0.3466852307319641,0.15374872088432312,0.04313793033361435,-0.1349724978208542,-0.08496697247028351,0.058811914175748825,0.08838994801044464,0.17510724067687988,0.012177370488643646,-0.11775996536016464,0.03295816853642464,-0.2428528368473053,0.07769951224327087,0.04663702845573425,0.07513364404439926,0.033932507038116455,-0.08598364889621735,-0.13405242562294006,-0.047785550355911255,-0.208321213722229,0.25536608695983887,0.03273759037256241,-0.04310358315706253,-0.11536576598882675,0.24261057376861572,-0.39477410912513733,0.09025291353464127,-0.1806478351354599,0.23712821304798126,-0.3741685748100281,0.052871037274599075,0.2526320815086365,-0.18974235653877258,-0.05818236991763115,0.10866539180278778,0.09833864122629166,-0.4830605387687683,-0.09753469377756119,0.23626764118671417,-0.2773136496543884,0.003329205559566617,-0.22905318439006805,0.15437978506088257,0.11563453823328018
CID000004178,415,0.1664542257785797,0.1009720116853714,0.15169267356395721,0.29968780279159546,-0.4852356016635895,0.15192854404449463,0.20276346802711487,0.3911970257759094,-0.23891279101371765,0.2540547847747803,0.33541494607925415,0.061724789440631866,-0.022128257900476456,0.08381841331720352,-0.25676488876342773,0.01455424539744854,-0.15593452751636505,-0.08700621128082275,0.24952903389930725,-0.4658260941505432,0.054698050022125244,-0.23378901183605194,-0.11878176033496857,-0.8922364115715027,-0.2670195698738098,0.16899970173835754,-0.30383726954460144,0.29162469506263733,-0.036829300224781036,0.30363720655441284,-0.15429630875587463,0.318003386259079,-0.015480381436645985,0.1642041653394699,-0.002911804709583521,-0.07074301689863205,-0.021226340904831886,0.21414582431316376,0.010199740529060364,-0.221553236246109,-0.18686160445213318,-0.25568562746047974,0.08807571232318878,-0.1414184868335724,0.0017648279899731278,0.39932623505592346,0.062415916472673416,-0.03340688347816467,0.13383843004703522,0.10565610229969025,0.23386290669441223,-0.1592714488506317,-0.32451948523521423,-0.15557655692100525,0.14654017984867096,-0.10044504702091217,0.01241130381822586,0.19509831070899963,0.11572448909282684,-0.29254400730133057,-0.3447481095790863,-0.2043948620557785,-0.04028389975428581,-0.16647294163703918,0.260952889919281,0.3677102327346802,-0.10131321102380753,-0.14441120624542236,0.2790638208389282,0.1095348447561264,0.187350332736969,-0.11484654992818832,-0.22999361157417297,-0.23205547034740448,-0.12103364616632462,0.2915819585323334,-0.14126816391944885,0.02898590825498104,-0.07493030279874802,-0.41225361824035645,0.2442440241575241,-0.48091021180152893,-0.38996124267578125,-0.008963209576904774,0.22358611226081848,-0.41821733117103577,0.2543422281742096,0.094052754342556,0.1444496214389801,-0.7962625622749329,0.06497370451688766,0.3015235364437103,0.000551060598809272,-0.1198359876871109,-0.1441817581653595,-0.24826176464557648,-0.04494232311844826,-0.3381498157978058,-0.1618412733078003,0.10539468377828598,-0.07769432663917542,0.1462671458721161,-0.006544667296111584,0.4272575378417969,-0.05574104189872742,0.18127134442329407,0.08600366115570068,-0.30128732323646545,0.35375261306762695,0.09475355595350266,-0.035398513078689575,0.13934388756752014,-0.2079969346523285,0.17457935214042664,-0.14610204100608826,0.41463369131088257,-0.41778406500816345,-0.18510742485523224,-0.062197573482990265,0.4754704535007477,0.6278043985366821,-0.15634748339653015,0.1983310729265213,0.03417891263961792,0.26111605763435364,0.027522798627614975,-0.041377823799848557,0.06858155876398087,0.23263856768608093,0.01209214050322771,0.1588444709777832,-0.4021783769130707,-0.34895390272140503,-0.06057461351156235,0.31415823101997375,0.1103789210319519,-0.26109859347343445,0.34330782294273376,-0.3494238555431366,-0.18426743149757385,-0.3594817817211151,0.13313749432563782,0.1863010674715042,-0.06457509845495224,0.10757236182689667,0.19745774567127228,-0.31009846925735474,0.3261156678199768,0.10572515428066254,0.22780045866966248,-0.0512269027531147,-0.20041172206401825,0.2428780347108841,-0.1176186203956604,-0.24757444858551025,0.06866206973791122,0.03905194252729416,-0.3114747107028961,0.06029875949025154,0.29044708609580994,-0.03482755273580551,0.0010296620894223452,-0.03500707074999809,0.06996555626392365,0.009490353055298328,0.042527854442596436,-0.21707367897033691,0.06375765055418015,-0.015505194664001465,0.1912318468093872,0.10916900634765625,-0.14658327400684357,-0.20417217910289764,-0.5242089033126831,0.031226124614477158,-0.06808875501155853,0.1246887594461441,-0.14571812748908997,0.39533501863479614,0.1363779604434967,-0.11283726990222931,-0.11965946853160858,-0.2104295939207077,0.05475323647260666,0.4425862729549408,0.025038179010152817,-0.039914291352033615,0.2967168688774109,-0.14754487574100494,-0.3250427842140198,-0.00928946677595377,0.19272024929523468,0.31138449907302856,-0.013195049948990345,-0.040120262652635574,-0.030780326575040817,0.2535145878791809,-0.165681391954422,-0.001799242221750319,0.1353878229856491,0.011618481948971748,-0.3595595955848694,0.19344989955425262,-0.20855966210365295,0.30144113302230835,-0.22356656193733215,-0.0646977350115776,0.3216037154197693,0.02707931399345398,0.4141874313354492,0.44600528478622437,-0.012191897258162498,0.43513908982276917,0.5005626678466797,0.046273261308670044,-0.2260635644197464,0.10897405445575714,0.11613120138645172,0.16144052147865295,-0.13426077365875244,0.0057811252772808075,0.23130305111408234,-0.130507230758667,-0.2508141100406647,-0.04860809072852135,-0.41533559560775757,0.1444021761417389,-0.3007688522338867,-0.16886219382286072,-0.10437166690826416,-0.015344607643783092,-0.018636688590049744,0.24777312576770782,-0.0007987081771716475,0.23558564484119415,0.22607430815696716,0.3443312346935272,-0.28359395265579224,0.14395146071910858,-0.1543271243572235,0.22664503753185272,-0.5164374709129333,-0.0943768173456192,0.2409553825855255,-0.22655673325061798,0.08827415853738785,0.10373195260763168,-0.1804991513490677,-0.5103000402450562,-0.18781763315200806,0.09875227510929108,-0.22206978499889374,-0.27336347103118896,-0.16651774942874908,0.05529092624783516,0.04224967211484909
CID000004107,418,0.17007562518119812,0.08644308149814606,0.08287300169467926,0.3706539571285248,-0.3419691026210785,0.1452532410621643,0.13890156149864197,0.22095099091529846,0.22125348448753357,0.22665861248970032,0.05305922031402588,-0.1941658854484558,0.16081471741199493,0.15317454934120178,-0.2055702954530716,-0.10474056005477905,-0.17854364216327667,-0.11270929872989655,0.10825665295124054,-0.41748136281967163,0.18796685338020325,-0.1369989812374115,-0.004652872681617737,-0.7718434929847717,-0.4177550673484802,0.08642031252384186,-0.3171681761741638,-0.15508373081684113,-0.13415604829788208,0.14629267156124115,-0.22785544395446777,0.3014909029006958,0.10978992283344269,0.12279925495386124,0.19154107570648193,-0.4334753453731537,-0.0830625668168068,0.2509250342845917,0.15094847977161407,-0.11411768198013306,-0.06111576035618782,-0.06110420823097229,0.02649833634495735,-0.25888389348983765,-0.1885858029127121,0.3997775912284851,0.06813062727451324,0.09673747420310974,0.20581698417663574,0.07442335039377213,0.30507606267929077,0.07243071496486664,-0.33707454800605774,0.04905499145388603,0.16639915108680725,-0.021336404606699944,-0.2856498956680298,-0.02905677631497383,-0.007589676883071661,0.06605954468250275,-0.0682632252573967,-0.1395341157913208,-0.25247594714164734,0.20996108651161194,0.24488921463489532,0.42369070649147034,0.004102122969925404,0.08133923262357712,0.32024163007736206,0.201386958360672,-0.031866200268268585,-0.2866533100605011,-0.20671160519123077,-0.2259739339351654,-0.09136413037776947,0.030490148812532425,-0.0368967168033123,0.20711083710193634,-0.21998965740203857,0.03804312273859978,0.2703952491283417,-0.27030012011528015,-0.3803107440471649,-0.3352653682231903,0.1813504695892334,-0.158920019865036,0.3503391146659851,-0.059123266488313675,-0.05552879720926285,-0.604681670665741,0.03807608038187027,0.2909676432609558,0.012655092403292656,0.07911361008882523,0.12447570264339447,-0.43225669860839844,-0.19438894093036652,-0.13563226163387299,0.006400310434401035,0.182236909866333,-0.14836803078651428,0.025811463594436646,-0.013029463589191437,0.3290462791919708,0.17942658066749573,0.006180184427648783,0.15227225422859192,0.06167302280664444,0.5091465711593628,0.15399035811424255,-0.14564436674118042,0.2227693498134613,-0.41580113768577576,0.028044188395142555,-0.15175484120845795,0.3367336392402649,-0.2242470681667328,-0.11711837351322174,-0.022213295102119446,0.1570611298084259,0.6709566712379456,0.08519132435321808,0.22661630809307098,0.34097152948379517,-0.13502490520477295,0.04666431248188019,-0.05269427224993706,0.04339399188756943,0.34346047043800354,-0.11617182195186615,0.16301926970481873,-0.4992612898349762,-0.2608955204486847,0.10088227689266205,0.3250899612903595,0.08580644428730011,0.33501774072647095,0.024947335943579674,-0.03126247972249985,-0.03503035381436348,-0.1468176543712616,0.273542582988739,0.16307276487350464,-0.17441301047801971,0.07443539798259735,0.1809258759021759,-0.08047740161418915,0.36673039197921753,-0.04036841541528702,0.03962727636098862,-0.15093939006328583,-0.2725711464881897,0.38447287678718567,-0.03631537780165672,-0.319749653339386,-0.17960745096206665,-0.0241029504686594,-0.26833757758140564,0.291829913854599,0.285408616065979,-0.1727876216173172,-0.18347325921058655,0.027672797441482544,-0.3591598868370056,0.24834449589252472,0.07884086668491364,-0.27719226479530334,0.04688441753387451,0.03765455260872841,0.15238480269908905,-0.07689657062292099,-0.06924530118703842,-0.19289223849773407,-0.40807977318763733,0.08829192817211151,-0.20673596858978271,0.2835513949394226,-0.2623597979545593,0.5194720029830933,-0.07950448989868164,-0.05641011521220207,0.1981973946094513,-0.14408645033836365,-0.06954140961170197,0.5817304849624634,-0.06129992753267288,-0.6212670207023621,-0.02754325233399868,-0.07114246487617493,-0.37970948219299316,0.18171405792236328,-0.07032298296689987,-0.07209473848342896,-0.1439729481935501,0.004142819903790951,-0.09367798268795013,0.4209956228733063,-0.3049045503139496,0.13848455250263214,0.20788195729255676,-0.010557571426033974,-0.1381230652332306,0.13516707718372345,-0.46450233459472656,0.03355184569954872,-0.24805748462677002,-0.045077741146087646,-0.06760819256305695,0.1612417846918106,0.6208521127700806,0.44631877541542053,-0.17432723939418793,0.16809743642807007,0.2623125910758972,0.024505596607923508,-0.2110002487897873,0.14938601851463318,0.23890259861946106,0.22972702980041504,-0.16626450419425964,-0.12388312816619873,0.03876996785402298,0.06604759395122528,-0.27477219700813293,-0.07630695402622223,-0.1460355818271637,-0.04900495335459709,-0.25683578848838806,-0.21314379572868347,0.08949066698551178,0.05799459293484688,0.1770082265138626,0.1964426338672638,0.042933106422424316,0.18637211620807648,0.09090782701969147,0.3804616332054138,-0.35038232803344727,0.03527543321251869,-0.1795988231897354,0.3334626257419586,-0.746665358543396,0.038377419114112854,0.268476277589798,-0.20562152564525604,0.016315849497914314,0.17202739417552948,-0.06021788716316223,-0.6137115359306335,-0.35145336389541626,0.08332543075084686,-0.1493222713470459,0.22464366257190704,-0.20622846484184265,0.08185844123363495,0.012577051296830177
CID000004506,419,0.38264691829681396,-0.1646602749824524,0.1417389214038849,0.18791404366493225,-0.18308603763580322,0.1845293492078781,0.09778004139661789,0.32213714718818665,-0.09479965269565582,0.10713165998458862,0.20601233839988708,0.03963397443294525,-0.15006741881370544,0.18991322815418243,-0.15310756862163544,-0.12355728447437286,-0.23047678172588348,-0.22391673922538757,0.17692476511001587,-0.4702939987182617,0.14196749031543732,-0.4338076114654541,-0.0075246780179440975,-0.7850807905197144,-0.0005054593202657998,0.0829722061753273,-0.30775657296180725,-0.14952655136585236,-0.00876646675169468,0.3005896210670471,-0.16247418522834778,0.2840728163719177,0.017824338749051094,-0.09762344509363174,-0.03893168643116951,-0.005159521009773016,0.30227145552635193,0.23020713031291962,0.07785885035991669,-0.18554341793060303,0.013192248530685902,-0.3708465099334717,0.0313136912882328,-0.1599883884191513,-0.3687944710254669,0.3808293044567108,0.012745845131576061,0.12137830257415771,0.06452970206737518,0.04196340590715408,0.3574867844581604,-0.06549989432096481,-0.25718504190444946,-0.25732308626174927,0.27437329292297363,-0.14433760941028595,0.155525341629982,0.20482325553894043,0.19816863536834717,-0.08605808019638062,-0.2686448097229004,-0.510147213935852,-0.03392120078206062,-0.2452220469713211,0.12394378334283829,0.47735685110092163,-0.1920572966337204,-0.3348461091518402,0.11397866159677505,0.11109532415866852,-0.13084463775157928,0.2944699823856354,-0.4132571220397949,-0.3682863414287567,-0.39469829201698303,-0.10300175845623016,0.036021701991558075,0.27808642387390137,-0.1750037968158722,-0.09880430996417999,0.4366411566734314,-0.2623315453529358,-0.37795478105545044,0.3285399079322815,-0.17199933528900146,-0.22352440655231476,0.29686853289604187,0.0944889560341835,-0.12460577487945557,-0.759324848651886,-0.12941525876522064,0.3341141939163208,-0.06356479972600937,0.07884649932384491,-0.25891780853271484,-0.3693383038043976,-0.11927131563425064,-0.09059586375951767,0.07792593538761139,0.42616134881973267,-0.10104620456695557,-0.04901214316487312,-0.11721187829971313,0.38261961936950684,0.26683497428894043,0.10082332044839859,-0.12113095819950104,-0.06022726371884346,0.40387457609176636,0.06772180646657944,-0.040183018893003464,0.05752440169453621,-0.09110502898693085,0.12349164485931396,-0.07727701961994171,0.4527367949485779,-0.027051810175180435,-0.05330676957964897,-0.09412992000579834,0.20252685248851776,0.45455867052078247,-0.11083076894283295,0.46183261275291443,0.3787344992160797,0.11510264873504639,0.07540369033813477,0.026992613449692726,0.06338834017515182,0.36185115575790405,0.06737928092479706,0.12878599762916565,-0.4723812937736511,-0.2954653203487396,0.1282247006893158,0.21329231560230255,-0.16287311911582947,-0.05229688808321953,0.14808256924152374,-0.2954903542995453,-0.3621242046356201,-0.2793918251991272,0.19243210554122925,0.269243985414505,-0.24242842197418213,0.010178920812904835,0.19995935261249542,-0.13989713788032532,0.3532411754131317,-0.12409833818674088,0.2793506979942322,0.03437403589487076,-0.19721844792366028,0.02457476779818535,0.11192977428436279,-0.1122678741812706,-0.20486506819725037,-0.14184391498565674,-0.39451637864112854,0.1460549682378769,0.23434269428253174,-0.009399408474564552,0.12661638855934143,-0.03164079040288925,-0.01967691443860531,-0.17365029454231262,0.15754857659339905,-0.3781087100505829,0.3062988817691803,0.09292902797460556,0.24444475769996643,0.24486970901489258,-0.24533948302268982,-0.45409855246543884,-0.2943020761013031,-0.019496643915772438,-0.11868546903133392,0.011426419019699097,-0.43476343154907227,0.4650920331478119,0.030658941715955734,0.012398761697113514,-0.16325028240680695,-0.3338437080383301,-0.17606119811534882,0.1426750123500824,0.2003331482410431,-0.29998427629470825,-0.014898955821990967,0.0031970380805432796,-0.5284379720687866,-0.09089195728302002,0.1552117019891739,0.2894182801246643,-0.10724109411239624,0.06320072710514069,-0.2708265781402588,0.2459186613559723,-0.22149698436260223,0.3403862416744232,-0.18915803730487823,0.09281740337610245,-0.3653079569339752,-0.07048770040273666,-0.4989456534385681,0.06976485997438431,-0.2752341628074646,-0.017274940386414528,0.10446669161319733,-0.006928262300789356,0.368481308221817,0.30271655321121216,0.318337619304657,0.2506735324859619,0.37615901231765747,0.0340944267809391,-0.41599416732788086,-0.0509028434753418,-0.09517980366945267,-0.01863621547818184,-0.3135765492916107,-0.055147089064121246,-0.12218944728374481,-0.19743379950523376,-0.39801812171936035,-0.08961604535579681,-0.10227283090353012,-0.16916081309318542,-0.23208479583263397,-0.03863786533474922,-0.03006090596318245,-0.02888568863272667,-0.014644640497863293,0.23262830078601837,0.11155758053064346,-0.1952180564403534,0.037433795630931854,0.10205192863941193,-0.12223926931619644,0.17736786603927612,0.00473139900714159,0.1753966510295868,-0.6641621589660645,0.026099994778633118,0.2695360779762268,-0.05450142174959183,0.11431948840618134,-0.00028958619805052876,0.08330874145030975,-0.46667060256004333,-0.15164493024349213,0.4535708427429199,-0.19336232542991638,0.019475579261779785,-0.12738952040672302,0.1308881640434265,-0.18513703346252441
CID000119182,420,0.6350204944610596,0.04226675257086754,0.28579774498939514,0.6425106525421143,-0.47280770540237427,-0.03282842040061951,0.21010088920593262,0.25718218088150024,0.36257386207580566,0.29156720638275146,-0.19543981552124023,-0.6687787771224976,0.1053941398859024,0.2302410900592804,0.10530165582895279,0.3550868034362793,-0.12687258422374725,-0.7143250703811646,0.09684792906045914,-0.5007820129394531,0.23159022629261017,-0.2755070626735687,0.16356608271598816,-0.8255457878112793,-0.09289722144603729,-0.22204835712909698,-0.024850081652402878,-0.15611852705478668,-0.007406833581626415,0.11552120745182037,-0.07017966359853745,0.08871109783649445,-0.14161868393421173,-0.05351555347442627,-0.12308323383331299,0.3306513726711273,0.09334144741296768,0.3105156123638153,0.06254518032073975,-0.40558409690856934,-0.19786666333675385,0.08204055577516556,-0.008185426704585552,0.26069027185440063,0.11390255391597748,0.07255354523658752,-0.056617360562086105,-0.16694536805152893,0.06008797883987427,0.2691216468811035,0.34793001413345337,-0.17049507796764374,-0.2658546268939972,0.08969637006521225,0.04604727029800415,0.1684103161096573,0.1755957305431366,-0.08266741037368774,1.0783284902572632,-0.13483043015003204,-0.06833560764789581,-0.43543052673339844,-0.06882448494434357,0.2841808497905731,-0.08413445949554443,0.31306853890419006,-0.11083203554153442,0.08207428455352783,0.0505141019821167,-0.2580566704273224,-0.18077479302883148,-0.07122619450092316,-0.2646670937538147,-0.305307537317276,-0.20977826416492462,0.24360468983650208,0.07398342341184616,-0.18360154330730438,0.028092622756958008,-0.12182042747735977,0.408808171749115,-0.4745699465274811,-0.32540377974510193,-0.31625837087631226,-0.11965231597423553,-0.0695732831954956,0.4169831871986389,-0.11849067360162735,0.13413158059120178,-0.3890761435031891,-0.050168476998806,0.15042755007743835,-0.02276534214615822,0.10132570564746857,0.15710009634494781,-0.22947430610656738,0.0261081513017416,-0.08012054860591888,-0.2198990285396576,0.45730558037757874,0.012842008844017982,0.2646915316581726,-0.016649235039949417,0.10271123796701431,0.1780279576778412,0.0197864081710577,-0.20824618637561798,-0.20409317314624786,0.620319128036499,-0.06865143775939941,0.11966210603713989,0.19661912322044373,-0.048743270337581635,-0.5515159964561462,0.08477476984262466,0.21809279918670654,-0.033422064036130905,0.32676994800567627,0.03634607046842575,0.15908506512641907,0.7421598434448242,-0.697199821472168,0.23227211833000183,0.104129359126091,-0.29563450813293457,0.46492713689804077,0.1394946277141571,-0.023478586226701736,0.17395475506782532,0.2061517983675003,0.26115402579307556,-0.7479398846626282,-0.47361811995506287,0.07799786329269409,0.21538212895393372,0.0430653877556324,0.35434722900390625,0.2710959017276764,0.17938561737537384,-0.0045128739438951015,-0.22908750176429749,0.2448127716779709,0.049432422965765,0.22988612949848175,0.1074327602982521,0.03024696744978428,-0.06812484562397003,0.5844982862472534,-0.17915204167366028,0.31690382957458496,0.14038944244384766,-0.4694672226905823,-0.11656167358160019,0.5023938417434692,-0.09550785273313522,-0.12220510095357895,0.05272092670202255,-0.14935044944286346,-0.1603579968214035,0.10994638502597809,0.12055559456348419,-0.03139662742614746,0.011425060220062733,0.6361462473869324,-0.3040521740913391,0.02688070572912693,-0.03152234107255936,0.1549547016620636,-0.044335152953863144,0.15813332796096802,-0.12288980185985565,0.32590508460998535,0.016261553391814232,-0.028266597539186478,0.06226827949285507,0.09473913908004761,0.10734287649393082,-0.2675630748271942,0.741191029548645,0.08519752323627472,-0.043359942734241486,-0.09569935500621796,-0.24959874153137207,0.11989951133728027,0.12531794607639313,-0.339527428150177,-0.06526776403188705,-0.06553970277309418,0.032547153532505035,-0.38519471883773804,0.13580110669136047,-0.16856828331947327,0.02285299263894558,-0.526337742805481,0.1368255317211151,0.21291813254356384,0.03628499060869217,-0.11100812256336212,0.028859686106443405,-0.05831705406308174,-0.16990451514720917,-0.3618220090866089,0.04650500416755676,-0.28823623061180115,0.07182712852954865,-0.0675460696220398,0.2296307533979416,0.021437903866171837,0.21628105640411377,0.35392752289772034,0.3681645691394806,-0.37662404775619507,-0.06263427436351776,0.07851432263851166,-0.14240136742591858,-0.40674465894699097,0.25665760040283203,0.4550867974758148,0.05724940448999405,0.21733489632606506,-0.2352275848388672,-0.11950737237930298,0.012427201494574547,-0.2916660010814667,0.008176976814866066,0.0680953711271286,0.23580089211463928,0.10969803482294083,-0.04767803102731705,0.013516737148165703,0.09766969084739685,0.03056599758565426,0.45896124839782715,0.07121714949607849,-0.2113446295261383,0.1788736879825592,0.5031816959381104,-0.4419613778591156,0.14087656140327454,-0.22188659012317657,-0.008266022428870201,-0.11562131345272064,0.09959010779857635,0.14107681810855865,-0.09658939391374588,-0.23288679122924805,0.10573792457580566,0.1416165828704834,-0.5954562425613403,0.05839560180902481,0.3688253164291382,-0.1041315346956253,0.24443300068378448,-0.3950081467628479,0.18198879063129425,-0.03457051143050194
CID000005978,421,0.34471485018730164,-0.014985996298491955,0.19299525022506714,0.6030018329620361,-0.3996468782424927,0.18462035059928894,0.17209698259830475,0.2655486762523651,0.07113736122846603,0.33638063073158264,-0.022974640130996704,-0.3164503574371338,0.05548518896102905,0.17157289385795593,-0.0368051715195179,0.21057872474193573,-0.03130146116018295,-0.2518262267112732,0.009377514943480492,-0.5331442356109619,0.11563804000616074,-0.4180656373500824,-0.00830854196101427,-0.8906604647636414,0.009771418757736683,0.09468594938516617,-0.3791966140270233,-0.015094202943146229,0.02656235359609127,-0.12505748867988586,0.006816020701080561,0.11479213088750839,0.12942394614219666,0.04504645988345146,0.07974821329116821,0.14179250597953796,0.08657988160848618,0.25324249267578125,-0.14867928624153137,-0.18880154192447662,0.07672889530658722,0.3173527121543884,0.15066735446453094,0.08646222203969955,-0.1734704077243805,0.3092105984687805,-0.011741039343178272,-0.1618986427783966,-0.09055187553167343,0.3893614709377289,0.560961902141571,0.006734502501785755,-0.2680559754371643,0.060293544083833694,-0.16009347140789032,0.13214237987995148,-0.03849610686302185,-0.20247431099414825,0.20755405724048615,-0.08660265058279037,-0.0558602437376976,-0.2926275134086609,0.016114169731736183,-0.17085720598697662,0.3131210207939148,0.36418798565864563,-0.36471059918403625,0.09291968494653702,0.11982738971710205,0.028282904997467995,0.12475414574146271,0.07390967011451721,-0.19890211522579193,-0.3880854845046997,-0.2658262848854065,0.19108065962791443,0.11938657611608505,-0.09705383330583572,-0.08536536991596222,0.08998169004917145,0.36636728048324585,-0.3262621760368347,-0.34946584701538086,0.03762531280517578,-0.002666045678779483,0.2531827688217163,0.1195770725607872,0.08107657730579376,-0.004084989428520203,-0.4794549345970154,-0.050854165107011795,0.21857936680316925,-0.008683448657393456,-0.006100185215473175,-0.09306846559047699,-0.08483181148767471,0.27693670988082886,-0.01808091625571251,0.017463499680161476,0.24731096625328064,0.11004539579153061,-0.08268122375011444,-0.02313467115163803,0.16087542474269867,0.008167433552443981,0.010792771354317665,0.07613641023635864,0.10363899171352386,0.41826963424682617,0.03503643721342087,0.12263228744268417,0.10039252042770386,-0.15806111693382263,-0.4128331243991852,0.2070566862821579,0.29129689931869507,-0.23628497123718262,0.10216283798217773,-0.09243950992822647,0.2632083296775818,0.8104583621025085,-0.26469945907592773,0.17509514093399048,0.266946405172348,-0.15916119515895844,0.32417556643486023,0.18919439613819122,-0.03314514085650444,0.073076993227005,0.23480749130249023,0.25171056389808655,-0.5170392990112305,-0.4742748737335205,0.3224099576473236,0.2925368845462799,0.17680540680885315,-0.03238477185368538,0.22236816585063934,-0.003290534019470215,-0.10901732742786407,-0.07650737464427948,0.1680348813533783,0.21823182702064514,0.14491137862205505,-0.025150662288069725,0.08348686993122101,-0.0646047294139862,0.4674268662929535,0.13333170115947723,0.4765198230743408,0.024307895451784134,-0.5414296388626099,0.010161852464079857,0.296713650226593,-0.20308537781238556,-0.04629646986722946,-0.009856495074927807,-0.11745772510766983,-0.12475822120904922,0.028137866407632828,-0.07671384513378143,-0.10177049785852432,0.04810907691717148,0.12246991693973541,-0.09452840685844421,0.01930614747107029,-0.22194281220436096,0.12289442867040634,0.07650317996740341,-0.04334382340312004,0.012757182121276855,0.12447251379489899,-0.258659303188324,-0.3427143692970276,0.1600697934627533,-0.11501415818929672,0.20363064110279083,-0.16229179501533508,0.7913094758987427,0.03293316811323166,-0.4154430031776428,0.06570110470056534,-0.06961014866828918,0.05565537139773369,0.30096372961997986,0.032971784472465515,-0.15039539337158203,0.07256932556629181,0.1819169670343399,-0.42381802201271057,-0.16131463646888733,0.026880810037255287,-0.05618397146463394,-0.28259581327438354,0.4241255819797516,0.09084846824407578,0.1564023196697235,-0.08390358090400696,-0.0029562809504568577,-0.023974532261490822,-0.043560780584812164,-0.45523032546043396,0.174811452627182,-0.3320847451686859,-0.031532108783721924,-0.07044021785259247,0.08038882911205292,-0.18047074973583221,0.10658146440982819,0.47601017355918884,0.31368109583854675,0.1418267786502838,0.14245326817035675,0.0398455448448658,-0.06584975868463516,-0.2038859874010086,0.11280004680156708,0.40171557664871216,0.0471472404897213,0.05502123385667801,-0.22067523002624512,-0.10028691589832306,-0.17074939608573914,-0.07276926934719086,0.25781846046447754,0.07119058817625046,0.09840285778045654,-0.08871934562921524,-0.06092612072825432,-0.038014087826013565,0.03745210915803909,0.16943936049938202,0.24411869049072266,-0.03246144577860832,0.11378958076238632,0.002027499722316861,0.551737368106842,-0.568467378616333,-0.10373719781637192,-0.20300538837909698,-0.13467690348625183,-0.2776910364627838,0.2651759088039398,0.041662029922008514,-0.2986404299736023,-0.14828044176101685,0.04930043965578079,0.0723392516374588,-0.7759026288986206,-0.17529530823230743,0.24517571926116943,0.14407430589199066,0.18060611188411713,-0.23899054527282715,0.02553693577647209,0.09845282137393951
CID000003461,422,0.35918188095092773,0.0742952823638916,0.22565245628356934,0.7645206451416016,-0.5879212617874146,0.015415584668517113,0.09996628761291504,0.17449191212654114,-0.009760717861354351,0.39910054206848145,0.009376287460327148,-1.0659937858581543,-0.2431783229112625,0.23620355129241943,0.26767387986183167,0.40327468514442444,-0.15280279517173767,-0.2933529019355774,0.3865736722946167,-0.7002605199813843,0.29103371500968933,-0.4175707697868347,-0.12795360386371613,-1.0082566738128662,0.1236296072602272,-0.25428688526153564,0.23423722386360168,-0.16032448410987854,-0.19947020709514618,-0.17882797122001648,-0.19531302154064178,-0.10210436582565308,-0.01188273448497057,0.20097076892852783,-0.10244579613208771,0.13565804064273834,0.13091926276683807,0.26464128494262695,0.20444989204406738,-0.3586996793746948,-0.09195397049188614,-0.07386372238397598,0.13810482621192932,0.2975878417491913,0.05239509418606758,-0.12911778688430786,0.053352873772382736,0.00503592798486352,-0.05383765697479248,-0.3491614758968353,0.45936107635498047,-0.41563519835472107,-0.23966193199157715,-0.22618193924427032,-0.06360362470149994,-0.05516287684440613,0.7343513369560242,0.09309691190719604,1.8262821435928345,0.10578522831201553,0.054184842854738235,-0.4887075424194336,0.11460788547992706,0.03738629072904587,-0.11893343925476074,0.2503221929073334,-0.0887390598654747,-0.05007573962211609,-0.32063478231430054,0.008472392335534096,-0.035010963678359985,-0.12105540186166763,-0.011564074084162712,-0.4597390592098236,-0.12257806956768036,0.36729949712753296,0.09307549893856049,-0.18946079909801483,0.08939023315906525,-0.246723935008049,0.23214313387870789,-0.6531865000724792,-0.3160988688468933,-0.1935240626335144,0.27401071786880493,0.03604266047477722,0.15301834046840668,0.08295536041259766,-0.21706295013427734,-0.5627053380012512,-0.15352673828601837,-0.11432404816150665,0.04764196649193764,0.19656923413276672,0.19767716526985168,-0.5049142837524414,-0.08337490260601044,-0.13157644867897034,-0.2396327555179596,0.3154425024986267,-0.1462143361568451,-0.01826082542538643,-0.022595703601837158,0.3158164918422699,0.24029067158699036,0.28867191076278687,-0.1883394867181778,-0.27731361985206604,0.5795162916183472,0.18234014511108398,0.23907575011253357,0.15047073364257812,0.08330925554037094,-0.9716635942459106,-0.1739373654127121,0.033063143491744995,0.10416360944509506,0.16748186945915222,0.1604538857936859,-0.24965934455394745,1.0531518459320068,-1.168880581855774,0.33486372232437134,0.10636498779058456,-0.22350771725177765,0.37744811177253723,0.15644705295562744,-0.12501969933509827,0.2049597203731537,-0.01927371881902218,0.21806082129478455,-0.656546413898468,-0.43871378898620605,0.01025969348847866,0.06775309145450592,0.19784124195575714,0.1325402557849884,0.39505890011787415,0.030181551352143288,-0.03599175810813904,-0.04914321377873421,0.4370548725128174,-0.1304449737071991,0.37285375595092773,0.1856432408094406,0.006301221437752247,-0.18812201917171478,0.8008553385734558,-0.21395103633403778,0.042924169450998306,-0.36016732454299927,-0.48042696714401245,0.10171826183795929,0.27389174699783325,0.05812976881861687,-0.012603381648659706,-0.1347942054271698,-0.1463712751865387,0.10365661233663559,-0.026407470926642418,-0.1446046531200409,-0.1585063934326172,-0.05524350330233574,0.244072824716568,-0.12341015040874481,0.15584109723567963,0.052730537950992584,0.09204717725515366,0.2815813422203064,-0.1172081008553505,0.26938605308532715,0.39640724658966064,-0.16499009728431702,0.16410699486732483,0.08993043005466461,0.18671119213104248,-0.03357883542776108,-0.17764601111412048,0.696290135383606,0.32283303141593933,0.014128291979432106,-0.19235315918922424,-0.12238413095474243,0.19331000745296478,-0.21955187618732452,0.01728905364871025,0.058832574635744095,-0.15183356404304504,0.048922307789325714,-0.2390936315059662,-0.15556588768959045,-0.17383071780204773,-0.13386550545692444,-0.45637720823287964,0.003087487770244479,-0.07777722924947739,-0.2295306921005249,0.1653008908033371,0.25366586446762085,0.16653086245059967,-0.5389000177383423,-0.4995018541812897,0.01179265696555376,-0.10888513177633286,0.03877808898687363,0.04440486803650856,0.0024302899837493896,0.1658932864665985,0.5108124017715454,0.4765772223472595,0.404855877161026,-0.20904624462127686,-0.2170083075761795,0.04607868567109108,-0.023416345939040184,-0.16443806886672974,-0.11938109248876572,0.915945827960968,-0.06141128018498421,0.35124096274375916,-0.007871570065617561,-0.1412268429994583,0.03758098557591438,-0.3555648922920227,-0.16153225302696228,0.08271988481283188,-0.03182530403137207,-0.11917044967412949,-0.18825888633728027,0.026995360851287842,-0.09319446980953217,0.3678387701511383,0.5172625780105591,-0.08836232125759125,-0.08046088367700577,0.18852472305297852,0.4373273253440857,-0.16209198534488678,0.26684144139289856,-0.28744807839393616,-0.13844117522239685,-0.0423324890434742,-0.11361626535654068,0.010703861713409424,-0.008890676312148571,-0.26158642768859863,0.05159100145101547,0.4696989953517914,-0.8072546720504761,0.3250185549259186,0.3811822831630707,-0.14328518509864807,0.15500518679618835,-0.43189042806625366,0.1457233428955078,0.05550295114517212
CID000002156,423,-0.09723798930644989,-0.051425445824861526,-0.004141481127589941,0.4626995027065277,-0.3354399800300598,-0.13365113735198975,0.08052737265825272,0.2419406622648239,0.15898604691028595,0.23100504279136658,0.2486380636692047,0.11557130515575409,-0.03277929872274399,0.043642498552799225,-0.16854959726333618,-0.02123037353157997,-0.05284767225384712,-0.09321343153715134,0.012950596399605274,-0.6056315302848816,-0.04836554080247879,-0.34033918380737305,-0.08542396128177643,-0.8371536135673523,0.17492182552814484,0.14657554030418396,0.06588248908519745,-0.06286035478115082,0.08404971659183502,0.22856763005256653,-0.17379243671894073,0.11643221229314804,0.07860256731510162,-0.026877272874116898,0.029347887262701988,-0.08561839163303375,0.15369367599487305,0.19464322924613953,0.19920074939727783,-0.21639981865882874,0.06663984060287476,-0.13696244359016418,0.172885462641716,-0.2768518030643463,-0.18700739741325378,0.31725385785102844,0.1824561059474945,-0.002299506915733218,0.09610278904438019,-0.020004261285066605,0.31358087062835693,0.046165741980075836,-0.2245939075946808,0.020966583862900734,-0.06929518282413483,-0.12184815108776093,0.17460274696350098,0.06692054122686386,0.15687249600887299,0.03614196181297302,-0.03978037089109421,-0.09588988125324249,-0.15084512531757355,-0.03318837285041809,0.30846866965293884,0.24350619316101074,-0.16985401511192322,-0.140638068318367,-0.018877649679780006,-0.0758051946759224,0.1521882712841034,-0.051114000380039215,-0.2940637171268463,-0.5470966100692749,-0.14701534807682037,-0.01653074286878109,0.1167227253317833,0.06307031959295273,-0.11582113802433014,-0.0974871888756752,0.3113093674182892,-0.33996495604515076,-0.19440968334674835,-0.19158390164375305,0.13108143210411072,-0.09323631227016449,0.14355209469795227,0.06059621647000313,-0.019579818472266197,-0.6318039894104004,-0.09254635125398636,0.31906789541244507,-0.012205901555716991,-0.0431525781750679,-0.1254916489124298,-0.17914769053459167,-0.010817763395607471,-7.617473602294922e-05,0.14589886367321014,-0.07785224914550781,-0.26518332958221436,-0.07920210063457489,-0.14224666357040405,0.25430697202682495,0.08615847676992416,-0.08320701867341995,0.18177850544452667,0.25478655099868774,0.6817786693572998,-0.12455687671899796,-0.14098164439201355,0.15078309178352356,0.15552844107151031,-0.094693623483181,0.08578834682703018,0.1566433161497116,-0.20604176819324493,-0.07425135374069214,-0.043010372668504715,0.3285427689552307,0.6639420986175537,-0.27049511671066284,0.36401957273483276,0.21551449596881866,0.14840051531791687,0.1826411783695221,0.052936483174562454,0.04406975954771042,0.1779552400112152,0.10440623760223389,0.056206900626420975,-0.43789950013160706,-0.3838624060153961,0.007642327342182398,0.2449687421321869,0.050781287252902985,0.12494206428527832,0.18019405007362366,-0.25290244817733765,-0.29144951701164246,0.01599837839603424,-0.03460339084267616,0.08484618365764618,0.06344536691904068,0.02921762689948082,0.16263946890830994,0.052031029015779495,0.41658681631088257,0.26908284425735474,0.24379822611808777,0.10866035521030426,-0.386049747467041,-0.288735032081604,0.06766140460968018,-0.19120825827121735,0.03256867080926895,-0.0929727628827095,-0.13316935300827026,0.14776098728179932,0.22186312079429626,-0.032724689692258835,0.10871712863445282,-0.1364743560552597,0.11677919328212738,-0.034146469086408615,-0.2459801733493805,0.036444440484046936,-0.09428425133228302,-0.0742226243019104,0.2486565113067627,0.041318852454423904,-0.19408074021339417,-0.21089677512645721,-0.3648950457572937,0.13577933609485626,-0.12050078809261322,0.11903254687786102,-0.14838698506355286,0.3591342568397522,-0.11557932198047638,0.062300048768520355,0.07119844853878021,-0.05998272821307182,-0.055075060576200485,-0.05191759392619133,0.18297067284584045,-0.08848372846841812,-0.1126275509595871,-0.0024917423725128174,-0.33056342601776123,0.18854789435863495,-0.06973375380039215,0.11738590896129608,-0.10831036418676376,0.15666498243808746,-0.03865298628807068,-0.07920122891664505,0.05300337076187134,0.010785301215946674,0.021113568916916847,0.017509417608380318,-0.3889971375465393,-0.12323099374771118,-0.27646708488464355,-0.10671548545360565,-0.11838492006063461,-0.05233490467071533,-0.0005750179407186806,-0.04042947664856911,0.5465648770332336,0.26587924361228943,-0.0903504490852356,0.22635743021965027,0.07825306057929993,0.19354970753192902,-0.004270764999091625,-0.04663844034075737,0.2676650881767273,0.030135447159409523,-0.08093415200710297,-0.12586739659309387,-0.11308245360851288,-0.002077758312225342,-0.19085781276226044,0.049220405519008636,0.001002538250759244,-0.13002464175224304,-0.03929557651281357,-0.09367165714502335,-0.28082704544067383,-0.054213523864746094,0.14647173881530762,0.10319459438323975,-0.014664649963378906,-0.014114663004875183,-0.1555231809616089,0.31022247672080994,-0.4325788617134094,0.04269377142190933,-0.18983176350593567,-0.055217940360307693,-0.4316694140434265,0.15831418335437775,0.2141377478837967,-0.26118916273117065,-0.021063661202788353,0.09336674213409424,0.07758353650569916,-0.6706749796867371,-0.10827960073947906,0.2875242829322815,-0.2772113084793091,-0.007545667700469494,-0.3421933948993683,0.10672833770513535,0.11506322771310806
CID000005651,424,0.18921923637390137,0.026458997279405594,0.22136381268501282,0.7008246183395386,-0.5044463276863098,0.07018593698740005,0.17976267635822296,0.2913185954093933,-0.09411600977182388,0.25051820278167725,-0.08598991483449936,-0.31746524572372437,-0.009449794888496399,0.23607110977172852,-0.13562710583209991,0.2263737916946411,0.1182885393500328,-0.06945756077766418,-0.005081952549517155,-0.5453794002532959,-0.08853477984666824,-0.4393251836299896,-3.378838300704956e-05,-0.9414186477661133,-0.0952974408864975,0.18620474636554718,-0.027899617329239845,-0.025196829810738564,0.015050193294882774,0.10441961139440536,-0.08015250414609909,0.13878385722637177,0.0019494190346449614,-0.029599254950881004,0.08455438911914825,-0.012441882863640785,0.07820750027894974,0.3107636570930481,-0.06507586687803268,-0.2898845076560974,0.03080333210527897,0.22025266289710999,0.10543747246265411,-0.07399996370077133,-0.18929621577262878,0.22470135986804962,-0.0563814640045166,-0.006897270679473877,-0.043347232043743134,0.26684677600860596,0.5296270251274109,0.07355009019374847,-0.18899528682231903,-0.09147872030735016,-0.09160356223583221,0.11759831756353378,0.062039367854595184,0.10478413105010986,0.20500585436820984,-0.09990881383419037,-0.12957188487052917,-0.43315058946609497,0.029992645606398582,-0.1380993276834488,0.0460328571498394,0.3886510133743286,-0.30284783244132996,0.015648718923330307,0.1916525810956955,-0.03892456740140915,0.01278437115252018,0.03007926419377327,-0.26866161823272705,-0.3254968822002411,-0.22801141440868378,0.16235777735710144,0.08512803912162781,0.008079007267951965,-0.10183040797710419,-0.04997328296303749,0.31865736842155457,-0.39302319288253784,-0.291292279958725,-0.04161658138036728,0.0156755018979311,0.19586417078971863,0.05325653403997421,0.2267046421766281,0.0719289556145668,-0.5002897381782532,-0.0886148065328598,0.179773211479187,-0.06366860121488571,-0.022202450782060623,-0.10863465070724487,-0.11950956284999847,0.26900240778923035,0.021072030067443848,0.03716203570365906,0.11046763509511948,0.08046946674585342,0.007302790880203247,-0.015960879623889923,0.1349153220653534,0.03733379393815994,-0.09009907394647598,0.11249269545078278,-0.09369312971830368,0.4044760763645172,0.005066978745162487,0.0644577294588089,0.13032689690589905,-0.13783608376979828,-0.3468659520149231,0.23285269737243652,0.24717263877391815,-0.22423355281352997,0.09330423176288605,0.02037622034549713,0.2266116440296173,0.7851112484931946,-0.3567236661911011,0.16939468681812286,0.2118133008480072,-0.2711232304573059,0.27638527750968933,0.10647262632846832,-0.13861802220344543,0.12184496223926544,0.17604932188987732,0.22843703627586365,-0.5846312046051025,-0.5414860844612122,0.17653901875019073,0.10410606861114502,0.13766330480575562,0.0020141794811934233,0.26741641759872437,0.18902850151062012,-0.09973607212305069,-0.11216616630554199,0.11009837687015533,0.14803366363048553,0.13574829697608948,0.06730388104915619,0.1700790673494339,-0.1734285056591034,0.5466203689575195,0.08089036494493484,0.455437034368515,0.06031259149312973,-0.5105599164962769,-0.15648558735847473,0.1163005381822586,-0.11589644849300385,-0.11526639759540558,0.06999893486499786,-0.07272213697433472,-0.13043448328971863,0.07509883493185043,0.02539924904704094,-0.07231129705905914,-0.01213921420276165,0.10450907796621323,-0.20224595069885254,0.15845142304897308,-0.18287043273448944,0.16315089166164398,0.08635080605745316,-0.057943783700466156,0.07096792757511139,0.048854224383831024,-0.10839085280895233,-0.10363464057445526,0.18269024789333344,-0.11121853440999985,0.18085162341594696,-0.07741756737232208,0.7775636911392212,-0.09131871908903122,-0.3229638338088989,0.02620873413980007,-0.09697766602039337,-0.05237776041030884,0.16698944568634033,-0.2221548855304718,-0.001341104507446289,0.01702829822897911,0.08597616106271744,-0.3763326406478882,-0.029751654714345932,0.1492077112197876,0.05704053118824959,-0.304985910654068,0.3218509256839752,0.18241581320762634,0.08177268505096436,-0.015839528292417526,-0.0713094174861908,-0.13482162356376648,0.07316911965608597,-0.4201514720916748,0.05940002202987671,-0.3750033378601074,-0.06730389595031738,-0.1492898166179657,0.1858299970626831,-0.07857359945774078,0.0008567912736907601,0.4991663992404938,0.3156464397907257,-0.018128013238310814,0.27931302785873413,-0.0193432979285717,0.05731767416000366,-0.18298932909965515,0.0492454394698143,0.4121538996696472,0.12253978103399277,0.19630002975463867,-0.21094198524951935,0.034421276301145554,-0.04824287071824074,-0.09608703851699829,0.23017573356628418,0.06137310341000557,0.06508312374353409,-0.12903189659118652,0.0077931880950927734,0.0300440676510334,-0.06516693532466888,0.13519708812236786,0.22863975167274475,-0.08143512904644012,0.08472297340631485,0.11741027981042862,0.5741004943847656,-0.4159160256385803,-0.0199909470975399,-0.1920386254787445,0.03883950039744377,-0.15679322183132172,0.172096386551857,0.11100649833679199,-0.22505402565002441,-0.11555174738168716,-0.0264626145362854,0.060991257429122925,-0.6417483687400818,-0.07744689285755157,0.2214588224887848,-0.12658263742923737,0.29181116819381714,-0.3162030577659607,-0.038741253316402435,0.1169847622513771
CID003002190,425,0.17130830883979797,0.06147773191332817,0.18864181637763977,0.6562171578407288,-0.5268199443817139,0.05292033031582832,0.13899272680282593,0.313986599445343,-0.07155599445104599,0.2485322654247284,-0.1680537611246109,-0.313456654548645,-0.1399124562740326,0.2814965844154358,-0.09903432428836823,0.1860569417476654,0.16551491618156433,-0.08657620847225189,0.018058430403470993,-0.5126975774765015,-0.0875280350446701,-0.38448765873908997,0.09076188504695892,-0.8544397354125977,-0.0005843192338943481,0.10512164980173111,-0.0870727077126503,-0.06830459088087082,-0.07676985114812851,0.14079800248146057,-0.10802122205495834,0.11964261531829834,0.01435552816838026,-0.1209028959274292,0.12177014350891113,-0.06802984327077866,0.053972940891981125,0.2769167423248291,-0.12158241122961044,-0.32705846428871155,-0.00578084122389555,0.12932100892066956,0.1410149335861206,0.009501099586486816,-0.15847298502922058,0.19306473433971405,-0.08865679800510406,-0.017777640372514725,-0.04624616354703903,0.2934311032295227,0.4738103747367859,0.08949447423219681,-0.312825471162796,-0.12318257987499237,-0.13009682297706604,0.11222109943628311,0.0467633381485939,0.04811931774020195,0.2005661427974701,-0.08123636245727539,-0.11615549027919769,-0.4134446084499359,0.001721584820188582,-0.1977049559354782,0.029264073818922043,0.4137611389160156,-0.2743520438671112,0.002955019474029541,0.3020118176937103,-0.08410312235355377,-0.07190517336130142,0.06533117592334747,-0.19472479820251465,-0.3669319450855255,-0.26557600498199463,0.17988507449626923,0.10037381947040558,-0.003976583946496248,-0.08668099343776703,-0.08788398653268814,0.26108482480049133,-0.3346595764160156,-0.28005966544151306,-0.08748560398817062,0.11177041381597519,0.08882186561822891,-0.007715853862464428,0.3068484663963318,0.12843939661979675,-0.4346490502357483,-0.06274261325597763,0.202478289604187,-0.07847090065479279,-0.14012697339057922,-0.06442717462778091,-0.12609180808067322,0.22379930317401886,-0.01816149428486824,0.00294954190030694,0.02744344435632229,0.014069611206650734,-0.09728363901376724,-0.031153524294495583,0.13423492014408112,0.07034363597631454,-0.05259539932012558,0.1909884363412857,-0.19596251845359802,0.3892275393009186,-0.023889005184173584,0.06537880748510361,0.16765443980693817,-0.0739942267537117,-0.3532770872116089,0.2870817184448242,0.34109553694725037,-0.18699012696743011,0.06952010840177536,0.010318785905838013,0.23751087486743927,0.736598014831543,-0.3534485697746277,0.14247523248195648,0.3364105224609375,-0.2760466933250427,0.3465603291988373,0.07584905624389648,-0.18827888369560242,0.0989837795495987,0.1807096153497696,0.15436992049217224,-0.5508057475090027,-0.5612673759460449,0.15125958621501923,0.12920361757278442,0.22275260090827942,0.03805011138319969,0.27405545115470886,0.2304600179195404,-0.04283086955547333,-0.14317885041236877,0.11929676681756973,0.14011642336845398,0.15102919936180115,-0.05474066734313965,0.12033228576183319,-0.20208792388439178,0.5165899991989136,0.05574047565460205,0.422219842672348,0.13250215351581573,-0.5235828757286072,-0.17876669764518738,-0.01815609261393547,-0.1052251085639,-0.09762462228536606,0.05529611557722092,-0.10061224550008774,-0.06527151167392731,0.08511201292276382,0.0257584098726511,0.08868227154016495,-0.03828006982803345,0.048560261726379395,-0.2506176829338074,0.11315222829580307,-0.17548313736915588,0.010616283863782883,0.06145520135760307,0.08676285296678543,0.03402863070368767,0.05849785730242729,-0.1848737746477127,-0.15658043324947357,0.14994771778583527,-0.1018199473619461,0.16182498633861542,-0.0761122778058052,0.7669669389724731,-0.11466379463672638,-0.3359738886356354,0.010229931212961674,-0.09786500781774521,0.029143106192350388,0.15416543185710907,-0.14710280299186707,0.03221933916211128,-0.0020259381271898746,0.2164636105298996,-0.38600724935531616,0.005436623003333807,0.25556880235671997,0.16179338097572327,-0.2126816213130951,0.31015825271606445,0.12118737399578094,0.10135561227798462,-0.013343477621674538,-0.026890164241194725,-0.16272923350334167,0.00723221292719245,-0.4525853991508484,0.03792962804436684,-0.32622551918029785,-0.07782050222158432,-0.058539021760225296,0.10631953179836273,-0.10322266817092896,0.021928096190094948,0.5129122138023376,0.2776142358779907,-0.0073403241112828255,0.29277002811431885,-0.015530338510870934,0.15718291699886322,-0.13283856213092804,0.18682387471199036,0.40089479088783264,0.08789725601673126,0.17780205607414246,-0.2802813649177551,0.11497388035058975,-0.0509568527340889,-0.08757247030735016,0.1829526126384735,0.06743097305297852,0.0595952644944191,-0.16058187186717987,-0.08480286598205566,-0.023741936311125755,-0.00014432371244765818,0.08409927040338516,0.3088609576225281,-0.09751087427139282,0.12109556049108505,0.1967199444770813,0.5455688238143921,-0.4330584406852722,0.006796303205192089,-0.18790438771247864,-0.024156101047992706,-0.13941222429275513,0.25528648495674133,0.2250526249408722,-0.257365882396698,-0.14807283878326416,-0.04267235845327377,0.012325760908424854,-0.6180101633071899,-0.11498011648654938,0.20934975147247314,-0.11469326168298721,0.2925755977630615,-0.2587188184261322,-0.068435437977314,0.2172081470489502
CID005311048,428,0.1811712682247162,-0.36970576643943787,-0.04835914820432663,0.2488207370042801,-0.43693938851356506,0.016989046707749367,0.22816093266010284,0.16396906971931458,0.16147854924201965,0.17251989245414734,0.41718849539756775,-0.5309232473373413,-0.07400409132242203,0.30748939514160156,0.014694130048155785,0.1708303689956665,-0.11628246307373047,-0.09902043640613556,0.1674763262271881,-0.5299259424209595,0.20749664306640625,-0.00746516976505518,-0.032580532133579254,-0.9828464388847351,0.21613773703575134,0.1984861195087433,0.1505054533481598,-0.10812056064605713,0.08515717834234238,0.28727060556411743,-0.00979162473231554,0.13197508454322815,0.13883841037750244,-0.061122119426727295,0.027309153228998184,-0.41843757033348083,-0.01097416877746582,0.40992242097854614,-0.02225896157324314,0.17343130707740784,-0.025713548064231873,0.023484792560338974,0.024232907220721245,-0.11672339588403702,-0.023552143946290016,0.05066520720720291,0.05977349355816841,0.12537455558776855,-0.025080149993300438,0.12364621460437775,0.318777859210968,-0.14895658195018768,-0.05451728031039238,-0.010766791179776192,0.09894387423992157,0.1173320785164833,0.6623659729957581,0.08660054206848145,0.9982318878173828,-0.043464552611112595,-0.04182314872741699,-0.6177653074264526,-0.21268442273139954,0.029920607805252075,-0.028605347499251366,0.3036051392555237,-0.2817925810813904,0.06720142066478729,0.1510801762342453,-0.03489040583372116,0.1181061863899231,-0.03555396944284439,-0.34601694345474243,-0.6097316741943359,-0.2687780261039734,0.3580875098705292,0.036961037665605545,0.20115885138511658,0.16411155462265015,0.06503741443157196,0.4949073791503906,-0.3811379075050354,-0.4642055034637451,0.036492712795734406,-0.2740958631038666,-0.1449701488018036,0.20012927055358887,0.20944590866565704,0.05537959188222885,-0.7263675332069397,-0.2642594277858734,0.24208740890026093,-0.048005226999521255,-0.21459528803825378,0.0648922473192215,-0.3308221697807312,-0.02208421193063259,0.09121154248714447,-0.06979038566350937,0.2729426920413971,-0.12755651772022247,-0.08161410689353943,0.22540993988513947,0.2690178453922272,0.04047346115112305,-0.05610644072294235,0.008969482965767384,-0.09381281584501266,0.5186936259269714,-0.0923876166343689,0.10371454805135727,0.19429339468479156,-0.03292877599596977,-0.10318305343389511,-0.20263037085533142,0.2675035893917084,-0.23840245604515076,-0.0919528603553772,0.19478324055671692,0.2562382221221924,0.6263858079910278,-0.3003121316432953,0.31320926547050476,0.023878615349531174,-0.3927422761917114,0.23817436397075653,-0.024416284635663033,-0.08600635826587677,0.4334316849708557,0.27097901701927185,0.016253381967544556,-0.5350942015647888,-0.3804967999458313,-0.011738133616745472,0.24213257431983948,0.1202014833688736,-0.05966387316584587,0.5603824257850647,-0.4538625180721283,-0.24940118193626404,0.009865772910416126,0.20779681205749512,-0.12244753539562225,-0.0702233761548996,0.11541108787059784,0.35184258222579956,-0.35802167654037476,0.4654175639152527,-0.03744649142026901,-0.03990676999092102,-0.1460386961698532,-0.11395154148340225,-0.17714624106884003,0.27408915758132935,0.0030466869939118624,-0.14568069577217102,-0.027736399322748184,-0.2948448956012726,-0.06336958706378937,0.11725074052810669,-0.09546367079019547,0.11146584898233414,0.007764053530991077,-0.2180737555027008,-0.04394633322954178,0.15595866739749908,-0.044433075934648514,0.17429301142692566,-0.03441581130027771,-0.2444816529750824,-0.005020773503929377,-0.08035863935947418,0.07769395411014557,0.023180095478892326,0.00946282409131527,0.20225293934345245,-0.2613193988800049,-0.2749406397342682,0.607446551322937,0.29602885246276855,0.1423569917678833,-0.07333366572856903,-0.15129631757736206,-0.033959969878196716,0.09879050403833389,0.047279201447963715,0.02398991398513317,0.14654794335365295,0.11392682790756226,-0.24790897965431213,0.11531396955251694,-0.035788655281066895,-0.011368048377335072,-0.2094379961490631,0.17022377252578735,0.10691739618778229,-0.20774579048156738,0.0009993016719818115,0.2537900507450104,0.032734464854002,0.17034925520420074,-0.5322173237800598,0.04676276817917824,-0.25271743535995483,0.08230875432491302,-0.21027126908302307,-0.2836793065071106,-0.022204887121915817,0.07540217787027359,0.33992519974708557,0.4696961045265198,0.033214014023542404,0.24645760655403137,-0.029956191778182983,0.1178915724158287,-0.3051508069038391,0.25055766105651855,0.18820853531360626,0.090769462287426,0.6736394166946411,0.27372971177101135,-0.0027285218238830566,0.10741982609033585,-0.44850388169288635,-0.04006078839302063,-0.02862193062901497,0.17068782448768616,-0.4074561595916748,-0.004372268915176392,-0.08768273890018463,-0.12926514446735382,-0.2129630595445633,0.0870063528418541,0.06793030351400375,0.04052799940109253,0.26039981842041016,0.6404222249984741,-0.8798822164535522,0.18149927258491516,-0.028228124603629112,0.07259579002857208,-0.7119247317314148,-0.18481920659542084,0.6042758822441101,-0.05284120514988899,-0.011753194034099579,-0.09879463911056519,-0.13600404560565948,-0.5503384470939636,-0.4775856137275696,0.36899393796920776,-0.2972024083137512,0.21487756073474884,-0.1632017195224762,0.1340600550174713,-0.17329701781272888
CID000003741,435,0.22489316761493683,-0.324515700340271,0.07765026390552521,0.5638697147369385,-0.3603285551071167,0.11320177465677261,0.060667239129543304,0.2948690950870514,-0.05912994593381882,0.026996422559022903,0.15602032840251923,-0.3840370178222656,-0.022449249401688576,0.29320093989372253,0.12941479682922363,0.2284708321094513,-0.23835115134716034,0.15976257622241974,-0.47821393609046936,-0.5878151059150696,-0.1090642660856247,-0.1418120563030243,0.2067091017961502,-0.9764790534973145,0.29120615124702454,0.33923086524009705,0.18537968397140503,-0.0749034732580185,-0.03143658861517906,0.16236436367034912,-0.14643843472003937,0.021580282598733902,-0.032872963696718216,-0.10439157485961914,-0.269578218460083,0.05133240297436714,-0.29739052057266235,0.2719680964946747,-0.08948296308517456,-0.035534899681806564,-0.025902774184942245,-0.11379341781139374,-0.41174498200416565,-0.07549552619457245,0.14643898606300354,0.1919017732143402,0.23616079986095428,0.15421049296855927,0.01517487596720457,-0.07368077337741852,0.4791324734687805,0.103971466422081,0.01993817649781704,0.10762874782085419,-0.2090628445148468,-0.004537895321846008,0.12492635101079941,-0.18329498171806335,0.7267271280288696,-0.05783978849649429,-0.2138928472995758,-0.2691652774810791,0.05304490402340889,0.048548534512519836,-0.004282122012227774,0.4572227895259857,-0.36995047330856323,-0.2820669114589691,0.17100082337856293,0.14781546592712402,-0.13335269689559937,0.4046684801578522,0.03586699441075325,-0.07871957123279572,-0.49126967787742615,0.1869809329509735,0.09348790347576141,-0.0392843559384346,-0.0875735729932785,-0.1421213448047638,0.6135135889053345,-0.4568127691745758,-0.3744428753852844,-0.07678896188735962,0.09081743657588959,-0.23526155948638916,0.48867568373680115,-0.047599274665117264,0.07661405950784683,-0.7672368288040161,-0.4302704930305481,0.2807312607765198,0.37542277574539185,0.4589104652404785,-0.005973613355308771,-0.2822277545928955,-0.04060206934809685,-0.0650244727730751,0.21784646809101105,0.7133046388626099,0.32816970348358154,0.037965185940265656,0.06952430307865143,0.25214797258377075,0.10186596214771271,-0.18221628665924072,0.020813483744859695,0.04825180023908615,0.5211840271949768,0.5144816040992737,-0.26817798614501953,0.30439144372940063,0.02924114465713501,0.21766500174999237,-0.06730049103498459,0.2600744366645813,0.03125361353158951,-0.009417516179382801,0.05962152034044266,0.14039893448352814,0.7601973414421082,-3.7211179005680606e-05,0.2539960443973541,0.06976194679737091,-0.37790828943252563,0.18301835656166077,-0.07882219552993774,-0.4828285574913025,0.5287389755249023,0.2708875834941864,0.20854780077934265,-0.6341626048088074,-0.39496126770973206,0.1061551421880722,0.09713003784418106,-0.26727378368377686,0.0441628023982048,-0.048675645142793655,-0.18134555220603943,-0.41448020935058594,-0.14276382327079773,0.3663855791091919,-0.19713082909584045,-0.00440272456035018,0.10478243976831436,0.639789879322052,0.39805635809898376,0.567182719707489,0.16244812309741974,0.000839616812299937,-0.008056199178099632,-0.5894060730934143,-0.24436458945274353,0.3795396685600281,0.007234895136207342,0.06287796795368195,-0.03461777791380882,-0.235062837600708,0.11057009547948837,-0.0547868013381958,-0.0740237906575203,0.14966073632240295,0.29191288352012634,0.07866152375936508,0.12625789642333984,0.019746016710996628,-0.1451355665922165,0.13061551749706268,0.12264398485422134,0.05270925164222717,-0.4954887926578522,-0.3186899721622467,-0.32649514079093933,-0.054249029606580734,0.19539116322994232,-0.1344485580921173,-0.0035631447099149227,-0.3722738027572632,0.8169676661491394,0.03151952102780342,0.013806688599288464,0.1530180275440216,0.07148545980453491,0.0655311644077301,0.46373504400253296,-0.09420348703861237,-0.601368248462677,-0.0954231396317482,0.14243613183498383,-0.4508447051048279,-0.12631380558013916,-0.17078770697116852,-0.07610776275396347,-0.3154298663139343,0.14699788391590118,-0.1971234828233719,0.5505539178848267,0.006410402245819569,0.1477711945772171,-0.3452286124229431,-0.6122905611991882,-0.2052546739578247,0.002096878830343485,-0.46511727571487427,-0.10317512601613998,-0.1420888602733612,-0.1454906314611435,0.11820782721042633,0.04469335451722145,0.5003561973571777,0.4445851743221283,-0.003470404539257288,0.1267375648021698,0.3852870762348175,-0.02914937399327755,-0.5887741446495056,-0.13867655396461487,0.343974232673645,-0.4243381917476654,-0.03466060385107994,0.16540268063545227,-0.5518326759338379,-0.10317263752222061,-0.23160123825073242,0.10661293566226959,-0.08623392879962921,-0.0817742720246315,-0.10468907654285431,0.42810648679733276,-0.08220028877258301,0.04266627877950668,-0.0444636344909668,0.15434002876281738,0.1389109194278717,0.07340583205223083,-0.042258370667696,0.5081616044044495,-0.04970927909016609,0.30146318674087524,-0.14677666127681732,-0.10508344322443008,-1.0923058986663818,0.07224921882152557,0.32985901832580566,-0.14172112941741943,-0.03575259819626808,-0.15359321236610413,0.2374403029680252,-0.8005838394165039,-0.3102564215660095,0.15536819398403168,0.044009365141391754,0.2696164846420288,-0.5304983854293823,0.2013958990573883,0.5088379383087158
CID000005408,436,0.056784845888614655,-0.0004856623709201813,0.044288262724876404,0.4154047966003418,-0.23710313439369202,0.37704163789749146,0.02611103095114231,0.6023491621017456,-0.07362689077854156,0.2952386140823364,-0.15349538624286652,-0.15437939763069153,-0.2188054770231247,0.32382386922836304,-0.26300743222236633,-0.09871459007263184,-0.015110423788428307,0.1081380695104599,0.501567006111145,-0.5933059453964233,0.26901865005493164,-0.33679455518722534,0.06322882324457169,-0.7750037312507629,0.423300564289093,0.2525154650211334,-0.2711312174797058,-0.12192390114068985,-0.11943534761667252,0.19017446041107178,0.2354227751493454,0.4923941493034363,-0.03625404089689255,-0.11855431646108627,0.15526466071605682,-0.11503014713525772,0.4023779332637787,0.09237772226333618,0.47277307510375977,-0.258933424949646,0.0135319409891963,0.001989376498386264,0.2633058428764343,-0.4604188799858093,0.03576130419969559,0.27389127016067505,-0.006929728202521801,-0.14713867008686066,-0.11630389839410782,-0.09003772586584091,0.5384702086448669,0.32601651549339294,-0.38436269760131836,-0.009353299625217915,0.16906431317329407,-0.09984512627124786,0.015504861250519753,0.23432040214538574,0.1288398951292038,0.3186870217323303,-0.3310004770755768,-0.15125645697116852,-0.08119262754917145,-0.15359097719192505,0.33732300996780396,0.573779284954071,-0.05434766411781311,-0.021713966503739357,0.06594280898571014,-0.0008548364276066422,0.3480980396270752,-0.16592925786972046,-0.4187951982021332,-0.5077665448188782,-0.3413444459438324,0.03874845802783966,0.2026510238647461,0.17494431138038635,-0.008379565551877022,0.23489144444465637,0.044504620134830475,-0.34342604875564575,-0.2654273211956024,0.092864029109478,0.20537948608398438,0.0399249903857708,-0.09189625829458237,0.5639312267303467,0.06710435450077057,-0.5803396701812744,0.2072588950395584,0.3429393172264099,0.10169919580221176,-0.20854680240154266,-0.28713586926460266,-0.6245745420455933,-0.24445931613445282,-0.33332687616348267,-0.21093730628490448,-0.015850242227315903,-0.23626640439033508,0.05872436612844467,-0.012911093421280384,0.5110881328582764,0.03486572578549385,0.031420279294252396,0.1312042772769928,0.2900264263153076,0.3856939375400543,0.2558841109275818,-0.05619858577847481,0.1865764856338501,-0.014968952164053917,-0.02982426807284355,0.09201149642467499,0.1424945592880249,-0.18431779742240906,-0.11659926176071167,-0.18490538001060486,0.5669426918029785,0.4656018316745758,-0.27016308903694153,0.2767641544342041,0.31135332584381104,-0.29094791412353516,-0.07987262308597565,0.13915394246578217,0.09487435966730118,0.6654190421104431,0.03010152280330658,0.08009372651576996,-0.41886645555496216,-0.26581379771232605,0.42159685492515564,0.2069970667362213,-0.030600953847169876,-0.16814211010932922,0.26620206236839294,0.033691324293613434,-0.30763763189315796,-0.14198103547096252,0.34868577122688293,0.08088871091604233,-0.08850666880607605,-0.05967743322253227,0.47305721044540405,-0.5914221405982971,0.3400893807411194,-0.2488982379436493,0.19665248692035675,0.139265775680542,-0.2794745862483978,-0.49999094009399414,0.043441105633974075,0.003291717264801264,-0.038808904588222504,-0.012569521553814411,-0.28347745537757874,-0.218457892537117,0.4403635561466217,-0.23651981353759766,-0.0015471443766728044,-0.13959570229053497,-0.10606388002634048,-0.1688229739665985,-0.2505285143852234,-0.06410648673772812,0.22372408211231232,-0.11329323053359985,0.07858094573020935,0.20204587280750275,-0.3770890235900879,-0.0711044892668724,-0.2735859155654907,0.0017811923753470182,-0.00401640310883522,0.04642104357481003,-0.3383707106113434,0.3960910141468048,-0.38173454999923706,-0.12068972736597061,0.08840687572956085,-0.35197126865386963,-0.09581094980239868,0.3480508625507355,0.37300118803977966,-0.2896597385406494,-0.18787749111652374,0.006077015306800604,-0.3736726641654968,-0.1346552073955536,0.07704342901706696,0.32560792565345764,-0.07770172506570816,0.005676388740539551,-0.07530351728200912,0.08557238429784775,-0.04696943983435631,-0.17059080302715302,0.002477897796779871,0.08722221851348877,-0.5720005631446838,0.0180375836789608,-0.32614806294441223,-0.06747626513242722,0.06820711493492126,0.0036972358357161283,-0.3290765881538391,0.424553781747818,0.6025850772857666,0.29374054074287415,0.037270281463861465,0.46736010909080505,-0.03147398307919502,0.549888551235199,-0.2354024350643158,0.18762412667274475,0.20139601826667786,0.11605049669742584,-0.034814804792404175,0.13588333129882812,0.27304965257644653,-0.3525354266166687,-0.5684353113174438,-0.3412456214427948,-0.35798242688179016,0.30195122957229614,-0.8887591361999512,-0.18886612355709076,0.04734838753938675,-0.04819006845355034,-0.015303641557693481,0.25577807426452637,0.18978047370910645,0.11061850935220718,-0.2061382234096527,0.2736912667751312,-0.3621833324432373,0.08989159762859344,-0.2619348168373108,-0.22577247023582458,-0.7549053430557251,-0.02251644991338253,0.13058504462242126,0.01471311878412962,-0.11189879477024078,0.08377785980701447,-0.4079686999320984,-0.6069124937057495,-0.04311184212565422,0.42336034774780273,-0.17353712022304535,0.11785745620727539,-0.08159478008747101,0.008815845474600792,-0.03867308422923088
CID000003168,437,0.023928184062242508,-0.03258701413869858,-0.11876001209020615,0.39510631561279297,-0.4214203357696533,0.14935877919197083,0.3377458453178406,0.2318952977657318,0.1361900120973587,0.2918172776699066,0.19112226366996765,0.125151127576828,0.04043075069785118,0.10150909423828125,-0.15436360239982605,-0.10625110566616058,-0.14181891083717346,-0.14538118243217468,0.14671429991722107,-0.3955940902233124,-0.09227987378835678,-0.18233045935630798,-0.033400315791368484,-0.8793413043022156,0.16775041818618774,0.018211033195257187,-0.08846787363290787,0.07536233216524124,-0.016776639968156815,0.007426634430885315,-0.05751488357782364,0.1457216441631317,0.08666570484638214,0.18536517024040222,0.06305530667304993,-0.1285361349582672,0.22386059165000916,-0.021144766360521317,0.15014611184597015,-0.23226459324359894,-0.028538931161165237,-0.40862947702407837,0.23382632434368134,-0.18886619806289673,-0.15275245904922485,0.47916746139526367,0.11932198703289032,-0.005013122223317623,0.09080676734447479,0.011470222845673561,0.22708861529827118,0.16216561198234558,-0.2522563338279724,0.018016260117292404,0.0943964347243309,-0.12568165361881256,-0.12836380302906036,0.08057316392660141,0.013611959293484688,-0.13081470131874084,-0.08849312365055084,-0.2235274314880371,-0.20153293013572693,0.07721467316150665,0.2388509064912796,0.36646702885627747,-0.07643882930278778,-0.02971748076379299,0.2209014892578125,0.009638014249503613,0.18248781561851501,0.1455504298210144,-0.254745751619339,-0.37567752599716187,-0.1417711228132248,0.1026347428560257,0.1291140466928482,0.144110769033432,-0.17940600216388702,-0.09727780520915985,-0.04744315147399902,-0.46447640657424927,-0.2589423358440399,0.022423062473535538,0.1578117311000824,-0.15130829811096191,0.11869518458843231,0.01937585137784481,0.08173586428165436,-0.6367462873458862,-0.05435897782444954,0.19121374189853668,0.0156585481017828,0.036555059254169464,-0.0030426145531237125,-0.21628251671791077,-0.007719186134636402,0.11243698745965958,-0.005264126695692539,-0.027361219748854637,-0.19331452250480652,-0.09454218298196793,-0.11773160845041275,0.31427398324012756,0.20140857994556427,0.02457256242632866,-0.011022021993994713,0.29244205355644226,0.509568989276886,-0.07817284017801285,-0.1465074121952057,0.1254684031009674,-0.2018941193819046,-0.09071449190378189,-0.02235422097146511,0.1298922747373581,-0.11839089542627335,0.01714182272553444,-0.10886751115322113,0.12715554237365723,0.6175669431686401,-0.1896962970495224,0.17658661305904388,0.2357085943222046,0.038091011345386505,0.17110180854797363,0.05688789486885071,0.07137861102819443,0.20382094383239746,0.05936676263809204,-0.037105292081832886,-0.4158999025821686,-0.4437083601951599,0.19783951342105865,0.3445986211299896,-0.04857582598924637,0.038920752704143524,0.1848878264427185,-0.21641424298286438,-0.1569642722606659,-0.10484347492456436,0.10965273529291153,0.0009242918458767235,-0.0781346932053566,-0.057202231138944626,0.14785818755626678,-0.0935978889465332,0.30994877219200134,0.11682174354791641,0.13995805382728577,0.015925247222185135,-0.27993807196617126,-0.15073537826538086,0.1768503189086914,-0.3347696363925934,0.05223238468170166,-0.03465943783521652,0.002114498522132635,0.11810457706451416,0.22958020865917206,-0.006624461617320776,-0.1452883630990982,-0.06222475320100784,-0.054257482290267944,-0.08784870058298111,-0.1279025375843048,-0.14494967460632324,0.17447543144226074,-0.13213397562503815,0.2673508822917938,0.056955836713314056,-0.2076687514781952,-0.14838503301143646,-0.27654334902763367,0.0838560238480568,-0.09974269568920135,0.16641037166118622,-0.13134010136127472,0.3681669533252716,-0.07898072898387909,0.1183008924126625,0.037262383848428726,-0.135262131690979,-0.13480539619922638,0.08355893194675446,0.33365267515182495,-0.08977949619293213,0.11728451400995255,0.05691535398364067,-0.32054615020751953,0.138408362865448,-0.07771002501249313,0.10432777553796768,0.12178967148065567,0.1258910745382309,-0.13261038064956665,0.04070761054754257,0.12290595471858978,-0.08066356182098389,-0.017110399901866913,0.13448913395404816,-0.26942163705825806,-0.053962480276823044,-0.283935010433197,-0.09986934065818787,-0.13319362699985504,-0.1435392051935196,-0.002645662520080805,-0.016771988943219185,0.454105943441391,0.3400121331214905,0.06652393192052841,0.27196139097213745,0.18784675002098083,0.05672020837664604,0.04248514398932457,0.08796368539333344,0.21789009869098663,0.02935211732983589,0.02320166863501072,0.00017202198796439916,-0.08599291741847992,0.11795561015605927,-0.11260133981704712,0.19082851707935333,0.03865930438041687,-0.08966410160064697,0.006456839386373758,-0.006692639086395502,-0.11374939978122711,-0.18135949969291687,-0.19515566527843475,0.20655962824821472,0.012690117582678795,-0.04642844945192337,-0.26013752818107605,0.2584916949272156,-0.2295820713043213,0.15291205048561096,-0.20213067531585693,0.21018755435943604,-0.2604246139526367,0.04111005738377571,0.23385123908519745,-0.20162172615528107,-0.04030192643404007,-0.03895769640803337,0.11704274266958237,-0.5632346272468567,-0.007856989279389381,0.19152498245239258,-0.28475284576416016,-0.022336166352033615,-0.23147830367088318,0.2057522088289261,0.19000014662742615
CID005493381,438,-0.016880396753549576,-0.05846875160932541,-0.07431390881538391,0.48653659224510193,-0.350920706987381,0.08953110873699188,0.14683926105499268,0.1140415221452713,0.24634122848510742,0.21120350062847137,0.13075466454029083,0.10882306098937988,0.08968190103769302,0.1492777019739151,-0.18464595079421997,-0.08033730089664459,-0.11891134083271027,-0.21452946960926056,0.2682194411754608,-0.6683611869812012,-0.010294442065060139,-0.3047117590904236,-0.146759033203125,-1.0280930995941162,-0.14800888299942017,0.10583201795816422,-0.05819760635495186,0.02192404307425022,0.026679646223783493,0.1838538944721222,-0.06901009380817413,0.14196792244911194,0.04961331933736801,0.09514530003070831,-0.029607350006699562,-0.11249306052923203,-0.0255298875272274,0.17208749055862427,0.08749081939458847,-0.1160982996225357,-0.11274490505456924,-0.01645592972636223,0.11204163730144501,-0.1920914500951767,-0.07072170078754425,0.25913625955581665,0.07087740302085876,0.06539373844861984,-0.005998581647872925,-0.006179411895573139,0.36578625440597534,-0.0045990170910954475,-0.1227845698595047,0.00898047722876072,-0.03210751339793205,-0.18503515422344208,-0.05893154814839363,0.022190047428011894,0.10806695371866226,0.07377886772155762,-0.04653419926762581,-0.2123572826385498,-0.06759737432003021,-0.004600184969604015,0.10024712234735489,0.42421355843544006,-0.09672509133815765,0.06360286474227905,0.0009209543350152671,0.10944004356861115,0.033445585519075394,0.07997044920921326,-0.24182720482349396,-0.3205292522907257,-0.21992821991443634,-0.03593338280916214,-0.16710443794727325,0.18671825528144836,0.033008258789777756,0.08214078098535538,0.28879132866859436,-0.37483105063438416,-0.17882542312145233,-0.15381447970867157,0.0879661962389946,-0.1785075068473816,0.12904241681098938,0.04622357711195946,-0.019283296540379524,-0.6954962015151978,0.05226781219244003,0.30481916666030884,-0.02678631618618965,0.2346705198287964,0.2095239907503128,-0.18220950663089752,-0.007996980100870132,0.08765792101621628,-0.031053965911269188,-0.0014810159336775541,-0.2705931067466736,0.020518843084573746,-0.1404445767402649,0.16381485760211945,0.07299650460481644,0.1269674450159073,0.1379161775112152,0.2387644499540329,0.670380175113678,-0.10982440412044525,-0.05724610015749931,0.15081079304218292,-0.16983740031719208,-0.14884698390960693,0.26248496770858765,0.16293999552726746,0.06889383494853973,0.2295394390821457,-0.09773578494787216,0.03158601373434067,0.7309876680374146,-0.1820375919342041,0.14549066126346588,0.09429670125246048,-0.12719909846782684,-0.027905751019716263,0.02648065611720085,0.2574184238910675,0.27116167545318604,0.09647466987371445,0.007448333315551281,-0.4352445602416992,-0.3156479001045227,0.0383584126830101,0.1445370614528656,0.07373374700546265,0.22661003470420837,0.25516846776008606,-0.1123574823141098,-0.19463664293289185,-0.13934382796287537,-0.038975752890110016,-0.0980323851108551,-0.1487424671649933,0.09565188735723495,0.14204910397529602,-0.18703600764274597,0.4283383786678314,0.0736137181520462,0.2415831834077835,0.016538357362151146,-0.3292481005191803,0.1345100998878479,0.20695295929908752,-0.17560580372810364,-0.01539535541087389,-0.06595511734485626,-0.19753918051719666,0.022526931017637253,0.21023133397102356,-0.015403186902403831,-0.0284380204975605,-0.10905808210372925,0.02406982146203518,-0.07146753370761871,-0.18598449230194092,-0.26262933015823364,-0.009700926952064037,-0.17506197094917297,0.009943297132849693,-0.014430833049118519,-0.1070554107427597,-0.0684102326631546,-0.2693517804145813,0.13345035910606384,-0.20691165328025818,0.07221861928701401,-0.18100042641162872,0.389362633228302,-0.1522095948457718,0.06618843227624893,0.1095990315079689,-0.13330337405204773,-0.1037796288728714,0.14494499564170837,0.1987733542919159,-0.31124261021614075,-0.11624781787395477,0.029671769589185715,-0.3494488596916199,-0.036698028445243835,-0.11545038223266602,0.025880241766572,0.041630275547504425,0.0759630799293518,-0.12371758371591568,-0.029417812824249268,-0.05748497694730759,0.06538176536560059,-0.11227251589298248,0.06583093106746674,-0.1934945285320282,-0.015432482585310936,-0.5792354345321655,0.23462021350860596,-0.2959514260292053,-0.027827244251966476,-0.07238326221704483,-0.06032515689730644,0.5297764539718628,0.28962820768356323,-0.06908200681209564,0.2804640829563141,0.08879566937685013,0.07676497846841812,-0.006514632608741522,0.008770734071731567,0.24002841114997864,0.19614286720752716,-0.19138279557228088,-0.14343324303627014,-0.34022122621536255,0.11997918784618378,-0.16845238208770752,0.04269703850150108,0.01847434602677822,0.03835000842809677,-0.03952784091234207,-0.2077912986278534,-0.1477058082818985,0.01817861758172512,0.004950740374624729,0.12239708751440048,-0.024673309177160263,-0.03291007876396179,-0.1561352014541626,0.3345298767089844,-0.38258880376815796,0.09618832170963287,-0.20885276794433594,0.2232656478881836,-0.5578568577766418,0.3278747797012329,0.1161869540810585,-0.09719622135162354,-0.10705375671386719,0.06991296261548996,0.11002421379089355,-0.6773477792739868,-0.0942544937133789,0.17581352591514587,-0.024530792608857155,0.21396753191947937,-0.10335905849933624,0.09957443922758102,-0.07474460452795029
CID000002646,439,0.9654672741889954,0.08704381436109543,-0.0031988383270800114,0.35229960083961487,-0.4663246273994446,0.5040524005889893,-0.01180915255099535,0.14230015873908997,-0.14908722043037415,0.4133530557155609,-0.050312288105487823,0.09472664445638657,-0.0037992626894265413,-0.021374668926000595,0.07770638912916183,0.24344336986541748,0.07578984647989273,-0.5199030637741089,-0.094231016933918,-0.5265640020370483,0.0774095356464386,0.12405498325824738,-0.08239927142858505,-0.9977436065673828,-0.30171340703964233,-0.022007325664162636,-0.38685983419418335,0.04780969023704529,-0.09237977117300034,0.10420934855937958,-0.02908948063850403,0.5276613235473633,0.018303239718079567,-0.036408621817827225,0.3765590488910675,0.09603282809257507,0.055467914789915085,0.08363506197929382,0.050573039799928665,0.07449951022863388,-0.16849906742572784,0.07126311957836151,0.17652569711208344,-0.3369893431663513,-0.03389035910367966,0.2527587115764618,0.08563172817230225,-0.010424131527543068,0.112682044506073,1.0158485174179077,0.6446508169174194,0.13453389704227448,0.06505507230758667,-0.023771516978740692,0.08929111063480377,-0.3536750078201294,0.22809401154518127,0.2796587347984314,0.24977931380271912,-0.021183032542467117,-0.20256206393241882,-0.25796300172805786,-0.026644522324204445,-0.017129182815551758,-0.07443047314882278,0.7569188475608826,0.07375052571296692,-0.1349969506263733,0.2629110813140869,0.24143588542938232,0.09956884384155273,-0.0263537410646677,-0.27175116539001465,-0.20835861563682556,-0.05434686690568924,0.578683078289032,0.024111498147249222,-0.13946643471717834,-0.0797591581940651,-0.07046540081501007,0.023814944550395012,-0.4680503308773041,-0.350761353969574,0.03657934442162514,0.16117899119853973,-0.17358379065990448,0.1833685338497162,-0.04817773774266243,-0.22329819202423096,-1.16877281665802,0.014841625466942787,0.5320464372634888,-0.16184765100479126,-0.07784479111433029,-0.023796940222382545,-0.23786649107933044,0.2565389573574066,0.1309838593006134,0.10692135244607925,0.6105467677116394,0.22189681231975555,0.11249339580535889,0.16629347205162048,0.3455694317817688,-0.6483297944068909,0.08089790493249893,0.22530560195446014,0.00890912115573883,0.39010193943977356,0.24413537979125977,-0.06507585942745209,0.197810560464859,0.11563996225595474,-0.35350221395492554,0.2464430034160614,-0.014559254050254822,-0.4420125484466553,-0.10932795703411102,-0.1187700629234314,-0.253483384847641,1.0910911560058594,-0.3232252895832062,-0.1269848346710205,0.11254256963729858,-0.13616319000720978,0.15468665957450867,0.11683206260204315,-0.24388115108013153,-0.06418532133102417,-0.0325581431388855,-0.13739924132823944,-0.7714759111404419,-0.39275914430618286,0.6240980625152588,0.2448471486568451,0.09280276298522949,0.044804878532886505,0.06679274141788483,0.17660197615623474,-0.5553754568099976,-0.27848362922668457,0.004492160864174366,0.05362952500581741,0.2665151059627533,-0.031109396368265152,0.10977382957935333,-0.041375938802957535,0.9104080200195312,-0.012870550155639648,0.113747239112854,-0.03355038911104202,-0.6842960119247437,0.2992367446422577,0.1296556442975998,-0.46072250604629517,-0.1269671469926834,0.08916086703538895,-0.2258356809616089,0.12821391224861145,0.4645799994468689,0.25095218420028687,0.12755843997001648,-0.09146928787231445,-0.011304509826004505,-0.30557602643966675,-0.01181302685290575,-0.25307950377464294,0.04209957271814346,-0.34614962339401245,0.16411860287189484,0.09253554046154022,-0.31387728452682495,-0.3767823278903961,-0.1657513678073883,-0.008428119122982025,-0.056042302399873734,-0.10522244870662689,0.0900634378194809,0.8785406947135925,-0.24205613136291504,-0.33141449093818665,0.04801364988088608,-0.2554047703742981,-0.42225998640060425,0.24991753697395325,0.18461012840270996,-0.47741976380348206,0.13397066295146942,0.13257500529289246,-0.44560670852661133,-0.22221975028514862,0.06464740633964539,0.12152658402919769,-0.32544729113578796,0.05457552522420883,-0.2638581395149231,0.5169867277145386,-0.3510676324367523,-0.04456331208348274,-0.04684042930603027,-0.26716214418411255,-0.15098364651203156,1.4071935415267944,-0.7835705876350403,-0.12380526214838028,0.19397935271263123,-0.039760541170835495,-0.016521012410521507,0.6802887320518494,0.4509987235069275,0.46317076683044434,0.2807970643043518,-0.3166201710700989,0.23890356719493866,0.06288346648216248,-0.5517054796218872,-0.11805316060781479,0.14553266763687134,-0.28458327054977417,-0.21693626046180725,0.06338193267583847,-0.11241953074932098,-0.12532168626785278,-0.20360426604747772,0.013357301242649555,0.14955273270606995,0.04762260988354683,0.06648288667201996,-0.004345091991126537,0.09282761067152023,-0.23072490096092224,0.3123140335083008,-0.3222508728504181,0.23269090056419373,0.09921777248382568,-0.10332447290420532,1.0741138458251953,-0.48043495416641235,0.0034477724693715572,-0.004367894027382135,-0.08936405181884766,-0.6584621071815491,0.07307909429073334,0.007229989860206842,-0.570330023765564,0.042701393365859985,0.09019060432910919,0.5246546268463135,-0.836388885974884,-0.06408626586198807,0.08858288079500198,-0.24793311953544617,0.24526026844978333,0.00042743684025481343,0.1172560453414917,0.051893968135118484
CID000003310,442,0.3749072849750519,0.23978915810585022,0.2127661257982254,0.4329647123813629,-0.3953019678592682,0.08133219182491302,0.2587659955024719,0.3736163377761841,0.14980359375476837,0.344873309135437,-0.0783657431602478,-0.1283685266971588,0.028328310698270798,0.26096540689468384,-0.21163678169250488,0.23096998035907745,0.039121873676776886,-0.316992849111557,0.15202611684799194,-0.468529611825943,-0.017577355727553368,-0.3956884443759918,-0.026191839948296547,-0.8080806732177734,0.21799416840076447,0.1256866604089737,-0.17463749647140503,-0.13589532673358917,-0.08012674748897552,0.09971846640110016,-0.2784951627254486,0.1678011268377304,0.06449992954730988,0.0979766994714737,0.039879944175481796,0.35424309968948364,0.19218851625919342,0.2520802319049835,-0.1147928386926651,-0.15393853187561035,-0.12179763615131378,0.009805667214095592,0.03410973399877548,-0.033526353538036346,-0.23485437035560608,0.25853997468948364,0.10825526714324951,-0.08538363873958588,0.022140655666589737,0.3827730119228363,0.5671769380569458,0.04189532995223999,-0.1719553917646408,0.10569240897893906,0.013709667138755322,-0.07054603099822998,0.2764454185962677,-0.2358674257993698,0.4122886061668396,-0.025047391653060913,-0.1498008817434311,-0.32389408349990845,0.22719159722328186,-0.12793703377246857,0.28708571195602417,0.3779652416706085,-0.45540815591812134,-0.03812288120388985,-0.029300451278686523,0.03542834520339966,0.046700410544872284,-0.10352613031864166,-0.16849762201309204,-0.5314553380012512,-0.14252954721450806,0.3632481098175049,0.27129799127578735,-0.04998096451163292,-0.10813101381063461,0.15837609767913818,0.14291998744010925,-0.4299534261226654,-0.39347538352012634,-0.05453385040163994,0.008954048156738281,0.19680245220661163,0.21847689151763916,0.11042927205562592,-0.08721880614757538,-0.42587557435035706,-0.011392462067306042,0.16410887241363525,-0.06165254861116409,0.0040955631993710995,-0.28414374589920044,-0.2160942107439041,0.20528221130371094,-0.2807958722114563,0.036292266100645065,0.2517528533935547,0.05569237470626831,-0.09197162091732025,0.055955518037080765,0.22639039158821106,0.1787034571170807,0.030715858563780785,-0.13958677649497986,0.22430455684661865,0.4261661171913147,-0.1346038281917572,0.15166424214839935,0.13940222561359406,-0.24564318358898163,-0.4331449568271637,0.03541470319032669,0.35507261753082275,-0.19582505524158478,-0.07431582361459732,-0.04141846299171448,0.4089333415031433,0.7352450489997864,-0.39996427297592163,0.2873007655143738,0.2713210880756378,-0.27474960684776306,0.45657414197921753,0.1542976051568985,0.06937275826931,0.05430518463253975,0.01592741720378399,0.2584075927734375,-0.5338584780693054,-0.5462861657142639,0.10900698602199554,0.40493708848953247,0.17511236667633057,0.07692800462245941,0.14518225193023682,-0.010469180531799793,-0.10923230648040771,-0.07873447239398956,0.2131194770336151,0.24603502452373505,0.24301695823669434,-0.10197405517101288,0.1528002917766571,-0.23513488471508026,0.3419129252433777,0.3039252758026123,0.35368987917900085,-0.04551799222826958,-0.3403951823711395,-0.13265113532543182,0.33214953541755676,-0.018891703337430954,0.01984277553856373,0.07709701359272003,-0.1884811371564865,0.2779386639595032,0.029177004471421242,0.0071124969981610775,-0.17230844497680664,0.0518002025783062,0.1499595046043396,-0.30430081486701965,-0.00542487483471632,-0.10194605588912964,0.30255764722824097,0.15490451455116272,0.06195104122161865,-0.03803803771734238,0.14545585215091705,-0.3580563962459564,-0.012454286217689514,0.08548227697610855,-0.17751726508140564,0.22205588221549988,-0.16976600885391235,0.5957154631614685,0.10875765234231949,-0.13074451684951782,0.2294904887676239,-0.07593859732151031,0.029039274901151657,-0.06398507207632065,0.03711642697453499,-0.013954980298876762,-0.023362472653388977,0.10366425663232803,-0.36176395416259766,-0.219564750790596,-0.1036008968949318,0.00497080385684967,-0.22323337197303772,0.4837217330932617,0.041953813284635544,0.03987180441617966,0.016526173800230026,0.044896531850099564,0.10283209383487701,0.028837889432907104,-0.6550029516220093,0.12605151534080505,-0.17378057539463043,-0.3494224548339844,-0.05789964273571968,-0.012418964877724648,-0.28017133474349976,0.20790612697601318,0.49986904859542847,0.3484872579574585,0.19367261230945587,0.20840588212013245,-0.04680418223142624,-0.05148555710911751,-0.33000630140304565,0.11980005353689194,0.34811288118362427,-0.01531344372779131,0.19499914348125458,-0.06053318455815315,-0.06515868008136749,-0.26827120780944824,-0.22396090626716614,0.1733681708574295,-0.3959391415119171,0.16147461533546448,-0.18805983662605286,-0.0020257860887795687,-0.001112964702770114,0.011191071942448616,0.19201573729515076,0.3266162574291229,-0.0460343062877655,-0.14374350011348724,-0.1745118647813797,0.5204024910926819,-0.5357180833816528,0.04864821955561638,-0.21846599876880646,0.031578242778778076,-0.15203866362571716,0.10014935582876205,0.13199186325073242,-0.16458562016487122,0.03591753914952278,0.11827228218317032,-0.24871864914894104,-0.7077918648719788,-0.021568434312939644,0.3783223032951355,-0.0037336081732064486,0.18639366328716278,-0.34784653782844543,0.0884789377450943,-0.13135606050491333
CID000071158,443,0.13391950726509094,-0.0445917472243309,0.27350136637687683,0.5243848562240601,-0.46969717741012573,-0.062497831881046295,0.15858200192451477,-0.11860649287700653,0.020574908703565598,0.269577294588089,0.1287708282470703,-0.19709563255310059,-0.35559922456741333,0.15824660658836365,0.06397043168544769,0.04973500594496727,-0.18516744673252106,-0.06836917251348495,-0.11702470481395721,-0.5036612749099731,0.10097993910312653,-3.5461784136714414e-05,0.015943363308906555,-0.7179231643676758,-0.3165844678878784,-0.07706636190414429,-0.024924572557210922,-0.1803869754076004,-0.151485413312912,0.05234112590551376,0.11349787563085556,0.1850174218416214,0.00046982167987152934,0.17565450072288513,-0.08774766325950623,-0.11400756984949112,-0.04391187056899071,0.3967413902282715,0.14244680106639862,0.004227858502417803,-0.20609287917613983,0.013922308571636677,-0.07025998830795288,-0.24901935458183289,0.024439210072159767,0.15420055389404297,0.07302012294530869,0.1440262347459793,0.1003425344824791,0.07467849552631378,0.5201770663261414,-0.0024880305863916874,-0.16603493690490723,0.21274082362651825,0.3953891396522522,-0.04446104168891907,0.26881250739097595,-0.045155320316553116,0.29492226243019104,0.3147556185722351,-0.0034169009886682034,-0.23560436069965363,0.03591236472129822,-0.112459197640419,-0.0383174791932106,0.36167341470718384,-0.11914297193288803,0.05185120180249214,0.2326095998287201,0.054073482751846313,0.020592784509062767,0.0012812495697289705,-0.3226117193698883,-0.310250461101532,0.1595856100320816,0.35060638189315796,0.22886069118976593,-0.0967116579413414,0.0626753494143486,0.1690424680709839,0.3556673228740692,-0.5062068700790405,-0.564189612865448,0.2708294987678528,0.3705568313598633,-0.03348071873188019,0.08940161764621735,0.28598862886428833,-0.12949645519256592,-0.7567518949508667,-0.11643780767917633,0.04540645703673363,-0.12692715227603912,0.07064829766750336,0.11029684543609619,-0.3244673013687134,-0.015824556350708008,-0.5110813975334167,0.2267700731754303,0.14413832128047943,0.16143003106117249,-0.4840349555015564,0.05078862980008125,0.13878437876701355,0.028230255469679832,0.03101520612835884,-0.11390504986047745,-0.028908109292387962,0.504778265953064,0.2511724531650543,0.07001455128192902,0.18039730191230774,0.0064994217827916145,-0.2429221123456955,-0.04380439966917038,0.28061312437057495,-0.14292828738689423,-0.34387511014938354,-0.03720182180404663,-0.17032019793987274,0.720122218132019,-0.06511934101581573,0.3647248446941376,0.24316318333148956,-0.3542948067188263,0.09417767822742462,0.0057764858938753605,0.05839552730321884,-0.09609951078891754,-0.08234183490276337,0.29252827167510986,-0.7311260104179382,-0.39862486720085144,-0.08441256731748581,0.30775904655456543,0.49716877937316895,0.16104382276535034,0.0777815505862236,-0.027303582057356834,-0.3610193133354187,-0.1343860924243927,0.05767326429486275,-0.04544539004564285,-0.03376563638448715,-0.004808469209820032,0.014050520956516266,0.22959356009960175,0.5656780004501343,-0.23629729449748993,0.03815265744924545,-0.07103166729211807,-0.48184698820114136,0.38974153995513916,0.15181246399879456,-0.13195772469043732,-3.890395237249322e-05,-0.10821549594402313,-0.33074894547462463,-0.299640953540802,0.05191858485341072,0.20546698570251465,-0.01402011513710022,-0.16908080875873566,0.1236853376030922,0.06940501928329468,0.22707855701446533,0.18621475994586945,0.281078577041626,0.07452605664730072,0.13793763518333435,0.040301840752363205,-0.07906744629144669,-0.05349225923418999,-0.2499447613954544,-0.10642005503177643,-0.19326798617839813,0.04428087919950485,-0.13342086970806122,0.5276241898536682,0.10601826012134552,-0.28960609436035156,0.3247860074043274,-0.48582035303115845,-0.04494886472821236,0.23214741051197052,-0.20719394087791443,-0.16425563395023346,-0.3981552720069885,0.08866126835346222,-0.3208821713924408,-0.09868897497653961,-0.022267673164606094,-0.02449951507151127,-0.40154775977134705,0.22748759388923645,-0.16926448047161102,0.13365009427070618,-0.0517432801425457,0.006316965911537409,0.06279538571834564,-0.3679817318916321,-0.27931004762649536,0.19745084643363953,-0.10769081115722656,-0.1451493799686432,-0.17251256108283997,-0.20165519416332245,0.054601289331912994,-0.015139341354370117,0.7026473879814148,0.3332894742488861,0.28700315952301025,0.2508123815059662,0.22327737510204315,0.07143642008304596,-0.1524215191602707,-0.1749199628829956,0.38521629571914673,0.057644207030534744,0.3485281765460968,0.11834947019815445,-0.02476370707154274,0.28691455721855164,-0.3029311001300812,0.07544683665037155,-0.5283743143081665,-0.0697275847196579,-0.08244133740663528,0.2428545504808426,-0.3165681064128876,-0.00346167990937829,0.8056893348693848,0.1354912519454956,-0.16010813415050507,-0.3327398896217346,0.12618272006511688,0.6330575942993164,-0.3681411147117615,0.037117235362529755,-0.23237955570220947,0.019457656890153885,-0.42024439573287964,-0.08480687439441681,0.3485581874847412,-0.21854141354560852,0.16620200872421265,0.07219253480434418,0.10448729991912842,-0.8169937133789062,-0.4633301794528961,0.3877226710319519,-0.0983048677444458,0.4247126579284668,-0.12453873455524445,0.019836585968732834,0.03894883394241333
CID000004449,446,-0.03390684723854065,0.07216323912143707,-0.09745033085346222,0.26209667325019836,-0.3924386203289032,0.07252279669046402,0.1483725607395172,0.20542636513710022,0.25479453802108765,0.242222860455513,0.26511722803115845,0.09095383435487747,-0.10432567447423935,0.1097329631447792,-0.21996116638183594,-0.11254265159368515,-0.09620662778615952,-0.07079143822193146,0.2341831475496292,-0.43652090430259705,0.026548828929662704,-0.21727529168128967,-0.09079311788082123,-0.9397063255310059,-0.10380695015192032,0.10546334832906723,-0.18653857707977295,-0.0043688551522791386,0.04045760631561279,0.09908823668956757,-0.3137189447879791,0.29226410388946533,0.1843082457780838,-0.01859126053750515,-0.057546019554138184,-0.0044830008409917355,0.1433587521314621,0.032183900475502014,0.10576748847961426,-0.14666426181793213,-0.06069358065724373,-0.2980425953865051,0.24946637451648712,-0.27830809354782104,-0.1666765958070755,0.41927608847618103,-0.001455926918424666,0.02137535624206066,0.10052315890789032,0.09090578556060791,0.2876291573047638,0.10497131198644638,-0.25942403078079224,0.016200106590986252,0.06325836479663849,-0.22007128596305847,-0.10321786254644394,-0.02337423339486122,0.04089335724711418,-0.0881752222776413,-0.11111986637115479,-0.1450878083705902,-0.14600925147533417,-0.0061853500083088875,0.230540469288826,0.3929014503955841,-0.09608709812164307,0.022005248814821243,0.23044438660144806,0.1833278238773346,0.18195772171020508,-0.045820415019989014,-0.35163891315460205,-0.33189913630485535,-0.14767144620418549,0.17392441630363464,-0.08443659543991089,0.08432193100452423,-0.055810172110795975,0.15622076392173767,0.026326119899749756,-0.46615657210350037,-0.2595760226249695,-0.17046566307544708,0.09677378833293915,-0.26057082414627075,0.055633027106523514,0.10880856215953827,-0.05734040588140488,-0.6480067372322083,0.04886871576309204,0.38898783922195435,0.13167276978492737,0.12114956229925156,0.12474807351827621,-0.1484653651714325,-0.08926369249820709,0.18093837797641754,-0.19096115231513977,-0.08384626358747482,-0.27969247102737427,-0.013462054543197155,-0.0957193523645401,0.2762950360774994,0.2410825490951538,0.04329372197389603,0.18435291945934296,0.18303510546684265,0.5565244555473328,-0.07655716687440872,-0.07059924304485321,0.18110723793506622,-0.1750977337360382,-0.12087342888116837,0.03946193307638168,0.2095303237438202,0.054052066057920456,0.09431258589029312,-0.2356947958469391,0.2340788096189499,0.6204811334609985,-0.19880631566047668,0.2504265606403351,0.2500222623348236,-0.04964325204491615,0.11250916868448257,-0.059656690806150436,0.08902676403522491,0.17379054427146912,-0.07703503221273422,-0.024961601942777634,-0.4347745478153229,-0.3462041914463043,0.10348669439554214,0.20615485310554504,-0.05487235635519028,0.23355475068092346,0.2635488212108612,-0.2761501669883728,-0.2715113162994385,-0.10462113469839096,-0.05884627252817154,0.09685792028903961,-0.17367078363895416,0.10401447862386703,0.08437702804803848,-0.15656985342502594,0.2763350009918213,0.060818832367658615,0.22059932351112366,0.1321624517440796,-0.2147325575351715,0.10559544712305069,0.0015115023124963045,-0.3853924572467804,-0.09920479357242584,-0.0582902729511261,-0.0906829684972763,0.19116303324699402,0.3296434283256531,-0.11161687225103378,0.07562138140201569,-0.07936546206474304,0.10509226471185684,-0.12076964229345322,-0.12306227535009384,-0.2676880359649658,-0.07935436069965363,-0.16235052049160004,0.1934252232313156,0.13528232276439667,-0.1824771761894226,-0.20075538754463196,-0.3235483467578888,0.08432472497224808,-0.1062428206205368,0.15099139511585236,-0.12240233272314072,0.38937488198280334,-0.1796964704990387,0.1297607272863388,0.03857140988111496,-0.22428885102272034,-0.14513324201107025,0.23294977843761444,0.21504755318164825,-0.26930922269821167,0.1161549836397171,0.04589686915278435,-0.32498207688331604,0.07439263164997101,-0.02162528596818447,0.001877758651971817,0.10042999684810638,-0.01876828260719776,-0.10130903869867325,0.06652699410915375,-0.23129498958587646,-0.16348549723625183,0.1318349540233612,0.2159584015607834,-0.1698751002550125,0.1063905581831932,-0.3226976990699768,0.0976773127913475,-0.17953766882419586,-0.0770476683974266,-0.03771509975194931,-0.016226215288043022,0.4644392132759094,0.3204914629459381,-0.17702141404151917,0.2518765330314636,0.20563045144081116,0.2062508761882782,-0.03904077410697937,-0.05923891067504883,0.15517935156822205,0.09523852914571762,-0.1393636167049408,0.005918073933571577,-0.2423264980316162,0.014311885461211205,-0.1495005190372467,-0.017328089103102684,0.09662704914808273,0.13937246799468994,-0.08398528397083282,-0.14516803622245789,-0.06476946920156479,-0.06933430582284927,-0.13395684957504272,0.24704039096832275,0.04571922495961189,0.03923014551401138,-0.1078372448682785,0.337491512298584,-0.23950693011283875,0.0886952131986618,-0.20218856632709503,0.2267061024904251,-0.32869523763656616,0.21314668655395508,0.20608004927635193,-0.11889772117137909,-0.05082831531763077,0.0736885517835617,-0.09233198314905167,-0.5537486672401428,-0.1570853292942047,0.20257003605365753,-0.18149814009666443,0.164107084274292,-0.17483803629875183,0.12113384902477264,0.05872201919555664
CID000001117,449,0.33051246404647827,-0.2378382682800293,0.12608742713928223,0.42361292243003845,-0.4524744153022766,-0.09667320549488068,0.2764555811882019,0.12753459811210632,0.11835086345672607,-0.0011037945514544845,0.22818860411643982,-0.5537978410720825,-0.1882484257221222,0.30792132019996643,-0.017521943897008896,0.3685937821865082,-0.07818170636892319,-0.23486046493053436,0.13942649960517883,-0.7229076623916626,0.13505879044532776,0.15141010284423828,-0.15271160006523132,-0.9589441418647766,0.19244670867919922,0.19781625270843506,0.20879951119422913,-0.034593261778354645,-0.09640143066644669,0.15854816138744354,0.04910317808389664,0.2609671354293823,-0.047867029905319214,0.2059796154499054,0.25472643971443176,-0.24081511795520782,-0.09614485502243042,0.23921272158622742,0.21291127800941467,-0.014742851257324219,-0.33914291858673096,0.14612993597984314,-0.10352253913879395,-0.14221951365470886,0.11728394031524658,0.007269272115081549,0.008817958645522594,0.13923701643943787,-0.0745963528752327,0.3439185321331024,0.5928820967674255,-0.14577943086624146,-0.14593486487865448,-0.11650492995977402,0.1359560787677765,-0.10990625619888306,1.1063687801361084,-0.020469237118959427,1.320045828819275,0.16411156952381134,-0.039182163774967194,-0.43490663170814514,-0.293632447719574,-0.14409710466861725,0.0036570802330970764,0.49237751960754395,-0.3105655610561371,0.3215124011039734,0.16726359724998474,0.051763784140348434,0.28442615270614624,-0.09403983503580093,-0.05344520881772041,-0.5701791048049927,0.052656687796115875,0.787904679775238,0.06056078523397446,-0.16183480620384216,-0.03345327451825142,0.1974819004535675,0.6752681136131287,-0.6841720342636108,-0.3347253203392029,0.08910766988992691,-0.0027272342704236507,-0.04561097174882889,0.05515701696276665,0.04387715831398964,-0.24954195320606232,-0.9207469820976257,-0.08332619816064835,0.08752753585577011,-0.1583239585161209,-0.3083704113960266,0.0258667953312397,-0.1781671941280365,-0.02401104010641575,-0.09168983995914459,-0.22261075675487518,0.51853346824646,0.10841424763202667,-0.20129609107971191,-0.02034853771328926,0.19528229534626007,-0.2453199177980423,0.02753772772848606,0.0035121857654303312,0.1862669289112091,0.5835733413696289,0.40837717056274414,0.07536282390356064,0.1449531614780426,0.2285672128200531,-0.4851270616054535,0.1947750747203827,0.022369718179106712,-0.16159257292747498,-0.2728548049926758,0.2807338833808899,0.1787463277578354,0.9328440427780151,-0.5302673578262329,0.31774699687957764,0.035790394991636276,-0.1827591359615326,0.04713328927755356,-0.05447785183787346,-0.22663822770118713,0.17100179195404053,0.3619178831577301,0.17382866144180298,-0.8559333682060242,-0.3758806586265564,-0.005906909704208374,0.2747270464897156,0.2471860945224762,0.09346815198659897,0.3464665710926056,-0.11485836654901505,-0.4013099670410156,0.01728285476565361,0.06569284945726395,-0.13678520917892456,0.257741242647171,0.2095264494419098,0.13309791684150696,-0.17698979377746582,0.745772123336792,-0.019689034670591354,-0.08225585520267487,0.06780757755041122,-0.5620685815811157,-0.04427067190408707,0.2491815984249115,0.23121707141399384,-0.015182973816990852,0.05859784036874771,-0.3758455812931061,0.007271251175552607,0.19071714580059052,0.2622238099575043,-0.031977999955415726,-0.20332162082195282,-0.07398740202188492,0.15965785086154938,0.32169991731643677,0.3708711862564087,0.2078581601381302,-0.2724962830543518,-0.052063487470149994,-0.02960791625082493,-0.03615828603506088,-0.029256140813231468,-0.1768745630979538,0.06446468085050583,-0.05115155130624771,-0.33084458112716675,-0.09734179824590683,0.8008090853691101,0.08987979590892792,-0.002462327480316162,-0.33836185932159424,-0.27929848432540894,-0.0308919008821249,-0.03435962647199631,0.02757664956152439,-0.08679298311471939,-0.15824343264102936,0.030453622341156006,-0.24668459594249725,0.16458475589752197,-0.05980905145406723,0.25372761487960815,-0.30760839581489563,0.25388768315315247,0.24046580493450165,-0.0810839980840683,-0.09056597203016281,0.054528605192899704,-0.13867273926734924,-0.4418553411960602,-0.5607062578201294,0.3676447570323944,-0.08064977824687958,0.1352844536304474,0.2816978096961975,-0.25960201025009155,-0.002634930657222867,0.25705939531326294,0.4467802941799164,0.3211241364479065,0.11941739171743393,0.13902969658374786,-0.15920674800872803,-0.07705732434988022,-0.321006178855896,0.2740514874458313,0.34947484731674194,-0.25485387444496155,0.9916774034500122,0.18333911895751953,0.17063575983047485,0.11784891784191132,-0.2383798062801361,-0.3765872120857239,-0.27617618441581726,0.12286528199911118,-0.05512414127588272,-0.04589004069566727,-0.1884988397359848,-0.16252383589744568,0.2939221262931824,-0.058686137199401855,-0.09195204824209213,-0.035922758281230927,0.004398250486701727,0.8887859582901001,-0.49400267004966736,-0.04047992452979088,-0.16113361716270447,-0.2567474842071533,-0.7898750901222229,0.14666828513145447,0.33271974325180054,0.004010245203971863,0.039571989327669144,-0.5180237293243408,0.0066495658829808235,-0.8845877647399902,-0.5826117396354675,0.5515512228012085,-0.3064236342906952,0.12361039221286774,0.06673106551170349,0.1772249937057495,-0.15752658247947693
CID000004894,450,0.11737652122974396,0.08444412052631378,0.08808167278766632,0.2333405315876007,-0.19957612454891205,0.18666818737983704,0.11659300327301025,0.3242327868938446,0.025153761729598045,0.24953503906726837,-0.11307621002197266,-0.06833712756633759,-0.16455760598182678,0.25238236784935,-0.35638144612312317,-0.10660338401794434,0.0653105229139328,-0.05758564919233322,0.09615375101566315,-0.4200020730495453,0.341684490442276,-0.359323650598526,0.0850871354341507,-0.8057535886764526,0.1874922215938568,0.4370496869087219,-0.20204439759254456,-0.2640228569507599,0.08236192166805267,0.22560596466064453,-0.18001419305801392,0.4610377848148346,-0.10993455350399017,0.23141971230506897,-0.048891812562942505,0.07280705124139786,0.08536094427108765,0.031127799302339554,-0.09686556458473206,-0.18071791529655457,-0.14878855645656586,-0.22906526923179626,0.21293790638446808,-0.3961726725101471,-0.14270846545696259,0.10599829256534576,0.039260752499103546,-0.12219522893428802,-0.08205506950616837,0.16193997859954834,0.23727592825889587,0.05048161745071411,-0.3761666715145111,-0.007801803760230541,-0.025805409997701645,-0.085220567882061,-0.13673831522464752,-0.0324222557246685,0.14476917684078217,0.08212248980998993,-0.32289284467697144,-0.37090903520584106,0.10621227324008942,-0.02672480419278145,0.1554955095052719,0.5145532488822937,-0.10477624088525772,-0.08424945920705795,0.060465820133686066,-0.024276886135339737,0.0076286643743515015,-0.15084755420684814,-0.43160420656204224,-0.348910391330719,-0.4306485652923584,-0.004828677978366613,-0.2633851170539856,-0.04234577342867851,-0.17188867926597595,0.08270967751741409,0.038357578217983246,-0.24249966442584991,-0.3326706290245056,0.060866426676511765,-0.1987234205007553,-0.08855237811803818,0.17709463834762573,0.4640987813472748,-0.2105276882648468,-0.701742947101593,0.06699813157320023,0.2569713890552521,0.015461251139640808,-0.45711684226989746,-0.18277104198932648,-0.5634753704071045,-0.36830052733421326,-0.0850343108177185,0.26046356558799744,0.16092781722545624,-0.09382972866296768,-0.050788529217243195,-0.12257705628871918,0.44275084137916565,0.22663149237632751,0.06302735954523087,-0.1847846359014511,-0.1305694878101349,0.3142285943031311,-0.19132980704307556,-0.1378316581249237,0.02194923162460327,-0.12038262188434601,-0.1016584187746048,-0.1943434625864029,0.23016111552715302,-0.05862743780016899,0.10781538486480713,-0.3117273449897766,0.16979774832725525,0.4585217535495758,-0.36008989810943604,0.26538482308387756,0.19877822697162628,-0.054984770715236664,0.2411009967327118,0.1338655650615692,0.2142171561717987,0.41001448035240173,-0.12246779352426529,0.07335188239812851,-0.362224280834198,-0.30622804164886475,0.1250893622636795,0.1448242962360382,0.02891823649406433,0.22980967164039612,0.32554513216018677,0.11620583385229111,-0.10251231491565704,-0.07023348659276962,0.30839186906814575,0.15242376923561096,-0.19647115468978882,-0.026977771893143654,0.23823845386505127,-0.2619500756263733,0.332340806722641,-0.44599348306655884,0.15123096108436584,0.058297403156757355,-0.38337352871894836,-0.1278686225414276,-0.12699663639068604,-0.26714202761650085,-0.09909520298242569,-0.04385178163647652,-0.41423702239990234,0.2817572057247162,0.46667370200157166,-0.19627168774604797,-0.14634272456169128,-0.08927581459283829,0.06787905842065811,-0.014981413260102272,0.05705831199884415,0.10886255651712418,-0.07651852071285248,-0.04970692843198776,0.3227440118789673,0.29841017723083496,-0.16209840774536133,-0.16762475669384003,-0.1375207155942917,-0.002012173179537058,0.053512416779994965,0.11554314941167831,-0.15070770680904388,0.24588005244731903,-0.011438870802521706,0.0659390240907669,0.037341319024562836,-0.19343599677085876,-0.13151231408119202,0.37020212411880493,0.0003168374241795391,-0.09563638269901276,0.1170741468667984,0.05564405396580696,-0.4324560761451721,-0.11262637376785278,0.14516805112361908,0.2900862693786621,-0.0549275167286396,0.04778328910470009,-0.03586079925298691,0.20255307853221893,-0.07602856308221817,0.06512613594532013,0.1461954414844513,0.1016392931342125,-0.5187232494354248,0.010451333597302437,-0.30679741501808167,0.1903650462627411,0.04963052645325661,0.03250402957201004,0.06756711006164551,0.3673985004425049,0.5853906869888306,0.404247522354126,0.2219225913286209,0.4256356358528137,0.0006300985696725547,0.24088099598884583,-0.15249976515769958,-0.0828792005777359,-0.0005946785095147789,0.012851504608988762,-0.14448925852775574,-0.05927448347210884,0.3004711866378784,-0.30087798833847046,-0.48207682371139526,-0.47847089171409607,-0.10154030472040176,-0.269035667181015,-0.5100319981575012,0.011331033892929554,-0.1937350183725357,0.08590966463088989,0.1529490202665329,0.3307090699672699,0.07789850980043411,-0.0752117857336998,0.23961135745048523,0.4818252921104431,-0.6139403581619263,0.01188727654516697,-0.0863659530878067,0.1742451936006546,-0.5081357359886169,-0.2232913076877594,0.22991642355918884,-0.06960328668355942,-0.24321678280830383,0.22154124081134796,-0.12474752962589264,-0.4826262891292572,-0.007206897251307964,0.29618123173713684,-0.36195653676986694,0.03355669230222702,-0.22017404437065125,-0.013717872090637684,-0.0971708819270134
CID000071329,451,0.141233891248703,0.05604221671819687,0.19619633257389069,0.42745763063430786,-0.3740425705909729,0.10935064405202866,0.04645029827952385,0.23032203316688538,0.08416677266359329,0.4067320227622986,-0.06768958270549774,-0.1478431522846222,-0.16093701124191284,0.061321474611759186,-0.20971843600273132,-0.15992410480976105,-0.21088509261608124,-0.023479675874114037,0.0630142092704773,-0.5436221361160278,0.12049417197704315,-0.20830507576465607,-0.3363865911960602,-0.9974921345710754,-0.46959829330444336,-0.08947348594665527,-0.28983941674232483,-0.011188638396561146,0.06327014416456223,-0.023922953754663467,-0.14030392467975616,0.33317309617996216,0.09949693083763123,0.09759241342544556,-0.10977254807949066,0.07376790791749954,-0.06878937780857086,0.1626480668783188,0.18317559361457825,-0.28199806809425354,0.11418858915567398,-0.07707689702510834,-0.12810780107975006,-0.285379558801651,-0.07038368284702301,0.5302075147628784,-0.09664678573608398,0.012192261405289173,-0.10212771594524384,-0.03602822870016098,0.36183518171310425,0.08511212468147278,-0.2905312180519104,-0.08554408699274063,0.19263029098510742,-0.05321777984499931,-0.20937713980674744,0.19552819430828094,-0.07032978534698486,-0.23237541317939758,-0.06804750859737396,-0.1344328671693802,-0.2740142345428467,0.03576245531439781,0.221292182803154,0.45431986451148987,-0.28120166063308716,0.10627676546573639,0.21445170044898987,0.0013370097149163485,0.01609812304377556,0.18880736827850342,-0.33175212144851685,-0.18571017682552338,-0.010675785131752491,0.21244211494922638,0.14107319712638855,0.15767741203308105,-0.19928382337093353,0.05129910632967949,0.19678658246994019,-0.4179220199584961,-0.28172236680984497,-0.2719234824180603,0.2273569405078888,-0.304492324590683,0.1342504769563675,0.02362535521388054,0.14484365284442902,-0.8239151239395142,-0.05976037308573723,0.033529914915561676,-0.11417738348245621,0.05989813804626465,0.05846263840794563,-0.3285275101661682,0.07568224519491196,-0.004586505703628063,0.06992561370134354,0.0450190044939518,-0.24844065308570862,0.10567688941955566,-0.01688024401664734,0.29829198122024536,-0.14098364114761353,0.09899439662694931,0.24651947617530823,-0.011612176895141602,0.5656794309616089,0.18101610243320465,0.07002990692853928,0.24263456463813782,-0.21024194359779358,-0.09768489003181458,0.04247784614562988,0.37165480852127075,-0.19428116083145142,-0.05935783311724663,-0.0677982047200203,0.20843569934368134,0.8052161335945129,0.06784868240356445,0.2901996374130249,0.27500054240226746,-0.040736760944128036,-0.013065515086054802,-0.01517031341791153,0.0816991925239563,0.09050605446100235,-0.06147506833076477,0.3130093514919281,-0.6187976598739624,-0.3870779573917389,0.04639185592532158,0.307460755109787,-0.005316936876624823,0.14770890772342682,0.27184218168258667,-0.09193871915340424,-0.06698639690876007,-0.1643250733613968,0.03987555950880051,0.13593633472919464,-0.12309249490499496,-0.024158891290426254,0.004582434892654419,-0.12410654872655869,0.39909905195236206,-0.03172566369175911,0.2680928707122803,-0.17005595564842224,-0.42515459656715393,0.29198065400123596,0.0005847156280651689,-0.31261664628982544,-0.20154769718647003,-0.08232852071523666,-0.23705431818962097,0.12983790040016174,0.31405240297317505,-0.07479791343212128,-0.19947867095470428,-0.10826259851455688,0.07790301740169525,0.18533460795879364,0.10892894119024277,-0.23852574825286865,-0.014502642676234245,-0.17259469628334045,0.15371760725975037,-0.01120875496417284,-0.03133917599916458,-0.2638947665691376,-0.3985070586204529,0.0018308877479285002,-0.08340101689100266,-0.010629253461956978,-0.1376379281282425,0.5532342195510864,-0.208664208650589,-0.1866552084684372,-0.08887270838022232,-0.20439526438713074,-0.1606576293706894,0.49560776352882385,0.08789167553186417,-0.32234442234039307,0.28237733244895935,-0.029689038172364235,-0.4018945097923279,0.19144223630428314,-0.06446465849876404,0.079185351729393,-0.10687051713466644,0.09092027693986893,0.014434236101806164,0.26854223012924194,-0.15415003895759583,0.19750595092773438,-0.18716028332710266,-0.04372907429933548,-0.2528665065765381,0.1384410560131073,-0.1563551127910614,-0.0465666837990284,-0.19695903360843658,0.08080144971609116,-0.019803078845143318,-0.028245294466614723,0.3739832043647766,0.24778056144714355,-0.33359965682029724,0.16223323345184326,0.3811191916465759,0.057649530470371246,-0.10223652422428131,0.38521844148635864,0.26735833287239075,0.25557246804237366,-0.07263907790184021,-0.03571254760026932,-0.09205643087625504,0.02772195264697075,-0.24453194439411163,0.0873601883649826,-0.18940429389476776,-0.0014303326606750488,-0.13462728261947632,-0.19832690060138702,0.21523746848106384,-0.19384260475635529,0.007357203867286444,0.2250014990568161,0.03480402007699013,0.03774002194404602,0.09292192757129669,0.3359163999557495,-0.07738807052373886,-0.01458157878369093,-0.16579213738441467,0.23425009846687317,-0.7046235203742981,0.13394077122211456,0.07636617124080658,-0.22667625546455383,-0.09495467692613602,0.026697266846895218,-0.008693519048392773,-0.6377903819084167,-0.23073267936706543,0.15331129729747772,-0.056808389723300934,-0.1052640825510025,0.02602628991007805,0.20322513580322266,0.0060460506938397884
CID000002631,455,0.6326613426208496,0.05241658538579941,0.1121312826871872,0.3214874863624573,-0.7597748041152954,0.23099009692668915,0.21298079192638397,0.25802382826805115,0.1413102000951767,0.4930817484855652,0.1195686012506485,-0.13468682765960693,0.03381810709834099,0.34996315836906433,-0.02865748479962349,0.16591516137123108,-0.12645839154720306,-0.3416600823402405,0.37794095277786255,-0.3943524658679962,0.008250595070421696,-0.07033742219209671,-0.022854547947645187,-1.0081908702850342,0.1521802395582199,-0.11488516628742218,-0.458535760641098,-0.05090780928730965,0.2928781509399414,0.4125731587409973,0.022996459156274796,0.28290504217147827,0.05720037221908569,0.11580844968557358,0.19888471066951752,-0.012496071867644787,0.07978209108114243,0.3732406795024872,0.27085214853286743,0.2393728494644165,-0.11562615633010864,0.13347458839416504,0.21436187624931335,-0.17090442776679993,-0.10092220455408096,0.0903182178735733,-0.052607715129852295,-0.06180568411946297,-0.04249840974807739,1.0030690431594849,0.5497272610664368,0.05025713890790939,0.13846223056316376,-0.1785375475883484,-0.0035861865617334843,-0.08993996679782867,0.5374962091445923,0.05609691143035889,0.6168522834777832,0.003134962171316147,-0.09214740991592407,-0.4085293710231781,-0.08589182794094086,-0.31280648708343506,0.13591954112052917,0.7237491011619568,0.10704962909221649,0.03052559494972229,0.42495235800743103,-0.013572106137871742,0.11922261863946915,0.04685724899172783,-0.18256834149360657,-0.4954347610473633,0.08963833004236221,0.4409942626953125,0.04720311611890793,-0.44811972975730896,-0.21592704951763153,-0.08932392299175262,-0.1277891993522644,-0.5014888644218445,-0.35724076628685,-0.1338271200656891,-0.08483143895864487,-0.3549124598503113,0.28239181637763977,0.004858350846916437,-0.21431279182434082,-0.9113098382949829,0.004112990107387304,0.57789146900177,-0.029015276581048965,0.23295268416404724,0.20607955753803253,-0.42541995644569397,-0.008021950721740723,-0.04941968992352486,0.03067309595644474,0.37898749113082886,0.15695451200008392,0.21434471011161804,0.08398662507534027,0.22224120795726776,-0.7056916952133179,0.1413320004940033,0.2784554064273834,-0.06096719577908516,0.35114890336990356,-0.2474648505449295,-0.11376667022705078,0.4443807601928711,0.072538360953331,-0.3466856777667999,-0.07959862053394318,0.24305787682533264,-0.4725273549556732,-0.14126619696617126,0.01670018956065178,-0.2685586214065552,0.8385723233222961,-0.3077297806739807,-0.03014128841459751,0.37752270698547363,-0.11012446880340576,0.11917480081319809,0.08179740607738495,-0.13089942932128906,-0.04972602799534798,0.10328041017055511,-0.09104233235120773,-0.7490338087081909,-0.6555908918380737,0.32796916365623474,0.18922145664691925,0.04139069467782974,0.11009196937084198,0.3174842894077301,0.1259879320859909,-0.34327074885368347,-0.293212890625,0.4216335713863373,-0.0398138090968132,0.16448503732681274,-0.06596245616674423,0.13065283000469208,-0.5181857347488403,0.8691658973693848,-0.14376261830329895,0.15029992163181305,0.15300264954566956,-0.607176661491394,-0.19221289455890656,0.18673427402973175,-0.3786100447177887,-0.3226329982280731,0.07696845382452011,-0.22861027717590332,-0.2142494022846222,0.24532654881477356,0.024021947756409645,-0.09277182072401047,0.04509489983320236,-0.07254800200462341,-0.3449211120605469,0.20278231799602509,0.21190229058265686,0.38919731974601746,-0.3164134919643402,-0.1459779292345047,0.15795859694480896,-0.16691797971725464,-0.0686940997838974,-0.090751051902771,0.0075409309938549995,0.028612107038497925,-0.10717566311359406,0.09960731118917465,0.7038261294364929,-0.09313903748989105,-0.23976369202136993,-0.21451422572135925,-0.190069317817688,-0.2367374449968338,-0.1358925849199295,0.09137866646051407,-0.2932366728782654,-0.014956039376556873,0.1709260791540146,-0.5100299715995789,-0.23135507106781006,0.10678819566965103,0.121760293841362,-0.2463584840297699,-0.013895675539970398,-0.0624450221657753,0.44622793793678284,-0.0722125768661499,-0.053899653255939484,-0.020616423338651657,-0.39935532212257385,-0.31134340167045593,1.139441728591919,-0.7322815656661987,-0.07017482817173004,0.1750190556049347,-0.05236818268895149,-0.06078889220952988,0.8731478452682495,0.4267415404319763,0.41428518295288086,0.17857977747917175,-0.11742949485778809,0.4209389090538025,-0.08788798749446869,-0.2701478898525238,0.018313858658075333,0.23559193313121796,-0.2474038302898407,-0.1001824140548706,0.03310014680027962,-0.37863942980766296,0.0018623501528054476,-0.39591604471206665,-0.19314813613891602,0.05754946917295456,0.057005949318408966,0.008796891197562218,0.19954261183738708,0.2719716429710388,0.010818462818861008,0.3296671509742737,-0.3989795446395874,0.3142862319946289,0.08414224535226822,0.014862735755741596,1.071418046951294,-0.8389938473701477,-0.18774333596229553,-0.50091153383255,0.0929822102189064,-0.54771488904953,0.01415697019547224,0.16338028013706207,-0.5690951943397522,0.12188665568828583,-0.015736902132630348,0.512633204460144,-0.7907753586769104,-0.132637619972229,0.03780709579586983,-0.28990140557289124,0.10038576275110245,-0.09813643991947174,0.043307412415742874,-0.022891366854310036
CID000003902,458,0.13473567366600037,-0.15391424298286438,0.1037294864654541,0.40522661805152893,-0.46734872460365295,0.019111622124910355,0.1553361713886261,0.28199028968811035,-0.05467758700251579,0.17198798060417175,0.22465965151786804,0.0008843541145324707,-0.1373583972454071,0.08478488028049469,-0.18073606491088867,0.04603583365678787,0.0043472470715641975,-0.05084849148988724,0.17745880782604218,-0.5257220268249512,-0.049347441643476486,-0.37681832909584045,0.31283465027809143,-0.7592607140541077,0.1845511943101883,0.16418541967868805,0.0073576755821704865,-0.036762453615665436,-0.07011768221855164,0.012438724748790264,-0.016492510214447975,0.20624180138111115,0.17388172447681427,0.1715499609708786,0.062044333666563034,-0.11503677070140839,0.24164262413978577,0.15077246725559235,0.2275974452495575,0.0008751392597332597,-0.08953911811113358,-0.10682203620672226,0.22827765345573425,-0.20691421627998352,-0.14400124549865723,0.3493603467941284,0.07457344233989716,-0.04645215719938278,0.16204920411109924,0.09670838713645935,0.3276294469833374,0.2842024862766266,-0.13636279106140137,-0.023093868046998978,0.03727061301469803,-0.08717261254787445,0.10024722665548325,0.17674323916435242,0.13145260512828827,0.01996901072561741,-0.3015654385089874,-0.25387802720069885,-0.07749785482883453,0.001047077588737011,0.19864431023597717,0.2908402979373932,-0.2769213318824768,-0.13415947556495667,0.1494252234697342,0.12391483783721924,0.04329114034771919,-0.07883050292730331,-0.24220578372478485,-0.3356051743030548,-0.19108638167381287,0.14288923144340515,-0.08941769599914551,0.11488280445337296,0.015690702944993973,-0.15473324060440063,0.1873384416103363,-0.5989517569541931,-0.25316378474235535,0.18139278888702393,0.12836545705795288,-0.01282523013651371,0.09764618426561356,0.19464954733848572,-0.10879689455032349,-0.6456554532051086,-0.11438431590795517,0.16168959438800812,0.02014087699353695,0.1427844762802124,0.2617120146751404,-0.2839416563510895,-0.36292755603790283,-0.11641671508550644,-0.3008264899253845,0.13138914108276367,-0.047898225486278534,0.19363786280155182,-0.002061516046524048,0.39429447054862976,0.27774637937545776,0.011856927536427975,-0.05285924673080444,0.024309638887643814,0.5856228470802307,-0.11722644418478012,0.023176193237304688,0.022639017552137375,-0.009593799710273743,-0.09294860810041428,0.09668568521738052,0.16025158762931824,0.04720240831375122,0.07159348577260971,-0.10617983341217041,0.04307042434811592,0.6324638724327087,-0.35027286410331726,0.23460988700389862,0.07018624246120453,-0.11650629341602325,0.14952513575553894,-0.023562461137771606,-0.02871032990515232,0.19381852447986603,0.07410876452922821,0.27333977818489075,-0.4992239475250244,-0.4085775315761566,0.16766200959682465,0.17059414088726044,-0.2002534121274948,-0.1266530305147171,0.15793927013874054,-0.17518343031406403,-0.3213893175125122,-0.22462359070777893,0.05703406408429146,0.06637448072433472,0.024229690432548523,-0.07551687210798264,0.07372857630252838,-0.14204564690589905,0.3469078242778778,0.11831687390804291,0.34556183218955994,0.29448840022087097,-0.22980432212352753,0.05806659534573555,0.14464357495307922,-0.2740999758243561,-0.12619666755199432,-0.05310647934675217,0.046565860509872437,-0.025429140776395798,0.24278929829597473,-0.21720977127552032,-0.11348003149032593,-0.0009415537351742387,0.05171691253781319,-0.1825869232416153,-0.16514280438423157,-0.25249549746513367,0.17288850247859955,-0.05189492180943489,0.11058773100376129,-0.010417592711746693,-0.20417973399162292,-0.13675406575202942,-0.28525882959365845,-0.0029458969365805387,0.0021821639966219664,0.20528116822242737,-0.20643725991249084,0.35882997512817383,-0.2168145477771759,0.2578979432582855,0.1068386435508728,-0.11543142795562744,-0.20282430946826935,0.18785110116004944,0.14781315624713898,-0.23479728400707245,-0.06415409594774246,-0.1533821076154709,-0.2643544375896454,0.11969715356826782,0.009907936677336693,0.3390257656574249,0.03426101803779602,0.22838139533996582,-0.04559887945652008,-0.03828592225909233,-0.1621939092874527,0.010833239182829857,0.01716315746307373,0.09719543159008026,-0.2688298523426056,0.06894849240779877,-0.26376965641975403,0.07338401675224304,-0.260689914226532,-0.11291184276342392,0.1595899760723114,0.007805180735886097,0.38502541184425354,0.26901671290397644,0.31257808208465576,0.25359946489334106,0.12094573676586151,0.09626717120409012,-0.11951041221618652,-0.12814834713935852,0.14036543667316437,0.08087953180074692,-0.09571172297000885,0.001674908446148038,-0.23322069644927979,0.1307728886604309,-0.23707401752471924,-0.09256960451602936,-0.16682343184947968,0.18059208989143372,-0.11316432058811188,0.16621553897857666,0.002188895596191287,-0.09137147665023804,-0.1050083190202713,0.26242595911026,-0.04914235696196556,-0.02800927683711052,0.1061481460928917,0.3578753173351288,-0.3970479965209961,0.010464402846992016,-0.05343744903802872,0.10860054194927216,-0.4081767499446869,0.23641255497932434,0.3020640015602112,0.0348316915333271,-0.15543249249458313,0.12614716589450836,-0.03469253331422806,-0.6507583856582642,-0.09353440999984741,0.3034258484840393,-0.2712734341621399,0.14022979140281677,-0.26358622312545776,0.011007643304765224,0.12102848291397095
CID000005496,461,0.3059006929397583,0.14146903157234192,0.05411925166845322,0.5809063911437988,-0.6022774577140808,0.3515019416809082,-0.23776662349700928,0.12475354969501495,0.035134073346853256,0.4328646659851074,-0.06885781139135361,-0.2742622196674347,-0.28543704748153687,0.541174054145813,0.07660351693630219,-0.09496984630823135,-0.22279119491577148,-0.1883995085954666,0.21733136475086212,-0.552801251411438,0.2552582621574402,-0.03496909141540527,0.019112365320324898,-0.7208508849143982,-0.23540711402893066,-0.2250114381313324,-0.4882814288139343,-0.1677219569683075,0.11880777031183243,-0.022492073476314545,-0.08574444055557251,0.16203518211841583,-0.01262286864221096,0.02672160230576992,-0.17785745859146118,0.061766017228364944,-0.11125650256872177,0.2774219512939453,0.11818961054086685,-0.049481190741062164,-0.11438418924808502,-0.04188965633511543,0.11510948836803436,-0.0875077024102211,-0.2352018654346466,0.2907869815826416,0.0108342245221138,0.05118073150515556,-0.023454174399375916,0.2712971568107605,0.7199639081954956,-0.14132481813430786,-0.11813416332006454,0.1470194011926651,0.07716858386993408,-0.28336313366889954,0.2545749545097351,-0.01261468231678009,0.5459538102149963,0.047269176691770554,-0.03725196793675423,-0.4404453635215759,-0.21534380316734314,-0.026880526915192604,-0.16187666356563568,0.9768722653388977,-0.35610848665237427,0.2783915102481842,0.09565945714712143,0.06065946817398071,0.04035920649766922,-0.2867947220802307,-0.2494921237230301,-0.6408309936523438,-0.09437204897403717,0.3365665674209595,-0.11045069992542267,-0.22526076436042786,-0.20594795048236847,0.04100973159074783,-0.2833753228187561,-0.43541163206100464,-0.27525684237480164,0.22873134911060333,-0.09079884737730026,-0.5631935000419617,-0.06478522717952728,0.13541826605796814,-0.06768922507762909,-0.8752069473266602,0.07315633445978165,0.22974331676959991,0.20193195343017578,0.2052111178636551,-0.11696934700012207,-0.2796574831008911,0.00643157958984375,0.07189162820577621,0.1410573422908783,0.21662768721580505,-0.16671033203601837,0.12386085838079453,-0.005741185043007135,0.33057263493537903,-0.2811061441898346,-0.21318688988685608,0.036397576332092285,0.07056297361850739,0.2729854881763458,0.0804322212934494,-0.1598091572523117,0.2820398211479187,0.21789145469665527,-0.7193663120269775,-0.29882633686065674,0.07425731420516968,-0.1999320089817047,-0.1507110893726349,-0.07843299955129623,-0.00942794419825077,0.8105645179748535,-0.1491582840681076,0.1464139074087143,-0.10934251546859741,-0.20578332245349884,0.6538577675819397,-0.09612209349870682,-0.7496415376663208,0.18843309581279755,-0.11186151206493378,0.0986735001206398,-0.5935777425765991,-0.4454699158668518,0.24219438433647156,0.09473313391208649,0.4878513216972351,0.06716114282608032,0.3798370659351349,0.06051316112279892,-0.26814037561416626,0.10615463554859161,0.5466375946998596,0.060411952435970306,-0.08598321676254272,0.1333364099264145,0.17822480201721191,-0.3820578455924988,0.7767583727836609,-0.1773701161146164,-0.03731730580329895,-0.08816865086555481,-0.5095720291137695,0.29645758867263794,0.13862332701683044,-0.33043360710144043,-0.02515600062906742,0.12986698746681213,-0.11280219256877899,0.07935655862092972,0.2292308509349823,-0.12796317040920258,-0.017616387456655502,0.029847050085663795,0.1477181613445282,0.04676705226302147,-0.011029688641428947,0.32552263140678406,-0.07875571399927139,-0.3122095763683319,0.05645762011408806,-0.0014887482393532991,0.0033737390767782927,-0.09279853105545044,-0.13934427499771118,-0.12174028158187866,-0.022506527602672577,-0.13543911278247833,-0.09910286962985992,0.6940966844558716,0.11068622022867203,-0.06129701808094978,0.36096733808517456,-0.1316206008195877,-0.2553684413433075,0.22262433171272278,0.049543559551239014,-0.06624968349933624,-0.2130991667509079,0.19684533774852753,-0.3193478584289551,0.14909283816814423,-0.03981928899884224,-0.049877189099788666,-0.039873190224170685,0.44272032380104065,0.2760167717933655,-0.0651044249534607,-0.04402916878461838,0.02049063891172409,0.4362548887729645,-0.14064176380634308,-0.42251133918762207,0.1696149855852127,-0.11898045241832733,-0.008037438616156578,0.2855321764945984,-0.21902456879615784,0.20359544456005096,1.0494575500488281,0.4010874629020691,0.37268632650375366,0.3290819227695465,-0.0896642655134201,0.3935311436653137,-0.07117137312889099,-0.20204851031303406,-0.027369197458028793,0.22765004634857178,0.25649651885032654,0.2466500699520111,-0.10696127265691757,-0.23157402873039246,-0.07378033548593521,-0.14714930951595306,-0.04054753854870796,0.08991219848394394,-0.022113550454378128,-0.3038840889930725,-0.2887592911720276,0.13209858536720276,0.057198476046323776,0.2895042896270752,-0.05042259767651558,-0.1385132521390915,0.00039694010047242045,0.15014472603797913,0.961224377155304,-0.46669015288352966,0.003595176385715604,-0.28998202085494995,0.0930093452334404,-0.18971145153045654,-0.22249563038349152,0.4105803370475769,-0.24035200476646423,0.040096379816532135,0.20994222164154053,-0.054578136652708054,-0.8523761630058289,-0.3187253475189209,0.2250252217054367,-0.28578633069992065,0.08954761922359467,-0.55291748046875,0.05860186740756035,0.6524218320846558
CID000005005,462,-0.08474178612232208,-0.03483228757977486,-0.12642231583595276,0.4567970633506775,-0.20225386321544647,0.029925476759672165,-0.03507075086236,0.30410605669021606,0.18036529421806335,0.05650071054697037,-0.1344369649887085,-0.08612308651208878,-0.22532007098197937,0.13963527977466583,0.04555966705083847,-0.07420762628316879,-0.15868966281414032,-0.07899510860443115,-0.0283021442592144,-0.5972698330879211,-0.17756415903568268,-0.14378730952739716,-0.07361992448568344,-0.7948446273803711,0.008153495378792286,0.21999013423919678,-0.2861533761024475,-0.027122389525175095,-0.1847006380558014,0.2390826940536499,-0.2173498421907425,0.29327237606048584,-0.08705969154834747,-0.09396745264530182,0.07103423774242401,-0.014026599936187267,-0.0030071078799664974,0.13186974823474884,0.3637595772743225,-0.24167117476463318,-0.06058080121874809,-0.45782509446144104,0.2885447144508362,-0.240912526845932,-0.007327234838157892,0.4681841731071472,-0.21956293284893036,0.09914715588092804,0.12315090000629425,-0.17204029858112335,0.44822344183921814,-0.19962027668952942,-0.181420236825943,-0.14508122205734253,-0.053856682032346725,-0.18370263278484344,-0.33790308237075806,0.2235187292098999,-0.029526274651288986,-0.07041319459676743,-0.19216446578502655,-0.27557170391082764,0.26975151896476746,-0.17818967998027802,0.33046993613243103,0.49031949043273926,-0.32298189401626587,-0.041153401136398315,0.20336619019508362,0.03809044882655144,0.05458009988069534,-0.0319749116897583,-0.3610196113586426,-0.11501238495111465,-0.30419987440109253,-0.0405723974108696,0.07232172787189484,0.09481225907802582,-0.20828941464424133,0.10632586479187012,0.4157981872558594,-0.22783935070037842,-0.46469321846961975,0.07736142724752426,0.29811781644821167,-0.3417641520500183,0.13493241369724274,0.41118746995925903,0.058961234986782074,-0.7554455995559692,-0.16570064425468445,0.2779037058353424,-0.21751639246940613,-0.03365270048379898,0.05175712704658508,-0.37694668769836426,0.17341606318950653,-0.42545780539512634,-0.12417340278625488,0.10453369468450546,-0.10842722654342651,0.18920497596263885,0.05700642615556717,0.27543801069259644,-0.06569234281778336,0.0875537171959877,0.07130216062068939,0.04168765991926193,0.5161361694335938,0.12647554278373718,-0.029202153906226158,0.3194267451763153,-0.4144269526004791,0.05033810809254646,0.28383690118789673,0.3841371536254883,-0.22466540336608887,-0.019406409934163094,-0.1394471973180771,0.1672912985086441,0.6707376837730408,0.000534617924131453,0.4230629801750183,0.41587337851524353,-0.08764556795358658,-0.011197899468243122,0.09392781555652618,-0.14479461312294006,0.45324039459228516,-0.002039095852524042,-0.025176692754030228,-0.3703935742378235,-0.037377700209617615,0.023470120504498482,0.3852127492427826,0.21011653542518616,0.11074669659137726,0.19503149390220642,0.05536683648824692,-0.4010276198387146,-0.2577783465385437,0.17048946022987366,-0.01703437604010105,-0.2050333023071289,0.006469354033470154,0.22203192114830017,-0.06410171836614609,0.4916912019252777,0.14816544950008392,0.32670241594314575,0.11530999839305878,-0.23547200858592987,-0.04950247332453728,-0.07094132900238037,-0.24891670048236847,-0.18059799075126648,0.041566889733076096,-0.28089582920074463,0.15744824707508087,0.34036320447921753,0.2479558289051056,0.2818874716758728,0.005014943424612284,0.06184099242091179,-0.04512954130768776,-0.08616699278354645,-0.22960694134235382,0.03315287083387375,0.05353111773729324,0.36195531487464905,0.1948012113571167,-0.1693500578403473,-0.24042002856731415,-0.6229143142700195,-0.18090298771858215,0.1449349820613861,0.10072539001703262,-0.41946855187416077,0.41484004259109497,0.06497981399297714,0.09544942528009415,-0.23335489630699158,-0.1118147224187851,-0.20979087054729462,0.6903820037841797,0.0794200450181961,-0.5637060403823853,0.08656613528728485,-0.012690385803580284,-0.35328131914138794,-0.3927967846393585,0.22101251780986786,0.10137785971164703,0.05294008180499077,0.2597309350967407,-0.0645565539598465,0.22860915958881378,-0.1428419053554535,0.007251416333019733,0.23794105648994446,-0.030809789896011353,-0.13292472064495087,-0.2158193290233612,-0.21699027717113495,0.06800886988639832,-0.23011203110218048,-0.08888356387615204,0.04235833138227463,0.1423373520374298,0.5864166021347046,0.41514959931373596,0.09401501715183258,0.23440055549144745,0.327111154794693,0.16810283064842224,-0.04289555549621582,0.2357974499464035,0.16282223165035248,-0.08291524648666382,-0.23228594660758972,-0.07549215108156204,0.013308743014931679,0.05602526664733887,-0.2780379354953766,0.15532641112804413,-0.42763787508010864,0.107725128531456,-0.42428645491600037,-0.07648326456546783,0.08589979261159897,-0.14222022891044617,0.26533427834510803,0.2009778469800949,-0.019909916445612907,0.12870626151561737,0.0055265724658966064,0.4441652297973633,-0.2819920480251312,-0.024678584188222885,-0.2093401849269867,0.2585241198539734,-0.6541121006011963,0.19349263608455658,0.10260715335607529,-0.13286104798316956,-0.05752504989504814,0.21224617958068848,-0.02123025618493557,-0.5964733362197876,-0.2947482168674469,0.40246039628982544,0.06113321706652641,0.08235196769237518,-0.04099113121628761,-0.16412362456321716,0.21016958355903625
CID000003763,466,0.19711361825466156,-0.30619630217552185,-0.09667609632015228,0.6977651715278625,-0.47740206122398376,0.06955353170633316,-0.33095231652259827,0.09612242132425308,-0.23915211856365204,0.06273235380649567,0.22724390029907227,0.032991357147693634,-0.3984507620334625,0.11081309616565704,0.3935496211051941,0.2826147973537445,0.23980233073234558,0.11799490451812744,-0.166547030210495,-1.1371644735336304,0.07879368960857391,-0.05714285373687744,-0.06724657863378525,-0.8571654558181763,0.11324813216924667,0.02847299352288246,0.169590562582016,-0.08749736100435257,0.2740464210510254,0.06122758984565735,0.04392581433057785,0.18387214839458466,-0.13232983648777008,-0.24468795955181122,0.10508708655834198,-0.08847776800394058,-0.18085792660713196,0.5842834711074829,-0.033765025436878204,0.1360151171684265,0.10780727863311768,0.4667833745479584,0.06453190743923187,-0.44439488649368286,0.03798200935125351,-0.03239435702562332,0.18710337579250336,-0.02244890294969082,0.07822223007678986,-0.11154347658157349,0.6241359114646912,-0.29195988178253174,0.007242172956466675,0.02414526417851448,-0.016275983303785324,0.04139389842748642,0.757675290107727,-0.14437177777290344,0.5975080728530884,0.2004130333662033,-0.38140490651130676,-0.04879114776849747,0.058586686849594116,0.044726479798555374,-0.18387600779533386,0.23115487396717072,-0.05200333520770073,-0.2082051783800125,0.12945786118507385,0.33004769682884216,0.4047103822231293,-0.16924293339252472,-0.09363245218992233,-0.15187516808509827,0.030872821807861328,0.18301990628242493,-0.41059789061546326,-0.7503724694252014,0.17527788877487183,-0.3203248083591461,0.6225641965866089,-0.7417271733283997,-0.16774176061153412,0.27640801668167114,-0.03057873249053955,-0.004577243234962225,0.2148493528366089,0.20384714007377625,-0.18927842378616333,-0.9245941042900085,-0.6841303110122681,0.22135701775550842,0.1574063003063202,-0.30890634655952454,-0.14956144988536835,-0.21628005802631378,0.24185268580913544,-0.059745945036411285,0.19021806120872498,0.7782973051071167,0.37291160225868225,0.37540513277053833,-0.10874851047992706,0.5068095922470093,-0.9569633603096008,-0.12241894006729126,-0.02539926767349243,-0.27873677015304565,0.6322453022003174,1.4075855016708374,0.09245047718286514,0.07706427574157715,0.39945319294929504,-0.3122413754463196,-0.3175203502178192,0.07197791337966919,-0.17289742827415466,0.22324013710021973,0.512460470199585,-0.02823702059686184,1.1491119861602783,-0.2318577766418457,0.021086478605866432,-0.08140724897384644,-0.17636336386203766,-0.17729559540748596,-0.19418799877166748,0.0964353084564209,0.12190037965774536,0.2277267724275589,0.3681000769138336,-0.857685387134552,-0.26423823833465576,0.1820279210805893,-0.0952281504869461,0.5515254139900208,0.0015410601627081633,0.10829117149114609,-0.04934617877006531,-0.7280756831169128,-0.2602164149284363,0.12503859400749207,-0.5090634226799011,0.04909755662083626,0.03281043842434883,0.15037254989147186,0.3298982083797455,0.9516191482543945,-0.08571343123912811,0.09713374078273773,-0.40230193734169006,-1.244882345199585,-0.08292727172374725,0.15470434725284576,-0.29006844758987427,0.24660876393318176,-0.02186008170247078,-0.31960803270339966,-0.19313859939575195,0.02147347293794155,0.11190757900476456,0.31275123357772827,-0.2646448016166687,0.20186083018779755,0.3559596836566925,0.2636745870113373,0.11831741034984589,0.5270405411720276,0.2964509129524231,-0.21765398979187012,0.035080961883068085,-0.49551478028297424,0.001590189291164279,-0.012368577532470226,-0.18254031240940094,-0.13937726616859436,0.37581783533096313,-0.518759548664093,0.9572097659111023,0.4603901505470276,-0.2961464524269104,0.12271036952733994,-0.09202911704778671,-0.199324369430542,0.2470649927854538,-0.17084826529026031,-0.11780156940221786,-0.2535412907600403,-0.010083419270813465,-0.1370755434036255,-0.021351605653762817,0.1138235554099083,0.3173922896385193,-1.7315915822982788,-0.06158073991537094,0.06095222383737564,0.15700772404670715,-0.267158567905426,-0.27878743410110474,0.18593817949295044,-1.004258394241333,-0.25129368901252747,-0.02049737051129341,-0.16683827340602875,0.43896523118019104,0.337977796792984,-0.04461628943681717,0.019042717292904854,0.3926870822906494,0.5052565336227417,0.20339271426200867,0.26606103777885437,0.11246900260448456,0.17557458579540253,0.007760739419609308,-0.7614392042160034,-0.03889560326933861,1.041286826133728,0.26147887110710144,0.2402845174074173,0.22219900786876678,0.2534554898738861,-0.1247669905424118,-0.3100714087486267,0.2489035576581955,-0.34820878505706787,-0.3965992331504822,-0.6020044088363647,0.39200425148010254,0.10306514799594879,-0.011096568778157234,0.415962278842926,-0.14748238027095795,0.09959212690591812,0.06799300014972687,0.3423698842525482,1.2193260192871094,-0.12138195335865021,0.07501045614480972,-0.0905037522315979,-0.47884267568588257,-0.811093807220459,-0.22000138461589813,0.03775488957762718,-0.16827988624572754,-0.029367703944444656,-0.0777810662984848,0.2190251648426056,-1.3550643920898438,-0.24714908003807068,0.019737709313631058,0.0827474296092987,0.08949846029281616,0.00358336279168725,-0.23012952506542206,-0.16036275029182434
CID000002973,467,0.3159852623939514,-0.19430145621299744,0.02342994138598442,0.41316166520118713,-0.6255224943161011,0.15348801016807556,0.3303526043891907,0.20394960045814514,-0.3712873160839081,0.1265445202589035,0.18745896220207214,-0.21926748752593994,-0.189352348446846,0.19485631585121155,0.0710664615035057,-0.11601750552654266,0.1103232353925705,-0.2948291301727295,0.05905739217996597,-0.5842992067337036,0.2934190034866333,-0.3451971411705017,0.021830063313245773,-0.8158709406852722,0.14989598095417023,-0.20182529091835022,0.012367591261863708,-0.09266950190067291,-0.12777408957481384,0.17529255151748657,0.22767484188079834,0.21377244591712952,0.09883400797843933,0.03921633958816528,-0.049527764320373535,-0.3115746080875397,-0.0350891575217247,0.10493078082799911,0.1427433043718338,0.13361580669879913,0.04391384869813919,-0.005979353096336126,0.01073838584125042,-0.18577317893505096,-0.10373153537511826,0.2858591377735138,0.12530246376991272,0.0616009458899498,0.007260152604430914,-0.06324122846126556,0.40482038259506226,0.12410517781972885,-0.2826530337333679,-0.12422249466180801,-0.08243073523044586,0.01272361259907484,0.2630773186683655,0.17407019436359406,0.4660699963569641,-0.09475097060203552,-0.22560182213783264,-0.35393935441970825,0.2284339964389801,-0.04672401025891304,0.0038259923458099365,0.4257274568080902,-0.2551591694355011,-0.4475627839565277,0.31641629338264465,-0.04579252004623413,-0.07488714158535004,-0.6012712717056274,-0.195445254445076,-0.5150227546691895,-0.10480587184429169,0.3386141359806061,0.026751935482025146,0.17305931448936462,0.023379072546958923,-0.15957064926624298,0.45361390709877014,-0.8065540194511414,-0.3081997036933899,0.25608617067337036,-0.07046614587306976,-0.07472476363182068,0.23604054749011993,0.17703285813331604,0.1650245487689972,-0.706822395324707,-0.12067706882953644,0.09665502607822418,0.08360835164785385,-0.014741921797394753,-0.012547051534056664,-0.16673710942268372,-0.15561991930007935,-0.24727094173431396,0.2488582581281662,0.13874134421348572,-0.17016182839870453,0.34266746044158936,0.10800132900476456,0.21360483765602112,0.1254281997680664,-0.01041113305836916,-0.01873471960425377,-0.3465588092803955,0.5675576329231262,-0.13284185528755188,-0.09365801513195038,0.08310516923666,0.1272827833890915,-0.29268425703048706,-0.20233508944511414,0.09765281528234482,-0.05534210056066513,-0.15278096497058868,-0.1290781944990158,0.1158691868185997,0.7640151977539062,-0.04490642622113228,0.26678353548049927,-0.1192537322640419,0.3054606020450592,0.02604951336979866,0.02043141983449459,0.12469270080327988,0.17865395545959473,0.19826535880565643,0.2156457006931305,-0.5422700047492981,-0.5313366055488586,0.052202872931957245,-0.04411987215280533,0.03690444678068161,-0.28708013892173767,0.31038498878479004,-0.16669687628746033,-0.2832181751728058,-0.17430947721004486,0.1721504181623459,0.05442780256271362,-0.12423712015151978,-0.036710403859615326,0.14371465146541595,0.09151024371385574,0.5650054216384888,-0.35460299253463745,0.03239663317799568,0.17659330368041992,-0.44279709458351135,-0.2779795527458191,0.2703916132450104,-0.13476140797138214,-0.054158955812454224,-0.014418235048651695,-0.15831199288368225,-0.13667844235897064,0.10161922872066498,-0.06318418681621552,0.00024029015912674367,-0.12434172630310059,-0.1672886610031128,-0.04169059544801712,-0.06877986341714859,0.12076165527105331,0.36829322576522827,0.11251946538686752,0.24967750906944275,-0.08778681606054306,-0.0698794573545456,0.18134954571723938,-0.039523813873529434,-0.0033838688395917416,-0.09325955808162689,0.2636253535747528,-0.2479516565799713,0.4190605580806732,-0.12985984981060028,0.08478669077157974,0.1556740254163742,0.04804670810699463,0.042619489133358,0.19843649864196777,0.13634434342384338,-0.4160885810852051,0.09834225475788116,-0.13939189910888672,-0.18349356949329376,-0.32632941007614136,-0.0408371165394783,0.3442979156970978,-0.11245473474264145,0.024335086345672607,-0.32998964190483093,-0.06582547724246979,0.14409062266349792,0.17204226553440094,0.4271179735660553,-0.2999486029148102,-0.370741605758667,0.02272162400186062,-0.15634480118751526,0.045343369245529175,-0.18828214704990387,-0.27172964811325073,0.23717036843299866,-0.032217927277088165,0.4097743034362793,0.3505612313747406,0.24565856158733368,0.17734959721565247,0.20512552559375763,-0.11809279769659042,-0.15481309592723846,0.07320228964090347,0.559264600276947,0.044109608978033066,0.23810963332653046,0.016843775287270546,-0.12388844788074493,-0.013248419389128685,-0.11808820813894272,-0.046700309962034225,-0.2525053918361664,-0.3084053099155426,-0.012232089415192604,-0.1935047209262848,0.28291115164756775,-0.1157798022031784,0.13393470644950867,0.1325671672821045,-0.2031237781047821,-0.1497233808040619,0.28886446356773376,0.4207456707954407,-0.45942601561546326,-0.011414858512580395,-0.1891433298587799,-0.07448782026767731,-0.6473597288131714,-0.05819699913263321,0.521497905254364,0.02053873799741268,-0.022343143820762634,0.18390744924545288,0.2808043956756592,-0.8722750544548035,-0.25382477045059204,0.2871646285057068,-0.393289178609848,-0.19224461913108826,-0.3695281445980072,-0.0993867889046669,0.22361359000205994
CID000005376,468,0.03744426742196083,0.07563768327236176,-0.047643065452575684,0.3708699643611908,-0.2607715129852295,0.2000243216753006,-0.024371374398469925,0.3533417582511902,-0.09987686574459076,0.12847647070884705,0.31772059202194214,0.08880095183849335,-0.05748824402689934,0.2010280191898346,-0.0399693064391613,-0.016453420743346214,-0.08600033819675446,-0.012532345950603485,0.24408002197742462,-0.3697618246078491,0.11262214183807373,-0.319633811712265,-0.3758823871612549,-0.7630944848060608,-0.29583221673965454,-0.16432355344295502,-0.18205970525741577,0.03293512389063835,0.07477089017629623,0.034766655415296555,-0.2196797877550125,0.3308691084384918,-0.06376080960035324,0.06912088394165039,-0.03638207167387009,-0.152800053358078,0.15437299013137817,0.18334564566612244,0.058834683150053024,-0.2032768279314041,0.09915915876626968,-0.06377430260181427,0.05724925920367241,-0.30827394127845764,-0.10036937892436981,0.3531111478805542,-0.010236005298793316,-0.02578067220747471,0.002109093591570854,-0.05070148780941963,0.2882353663444519,0.03469926863908768,-0.33130523562431335,-0.06360422074794769,0.036938853561878204,-0.13607168197631836,-0.08300105482339859,0.04385947436094284,0.06866832077503204,-0.1293187439441681,-0.35315626859664917,-0.2796664535999298,-0.009793693199753761,0.08899684995412827,0.2578032612800598,0.3157954812049866,-0.1126413568854332,-0.08082587271928787,0.25687527656555176,0.03627290576696396,0.18196114897727966,-0.37671124935150146,-0.42466720938682556,-0.26269441843032837,-0.2158479243516922,0.20538464188575745,-0.03797559440135956,-0.11526340246200562,-0.19636446237564087,-0.05244336649775505,0.4725285470485687,-0.5976687669754028,-0.2601219713687897,-0.21946385502815247,-0.04939858987927437,-0.1665589064359665,0.21780391037464142,0.0006634175661019981,-0.01071141380816698,-0.7797893285751343,-0.1823839694261551,0.3513759970664978,0.12758417427539825,0.1076829805970192,-0.2696031630039215,-0.40038126707077026,-0.04734058305621147,-0.12370927631855011,0.1823299378156662,0.032149992883205414,0.006277607288211584,0.11155568063259125,-0.00708345603197813,0.538260817527771,0.03461993485689163,0.006116877309978008,0.24689039587974548,-0.3391092121601105,0.47320690751075745,0.04496491700410843,-0.02217537723481655,0.22774608433246613,-0.10310187190771103,-0.013326644897460938,-0.05356651544570923,0.10891387611627579,-0.20065617561340332,-0.012044226750731468,-0.11582668125629425,0.3121050000190735,0.6530629396438599,-0.38477855920791626,0.3713037371635437,0.22836926579475403,-0.08295615017414093,-0.017676206305623055,-0.05185221508145332,0.232182577252388,0.100984588265419,-0.013379698619246483,0.11976244300603867,-0.4281395375728607,-0.21396417915821075,0.19179558753967285,0.25472649931907654,0.08444906771183014,-0.0522884838283062,0.02196275256574154,-0.4210478365421295,-0.26131319999694824,-0.17473247647285461,0.13014331459999084,0.027212629094719887,-0.056650858372449875,0.002726995851844549,0.05855509638786316,-0.13801246881484985,0.41664204001426697,-0.037406452000141144,0.22078828513622284,-0.2916732728481293,-0.2001899778842926,0.18412646651268005,-0.05515817552804947,-0.4212794899940491,-0.06722135841846466,0.053538668900728226,-0.12773576378822327,0.1700783520936966,0.38396358489990234,0.025073766708374023,-0.07283448427915573,-0.1417081505060196,-0.059150077402591705,0.05315190553665161,0.09332156181335449,-0.339050829410553,0.1784803867340088,0.11148955672979355,0.14925533533096313,-0.11165039241313934,-0.2516160309314728,-0.1262253224849701,-0.3081471920013428,0.01969178393483162,-0.0937812477350235,0.23105081915855408,-0.2360268533229828,0.584315299987793,-0.07535162568092346,0.11366478353738785,-0.0331919863820076,-0.0990980938076973,-0.21470312774181366,0.3882286548614502,-0.06777431070804596,-0.32380858063697815,0.13473011553287506,-0.05929800122976303,-0.24959048628807068,0.05576702952384949,0.1309123933315277,0.3629308342933655,-0.04020029306411743,0.0360531359910965,-0.1306479424238205,0.1590188443660736,-0.14722929894924164,0.0006335407379083335,0.39822596311569214,0.1865803450345993,-0.11348211765289307,0.05506424978375435,-0.2782011032104492,0.16080307960510254,-0.1407053917646408,-0.05217604711651802,0.027638375759124756,-0.002867198083549738,0.3796404004096985,0.30074626207351685,-0.12152640521526337,0.16875144839286804,0.15903905034065247,0.13491882383823395,-0.10296382009983063,0.06256624311208725,0.2009357511997223,0.08957565575838089,0.11626262962818146,-0.04987018182873726,0.01659834384918213,-0.20583263039588928,-0.31824755668640137,-0.02875661477446556,-0.22080130875110626,-0.15385545790195465,-0.04238446056842804,0.029917392879724503,-0.08119276911020279,-0.05966583639383316,0.07159160077571869,0.14014768600463867,-0.06184215471148491,0.17221865057945251,0.36521807312965393,0.3403494954109192,-0.31661456823349,0.12266993522644043,-0.27824676036834717,0.07540135830640793,-0.5850318670272827,0.12384951114654541,0.19187574088573456,-0.3283432126045227,0.007474513258785009,0.14974866807460785,0.03978612273931503,-0.5045173168182373,-0.0898505449295044,0.314166784286499,-0.24066035449504852,0.018164411187171936,0.017989443615078926,0.14171747863292694,-0.08812014013528824
CID000003198,469,0.19459310173988342,-0.019852187484502792,0.11347775161266327,0.5003472566604614,-0.1482335776090622,0.003173254430294037,0.036037199199199677,0.23853297531604767,-0.016640562564134598,0.6210735440254211,0.13457690179347992,-0.839991569519043,0.05531170964241028,0.2371235191822052,0.06450257450342178,0.042640142142772675,0.13521592319011688,-0.21632039546966553,0.13314774632453918,-0.5908368229866028,0.01402340829372406,-0.3151763677597046,0.06467332690954208,-0.9501588940620422,0.15509605407714844,0.44351816177368164,-0.1456906497478485,0.13580486178398132,0.15249131619930267,0.20782935619354248,-0.1707293689250946,0.25750595331192017,0.16378946602344513,-0.004541349597275257,-0.038505345582962036,-0.2558041214942932,-0.028553122654557228,0.20173926651477814,0.03553327918052673,-0.1403806358575821,0.055930934846401215,-0.3229363262653351,0.154316708445549,-0.42626023292541504,0.0523374006152153,-0.018774885684251785,0.0502767339348793,0.018607381731271744,0.2313518524169922,-0.20706386864185333,0.5569090843200684,0.12811623513698578,-0.2710978388786316,0.08158852159976959,-0.5291273593902588,-0.18693575263023376,0.38052043318748474,0.09205277264118195,1.2336208820343018,0.12382762134075165,-0.1659749448299408,-0.3389560878276825,0.10011426359415054,-0.44931697845458984,0.03536162152886391,0.8049749135971069,-0.2865331768989563,-0.02464449405670166,-0.1095888614654541,0.3948242664337158,0.1261252611875534,0.3111647665500641,-0.2886331081390381,-0.5072461366653442,-0.5912394523620605,0.12250494956970215,-0.057698410004377365,0.018571704626083374,-0.09872424602508545,-0.14874176681041718,-0.11605232954025269,-0.22221775352954865,-0.29621872305870056,0.262902170419693,0.06457234919071198,-0.11931703239679337,0.511381208896637,0.028122108429670334,0.12429435551166534,-0.8928267359733582,-0.11498749256134033,0.2284896820783615,0.10285073518753052,0.7098335027694702,0.11020752042531967,-0.3268049359321594,0.2869129478931427,-0.019866157323122025,0.26913413405418396,0.26161670684814453,-0.39279770851135254,-0.01146996021270752,-0.1477087140083313,0.5327664613723755,-0.18626955151557922,0.1474926471710205,0.03819320350885391,-0.01844167336821556,0.6870209574699402,0.5615795850753784,-0.12275773286819458,0.08550793677568436,-0.030698668211698532,-0.4981827735900879,0.03952040150761604,0.3347148597240448,0.2228524386882782,0.2991800904273987,0.17397068440914154,0.11616680771112442,1.209712266921997,-0.4419005513191223,0.08990634232759476,0.14280907809734344,-0.0738140195608139,0.13419564068317413,-0.10185568034648895,-0.13802358508110046,0.4189755320549011,-0.09387023746967316,-0.010762517340481281,-0.475330650806427,-0.11292779445648193,-0.09768296778202057,0.11629273742437363,0.024746138602495193,-0.08195535838603973,0.42256850004196167,-0.2269926369190216,-0.11034399271011353,-0.1821472942829132,0.30721262097358704,-0.09599632024765015,-0.10307128727436066,-0.16510865092277527,0.32494789361953735,-0.32932761311531067,0.9273190498352051,0.04330319166183472,0.3932401239871979,-0.024742823094129562,-0.6979199647903442,-0.1873769611120224,0.12269584089517593,-0.16186127066612244,0.22400560975074768,0.4543064534664154,-0.17014631628990173,0.13007639348506927,0.2307606190443039,-0.19370034337043762,0.10066542774438858,-0.0934230163693428,-0.02187318727374077,0.0009290635352954268,-0.2084808051586151,-0.23776261508464813,0.0790170282125473,-0.00581383565440774,0.474672794342041,0.21430173516273499,-0.24270029366016388,-0.3255203068256378,-0.013744518160820007,0.21839134395122528,-0.0011155724059790373,0.2902294099330902,-0.6000263690948486,0.7930548787117004,-0.18555663526058197,0.2632581293582916,0.14292028546333313,0.013775812461972237,0.0980975404381752,0.1498144567012787,0.22178396582603455,-0.10548701137304306,-0.46569007635116577,0.12650540471076965,-0.5003360509872437,-0.3341059684753418,0.49798470735549927,0.17086568474769592,-0.0510161891579628,0.18327750265598297,-0.04929833114147186,-0.15381105244159698,-0.42845678329467773,-0.01150848250836134,-0.29694291949272156,0.039897702634334564,-0.4588794708251953,-0.12639875710010529,-0.46692171692848206,0.045140933245420456,-0.10171433538198471,-0.29803743958473206,-0.011307496577501297,1.0184627771377563,0.4872744083404541,0.3946024477481842,0.3531709313392639,0.09499885141849518,0.11132786422967911,0.49217361211776733,-0.846064567565918,0.0042816223576664925,0.3135049641132355,-0.11173856258392334,-0.04896567389369011,0.172122985124588,-0.44925442337989807,0.0819152295589447,-0.3655564785003662,-0.023397674784064293,0.020832449197769165,-0.1739491969347,-0.5633741617202759,-0.2741762399673462,-0.10000741481781006,-0.06655822694301605,0.08018844574689865,0.009814475663006306,0.35677406191825867,0.006691446993499994,0.10301236808300018,0.6286076903343201,-0.22806474566459656,0.12305128574371338,-0.02125782147049904,-0.29263803362846375,-0.41735440492630005,-0.08177772909402847,0.1990482360124588,0.04937046021223068,-0.11111737787723541,-0.19290988147258759,-0.04323112219572067,-0.77118980884552,-0.2560172975063324,0.12992623448371887,0.20988944172859192,0.03135218471288681,-0.06510786712169647,0.44013580679893494,-0.1227029338479042
CID005487301,470,0.049053169786930084,0.01776561513543129,-0.06011130288243294,0.3303599953651428,-0.38378751277923584,0.06794412434101105,0.28708183765411377,0.2970837950706482,0.08350323885679245,0.23493537306785583,0.052547335624694824,0.15001180768013,-0.002695718314498663,0.11458555608987808,-0.20344464480876923,-0.1367999166250229,-0.13258874416351318,-0.07381556183099747,0.03204871341586113,-0.37596163153648376,0.05834550783038139,-0.24813804030418396,-0.013236433267593384,-0.7527493238449097,-0.01962905004620552,0.11212369054555893,-0.18007877469062805,-0.03418529033660889,-0.02714620530605316,0.12129972875118256,-0.1572839915752411,0.1984861195087433,0.15398526191711426,-0.002834153128787875,0.06753013283014297,-0.13099944591522217,0.10232874006032944,0.007198763079941273,0.17205891013145447,-0.02838546596467495,-0.08149707317352295,-0.2886750102043152,0.1401091068983078,-0.2644493579864502,-0.19302913546562195,0.44942301511764526,0.08845579624176025,0.07114172726869583,0.067522794008255,-0.022357378154993057,0.2158874273300171,0.25855106115341187,-0.2403409481048584,0.03428942710161209,0.12480560690164566,-0.08844482153654099,-0.03377297893166542,0.11637008190155029,-0.03794300928711891,0.10099463164806366,-0.19395655393600464,-0.293751984834671,-0.004195159766823053,-0.018462389707565308,0.2425386607646942,0.32563403248786926,-0.2109280824661255,-0.055904220789670944,0.21990923583507538,0.12116531282663345,0.0036947012413293123,-0.1553345024585724,-0.2912009060382843,-0.4090929925441742,-0.19351127743721008,0.054340947419404984,0.275979220867157,0.20090782642364502,-0.046469803899526596,-0.02010953053832054,-0.05189891532063484,-0.5899189114570618,-0.24417702853679657,0.013984921388328075,0.06636800616979599,-0.033676065504550934,0.21694326400756836,0.016317110508680344,-0.08921526372432709,-0.6317418813705444,-0.1257142871618271,0.16485834121704102,-0.0067559657618403435,0.011752464808523655,0.042153097689151764,-0.26442164182662964,-0.24017754197120667,0.24908170104026794,-0.11933846771717072,0.037796370685100555,-0.1257249414920807,-0.000430119049269706,-0.03288537636399269,0.2937815487384796,0.218147873878479,-0.05075928568840027,-0.25882846117019653,0.19251707196235657,0.46559029817581177,-0.22981902956962585,-0.06138647347688675,0.15629339218139648,0.05070691555738449,-0.08962831646203995,0.012985728681087494,0.08707797527313232,0.03379442170262337,0.011623606085777283,-0.08740369975566864,0.1739654690027237,0.5268283486366272,-0.10198096930980682,0.28089284896850586,0.2769278585910797,-0.057141710072755814,0.17691130936145782,0.0024479092098772526,0.05607803910970688,0.21253378689289093,-0.07155972719192505,0.1202457919716835,-0.5344804525375366,-0.48931583762168884,0.12373793125152588,0.23572638630867004,-0.15427812933921814,0.0055393800139427185,0.24979467689990997,-0.05239972472190857,-0.22042378783226013,-0.16138523817062378,0.15568296611309052,0.0014970317715778947,-0.10804793983697891,0.01655563712120056,0.13571259379386902,-0.005695057101547718,0.2628709077835083,-0.05105772614479065,0.1721450388431549,-0.018384169787168503,-0.2728547751903534,-0.05450425297021866,0.2293333113193512,-0.3715583086013794,-0.09658078104257584,-0.0648634284734726,-0.04287106543779373,0.08315398544073105,0.2386520802974701,-0.14484509825706482,0.02449200116097927,-0.005063420627266169,-0.06760729849338531,-0.04772204905748367,-0.1757258176803589,-0.21450309455394745,0.23254463076591492,-0.07965782284736633,0.19048476219177246,-0.01647058129310608,-0.23613357543945312,-0.22861401736736298,-0.2631746530532837,0.08753916621208191,-0.05454442650079727,0.16520018875598907,-0.1748688966035843,0.3655572831630707,-0.06972400844097137,0.1387496143579483,0.10230021178722382,-0.15026704967021942,-0.2036292999982834,0.0678991973400116,0.2383422553539276,-0.152500182390213,-0.11228232085704803,-0.0862041488289833,-0.2727467119693756,0.026283908635377884,0.03944039344787598,0.22831006348133087,0.10488909482955933,0.15998098254203796,-0.20122937858104706,0.054693836718797684,-0.025676939636468887,0.15458497405052185,0.10734628140926361,0.1469402015209198,-0.29535508155822754,-0.019412148743867874,-0.27003926038742065,-0.3408466875553131,-0.18145911395549774,-0.13208140432834625,-0.14261002838611603,-0.08703447878360748,0.3635891377925873,0.3333342671394348,0.09851738065481186,0.2777874767780304,0.07187686115503311,-0.013179445639252663,-0.028949851170182228,-0.19203361868858337,0.0762847438454628,0.11267324537038803,-0.03370270878076553,-0.07709447294473648,-0.06799618899822235,0.01492915116250515,-0.17956672608852386,-0.03384445980191231,0.18921270966529846,0.13156895339488983,-0.02299458347260952,0.07427185773849487,-0.06881879270076752,-0.07851473987102509,-0.17539922893047333,0.19426260888576508,0.01694226823747158,-0.30686601996421814,-0.04148118570446968,0.2838905453681946,-0.3747740685939789,0.11057822406291962,-0.14462292194366455,0.07686645537614822,-0.2901914119720459,0.20129625499248505,0.3659926652908325,-0.05192752555012703,-0.022153625264763832,-0.08279549330472946,0.0961037129163742,-0.634783148765564,-0.1414526104927063,0.25928664207458496,-0.39262518286705017,0.11081890016794205,-0.3376174867153168,0.1427815705537796,0.02370995283126831
CID000005478,473,-0.055283624678850174,0.24913151562213898,0.1553453952074051,0.6121143102645874,-0.48383212089538574,0.1514861285686493,0.12387510389089584,0.2653229236602783,0.11649632453918457,0.32205405831336975,-0.0420621857047081,0.04418133571743965,0.036646049469709396,0.1481865644454956,-0.2655026316642761,-0.03953523188829422,-0.013205123133957386,0.03248737007379532,0.03227612376213074,-0.37855637073516846,-0.0771813914179802,-0.34541377425193787,-0.0926162451505661,-0.7412291765213013,-0.10544347763061523,0.11271326243877411,-0.23303663730621338,-0.15903787314891815,-0.08537070453166962,0.08852122724056244,-0.2809754014015198,0.2643527686595917,0.09833448380231857,0.1190863847732544,0.002682936144992709,0.18625791370868683,0.017857816070318222,0.14423029124736786,0.20689710974693298,-0.3574318289756775,-0.05483589693903923,-0.03453901410102844,0.11468025296926498,-0.047346584498882294,-0.1824944168329239,0.35699498653411865,0.06426314264535904,0.05503096058964729,0.2568702697753906,-0.07347579300403595,0.38412877917289734,-0.09080301225185394,-0.39446812868118286,0.018227223306894302,0.0033555193804204464,-0.16179391741752625,-0.14706052839756012,0.008579403162002563,0.017455831170082092,-0.14399400353431702,-0.19900138676166534,-0.2144908607006073,-0.09713383764028549,-0.04493475705385208,0.22254116833209991,0.252371609210968,-0.23057028651237488,-0.13533459603786469,0.1735583245754242,2.9343365895329043e-05,0.015753144398331642,-0.32083407044410706,-0.18573501706123352,-0.28879913687705994,-0.08030186593532562,-0.07866282761096954,0.0977727398276329,0.028280895203351974,-0.25754234194755554,0.047855935990810394,0.05631057173013687,-0.29300737380981445,-0.2571357488632202,-0.11226006597280502,0.23664787411689758,0.005475564859807491,0.14820799231529236,0.11431797593832016,0.17223668098449707,-0.4314783215522766,-0.04666544869542122,0.12186920642852783,-0.1197754293680191,0.12824884057044983,-0.20402412116527557,-0.14783711731433868,0.07893023639917374,-0.33906978368759155,0.17399214208126068,-0.11645302921533585,-0.019107874482870102,-0.027179066091775894,-0.04575143754482269,0.1560993194580078,0.24524948000907898,0.04650266841053963,0.09568722546100616,-0.11955460160970688,0.4934927821159363,-0.1545548141002655,0.04380463436245918,0.24366208910942078,-0.2237890064716339,-0.2052079141139984,-0.03072553500533104,0.25722137093544006,-0.19020628929138184,-0.028424298390746117,-0.15943643450737,0.3030361533164978,0.6712756156921387,-0.18429331481456757,0.16392898559570312,0.4210187494754791,-0.17565375566482544,0.3450036346912384,0.04358939826488495,0.12370415031909943,0.09466191381216049,-0.017178528010845184,0.10773608833551407,-0.5464466214179993,-0.5277257561683655,0.129948690533638,0.2849816679954529,0.13429394364356995,0.17547985911369324,0.15631037950515747,-0.018557805567979813,-0.009753866121172905,-0.13888949155807495,0.048400137573480606,0.17181842029094696,-0.007122248411178589,-0.09374906122684479,0.12981301546096802,-0.00207120249979198,0.3320993483066559,0.2702968120574951,0.333879292011261,0.019887736067175865,-0.47135791182518005,-0.0488475076854229,-0.05460350960493088,-0.22625355422496796,-0.11632685363292694,0.02998211607336998,-0.005262956954538822,0.27258989214897156,0.20671077072620392,-0.06927824765443802,0.01652083359658718,-0.033888913691043854,0.1321980059146881,-0.11703868210315704,0.02891531214118004,-0.3215930163860321,0.06328777223825455,-0.012977555394172668,0.13210143148899078,0.0013392686378210783,0.11072874069213867,-0.25794336199760437,-0.23021063208580017,0.11294762790203094,-0.21970072388648987,0.3812433183193207,-0.11475098133087158,0.5352849364280701,-0.030962562188506126,-0.1776023805141449,0.18458060920238495,-0.051528967916965485,0.008976398035883904,0.022455358877778053,0.10482893139123917,-0.01204330287873745,0.01153402216732502,-0.05129607394337654,-0.2753537893295288,0.16557352244853973,0.03449666500091553,0.04304269701242447,-0.14708693325519562,0.13800819218158722,-0.08486707508563995,0.11485638469457626,-0.046726010739803314,-0.11966804414987564,0.26184287667274475,0.08982314169406891,-0.23926348984241486,-0.21429114043712616,-0.20796839892864227,-0.14762116968631744,-0.2024189978837967,0.0013443976640701294,-0.1495956927537918,-0.06811216473579407,0.5342324376106262,0.27743250131607056,0.00734515767544508,0.3050025403499603,0.11185020208358765,0.09367670863866806,0.022358091548085213,0.14155781269073486,0.1672038733959198,0.010579027235507965,-0.18256208300590515,-0.10084418952465057,-0.11431412398815155,-0.11920098215341568,-0.08327992260456085,0.2442922294139862,-0.3856242597103119,-0.13084900379180908,-0.03183942660689354,0.0211346335709095,0.04871777445077896,-0.03006819821894169,0.005883008241653442,0.2737019658088684,-0.03795731067657471,0.018919777125120163,0.13424023985862732,0.47786855697631836,-0.31311729550361633,0.08273828029632568,-0.31621938943862915,0.20541517436504364,-0.21474511921405792,0.09120842069387436,0.10018543899059296,-0.19569793343544006,-0.09260080009698868,0.19973033666610718,-0.13786756992340088,-0.639145016670227,-0.050872016698122025,0.14195570349693298,-0.03199409693479538,0.11017034947872162,-0.17684563994407654,0.04823680594563484,0.07539234310388565
CID000002650,474,0.42029300332069397,0.08396672457456589,0.055773161351680756,0.3887650668621063,-0.604755163192749,0.08274602144956589,0.16891507804393768,0.3356585204601288,0.07226293534040451,0.5809405446052551,0.04251416400074959,-0.1396404206752777,-0.06698666512966156,0.3459995687007904,-0.029689276590943336,0.06317293643951416,0.039277367293834686,-0.26605933904647827,0.3301718831062317,-0.37612783908843994,0.038226038217544556,-0.12540946900844574,0.016746051609516144,-0.906843364238739,0.1358872652053833,-0.0435819998383522,-0.35701948404312134,-0.07838668674230576,0.1155993789434433,0.4692981243133545,0.17702898383140564,0.3130263090133667,0.22092819213867188,0.13406118750572205,0.19810262322425842,-0.08205904811620712,0.1702524870634079,0.4235610067844391,0.18633630871772766,0.0772705227136612,-0.1521262228488922,0.13539256155490875,0.3494347035884857,-0.1483789086341858,-0.07408037036657333,0.0893918126821518,0.11307525634765625,-0.11315934360027313,-0.05281425639986992,0.804369330406189,0.6096106767654419,0.19882887601852417,0.06550048291683197,-0.17422397434711456,-0.12320965528488159,0.0811411663889885,0.42539453506469727,0.0589553527534008,0.5969263911247253,0.003715288592502475,-0.06871803104877472,-0.38026362657546997,-0.06420223414897919,-0.27681857347488403,0.1499468833208084,0.6146647930145264,0.030073802918195724,-0.048511017113924026,0.23476257920265198,-0.009907158091664314,0.1214369535446167,0.038011178374290466,-0.18594355881214142,-0.46565741300582886,0.09006763249635696,0.33942633867263794,0.034534186124801636,-0.27837175130844116,-0.20578376948833466,0.03400043398141861,0.0035463646054267883,-0.35105592012405396,-0.40585654973983765,-0.2689612805843353,0.11814482510089874,-0.2784098982810974,0.3120325803756714,0.07106359302997589,-0.032097965478897095,-0.6964888572692871,-0.02639608457684517,0.5044535994529724,-0.030379120260477066,0.10868732631206512,0.0800924301147461,-0.41663306951522827,-0.0914291962981224,-0.21525831520557404,0.0889146700501442,0.24136464297771454,0.13448047637939453,0.1658664047718048,0.12426266819238663,0.1824837476015091,-0.524731457233429,-0.03553559258580208,0.18461105227470398,-0.0809033066034317,0.31942304968833923,-0.13649699091911316,-0.2196391522884369,0.4509064257144928,-0.05130280181765556,-0.22818617522716522,-0.07515566051006317,0.2717342972755432,-0.4663549065589905,-0.0583784356713295,0.11380869150161743,-0.16726605594158173,0.751893162727356,-0.35449936985969543,-0.05059317499399185,0.4578743875026703,-0.1743718683719635,0.41650110483169556,0.05461844801902771,-0.02433392032980919,0.01470674853771925,0.16531160473823547,-0.043638214468955994,-0.8083403706550598,-0.6372930407524109,0.3710520267486572,0.3940419554710388,0.13801363110542297,0.18375900387763977,0.29289087653160095,0.08044646680355072,-0.15258662402629852,-0.19984081387519836,0.4555886387825012,-0.08230982720851898,0.22971363365650177,-0.09142462909221649,0.12267069518566132,-0.4681740701198578,0.7556842565536499,0.08568298816680908,0.2661609351634979,0.12478558719158173,-0.6310144662857056,-0.1921117752790451,0.14697474241256714,-0.2666328251361847,-0.19804498553276062,0.044343866407871246,-0.3834320306777954,-0.11992714554071426,0.145135298371315,-0.0401124432682991,-0.02909146621823311,0.0020744740031659603,-0.06625019013881683,-0.3393144905567169,0.17582298815250397,0.2940599322319031,0.3017407953739166,-0.1867833435535431,0.012782683596014977,0.32650870084762573,-0.10069886595010757,-0.236317440867424,0.029748141765594482,0.0210384763777256,-0.0008888348820619285,-0.07457073032855988,0.132844477891922,0.7559655904769897,-0.23505976796150208,-0.16669264435768127,-0.06524473428726196,-0.04766036570072174,0.03574395924806595,-0.09439980983734131,0.02010747790336609,-0.08665646612644196,-0.0902191624045372,0.20104265213012695,-0.37645891308784485,-0.11292984336614609,0.1913931667804718,-0.0018695056205615401,-0.21559515595436096,0.05385364219546318,-0.050173014402389526,0.33731788396835327,-0.01271563209593296,-0.06610165536403656,-0.0852261483669281,-0.22181813418865204,-0.2907564640045166,0.8369051218032837,-0.5809451341629028,-0.1051311120390892,0.09864546358585358,-0.09512331336736679,-0.05798302963376045,0.5724351406097412,0.5063486099243164,0.4453209936618805,0.15795491635799408,0.006031242199242115,0.3429316580295563,-0.00039249955443665385,-0.16396985948085785,0.1481957733631134,0.3181372284889221,-0.3214430510997772,-0.20294368267059326,0.035505492240190506,-0.18905116617679596,0.07973214238882065,-0.3256816565990448,-0.2043803632259369,-0.21432335674762726,0.09755807369947433,-0.03061523474752903,0.005216347984969616,0.10910715162754059,-0.010892646387219429,0.28524819016456604,-0.35058391094207764,0.23124977946281433,0.005884130485355854,0.11698637157678604,1.0669987201690674,-0.6795982122421265,-0.13985157012939453,-0.5153719186782837,0.15456774830818176,-0.5215831995010376,-0.185916930437088,0.19958949089050293,-0.4578832983970642,0.10635711997747421,0.13115166127681732,0.19012247025966644,-0.7611309289932251,-0.0960266962647438,-0.013634842820465565,-0.2933606207370758,0.16390511393547058,-0.23940666019916534,0.13164404034614563,-0.06737026572227478
CID000004607,475,0.408214271068573,-0.1492863893508911,0.34355926513671875,0.5236755609512329,-0.7216536402702332,-0.036839164793491364,0.04589806869626045,0.2673609256744385,0.0037432790268212557,0.16142013669013977,0.0497918538749218,-0.11242024600505829,0.09442830830812454,0.1823711395263672,-0.35713091492652893,0.04270414263010025,-0.15392263233661652,-0.18770670890808105,-0.02304302528500557,-0.3275778591632843,0.2079596072435379,-0.18125200271606445,0.21797005832195282,-0.7762601971626282,0.4986809194087982,0.06852491945028305,-0.08773832023143768,0.17443892359733582,0.06943756341934204,0.22691476345062256,0.020061273127794266,0.09387946128845215,0.23803845047950745,0.15453533828258514,0.04755852743983269,-0.002960935700684786,-0.05584413930773735,0.35728365182876587,-0.3928239941596985,-0.7306950092315674,0.4291105270385742,-0.16507203876972198,0.43690747022628784,0.18741834163665771,0.025450605899095535,0.26438942551612854,-0.08654088526964188,0.03008093312382698,0.17440083622932434,0.4594651162624359,0.5439022183418274,-0.040656186640262604,-0.39417093992233276,0.24534198641777039,-0.23249831795692444,-0.019762571901082993,0.2656727433204651,0.020678341388702393,0.6322363615036011,0.24855411052703857,-0.2549578547477722,-0.18489041924476624,-0.13020382821559906,-0.14109428226947784,0.10637868940830231,0.5762233138084412,-0.3679688274860382,0.054677002131938934,-0.4735935628414154,-0.10705254226922989,-0.012954327277839184,-0.17058542370796204,-0.20963191986083984,-0.5043872594833374,-0.0029057906940579414,1.046836018562317,0.14191994071006775,-0.5213272571563721,0.058020006865262985,-0.17774465680122375,-0.0017396907787770033,-0.3485111594200134,-0.32466936111450195,-0.325242817401886,0.13817070424556732,-0.03724571317434311,0.07723667472600937,0.058111418038606644,0.1973429024219513,-0.975328803062439,-0.023630531504750252,0.48766809701919556,-0.7455740571022034,0.24555572867393494,0.08138418197631836,-0.37575793266296387,-0.21309426426887512,-0.23183301091194153,0.05467415601015091,0.28965631127357483,0.28370848298072815,-0.21576137840747833,0.003433291567489505,0.20141693949699402,-0.11399205029010773,0.007607817649841309,0.02742188237607479,-0.08837449550628662,0.32651445269584656,-0.25483742356300354,0.07627928256988525,0.1913992464542389,-0.15203407406806946,-0.3605363965034485,-0.28436240553855896,0.3347070813179016,-0.4932823181152344,0.09455503523349762,-0.05338422209024429,0.4478493332862854,0.9891559481620789,-0.4129621088504791,0.19842317700386047,-0.23430562019348145,-0.14288297295570374,0.42574596405029297,0.07038042694330215,0.324800580739975,0.005599196068942547,0.4438822269439697,0.26841211318969727,-0.7698375582695007,-0.6456970572471619,0.0004283338785171509,0.10558346658945084,0.34299176931381226,0.05454244092106819,0.20388543605804443,-0.08432255685329437,-0.4175419807434082,-0.48677748441696167,0.15008005499839783,0.29424917697906494,0.11095483601093292,-0.0941539853811264,0.02001866139471531,-0.04246652126312256,0.6840267181396484,-0.15003731846809387,0.2029007226228714,0.19430270791053772,-0.6262224316596985,-0.42164406180381775,0.07257457822561264,-0.15444912016391754,0.14621727168560028,0.3009480834007263,-0.1119958907365799,0.009973397478461266,0.02422075904905796,-0.23630952835083008,-0.12295572459697723,0.16918078064918518,-0.07247842848300934,-0.07064170390367508,0.12317273765802383,-0.35842984914779663,0.011967732571065426,0.5564817786216736,0.19592708349227905,0.35601097345352173,0.19874975085258484,-0.19344636797904968,-0.18554992973804474,0.3568032383918762,-0.16534554958343506,0.18574510514736176,0.0187368281185627,0.8583351373672485,-0.021240536123514175,-0.12354115396738052,0.35582849383354187,0.14762893319129944,0.028475362807512283,-0.13991466164588928,0.11137025058269501,0.11352934688329697,-0.20713524520397186,0.08075284212827682,-0.3303758502006531,0.11194560676813126,-0.015838483348488808,-0.27337929606437683,-0.4552757740020752,0.2770451605319977,0.04699421674013138,-0.34415531158447266,0.026552069932222366,-0.06051371246576309,0.23374319076538086,-0.14123232662677765,-0.42255109548568726,0.2899027466773987,0.13191959261894226,-0.11772948503494263,0.21582932770252228,0.0749220997095108,0.054899681359529495,0.6622074842453003,0.5976310968399048,0.37241658568382263,-0.16297607123851776,-0.02344740554690361,0.08653277158737183,0.025797555223107338,-0.5919208526611328,0.14106272161006927,0.19210758805274963,-0.12397899478673935,0.27398157119750977,-0.683601975440979,-0.28962308168411255,0.25765708088874817,-0.2640537619590759,-0.22391438484191895,-0.25426894426345825,0.08022819459438324,-0.13308165967464447,0.14715340733528137,-0.27008551359176636,-0.09737837314605713,0.5191106796264648,0.13592231273651123,0.05641472339630127,-0.1512220799922943,0.12898269295692444,1.049251914024353,-0.6337093710899353,0.03640853613615036,-0.20367148518562317,0.25501665472984314,-0.49581843614578247,-0.2559024691581726,0.3044055104255676,-0.3166534900665283,-0.166972815990448,0.06088060885667801,-0.4255490303039551,-0.6215027570724487,-0.03011942282319069,0.1314322054386139,0.24397090077400208,0.025544915348291397,-0.5610646605491638,-0.02307218872010708,-0.34163254499435425
CID000004812,478,-0.04584844037890434,-0.009064863435924053,-0.06745980679988861,0.42817798256874084,-0.3976418673992157,0.10897977650165558,0.1654774397611618,0.21901988983154297,0.1924959421157837,0.26734477281570435,0.02681184932589531,0.1344435214996338,-0.13607244193553925,0.12857970595359802,-0.19066376984119415,-0.0823952779173851,-0.03777797892689705,-0.06452783197164536,0.10524897277355194,-0.40124940872192383,0.09520071744918823,-0.22315505146980286,-0.14422479271888733,-0.7684713006019592,0.07947433739900589,0.11344882100820541,-0.22705534100532532,0.028756802901625633,0.0801021084189415,-0.029617076739668846,-0.07618144154548645,0.30538612604141235,0.023226838558912277,-0.010406401939690113,0.023489130660891533,0.13379520177841187,0.1857907474040985,-0.06755685806274414,0.44401878118515015,-0.13504138588905334,-0.0030946582555770874,-0.2520595192909241,0.19376060366630554,-0.30120596289634705,-0.10393868386745453,0.4527401030063629,0.12412957847118378,0.03914187103509903,0.1914832890033722,-0.08716423809528351,0.3242465555667877,0.31731873750686646,-0.20381207764148712,-0.004037118051201105,-0.019513854756951332,-0.09008258581161499,-0.05223638936877251,0.1255386620759964,-0.013491037301719189,-0.08605331927537918,-0.19127456843852997,-0.17731589078903198,-0.17842313647270203,0.01768604665994644,0.22966048121452332,0.38744816184043884,-0.15366730093955994,-0.010677805170416832,0.1382024586200714,-0.003230687929317355,0.09601028263568878,-0.170650452375412,-0.28809791803359985,-0.37973785400390625,-0.2610808312892914,-0.11339427530765533,0.06782864034175873,0.07082197815179825,-0.0848865881562233,-0.03676043823361397,-0.05384284257888794,-0.4881688058376312,-0.24338087439537048,-0.0317155197262764,0.10737254470586777,-0.025703052058815956,0.18990366160869598,0.1549731194972992,-0.08105162531137466,-0.7315546870231628,-0.009124618954956532,0.20957788825035095,-0.004062041640281677,0.08804421126842499,0.11824560165405273,-0.24066880345344543,-0.19225454330444336,0.14219674468040466,-0.3055168688297272,-0.0669177994132042,-0.18413498997688293,0.0805593952536583,-0.12913191318511963,0.22690586745738983,0.20350924134254456,-0.029002130031585693,-0.06550141423940659,0.050627924501895905,0.5110783576965332,-0.1485235095024109,-0.08472000062465668,0.1634555459022522,-0.05856438726186752,-0.11290588229894638,0.10972607135772705,0.11301954090595245,-0.04220329970121384,0.0010271817445755005,-0.10559920966625214,0.1327933669090271,0.6212378144264221,-0.08392755687236786,0.20887336134910583,0.2123732566833496,0.010381409898400307,0.1663171648979187,-0.013017943128943443,0.20049020648002625,0.22182424366474152,0.016748055815696716,0.05414377525448799,-0.5014904737472534,-0.38444626331329346,0.08917363733053207,0.2460085153579712,-0.07346522808074951,0.065400630235672,0.20848135650157928,-0.11222388595342636,-0.16084995865821838,-0.10347171127796173,0.1112787127494812,0.03319744020700455,-0.06846193969249725,-0.034666575491428375,0.11629221588373184,-0.015220408327877522,0.36189061403274536,0.027618592604994774,0.22586557269096375,-0.044801149517297745,-0.3471120297908783,-0.14679066836833954,0.14108523726463318,-0.3481454849243164,-0.07514628767967224,-0.04945741966366768,0.012742077931761742,0.0061600832268595695,0.38163262605667114,0.009506422095000744,-0.012705361470580101,-0.030968671664595604,0.2348049432039261,-0.13064822554588318,-0.273063987493515,-0.28077393770217896,0.07151515781879425,-0.17592640221118927,0.16491267085075378,0.0030279725324362516,-0.19330304861068726,-0.14201116561889648,-0.330066442489624,0.07226613909006119,-0.03645772859454155,0.24987253546714783,-0.20727188885211945,0.37748515605926514,-0.2631063759326935,0.08335276693105698,0.07665079832077026,-0.11348573118448257,-0.17690913379192352,0.05521290749311447,0.28157320618629456,-0.1655847728252411,-0.0017061919206753373,0.12889620661735535,-0.29087594151496887,0.2169191837310791,-0.002285087015479803,0.25439128279685974,0.12782466411590576,0.09136809408664703,-0.15071459114551544,-0.09447307884693146,0.08128000795841217,0.02895594760775566,0.24672813713550568,0.09408771991729736,-0.27493780851364136,-0.16722872853279114,-0.2863975167274475,-0.1317918598651886,-0.05986292287707329,-0.07011567801237106,-0.04154495149850845,0.008648121729493141,0.5105711221694946,0.292811781167984,0.03297790139913559,0.24580328166484833,0.04064545780420303,0.11197389662265778,0.03300376236438751,-0.19718024134635925,0.12823961675167084,0.12999525666236877,-0.18882842361927032,-0.0578298456966877,-0.19395366311073303,0.070118747651577,-0.21103902161121368,-0.012089801020920277,0.11656244844198227,0.27476170659065247,-0.03141643479466438,-0.0023396224714815617,-0.08620844036340714,-0.11129073053598404,-0.13541987538337708,0.16287551820278168,-0.018869679421186447,-0.18319518864154816,0.0014861166710034013,0.3640635013580322,-0.39774608612060547,0.13809548318386078,-0.1800815910100937,0.1440277397632599,-0.3521435260772705,0.1950882226228714,0.2183144986629486,-0.17607903480529785,-0.05444832891225815,-0.043890926986932755,0.0482042022049427,-0.6074087619781494,-0.187782883644104,0.1736781746149063,-0.2138572484254837,0.09577834606170654,-0.2290033996105194,0.1065225750207901,0.005570552311837673
CID000004828,481,0.14009638130664825,0.21937188506126404,-0.000530980178155005,0.16380244493484497,-0.35249632596969604,0.07445269078016281,0.18022099137306213,0.26889199018478394,0.1412447690963745,0.18069271743297577,-0.0267364289611578,0.08882631361484528,0.2036001980304718,0.2294444590806961,-0.25738030672073364,-0.19189897179603577,-0.05837268754839897,-0.2763471007347107,0.2478019744157791,-0.3084849417209625,0.0436544194817543,-0.35724765062332153,-0.1411178708076477,-0.8961187601089478,-0.2121964991092682,-0.022447558119893074,-0.3281627297401428,0.05912299081683159,0.05696389079093933,0.24616296589374542,-0.24902233481407166,0.3445127606391907,0.12403859943151474,-0.10530201345682144,-0.015516716055572033,-0.16300728917121887,-1.1971593266935088e-05,0.09443143755197525,0.09559618681669235,-0.13197456300258636,0.005904068239033222,-0.23826809227466583,0.037236325442790985,-0.31503626704216003,-0.09509234875440598,0.4831326901912689,-0.03889085352420807,0.10946766287088394,0.05769826099276543,0.057966046035289764,0.1859806478023529,-0.08434377610683441,-0.393257200717926,-0.19919708371162415,0.23631319403648376,-0.162952721118927,-0.3337140679359436,-0.01035597175359726,-0.10429979860782623,-0.07646431773900986,-0.1198684573173523,-0.25085413455963135,-0.29579979181289673,-0.18752005696296692,0.2504008412361145,0.3274999260902405,-0.01650499925017357,-0.03583289310336113,0.30712804198265076,0.16629627346992493,0.14234808087348938,-0.14844682812690735,-0.3354191184043884,-0.24305185675621033,-0.19548718631267548,0.14507389068603516,-0.14386709034442902,0.20919308066368103,-0.08056512475013733,0.08983078598976135,0.11091265827417374,-0.34123143553733826,-0.3109109401702881,-0.3532009720802307,0.07231726497411728,-0.37833574414253235,0.3047284483909607,0.0004978139186277986,0.09682334214448929,-0.6568586230278015,0.08753485232591629,0.44710174202919006,0.0316178984940052,0.018938947468996048,0.1428573578596115,-0.32298770546913147,-0.11611364036798477,-0.08684657514095306,0.010273844003677368,0.1424345076084137,-0.29508811235427856,0.07246308028697968,-0.029930289834737778,0.2381921112537384,0.32736238837242126,0.1000828966498375,0.33256644010543823,0.011287098750472069,0.358466774225235,-0.08980804681777954,-0.10147096961736679,0.19652673602104187,-0.38031354546546936,0.09892948716878891,-0.031864143908023834,0.4020056128501892,-0.06820806115865707,-0.17639201879501343,-0.26252031326293945,0.1869795024394989,0.526820182800293,-0.09578551352024078,0.33344021439552307,0.1713966429233551,0.2705309987068176,0.09840772300958633,-0.04852747172117233,0.2021673172712326,0.21200594305992126,-0.18190667033195496,0.059795986860990524,-0.307437926530838,-0.2790425419807434,0.009438691660761833,0.2711009383201599,-0.10433139652013779,0.032303012907505035,0.2181030809879303,-0.02158108912408352,-0.06280726939439774,-0.26611757278442383,0.09349261224269867,0.17781272530555725,-0.32294169068336487,0.042523086071014404,0.12180118262767792,-0.21671061217784882,0.2631298899650574,-0.036331407725811005,0.18670232594013214,0.08078644424676895,-0.1364695131778717,0.1494559943675995,0.1430942714214325,-0.2752548158168793,-0.0591496117413044,-0.00911429338157177,-0.25454387068748474,0.16423366963863373,0.3372841477394104,3.343820480949944e-06,0.10880442708730698,-0.061087071895599365,-0.16300231218338013,-0.03047882579267025,0.18699999153614044,-0.4204588830471039,-0.04108031094074249,-0.04158220812678337,0.23268914222717285,-0.03860408067703247,-0.2521769404411316,-0.3295827805995941,-0.45365872979164124,0.04860421270132065,-0.1134398803114891,0.07198340445756912,-0.16558685898780823,0.3922792673110962,-0.0749443918466568,0.14299747347831726,0.023357966914772987,-0.28582456707954407,-0.17624080181121826,0.29626089334487915,0.1365453004837036,-0.13089200854301453,0.10531611740589142,-0.1259172409772873,-0.33475014567375183,0.06465154886245728,0.16572357714176178,0.16412760317325592,0.09766346216201782,-0.009371492080390453,-0.1741524636745453,0.2834033668041229,-0.2543413043022156,-0.13025304675102234,0.1757248342037201,0.2357393503189087,-0.25061511993408203,0.2347211092710495,-0.42193660140037537,0.19061385095119476,-0.24253377318382263,-0.01143273152410984,0.05099423974752426,-0.15613777935504913,0.3357899487018585,0.4078332781791687,-0.36195409297943115,0.3611827492713928,0.26418155431747437,0.09651225805282593,-0.1749681681394577,0.18817995488643646,0.024034347385168076,0.08905231952667236,-0.2015688717365265,-0.017003044486045837,-0.06695394963026047,0.06850725412368774,-0.29403039813041687,-0.21638330817222595,-0.045307058840990067,0.004290342330932617,-0.12144390493631363,-0.26681312918663025,-0.02208077535033226,0.05672397091984749,-0.13864509761333466,0.28355032205581665,0.026566168293356895,0.1966055929660797,0.020708950236439705,0.14363670349121094,-0.1847546398639679,0.08754695951938629,-0.19566814601421356,0.2768857181072235,-0.49177423119544983,0.06083790212869644,0.26350316405296326,-0.2582241892814636,0.16910167038440704,0.22024670243263245,0.027111446484923363,-0.3558361828327179,-0.0910898745059967,0.21353165805339813,-0.27742424607276917,-0.2056494653224945,-0.06747846305370331,0.13266484439373016,0.028482895344495773
CID000003793,483,0.19498884677886963,0.16698534786701202,0.3204598128795624,0.578192412853241,-0.3860378563404083,0.15155287086963654,0.22226276993751526,0.3147783875465393,0.17954930663108826,0.39344972372055054,-0.31615403294563293,-0.47827377915382385,-0.04951301962137222,0.25977030396461487,-0.16519656777381897,0.170546755194664,0.11590638011693954,-0.03923602029681206,0.17943203449249268,-0.49439501762390137,-0.1946231573820114,-0.3487352728843689,-0.06855840981006622,-0.7975894808769226,0.15226002037525177,0.23164372146129608,-0.0818343311548233,-0.17628297209739685,0.021511202678084373,0.30121248960494995,-0.285970002412796,0.2679906487464905,0.0844477117061615,-0.032020796090364456,0.02472185529768467,0.19850386679172516,0.09633372724056244,0.4086386561393738,-0.10518741607666016,-0.3971593976020813,-0.1036597490310669,-0.0679926872253418,-0.007030416280031204,-0.04543820768594742,-0.22299322485923767,0.09717804938554764,-0.053889475762844086,-0.03060396946966648,0.12365756928920746,0.10485980659723282,0.46126189827919006,-0.21562087535858154,-0.1710609346628189,0.03274223580956459,-0.02499871887266636,-0.18553824722766876,0.23936128616333008,0.06160464137792587,0.6388572454452515,-0.22064757347106934,-0.087767094373703,-0.36109843850135803,0.15671832859516144,-0.16909131407737732,0.34635892510414124,0.4124062955379486,-0.3222652077674866,-0.029142653569579124,0.15199458599090576,0.29258331656455994,0.13242298364639282,-0.10441040992736816,-0.2783900201320648,-0.4790831208229065,-0.3809208273887634,0.023924177512526512,0.18906161189079285,0.036388687789440155,-0.08579909801483154,0.062351811677217484,0.099234938621521,-0.26832324266433716,-0.3539326786994934,-0.00745753850787878,0.14674648642539978,0.25280874967575073,0.1813431680202484,0.23581790924072266,0.11583266407251358,-0.6001638770103455,0.013288473710417747,0.21055865287780762,-0.13395120203495026,0.2205590456724167,-0.17873519659042358,-0.14225155115127563,0.11118121445178986,-0.2234489470720291,0.15102998912334442,0.25756484270095825,-0.11787158250808716,-0.07625707238912582,-0.01864347606897354,0.23199522495269775,0.26445719599723816,0.008526119403541088,-0.16820858418941498,-0.05786842852830887,0.3376961052417755,-0.2158171832561493,0.04868348687887192,0.14712850749492645,-0.1553262174129486,-0.3470625579357147,-0.03152403235435486,0.43248897790908813,-0.19775286316871643,0.040770452469587326,-0.07401200383901596,0.22004523873329163,0.646976888179779,-0.41243988275527954,0.10089168697595596,0.33407777547836304,-0.4384472966194153,0.4233931601047516,0.034519683569669724,0.037354059517383575,0.30370742082595825,0.1099122017621994,0.179508775472641,-0.4775067865848541,-0.538197934627533,0.005059278104454279,0.4211752414703369,0.23267236351966858,0.23588797450065613,0.3079548478126526,0.3527924716472626,-0.04508017376065254,-0.1608022004365921,0.3098103106021881,0.2274012565612793,0.11439001560211182,-0.07756790518760681,0.3412726819515228,-0.32278308272361755,0.5006252527236938,0.09607331454753876,0.37950795888900757,0.006291043944656849,-0.27457475662231445,-0.11350371688604355,0.2024906575679779,-0.17436954379081726,-0.16197016835212708,0.06576059758663177,-0.30768007040023804,0.20083460211753845,0.10561273992061615,-0.08758145570755005,0.03016243875026703,0.024010149762034416,0.1923481673002243,-0.30207395553588867,0.15705421566963196,-0.20039191842079163,0.18955044448375702,0.08291918784379959,0.2826300263404846,-0.06860369443893433,0.13461314141750336,-0.32659080624580383,0.007984966039657593,0.06204329803586006,-0.23576268553733826,0.23955745995044708,-0.20536617934703827,0.6859768033027649,0.20873410999774933,-0.11386511474847794,0.22368936240673065,-0.10329276323318481,0.01674310863018036,0.0632283166050911,0.1407073736190796,0.02647026814520359,0.022450175136327744,0.2360049933195114,-0.408029168844223,-0.08120565116405487,0.09793750196695328,0.061810173094272614,-0.17755015194416046,0.2933959364891052,0.1227591410279274,0.05903483182191849,-0.3392455279827118,-0.02609235607087612,0.017240336164832115,0.024901896715164185,-0.5670480728149414,-0.09929456561803818,-0.3072066307067871,-0.2266002893447876,-0.17728176712989807,0.13080433011054993,-0.02749006822705269,0.33547917008399963,0.5645551681518555,0.3135175108909607,0.2294151335954666,0.29894131422042847,-0.04872559756040573,0.12759682536125183,-0.2556386888027191,0.03523224592208862,0.10545215755701065,-0.04960750415921211,-0.16491122543811798,-0.054380763322114944,-0.19402670860290527,-0.10425390303134918,-0.24044036865234375,-0.030463512986898422,-0.3567526936531067,0.12248823791742325,-0.2845121920108795,-0.1085706502199173,-0.09317083656787872,-0.0355292484164238,0.18327276408672333,0.21155130863189697,0.0668582171201706,-0.10513953864574432,0.11672578752040863,0.5809439420700073,-0.6630462408065796,0.16183294355869293,-0.1570364087820053,0.07999163120985031,-0.3167756199836731,-0.06586925685405731,0.2619622051715851,-0.1605343073606491,-0.15728309750556946,0.11348507553339005,-0.2451218068599701,-0.5977389812469482,-0.10171351581811905,0.2328195571899414,-0.17753249406814575,0.2654096782207489,-0.37178176641464233,0.07093077152967453,-0.2681370973587036
CID000060953,488,0.4053087830543518,0.09119968116283417,0.17132215201854706,0.5667303800582886,-0.38747796416282654,-0.1083037406206131,0.2713768780231476,0.2701398730278015,-0.2071378231048584,0.2972138524055481,-0.17570830881595612,-0.879176139831543,-0.19679798185825348,0.4077915549278259,0.1929796040058136,0.41550636291503906,0.024656936526298523,-0.45279884338378906,0.3067096769809723,-0.6248816251754761,0.20930242538452148,-0.47371023893356323,-0.17499925196170807,-0.9846073389053345,0.17277364432811737,-0.15463301539421082,0.2099444419145584,-0.11685675382614136,-0.10222478210926056,-0.17935414612293243,-0.2688440978527069,0.0768510177731514,0.016087748110294342,-0.002545291092246771,-0.13679666817188263,0.07375390827655792,0.1194603443145752,0.4833761751651764,-0.031568873673677444,-0.3340001702308655,0.09970702975988388,0.18510404229164124,0.0003508940280880779,0.1332762986421585,-0.11940512806177139,-0.15584127604961395,-0.11850488185882568,-0.04776947572827339,0.0036936134565621614,0.06684888899326324,0.47895827889442444,-0.31419187784194946,-0.1965065449476242,-0.05984656140208244,-0.21598239243030548,0.1019866093993187,0.6228222846984863,0.19222679734230042,1.611795425415039,0.011224579997360706,-0.072064608335495,-0.5761798620223999,0.04863768815994263,-0.016938190907239914,-0.19982261955738068,0.14150118827819824,-0.14338353276252747,0.023455917835235596,0.012040134519338608,-0.03379509598016739,0.034234948456287384,-0.35020509362220764,-0.20974579453468323,-0.24939103424549103,-0.15139596164226532,0.3859608769416809,0.2790708541870117,-0.061510197818279266,-0.10303691774606705,-0.14577005803585052,0.3356389105319977,-0.5389882326126099,-0.46493926644325256,-0.22819337248802185,0.21816501021385193,0.030094051733613014,0.2338753640651703,0.047725509852170944,-0.18026091158390045,-0.6614055633544922,-0.28338462114334106,0.07058358192443848,-0.0013795107370242476,-0.0614783875644207,0.16497181355953217,-0.367681622505188,-0.0584382526576519,0.04703511297702789,-0.003413849975913763,0.3751227557659149,-0.11188161373138428,-0.051441896706819534,-0.051725417375564575,0.4195419251918793,0.2899661958217621,0.024573763832449913,-0.17572864890098572,0.01795787550508976,0.5443404912948608,0.17560726404190063,0.041765689849853516,0.21993765234947205,-0.09811623394489288,-0.5912246704101562,0.1969333440065384,0.12198972702026367,0.037732891738414764,0.3025767505168915,0.16689346730709076,0.04124680161476135,0.9264851808547974,-0.9736953973770142,0.30808156728744507,0.19080612063407898,-0.4132343828678131,0.4642762541770935,0.21328453719615936,-0.07097776234149933,0.22182424366474152,0.13007840514183044,0.15177907049655914,-0.6458032727241516,-0.31916308403015137,0.030696043744683266,-0.07194984704256058,0.19644053280353546,-0.026870358735322952,0.5281791687011719,0.016378985717892647,-0.06093543767929077,-0.09090825915336609,0.33811330795288086,-0.08993498235940933,0.25540271401405334,0.001193854259327054,0.17854008078575134,-0.35674744844436646,0.6757761836051941,-0.25859683752059937,0.4438554346561432,-0.10329596698284149,-0.40605488419532776,-0.11901376396417618,0.3004166781902313,-0.030231112614274025,-0.16651929914951324,-0.06239684298634529,-0.16526643931865692,0.05641155317425728,0.014808496460318565,-0.0015927739441394806,0.06257711350917816,0.01485399343073368,0.34818100929260254,-0.18844160437583923,0.08718887716531754,0.11860556900501251,0.03070175275206566,0.21641424298286438,-0.19677484035491943,0.08871549367904663,0.2475595921278,-0.1176377534866333,0.20485761761665344,0.09633370488882065,0.1814498007297516,-0.03199920430779457,-0.20126311480998993,0.8175595998764038,0.10496509075164795,0.07097425311803818,-0.06679601967334747,-0.3138486444950104,0.15981313586235046,0.1019129753112793,-0.07313251495361328,-0.061607539653778076,-0.12856285274028778,0.266568124294281,-0.34237417578697205,-0.05082374066114426,-0.11055795103311539,0.14130918681621552,-0.5883706212043762,0.06615476310253143,0.1397738754749298,-0.08734121173620224,-0.06238127872347832,0.019367778673768044,0.2090218961238861,-0.16457080841064453,-0.3138730227947235,0.0687655657529831,-0.26366716623306274,-0.07016535848379135,-0.3295614719390869,0.07285827398300171,-0.017535876482725143,0.2415967434644699,0.41414231061935425,0.4507065415382385,-0.2695356011390686,-0.06718309223651886,-0.06306646019220352,-0.07432945817708969,-0.3233349919319153,0.28988727927207947,0.5418432950973511,0.024863874539732933,0.40639591217041016,-0.06919778883457184,-0.01831766776740551,0.15868988633155823,-0.35780465602874756,-0.03797507658600807,0.2722293436527252,-0.17979100346565247,0.14483092725276947,-0.005167144350707531,-0.3511899411678314,0.03317295387387276,0.10628616809844971,0.6899412870407104,-0.16270937025547028,-0.011445032432675362,-0.14308878779411316,0.43584972620010376,-0.34116384387016296,0.17261025309562683,-0.30747559666633606,0.07929585129022598,-0.07046189159154892,-0.09586949646472931,0.3141268193721771,-0.1418296843767166,-0.20137444138526917,0.2049015313386917,0.3008905351161957,-0.6681612730026245,0.1591007113456726,0.3276548981666565,-0.12480709701776505,0.26768940687179565,-0.48555129766464233,0.0662529468536377,-0.16885033249855042
CID000003397,489,0.15921437740325928,-0.21380960941314697,-0.04231855273246765,0.23254796862602234,-0.35167238116264343,-0.04382207244634628,0.2713317275047302,0.45636478066444397,-0.12424330413341522,0.07988409698009491,0.21263578534126282,0.1276705414056778,0.06543472409248352,0.18453744053840637,-0.05106816813349724,-0.13825857639312744,-0.12607865035533905,-0.13246580958366394,0.09475638717412949,-0.46476325392723083,0.240047886967659,-0.2979705333709717,0.0384383387863636,-0.7955760359764099,-0.004522903356701136,-0.01383912842720747,-0.13964954018592834,-0.05020108073949814,-0.03362920135259628,0.2655259966850281,-0.20693962275981903,0.24478574097156525,0.1323384791612625,0.15197692811489105,0.15941442549228668,-0.3939976692199707,0.25378310680389404,0.21062369644641876,0.09086330235004425,-0.1625451147556305,-0.020112792029976845,-0.4008398950099945,0.21674838662147522,-0.10556402057409286,-0.3035127818584442,0.44345515966415405,-0.07559677213430405,-0.11680471897125244,-0.036927707493305206,0.0465177483856678,0.23330453038215637,0.03327301889657974,-0.2792605757713318,-0.1536075472831726,0.15430620312690735,0.011472208425402641,0.07852644473314285,0.13956165313720703,0.05848562717437744,0.14058902859687805,-0.1475888192653656,-0.4979068636894226,0.06492485851049423,0.006531459279358387,0.3748016059398651,0.3431606888771057,-0.19658708572387695,-0.09430735558271408,0.12634843587875366,0.21313317120075226,-0.06229072064161301,0.11398889869451523,-0.24193553626537323,-0.33875563740730286,-0.3643187880516052,0.06728445738554001,0.04180816560983658,0.17908824980258942,-0.012392120435833931,-0.16621968150138855,0.25800004601478577,-0.44457873702049255,-0.283568412065506,0.17043223977088928,-0.08990996330976486,-0.20292258262634277,0.14958688616752625,0.03508387878537178,-0.3172451853752136,-0.5875908136367798,-0.09846919775009155,0.2181503027677536,-0.09348428249359131,0.10993143171072006,-0.25402992963790894,-0.3762206435203552,-0.05647430568933487,-0.01328304409980774,0.05449137091636658,0.18138408660888672,-0.15638425946235657,-0.21613280475139618,0.10881014168262482,0.3481025695800781,0.261694073677063,0.14364983141422272,-0.3261139392852783,0.1599183827638626,0.3937990367412567,-0.10771314799785614,-0.12996605038642883,0.2599869966506958,-0.13338442146778107,-0.03850400447845459,0.23574861884117126,0.17703139781951904,-0.08204427361488342,-0.041051071137189865,-0.21387672424316406,0.2635372281074524,0.511171281337738,-0.12775371968746185,0.3414533734321594,0.41846156120300293,-0.01611381396651268,0.20290200412273407,-0.0728146880865097,0.05548741668462753,0.2689210772514343,0.11829757690429688,0.13624218106269836,-0.5338902473449707,-0.4719139635562897,0.08501200377941132,0.39604827761650085,-0.0853721871972084,-0.2654803395271301,0.1250637024641037,-0.14498046040534973,-0.2853078246116638,-0.2593095898628235,0.1948426216840744,0.05232508108019829,-0.07582058012485504,0.13471002876758575,0.24164605140686035,-0.06577553600072861,0.28175657987594604,-0.23515424132347107,0.1738019436597824,-0.028037726879119873,-0.13755784928798676,-0.13355791568756104,0.23584456741809845,-0.1931094080209732,-0.14517223834991455,-0.062160372734069824,-0.3047965168952942,0.27563026547431946,0.24722497165203094,-0.15667489171028137,-0.0480937659740448,-0.06228978559374809,-0.3146292567253113,-0.27215906977653503,0.12558205425739288,-0.13955166935920715,0.2885444462299347,-0.01747923158109188,0.27898234128952026,0.043715137988328934,-0.13712628185749054,-0.31564345955848694,-0.2689889073371887,0.062094420194625854,-0.06810972094535828,0.21987847983837128,-0.22722244262695312,0.39466387033462524,0.04542560875415802,-0.052289463579654694,-0.1315947026014328,-0.20748934149742126,-0.12331756204366684,0.053387947380542755,0.18835954368114471,-0.1817881017923355,-0.05192210152745247,-0.01785871386528015,-0.4313972592353821,-0.05970732122659683,0.07402803003787994,0.10133788734674454,0.03247644379734993,0.11880310624837875,-0.17989850044250488,0.059733618050813675,-0.12933683395385742,0.2597532272338867,-0.08898568153381348,0.166357159614563,-0.23610034584999084,0.07630603015422821,-0.3616984784603119,-0.0023689656518399715,-0.2819395661354065,-0.1361004114151001,0.07008598744869232,-0.05042146518826485,0.35405611991882324,0.3728843331336975,0.22474662959575653,0.3655746579170227,0.32191938161849976,-0.055188558995723724,-0.2548854947090149,-0.25438451766967773,0.051917754113674164,0.059448905289173126,-0.05602605268359184,-0.05887717753648758,-0.09388120472431183,-0.3198980987071991,-0.3031918704509735,-0.027961552143096924,-0.06234317272901535,-0.13944010436534882,-0.001998963998630643,-0.1245528906583786,-0.08003523200750351,0.14941367506980896,0.07414306700229645,0.27209973335266113,-0.006458283867686987,-0.3183344900608063,0.04799899458885193,0.2448122203350067,-0.2926217019557953,0.1051354631781578,-0.17150941491127014,0.27269214391708374,-0.4217730164527893,0.3350546061992645,0.22604377567768097,0.015764812007546425,0.046342119574546814,0.15845856070518494,0.0942348912358284,-0.5504244565963745,-0.08771482855081558,0.3742624521255493,-0.2905323803424835,0.10667669773101807,-0.22075600922107697,0.17377953231334686,-0.07961805909872055
CID000154059,490,-0.02416270039975643,-0.017995018512010574,-0.12210781872272491,0.3967088460922241,-0.41046619415283203,0.1590709388256073,0.345325767993927,0.19067668914794922,0.22890396416187286,0.24894504249095917,0.22520732879638672,0.11110953986644745,0.025413071736693382,0.0935116559267044,-0.2252579927444458,-0.05914099141955376,-0.10797689110040665,-0.12047352641820908,0.20790477097034454,-0.40145739912986755,-0.116474449634552,-0.21111822128295898,0.07057119905948639,-0.944170355796814,0.10987512767314911,0.03555548936128616,-0.09336663782596588,0.0811983123421669,-0.004273361060768366,-0.034359950572252274,-0.12055603414773941,0.18208399415016174,0.08012332022190094,0.17702509462833405,0.08918262273073196,-0.13263088464736938,0.2305695116519928,-0.028306150808930397,0.12629497051239014,-0.261668860912323,-0.08830247819423676,-0.4015188217163086,0.22882702946662903,-0.23095491528511047,-0.15041786432266235,0.5123698711395264,0.13448889553546906,-0.02747177705168724,0.09305589646100998,0.01421202439814806,0.24096231162548065,0.1310485303401947,-0.28962764143943787,-0.025930169969797134,0.08119849860668182,-0.15713803470134735,-0.14370322227478027,0.006378567311912775,0.021919166669249535,-0.21448545157909393,-0.05325992777943611,-0.19124165177345276,-0.30250877141952515,0.035932451486587524,0.2207549512386322,0.34104639291763306,-0.07156509160995483,-0.010545040480792522,0.21186891198158264,0.0784563198685646,0.16689011454582214,0.17036519944667816,-0.27068740129470825,-0.34003084897994995,-0.1375230997800827,0.0932607352733612,0.0667329877614975,0.16711588203907013,-0.15812605619430542,-0.01943403109908104,-0.020021595060825348,-0.438376247882843,-0.2676573395729065,-0.11106040328741074,0.19546470046043396,-0.12905462086200714,0.11624542623758316,0.028805682435631752,-0.003731000469997525,-0.6666032671928406,-0.011476325802505016,0.2539183497428894,0.04039958864450455,0.03333142772316933,0.06766019761562347,-0.1658911406993866,-0.04118078202009201,0.12603697180747986,-0.047455765306949615,-0.04355766996741295,-0.25883787870407104,-0.07102115452289581,-0.14828519523143768,0.2808343470096588,0.20567242801189423,0.025035643950104713,-0.00792909599840641,0.21016983687877655,0.5144714117050171,-0.05079270154237747,-0.1345711350440979,0.14983883500099182,-0.229923814535141,-0.09497691690921783,-0.026465892791748047,0.1867101639509201,-0.09206591546535492,-0.014958113431930542,-0.11455868184566498,0.1345999538898468,0.6350250244140625,-0.17469218373298645,0.209493488073349,0.11056365817785263,0.1161709576845169,0.14338771998882294,0.038740646094083786,0.07173329591751099,0.19986945390701294,0.07071010768413544,-0.043960876762866974,-0.4289523959159851,-0.41081589460372925,0.22703632712364197,0.361232727766037,-0.01683478057384491,0.14336803555488586,0.1924656331539154,-0.25401824712753296,-0.11764878034591675,-0.0735895186662674,0.062110938131809235,0.06616803258657455,-0.0026583343278616667,-0.021978851407766342,0.1371489316225052,-0.14332778751850128,0.32204410433769226,0.18095608055591583,0.1803067922592163,0.1300884634256363,-0.29042649269104004,-0.04755286127328873,0.12318454682826996,-0.35551780462265015,0.05755005031824112,-0.02137506566941738,0.0007515802863053977,0.19587549567222595,0.23093633353710175,0.04410851001739502,-0.12615735828876495,-0.035612255334854126,-0.0018493116367608309,-0.07847608625888824,-0.11809755861759186,-0.1850532591342926,0.09373451769351959,-0.13500496745109558,0.27212971448898315,0.103739894926548,-0.18984194099903107,-0.18220612406730652,-0.36105746030807495,0.09049092233181,-0.14299112558364868,0.17499221861362457,-0.13992507755756378,0.36784884333610535,-0.05929376557469368,0.017181839793920517,0.062308140099048615,-0.14211566746234894,-0.14242765307426453,0.11223219335079193,0.2792777419090271,-0.11836179345846176,0.15370963513851166,0.05359990522265434,-0.36432769894599915,0.24727387726306915,-0.0765921026468277,0.06388571113348007,0.12734805047512054,0.09643415361642838,-0.09140290319919586,0.008252429775893688,0.005949258804321289,-0.16111771762371063,-0.0009410142665728927,0.11416991055011749,-0.24773049354553223,-0.06690867245197296,-0.3005724251270294,-0.0072464109398424625,-0.13454537093639374,-0.12786249816417694,-0.0473799929022789,-0.041743021458387375,0.46188369393348694,0.2907925248146057,0.0068229795433580875,0.24215340614318848,0.16285040974617004,0.08675205707550049,0.008854426443576813,0.04038947820663452,0.22017984092235565,0.04311526194214821,-0.06638326495885849,0.03187127411365509,-0.09967080503702164,0.18452726304531097,-0.07658088952302933,0.16102498769760132,0.05241640657186508,-0.004641056060791016,-0.005943955387920141,-0.008766808547079563,-0.11503969132900238,-0.17773494124412537,-0.20854909718036652,0.22960743308067322,0.04385931044816971,-0.056310445070266724,-0.15820550918579102,0.2757379412651062,-0.2171567678451538,0.09904195368289948,-0.20479436218738556,0.2398957461118698,-0.26191452145576477,0.047310877591371536,0.18749387562274933,-0.20707790553569794,-0.015889305621385574,0.006225681398063898,0.04881715774536133,-0.5791009068489075,-0.0001707568735582754,0.16610822081565857,-0.27701467275619507,-0.12444382905960083,-0.2221142053604126,0.2335638701915741,0.12226538360118866
CID000004463,493,0.34322723746299744,0.1647464483976364,0.24523451924324036,0.545791506767273,-0.48562321066856384,0.1417175531387329,0.2502879202365875,0.36570674180984497,0.19264519214630127,0.3464633822441101,-0.06402476876974106,-0.2670179009437561,0.014932048507034779,0.16180095076560974,-0.1637679487466812,0.11709694564342499,0.002489634556695819,-0.22142863273620605,0.13309386372566223,-0.4612193703651428,0.07889996469020844,-0.3279825448989868,-0.08442313224077225,-0.858240008354187,0.18673713505268097,0.14373156428337097,-0.28523343801498413,-0.16157643496990204,-0.020687928423285484,0.01308161299675703,-0.05764031410217285,0.12272927910089493,0.0696457177400589,0.15411162376403809,0.06299933046102524,0.2923944592475891,0.10677270591259003,0.2520228326320648,-0.06175031140446663,-0.2112366408109665,0.02998417243361473,0.09353075176477432,0.12618927657604218,0.04087786003947258,-0.20122797787189484,0.286699116230011,0.06919427216053009,-0.0854339450597763,-0.06466661393642426,0.34129053354263306,0.5445336699485779,-0.13925984501838684,-0.23172524571418762,-0.0216451957821846,-0.05141947790980339,-0.030358988791704178,0.05694906786084175,-0.25811368227005005,0.23969855904579163,-0.13421933352947235,-0.05610685795545578,-0.2850314974784851,0.07422459870576859,-0.2707320749759674,0.40432295203208923,0.35916614532470703,-0.4528009295463562,0.01026141457259655,0.09254898130893707,0.0453338623046875,0.17523396015167236,-0.03926711529493332,-0.19724735617637634,-0.46185725927352905,-0.26854151487350464,0.13891926407814026,0.28252580761909485,-0.047789305448532104,-0.09361522644758224,0.03157338500022888,0.1486557424068451,-0.30897068977355957,-0.36048275232315063,0.06958215683698654,0.0819711983203888,0.27579784393310547,0.15323466062545776,0.13955329358577728,-0.029169052839279175,-0.37147656083106995,-0.0021628127433359623,0.18053293228149414,-0.03838980942964554,-0.013318302109837532,-0.17507602274417877,-0.10304969549179077,0.1865701824426651,-0.06397350877523422,-0.052265651524066925,0.22733764350414276,0.002100754529237747,-0.06252989917993546,0.009858159348368645,0.1979486495256424,0.15435613691806793,-0.02614630199968815,0.03097527101635933,0.040061332285404205,0.3470221161842346,-0.1253293752670288,0.10488034784793854,0.055495936423540115,-0.2465401589870453,-0.4516492486000061,0.15118129551410675,0.3190266191959381,-0.2440403252840042,-0.19815382361412048,-0.08529181778430939,0.2666744589805603,0.7820440530776978,-0.30728232860565186,0.2172282189130783,0.3007783889770508,-0.22045230865478516,0.3751264810562134,0.13973630964756012,0.02660089172422886,0.049989521503448486,0.17571941018104553,0.2563735544681549,-0.521422803401947,-0.5279925465583801,0.21744921803474426,0.39646410942077637,0.17488186061382294,0.07804395258426666,0.1397664099931717,-0.037685882300138474,-0.018436560407280922,-0.09500155597925186,0.12998896837234497,0.2750970721244812,0.17171618342399597,-0.11187203228473663,0.1713787466287613,-0.0456201396882534,0.3944917321205139,0.2514985203742981,0.3547917306423187,-0.03928246349096298,-0.37084493041038513,-0.13225536048412323,0.313937246799469,-0.13250058889389038,-0.05204570293426514,0.05466609075665474,-0.1773611307144165,0.07031936198472977,0.013593005016446114,0.01748131401836872,-0.16058963537216187,0.07725585997104645,0.11820094287395477,-0.1436820775270462,-0.00847987923771143,-0.11014384031295776,0.19979357719421387,0.20861490070819855,0.10469839721918106,-0.08350791037082672,0.1298447996377945,-0.32829415798187256,-0.21628069877624512,0.1302194893360138,-0.1207183375954628,0.2596016526222229,-0.1218663901090622,0.6788819432258606,0.08051370829343796,-0.19792358577251434,0.18018829822540283,0.016319207847118378,0.025226160883903503,0.11315838247537613,0.06926502287387848,-0.036541152745485306,0.07084567844867706,0.14326255023479462,-0.3762660324573517,-0.1724402755498886,0.04295795410871506,-0.0466257743537426,-0.18152587115764618,0.48639971017837524,0.10237713158130646,0.1121148020029068,-0.021774906665086746,-0.05173392966389656,0.033301740884780884,-0.05828014761209488,-0.5910250544548035,0.12914186716079712,-0.20894797146320343,-0.24280467629432678,-0.07155096530914307,0.05470683425664902,-0.07166838645935059,0.16476812958717346,0.46324077248573303,0.321913480758667,0.33742618560791016,0.19406455755233765,0.017272621393203735,-0.026463264599442482,-0.18598809838294983,0.08343875408172607,0.37353062629699707,0.08293027430772781,0.008633104152977467,-0.15996550023555756,-0.08973772823810577,-0.13601072132587433,-0.09816562384366989,0.16506776213645935,-0.15525221824645996,0.27346497774124146,-0.12778431177139282,-0.1711653470993042,-0.009397136978805065,-0.02970118448138237,0.17689624428749084,0.2992474436759949,-0.016970539465546608,0.10469331592321396,0.044425420463085175,0.49354320764541626,-0.5694599747657776,-0.04670293629169464,-0.1978529840707779,-0.05490688234567642,-0.17670504748821259,0.20842020213603973,0.15984869003295898,-0.22106201946735382,0.0659414529800415,0.08036073297262192,0.04348864406347275,-0.7052133679389954,-0.08034993708133698,0.33992400765419006,-0.01383164245635271,0.22579815983772278,-0.29124924540519714,0.007319643162190914,0.03245101496577263
CID000004205,496,0.034406132996082306,0.1831127256155014,0.1662852168083191,0.45832735300064087,-0.42682895064353943,0.10621239244937897,0.10249593108892441,0.22592100501060486,0.038949768990278244,0.24546337127685547,0.09040509164333344,0.06749226152896881,0.03802836313843727,0.1311720907688141,-0.24945251643657684,0.013816925697028637,0.012145547196269035,-0.08486243337392807,0.08449770510196686,-0.3725578188896179,-0.0741073340177536,-0.36974120140075684,0.1271447092294693,-0.8091481328010559,0.0907709077000618,0.16085472702980042,-0.15320119261741638,-0.06290993839502335,-0.10738901048898697,0.17551018297672272,-0.031461846083402634,0.16027316451072693,-0.13157370686531067,-0.19347229599952698,-0.00566347548738122,0.23458413779735565,0.11065109819173813,0.0778583511710167,0.11491309106349945,-0.3515447974205017,-0.0452105887234211,-0.2409929782152176,0.10994571447372437,-0.0908689796924591,-0.1155538409948349,0.30004996061325073,-0.02429351955652237,-0.032509058713912964,0.19725574553012848,-0.05487549304962158,0.26979929208755493,-0.10354588180780411,-0.41180819272994995,-0.04469121992588043,0.02861202321946621,-0.22716760635375977,-0.0672256350517273,0.05388803407549858,0.04587410017848015,0.023701798170804977,-0.16758063435554504,-0.2337224930524826,0.09964735060930252,-0.12872113287448883,0.3195968270301819,0.3326787054538727,-0.22401270270347595,-0.23668429255485535,0.17645910382270813,0.13602107763290405,0.0643308162689209,0.1072966679930687,-0.22666017711162567,-0.40790462493896484,-0.2419086992740631,-0.078376404941082,0.04563044384121895,0.09461793303489685,-0.20723167061805725,-0.18746772408485413,-0.07046953588724136,-0.282931387424469,-0.25643736124038696,-0.1686367690563202,0.15485915541648865,-0.026396512985229492,0.21088171005249023,0.05780046060681343,0.31242796778678894,-0.4422619938850403,0.033171799033880234,0.2648915648460388,-0.0816623717546463,-0.02252841368317604,-0.341440349817276,-0.18505680561065674,-0.027560437098145485,-0.2269177883863449,-0.020840907469391823,0.0015179186593741179,-0.2174062281847,0.04231361299753189,-0.13517937064170837,0.15315839648246765,0.3683694303035736,0.15380875766277313,0.18150858581066132,0.09732992947101593,0.4043351709842682,-0.22912192344665527,0.021533865481615067,0.1953004151582718,-0.24436578154563904,-0.08614248037338257,-0.23385915160179138,0.4314727783203125,-0.06317704916000366,0.023407604545354843,-0.17455950379371643,0.3772917687892914,0.5970951318740845,-0.1823265105485916,0.16752226650714874,0.40817055106163025,-0.11212537437677383,0.3512614369392395,0.1027461513876915,0.07994936406612396,0.1862434446811676,0.05184176564216614,0.002270817756652832,-0.4184001386165619,-0.4618276059627533,0.11756210029125214,0.28834494948387146,0.1338600218296051,-0.07631124556064606,0.11644810438156128,-0.19072359800338745,-0.026718121021986008,-0.16513200104236603,0.15430019795894623,0.2351730763912201,0.022344920784235,-0.11411148309707642,0.2973749041557312,-0.15172366797924042,0.30080872774124146,0.2843536138534546,0.31442368030548096,0.21222634613513947,-0.30596065521240234,-0.179831400513649,0.17682629823684692,-0.1968628615140915,-0.02358115278184414,0.038915932178497314,-0.06389734894037247,0.04904865100979805,0.212276890873909,0.06775127351284027,0.2846875786781311,-0.02181774377822876,0.3083477020263672,-0.2294979840517044,0.017224915325641632,-0.20873408019542694,0.035973772406578064,0.016096865758299828,0.26383087038993835,-0.02591896615922451,-0.07016772031784058,-0.3724309504032135,-0.3188190162181854,0.07906781136989594,-0.19194082915782928,0.2890530228614807,-0.17709586024284363,0.4309201240539551,-0.030271122232079506,-0.02960214391350746,0.07507095485925674,-0.07524620741605759,-0.04648265242576599,-0.05076736956834793,0.2377394139766693,0.04607415944337845,-0.1539137065410614,0.03645508736371994,-0.3600669205188751,-0.025369469076395035,0.11370885372161865,0.0920182317495346,-0.01108525414019823,0.23170527815818787,-0.15584418177604675,0.06386049836874008,-0.08898483216762543,-0.06127954646945,-0.045523714274168015,-0.0029859691858291626,-0.4258969724178314,-0.19432884454727173,-0.2830059230327606,-0.04604107141494751,-0.17415079474449158,-0.08394978940486908,0.07202979922294617,-0.04377131164073944,0.5040000677108765,0.26012808084487915,-0.022511426359415054,0.3804597556591034,0.05496002361178398,0.11541157960891724,-0.017441358417272568,0.2090526819229126,0.15823422372341156,-0.03887330740690231,-0.2711593508720398,-0.13806402683258057,-0.05723501369357109,-0.26959580183029175,-0.09466931223869324,0.033718936145305634,-0.29443833231925964,0.08517400175333023,-0.028408046811819077,-0.12348061800003052,-0.046515535563230515,-0.026500219479203224,-0.046292491257190704,0.3481113314628601,-0.014187676832079887,0.04936840757727623,-0.16811087727546692,0.3786957561969757,-0.33415281772613525,0.17493245005607605,-0.2336999475955963,0.15631063282489777,-0.2268272191286087,-0.2315962314605713,0.20302674174308777,-0.08732388913631439,-0.08740575611591339,0.1325415074825287,-0.1350935995578766,-0.46212607622146606,-0.030712148174643517,0.24548502266407013,-0.11912175267934799,0.0011821717489510775,-0.273556649684906,0.11137033998966217,0.03406726196408272
CID000072938,497,0.06869537383317947,0.376095175743103,0.31980785727500916,0.4423646032810211,-0.3575137257575989,0.1909564584493637,0.22169283032417297,0.3182796835899353,0.0321657694876194,0.35476383566856384,-0.11794757843017578,-0.0909089669585228,-0.04148450866341591,0.33637166023254395,-0.19405926764011383,-0.025721123442053795,0.060378383845090866,-0.0003827184555120766,0.22329644858837128,-0.3158179819583893,-0.10229554027318954,-0.3463156819343567,0.02847534976899624,-0.7315484881401062,-0.012499094009399414,0.3700768053531647,-0.24883465468883514,-0.27071496844291687,0.044755034148693085,0.22938172519207,-0.15442416071891785,0.2644198536872864,-0.10712134838104248,0.09339301288127899,-0.08555465936660767,0.13242796063423157,0.3026729226112366,0.28839796781539917,0.14929741621017456,-0.3436843752861023,-0.042163003236055374,0.0013899713521823287,0.19613325595855713,-0.013725971803069115,-0.27092766761779785,0.22944645583629608,0.038081590086221695,-0.03425756096839905,0.4830801486968994,0.097146175801754,0.385395884513855,-0.17290468513965607,-0.3113347589969635,0.11806106567382812,0.17517396807670593,-0.2064710408449173,0.09539777785539627,0.12166156619787216,0.13330063223838806,-0.12758924067020416,-0.44998088479042053,-0.4365735948085785,0.08382613956928253,-0.24143452942371368,0.13362976908683777,0.4462916851043701,-0.2906290888786316,-0.06885319203138351,0.17193736135959625,0.2005242109298706,0.031875599175691605,-0.07568921148777008,-0.3169969916343689,-0.4593806266784668,-0.1777952015399933,-0.05326605960726738,0.0007605768623761833,-0.044501788914203644,-0.050495851784944534,0.17671619355678558,-0.04234105348587036,-0.24647386372089386,-0.30077463388442993,-0.13111799955368042,0.10113921016454697,0.07902562618255615,0.25400879979133606,0.19933944940567017,0.15627412497997284,-0.5762386322021484,0.0029895431362092495,0.1991492509841919,-0.11997519433498383,-0.001313066459260881,-0.14934709668159485,-0.27719634771347046,-0.11920450627803802,-0.058464448899030685,-0.03331892564892769,0.16985905170440674,0.08697757869958878,0.08334211260080338,0.0660233348608017,0.25827574729919434,0.2036474198102951,-0.023716818541288376,-0.040532514452934265,0.2154199182987213,0.2598031759262085,-0.31250354647636414,0.10357199609279633,0.04410979896783829,-0.34648042917251587,-0.15883484482765198,-0.17252835631370544,0.31702014803886414,-0.14790521562099457,0.06294438987970352,-0.21908512711524963,0.44507160782814026,0.49152231216430664,-0.2626038193702698,0.19032172858715057,0.34352901577949524,-0.3127317726612091,0.38187968730926514,0.018617302179336548,0.11249663680791855,0.2663719058036804,-0.21002981066703796,0.2833167016506195,-0.45286598801612854,-0.4446871280670166,0.1143917664885521,0.27869534492492676,0.08936198055744171,0.03517655283212662,0.2931460440158844,0.18383556604385376,-0.04057277366518974,-0.26472923159599304,0.4151109755039215,0.3254070580005646,-0.05906783789396286,-0.010024654679000378,0.3120998740196228,-0.2631949484348297,0.33112651109695435,0.2780104875564575,0.3765411376953125,0.10166339576244354,-0.13913142681121826,0.0007841408369131386,0.10949055850505829,-0.3090760111808777,-0.27038607001304626,0.03554502874612808,-0.24176029860973358,0.17855946719646454,0.2561289668083191,0.0757504403591156,-0.041272927075624466,0.07804358750581741,0.08416394889354706,-0.3480834364891052,0.1212235540151596,-0.24871011078357697,0.37626057863235474,0.024769773706793785,0.13245294988155365,0.12551087141036987,0.10958967357873917,-0.3289105296134949,-0.12959980964660645,0.11921417713165283,-0.13726948201656342,0.5621346235275269,-0.17393282055854797,0.4534270763397217,0.1636936217546463,-0.04932277277112007,0.3385671079158783,-0.26750215888023376,-0.07990262657403946,-0.010134086012840271,0.13996222615242004,0.046982843428850174,-0.05495520681142807,-0.0030458613764494658,-0.47596555948257446,-0.010281386785209179,0.10787308216094971,0.01753327250480652,-0.1477469950914383,0.26072949171066284,-0.029040683060884476,0.1709386259317398,-0.17463406920433044,0.027976179495453835,-0.011958234012126923,0.2204349786043167,-0.4999774992465973,0.06377152353525162,-0.33689120411872864,-0.02707631327211857,-0.10025258362293243,0.10944199562072754,-0.1995268613100052,0.32577747106552124,0.4950341582298279,0.3720674514770508,0.08765370398759842,0.2983904480934143,0.12679001688957214,0.23219382762908936,-0.3927568197250366,0.09977203607559204,-0.021256398409605026,0.060622550547122955,-0.18647326529026031,-0.10686669498682022,0.024622377008199692,-0.11769375950098038,-0.2418820858001709,-0.08364390581846237,-0.08840415626764297,0.12896864116191864,-0.4102494716644287,-0.0032399683259427547,0.10060399770736694,-0.09736274182796478,0.031072387471795082,0.21800954639911652,0.02844851277768612,-0.0697934478521347,-0.1389537751674652,0.5558300018310547,-0.7709675431251526,0.04961187765002251,-0.038921646773815155,0.28900766372680664,-0.28848251700401306,-0.15070687234401703,0.3260349929332733,0.023052504286170006,-0.021756086498498917,0.29072481393814087,-0.3729928135871887,-0.4851066470146179,-0.04561419039964676,0.2493954449892044,-0.20083120465278625,0.18011415004730225,-0.37563878297805786,0.10394401848316193,-0.10072460025548935
CID000060198,498,-0.06328555196523666,0.1570376753807068,0.06910526007413864,0.1685490906238556,-0.21985101699829102,0.1406870186328888,0.16403590142726898,0.48715171217918396,-0.08769610524177551,0.29171377420425415,-0.28081560134887695,-0.06738485395908356,-0.49369898438453674,0.24094371497631073,-0.26551976799964905,-0.09232129156589508,0.04181286320090294,-0.0629897490143776,0.44137054681777954,-0.36522626876831055,0.290571391582489,-0.29177623987197876,0.20584404468536377,-0.7043511867523193,0.15451212227344513,0.36129993200302124,-0.35463961958885193,-0.2537255585193634,0.1564302146434784,0.1771087348461151,-0.043432775884866714,0.38282015919685364,-0.19390812516212463,0.005041165743023157,-0.0020905076526105404,0.11322988569736481,0.42546185851097107,0.09843851625919342,0.28091883659362793,-0.39109164476394653,0.046025700867176056,-0.38327041268348694,0.19461758434772491,-0.3679823875427246,-0.08744336664676666,0.2773422598838806,0.11377682536840439,-0.09838172793388367,-0.10352595150470734,-0.1485532820224762,0.2361011803150177,0.27554476261138916,-0.43219834566116333,-0.20596054196357727,0.2106046974658966,0.04162102937698364,-0.05704452842473984,0.20581135153770447,0.1358914077281952,0.1945035457611084,-0.48246321082115173,-0.31150540709495544,-0.08049315214157104,-0.16116568446159363,0.42303186655044556,0.5541673898696899,0.012625758536159992,-0.12882009148597717,0.11281125247478485,0.03173007443547249,0.13254797458648682,-0.05031386762857437,-0.528594970703125,-0.4936979413032532,-0.40818843245506287,-0.1758710741996765,-0.05720501393079758,0.21113090217113495,0.018623363226652145,-0.013151878491044044,-0.07159899175167084,-0.1103670746088028,-0.32393911480903625,0.019825588911771774,0.036296430975198746,-0.06637395918369293,0.10103939473628998,0.7835394144058228,-0.03547351062297821,-0.5765027403831482,0.17745479941368103,0.46533894538879395,-0.00867440551519394,-0.09482034295797348,-0.13170908391475677,-0.5828655362129211,-0.47335880994796753,-0.09967336803674698,-0.16217705607414246,0.05304799601435661,-0.1315157562494278,0.05707723647356033,-0.12172301113605499,0.5336816310882568,0.44378790259361267,-0.08472901582717896,-0.07986225187778473,0.13969509303569794,0.25136515498161316,-0.1674879789352417,-0.10585959255695343,0.1622634381055832,-0.07869251072406769,0.10625998675823212,0.1273532658815384,0.43236297369003296,-0.056356869637966156,-0.06306654214859009,-0.15823690593242645,0.2957853376865387,0.3008902668952942,-0.30116549134254456,0.38339751958847046,0.5198020339012146,-0.15722739696502686,0.03613566234707832,0.08812379837036133,0.15145447850227356,0.5595570206642151,0.02153879404067993,0.09332311153411865,-0.3067026138305664,-0.2490384876728058,0.14977431297302246,0.32100242376327515,0.15954478085041046,-0.22605343163013458,0.22671052813529968,0.1594562828540802,-0.07694356143474579,-0.20821014046669006,0.298443078994751,0.22136414051055908,-0.02299276366829872,0.007940215989947319,0.3494148850440979,-0.41433969140052795,0.24748821556568146,-0.2710820734500885,0.24680888652801514,0.10939816385507584,-0.024303799495100975,-0.3204635679721832,0.09400804340839386,-0.18885967135429382,-0.2159651815891266,0.00949059147387743,-0.29050323367118835,0.11589732021093369,0.4592965245246887,0.1613530069589615,-0.2016133964061737,-0.047185268253088,0.041356541216373444,-0.3837277591228485,-0.11643394082784653,-0.008213122375309467,-0.036178890615701675,-0.12220726162195206,0.4109877645969391,0.17734280228614807,-0.2774813771247864,-0.28265056014060974,-0.2458914816379547,0.0625147894024849,-0.011396601796150208,0.2330721616744995,-0.3175511360168457,0.2826646566390991,-0.33537745475769043,0.1744682788848877,-0.05501987785100937,-0.2786831855773926,-0.037841975688934326,0.2708978056907654,0.24753479659557343,-0.08961036801338196,-0.15759894251823425,0.40542101860046387,-0.4873623251914978,0.06378109753131866,0.07821181416511536,0.4495862126350403,0.14643602073192596,0.04111555963754654,-0.14895570278167725,0.13986417651176453,0.09550720453262329,0.03994616121053696,0.15151289105415344,0.2296292781829834,-0.5625989437103271,-0.11081261932849884,-0.3745686411857605,0.0192941315472126,-0.025167379528284073,-0.04550487548112869,-0.23990961909294128,0.2159031629562378,0.47869738936424255,0.35017552971839905,-0.08400224149227142,0.5430452227592468,-0.052754711359739304,0.5140076279640198,-0.11217435449361801,-0.14997927844524384,-0.05293886736035347,0.12095960229635239,-0.3292880356311798,-0.04778527468442917,-0.05170547962188721,-0.22228948771953583,-0.5712295174598694,-0.5423994660377502,-0.00404894957318902,0.267085999250412,-0.5498760342597961,-0.11387093365192413,-0.01460858155041933,0.11259855329990387,-0.1298506110906601,0.40406790375709534,-0.08176888525485992,0.04391079396009445,-0.0323619544506073,0.18145263195037842,-0.5683099031448364,0.0959942638874054,-0.2005099505186081,0.25070375204086304,-0.6446924209594727,0.017788054421544075,0.3523707687854767,-0.022836104035377502,-0.08323094248771667,0.30325451493263245,-0.21257475018501282,-0.3014264404773712,0.07319425046443939,0.4265737533569336,-0.27960270643234253,0.2217240333557129,-0.050087541341781616,0.023821141570806503,0.03029836341738701
CID000002756,499,0.5259697437286377,-0.2163679152727127,0.06464126706123352,0.39817696809768677,-0.40423303842544556,0.2341490536928177,0.14989235997200012,0.09333362430334091,0.23448333144187927,0.2692843973636627,-0.18908710777759552,-0.23633380234241486,-0.24281248450279236,0.2176600694656372,-0.07510463148355484,0.06433235108852386,-0.022041792050004005,-0.2582056224346161,0.1571010798215866,-0.4805903434753418,0.032856572419404984,-0.062126822769641876,0.10706353187561035,-0.7188884019851685,0.2593561112880707,0.08746010065078735,-0.18092235922813416,-0.1748266965150833,-0.06813456118106842,0.42107152938842773,0.33029046654701233,0.2295348346233368,0.020269611850380898,0.20003969967365265,0.1343691647052765,-0.35365551710128784,0.009998882189393044,0.470918744802475,0.13402846455574036,-0.09795787185430527,-0.04325904697179794,0.025391215458512306,0.16616061329841614,-0.060080885887145996,-0.0066131786443293095,0.25538018345832825,-0.03932083398103714,-0.26422184705734253,-0.16259649395942688,0.4957970976829529,0.4647155702114105,-0.15863928198814392,-0.2922845780849457,0.29027292132377625,0.11304481327533722,-0.1183827742934227,0.5607614517211914,-0.1508358120918274,0.5424779057502747,0.09969191253185272,-0.0482395701110363,-0.29592424631118774,-0.24387714266777039,-0.17905530333518982,0.5531831979751587,0.8618184328079224,-0.2069217413663864,0.10920105874538422,-0.06293598562479019,0.05594692751765251,0.18361437320709229,0.37691864371299744,-0.32094907760620117,-0.28733181953430176,-0.22954221069812775,0.44153934717178345,0.05633815377950668,-0.39567267894744873,-0.027487557381391525,0.3878607153892517,0.25461313128471375,-0.29195064306259155,-0.288849800825119,-0.21311986446380615,0.2953082025051117,-0.1741364449262619,0.3467857539653778,0.17900820076465607,-0.17540375888347626,-0.68342524766922,-0.014512782916426659,0.40022701025009155,-0.2209710329771042,0.18126127123832703,-0.20378908514976501,-0.38941070437431335,0.06450317054986954,-0.37258848547935486,-0.061597418040037155,0.4924186170101166,0.1923259049654007,-0.0585247203707695,-0.1273573786020279,0.28373831510543823,-0.29726743698120117,-0.11080478131771088,-0.09069272130727768,-0.29895782470703125,0.43148165941238403,0.3066480755805969,0.12098022550344467,0.19169025123119354,-0.2934814989566803,-0.10158250480890274,-0.29627159237861633,0.5209299325942993,-0.39265114068984985,-0.1454242765903473,-0.056289058178663254,0.1189623475074768,0.6015876531600952,-0.1993769109249115,0.3831250071525574,0.17756247520446777,-0.14766380190849304,-0.1303827315568924,0.01925221085548401,-0.18975070118904114,0.22064976394176483,0.2132895439863205,0.16675879061222076,-0.4808313846588135,-0.43116897344589233,0.2884254455566406,0.3906053900718689,0.15245653688907623,0.19592314958572388,0.19507504999637604,0.20422916114330292,-0.5792725682258606,-0.19797375798225403,0.5745352506637573,0.03975440189242363,0.10904400050640106,0.08689799159765244,0.006573671009391546,-0.17821933329105377,0.6081231832504272,0.22383292019367218,0.25433212518692017,0.27778178453445435,-0.2535836696624756,-0.2666659355163574,0.10586372762918472,-0.023527448996901512,-0.1877949982881546,0.05340933799743652,-0.5349575877189636,-0.3131325840950012,0.1951194703578949,-0.057958949357271194,-0.20529022812843323,0.0261883195489645,-0.13614653050899506,-0.18534183502197266,-0.07646485418081284,-0.09187789261341095,0.1754029095172882,0.09657958894968033,0.09684707224369049,-0.03460848703980446,-0.09565556049346924,-0.1963578760623932,-0.12019171565771103,0.3836534023284912,-0.16575504839420319,-0.004219291266053915,-0.1901259869337082,0.6366198062896729,0.07698439806699753,-0.258110374212265,0.005526529159396887,-0.6571058034896851,0.10776986926794052,0.09530677646398544,-0.0975654348731041,-0.5340022444725037,-0.01628723181784153,0.0868242084980011,-0.5280051827430725,0.1409837305545807,-0.16872990131378174,0.07953870296478271,-0.1821930855512619,-0.026144320145249367,-0.04542556777596474,0.030161995440721512,0.08193369209766388,0.05075737088918686,-0.42132464051246643,-0.027587082237005234,-0.3686935007572174,0.5093882083892822,-0.5947586297988892,-0.12583200633525848,-0.014817452058196068,-0.08131100237369537,-0.254630446434021,0.538256049156189,0.4908328950405121,0.2750486433506012,-0.14639347791671753,-0.1927807331085205,0.3355688154697418,-0.09959345310926437,-0.5833922624588013,0.19797465205192566,0.27704286575317383,0.007613189518451691,0.0016498975455760956,-0.24141936004161835,-0.21155419945716858,-0.25214308500289917,-0.21220090985298157,-0.13934239745140076,-0.24158914387226105,0.04395065829157829,-0.23339731991291046,-0.12756934762001038,-0.004735690541565418,-0.05496957153081894,0.5192731618881226,0.15644754469394684,0.10540558397769928,-0.1320105642080307,0.5022862553596497,0.5768783688545227,-0.4840644896030426,0.06921803951263428,-0.35826677083969116,0.1295548975467682,-0.641722559928894,-0.11354951560497284,0.30081501603126526,-0.4444202482700348,-0.11069239675998688,0.09588952362537384,-0.04983464628458023,-0.7186886668205261,-0.27027520537376404,0.24140281975269318,-0.1302068680524826,0.33819806575775146,-0.10742899030447006,-0.05760221555829048,-0.01172404084354639
CID000002160,504,0.19835560023784637,0.2376006841659546,0.03976276516914368,0.37729740142822266,0.01763889566063881,0.31340619921684265,-0.02233263850212097,0.21346008777618408,-0.02572076953947544,0.027646755799651146,0.24058231711387634,0.1446385234594345,0.06580713391304016,0.06122560426592827,0.0069310725666582584,-0.18919523060321808,-0.1016242504119873,-0.028220122680068016,0.14380136132240295,-0.45961809158325195,0.19711533188819885,-0.13078729808330536,0.09582498669624329,-0.7940731048583984,-0.0678948387503624,0.16230162978172302,-0.4527621865272522,-0.32053107023239136,-0.09332281351089478,0.18920233845710754,-0.0758826956152916,0.42165908217430115,-0.040235985070466995,0.06365431845188141,-0.0674532949924469,-0.034564655274152756,0.3830271065235138,-0.13750059902668,0.22569231688976288,-0.17658182978630066,0.036651819944381714,-0.23196712136268616,0.018489772453904152,-0.436962753534317,-0.11007535457611084,0.3437348008155823,-0.037934161722660065,-0.10905511677265167,0.2726277709007263,0.1492447555065155,0.4054199755191803,-0.15597815811634064,-0.2950441241264343,0.027003085240721703,0.2678975760936737,-0.42691129446029663,0.04986477643251419,0.08134663850069046,-0.11057846248149872,0.2673843204975128,-0.19400255382061005,-0.32937341928482056,0.06379161775112152,-0.18513302505016327,0.298469603061676,0.5328764915466309,-0.3094756603240967,-0.31744205951690674,0.15942753851413727,-0.07180093228816986,-0.03445817157626152,-0.08301091194152832,-0.4493904709815979,-0.3970766067504883,-0.2995571494102478,-0.1643066108226776,-0.05792597681283951,0.017919469624757767,-0.029701268300414085,0.07680320739746094,-0.002938818885013461,-0.3246603310108185,-0.32526934146881104,-0.28083962202072144,0.052389901131391525,-0.10177654027938843,0.34794509410858154,0.18778207898139954,-0.21117910742759705,-0.826176643371582,-0.023992903530597687,0.3569125533103943,0.11487112194299698,0.3484356999397278,-0.1635475903749466,-0.4647757112979889,-0.17084401845932007,-0.027169447392225266,0.4968585968017578,0.32807832956314087,-0.025970812886953354,-0.051845453679561615,0.04876404255628586,0.2627517580986023,0.09161145985126495,0.1314491629600525,0.035542894154787064,-0.1219417080283165,0.4203829765319824,-0.08317599445581436,0.05931409075856209,0.28444981575012207,-0.45643797516822815,-0.09245987236499786,0.08806179463863373,0.23509375751018524,-0.028590764850378036,-0.21679143607616425,-0.3096117377281189,0.32963359355926514,0.478721559047699,-0.16496610641479492,0.3151529133319855,0.36996883153915405,-0.03730633854866028,0.008376765064895153,-0.043356191366910934,0.14153483510017395,0.2512837052345276,-0.17799551784992218,0.07088400423526764,-0.3153482973575592,-0.017399420961737633,0.3600521385669708,0.03708967566490173,0.17348375916481018,0.028367822989821434,-0.020535100251436234,-0.18240877985954285,-0.45066624879837036,-0.18976131081581116,0.12346754223108292,0.12983015179634094,-0.2108566015958786,0.0875663086771965,0.0718308836221695,-0.20970091223716736,0.34086474776268005,-0.12072563171386719,0.19640275835990906,0.03804176300764084,-0.08832470327615738,0.02775854989886284,0.11599566042423248,-0.39440205693244934,-0.2942582368850708,-0.07235062122344971,-0.20088724792003632,0.15651115775108337,0.2409900426864624,0.043543387204408646,0.04325886815786362,0.029478007927536964,-0.10813672840595245,-0.25866571068763733,-0.4178744852542877,-0.45417070388793945,0.24017885327339172,0.08314399421215057,0.3078431189060211,0.0959298238158226,-0.3024696111679077,-0.24372486770153046,-0.338018000125885,0.037809818983078,-0.21282406151294708,0.1713850498199463,-0.261505663394928,0.5253040790557861,0.18090979754924774,0.03836006671190262,0.021679382771253586,-0.3426520824432373,-0.548308253288269,0.3025047779083252,0.18431448936462402,-0.7366145253181458,-0.30056101083755493,-0.016880687326192856,-0.28312963247299194,-0.060539089143276215,0.20857656002044678,0.28938981890678406,0.04264356940984726,0.2766689658164978,-0.5061484575271606,0.1536593735218048,0.160299614071846,0.040090177208185196,0.005940151400864124,0.17999565601348877,-0.18619683384895325,-0.0821080207824707,-0.35478347539901733,0.13578450679779053,-0.14372685551643372,-0.019800150766968727,-0.1678038090467453,0.4673381745815277,0.45191532373428345,0.3982251286506653,-0.31910982728004456,0.27412205934524536,0.1407633274793625,0.13073799014091492,-0.43649595975875854,-0.00038467050762847066,0.0019435703288763762,-0.06271468102931976,-0.31620410084724426,-0.15006858110427856,-0.22375042736530304,-0.18682603538036346,-0.39183229207992554,-0.17607738077640533,-0.09401080012321472,-0.46904125809669495,-0.12695381045341492,-0.1261022537946701,-0.04435420036315918,0.0394175723195076,0.4093233048915863,0.2155134230852127,0.11763697862625122,0.14895792305469513,0.24870678782463074,0.3730502426624298,-0.39305639266967773,-0.035246096551418304,-0.28847751021385193,0.5663749575614929,-0.5365492105484009,0.38269519805908203,0.0578392930328846,-0.12480609118938446,0.01581796072423458,0.367806613445282,0.013880479149520397,-0.4419153332710266,-0.10376207530498505,0.3671500086784363,-0.016394784674048424,0.17862410843372345,-0.08455316722393036,-0.01887567900121212,-0.21369345486164093
CID000004052,505,0.14486351609230042,-0.015861768275499344,0.3235946297645569,0.6106795072555542,-0.4632238447666168,0.1634341925382614,0.1401669979095459,0.2912464141845703,-0.07208769023418427,0.262617290019989,-0.20669043064117432,-0.29924848675727844,0.05130065605044365,0.19930674135684967,-0.17431855201721191,0.18992188572883606,0.10820198059082031,-0.045853205025196075,-0.06215542554855347,-0.513434112071991,-0.10689618438482285,-0.4370853304862976,0.008477898314595222,-0.8725196123123169,-0.1949140727519989,0.275012344121933,-0.18412315845489502,-0.1672496497631073,0.018683647736907005,0.033955901861190796,-0.09831715375185013,0.17078223824501038,0.0717199370265007,-0.01524856686592102,-0.01083819568157196,0.08639471232891083,0.024705655872821808,0.3646062910556793,0.03193910792469978,-0.3136168122291565,0.12230591475963593,0.2429341822862625,0.19202260673046112,-0.013471017591655254,-0.11266739666461945,0.2213466614484787,-0.06124842166900635,-0.016531795263290405,-0.044243209064006805,0.22048577666282654,0.45203298330307007,-0.07134878635406494,-0.24732601642608643,0.07134964317083359,-0.12335503101348877,0.04297259449958801,-0.09532823413610458,-0.021040529012680054,0.24133619666099548,-0.21077176928520203,-0.11771810054779053,-0.3284000754356384,-0.0872327983379364,-0.09103880822658539,0.15000852942466736,0.30171793699264526,-0.2418525516986847,-0.02489887923002243,0.16353711485862732,0.08330074697732925,0.11376705020666122,0.06388329714536667,-0.41141557693481445,-0.3674030303955078,-0.18149778246879578,0.14634495973587036,0.00787118636071682,0.003691804362460971,-0.07459356635808945,-0.04762089625000954,0.40473952889442444,-0.30136197805404663,-0.3366733491420746,0.004884261637926102,0.025376498699188232,0.2294851541519165,0.0695418268442154,0.19706349074840546,-0.0037525533698499203,-0.5109636187553406,-0.05243374779820442,0.23383276164531708,-0.08923552185297012,0.05623878166079521,-0.18405212461948395,-0.1486484706401825,0.11116906255483627,0.05510459095239639,0.05262162163853645,0.139621764421463,0.18431612849235535,0.17516370117664337,-0.056579846888780594,0.18570545315742493,0.24087223410606384,-0.08348201960325241,-0.04162993282079697,-0.0373360738158226,0.4147130846977234,-0.09032890945672989,0.13426165282726288,0.14335261285305023,-0.21564066410064697,-0.2983757257461548,0.17752893269062042,0.22184208035469055,-0.2505619525909424,0.1539870947599411,-0.09028120338916779,0.2747974395751953,0.7090355157852173,-0.1987297534942627,0.20096978545188904,0.2611094117164612,-0.30875164270401,0.3211600184440613,0.06319551169872284,-0.06335759162902832,0.12662847340106964,0.22052519023418427,0.3154340088367462,-0.4992557168006897,-0.47110801935195923,0.27165836095809937,0.2319328337907791,0.13780514895915985,-0.08327528834342957,0.16361664235591888,0.17109183967113495,-0.17944666743278503,-0.20437303185462952,0.22975067794322968,0.24668638408184052,0.07199961692094803,0.05522901564836502,0.27423542737960815,-0.11227947473526001,0.4378731846809387,0.1877283751964569,0.4725378453731537,0.0813659280538559,-0.38765326142311096,0.06928527355194092,0.07961878180503845,-0.18165753781795502,-0.2626590132713318,0.09350738674402237,-0.11802910268306732,0.0019307717448100448,0.10281423479318619,-0.055764567106962204,-0.062075793743133545,0.062380217015743256,0.17198523879051208,-0.13683541119098663,0.10684941709041595,-0.21258921921253204,0.08056880533695221,0.08884412795305252,-0.03667278215289116,0.17923516035079956,0.05757243558764458,-0.20780667662620544,-0.20005345344543457,0.14997412264347076,-0.10038329660892487,0.19076938927173615,-0.11305256932973862,0.7717908620834351,0.0035713135730475187,-0.25690990686416626,0.07701011002063751,-0.09702392667531967,-0.11988957226276398,0.3510487675666809,0.02266738936305046,-0.16508615016937256,0.19838030636310577,0.02577889896929264,-0.3755180537700653,0.05045148730278015,0.03336869180202484,0.01897820644080639,-0.3274785876274109,0.26903045177459717,0.125425323843956,0.1686866730451584,-0.15183310210704803,-0.0856570452451706,-0.10803189128637314,0.16281841695308685,-0.4038328528404236,0.13871726393699646,-0.36647310853004456,0.006686133332550526,-0.2741631865501404,0.22036807239055634,-0.04197145625948906,0.030636057257652283,0.439237505197525,0.32813194394111633,0.0998118668794632,0.2565159499645233,-0.013491803780198097,0.07452471554279327,-0.25348424911499023,0.008967352099716663,0.2680557370185852,0.11999902874231339,0.06528676301240921,-0.23785941302776337,-0.11732912063598633,-0.1484118402004242,-0.15979894995689392,0.10286400467157364,0.03430860862135887,0.025910045951604843,-0.20029671490192413,0.07434426248073578,0.1454627364873886,-0.026920229196548462,0.06908690929412842,0.36431244015693665,-0.045563191175460815,0.0690474659204483,0.12625138461589813,0.6115630865097046,-0.5741941332817078,0.039032816886901855,-0.20925283432006836,0.04297897219657898,-0.18638983368873596,0.12197639048099518,0.1480884850025177,-0.18011684715747833,-0.1430114507675171,0.04540140554308891,-0.054777033627033234,-0.6397603750228882,-0.13616307079792023,0.2733425796031952,-0.04888364300131798,0.31966444849967957,-0.3435322344303131,0.008755889721214771,0.160176083445549
CID000004674,506,0.15431007742881775,-0.05763227865099907,-0.08329061418771744,0.38872379064559937,-0.07135247439146042,0.04942953214049339,0.006749269552528858,0.20707237720489502,0.1380738914012909,0.22703568637371063,0.28912651538848877,-0.11219236999750137,-0.16295120120048523,-0.12734663486480713,0.018844354897737503,-0.1857154220342636,-0.20899531245231628,0.0062835244461894035,0.21869225800037384,-0.49298086762428284,0.08675283193588257,-0.3632252514362335,0.20336361229419708,-0.7577008605003357,-0.011662567034363747,0.010178697295486927,-0.15145035088062286,-0.07379661500453949,0.04218365252017975,0.07181936502456665,-0.1955704391002655,0.5031414031982422,0.035588331520557404,0.006334724836051464,0.08372033387422562,0.26499849557876587,0.22851243615150452,0.024710822850465775,-0.043843310326337814,-0.4093012809753418,-0.18665583431720734,-0.10657469183206558,0.28848937153816223,-0.18400229513645172,-0.18670301139354706,0.313138484954834,0.09176421165466309,-0.0036688833497464657,0.14263257384300232,0.0032189935445785522,0.2985985279083252,-0.1450423300266266,-0.3539288640022278,0.015401219949126244,0.1349656879901886,0.11993800103664398,-0.06964604556560516,0.21496358513832092,0.052461422979831696,-0.24753537774085999,-0.340524822473526,-0.3850780725479126,0.33459192514419556,-0.019099440425634384,0.4131261706352234,0.33105412125587463,-0.26654285192489624,-0.012157542631030083,-0.08944321423768997,-0.03077513538300991,0.36168283224105835,-0.11086797714233398,-0.52345210313797,-0.06912289559841156,-0.05618910863995552,0.5239051580429077,-0.1276225596666336,0.13457223773002625,-0.12887047231197357,-0.07479438930749893,0.6029152274131775,-0.40241312980651855,-0.2978242039680481,-0.077793650329113,0.06862698495388031,0.11425957828760147,-0.059906236827373505,0.129243403673172,-0.1947997361421585,-0.8850420117378235,-0.02132808044552803,0.3065866231918335,0.12277714163064957,0.18030786514282227,-0.08230678737163544,-0.3465975522994995,-0.1273089051246643,-0.18735072016716003,0.21766316890716553,0.17484311759471893,0.16597963869571686,-0.1336555778980255,-0.029954561963677406,0.39033228158950806,0.1606961190700531,0.09101072698831558,-0.05892838165163994,0.0003201251965947449,0.5934218168258667,0.008263396099209785,-0.21684277057647705,0.2553721070289612,-0.06577368080615997,-0.03085005283355713,-0.007216801401227713,0.21240687370300293,0.17674197256565094,-0.0070920721627771854,-0.118350088596344,0.07174254953861237,0.6520475745201111,-0.28092652559280396,0.3278387188911438,0.28250187635421753,0.036313433200120926,0.10150666534900665,-0.195416659116745,0.02039286494255066,0.15519584715366364,0.1999335139989853,-0.11541204154491425,-0.6272755861282349,-0.0543166808784008,0.04476937651634216,0.2294890582561493,0.1489880532026291,0.07761631906032562,0.23883819580078125,-0.12292701005935669,-0.3424462378025055,-0.413953959941864,-0.010391155257821083,0.040629636496305466,-0.11784259229898453,-0.14896801114082336,-0.0026591240894049406,-0.05555393546819687,0.5273535251617432,-0.0878428965806961,0.33186084032058716,0.08727733790874481,-0.36845776438713074,0.16185259819030762,0.0007404685020446777,-0.2179671972990036,-0.1516488492488861,0.15957295894622803,-0.2695339620113373,0.32686352729797363,0.3152661919593811,-0.006759968586266041,-0.020058026537299156,-0.018084678798913956,0.11703462898731232,-0.1850677728652954,-0.019437551498413086,-0.10427071154117584,-0.16243895888328552,-0.12822718918323517,0.3025185763835907,0.10756081342697144,-0.1581164449453354,-0.2939665913581848,-0.24497032165527344,0.03257373720407486,0.05776605010032654,0.0555112287402153,-0.13951341807842255,0.4651869237422943,0.05013858526945114,-0.16759184002876282,-0.021123889833688736,-0.2849612534046173,-0.012963664717972279,0.45711126923561096,0.2035314291715622,-0.4290522634983063,0.3006444573402405,-0.025760924443602562,-0.49693554639816284,-0.361670583486557,-0.03016520105302334,0.19518205523490906,-0.2995012402534485,0.2559472918510437,-0.008047128096222878,0.13478884100914001,-0.04059324413537979,-0.2514269948005676,0.01174008846282959,0.22835245728492737,-0.1637774407863617,0.06832334399223328,-0.13419322669506073,0.05489049106836319,-0.35884997248649597,-0.1124172955751419,0.2272975891828537,-0.00018723905668593943,0.41094255447387695,0.3441278636455536,-0.10350430011749268,0.12319103628396988,-0.21131405234336853,0.17313700914382935,-0.5967466235160828,-0.06544359773397446,0.15479718148708344,0.0808662623167038,0.060599781572818756,0.02783879078924656,-0.08625189960002899,0.01374921202659607,-0.3894117772579193,-0.29342788457870483,-0.22055411338806152,-0.3109714388847351,-0.3171566426753998,0.13318553566932678,-0.04463135451078415,0.20449963212013245,0.2584967315196991,0.38254931569099426,-0.008569766767323017,-0.09317740797996521,0.02254418656229973,0.319367378950119,-0.5614344477653503,0.029618754982948303,-0.35244128108024597,-0.11371292918920517,-0.714001476764679,0.013083132915198803,0.16106578707695007,0.0333402045071125,0.02259981259703636,0.1860666275024414,-0.1859845668077469,-0.6475818157196045,0.077840156853199,0.21779756247997284,0.20460978150367737,-0.010080164298415184,-0.1363210380077362,0.002167828381061554,-0.13318631052970886
CID000003675,507,0.4736420512199402,-0.06551270931959152,0.3308178782463074,0.465183824300766,-0.15768830478191376,0.13776572048664093,-0.18279869854450226,0.4760138988494873,0.23831085860729218,0.13954868912696838,0.029992198571562767,0.1378239095211029,-0.2714806795120239,-0.010767990723252296,-0.22616001963615417,0.1536625474691391,-0.12802234292030334,-0.1513674557209015,0.23171500861644745,-0.664486825466156,0.18033833801746368,0.11852458864450455,-0.1988941878080368,-0.8544682264328003,-0.3321766257286072,-0.10001442581415176,-0.09823226183652878,-0.08624281734228134,0.040855199098587036,-0.05864875391125679,-0.011649886146187782,0.4138707220554352,-0.17770804464817047,-0.06965748220682144,-0.05824214220046997,-0.03578183427453041,0.2178349494934082,-0.28246840834617615,0.03867734223604202,-0.06059667468070984,-0.24258928000926971,0.0477626770734787,-0.20771574974060059,-0.48643866181373596,-0.04926123842597008,0.3360846936702728,-0.008532064035534859,0.16955122351646423,-0.38056594133377075,0.25483113527297974,0.7996742129325867,0.22353748977184296,0.02200833335518837,0.2931790351867676,0.2734968662261963,-0.03427305817604065,0.41951340436935425,0.2090291976928711,0.06355182081460953,-0.06546632945537567,-0.26184600591659546,-0.19457945227622986,-0.23027530312538147,-0.11556849628686905,0.18103981018066406,0.8909350633621216,-0.4572415351867676,0.416187584400177,0.11896133422851562,-0.15801838040351868,0.24777531623840332,0.011399650946259499,-0.3426235020160675,-0.26546818017959595,-0.03376245126128197,0.48397740721702576,0.3145694434642792,0.1719038188457489,-0.1873818337917328,0.18999198079109192,0.5694335699081421,-0.6557391881942749,-0.26114457845687866,0.11777923256158829,0.16049668192863464,-0.06155935674905777,0.12817500531673431,0.155298113822937,0.21722285449504852,-0.9512072801589966,0.07625847309827805,0.04752639681100845,-0.01637018658220768,-0.249842569231987,-0.39088135957717896,-0.3464834690093994,0.10373781621456146,0.13961978256702423,-0.25278547406196594,0.42532244324684143,-0.1853293925523758,0.06238371133804321,0.007798433303833008,0.2629276514053345,-0.30939847230911255,-0.002637343481183052,-0.16900472342967987,-0.04918045923113823,0.8329460024833679,0.5299844145774841,-0.13105887174606323,0.15068863332271576,0.1942378580570221,-0.06091490387916565,0.03105359710752964,0.006354403682053089,0.0232977494597435,0.025845671072602272,0.18842653930187225,0.17728373408317566,0.8250077962875366,-0.22225579619407654,0.42413562536239624,-0.044773973524570465,-0.34263402223587036,-0.14261233806610107,-0.17592458426952362,-0.11511890590190887,0.10416392982006073,0.20143358409404755,0.48232346773147583,-0.6918169260025024,-0.18071627616882324,0.22685761749744415,0.18230459094047546,-0.06280498951673508,0.18305428326129913,0.021362075582146645,-0.14943763613700867,-0.8276830911636353,-0.2722274661064148,0.07822465151548386,-0.0597091019153595,0.15206950902938843,0.07806521654129028,0.08948909491300583,0.016492526978254318,0.591291069984436,-0.13267886638641357,0.15244123339653015,-0.06170380115509033,-0.5062201023101807,0.39971670508384705,0.3469967246055603,-0.11671054363250732,-0.19472505152225494,-0.025893371552228928,-0.31178057193756104,-0.13021782040596008,0.3955039978027344,0.19699707627296448,0.06855209916830063,0.06832627207040787,-0.06562552601099014,-0.1364799290895462,-0.5706967115402222,-0.29469889402389526,-0.001539337681606412,-0.08065281063318253,0.1476479470729828,-0.099306121468544,-0.25941452383995056,-0.24905891716480255,-0.30482205748558044,0.07099375128746033,-0.027720069512724876,-0.03748283162713051,-0.14196741580963135,0.7595254182815552,-0.05170343443751335,-0.11988822370767593,0.16317662596702576,-0.6368051767349243,-0.04434942454099655,0.0813094899058342,0.18890197575092316,-0.8548375964164734,0.28091102838516235,0.04998958110809326,-0.36224228143692017,0.2876189053058624,-0.0066009871661663055,0.4033220708370209,-0.0666331797838211,0.3038753271102905,0.1352592408657074,-0.08070630580186844,-0.08914447575807571,-0.11091548204421997,-0.05056001991033554,-0.177577406167984,-0.29423123598098755,0.2569704055786133,-0.13470959663391113,-0.3488251864910126,-0.15711835026741028,0.1335388869047165,-0.184683158993721,0.25877267122268677,0.3968656659126282,0.21369591355323792,-0.01385568268597126,0.1918499916791916,0.06820537149906158,-0.055903542786836624,-0.5207381248474121,0.3320569694042206,0.17963853478431702,0.20711305737495422,0.29179537296295166,0.04427441209554672,0.12416677176952362,-0.2577134072780609,-0.3205050230026245,-0.01089817751199007,0.11049673706293106,0.32687994837760925,-0.2509170174598694,-0.17471902072429657,0.09717223793268204,-0.31519585847854614,0.08760922402143478,-0.008434605784714222,0.25330859422683716,-0.2372405081987381,0.22027015686035156,0.5404287576675415,-0.21779067814350128,0.07934801280498505,0.07820624113082886,0.012872832827270031,-0.9661434292793274,0.05964691564440727,0.14927557110786438,0.1536858081817627,-0.1919545829296112,-0.09670700132846832,-0.04040271043777466,-0.7896739840507507,-0.6037079095840454,0.3675336241722107,-0.021911054849624634,0.24921965599060059,0.14411428570747375,0.23757514357566833,0.04044066742062569
CID003085017,508,0.36290210485458374,-0.1753152310848236,0.08485648781061172,0.6006806492805481,-0.14881569147109985,-0.179735466837883,0.2538270652294159,-0.1516614854335785,-0.11711261421442032,-0.12153808772563934,0.18297536671161652,-0.8516682386398315,-0.7460185885429382,-0.07385551929473877,0.457335889339447,0.26079314947128296,-0.23192358016967773,-0.2570773959159851,-0.10611039400100708,-0.787377655506134,0.35933130979537964,-0.11184217780828476,-0.21357429027557373,-0.7827481031417847,-0.26814916729927063,-0.10786541551351547,0.012689819559454918,-0.19670388102531433,0.17752598226070404,0.22855313122272491,-0.039671801030635834,0.40658846497535706,-0.15048590302467346,-0.0905122384428978,-0.2132178544998169,-0.4330078959465027,-0.14794552326202393,0.2886691093444824,0.0033054419327527285,0.05012956261634827,-0.32944244146347046,0.21101422607898712,0.19493523240089417,-0.1761869490146637,-0.24573934078216553,0.14786432683467865,0.0145830437541008,-0.18954138457775116,0.03819107264280319,0.2727089524269104,0.7496767640113831,-0.19994163513183594,-0.16850844025611877,0.6536270380020142,-0.01034818310290575,-0.07028093189001083,0.4209815561771393,-0.17000889778137207,0.8627852201461792,0.4076380729675293,-0.12939214706420898,-0.10948868095874786,-0.14039644598960876,-0.03303220868110657,-0.0327582061290741,0.6004604697227478,0.036962226033210754,0.20300933718681335,0.07507041841745377,-0.04084239527583122,0.4091278910636902,-0.12458350509405136,-0.1692948192358017,-0.21448703110218048,-0.009785442613065243,0.5331810116767883,-0.07913807779550552,-0.26302629709243774,0.05056259036064148,0.5737365484237671,1.2260358333587646,-0.3643338978290558,-0.44488152861595154,0.30542027950286865,0.05466702580451965,0.17726418375968933,-0.18193769454956055,0.4541448652744293,0.02667788229882717,-0.7916589379310608,-0.36067256331443787,0.23334729671478271,-0.22295960783958435,0.6285660862922668,0.19292667508125305,-0.3159106373786926,0.34480488300323486,-0.06464198976755142,0.4182523787021637,0.29287341237068176,0.0830376073718071,-0.18004213273525238,0.0025236159563064575,0.13510949909687042,0.3229352831840515,0.1716996431350708,-0.06235212832689285,-0.22295944392681122,0.7422937750816345,0.48532599210739136,-0.19806769490242004,0.23987992107868195,0.4481343626976013,-0.18460427224636078,0.05042358487844467,0.3035767674446106,-0.19065582752227783,-0.4679315984249115,0.1371583491563797,0.007218553218990564,0.8438066244125366,-0.3643099069595337,0.31378990411758423,0.11203936487436295,-0.3809014856815338,0.007976492866873741,-0.12134230136871338,0.1025809794664383,-0.0007759660365991294,0.22421732544898987,0.05263576656579971,-0.8213766813278198,-0.20789408683776855,0.09098969399929047,0.4187127947807312,0.9020274877548218,0.043124742805957794,0.037848860025405884,0.09337498992681503,-0.3672369122505188,-0.09419095516204834,-0.03696766123175621,-0.38733479380607605,0.0024032958317548037,-0.06983108818531036,-0.1540021449327469,0.24775461852550507,0.9862865209579468,-0.3210035264492035,0.1448936015367508,-0.15629622340202332,-0.7416262030601501,0.3118167817592621,0.14708885550498962,-0.09708116948604584,-0.10999836027622223,0.09126819670200348,-0.40702953934669495,0.01598135009407997,0.268671452999115,0.2925213575363159,0.0910041332244873,-0.0877716988325119,-0.028880774974822998,0.10810171067714691,-0.019523808732628822,0.479983389377594,0.14905774593353271,-0.06655129045248032,0.15363076329231262,-0.004008257295936346,-0.2946970760822296,-0.06019333004951477,-0.29249876737594604,-0.09544651210308075,-0.07518069446086884,-0.09748710691928864,-0.24566853046417236,0.6099687814712524,0.11391939967870712,-0.3082861006259918,0.5044602155685425,-0.1976836770772934,0.01568489335477352,0.5408207178115845,-0.3289528489112854,-0.2772204279899597,-0.2546917796134949,0.14182980358600616,-0.2652425765991211,0.14050200581550598,-0.1524437516927719,0.3288353383541107,-0.6204813718795776,0.05537840723991394,0.03044147416949272,0.29368719458580017,0.0009163200738839805,-0.024448689073324203,0.09067479521036148,-0.6676307320594788,-0.23522153496742249,0.1798553466796875,-0.30244511365890503,-0.08356602489948273,-0.24851688742637634,0.07478967308998108,-0.523888885974884,0.11194045841693878,0.7483482360839844,0.36173921823501587,0.18431058526039124,-0.022565001621842384,-0.32262080907821655,0.2492876946926117,-0.1338645964860916,0.45861560106277466,0.5842059254646301,-0.13122141361236572,0.39434146881103516,0.08464053273200989,-0.269349068403244,0.14537425339221954,-0.3037661015987396,0.188470721244812,-0.30024072527885437,-0.5906392335891724,-0.3469090461730957,0.08228450268507004,-0.25059017539024353,0.056137435138225555,1.3584455251693726,0.46527308225631714,0.019908461719751358,0.23427033424377441,0.40890899300575256,0.8499482274055481,-0.5105243921279907,0.040540676563978195,-0.29494181275367737,-0.09074616432189941,-0.8908022046089172,-0.054105233401060104,0.48419541120529175,0.01112254336476326,0.4213656485080719,-0.22460663318634033,-0.03168446943163872,-0.9607458114624023,-0.3263474106788635,0.4029541611671448,0.09111383557319641,0.4635685384273529,0.03682561591267586,-0.11963145434856415,-0.18671074509620667
CID000001978,509,0.03447296470403671,0.2656955420970917,-0.01553642563521862,0.32769888639450073,-0.3364933729171753,0.1324484646320343,0.029931049793958664,0.2591579556465149,0.20604786276817322,0.24895159900188446,-0.05727607011795044,-0.07996855676174164,0.14536376297473907,0.14886893332004547,-0.26392534375190735,0.04312938451766968,-0.11746426671743393,-0.033789195120334625,0.092562235891819,-0.511624813079834,0.264299213886261,-0.18230170011520386,-0.17110583186149597,-0.9372350573539734,-0.3007968068122864,0.14878742396831512,-0.4282245635986328,0.11972899734973907,-0.02493247203528881,0.3124259114265442,-0.33548372983932495,0.19757981598377228,-0.027132129296660423,0.09575974196195602,0.039664607495069504,-0.05137690156698227,-0.09016920626163483,0.20024552941322327,-0.0032956660725176334,0.018897389993071556,-0.14525765180587769,-0.18382948637008667,-0.0009614941664040089,-0.21884801983833313,-0.03922153636813164,0.5063523054122925,0.03102785348892212,0.13026902079582214,0.06312602013349533,-0.07862675935029984,0.32282161712646484,-0.1215740442276001,-0.3317709267139435,-0.13783776760101318,0.2075616419315338,-0.16831432282924652,-0.30145466327667236,-0.058366559445858,0.016434749588370323,-0.11202772706747055,-0.1828920990228653,-0.1916804164648056,-0.10557518899440765,-0.152256578207016,0.15961599349975586,0.4097604751586914,-0.062178511172533035,-0.04860098287463188,0.34364214539527893,0.23666870594024658,0.0953388437628746,-0.2506617307662964,-0.20826402306556702,-0.14294415712356567,-0.10629087686538696,0.10089877992868423,0.1548125445842743,0.04534948617219925,-0.1676752269268036,-0.1776585429906845,0.19546373188495636,-0.3311357796192169,-0.37233513593673706,-0.3012748956680298,0.17535513639450073,-0.24708934128284454,0.2842370271682739,-0.04135547950863838,0.08106940984725952,-0.8245488405227661,0.10758201777935028,0.3146994113922119,0.12752607464790344,0.0787399560213089,0.05163530260324478,-0.3365282416343689,-0.02480892278254032,0.10272020101547241,-0.2917659878730774,0.044458866119384766,-0.10573331266641617,0.19882766902446747,-0.008564949035644531,0.3494265079498291,0.14637038111686707,0.16220417618751526,0.19147996604442596,0.06739669293165207,0.46826356649398804,0.12039177119731903,-0.11798234283924103,0.26860660314559937,-0.12760457396507263,-0.038812264800071716,0.052493929862976074,0.42095011472702026,-0.30131062865257263,0.12246114015579224,-0.037699174135923386,0.3422456383705139,0.6475827693939209,0.03389276936650276,0.21272209286689758,0.2084386795759201,0.03322537988424301,0.014745384454727173,-0.12358461320400238,0.09780659526586533,0.31555208563804626,-0.1745230257511139,0.13451316952705383,-0.5307924747467041,-0.2541549801826477,-0.0862661600112915,0.24182748794555664,0.025036592036485672,0.16570070385932922,0.1459484100341797,0.07305531203746796,-0.11715898662805557,-0.26200681924819946,0.11107072979211807,0.2103574275970459,-0.18565455079078674,0.03549450263381004,0.29757022857666016,-0.14738282561302185,0.39727428555488586,-0.19087742269039154,0.14846865832805634,-0.13718736171722412,-0.29867178201675415,0.25062209367752075,0.011384471319615841,-0.3772292733192444,-0.10033221542835236,0.02729550004005432,-0.32523855566978455,0.2582727074623108,0.23628239333629608,-0.026268526911735535,0.007825851440429688,0.08986222743988037,0.007104904856532812,0.08134029805660248,0.12378968298435211,-0.22013235092163086,-0.015125585719943047,-0.01884148083627224,0.04778223857283592,-0.04022088274359703,-0.149124875664711,-0.2687914967536926,-0.5312314033508301,0.026693040505051613,-0.14808717370033264,0.12028507888317108,-0.13448983430862427,0.5900663137435913,0.11801423877477646,0.01735544204711914,0.09420349448919296,-0.2180502861738205,0.013982774689793587,0.5636634230613708,-0.043492842465639114,-0.37156185507774353,0.14312908053398132,-0.08976658433675766,-0.34785932302474976,0.05247291177511215,0.14668944478034973,-0.027377981692552567,-0.11897099018096924,-0.018104279413819313,0.0450269989669323,0.28460782766342163,-0.40037497878074646,0.074570432305336,0.2644546627998352,-0.029062330722808838,-0.1334068328142166,0.12870237231254578,-0.24242031574249268,-0.10366940498352051,-0.2650753855705261,0.04386545717716217,0.15572476387023926,0.04146944358944893,0.48380836844444275,0.4392053484916687,-0.3536279797554016,0.2763438820838928,0.3281221389770508,-0.023618187755346298,-0.13823851943016052,0.18776562809944153,0.1283375322818756,0.2701694667339325,-0.23310276865959167,-0.12149035930633545,-0.03015371598303318,0.06404078006744385,-0.19284747540950775,0.03981493040919304,-0.00997614860534668,0.33205097913742065,-0.25351840257644653,-0.13994179666042328,0.03797117993235588,0.06403281539678574,0.010315096005797386,0.2546808123588562,0.013829343020915985,0.06745906919240952,-0.08104975521564484,0.3722105920314789,-0.25348782539367676,0.19940683245658875,-0.2054307758808136,0.3020130693912506,-0.521543025970459,0.3213323950767517,0.29896000027656555,-0.3162840008735657,0.0037566751707345247,0.009636190719902515,-0.12188573181629181,-0.6056958436965942,-0.32892289757728577,0.12356803566217422,-0.2244958132505417,0.06506001949310303,-0.2211652249097824,0.1102617159485817,-0.10705675184726715
CID005481350,514,0.5294644832611084,0.10640235245227814,-0.06387394666671753,0.6556155681610107,-0.5872608423233032,-0.035047903656959534,0.13433592021465302,0.060871709138154984,0.42659083008766174,0.38480913639068604,0.291094571352005,-0.893637478351593,0.020976873114705086,0.11072377860546112,0.18302831053733826,0.4263884127140045,-0.15471258759498596,-0.49127405881881714,0.06252043694257736,-0.6745713949203491,0.42040762305259705,0.03145252913236618,0.1685457080602646,-1.0609074831008911,-0.04433292895555496,0.004324615001678467,0.026466965675354004,-0.07669951766729355,-0.04280099272727966,0.127402663230896,0.13055776059627533,-0.016774145886301994,-0.056168556213378906,0.21394522488117218,-0.05406489223241806,0.006716370582580566,0.04295673221349716,0.062339432537555695,0.01781156286597252,-0.18411867320537567,-0.3016968071460724,-0.45781296491622925,0.07224787771701813,0.13455919921398163,0.18961723148822784,0.04447079449892044,-0.047277770936489105,-0.22281768918037415,-0.1033613532781601,0.02626156434416771,0.4393340051174164,0.07242044061422348,-0.12645170092582703,-0.07693226635456085,0.01919787935912609,-0.1283424198627472,0.6013582348823547,-0.09403512626886368,1.334097981452942,0.3286060690879822,0.0547412633895874,-0.4075923562049866,0.05073773115873337,-0.007787182927131653,0.02931823767721653,0.6229322552680969,-0.3786664605140686,0.09584436565637589,-0.02839028462767601,-0.010789191350340843,0.012959634885191917,0.026561319828033447,-0.033958800137043,-0.5536016821861267,-0.2144482433795929,0.31318023800849915,0.02257748879492283,-0.1410464495420456,0.1491774469614029,-0.2906744182109833,0.1042972058057785,-0.5743628740310669,-0.3232118487358093,-0.02050681971013546,-0.05054207518696785,-0.2224610149860382,0.3227080702781677,-0.16416437923908234,-0.07845070213079453,-0.43374577164649963,0.17419128119945526,0.05817898362874985,-0.056434474885463715,0.28994157910346985,0.07181356847286224,-0.40449199080467224,-0.01709103211760521,-0.1000383123755455,-0.2634240686893463,0.33140453696250916,-0.30969107151031494,0.3258276879787445,-0.14839892089366913,0.0994049459695816,0.2313447892665863,0.19754934310913086,0.22459641098976135,-0.30187445878982544,0.8464361429214478,0.029932638630270958,0.16287937760353088,0.12986032664775848,0.017482463270425797,-1.04501473903656,-0.19665996730327606,0.24392357468605042,0.11844111979007721,-0.061166733503341675,0.15399272739887238,-0.03979925438761711,0.8299667239189148,-0.8168951272964478,0.2235521823167801,-0.06311822682619095,-0.19859735667705536,0.36056965589523315,0.07121887058019638,0.03571225702762604,0.12971565127372742,-0.13624334335327148,-0.09887368977069855,-0.5715996026992798,-0.44233569502830505,-0.028283867985010147,0.15499889850616455,-0.00873458944261074,0.38700011372566223,0.24069714546203613,-0.3237350583076477,-0.062176771461963654,-0.11554114520549774,0.2909371852874756,-0.061309926211833954,0.28265124559402466,0.027935361489653587,-0.026180947199463844,-0.023195724934339523,0.6762010455131531,-0.29546627402305603,-0.10864082723855972,-0.012587237171828747,-0.2931457459926605,0.12727931141853333,0.3760138154029846,-0.02693161368370056,0.1959194391965866,0.00978965125977993,-0.04385454207658768,-0.21678757667541504,0.16880589723587036,-0.0442710816860199,-0.15465614199638367,-0.045161474496126175,0.06714652478694916,-0.10429598391056061,-0.3007825016975403,0.028330054134130478,0.2395016849040985,0.11595846712589264,0.3158683180809021,0.16631558537483215,0.23542194068431854,-0.08886285871267319,-0.1544615775346756,-0.03263477236032486,0.05824429914355278,0.12364973872900009,-0.25805267691612244,0.609432578086853,-0.22419416904449463,0.06463765352964401,-0.12358659505844116,-0.10095095634460449,0.011537326499819756,-0.04722316190600395,-0.08880927413702011,0.01790570095181465,-0.30810546875,0.06625964492559433,-0.3036838173866272,-0.20075955986976624,-0.04325949028134346,-0.21985366940498352,-0.10296772420406342,0.1291167140007019,-0.13868053257465363,-0.06435774266719818,0.07151449471712112,0.19124038517475128,0.01437084935605526,-0.513840913772583,-0.46115145087242126,0.06738542020320892,-0.23816533386707306,-0.0007899701595306396,0.044895611703395844,0.04762660339474678,0.1976080685853958,0.7415797114372253,0.47183507680892944,0.33452528715133667,-0.04895276576280594,0.04656188562512398,0.22438791394233704,-0.1543661653995514,-0.21369382739067078,-0.1554207056760788,0.7368760108947754,0.029532432556152344,0.26544469594955444,-0.08716775476932526,-0.27615678310394287,-0.13024485111236572,-0.33472657203674316,-0.04557827115058899,-0.1370374858379364,0.15018020570278168,-0.02442770265042782,-0.2968272566795349,0.35819384455680847,-0.20594587922096252,0.322995662689209,0.4210285544395447,0.16796746850013733,0.11231951415538788,0.1896229088306427,0.4505600333213806,-0.3299749493598938,0.2862801253795624,-0.20694772899150848,-0.17508581280708313,-0.01497174333781004,-0.1720007061958313,0.03656147047877312,-0.013558280654251575,-0.07373762130737305,-0.064308300614357,0.31310099363327026,-0.7685773372650146,0.1343337744474411,0.22937731444835663,0.06151604652404785,0.29428592324256897,-0.47271186113357544,0.16321401298046112,-0.06915046274662018
CID005281104,517,0.26296648383140564,-0.0821378082036972,0.13291862607002258,0.3164636492729187,-0.2445184290409088,-0.05120297521352768,0.21994951367378235,0.35308629274368286,0.042489297688007355,0.06821105629205704,0.08714224398136139,-0.4649929404258728,-0.34870654344558716,0.22206909954547882,0.20859333872795105,0.008406776003539562,0.08377597481012344,-0.34162789583206177,0.003583765123039484,-0.4693323075771332,0.14204131066799164,-0.2831992208957672,-0.00924110971391201,-0.7673266530036926,0.1387799233198166,-0.06878100335597992,-0.23953565955162048,-0.24904096126556396,0.05094889551401138,-0.04505692422389984,0.03595396876335144,0.3186367154121399,0.05706207826733589,-0.26473575830459595,0.06739461421966553,0.15956422686576843,0.33906999230384827,-0.12657132744789124,0.22974154353141785,-0.2792508006095886,0.2336140125989914,-0.15950420498847961,0.13402889668941498,-0.3018847107887268,-0.07844160497188568,0.24522832036018372,-0.00275404448620975,-0.04209638759493828,0.11930473148822784,0.17261990904808044,0.36799949407577515,-0.02698368951678276,-0.28857868909835815,-0.3879903256893158,-0.2183590829372406,0.017546605318784714,-0.0788671001791954,0.18965695798397064,0.13709817826747894,0.0079724732786417,-0.22798600792884827,-0.33111563324928284,-0.12762655317783356,0.06320419162511826,0.3179912865161896,0.675187349319458,-0.23018395900726318,-0.19848772883415222,0.12711533904075623,-0.1532670557498932,0.26422905921936035,0.3913380205631256,-0.41506749391555786,-0.2895180284976959,-0.3303830325603485,0.25873231887817383,0.18746891617774963,0.022656787186861038,-0.04104749113321304,-0.08955322951078415,0.06124996021389961,-0.33995577692985535,-0.337790310382843,-0.04406893998384476,0.09001585096120834,0.00821538083255291,0.0504206120967865,0.18508610129356384,0.06438082456588745,-0.8887885212898254,0.0173051618039608,0.38967007398605347,-0.2839577794075012,0.15777422487735748,0.1932275891304016,-0.33676964044570923,-0.21200785040855408,-0.1097678393125534,0.03222665190696716,0.13562439382076263,-0.2693953216075897,-0.03306236118078232,-0.14378443360328674,0.2532197833061218,0.5719636678695679,0.12049379199743271,-0.015655111521482468,-0.0949876606464386,0.4310567378997803,0.19780734181404114,-0.18512633442878723,0.220418781042099,0.20336762070655823,0.09634959697723389,0.05656591057777405,0.22087693214416504,0.057412851601839066,-0.28811103105545044,-0.08781380951404572,-0.033993665128946304,0.714837908744812,-0.20804505050182343,-0.013483253307640553,0.05354497954249382,-0.08570339530706406,0.021700765937566757,0.023262841627001762,0.13816265761852264,0.18712118268013,0.25181353092193604,0.07465644180774689,-0.6436283588409424,-0.2459937036037445,0.04046184942126274,0.10130877792835236,0.013029146008193493,-0.1685347557067871,0.12019239366054535,-0.09431896358728409,0.1251758486032486,-0.22962889075279236,0.4306167662143707,0.0011647939682006836,0.03204765170812607,0.14004147052764893,-0.030057832598686218,0.12903189659118652,0.48920026421546936,-0.09963159263134003,0.12107206881046295,-0.17833787202835083,-0.31906867027282715,-0.2232457399368286,0.19040676951408386,-0.16474713385105133,-0.2866324782371521,0.025046488270163536,-0.05205250903964043,-0.06229834631085396,0.5051640272140503,-0.12859520316123962,0.010164057835936546,0.07261619716882706,0.11363901942968369,-0.37252306938171387,-0.34517398476600647,-0.1908627450466156,-0.1592695564031601,0.14941374957561493,0.20501527190208435,0.19259846210479736,-0.1567883938550949,-0.2203069031238556,-0.24102428555488586,0.2123066484928131,-0.00905666034668684,0.34997695684432983,-0.27185362577438354,0.5522969961166382,-0.04518214613199234,0.13309583067893982,-0.22845551371574402,0.13059107959270477,0.05211051553487778,0.3564397692680359,0.17512433230876923,-0.1540454775094986,0.08684351295232773,0.5241057276725769,-0.3965590000152588,0.029016658663749695,0.0365774929523468,0.43443742394447327,0.013514871709048748,0.19515761733055115,-0.34393659234046936,0.028738563880324364,0.09849439561367035,-0.10790784657001495,-0.32876959443092346,-0.10627720504999161,-0.2913764715194702,0.15259197354316711,-0.3675563335418701,0.04934301972389221,-0.05273783206939697,0.15182510018348694,0.10891947895288467,0.372953861951828,0.33675336837768555,0.36839598417282104,-0.10002720355987549,0.05341979116201401,-0.043018173426389694,0.11249087005853653,-0.21157045662403107,-0.08718215674161911,0.11493184417486191,0.02986811101436615,-0.012486668303608894,-0.3016469478607178,-0.31065937876701355,0.03362707048654556,-0.34847819805145264,-0.3104875087738037,0.020822741091251373,-0.042647819966077805,-0.030282527208328247,-0.2236601859331131,-0.10168073326349258,0.05280578136444092,-0.042941249907016754,0.7022882103919983,-0.03266201168298721,0.1205921620130539,0.1430903971195221,0.389545738697052,-0.08233572542667389,0.16737155616283417,-0.21459612250328064,-0.11182427406311035,-0.8362972140312195,-0.005752171389758587,0.1599232256412506,0.032921694219112396,0.336140900850296,0.14369289577007294,0.05054469034075737,-0.5324445962905884,-0.10901987552642822,0.17269296944141388,0.04006185010075569,0.09395792335271835,-0.05989113450050354,0.12142615020275116,0.046171072870492935
CID005311181,518,0.21060916781425476,-0.668036937713623,0.1176016703248024,0.8597093820571899,-0.6241205930709839,0.39678436517715454,-0.16742394864559174,0.3746534287929535,-0.18652410805225372,-0.026059556752443314,0.21955808997154236,-0.24973201751708984,-0.4601520597934723,0.45223769545555115,0.24308845400810242,0.36368250846862793,0.06339307129383087,0.0006596579914912581,-0.04012078046798706,-1.0116428136825562,-0.09981352090835571,-0.01014823280274868,0.07288108766078949,-0.9472737312316895,0.1419338583946228,-0.20465245842933655,-0.17400038242340088,0.10581984370946884,-0.6845952272415161,0.038569577038288116,0.6151886582374573,0.23010008037090302,0.08973850309848785,-0.23615877330303192,0.1460411548614502,-0.23129697144031525,0.35225608944892883,0.26454707980155945,0.4152933955192566,0.02842196822166443,0.022984778508543968,-0.025821011513471603,-0.0004385233041830361,-0.46554526686668396,0.1214185580611229,0.635029673576355,-0.050383370369672775,-0.004362532403320074,0.14524707198143005,-0.0950937271118164,0.884283721446991,0.015791824087500572,-0.10339007526636124,-0.09005822241306305,0.24250249564647675,-0.2740532159805298,-0.18466314673423767,0.06109647825360298,0.35968178510665894,0.23987960815429688,-0.01991601288318634,-0.19388803839683533,-0.021210795268416405,-0.049888551235198975,0.04977581277489662,0.8548141717910767,-0.10711916536092758,-0.13420696556568146,-0.11281906068325043,0.05451440066099167,-0.0018840692937374115,0.06653885543346405,-0.22193315625190735,-0.28138110041618347,-0.14867770671844482,0.3136022388935089,0.4770072400569916,-0.18327894806861877,-0.2621544599533081,0.07446873188018799,0.7277007699012756,-0.44508010149002075,-0.48176413774490356,-0.34425482153892517,0.2971191108226776,-0.04458044841885567,-0.03136691078543663,0.27974358201026917,-0.1101752296090126,-0.9596192240715027,-0.1552402228116989,-0.0773332267999649,0.04800090938806534,0.30950647592544556,0.0708562359213829,-0.4139772951602936,0.4106423854827881,-0.18911179900169373,-0.1482684463262558,0.07204779982566833,0.13640204071998596,0.2228659838438034,0.13229461014270782,0.05048234015703201,-0.22785842418670654,-0.07244227826595306,-0.17458155751228333,0.2880861461162567,0.7011743783950806,0.4711838364601135,-0.03022335097193718,0.3837645947933197,0.22734566032886505,-0.6097531914710999,-0.008548798970878124,-0.17268112301826477,-0.24889042973518372,-0.11909077316522598,0.16992518305778503,0.07202472537755966,0.8988481760025024,-0.4027109146118164,-0.07210705429315567,-0.06699776649475098,-0.16680629551410675,0.05081138014793396,-0.08626203238964081,0.056213103234767914,0.36727094650268555,0.43910327553749084,0.04835721105337143,-0.4358433783054352,-0.4026101529598236,0.15692755579948425,-0.15957018733024597,0.03580980747938156,-0.2375795543193817,0.08779694885015488,-0.2778131067752838,-0.30958718061447144,0.1302337944507599,0.39269402623176575,0.017056047916412354,0.11259505897760391,-0.13130122423171997,0.2519558072090149,0.02636048197746277,0.7067422866821289,0.405508428812027,0.31655803322792053,0.23974034190177917,-0.6031157374382019,-0.127975195646286,0.15339204668998718,0.13406190276145935,0.1035696491599083,0.4324583411216736,0.013217663392424583,-0.6310823559761047,0.32051780819892883,-0.42985397577285767,0.3306497633457184,-0.16187633574008942,-0.1431063711643219,-0.33351224660873413,-0.33318614959716797,0.01746211014688015,0.3283059597015381,0.008173179812729359,-0.05007550120353699,0.1353132724761963,-0.3039008378982544,-0.028265517204999924,-0.6725794076919556,-0.07711420208215714,0.0882725864648819,-0.04482627660036087,-0.19842466711997986,0.7632441520690918,-0.1134270653128624,-0.6965829133987427,0.05093421787023544,-0.4652494490146637,-0.08786215633153915,0.8482019305229187,0.1457885056734085,-0.5620595216751099,-0.021871348842978477,0.3051137626171112,-0.283219575881958,-0.2914147973060608,-0.07047581672668457,0.034251898527145386,-0.23306438326835632,0.1494937688112259,0.027025675401091576,-0.08342677354812622,-0.10906771570444107,0.3631674349308014,-0.26368358731269836,-0.11228152364492416,-0.2945975661277771,0.18324854969978333,-0.2659311890602112,-0.1984102874994278,-0.006177324336022139,-0.1584191620349884,6.288290023803711e-05,0.28578758239746094,0.6008015871047974,0.41483622789382935,-0.2422906905412674,-0.02078208699822426,0.06109951063990593,0.19928471744060516,-0.08236249536275864,0.10683009773492813,0.3612958490848541,0.18461675941944122,0.42277759313583374,0.17559285461902618,-0.11522412300109863,0.029807448387145996,-0.4275886118412018,0.2888393998146057,-0.20039987564086914,0.21008166670799255,-0.5928745269775391,0.19138595461845398,0.28169935941696167,0.17490631341934204,0.6070966124534607,0.2290848195552826,0.07505093514919281,-0.30682477355003357,-0.27783656120300293,0.6658539175987244,-0.30656567215919495,0.16150237619876862,-0.35433781147003174,-0.35476380586624146,-0.473637193441391,-0.0928279384970665,0.05345652252435684,0.08039455115795135,-0.035385169088840485,-0.3524256646633148,0.20481833815574646,-1.093422293663025,-0.27638205885887146,0.1388397514820099,0.1182689517736435,0.011018157005310059,-0.24107429385185242,0.022512167692184448,-0.020761648193001747
CID000005184,519,0.16392767429351807,-0.08516616374254227,0.2589578628540039,0.25008291006088257,-0.33684128522872925,0.08705886453390121,0.13766245543956757,0.1868935078382492,0.0525553822517395,0.31697598099708557,0.11322679370641708,-0.04113876447081566,-0.2581130862236023,0.24324718117713928,-0.10178986936807632,-0.17363713681697845,-0.10946999490261078,0.02185305580496788,-0.18659165501594543,-0.4903557300567627,0.07882259786128998,-0.14645548164844513,-0.006903114728629589,-0.6788425445556641,-0.3751603960990906,0.006000707857310772,-0.17939569056034088,-0.1741836816072464,-0.051867712289094925,0.4341371953487396,-0.27734631299972534,0.21935343742370605,0.11939428746700287,0.3228389322757721,-0.14206624031066895,0.0740533322095871,0.13978764414787292,0.33585965633392334,-0.28912827372550964,-0.1506308764219284,0.01832660473883152,0.07103709876537323,0.17108872532844543,-0.27349480986595154,-0.06586870551109314,0.13467073440551758,0.1694483458995819,0.007481744978576899,0.07060233503580093,0.022103602066636086,0.26782551407814026,0.028267955407500267,-0.13224796950817108,-0.037656866014003754,0.44612637162208557,0.28691238164901733,-0.05212438851594925,-0.002168562961742282,0.2758311927318573,0.21053645014762878,-0.08021722733974457,-0.45591145753860474,-0.2816033661365509,-0.06360109150409698,0.29069799184799194,0.35714760422706604,-0.28093865513801575,-0.028287705034017563,0.5009357333183289,-0.038911379873752594,0.16448302567005157,0.16337427496910095,-0.23115797340869904,-0.24117735028266907,-0.1504344940185547,0.24812328815460205,0.1565805971622467,0.16529682278633118,-0.010585176758468151,0.31606316566467285,0.10672964155673981,-0.3713117241859436,-0.3769729733467102,-0.13919320702552795,0.10301997512578964,-0.43996840715408325,0.14541634917259216,0.15925267338752747,-0.2985658347606659,-0.8248320817947388,0.029281288385391235,0.1728047877550125,-0.10945433378219604,0.08350832760334015,0.30317163467407227,-0.42730793356895447,-0.14584797620773315,0.3867734968662262,0.11430921405553818,0.1970401555299759,0.24620208144187927,-0.15237005054950714,0.11212329566478729,0.5870419144630432,-0.15374241769313812,0.05076832324266434,-0.2251700907945633,-0.16964676976203918,0.24077439308166504,0.15198853611946106,0.13248373568058014,0.02825927734375,-0.2759553790092468,0.0649026408791542,0.10062386095523834,0.3208787441253662,0.22361965477466583,-0.09763053059577942,0.11610867828130722,0.10940269380807877,0.6102691888809204,0.07039187103509903,0.3387967050075531,0.2072828710079193,-0.15571805834770203,0.1066451296210289,-0.06052962690591812,-0.16009756922721863,0.12831710278987885,0.07837366312742233,0.3356335759162903,-0.5418077111244202,-0.4495120644569397,0.032446712255477905,0.2229629009962082,0.43991702795028687,0.29540207982063293,0.28672879934310913,-0.20280036330223083,-0.19702956080436707,0.0005114480736665428,0.196733295917511,0.04485452175140381,-0.1575019806623459,0.2746313214302063,0.2273934781551361,0.1040566936135292,0.4045153260231018,0.0021811574697494507,0.1139196902513504,0.028452429920434952,-0.14025714993476868,0.22548577189445496,0.09992973506450653,-0.18198207020759583,-0.04861731082201004,-0.13189098238945007,-0.5051621198654175,0.18673545122146606,0.32587575912475586,-0.14894001185894012,-0.18824169039726257,0.2307865172624588,0.12954971194267273,0.012747484259307384,0.2506939768791199,-0.03548350930213928,0.16073916852474213,-0.059082549065351486,0.057307519018650055,0.22777529060840607,-0.21811938285827637,-0.2319832742214203,-0.3411676287651062,0.15457329154014587,0.06109144538640976,0.12152089923620224,-0.1390637457370758,0.5298430323600769,0.13197462260723114,-0.2514888346195221,-0.059463609009981155,-0.6511726379394531,0.051302969455718994,0.40157729387283325,-0.023530954495072365,-0.16549114882946014,-0.1499975174665451,0.3491954207420349,-0.40558189153671265,0.17523685097694397,-0.07564692944288254,0.19093284010887146,-0.2521834671497345,0.3056930899620056,-0.015132022090256214,0.38055694103240967,-0.07427366077899933,-0.20124757289886475,-0.18994243443012238,-0.015270888805389404,-0.23915843665599823,0.16557571291923523,-0.35081374645233154,-0.16353633999824524,-0.23774127662181854,0.08041317760944366,-0.3266591429710388,0.30555135011672974,0.5109888911247253,0.30090203881263733,-0.23172347247600555,0.18150407075881958,0.3956495523452759,0.12800836563110352,-0.30346304178237915,-0.18496395647525787,0.10152723640203476,0.11759801208972931,0.09018322825431824,-0.10543091595172882,-0.12143703550100327,0.3177538812160492,-0.3673948347568512,-0.1757088452577591,0.2868961691856384,-0.03134412318468094,-0.23975703120231628,0.2299964874982834,-0.08266954123973846,-0.1307055950164795,-0.0547330379486084,0.12227790057659149,0.14027956128120422,-0.3632305860519409,0.27070385217666626,0.45788201689720154,-0.44501858949661255,-0.04947032779455185,-0.01848595216870308,0.28550535440444946,-0.773488461971283,0.16940772533416748,0.3695385456085205,0.033087752759456635,0.06952424347400665,-0.1845056563615799,0.06482458859682083,-0.5504314303398132,-0.2727862298488617,0.11241497099399567,-0.19635793566703796,0.14736194908618927,0.0036561652086675167,-0.017520636320114136,0.12052998691797256
CID000150311,520,-0.08578186482191086,-0.06589958816766739,-0.06896945089101791,0.47552186250686646,-0.3789730668067932,0.1149400919675827,0.31909632682800293,0.1129249706864357,0.03432705998420715,0.16681820154190063,0.07778742164373398,0.12584668397903442,-0.06420101225376129,0.03992909938097,-0.14090530574321747,-0.07468221336603165,-0.11494366824626923,-0.06936053186655045,0.03329231217503548,-0.4566880762577057,-0.1545455902814865,-0.11349613964557648,0.042687248438596725,-0.9131079912185669,0.21134808659553528,0.18099556863307953,-0.04653497412800789,0.057015229016542435,-0.01673111692070961,-0.036341436207294464,0.03810415416955948,0.15279625356197357,0.017336789518594742,0.19024261832237244,0.11408910900354385,0.037990354001522064,0.1369910091161728,-0.07304304838180542,0.22749003767967224,-0.2843378484249115,-0.1244177371263504,-0.3503571152687073,0.17336608469486237,-0.20001235604286194,-0.08167164027690887,0.42465901374816895,0.11189000308513641,-0.01189601793885231,0.07023505866527557,-0.07808817923069,0.23419280350208282,0.06553155183792114,-0.23432350158691406,0.04675404354929924,-0.007901052944362164,-0.1037103682756424,-0.09974011778831482,0.014365697279572487,0.020060788840055466,-0.1685066968202591,0.009718924760818481,-0.10034092515707016,-0.20313625037670135,0.033783890306949615,0.2472667247056961,0.35401850938796997,-0.06586634367704391,0.037207603454589844,0.1511615812778473,-0.1070183664560318,0.24648921191692352,0.24550886452198029,-0.31376761198043823,-0.2801316976547241,-0.1664716899394989,-0.03899895027279854,0.07209610193967819,0.19050180912017822,-0.12086284160614014,0.013775134459137917,0.10813732445240021,-0.37778449058532715,-0.22059857845306396,0.06779124587774277,0.18895313143730164,-0.056405313313007355,0.048014476895332336,0.120669886469841,-0.08919656276702881,-0.6549165844917297,-0.031168410554528236,0.13003860414028168,0.04287003353238106,0.05560415983200073,0.13928815722465515,-0.17203037440776825,-0.030355388298630714,0.17222782969474792,0.12599435448646545,-0.10187588632106781,-0.24338312447071075,-0.12356437742710114,-0.2115035504102707,0.25736451148986816,0.12028078734874725,-0.007728591561317444,0.0020332098938524723,0.1884760856628418,0.6170870661735535,-0.09523502737283707,-0.2722603380680084,0.11675576865673065,-0.20642271637916565,-0.16616706550121307,0.021619888022542,0.12179789692163467,-0.046681396663188934,0.10232019424438477,-0.12214851379394531,0.14028117060661316,0.6652404069900513,-0.2019711434841156,0.16786132752895355,0.2402084618806839,0.044785745441913605,0.11013887077569962,0.08531509339809418,0.13825272023677826,0.22857291996479034,0.0663570687174797,-0.023467283695936203,-0.4711981415748596,-0.3781457543373108,0.13995161652565002,0.329978883266449,0.11367951333522797,-0.011033791117370129,0.12403359264135361,-0.04525980353355408,-0.1396486759185791,-0.02845129743218422,0.00612014252692461,0.07159055769443512,0.00654298672452569,-0.08636447787284851,0.24482759833335876,-0.06074897199869156,0.40000709891319275,0.2622717320919037,0.18187060952186584,0.1530492901802063,-0.3734433352947235,-0.1667395532131195,0.11029263585805893,-0.303091824054718,0.029809480533003807,-0.02644927427172661,0.03794147074222565,0.028373491019010544,0.23715968430042267,0.04195671156048775,-0.1482456773519516,-0.05331207066774368,0.11193116009235382,0.00444283802062273,-0.21452684700489044,-0.09188101440668106,0.041846588253974915,-0.16824212670326233,0.2051677405834198,0.07011131942272186,-0.22234277427196503,-0.1699509471654892,-0.3385480046272278,0.07628152519464493,-0.09801390767097473,0.12270529568195343,-0.17168934643268585,0.38268938660621643,0.02092043124139309,-0.004731541499495506,0.09088049083948135,-0.09886043518781662,-0.15056002140045166,0.1452661156654358,0.30018725991249084,-0.20357277989387512,0.1506938487291336,0.1655621975660324,-0.28266939520835876,0.12520021200180054,-0.10390212386846542,0.05574791505932808,0.06553783267736435,0.13405181467533112,-0.045181095600128174,-0.04644737020134926,0.22539672255516052,-0.12915603816509247,-0.06335479021072388,0.06532949954271317,-0.24549248814582825,-0.16817893087863922,-0.2632327675819397,0.015270215459167957,-0.14436739683151245,-0.08992534130811691,-0.08574937283992767,0.002004967536777258,0.5725477933883667,0.2993001639842987,0.13125111162662506,0.17361408472061157,0.09882655739784241,0.19016391038894653,0.026021486148238182,-0.03221499174833298,0.26869305968284607,0.0767589807510376,-0.10705224424600601,-0.03397157043218613,-0.07009739428758621,0.24853472411632538,-0.05361529439687729,0.15037567913532257,0.13041260838508606,-0.15515649318695068,-0.10395757108926773,-0.03956819325685501,-0.1140403002500534,-0.19384396076202393,0.01854648068547249,0.18048769235610962,0.030131539329886436,-0.0688396692276001,-0.047241903841495514,0.27208277583122253,-0.30710524320602417,0.10174858570098877,-0.20342214405536652,0.18230551481246948,-0.3577544093132019,0.07920161634683609,0.1574404537677765,-0.12974321842193604,-0.1542430818080902,0.04153600335121155,-0.002509352518245578,-0.6667007207870483,-0.03237438201904297,0.17733463644981384,-0.16278879344463348,-0.07751984894275665,-0.1963956505060196,0.1913156807422638,0.09543141722679138
CID000003559,521,0.15834981203079224,0.12248587608337402,0.04026814550161362,0.275763601064682,-0.22772614657878876,0.15985944867134094,0.241166353225708,0.46525317430496216,0.025001758709549904,0.21351519227027893,0.0503084771335125,0.18878933787345886,-0.19299155473709106,0.2352983057498932,-0.1831780970096588,-0.2807005047798157,-0.09174168854951859,-0.07117292284965515,0.05149924010038376,-0.4104648232460022,0.29741525650024414,-0.2691977918148041,0.026274263858795166,-0.6982930898666382,-0.0964336022734642,0.11028019338846207,-0.23884086310863495,-0.009437818080186844,-0.1323939859867096,0.3024797737598419,0.03891381248831749,0.2975446581840515,-0.1376141607761383,-0.30688634514808655,0.00020933635823894292,-0.023654520511627197,0.06138225272297859,0.048970770090818405,0.17125214636325836,-0.2579911947250366,-0.03626628592610359,-0.27756935358047485,0.07844515889883041,-0.30773237347602844,-0.12218596041202545,0.311884343624115,-0.08841202408075333,0.06849510967731476,0.040668703615665436,0.01237238198518753,0.3415989279747009,0.13303181529045105,-0.2591552138328552,-0.014348668046295643,0.32032424211502075,-0.12475553900003433,0.04878535866737366,0.22693702578544617,-0.10671911388635635,0.2411155253648758,-0.3548371195793152,-0.20468270778656006,-0.012859582901000977,-0.08574848622083664,0.30242061614990234,0.4324568808078766,-0.19058439135551453,-0.11481523513793945,0.2114751785993576,-0.08931788057088852,-0.014863776974380016,-0.0898951068520546,-0.47840166091918945,-0.3290976881980896,-0.20529723167419434,0.18090873956680298,-0.01821526326239109,0.17085060477256775,-0.14971043169498444,-0.024490609765052795,0.1622159779071808,-0.44742241501808167,-0.3883795440196991,0.004579153843224049,0.12126604467630386,-0.12339872121810913,0.3107673227787018,0.21443207561969757,0.10577903687953949,-0.7480870485305786,-0.07280363887548447,0.18139109015464783,0.13341432809829712,0.08221830427646637,-0.06601925194263458,-0.3388136923313141,-0.35151904821395874,-0.3770981431007385,0.080868199467659,0.2983565628528595,-0.16390632092952728,0.19566336274147034,0.0725015327334404,0.2965560853481293,0.1526278257369995,0.08596421778202057,-0.3065139651298523,-0.09521504491567612,0.3202933967113495,-0.1369098722934723,-0.14986374974250793,0.19599080085754395,-0.19347386062145233,0.12625961005687714,-0.14246268570423126,0.22996142506599426,0.16163013875484467,-0.11379717290401459,-0.1966477930545807,0.2169714868068695,0.4788575768470764,0.006176456809043884,0.3646499514579773,0.23228922486305237,-0.02769187092781067,0.07829807698726654,-0.24753554165363312,-0.11856500804424286,0.31838399171829224,-0.17464765906333923,0.13242049515247345,-0.44287997484207153,-0.2475288361310959,0.07380592077970505,0.21612787246704102,-0.14260315895080566,-0.2637828290462494,0.1128719225525856,0.012393301352858543,-0.4468006491661072,-0.15767726302146912,0.33604592084884644,0.1564057469367981,-0.08990688621997833,-0.0516241192817688,0.13366153836250305,0.033146753907203674,0.29894742369651794,-0.2074386328458786,0.09103181958198547,0.017379511147737503,-0.1743547022342682,0.08484654128551483,0.24796763062477112,-0.21185746788978577,-0.14903821051120758,-0.02950125001370907,-0.23096077144145966,-0.01837901398539543,0.2898477613925934,0.24242524802684784,0.31817206740379333,-0.11063279211521149,-0.1560850590467453,-0.16084644198417664,-0.07120446115732193,-0.28868332505226135,0.06315495818853378,0.07485759258270264,0.3815585672855377,-0.01292368769645691,-0.15816037356853485,-0.33046823740005493,-0.22650781273841858,-0.07041005790233612,-0.1450866460800171,0.15012362599372864,-0.24631083011627197,0.3942013680934906,-0.04030073061585426,0.22556400299072266,-0.05056144669651985,-0.3746653199195862,-0.2201448678970337,-0.03921368718147278,0.24544326961040497,-0.29660406708717346,-0.11804129183292389,0.19327090680599213,-0.26131007075309753,-0.04661737009882927,0.1949625313282013,0.28643229603767395,0.08326126635074615,0.03319321200251579,-0.142404705286026,0.097622811794281,0.03650606423616409,0.07124412059783936,0.07075382769107819,0.22982995212078094,-0.3618989884853363,-0.03846147656440735,-0.2264033854007721,-0.0758468508720398,-0.1543736308813095,-0.012662339024245739,0.08166779577732086,-0.09119808673858643,0.4062092900276184,0.4138067364692688,-0.030583953484892845,0.26814132928848267,0.32006779313087463,0.013190722092986107,-0.15170760452747345,-0.10755248367786407,0.03492499142885208,0.07487712055444717,-0.12405169010162354,0.1509193480014801,-0.14084234833717346,-0.10624346882104874,-0.22954313457012177,-0.15108084678649902,-0.29673993587493896,-0.1994108408689499,-0.32766130566596985,-0.09709475934505463,0.07746446877717972,-0.07608924061059952,-0.044508349150419235,0.16601166129112244,0.06265677511692047,-0.23416486382484436,0.06530715525150299,0.25808602571487427,-0.3595433831214905,0.022099332883954048,-0.1773609071969986,0.2060571014881134,-0.4893597662448883,-0.062300801277160645,0.29998573660850525,-0.08527541905641556,0.02043181285262108,0.1916951984167099,0.09052924066781998,-0.4622221887111664,-0.043301843106746674,0.35450902581214905,-0.27132827043533325,0.020370420068502426,-0.17551596462726593,-0.041347626596689224,0.13260892033576965
CID005311027,526,0.01708407886326313,-0.47683486342430115,0.167138934135437,0.8345578908920288,-0.648389995098114,0.08813224732875824,-0.05894644930958748,0.08855442702770233,-0.20896534621715546,0.21597078442573547,0.39810940623283386,-0.2391551285982132,-0.33778342604637146,0.23728320002555847,0.2715039849281311,0.320351779460907,-0.11225893348455429,0.054249607026576996,-0.23362469673156738,-0.8071781992912292,-0.12304315716028214,0.10962812602519989,-0.1215105652809143,-0.8259242177009583,-0.3014809191226959,0.07260917127132416,-0.07437409460544586,-0.04264739155769348,-0.5329344272613525,0.07876632362604141,0.11882589757442474,0.058991264551877975,0.12192527949810028,-0.13452573120594025,0.012095347046852112,-0.15979616343975067,0.08822955936193466,0.4219064712524414,0.04210949316620827,-0.12003568559885025,-0.02700566127896309,0.13597190380096436,0.07907436788082123,-0.26907259225845337,-0.041667912155389786,0.4330456852912903,-0.16199804842472076,-0.04217987507581711,0.333328515291214,-0.06804626435041428,0.64140385389328,-0.17291292548179626,-0.034780144691467285,0.07981646806001663,0.361530601978302,-0.05151333659887314,-0.32315772771835327,-0.4072602391242981,0.3051725924015045,0.04789639264345169,0.18619751930236816,-0.4966108202934265,0.2717610001564026,-0.04541299492120743,-0.1148059219121933,0.7863280177116394,-0.09103456884622574,-0.11952157318592072,-0.06914789229631424,0.06479565799236298,-0.1898614913225174,0.06992632895708084,-0.293571412563324,-0.18783071637153625,-0.03759866580367088,0.22725410759449005,0.0753030776977539,-0.07161985337734222,-0.47515249252319336,0.11708114296197891,0.8751481771469116,-0.38819482922554016,-0.4958943724632263,-0.05441790819168091,-0.10282303392887115,-0.07067608833312988,0.1393856704235077,0.4573677182197571,-0.21620862185955048,-0.9236674308776855,-0.2751390337944031,-0.07954668998718262,0.13525934517383575,0.5213101506233215,0.13196468353271484,-0.3990118205547333,0.5372411608695984,-0.03193650394678116,0.16853195428848267,0.09740392863750458,0.41771095991134644,0.09885936975479126,0.19072072207927704,0.06610801070928574,-0.03462497889995575,-0.1426316499710083,-0.3077141344547272,-0.048351239413022995,0.7160783410072327,0.1502036303281784,0.048302896320819855,0.2741590738296509,0.14258135855197906,-0.7217580080032349,-0.05202660709619522,0.04547188803553581,-0.16477136313915253,-0.027912503108382225,-0.02974827028810978,-0.15041425824165344,0.8722402453422546,-0.1801762878894806,-0.15805301070213318,-0.026186883449554443,-0.3725737929344177,0.12643583118915558,-0.07116691023111343,-0.13682425022125244,0.07875825464725494,0.4312986433506012,0.12439730018377304,-0.4279772639274597,-0.5122467279434204,-0.07881429046392441,-0.08014713227748871,0.25467222929000854,-0.11141455173492432,0.21110621094703674,-0.3551294803619385,-0.20825743675231934,-0.07374788820743561,0.2789878845214844,0.21273425221443176,-0.04638708010315895,-0.03752456232905388,0.09712924063205719,0.34682169556617737,0.6963618993759155,0.36444878578186035,0.20294149219989777,-0.11245518922805786,-0.541876494884491,0.2800772488117218,0.04069981724023819,-0.06316611915826797,-0.08937470614910126,0.47897887229919434,-0.20251162350177765,-0.11028280109167099,0.09682556241750717,-0.15325430035591125,0.12852878868579865,-0.019016891717910767,-0.10042423009872437,0.01480488758534193,-0.1794305145740509,-0.02277691289782524,0.22589421272277832,0.02077377215027809,-0.03897333890199661,0.11320801079273224,-0.06334991753101349,-0.081199511885643,-0.47266608476638794,-0.047593556344509125,-0.1326531022787094,0.004819732159376144,-0.13414587080478668,0.7002332210540771,0.0801304280757904,-0.3297511637210846,0.2314433604478836,-0.5583740472793579,-0.13952474296092987,1.073956847190857,-0.30301395058631897,-0.6789582967758179,-0.09322594106197357,0.29822155833244324,-0.4444400668144226,-0.2670941948890686,0.008002599701285362,-0.11120791733264923,-0.06253887712955475,0.08313209563493729,0.08106746524572372,0.011711555533111095,-0.06905722618103027,0.35174208879470825,-0.13342715799808502,0.07142017036676407,-0.05783042311668396,0.11945371329784393,-0.165927454829216,0.08902864158153534,-0.24741491675376892,-0.19767633080482483,0.06737946718931198,-0.09813667088747025,0.6170713305473328,0.4825218617916107,-0.13487721979618073,0.03276931494474411,0.13444530963897705,0.20686323940753937,0.03828899934887886,0.1144053190946579,0.23686161637306213,0.20563188195228577,0.42230987548828125,0.02166396751999855,-0.43381160497665405,0.23817463219165802,-0.33975929021835327,0.3635876178741455,0.04690627008676529,-0.02495408058166504,-0.28976887464523315,0.3040120005607605,0.18595917522907257,0.10341646522283554,0.5282889008522034,0.15226903557777405,0.11960642039775848,-0.10695143043994904,0.07493487000465393,0.9232885241508484,-0.5307278633117676,0.10243876278400421,-0.3054720163345337,0.16962851583957672,-0.3769902288913727,-0.11051440238952637,0.09653584659099579,0.16397257149219513,-0.13970360159873962,0.018296368420124054,0.28985270857810974,-1.076781988143921,-0.3248630166053772,0.0005040421965532005,0.028813516721129417,0.2783467769622803,-0.3889225423336029,-0.08965051174163818,0.1711425930261612
CID000443871,527,0.23478655517101288,0.08946115523576736,0.21113422513008118,0.4338729977607727,-0.2119409292936325,0.08740713447332382,0.16927573084831238,0.12767787277698517,-0.09893406927585602,0.2598632872104645,-0.06061171367764473,0.10858038812875748,-0.05793381854891777,0.028884071856737137,-0.16395215690135956,-0.20047342777252197,-0.14630863070487976,-0.09702588617801666,-0.045350588858127594,-0.539909839630127,0.11294958740472794,-0.09985478222370148,0.16168801486492157,-0.852210521697998,-0.14795370399951935,0.020158758386969566,-0.21665163338184357,-0.03024465963244438,0.06606072932481766,0.07375650107860565,0.16830770671367645,0.3164752423763275,-0.08841276168823242,-0.01064481120556593,-0.026158293709158897,0.09979164600372314,-0.00895351730287075,0.1425866335630417,0.13896432518959045,-0.39986711740493774,-0.001067990087904036,-0.09148402512073517,0.15654298663139343,-0.4075997769832611,-0.1488308161497116,0.4066849648952484,-0.18085071444511414,-0.0825335830450058,-0.13823041319847107,-0.01788436993956566,0.24989524483680725,-0.16910290718078613,-0.1638568937778473,-0.1561584174633026,0.23057270050048828,-0.015854354947805405,-0.08144721388816833,0.22989892959594727,-0.09089463949203491,-0.05478804185986519,-0.08650097995996475,-0.0788881927728653,0.15147629380226135,-0.07644322514533997,0.3153431713581085,0.3900233209133148,-0.38924330472946167,0.04174422472715378,0.11284337937831879,-0.1423627883195877,0.05081570893526077,0.3923865854740143,-0.4426731467247009,-0.15730087459087372,-0.09620455652475357,0.27863502502441406,0.058189332485198975,0.1980704814195633,-0.05830666422843933,0.1716224104166031,0.23355619609355927,-0.3919793665409088,-0.2540901303291321,0.15867921710014343,0.14412689208984375,-0.19814178347587585,0.0022011578548699617,0.175260990858078,-0.03118535317480564,-0.7943800091743469,-0.07031954824924469,0.037910498678684235,-0.019185859709978104,0.018396442756056786,-0.10611064732074738,-0.33456236124038696,-0.05692189186811447,-0.12843255698680878,0.41782838106155396,0.156823068857193,-0.18079710006713867,-0.000849604606628418,-0.02442917600274086,0.19590267539024353,-0.1849938929080963,0.10612990707159042,0.02380526252090931,-0.017109107226133347,0.5714060664176941,0.044475726783275604,-0.1774894744157791,0.2911180853843689,-0.29204681515693665,-0.10502883046865463,0.21540717780590057,0.2954614460468292,0.0163012333214283,-0.07598956674337387,-0.06431552022695541,0.08142097294330597,0.7863261699676514,0.049584515392780304,0.33177247643470764,0.4540695548057556,-0.10471828281879425,-0.1001601442694664,-0.05622904375195503,-0.07443276047706604,0.13759657740592957,-0.08666263520717621,0.3036692440509796,-0.7246371507644653,-0.26052671670913696,0.04654724523425102,0.27058446407318115,0.026203637942671776,-0.11152732372283936,0.01936369389295578,0.22062654793262482,-0.35554516315460205,-0.21172241866588593,0.06539519876241684,0.18887081742286682,-0.09975767135620117,-0.025270020589232445,0.13327130675315857,-0.04740207642316818,0.438020795583725,0.12305553257465363,0.171925351023674,0.2497941255569458,-0.42119890451431274,0.1159236803650856,0.19905950129032135,-0.14111514389514923,-0.28190186619758606,-0.07371416687965393,-0.1775922030210495,0.022004306316375732,0.28151676058769226,-0.00220554624684155,-0.11426206678152084,-0.014814439229667187,0.05409877747297287,-0.06383195519447327,-0.004991292953491211,-0.19553837180137634,-0.13953079283237457,-0.14876776933670044,0.27079716324806213,0.0919620469212532,-0.11760421097278595,-0.30949127674102783,-0.34245914220809937,-0.024915719404816628,-0.11969175189733505,0.05161244422197342,-0.15302160382270813,0.4796413779258728,0.18281546235084534,-0.12372740358114243,-0.1408129185438156,-0.281119167804718,-0.2963310778141022,0.28199851512908936,0.14621062576770782,-0.4553718566894531,0.2610325515270233,-0.03854354843497276,-0.33510664105415344,-0.25140872597694397,-0.04819405823945999,0.031406473368406296,-0.1074826568365097,0.203836128115654,0.020962387323379517,0.13367526233196259,0.020200815051794052,0.20389477908611298,-0.37325379252433777,-0.06820682436227798,-0.2867712378501892,0.1526399552822113,-0.18477267026901245,-0.003999912645667791,-0.22937066853046417,0.006428462453186512,-0.07347378879785538,0.04597479850053787,0.4244585633277893,0.23999102413654327,0.012619365938007832,0.24582266807556152,0.4188217520713806,0.17873139679431915,-0.1450246125459671,-0.08124055713415146,0.22092990577220917,0.05512925237417221,-0.12170998752117157,-0.04596712440252304,-0.1403825581073761,-0.11261578649282455,-0.21039262413978577,-0.08421902358531952,-0.1741701066493988,-0.48253870010375977,-0.16190797090530396,-0.15018169581890106,0.230353444814682,-0.1290130317211151,0.33727124333381653,0.18756142258644104,0.08377093076705933,0.0046248286962509155,0.18518130481243134,0.30918294191360474,-0.3009583353996277,-0.07553969323635101,-0.23243048787117004,0.2753424346446991,-0.8543717265129089,0.20298250019550323,0.014578697271645069,-0.042320616543293,-0.18412485718727112,0.24157428741455078,-0.17188328504562378,-0.6975730657577515,-0.1846628040075302,0.23085574805736542,0.11636899411678314,-0.12109925597906113,0.11711058765649796,0.18360726535320282,0.12558919191360474
CID000000191,530,0.5871937274932861,0.033780813217163086,-0.04396430775523186,0.8309057950973511,-0.5233966112136841,-0.02358548901975155,0.031211495399475098,0.18447908759117126,0.1532970666885376,0.40368279814720154,0.00034047066583298147,-1.18265700340271,-0.0770789235830307,0.31756454706192017,0.28692513704299927,0.5175883173942566,-0.005424196831882,-0.48754334449768066,0.12814955413341522,-0.6278164386749268,0.3240728974342346,-0.057300008833408356,0.1602138876914978,-1.0848183631896973,0.07789149135351181,-0.1467140167951584,0.020497670397162437,0.003876668168231845,0.00710923969745636,0.07978355139493942,0.09796860069036484,-0.037712495774030685,-0.028440307825803757,0.21177434921264648,0.18618068099021912,-0.012018585577607155,0.2506646513938904,0.2548688054084778,-0.05838862061500549,-0.4468551278114319,-0.13707438111305237,-0.1061578020453453,0.019581953063607216,0.38136377930641174,0.3419811427593231,-0.22235283255577087,-0.11641325056552887,-0.2106834352016449,-0.07442960888147354,0.1550578773021698,0.3738352656364441,0.18058884143829346,-0.17494535446166992,-0.13297279179096222,-0.08297867327928543,0.1994740068912506,0.7733932137489319,-0.1107216626405716,1.7816636562347412,0.2835547924041748,0.13451221585273743,-0.4527389407157898,-0.08685477077960968,0.230335995554924,0.10898149013519287,0.6964750289916992,-0.006315106060355902,0.10729169845581055,-0.2130868136882782,-0.18005365133285522,-0.0652681440114975,-0.17239323258399963,-0.13975200057029724,-0.6331965327262878,-0.2250237911939621,0.5138157606124878,0.026991475373506546,-0.12578506767749786,0.1803136169910431,-0.18027172982692719,0.5078920722007751,-0.44669896364212036,-0.4126311242580414,-0.1730274260044098,0.02681385539472103,-0.1054321900010109,0.2987510561943054,0.04133552685379982,-0.0903112143278122,-0.5054651498794556,-0.03781304880976677,-9.915828559314832e-05,-0.10248042643070221,0.3543371558189392,0.22817662358283997,-0.4692177176475525,0.08403120934963226,0.001973512815311551,-0.28712111711502075,0.41677790880203247,-0.19627645611763,0.0486149862408638,-0.05863314867019653,0.25140058994293213,0.22597002983093262,0.06997555494308472,0.23789279162883759,-0.1874871551990509,0.7797573208808899,0.22129468619823456,0.34635886549949646,0.23827533423900604,-0.07368893176317215,-1.3050299882888794,-0.025747686624526978,0.307312548160553,-0.015722740441560745,0.2356879711151123,0.1769595444202423,0.014901447109878063,0.6931806802749634,-1.0058470964431763,0.327822744846344,0.048526518046855927,-0.31549936532974243,0.42246001958847046,0.11766519397497177,-0.11445102840662003,0.21455010771751404,-0.10945596545934677,0.10914944112300873,-0.5783782005310059,-0.3137812316417694,-0.03926612064242363,0.208533376455307,0.3727526068687439,0.18073827028274536,0.18503022193908691,0.07704354077577591,-0.13160020112991333,-0.14998078346252441,0.4128705859184265,-0.026760440319776535,0.3555133640766144,0.06295394152402878,-0.08199919760227203,-0.31103095412254333,0.724227249622345,-0.42139968276023865,0.09635359048843384,-0.07273032516241074,-0.3928169012069702,0.14627417922019958,0.38924461603164673,0.07570484280586243,0.09132785350084305,-0.021418724209070206,-0.06973706185817719,-0.18199250102043152,0.016154682263731956,-0.21958062052726746,-0.2577340602874756,-0.11198525130748749,0.13333892822265625,-0.146844744682312,-0.2687700390815735,0.06490453332662582,0.1829298436641693,-0.015180766582489014,0.31709426641464233,0.18030792474746704,0.4191092848777771,0.0004227086901664734,0.008026599884033203,-0.16956813633441925,0.23577356338500977,-0.0037181763909757137,-0.3087646961212158,0.6035279035568237,0.023184236139059067,-0.2405092418193817,-0.24627892673015594,-0.21525654196739197,0.16110000014305115,0.10854645818471909,-0.3152945637702942,-0.056900352239608765,-0.2069099396467209,0.19917413592338562,-0.4467930197715759,-0.13711269199848175,-0.17847459018230438,-0.23968711495399475,-0.3856388330459595,0.0033262341748923063,0.018022136762738228,-0.2613508701324463,0.039384566247463226,0.16621829569339752,0.28375765681266785,-0.5275788307189941,-0.5181094408035278,0.25123873353004456,-0.228377103805542,0.08979813754558563,0.09656029939651489,0.08405987173318863,0.2112654745578766,0.9178366661071777,0.4562196135520935,0.4353882670402527,-0.30939358472824097,0.04594891518354416,0.10209252685308456,-0.14292791485786438,-0.32857874035835266,0.03453237563371658,0.7335165739059448,-0.0856870785355568,0.45292431116104126,-0.09363647550344467,-0.21985086798667908,-0.07303465157747269,-0.3912234604358673,-0.08071117103099823,0.13393297791481018,0.1777607947587967,-0.1854228526353836,-0.2478293478488922,0.5204269289970398,-0.16575570404529572,0.5844632387161255,0.6371192336082458,0.09424473345279694,-0.04606454819440842,0.1015380248427391,0.5113605856895447,-0.5315197706222534,0.18824522197246552,-0.29135969281196594,-0.07484479248523712,-0.1111212745308876,0.09012844413518906,0.07322058081626892,-0.09343014657497406,-0.13931861519813538,-0.22390536963939667,0.23766744136810303,-0.7535136938095093,0.1193130612373352,0.47729235887527466,0.025191521272063255,0.37930721044540405,-0.5391032099723816,0.053604789078235626,-0.06606799364089966
CID000005726,533,0.16192637383937836,0.0780716985464096,0.1118030771613121,0.57874596118927,-0.3673928678035736,0.03974102437496185,0.3589494526386261,0.30567479133605957,-0.12594884634017944,0.28378862142562866,0.09370684623718262,-0.38523992896080017,-0.21721574664115906,0.3453752398490906,0.0788784846663475,0.17502453923225403,-0.10890787839889526,-0.053672581911087036,0.5053128004074097,-0.5221948623657227,-0.11701004207134247,-0.42223143577575684,-0.15638169646263123,-0.8709400296211243,0.28830966353416443,-0.12056678533554077,0.11695365607738495,-0.1168956309556961,-0.18318012356758118,-0.2621493637561798,-0.2344447374343872,0.06878231465816498,0.07983672618865967,0.18186528980731964,0.08466144651174545,-0.20655743777751923,0.21023254096508026,0.2851530611515045,0.2165333330631256,-0.5026509165763855,0.06308890879154205,-0.10559193044900894,0.2279612123966217,-0.01703605055809021,-0.15183737874031067,-0.040678273886442184,0.06362484395503998,0.06963444501161575,0.08206643164157867,-0.2816377282142639,0.3834037780761719,-0.3513621687889099,-0.20126542448997498,-0.23278410732746124,-0.06732706725597382,-0.013760554604232311,0.44226542115211487,0.18557992577552795,0.9639073610305786,-0.07399143278598785,-0.17397922277450562,-0.4135333001613617,-0.12147059291601181,0.07611957937479019,0.07908198982477188,0.2572152018547058,-0.0776015892624855,-0.09704478085041046,-0.07015132904052734,0.017309073358774185,-0.052848946303129196,-0.08522342145442963,-0.15324178338050842,-0.2965092360973358,-0.13171403110027313,0.10979237407445908,0.04808778688311577,0.08951984345912933,-0.25462251901626587,-0.18866117298603058,0.19655682146549225,-0.46463075280189514,-0.45911702513694763,0.07584039866924286,0.539933979511261,0.14567795395851135,0.0396285206079483,0.265925794839859,-0.23880746960639954,-0.5972234010696411,-0.2954789698123932,-0.0374741330742836,-0.0156855545938015,0.012182917445898056,-0.01935439184308052,-0.433834969997406,0.06866040080785751,-0.34560057520866394,0.2038538157939911,0.19292142987251282,-0.1500205397605896,-0.22914330661296844,0.012147756293416023,0.5428276062011719,0.3418079912662506,0.09919029474258423,-0.1512095183134079,0.007041841745376587,0.5197461843490601,0.256025105714798,-0.11711391061544418,0.203143909573555,-0.3387959897518158,-0.4558263421058655,-0.1622588336467743,0.07962416112422943,0.11780021339654922,0.1341736614704132,0.04140603542327881,-0.20063598453998566,0.8135951161384583,-0.8056501150131226,0.3105487823486328,0.2596481442451477,-0.2360900640487671,0.34659093618392944,0.11192438751459122,-0.26262903213500977,0.2303757667541504,0.14517241716384888,0.18061579763889313,-0.5222562551498413,-0.3002270460128784,0.16482609510421753,0.12087033689022064,0.1146821528673172,-0.10525448620319366,0.18101736903190613,0.03352084755897522,-0.10664261877536774,-0.1834016740322113,0.4167676568031311,0.0462520495057106,0.27239370346069336,-0.005468946881592274,0.35004159808158875,-0.3358768820762634,0.5463150143623352,0.09088674187660217,0.311914324760437,-0.14090143144130707,-0.4103476405143738,-0.050504546612501144,0.24768218398094177,-0.08854395151138306,-0.10555491596460342,-0.00634427648037672,0.041230231523513794,0.3722341060638428,-0.016719937324523926,0.13240671157836914,-0.12267391383647919,-0.03080844320356846,-0.20125937461853027,-0.1871068775653839,0.12309235334396362,0.02556012012064457,0.17704181373119354,0.19290079176425934,0.07922221720218658,0.16221606731414795,0.10337857902050018,-0.2508474886417389,0.05873141437768936,0.08396847546100616,-0.13350841403007507,-0.058365482836961746,-0.3049392104148865,0.47890305519104004,0.4005383551120758,0.057111673057079315,-0.10216772556304932,-0.21579906344413757,-0.06313787400722504,-0.12157607078552246,0.20554094016551971,-0.04767899960279465,0.019214456900954247,0.11842332780361176,-0.3778057098388672,-0.05178380012512207,0.10341556370258331,0.03275804966688156,-0.33606377243995667,0.09536223113536835,-0.0711386501789093,-0.14430531859397888,-0.05173645541071892,-0.12566006183624268,0.1130523681640625,-0.0663059800863266,-0.33762139081954956,-0.06311415135860443,-0.1691778600215912,0.048609811812639236,-0.1814040243625641,-0.21421153843402863,0.1458582878112793,0.1728232353925705,0.44171142578125,0.4463646411895752,0.12108322232961655,0.11168892681598663,-0.037270743399858475,0.1745971441268921,-0.11975685507059097,-0.19264912605285645,0.5077981948852539,-0.1608273833990097,0.13432633876800537,0.038031596690416336,-0.10057060420513153,0.12168288230895996,-0.3422779440879822,0.044810451567173004,-0.09128491580486298,-0.3733879327774048,-0.07281502336263657,-0.008020234294235706,-0.19940204918384552,-0.09884251654148102,0.15220271050930023,0.5997971296310425,-0.19198402762413025,0.04645797610282898,-0.10974147170782089,0.22817175090312958,-0.07216662168502808,0.03690844774246216,-0.21412675082683563,0.20777221024036407,-0.13944923877716064,-0.09476777166128159,0.11074145138263702,-0.006589976139366627,0.04254407063126564,0.2133423388004303,0.34413984417915344,-0.639874279499054,0.29031506180763245,0.41950178146362305,-0.27092915773391724,-0.04937012121081352,-0.3776906728744507,0.20402772724628448,0.20602579414844513
CID000060754,534,0.3260250687599182,0.02965185046195984,0.05298420041799545,0.5522662401199341,-0.18546749651432037,-0.0928698182106018,-0.026377713307738304,0.05947718024253845,0.03372964262962341,0.09973305463790894,-0.15357045829296112,-0.24847114086151123,-0.24441823363304138,0.17247521877288818,0.13381896913051605,-0.04059484973549843,-0.1464380919933319,-0.09733371436595917,-0.028967630118131638,-0.5149183869361877,-0.1445343792438507,0.09124331921339035,-0.09452924132347107,-0.7727740406990051,-0.13274401426315308,0.12772604823112488,-0.11281406879425049,-0.09019351005554199,0.09142841398715973,0.32345807552337646,-0.2754877805709839,0.36839359998703003,-0.2638619542121887,-0.09949973970651627,0.12046711146831512,-0.307548463344574,-0.30672937631607056,0.08019165694713593,0.13532550632953644,-0.16116242110729218,-0.21083088219165802,0.0025508105754852295,0.08785644918680191,-0.31578734517097473,-0.09363409131765366,0.32259875535964966,-0.004009598400443792,0.07529933750629425,0.05796381086111069,0.06972429901361465,0.5311751365661621,-0.2505521774291992,-0.12092804908752441,0.1463346779346466,0.10378263145685196,-0.2514731287956238,0.06802978366613388,-0.055988483130931854,0.25522249937057495,-0.08356784284114838,-0.1222347766160965,-0.2700668275356293,-0.09908899664878845,-0.17540836334228516,0.1542474925518036,0.4844353199005127,-0.3070548176765442,0.12272296845912933,0.2540037930011749,0.09616146981716156,0.043714381754398346,-0.18589434027671814,-0.26359546184539795,-0.2248118817806244,-0.3280893862247467,-0.01706642471253872,-0.22162742912769318,-0.29368701577186584,0.16267094016075134,0.20130273699760437,0.4446262717247009,-0.2394445687532425,-0.46291619539260864,0.3808443248271942,0.18107786774635315,0.17556563019752502,0.17095747590065002,0.17997418344020844,-0.07525117695331573,-0.6246273517608643,-0.2707008719444275,0.19301101565361023,-0.11188817024230957,0.04960866644978523,-0.28746289014816284,-0.44130754470825195,0.04813382029533386,0.21939685940742493,0.19087986648082733,0.3575654923915863,-0.3359431028366089,-0.03847285360097885,0.022330794483423233,0.3300604224205017,0.2837792634963989,-0.08621412515640259,-0.03166891261935234,0.15501093864440918,0.4643282890319824,0.4331425726413727,-0.06367047131061554,0.1705475151538849,-0.009437206201255322,-0.09756612777709961,0.011835211887955666,0.4661542475223541,-0.25494712591171265,-0.3478246033191681,0.12850694358348846,0.12431546300649643,0.7605965733528137,0.026509705930948257,0.3444324731826782,0.27718308568000793,-0.08998151868581772,0.2008194923400879,0.07406007498502731,0.02006090059876442,0.13722041249275208,0.08135292679071426,0.08301372081041336,-0.4731576442718506,-0.31632092595100403,0.04493488743901253,0.4936552047729492,0.626745343208313,0.11416149139404297,0.15416277945041656,0.38461872935295105,-0.06535221636295319,-0.3158243000507355,0.17969797551631927,-0.21750375628471375,-0.045067671686410904,0.11995215713977814,-0.05384312942624092,0.14198878407478333,0.5872722864151001,0.028655994683504105,0.2760274410247803,-0.059126127511262894,-0.4956216812133789,0.31420081853866577,0.14707155525684357,-0.2753729224205017,-0.011783240363001823,-0.13273023068904877,-0.5462915301322937,0.0388142466545105,0.28349369764328003,0.4608638286590576,0.19502075016498566,-0.12311030924320221,-0.07017092406749725,0.15980446338653564,0.05772470310330391,-0.22071024775505066,0.17648153007030487,0.10665365308523178,0.08405442535877228,0.07987551391124725,-0.2923571467399597,-0.11032465845346451,-0.35055747628211975,-0.030316729098558426,-0.03853539749979973,0.005431801080703735,-0.4882713854312897,0.5370782017707825,0.13274911046028137,0.04890868067741394,0.27937406301498413,-0.1478751003742218,-0.31500759720802307,0.5109845399856567,-0.02706453762948513,-0.15054140985012054,0.2614963948726654,0.016923632472753525,-0.33451294898986816,0.046468041837215424,0.08155262470245361,0.14635787904262543,-0.17807886004447937,0.19475197792053223,0.0874653309583664,0.2844521999359131,-0.08496806770563126,-0.025132780894637108,0.1390567421913147,-0.2787501811981201,-0.3780900537967682,-0.1781955063343048,-0.20736479759216309,0.12251529842615128,0.05150196701288223,-0.009110784158110619,-0.15130221843719482,0.0018375336658209562,0.6370911598205566,0.4410245418548584,0.30158334970474243,0.2524438798427582,-0.024167781695723534,-0.018409674987196922,-0.287325918674469,0.07744922488927841,0.37637895345687866,0.1426200568675995,-0.253915011882782,-0.008283043280243874,0.24668538570404053,-0.18309900164604187,-0.30520910024642944,-0.007025836501270533,0.0940619558095932,-0.26365748047828674,-0.1598469763994217,-0.21525590121746063,0.022807402536273003,-0.1213727742433548,0.5490268468856812,0.46193772554397583,0.1309415102005005,-0.08718260377645493,-0.12796053290367126,0.5953213572502136,-0.25989341735839844,0.17870625853538513,-0.2654377222061157,0.15804922580718994,-0.4936892092227936,-0.25048163533210754,0.4272478520870209,-0.1845419555902481,0.3300257921218872,-0.10699181258678436,0.10288109630346298,-0.7102712392807007,-0.30660727620124817,0.3547440469264984,-0.11305385828018188,0.20359650254249573,-0.10025288164615631,-0.35407811403274536,-0.26261621713638306
CID000064147,535,0.28346776962280273,0.24689598381519318,0.13361148536205292,0.45365458726882935,-0.6139688491821289,0.017872801050543785,0.40659135580062866,0.3327268958091736,-0.11062683165073395,0.3436353802680969,-0.06633476167917252,-0.3814837336540222,-0.06704839318990707,0.17343847453594208,-0.08807764947414398,0.06475169956684113,-0.07452203333377838,-0.26655247807502747,0.13914436101913452,-0.5615056157112122,-0.10291405767202377,0.10892075300216675,0.1289503127336502,-0.9401708841323853,-0.1801908016204834,0.0842338502407074,-0.0383247546851635,-0.15525276958942413,-0.03247359022498131,-0.006936836056411266,-0.008796775713562965,0.11585751920938492,-0.16407497227191925,-0.1505144089460373,-0.07648840546607971,0.13369998335838318,0.250696063041687,0.08632077276706696,-0.03853945806622505,-0.1406882256269455,-0.10305340588092804,-0.5671309232711792,-0.10974343121051788,-0.19544947147369385,-0.12850546836853027,0.09571675956249237,0.08492805063724518,0.11680414527654648,-0.0673346146941185,0.31502485275268555,0.4791988730430603,0.14531172811985016,-0.14693747460842133,0.07193642854690552,-0.10273418575525284,0.002249861601740122,0.48796263337135315,-0.1409510374069214,0.5170265436172485,-0.3064630627632141,-0.09459275007247925,-0.2731691598892212,-0.1656149923801422,-0.35261937975883484,0.24389703571796417,0.6632066369056702,-0.1625634729862213,-0.07075582444667816,0.039978913962841034,0.1759348213672638,0.1333375722169876,0.13541392982006073,-0.035289738327264786,-0.4934755861759186,-0.17125320434570312,0.13509392738342285,0.20168662071228027,-0.10082907974720001,-0.13784494996070862,-0.11338110268115997,-0.1109485849738121,-0.4230895936489105,-0.25235655903816223,0.058113981038331985,0.12839142978191376,0.15109378099441528,0.1889318823814392,0.024038534611463547,0.20468135178089142,-0.5985883474349976,0.20487312972545624,0.3550281226634979,-0.038394127041101456,0.033051274716854095,-0.13533397018909454,-0.40660610795021057,-0.020186414942145348,0.10575807094573975,0.3635774254798889,0.08760788291692734,-0.4510275423526764,0.01841598004102707,-0.04248309135437012,0.2775813341140747,0.4059588313102722,0.07669730484485626,0.16371187567710876,-0.010091918520629406,0.6254511475563049,0.02400941774249077,-0.2418707311153412,-0.011053845286369324,0.00020048022270202637,-0.5532819628715515,-0.06144462898373604,0.25317493081092834,0.18383128941059113,-0.17978595197200775,0.06252749264240265,0.3295276165008545,0.7101815938949585,-0.48599329590797424,0.31235212087631226,0.24621382355690002,-0.20130673050880432,0.34016260504722595,0.05184601619839668,-0.1039934977889061,0.07111514359712601,-0.15747757256031036,0.15941807627677917,-0.45399099588394165,-0.5407525897026062,0.2053569257259369,0.3548716604709625,-0.021438103169202805,-0.1486441195011139,0.1871454417705536,0.03386213257908821,0.021697264164686203,0.015060069039463997,0.5564106106758118,-0.04415949061512947,-0.07455996423959732,0.018955569714307785,0.12254711240530014,-0.22998046875,0.4442445635795593,0.267461359500885,0.20761480927467346,-0.030380677431821823,-0.343930184841156,0.08900309354066849,0.17685478925704956,-0.01687397062778473,-0.05432435870170593,0.07455241680145264,0.14246752858161926,0.062325555831193924,0.013811188749969006,0.23908254504203796,0.23074206709861755,0.23009023070335388,0.1403101235628128,-0.10380004346370697,-0.18257902562618256,-0.03206983581185341,0.19251051545143127,0.10474089533090591,0.5763228535652161,-0.009589542634785175,-0.25627607107162476,-0.16907960176467896,0.021870708093047142,0.044567812234163284,-0.20960739254951477,0.12248337268829346,-0.19193634390830994,0.4986613392829895,-0.029822135344147682,0.04021375998854637,0.00812649168074131,-0.025605838745832443,-0.04017651081085205,-0.19822075963020325,0.17079296708106995,0.057452064007520676,0.19680030643939972,0.23934729397296906,-0.33012712001800537,0.049687329679727554,0.3722229599952698,0.15758706629276276,0.13136065006256104,0.07563775777816772,0.02013438008725643,0.06519671529531479,-0.1310672014951706,-0.030544936656951904,-0.02969094179570675,-0.4045175611972809,-0.46876221895217896,-0.05598261207342148,-0.14145882427692413,-0.04372254014015198,0.10258009284734726,-0.01337800920009613,-0.05588749796152115,0.5327994227409363,0.5020037293434143,0.34437456727027893,0.06947603076696396,0.14289800822734833,-0.12164314836263657,0.02153332158923149,-0.21684083342552185,0.3077530264854431,0.29878097772598267,-0.021983543410897255,0.09199251979589462,-0.17792539298534393,-0.1114254742860794,0.003802001476287842,-0.33707407116889954,-0.009941065683960915,-0.01317791361361742,-0.38669317960739136,-0.029400896281003952,-0.3492235541343689,-0.034433722496032715,0.05541536957025528,0.03154458850622177,0.5469284057617188,0.11554408073425293,0.2836081087589264,-0.11956731975078583,0.303168386220932,-0.38637441396713257,0.09571677446365356,-0.046896837651729584,-0.08635060489177704,-0.0686722993850708,-0.148331880569458,0.20630164444446564,0.005808913614600897,0.21470820903778076,-0.09808266162872314,0.012678036466240883,-0.6555231213569641,0.14071747660636902,0.30729660391807556,-0.04340629652142525,0.022659659385681152,-0.29185980558395386,0.1963755339384079,0.20609107613563538
CID000216239,536,0.03326639533042908,0.04672817140817642,-0.08488129824399948,0.2667868733406067,-0.36188891530036926,0.05472353845834732,0.24970929324626923,0.291353315114975,-0.04562772065401077,0.22941894829273224,0.11924763023853302,0.1683277189731598,0.062485456466674805,0.11162559688091278,-0.2169279158115387,-0.09380139410495758,-0.15251076221466064,-0.10626621544361115,0.11074723303318024,-0.3887500762939453,0.05891544744372368,-0.2633931636810303,-0.10570479929447174,-0.7998400330543518,0.016828276216983795,0.10295093059539795,-0.18402299284934998,0.009160232730209827,0.006327429320663214,0.09940582513809204,-0.1287388950586319,0.20849478244781494,0.07855093479156494,0.16054262220859528,0.04131297394633293,-0.11185826361179352,0.10393963754177094,0.06147154048085213,0.16250506043434143,-0.1311255395412445,-0.04655361920595169,-0.3697108328342438,0.149895578622818,-0.2612302005290985,-0.19969946146011353,0.44963622093200684,0.07231688499450684,0.002017162973061204,0.10145199298858643,-0.04347994178533554,0.14297153055667877,0.14149726927280426,-0.2680127024650574,-0.0344780869781971,0.16229595243930817,-0.09499766677618027,-0.07784483581781387,0.15889498591423035,-0.004597981460392475,-0.04582100361585617,-0.16152454912662506,-0.28187838196754456,-0.04510319605469704,0.014232302084565163,0.32551634311676025,0.3236759305000305,-0.12875190377235413,-0.126188725233078,0.2316526472568512,0.056535083800554276,0.13419029116630554,0.007450788281857967,-0.27630046010017395,-0.40055227279663086,-0.21911342442035675,0.06425615400075912,0.1093025803565979,0.20177021622657776,-0.0947709009051323,-0.09567044675350189,-0.027973562479019165,-0.4785837233066559,-0.24594394862651825,-0.028079843148589134,0.02744055911898613,-0.1947697103023529,0.20653411746025085,-0.004305502865463495,0.07106728851795197,-0.619384229183197,-0.11030949652194977,0.2779991030693054,-0.02646038495004177,0.01861352100968361,-0.09751975536346436,-0.2612939178943634,-0.08867689222097397,0.219830721616745,-0.16659574210643768,0.057268790900707245,-0.17035016417503357,-0.10802976042032242,-0.0578235499560833,0.3244899809360504,0.2501838803291321,0.050956159830093384,-0.018243739381432533,0.32375869154930115,0.4169406294822693,-0.18531674146652222,-0.09979536384344101,0.20068088173866272,-0.12941691279411316,-0.020207371562719345,0.023886173963546753,0.1795864999294281,-0.08978800475597382,-0.03855529800057411,-0.17642565071582794,0.23133310675621033,0.509080171585083,-0.14102338254451752,0.27938205003738403,0.34771451354026794,-0.059368956834077835,0.17616501450538635,0.09006466716527939,0.10325894504785538,0.2570646405220032,-0.0906030461192131,-0.012972262687981129,-0.4549735486507416,-0.42335861921310425,0.07390763610601425,0.24232563376426697,-0.13954266905784607,-0.11967389285564423,0.16889870166778564,-0.19699150323867798,-0.23600253462791443,-0.17164680361747742,0.06960839033126831,0.018545305356383324,-0.15129409730434418,0.01776394620537758,0.2539581060409546,-0.14233270287513733,0.2471921443939209,0.0065794349648058414,0.2026471644639969,-0.007898574694991112,-0.17910338938236237,-0.16759666800498962,0.24069753289222717,-0.3390212655067444,-0.09070973098278046,-0.08810537308454514,-0.07897526025772095,0.04601616784930229,0.31505680084228516,-0.09807898104190826,-0.1328921914100647,-0.0728457048535347,0.011614334769546986,-0.053595613688230515,-0.07331068813800812,-0.17435342073440552,0.13873901963233948,-0.1781383454799652,0.2054249495267868,0.042900945991277695,-0.23812830448150635,-0.2113266885280609,-0.2975445091724396,0.034340787678956985,-0.06801178306341171,0.17386949062347412,-0.19221174716949463,0.3313629925251007,-0.08389441668987274,0.12650758028030396,-0.01138161588460207,-0.19873900711536407,-0.14813634753227234,0.12230576574802399,0.2591140866279602,-0.12830908596515656,-0.001730653690174222,-0.09224797785282135,-0.3044899106025696,0.03280369192361832,0.033592309802770615,0.17076072096824646,0.13523253798484802,0.12269802391529083,-0.16780441999435425,0.1176718920469284,0.0032609463669359684,0.10370104014873505,0.02801608480513096,0.1852351874113083,-0.2772830128669739,-0.009698641486465931,-0.33273014426231384,-0.0853390246629715,-0.20886501669883728,-0.11324167251586914,-0.08257732540369034,-0.029414081946015358,0.3469269573688507,0.3514733910560608,-0.015101423487067223,0.3441998064517975,0.17043264210224152,0.03336486592888832,-0.027434583753347397,-0.021179791539907455,0.058556102216243744,0.08435256779193878,-0.024736011400818825,-0.0823126807808876,-0.0854678824543953,-0.12080065906047821,-0.18725743889808655,0.06871004402637482,0.15853293240070343,0.14376960694789886,0.008918417617678642,0.015369361266493797,-0.19145241379737854,-0.07912100106477737,-0.19490213692188263,0.21500837802886963,0.024797935038805008,-0.16434118151664734,-0.180385559797287,0.22567030787467957,-0.32025009393692017,0.15128713846206665,-0.21514542400836945,0.19148039817810059,-0.33035460114479065,0.17635604739189148,0.28444865345954895,-0.15313270688056946,-0.008235265500843525,0.046972792595624924,0.08770467340946198,-0.5334491729736328,-0.1309405118227005,0.27184683084487915,-0.3053697645664215,0.13590243458747864,-0.2589283883571625,0.2057466208934784,0.07789682596921921
CID000005412,539,0.5609496831893921,-0.0398283414542675,0.14357280731201172,0.7730270624160767,-0.5736618638038635,0.2971521019935608,-0.08090546727180481,0.24049441516399384,-0.03233448788523674,0.44910866022109985,-0.19175273180007935,-0.37117889523506165,0.02929735742509365,0.3066938817501068,-0.03233499079942703,0.22633782029151917,0.09287969768047333,-0.38003450632095337,-0.1920711100101471,-0.4061833322048187,-0.16900865733623505,-0.055657267570495605,0.02415645122528076,-0.8692715764045715,-0.1138160228729248,0.09986517578363419,-0.2317262887954712,0.09199780225753784,0.0541716143488884,0.03873728960752487,-0.370977520942688,0.1984718292951584,-0.054913364350795746,-0.20855307579040527,0.0033765037078410387,0.010695588774979115,0.47102898359298706,-0.04675425961613655,-0.14122222363948822,-0.4873465597629547,-0.052410684525966644,0.3038279116153717,-0.08942969888448715,-0.026585489511489868,-0.166129931807518,0.20842428505420685,0.06747247278690338,0.0446024164557457,0.4708605706691742,0.13851095736026764,0.8027159571647644,-0.05116579681634903,-0.23932330310344696,0.038239482790231705,-0.15292219817638397,-0.19336390495300293,0.44062739610671997,0.1716271936893463,0.3723565638065338,0.1349381059408188,-0.23161372542381287,-0.3279823660850525,-0.15729017555713654,0.10269688069820404,-0.06495705991983414,0.6835371255874634,-0.09395729750394821,-0.15442688763141632,0.02829139307141304,-0.07998120039701462,0.026902388781309128,-0.03571147844195366,0.14289230108261108,-0.3906971216201782,-0.4081571102142334,0.010800790973007679,-0.09444310516119003,-0.21342670917510986,-0.2557831406593323,-0.12302465736865997,0.09786251932382584,-0.30180299282073975,-0.11264141649007797,-0.10739932209253311,0.11726447194814682,0.1939832866191864,0.05871729925274849,0.04549897462129593,-0.04982166737318039,-0.9122942090034485,-0.21035464107990265,0.044739075005054474,-0.17579200863838196,0.19195079803466797,0.13484832644462585,-0.2857510447502136,0.06640152633190155,-0.09956364333629608,-0.06362505257129669,0.16056668758392334,0.3260783553123474,0.32382863759994507,-0.07523922622203827,0.2343694269657135,-0.1515413075685501,0.039158619940280914,0.07921251654624939,0.2107067108154297,0.6307428479194641,0.0592532642185688,0.12570595741271973,0.3078700006008148,-0.1480732262134552,-0.2888221740722656,0.02021735906600952,0.13479791581630707,-0.17742207646369934,-0.05307135730981827,0.17135955393314362,0.3873898983001709,0.8809747695922852,-0.25124695897102356,0.1463041752576828,0.29988449811935425,-0.09346149116754532,0.47379738092422485,0.109100840985775,-0.297565758228302,0.15999461710453033,0.02800700068473816,0.23725998401641846,-0.6947169303894043,-0.6173826456069946,0.3469935953617096,0.07482931017875671,0.32009655237197876,-0.09462855756282806,0.39788204431533813,0.20224043726921082,-0.11359526962041855,-0.15602006018161774,0.3695496916770935,0.10879100859165192,0.031713686883449554,-0.11510564386844635,0.03586335852742195,-0.1039227619767189,0.7877790331840515,0.20223787426948547,0.15211360156536102,-0.0112807871773839,-0.7399401068687439,0.07573533803224564,0.05584067106246948,-0.2799184322357178,0.012254302389919758,0.04194245859980583,-0.025933796539902687,0.2752149701118469,0.10434466600418091,0.06558159738779068,0.1310814768075943,0.05898601934313774,0.0857648253440857,-0.4916048049926758,-0.2655816376209259,-0.4577186703681946,-0.0712055191397667,-0.13573342561721802,0.06546230614185333,0.005728036165237427,0.009981351904571056,-0.00816132128238678,-0.29940810799598694,0.2720239758491516,-0.12483632564544678,0.5988833904266357,-0.4915950894355774,1.0036767721176147,0.16969510912895203,-0.6108655333518982,0.029942011460661888,-0.09925584495067596,-0.003553918097168207,-0.1507727950811386,0.20137052237987518,-0.26646703481674194,-0.1987217217683792,0.06061474233865738,-0.3934544324874878,0.1749436855316162,-0.17627279460430145,-0.14537812769412994,-0.2423129826784134,0.10959678888320923,-0.09568464756011963,-0.03445497900247574,0.09522374719381332,-0.20374567806720734,-0.04323088005185127,-0.3798382878303528,-0.3426875174045563,-0.13272090256214142,-0.5292638540267944,0.041049398481845856,-0.02832845412194729,0.1422041356563568,-0.03275775909423828,0.6903224587440491,0.4711381793022156,0.1510881930589676,0.029896855354309082,0.10171254724264145,-0.13665305078029633,0.14433562755584717,-0.39562052488327026,-0.01693272590637207,0.01182543020695448,-0.1606108844280243,-0.016648411750793457,-0.12616513669490814,-0.15398499369621277,0.08907157927751541,-0.15008606016635895,-0.11593706905841827,-0.003136360552161932,-0.07273857295513153,-0.11889661848545074,0.3322843611240387,0.35372141003608704,0.2515162229537964,0.23713858425617218,0.22227859497070312,0.06452051550149918,0.01595226302742958,-0.12028970569372177,0.9665390849113464,-0.533917248249054,0.15022282302379608,-0.3494669497013092,-0.11779745668172836,-0.3876464366912842,0.059246670454740524,-0.012134534306824207,-0.11684472858905792,0.011180889792740345,-0.09916655719280243,-0.29056650400161743,-0.7283400297164917,-0.4011635184288025,0.22484007477760315,0.23616139590740204,-0.01675190031528473,-0.43045610189437866,-0.12152693420648575,0.17391224205493927
CID000074989,542,0.5516119003295898,-0.13451430201530457,-0.024327903985977173,0.47205862402915955,-0.48270297050476074,0.3080574870109558,-0.04090427607297897,0.15728585422039032,-0.2169170379638672,0.3418671190738678,0.21337291598320007,-0.15470045804977417,-0.040726080536842346,0.24653320014476776,-0.06730525195598602,0.09592937678098679,-0.01429982203990221,-0.43812233209609985,-0.03018367663025856,-0.38908466696739197,-0.09450365602970123,0.01063933689147234,-0.26890477538108826,-0.9158617854118347,-0.08510152995586395,0.04804635047912598,-0.2965052127838135,0.1499677449464798,-0.02897057868540287,-0.03780112415552139,-0.2725524306297302,0.20991596579551697,-0.22032475471496582,-0.0694911926984787,-0.04053732380270958,0.06535190343856812,0.46665510535240173,-0.30115360021591187,0.11254389584064484,-0.4070770740509033,0.07709182798862457,-0.19055628776550293,-0.134634330868721,-0.3897314667701721,-0.12173421680927277,0.30890706181526184,0.14429987967014313,0.08409849554300308,0.46072402596473694,-0.07077588140964508,0.6771647930145264,0.09171458333730698,-0.09500919282436371,-0.10222156345844269,-0.0025794091634452343,-0.39691323041915894,0.4292675852775574,0.3326370120048523,0.2208261489868164,0.24867184460163116,-0.27425628900527954,-0.20007722079753876,-0.07045012712478638,0.04943225532770157,0.15623003244400024,0.8231972455978394,-0.10817354917526245,-0.17698153853416443,0.03745678439736366,-0.07488342374563217,0.3152375817298889,0.2306697815656662,0.19043473899364471,-0.4459243416786194,-0.5981159806251526,-0.19619527459144592,-0.20311526954174042,-0.11199536174535751,-0.3098450303077698,-0.36738449335098267,-0.255514919757843,-0.38879066705703735,-0.10841578245162964,-0.20043440163135529,0.10594402253627777,-0.01966855674982071,0.15807673335075378,-0.008764276280999184,0.049551188945770264,-1.0282994508743286,-0.04475504904985428,0.11109600216150284,-0.03619520738720894,0.13656370341777802,0.2589034140110016,-0.38616472482681274,-0.083910271525383,0.09397711604833603,-0.1578168421983719,0.23733532428741455,-0.0561087504029274,0.4305945932865143,-0.0865795761346817,0.34766656160354614,-0.18417224287986755,0.20612852275371552,0.2289404571056366,0.33662667870521545,0.5610431432723999,0.04526836425065994,-0.10604111105203629,0.3221735656261444,-0.33593234419822693,-0.07869868725538254,-0.26831451058387756,0.11293528974056244,-0.07462960481643677,-0.2989773154258728,0.06161988899111748,0.14419135451316833,0.7959626913070679,-0.11379053443670273,0.22457106411457062,0.15783624351024628,0.030726129189133644,0.2906847596168518,0.08242776244878769,-0.34447938203811646,0.30859071016311646,-0.09227469563484192,0.05872548371553421,-0.5031692981719971,-0.411959171295166,0.26644691824913025,0.00800609402358532,0.0035821895580738783,-0.4852657914161682,0.22499771416187286,-0.3268125653266907,-0.29571062326431274,-0.16375620663166046,0.36519116163253784,0.0986524224281311,-0.05367268994450569,-0.0759396180510521,0.13255299627780914,-0.09246174246072769,0.7424923181533813,0.21542000770568848,-0.05460549145936966,-0.1435023695230484,-0.49739670753479004,0.04773418977856636,0.26426130533218384,-0.3669353127479553,0.004971417598426342,-0.0047658649273216724,-0.02555849216878414,0.17788901925086975,0.26614198088645935,0.23081974685192108,-0.0603504404425621,0.016495229676365852,0.11545608937740326,-0.3680077791213989,-0.4340337812900543,-0.4066769480705261,-0.06444413959980011,-0.14754247665405273,0.3143673539161682,-0.09487062692642212,-0.2805041968822479,-0.014649471268057823,-0.39068156480789185,0.2184831202030182,-0.08364494889974594,0.45534977316856384,-0.6593457460403442,0.7769886255264282,-0.06973399221897125,-0.1926061511039734,-0.11040766537189484,-0.04026097431778908,-0.21422192454338074,-0.16347995400428772,0.550122082233429,-0.48011064529418945,-0.33107227087020874,0.007147996220737696,-0.3820379078388214,-0.07542859017848969,-0.10038912296295166,0.022411011159420013,0.16308939456939697,0.10014035552740097,-0.2499048262834549,-0.0186618659645319,0.1785312443971634,-0.21534323692321777,-0.1339099407196045,-0.45787519216537476,-0.34506717324256897,-0.22762882709503174,-0.6569450497627258,0.2061517983675003,0.03712115436792374,-0.008930522948503494,0.3611941933631897,0.8219420313835144,0.4816581606864929,0.20625822246074677,-0.14335322380065918,0.12375229597091675,0.08192327618598938,0.16700305044651031,-0.40818390250205994,-0.15362368524074554,-0.020279735326766968,-0.10787183046340942,-0.2257859706878662,0.012072429060935974,-0.1798660010099411,0.15297839045524597,-0.2935987114906311,-0.238821342587471,0.10701502859592438,0.0002380430669290945,-0.12700365483760834,0.08162743598222733,0.2864578068256378,0.1584382951259613,0.0826152116060257,0.11344525963068008,0.23882833123207092,0.09284445643424988,-0.292496919631958,0.6324417591094971,-0.3308122456073761,0.24697351455688477,-0.36331576108932495,0.05391588807106018,-0.5744985342025757,-0.2069014310836792,-0.04486101120710373,-0.15485656261444092,0.17810684442520142,-0.10680381953716278,0.04316719248890877,-0.5794541835784912,-0.4355950355529785,0.25254884362220764,0.1649859994649887,-0.03825661540031433,-0.3278656601905823,0.04023845121264458,0.2752125859260559
CID000004917,543,0.1454058438539505,0.25369903445243835,0.2280716449022293,0.16191962361335754,-0.23210830986499786,0.024502167478203773,0.49053955078125,0.5185534358024597,-0.05738111585378647,0.23559024930000305,0.3291608393192291,0.21314577758312225,0.13473516702651978,0.4054952561855316,-0.14775779843330383,0.0427500382065773,-0.12185601890087128,-0.12846235930919647,0.30209916830062866,-0.5515546798706055,0.2059900015592575,-0.15327195823192596,-0.06780605018138885,-0.7695475816726685,-0.1640482246875763,0.09835236519575119,-0.08080761134624481,-0.10430524498224258,-0.12100474536418915,0.2375626564025879,-0.12713919579982758,0.2451532781124115,-0.07776127755641937,0.08001502603292465,0.04840543121099472,-0.19323739409446716,0.052548132836818695,0.11747729778289795,0.1013050302863121,-0.21278364956378937,0.011814278550446033,-0.06132371351122856,0.10124720633029938,-0.2407410591840744,-0.10436411201953888,0.31346794962882996,-0.09796208143234253,0.04548568278551102,0.05280385538935661,-0.028539111837744713,0.37419241666793823,0.02496572770178318,-0.19674643874168396,-0.12341932952404022,0.4598160684108734,-0.22105470299720764,0.5421267747879028,0.2918531596660614,0.03696034848690033,0.11605266481637955,-0.39530855417251587,-0.3402268886566162,-0.14037403464317322,0.027023721486330032,0.18908114731311798,0.3277431130409241,-0.27726224064826965,-0.3900938034057617,0.0525478832423687,-0.06458444893360138,0.2392454892396927,0.3072761595249176,-0.43227607011795044,-0.40761932730674744,-0.310691773891449,0.1032998114824295,-0.047303490340709686,0.08893262594938278,-0.08590112626552582,-0.1530546247959137,0.4029427170753479,-0.4908909201622009,-0.3330470621585846,-0.16553448140621185,-0.15340891480445862,-0.2890937626361847,0.04386236518621445,0.43622344732284546,-0.022713126614689827,-0.5443611145019531,-0.1521448791027069,0.24117890000343323,-0.06055833026766777,-0.21469080448150635,0.10940766334533691,-0.27509939670562744,0.0597909614443779,-0.14872010052204132,0.31754666566848755,0.15025770664215088,0.0356387123465538,0.1649526059627533,0.058264803141355515,0.333122193813324,-0.09454109519720078,-0.045930296182632446,-0.3145134150981903,-0.07495516538619995,0.46200770139694214,0.14608000218868256,-0.2578764855861664,0.21901504695415497,-0.2693464159965515,-0.03973112255334854,-0.0023044035769999027,0.233068585395813,-0.04710196703672409,-0.07913008332252502,-0.10544268786907196,0.12373483180999756,0.5341235399246216,-0.1920575350522995,0.4974678158760071,0.16937145590782166,-0.22628362476825714,-0.031247073784470558,-0.005442872643470764,-0.07303024083375931,0.40215641260147095,-0.33931034803390503,0.2873006761074066,-0.39187029004096985,-0.29667752981185913,0.08840827643871307,0.4460640549659729,-0.21942122280597687,-0.08023082464933395,0.01312013529241085,-0.2287314236164093,-0.4601995050907135,-0.6869381666183472,0.48286014795303345,0.0568404421210289,-0.15562592446804047,0.07330451905727386,0.23812821507453918,-0.38708534836769104,0.2606450915336609,-0.19881227612495422,0.06787391006946564,0.042332280427217484,-0.20687785744667053,0.1605030596256256,0.10991513729095459,-0.10924267768859863,-0.09960122406482697,-0.0677313581109047,-0.18518897891044617,0.07114966958761215,0.2869085669517517,0.14834849536418915,-0.001560258911922574,0.05977883189916611,-0.16560713946819305,-0.1880432665348053,-0.1728704273700714,-0.35728901624679565,0.08336926996707916,0.12083368003368378,0.02537720277905464,-0.042730662971735,-0.19318732619285583,-0.26147595047950745,-0.14502468705177307,0.13800635933876038,-0.1119026318192482,0.07621937245130539,-0.34687304496765137,0.5579182505607605,0.011687839403748512,0.16295485198497772,-0.06935242563486099,-0.4512711465358734,-0.30895814299583435,-0.13635645806789398,0.2884713113307953,-0.2469560205936432,-0.18563953042030334,-0.10592063516378403,-0.3037804961204529,-0.029079129919409752,0.05673624202609062,0.36069101095199585,0.03717223182320595,0.2588876187801361,-0.3805830478668213,-0.08156128972768784,0.09676381945610046,-0.0060037849470973015,-0.21777412295341492,0.17295601963996887,-0.2967595160007477,0.0895906388759613,-0.49566522240638733,0.05652241036295891,-0.09559862315654755,-0.1208566203713417,0.21387401223182678,-0.015097072347998619,0.3536960184574127,0.4877604842185974,-0.19912603497505188,0.7127646207809448,0.29732757806777954,0.3525252938270569,-0.1926407366991043,-0.14898669719696045,0.10303886234760284,-0.018540196120738983,0.009173378348350525,-0.1821189820766449,0.17199383676052094,-0.10345623642206192,-0.16594530642032623,-0.11039936542510986,-0.022696781903505325,-0.35082346200942993,-0.2341393679380417,-0.017551159486174583,0.185861736536026,0.0014422968961298466,-0.005650652106851339,0.10984724760055542,0.04209499806165695,-0.3085485100746155,0.13776247203350067,0.3195570409297943,-0.1110013946890831,-0.08320853859186172,-0.13818928599357605,0.4184272885322571,-0.4527471959590912,0.037734877318143845,0.2594152092933655,-0.05041451007127762,-0.0358375683426857,0.11811771243810654,0.06106686592102051,-0.5350015163421631,-0.09883483499288559,0.5099889636039734,-0.36750417947769165,0.21283964812755585,-0.022921377792954445,0.1779790222644806,-0.004451268818229437
CID000024486,544,0.38100335001945496,-0.2292207032442093,-0.015062990598380566,0.24328553676605225,-0.5191096067428589,0.07787488400936127,0.3784688115119934,0.42335543036460876,0.07842274010181427,0.3167265057563782,-0.38295978307724,-0.3338559865951538,-0.22482240200042725,0.46279677748680115,-0.16074451804161072,0.008677306585013866,-0.016743356361985207,-0.2897492051124573,0.41104525327682495,-0.37267932295799255,0.028585126623511314,-0.3252508044242859,-0.09549275785684586,-0.4304572641849518,0.05189875513315201,0.13235731422901154,0.04259948059916496,-0.12428150326013565,0.20950675010681152,0.2003793716430664,-0.26119810342788696,0.2669700086116791,0.18174323439598083,0.3212379813194275,-0.21546895802021027,-0.065118208527565,0.19354388117790222,0.45320993661880493,0.14059612154960632,-0.17047491669654846,0.024432698264718056,-0.231411412358284,-0.1431657373905182,-0.07766757160425186,-0.2849395275115967,0.17075121402740479,-0.013939788565039635,-0.01654651015996933,0.04713386669754982,0.07311301678419113,0.3316750228404999,-0.35019469261169434,-0.3291913866996765,-0.002895991550758481,0.19600172340869904,-0.15433160960674286,0.2666451334953308,-0.05061331391334534,0.32749274373054504,-0.02288077399134636,-0.14357934892177582,-0.5107115507125854,-0.21871943771839142,-0.059887249022722244,0.09783942997455597,0.48064470291137695,-0.20237870514392853,-0.12223567813634872,0.5141695737838745,0.2784731686115265,-0.0431361086666584,0.06445259600877762,-0.4646857678890228,-0.3241139054298401,-0.10025183856487274,0.26223403215408325,-0.0047680409625172615,0.08880925178527832,0.0590408518910408,-0.07398086786270142,0.45112162828445435,-0.5132464170455933,-0.5408939719200134,0.45419707894325256,0.008003631606698036,-0.2684016823768616,0.04126042127609253,0.5186588764190674,0.22773513197898865,-0.5741337537765503,0.19898244738578796,0.17023374140262604,-0.18122638761997223,-0.09236463159322739,0.39558571577072144,-0.3872527480125427,-0.38104891777038574,-0.2315451204776764,0.08830653131008148,0.25722736120224,-0.026506271213293076,0.13748009502887726,0.04726751893758774,0.5277525782585144,0.3086758852005005,-0.03697489574551582,-0.06890102475881577,-0.16244368255138397,0.30009031295776367,-0.06670983880758286,-0.14140459895133972,0.19335302710533142,-0.24257245659828186,0.17880085110664368,-0.15913471579551697,0.2718818783760071,-0.09128745645284653,-0.36763641238212585,-0.21410436928272247,0.12793947756290436,0.496084600687027,-0.2835780680179596,0.20798921585083008,-0.07110993564128876,-0.12281011044979095,0.2584093511104584,0.0849156603217125,0.199099600315094,0.35962939262390137,0.2868594527244568,0.00039649903192184865,-0.5161380171775818,-0.251132607460022,-0.015014159493148327,0.21563300490379333,0.1609160304069519,0.049620531499385834,0.2976403534412384,0.26306289434432983,-0.1862749606370926,-0.2731488347053528,0.52629554271698,0.21485204994678497,-0.22882342338562012,-0.15281276404857635,0.17052850127220154,-0.4060851037502289,0.4683235287666321,0.05565313622355461,0.31839704513549805,0.023819221183657646,-0.07736480236053467,0.04953254386782646,0.07615691423416138,-0.19225165247917175,-0.37020811438560486,0.06905819475650787,-0.2975618541240692,0.3615458011627197,0.28427326679229736,-0.29031652212142944,-0.38853201270103455,0.11640127003192902,-0.00615659961476922,-0.06192854046821594,0.13465769588947296,0.012323898263275623,0.10486249625682831,-0.012317664921283722,0.24383342266082764,0.06892553716897964,-0.06424571573734283,-0.13700583577156067,-0.15706756711006165,-0.16455963253974915,-0.03935382515192032,0.03495786711573601,-0.29447469115257263,0.26567476987838745,0.3495163917541504,0.21309764683246613,-0.15976805984973907,-0.2278262823820114,-0.2500620484352112,0.4059324860572815,-0.04155992716550827,-0.20982427895069122,-0.009711794555187225,0.038307201117277145,-0.3792899250984192,0.14114609360694885,-0.1119016632437706,0.3906474709510803,-0.15058541297912598,0.11673782020807266,-0.027349520474672318,0.3788658082485199,-0.16990597546100616,0.11465872824192047,-0.11616168916225433,0.13731436431407928,-0.2801613509654999,0.25401127338409424,-0.20849230885505676,0.16536174714565277,-0.26715487241744995,0.06757189333438873,0.10049609839916229,0.02851204015314579,0.22948560118675232,0.6235721707344055,0.35680127143859863,0.3704407811164856,0.3941537141799927,0.28472352027893066,-0.3526964783668518,0.3227396607398987,0.029286270961165428,0.05009125545620918,0.38894161581993103,0.07715800404548645,-0.13661281764507294,0.26132336258888245,-0.4041166305541992,-0.38268235325813293,-0.20368242263793945,-0.05773283168673515,-0.31012439727783203,0.052918415516614914,0.1471613496541977,0.009161489084362984,0.0003886751946993172,0.4352075159549713,0.09609265625476837,-0.10125992447137833,0.31696757674217224,0.30957192182540894,-0.4085422456264496,0.11740487813949585,-0.259461909532547,0.22801551222801208,-0.846321702003479,-0.08076521009206772,0.6457794308662415,0.0037410191725939512,0.20375673472881317,0.23195771872997284,0.25176626443862915,-0.48400038480758667,-0.32086968421936035,0.31800299882888794,-0.2958067059516907,0.06217764690518379,-0.13819384574890137,-0.09323251247406006,-0.19398127496242523
CID000002541,545,0.13068696856498718,0.05316630005836487,0.22801795601844788,0.6016585230827332,-0.24644091725349426,0.07675615698099136,0.13523806631565094,0.185171440243721,0.04715887829661369,0.19451019167900085,-0.13311530649662018,-0.2146049290895462,-0.10215090215206146,0.3015691936016083,-0.07002967596054077,0.06291520595550537,-0.04661679267883301,-0.0676572173833847,-0.19375483691692352,-0.5030299425125122,-0.029397349804639816,-0.2639290988445282,0.13819268345832825,-0.8709162473678589,-0.34105437994003296,0.1148902028799057,-0.1011640653014183,-0.14195117354393005,-0.026424294337630272,0.008020696230232716,0.12219792604446411,0.18623784184455872,0.15416374802589417,0.05831797048449516,-0.08735532313585281,-0.12158219516277313,0.15441842377185822,0.4344920217990875,-0.19232118129730225,-0.33892717957496643,-0.11391542106866837,0.36110827326774597,0.12801246345043182,-0.08724912256002426,-0.12762251496315002,0.273919016122818,-0.04294910281896591,-0.1827293485403061,0.0727771520614624,0.19434787333011627,0.48636579513549805,-0.12127836048603058,-0.4318680763244629,0.16546450555324554,0.013253879733383656,0.03085346892476082,-0.10088175535202026,0.10672836005687714,0.1831243932247162,-0.05217616632580757,-0.08240094035863876,-0.3562276363372803,0.06649617850780487,-0.028651323169469833,0.3357768654823303,0.2689046561717987,-0.3121263384819031,-0.01600605808198452,0.028514906764030457,0.2854454815387726,0.12222745269536972,-0.02523338794708252,-0.41739922761917114,-0.12135471403598785,-0.1264079064130783,-0.0018578767776489258,0.12756498157978058,0.07679998874664307,0.002599734114482999,0.1279788613319397,0.560122013092041,-0.3670156002044678,-0.3777981400489807,-0.21745547652244568,0.02973436936736107,0.14209410548210144,-0.010227439925074577,0.20785824954509735,0.08072138577699661,-0.5924829840660095,-0.12714114785194397,0.12427306175231934,-0.1709962636232376,0.29201117157936096,-0.38795846700668335,-0.1901746392250061,0.03912734240293503,-0.09600597620010376,0.2519449293613434,0.10036756098270416,0.14383253455162048,0.17783388495445251,-0.008173366077244282,0.33334246277809143,-0.005494040437042713,-0.03861283138394356,-0.1336643397808075,0.2894369065761566,0.49931469559669495,-0.19118238985538483,0.11782411485910416,0.15918171405792236,-0.1306488960981369,-0.07665704935789108,0.1104126125574112,0.18508806824684143,-0.07883470505475998,0.2804885506629944,-0.178273543715477,0.3348654806613922,0.615321159362793,-0.17076905071735382,0.2073809802532196,0.18470577895641327,-0.13778679072856903,0.40600213408470154,0.07469350099563599,0.005494652781635523,0.2210516631603241,0.06590180099010468,0.19537410140037537,-0.4841793477535248,-0.43352508544921875,0.21983103454113007,0.30861058831214905,0.3721983730792999,0.1761302500963211,-0.02841096557676792,0.19216573238372803,-0.1771824210882187,-0.1981513500213623,0.3285990059375763,0.21428044140338898,-0.07220882922410965,0.11226347833871841,0.2431519329547882,-0.18411847949028015,0.3721018433570862,0.015267038717865944,0.40979939699172974,0.1830643117427826,-0.41752272844314575,0.05261223390698433,0.2078721523284912,-0.16745898127555847,-0.3712422251701355,0.12336046993732452,-0.18647149205207825,-0.2341858595609665,0.1235584244132042,-0.24069753289222717,0.05360934138298035,-0.02435876801609993,0.2743569016456604,-0.19247499108314514,0.30417558550834656,-0.3448340892791748,0.2523563504219055,0.049471937119960785,-0.08277757465839386,0.11379732936620712,-0.07838169485330582,-0.10598695278167725,-0.2555980682373047,0.3014267683029175,-0.12339119613170624,0.21130648255348206,-0.09056313335895538,0.7382155060768127,0.08617545664310455,-0.44368401169776917,0.13980694115161896,-0.23254159092903137,-0.06780651211738586,0.31415680050849915,-0.129334956407547,-0.21478977799415588,0.16241291165351868,0.17927686870098114,-0.43615636229515076,0.1316739171743393,-0.053233467042446136,-0.12334482371807098,-0.47194376587867737,0.18414199352264404,0.018358509987592697,0.007842391729354858,-0.31452736258506775,-0.039408497512340546,-0.15159234404563904,0.2120366096496582,-0.2426135092973709,-0.10305006802082062,-0.45806884765625,-0.018064703792333603,-0.26297569274902344,0.18338681757450104,-0.16400519013404846,-0.11167903989553452,0.5492734313011169,0.3165540397167206,-0.2130548059940338,0.28650662302970886,-0.08430801331996918,0.09269126504659653,-0.2580001652240753,0.15354584157466888,0.29980793595314026,0.008933191187679768,-0.03653239831328392,-0.1251642405986786,-0.2623419761657715,-0.40241551399230957,-0.24351246654987335,-0.018209317699074745,-0.11910612881183624,-0.09458364546298981,-0.15034571290016174,0.12098433077335358,-0.025839824229478836,-0.06700511276721954,0.45515093207359314,0.2318752557039261,0.003849935485050082,0.0440555214881897,-0.24799153208732605,0.6639344692230225,-0.5264259576797485,0.01990360952913761,-0.17920640110969543,0.1809500902891159,-0.4869707226753235,0.04238525778055191,0.03570512682199478,-0.024718821048736572,-0.29152244329452515,0.1458481252193451,-0.23051342368125916,-0.5870486497879028,-0.22690968215465546,0.21696314215660095,-0.1262677013874054,-0.04136365279555321,-0.4648064970970154,0.005209422204643488,-0.265759140253067
CID000148211,548,0.029252205044031143,0.07259838283061981,0.02358686923980713,0.48679620027542114,-0.24901290237903595,0.046499766409397125,0.15952405333518982,0.1666843742132187,0.07678192853927612,0.151066392660141,0.2098732739686966,0.03181429207324982,-0.21551910042762756,0.20366621017456055,-0.10986833274364471,-0.12026380002498627,-0.07760851085186005,-0.19516228139400482,0.07663227617740631,-0.747785747051239,0.02145383134484291,-0.22242847084999084,-0.08208519220352173,-0.8581156730651855,0.013042280450463295,0.17942261695861816,0.030016779899597168,0.16059528291225433,-0.05144379660487175,0.2468837946653366,-0.09405609965324402,0.19334715604782104,-0.5148629546165466,0.04603073000907898,0.08379407227039337,0.1575920581817627,0.06530457735061646,-0.0081923957914114,0.36307239532470703,-0.18489770591259003,0.076117143034935,-0.3128349781036377,0.26286259293556213,-0.4709562659263611,-0.1578042060136795,0.43786948919296265,-0.15187224745750427,0.058762602508068085,-0.11565747112035751,-0.18200254440307617,0.39681023359298706,-0.10943196713924408,-0.16564208269119263,-0.35415685176849365,0.12510429322719574,-0.09761087596416473,0.10387621819972992,0.16374088823795319,-0.057055674493312836,0.06597612798213959,-0.37002167105674744,-0.25272732973098755,0.28169989585876465,-0.13259240984916687,0.06169753149151802,0.5877857804298401,-0.306377112865448,-0.1429976224899292,0.08485426753759384,-0.09305465221405029,-0.09728946536779404,0.37882447242736816,-0.3371272683143616,-0.19738870859146118,-0.49693918228149414,-0.04481220990419388,-0.06380107998847961,0.10676213353872299,-0.07696590572595596,0.12195874750614166,0.24392357468605042,-0.45486775040626526,-0.30194005370140076,-0.33532652258872986,0.14718285202980042,-0.15860584378242493,0.23497946560382843,0.4301004409790039,0.24925193190574646,-0.8548752665519714,-0.10237804800271988,0.20621080696582794,-0.030953168869018555,-0.11904747784137726,0.055004365742206573,-0.21509571373462677,0.25974613428115845,-0.3345295488834381,-0.08318042010068893,-0.026875466108322144,-0.1802787333726883,0.07550021260976791,-0.1028013601899147,0.20533648133277893,-0.3277283310890198,0.10533253848552704,0.2773907482624054,0.1797332465648651,0.479072242975235,0.14695151150226593,-0.1582336723804474,0.26922887563705444,-0.1565263420343399,-0.03064674697816372,0.11653373390436172,0.27703168988227844,-0.09554576128721237,-0.18512603640556335,-0.1689247190952301,0.15074582397937775,0.6537968516349792,-0.2659834623336792,0.2891557812690735,0.2130287140607834,0.16561457514762878,-0.19142259657382965,0.18877772986888885,-0.01576206088066101,0.4069920480251312,-0.1374666392803192,-0.09029778838157654,-0.38088423013687134,-0.05862714722752571,0.009419703856110573,0.21888574957847595,0.043266285210847855,0.0018047571647912264,0.13125935196876526,-0.08779497444629669,-0.187590554356575,-0.2869873642921448,-0.06432607024908066,0.01226937584578991,-0.176054909825325,0.01438711304217577,0.2615363895893097,-0.36537858843803406,0.4401708245277405,0.03733377531170845,0.24887342751026154,0.08063043653964996,-0.4579738676548004,-0.18485775589942932,0.13092739880084991,-0.08414183557033539,0.1364479511976242,0.1750631034374237,-0.030643079429864883,-0.09495338052511215,0.3707122206687927,0.5751856565475464,-0.06997756659984589,-0.07292558997869492,0.3506108224391937,-0.12574896216392517,-0.15067529678344727,-0.3428867757320404,0.05681147426366806,0.04458102211356163,0.3422178626060486,0.1322421431541443,-0.25775712728500366,-0.15813758969306946,-0.4544798731803894,0.07152684032917023,-0.11580369621515274,0.11160854995250702,-0.3704219460487366,0.3652341961860657,-0.007461979985237122,0.1079103946685791,-0.06514157354831696,-0.29448896646499634,-0.15746058523654938,0.19983704388141632,-0.05492187291383743,-0.5175812840461731,-0.10063356161117554,-0.03986828774213791,-0.2997501492500305,-0.5182764530181885,0.30701786279678345,0.1628979593515396,0.046361904591321945,0.23214229941368103,-0.1636221706867218,-0.060054950416088104,0.0706617683172226,0.06073664501309395,-0.017371850088238716,-0.09439451992511749,-0.19377578794956207,-0.09800128638744354,-0.5971012711524963,0.0550074465572834,-0.07505735009908676,0.1586015522480011,-0.15821930766105652,0.020682290196418762,0.5919264554977417,0.35250577330589294,-0.3473169207572937,0.4293902516365051,0.06382589042186737,0.32841411232948303,-0.10879264771938324,0.10276709496974945,0.3612344264984131,0.007896607741713524,0.027285849675536156,-0.13842207193374634,0.14255377650260925,0.24117246270179749,-0.2691328823566437,0.31183889508247375,-0.19080491364002228,0.15390026569366455,-0.5355851054191589,0.05681613087654114,0.01716991327702999,-0.1380750834941864,0.21764644980430603,0.07609736174345016,0.02078579179942608,0.1825520098209381,-0.10395727306604385,0.25169819593429565,-0.06669832766056061,0.18798790872097015,-0.16397427022457123,0.10722168534994125,-0.5439876317977905,0.03853156417608261,0.06001000478863716,-0.28010067343711853,-0.04287751764059067,0.08665312826633453,0.1334953010082245,-0.5686755180358887,-0.15394973754882812,0.36163562536239624,-0.02464517578482628,-0.14324413239955902,0.1627913862466812,0.0741589218378067,0.19670811295509338
CID000003648,549,0.16377614438533783,0.2672266960144043,0.1114887148141861,0.3393159806728363,-0.37478891015052795,-0.007802492473274469,0.39912229776382446,0.514965295791626,-0.09854284673929214,0.19733233749866486,-0.2358885109424591,0.1498335599899292,0.1789734959602356,0.26166045665740967,-0.3873068392276764,0.0625152438879013,0.03759755194187164,0.09642079472541809,0.09382148087024689,-0.571374773979187,-0.006320266518741846,-0.28671303391456604,-0.08876581490039825,-0.7974902391433716,0.11454270780086517,0.37017959356307983,0.10545597970485687,0.1415710747241974,0.026617130264639854,0.07682952284812927,-0.2682031989097595,0.2458643913269043,0.019521474838256836,-0.1608852744102478,0.08903289586305618,-0.04762249439954758,0.15095122158527374,0.2548324465751648,0.05491179972887039,-0.08489768207073212,-0.11710753291845322,-0.18464991450309753,0.08863754570484161,-0.4464960992336273,-0.1422383338212967,0.20084252953529358,-0.1879952847957611,-0.05748309940099716,-0.018929947167634964,0.03451107069849968,0.5612223744392395,-0.07836302369832993,-0.08499844372272491,0.0019957958720624447,0.12224392592906952,-0.41193604469299316,0.4341541826725006,0.32516658306121826,0.12559391558170319,0.16444382071495056,-0.2595016062259674,-0.3897404372692108,-0.03278972953557968,-0.05434223264455795,-0.027861829847097397,0.4280582368373871,-0.2993639409542084,-0.16853471100330353,-0.07970122992992401,-0.16697673499584198,-0.04083142802119255,0.004305181093513966,0.011650443077087402,-0.3913612961769104,-0.2830030024051666,0.19390247762203217,-0.0040894970297813416,0.05265530198812485,-0.10342258214950562,0.19004487991333008,0.29742932319641113,-0.3422347903251648,-0.22727687656879425,0.1305713802576065,-0.27646782994270325,-0.19409480690956116,0.24499154090881348,0.045498382300138474,-0.2613033056259155,-0.5488256812095642,0.04652751609683037,0.07896911352872849,0.13214780390262604,-0.04067697376012802,-0.13742253184318542,-0.33949559926986694,0.32698291540145874,-0.04628489166498184,0.1116131991147995,0.2242887318134308,0.4456869065761566,0.10624221712350845,0.04411541670560837,0.4536990523338318,-0.03839976713061333,-0.03984317556023598,-0.566389799118042,-0.15134494006633759,0.5876821875572205,0.13277706503868103,0.03420787304639816,0.3519846498966217,0.13101378083229065,-0.12888285517692566,-0.23633241653442383,0.23492702841758728,0.016879852861166,0.1982058584690094,0.04759041592478752,0.48042458295822144,0.7801032066345215,-0.26680925488471985,0.3627548813819885,0.036817312240600586,-0.056315429508686066,0.22398118674755096,-0.08835144340991974,-0.12290585041046143,0.3247535824775696,-0.25585609674453735,0.1659732162952423,-0.5168113112449646,-0.4676853120326996,-0.044410306960344315,0.349263459444046,-0.07902687788009644,0.0319913811981678,0.15070198476314545,0.08467072248458862,-0.5461892485618591,-0.5258814692497253,0.30587130784988403,0.5025709867477417,0.027245527133345604,-0.008643249049782753,0.5256998538970947,-0.12760958075523376,0.29931777715682983,0.08320224285125732,-0.1313704401254654,-0.0032342553604394197,-0.32350048422813416,-0.18507444858551025,-0.07070045918226242,0.001566940569318831,0.2380605936050415,0.1027081161737442,-0.2336210012435913,0.2831851541996002,0.03169766813516617,0.019423890858888626,0.02456636354327202,-0.015190929174423218,0.03882812708616257,-0.21013443171977997,0.11236019432544708,-0.17142312228679657,0.5203366875648499,0.0763220340013504,0.15111710131168365,0.033432163298130035,-0.3981763422489166,-0.26569241285324097,-0.21258191764354706,-0.03511101007461548,-0.0891958698630333,0.0610143318772316,-0.33492711186408997,0.5689435005187988,0.15207460522651672,0.19102945923805237,-0.08949054032564163,-0.1387084573507309,-0.4210732579231262,-0.1642509400844574,0.24359790980815887,-0.17482121288776398,-0.14280857145786285,-0.29445090889930725,-0.3376079499721527,-0.05126945301890373,0.08844321221113205,0.0515875518321991,-0.3507397770881653,0.2541896104812622,-0.03203894570469856,-0.0871548056602478,0.12039422988891602,0.030472571030259132,0.04412030056118965,-0.2577058672904968,-0.4946684241294861,-0.010408532805740833,-0.39184772968292236,-0.022550320252776146,-0.011747670359909534,-0.007254401687532663,-0.2617879807949066,0.2810329496860504,0.4908103048801422,0.23957106471061707,0.12684735655784607,0.5146426558494568,0.28245633840560913,0.36134010553359985,-1.0819833278656006,-0.021259170025587082,0.3405382037162781,0.18488392233848572,0.17376258969306946,-0.04887828975915909,0.17038364708423615,0.00664352485910058,-0.2887001037597656,0.16310489177703857,-0.17768874764442444,-0.014405411668121815,-0.5919893980026245,0.301126092672348,-0.006927719805389643,-0.036627378314733505,0.1316131353378296,0.15398678183555603,0.096790611743927,-0.537460207939148,0.1287769377231598,0.488307386636734,-0.22286391258239746,0.045093316584825516,-0.4664746820926666,-0.3288479447364807,-0.33849602937698364,-0.2610132694244385,0.3416343331336975,-0.04270095378160477,-0.2624301314353943,0.005250399000942707,-0.5462490916252136,-0.6536166667938232,-0.14872440695762634,0.43458452820777893,-0.40551504492759705,0.11661336570978165,-0.1270636022090912,-0.0058266459964215755,-0.15075287222862244
CID000003825,552,0.28167885541915894,-0.032344378530979156,0.15573354065418243,0.4088307321071625,-0.3866036832332611,0.09095685929059982,0.1376345455646515,0.12161010503768921,-0.10939174890518188,0.22633787989616394,0.01225136499851942,0.13499824702739716,-0.03410154581069946,-0.06468702852725983,-0.2081066071987152,-0.005304485559463501,-0.07620485126972198,-0.1173749566078186,0.13570895791053772,-0.4451447129249573,-0.08625512570142746,-0.32269221544265747,0.17367270588874817,-0.7195934057235718,-0.034177519381046295,0.07053716480731964,-0.17919835448265076,-0.04818597063422203,0.017013346776366234,0.0420156829059124,-0.04186008870601654,0.2934587895870209,0.03556545823812485,0.07698680460453033,0.04403991624712944,0.05029395967721939,0.13928979635238647,0.024837676435709,0.21891185641288757,-0.04091037064790726,-0.04692155867815018,-0.23693323135375977,0.014887993223965168,-0.27092042565345764,-0.24677009880542755,0.37119385600090027,0.08610044419765472,-0.033525340259075165,0.1466432362794876,0.06768377125263214,0.3133211135864258,0.03581174463033676,-0.23077890276908875,0.09422044456005096,0.14680716395378113,-0.2217644900083542,0.01483258605003357,0.13671353459358215,-0.03689517080783844,0.23982509970664978,-0.27158159017562866,-0.32949578762054443,-0.084652379155159,-0.2578010857105255,0.0972730964422226,0.249209925532341,-0.17546650767326355,-0.09176118671894073,0.21179413795471191,0.22740444540977478,0.1692407876253128,0.05711406469345093,-0.4236374795436859,-0.41137629747390747,-0.14552469551563263,0.07341411709785461,0.054229140281677246,-0.11538956314325333,0.12771520018577576,-0.12331856787204742,0.05054304748773575,-0.6537207365036011,-0.3008064329624176,0.09014450758695602,0.033454377204179764,0.04646220803260803,0.22890456020832062,0.09305067360401154,0.19911666214466095,-0.5983573198318481,-0.09844698011875153,0.2051696479320526,0.018165135756134987,-0.06418275833129883,0.049093879759311676,-0.24663904309272766,-0.192023366689682,-0.09596800059080124,0.060861267149448395,0.3305504620075226,-0.14713354408740997,0.08417277783155441,-0.12250916659832001,0.34544795751571655,0.1833982765674591,-0.041358582675457,0.10497736930847168,0.1226864606142044,0.41867703199386597,-0.13285675644874573,-0.06474018096923828,0.12145312130451202,-0.11029060184955597,-0.07732342928647995,-0.15603196620941162,0.26322630047798157,-0.14395758509635925,-0.22940802574157715,-0.04278931766748428,0.09389617294073105,0.604793131351471,-0.1181248277425766,0.23560793697834015,0.062231410294771194,0.08631651103496552,0.09205617010593414,0.00023818909539841115,0.025102179497480392,0.12922842800617218,-0.039299946278333664,0.23924601078033447,-0.5318980813026428,-0.3065045177936554,0.1597345918416977,0.15415437519550323,-0.033029187470674515,-0.08593343198299408,0.08800230920314789,0.12318751960992813,-0.16663919389247894,-0.30044856667518616,-0.08089186251163483,0.006335926242172718,-0.14329186081886292,-0.08828625082969666,0.17392630875110626,0.03496494144201279,0.40781694650650024,0.046875305473804474,0.14210356771945953,0.10798454284667969,-0.3740169405937195,0.04359322041273117,0.36690858006477356,-0.37726786732673645,0.068926140666008,-0.11204363405704498,-0.12026743590831757,0.004807144403457642,0.24872136116027832,-0.10882595926523209,-0.03704123944044113,-0.045481979846954346,0.3600612282752991,-0.10997073352336884,0.031047498807311058,-0.18085244297981262,0.34350356459617615,0.18823906779289246,0.35129451751708984,-0.05494743585586548,-0.21753959357738495,-0.26274827122688293,-0.3162749409675598,-0.005059197545051575,-0.052305806428194046,0.26547935605049133,-0.19071897864341736,0.284446656703949,-0.07201578468084335,0.2632024586200714,0.23290753364562988,-0.10709486901760101,-0.2176193743944168,0.14364905655384064,0.11046922206878662,-0.03938649222254753,-0.3142251968383789,-0.17360389232635498,-0.2327963411808014,-0.0605652816593647,0.1701820194721222,0.31958165764808655,-0.08620735257863998,0.06613865494728088,-0.1520908772945404,0.13840563595294952,-0.08586455881595612,-0.08822928369045258,0.020097041502594948,-0.0028090476989746094,-0.3678477704524994,0.012736851349473,-0.24499301612377167,-0.01933753676712513,-0.028361570090055466,-0.02614745870232582,0.13448092341423035,-0.032597243785858154,0.43745818734169006,0.3106215000152588,0.1444442868232727,0.3688822388648987,0.17185945808887482,0.07933329045772552,-0.2649196684360504,-0.026072895154356956,0.2687991261482239,0.08268799632787704,0.0009072959655895829,0.05805734544992447,0.09506593644618988,0.14229151606559753,-0.29311779141426086,0.04725160449743271,-0.20600557327270508,-0.16557852923870087,0.03154293820261955,0.008465948514640331,-0.0681995376944542,-0.011850166134536266,0.11447139829397202,0.24168987572193146,0.05505512282252312,0.06165216118097305,-0.04454147815704346,0.46386438608169556,-0.33170145750045776,0.038070932030677795,-0.13062572479248047,0.2579854726791382,-0.318986713886261,-0.19690902531147003,0.38795343041419983,-0.2515895366668701,0.10229625552892685,0.14198830723762512,0.2114066630601883,-0.6804804801940918,-0.05355670303106308,0.23021116852760315,-0.28289133310317993,-0.041068654507398605,-0.2158924788236618,-0.006537905428558588,-0.013262748718261719
CID000002487,555,0.1666058450937271,0.15133635699748993,0.06855287402868271,0.5017483830451965,-0.30877822637557983,-0.009367384016513824,0.32352492213249207,0.6373404860496521,-0.3099268078804016,0.07083747535943985,0.11566045135259628,0.18790245056152344,0.05130947381258011,0.3716808259487152,-0.2635957598686218,-0.04701199010014534,0.20004577934741974,-0.012163089588284492,0.25155532360076904,-0.7431325912475586,0.09590393304824829,-0.28428906202316284,0.014817068353295326,-0.9445192217826843,0.22682642936706543,0.36365363001823425,0.1370110809803009,0.10083349049091339,0.07438361644744873,0.1134648323059082,-0.25134769082069397,0.15200653672218323,-0.11637493222951889,-0.08165602385997772,0.16608195006847382,-0.20792782306671143,0.1146635189652443,0.2371988296508789,0.08727120608091354,0.13323208689689636,-0.07528406381607056,-0.18615858256816864,0.023268138989806175,-0.5036278963088989,-0.2908669114112854,0.24855013191699982,-0.11787964403629303,-0.06279163062572479,0.09246008098125458,0.04318553954362869,0.6965118646621704,0.030509013682603836,0.01198545377701521,0.17605623602867126,0.20788249373435974,-0.28751832246780396,0.6474796533584595,0.36683788895606995,0.023846544325351715,0.31622523069381714,-0.3486151397228241,-0.38117751479148865,-0.09733208268880844,0.032719336450099945,-0.045212551951408386,0.6153231859207153,-0.33325108885765076,-0.09895166754722595,-0.07663000375032425,0.029858898371458054,0.008167726919054985,-0.07199134677648544,-0.06141842529177666,-0.3138207495212555,-0.3702138364315033,0.2313559353351593,-0.0657029002904892,0.027628218755126,-0.13447363674640656,0.39524683356285095,0.20295318961143494,-0.4007711410522461,-0.26866817474365234,0.13356824219226837,-0.32522469758987427,-0.10842009633779526,0.1846107393503189,0.0652146115899086,-0.4392833113670349,-0.7355257272720337,-0.198190376162529,0.047566886991262436,0.12556898593902588,0.044507257640361786,-0.2353769987821579,-0.4633616507053375,0.5078741312026978,0.1986011564731598,-0.2750805616378784,0.24631237983703613,0.6606001257896423,0.23783192038536072,-0.0667790099978447,0.6272239685058594,-0.22461001574993134,0.0300657507032156,-0.6077696084976196,-0.032784510403871536,0.7447559237480164,0.19426973164081573,-0.032074593007564545,0.28737157583236694,0.00385557790286839,-0.14007380604743958,-0.03404771164059639,0.08540888875722885,0.18841105699539185,0.2110057771205902,-0.07586334645748138,0.28056395053863525,0.683679461479187,-0.36505362391471863,0.4764742851257324,-0.07584105432033539,-0.03369922563433647,0.19128523766994476,-0.18631260097026825,-0.010004162788391113,0.37971997261047363,-0.11598415672779083,0.23276379704475403,-0.5115909576416016,-0.5026978850364685,-0.08268082141876221,0.25996941328048706,-0.17907708883285522,-0.10505034774541855,0.06732447445392609,-0.02681034244596958,-0.6250557899475098,-0.4769670069217682,0.4288221001625061,0.40634840726852417,0.11451957374811172,0.013384303078055382,0.4765844941139221,-0.2558501362800598,0.4887547492980957,0.004575549624860287,-0.023386672139167786,-0.03089066967368126,-0.3385147452354431,-0.35383954644203186,0.04614301770925522,-0.05137786269187927,0.10985090583562851,0.09904833137989044,-0.3472196161746979,0.2243586778640747,-0.1068253368139267,0.03895819932222366,-0.0587984137237072,-0.09976720809936523,-0.11703430116176605,-0.2054274082183838,0.037773631513118744,-0.10782183706760406,0.5582969188690186,-0.19324299693107605,0.08534426987171173,0.2799440622329712,-0.34072718024253845,-0.2129366099834442,-0.17423728108406067,0.07596220821142197,-0.07231578975915909,0.1333986222743988,-0.40790849924087524,0.6778408288955688,0.14363431930541992,0.23457594215869904,0.0236223004758358,-0.3775486648082733,-0.3395724296569824,-0.12259884178638458,0.2380398064851761,-0.3987475037574768,-0.253352552652359,-0.24555177986621857,-0.35618871450424194,-0.2645876109600067,-0.06488870084285736,0.05597590655088425,-0.39220646023750305,0.19315853714942932,-0.03627282753586769,-0.1287485659122467,-0.06447888910770416,0.09179846942424774,0.23418644070625305,-0.1526907980442047,-0.43261995911598206,0.02524709701538086,-0.2711254060268402,0.09441717714071274,0.11672581732273102,-0.08932719379663467,-0.559463381767273,0.31687453389167786,0.4780550003051758,0.2108558714389801,0.05313976854085922,0.5016634464263916,0.28742876648902893,0.43553557991981506,-1.1585108041763306,-0.23805609345436096,0.37392657995224,0.2483091652393341,0.17195625603199005,-0.09760633111000061,0.07047604024410248,-0.049910612404346466,-0.3322816491127014,0.24653032422065735,0.02907812036573887,0.0840291827917099,-0.6580570936203003,0.3691422939300537,0.21261253952980042,0.04467962309718132,0.15258121490478516,0.06921736896038055,0.01964467763900757,-0.7452710866928101,0.06157631799578667,0.49761325120925903,-0.25728845596313477,0.1064363569021225,-0.3639640212059021,-0.23524072766304016,-0.601449191570282,0.004584610462188721,0.3879382610321045,0.04090781509876251,-0.3930937349796295,-0.077308289706707,-0.4674217700958252,-0.766207218170166,-0.17637863755226135,0.4510093629360199,-0.45747724175453186,0.04317173361778259,-0.09046567231416702,0.10045810043811798,-0.0880480408668518
CID000003393,558,0.20692019164562225,-0.048966098576784134,0.20921525359153748,0.13425512611865997,-0.27582937479019165,0.24535608291625977,0.19323286414146423,0.5179373621940613,-0.02407047338783741,0.1331159472465515,0.1623576432466507,0.24525392055511475,-0.025974804535508156,0.12168854475021362,-0.20291928946971893,-0.22770054638385773,-0.16907458007335663,0.013590116985142231,0.01758493110537529,-0.4315549433231354,0.16505441069602966,-0.26560336351394653,-0.031495317816734314,-0.7491278052330017,-0.1479862779378891,0.21152035892009735,-0.12510530650615692,-0.10224203765392303,-0.09496478736400604,0.4209772050380707,-0.12298858165740967,0.2579079270362854,-0.19009393453598022,-0.14698238670825958,0.09173906594514847,0.21096357703208923,0.20422868430614471,0.09196648001670837,0.1663588583469391,-0.18417182564735413,-0.06602692604064941,-0.26428335905075073,-0.0252499021589756,-0.0976557731628418,-0.32605573534965515,0.459742933511734,-0.03760036826133728,0.060463596135377884,-0.016538774594664574,0.04432457312941551,0.2164715826511383,-0.023732105270028114,-0.287806898355484,-0.14044609665870667,0.42921456694602966,-0.09790179878473282,0.13893330097198486,0.2768109440803528,-0.04000191390514374,-0.01437387429177761,-0.3298571705818176,-0.5391502380371094,-0.07174830138683319,-0.2787654995918274,0.26332178711891174,0.5549806952476501,-0.1773049533367157,-0.1145925298333168,0.18374720215797424,0.1826981008052826,-0.1662147343158722,0.12000419944524765,-0.43882670998573303,-0.4306468963623047,-0.5790168046951294,-0.10313520580530167,0.03189755976200104,-0.008027938194572926,0.030911847949028015,-0.017760466784238815,0.2624722421169281,-0.3410769999027252,-0.3268628716468811,0.3104817271232605,-0.048846177756786346,-0.2972787022590637,0.3412991762161255,0.011482393369078636,-0.020667068660259247,-0.5730531811714172,-0.04267778992652893,0.34415683150291443,-0.014106735587120056,0.03788261115550995,-0.13917143642902374,-0.35072383284568787,-0.1871260702610016,-0.06026426702737808,0.03152047470211983,0.21459265053272247,-0.2977811098098755,-0.01221700944006443,-0.07028035819530487,0.4509504437446594,0.12089402973651886,0.167893186211586,-0.0796915665268898,-0.03181813284754753,0.3809455633163452,0.06129578873515129,-0.03567313775420189,-0.024076765403151512,-0.11201073229312897,-0.009724199771881104,-0.2431076467037201,0.18955448269844055,-0.0541095957159996,-0.10591177642345428,-0.20301000773906708,0.2837638258934021,0.4233255982398987,-0.12954850494861603,0.4956277012825012,0.4040914475917816,0.15087297558784485,0.2651950716972351,-0.07504506409168243,0.005198946688324213,0.3201930522918701,0.10891250520944595,0.2328474074602127,-0.4685463011264801,-0.4072141647338867,0.29675382375717163,0.15120157599449158,-0.12606799602508545,0.07736091315746307,0.2191624939441681,-0.20241093635559082,-0.40292471647262573,-0.33137643337249756,0.26655814051628113,0.2453334778547287,-0.22823461890220642,-0.009561926126480103,0.12739746272563934,-0.052415408194065094,0.24851414561271667,-0.11790037155151367,0.08571673929691315,-0.02894480526447296,-0.14191323518753052,0.04238881543278694,0.03155890852212906,-0.15337707102298737,-0.17438873648643494,0.01004845555871725,-0.5317602157592773,0.07538415491580963,0.29455646872520447,0.05385502427816391,0.1727416217327118,-0.033456865698099136,0.15445907413959503,-0.1294008493423462,0.0707828551530838,-0.3512881398200989,0.31607502698898315,0.11398853361606598,0.25509554147720337,0.04213004559278488,-0.2510128319263458,-0.43384355306625366,-0.3005977272987366,0.11237050592899323,-0.023643476888537407,0.06894395500421524,-0.2174532115459442,0.4670007824897766,-0.043520860373973846,-0.035224102437496185,-0.19193795323371887,-0.4841367304325104,-0.11335499584674835,-0.02833445370197296,0.1551733762025833,-0.20069627463817596,0.04739928990602493,-0.11328945308923721,-0.5347522497177124,-0.015794336795806885,0.24321547150611877,0.2786622643470764,0.039327580481767654,0.045855388045310974,-0.2939907908439636,0.22463342547416687,-0.2759554088115692,0.3239489197731018,-0.21416425704956055,0.25409364700317383,-0.36767578125,-0.06942190229892731,-0.4955207407474518,0.11549820750951767,-0.05394227057695389,-0.03919513523578644,-0.022757351398468018,0.008096149191260338,0.2931744456291199,0.27460554242134094,0.28831738233566284,0.32922425866127014,0.45260149240493774,0.05180777236819267,-0.5253718495368958,0.0857497975230217,0.07256606966257095,0.013469723053276539,-0.2883855402469635,0.02761520817875862,0.022464286535978317,-0.046077173203229904,-0.39922094345092773,-0.22857896983623505,-0.05446219444274902,-0.05293433740735054,-0.20619678497314453,-0.25096428394317627,0.09392786771059036,-0.047197483479976654,-0.036249544471502304,0.24924512207508087,0.029088551178574562,-0.08581545203924179,0.11547912657260895,0.1418595016002655,-0.1689450889825821,0.05508597940206528,0.041808269917964935,0.1504722535610199,-0.5055462121963501,-0.14343075454235077,0.13449101150035858,-0.021464446559548378,0.15633882582187653,0.15412481129169464,0.1525803804397583,-0.5267404317855835,-0.10601966083049774,0.458690881729126,-0.15241269767284393,-0.15540644526481628,-0.1793673038482666,0.20020925998687744,-0.09869583696126938
CID000003143,567,0.08799994736909866,0.07240934669971466,0.15107563138008118,0.5917681455612183,-0.47522109746932983,0.08153830468654633,0.16836118698120117,0.3301534056663513,0.0010940134525299072,0.2628079354763031,-0.2778352200984955,-0.30705246329307556,-0.06333603709936142,0.26536962389945984,-0.0517655685544014,0.11335785686969757,0.12475099414587021,-0.05676010251045227,0.016868604347109795,-0.4218989908695221,-0.11750064790248871,-0.4000685214996338,0.18900343775749207,-0.7763954401016235,-0.03409499675035477,0.15623119473457336,-0.21618428826332092,-0.16447781026363373,-0.0715470165014267,0.004692083690315485,-0.06930345296859741,0.11142201721668243,0.13743984699249268,-0.19416706264019012,0.053425662219524384,0.0761910080909729,0.04116922616958618,0.39912885427474976,-0.03975500538945198,-0.34611326456069946,0.07956264168024063,0.19646017253398895,0.2229410707950592,0.10947444289922714,-0.1232408657670021,0.07701610028743744,-0.03360527753829956,-0.08257357031106949,-0.044136811047792435,0.2624414563179016,0.37348541617393494,-0.07025249302387238,-0.3788394033908844,-0.0638737678527832,-0.1243603453040123,0.14261920750141144,-0.11136738210916519,-0.038888268172740936,0.27718767523765564,-0.17754846811294556,-0.1297575831413269,-0.39568179845809937,-0.15770995616912842,-0.07424132525920868,0.09087061136960983,0.2698657512664795,-0.22123146057128906,-0.030768176540732384,0.1910417079925537,0.017079759389162064,-0.052772752940654755,0.16333988308906555,-0.33046776056289673,-0.36567193269729614,-0.24218347668647766,0.13816505670547485,0.058507807552814484,0.010727842338383198,-0.14492180943489075,-0.00010324120376026258,0.354665607213974,-0.23459836840629578,-0.28657230734825134,-0.1113879457116127,0.16764183342456818,0.18068534135818481,0.01997145265340805,0.2617049515247345,0.07153280079364777,-0.44066905975341797,-0.0765642523765564,0.2389914095401764,-0.09395170211791992,-0.0988401472568512,-0.06688891351222992,-0.1801343560218811,0.11572619527578354,-0.02573521062731743,0.1445428431034088,0.05561763793230057,0.14606863260269165,0.025350380688905716,-0.0028424039483070374,0.16624382138252258,0.2742207944393158,-0.06064748764038086,0.00453258166089654,-0.07470129430294037,0.37799233198165894,-0.10564626753330231,0.12222655862569809,0.17614123225212097,-0.13854438066482544,-0.2345055639743805,0.16430088877677917,0.37071532011032104,-0.21657852828502655,0.14412525296211243,-0.12342337518930435,0.355586975812912,0.6487871408462524,-0.3207235038280487,0.16690455377101898,0.44565701484680176,-0.34668073058128357,0.4141971170902252,0.08019796758890152,-0.14480353891849518,0.077571339905262,0.2613697052001953,0.13240060210227966,-0.5057482719421387,-0.4984312951564789,0.23854155838489532,0.30279308557510376,0.23064494132995605,0.04771661013364792,0.24026110768318176,0.21327590942382812,-0.028844887390732765,-0.235868901014328,0.25634148716926575,0.14006482064723969,0.04105097055435181,-0.13994526863098145,0.14006397128105164,-0.19365671277046204,0.4252774715423584,0.17178161442279816,0.49356335401535034,0.23915830254554749,-0.4125702977180481,-0.04262813925743103,-0.032419878989458084,-0.1356101930141449,-0.22383436560630798,0.030392806977033615,-0.13239139318466187,-0.0252480860799551,0.037676479667425156,-0.13810326159000397,0.2157456874847412,0.011732044629752636,0.18719986081123352,-0.20748655498027802,0.18060770630836487,-0.1140361875295639,0.023809727281332016,0.050295520573854446,0.05136416479945183,0.08958359062671661,0.1468668282032013,-0.2996346950531006,-0.18448004126548767,0.18471623957157135,-0.09720823913812637,0.22880932688713074,-0.10640434920787811,0.7080289125442505,0.003887355327606201,-0.3071964383125305,-0.021663516759872437,-0.107790008187294,0.15290403366088867,0.2596670985221863,0.046351805329322815,0.008153948001563549,0.077585868537426,0.12825489044189453,-0.4138123393058777,0.17175164818763733,0.11102308332920074,0.06823120266199112,-0.32707229256629944,0.2421911507844925,0.09612108021974564,0.22050924599170685,-0.11023487895727158,-0.023974258452653885,-0.164523646235466,0.1473563015460968,-0.40529975295066833,0.04861082881689072,-0.31501907110214233,0.0413004532456398,-0.1720120906829834,0.12352548539638519,-0.09300701320171356,-0.015379168093204498,0.4368423521518707,0.2910335659980774,0.05565286800265312,0.24318644404411316,-0.01899806596338749,0.1783854216337204,-0.23103711009025574,0.1217697262763977,0.2689944803714752,0.07421568036079407,0.018156398087739944,-0.3042353689670563,0.05492771789431572,-0.10041499137878418,-0.1312038004398346,0.06066005304455757,0.03671640157699585,-0.07165899872779846,-0.18801620602607727,-0.024037307128310204,0.00955973844975233,0.04125584289431572,0.030905742198228836,0.41009777784347534,-0.08502605557441711,0.05478993058204651,0.10535120964050293,0.5493367910385132,-0.5408194065093994,0.06916674971580505,-0.22632043063640594,0.04679762199521065,-0.21396534144878387,0.18538567423820496,0.2681882083415985,-0.19543367624282837,-0.2431727945804596,0.1720711886882782,-0.10329730808734894,-0.6103586554527283,-0.11222632974386215,0.2536298632621765,-0.09475098550319672,0.31140899658203125,-0.31024980545043945,-0.08310685306787491,0.23750647902488708
CID000003750,568,0.23078563809394836,0.024086307734251022,0.20216640830039978,0.7202435731887817,-0.4805605411529541,-0.018406987190246582,0.037747822701931,0.2773621678352356,0.22820337116718292,0.2857232093811035,0.0009452849626541138,-0.2212437093257904,-0.07156191766262054,0.21862168610095978,-0.07382228970527649,0.10291735827922821,0.051652856171131134,-0.1697036474943161,-0.05194465070962906,-0.538972020149231,0.11708197742700577,-0.22518929839134216,0.008625900372862816,-0.851716160774231,-0.03283724933862686,-0.06112968921661377,-0.2958996295928955,-0.03678902983665466,-0.0733141228556633,-0.1891426146030426,0.10342106968164444,0.08592227101325989,0.13199803233146667,0.07355628907680511,0.10553845018148422,-0.0160310510545969,0.07579287141561508,0.24979472160339355,-0.2681826055049896,-0.29050400853157043,-0.0279998742043972,0.46023815870285034,0.24553576111793518,0.2098361998796463,-0.15925076603889465,0.32153844833374023,0.0735175758600235,-0.12139086425304413,-0.09127809852361679,0.24848012626171112,0.5899479985237122,0.08467362821102142,-0.44112998247146606,0.11174118518829346,-0.3325514793395996,0.0766555666923523,0.03174375742673874,-0.20383863151073456,0.2826938033103943,-0.01308664120733738,-0.08490314334630966,-0.30711108446121216,0.09878015518188477,-0.1115078553557396,0.2529050409793854,0.33555537462234497,-0.4237236976623535,-0.017347272485494614,-0.027063701301813126,0.04298580437898636,0.08003301173448563,0.01849294826388359,-0.0661996528506279,-0.36644574999809265,-0.09868179261684418,0.1991458386182785,0.06377758085727692,-0.18250301480293274,-0.08830311894416809,0.10790357738733292,0.4333128035068512,-0.32347220182418823,-0.3367791473865509,-0.032386958599090576,0.18451061844825745,0.1680385321378708,0.003780946135520935,0.16863040626049042,0.03727518767118454,-0.4597358703613281,-0.0511903241276741,0.14782193303108215,-0.04725555703043938,0.14101585745811462,-0.11715791374444962,-0.13694997131824493,0.16729018092155457,-0.1197182685136795,0.04866977781057358,0.009311260655522346,0.04531747102737427,-0.10922849178314209,-0.08329671621322632,0.26636385917663574,-0.055839020758867264,0.10619117319583893,0.007275392301380634,0.18259327113628387,0.5160093307495117,-0.05034961551427841,0.14406800270080566,0.16987739503383636,-0.03461010381579399,-0.4087750017642975,0.38516873121261597,0.2687230110168457,-0.17095476388931274,0.017024731263518333,-0.049804650247097015,0.26651138067245483,0.8125466108322144,-0.2999822795391083,0.18697470426559448,0.34682193398475647,-0.03497501462697983,0.4336458146572113,0.10934954881668091,-0.03691261261701584,0.14783622324466705,0.1782853603363037,0.2889684736728668,-0.5534673929214478,-0.544819176197052,0.18911507725715637,0.28755202889442444,0.2600160241127014,0.11119057238101959,0.02897336520254612,-0.05156027525663376,-0.05890873819589615,-0.13360172510147095,0.19157347083091736,0.23748841881752014,0.09467937052249908,-0.10970081388950348,0.1034373864531517,-0.012175154872238636,0.4455065131187439,0.14337873458862305,0.3393975496292114,-0.03795125335454941,-0.673659086227417,-0.02710103988647461,0.2001684010028839,-0.05718081071972847,-0.07600223273038864,0.11301789432764053,0.05926157906651497,-0.1267695277929306,0.0027003407012671232,-0.08676494657993317,-0.09718117862939835,-0.04838695377111435,0.1664837896823883,-0.19566340744495392,-0.009941342286765575,-0.3073410093784332,-0.013707637786865234,0.14768360555171967,-0.11781666427850723,-0.01910933293402195,0.06548790633678436,-0.2709837555885315,-0.3106563687324524,0.14545030891895294,-0.13724426925182343,0.21451112627983093,-0.13213995099067688,0.7726999521255493,-0.09594901651144028,-0.506600022315979,0.0853857770562172,0.05066446214914322,0.018107693642377853,0.09307778626680374,0.03222069516777992,-0.0539720356464386,0.033036183565855026,0.1529432237148285,-0.35154175758361816,-0.07326682657003403,0.021080931648612022,-0.06083660200238228,-0.3915597200393677,0.41642433404922485,0.0033173919655382633,0.0035008371341973543,-0.08146446943283081,-0.04585408791899681,-0.06608434021472931,-0.13420704007148743,-0.5000429153442383,0.06933175027370453,-0.2543501853942871,-0.002707314444705844,0.04936463385820389,0.01986841857433319,-0.24653026461601257,0.12327364832162857,0.5855175256729126,0.2732519805431366,0.1989961415529251,0.20692548155784607,-0.10970965772867203,0.07744276523590088,-0.14714574813842773,0.18654760718345642,0.5341952443122864,0.04755329713225365,0.09107305109500885,-0.22348780930042267,-0.11789645999670029,-0.26435554027557373,-0.10763521492481232,0.1391187310218811,-0.05213121324777603,0.03883678838610649,-0.17774780094623566,-0.11826109886169434,-0.07136954367160797,0.06682263314723969,0.20547279715538025,0.24913430213928223,-0.1277679055929184,0.07997150719165802,-0.05513112619519234,0.703934907913208,-0.5449637174606323,-0.0794907882809639,-0.22125819325447083,-0.27243638038635254,-0.2585405111312866,0.437521368265152,0.10692687332630157,-0.20030203461647034,-0.16928283870220184,0.07821275293827057,-0.035678304731845856,-0.8134886622428894,-0.1966082900762558,0.2816544771194458,0.15877322852611542,0.022381627932190895,-0.20199012756347656,0.024847375229001045,-0.05302839353680611
CID000005466,571,0.058232761919498444,-0.09369433671236038,-0.058211974799633026,0.35886019468307495,-0.40027540922164917,0.09492633491754532,0.24442914128303528,0.24282589554786682,0.0810999721288681,0.28703275322914124,0.3601004183292389,0.11584554612636566,-0.020501991733908653,0.11791465431451797,-0.2381742298603058,-0.1530047357082367,-0.11559255421161652,-0.08158112317323685,0.09540366381406784,-0.351097047328949,0.07118196785449982,-0.2694382965564728,-0.0947684496641159,-0.7633619904518127,0.16146573424339294,0.08151374757289886,-0.10976561158895493,-0.005100706126540899,0.018430406227707863,0.05321107059717178,0.10340417921543121,0.20558547973632812,-0.10809247195720673,-0.12931689620018005,-0.05768335983157158,-0.013285407796502113,0.23082061111927032,-0.015377144329249859,0.2369074821472168,-0.1526675522327423,0.07434038072824478,-0.29422134160995483,0.23885628581047058,-0.24252071976661682,-0.17836424708366394,0.34569573402404785,-0.0033571005333215,0.05323958396911621,0.1639499068260193,-0.06182504817843437,0.23948082327842712,0.23141641914844513,-0.2405960112810135,0.03382111340761185,0.08206817507743835,-0.09939475357532501,-0.0030913869850337505,0.13666903972625732,0.010911164805293083,0.02620026469230652,-0.2290511578321457,-0.30284684896469116,0.10193924605846405,0.02335091307759285,0.24365241825580597,0.34162747859954834,-0.1574196070432663,-0.08917465806007385,0.17154541611671448,0.12189435958862305,0.06792310625314713,-0.05678258091211319,-0.41233953833580017,-0.37597694993019104,-0.2821647822856903,-0.016893530264496803,-0.1404021829366684,0.1784859150648117,-0.09691336750984192,-0.0987120270729065,-0.037418004125356674,-0.538480281829834,-0.30909621715545654,0.03961031511425972,0.07505907863378525,-0.040744226425886154,0.21136851608753204,0.14997318387031555,-0.005927079822868109,-0.6118304133415222,-0.05682940036058426,0.21654610335826874,0.009253310970962048,-0.013252705335617065,-0.16531327366828918,-0.27819234132766724,-0.17362725734710693,0.17085225880146027,-0.15361139178276062,0.06629431992769241,-0.28758925199508667,0.09085790812969208,-0.06782066822052002,0.3094854950904846,0.23794665932655334,0.04294838011264801,-0.12808266282081604,0.04267486184835434,0.4271722733974457,-0.2835026979446411,-0.08898578584194183,0.18127554655075073,-0.17258134484291077,-0.026389524340629578,0.07782147824764252,0.23717205226421356,-0.049686234444379807,0.07865691184997559,-0.22315064072608948,0.310197114944458,0.5490009784698486,-0.19738122820854187,0.27971506118774414,0.2665035128593445,-0.09967146068811417,0.286531537771225,0.029156804084777832,0.16039535403251648,0.29485589265823364,0.01693219691514969,0.008372899144887924,-0.44094592332839966,-0.3971615433692932,0.013609047047793865,0.3185368478298187,0.017292315140366554,-0.12173692882061005,0.2758679986000061,-0.3608347773551941,-0.22159186005592346,-0.16376140713691711,0.15717670321464539,0.0632392019033432,-0.1337161660194397,-0.010615028440952301,0.18902429938316345,-0.09380016475915909,0.28668129444122314,0.03181356191635132,0.1571338027715683,-0.11766938865184784,-0.14578990638256073,-0.21119260787963867,0.24665537476539612,-0.30800190567970276,-0.1272720992565155,-0.06701775640249252,-0.023558631539344788,-0.20119568705558777,0.2556840181350708,0.10952812433242798,0.21639685332775116,-0.008372819051146507,0.15213552117347717,-0.15883636474609375,-0.19060562551021576,-0.22394311428070068,0.14261509478092194,-0.05494042485952377,0.16796930134296417,-0.012500050477683544,-0.13776814937591553,-0.1945042759180069,-0.18341636657714844,0.02356494776904583,-0.04198608174920082,0.13721683621406555,-0.30203691124916077,0.32590919733047485,-0.14820773899555206,0.1814252734184265,0.0487661138176918,-0.10848184674978256,-0.16213133931159973,0.06390224397182465,0.2519727349281311,-0.07912282645702362,0.016744637861847878,-0.039306752383708954,-0.3072547912597656,-0.06325533986091614,-0.01240172516554594,0.20013713836669922,0.08028700947761536,0.11107846349477768,-0.15502449870109558,0.0510895736515522,0.01805994287133217,0.08875226974487305,0.11654229462146759,0.23511096835136414,-0.32128578424453735,-0.11387648433446884,-0.3138594925403595,0.04526913911104202,-0.2024201899766922,-0.1201222687959671,0.13418975472450256,-0.05721883103251457,0.41544684767723083,0.319873571395874,0.10937962681055069,0.33602604269981384,0.1277245581150055,0.041218843311071396,-0.012672780081629753,-0.12669910490512848,0.10719139873981476,0.08208297193050385,-0.11764253675937653,0.007188843097537756,-0.0714845135807991,-0.14699280261993408,-0.17568154633045197,-0.007041183300316334,0.08124595135450363,0.09066561609506607,-0.08330108970403671,-0.04389272630214691,0.010969499126076698,-0.07941745221614838,-0.15416601300239563,0.22767934203147888,0.00048782824887894094,-0.21496181190013885,-0.028256554156541824,0.28172677755355835,-0.4248148500919342,0.10495986044406891,-0.12197373807430267,0.22710326313972473,-0.2980263829231262,0.0371529646217823,0.2672545611858368,-0.09204675257205963,-0.13752637803554535,0.1312493234872818,0.005548511631786823,-0.5387603044509888,-0.11525237560272217,0.3268914818763733,-0.317195326089859,0.1789887547492981,-0.3539768159389496,0.14269216358661652,-0.022620420902967453
CID000004909,579,0.31122297048568726,-0.2798512279987335,0.22134895622730255,0.42494645714759827,-0.1511022299528122,0.09681607037782669,0.06436551362276077,0.1493529975414276,-0.0487988218665123,0.0039178491570055485,-0.007436913438141346,0.23986288905143738,-0.06122734025120735,0.06086234003305435,-0.27631354331970215,-0.02609259821474552,-0.17338505387306213,-0.18448904156684875,0.12132366746664047,-0.47042617201805115,0.04315103963017464,-0.10214334726333618,0.1610029637813568,-0.8578850626945496,-0.21711096167564392,-0.06322547048330307,-0.03839616850018501,0.028642937541007996,0.08025991916656494,0.0813484936952591,0.06436952948570251,0.2466765195131302,0.003178134560585022,0.0447937473654747,-0.04426398500800133,-0.15722355246543884,0.26377588510513306,-0.024484971538186073,0.008673352189362049,-0.3811061978340149,-0.0640125721693039,-0.21896234154701233,0.07721177488565445,-0.3417826294898987,-0.20721550285816193,0.29253625869750977,-0.10702882707118988,0.013754827901721,-0.12411961704492569,0.09424687176942825,0.2667531371116638,-0.23158474266529083,-0.03587545081973076,-0.04458554834127426,0.16743390262126923,-0.043314963579177856,0.019784001633524895,0.21206608414649963,0.004896563943475485,-0.11334790289402008,-0.03808604180812836,-0.10304250568151474,-0.024707337841391563,0.03664657473564148,0.30604198575019836,0.3691171407699585,-0.38015317916870117,0.10564098507165909,0.052073847502470016,-0.2877907156944275,0.013322698883712292,0.5416964292526245,-0.42079657316207886,-0.28009116649627686,-0.06038106605410576,0.3653579652309418,0.06416891515254974,0.1983904391527176,-0.0017875314224511385,0.1656891405582428,0.322882741689682,-0.48812541365623474,-0.2550351023674011,0.18625620007514954,-0.021123994141817093,-0.1169111505150795,0.05065532773733139,0.0971449762582779,-0.18733271956443787,-0.7969825863838196,-0.05554982274770737,0.037246428430080414,0.0012673885794356465,0.01668226346373558,-0.26404720544815063,-0.33981919288635254,-0.05429752916097641,0.17054243385791779,0.1262684464454651,0.17190399765968323,-0.2872523069381714,-0.12895366549491882,-0.11493591219186783,0.1931743621826172,-0.0540209636092186,0.00904526375234127,-0.1652635782957077,-0.15472936630249023,0.661058783531189,0.07276469469070435,-0.07883672416210175,0.2854260802268982,-0.022979706525802612,-0.0646057203412056,0.14774639904499054,0.17313940823078156,-0.007752844598144293,-0.051082152873277664,0.02866542711853981,0.11803587526082993,0.8107326626777649,-0.09223030507564545,0.31292739510536194,0.27705028653144836,-0.15765060484409332,-0.04959680140018463,-0.050826799124479294,0.09913121163845062,0.09562571346759796,0.12721705436706543,0.2710188031196594,-0.7121702432632446,-0.19432906806468964,0.13277411460876465,0.32757657766342163,-0.014140534214675426,-0.08116921782493591,-0.044225841760635376,0.12316242605447769,-0.5576092004776001,-0.20454363524913788,0.04311231151223183,0.1319514960050583,0.019651686772704124,0.029050836339592934,0.1102321594953537,-0.058329708874225616,0.502493679523468,0.1222505122423172,0.22779598832130432,0.24080899357795715,-0.3345586955547333,0.1457081139087677,0.17093127965927124,-0.05270438641309738,-0.2080882340669632,-0.17735403776168823,-0.10760953277349472,0.25034162402153015,0.27070152759552,-0.014821002259850502,-0.061846815049648285,-0.05889546871185303,-0.24417543411254883,-0.19201692938804626,-0.0600048303604126,-0.19851422309875488,-0.10164232552051544,-0.09159351885318756,0.20827177166938782,-0.09270238876342773,-0.28418439626693726,-0.2853918671607971,-0.2655576765537262,0.04323742911219597,-0.1128813773393631,0.03870931640267372,-0.10397587716579437,0.5428028702735901,0.33456483483314514,-0.1424562633037567,-0.18853828310966492,-0.2735052704811096,-0.31114691495895386,0.07898782193660736,0.2813551425933838,-0.43868812918663025,0.3308292031288147,-0.11774381250143051,-0.29383695125579834,0.10496307909488678,-0.05663583427667618,0.05503474920988083,-0.025815993547439575,0.23752978444099426,0.15678544342517853,-0.04569820314645767,0.2790582478046417,0.18735435605049133,-0.439674437046051,0.0077029331587255,-0.3437650799751282,0.31926584243774414,-0.1815202534198761,0.06039270758628845,-0.2658225893974304,0.008473917841911316,0.00660821795463562,0.0729360431432724,0.42752403020858765,0.2671593725681305,0.23152709007263184,0.19602572917938232,0.23848795890808105,0.1403087079524994,-0.2375442534685135,-0.17712822556495667,0.23484107851982117,0.16745808720588684,0.0722523182630539,-0.0796336978673935,-0.14170555770397186,-0.2334415465593338,-0.2581643760204315,0.10930957645177841,0.14646564424037933,-0.21243326365947723,-0.07695700228214264,-0.2006610631942749,0.11775732040405273,-0.1352429836988449,0.1927768439054489,0.15715733170509338,0.10770384967327118,-0.21217890083789825,0.33413681387901306,0.3356390595436096,-0.2865292429924011,0.06158832460641861,-0.17804446816444397,0.07121454179286957,-0.8179202079772949,0.1387825906276703,0.07414915412664413,-0.05985679104924202,-0.22439944744110107,0.15998955070972443,-0.0717548280954361,-0.7903710603713989,-0.07554789632558823,0.31256550550460815,-0.010988956317305565,-0.07230502367019653,-0.02623877301812172,0.13971944153308868,0.13896611332893372
CID000005245,580,0.20621207356452942,-0.19090591371059418,-0.07920517027378082,0.3400064706802368,-0.3539202809333801,-0.006816403474658728,0.242936372756958,0.1692664921283722,0.10539805889129639,0.2459585964679718,0.02243434265255928,-0.1039997786283493,-0.015390370972454548,-0.011616921052336693,-0.10106614977121353,0.003595292568206787,-0.06688058376312256,-0.018276304006576538,0.11088134348392487,-0.42148032784461975,0.12467441707849503,-0.2723248600959778,0.07736624777317047,-0.7069945335388184,0.07656936347484589,0.175845667719841,0.00816058088093996,-0.0819760113954544,-0.08817432075738907,0.1364152729511261,-0.09682577103376389,0.34056857228279114,0.1809736043214798,-0.12166742980480194,-0.07612337917089462,0.06792966276407242,0.26665568351745605,0.140006422996521,0.2537008225917816,-0.15128162503242493,-0.07200068980455399,-0.33668389916419983,0.24351933598518372,-0.023673227056860924,-0.20422308146953583,0.25912779569625854,0.06745869666337967,-0.05000820755958557,0.1293816715478897,0.1441662758588791,0.2628851532936096,0.04471918195486069,-0.1375347077846527,0.24460092186927795,-0.026505667716264725,0.081563301384449,0.051752932369709015,0.1214386448264122,0.1634414941072464,-0.1534690409898758,-0.3115580081939697,-0.3389520049095154,0.17854878306388855,-0.020537784323096275,0.15320870280265808,0.35892578959465027,-0.25387799739837646,0.09738108515739441,0.18722301721572876,-0.025652777403593063,0.1424197405576706,-0.18648238480091095,-0.4830420911312103,-0.35795873403549194,-0.08426625281572342,0.2010146677494049,-0.08289118111133575,0.11670918762683868,0.04650857299566269,-0.08160191774368286,0.22262975573539734,-0.7088056206703186,-0.26793354749679565,0.19917654991149902,-0.08791767060756683,0.03631044551730156,0.036751728504896164,0.11076875776052475,-0.19570954144001007,-0.7211580276489258,-0.11052285134792328,0.19528132677078247,0.057896364480257034,0.04391220957040787,0.2585905194282532,-0.27647095918655396,-0.37977734208106995,-0.16752095520496368,-0.09754739701747894,0.05189930647611618,-0.09513308852910995,0.12209004163742065,-0.04773702472448349,0.3374454081058502,0.19546779990196228,0.04376327246427536,-0.21448436379432678,0.00878133811056614,0.5455316305160522,-0.16067060828208923,-0.14388766884803772,0.11551125347614288,0.05304814130067825,-0.106758251786232,-0.015800345689058304,0.09641383588314056,0.09610549360513687,0.006364333443343639,-0.05686073377728462,0.08327292650938034,0.6735895276069641,-0.20004956424236298,0.18409022688865662,0.047136031091213226,-0.08203800022602081,0.2171943187713623,-0.0005747079849243164,0.029139090329408646,0.21220698952674866,0.18299025297164917,0.07068395614624023,-0.6129497289657593,-0.31833821535110474,0.035214655101299286,0.17653627693653107,-0.1472073495388031,0.10689139366149902,0.3625033497810364,-0.09003524482250214,-0.25287461280822754,-0.23327918350696564,0.09604497253894806,-0.10918916761875153,-0.05893789604306221,0.04525092989206314,0.06960823386907578,-0.012809276580810547,0.4343741536140442,-0.11565536260604858,0.3280777931213379,0.12596234679222107,-0.2789234519004822,0.020951908081769943,0.14752423763275146,-0.3516085743904114,-0.18972983956336975,0.004175317939370871,-0.07402119785547256,0.08951921761035919,0.2313317358493805,-0.271911084651947,0.14475557208061218,-0.055510006844997406,0.26590901613235474,-0.11327290534973145,-0.03987971693277359,-0.19452089071273804,0.054831720888614655,-0.02765866555273533,0.27595776319503784,0.06940683722496033,-0.10970701277256012,-0.1517677754163742,-0.1910700500011444,0.03605674207210541,-0.03490035608410835,0.08049766719341278,-0.13614146411418915,0.34107229113578796,0.012946409173309803,0.2403799295425415,0.176731675863266,-0.07605399191379547,-0.03403105586767197,0.31100404262542725,0.2503373324871063,-0.1781350076198578,0.15485772490501404,-0.2043587863445282,-0.33363181352615356,-0.14207585155963898,0.014859813265502453,0.33384937047958374,-0.019445404410362244,0.19777782261371613,-0.16059687733650208,0.05188102275133133,0.09310965985059738,-0.006246061529964209,0.24173274636268616,0.2200247049331665,-0.35338836908340454,0.02806783840060234,-0.17766372859477997,0.022615808993577957,-0.11702334880828857,-0.09473920613527298,0.10985568910837173,-0.09077952802181244,0.3620951771736145,0.2884058356285095,0.329179584980011,0.20101746916770935,-0.04730595275759697,0.17416022717952728,-0.1733412891626358,-0.1776341050863266,0.154494047164917,0.09370873868465424,0.07843883335590363,0.08959322422742844,-0.2814165949821472,0.20969727635383606,-0.24315862357616425,-0.1658020317554474,-0.22327876091003418,0.019124139100313187,-0.12019775807857513,0.12448598444461823,-0.03275658190250397,-0.040469467639923096,-0.09392887353897095,0.32358232140541077,-0.010933084413409233,-0.17777857184410095,-0.02371567115187645,0.3479388654232025,-0.4886442720890045,0.059907566756010056,-0.1455298364162445,-0.045398782938718796,-0.41874951124191284,0.06202314421534538,0.39037513732910156,0.18424442410469055,-0.05662500113248825,0.07999733835458755,-0.07676760107278824,-0.7191098928451538,-0.05815507099032402,0.1300922930240631,-0.2965121865272522,0.01879854127764702,-0.455838143825531,-0.08087821304798126,0.03683677315711975
CID000003454,583,0.2722204327583313,-0.10463541746139526,0.28134751319885254,0.47511687874794006,-0.6999558210372925,-0.0621836856007576,0.10114433616399765,0.3579663932323456,-0.313789427280426,0.38836508989334106,-0.08485840260982513,-0.39921119809150696,-0.14099404215812683,0.24386277794837952,0.07023175060749054,0.05707591772079468,0.11439261585474014,0.0017022609245032072,-0.05875670909881592,-0.6861703991889954,-0.08485843986272812,-0.0039035468362271786,-0.05785498768091202,-0.9176270365715027,-0.5162132978439331,-0.16700707376003265,-0.24561409652233124,-0.12681367993354797,-0.12976767122745514,0.17785030603408813,-0.22984448075294495,0.1262902319431305,-0.030995285138487816,-0.115323506295681,0.1404539793729782,0.1832442730665207,0.35124269127845764,0.29558831453323364,-0.08305255323648453,-0.19655553996562958,0.29715269804000854,-0.033828672021627426,-0.16403734683990479,-0.3299570381641388,-0.2328086644411087,0.045199744403362274,-0.0489531047642231,0.09691162407398224,0.018895434215664864,0.30431804060935974,0.5082332491874695,0.024797219783067703,-0.10514932870864868,0.08485741913318634,0.04793958738446236,0.06921292841434479,0.3378106951713562,-0.043453533202409744,0.5178017020225525,-0.3343997597694397,-0.09644360840320587,-0.18621496856212616,-0.20336182415485382,-0.34954309463500977,0.294389933347702,0.5899142026901245,-0.16269996762275696,-0.1964292824268341,-0.07048898935317993,0.02491888776421547,-0.010301798582077026,-0.10932326316833496,-0.12043999135494232,-0.45446261763572693,0.10999222099781036,0.5639557242393494,0.01824820600450039,-0.24927742779254913,-0.14638881385326385,0.09285559505224228,0.013663318939507008,-0.38531365990638733,-0.3221125900745392,-0.14709219336509705,0.12662604451179504,0.09641925245523453,0.023417701944708824,0.10204184055328369,-0.002842164132744074,-0.6693426966667175,-0.05305112153291702,0.30303260684013367,-0.17885765433311462,0.07435242086648941,-0.14324232935905457,-0.3949110507965088,-0.17916348576545715,0.0491093173623085,0.14037315547466278,0.311909556388855,-0.2856391966342926,-0.02251208946108818,0.017844239249825478,0.1748693883419037,0.07912688702344894,0.008040977641940117,0.01625182293355465,-0.14705483615398407,0.6650933027267456,0.1866096556186676,-0.21812650561332703,0.09597604721784592,0.008055220358073711,-0.5054808855056763,0.11026929318904877,0.22463378310203552,0.023914748802781105,-0.201497882604599,0.019111717119812965,0.32986193895339966,0.7840805649757385,-0.27428847551345825,0.29863643646240234,0.3596373498439789,-0.32611459493637085,0.2535078227519989,0.03952772170305252,-0.3112621307373047,-0.010226773098111153,0.04883073642849922,0.42001262307167053,-0.6641884446144104,-0.4524039626121521,0.032128963619470596,0.19605644047260284,0.20202478766441345,-0.219744011759758,0.1942313015460968,-0.14332713186740875,0.029039379209280014,-0.10315998643636703,0.43398937582969666,-0.06753990054130554,0.016652408987283707,0.007761427666991949,0.02589590847492218,-0.008862408809363842,0.466226726770401,0.21180692315101624,0.12641946971416473,-0.03427047282457352,-0.5396904349327087,0.30562251806259155,0.08346951752901077,0.07135717570781708,-0.14957667887210846,-0.1660480499267578,-0.24608297646045685,0.013981938362121582,0.10498608648777008,-0.23525837063789368,0.037177201360464096,0.1270783245563507,0.3208842873573303,-0.1394374668598175,0.01055714301764965,0.017416616901755333,-0.01968201994895935,0.4065699577331543,0.31435060501098633,-0.027274345979094505,-0.19630631804466248,-0.2466835081577301,-0.04779891297221184,0.18542703986167908,-0.15949347615242004,0.011850190348923206,-0.03639020025730133,0.7535048127174377,0.13241198658943176,-0.22534938156604767,-0.0574934259057045,0.027529168874025345,0.10059627145528793,0.02480541542172432,0.1502191424369812,0.015084102749824524,0.14291003346443176,0.20444583892822266,-0.32367950677871704,0.0750402957201004,0.4090632498264313,0.22070439159870148,-0.18825791776180267,0.017562754452228546,0.010489297099411488,0.11703356355428696,-0.24231787025928497,0.19793620705604553,-0.015263411216437817,-0.48688092827796936,-0.3975233733654022,0.3199956715106964,0.1355193555355072,-0.009945410303771496,0.2142070084810257,0.03984391316771507,0.08364598453044891,0.772631049156189,0.5661697387695312,0.48443540930747986,-0.2734660804271698,0.10358412563800812,0.032997481524944305,0.029753103852272034,-0.3960757851600647,0.24520471692085266,0.2611396610736847,0.0460430309176445,0.17209172248840332,-0.22572557628154755,0.03720693662762642,-0.07019399106502533,-0.3977741599082947,-0.07085883617401123,-0.04645118862390518,-0.2787555456161499,-0.03452020511031151,-0.28620803356170654,0.07325353473424911,0.2242526113986969,0.2698797583580017,0.5364761352539062,-0.07395654916763306,-0.06689867377281189,0.07374770939350128,0.4521198272705078,-0.4680890142917633,0.06231380254030228,-0.09443482011556625,0.002092024777084589,-0.3221580982208252,0.05178195238113403,0.2736656367778778,0.16006460785865784,0.27898716926574707,-0.10782816261053085,-0.059599608182907104,-0.7967149615287781,0.04774169996380806,0.1945725530385971,0.21038289368152618,0.15929535031318665,-0.23751962184906006,0.03786037117242813,0.188429594039917
CID000001986,584,0.18981921672821045,-0.13153788447380066,0.07289344072341919,0.42991238832473755,-0.4820897579193115,0.019581545144319534,0.19899983704090118,0.11999498307704926,-0.11243398487567902,0.23851589858531952,0.1313839852809906,0.10045687854290009,-0.11395089328289032,-0.0388835184276104,-0.1793523132801056,0.015772288665175438,-0.10807725042104721,-0.12812736630439758,0.15256451070308685,-0.479301393032074,-0.07557141780853271,-0.2458830326795578,0.03115522302687168,-0.778566837310791,0.10922851413488388,0.06330366432666779,-0.07524772733449936,0.06291678547859192,0.06006235629320145,0.05331004783511162,-0.010551130399107933,0.25080958008766174,0.21766698360443115,-0.026793500408530235,0.015325365588068962,-0.08316536992788315,0.18894240260124207,0.02059009298682213,0.2197200506925583,-0.009930809028446674,-0.07373227924108505,-0.21350522339344025,0.18260636925697327,-0.22562143206596375,-0.30213460326194763,0.3737805187702179,0.09018295258283615,-0.04017624258995056,0.18186524510383606,0.11055777221918106,0.32307371497154236,-0.023733949288725853,-0.21902623772621155,0.09343430399894714,0.11268885433673859,-0.17623081803321838,0.11064870655536652,0.13627466559410095,0.019160540774464607,0.21552488207817078,-0.18988355994224548,-0.27594006061553955,-0.17475858330726624,-0.10245199501514435,0.06744557619094849,0.20675334334373474,-0.15577733516693115,-0.12952713668346405,0.17731812596321106,0.23008456826210022,0.19718678295612335,0.09110655635595322,-0.3126125931739807,-0.42326346039772034,-0.08553796261548996,0.14382606744766235,0.024696070700883865,-0.09526121616363525,0.09666599333286285,-0.1295846402645111,0.027735630050301552,-0.7019463777542114,-0.24730095267295837,0.20578019320964813,0.07370281219482422,0.06595579534769058,0.06967388093471527,0.13317571580410004,0.043028056621551514,-0.5692054033279419,-0.1684378683567047,0.16922232508659363,-0.06918942928314209,-0.05366617441177368,0.016867350786924362,-0.1908228099346161,-0.13068942725658417,-0.01071547158062458,-0.09656476974487305,0.09798091650009155,-0.1801653802394867,-0.004627936985343695,-0.08312207460403442,0.3215685188770294,0.23107758164405823,-0.006817278452217579,0.06582401692867279,0.23775935173034668,0.4881880283355713,-0.17124180495738983,-0.026444336399435997,0.13616414368152618,0.06292744725942612,-0.1701813042163849,-0.0028285502921789885,0.18990397453308105,-0.19432519376277924,-0.1589169055223465,0.006039130501449108,0.20168893039226532,0.6525657176971436,-0.23959383368492126,0.14220502972602844,0.0591089129447937,0.0799376517534256,0.11111714690923691,0.01538798026740551,0.03157799690961838,0.03284192085266113,0.035090140998363495,0.19146336615085602,-0.5684584975242615,-0.4744036793708801,0.13497838377952576,0.25362101197242737,-0.03530168533325195,-0.13343079388141632,0.17931613326072693,-0.022720420733094215,-0.18461225926876068,-0.2648029625415802,-0.048129986971616745,-0.05246736481785774,-0.09568575769662857,-0.08805901557207108,0.032813869416713715,0.016749639064073563,0.3850390613079071,0.01465632300823927,0.1223180890083313,-0.03198237344622612,-0.3816310167312622,-0.13342271745204926,0.20916004478931427,-0.3527899980545044,0.11937616765499115,-0.1659083515405655,-0.0627884641289711,-0.011490109376609325,0.1966974139213562,-0.23235714435577393,0.05757332965731621,-0.10413497686386108,0.23275943100452423,-0.07922130078077316,-0.026666998863220215,-0.06106184795498848,0.30193406343460083,0.06250802427530289,0.24986255168914795,0.05685502290725708,-0.1814052313566208,-0.22310695052146912,-0.2597354054450989,0.014629250392317772,-0.03142870217561722,0.24488210678100586,-0.08283556997776031,0.30290526151657104,0.06758147478103638,0.21580830216407776,0.16150125861167908,-0.04690675809979439,-0.2012443095445633,0.08205713331699371,0.14759325981140137,0.008754044771194458,-0.21850693225860596,-0.17129576206207275,-0.2338377684354782,0.12005702406167984,0.05011891573667526,0.25891411304473877,-0.024236107245087624,0.05031644552946091,-0.1640762984752655,0.03753872960805893,0.004105609841644764,-0.04652192443609238,-0.06545118987560272,-0.026944303885102272,-0.405031681060791,0.10012328624725342,-0.17623329162597656,-0.01829846017062664,-0.009507203474640846,-0.14963671565055847,0.13237136602401733,-0.028250599279999733,0.4475468099117279,0.2951856255531311,0.2952800393104553,0.3611985743045807,0.09043819457292557,0.09857700765132904,-0.09364008158445358,-0.14382947981357574,0.34206080436706543,0.12181605398654938,0.10655234009027481,0.0482817217707634,0.06619226932525635,0.056681253015995026,-0.18826556205749512,0.08454413712024689,-0.10517895221710205,0.022016514092683792,-0.0019142969977110624,0.058937083929777145,-0.0911974310874939,-0.040209971368312836,0.09968086332082748,0.21879394352436066,0.00113543716724962,0.038675762712955475,-0.14080139994621277,0.47751384973526,-0.29688066244125366,0.09598700702190399,-0.14683334529399872,0.10013473033905029,-0.20787429809570312,-0.018667828291654587,0.4065689444541931,-0.14179746806621552,0.010100096464157104,0.0077414787374436855,0.10364878177642822,-0.7698225975036621,-0.07080324739217758,0.20408877730369568,-0.328308641910553,0.046922437846660614,-0.3139456510543823,-0.023036334663629532,-0.04009275510907173
CID000005234,585,0.17044349014759064,-0.1891794353723526,-0.04768830165266991,0.5721901655197144,-0.4294702410697937,-0.012463954277336597,0.29997172951698303,0.4901121258735657,-0.025387024506926537,0.30937808752059937,-0.1959102898836136,-1.0065454244613647,-0.6963627934455872,0.684447169303894,0.37554019689559937,0.14062345027923584,-0.035830751061439514,-0.04584424942731857,0.18767333030700684,-0.7401242256164551,-0.028034502640366554,-0.2337222844362259,-0.19937729835510254,-0.7532685399055481,0.2801182270050049,0.11992134898900986,-0.008335533551871777,0.07280482351779938,-0.07054048776626587,0.00933477096259594,-0.2790754437446594,0.339192658662796,0.0691421627998352,-0.032218705862760544,-0.05507354810833931,0.24033918976783752,-0.11917976289987564,0.3454558253288269,0.07557670027017593,-0.114082932472229,-0.10469259321689606,0.04478400945663452,0.007471269462257624,-0.05807708576321602,0.24654336273670197,0.07357209920883179,-0.07395945489406586,-0.013850134797394276,0.10448143631219864,0.015600249171257019,0.7246553897857666,0.1459726244211197,-0.043136514723300934,0.016531698405742645,-0.08720365911722183,-0.22169145941734314,0.7898245453834534,-0.316133588552475,0.8360458612442017,0.49754542112350464,-0.029894862323999405,-0.43878912925720215,-0.26357054710388184,-0.17230308055877686,0.2789740264415741,0.5126017332077026,-0.24324063956737518,-0.14271992444992065,0.1024014800786972,0.28812652826309204,-0.13968177139759064,0.17688263952732086,-0.20366767048835754,-0.2788000702857971,-0.3830590844154358,0.4073191285133362,0.056231360882520676,-0.24196796119213104,-0.09559424966573715,-0.03192100673913956,0.5177462100982666,-0.444964736700058,-0.5437511205673218,0.12031755596399307,0.10017566382884979,-0.08365211635828018,-0.19285453855991364,0.8633050918579102,0.13403372466564178,-0.6371945142745972,0.06079370900988579,0.06837354600429535,0.05794109031558037,0.10942031443119049,0.19488129019737244,-0.30606022477149963,0.06036292389035225,0.1864234209060669,0.20074260234832764,0.1807568073272705,0.09071441739797592,0.07992291450500488,0.16261687874794006,0.7211070656776428,-0.003436100436374545,-0.02572556957602501,-0.2934603691101074,0.02246704138815403,0.45361965894699097,0.4134564995765686,-0.010405885986983776,0.21457254886627197,-0.00909204501658678,-0.1443813443183899,-0.06427066028118134,0.14111089706420898,-0.0935884490609169,-0.08407427370548248,0.15284311771392822,0.03936215117573738,0.8863698244094849,-0.4352501332759857,0.16254277527332306,-0.07969652116298676,-0.02839755453169346,-0.007353690452873707,0.07957042753696442,0.18538708984851837,0.2507157325744629,0.3822617828845978,0.0032669990323483944,-0.5081654787063599,-0.20517544448375702,-0.0938839539885521,0.1820238083600998,0.667742908000946,0.41800999641418457,0.2016918659210205,-0.14521607756614685,-0.31569167971611023,-0.1393747329711914,0.5790260434150696,0.10199622809886932,-0.0021692425943911076,-0.1940513253211975,0.013236227445304394,-0.3802618682384491,0.7407069206237793,0.060637690126895905,0.180055171251297,-0.33772191405296326,-0.5110565423965454,0.0069178431294858456,-0.021083885803818703,-0.12758654356002808,-0.1372060328722,-0.007107221987098455,-0.2833259105682373,0.4021524488925934,0.33360791206359863,-0.0801757350564003,0.09341420978307724,0.06312843412160873,-0.061196595430374146,0.014295603148639202,-0.07678776979446411,0.2677571177482605,0.12613612413406372,0.2210741490125656,-0.018837029114365578,0.195641428232193,-0.16150741279125214,-0.1291796863079071,-0.03342602774500847,0.027832170948386192,-0.18760836124420166,0.029683757573366165,-0.45167413353919983,0.5001598596572876,-0.06426860392093658,0.0022722564171999693,-0.0821550041437149,0.020090267062187195,-0.11920680850744247,0.0038338571321219206,-0.25500988960266113,-0.03147810697555542,-0.18356510996818542,0.4824926257133484,-0.4152165353298187,0.18250179290771484,-0.15641142427921295,0.16758129000663757,-0.6132221221923828,0.13471634685993195,-0.11217789351940155,0.07026828825473785,-0.31639987230300903,0.18724538385868073,-0.08633091300725937,-0.4185996949672699,-0.3683367669582367,0.0683022141456604,-0.12917852401733398,0.07878454774618149,0.09595699608325958,-0.15723411738872528,0.04458106681704521,0.6644026637077332,0.5008876919746399,0.5223754048347473,0.40415048599243164,0.27385610342025757,0.2831130921840668,0.34323668479919434,-0.1299898326396942,0.5257552266120911,0.25431305170059204,-0.13333339989185333,0.4883047044277191,0.11331947147846222,-0.3710743486881256,-0.01997903548181057,-0.4505752623081207,0.1729230135679245,0.0639614537358284,-0.2885180115699768,-0.566626250743866,0.11543086916208267,0.01830306649208069,-0.08619747310876846,0.16405336558818817,0.3357752859592438,0.034996435046195984,-0.296019047498703,0.07211210578680038,0.8839131593704224,-0.49442729353904724,0.04288369044661522,-0.2401035577058792,0.15672770142555237,-0.8595527410507202,-0.13027220964431763,0.30426454544067383,-0.08001752197742462,0.2027275115251541,-0.03815719485282898,0.06371019035577774,-0.8237700462341309,-0.33431363105773926,0.11429253965616226,-0.05373811721801758,0.0074996440671384335,-0.22949782013893127,-0.023068705573678017,-0.34117811918258667
CID000151165,586,0.02142251655459404,0.05504725128412247,-0.10957799106836319,0.2676132321357727,-0.4170289635658264,0.07140947878360748,0.23859703540802002,0.15802113711833954,0.20669908821582794,0.24804158508777618,0.24998435378074646,0.10135529935359955,0.08649241179227829,0.14248231053352356,-0.29228854179382324,-0.09048841893672943,-0.051346808671951294,-0.1900077760219574,0.23791053891181946,-0.4157293438911438,0.021779807284474373,-0.26099205017089844,0.0029365599621087313,-0.9388378858566284,-0.007737196981906891,0.04126784950494766,-0.14540039002895355,0.07527846097946167,0.05560873821377754,0.14337995648384094,-0.28062307834625244,0.2302028387784958,0.12205300480127335,-0.04730135202407837,-0.00993950106203556,-0.0828956589102745,0.14556476473808289,0.06918177008628845,0.1135525330901146,-0.1995677947998047,-0.05179540067911148,-0.25500258803367615,0.21080179512500763,-0.2597947120666504,-0.19540050625801086,0.4289085865020752,0.03878825157880783,0.018286962062120438,0.1137927919626236,0.06122656539082527,0.21507415175437927,0.1401924043893814,-0.278312623500824,-0.06651848554611206,0.0692475438117981,-0.19762016832828522,-0.14895227551460266,0.0404697060585022,0.019021233543753624,-0.061496198177337646,-0.09045577049255371,-0.19368776679039001,-0.18946214020252228,-0.0023368329275399446,0.22711381316184998,0.3336220681667328,-0.0880453810095787,-0.03863048553466797,0.2091740369796753,0.1522761583328247,0.1219022125005722,-0.020727818831801414,-0.32708966732025146,-0.32467496395111084,-0.2010686695575714,0.1542462259531021,-0.10634171962738037,0.17787402868270874,-0.06714695692062378,0.100222647190094,0.023775946348905563,-0.455758273601532,-0.2423282116651535,-0.14837497472763062,0.07501085847616196,-0.24316206574440002,0.15702274441719055,0.0039034574292600155,0.0026851550210267305,-0.6588340401649475,0.03627371788024902,0.39935415983200073,0.09797150641679764,0.06990921497344971,0.12146677821874619,-0.1866796314716339,-0.11492158472537994,0.1594262570142746,-0.1403631716966629,0.014312049373984337,-0.3177902102470398,-0.0027100592851638794,-0.07081981748342514,0.24575884640216827,0.3043456971645355,0.055715762078762054,0.20694640278816223,0.16638946533203125,0.49893718957901,-0.13443924486637115,-0.0944029837846756,0.20638859272003174,-0.19436588883399963,-0.08541850745677948,0.09110812842845917,0.21341654658317566,0.01915060169994831,0.013344401493668556,-0.1898883879184723,0.19177421927452087,0.600201427936554,-0.16891860961914062,0.2521032691001892,0.17478255927562714,0.06865905970335007,0.12628516554832458,-0.02642086148262024,0.11854896694421768,0.17090077698230743,-0.05251846835017204,-0.038219012320041656,-0.4404236674308777,-0.3552297353744507,0.09952177107334137,0.27902480959892273,-0.08723916113376617,0.12807810306549072,0.21981582045555115,-0.21433916687965393,-0.15359964966773987,-0.13268382847309113,0.008462518453598022,0.07495924830436707,-0.13320115208625793,0.07119577378034592,0.11286326497793198,-0.14944201707839966,0.2841472625732422,0.04568464681506157,0.19144129753112793,0.2046709954738617,-0.2186613380908966,0.007627356797456741,0.1519612818956375,-0.32822585105895996,-0.04293975234031677,-0.07600653916597366,-0.1077989935874939,0.2150825560092926,0.30254507064819336,-0.05392703413963318,0.08453597873449326,-0.11883638054132462,0.10391072928905487,-0.12907394766807556,-0.06929446756839752,-0.2762332856655121,-0.03694697096943855,-0.19831320643424988,0.1520649790763855,0.08536121994256973,-0.17198355495929718,-0.21746262907981873,-0.36012935638427734,0.041957736015319824,-0.11430778354406357,0.14554214477539062,-0.14919152855873108,0.3838638663291931,-0.20516276359558105,0.10638590157032013,0.029866153374314308,-0.16725893318653107,-0.17694121599197388,0.17722806334495544,0.22752663493156433,-0.16897371411323547,0.06633192300796509,-0.09711264073848724,-0.345890611410141,0.12810465693473816,-0.06168588995933533,0.01892550103366375,0.1348559558391571,0.038290370255708694,-0.12054866552352905,0.06033215671777725,-0.1902783215045929,-0.08520926535129547,0.11235333979129791,0.21562519669532776,-0.22456006705760956,0.10745962709188461,-0.3846322000026703,0.1399819552898407,-0.2178952991962433,-0.11870405822992325,-0.013119416311383247,-0.07181452214717865,0.3969791531562805,0.29526254534721375,-0.13168814778327942,0.30844250321388245,0.19535520672798157,0.10348518192768097,-0.07021640241146088,-0.04161247983574867,0.130078986287117,0.07708495110273361,-0.11525343358516693,-0.029409293085336685,-0.1985396146774292,0.06131180003285408,-0.14238515496253967,0.00723537802696228,0.10339140892028809,0.1658824384212494,0.018443096429109573,-0.165652796626091,-0.07882561534643173,-0.06315581500530243,-0.1840212047100067,0.25089749693870544,0.054698068648576736,-0.0001565933198435232,-0.08967503905296326,0.28314512968063354,-0.268297016620636,0.07890841364860535,-0.19911283254623413,0.23677930235862732,-0.35962238907814026,0.19680269062519073,0.1872754991054535,-0.1464940756559372,0.004024803638458252,0.06120412424206734,-0.035340823233127594,-0.5341671705245972,-0.09013137966394424,0.19511714577674866,-0.24692149460315704,0.02810882404446602,-0.21970367431640625,0.13855156302452087,0.05478433519601822
CID000002405,587,0.19205980002880096,0.2947862446308136,0.08786100149154663,0.43439212441444397,-0.11373648792505264,0.0740012377500534,0.03167494386434555,0.4378735423088074,0.24289608001708984,0.3367626667022705,-0.13307173550128937,-0.1072721928358078,0.10566498339176178,0.17484870553016663,-0.22337539494037628,0.06326551735401154,-0.01779218576848507,-0.18740896880626678,0.13102896511554718,-0.45981723070144653,0.12993088364601135,-0.280793696641922,0.14912249147891998,-0.9257649183273315,-0.12640602886676788,0.25037458539009094,-0.3357411026954651,0.15853789448738098,0.05560673028230667,0.3098369538784027,-0.40188708901405334,0.3215391933917999,0.07530443370342255,-0.06106085330247879,0.025105798617005348,-0.026210641488432884,-0.07183126360177994,0.19844461977481842,-0.09818948805332184,-0.13799168169498444,-0.36457616090774536,-0.08020995557308197,-0.02823188342154026,-0.3897952735424042,-0.012169985100626945,0.5935027599334717,0.030593719333410263,0.015159586444497108,0.033110927790403366,0.08854541182518005,0.3266476094722748,0.2048654556274414,-0.15636606514453888,-0.01187973003834486,0.26651594042778015,-0.07888476550579071,-0.19270160794258118,0.03998773172497749,-0.017652243375778198,-0.19681309163570404,-0.2178177386522293,-0.291849821805954,-0.2631654441356659,-0.21285763382911682,0.29602113366127014,0.47895127534866333,0.07386466860771179,0.14533893764019012,0.19196295738220215,0.33685874938964844,0.14119182527065277,-0.31420087814331055,-0.3579714298248291,-0.2439340353012085,-0.10951496660709381,0.23649601638317108,0.2847365736961365,0.16325020790100098,-0.040620408952236176,-0.20182962715625763,0.5381683111190796,-0.4917338788509369,-0.3967880606651306,-0.46320709586143494,0.18698522448539734,-0.3397273123264313,0.6381999254226685,0.15344008803367615,0.10156039893627167,-0.9134320020675659,0.10244973748922348,0.3763419985771179,0.03913341835141182,0.040245868265628815,0.10465395450592041,-0.38190990686416626,0.0743105337023735,0.29953888058662415,-0.03753166273236275,0.5924868583679199,-0.19589528441429138,0.18302272260189056,0.005905803292989731,0.3050656020641327,0.10106559097766876,0.06964888423681259,0.058539558202028275,-0.02001684531569481,0.47467368841171265,0.127943217754364,-0.15357933938503265,0.16050395369529724,-0.021630126982927322,-0.21189013123512268,0.25427737832069397,0.32602980732917786,-0.3250259757041931,-0.08030454814434052,0.13684992492198944,0.375178724527359,0.5245871543884277,-0.1004127487540245,0.3772820830345154,-0.17301873862743378,0.357826828956604,-0.034265678375959396,-0.17491161823272705,0.1063697561621666,0.2570725083351135,-0.14952944219112396,0.16714103519916534,-0.530046820640564,-0.1972731500864029,0.14480896294116974,0.23917536437511444,-0.24271813035011292,0.36640962958335876,0.14226076006889343,0.05445706844329834,-0.2407914102077484,-0.7930604219436646,0.16576512157917023,0.24202308058738708,-0.014289108105003834,0.1959933489561081,0.20563514530658722,-0.2889915108680725,0.4398691654205322,-0.13287372887134552,0.24603097140789032,-0.039295025169849396,-0.3558308184146881,0.09443569928407669,0.02437843196094036,-0.549682080745697,0.1742250919342041,-0.08370994031429291,-0.3750193417072296,0.4676029682159424,0.3580189645290375,-0.1280532330274582,0.2303508222103119,0.18078818917274475,-0.06168699264526367,0.22280362248420715,-0.15218575298786163,-0.287834107875824,0.16136236488819122,-0.02604817785322666,0.07781760394573212,-0.10761398077011108,-0.1798720508813858,-0.35775405168533325,-0.39130666851997375,-0.09676815569400787,0.13906912505626678,0.014418204315006733,-0.03670315444469452,0.6197592616081238,0.06417988240718842,-0.15821468830108643,0.03461217135190964,-0.1919315755367279,0.0049405754543840885,0.84187251329422,-0.11026500165462494,-0.1658765971660614,0.218318909406662,-0.05913033336400986,-0.3115653097629547,0.2328636348247528,0.16725453734397888,0.018432334065437317,-0.05015682056546211,-0.10585377365350723,0.07824604213237762,0.10403470695018768,-0.2540777027606964,-0.14757433533668518,0.10095219314098358,0.10285494476556778,-0.2452205866575241,0.05115247890353203,-0.3418368697166443,-0.1704486906528473,-0.12768790125846863,0.0368499755859375,-0.17851464450359344,0.06415626406669617,0.4383857250213623,0.41784006357192993,-0.36771225929260254,0.46232014894485474,0.21912924945354462,0.1467420756816864,-0.7474144697189331,0.05670467019081116,0.04261043295264244,0.21998591721057892,0.11912067234516144,-0.11234090477228165,0.10665865987539291,0.2743804454803467,-0.23555362224578857,-0.05537918210029602,0.000430043030064553,0.10957274585962296,-0.4764370918273926,-0.14532630145549774,0.0015027880435809493,0.126740962266922,-0.04938500002026558,0.22418586909770966,-0.11659903824329376,0.23624110221862793,-0.0028800249565392733,0.4098982810974121,-0.25537869334220886,0.13448138535022736,-0.17768463492393494,0.19642582535743713,-0.3769669234752655,0.279826283454895,0.40770453214645386,-0.38915807008743286,0.0041252016089856625,-0.09461504966020584,-0.3489369750022888,-0.4232773184776306,-0.1819755584001541,0.18715521693229675,-0.2566531002521515,-0.3351741135120392,-0.04102017730474472,0.15208296477794647,-0.04035286232829094
CID000003350,588,-0.0018298670183867216,-0.013338741846382618,0.07575838267803192,0.446532666683197,-0.26476696133613586,0.206448033452034,0.23883387446403503,0.325891375541687,0.07478915899991989,0.3099025785923004,0.32889866828918457,-0.11605750024318695,-0.11161836236715317,0.1767602264881134,0.01770385541021824,-0.15149138867855072,-0.110648512840271,-0.12902818620204926,0.03588920831680298,-0.4024752974510193,-0.05781456083059311,-0.13393715023994446,0.09738528728485107,-0.8077661395072937,-0.05401662737131119,-0.053132761269807816,-0.32694119215011597,-0.050680626183748245,-0.034861184656620026,0.037534065544605255,-0.05177147313952446,0.2557227313518524,0.06592787802219391,0.19491806626319885,0.1593414545059204,-0.34063825011253357,0.28393226861953735,0.12170454114675522,0.1942555010318756,-0.30854398012161255,0.1265002191066742,-0.4641264081001282,0.24524077773094177,-0.20708832144737244,-0.04621327295899391,0.3613987863063812,-0.05147825554013252,-0.005208910908550024,0.049128953367471695,-0.03599856048822403,0.363337904214859,-0.04478628560900688,-0.4589296877384186,-0.09597001224756241,0.1682218611240387,-0.27630752325057983,-0.14053936302661896,0.03207673877477646,0.0705585926771164,0.10499098151922226,-0.10094545036554337,-0.27604585886001587,-0.061161965131759644,-0.009235578589141369,0.3374508321285248,0.5243719816207886,-0.13864976167678833,-0.014748948626220226,0.09479404985904694,0.06506635248661041,0.12667341530323029,0.16605915129184723,-0.25220951437950134,-0.26027625799179077,-0.217940092086792,0.007219861261546612,0.23877111077308655,0.3018895089626312,-0.19580981135368347,-0.1349448710680008,0.11917325109243393,-0.2872523367404938,-0.40393131971359253,0.15811248123645782,0.4640943109989166,-0.022986140102148056,0.011162541806697845,0.3003934621810913,0.12868303060531616,-0.8346589207649231,0.09532330930233002,0.18593688309192657,-0.07631004601716995,0.16256365180015564,-0.08286037296056747,-0.3877161145210266,0.06307263672351837,-0.3113934397697449,0.278587281703949,0.030368585139513016,-0.07965900003910065,0.11985798925161362,-0.07949434220790863,0.3425273001194,0.20353683829307556,-0.07079120725393295,-0.1296621859073639,-0.16309556365013123,0.4562748372554779,-0.01729312166571617,-0.29057997465133667,0.3023586571216583,-0.3013325035572052,0.07163351774215698,-0.007498705293983221,0.32700419425964355,-0.07619085907936096,0.03593100234866142,-0.17106735706329346,0.047696616500616074,0.5932331681251526,-0.2145906239748001,0.2028467208147049,0.3261306881904602,-0.08398188650608063,0.05054130405187607,0.047212619334459305,-0.11894955486059189,0.2723398208618164,0.14446373283863068,0.22562184929847717,-0.3370599150657654,-0.32180705666542053,0.2845359444618225,0.5419212579727173,0.29281678795814514,-0.007801800966262817,0.12348320335149765,-0.26260673999786377,-0.13240723311901093,-0.1556529998779297,0.27407318353652954,0.10291449725627899,-0.0863441452383995,-0.011089684441685677,0.21237024664878845,-0.03896824270486832,0.3774833381175995,-0.03016987442970276,0.09006966650485992,-0.06431352347135544,-0.20516183972358704,0.040484268218278885,0.07928437739610672,-0.25048619508743286,-0.10221104323863983,0.13472136855125427,-0.11000792682170868,0.2585638463497162,0.19935598969459534,0.014803503639996052,-0.14362549781799316,0.1016680970788002,-0.3860551714897156,-0.21682493388652802,-0.0010591760510578752,-0.07647798955440521,0.17551811039447784,0.12953373789787292,0.4493260383605957,-0.009672427549958229,-0.18641750514507294,-0.2467878758907318,-0.29874229431152344,-0.0627894178032875,-0.1390189230442047,0.11955185234546661,-0.3520725965499878,0.46116548776626587,0.0768887847661972,-0.0993080586194992,0.04885787144303322,-0.11365397274494171,-0.36243075132369995,0.18758341670036316,0.15667732059955597,-0.23941710591316223,-0.07870347797870636,0.33022600412368774,-0.382551372051239,-0.1407342255115509,-0.07715526223182678,0.07002739608287811,-0.03522637113928795,0.08503159135580063,-0.05043736845254898,0.060421548783779144,0.11336679756641388,-0.07440851628780365,0.05264969915151596,0.15313570201396942,-0.3461691737174988,-0.12325777113437653,-0.38874495029449463,-0.1876315474510193,-0.34031763672828674,-0.11693805456161499,0.25556549429893494,0.0809771865606308,0.6037023067474365,0.4633421301841736,0.1309235394001007,0.324686735868454,0.20077884197235107,0.04460719972848892,0.04726786911487579,0.07460561394691467,0.1580485850572586,-0.05293790623545647,-0.059430696070194244,0.06297268718481064,-0.0036490261554718018,-0.11773071438074112,-0.26440781354904175,0.14031022787094116,-0.2624284029006958,-0.47486454248428345,-0.10176081955432892,-0.06706005334854126,0.1576053649187088,-0.05258885771036148,0.41097116470336914,0.3686562180519104,0.029817333444952965,0.017772208899259567,0.1070031076669693,0.27746468782424927,-0.26519495248794556,0.048955485224723816,-0.29095572233200073,0.29111844301223755,-0.5666731595993042,0.059600453823804855,0.1532793790102005,-0.15291371941566467,0.01963009312748909,0.17776541411876678,0.04798377677798271,-0.5285369157791138,-0.04899434745311737,0.1940275877714157,-0.05108211189508438,0.049123574048280716,-0.05260765552520752,0.11070622503757477,-0.03402761369943619
CID000056339,599,0.03341204300522804,-0.04785170406103134,-0.08049166202545166,0.28865715861320496,-0.3821775019168854,0.044846776872873306,0.24677817523479462,0.2643730640411377,0.07954244315624237,0.20707488059997559,0.09585603326559067,0.12639814615249634,0.059226371347904205,0.13929203152656555,-0.26462703943252563,-0.046255506575107574,-0.14297445118427277,-0.05357826501131058,0.07418464124202728,-0.4361681342124939,0.019521746784448624,-0.22162047028541565,0.08123008906841278,-0.7615088224411011,0.1345740109682083,0.12356345355510712,-0.05791829898953438,-0.030570849776268005,0.05006139352917671,0.17143861949443817,-0.10031213611364365,0.17867717146873474,0.011342763900756836,0.15442469716072083,0.04356319457292557,-0.018504725769162178,0.1190117821097374,0.0722568929195404,0.22067129611968994,-0.11675915867090225,-0.11043526232242584,-0.3537881374359131,0.13917943835258484,-0.24038119614124298,-0.12812002003192902,0.44106680154800415,0.08944182097911835,0.054351210594177246,0.12187318503856659,-0.026671642437577248,0.21509842574596405,0.14892616868019104,-0.24508433043956757,-0.0524897575378418,0.14735278487205505,-0.1140081137418747,-0.03063851036131382,0.13475993275642395,0.07509342581033707,-0.03828384354710579,-0.09239119291305542,-0.26847144961357117,-0.09019030630588531,-0.04075859114527702,0.312855064868927,0.3340981900691986,-0.164637953042984,-0.15537485480308533,0.22022895514965057,0.05647750571370125,0.10542814433574677,0.0045430660247802734,-0.2082749307155609,-0.3832470774650574,-0.2213600128889084,0.12191607803106308,0.1262521743774414,0.17736312747001648,-0.10448089987039566,-0.070375956594944,0.054265134036540985,-0.5047992467880249,-0.2852189838886261,-0.09743048250675201,0.058487214148044586,-0.1722991168498993,0.18578800559043884,0.02282264269888401,-0.10545802116394043,-0.5887883901596069,-0.1271313726902008,0.25554007291793823,0.019949624314904213,0.10132193565368652,-0.04231574386358261,-0.20295433700084686,-0.12484912574291229,0.1779804527759552,-0.20417825877666473,0.10955057293176651,-0.2522572875022888,-0.06525560468435287,-0.10664315521717072,0.2527879476547241,0.20302517712116241,0.08958594501018524,-0.038523800671100616,0.3933115601539612,0.4256433844566345,-0.15944258868694305,-0.12303551286458969,0.21733789145946503,-0.09359179437160492,-0.038711633533239365,0.034857094287872314,0.1710989773273468,-0.05140499025583267,-0.055474746972322464,-0.19182774424552917,0.19969622790813446,0.560488224029541,-0.14247240126132965,0.2955942749977112,0.28149333596229553,-0.06537209451198578,0.12766927480697632,0.08387960493564606,0.11490632593631744,0.2505555748939514,-0.010568002238869667,-0.039904601871967316,-0.5130695104598999,-0.44086432456970215,0.07928375154733658,0.21309642493724823,-0.13910560309886932,0.021687960252165794,0.11930540949106216,-0.14010626077651978,-0.2069622278213501,-0.15082256495952606,0.05258471518754959,0.04819978028535843,-0.11569243669509888,0.05052759498357773,0.25600099563598633,-0.08102850615978241,0.2894338369369507,0.06174017861485481,0.17236514389514923,0.20131509006023407,-0.2355988472700119,-0.19816707074642181,0.20203177630901337,-0.250396192073822,-0.17463575303554535,-0.05761124938726425,-0.15025962889194489,-0.015125131234526634,0.23942533135414124,-0.06007887050509453,-0.13811886310577393,0.006306326948106289,0.04534256458282471,-0.021709304302930832,-0.10418565571308136,-0.1469840407371521,0.17291200160980225,-0.20435886085033417,0.14125266671180725,0.05662807822227478,-0.23884311318397522,-0.16859236359596252,-0.32781487703323364,-0.017805462703108788,-0.10421045124530792,0.12282556295394897,-0.17936746776103973,0.3665294647216797,-0.1475413590669632,0.09845217317342758,0.0015145897632464767,-0.2435753047466278,-0.156703382730484,0.09253881126642227,0.2179863452911377,-0.167820006608963,-0.05921173840761185,-0.08318349719047546,-0.30996614694595337,0.0897606685757637,0.06234147399663925,0.17207488417625427,0.11837397515773773,0.1716025173664093,-0.20414721965789795,0.06367985904216766,-0.012645659036934376,0.08731050789356232,0.08848945051431656,0.11960755288600922,-0.28370600938796997,-0.01939849928021431,-0.32263484597206116,-0.0631454586982727,-0.1570643186569214,-0.13784289360046387,-0.04839888960123062,-0.025037094950675964,0.37610170245170593,0.31757643818855286,-0.02738666534423828,0.34493130445480347,0.18659888207912445,0.0637984350323677,-0.09901105612516403,-0.14068882167339325,0.09002897888422012,0.034587521106004715,0.05397171899676323,-0.09135902673006058,-0.15188543498516083,-0.06301227957010269,-0.13672418892383575,0.019204508513212204,0.18210431933403015,0.17292913794517517,0.021828405559062958,-0.04776758700609207,-0.2130851298570633,-0.07888887077569962,-0.20919132232666016,0.17340107262134552,0.025466615334153175,-0.17933034896850586,-0.2474965751171112,0.24861297011375427,-0.3171040713787079,0.1363888680934906,-0.29265570640563965,0.19437995553016663,-0.3588319420814514,0.2169419229030609,0.1951121836900711,-0.13462087512016296,0.0015693933237344027,0.04654673486948013,0.07021711766719818,-0.6328812837600708,-0.17901650071144104,0.2743752598762512,-0.2852974534034729,0.14440803229808807,-0.26269790530204773,0.1999771147966385,0.025639880448579788
CID000003657,604,0.45610490441322327,-0.06691297143697739,0.07942245155572891,0.39096707105636597,-0.38129132986068726,-0.11260223388671875,0.3001402020454407,-0.06014980003237724,-0.28638285398483276,0.20474974811077118,0.0924270749092102,-0.6045116782188416,-0.173640638589859,0.32659775018692017,0.1593036949634552,0.10739415884017944,0.23552878201007843,-0.10509181022644043,0.07994616031646729,-0.6676183938980103,0.08040154725313187,0.07939735800027847,-0.04326225444674492,-1.058739185333252,0.06987939029932022,0.13323351740837097,-0.006794252898544073,-0.2973082661628723,0.015803199261426926,0.06775928288698196,-0.009136922657489777,0.03137087821960449,0.09160351008176804,-0.1995568722486496,0.006035783793777227,0.08626057952642441,-0.14382238686084747,0.27993255853652954,-0.29649466276168823,0.2568683922290802,0.016493037343025208,0.020525235682725906,-0.08516953885555267,-0.09300276637077332,0.22198092937469482,0.22313480079174042,0.08535035699605942,-0.1454399675130844,-0.2417864352464676,0.5145868062973022,0.5000726580619812,0.05161000415682793,-0.12831632792949677,0.2852923572063446,-0.300771564245224,0.014516633935272694,0.6758981943130493,0.00653308629989624,1.133080244064331,0.24154791235923767,-0.06027420610189438,-0.38872963190078735,-0.14411179721355438,0.12764373421669006,-0.11033610999584198,0.5539236068725586,-0.32695841789245605,-0.30589285492897034,0.057357072830200195,0.06657383590936661,-0.09886578470468521,-0.07307012379169464,-0.15936526656150818,-0.544869065284729,-0.4493797719478607,0.5257193446159363,0.2014273852109909,0.10131601989269257,0.049991507083177567,-0.039398275315761566,0.5441845655441284,-0.6369909048080444,-0.5067646503448486,0.013163435272872448,-0.17109544575214386,-0.03868640214204788,0.039911024272441864,0.18844251334667206,0.13881656527519226,-0.7818170785903931,-0.09119496494531631,0.2521795630455017,0.012558331713080406,-0.07456724345684052,0.43021100759506226,-0.43780356645584106,0.0504278838634491,0.10319153964519501,-0.06276699155569077,0.38399815559387207,-0.1575169861316681,0.17592424154281616,0.08010397851467133,0.0974138006567955,0.15975797176361084,-0.06879858672618866,0.15986672043800354,-0.3602079749107361,0.4335620403289795,0.024591287598013878,0.028367837890982628,0.1588592231273651,0.09470268338918686,-0.2944038212299347,0.04107675328850746,0.2743576169013977,0.04946742206811905,-0.030276093631982803,0.14895875751972198,-0.0960768461227417,0.7472231984138489,0.03540502488613129,0.17832927405834198,0.11981908977031708,-0.09871882200241089,0.2019931972026825,-0.021634619683027267,0.05689507722854614,0.11655086278915405,0.1118328794836998,-0.01669520139694214,-0.6499785780906677,-0.32165735960006714,0.20285749435424805,0.3504847288131714,0.4414822459220886,-0.2792958617210388,0.18149834871292114,-0.40228205919265747,-0.311945378780365,-0.06942091137170792,0.2237105816602707,-0.13798916339874268,-0.18221552670001984,0.13820013403892517,0.04931408911943436,-0.33497652411460876,0.5451127886772156,0.14454612135887146,-0.1651659905910492,0.007827451452612877,-0.29668790102005005,-0.1548929512500763,0.1374240219593048,-0.15587568283081055,0.0647139921784401,0.1035604476928711,-0.13218243420124054,0.15803399682044983,-0.008769908919930458,-0.16895632445812225,0.1557249128818512,-0.20497480034828186,0.20883090794086456,0.11030824482440948,-0.11852005869150162,0.13780024647712708,0.2826772630214691,0.2007560282945633,-0.06577754020690918,0.11169320344924927,-0.23771294951438904,0.1552737057209015,-0.07441660016775131,0.06888468563556671,-0.12662190198898315,-0.08868833631277084,-0.18661974370479584,0.5729513168334961,-0.16454236209392548,-0.15262524783611298,0.2580692768096924,-0.05415944382548332,0.14115853607654572,0.20601871609687805,0.12994936108589172,-0.08620858192443848,-0.23000216484069824,0.09238708764314651,-0.40135398507118225,-0.011112754233181477,-0.10730711370706558,0.037367600947618484,-0.3823525905609131,0.15863381326198578,-0.20939520001411438,-0.04401075839996338,-0.2598556876182556,0.2684500813484192,-0.10627708584070206,-0.22262707352638245,-0.6097725629806519,0.11193603277206421,-0.2660977840423584,-0.16841647028923035,-0.26037245988845825,-0.05971281975507736,0.16427914798259735,0.4619849622249603,0.5446270704269409,0.479713499546051,0.0064719975925982,0.10132105648517609,-0.17675548791885376,-0.03652211278676987,-0.22405901551246643,0.31323346495628357,0.41363397240638733,-0.4172298014163971,0.609356701374054,-0.08182638883590698,-0.007005944848060608,0.2926390767097473,-0.44451871514320374,-0.2514089345932007,0.04532737284898758,-0.00589651009067893,-0.20882156491279602,-0.46953830122947693,0.014598220586776733,-0.3022705614566803,0.5389581918716431,0.3236604928970337,0.18675991892814636,-0.01299709640443325,0.35056379437446594,0.43798884749412537,-0.7885457277297974,-0.03387990966439247,-0.12836939096450806,-0.19069139659404755,-0.4838508665561676,-0.05529012531042099,0.31493639945983887,0.045123230665922165,-0.13204410672187805,-0.20905688405036926,0.16039855778217316,-0.6660451889038086,-0.45713576674461365,0.2225647270679474,-0.23970599472522736,0.08136163651943207,-0.1530923694372177,-0.0435313880443573,-0.2705856263637543
CID000000861,605,0.1247769370675087,0.10016963630914688,-0.025675231590867043,0.330429345369339,-0.25678813457489014,0.06619729101657867,0.3157912790775299,0.10353939235210419,-0.04404846578836441,0.08726583421230316,0.07350343465805054,0.14562927186489105,-0.04910783842206001,0.19722875952720642,-0.21982398629188538,-0.2218015491962433,-0.10884419828653336,-0.07839930057525635,0.13264501094818115,-0.36305442452430725,0.000841141096316278,-0.2835008502006531,-0.2037775218486786,-0.791835606098175,-0.10814158618450165,0.06749587506055832,-0.15902796387672424,0.19401943683624268,0.010214936919510365,0.11133112013339996,-0.07793153077363968,0.3729967474937439,0.2919027805328369,0.08173994719982147,0.05290587618947029,0.06303079426288605,0.11143738031387329,0.04022369906306267,0.10795252025127411,-0.1967758685350418,-0.10979193449020386,-0.28179970383644104,0.10810556262731552,-0.30121898651123047,-0.12287714332342148,0.4324703812599182,-0.018590057268738747,-0.0642661601305008,0.142534539103508,0.16180071234703064,0.15472500026226044,-0.05610277131199837,-0.2873181700706482,-0.07608860731124878,0.058813344687223434,-0.055457551032304764,-0.10512250661849976,0.04351887106895447,-0.013703900389373302,-0.19970703125,-0.023882025852799416,-0.12411621958017349,-0.10625360161066055,-0.03922953084111214,0.35822567343711853,0.257303923368454,-0.057441454380750656,0.06203855201601982,0.1756032109260559,-0.226836159825325,0.17243072390556335,0.044762928038835526,-0.4022286832332611,-0.2681114673614502,-0.03053755685687065,0.5003547072410583,-0.13441726565361023,0.20860998332500458,-0.03523581475019455,0.1378486603498459,0.20904190838336945,-0.5198891162872314,-0.3336971402168274,0.07690729945898056,0.01940077915787697,-0.15422017872333527,0.08958417177200317,0.046922795474529266,-0.22159580886363983,-0.692315399646759,-0.03164670616388321,0.20488238334655762,-0.035067684948444366,0.05086638778448105,0.028541546314954758,-0.20763161778450012,-0.19437916576862335,0.0358002595603466,0.11957447230815887,0.07754603773355484,-0.2044692486524582,-0.07919564098119736,-0.07432720065116882,0.25659140944480896,0.19405022263526917,0.0073256343603134155,0.026966383680701256,-0.15225213766098022,0.49751776456832886,-0.20631511509418488,-0.1425713300704956,0.1328655630350113,-0.25661540031433105,-0.03323759138584137,0.06239290162920952,0.17496469616889954,-0.03135138377547264,0.0037809014320373535,-0.18161436915397644,0.24121637642383575,0.6313879489898682,-0.09546418488025665,0.2842338979244232,0.19375988841056824,0.10421063750982285,-0.030338536947965622,0.018418004736304283,0.21548406779766083,0.04986480623483658,-0.08277829736471176,0.009686081670224667,-0.5558761358261108,-0.275837242603302,0.02724059857428074,0.3143868148326874,0.06604085862636566,-0.11414390802383423,0.15677952766418457,-0.07582614570856094,-0.19696079194545746,-0.07689051330089569,0.03578122705221176,0.14289867877960205,-0.11610269546508789,0.007252943702042103,0.02198963239789009,-0.09108520299196243,0.3666499853134155,0.11270119249820709,0.2230924665927887,-0.009342486970126629,-0.23903484642505646,0.07879368960857391,-0.011239233426749706,-0.3166358470916748,-0.036975257098674774,-0.06182710453867912,-0.12837374210357666,0.10394097864627838,0.38697952032089233,-0.2805817127227783,-0.010053294710814953,-0.03351062908768654,0.04418268799781799,-0.029704203829169273,0.0008109569316729903,-0.19332993030548096,-0.05605428293347359,-0.14408047497272491,0.17711085081100464,0.07646538317203522,-0.22748294472694397,-0.14628063142299652,-0.4005592465400696,0.04603465273976326,-0.042770035564899445,0.18330559134483337,-0.05662032216787338,0.37928879261016846,0.11460413783788681,0.00828867219388485,-0.028383174911141396,-0.20477361977100372,-0.09857319295406342,0.1991305649280548,0.16694383323192596,-0.26715368032455444,0.2899937629699707,-0.030078381299972534,-0.33768653869628906,0.10108119249343872,0.025777658447623253,0.13598772883415222,0.04610656574368477,-0.021745044738054276,0.011630451306700706,-0.00710787158459425,0.118020199239254,-0.08687648177146912,0.055457741022109985,0.19018445909023285,-0.22962579131126404,0.22569474577903748,-0.11675089597702026,0.21202130615711212,-0.20870323479175568,0.005926451180130243,-0.13860970735549927,-0.01738407090306282,0.39081087708473206,0.3317556083202362,0.11063265800476074,0.13010668754577637,0.16283956170082092,0.09425044059753418,-0.14666937291622162,-0.1532115638256073,0.07863446325063705,0.18641753494739532,0.24380239844322205,0.021685224026441574,-0.12893392145633698,0.054837070405483246,-0.12443090975284576,-0.04707326367497444,0.03627512603998184,-0.08838121592998505,-0.062441177666187286,-0.04798171669244766,-0.01573704183101654,-0.04747426137328148,0.06768523156642914,0.21862110495567322,0.09602271020412445,-0.1079869493842125,0.3422805666923523,0.2334328442811966,-0.48608702421188354,0.07634290307760239,-0.228044793009758,0.30060142278671265,-0.5100640058517456,0.1950671374797821,0.18341338634490967,-0.13348796963691711,-0.22023341059684753,0.22604219615459442,-0.12031121551990509,-0.5758432149887085,-0.09472102671861649,0.22179600596427917,-0.1999882310628891,-0.13678203523159027,-0.05246739834547043,0.11394666135311127,-0.054786063730716705
CID000150310,608,0.0058179497718811035,-0.03309909254312515,0.2333320826292038,0.2918904423713684,-0.17182257771492004,-0.19842961430549622,-0.06608811020851135,0.42512789368629456,0.19243820011615753,0.23617109656333923,-0.08439929783344269,-0.14884845912456512,-0.2423449456691742,0.06847772747278214,0.043256331235170364,0.05590037256479263,-0.06178353354334831,-0.11026475578546524,0.000791269529145211,-0.49740734696388245,0.31505948305130005,-0.3991014361381531,0.21034817397594452,-0.9373806118965149,0.245081827044487,0.4820311963558197,-0.21003273129463196,-0.2821498513221741,0.23319654166698456,0.3058270514011383,-0.12171988189220428,0.3406376838684082,-0.03228190541267395,0.3056282699108124,-0.07818944752216339,0.12722422182559967,-0.05543438345193863,-0.06920880079269409,-0.12786774337291718,-0.4317494034767151,0.00879734754562378,-0.0544215552508831,-0.017038041725754738,-0.25844472646713257,0.006665918044745922,0.28461605310440063,-0.016914019361138344,-0.13930323719978333,0.21229228377342224,0.0915450006723404,0.24827268719673157,0.14536640048027039,-0.30010494589805603,-0.15992558002471924,-0.0017717942828312516,-0.07109217345714569,-0.2872563898563385,-0.025111395865678787,0.11927654594182968,0.09829100221395493,-0.2509511411190033,-0.31069299578666687,0.18680770695209503,-0.04923371598124504,0.11577454954385757,0.5561980605125427,-0.1464996039867401,0.08733981847763062,0.18648700416088104,-0.3592819273471832,0.1485644280910492,-0.19671858847141266,-0.1925181746482849,-0.3140438199043274,-0.2513279318809509,-0.1533305048942566,-0.350310742855072,0.23510880768299103,-0.08260837197303772,-0.06308413296937943,0.14569418132305145,-0.21866580843925476,-0.3361472189426422,0.09168640524148941,-0.21718266606330872,-0.007829234004020691,0.49080681800842285,0.4710465967655182,-0.11906144767999649,-0.750900149345398,-0.0685398206114769,0.42774924635887146,-0.05549886077642441,-0.3095029890537262,-0.27387136220932007,-0.4554838240146637,-0.16546276211738586,0.18745365738868713,0.12989895045757294,0.39997929334640503,-0.06747619807720184,0.404644250869751,0.016846727579832077,0.5217185020446777,0.16982874274253845,0.0544387511909008,-0.027216196060180664,-0.2816177308559418,0.3419892191886902,-0.08935286104679108,-0.1604309380054474,0.17839562892913818,0.07390494644641876,-0.10808274894952774,-0.1527494341135025,0.45293134450912476,-0.19846311211585999,-0.021204186603426933,-0.15475717186927795,0.2541252076625824,0.5613393783569336,-0.29403775930404663,0.10054503381252289,0.5413729548454285,0.04223181679844856,0.10062698274850845,0.20321419835090637,0.19589538872241974,0.5063225626945496,-0.004629943519830704,0.12334458529949188,-0.44996944069862366,-0.4080054759979248,0.15071995556354523,0.25870802998542786,0.2767486870288849,0.14400753378868103,0.29417070746421814,0.02786760963499546,-0.1969110071659088,-0.18100599944591522,0.14571471512317657,-0.09238307178020477,-0.1447722315788269,-0.12299865484237671,0.3074681758880615,-0.17828789353370667,0.47404298186302185,-0.24294908344745636,0.23447704315185547,0.06419291347265244,-0.38668307662010193,-0.20514197647571564,-0.10142283141613007,-0.24148845672607422,-0.11046943813562393,-0.14030292630195618,-0.38735538721084595,0.14901308715343475,0.17593249678611755,-0.10753200203180313,-0.40507858991622925,0.03091997466981411,0.10859457403421402,0.020105978474020958,-0.013272380456328392,-0.1576944887638092,-0.11908416450023651,0.014938423410058022,0.2480536252260208,0.09071201086044312,0.019027777016162872,-0.2682316303253174,-0.26261258125305176,-0.04627345874905586,0.08677668869495392,0.33631616830825806,-0.21410413086414337,0.49423733353614807,-0.07151234149932861,0.07676181942224503,-0.015852171927690506,-0.034394651651382446,-0.1779579073190689,0.632166862487793,0.08174066245555878,-0.258840411901474,-0.07841157913208008,0.10762985050678253,-0.42704758048057556,-0.15892405807971954,0.1502978503704071,0.1328122466802597,-0.011772358790040016,0.22301197052001953,0.008250018581748009,0.333731085062027,0.28168314695358276,-0.052975159138441086,0.2409837543964386,0.13241976499557495,-0.37235477566719055,-0.05139819532632828,-0.40404748916625977,0.30055302381515503,-0.03672695904970169,-0.07076521962881088,-0.017724907025694847,0.26436159014701843,0.5800735950469971,0.3761955499649048,0.14109739661216736,0.3849703371524811,0.027342060580849648,0.27480578422546387,-0.3590114116668701,0.11365710198879242,0.08043348789215088,0.10830839723348618,-0.22179117798805237,0.026065543293952942,0.12263496220111847,-0.2369963824748993,-0.4067508280277252,-0.26699885725975037,-0.0050074756145477295,0.08593528717756271,-0.45703643560409546,-0.05941315367817879,0.22721847891807556,0.18282850086688995,0.12284412235021591,0.2822546362876892,-0.023329878225922585,0.2633911967277527,0.2466454952955246,0.45426565408706665,-0.6092886924743652,0.01818947121500969,-0.17228370904922485,0.12046978622674942,-0.5480974912643433,-0.3029084801673889,0.08431237936019897,-0.22605757415294647,-0.1312812864780426,0.2605757713317871,0.03108542039990425,-0.6052910685539246,-0.20745691657066345,0.2922307550907135,-0.006925678346306086,-0.21655383706092834,-0.13934311270713806,-0.011652099899947643,-0.08903864771127701
CID000004236,613,0.3666263818740845,-0.0465858057141304,0.07589735090732574,0.27892401814460754,-0.16198809444904327,0.28114527463912964,0.1907707005739212,0.34078171849250793,0.041724834591150284,0.22065618634223938,0.44093871116638184,0.17218761146068573,0.018681202083826065,0.1398455798625946,-0.2682320475578308,-0.18713462352752686,-0.1418014019727707,-0.17612655460834503,0.16982261836528778,-0.4584065079689026,0.09764702618122101,0.004804062657058239,0.07520885765552521,-0.7675732970237732,-0.18424472212791443,-0.08627627789974213,-0.01358206570148468,-0.07614890486001968,-0.16005374491214752,0.24137166142463684,0.31362777948379517,0.2749638557434082,-0.2972552180290222,-0.11466199159622192,0.11911413818597794,0.277143657207489,0.17819619178771973,-0.023456890136003494,0.1354883462190628,-0.18371590971946716,-0.07640091329813004,-0.07823870331048965,0.02113468386232853,-0.18019597232341766,-0.35639938712120056,0.30452772974967957,0.15989801287651062,0.004053747747093439,0.13382752239704132,0.17504510283470154,0.44629496335983276,0.10878267139196396,-0.12986810505390167,0.227072075009346,0.3387583792209625,-0.09529431909322739,0.453828901052475,0.28027206659317017,0.09058986604213715,0.07183327525854111,-0.40269550681114197,-0.5574560165405273,-0.26351791620254517,-0.22262267768383026,0.3148956298828125,0.5638508200645447,-0.03144759684801102,-0.20542117953300476,0.13968804478645325,0.028848011046648026,-0.08952224254608154,-0.2539858818054199,-0.46481814980506897,-0.3895215392112732,-0.5182992219924927,0.12617287039756775,-0.06666132062673569,0.07947111129760742,0.13390597701072693,0.1681050956249237,0.3174780309200287,-0.49717968702316284,-0.40951472520828247,0.5201085805892944,-0.06593483686447144,-0.24042901396751404,0.3144962191581726,0.1541130244731903,0.03605634719133377,-0.6070044636726379,-0.022475119680166245,0.38956454396247864,0.1574126034975052,0.29621750116348267,-0.1115759015083313,-0.28987687826156616,-0.06255121529102325,-0.22644516825675964,0.09841926395893097,0.36738842725753784,-0.07970761507749557,-0.061503373086452484,0.009868236258625984,0.4194130003452301,0.1393943578004837,0.024724941700696945,-0.27997058629989624,-0.25492507219314575,0.5280883312225342,0.1587733030319214,-0.03442154824733734,-0.017115850001573563,-0.2404845505952835,-0.06086980551481247,0.1610456109046936,0.36280879378318787,-0.09058134257793427,-0.09468621015548706,-0.1280450075864792,0.45393985509872437,0.5563069581985474,-0.3891955316066742,0.47377699613571167,0.07356379181146622,0.06527093797922134,0.3093489706516266,-0.09625610709190369,-0.3144741952419281,0.18252317607402802,0.10369803011417389,0.11054585129022598,-0.4412945806980133,-0.4237131178379059,0.3541235029697418,0.27670398354530334,-0.22475524246692657,0.23598575592041016,0.11781994998455048,-0.3119961619377136,-0.49117279052734375,-0.4588235318660736,0.19408348202705383,0.350960910320282,-0.1087430939078331,0.052321333438158035,-0.02367650531232357,-0.1432972401380539,0.44598454236984253,-0.1532861888408661,0.20926909148693085,0.07253895699977875,-0.2103370875120163,0.15536688268184662,-0.04356708005070686,-0.027052458375692368,-0.2738644480705261,-0.19982711970806122,-0.5093659162521362,-0.0933421403169632,0.2919129431247711,0.19778424501419067,0.0708698034286499,-0.060061920434236526,0.23812279105186462,-0.03232228010892868,-0.16407093405723572,-0.33673617243766785,0.26649945974349976,-0.009945601224899292,0.17883366346359253,-0.001144219539128244,-0.2441115826368332,-0.305286169052124,-0.14122416079044342,-0.12146233022212982,-0.020111635327339172,0.036441247910261154,-0.2836417853832245,0.67545485496521,-0.17940887808799744,-0.15281179547309875,0.08609887212514877,-0.5587232708930969,-0.2530820965766907,0.0324183888733387,0.20890045166015625,-0.301180362701416,-0.013342502526938915,-0.16377601027488708,-0.536167562007904,0.23724094033241272,0.11328756809234619,0.27616915106773376,-0.1156754344701767,-0.06300844252109528,-0.24769441783428192,0.21802040934562683,-0.017141025513410568,-0.031430020928382874,0.26991015672683716,0.13353797793388367,-0.44088560342788696,-0.02786790207028389,-0.5327654480934143,0.15182404220104218,-0.16802620887756348,-0.014423449523746967,-0.11642970889806747,0.20819368958473206,0.39144882559776306,0.2748422920703888,0.38259655237197876,0.27013418078422546,0.29974955320358276,0.15116623044013977,-0.6203767657279968,0.08145900070667267,0.24298162758350372,-0.1551894247531891,-0.11010895669460297,0.19684188067913055,-0.1871398538351059,-0.1002509817481041,-0.3645436465740204,0.027767106890678406,-0.1684029996395111,-0.20948918163776398,-0.23251648247241974,-0.11625313758850098,-0.028520191088318825,-0.14443981647491455,0.03453950211405754,0.24611108005046844,0.004113503731787205,-0.12099732458591461,0.28364235162734985,0.36293676495552063,-0.288926899433136,-0.010387559421360493,-0.08630679547786713,0.24920091032981873,-0.6787499189376831,-0.08481182157993317,0.24884167313575745,0.065366730093956,0.07441461086273193,0.18884047865867615,-0.21437683701515198,-0.5992786884307861,-0.13485759496688843,0.3479817509651184,-0.05583921819925308,-0.11925611644983292,-0.24237580597400665,0.051584430038928986,0.02510160207748413
CID000002522,616,0.18693742156028748,-0.24828974902629852,0.20247121155261993,0.21854639053344727,-0.12928208708763123,-0.16398867964744568,0.11368775367736816,0.2325705587863922,0.05523816496133804,0.16553577780723572,0.16280153393745422,-0.48723363876342773,-0.20933730900287628,0.3386310935020447,0.12010905891656876,-0.008995911106467247,0.12177816778421402,-0.3362845778465271,-0.19958804547786713,-0.3970279097557068,0.2774066925048828,-0.22140023112297058,-0.17292335629463196,-0.693649411201477,0.02617817558348179,0.07072296738624573,-0.36037081480026245,-0.27449408173561096,0.02692786417901516,0.23843567073345184,-0.01901160180568695,0.3609354794025421,-0.012889308854937553,-0.09803179651498795,0.16984179615974426,0.03914256766438484,0.33466482162475586,-0.02038291096687317,0.3288748860359192,-0.3572845757007599,0.12531951069831848,-0.07319386303424835,0.18944165110588074,-0.3503781855106354,-0.09375427663326263,0.32494884729385376,0.015108251944184303,0.0234721340239048,0.02274569682776928,0.17793428897857666,0.2408994436264038,0.0055945515632629395,-0.2852432429790497,-0.251088410615921,-0.1765221804380417,0.03465306758880615,-0.09784805029630661,0.10664210468530655,0.19599540531635284,-0.17167961597442627,-0.08793045580387115,-0.2963629364967346,-0.001703037298284471,0.035006530582904816,0.35466480255126953,0.7494897246360779,-0.24844500422477722,-0.23710736632347107,0.4133976399898529,-0.20612812042236328,0.28943485021591187,0.41427165269851685,-0.42532873153686523,-0.2481367290019989,-0.33479586243629456,0.12110698223114014,0.1401594579219818,0.08797042071819305,-0.050052106380462646,-0.06560847908258438,0.04583264887332916,-0.18755194544792175,-0.47967416048049927,0.01986958459019661,0.014302575960755348,0.04291658475995064,0.10499398410320282,0.2911195755004883,0.02040776237845421,-0.827839195728302,0.07763737440109253,0.30353984236717224,-0.15403370559215546,0.2403256595134735,0.1430424004793167,-0.463007390499115,-0.2576400339603424,0.08142973482608795,-0.10227663815021515,0.23234358429908752,-0.247079998254776,-0.07548762857913971,-0.12146390974521637,0.3195914626121521,0.7243102788925171,0.07422426342964172,0.08910956978797913,-0.1313803791999817,0.29877856373786926,0.2680193781852722,-0.14564566314220428,0.16135407984256744,0.019402096047997475,0.19578680396080017,0.03012390062212944,0.4590736925601959,0.09647899866104126,-0.4985554814338684,-0.16819706559181213,0.054660238325595856,0.5778628587722778,-0.04544137045741081,0.12542887032032013,0.12306758016347885,-0.001336127519607544,0.10316117852926254,0.03276114538311958,0.07269027829170227,0.28677311539649963,0.20390495657920837,0.172359436750412,-0.5266298055648804,-0.1487332284450531,0.08089718222618103,0.20659999549388885,0.16976235806941986,-0.08968881517648697,0.16887438297271729,-0.14937208592891693,0.07527242600917816,-0.24749331176280975,0.4399165213108063,-0.02531515434384346,-0.07719425857067108,0.07139076292514801,0.17178788781166077,0.10238834470510483,0.3587387204170227,-0.1841522455215454,0.17002753913402557,-0.11238610744476318,-0.13116666674613953,-0.10080350935459137,0.12428255379199982,-0.23509609699249268,-0.21934321522712708,-0.12404169887304306,-0.2126954346895218,-0.05217566341161728,0.42765289545059204,0.08617587387561798,0.11231420934200287,-0.06984196603298187,0.07080058753490448,-0.3293151259422302,-0.21086350083351135,-0.13716097176074982,-0.2375054806470871,0.15026232600212097,0.27648138999938965,0.23303933441638947,-0.34359103441238403,-0.17566294968128204,-0.31977516412734985,-0.1078859344124794,0.1268603503704071,0.26927655935287476,-0.3219960331916809,0.43953806161880493,0.06619145721197128,0.033478379249572754,-0.13071033358573914,-0.05966939777135849,-0.12541648745536804,0.3820388615131378,0.08062563091516495,-0.22928151488304138,0.0416298434138298,0.28674882650375366,-0.5360333323478699,-0.04396902397274971,-0.07601164281368256,0.3524160385131836,0.10464996099472046,0.27140432596206665,-0.2014908790588379,0.28533467650413513,0.16150498390197754,-0.23900315165519714,-0.38550955057144165,0.18878647685050964,-0.2801141142845154,0.04253603518009186,-0.34282365441322327,-0.07218902558088303,-0.008593562990427017,0.10349128395318985,0.10631261020898819,0.34865689277648926,0.46194225549697876,0.5206323862075806,0.030679073184728622,0.11719955503940582,0.007112995721399784,0.22970731556415558,-0.24664267897605896,0.05940498784184456,0.024788687005639076,-0.043957822024822235,-0.09816402196884155,-0.2830224633216858,-0.298610657453537,0.3090793192386627,-0.4732278287410736,-0.39909765124320984,0.04122341424226761,0.08151565492153168,-0.1635025143623352,-0.39776796102523804,-0.19473989307880402,-0.02071019634604454,0.2289491444826126,0.7500776648521423,-0.08392990380525589,0.09692132472991943,0.1411670744419098,0.4085623323917389,-0.16436795890331268,0.1130041852593422,-0.1647452414035797,-0.1129230260848999,-1.0607411861419678,0.0799138993024826,0.32763776183128357,-0.058501482009887695,0.5569708943367004,0.26482707262039185,-0.15867900848388672,-0.3771171271800995,-0.428819477558136,0.23416784405708313,-0.026243239641189575,0.13066764175891876,-0.0009053692338056862,0.15418612957000732,0.02638176456093788
CID000001971,619,0.3041982650756836,0.1427367925643921,-0.03129514306783676,0.7806636095046997,-0.6601271033287048,-0.05066854506731033,0.10618147999048233,0.13834699988365173,0.1818183958530426,0.3657219111919403,0.10745199024677277,-0.9933637380599976,-0.019899901002645493,0.16490750014781952,0.19071754813194275,0.41300010681152344,-0.04038847237825394,-0.2863900065422058,0.08612509071826935,-0.6849667429924011,0.39172714948654175,0.06684957444667816,0.13210317492485046,-1.1176984310150146,-0.2907290756702423,-0.09857603162527084,-0.16259178519248962,0.005011898465454578,-0.08457310497760773,0.011302933096885681,0.11002358049154282,0.0213489793241024,-0.17599323391914368,0.2464524805545807,-0.089845672249794,-0.12160412222146988,0.037591300904750824,0.11228729784488678,0.12140709161758423,-0.2333662211894989,-0.37565961480140686,-0.24943101406097412,-0.18129412829875946,0.0904487669467926,0.28989875316619873,-0.06779207289218903,-0.10590491443872452,-0.17551858723163605,-0.12781766057014465,-0.011541416868567467,0.5420594811439514,0.15635979175567627,-0.14705303311347961,-0.12958559393882751,-0.02556128427386284,-0.051659829914569855,0.7538608312606812,-0.21169623732566833,1.4008077383041382,0.08680941164493561,0.06903617084026337,-0.32928556203842163,-0.08666794747114182,-0.08669896423816681,0.02877907082438469,0.6293654441833496,-0.2564224898815155,0.008608895353972912,-0.21357783675193787,0.027532875537872314,0.0548865869641304,0.00015420318231917918,0.10728059709072113,-0.45252862572669983,-0.10333673655986786,0.0469917431473732,0.059668224304914474,-0.1799686998128891,0.06411541998386383,-0.18151429295539856,0.1855347454547882,-0.4220918118953705,-0.32277634739875793,0.08766663074493408,0.11936173588037491,-0.02003311738371849,0.14139501750469208,-0.0743950828909874,-0.1637284755706787,-0.43615350127220154,0.16806921362876892,0.010087559930980206,-0.06261827796697617,0.26881876587867737,-0.1551477015018463,-0.4793568253517151,0.047059912234544754,-0.19802173972129822,-0.12431111186742783,0.24331660568714142,-0.20721569657325745,0.3282501697540283,-0.14254480600357056,0.01630772277712822,0.2454024851322174,0.17114189267158508,0.3205115497112274,-0.37676697969436646,0.8825815916061401,0.13786478340625763,0.08869569003582001,0.17323122918605804,0.1985655128955841,-1.306941270828247,0.05843766778707504,0.23965111374855042,0.09157449752092361,-0.2105397880077362,0.1795324981212616,0.1302608996629715,0.9547680616378784,-0.922540009021759,0.35446590185165405,-0.011000549420714378,-0.18106767535209656,0.29248595237731934,0.012752520851790905,0.03615962341427803,0.1645994782447815,-0.16055354475975037,-0.02367388643324375,-0.6246312856674194,-0.5072181224822998,-0.02634088136255741,0.2971542775630951,0.0997869223356247,0.3554821312427521,0.2992454171180725,-0.1731880158185959,0.03445510193705559,-0.018603233620524406,0.37762999534606934,-0.1587143838405609,0.20761387050151825,0.04319806024432182,-0.07172206044197083,-0.012662837281823158,0.7609950304031372,-0.29860785603523254,-0.08525209873914719,-0.1951146274805069,-0.45864757895469666,0.17254163324832916,0.2065264731645584,0.12530295550823212,0.1479591429233551,-0.06069747358560562,0.05720927566289902,-0.1882060468196869,0.05345362424850464,-0.05774696543812752,-0.11522426456212997,-0.03456064313650131,-0.09287172555923462,0.005195236299186945,-0.17610770463943481,0.07665474712848663,0.22060361504554749,0.11824697256088257,0.31268829107284546,0.19665279984474182,0.17511971294879913,-0.021114731207489967,-0.04106471687555313,-0.022378146648406982,-0.02263355813920498,0.10077593475580215,-0.3036743104457855,0.6963365077972412,-0.033693473786115646,-0.3019658327102661,-0.22814074158668518,-0.06454553455114365,0.12023606151342392,-0.12818008661270142,-0.1339452564716339,0.0680268332362175,-0.19269748032093048,0.06464527547359467,-0.21258731186389923,-0.11071348190307617,0.03577641770243645,-0.3037896752357483,-0.12686191499233246,0.08618863672018051,0.020931875333189964,-0.08859116584062576,0.130628302693367,0.2824638783931732,0.11856486648321152,-0.7892588376998901,-0.48379722237586975,-0.09631774574518204,-0.0968085452914238,0.1334766447544098,0.054094232618808746,0.079916812479496,0.16315075755119324,0.7200990915298462,0.6187275052070618,0.3867843747138977,-0.032416850328445435,-0.10421977937221527,0.13300445675849915,-0.11959417909383774,-0.2187790423631668,0.01851208508014679,0.8647885322570801,-0.070810966193676,0.30630478262901306,-0.0604935884475708,-0.19869741797447205,-0.17190635204315186,-0.40705251693725586,0.024753404781222343,-0.27053606510162354,-0.08881442248821259,-0.03705257922410965,-0.31040921807289124,0.39863914251327515,-0.13686974346637726,0.6200329065322876,0.5262293815612793,0.21575352549552917,0.12357239425182343,0.18863870203495026,0.4251817762851715,-0.3083290755748749,0.17767542600631714,-0.2703621983528137,-0.2404220551252365,-0.0009357273811474442,-0.17618194222450256,0.004503498785197735,-0.06536055356264114,0.03678449988365173,-0.1410914957523346,0.2645590901374817,-0.9034690856933594,0.25991544127464294,0.20450899004936218,0.1884586066007614,0.1474989950656891,-0.2785547375679016,0.1374431997537613,-0.09240377694368362
CID000002099,620,0.14034774899482727,0.27200382947921753,0.4245712161064148,0.8035213351249695,-0.34733787178993225,0.11122874915599823,-0.07192601263523102,0.1548423022031784,-0.10080362856388092,0.09107831865549088,-0.16657905280590057,-0.01634051278233528,-0.08157753199338913,0.09340488165616989,-0.1091662272810936,-0.05061904340982437,-0.0563034787774086,-0.02884916588664055,-0.23825624585151672,-0.7128322124481201,-0.16238853335380554,-0.15852487087249756,0.2235369235277176,-0.9189912676811218,-0.5081819891929626,0.0642482116818428,-0.009330356493592262,-0.19688428938388824,0.12769941985607147,-0.06337456405162811,0.23290053009986877,0.3029676079750061,-0.07418330758810043,-0.05123888701200485,0.17298579216003418,-0.09068115800619125,0.06522955745458603,0.08284574747085571,-0.014851477928459644,-0.22367994487285614,-0.33421146869659424,0.01698191836476326,0.19960078597068787,-0.040131255984306335,-0.27329471707344055,0.23900823295116425,-0.019435197114944458,0.08090989291667938,0.20635001361370087,0.02913159690797329,0.6076813340187073,0.039937108755111694,-0.2626887857913971,-0.21658548712730408,0.06948752701282501,-0.43956685066223145,-0.1526564657688141,0.26390939950942993,0.17286810278892517,-0.1260199248790741,-0.3458952009677887,-0.2521054744720459,-0.20853650569915771,0.08449109643697739,0.1311987191438675,0.5934997797012329,0.20827403664588928,-0.1554754674434662,-0.27448326349258423,0.14164486527442932,0.00804063118994236,-0.2725137174129486,-0.2805911898612976,-0.19072510302066803,-0.06818463653326035,0.3162173628807068,0.15734605491161346,-0.0656277984380722,0.022336969152092934,0.14270462095737457,0.6105324029922485,-0.3988892734050751,-0.42871618270874023,-0.12666822969913483,0.025819828733801842,0.058931659907102585,0.18175271153450012,0.1464899182319641,-0.21051153540611267,-0.704818606376648,-0.11138179153203964,0.09563727676868439,-0.14835163950920105,-0.0039072842337191105,-0.3133595287799835,-0.20737114548683167,-0.10390762984752655,-0.3079667091369629,0.04593953117728233,0.1631895750761032,0.1850896179676056,-0.0721246600151062,0.1272309422492981,0.21168144047260284,-0.13162007927894592,-0.006456834729760885,-0.2859407067298889,0.2077631950378418,0.5579425096511841,-0.07845086604356766,0.22791865468025208,0.05568190664052963,-0.4883555769920349,-0.23022246360778809,-0.3376351296901703,0.2624719738960266,0.026081537827849388,0.26397523283958435,-0.227441668510437,0.3850634694099426,0.8637675046920776,-0.1088772863149643,0.28241926431655884,-0.05122678354382515,-0.24879328906536102,0.23670487105846405,0.027382254600524902,-0.1418619453907013,0.30368489027023315,-0.07981889694929123,0.26633140444755554,-0.6316490173339844,-0.46066194772720337,0.15047892928123474,0.14638866484165192,0.17930254340171814,0.008778017945587635,-0.08524326235055923,0.21641197800636292,-0.4855537414550781,-0.2327578067779541,0.23115229606628418,0.19568249583244324,-0.04059537500143051,0.03292778879404068,0.38794535398483276,0.09724114835262299,0.5041295289993286,0.2054639756679535,0.15838930010795593,0.17117564380168915,-0.5272702574729919,0.18361066281795502,0.4174659848213196,-0.14587518572807312,-0.2990713119506836,0.017172029241919518,-0.1416989266872406,-0.18021996319293976,-0.01590208150446415,0.12858177721500397,0.2386307269334793,0.162046417593956,0.1302444189786911,-0.14261147379875183,-0.09826269745826721,-0.26545435190200806,0.3118409514427185,-0.09942478686571121,0.19606132805347443,0.18831118941307068,-0.0478309690952301,-0.24612805247306824,-0.12195956707000732,0.17685653269290924,-0.01591225527226925,0.24530550837516785,-0.21682998538017273,0.7691240906715393,0.07062901556491852,-0.34876734018325806,-0.005300992634147406,-0.1808995008468628,-0.2392791509628296,0.423159658908844,0.13107283413410187,-0.6459139585494995,0.21675579249858856,0.06444964557886124,-0.23282615840435028,0.2607949376106262,-0.1235915794968605,-0.28350314497947693,-0.38053256273269653,0.14822693169116974,-0.03705347329378128,-0.3978112041950226,-0.10407175868749619,0.013350111432373524,0.10405151546001434,-0.020398220047354698,-0.23409219086170197,-0.021730948239564896,-0.28114888072013855,-0.07852737605571747,-0.26697221398353577,-0.11039669811725616,-0.24789273738861084,0.2545463442802429,0.4447067379951477,0.4132351875305176,-0.025276917964220047,0.3176196217536926,-0.1441715657711029,0.13646018505096436,-0.38570359349250793,-0.035684697329998016,0.40889519453048706,-0.020110469311475754,0.0029769062530249357,-0.09044841676950455,0.06276462227106094,-0.16775885224342346,-0.1896597295999527,-0.2753600478172302,-0.3484128713607788,0.04723022133111954,-0.33944305777549744,0.10210342705249786,-0.1821763515472412,-0.12780700623989105,0.37105780839920044,0.11694943904876709,-0.0910269170999527,-0.08270074427127838,-0.05256247520446777,0.8378890156745911,-0.5800777673721313,0.08838561922311783,-0.011992685496807098,0.34898167848587036,-0.5879325270652771,-0.3879966735839844,0.21012356877326965,0.244977667927742,-0.06694722175598145,0.13528774678707123,-0.27685171365737915,-0.946104884147644,-0.337674081325531,0.3217105269432068,-0.1614566445350647,-0.04072552174329758,-0.32284194231033325,0.14813624322414398,-0.06666173785924911
CID000036339,621,0.02347167395055294,-0.06751388311386108,-0.06340514868497849,0.3957456946372986,-0.43360909819602966,0.11483080685138702,0.32347744703292847,0.24997194111347198,0.24525395035743713,0.2841149568557739,0.19077438116073608,0.0922374278306961,-0.08150239288806915,0.1461312472820282,-0.22653818130493164,-0.21161465346813202,-0.07285499572753906,-0.0361948199570179,0.04656248539686203,-0.33604905009269714,-0.005407780408859253,-0.27404189109802246,-0.024002259597182274,-0.7611891031265259,0.04882362484931946,0.05870354175567627,-0.12364945560693741,-0.06213712692260742,0.04461072012782097,0.08602507412433624,-0.1194801777601242,0.19698546826839447,0.17177614569664001,-0.10648192465305328,0.01787502132356167,-0.08726699650287628,0.1881084442138672,-0.013695371337234974,0.20332400500774384,-0.09368725121021271,0.012596866115927696,-0.1899917721748352,0.17877908051013947,-0.28380757570266724,-0.1803092062473297,0.376808226108551,0.05158272385597229,0.08355817943811417,0.11426366865634918,-0.02882589027285576,0.2529679536819458,0.3642180562019348,-0.26501932740211487,0.06436526775360107,0.07713168859481812,-0.11403819173574448,-0.032860614359378815,0.09740786254405975,0.010289008729159832,0.05652077868580818,-0.1418173909187317,-0.29927757382392883,0.03875700384378433,0.04788561910390854,0.15371064841747284,0.30634087324142456,-0.1735750436782837,-0.030579019337892532,0.13851846754550934,0.13900187611579895,-0.014375668950378895,-0.14215806126594543,-0.37748557329177856,-0.3923446536064148,-0.23849090933799744,0.009951919317245483,0.11250126361846924,0.14894653856754303,-0.05518849939107895,0.002137768315151334,-0.004609727766364813,-0.5553702116012573,-0.28340426087379456,-0.06620647758245468,0.1274496614933014,-0.00402469327673316,0.15521490573883057,0.15308675169944763,-0.051848482340574265,-0.6365298628807068,-0.0871712863445282,0.13343515992164612,-0.01931878551840782,-0.0024054006207734346,0.01766837202012539,-0.24574530124664307,-0.20273344218730927,0.35161978006362915,-0.0014872730243951082,-0.03128699213266373,-0.18786226212978363,0.015942614525556564,-0.05261654406785965,0.3140643537044525,0.2072782814502716,-0.05459029600024223,-0.1855911761522293,0.0008097626268863678,0.46942439675331116,-0.2637263834476471,-0.07284323126077652,0.13532763719558716,-0.04018126428127289,-0.10456506907939911,-0.0663725882768631,0.12185777723789215,0.07737933099269867,0.05683550983667374,-0.12136335670948029,0.20042085647583008,0.5630801916122437,-0.1643090397119522,0.28296083211898804,0.27709296345710754,-0.07576233148574829,0.24264487624168396,0.022216226905584335,0.06589019298553467,0.21733272075653076,-0.011278015561401844,0.050383538007736206,-0.5157411694526672,-0.4863717555999756,0.07589009404182434,0.28745895624160767,0.025286028161644936,0.11495205014944077,0.25881412625312805,-0.1793423295021057,-0.1847243756055832,-0.10328493267297745,0.16987553238868713,0.027486378327012062,-0.09978406131267548,0.006628647446632385,0.01572614349424839,0.006627845577895641,0.285427063703537,0.040102262049913406,0.1622362583875656,-0.06976339966058731,-0.26612988114356995,-0.11634768545627594,0.12065275013446808,-0.3389837145805359,-0.0681876540184021,-0.08489428460597992,-0.013347595930099487,0.04588400572538376,0.23175163567066193,-0.1949048489332199,0.1699216663837433,0.038074981421232224,-0.024790752679109573,-0.06636118143796921,-0.21161267161369324,-0.22751697897911072,0.1848459243774414,-0.04978295788168907,0.13909325003623962,-0.030374741181731224,-0.14558713138103485,-0.18682852387428284,-0.13600821793079376,0.09502622485160828,0.03461321070790291,0.12448467314243317,-0.19951435923576355,0.3773033022880554,-0.1580968201160431,0.10311965644359589,0.1319904625415802,-0.10245020687580109,-0.1801227331161499,0.04316694289445877,0.21662887930870056,-0.09551264345645905,0.019482236355543137,0.04815477877855301,-0.29645979404449463,0.021070057526230812,-0.030188370496034622,0.1704145222902298,0.010653242468833923,0.14040324091911316,-0.19185850024223328,-0.003943079616874456,0.007594278547912836,0.11691014468669891,0.10799610614776611,0.2135121375322342,-0.3010326027870178,-0.07823430746793747,-0.32593169808387756,-0.1721140444278717,-0.1909445971250534,-0.11598570644855499,-0.06183674931526184,-0.10163576900959015,0.4271479547023773,0.33309948444366455,0.022654104977846146,0.27530962228775024,0.07718034833669662,0.06213357299566269,0.012336542829871178,-0.1559625118970871,0.10925395786762238,0.10363004356622696,-0.034800950437784195,-0.010514045134186745,-0.03149399906396866,0.03320828825235367,-0.1636088788509369,0.03981465846300125,0.27160197496414185,0.030260682106018066,-0.10818662494421005,0.02649189904332161,-0.05850524827837944,-0.079297736287117,-0.17941994965076447,0.2036193162202835,0.021624043583869934,-0.21617522835731506,0.1484982669353485,0.2923319935798645,-0.4061848521232605,0.07158995419740677,-0.10109345614910126,0.14866086840629578,-0.2899612784385681,0.015627499669790268,0.3218422532081604,-0.061126578599214554,-0.07968010008335114,-0.055596839636564255,0.01071828044950962,-0.6058536767959595,-0.09083227068185806,0.24023687839508057,-0.3868162930011749,0.12173104286193848,-0.3548148274421692,0.1518923044204712,0.07017523050308228
CID000004138,622,0.3412103056907654,0.17701780796051025,0.25615400075912476,0.4534042775630951,-0.38032370805740356,0.12145224958658218,0.05676572769880295,0.08288554847240448,0.03413039818406105,0.2828511595726013,-0.252122163772583,-0.028028864413499832,-0.11340685188770294,0.017978643998503685,-0.17347761988639832,-0.16250377893447876,-0.11273197084665298,-0.10841052234172821,-0.02660256065428257,-0.5570935010910034,0.1570693999528885,-0.10724141448736191,-0.1834307312965393,-0.9736180305480957,-0.20377326011657715,-0.10383953899145126,-0.24664096534252167,0.08177487552165985,0.11736956983804703,0.1153782457113266,0.11457240581512451,0.3757665455341339,0.23572365939617157,-0.08387861400842667,-0.04719559848308563,0.26855966448783875,-0.05799710750579834,0.09383746236562729,0.054762102663517,-0.2461627721786499,0.028539245948195457,-0.0009548276429995894,-0.09203524887561798,-0.4398326277732849,-0.0899757593870163,0.4792608618736267,-0.15953832864761353,-0.07944782078266144,-0.2496587038040161,0.15615329146385193,0.3135184049606323,-0.09845457971096039,-0.1732439547777176,-0.1251465231180191,0.2180895358324051,-0.09939603507518768,-0.07822489738464355,0.06293464452028275,-0.023125048726797104,-0.1775110960006714,0.04107120633125305,-0.015429852530360222,-0.0020007609855383635,-0.10839209705591202,0.13174669444561005,0.42983731627464294,-0.3310045301914215,0.14551500976085663,0.09064103662967682,-0.15033602714538574,0.06329311430454254,0.36680108308792114,-0.3736366331577301,-0.1836525946855545,0.1028914600610733,0.5875169038772583,0.19795790314674377,0.08228874206542969,-0.07080714404582977,0.23691287636756897,0.19596005976200104,-0.572102427482605,-0.16623033583164215,-0.1909700334072113,0.12630657851696014,-0.30293893814086914,0.007097011897712946,-0.01989126205444336,0.018834849819540977,-0.8407319784164429,-0.017041588202118874,0.006193655543029308,-0.0912633091211319,0.04018562659621239,0.15795749425888062,-0.2948659658432007,-0.08334759622812271,0.09872181713581085,0.28870534896850586,0.2087305337190628,-0.10517481714487076,-0.02825027145445347,-0.031173205003142357,0.2309022694826126,-0.2573152184486389,0.05562831088900566,0.06705351918935776,0.02211049757897854,0.6379114985466003,0.06455059349536896,-0.039368487894535065,0.16098549962043762,-0.14801844954490662,-0.0927300676703453,-0.03314397856593132,0.21691393852233887,0.0685277208685875,-0.07022832334041595,0.067995086312294,0.08828593790531158,0.832757830619812,0.014870250597596169,0.31719985604286194,0.2648875117301941,0.02225317992269993,-0.1696723848581314,-0.0515776053071022,0.0216057151556015,-0.09468607604503632,-0.1498526930809021,0.3251515328884125,-0.798168957233429,-0.4258119463920593,0.043819528073072433,0.21189594268798828,0.14899799227714539,-0.00023114382929634303,0.16307714581489563,0.2498866617679596,-0.24871215224266052,-0.08794532716274261,0.06369425356388092,0.13007494807243347,-0.03521779924631119,-0.012372052296996117,-0.1248561292886734,0.026984835043549538,0.46305274963378906,-0.02619267627596855,0.13360819220542908,0.03979823738336563,-0.4920596182346344,0.23920655250549316,0.1063980907201767,-0.20141763985157013,-0.19660501182079315,-0.08758951723575592,-0.24474294483661652,0.013749837875366211,0.32094934582710266,-0.308123916387558,-0.0629861131310463,0.013570085167884827,0.0728183463215828,0.03685351088643074,0.0158196110278368,-0.15921235084533691,-0.14823107421398163,-0.16764497756958008,0.13439372181892395,-0.007787215057760477,-0.16990743577480316,-0.27009373903274536,-0.40610256791114807,0.0020817480981349945,-0.08148149400949478,0.009397769346833229,0.05419471114873886,0.5866190195083618,0.1535266935825348,-0.20140942931175232,-0.13982833921909332,-0.2904588580131531,-0.20772626996040344,0.3131129741668701,0.07341735064983368,-0.38171055912971497,0.3854755759239197,-0.003037759568542242,-0.33522137999534607,0.015282059088349342,-0.008879585191607475,0.10769069194793701,-0.16901013255119324,0.16340556740760803,0.06973348557949066,0.09987827390432358,-0.08444308489561081,0.1502908617258072,-0.3718023896217346,-0.17051510512828827,-0.29169753193855286,0.3149012327194214,-0.033447373658418655,-0.1114824041724205,-0.10060862451791763,0.10199663788080215,-0.18907766044139862,0.16559410095214844,0.4096173346042633,0.19605131447315216,-0.2306542694568634,-0.01667400822043419,0.3805790841579437,0.01051657646894455,-0.24922709167003632,0.14540830254554749,0.22338850796222687,0.20556768774986267,0.24924620985984802,-0.03684845566749573,-0.09240782260894775,0.17221888899803162,-0.18448182940483093,-0.1064998134970665,0.04033771902322769,-0.3103349804878235,0.008802744559943676,-0.15597090125083923,0.17840255796909332,-0.13795636594295502,0.2914661765098572,0.12822893261909485,0.1516132801771164,-0.008519005961716175,0.24164681136608124,0.3959789574146271,-0.24646270275115967,0.012004244141280651,-0.12957876920700073,0.23933371901512146,-0.8361786603927612,0.05761848762631416,0.06938878446817398,-0.060476500540971756,-0.20025327801704407,0.011514303274452686,-0.13189110159873962,-0.7385734915733337,-0.24188189208507538,0.10278668254613876,0.006759762763977051,-0.161250039935112,0.1418541818857193,0.19056883454322815,0.04785044491291046
CID006447131,623,0.152765691280365,0.14074254035949707,0.1752685308456421,0.6900721788406372,-0.43191608786582947,0.11121928691864014,0.30870747566223145,0.38992002606391907,0.2768513262271881,0.2884269654750824,-0.0822775810956955,-0.4491409361362457,-0.14460089802742004,0.2998620271682739,-0.09221501648426056,-0.006788956932723522,0.04817759245634079,-0.09106864035129547,-0.04465398192405701,-0.3436635136604309,-0.18539205193519592,-0.2757205665111542,0.22733564674854279,-0.7971446514129639,-0.09824331104755402,0.3376629948616028,0.02718551829457283,-0.12706896662712097,0.07657507807016373,0.1831115186214447,0.14638763666152954,0.11649308353662491,0.08660458773374557,-0.24594655632972717,0.03344227001070976,-0.007258442230522633,0.21094048023223877,0.2467166930437088,0.030794557183980942,-0.23636560142040253,0.012881400994956493,0.011726600117981434,-0.045667313039302826,0.07532376796007156,-0.001178991748020053,-0.10622088611125946,0.04288886860013008,0.02680249512195587,0.37678006291389465,0.0830717533826828,0.3483293056488037,-0.22832152247428894,-0.3054710328578949,-0.24766020476818085,0.061097610741853714,-0.11629366874694824,-0.05685076862573624,0.037427641451358795,0.48728013038635254,0.054678309708833694,-0.3919307291507721,-0.2829824388027191,0.1258859783411026,-0.030976835638284683,0.18659932911396027,0.36156028509140015,-0.23984277248382568,-0.019906457513570786,0.16351814568042755,0.3030894100666046,-0.020175114274024963,0.12275483459234238,-0.13853904604911804,-0.35067129135131836,-0.36800330877304077,-0.029059583321213722,0.20851314067840576,-0.05408031865954399,0.0006414309027604759,0.1424124389886856,0.21170254051685333,-0.14151334762573242,-0.42730408906936646,-0.30107349157333374,0.4817878305912018,0.2310144454240799,-0.014967164024710655,0.374648779630661,0.10586953163146973,-0.6919258832931519,-0.07564050704240799,0.08166160434484482,-0.11917769908905029,0.016625095158815384,-0.03462391346693039,-0.4258388578891754,-0.17665623128414154,-0.4043089747428894,-0.05152500793337822,0.0914192646741867,-0.09829679876565933,-0.10243549197912216,-0.03192078322172165,0.1584179699420929,0.3192747235298157,0.07736532390117645,0.06265070289373398,-0.18610209226608276,0.36524513363838196,-0.19236314296722412,0.16136132180690765,0.21569573879241943,-0.15938572585582733,-0.1611599624156952,0.28571978211402893,0.39747923612594604,-0.24170982837677002,0.2732933759689331,0.015387669205665588,0.20156407356262207,0.611307680606842,-0.25931841135025024,0.02900085411965847,0.5259643197059631,-0.4881673753261566,0.5237280130386353,-0.04436438903212547,-0.07199321687221527,0.18399874866008759,0.18452732264995575,0.03306659311056137,-0.5401526689529419,-0.3395703434944153,0.004097444005310535,0.5078018307685852,0.15533721446990967,0.33304956555366516,0.3394930064678192,-0.03687642887234688,0.07493149489164352,-0.3341686725616455,0.41656479239463806,0.09066452831029892,0.0025372146628797054,-0.08434781432151794,0.09977570921182632,-0.09347917139530182,0.39696237444877625,0.26186975836753845,0.3750104606151581,0.2676287293434143,-0.346472829580307,0.08246886730194092,-0.08188419789075851,0.09328820556402206,-0.26275619864463806,0.04493080452084541,-0.14307978749275208,-0.03223315626382828,-0.024872520938515663,-0.1249968409538269,0.3971979320049286,0.1590033322572708,0.007752537727355957,-0.23868553340435028,0.04573239013552666,0.052999384701251984,0.15075111389160156,0.13526764512062073,0.15387612581253052,-0.014734762720763683,0.1800367683172226,-0.06291667371988297,0.1270560920238495,0.1954304724931717,-0.0415881983935833,0.4514365792274475,-0.2897726595401764,0.5095237493515015,0.12715154886245728,-0.42721766233444214,-0.11476552486419678,-0.14462906122207642,-0.0048159523867070675,0.19324779510498047,0.07659684121608734,0.026738930493593216,-0.0032321885228157043,0.006512758322060108,-0.44765591621398926,0.03660063445568085,-0.08388201892375946,-0.17485488951206207,-0.3880043923854828,0.14982905983924866,0.0039822994731366634,0.17693135142326355,-0.13750185072422028,0.019303442910313606,-0.10151654481887817,-0.21710164844989777,-0.334791898727417,-0.31801638007164,-0.22368919849395752,-0.26381105184555054,-0.14984673261642456,0.09395244717597961,-0.12131933867931366,0.1702503263950348,0.5565904378890991,0.4092176854610443,-0.1339840441942215,0.36735862493515015,-0.16747504472732544,0.24448926746845245,-0.13773703575134277,0.28421178460121155,0.26191872358322144,-0.040838420391082764,-0.06335677951574326,-0.012528610415756702,0.015142369084060192,-0.037196703255176544,-0.2690076529979706,-0.16244766116142273,-0.31057843565940857,0.1860099732875824,-0.14576557278633118,-0.05999872833490372,0.06685644388198853,0.007313487119972706,0.2878651022911072,0.5428751707077026,-0.08070842176675797,0.20344579219818115,0.12779678404331207,0.5958470702171326,-0.4572182595729828,0.09227609634399414,-0.28654012084007263,0.20584170520305634,-0.5408176183700562,0.20248623192310333,0.2319350689649582,-0.05995284765958786,-0.26795053482055664,0.025741223245859146,-0.4198001027107239,-0.5007047653198242,-0.0036561191082000732,0.2048872709274292,-0.20621947944164276,0.3017765283584595,-0.41149044036865234,0.16952259838581085,0.09217849373817444
CID000170361,624,0.121391162276268,-0.009497007355093956,0.028681570664048195,0.4416840672492981,-0.4181596636772156,0.0679258331656456,0.29849767684936523,0.12084674835205078,0.29779675602912903,0.3333885073661804,0.16653084754943848,-0.006994911935180426,-0.10593470185995102,0.09674172848463058,-0.2610340714454651,-0.22700698673725128,-0.10115329921245575,-0.0035603977739810944,-0.01042590755969286,-0.4465213418006897,0.0636044293642044,-0.22430828213691711,0.15275800228118896,-0.8148242235183716,0.2302834540605545,0.0933191105723381,-0.01833343133330345,-0.021316712722182274,0.08913224190473557,0.15831901133060455,0.19241033494472504,0.22802630066871643,0.022754335775971413,-0.2566923201084137,-0.06085686758160591,0.04696035385131836,0.06575481593608856,0.03378255292773247,0.21161934733390808,-0.16884088516235352,0.08915498107671738,-0.26728230714797974,0.31036242842674255,-0.3549054265022278,-0.18846051394939423,0.37591230869293213,-0.07980483025312424,-0.03183510899543762,0.1407191902399063,-0.0020817802287638187,0.28121066093444824,0.1816769540309906,-0.23433096706867218,-0.09630013257265091,0.11163084208965302,-0.06185726448893547,0.12793497741222382,0.11383421719074249,0.033452048897743225,0.10245995223522186,-0.12435182183980942,-0.2679237723350525,0.2866829037666321,-0.14352929592132568,0.16516515612602234,0.36006128787994385,-0.3044063448905945,-0.106678806245327,0.13235941529273987,0.15560755133628845,-0.09082571417093277,0.0588715560734272,-0.44089141488075256,-0.30576834082603455,-0.20961213111877441,0.14654776453971863,-0.09630807489156723,0.22555601596832275,-0.057720184326171875,-0.06184060499072075,0.04530888795852661,-0.5288306474685669,-0.2888731360435486,-0.017857437953352928,0.16048887372016907,-0.03358553722500801,0.14945857226848602,0.1651843935251236,-0.280916690826416,-0.6442128419876099,-0.18470655381679535,0.1452421396970749,0.014075381681323051,0.11161506175994873,-0.03623073548078537,-0.25767722725868225,-0.1633027046918869,0.06776361167430878,0.12041904777288437,0.10315978527069092,-0.24876125156879425,0.11486877501010895,0.019610002636909485,0.2355269193649292,0.04369550198316574,0.01185595989227295,-0.1963980495929718,0.18173754215240479,0.4969821572303772,-0.20930859446525574,-0.12680917978286743,0.17930705845355988,-0.15382441878318787,-0.0748317763209343,0.16277316212654114,0.27535322308540344,0.10238037258386612,0.022581566125154495,-0.03051224909722805,0.15098756551742554,0.6762627363204956,-0.09803467988967896,0.3132759630680084,0.24384984374046326,-0.11444393545389175,0.179176926612854,-0.03318481519818306,-0.05626896023750305,0.2031438648700714,-0.02558065950870514,0.11934618651866913,-0.5686874389648438,-0.4525276720523834,-0.013590465299785137,0.22914902865886688,0.1459513008594513,0.03957294300198555,0.2742026448249817,-0.0763729065656662,-0.3646232783794403,-0.0685875415802002,0.12901441752910614,0.07582130283117294,-0.033011049032211304,0.017653733491897583,0.053000159561634064,-0.010905325412750244,0.3178577423095703,0.057768214493989944,0.07989738881587982,0.13025005161762238,-0.2985793948173523,-0.171434685587883,0.22773638367652893,-0.22345700860023499,-0.15913553535938263,-0.05686229467391968,-0.15820790827274323,-0.17866730690002441,0.15540070831775665,-0.13399958610534668,0.31673917174339294,0.08095958083868027,0.13497690856456757,-0.1916717290878296,-0.15959522128105164,-0.2630937993526459,0.016846036538481712,-0.020129745826125145,0.22382816672325134,0.11819648742675781,-0.08997976779937744,-0.24630288779735565,-0.12834303081035614,0.04325771704316139,-0.022745218127965927,0.12184026092290878,-0.23670777678489685,0.3561704754829407,0.057245660573244095,0.0834333524107933,0.027988195419311523,-0.13666820526123047,-0.23313751816749573,0.017359871417284012,0.19601890444755554,-0.18995428085327148,-0.01352394837886095,0.046626873314380646,-0.33218175172805786,-0.290713906288147,0.03544998914003372,0.10543060302734375,-0.04987020418047905,0.17472580075263977,-0.23192672431468964,0.036240480840206146,-0.16055382788181305,0.2494530975818634,-0.10260188579559326,0.03402162715792656,-0.3610560894012451,-0.053757619112730026,-0.30378445982933044,0.08164212852716446,-0.22820298373699188,-0.12144549190998077,0.043307654559612274,-0.034664131700992584,0.374862939119339,0.24196715652942657,0.056687772274017334,0.20400424301624298,0.1756516844034195,0.05691342428326607,-0.03253187984228134,-0.30466872453689575,0.1855664849281311,0.09460245817899704,-0.1661272495985031,0.038152240216732025,-0.21207280457019806,0.02358907088637352,-0.12987644970417023,-0.0986039936542511,-0.133527010679245,-0.1193232536315918,-0.04252968728542328,-0.003722825553268194,0.027761250734329224,-0.07977552711963654,0.006599450018256903,0.13307753205299377,0.09603128582239151,-0.19964507222175598,-0.05623053386807442,0.3667171001434326,-0.47479286789894104,-0.04197770357131958,-0.17304380238056183,0.23210787773132324,-0.4344698488712311,0.03226090222597122,0.1470859944820404,-0.012174198403954506,-0.1427731066942215,0.020147770643234253,-0.10090292990207672,-0.6651904582977295,-0.11509354412555695,0.21907463669776917,-0.24572952091693878,0.10650566965341568,-0.29579681158065796,0.14476272463798523,-0.054242461919784546
CID000004075,635,0.5254009366035461,-0.21497686207294464,0.31085166335105896,0.35857850313186646,-0.4120275378227234,-0.07096363604068756,-0.07102973759174347,0.28964343667030334,-0.2329133003950119,0.10201659053564072,0.44695717096328735,-0.18939366936683655,0.07411326467990875,0.15238972008228302,0.23011688888072968,0.18483208119869232,-0.10885003954172134,-0.3941035866737366,-0.1366995871067047,-0.782314658164978,-0.06171151250600815,-0.3835088312625885,-0.13720493018627167,-0.9628106355667114,-0.0469827763736248,0.0847279280424118,-0.057146649807691574,-0.14982251822948456,-0.032173074781894684,0.28486064076423645,0.006864291615784168,0.2514147460460663,0.25899940729141235,-0.050364233553409576,-0.07737120240926743,-0.3614339232444763,0.23427438735961914,0.12302999198436737,-0.049904655665159225,-0.0958225354552269,0.05611220747232437,-0.000469813501695171,-0.02628747746348381,-0.3084489405155182,-0.25482141971588135,0.2594499886035919,-0.05579475313425064,-0.09065574407577515,0.16643956303596497,0.38605087995529175,0.5911186933517456,-0.49538278579711914,-0.258524090051651,0.010004492476582527,0.03755546361207962,0.03987828269600868,0.25039926171302795,0.24514296650886536,0.14323727786540985,-0.15372759103775024,-0.22461743652820587,-0.20948025584220886,-0.12388820946216583,-0.14331087470054626,0.19492053985595703,0.517756462097168,-0.1290641725063324,-0.2431921511888504,0.05475962907075882,-0.0176154263317585,0.3790913224220276,-0.39751946926116943,-0.07177112996578217,-0.4384184777736664,-0.053493957966566086,0.5257726907730103,0.28115761280059814,-0.1496196687221527,0.15181049704551697,-0.35836920142173767,0.49854573607444763,-0.5628122091293335,-0.3333755433559418,-0.04584512859582901,-0.05327804759144783,-0.23440608382225037,0.27018338441848755,-0.042089588940143585,0.36636441946029663,-0.6877654790878296,0.14473876357078552,0.30499669909477234,-0.09909956902265549,-0.06602269411087036,0.19062432646751404,-0.2450808584690094,0.09481120109558105,-0.39084592461586,0.061508405953645706,0.6849533319473267,0.07683040201663971,-0.05238686874508858,0.0013159066438674927,0.34801486134529114,-0.13717064261436462,-0.0432187095284462,0.155558779835701,0.16836948692798615,0.6936445236206055,0.10828091204166412,-0.21344396471977234,0.12368204444646835,0.027485698461532593,-0.051234494894742966,-0.1665966808795929,0.11278732866048813,-0.18668720126152039,-0.1581604778766632,-0.04070945829153061,0.15162251889705658,0.8330793380737305,-0.5635574460029602,0.35191285610198975,-0.06709682941436768,0.1708826720714569,0.22980734705924988,-0.039847228676080704,-0.1508491039276123,0.09284647554159164,0.10325044393539429,0.2276896983385086,-0.3859395384788513,-0.4189985692501068,0.1013556569814682,0.028862658888101578,-0.16810308396816254,-0.22304105758666992,0.2723321318626404,-0.32732298970222473,-0.47362977266311646,-0.29037076234817505,0.19301941990852356,-0.001241922378540039,0.022642185911536217,-0.005632340908050537,-0.0640072301030159,0.23825481534004211,0.6388890147209167,-0.08173049986362457,0.27760592103004456,0.0235067717730999,-0.3490411341190338,0.047815583646297455,0.10746760666370392,-0.2888690233230591,0.13289621472358704,0.06708069145679474,-0.21169757843017578,0.1439431607723236,0.3078635036945343,-0.19310548901557922,0.09209240972995758,-0.027628030627965927,-0.33238208293914795,-0.14325113594532013,-0.24037356674671173,-0.09156017750501633,0.17649780213832855,0.147047758102417,0.15765541791915894,-0.10269798338413239,-0.1945289522409439,-0.1386251598596573,-0.38427454233169556,-0.03620995953679085,0.09735335409641266,0.2641604542732239,-0.2014695703983307,0.5546374917030334,0.3422910273075104,0.03866614028811455,-0.07535871118307114,-0.05332931876182556,0.03505687415599823,0.4600820541381836,0.05195634812116623,-0.14337387681007385,0.24990758299827576,-0.21902155876159668,-0.35856860876083374,0.13501393795013428,0.0026426196563988924,0.2630494236946106,-0.17955876886844635,0.10293688625097275,-0.04932062700390816,0.08060242980718613,0.08469849079847336,-0.07026282697916031,0.19042886793613434,-0.13009044528007507,-0.42028436064720154,0.392151415348053,-0.01057073287665844,-0.02631087228655815,0.10370051860809326,-0.01734110340476036,0.2217286378145218,0.5997671484947205,0.44098949432373047,0.38134413957595825,0.004967308137565851,0.19776979088783264,0.25285181403160095,-0.1181165799498558,-0.6544700264930725,0.3587556779384613,0.2425231635570526,0.2201823741197586,0.352773517370224,-0.1131790429353714,-0.16351176798343658,0.2672328054904938,-0.36009329557418823,-0.2211819589138031,-0.3092411160469055,-0.13179554045200348,-0.02618388459086418,0.10821189731359482,-0.10170552879571915,-0.015526358969509602,0.35062864422798157,0.040865737944841385,-0.1090330109000206,0.2078401744365692,-0.13729284703731537,0.3051181435585022,-0.5015438795089722,0.08324078470468521,-0.10141687095165253,-0.12316769361495972,-0.5931590795516968,-0.08434107899665833,0.2852911651134491,-0.20458820462226868,0.1358671635389328,0.09937099367380142,0.13328640162944794,-0.7212468385696411,-0.25765296816825867,0.30158236622810364,-0.21732529997825623,0.0011834740871563554,-0.41019392013549805,-0.004384917207062244,0.020089369267225266
CID000005394,636,0.03898094594478607,-0.11432808637619019,-0.04499933868646622,0.5525537729263306,-0.3388817310333252,0.1367444097995758,0.22065944969654083,0.19953642785549164,0.22653035819530487,0.22217997908592224,0.08812981843948364,0.1514812707901001,-0.0011049270397052169,0.15458260476589203,-0.11362054198980331,-0.1873466521501541,-0.13857297599315643,-0.16859060525894165,0.17108209431171417,-0.6043428182601929,-0.025730982422828674,-0.3106527328491211,-0.14995476603507996,-0.8992453813552856,-0.19981376826763153,0.10161665827035904,-0.1067347303032875,-0.01577235944569111,-0.05753336101770401,0.1618838906288147,0.0010630965698510408,0.1299896389245987,0.15239056944847107,0.059565186500549316,0.030017515644431114,-0.14256909489631653,0.01917080208659172,0.06054415553808212,0.09892352670431137,-0.0135472621768713,-0.12252946943044662,-0.014410528354346752,0.09679844230413437,-0.22835607826709747,-0.07721822708845139,0.3117026686668396,0.1108705997467041,0.08940966427326202,-0.0408751480281353,0.014075599610805511,0.3711232841014862,0.168928861618042,-0.11413997411727905,0.09337747097015381,-0.023081490769982338,-0.13229401409626007,0.013631517067551613,0.09460179507732391,0.06380656361579895,0.22688886523246765,-0.13346855342388153,-0.26468369364738464,0.006421458907425404,0.028087293729186058,0.08429763466119766,0.4013422429561615,-0.18280059099197388,0.11163594573736191,-0.032389771193265915,0.09418383985757828,-0.07626145333051682,-0.04534662887454033,-0.24836620688438416,-0.4076451361179352,-0.16732221841812134,-0.005163535475730896,0.09060760587453842,0.1987118124961853,0.03969679772853851,0.08882883936166763,0.2222365140914917,-0.5386245846748352,-0.19993925094604492,-0.06761350482702255,0.12971048057079315,0.011732062324881554,0.17133131623268127,0.05235908553004265,-0.09569349139928818,-0.7035762071609497,-0.03145233914256096,0.11380763351917267,-0.11396896839141846,0.15509048104286194,0.19982457160949707,-0.22071656584739685,-0.15491552650928497,0.1691320836544037,0.04130559042096138,0.0009682655218057334,-0.17045459151268005,0.06776560842990875,-0.1373176872730255,0.20602159202098846,0.013445809483528137,0.0165401604026556,-0.26310330629348755,0.08536960929632187,0.6493435502052307,-0.1960081160068512,0.02276700548827648,0.08212636411190033,0.027935829013586044,-0.1640917956829071,0.1337626576423645,0.0717029720544815,0.10793246328830719,0.17195138335227966,0.030844777822494507,0.03551914170384407,0.6789492964744568,-0.12835046648979187,0.17623218894004822,0.08904285728931427,-0.10826774686574936,0.00155515200458467,0.004208448342978954,0.20257484912872314,0.22813549637794495,0.11144032329320908,0.12440798431634903,-0.495565265417099,-0.4148545265197754,0.0966866984963417,0.17082464694976807,0.011658248491585255,0.21017751097679138,0.3038138747215271,-0.09638155996799469,-0.18875162303447723,-0.13501887023448944,0.11541302502155304,-0.11418795585632324,-0.09191308915615082,0.08686773478984833,0.0010978400241583586,-0.08948493003845215,0.41025346517562866,0.05671023204922676,0.2231864184141159,-0.18888993561267853,-0.36337488889694214,0.16294260323047638,0.18148493766784668,-0.2625682055950165,-0.017715925350785255,-0.05779014900326729,-0.10622348636388779,-0.005686664488166571,0.16692368686199188,-0.1504559963941574,-0.0116852642968297,-0.008838655427098274,-0.08788111060857773,-0.0060020387172698975,-0.3077199161052704,-0.20761945843696594,0.21308860182762146,-0.05096731334924698,0.08340423554182053,-0.11470766365528107,-0.12128058820962906,-0.06087009981274605,-0.21815907955169678,0.16635794937610626,-0.13733461499214172,0.09606423228979111,-0.14143717288970947,0.36781296133995056,-0.0897054523229599,0.05629672855138779,0.16358865797519684,-0.0732215866446495,-0.14015978574752808,0.05443812161684036,0.2123153656721115,-0.26273518800735474,-0.21074894070625305,0.02296067401766777,-0.32932454347610474,-0.026557493954896927,-0.06932531297206879,0.1957106590270996,0.04964084178209305,0.13610747456550598,-0.15200844407081604,-0.08625830709934235,0.0520620234310627,0.1782505363225937,-0.07430735975503922,0.046635646373033524,-0.25336340069770813,-0.05590932443737984,-0.44905146956443787,-0.13581404089927673,-0.2618558406829834,-0.05075933784246445,-0.21292009949684143,-0.09123288840055466,0.5021926164627075,0.3148682713508606,0.11722507327795029,0.24484388530254364,-0.018529649823904037,-0.04059477895498276,0.023986514657735825,-0.11997246742248535,0.2118430882692337,0.23054452240467072,-0.04748187214136124,-0.12588569521903992,-0.1701723039150238,0.152006596326828,-0.1748407781124115,-0.015682537108659744,0.07385613024234772,-0.030190402641892433,-0.07782404124736786,-0.059811078011989594,-0.08897000551223755,0.0030776590574532747,-0.006980019621551037,0.11327327787876129,-0.05749186873435974,-0.2613779902458191,0.01822972297668457,0.3548664152622223,-0.4743848741054535,0.09334136545658112,-0.12455612421035767,0.09479166567325592,-0.463137686252594,0.240809828042984,0.27512127161026,-0.032983966171741486,-0.13784180581569672,-0.07788542658090591,0.18683266639709473,-0.725813627243042,-0.08855493366718292,0.19640898704528809,-0.14721593260765076,0.1381990909576416,-0.19254867732524872,0.08902536332607269,-0.1072104424238205
CID000005735,639,0.25320127606391907,0.119293712079525,0.2974722683429718,0.6815964579582214,-0.5375350713729858,0.035206276923418045,0.18441197276115417,0.3490478992462158,0.2794652581214905,0.31921637058258057,0.09111271798610687,-0.1895386278629303,-0.07760041207075119,0.20082052052021027,-0.16923978924751282,0.043317921459674835,0.004292177502065897,-0.09753395617008209,0.10477231442928314,-0.525364875793457,0.07755491882562637,-0.175521582365036,-0.16259121894836426,-0.8911634683609009,0.031724534928798676,0.03678923845291138,-0.21726635098457336,-0.1198665127158165,-0.05595953390002251,-0.12282128632068634,0.07894950360059738,0.09134824573993683,0.1066698431968689,0.3112269341945648,0.10008744150400162,0.14568975567817688,0.0892779603600502,0.2839064598083496,-0.12882478535175323,-0.26129037141799927,-0.058473311364650726,0.26945462822914124,0.17503419518470764,0.10808651149272919,-0.17445704340934753,0.3017892837524414,0.16637912392616272,-0.06958898156881332,-0.036864686757326126,0.1584080308675766,0.6370050311088562,0.039613027125597,-0.29422348737716675,0.05802974849939346,-0.10829627513885498,-0.11183121055364609,0.14805002510547638,-0.2432326078414917,0.27506619691848755,-0.14580485224723816,-0.10657072067260742,-0.3036004900932312,0.23207387328147888,-0.18437409400939941,0.39409422874450684,0.3422819674015045,-0.5315815806388855,-0.01393079198896885,-0.0980866551399231,0.11173603683710098,0.22275876998901367,-0.04741693288087845,-0.11031530052423477,-0.42309316992759705,-0.108974888920784,0.12574735283851624,0.19406172633171082,-0.14651432633399963,-0.09118105471134186,0.09176953136920929,0.28183847665786743,-0.37456539273262024,-0.3923599123954773,0.024326926097273827,0.13370239734649658,0.2680055797100067,0.08621656894683838,0.19008776545524597,-0.07224182039499283,-0.42917680740356445,0.01119158510118723,0.07375915348529816,-0.03357316553592682,0.16596433520317078,-0.22225920855998993,-0.13589447736740112,0.1475052833557129,-0.09663239121437073,-0.04406347870826721,0.09240233898162842,-0.009160568006336689,-0.0371863916516304,-0.014730609953403473,0.3021542429924011,-0.0077228425070643425,0.09039424359798431,-0.08252725750207901,0.1917867660522461,0.42442718148231506,-0.1364019215106964,0.10236342251300812,0.09835389256477356,-0.18022391200065613,-0.44318825006484985,0.2025509774684906,0.21705035865306854,-0.18604862689971924,-0.20238256454467773,-0.0931953638792038,0.19887687265872955,0.8197476267814636,-0.30279970169067383,0.21512000262737274,0.21797232329845428,-0.12978120148181915,0.4434877932071686,0.1274925172328949,0.008705769665539265,0.1738700568675995,0.10272300243377686,0.31496456265449524,-0.5463207960128784,-0.5909919738769531,0.11721710860729218,0.3550306558609009,0.1488850861787796,0.1255379170179367,0.02763797715306282,-0.12478866428136826,-0.05289584398269653,-0.1387806236743927,0.2106298953294754,0.2877882122993469,0.07203613221645355,-0.07854793965816498,0.2419753074645996,-0.04254520311951637,0.3862425982952118,0.22276048362255096,0.23065714538097382,-0.15885215997695923,-0.486652672290802,-0.05712292343378067,0.3163899779319763,-0.021152108907699585,-0.0750214159488678,0.154429629445076,-0.03472607955336571,-0.017506133764982224,-0.03575189411640167,-0.05782926082611084,-0.3329846262931824,0.036177702248096466,0.11383318901062012,-0.1710108369588852,0.03375845402479172,-0.19290366768836975,0.20486867427825928,0.25985246896743774,-0.08093626797199249,-0.08587159216403961,0.08605711162090302,-0.2523218095302582,-0.17770366370677948,0.16036567091941833,-0.16879788041114807,0.25876548886299133,-0.13519763946533203,0.6571233868598938,-0.06360099464654922,-0.2949957549571991,0.17508870363235474,0.03850637748837471,-0.06225849315524101,-0.04451252147555351,0.04606492444872856,0.008376632817089558,0.11412596702575684,0.11590930074453354,-0.3420250713825226,-0.18054050207138062,-0.0048366086557507515,-0.14341950416564941,-0.31371214985847473,0.5150722861289978,0.038821030408144,-0.06291371583938599,-0.035337336361408234,-0.0755947083234787,-0.022875826805830002,-0.11014088243246078,-0.6013526320457458,0.03550569713115692,-0.19210900366306305,-0.14826075732707977,0.040724992752075195,0.054169606417417526,-0.126255065202713,0.1818924993276596,0.5653068423271179,0.329449325799942,0.3312329351902008,0.25303876399993896,-0.07033856213092804,0.07536245882511139,-0.18302781879901886,-0.04383932799100876,0.5028918981552124,0.07561767101287842,0.07922037690877914,-0.1289210021495819,-0.16646142303943634,-0.2772451639175415,-0.12525813281536102,0.11344711482524872,-0.19065651297569275,0.2791748642921448,-0.24375934898853302,-0.14947786927223206,-0.0015926181804388762,-0.050279099494218826,0.21235212683677673,0.18095315992832184,-0.05601996183395386,0.009716590866446495,-0.06073864549398422,0.6425966024398804,-0.5426276922225952,-0.07375850528478622,-0.21484510600566864,-0.08494167774915695,-0.23316030204296112,0.30100637674331665,0.1116216629743576,-0.08115770667791367,0.02310469187796116,0.0894046276807785,-0.03876408934593201,-0.7784243226051331,-0.1032184585928917,0.362824410200119,-0.010312637314200401,0.0461006760597229,-0.3266572058200836,0.04875979200005531,-0.16382434964179993
CID000000453,647,0.28993865847587585,-0.43441876769065857,0.3769175410270691,0.670046329498291,-0.5298877954483032,-0.03186119347810745,0.06251715123653412,0.1731974482536316,-0.4795171618461609,0.42562443017959595,-0.39158374071121216,-0.8247789144515991,-0.22954757511615753,0.12615667283535004,0.4934837818145752,-0.01663813553750515,-0.25018081068992615,-0.05952819064259529,-0.150511234998703,-0.9216764569282532,0.1420784890651703,-0.07074396312236786,-0.0824531763792038,-0.900494396686554,0.010369449853897095,0.08725735545158386,-0.07155658304691315,-0.09001185745000839,0.002789244055747986,0.07719862461090088,0.20508933067321777,0.1803813874721527,0.2740400433540344,0.1658339947462082,-0.10734768956899643,-0.2591351866722107,-0.3902650773525238,0.625476062297821,0.2929108738899231,0.09061942994594574,0.3370742201805115,0.17885848879814148,-0.03169417381286621,-0.4391409754753113,0.06276992708444595,0.17055028676986694,-0.28352999687194824,-0.00042465850128792226,0.09210474044084549,-0.1337350308895111,0.6606059670448303,0.07093403488397598,-0.17279282212257385,-0.3102443814277649,-0.009525534696877003,0.10473106056451797,0.5728221535682678,-0.14557848870754242,0.9876142740249634,-0.37362614274024963,-0.0026246786583215,-0.2634398639202118,-0.2164841890335083,-0.04466552659869194,0.1368054449558258,0.6375975608825684,-0.151494562625885,0.22367028892040253,-0.05401284620165825,0.028891976922750473,0.056424058973789215,-0.19765058159828186,-0.3410646915435791,-0.2164078652858734,-0.04256653040647507,0.24798603355884552,-0.23699712753295898,-0.3950479328632355,0.009268502704799175,-0.502125084400177,0.5647238492965698,-0.5485050678253174,-0.3449483811855316,0.19722150266170502,0.07023674994707108,-0.4754857122898102,0.28745508193969727,0.12078887224197388,-0.29728519916534424,-0.769553005695343,-0.5768246054649353,-0.07762503623962402,-0.04054912179708481,-0.1190754622220993,0.09309552609920502,-0.13823442161083221,0.46912717819213867,-0.28592896461486816,-0.009120166301727295,0.5310598611831665,0.12676063179969788,0.34314411878585815,0.06187102943658829,0.2067214995622635,-0.505886435508728,-0.06982890516519547,0.05921264737844467,0.048778027296066284,0.5291110277175903,0.4480867385864258,-0.0189899280667305,0.23927757143974304,-0.2565605342388153,-0.37002214789390564,-0.05257158726453781,0.25637876987457275,-0.3423226475715637,-0.3830118477344513,-0.07201158255338669,0.07652903348207474,1.0565282106399536,-0.2585018277168274,0.17641213536262512,-0.12180556356906891,0.1401236206293106,0.253195583820343,-0.09694589674472809,-0.0819135382771492,0.19268639385700226,0.3575332760810852,0.4455481469631195,-0.6514421701431274,-0.3731754422187805,-0.1881570816040039,0.03277532383799553,0.4218546748161316,-0.5139394998550415,0.6204378008842468,0.24903574585914612,-0.3344942629337311,-0.03336190804839134,0.1641526222229004,-0.17244544625282288,0.0862717404961586,0.0012815207010135055,0.29959040880203247,0.022963564842939377,0.8873113393783569,-0.18522539734840393,-0.10243821144104004,-0.14345885813236237,-0.7061868906021118,-0.06620608270168304,0.35085397958755493,-0.10914162546396255,-0.04763591289520264,0.008394569158554077,-0.3069904148578644,-0.1290460228919983,0.02847403846681118,-0.254504919052124,-0.12930020689964294,0.025052165612578392,0.046732380986213684,0.2091526985168457,0.11831073462963104,0.1727672964334488,0.16686083376407623,0.07559891790151596,0.013091373257339,-0.33821001648902893,-0.12674346566200256,0.1503179371356964,-0.29289859533309937,-0.18729129433631897,-0.06389480829238892,0.25348061323165894,-0.26698869466781616,0.7466272115707397,0.011488819494843483,-0.25880131125450134,-0.12753677368164062,-0.4046388268470764,-0.06986545026302338,0.772129476070404,-0.10205668210983276,-0.1209440603852272,0.34939044713974,0.12708784639835358,-0.19779136776924133,0.11374683678150177,0.020692650228738785,-0.05957575887441635,-0.5904194712638855,0.11601462215185165,0.0941990464925766,0.06718778610229492,-0.280220091342926,0.10948719084262848,0.09248203784227371,-0.6475019454956055,-0.31767070293426514,-0.03698331117630005,-0.058062683790922165,0.1906919777393341,0.28908059000968933,0.03388407826423645,0.3092105984687805,0.7231586575508118,0.22151979804039001,0.29627490043640137,0.3162638247013092,-0.16339173913002014,0.23609061539173126,-0.023539802059531212,-0.41994509100914,0.27497413754463196,0.6405735611915588,-0.023586779832839966,0.19426698982715607,0.09364281594753265,0.03648221120238304,-0.12823030352592468,-0.2692111134529114,0.10737425088882446,-0.37629470229148865,0.18515357375144958,-0.3796955645084381,-0.11613982915878296,0.20544953644275665,0.26216280460357666,0.39257708191871643,0.07270067930221558,0.10611045360565186,0.08683807402849197,0.13770544528961182,0.8008443713188171,-0.47238072752952576,-0.12004667520523071,-0.08688034862279892,0.12960124015808105,-0.9000293612480164,0.028393615037202835,0.40971603989601135,-0.16424179077148438,0.2881052494049072,-0.23404064774513245,0.07666448503732681,-1.010195016860962,-0.611896276473999,0.12114473432302475,-0.03216496482491493,-0.05922294780611992,-0.26061639189720154,0.060362063348293304,-0.024295030161738396
CID000003767,648,0.4891831874847412,0.20815762877464294,0.1786152571439743,0.42564278841018677,0.011911538429558277,0.09981079399585724,0.09700993448495865,0.2838824689388275,0.4207215905189514,0.21232597529888153,0.19121849536895752,-0.4655730128288269,-0.16859392821788788,0.17703059315681458,0.03437891602516174,0.16220787167549133,-0.046727828681468964,-0.020486317574977875,-0.030156457796692848,-0.8854253888130188,-0.04470444470643997,0.06434779614210129,0.3038561940193176,-0.917877197265625,-0.04905831068754196,0.3210912048816681,-0.1973591148853302,-0.2680737376213074,0.06793797016143799,0.026848698034882545,-0.24890923500061035,0.4246656000614166,0.017187926918268204,-0.33654844760894775,0.10402282327413559,0.16095785796642303,0.13564814627170563,0.10040775686502457,-0.12891511619091034,0.088414266705513,-0.09056587517261505,-0.05474625155329704,0.30721184611320496,-0.45020347833633423,-0.08626026660203934,0.20472070574760437,0.10314027965068817,0.0019170806044712663,0.09759633988142014,0.3187519907951355,0.7082319259643555,0.13106083869934082,-0.21881596744060516,0.26398953795433044,-0.00976252555847168,-0.060755372047424316,0.20925796031951904,0.173247292637825,0.2615596055984497,0.09262000024318695,-0.1858399212360382,-0.45911526679992676,-0.033605702221393585,0.007956719025969505,0.22356660664081573,0.8685000538825989,-0.15057483315467834,-0.0499250702559948,-0.08207876980304718,0.30604082345962524,0.1368718445301056,0.06770296394824982,-0.35792461037635803,-0.2345997542142868,-0.14779812097549438,0.4292879104614258,0.34194284677505493,0.13162001967430115,0.0064809187315404415,0.1307184398174286,0.21500830352306366,-0.4076352119445801,-0.23378758132457733,-0.08551768958568573,0.07305729389190674,0.14440980553627014,0.23849673569202423,0.18290837109088898,-0.1825842559337616,-0.9946096539497375,-0.11384637653827667,0.1689538210630417,-0.1798405945301056,0.14599081873893738,0.11035507917404175,-0.3772776424884796,-0.1974371075630188,0.4676688611507416,0.0232828538864851,0.6490782499313354,0.08653707802295685,-0.15565696358680725,0.021509500220417976,0.28727301955223083,0.2695069909095764,0.08913370221853256,0.09468395262956619,-0.008049821481108665,0.6153810024261475,-0.0018121183384209871,-0.26868799328804016,0.08784065395593643,0.04655669257044792,-0.3190380930900574,0.06696055084466934,0.18594643473625183,0.10581604391336441,0.007720613386482,-0.2629184424877167,0.18766644597053528,0.5263034105300903,-0.6864024996757507,0.28163471817970276,0.016755593940615654,-0.5903437733650208,0.26913589239120483,0.08777455240488052,-0.16094480454921722,0.266201913356781,-0.0033828378655016422,0.23532596230506897,-0.37584254145622253,-0.09596918523311615,0.033577535301446915,0.20412954688072205,0.25075048208236694,0.20780721306800842,0.15925367176532745,-0.1753331571817398,-0.5441755652427673,-0.19887974858283997,0.2315497100353241,0.1946139633655548,0.025847185403108597,-0.03231881186366081,0.22929878532886505,-0.052143730223178864,0.555437445640564,-0.040059737861156464,0.18163666129112244,0.3251860737800598,-0.15194366872310638,0.10796362161636353,0.0254041850566864,-0.24073490500450134,-0.32059866189956665,-0.02280169166624546,-0.20296581089496613,0.3131864666938782,0.4034678041934967,0.05321453884243965,0.21475020051002502,0.1746687889099121,0.2238057404756546,-0.27442964911460876,-0.6736777424812317,0.002734845969825983,0.17957301437854767,0.02003808133304119,0.1843968629837036,0.1259782910346985,-0.23599514365196228,-0.19553594291210175,-0.23461928963661194,-0.03785442188382149,0.113827183842659,0.13416853547096252,-0.1448853611946106,0.7187514901161194,-0.2835199534893036,0.08694331347942352,0.1787753403186798,-0.2008439004421234,-0.28821709752082825,0.5919498801231384,0.0611872673034668,-0.9058753252029419,-0.2634754478931427,0.2619960606098175,-0.3746536374092102,-0.2774710953235626,0.07093306630849838,0.10092786699533463,-0.007939840666949749,0.19106128811836243,-0.007718992885202169,0.17084357142448425,-0.23685577511787415,-0.03938128054141998,-0.07551177591085434,0.26932328939437866,-0.26563918590545654,0.3818841576576233,-0.3434254229068756,-0.3115008473396301,-0.2163769006729126,-0.02254808321595192,-0.1318649798631668,1.0766408443450928,0.43227618932724,0.3996118903160095,-0.17258647084236145,0.03997093439102173,-0.2598174214363098,-0.015502512454986572,-0.6032370328903198,0.023700648918747902,-0.05634761601686478,-0.09521110355854034,0.39158815145492554,-0.09856121987104416,-0.08645917475223541,-0.03815624490380287,-0.3043460249900818,-0.3823446035385132,0.4651114046573639,0.01792779564857483,-0.5191738605499268,0.11488958448171616,-0.006316921208053827,-0.12327881157398224,0.4453114867210388,0.4757694602012634,0.017276596277952194,-0.2010287046432495,-0.04983968287706375,0.5445825457572937,-0.6508487462997437,-0.15529578924179077,-0.1843641996383667,-0.11584945023059845,-0.38968050479888916,-0.008521327748894691,0.22153306007385254,0.15386568009853363,-0.015013417229056358,0.29847225546836853,-0.15752294659614563,-0.5701877474784851,-0.3857279419898987,0.3438856601715088,-0.06586707383394241,0.6086989641189575,-0.2659062445163727,-0.07192184031009674,0.16665580868721008
CID000003333,649,0.16858182847499847,-0.015968458727002144,-0.032758910208940506,0.44571980834007263,-0.5123751163482666,0.06343875825405121,0.19224034249782562,0.22816205024719238,-0.004463973455131054,0.18569162487983704,0.23309266567230225,-0.16973379254341125,0.1168583407998085,0.38470444083213806,0.05798371881246567,0.09802059084177017,-0.16648705303668976,-0.07398556917905807,0.005348026752471924,-0.389937162399292,-0.07387357950210571,-0.31190991401672363,-0.1886305958032608,-0.7003332376480103,0.054526664316654205,0.13535816967487335,-0.17180867493152618,-0.05301208421587944,-0.09340561926364899,0.3200931251049042,-0.08824761211872101,0.24431796371936798,0.003691780613735318,0.1631709635257721,0.09322208166122437,-0.1608176827430725,-0.1706644594669342,0.10020580142736435,0.041588980704545975,-0.2137487679719925,0.07754834741353989,-0.1260840892791748,-0.07846187055110931,-0.26314908266067505,-0.14738473296165466,0.3317442238330841,0.12356581538915634,-0.1123625785112381,0.10609052330255508,-0.027098169550299644,0.37276071310043335,-0.09181445091962814,-0.23549675941467285,0.06348176300525665,-0.015120047144591808,0.0976002961397171,-0.337719202041626,-0.1285431683063507,0.10405105352401733,0.18346896767616272,-0.27750325202941895,-0.1260802000761032,-0.06651381403207779,-0.250937819480896,0.2516966462135315,0.6754750609397888,-0.10191495716571808,-0.11517047882080078,0.39977335929870605,0.14220324158668518,-0.04962999001145363,0.031215935945510864,0.015860160812735558,-0.27412763237953186,-0.19667565822601318,0.19234299659729004,-0.273983895778656,0.058868102729320526,-0.19456154108047485,0.05325254052877426,0.36269131302833557,-0.35900363326072693,-0.41894903779029846,0.21879291534423828,0.1938643753528595,-0.337330162525177,0.5025588274002075,-0.1445941925048828,-0.12548136711120605,-0.5751482248306274,0.04996790364384651,0.5089448690414429,-0.05147027224302292,0.08780602365732193,0.16713236272335052,-0.37041446566581726,0.06257724016904831,0.06626985967159271,0.06739659607410431,0.4323263168334961,-0.3579825758934021,0.11756165325641632,-0.019472062587738037,0.2783512473106384,0.1460605263710022,0.20523576438426971,-0.08684457838535309,-0.08915190398693085,0.5481200814247131,0.20542244613170624,-0.1268962323665619,0.37831810116767883,-0.08839758485555649,-0.05750047415494919,-0.12118955701589584,0.3605782389640808,-0.34852397441864014,-0.00955058354884386,0.10421017557382584,0.5192310810089111,0.7167297005653381,-0.2041776180267334,0.07767283916473389,0.04836349934339523,0.2937142252922058,0.2369447946548462,-0.017474383115768433,0.09573124349117279,0.23718102276325226,0.031071294099092484,-0.0586264505982399,-0.5148195028305054,-0.4342106878757477,-0.07372570037841797,0.25952932238578796,-0.0077725974842906,-0.08398710191249847,0.21059434115886688,-0.20415930449962616,0.003383821342140436,-0.27072006464004517,0.23991401493549347,0.04616875201463699,0.2110063135623932,0.08850264549255371,0.20527943968772888,0.13360586762428284,0.6089001297950745,0.11245236545801163,0.2106594294309616,-0.09022089093923569,-0.27880555391311646,-0.19265103340148926,0.25535187125205994,-0.05457724258303642,-0.19198176264762878,-0.15330536663532257,-0.37196847796440125,0.01257951371371746,0.25879034399986267,-0.04717601463198662,-0.10952422767877579,-0.1054508239030838,-0.13404792547225952,0.017649460583925247,0.047973595559597015,-0.09908432513475418,0.2937023639678955,0.08197687566280365,0.16441071033477783,-0.0824057012796402,-0.10735597461462021,-0.3454655110836029,-0.5451356172561646,0.0947427898645401,-0.21327178180217743,-0.02503434382379055,-0.23149871826171875,0.6638498306274414,0.012585362419486046,-0.3394327163696289,0.18571527302265167,-0.054797880351543427,-0.027328241616487503,0.568472146987915,-0.013383421115577221,-0.018497128039598465,-0.14869382977485657,-0.2229178249835968,-0.2783188819885254,-0.041445113718509674,0.162653848528862,0.1874387413263321,-0.01651741936802864,0.18423452973365784,-0.08977430313825607,0.45053091645240784,-0.22307483851909637,0.18242189288139343,0.038606006652116776,-0.060553133487701416,-0.21121926605701447,0.02235555276274681,-0.2005326747894287,0.30495625734329224,-0.2805623412132263,0.028440376743674278,-0.031838782131671906,-0.11071072518825531,0.4949062764644623,0.4674554765224457,0.1320486217737198,0.3815041184425354,0.507567822933197,0.05444852635264397,-0.9166845083236694,-0.09666019678115845,0.219587042927742,0.19226980209350586,-0.20304381847381592,-0.04637298360466957,-0.013507246971130371,0.08010437339544296,-0.28048354387283325,-0.05980638414621353,0.04020588845014572,-0.08765759319067001,-0.09606972336769104,-0.427040159702301,0.08182545006275177,-0.13349387049674988,0.02177339233458042,0.3172796070575714,-0.13988570868968964,-0.12152370065450668,-0.04027680680155754,0.3771848678588867,-0.1639486849308014,-0.07540075480937958,-0.34006232023239136,0.07809089124202728,-0.49946242570877075,-0.12710615992546082,0.09687343239784241,-0.6137784123420715,0.06566907465457916,-0.08521415293216705,-0.3084266781806946,-0.5678876042366028,-0.23087246716022491,0.21605221927165985,-0.05264642834663391,-0.16684219241142273,-0.28039342164993286,0.0338326171040535,0.02035314217209816
CID000005076,656,0.0003958225133828819,0.08326564729213715,0.25436681509017944,0.7177978754043579,-0.506726861000061,-0.02096095308661461,0.12831513583660126,0.2183256447315216,0.0954461321234703,0.20352444052696228,0.10998396575450897,-0.43730607628822327,-0.1132042407989502,0.13086557388305664,-0.13746264576911926,0.15350891649723053,0.09391544759273529,0.1694522649049759,0.13572776317596436,-0.5732465386390686,-0.029793795198202133,-0.34638845920562744,-0.013393903151154518,-0.9588747024536133,-0.23929047584533691,0.17030663788318634,0.014619854278862476,-0.04426446557044983,-0.059455253183841705,0.08626212179660797,-0.30039751529693604,0.21422676742076874,-0.12027768790721893,-0.046054281294345856,0.15027736127376556,-0.13679349422454834,0.19818805158138275,0.10473324358463287,0.11754967272281647,-0.2637898325920105,-0.12559017539024353,-0.12815448641777039,0.047123536467552185,-0.11437653005123138,0.1014309898018837,0.2834593951702118,0.033413492143154144,0.1409694254398346,0.03574738651514053,0.006070256233215332,0.5039030909538269,-0.026693720370531082,-0.3648710250854492,-0.2631543278694153,-0.37733015418052673,-0.04941118508577347,0.28051310777664185,0.010319012217223644,0.38007280230522156,0.18184104561805725,-0.02449215017259121,-0.2674556374549866,0.139242023229599,-0.15921488404273987,0.04903460666537285,0.6070640087127686,-0.25922197103500366,-0.07439223676919937,-0.004234147258102894,0.06489239633083344,-0.006607091519981623,0.10622060298919678,0.058337658643722534,-0.4102400839328766,-0.1425778865814209,0.10130983591079712,0.14601176977157593,0.05616186931729317,-0.12979504466056824,-0.253936767578125,0.023650500923395157,-0.3528476357460022,-0.2561245262622833,0.11382065713405609,0.2147800475358963,-0.01740194484591484,-0.03273189067840576,0.29197242856025696,0.09885313361883163,-0.36247578263282776,0.06305298954248428,0.015081132762134075,-0.09096501767635345,-0.051100410521030426,-0.18433699011802673,-0.15290285646915436,0.4327499270439148,-0.22757068276405334,-0.01585540547966957,-0.13814668357372284,-0.2638377547264099,-0.031738150864839554,-0.09192262589931488,0.11982045322656631,0.29557687044143677,0.05526915192604065,0.4915202260017395,-0.40433797240257263,0.5904481410980225,0.2000100314617157,0.13821469247341156,0.08733166009187698,-0.19809530675411224,-0.7582751512527466,0.018249202519655228,0.2914423644542694,0.06301174312829971,-0.2566041946411133,-0.0708761066198349,0.18889904022216797,0.8323538899421692,-0.5891730189323425,0.3519715666770935,0.2875252366065979,-0.18587681651115417,0.282026469707489,0.09764297306537628,-0.23905792832374573,0.03414629027247429,0.16299930214881897,0.2551315426826477,-0.6005403399467468,-0.5231549143791199,-0.009028732776641846,0.09202809631824493,0.3855781853199005,0.1621231883764267,-0.0644427090883255,-0.09341426193714142,0.045872025191783905,-0.11952468007802963,0.06862497329711914,0.24203701317310333,0.19755299389362335,-0.12928161025047302,0.13925693929195404,-0.05013170838356018,0.4924333095550537,0.15977245569229126,0.2774439752101898,-0.07228798419237137,-0.5291270017623901,-0.06997475773096085,-0.037752628326416016,-0.09451720863580704,0.01844012178480625,0.1972254067659378,0.0581694170832634,0.18410256505012512,0.228512242436409,0.07453249394893646,0.2760506272315979,-0.02237371727824211,-0.12421748787164688,-0.27967262268066406,0.08023060858249664,-0.09092758595943451,0.0554855540394783,0.09556400775909424,0.24530065059661865,-0.023439470678567886,0.023951098322868347,-0.14633458852767944,-0.11027584969997406,0.18340925872325897,-0.2085399329662323,0.1902090609073639,0.010951036587357521,0.559531569480896,-0.18752425909042358,-0.13645723462104797,-0.006534755229949951,0.11277951300144196,-0.12594375014305115,-0.23631581664085388,-0.19640973210334778,0.19174888730049133,-0.24700728058815002,0.0916210412979126,-0.3213950991630554,-0.09913059324026108,0.17455992102622986,-0.11443457752466202,-0.0858747735619545,0.23867890238761902,-0.05332281067967415,-0.1026909202337265,0.012596668675541878,-0.028406605124473572,-0.1639103889465332,-0.31698116660118103,-0.5522130727767944,-0.11426116526126862,-0.08343055844306946,-0.07083878666162491,-0.09014584124088287,-0.03733918443322182,0.18628177046775818,0.24687960743904114,0.6706554293632507,0.28434306383132935,0.33372384309768677,0.23202529549598694,-0.00878077745437622,0.14579860866069794,0.006223323289304972,0.011601519770920277,0.6339534521102905,0.1433909833431244,0.1177879348397255,-0.19630376994609833,-0.029176289215683937,-0.03943973034620285,-0.12789388000965118,0.3329222798347473,-0.18669402599334717,0.13583695888519287,-0.1697976291179657,-0.26402124762535095,0.13603918254375458,-0.07137186825275421,0.49642887711524963,0.4191410541534424,-0.038013096898794174,0.38611075282096863,0.527209460735321,0.4455314576625824,-0.15899208188056946,-0.036955833435058594,-0.08088480681180954,0.09241416305303574,-0.05487897992134094,-0.04714034125208855,0.047591108828783035,0.0691717267036438,0.16517998278141022,0.018704231828451157,0.12939080595970154,-0.5776927471160889,0.1368752419948578,0.3556274473667145,-0.16995355486869812,0.19090619683265686,-0.24610701203346252,-0.08041854202747345,0.2696422040462494
CID000002800,657,0.022253720089793205,-0.07848270237445831,-0.006588784512132406,0.42279553413391113,-0.4418187141418457,0.02812895178794861,0.18407797813415527,0.27572768926620483,-0.034117937088012695,0.2960662245750427,0.44859176874160767,0.03901562839746475,-0.18197086453437805,0.11456035077571869,-0.20505186915397644,-0.06264083087444305,-0.09759397059679031,-0.10143645852804184,0.11871013790369034,-0.35905951261520386,0.15844380855560303,-0.3753839135169983,-0.2508206367492676,-0.676568865776062,-0.17030060291290283,0.09338751435279846,-0.11626026779413223,-0.07730986177921295,-0.04695505648851395,0.1281972974538803,-0.0343581847846508,0.26871544122695923,-0.2541199326515198,-0.11841657012701035,-0.09145360440015793,-0.08655793964862823,0.002535927342250943,0.25879645347595215,0.16989700496196747,-0.28809621930122375,0.012683090753853321,-0.04666491597890854,0.05393778160214424,-0.24867887794971466,-0.13959874212741852,0.22481274604797363,-0.04942591115832329,0.15446095168590546,0.07009999454021454,-0.201320081949234,0.29912567138671875,0.03735414892435074,-0.27739647030830383,-0.1419936865568161,0.025112420320510864,-0.10104072093963623,-0.18884825706481934,-0.054731644690036774,0.022200357168912888,-0.1448088139295578,-0.3260499835014343,-0.2838131785392761,0.1304224282503128,-0.09709001332521439,0.2583300471305847,0.24942722916603088,-0.10908538103103638,-0.1260470598936081,0.22275587916374207,0.1333819329738617,-0.07100140303373337,-0.2996355891227722,-0.517360508441925,-0.1546568125486374,-0.24626263976097107,-0.10526076704263687,-0.2514546513557434,0.04637299105525017,-0.05969340726733208,-0.0358465313911438,0.4000445306301117,-0.4357996881008148,-0.3835912346839905,-0.062447864562273026,0.21073167026042938,-0.1598387062549591,0.27300435304641724,0.255487859249115,-0.06520245969295502,-0.5623301267623901,0.061475180089473724,0.2865195572376251,0.18244671821594238,0.04027602821588516,-0.2313416302204132,-0.37677034735679626,-0.08534717559814453,-0.3039565682411194,-0.003666615579277277,0.20259766280651093,-0.19158825278282166,0.13918979465961456,-0.05894886329770088,0.2939763069152832,0.2337779700756073,-0.011630048975348473,0.0699111595749855,-0.2946372628211975,0.47379589080810547,-0.14573289453983307,-0.22513160109519958,0.22881826758384705,-0.3172289729118347,-0.029132772237062454,0.04207413271069527,0.36332687735557556,-0.10602299869060516,0.00849827192723751,-0.3727521300315857,0.2315663993358612,0.6023479700088501,-0.12083108723163605,0.2880331873893738,0.14631959795951843,-0.11780454963445663,0.32587534189224243,-0.06281298398971558,0.0923878401517868,0.3246304392814636,-0.006047040224075317,0.12040746212005615,-0.49510183930397034,-0.21067671477794647,-0.035441804677248,0.28806203603744507,-0.0004882425128016621,-0.2626171112060547,0.1830197274684906,-0.2568184733390808,-0.2063332498073578,-0.20046305656433105,0.1363164782524109,0.04098457843065262,-0.06818987429141998,-0.04109642654657364,0.2508029639720917,-0.07396688312292099,0.4124293923377991,-0.03312085196375847,0.23249414563179016,-0.14320838451385498,-0.2959725260734558,0.1808205544948578,0.22663116455078125,-0.15777428448200226,-0.12574166059494019,-0.006005571689456701,-0.14846143126487732,-0.04789523780345917,0.16386377811431885,0.3779982030391693,0.20981672406196594,-0.12070658057928085,-0.11004320532083511,-0.11655936390161514,0.03562941402196884,-0.4124269485473633,0.028243139386177063,-0.0029407322872430086,-0.030636226758360863,-0.09033866971731186,-0.06866820156574249,-0.14544577896595,-0.23473744094371796,0.05082281678915024,-0.10157915204763412,0.04650993272662163,-0.44823065400123596,0.4986801743507385,-0.08410940319299698,0.09512053430080414,0.07671700417995453,-0.10658713430166245,-0.2104026973247528,0.24206829071044922,0.10926888883113861,-0.14119312167167664,0.17767184972763062,-0.016669105738401413,-0.25972044467926025,-0.18179602921009064,0.03648844361305237,0.16281631588935852,-0.16906678676605225,0.053330935537815094,-0.1881610006093979,0.09200645983219147,-0.1095125675201416,0.036443110555410385,0.3597402572631836,0.2186773270368576,-0.1775297075510025,-0.11854399740695953,-0.3553021550178528,0.13505378365516663,-0.14750848710536957,0.03437196835875511,0.31565573811531067,-0.14054180681705475,0.4237505793571472,0.3591553270816803,-0.037306465208530426,0.21789702773094177,0.23291702568531036,0.16551464796066284,-0.1515919268131256,-0.046809952706098557,0.17194440960884094,-0.05986674502491951,-0.4253249764442444,0.1502854824066162,-0.14933046698570251,-0.2837464511394501,-0.3194921016693115,-0.04458151012659073,-0.21844378113746643,-0.06955967843532562,-0.26081833243370056,-0.05544707924127579,0.14036962389945984,0.02840195596218109,-0.10211944580078125,0.2117990255355835,0.038424599915742874,0.021434959024190903,0.3109084963798523,0.24958214163780212,-0.4042086601257324,0.1229652538895607,-0.12367180734872818,0.33915331959724426,-0.5592260360717773,-0.005410480313003063,0.2740653455257416,-0.1955261528491974,0.04169052094221115,0.28140127658843994,-0.0003446400223765522,-0.6001063585281372,-0.06668233871459961,0.3319917619228363,-0.1496610939502716,0.1727590262889862,-0.3563448488712311,0.10003818571567535,-0.11317732185125351
CID000003261,658,0.02142067812383175,-0.11834006011486053,-0.08077285438776016,0.3513074517250061,-0.3641638457775116,0.27654021978378296,0.14081065356731415,0.30733680725097656,0.06345457583665848,0.33910995721817017,0.40223193168640137,0.20240764319896698,-0.036841850727796555,0.1880025863647461,-0.20451132953166962,-0.0725029781460762,-0.09013137966394424,4.870667908107862e-05,0.0474257655441761,-0.44313010573387146,0.17446552217006683,-0.23314520716667175,0.010980719700455666,-0.8463866114616394,-0.24049194157123566,0.18606963753700256,-0.20530292391777039,-0.229610875248909,0.005346807651221752,0.15251950919628143,-0.14630481600761414,0.3058493137359619,0.021338051185011864,0.08777099847793579,0.03866264969110489,0.27921220660209656,-0.04660734534263611,0.20382162928581238,0.0979389101266861,-0.1803387701511383,-0.09693541377782822,-0.2561630606651306,0.058369338512420654,-0.3211963176727295,-0.19174709916114807,0.3332121968269348,0.059235475957393646,0.11511151492595673,0.10144449770450592,-0.0033646938391029835,0.29845473170280457,0.0026495219208300114,-0.2840624451637268,0.0348409079015255,0.22790125012397766,-0.0962788537144661,-0.03193340450525284,0.1717570573091507,0.09208641946315765,-0.0980077013373375,-0.27490609884262085,-0.3183668255805969,0.028253674507141113,-0.14918670058250427,0.33162587881088257,0.3920884132385254,-0.13018321990966797,0.004218870308250189,0.3297310173511505,0.24647149443626404,0.04202604293823242,-0.148990660905838,-0.46645641326904297,-0.3281523585319519,-0.1578446626663208,0.10500705242156982,0.1456136256456375,-0.016738520935177803,-0.12553337216377258,0.015221213921904564,0.20180483162403107,-0.3939579129219055,-0.3247177004814148,-0.10517344623804092,0.07984627783298492,-0.3597191572189331,0.33992838859558105,0.10607117414474487,0.24146568775177002,-0.6030656099319458,-0.025113526731729507,0.3788920044898987,0.06959293782711029,0.238590270280838,0.05278947949409485,-0.3206355571746826,-0.12917748093605042,-0.06783992052078247,0.14860163629055023,0.07492204010486603,-0.12939929962158203,0.043693747371435165,-0.029912620782852173,0.3232887387275696,0.07772822678089142,-0.004363225307315588,0.03303462266921997,0.04992076754570007,0.4553210735321045,0.00016105175018310547,-0.15971124172210693,0.23843951523303986,-0.249708890914917,0.028323128819465637,-0.07459904998540878,0.24962732195854187,0.09491899609565735,0.10784349590539932,-0.12299774587154388,0.30957144498825073,0.5484023690223694,-0.0733729898929596,0.3189992904663086,0.31950193643569946,0.0389510802924633,0.28240448236465454,0.01547994464635849,0.05107219144701958,0.20579130947589874,0.08142964541912079,-0.07020600885152817,-0.4396502375602722,-0.452486127614975,0.19457663595676422,0.15207399427890778,-0.1092931479215622,0.05916007608175278,0.0879678875207901,-0.48228102922439575,-0.30911269783973694,-0.14893575012683868,0.15275117754936218,-0.038488250225782394,-0.26614388823509216,-0.043717533349990845,0.16103610396385193,0.0011020991951227188,0.32753437757492065,-0.07576463371515274,0.11859478801488876,0.09966447204351425,-0.35490748286247253,0.11497662216424942,-0.04211556166410446,-0.29755929112434387,-0.2004484236240387,-0.09793113172054291,-0.2781471610069275,-0.1511913537979126,0.2936244606971741,0.026816463097929955,-0.03890860080718994,-0.1488175094127655,0.27900367975234985,0.015380511991679668,-0.07157868891954422,-0.12000155448913574,0.07615631818771362,-0.13843916356563568,0.28677526116371155,-0.037965454161167145,-0.22322919964790344,-0.2917208969593048,-0.2809379994869232,0.1174170970916748,0.00973652582615614,0.12982694804668427,-0.1596854031085968,0.4633868634700775,0.012312856502830982,0.1490228921175003,0.12751010060310364,-0.3961001932621002,-0.036159612238407135,0.14455488324165344,0.15811088681221008,-0.37259310483932495,-0.05715068429708481,0.00956992618739605,-0.43355607986450195,-0.1236572265625,0.24420233070850372,0.21068552136421204,-0.05713003873825073,0.05925663188099861,-0.057573460042476654,0.16312441229820251,-0.27491870522499084,0.020438287407159805,0.23742017149925232,0.24861443042755127,-0.15738622844219208,-0.10974321514368057,-0.2854323089122772,-0.12417314201593399,-0.1648263931274414,-0.024153482168912888,-0.05524866655468941,0.12039917707443237,0.4226267337799072,0.3600640892982483,-0.11957456171512604,0.2188619077205658,0.2722456455230713,0.24956408143043518,-0.27853626012802124,0.19926293194293976,0.12808910012245178,0.011377382092177868,-0.058593250811100006,-0.11187322437763214,-0.2805878818035126,0.07999030500650406,-0.3494942784309387,0.02842327579855919,-0.09513483196496964,-0.21163621544837952,-0.1914563626050949,-0.08360408246517181,-0.031209969893097878,-0.1281881034374237,-0.08248498290777206,0.15231043100357056,0.04143071174621582,-0.09583228826522827,0.02733060158789158,0.3392397165298462,-0.12951494753360748,0.12265296280384064,-0.2900139093399048,0.14055310189723969,-0.4388818144798279,0.024229049682617188,0.1143537163734436,-0.10342230647802353,-0.09766087681055069,0.12281955778598785,-0.0902363732457161,-0.549270749092102,-0.22072216868400574,0.23648564517498016,-0.021183475852012634,0.03978006914258003,-0.30564814805984497,0.12317957729101181,0.20905271172523499
CID000005155,667,0.028302853927016258,-0.05111358314752579,0.009852957911789417,0.500872015953064,-0.38515061140060425,0.05422605201601982,0.1880350559949875,0.2740517258644104,-0.03570128604769707,0.2889309525489807,0.15994872152805328,-0.11739609390497208,-0.17438894510269165,0.14978674054145813,-0.08834660053253174,0.15044626593589783,-0.11716139316558838,-0.020558545365929604,0.3663633167743683,-0.5818940997123718,-0.17126289010047913,-0.34737637639045715,-0.013555094599723816,-0.9374635815620422,0.3184354603290558,0.03132447972893715,0.164498969912529,-0.007636385969817638,-0.1782277524471283,-0.25598210096359253,-0.1146947517991066,0.053202975541353226,-0.014246595092117786,0.22880324721336365,0.05644398182630539,-0.1977948248386383,0.21887719631195068,-0.019828500226140022,0.11807823181152344,-0.2394137680530548,0.0021852075587958097,-0.2917775511741638,0.35146233439445496,-0.06883575767278671,-0.23080787062644958,0.23362815380096436,0.1189042329788208,0.029524046927690506,0.08104410767555237,-0.21338395774364471,0.3309026062488556,-0.22216565907001495,-0.13887503743171692,-0.12737394869327545,-0.11038877815008163,-0.1526578813791275,0.2956470251083374,0.05528520792722702,0.5437172055244446,-0.10038582980632782,-0.08517240732908249,-0.32475656270980835,-0.13617661595344543,-0.1261340081691742,0.04440876096487045,0.41243618726730347,-0.08821599185466766,-0.11000561714172363,0.004109772853553295,0.13659550249576569,0.12290191650390625,0.2423533946275711,-0.11828873306512833,-0.39201873540878296,-0.17938102781772614,-0.00032894761534407735,-0.06904397159814835,0.1338077336549759,-0.13563618063926697,-0.2146812379360199,-0.10574766248464584,-0.5465129613876343,-0.28435298800468445,0.17385610938072205,0.3489590883255005,0.06257383525371552,-0.01993689499795437,0.20279650390148163,-0.2234075963497162,-0.6604393124580383,-0.2253921926021576,0.10039305686950684,0.07298913598060608,0.07642512023448944,-0.2183695286512375,-0.3480285406112671,0.046853937208652496,-0.1467309296131134,-0.16919761896133423,0.03841210901737213,-0.3293613791465759,-0.10146957635879517,-0.18099163472652435,0.46032899618148804,0.2730180621147156,0.19261758029460907,-0.12034796178340912,0.25714245438575745,0.5439855456352234,0.20148558914661407,-0.17351089417934418,0.09875528514385223,-0.15945793688297272,-0.46147364377975464,-0.014918267726898193,0.06505310535430908,-0.04448426514863968,0.030742812901735306,0.023897219449281693,-0.029696453362703323,0.840699315071106,-0.665351390838623,0.21099475026130676,0.27610406279563904,-0.00623946962878108,0.36245912313461304,0.13282465934753418,-0.14237460494041443,0.3123105466365814,0.11718282848596573,0.03332892805337906,-0.45040473341941833,-0.25049349665641785,0.24418988823890686,0.11060170829296112,-0.011138895526528358,-0.07687892019748688,0.24012665450572968,-0.17009279131889343,-0.195109561085701,-0.09262152016162872,0.2765989303588867,0.016393905505537987,0.11946789175271988,0.02137036621570587,0.36542561650276184,-0.3125378489494324,0.5417994260787964,0.2666711211204529,0.2166169136762619,-0.03729494288563728,-0.33825743198394775,-0.15638040006160736,0.21049046516418457,-0.2119714766740799,-0.04301944002509117,-0.13343636691570282,-0.06585359573364258,0.13279186189174652,0.11275188624858856,0.08582808822393417,-0.06302131712436676,-0.008695227093994617,0.012338036671280861,-0.1153215616941452,-0.14440160989761353,-0.0849638432264328,0.04895000532269478,0.025472987443208694,0.08637472242116928,0.28044891357421875,-0.04018082469701767,-0.21152245998382568,-0.1133260577917099,0.12138579040765762,-0.08614297211170197,0.12333007901906967,-0.21373657882213593,0.40913882851600647,0.17978283762931824,0.016675416380167007,-0.0971340537071228,-0.04810696840286255,-0.0944819450378418,-0.10855652391910553,0.3271830677986145,-0.07535289227962494,0.03588395565748215,0.1523893177509308,-0.28092557191848755,0.0694093257188797,-0.11128368228673935,0.027504857629537582,0.08110009878873825,0.1200113296508789,-0.16302147507667542,-0.11614801734685898,0.11277854442596436,0.030293842777609825,-0.11018848419189453,-0.13276425004005432,-0.38292989134788513,-0.17513255774974823,-0.29269537329673767,0.17767710983753204,-0.13045793771743774,-0.20645096898078918,0.10711757093667984,0.28895050287246704,0.5041036605834961,0.3385135233402252,0.1916508972644806,0.14040787518024445,0.06344370543956757,0.18240632116794586,-0.0016572177410125732,-0.11192667484283447,0.5668202638626099,-0.05008719488978386,-0.0906665101647377,0.010889826342463493,-0.16120636463165283,-0.05506601184606552,-0.16344782710075378,0.20470428466796875,-0.12554414570331573,-0.11576323211193085,-0.049273036420345306,-0.10161735117435455,-0.27478107810020447,-0.14192481338977814,-0.042213406413793564,0.3536413311958313,-0.14527444541454315,-0.0010234549408778548,-0.3157746195793152,0.2994866371154785,-0.08817096054553986,0.14191696047782898,-0.2057701051235199,0.1572052240371704,-0.07152767479419708,-0.18795426189899445,0.07955195009708405,-0.01686783693730831,-0.09215925633907318,0.13791702687740326,0.21531100571155548,-0.6667438745498657,0.14213970303535461,0.28979915380477905,-0.2849240303039551,-0.07197588682174683,-0.40616947412490845,0.23565515875816345,0.2420411854982376
CID005493444,670,0.5958019495010376,0.050777412950992584,-0.04960119351744652,0.24072499573230743,-0.3981354236602783,0.1516495943069458,0.10532595217227936,0.18184487521648407,-0.0302099771797657,0.10716782510280609,0.11807231605052948,0.07203523814678192,0.038952820003032684,0.22491702437400818,-0.35192254185676575,-0.15347929298877716,-0.05638434365391731,-0.5860675573348999,0.2054751217365265,-0.37917569279670715,0.12950238585472107,-0.37195831537246704,-0.26542186737060547,-0.9005814790725708,-0.1162276491522789,-0.22222068905830383,-0.2823279798030853,0.16003546118736267,0.10662124305963516,0.23739197850227356,-0.18986442685127258,0.31697726249694824,0.003221833612769842,-0.028545817360281944,0.06203794479370117,-0.11833061277866364,0.036263152956962585,0.02948092296719551,-0.04369475319981575,-0.21763458847999573,-0.015217041596770287,-0.07221057265996933,-0.0026333541609346867,-0.3002948760986328,-0.2025398463010788,0.4886794686317444,-0.029696926474571228,0.03987686336040497,0.0624169297516346,0.13671189546585083,0.2257307469844818,0.16506148874759674,-0.3719167113304138,-0.1695350706577301,0.07584987580776215,-0.12224404513835907,-0.28075486421585083,0.12531208992004395,-0.11822903156280518,-0.038246236741542816,-0.1289547234773636,-0.17517009377479553,-0.1367260366678238,-0.003802067134529352,0.13573549687862396,0.4291539788246155,-0.23153862357139587,-0.10527487844228745,0.16929040849208832,0.17673933506011963,-0.11575254052877426,-0.04158787056803703,-0.3326244056224823,-0.23889212310314178,-0.05388887971639633,0.581224262714386,-0.14101622998714447,0.1862068772315979,-0.09342727065086365,0.09412144869565964,0.15483717620372772,-0.537579357624054,-0.34858065843582153,-0.27879899740219116,0.10216790437698364,-0.2875908315181732,0.3268071711063385,-0.07263083010911942,0.21827277541160583,-0.8285829424858093,0.0751299038529396,0.37767747044563293,0.04615957289934158,-0.22565177083015442,-0.012285375967621803,-0.3772483170032501,-0.06683064252138138,-0.008771618828177452,0.06342225521802902,0.6229661107063293,-0.21063780784606934,0.17390939593315125,-0.05105043202638626,0.2292417734861374,0.2715047299861908,0.13212907314300537,0.5231295824050903,0.10114048421382904,0.4971635937690735,-0.038016557693481445,-0.03782007843255997,0.233918234705925,-0.18331997096538544,-0.178733229637146,-0.2504342198371887,0.23490777611732483,-0.0018053650856018066,-0.057383667677640915,-0.31189677119255066,0.0785621926188469,0.711128830909729,-0.13194647431373596,0.22787931561470032,0.09765316545963287,0.2559342384338379,0.10304202139377594,0.03999592736363411,0.0523030050098896,0.08046513795852661,-0.04018750041723251,-0.04837968572974205,-0.49455538392066956,-0.3124985098838806,0.11534825712442398,0.23631909489631653,-0.050684429705142975,-0.15912416577339172,0.07320870459079742,-0.1645948588848114,-0.08517275750637054,-0.1274714171886444,0.054117292165756226,0.1585337519645691,-0.2018626183271408,0.10528852790594101,-0.1010042205452919,-0.1533922255039215,0.39151138067245483,-0.12445376068353653,0.23801715672016144,-0.06576623767614365,-0.3593437075614929,0.12234877049922943,0.250517338514328,-0.3668418526649475,-0.09655580669641495,-0.1060071587562561,-0.2533712387084961,0.06911136955022812,0.2550503611564636,0.19777949154376984,0.09832366555929184,-0.1711033135652542,-0.1076740026473999,0.0076028467155992985,0.06181175634264946,-0.362664133310318,0.09255804866552353,-0.12779933214187622,0.04247397184371948,-0.08456836640834808,-0.279032826423645,-0.2667987644672394,-0.44146400690078735,0.010868239216506481,-0.11228245496749878,0.14009502530097961,-0.07775161415338516,0.49208277463912964,-0.31829243898391724,-0.014653933234512806,-0.14264138042926788,-0.20718221366405487,-0.054666854441165924,0.36661767959594727,0.28812843561172485,-0.24091485142707825,0.12758047878742218,-0.11583733558654785,-0.2550921142101288,0.07724187523126602,0.019559908658266068,0.09605629742145538,0.005086189601570368,0.04059809818863869,-0.09426890313625336,0.06711403280496597,-0.4050334393978119,0.15152627229690552,0.13138481974601746,-0.008525943383574486,-0.19339771568775177,0.4959370195865631,-0.2732124924659729,0.2829675078392029,-0.12816618382930756,-0.0883370190858841,0.03768346458673477,-0.11291035264730453,0.3012462854385376,0.3205549120903015,-0.24731533229351044,0.21990323066711426,0.23328614234924316,-0.11083493381738663,-0.2932819724082947,0.21362586319446564,0.14973880350589752,0.1521698534488678,0.12623393535614014,-0.08497873693704605,0.05533609539270401,-0.035076551139354706,-0.3440926671028137,-0.1225079745054245,0.04417538270354271,-0.10129900276660919,0.12591546773910522,-0.16182705760002136,0.11210159212350845,-0.03912435099482536,-0.07330502569675446,0.3910995423793793,0.043486062437295914,0.34089893102645874,-0.026814138516783714,0.18995192646980286,-0.21353904902935028,0.07399880141019821,-0.18700934946537018,0.2556183934211731,-0.49708566069602966,-0.16172650456428528,0.18867667019367218,-0.23879678547382355,0.11656589806079865,0.1010880321264267,0.3080969750881195,-0.49671730399131775,-0.0758407860994339,0.19675540924072266,-0.09219492971897125,-0.17667825520038605,-0.16486972570419312,0.050527334213256836,0.06293632835149765
CID000003414,680,0.2090073823928833,-0.36574679613113403,0.15930142998695374,0.6524301171302795,-0.47576770186424255,-0.1525021195411682,0.06538631021976471,0.024129927158355713,-0.14980098605155945,0.0052976529113948345,-0.30452585220336914,-0.7217159867286682,-0.45142531394958496,0.06659086793661118,0.4233575761318207,0.25228720903396606,-0.1521790325641632,-0.22931396961212158,-0.12709350883960724,-0.8139384388923645,0.19756092131137848,-0.15428000688552856,0.37956374883651733,-0.8408912420272827,0.332907110452652,0.07852001488208771,-0.07380431145429611,-0.23379507660865784,0.00423049321398139,-0.031191285699605942,-0.0014715492725372314,0.18844394385814667,-0.27172285318374634,-0.30396369099617004,0.06818540394306183,0.10029657930135727,-0.043921805918216705,0.2484453171491623,-0.06360293924808502,-0.3983694911003113,-0.17240557074546814,-0.13856284320354462,0.1167200356721878,-0.12419988214969635,0.11981911957263947,0.022867780178785324,-0.2845606207847595,0.016108740121126175,0.056540973484516144,0.014566230587661266,0.7890505790710449,-0.2558565139770508,-0.07932442426681519,0.24149636924266815,0.1048995703458786,0.3063386082649231,0.2259521186351776,0.08210135996341705,0.9254130125045776,-0.16905948519706726,-0.05394306033849716,-0.3039194345474243,0.38274770975112915,-0.04556024819612503,0.2925890386104584,0.7540745139122009,-0.06529958546161652,0.1740829199552536,0.12147574126720428,-0.2380574643611908,0.08495724946260452,-0.08884165436029434,-0.2209448516368866,-0.20150013267993927,-0.1389499008655548,0.24422335624694824,-0.04650827869772911,-0.2955196499824524,0.20648162066936493,-0.07751306891441345,0.7422949075698853,-0.3550131022930145,-0.395792692899704,0.49682942032814026,0.12550823390483856,0.2663557827472687,0.18759781122207642,0.3574044108390808,-0.03836273401975632,-0.7666178941726685,-0.3171790540218353,0.06533980369567871,-0.09939292818307877,-0.009868095628917217,0.5707436203956604,-0.18875961005687714,0.10077901929616928,-0.07733187824487686,0.64080411195755,0.4283294081687927,0.11606884002685547,0.3260959982872009,-0.004016089253127575,0.04428928345441818,0.0311746783554554,0.10329379141330719,-0.18476125597953796,-0.0019523382652550936,0.7041022777557373,0.32323604822158813,-0.28351837396621704,0.22084414958953857,0.06441763043403625,-0.3874814212322235,-0.10863333940505981,0.26438990235328674,0.05673549324274063,-0.22251777350902557,0.1362023651599884,-0.11328782141208649,0.9305564165115356,-0.6349761486053467,0.386258065700531,0.2030145823955536,-0.32169049978256226,0.18410950899124146,-0.3119851052761078,0.09141979366540909,0.03652277588844299,0.32697397470474243,0.1744910031557083,-0.7847694158554077,-0.35862165689468384,-0.19421091675758362,0.24723473191261292,0.5850592851638794,-0.2800251245498657,0.21743102371692657,0.037645623087882996,-0.31332340836524963,-0.07394303381443024,0.2640228271484375,-0.28103107213974,0.26776331663131714,0.097049780189991,-0.024552201852202415,-0.0016940832138061523,0.8074104189872742,-0.3915802538394928,0.31880566477775574,0.25495046377182007,-0.609681248664856,-0.2077869474887848,0.07376760244369507,-0.2192627489566803,-0.1871216893196106,0.13081035017967224,-0.09498593211174011,-0.06823231279850006,0.24667446315288544,0.34467220306396484,0.3991835117340088,-0.27523356676101685,0.23510582745075226,0.010807526297867298,-0.26021409034729004,0.21326985955238342,-0.1318254917860031,0.11636956036090851,0.2328280508518219,-0.3000412583351135,-0.25846439599990845,-0.1692577302455902,-0.44020161032676697,-0.20948021113872528,-0.04012567549943924,-0.18569186329841614,-0.4442055821418762,0.6474002003669739,0.047400135546922684,-0.4225331246852875,0.19550099968910217,-0.3929327130317688,0.08404657989740372,0.864179790019989,0.04755295440554619,-0.20337490737438202,0.20474481582641602,-0.0839625746011734,-0.3034971356391907,-0.2788189649581909,-0.031195789575576782,0.22336220741271973,-0.6512247920036316,0.1438242346048355,-0.18535199761390686,0.057957906275987625,0.011184653267264366,0.077703557908535,0.14918039739131927,-0.3822636306285858,-0.3886253535747528,-0.03835992142558098,-0.08798685669898987,0.22236594557762146,0.058839838951826096,-0.23166939616203308,-0.0049707405269145966,0.4195271134376526,0.43262195587158203,0.33267495036125183,0.5208166837692261,0.06584012508392334,-0.38237321376800537,-0.05523737147450447,-0.30431419610977173,0.491773784160614,0.4468502998352051,0.06821009516716003,0.02241477183997631,0.04153144359588623,-0.023662647232413292,0.46243876218795776,-0.25298604369163513,-0.02123391069471836,-0.09410351514816284,-0.590648353099823,-0.339548259973526,0.12531942129135132,0.22766873240470886,0.1929294764995575,0.7998710870742798,0.6641130447387695,0.030087703838944435,-0.16274137794971466,0.11613291501998901,0.6199169158935547,-0.7927711606025696,0.08457863330841064,-0.3005123734474182,-0.1697852909564972,-0.4784618318080902,-0.0626717358827591,0.36325639486312866,-0.027126308530569077,0.5318215489387512,-0.16917100548744202,-0.19947192072868347,-1.0431171655654907,-0.34290212392807007,0.27486175298690796,0.018694942817091942,0.1629561185836792,-0.2500882148742676,-0.06269685178995132,-0.189156174659729
CID000004192,683,0.36734914779663086,-0.15411119163036346,0.06233368068933487,0.5096009969711304,-0.4125637412071228,0.22114506363868713,-0.09464886039495468,0.28084439039230347,0.16955970227718353,0.207645982503891,0.17942707240581512,0.06855617463588715,-0.0472666434943676,0.10344676673412323,-0.011137711815536022,-0.0647210031747818,0.048045217990875244,-0.06294525414705276,-0.12224271148443222,-0.49139007925987244,0.060798246413469315,-0.24158766865730286,0.22529980540275574,-0.8277996778488159,-0.1789044439792633,-0.03107300028204918,-0.15278083086013794,-0.13805796205997467,-0.12026331573724747,0.30047518014907837,0.08653871715068817,0.17613022029399872,0.1324143260717392,-0.15893074870109558,-0.04671388864517212,0.10824372619390488,-0.04200885817408562,0.23180155456066132,-0.0895673856139183,-0.26134586334228516,-0.10091318935155869,0.044103000313043594,0.06287302076816559,-0.05269597843289375,-0.28110232949256897,0.3149107098579407,-0.03691605105996132,0.08074364811182022,0.20639295876026154,0.22883780300617218,0.47384920716285706,-0.5134830474853516,-0.3330516517162323,-0.06552781164646149,0.12347207218408585,-0.1753605604171753,0.13087527453899384,0.10362531244754791,0.23641523718833923,0.170084148645401,-0.18327268958091736,-0.43609127402305603,0.11546459048986435,-0.18545503914356232,0.3030663728713989,0.4979376196861267,-0.2261124551296234,-0.18182866275310516,0.051915477961301804,0.48497265577316284,0.02144966460764408,-0.054017890244722366,-0.34042972326278687,-0.2463490068912506,-0.07192647457122803,0.2162468135356903,0.1169494166970253,-0.25780683755874634,-0.13149242103099823,0.008690846152603626,0.17985203862190247,-0.42947888374328613,-0.30867886543273926,-0.09042992442846298,0.07672587037086487,-0.14819952845573425,0.12148533016443253,0.021466899663209915,0.1284501850605011,-0.3710057735443115,0.07552871108055115,0.14569412171840668,-0.014750343747437,0.21124282479286194,-0.36453384160995483,-0.29075220227241516,0.030572960153222084,-0.2980475127696991,0.2752040922641754,0.28460466861724854,0.12818431854248047,0.20092734694480896,0.03785739094018936,0.25190621614456177,0.21736225485801697,-0.01122052688151598,-0.18397024273872375,-0.038682661950588226,0.5003000497817993,0.12902137637138367,0.1037687286734581,0.1215224415063858,-0.08301888406276703,-0.25198423862457275,-0.03190683573484421,0.3120100796222687,-0.10901743173599243,0.18094943463802338,-0.06380914151668549,0.39677757024765015,0.7470730543136597,-0.2075507938861847,0.18132373690605164,0.26947617530822754,-0.18202856183052063,0.3707839846611023,0.1330752670764923,-0.13680024445056915,0.054904479533433914,0.36054277420043945,0.08664947748184204,-0.6610381603240967,-0.6019008755683899,0.390980064868927,0.2660655975341797,0.02872427925467491,0.1340639740228653,0.1271214485168457,-0.14545626938343048,-0.2639668881893158,-0.15712584555149078,0.2653025984764099,0.1291620135307312,0.09699506312608719,-0.03154660016298294,0.018998336046934128,0.09758231788873672,0.4923839569091797,0.13284826278686523,0.3195131719112396,0.2456214427947998,-0.4895816743373871,0.15997746586799622,0.04524345323443413,-0.21961566805839539,-0.09581268578767776,0.14141838252544403,-0.19043326377868652,0.0680186003446579,0.2065897285938263,-0.20481185615062714,0.18983137607574463,-0.054905928671360016,0.15800288319587708,-0.11084268987178802,0.120181143283844,-0.1863701343536377,0.08033303916454315,0.03500577062368393,0.05237028747797012,-0.01746996119618416,0.03035886213183403,-0.42575889825820923,-0.2301969975233078,0.21079905331134796,-0.08105982095003128,0.3035288453102112,-0.007646322250366211,0.7740043997764587,0.33383479714393616,-0.1340336799621582,0.12080784142017365,-0.35057348012924194,-0.018565012142062187,-0.02901056408882141,0.17647986114025116,-0.245784193277359,-0.007743827998638153,0.01111767441034317,-0.4258851110935211,-0.03365451097488403,0.13136276602745056,0.04716775566339493,-0.28041794896125793,0.11356627941131592,-0.14419329166412354,0.1791917383670807,-0.30286383628845215,-0.09790094196796417,-0.053219329565763474,0.07928407192230225,-0.340989887714386,-0.15631887316703796,-0.23809996247291565,-0.16071483492851257,-0.006847548298537731,-0.03211846202611923,0.007164800073951483,-0.00996420532464981,0.3825837969779968,0.3192673921585083,0.05900250002741814,0.20640699565410614,0.12684810161590576,-0.04754972085356712,-0.36931121349334717,0.22293198108673096,0.36248862743377686,-0.11669506877660751,0.04233398288488388,-0.18497425317764282,-0.20355960726737976,-0.22329667210578918,-0.19741137325763702,0.078416608273983,-0.21260890364646912,-0.20329248905181885,0.06184520572423935,0.05300167202949524,0.3624459505081177,0.13758517801761627,0.12443859875202179,0.36697474122047424,-0.09523572772741318,-0.04376155138015747,0.043912291526794434,0.4694299101829529,-0.13558372855186462,0.15330764651298523,-0.23841114342212677,-0.0436793714761734,-0.35112464427948,-0.1449461728334427,0.12730811536312103,-0.00795545894652605,-0.2924174666404724,0.23954744637012482,-0.11416001617908478,-0.7302196025848389,0.037590138614177704,0.2032831460237503,0.009129507467150688,0.006488452199846506,-0.30030933022499084,0.04938072711229324,0.061400651931762695
CID000004771,686,0.3898627460002899,-0.19793860614299774,0.35954928398132324,0.48298636078834534,-0.02559024654328823,0.08787862956523895,-0.18221504986286163,0.4176394045352936,0.09127110242843628,-0.209572434425354,-0.08230219781398773,0.11123409122228622,-0.224910169839859,0.0914236456155777,-0.0753856748342514,0.18850909173488617,0.003281746758148074,-0.2654803395271301,0.12710382044315338,-0.6983479261398315,-0.03529618680477142,0.2851618528366089,-0.10797512531280518,-1.0064818859100342,-0.3987354338169098,0.09083471447229385,-0.01470315270125866,-0.02692585624754429,0.06502945721149445,-0.00117386388592422,-0.16585877537727356,0.41066092252731323,-0.07009445130825043,0.12307766824960709,-0.017747843638062477,-0.022919679060578346,0.359174907207489,-0.22228161990642548,-0.10582678020000458,-0.12598972022533417,-0.29230445623397827,0.13021571934223175,-0.32498231530189514,-0.48873957991600037,0.06810213625431061,0.27425628900527954,0.18782329559326172,0.16308842599391937,-0.31912073493003845,0.2039329707622528,0.6981878876686096,0.06676964461803436,0.028518736362457275,0.17337943613529205,0.21574971079826355,-0.03411167487502098,0.5652177929878235,0.3091384768486023,0.24918463826179504,-0.008599425666034222,-0.2450130730867386,-0.28234371542930603,-0.22901740670204163,-0.03676758334040642,0.32533711194992065,0.7721547484397888,-0.386912077665329,0.5856749415397644,0.051504723727703094,-0.015065252780914307,0.4564715027809143,0.07650066912174225,-0.45115381479263306,-0.2978074848651886,-0.09222717583179474,0.40890711545944214,0.2904171645641327,0.30605122447013855,0.0651257336139679,0.23017016053199768,0.8914103507995605,-0.44061827659606934,-0.26244524121284485,0.1263803243637085,-0.03328309580683708,-0.155019149184227,0.1887265145778656,0.23488637804985046,0.02229783870279789,-0.9479311108589172,0.14559540152549744,0.08554947376251221,-0.018397117033600807,-0.38759732246398926,-0.3219833970069885,-0.29663464426994324,0.19306303560733795,0.2961670160293579,0.015149069018661976,0.46749943494796753,-0.18602077662944794,0.14216600358486176,-0.04880521818995476,0.31289342045783997,-0.3524904251098633,-0.06251487135887146,0.04948112368583679,0.016916418448090553,0.9431241154670715,0.7086144685745239,-0.1815681904554367,0.24083933234214783,0.13600292801856995,-0.21268948912620544,-0.08784005790948868,-0.12286938726902008,-0.052488647401332855,0.150701642036438,0.1833171546459198,0.27386292815208435,0.7785937190055847,-0.28921476006507874,0.4474610388278961,0.10842188447713852,-0.38243597745895386,-0.13787193596363068,-0.03543379157781601,-0.22869929671287537,0.22748036682605743,0.18591821193695068,0.3866969048976898,-0.6056370139122009,0.028705794364213943,0.17075522243976593,0.10780210793018341,0.05582960695028305,0.4010862708091736,-0.03255051374435425,0.04620526731014252,-0.7508018612861633,-0.10357943922281265,-0.05654662847518921,0.08717236667871475,0.08851651847362518,0.15211254358291626,0.38428908586502075,-0.122841015458107,0.6913842558860779,0.0023351728450506926,0.11163705587387085,0.05591185763478279,-0.39993035793304443,0.2638983726501465,0.44882336258888245,-0.08263514935970306,-0.02091439627110958,0.015098726376891136,-0.32574525475502014,-0.12451966851949692,0.521863579750061,0.14891648292541504,-0.0677361935377121,0.0452377125620842,0.17313119769096375,-0.055342841893434525,-0.584904670715332,-0.2191697657108307,-0.05216216295957565,-0.0023650862276554108,0.10951215028762817,-0.1527763158082962,-0.19501817226409912,-0.25343379378318787,-0.3833910822868347,0.07668796926736832,0.10436084121465683,-0.22785326838493347,-0.1911737322807312,0.736498236656189,0.07638616859912872,-0.24089586734771729,0.09083113074302673,-0.5546687245368958,0.10237099975347519,0.3100225031375885,0.06026536971330643,-0.7900057435035706,0.21925494074821472,0.22037486732006073,-0.31877195835113525,-0.010279430076479912,-0.030188774690032005,0.26996684074401855,-0.015480592846870422,0.2359943687915802,0.26238948106765747,-0.19621224701404572,-0.008698535151779652,-0.005833289120346308,-0.011530885472893715,-0.090825155377388,-0.25993457436561584,0.2504829466342926,-0.19982710480690002,-0.06428664177656174,-0.37122780084609985,0.1333729773759842,-0.19840320944786072,0.21266162395477295,0.3539075255393982,0.2602946162223816,0.025344764813780785,0.27834346890449524,-0.010051285848021507,0.03213167563080788,-0.588748574256897,0.36378175020217896,0.19343963265419006,0.32120758295059204,0.28083139657974243,-0.010151110589504242,0.4321843981742859,-0.24147872626781464,-0.2808431386947632,-0.07416758686304092,0.14208003878593445,0.250506728887558,-0.40820813179016113,-0.12083592265844345,-0.03887994587421417,-0.2707274854183197,0.16476137936115265,-0.10863237082958221,0.26384153962135315,-0.19160544872283936,0.4028622508049011,0.5021530389785767,-0.28458139300346375,-0.019121423363685608,-0.06724788248538971,0.018662650138139725,-1.138539433479309,0.15327736735343933,0.19736135005950928,0.23804982006549835,-0.052499283105134964,-0.1309831589460373,-0.11791666597127914,-0.7454272508621216,-0.6833192110061646,0.5847448110580444,0.04079188033938408,0.14327415823936462,0.26652804017066956,0.32077866792678833,-0.010127278976142406
CID000005572,689,0.009014035575091839,0.25467556715011597,0.15203523635864258,0.5908252596855164,-0.1652449667453766,0.12421023845672607,0.07222221791744232,0.6428859829902649,-0.12296780198812485,-0.005963364150375128,0.14239437878131866,0.2114604413509369,-0.6188744902610779,0.35649606585502625,-0.1533810794353485,-0.1896839141845703,0.1753663420677185,0.03462060168385506,0.045398589223623276,-0.7507686614990234,0.2954103946685791,-0.0810779482126236,0.07575313001871109,-1.0015077590942383,-0.03337212651968002,0.20737643539905548,-0.26945680379867554,-0.21322059631347656,-0.07016926258802414,0.20583303272724152,-0.058830857276916504,0.37175482511520386,-0.2943043112754822,-0.2899235785007477,0.10098867118358612,-0.20099858939647675,-0.08476670831441879,0.014208209700882435,0.1794692724943161,-0.17515245079994202,-0.10105594247579575,0.05756876617670059,0.16106335818767548,-0.49968892335891724,-0.11965068429708481,0.38167068362236023,-0.2688170075416565,-0.025365030393004417,0.08390410989522934,-0.0019911439158022404,0.6958829164505005,0.12859851121902466,-0.2812235355377197,0.16193535923957825,0.33015909790992737,-0.13637502491474152,0.5064622163772583,0.32528772950172424,-0.0308030154556036,0.3185887932777405,-0.2007511854171753,-0.25109100341796875,-0.4123506546020508,-0.1593237966299057,0.15424689650535583,0.8484121561050415,-0.09699125587940216,-0.20181365311145782,0.12763631343841553,0.031205814331769943,-0.09501231461763382,-0.01935862936079502,-0.3120982050895691,-0.3827347159385681,-0.5142172574996948,0.013601476326584816,-0.4892321228981018,-0.07267247140407562,-0.04968129098415375,0.1911199986934662,0.29698440432548523,-0.2003331184387207,-0.38287803530693054,-0.3290673792362213,0.1314125806093216,-0.09105405956506729,0.03939995542168617,0.6143510341644287,0.11373875290155411,-0.7965954542160034,-0.27292031049728394,0.13348841667175293,0.09502258151769638,0.3333670496940613,-0.24920840561389923,-0.4268646240234375,0.0012925609480589628,-0.23940777778625488,-0.609221339225769,0.2576911151409149,0.26711663603782654,-0.13890081644058228,0.15523703396320343,0.4404490888118744,-0.19662657380104065,0.09273982793092728,-0.015709390863776207,0.11274043470621109,0.4468444287776947,0.25073331594467163,-0.18989549577236176,0.10079056024551392,-0.054436374455690384,0.10683432966470718,-0.07822798192501068,0.24014273285865784,0.13592979311943054,-0.11591144651174545,-0.1766922026872635,0.13203106820583344,0.6443965435028076,0.05897068977355957,0.48271554708480835,0.1712767630815506,0.03435995429754257,-0.10982339084148407,-0.17553548514842987,-0.10243856906890869,0.5319795608520508,-0.09068330377340317,0.33093374967575073,-0.47095245122909546,-0.31060442328453064,0.07996786385774612,0.25049328804016113,0.06230979040265083,0.08304756879806519,-0.14269374310970306,0.019950419664382935,-0.4645429253578186,-0.2702513635158539,0.33779236674308777,0.3045926094055176,-0.12070129066705704,-0.010352060198783875,0.4198698401451111,-0.231049582362175,0.5410729050636292,-0.2833510935306549,0.16368809342384338,0.14645089209079742,-0.21423383057117462,-0.23958078026771545,0.17019465565681458,-0.24903376400470734,-0.25679636001586914,-0.10419119894504547,-0.34923499822616577,-0.03180484101176262,0.14007136225700378,0.1267099678516388,0.1482788622379303,-0.2550145983695984,-0.15331724286079407,-0.2439066618680954,-0.24982371926307678,-0.1006430983543396,0.03755498677492142,-0.096077099442482,0.10750389099121094,0.2839582562446594,-0.25705406069755554,-0.20768502354621887,-0.2405664473772049,0.05042426660656929,-0.1516847163438797,0.1732134073972702,-0.3650653660297394,0.6312882900238037,-0.03336145356297493,-0.0874447375535965,0.08698632568120956,-0.6328452825546265,-0.1188562661409378,-0.021703917533159256,0.37291693687438965,-0.7068780660629272,-0.3906940817832947,0.3910147249698639,-0.3252684473991394,0.203933984041214,0.07137210667133331,0.23772606253623962,-0.24969251453876495,0.12542161345481873,-0.10827255249023438,0.07307205349206924,0.011454212479293346,0.12118115276098251,0.11967591941356659,-0.08863254636526108,-0.45355090498924255,-0.1649930626153946,-0.25937825441360474,0.47976040840148926,-0.02284940704703331,-0.12371468544006348,-0.09914878755807877,0.21948416531085968,0.4993366301059723,0.36068961024284363,-0.33475396037101746,0.13221809267997742,0.12520934641361237,0.24995434284210205,-0.4375976622104645,0.38100892305374146,0.22851188480854034,-0.0041844588704407215,-0.061442337930202484,-0.012292422354221344,-0.254300057888031,-0.07783637195825577,-0.39755213260650635,-0.1799764186143875,-0.2269093245267868,0.20693394541740417,-0.7790149450302124,-0.022264182567596436,-0.05691089481115341,-0.014196684584021568,0.20094439387321472,0.23715178668498993,-0.047044627368450165,-0.1257152259349823,-0.032896965742111206,0.3782948851585388,-0.1890445500612259,-0.14591671526432037,-0.06491699069738388,0.03726800158619881,-0.7661178708076477,-0.15718916058540344,0.23787105083465576,0.06122017651796341,0.15319252014160156,0.04267257824540138,0.046503107994794846,-0.7791210412979126,-0.19770559668540955,0.4129694402217865,-0.3142923414707184,-0.09040983766317368,0.16986750066280365,-0.08023513853549957,0.18530789017677307
CID000003249,694,0.21070846915245056,-0.14815255999565125,0.12839892506599426,0.3694015145301819,-0.21762435138225555,-0.11334557831287384,0.23041506111621857,0.27496448159217834,-0.019662434235215187,0.03555167838931084,-0.03835156187415123,-0.5440942049026489,-0.43910104036331177,0.2129911482334137,0.13729017972946167,0.059829652309417725,0.08237685263156891,-0.28527066111564636,-0.014612698927521706,-0.4965514540672302,0.2534922957420349,-0.2240908145904541,0.00686277449131012,-0.687360405921936,0.11977636814117432,-0.08255656063556671,-0.2195243090391159,-0.10528405010700226,0.1439976990222931,-0.005276486277580261,-0.03711259365081787,0.30878394842147827,-0.15317463874816895,-0.04264653101563454,-0.006759840063750744,0.1859510838985443,0.3891521394252777,0.038140662014484406,0.23724059760570526,-0.3840589225292206,0.09857205301523209,-0.2107073813676834,0.15504232048988342,-0.30696141719818115,-0.06906218081712723,0.11791954934597015,-0.02906375750899315,-0.08575579524040222,0.1719507873058319,0.09451974928379059,0.43333977460861206,0.09827259182929993,-0.22645851969718933,-0.38532397150993347,-0.17836299538612366,-0.024510320276021957,0.06114915758371353,0.08121504634618759,0.28826552629470825,0.014995545148849487,-0.21625463664531708,-0.3158699572086334,-0.16366830468177795,0.057525914162397385,0.35069695115089417,0.6981309652328491,-0.1344129592180252,-0.22479590773582458,0.11711255460977554,-0.1688428819179535,0.23911604285240173,0.26809820532798767,-0.42882227897644043,-0.1611265391111374,-0.3063248097896576,0.2959095537662506,0.06264223903417587,-0.033108901232481,0.022317061200737953,0.06662006676197052,0.2759617865085602,-0.2077353447675705,-0.44952622056007385,-0.08409839868545532,0.23880811035633087,0.1506877839565277,-0.042029961943626404,0.30636441707611084,-0.0607043020427227,-0.9630030393600464,-0.003985083196312189,0.31989726424217224,-0.16968676447868347,0.4111899435520172,0.16873416304588318,-0.40228962898254395,-0.17269955575466156,0.058722853660583496,-0.1289254128932953,-0.0010292496299371123,-0.24221864342689514,-0.1838415265083313,-0.13975201547145844,0.3267459273338318,0.7066285610198975,0.09627114236354828,0.03285236656665802,-0.07764460146427155,0.44975441694259644,0.37457525730133057,-0.1417098343372345,0.18743570148944855,0.12449868023395538,0.17111429572105408,0.1407959908246994,0.4234084188938141,0.018978301435709,-0.3708893656730652,-0.16603028774261475,0.12126811593770981,0.6290236115455627,-0.3201287090778351,0.10291101038455963,0.24491100013256073,-0.22185274958610535,-0.037746794521808624,-0.003927956335246563,0.13927331566810608,0.3021257519721985,0.17452272772789001,0.10774147510528564,-0.6141965985298157,-0.17230865359306335,0.07539530843496323,0.3374403119087219,0.3109385371208191,-0.13372495770454407,0.09356369823217392,0.027799982577562332,0.057141195982694626,-0.15732693672180176,0.41634291410446167,-0.0008912868797779083,0.19826534390449524,0.0891561359167099,-0.020770225673913956,0.020687434822320938,0.45045679807662964,-0.2839811146259308,0.1799556016921997,-0.008483001962304115,-0.303983211517334,-0.23835578560829163,0.1584344208240509,-0.1358649879693985,-0.28158628940582275,0.007727962918579578,-0.04944873973727226,-0.11278240382671356,0.41120848059654236,0.07988329231739044,0.023242536932229996,0.03766258433461189,0.19756214320659637,-0.5350192785263062,-0.33133840560913086,-0.07072202116250992,-0.34414392709732056,-6.242133531486616e-05,0.18516547977924347,0.14406684041023254,-0.34282082319259644,-0.19970332086086273,-0.1857108771800995,0.13961239159107208,-0.055664706975221634,0.20919497311115265,-0.17350152134895325,0.5117655992507935,0.02463972009718418,-0.13705696165561676,-0.2349197119474411,0.009716588072478771,0.09409394860267639,0.44549641013145447,0.06461014598608017,-0.12514476478099823,0.07166256755590439,0.5760172605514526,-0.5027807950973511,0.08975090831518173,-0.08284454047679901,0.300311416387558,-0.06725859642028809,0.2658449113368988,-0.31112855672836304,0.10823290050029755,0.22541317343711853,-0.11796052753925323,-0.337941974401474,-0.10562954843044281,-0.3147588074207306,0.167883038520813,-0.40987831354141235,0.0030348822474479675,-0.06738130748271942,0.17882081866264343,0.0544666163623333,0.44542568922042847,0.5052307844161987,0.3937404751777649,-0.08637910336256027,0.08611550182104111,-0.13868601620197296,0.17368364334106445,-0.10935169458389282,0.07040532678365707,0.0744427740573883,0.10749298334121704,-0.004106659442186356,-0.2350747287273407,-0.4773433208465576,0.04753763601183891,-0.3308731019496918,-0.3236810564994812,0.05290921777486801,0.08982978761196136,-0.11509057134389877,-0.369184672832489,-0.1214202493429184,0.038384608924388885,0.21062150597572327,0.808693528175354,0.02944597601890564,0.0504009909927845,0.15351602435112,0.4259561598300934,-0.051947809755802155,0.173912912607193,-0.15036244690418243,-0.12382186949253082,-1.047687292098999,-0.022378811612725258,0.27613621950149536,0.09233246743679047,0.3788503408432007,0.19955210387706757,-0.20403000712394714,-0.4974590837955475,-0.2573620676994324,0.29220640659332275,0.011240342631936073,0.16882458329200745,-0.016406750306487083,0.2718764841556549,-0.013586828485131264
CID000004189,695,0.2463967353105545,-0.0013178482186049223,0.13291212916374207,0.5433662533760071,-0.14220374822616577,0.000533434737008065,0.1481214314699173,0.4423796534538269,-0.024319704622030258,0.483271062374115,0.16600410640239716,-1.0461314916610718,0.0026159286499023438,0.35829871892929077,0.22411318123340607,0.0900237113237381,0.14124344289302826,-0.22041110694408417,0.1041598692536354,-0.6778815984725952,0.060948945581912994,-0.5855109691619873,-0.07882315665483475,-1.030208706855774,0.0817139521241188,0.24955053627490997,-0.05597221851348877,0.24105629324913025,0.015280848369002342,0.14843156933784485,-0.17129462957382202,0.2883939743041992,0.2634184956550598,0.03214982897043228,-0.0023736930452287197,-0.23710092902183533,-0.01354922540485859,0.24857079982757568,-0.12862840294837952,-0.17574258148670197,0.07673589885234833,-0.34665900468826294,0.1852782666683197,-0.3560721278190613,0.15494363009929657,-0.014516478404402733,-0.03984936326742172,-0.061035096645355225,0.1587781012058258,-0.28213974833488464,0.5453736782073975,0.15493077039718628,-0.19639672338962555,0.056202031672000885,-0.3698556423187256,-0.16788099706172943,0.3543030619621277,0.07897190004587173,1.2529844045639038,0.2225552350282669,-0.1103588342666626,-0.2962090075016022,0.2408253252506256,-0.5281174778938293,0.10866191238164902,0.6572176814079285,-0.27734649181365967,-0.035450100898742676,-0.17555519938468933,0.4568244516849518,0.08687807619571686,0.28196293115615845,-0.2332456111907959,-0.43245482444763184,-0.6544557213783264,0.17182283103466034,-0.033403802663087845,0.024413960054516792,-0.28080689907073975,-0.030081680044531822,0.0036214471329003572,-0.3090701699256897,-0.37680965662002563,0.23069119453430176,-0.0886949896812439,0.09371477365493774,0.3445989489555359,0.03969431295990944,0.049717288464307785,-0.9500961303710938,-0.22477522492408752,0.156373530626297,0.18811437487602234,0.6014081835746765,0.05211864039301872,-0.24689881503582,0.4015074372291565,-0.008251947350800037,0.34135863184928894,0.4530244469642639,-0.29777446389198303,0.12012577056884766,-0.1743556559085846,0.5319894552230835,-0.25594013929367065,0.052295245230197906,0.0318986177444458,-0.07300837337970734,0.6790623664855957,0.6487888693809509,0.03671754524111748,0.09343849122524261,-0.04775739461183548,-0.5221387147903442,0.0033607303630560637,0.25790780782699585,0.08522870391607285,0.23638229072093964,0.16123893857002258,-0.026769524440169334,1.254370927810669,-0.5259101986885071,0.06279857456684113,-0.1001323014497757,-0.05648893862962723,0.03204471617937088,0.037910401821136475,-0.13206365704536438,0.3716249167919159,-0.08292624354362488,0.06762053072452545,-0.5307656526565552,-0.0850205272436142,-0.10825209319591522,0.10153935849666595,0.04425056278705597,-0.09950430691242218,0.26600712537765503,-0.15407192707061768,-0.1671116203069687,-0.1583009660243988,0.4320637583732605,-0.11161291599273682,-0.1075471043586731,-0.1906106173992157,0.24145205318927765,-0.23191013932228088,0.9160194396972656,-0.011075703427195549,0.5611151456832886,-0.1941356211900711,-0.757207453250885,-0.06009192019701004,0.24541756510734558,-0.080277219414711,0.2831430733203888,0.38425952196121216,-0.29949575662612915,0.06917275488376617,0.20381078124046326,-0.17717990279197693,-0.042924486100673676,-0.08232355117797852,-0.21548929810523987,0.03283894807100296,-0.04891272634267807,-0.25371450185775757,0.2423582524061203,0.03180798143148422,0.4390122890472412,0.24542424082756042,-0.19711090624332428,-0.2575300335884094,0.030607163906097412,0.23625412583351135,-0.17146368324756622,0.25151434540748596,-0.7026611566543579,0.8472849726676941,-0.22140684723854065,0.2070195972919464,0.16067054867744446,0.0550391860306263,-0.045902498066425323,0.13146445155143738,0.09766705334186554,-0.018264327198266983,-0.45404568314552307,0.20685163140296936,-0.5022141337394714,-0.4046458303928375,0.4379638135433197,0.16211357712745667,-0.18569104373455048,0.1936994045972824,-0.010811340995132923,-0.17461571097373962,-0.5205948948860168,0.0802316889166832,-0.22567610442638397,-0.05395502969622612,-0.4521249234676361,-0.2381521761417389,-0.3787841498851776,0.1187133640050888,-0.12216252088546753,-0.2421446144580841,0.03686390072107315,0.9763824343681335,0.45022329688072205,0.426720529794693,0.3743669390678406,0.15032580494880676,0.17974695563316345,0.3192178010940552,-0.7744179368019104,-0.08212637901306152,0.3274804353713989,-0.1456858068704605,0.08325766026973724,0.3007470965385437,-0.32369229197502136,0.016175199300050735,-0.40391889214515686,0.084786057472229,0.034558553248643875,-0.18619266152381897,-0.40370821952819824,-0.31583791971206665,-0.04576439782977104,-0.07938988506793976,0.10088249295949936,-0.13338243961334229,0.29171621799468994,-0.04214608296751976,0.1622830331325531,0.6878137588500977,-0.24274730682373047,0.23331919312477112,-0.024341117590665817,-0.19370508193969727,-0.4441967010498047,-0.0016133009921759367,0.24690380692481995,0.10157332569360733,-0.16539691388607025,-0.13725095987319946,0.05437352508306503,-0.8267863392829895,-0.06602009385824203,0.16003891825675964,0.09755365550518036,-0.00825674831867218,-0.04808897525072098,0.35001808404922485,-0.259030282497406
CID000002818,698,0.24311980605125427,0.07862373441457748,-0.020776832476258278,0.2603852152824402,-0.30371859669685364,0.07216861099004745,0.30661463737487793,0.24465012550354004,0.0547865629196167,0.2189590185880661,0.044708333909511566,0.09278874844312668,0.07000845670700073,0.17388537526130676,-0.243495911359787,-0.057449568063020706,-0.10112680494785309,-0.11200986802577972,0.1482437252998352,-0.3732927441596985,-0.04602165147662163,-0.2754315435886383,0.21304865181446075,-0.7895188331604004,0.059681814163923264,0.19906054437160492,-0.1501321792602539,-0.09551918506622314,0.03939786180853844,0.11917263269424438,-0.35668227076530457,0.22634491324424744,0.21178694069385529,0.17098596692085266,0.012608787044882774,-0.16899141669273376,0.013577431440353394,0.09448061138391495,0.18005657196044922,-0.09898493438959122,-0.09109409153461456,-0.35727113485336304,0.19441334903240204,-0.23986735939979553,-0.27684488892555237,0.4065912663936615,0.029265960678458214,0.044527072459459305,0.035048216581344604,0.1146373301744461,0.22508223354816437,0.08591578900814056,-0.249232679605484,-0.1049753874540329,0.12843526899814606,-0.15737411379814148,0.03920804709196091,0.10460895299911499,0.11509040743112564,0.08545296639204025,-0.09069911390542984,-0.34093478322029114,0.020941579714417458,0.039955753833055496,0.23608055710792542,0.4406431317329407,-0.15904556214809418,-0.15399077534675598,0.10691263526678085,0.06668702512979507,0.057577945291996,0.2028965950012207,-0.26284247636795044,-0.36197638511657715,-0.251116544008255,-0.011679032817482948,0.26382848620414734,0.1038728803396225,0.010778036899864674,-0.06773187220096588,0.03920392319560051,-0.4716812074184418,-0.23881912231445312,-0.19033917784690857,0.04111252725124359,-0.12335723638534546,0.2003975808620453,0.015437264926731586,-0.10715655237436295,-0.6610198020935059,-0.06159933656454086,0.2948147654533386,-0.003253701375797391,0.15143153071403503,0.07613422721624374,-0.2295590192079544,-0.13926279544830322,0.1629447191953659,-0.0005635142442770302,0.2944418489933014,-0.12741148471832275,-0.2506607472896576,-0.12741443514823914,0.27501773834228516,0.14254406094551086,-0.030181128531694412,-0.013325291685760021,0.23712055385112762,0.4075452387332916,-0.15389804542064667,-0.09624330699443817,0.18192535638809204,-0.1379842460155487,-0.08038860559463501,0.11725560575723648,0.17442956566810608,0.04871133342385292,-0.028475061058998108,-0.08598674088716507,0.17388081550598145,0.5532415509223938,-0.11132054030895233,0.3049936890602112,0.24817068874835968,0.037689562886953354,0.12845243513584137,0.0888611450791359,-0.052661847323179245,0.24097004532814026,-0.086397185921669,0.09374590218067169,-0.5089685916900635,-0.4265116751194,0.12647613883018494,0.2897367775440216,-0.13006135821342468,0.010648703202605247,0.1334896832704544,-0.08401705324649811,-0.2631555497646332,-0.33227676153182983,0.10395369678735733,0.09602587670087814,-0.09663674235343933,0.0417131707072258,0.19870957732200623,-0.16344097256660461,0.3077736496925354,0.15793584287166595,0.17890965938568115,0.2751919627189636,-0.2595672309398651,-0.09402242302894592,0.1621094048023224,-0.19440574944019318,-0.12139473855495453,-0.07089769840240479,-0.07702420651912689,0.32744070887565613,0.3007372319698334,-0.3062337338924408,-0.1490142047405243,0.056411392986774445,-0.11216527223587036,0.014299524016678333,-0.13433676958084106,-0.2591783404350281,0.1574874073266983,-0.1960591971874237,0.28480905294418335,0.1445300281047821,-0.20316854119300842,-0.2802906334400177,-0.24948866665363312,0.07313570380210876,0.03515712916851044,0.09867115318775177,-0.17193028330802917,0.36306101083755493,0.04332638531923294,0.03727276250720024,0.02881094440817833,-0.17072108387947083,-0.13403965532779694,0.008294153027236462,0.22232100367546082,-0.18686369061470032,-0.20499758422374725,-0.02465512789785862,-0.3768472969532013,-0.033212412148714066,-0.0008738174801692367,0.23635420203208923,0.04562142863869667,0.12327401340007782,-0.24960395693778992,-0.0053359405137598515,0.034382447600364685,0.0880524292588234,-0.1994921863079071,0.0598292276263237,-0.31802743673324585,0.11366099119186401,-0.408222496509552,-0.1462295651435852,-0.13190215826034546,-0.11016644537448883,-0.18044514954090118,-0.01831037923693657,0.32385149598121643,0.3488856554031372,-0.14409425854682922,0.30639463663101196,0.18323591351509094,0.2156972587108612,-0.3440271019935608,-0.21996016800403595,0.011003153398633003,0.12510104477405548,-0.1435243934392929,-0.14709937572479248,-0.22570744156837463,-0.0015228986740112305,-0.1988883763551712,0.04903361573815346,0.12735354900360107,-0.057327501475811005,-0.10932426154613495,0.0410001166164875,-0.2809399664402008,-0.06110752373933792,-0.17952103912830353,0.19423699378967285,0.000621068465989083,-0.07211992889642715,0.017329495400190353,0.20894987881183624,-0.2848239243030548,0.13372282683849335,-0.17070356011390686,0.15136365592479706,-0.3486754596233368,0.30005115270614624,0.2676715850830078,0.026692550629377365,0.017788052558898926,0.04857386276125908,-0.07765160501003265,-0.5931118130683899,-0.15615692734718323,0.2872248888015747,-0.25921863317489624,0.059769611805677414,-0.17920975387096405,0.22560851275920868,0.12059708684682846
CID000047320,701,0.21189570426940918,0.2160557508468628,-0.04521302133798599,0.4153621196746826,-0.5081214308738708,0.09942563623189926,0.075690858066082,0.11105795949697495,0.2731572389602661,0.14118832349777222,-0.014587032608687878,-0.08263026922941208,-0.15588703751564026,0.0595390684902668,-0.035479262471199036,-0.26906999945640564,0.07626652717590332,-0.1723586767911911,-0.09708734601736069,-0.7690438628196716,0.020571494475007057,-0.12468898296356201,0.18605086207389832,-1.009129524230957,0.3588446080684662,-0.14424963295459747,-0.18305738270282745,0.031229376792907715,0.02355935610830784,0.3620702624320984,-0.4368399977684021,0.2747526466846466,0.06565438210964203,-0.0410369336605072,0.018407752737402916,0.12588082253932953,-0.32505375146865845,0.14668063819408417,-0.0688776820898056,-0.2316754162311554,0.16637034714221954,-0.08081845194101334,0.13210296630859375,-0.43748506903648376,-0.1021295040845871,0.5160301923751831,-0.05629243329167366,-0.0107412189245224,0.02419784851372242,0.04157319292426109,0.34849581122398376,0.2583179771900177,-0.3357812166213989,-0.11656486988067627,0.2305746078491211,-0.29287630319595337,-0.08026447892189026,0.1354462206363678,-0.019940396770834923,0.3022598326206207,0.13910934329032898,-0.163152277469635,0.17685213685035706,-0.25691333413124084,0.04934727028012276,0.48238152265548706,-0.320798397064209,-0.11707966029644012,0.1259312927722931,0.3349965214729309,0.028873350471258163,0.04282573238015175,-0.3532250225543976,-0.24116936326026917,-0.3103312849998474,0.3388778567314148,0.2668462097644806,0.19704098999500275,-0.06543780863285065,0.10725925117731094,0.2655361294746399,-0.4976605474948883,-0.20760340988636017,-0.3772067725658417,0.18718276917934418,-0.2492477148771286,-0.03261546045541763,0.13527537882328033,0.08096359670162201,-0.7702209949493408,-0.11277661472558975,0.3221920132637024,0.035487931221723557,0.05101975053548813,0.3207668662071228,-0.3583472967147827,0.23338845372200012,0.029632914811372757,0.28219929337501526,0.13229069113731384,-0.06268278509378433,0.005531829781830311,0.07956688106060028,0.23451867699623108,-0.25502705574035645,0.08899028599262238,0.3715064227581024,0.1562342792749405,0.6644734144210815,0.24812178313732147,-0.21364018321037292,0.23831935226917267,-0.1435292661190033,-0.019372764974832535,-0.15262869000434875,0.2757195234298706,0.06111348420381546,0.10081186145544052,0.026818204671144485,-0.1514114886522293,0.6963608264923096,-0.11242065578699112,0.304900199174881,0.4148901402950287,0.055547088384628296,-0.000992083572782576,-0.01858198083937168,-0.3073536157608032,0.18257994949817657,-0.1327192783355713,0.026498908177018166,-0.5410321950912476,-0.428433358669281,0.01675724983215332,-0.08020702004432678,0.11363428831100464,0.16582046449184418,0.06030642241239548,0.19164949655532837,-0.46777430176734924,-0.07276785373687744,0.12198583036661148,0.040615204721689224,-0.19185152649879456,-0.015145806595683098,-0.08022152632474899,-0.00012618303298950195,0.40050214529037476,-0.13215778768062592,0.18166622519493103,0.3108556866645813,-0.5477563142776489,-0.41234421730041504,0.18057958781719208,-0.1413489580154419,-0.14083170890808105,-0.03569752722978592,-0.22488418221473694,0.3357081115245819,0.37271207571029663,-0.17780256271362305,0.1189412847161293,-0.013248617760837078,0.1880292296409607,0.10004075616598129,-0.11494189500808716,-0.24271324276924133,-0.07711032032966614,-0.11166014522314072,0.1752953976392746,0.09476844221353531,-0.3247298002243042,-0.1970537006855011,-0.2650301456451416,-0.14713755249977112,0.05306977033615112,0.1805136501789093,-0.1419738382101059,0.6135103106498718,-0.287686824798584,0.02786928415298462,0.11928956210613251,-0.2218797504901886,-0.10894399881362915,0.4458218216896057,0.2388196438550949,-0.4357486665248871,-0.19658152759075165,-0.0733640268445015,-0.22813136875629425,-0.2948095202445984,0.16032853722572327,0.15248963236808777,-0.2583887577056885,0.15035071969032288,-0.3309648633003235,0.22242292761802673,-0.3614882826805115,0.14825448393821716,-0.13422848284244537,-0.05812554433941841,-0.1602950096130371,0.1781260073184967,-0.49731674790382385,-0.09420858323574066,-0.15518556535243988,-0.09690161049365997,0.12753377854824066,-0.002006849739700556,0.3926938474178314,0.3390032649040222,-0.4849115014076233,-0.037150997668504715,0.18395359814167023,0.041255008429288864,-0.05159816890954971,0.2043522298336029,0.2804637849330902,0.09283598512411118,0.020124712958931923,-0.19063036143779755,-0.1569000780582428,0.1552010476589203,-0.16894951462745667,-0.10622721910476685,-0.07995657622814178,-0.24392661452293396,-0.19340026378631592,-0.10755352675914764,-0.22494415938854218,-0.07960643619298935,0.2908932566642761,0.04610463231801987,0.021296367049217224,0.20824456214904785,-0.05455281585454941,0.47512322664260864,-0.1099347472190857,0.02441011741757393,-0.2342931479215622,0.1391264647245407,-0.7894684672355652,-0.1653624325990677,0.10728726536035538,-0.020348360762000084,0.1571284830570221,-0.26814618706703186,0.03946792334318161,-0.6605530977249146,-0.22286415100097656,0.1382283866405487,0.0061864228919148445,0.009350741282105446,-0.2563801407814026,0.17062237858772278,0.2960112392902374
CID000005515,702,0.2226686179637909,0.08641780912876129,0.2212691754102707,0.6347931623458862,-0.4812720715999603,0.037953250110149384,0.15446481108665466,0.29410481452941895,0.15572750568389893,0.3804794251918793,-0.05535881593823433,-0.25778117775917053,0.0021988525986671448,0.15899236500263214,-0.06609184294939041,0.1973772943019867,0.014206712134182453,-0.16433432698249817,0.006532418541610241,-0.4969198703765869,0.13235576450824738,-0.43888187408447266,-0.013775181956589222,-0.8860214352607727,0.015918146818876266,0.10428688675165176,-0.2889949083328247,-0.023770660161972046,0.021124055609107018,-0.10233292728662491,0.006382378749549389,0.10643906891345978,0.12902529537677765,0.07143773883581161,0.07547375559806824,0.11479207128286362,0.056376855820417404,0.2846511900424957,-0.1603996455669403,-0.23573219776153564,0.07192929089069366,0.3490980267524719,0.17005157470703125,0.09349189698696136,-0.1806391328573227,0.2650658190250397,0.04807025194168091,-0.12215845286846161,-0.11289650201797485,0.24168848991394043,0.5239418148994446,0.06568840891122818,-0.3371031880378723,0.08567027002573013,-0.2574180066585541,0.09336048364639282,-0.008384150452911854,-0.22873488068580627,0.27421367168426514,-0.09282847493886948,-0.04744395986199379,-0.2757570743560791,0.07111243903636932,-0.15802861750125885,0.2922169864177704,0.2988159656524658,-0.3469870686531067,0.013177243061363697,0.06494627147912979,0.0373510904610157,0.12059049308300018,0.10226310789585114,-0.17424359917640686,-0.4313657879829407,-0.13145819306373596,0.2048502415418625,0.0885944589972496,-0.14204993844032288,-0.10588578879833221,0.04531227797269821,0.3461724519729614,-0.29435765743255615,-0.3111400902271271,-0.022072697058320045,0.09095225483179092,0.2664867043495178,0.09159044176340103,0.11450765281915665,-0.030661489814519882,-0.45980900526046753,-0.06961782276630402,0.20492899417877197,-0.04421772435307503,-0.0005057932576164603,-0.17733275890350342,-0.13125386834144592,0.21222750842571259,-0.07752412557601929,0.007174456026405096,0.11665844917297363,0.09460452198982239,-0.026737961918115616,-0.0449109748005867,0.1568913459777832,0.059025876224040985,0.005344185046851635,0.038156330585479736,0.13940775394439697,0.43230247497558594,0.020867902785539627,0.17001116275787354,0.11073459684848785,-0.16247932612895966,-0.3943331241607666,0.2019224464893341,0.3018113970756531,-0.24408838152885437,0.062256503850221634,-0.027780985459685326,0.33037763833999634,0.8299490809440613,-0.3008946180343628,0.18588820099830627,0.37747564911842346,-0.1341090351343155,0.3316873610019684,0.18011292815208435,-0.016565509140491486,0.06473686546087265,0.19230492413043976,0.30615031719207764,-0.5738893747329712,-0.5110535025596619,0.21556535363197327,0.34071269631385803,0.27535757422447205,-0.009762048721313477,0.19003398716449738,-0.00547829270362854,-0.05652880668640137,0.003871023654937744,0.17073345184326172,0.23607206344604492,0.20565323531627655,-0.06328748166561127,0.14490319788455963,-0.002093600807711482,0.4748327136039734,0.2042740285396576,0.4592307209968567,-0.038097359240055084,-0.5522156953811646,0.01400456391274929,0.22880813479423523,-0.13898146152496338,0.015554298646748066,0.022106189280748367,-0.030735904350876808,-0.07212313264608383,0.016571739688515663,-0.05671941116452217,-0.12344471365213394,0.02647622488439083,0.0783081203699112,-0.05641135573387146,0.022738168016076088,-0.1469636857509613,0.08911337703466415,0.1520691066980362,-0.07386624813079834,-0.005481302738189697,0.11623026430606842,-0.3165152966976166,-0.2683550715446472,0.14631927013397217,-0.18252961337566376,0.20884457230567932,-0.17009510099887848,0.7103749513626099,-0.02297627367079258,-0.4432438313961029,0.09251070022583008,-0.025094687938690186,0.0538599006831646,0.17917288839817047,0.0160076804459095,-0.05256130173802376,0.023404717445373535,0.20618334412574768,-0.3856947422027588,-0.15167751908302307,-0.002798518631607294,-0.06969822198152542,-0.33199891448020935,0.4123409688472748,0.08467437326908112,0.13130855560302734,-0.004035872407257557,-0.09118982404470444,-0.044215381145477295,-0.07389718294143677,-0.53526771068573,0.1154155284166336,-0.2611221671104431,-0.04534091800451279,-0.06422357261180878,0.017606815323233604,-0.19493381679058075,0.1104116216301918,0.5341957807540894,0.298135906457901,0.1842004954814911,0.13115039467811584,-0.011812168173491955,0.005360140465199947,-0.10023723542690277,0.11173375695943832,0.4115370810031891,0.02105376496911049,0.05192568153142929,-0.18419292569160461,-0.054658353328704834,-0.23646803200244904,-0.09474605321884155,0.20291805267333984,-0.008156334981322289,0.06914255768060684,-0.12148606777191162,-0.06746923178434372,0.036806754767894745,0.009141075424849987,0.21205627918243408,0.2675541341304779,-0.07828820496797562,0.03109464980661869,0.001489740563556552,0.607061505317688,-0.5789288878440857,-0.06990844756364822,-0.22142557799816132,-0.14799979329109192,-0.21274343132972717,0.2638498544692993,0.10400328785181046,-0.25550228357315063,-0.10917999595403671,0.05898973345756531,-0.03305951505899429,-0.7916001081466675,-0.12594051659107208,0.2779584527015686,0.1337093859910965,0.17490968108177185,-0.19110527634620667,-0.024179993197321892,0.08015014976263046
CID000003510,705,0.05534980446100235,-0.04609602689743042,-0.12165866047143936,0.4605619013309479,-0.3801494538784027,0.13698169589042664,0.374500572681427,0.20288093388080597,0.29573854804039,0.26704293489456177,0.07790607213973999,0.08434733748435974,-0.011327716521918774,0.07056281715631485,-0.20609231293201447,-0.1523115336894989,-0.12544770538806915,-0.03374658152461052,0.05878655984997749,-0.38969874382019043,-0.12358162552118301,-0.20403175055980682,0.12643387913703918,-0.8334382176399231,0.18142417073249817,0.05636187642812729,-0.041935406625270844,0.03809208795428276,-0.008906257338821888,0.04715241864323616,-0.0908985361456871,0.21229544281959534,0.13938704133033752,0.018200654536485672,0.10348501056432724,-0.09515297412872314,0.23208260536193848,-0.09433981031179428,0.1786058396100998,-0.17588333785533905,-0.08754619210958481,-0.3367308974266052,0.2639971971511841,-0.1950017362833023,-0.1648358851671219,0.4759584367275238,0.15291111171245575,0.11567085981369019,0.05996536463499069,0.059515513479709625,0.31012699007987976,0.26510798931121826,-0.20612366497516632,0.08175800740718842,0.05658717080950737,-0.08442454785108566,-0.09701250493526459,0.00011064112186431885,-0.027051329612731934,-0.05444592982530594,-0.11888355016708374,-0.24907653033733368,-0.1850857436656952,0.009642993099987507,0.13663187623023987,0.3720313310623169,-0.20057590305805206,0.07218262553215027,0.19193287193775177,0.10469052940607071,0.06652559340000153,0.018983637914061546,-0.3081818222999573,-0.3392273783683777,-0.10792793333530426,0.13139626383781433,0.23750552535057068,0.18126517534255981,-0.13892832398414612,-0.01815512217581272,-0.04658444598317146,-0.5816250443458557,-0.24219271540641785,-0.002591437194496393,0.17212852835655212,0.06322667747735977,0.11671707779169083,0.054755549877882004,-0.16965168714523315,-0.7046074271202087,-0.08820135146379471,0.11934225261211395,0.047803863883018494,0.04304591193795204,0.18783436715602875,-0.24059656262397766,-0.18435731530189514,0.11267673969268799,0.02916242554783821,-0.0040261209942400455,-0.17415067553520203,0.018898284062743187,-0.10184861719608307,0.2391989529132843,0.15846189856529236,-0.06039603799581528,-0.24954381585121155,0.1355268359184265,0.5850957632064819,-0.093528613448143,-0.13139750063419342,0.116041399538517,-0.024810031056404114,-0.15390515327453613,-0.015417193993926048,0.031465496867895126,0.042752984911203384,0.10305564105510712,0.0009987622033804655,0.026148343458771706,0.6489062309265137,-0.08822182565927505,0.18863506615161896,0.09594301134347916,0.06646650284528732,0.16054430603981018,-0.033890340477228165,0.015379810705780983,0.161742702126503,0.11271782219409943,0.052043695002794266,-0.5221688151359558,-0.4548571705818176,0.24275866150856018,0.2946188449859619,-0.0361555777490139,0.2432275265455246,0.24706129729747772,-0.03279315307736397,-0.14699141681194305,-0.0697457417845726,0.12149598449468613,0.010113850235939026,-0.04037890583276749,-0.01999613270163536,0.03770315647125244,0.07656705379486084,0.33842936158180237,0.10610693693161011,0.12433674186468124,0.09056612104177475,-0.3877484202384949,-0.050231289118528366,0.17192308604717255,-0.3949117362499237,0.05514656379818916,-0.02496051788330078,0.0004592910408973694,0.17378950119018555,0.17296680808067322,-0.006962597370147705,0.014738917350769043,-0.004343349486589432,-0.06452175229787827,-0.06082238629460335,-0.2273692637681961,-0.17461282014846802,0.23087462782859802,-0.029187917709350586,0.2208588868379593,0.08512923121452332,-0.21598105132579803,-0.1806281954050064,-0.24948354065418243,0.1819438487291336,-0.11325875669717789,0.14279679954051971,-0.10077019035816193,0.39053091406822205,-0.047051914036273956,0.10633335262537003,0.1992885172367096,-0.14254063367843628,-0.17718559503555298,0.039271991699934006,0.3073277473449707,-0.18266990780830383,0.013730311766266823,0.07279049605131149,-0.3302709758281708,0.1631336361169815,-0.07208310067653656,0.1482395976781845,0.07809506356716156,0.22386738657951355,-0.17649073898792267,-0.02238093875348568,0.05156350135803223,-0.11369974911212921,0.036738403141498566,0.1168689876794815,-0.2698270082473755,-0.05786910653114319,-0.21328158676624298,-0.27005910873413086,-0.11252380907535553,-0.14810945093631744,-0.050654709339141846,-0.09008076786994934,0.4849003851413727,0.31999820470809937,0.17724183201789856,0.17855484783649445,0.021059557795524597,0.041369110345840454,-0.028173774480819702,-0.19035398960113525,0.22315220534801483,0.06995613873004913,0.041306108236312866,0.04219145327806473,-0.10345447063446045,0.34058481454849243,-0.1342189460992813,0.07881857454776764,0.03340800479054451,-0.08337391167879105,-0.02739778719842434,0.0664171576499939,0.011532783508300781,-0.16427788138389587,-0.17876343429088593,0.17561392486095428,-0.0013215243816375732,-0.18080340325832367,-0.0806126743555069,0.32095417380332947,-0.32056576013565063,0.06656062602996826,-0.16932764649391174,0.08708447962999344,-0.2484322041273117,0.07777003198862076,0.27879267930984497,-0.055181194096803665,-0.0676022619009018,-0.13917756080627441,0.10886134207248688,-0.6749346852302551,-0.03231773152947426,0.16041342914104462,-0.35344117879867554,-0.08645231276750565,-0.3226504623889923,0.1146664023399353,0.13009238243103027
CID001349907,708,0.3324194550514221,-0.0694064348936081,-0.0720813050866127,0.5711897015571594,-0.5924335718154907,-0.004746180959045887,-0.25179439783096313,-0.028844689950346947,0.23582839965820312,0.12967391312122345,0.3433637022972107,-0.2885596454143524,-0.11702921241521835,-0.05655484274029732,0.03672812134027481,0.1292177140712738,-0.21711643040180206,-0.3271121084690094,-0.102151058614254,-0.608109176158905,0.34924793243408203,-0.2553636431694031,-0.04742574319243431,-0.9107867479324341,-0.05745857208967209,0.05485086515545845,-0.17999686300754547,-0.07583747804164886,-0.017963632941246033,0.022123323753476143,0.0296223945915699,0.2977568507194519,0.10621027648448944,0.0038838982582092285,-0.11364702135324478,-0.08042899519205093,-0.0448232963681221,0.1566234827041626,-0.17484191060066223,-0.09203077852725983,-0.1813553273677826,0.06055201217532158,0.12660445272922516,-0.1798485666513443,0.10507597774267197,0.15513481199741364,-0.11009621620178223,0.2010158747434616,0.10723879188299179,0.2061392366886139,0.5198994874954224,-0.3064853549003601,-0.2476779967546463,0.06978090107440948,0.05449279397726059,-0.11920517683029175,0.4649016261100769,0.1080990806221962,0.41638678312301636,0.14936333894729614,-0.17138873040676117,-0.0867558941245079,-0.1473313570022583,-0.2941218912601471,0.2520344853401184,0.4088285565376282,-0.07872746139764786,0.18090054392814636,-0.10533002763986588,-0.07995407283306122,0.03148900344967842,-0.3338446021080017,-0.3203911781311035,-0.3747282922267914,-0.052921731024980545,0.04266627877950668,-0.23354144394397736,-0.31811782717704773,-0.0026857866905629635,0.24050036072731018,0.22194483876228333,-0.437776654958725,-0.20323264598846436,0.23935791850090027,0.08320260047912598,0.019241666421294212,0.25154057145118713,0.12585578858852386,0.13124877214431763,-0.5493981242179871,-0.02848164364695549,0.2761455476284027,-0.004713763482868671,0.12446670234203339,0.12745146453380585,-0.2246559113264084,-0.06350802630186081,-0.3409498333930969,0.29211756587028503,0.3737960457801819,-0.13123786449432373,0.21852676570415497,-0.13737943768501282,0.07429804652929306,-0.04738669842481613,-0.07537331432104111,0.23741689324378967,0.05307527258992195,0.6264490485191345,0.20650234818458557,-0.09533718973398209,0.18557319045066833,0.020401764661073685,-0.5972533822059631,0.006466446910053492,0.34299489855766296,0.07654446363449097,-0.14733687043190002,0.09107239544391632,0.22462543845176697,0.9426923990249634,-0.4921058714389801,0.22156226634979248,0.2588597238063812,-0.09283919632434845,0.16474898159503937,-0.03602451831102371,-0.1574554145336151,0.003330860985442996,0.22572843730449677,0.2411774843931198,-0.7401337027549744,-0.5660969018936157,0.053099263459444046,0.19378960132598877,0.08547292649745941,0.14264962077140808,0.10239732265472412,0.06696736067533493,-0.25836655497550964,-0.19285768270492554,-0.19436302781105042,-0.0939224511384964,-0.13275793194770813,0.036038659512996674,-0.18192033469676971,0.41727203130722046,0.6204299330711365,-0.3677777647972107,0.22954854369163513,-0.019337546080350876,-0.6575014591217041,0.007559850811958313,0.14331455528736115,-0.04072346165776253,0.10648490488529205,-0.2218300998210907,-0.22558724880218506,-0.19350992143154144,0.0928075760602951,-0.014717454090714455,0.08630312979221344,-0.062268711626529694,0.009985226206481457,-0.1895405501127243,0.0348954014480114,-0.1937737762928009,0.0935383215546608,-0.044025905430316925,0.20998573303222656,-0.024088621139526367,-0.19708628952503204,-0.11483559757471085,-0.17016997933387756,-0.0939992293715477,-0.3769752085208893,0.1150919571518898,-0.2593267560005188,0.6356639862060547,0.10858602821826935,-0.20729288458824158,0.5302925705909729,-0.14631693065166473,0.15278360247612,0.09702194482088089,0.20523853600025177,-0.04473262280225754,-0.11091556400060654,-0.2834523320198059,-0.32847705483436584,-0.03509669750928879,-0.11296351253986359,-0.02291252091526985,-0.21724192798137665,-0.022395150735974312,0.03187493607401848,-0.024519067257642746,0.2223590910434723,-0.0901300460100174,0.2992789149284363,-0.3040495812892914,-0.2846049666404724,0.07953418791294098,-0.2165258675813675,0.09393887221813202,0.1842745542526245,-0.20405003428459167,0.014128344133496284,0.22608837485313416,0.6798906326293945,0.16592589020729065,0.1895427256822586,0.28416508436203003,0.039154697209596634,0.1636137217283249,-0.3463069498538971,0.061272673308849335,0.6640758514404297,0.1339711844921112,-0.3144027888774872,-0.07147462666034698,-0.20835402607917786,0.06145184487104416,-0.278755247592926,-0.24531331658363342,-0.3481987416744232,-0.21458613872528076,0.0002855092170648277,-0.05059925466775894,0.21525296568870544,-0.12849478423595428,0.575593113899231,0.11296197026968002,-0.07913888990879059,0.11383005231618881,0.03444664552807808,0.592961311340332,-0.32622939348220825,0.09857219457626343,-0.2242433726787567,0.008051256649196148,-0.33707016706466675,0.07827995717525482,0.012904453091323376,0.05815191939473152,0.19020621478557587,-0.27497559785842896,0.014545520767569542,-0.997643768787384,-0.100399449467659,0.16937421262264252,0.21906542778015137,0.23472216725349426,-0.31570732593536377,-0.11323362588882446,-0.04297318309545517
CID000038904,709,0.29618802666664124,-0.23931971192359924,0.11231249570846558,0.40393710136413574,-0.26704227924346924,-0.013598727993667126,-0.029407331719994545,0.25534123182296753,0.10779187828302383,0.2267465889453888,0.16687598824501038,-0.20091697573661804,-0.37292614579200745,0.3990496098995209,-0.021938148885965347,0.09716751426458359,0.08771853148937225,-0.08192191272974014,-0.02917332388460636,-0.5414847135543823,0.09075967222452164,0.0010231658816337585,-0.14687645435333252,-0.7176726460456848,0.10620775073766708,0.3198001980781555,-0.29415470361709595,-0.1829117238521576,-0.18040430545806885,0.287220299243927,0.1262672394514084,0.34655267000198364,0.024022160097956657,-0.09925629943609238,0.23956231772899628,-0.1221153736114502,0.10503306239843369,0.26007863879203796,0.10748233646154404,-0.15920765697956085,-0.018628627061843872,-0.09255344420671463,0.12120889127254486,-0.27245527505874634,-0.1521376073360443,0.4848979413509369,-0.13443408906459808,-0.10606975853443146,0.14500729739665985,0.16729885339736938,0.3100808560848236,-0.1369047611951828,-0.26453423500061035,-0.01865202747285366,0.41625484824180603,-0.2051425725221634,-0.17599065601825714,-0.1783546507358551,0.15871211886405945,-0.33410608768463135,-0.05726241320371628,-0.3195137679576874,0.24367249011993408,0.08816801756620407,0.25152263045310974,0.688421368598938,-0.054601408541202545,-0.005130893085151911,0.18278829753398895,0.04017968103289604,0.059181541204452515,-0.03476496785879135,-0.4213913083076477,-0.39605075120925903,-0.3407733142375946,0.145895317196846,-0.19538041949272156,0.19620542228221893,-0.17977580428123474,-0.12242783606052399,0.4059261381626129,-0.23260346055030823,-0.4949534833431244,-0.1460469663143158,-0.1457642912864685,-0.2794751226902008,0.20487019419670105,0.49325305223464966,-0.21755418181419373,-0.8587015271186829,-0.04783426597714424,0.2718397080898285,0.09171745181083679,0.2247771918773651,-0.17732064425945282,-0.47820258140563965,-0.006599481217563152,0.2963283658027649,-0.05681156367063522,0.39880070090293884,-0.007721757981926203,0.2624397575855255,-0.043549008667469025,0.35627180337905884,0.16266140341758728,0.0020825937390327454,0.024730289354920387,-0.2937728464603424,0.3892919719219208,-0.03754563257098198,0.15505805611610413,0.19666141271591187,-0.4272727966308594,-0.1093629002571106,-0.23509271442890167,0.34724465012550354,-0.15559551119804382,-0.12929925322532654,-0.17154093086719513,0.1825036108493805,0.5570464730262756,-0.07236797362565994,0.2530095875263214,-0.08426062017679214,-0.2804555892944336,0.21939139068126678,0.13436660170555115,0.20943093299865723,0.3204052746295929,0.10895812511444092,0.11678050458431244,-0.23301191627979279,-0.08329702913761139,-0.012025311589241028,0.054996926337480545,0.47192588448524475,0.05965496972203255,0.32532742619514465,-0.186761736869812,-0.319721519947052,-0.22630555927753448,0.3161539137363434,0.3114514946937561,-0.12623782455921173,0.024054916575551033,0.3379313349723816,-0.0013668745523318648,0.45250844955444336,0.10748665034770966,0.15478196740150452,-0.11015050113201141,0.04977568984031677,-0.19142429530620575,0.19201627373695374,-0.1896662414073944,-0.3348826766014099,0.10642994940280914,-0.3961527347564697,-0.24875445663928986,0.4532485902309418,0.06446060538291931,0.07898180186748505,-0.038630079478025436,-0.07348662614822388,-0.032789211720228195,0.07995040714740753,-0.15049222111701965,0.12340430915355682,-0.06203074008226395,0.1483643501996994,0.05529047176241875,-0.2536650598049164,-0.21946701407432556,-0.5024055242538452,-0.2899734079837799,-0.0800427794456482,0.13481175899505615,-0.4418849050998688,0.40010708570480347,-0.05704772472381592,0.03619115799665451,-0.05820002406835556,-0.5675907135009766,-0.18820303678512573,0.6109074354171753,-0.03357255458831787,-0.4023400843143463,0.08887767791748047,0.3101527988910675,-0.4029774069786072,-0.23486284911632538,-0.04366200789809227,0.24224548041820526,0.10132207721471786,0.08979735523462296,-0.09891209751367569,0.37957319617271423,-0.20259031653404236,0.1794257014989853,-0.1141452044248581,0.2842695116996765,-0.23189906775951385,-0.12045544385910034,-0.22453489899635315,0.346201092004776,-0.19204525649547577,-0.0110557796433568,0.13844314217567444,0.11893320083618164,0.5380882620811462,0.6120648384094238,-0.17579269409179688,0.2960161566734314,0.1524825096130371,0.2174369990825653,-0.287553608417511,0.014082694426178932,0.06926865130662918,0.019063297659158707,-0.043334346264600754,0.10413964092731476,-0.1345662921667099,-0.004275390412658453,-0.5032106637954712,-0.10594034194946289,0.2377072274684906,0.028093764558434486,-0.3773796558380127,-0.019080111756920815,0.3310423493385315,-0.15911471843719482,0.19393284618854523,0.3298020660877228,0.015137387439608574,-0.07497994601726532,0.1587863564491272,0.4620193541049957,-0.6586435437202454,-0.012836468406021595,-0.2767806649208069,0.6192469596862793,-0.4866660237312317,-0.27181026339530945,0.44145017862319946,-0.16460859775543213,0.08481667190790176,0.2330222874879837,0.06584004312753677,-0.40960511565208435,-0.42002877593040466,0.3575352728366852,-0.20242014527320862,0.34284666180610657,-0.20341141521930695,-0.020986082032322884,-0.01959291473031044
CID000072054,712,0.17787893116474152,0.30911827087402344,0.16402089595794678,0.4032565653324127,-0.24759407341480255,0.2982180714607239,0.2643657624721527,0.4216819703578949,0.41389456391334534,0.25015753507614136,-0.06080563738942146,-0.002595180179923773,-0.2821562588214874,0.1520388275384903,-0.10991885513067245,-0.2902919352054596,-0.08109934628009796,-0.12460295855998993,0.16510191559791565,-0.5799700021743774,0.5077482461929321,-0.25563129782676697,-0.3274027705192566,-0.985706627368927,-0.14753392338752747,0.21235021948814392,-0.2607007622718811,0.13753756880760193,0.17794686555862427,0.32404688000679016,-0.059129904955625534,0.2694099247455597,0.05327398702502251,0.21210308372974396,-0.049660880118608475,0.07792435586452484,-0.14050106704235077,0.040301188826560974,0.1380065381526947,0.03526435047388077,0.12274825572967529,0.02676640823483467,0.10722284018993378,-0.4869718551635742,-0.08235032111406326,0.4079609811306,-0.08594871312379837,0.0052315606735646725,-0.10182817280292511,0.04176280274987221,0.41929149627685547,0.006749153137207031,-0.3790884017944336,-0.3331523537635803,0.2496500015258789,-0.368853896856308,-0.002420920180156827,-0.18166570365428925,-0.029542427510023117,-0.05857495218515396,-0.2573341727256775,-0.06701870262622833,-0.30048760771751404,-0.35170215368270874,-0.16406366229057312,0.47135862708091736,-0.1510011851787567,-0.22116093337535858,0.11274506151676178,-0.19286203384399414,-0.011091646738350391,0.056112438440322876,-0.1982981562614441,-0.1879766434431076,-0.35548779368400574,0.21222996711730957,0.01873410865664482,0.10486403852701187,-0.09288290143013,0.15600045025348663,0.1419699490070343,-0.3531343638896942,-0.38561370968818665,-0.6055774688720703,0.1663682460784912,-0.10784856975078583,0.30417555570602417,0.01761075295507908,-0.01554040890187025,-0.8534161448478699,-0.2407151758670807,0.13529853522777557,0.02793193981051445,-0.08042406290769577,0.15134641528129578,-0.30206653475761414,0.3174334764480591,0.14454399049282074,0.05364687368273735,0.09791542589664459,0.15372517704963684,-0.08435850590467453,0.14064565300941467,0.28254491090774536,-0.17108461260795593,-0.00928535033017397,0.2795603275299072,0.20291247963905334,0.588325023651123,0.21012935042381287,0.03412681445479393,0.14152057468891144,-0.13590987026691437,-0.10733761638402939,-0.07351918518543243,0.25225573778152466,0.1133270412683487,0.1050863116979599,-0.1790570765733719,0.12130819261074066,0.6519840955734253,-0.07590469717979431,0.3954325318336487,0.0006882786983624101,0.21204082667827606,-0.04599989578127861,0.06998614966869354,-0.13323666155338287,0.140847310423851,-0.307513564825058,0.24163897335529327,-0.42851534485816956,-0.24267473816871643,0.13220332562923431,0.26263266801834106,-0.005033711902797222,0.4968108534812927,0.23358488082885742,-0.055987127125263214,-0.09036600589752197,-0.3163655400276184,0.024638589471578598,-0.05135080963373184,-0.19135794043540955,0.06698062270879745,-0.06499992311000824,-0.29059329628944397,0.31564193964004517,-0.3857268691062927,0.18447701632976532,-0.13730672001838684,-0.4455084800720215,0.19340136647224426,-0.0197739340364933,-0.3180341124534607,0.1194099634885788,-0.11726082861423492,-0.25554338097572327,-0.036054231226444244,0.2618677020072937,0.004375165794044733,-0.03669639304280281,0.0451279878616333,-0.008193081244826317,0.0979776531457901,-0.012688109651207924,-0.4070861339569092,0.14545761048793793,0.20842452347278595,0.09590957313776016,0.15995840728282928,-0.3622683882713318,-0.205950528383255,-0.1968042254447937,-0.1500999480485916,-0.16857513785362244,0.1511474996805191,-0.21671251952648163,0.5459165573120117,0.08635640889406204,-0.02070021629333496,-0.060205090790987015,-0.36819976568222046,-0.0694599524140358,0.32228368520736694,0.02809041179716587,-0.3028203547000885,0.08200210332870483,0.04639735072851181,-0.3218311369419098,0.156992107629776,0.3041453957557678,0.007591168396174908,-0.13933122158050537,0.018080348148941994,-0.20912615954875946,-0.0016669214237481356,0.09209242463111877,-0.0058730184100568295,0.07079456001520157,-0.10698161274194717,-0.22641465067863464,0.19286581873893738,-0.5858671069145203,0.008710366673767567,-0.1368565708398819,0.199179545044899,-0.2745944559574127,0.2220463752746582,0.38872355222702026,0.36227303743362427,-0.5625503659248352,0.23107746243476868,0.027453100308775902,-0.004632857628166676,-0.41093578934669495,0.08643662929534912,0.21260766685009003,0.05952657386660576,0.103426493704319,-0.1468242108821869,0.14829325675964355,0.19281426072120667,-0.323951780796051,0.25397735834121704,0.3734807074069977,0.08687988668680191,-0.32184916734695435,0.13663646578788757,-0.28779515624046326,-0.20432977378368378,0.0436212420463562,0.2589849829673767,0.004261800087988377,0.23054321110248566,-0.04385397583246231,0.24893924593925476,0.050864141434431076,0.08325403928756714,-0.06456389278173447,0.24010400474071503,-0.42630305886268616,0.18211546540260315,0.2725217640399933,-0.2821909785270691,-0.10644735395908356,0.014415946789085865,0.17893728613853455,-0.6667920351028442,-0.061587441712617874,0.25502336025238037,-0.23797431588172913,-0.31936952471733093,0.05478842929005623,0.13058926165103912,0.3160362243652344
CID000005215,713,0.13794174790382385,-0.12263079732656479,0.029675696045160294,0.3687627911567688,-0.47600841522216797,0.02788291499018669,0.23620064556598663,0.24422761797904968,-0.05968611314892769,0.2819060683250427,0.14193293452262878,0.07959609478712082,-0.07443747669458389,0.11373347043991089,-0.19404873251914978,-0.11190016567707062,-0.06279982626438141,-0.09929703176021576,0.11918725818395615,-0.4745829701423645,0.0090468255802989,-0.15856654942035675,0.06017768383026123,-0.8177626729011536,0.2280377894639969,0.08359179645776749,-0.1294100284576416,0.009977802634239197,-0.09368868172168732,0.04453098028898239,0.029376622289419174,0.2181864082813263,0.11906807124614716,0.012301860377192497,0.11258609592914581,-0.07799006998538971,0.22558781504631042,0.05708015710115433,0.20593726634979248,-0.05344696715474129,-0.05273803323507309,-0.2921387553215027,0.3090764880180359,-0.215933158993721,-0.08771075308322906,0.3348993957042694,0.043031349778175354,-0.06996718794107437,0.022752223536372185,0.0834675133228302,0.22142381966114044,0.27825456857681274,-0.2186451405286789,0.04738249257206917,-0.050112418830394745,-0.12171391397714615,0.04146040230989456,0.22165188193321228,0.016076914966106415,0.08922074735164642,-0.18826794624328613,-0.2801278233528137,0.0903911292552948,-0.022903399541974068,0.27341428399086,0.41822028160095215,-0.21444830298423767,-0.15450403094291687,0.21005754172801971,0.10400040447711945,0.023674065247178078,-0.11686094850301743,-0.35968250036239624,-0.4497789442539215,-0.2203923761844635,0.04404997080564499,-0.029713725671172142,0.1046493649482727,-0.03222421556711197,-0.0723697692155838,-0.019062461331486702,-0.640576958656311,-0.26759228110313416,0.18873071670532227,0.07293025404214859,-0.011535169556736946,0.1421082317829132,0.1140039712190628,-0.09968404471874237,-0.6950795650482178,-0.07183070480823517,0.15283378958702087,0.006913690362125635,-0.02413230761885643,0.14645929634571075,-0.24510571360588074,-0.24054093658924103,0.047404322773218155,-0.23314647376537323,0.029521619901061058,-0.13700109720230103,0.1643918752670288,-0.014145106077194214,0.3278818726539612,0.21962642669677734,-0.004650542046874762,-0.20367857813835144,0.1089937686920166,0.40317219495773315,-0.23055143654346466,-0.009309783577919006,0.15317460894584656,0.02885318361222744,-0.12459902465343475,0.013659986667335033,0.16396629810333252,0.04050736874341965,-0.1299041509628296,-0.03967800736427307,0.17422328889369965,0.56578528881073,-0.18288679420948029,0.21272659301757812,0.14308443665504456,-0.05310080200433731,0.2691344618797302,-0.04439643397927284,-0.012126544490456581,0.2051651030778885,0.12228219211101532,0.13942287862300873,-0.4715161919593811,-0.4290023446083069,0.12398350238800049,0.22297728061676025,-0.056367576122283936,-0.13538041710853577,0.3150410056114197,-0.1326807737350464,-0.2659599781036377,-0.173538938164711,0.15650410950183868,0.03621066361665726,-0.03023345395922661,0.001371033489704132,0.075001060962677,0.03520262986421585,0.3074764013290405,0.009120931848883629,0.14779086410999298,0.02762908674776554,-0.19434651732444763,-0.1438169777393341,0.16276609897613525,-0.3066863417625427,-0.09043680131435394,-0.05899341031908989,-0.011372968554496765,-0.009354965761303902,0.24132975935935974,-0.18585999310016632,0.09033302217721939,-0.05799354985356331,0.15762600302696228,-0.15647879242897034,-0.17668387293815613,-0.1365763545036316,0.2592291533946991,0.001746808411553502,0.28092655539512634,0.1505158692598343,-0.11959874629974365,-0.17032954096794128,-0.20568060874938965,0.05493442341685295,-0.0703909695148468,0.19448909163475037,-0.14924278855323792,0.2650413513183594,-0.20474016666412354,0.14572376012802124,0.11806617677211761,0.0235530324280262,-0.25984564423561096,0.15553829073905945,0.2611050605773926,-0.11403348296880722,-0.05562562495470047,-0.06613809615373611,-0.3068256676197052,-0.10786626487970352,-0.03514993563294411,0.2178160697221756,0.12344007194042206,0.1357618272304535,-0.1861165314912796,0.074590764939785,-0.044424381107091904,0.11178003251552582,0.05296754091978073,0.19103458523750305,-0.42378750443458557,0.04382538050413132,-0.27258285880088806,-0.0774383395910263,-0.15266132354736328,-0.2052566558122635,0.04287280887365341,-0.029707033187150955,0.43146586418151855,0.3457309305667877,0.2687062919139862,0.28921815752983093,0.12064196914434433,-0.001760990940965712,-0.019811522215604782,-0.22670261561870575,0.15705284476280212,0.034974172711372375,0.012426367029547691,0.0429217591881752,-0.15651407837867737,0.1058201789855957,-0.18821090459823608,-0.1472562998533249,-0.05189889669418335,0.15119093656539917,-0.09669052064418793,-0.04260639101266861,0.036979809403419495,-0.03733278065919876,0.03086269460618496,0.3040558695793152,0.01843280717730522,-0.13803762197494507,-0.08680745959281921,0.31391429901123047,-0.4836583733558655,0.05035209655761719,-0.1335858553647995,0.05050845071673393,-0.2725967764854431,0.12992355227470398,0.3476046621799469,0.061032820492982864,0.016418207436800003,0.008150232024490833,0.0775531604886055,-0.5897865891456604,-0.05988852307200432,0.20894689857959747,-0.37100252509117126,0.05007152631878853,-0.42136701941490173,0.047424353659152985,0.09300825744867325
CID000077993,715,0.04871273785829544,-0.06201278418302536,0.20183876156806946,0.7818436622619629,-0.04636421054601669,0.14360643923282623,-0.11774145066738129,0.3892126679420471,0.035504262894392014,-0.3282873034477234,0.04129962995648384,0.29617294669151306,-0.7544419765472412,0.07254978269338608,-0.2664313018321991,0.0801902487874031,-0.17758789658546448,-0.124071404337883,-0.0008807122940197587,-1.2625577449798584,-0.02862025797367096,-0.18591341376304626,-0.17805533111095428,-1.0526127815246582,0.0861649140715599,0.042434047907590866,-0.190140962600708,-0.19434945285320282,-0.11084924638271332,0.16022412478923798,0.23356032371520996,0.37063461542129517,0.04355859011411667,-0.04603557288646698,-0.0009990542894229293,0.02053152397274971,0.38463497161865234,-0.43412333726882935,0.15203705430030823,-0.5296407341957092,-0.03591486066579819,0.2258957177400589,0.08405765891075134,-0.7215635180473328,-0.2628515958786011,0.2616414427757263,0.10836338996887207,0.17120632529258728,0.3642593026161194,0.0968804731965065,0.8996468782424927,-0.10989874601364136,-0.19137243926525116,-0.22787871956825256,0.1525544822216034,0.0526638999581337,0.6524144411087036,0.40975695848464966,-0.143002450466156,0.10864861309528351,-0.39946430921554565,-0.24208863079547882,0.1264234483242035,-0.17806963622570038,0.2890854477882385,0.9694885015487671,-0.3145381510257721,-0.2547869384288788,-0.3516484200954437,0.2828066647052765,0.06357121467590332,0.21170584857463837,-0.01882159896194935,-0.21062958240509033,-0.1297813206911087,0.05329476669430733,-0.0023677735589444637,-0.21877595782279968,-0.22275307774543762,-0.1961291879415512,0.31739887595176697,-0.2739580273628235,-0.14258643984794617,-0.33418115973472595,0.3926932215690613,0.029504859820008278,0.0202518031001091,0.8811678886413574,-0.035051386803388596,-1.1500670909881592,0.08769113570451736,0.12950126826763153,-0.12159286439418793,0.1645137369632721,0.3648935854434967,-0.6308737397193909,-0.18260851502418518,0.1166955828666687,0.16471126675605774,-0.09314121305942535,0.3284507095813751,0.032487500458955765,0.04653288796544075,0.34523674845695496,-0.19334132969379425,0.028542393818497658,0.25259920954704285,0.0199546217918396,0.9943703413009644,0.311998188495636,0.021810751408338547,0.06876040995121002,0.3230121433734894,0.05387654900550842,-0.2111392319202423,-0.006886476185172796,0.2015906274318695,-0.02095968648791313,-0.31359440088272095,-0.035529568791389465,0.8439027667045593,-0.4649105966091156,0.34376242756843567,-0.08083011955022812,-0.4238872528076172,0.02942799963057041,-0.04928823187947273,0.02933892235159874,0.29830965399742126,0.10456569492816925,0.18003803491592407,-0.33531343936920166,-0.08249235153198242,-0.0037566334940493107,0.07650171965360641,-0.1873616874217987,0.20095451176166534,-0.15978634357452393,-0.17712916433811188,-1.3674886226654053,-0.13757863640785217,0.011568574234843254,0.3540100157260895,0.1301434487104416,-0.030603254213929176,-0.019858235493302345,-0.17147621512413025,0.3414866328239441,0.12374205887317657,0.2807709574699402,-0.16570404171943665,-0.3510630130767822,-0.01545299869030714,-0.05269888788461685,-0.08243762701749802,-0.2931097149848938,0.06086776405572891,-0.040837742388248444,-0.08195172995328903,0.4311806261539459,-0.1323731690645218,0.018055176362395287,-0.01661800965666771,0.04717326909303665,-0.3210342824459076,-0.879738986492157,-0.03892593830823898,-0.019969329237937927,0.008752906695008278,0.09344398230314255,-0.1592094600200653,-0.6792799830436707,-0.22950319945812225,-0.4735257029533386,0.16074445843696594,-0.15615291893482208,0.3858226537704468,-0.19983446598052979,0.46395859122276306,0.15000315010547638,-0.04187498241662979,-0.03666297346353531,-0.36368173360824585,-0.21741065382957458,0.012549987062811852,0.1080368310213089,-1.2927205562591553,-0.1063818484544754,0.07748539000749588,-0.3023964762687683,-0.20712602138519287,0.33865517377853394,0.14497306942939758,-0.05989980697631836,0.3520696759223938,0.007747077848762274,-0.39012882113456726,-0.2874615490436554,0.04011254012584686,-0.23121795058250427,-0.3848802149295807,-0.1784372627735138,0.041322506964206696,-0.2278706580400467,0.24582532048225403,0.007121041417121887,-0.07786567509174347,0.18264275789260864,0.7214168906211853,0.7090047597885132,0.23998618125915527,-0.1909133493900299,0.08824725449085236,-0.0040444014593958855,0.3618709146976471,-0.06575676053762436,0.07225622236728668,0.22660145163536072,0.18781277537345886,0.09513650834560394,-0.2507832646369934,0.020181143656373024,0.12835541367530823,-0.6709391474723816,-0.07738162577152252,0.04544159024953842,-0.2232237607240677,-0.7956544160842896,0.33626940846443176,-0.07856682687997818,-0.07134846597909927,0.22616347670555115,0.1454320251941681,0.21767163276672363,0.31600797176361084,0.031671471893787384,0.34108996391296387,-0.18143966794013977,-0.08425000309944153,-0.07882180064916611,-0.38583648204803467,-1.0874780416488647,-0.0027333921752870083,-0.21071496605873108,-0.038847099989652634,-0.08471281081438065,0.6700611710548401,0.11393983662128448,-0.9384609460830688,-0.21147000789642334,0.4324035048484802,0.4809187948703766,0.2459772378206253,-0.09425438940525055,0.011213002726435661,0.22275428473949432
CID000000596,716,0.40884748101234436,0.11720037460327148,0.2186388075351715,0.7128815054893494,-0.6118322610855103,0.015245473012328148,0.17682336270809174,0.1766270101070404,-0.06321091949939728,0.2330254763364792,0.21374061703681946,-0.9970113635063171,-0.359138548374176,0.42588648200035095,0.306775838136673,0.4904289245605469,-0.09713160991668701,-0.24535207450389862,0.5504287481307983,-0.703406572341919,0.2369365692138672,-0.3256073296070099,-0.2328793704509735,-1.0392303466796875,0.18966974318027496,-0.12111947685480118,0.193294957280159,-0.11045286804437637,-0.1621880978345871,-0.20818975567817688,-0.4265006184577942,0.07339419424533844,-0.01273189764469862,0.2604126036167145,-0.09170608967542648,0.06139702349901199,0.09176024794578552,0.2467975616455078,0.2281545102596283,-0.26514819264411926,0.07755309343338013,-0.037971943616867065,0.08846507221460342,0.30628854036331177,0.09673130512237549,-0.1771826148033142,0.045075416564941406,0.12348400056362152,-0.006313544698059559,-0.3895990252494812,0.5213149785995483,-0.33547359704971313,-0.22310075163841248,-0.20832642912864685,-0.19586923718452454,-0.07099349796772003,0.7431200742721558,0.004489803221076727,1.9089769124984741,0.006611943244934082,-0.05612189695239067,-0.5397562384605408,0.260949969291687,-0.04598460718989372,-0.35374632477760315,0.3820973038673401,-0.12780627608299255,0.047793470323085785,-0.38498902320861816,-0.03518452122807503,0.06708510965108871,-0.33111828565597534,0.029327403753995895,-0.3904348313808441,-0.04628372937440872,0.26544585824012756,0.2276018112897873,-0.10169325023889542,0.06482299417257309,-0.3955896496772766,0.26208746433258057,-0.5566507577896118,-0.4209521412849426,-0.21259841322898865,0.24623775482177734,-0.009786827489733696,0.36107194423675537,0.15958622097969055,-0.478311151266098,-0.4509066045284271,-0.23364916443824768,-0.07880961894989014,0.06333725899457932,0.09040188789367676,0.18648001551628113,-0.4617122709751129,-0.010015090927481651,-0.06349323689937592,-0.17194794118404388,0.47407421469688416,-0.18439236283302307,0.17940805852413177,-0.10107576847076416,0.41019734740257263,0.21333575248718262,0.1564292311668396,-0.27242350578308105,-0.21659383177757263,0.565588116645813,0.26275208592414856,0.15602508187294006,0.20368428528308868,-0.11588674783706665,-1.2669124603271484,-0.21874062716960907,-0.04497670382261276,-0.009051816537976265,0.2402922660112381,0.27868449687957764,-0.2857045829296112,1.017634630203247,-1.3039822578430176,0.4137672483921051,0.03329453989863396,-0.27844640612602234,0.5658594369888306,0.08946257829666138,-0.2257532775402069,0.3345395624637604,-0.039904121309518814,0.1270076483488083,-0.6811257600784302,-0.348820298910141,-0.058076225221157074,-0.2377573549747467,0.2999246120452881,-0.00936194323003292,0.29993945360183716,-0.1955975741147995,-0.10487709194421768,-0.12036144733428955,0.42888879776000977,-0.03793027997016907,0.32064297795295715,0.13738255202770233,0.28488272428512573,-0.25335684418678284,0.8053123354911804,-0.1330995261669159,0.10595748573541641,-0.45125365257263184,-0.4425829350948334,-0.07989247143268585,0.4324631094932556,0.07738193869590759,-0.09282475709915161,-0.03402851149439812,-0.2032928764820099,0.2034064084291458,-0.005832067225128412,-0.007129788398742676,-0.04678593948483467,0.034402307122945786,0.22302353382110596,-0.16983453929424286,0.03505665063858032,0.1454618275165558,0.0735805332660675,0.45864447951316833,0.03650295361876488,0.11870785057544708,0.4529237151145935,0.034582026302814484,0.15776142477989197,0.06054532527923584,0.15126948058605194,-0.06227404996752739,-0.16306069493293762,0.6315740346908569,0.04364647716283798,0.238111212849617,-0.28884434700012207,-0.00700302142649889,0.2311122864484787,-0.24269898235797882,0.03882856294512749,-0.007854647934436798,-0.2316310703754425,0.2573002278804779,-0.24531106650829315,-0.26062554121017456,-0.2084401547908783,-0.047912564128637314,-0.5154062509536743,0.009964296594262123,0.09396207332611084,-0.3710915148258209,-0.040573298931121826,0.13789233565330505,0.3018926978111267,-0.5678361654281616,-0.4426826536655426,-0.12750454246997833,-0.06903377920389175,-0.13251043856143951,-0.18463923037052155,-0.06369633227586746,0.1893324851989746,0.6171814203262329,0.44785141944885254,0.48951125144958496,-0.20808759331703186,-0.24598252773284912,0.017595738172531128,-0.1451251208782196,-0.30653080344200134,-0.26251220703125,0.8223241567611694,0.04113619774580002,0.26236051321029663,-0.04598905146121979,-0.014279371127486229,0.054067231714725494,-0.4510645866394043,-0.07662494480609894,0.09311753511428833,-0.061566174030303955,-0.07434116303920746,-0.1408756673336029,-0.09821530431509018,0.024447539821267128,0.441619336605072,0.6957608461380005,0.00523423682898283,-0.08039351552724838,0.13752761483192444,0.3058388829231262,-0.1285383552312851,0.18606510758399963,-0.2851296663284302,0.08137337118387222,0.13287286460399628,-0.14636804163455963,0.03359215334057808,0.0959608182311058,-0.1697874367237091,0.18586786091327667,0.4824800491333008,-0.67183917760849,0.28793466091156006,0.5041613578796387,-0.15110734105110168,0.08174075186252594,-0.4824851155281067,0.09546676278114319,0.08224134892225266
CID000003279,721,0.2525804042816162,-0.047496017068624496,0.22813734412193298,0.5625728368759155,-0.5031476616859436,-0.032462507486343384,0.2548351585865021,-0.04499603435397148,-0.3735126256942749,0.2421530783176422,0.00014541744894813746,-0.35387593507766724,-0.22593823075294495,-0.15163561701774597,0.002750709652900696,0.00038561373366974294,-0.06319533288478851,-0.14465224742889404,0.031411513686180115,-0.46232524514198303,0.009150981903076172,-0.1507226973772049,-0.16080181300640106,-0.7139093279838562,-0.036391545087099075,0.050415895879268646,0.032468318939208984,-0.08265338093042374,-0.04827944189310074,0.06634236872196198,-0.221382737159729,0.30380576848983765,0.07757942378520966,-0.04688399285078049,0.11909766495227814,-0.2035515308380127,-0.25688594579696655,0.14794614911079407,0.10270348936319351,0.016679847612977028,0.034783247858285904,0.002170997904613614,0.07933904230594635,-0.23065213859081268,-0.22959411144256592,0.33576563000679016,0.037670060992240906,-0.0011512667406350374,0.09638115018606186,0.052531320601701736,0.41531267762184143,-0.20617952942848206,-0.2415606528520584,0.06729711592197418,-0.050455741584300995,-0.12986202538013458,0.2458253800868988,0.07547937333583832,0.3482747972011566,0.09300505369901657,-0.06776230037212372,-0.3252444863319397,0.05761915445327759,-0.21758946776390076,-0.15089473128318787,0.306184858083725,-0.1586223989725113,-0.15187250077724457,0.4511047303676605,-0.09964624047279358,0.045125409960746765,-0.2257477343082428,-0.2262752503156662,-0.3069966435432434,-0.10024156421422958,0.27070945501327515,0.13881051540374756,-0.3051028847694397,0.08408725261688232,0.0019298851257190108,0.22576546669006348,-0.7710767388343811,-0.38617637753486633,0.28503692150115967,-0.02090642973780632,-0.02996007166802883,0.15919020771980286,0.18153516948223114,0.11576731503009796,-0.5990890860557556,-0.19236397743225098,-0.010660779662430286,-0.07992157340049744,0.1749371588230133,0.021311026066541672,-0.21800565719604492,-0.0446690209209919,-0.3852769732475281,0.14457833766937256,0.16325590014457703,-0.1833614557981491,0.1559462547302246,-0.06277170777320862,0.11293277889490128,0.19640293717384338,0.20868536829948425,-0.188296377658844,-0.22173695266246796,0.6075865030288696,0.25028595328330994,-0.055957309901714325,0.1804700791835785,0.23869769275188446,-0.1395813524723053,0.06076450273394585,0.3901643753051758,-0.185573011636734,-0.37515193223953247,-0.014088237658143044,0.24417364597320557,0.6828733086585999,-0.061094604432582855,0.16488336026668549,-0.018398607149720192,0.06835769861936569,0.016909506171941757,0.14445504546165466,0.2111605852842331,0.0637667253613472,0.01983863115310669,0.20966693758964539,-0.6654505133628845,-0.5349931120872498,0.05657384544610977,0.08777079731225967,0.18433138728141785,-0.15152643620967865,0.2186356484889984,0.15244710445404053,-0.16466385126113892,-0.20611098408699036,-0.04448956251144409,-0.04803530126810074,-0.12686054408550262,-0.10596469789743423,-0.09948642551898956,0.1291143000125885,0.6755087971687317,0.06410759687423706,0.13328799605369568,-0.042040687054395676,-0.7653781175613403,0.0876506119966507,-0.07179063558578491,-0.1896846890449524,0.10913874953985214,-0.0263652540743351,-0.20378217101097107,0.06841851025819778,0.05711459368467331,0.042047906666994095,0.061907291412353516,-0.16162289679050446,0.07279818505048752,0.2590857744216919,0.10038095712661743,0.001004892634227872,0.3584992289543152,0.19513742625713348,0.12981495261192322,0.20281071960926056,-0.13175129890441895,-0.05206357315182686,-0.12009497731924057,0.10810965299606323,-0.14401860535144806,0.21016231179237366,-0.18699932098388672,0.38365572690963745,0.10369463264942169,0.1399351954460144,0.23002776503562927,0.05777929350733757,-0.12025920301675797,0.19386498630046844,-0.06525872647762299,-0.06829285621643066,-0.01708432473242283,-0.18616046011447906,-0.12996603548526764,-0.11039350181818008,0.1826578676700592,0.2141941338777542,-0.3397637903690338,-0.05304131656885147,-0.20183292031288147,0.22353608906269073,0.17821475863456726,0.134566992521286,0.21947214007377625,-0.39019888639450073,-0.25589779019355774,0.06941968202590942,-0.09392237663269043,-0.11461319774389267,0.15533863008022308,-0.16010883450508118,-0.03585980460047722,0.08890219032764435,0.4439598023891449,0.2950541377067566,0.1294374018907547,0.21659548580646515,0.23375289142131805,0.057559579610824585,-0.31832757592201233,0.096343994140625,0.47500354051589966,0.13496443629264832,0.20138630270957947,-0.0048985728062689304,-0.054449934512376785,0.038822341710329056,-0.30831873416900635,0.123072549700737,-0.33194032311439514,-0.2447279691696167,-0.14475859701633453,-0.09799320995807648,0.19183869659900665,0.06129273772239685,0.3614080548286438,0.3054429590702057,-0.04663633555173874,-0.17714425921440125,0.29702070355415344,0.733794093132019,-0.3012099862098694,-0.012546390295028687,-0.26926499605178833,0.09224237501621246,-0.49867886304855347,0.026733946055173874,0.5939527153968811,-0.18468686938285828,0.2385317087173462,0.14822758734226227,0.2510532736778259,-0.8188098073005676,-0.32545483112335205,0.059354305267333984,-0.17032606899738312,-0.032731927931308746,-0.14568793773651123,-0.24231190979480743,-0.12349946796894073
CID000002726,724,0.09097056835889816,0.21556136012077332,0.19228550791740417,0.22613978385925293,-0.2650482654571533,0.03892391175031662,0.41489091515541077,0.3973120152950287,0.003319674637168646,0.33974796533584595,0.4056720733642578,0.19945786893367767,0.09643016755580902,0.32853251695632935,-0.17165443301200867,-0.07697375118732452,-0.03242179751396179,-0.08206586539745331,0.3917515277862549,-0.510775089263916,0.1660517007112503,-0.13567490875720978,0.0372588150203228,-0.7936533093452454,-0.03184216469526291,0.20046964287757874,-0.16235379874706268,-0.16263993084430695,-0.07636392116546631,0.19555635750293732,-0.09383116662502289,0.26187050342559814,-0.14878630638122559,-0.023460347205400467,-0.002366152359172702,-0.09573743492364883,0.11448272317647934,0.06250281631946564,0.12620136141777039,-0.3803647756576538,-0.0020317821763455868,-0.2055065631866455,0.18559697270393372,-0.29744383692741394,-0.13879188895225525,0.29957541823387146,-0.11399171501398087,0.035469792783260345,0.09103886038064957,-0.047592613846063614,0.37946948409080505,0.07974027842283249,-0.20544543862342834,-0.07413888722658157,0.334407776594162,-0.23350247740745544,0.4061899185180664,0.24813170731067657,0.07824113965034485,0.2115035504102707,-0.39645808935165405,-0.36263442039489746,-0.13495531678199768,0.027437567710876465,0.16254331171512604,0.3695816993713379,-0.31244954466819763,-0.2573310136795044,0.08638794720172882,-0.0676078349351883,0.19357337057590485,0.33998996019363403,-0.3897964060306549,-0.5211970210075378,-0.37500542402267456,-0.002467034850269556,-0.032308079302310944,0.09117287397384644,-0.03480469435453415,-0.07196293026208878,0.20361213386058807,-0.4595707058906555,-0.33301252126693726,-0.19721858203411102,-0.13009750843048096,-0.20870253443717957,0.0471944697201252,0.6165673732757568,0.019954537972807884,-0.5371840000152588,-0.0751495510339737,0.2750358581542969,0.03502045199275017,-0.20889119803905487,0.14358632266521454,-0.2738965153694153,-0.008885311894118786,-0.016717303544282913,0.232031911611557,0.06378483027219772,-0.05870276689529419,0.10628251731395721,-0.032300643622875214,0.3225588798522949,0.005770969204604626,0.023965083062648773,-0.255003958940506,-0.04125237464904785,0.4671366214752197,0.029521510004997253,-0.1767863631248474,0.13933654129505157,-0.2244739979505539,-0.02303079329431057,0.02791428565979004,0.285060316324234,0.04125256463885307,-0.010274415835738182,-0.08285347372293472,0.15343014895915985,0.5381163358688354,-0.2002289593219757,0.46771207451820374,0.30426448583602905,-0.14744038879871368,0.07004274427890778,-0.04293624311685562,-0.0772150382399559,0.44733554124832153,-0.34497711062431335,0.22141936421394348,-0.2859775722026825,-0.2950323820114136,0.111025370657444,0.3987019658088684,-0.20401649177074432,-0.07512398809194565,0.03034462407231331,-0.3101588487625122,-0.37766098976135254,-0.6237396001815796,0.3972535729408264,0.13267049193382263,-0.16819411516189575,0.07613231241703033,0.21306034922599792,-0.40719980001449585,0.2624747157096863,-0.06526072323322296,0.05808714032173157,0.11033545434474945,-0.1965455859899521,0.04108619689941406,0.06785249710083008,-0.22078390419483185,-0.09873346984386444,-0.03621918335556984,-0.07516743242740631,0.0625222846865654,0.3084791600704193,0.08268525451421738,0.021174868568778038,-0.007389290723949671,0.021040236577391624,-0.13798828423023224,-0.26974645256996155,-0.30147936940193176,0.0510484054684639,0.12805500626564026,0.17367848753929138,-0.0335780493915081,-0.22053353488445282,-0.2359468936920166,-0.0841774195432663,0.019394349306821823,-0.11618061363697052,0.10966102033853531,-0.35660725831985474,0.4460219740867615,-0.05684567242860794,0.20762935280799866,-0.06492286920547485,-0.3632238805294037,-0.2833713889122009,-0.12588554620742798,0.34570446610450745,-0.24944722652435303,-0.17971770465373993,-0.09105432778596878,-0.3877193331718445,-0.02905939146876335,-0.06486298143863678,0.2772497236728668,0.0808025598526001,0.20251324772834778,-0.34832867980003357,-0.02408827282488346,0.08965729922056198,-0.08604129403829575,-0.20722751319408417,0.09290117025375366,-0.34303101897239685,-0.07733135670423508,-0.5408953428268433,0.010571557097136974,-0.2114095240831375,-0.09622274339199066,0.11440519243478775,0.03369463235139847,0.40527480840682983,0.5171189904212952,-0.2457951307296753,0.8541423082351685,0.20594146847724915,0.4536927342414856,-0.14634016156196594,-0.1487826257944107,0.1807030737400055,-0.0124950697645545,-0.047160688787698746,-0.1258520632982254,0.13105297088623047,0.03708631917834282,-0.16897913813591003,-0.09093032777309418,-0.027900421991944313,-0.31761279702186584,-0.37564873695373535,-0.14294271171092987,0.02922530099749565,0.03918881341814995,-0.06915644556283951,0.16992315649986267,-0.005570120178163052,-0.23982572555541992,0.010150158777832985,0.3105807900428772,-0.15784558653831482,-0.10073508322238922,-0.07388432323932648,0.33502450585365295,-0.438245952129364,-0.09199848026037216,0.25032445788383484,-0.008272409439086914,-0.07652939856052399,0.00608106842264533,-0.022664766758680344,-0.4472058415412903,-0.02908259630203247,0.4340355396270752,-0.27507275342941284,0.11098790168762207,-0.030576545745134354,0.1820124387741089,0.09382651001214981
CID000160051,729,0.3853515088558197,-0.04887687414884567,0.13001053035259247,0.8617231249809265,-0.6668779253959656,-0.007940268144011497,0.039497338235378265,-0.018656238913536072,-0.34836798906326294,-0.009281952865421772,0.31142857670783997,-0.634742021560669,-0.5517045259475708,-0.1588125377893448,0.42313718795776367,0.09558010846376419,-0.23042619228363037,-0.2990916073322296,-0.412644624710083,-1.0640642642974854,0.336326539516449,-0.02707565389573574,0.038427211344242096,-0.8264248967170715,0.035769641399383545,-0.25230956077575684,0.2590378224849701,-0.1484503448009491,0.0063430569134652615,0.02308923378586769,0.29867497086524963,0.26476889848709106,0.33414292335510254,0.3845425248146057,-0.1694900542497635,-0.39783573150634766,-0.29068487882614136,0.16751670837402344,-0.02804316207766533,0.3665638864040375,-0.4028368890285492,0.6142960786819458,0.2854609489440918,-0.3957184851169586,0.19096238911151886,0.2381042242050171,-0.05863473564386368,0.16492903232574463,-0.08314309269189835,0.34154051542282104,0.9065922498703003,-0.04903746396303177,-0.05470802262425423,0.19244666397571564,-0.05702592805027962,-0.06311845779418945,0.7346853017807007,-0.09065012633800507,0.3589375913143158,0.28918248414993286,0.16816148161888123,0.015820425003767014,-0.30038607120513916,-0.11012087017297745,-0.13298074901103973,0.5460028052330017,-0.02726845070719719,-0.043064095079898834,-0.024360066279768944,0.2352886199951172,0.09956630319356918,-0.18633350729942322,0.046010036021471024,-0.1967756748199463,-0.036520324647426605,0.5426681637763977,0.021433085203170776,-0.35738879442214966,0.21884652972221375,0.009135544300079346,1.0714359283447266,-0.6778225898742676,-0.2716481387615204,0.2842058539390564,-0.003167459275573492,-0.005013908259570599,-0.11302383989095688,0.435783326625824,0.08061292767524719,-0.7906036376953125,-0.539100170135498,0.05890987440943718,-0.12735791504383087,-0.0019292592769488692,-0.028259659186005592,0.08758997917175293,0.39944514632225037,-0.018458057194948196,0.0962081179022789,0.30238717794418335,0.16879454255104065,-0.022619009017944336,-0.09801577031612396,-0.07404202222824097,-0.3894500434398651,0.12100458145141602,0.19923467934131622,-0.28555721044540405,0.9442116022109985,0.6144082546234131,0.15879446268081665,-0.01543746329843998,0.4041561186313629,-0.4638165831565857,0.03253704309463501,0.019358526915311813,-0.19296827912330627,-0.15717485547065735,0.08521632105112076,0.005553781986236572,1.2239004373550415,-0.22216245532035828,0.14588133990764618,-0.08554037660360336,0.0040735541842877865,-0.30497559905052185,-0.2561233639717102,0.0430113784968853,-0.2545150816440582,0.13330359756946564,0.33963510394096375,-1.1525965929031372,-0.42812395095825195,0.25932323932647705,-0.003591293003410101,0.4988722801208496,-0.06765033304691315,0.1864059567451477,-0.09134475886821747,-0.5209001898765564,0.07384069263935089,-0.04737348109483719,-0.13671287894248962,-0.04726289585232735,0.13215462863445282,-0.13923093676567078,0.5502618551254272,0.9863592982292175,-0.5652503967285156,-0.10188166052103043,0.06713258475065231,-1.306796669960022,0.009866106323897839,-0.031728439033031464,-0.11311869323253632,0.11443641036748886,-0.059455614537000656,-0.22218230366706848,-0.3618597090244293,-0.0022911399137228727,-0.3729899227619171,-0.3207995891571045,-0.13989105820655823,0.22564347088336945,0.04642564430832863,-0.2930278480052948,0.45014896988868713,0.28777453303337097,0.0958503857254982,-0.059372615069150925,-0.2949771583080292,-0.37880879640579224,0.34670040011405945,-0.11320717632770538,-0.16346189379692078,-0.09103857725858688,0.01564168557524681,-0.18508616089820862,0.7635430097579956,-0.17741218209266663,-0.5601049661636353,0.5957686305046082,-0.2286321222782135,0.08131253719329834,0.3150891661643982,-0.19731280207633972,-0.30676960945129395,-0.3855302035808563,-0.09229622781276703,0.0610104575753212,0.07289765030145645,-0.3128187656402588,0.20075325667858124,-0.7282541394233704,-0.006834349129348993,-0.12044777721166611,-0.13789315521717072,-0.18934334814548492,0.0838552862405777,0.1343982070684433,-1.135514259338379,-0.22093553841114044,0.0821809321641922,-0.051226578652858734,0.10602295398712158,0.010898137465119362,-0.30540430545806885,0.057468485087156296,0.23542818427085876,0.5658203363418579,0.1941855251789093,0.15264011919498444,-0.03152710199356079,-0.025835037231445312,-0.13143453001976013,-0.2072620391845703,0.3801549971103668,1.0784169435501099,0.03459098935127258,0.5472370982170105,0.20801791548728943,0.053670238703489304,0.1128472089767456,-0.14262399077415466,0.11613745987415314,-0.16623587906360626,0.0016737222904339433,-0.008607029914855957,-0.08606137335300446,-0.15970991551876068,-0.005436062812805176,0.8084244728088379,0.04395648092031479,-0.20984554290771484,0.3087528347969055,0.4934447705745697,0.9065632820129395,-0.5390755534172058,-0.12800538539886475,-0.16807901859283447,-0.04819636419415474,-0.9128196835517883,0.061945557594299316,0.380489319562912,0.054150719195604324,0.19294774532318115,-0.2589420676231384,0.3490748107433319,-1.6764905452728271,-0.5651782751083374,0.30023905634880066,0.05557453632354736,0.17162226140499115,-0.11749887466430664,-0.1344771683216095,-0.03868718817830086
CID000003478,738,0.47295108437538147,-0.13703663647174835,0.004490072838962078,0.3843245804309845,-0.23568813502788544,0.1490408033132553,0.22709164023399353,0.37080174684524536,0.07775659114122391,0.14870111644268036,0.29014042019844055,-0.0729655995965004,0.12677688896656036,0.3428809940814972,0.1545739620923996,-0.27785828709602356,-0.24967265129089355,-0.3339080214500427,-0.12831708788871765,-0.6343528032302856,0.041892167180776596,-0.28493350744247437,-0.0895964652299881,-0.919847309589386,0.2510072588920593,-0.3247072398662567,-0.24457022547721863,0.1843690425157547,0.0013434014981612563,0.08727063238620758,-0.23451951146125793,0.19437941908836365,0.1078345999121666,0.1292763650417328,-0.00889804307371378,-0.3990083336830139,-0.03011379763484001,0.25203201174736023,0.02115325815975666,-0.36731213331222534,-0.07188467681407928,-0.2856827676296234,0.1486363559961319,-0.1416538655757904,-0.12081216275691986,0.2851770520210266,0.016909774392843246,0.04472803324460983,0.20086689293384552,-0.013288783840835094,0.3733009994029999,-0.14555904269218445,-0.14278331398963928,-0.10619882494211197,0.0003648582787718624,-0.3103015720844269,-0.14750364422798157,0.08809296041727066,0.09626869857311249,0.05305878072977066,-0.277069628238678,-0.2105587273836136,0.001111060380935669,-0.16679753363132477,0.14704759418964386,0.37375757098197937,-0.27670609951019287,0.04175380617380142,0.18834678828716278,-0.16432906687259674,0.04462840035557747,-0.10108593851327896,-0.32702508568763733,-0.2770957350730896,-0.3744606375694275,0.049710653722286224,-0.010477161034941673,0.17006328701972961,0.15958058834075928,-0.1371351182460785,0.6853723526000977,-0.4926128387451172,-0.40107694268226624,0.043770767748355865,0.0013850241666659713,-0.028262104839086533,0.11369597911834717,0.03322033956646919,-0.08607187122106552,-0.8942785263061523,0.030267974361777306,0.09916169941425323,0.018581021577119827,0.1473863422870636,-0.0047539412043988705,-0.22741083800792694,-0.05178212374448776,0.017227232456207275,-0.004367214627563953,0.8193098306655884,-0.3960237503051758,0.15700359642505646,0.0923445075750351,0.2914074659347534,0.09838160127401352,0.1986861228942871,-0.24027380347251892,-0.02831563726067543,0.6081093549728394,0.16416588425636292,-0.06133101135492325,0.16850730776786804,-0.2026021033525467,-0.2506890296936035,0.08372543752193451,0.23749732971191406,-0.01406707800924778,-0.271041601896286,-0.1853993833065033,0.29270139336586,0.8051962852478027,-0.016759373247623444,0.3221810460090637,-0.013994185253977776,0.16257742047309875,0.002292861696332693,-0.05505649372935295,-0.00740435253828764,0.5373140573501587,0.036042653024196625,0.07810764759778976,-0.45626798272132874,-0.2732042670249939,0.04450647160410881,0.2173246145248413,-0.009916889481246471,0.047059427946805954,0.24074044823646545,-0.14911417663097382,-0.14981001615524292,-0.43446555733680725,0.3145644962787628,-0.2120201289653778,-0.03951459378004074,0.14186131954193115,0.44411975145339966,0.13954386115074158,0.4937668442726135,-0.005574355833232403,0.12677332758903503,-0.2164374142885208,-0.2822050452232361,-0.3073863983154297,0.6619718074798584,-0.398072749376297,0.07057236135005951,-0.028624936938285828,0.06850205361843109,0.2918793559074402,0.2105674296617508,-0.33495277166366577,0.054346442222595215,-0.060008980333805084,-0.3019983470439911,0.12207869440317154,0.09710519760847092,-0.3541169762611389,0.20433449745178223,-0.07526901364326477,0.3188372254371643,0.06454037874937057,-0.07516562938690186,-0.1020069569349289,-0.36339524388313293,0.21542911231517792,0.07403586804866791,0.10003326088190079,-0.4590158462524414,0.6972485780715942,0.20200598239898682,0.06318185478448868,-0.05170438811182976,-0.10878808796405792,-0.4550871253013611,0.5403019785881042,0.15911246836185455,-0.4675096571445465,-0.039479825645685196,-0.22002744674682617,-0.18019446730613708,0.04434777423739433,0.34378567337989807,-0.04815436899662018,-0.1593969166278839,0.21540658175945282,-0.013320580124855042,0.07916519790887833,-0.0291230920702219,-0.01870054379105568,0.10319285094738007,0.08847365528345108,-0.2195611298084259,0.07869454473257065,-0.4011320471763611,0.10204364359378815,-0.1910187304019928,-0.3082616925239563,-0.18269237875938416,0.06445234268903732,0.376455694437027,0.43617457151412964,0.14001046121120453,0.3029135465621948,0.15467245876789093,-0.05880991369485855,-0.45946329832077026,0.11872629076242447,0.19121906161308289,-0.0697329193353653,0.10186009109020233,-0.16684767603874207,-0.2595362067222595,0.08315501362085342,-0.17466410994529724,-0.16672268509864807,-0.14512524008750916,-0.09583730250597,0.049246884882450104,-0.1642250269651413,0.24166688323020935,-0.06717377156019211,0.08581598848104477,0.28419238328933716,-0.10991913080215454,-0.15029191970825195,-0.015471507795155048,0.5386494398117065,-0.5251957178115845,0.020087439566850662,0.02669387497007847,0.4042605459690094,-0.27591243386268616,0.0366787388920784,0.25306543707847595,0.02102832868695259,0.12527510523796082,0.3101193308830261,0.12629346549510956,-0.686503529548645,-0.37396717071533203,0.302033007144928,-0.2365313023328781,-0.05634806677699089,-0.1431831419467926,0.16432178020477295,0.10740027576684952
CID000002173,745,0.8052815198898315,-0.13232377171516418,0.19255414605140686,0.37619006633758545,-0.5725392699241638,0.2842094898223877,-0.05707605555653572,0.22046136856079102,-0.004430413246154785,0.19270901381969452,0.17647086083889008,-0.0023985356092453003,0.0444427952170372,0.0483606681227684,-0.2116226702928543,0.12190590053796768,-0.06262163817882538,-0.3225434720516205,0.035520754754543304,-0.38120701909065247,0.2974380850791931,-0.038370296359062195,0.02037183567881584,-0.7624235153198242,0.24113623797893524,0.11349459737539291,-0.11899751424789429,0.28246527910232544,0.17613765597343445,0.08105550706386566,-0.009204086847603321,0.20083284378051758,0.08358831703662872,0.16339921951293945,0.06391565501689911,-0.02083861269056797,-0.01067495346069336,0.16930530965328217,-0.7203582525253296,-0.5957615971565247,0.443320095539093,-0.18669071793556213,0.37627118825912476,0.044744282960891724,-0.06725922226905823,0.12957200407981873,-0.028688769787549973,-0.024667534977197647,0.09572412818670273,0.6921490430831909,0.5607973337173462,-0.036467500030994415,-0.03005155362188816,0.27590250968933105,-0.029456358402967453,-0.13595502078533173,0.32375913858413696,0.06226412206888199,0.6054621934890747,0.09697084128856659,-0.23817019164562225,-0.2301156222820282,-0.0111509058624506,-0.03874846175312996,-0.0417163148522377,0.7443209886550903,-0.3327506482601166,0.20319907367229462,-0.10069195926189423,-0.08576778322458267,0.10712436586618423,-0.09074707329273224,-0.38865527510643005,-0.4552832543849945,-0.05694879963994026,1.1059421300888062,-0.009381255134940147,-0.4353581964969635,0.20073874294757843,-0.10597340017557144,-0.05172165483236313,-0.43566417694091797,-0.37881505489349365,-0.13030485808849335,0.05359248071908951,-0.20730380713939667,0.08635906875133514,0.047346219420433044,-0.06475474685430527,-1.324029803276062,0.03620029240846634,0.8039405941963196,-0.6478652358055115,0.3689993917942047,0.13363225758075714,-0.4678691029548645,-0.12593325972557068,0.11995448172092438,-0.15446901321411133,0.462047278881073,0.21437454223632812,-0.030576622113585472,-0.027176732197403908,0.3340786397457123,-0.5299338102340698,-0.1208614706993103,0.007374936249107122,0.019803231582045555,0.28754860162734985,-0.09855546057224274,-0.07810036092996597,0.0877622589468956,-0.06736662238836288,-0.3436123728752136,-0.14747382700443268,0.20838531851768494,-0.7159363031387329,0.03917878121137619,-0.061613552272319794,0.18713852763175964,1.099768877029419,-0.5760529041290283,0.1420048177242279,-0.39662742614746094,-0.041175853461027145,0.3043985962867737,0.005347571335732937,0.38098543882369995,-0.02193644270300865,0.0957532525062561,0.28098446130752563,-0.7641192674636841,-0.47621315717697144,0.17808207869529724,-0.05232725292444229,0.19210895895957947,-0.08850542455911636,0.33557701110839844,-0.17417484521865845,-0.7591446042060852,-0.5196970701217651,0.04265235364437103,0.1308039426803589,0.03348855301737785,0.09511428326368332,-0.03901899233460426,-0.1232311949133873,0.8759621381759644,-0.021397672593593597,0.009009354747831821,-0.014767825603485107,-0.5764350891113281,-0.11000563204288483,0.14880874752998352,-0.41165462136268616,0.060932230204343796,0.36029723286628723,-0.12105172872543335,0.12199139595031738,0.3341560959815979,-0.005474284291267395,-0.04646851867437363,-0.031870286911726,-0.28273099660873413,-0.07867241650819778,-0.15913990139961243,-0.5654885768890381,-0.2374468743801117,0.5257375836372375,0.19479839503765106,0.33991116285324097,0.1339643895626068,-0.24504287540912628,-0.21039700508117676,0.1261160671710968,-0.1779862493276596,-0.01725601963698864,0.07044172286987305,0.9833629727363586,-0.03585260733962059,-0.03187447041273117,0.17984677851200104,0.021174434572458267,-0.1794470250606537,0.15939195454120636,0.14537766575813293,-0.3759208023548126,-0.07660867273807526,0.14267051219940186,-0.3173324465751648,-0.011021045036613941,0.05235040932893753,-0.043537870049476624,-0.17216342687606812,0.2348293513059616,0.013743782415986061,-0.047776754945516586,0.06243034079670906,0.019422123208642006,0.06666333973407745,0.012508136220276356,-0.39722952246665955,1.0371840000152588,-0.05164716765284538,0.014445334672927856,0.4658638834953308,0.04962785169482231,0.2080061137676239,1.0506747961044312,0.5014010667800903,0.44809144735336304,-0.13889464735984802,-0.20382383465766907,0.12621454894542694,0.056293368339538574,-0.8674211502075195,0.030661145225167274,0.04137381538748741,-0.11229298263788223,0.1321086585521698,-0.5687400102615356,-0.2222350388765335,0.18224260210990906,-0.45724400877952576,-0.2324208915233612,0.169896200299263,-0.024892549961805344,-0.1758415400981903,0.14423701167106628,-0.4747808575630188,-0.2330048829317093,0.4554792046546936,-0.12546829879283905,0.08874176442623138,-0.10075388848781586,0.12142735719680786,1.0526232719421387,-0.573523998260498,0.03705836087465286,-0.09641654789447784,0.31154492497444153,-0.6707347631454468,-0.11750216782093048,0.2618905007839203,-0.7715670466423035,0.01428974885493517,0.14447756111621857,-0.13985209167003632,-0.5883260369300842,-0.09707559645175934,0.1368488222360611,0.3238733112812042,0.10444984585046768,-0.6412371397018433,0.09717033058404922,-0.2723737359046936
CID000003661,746,0.006768058054149151,0.03341389819979668,0.3047339916229248,0.2278062403202057,-0.15070274472236633,0.07180259376764297,0.11004436016082764,0.31108808517456055,-0.2001752406358719,0.22564668953418732,-0.20656804740428925,-0.1499689519405365,-0.20804870128631592,0.22036662697792053,0.018710872158408165,-0.2059689313173294,-0.046209823340177536,0.09547226130962372,-0.07806780189275742,-0.46390825510025024,-0.012236041016876698,-0.2676912546157837,-0.04491294547915459,-0.7654150724411011,-0.028486603870987892,0.30355948209762573,-0.038051705807447433,-0.3339652419090271,-0.0865791067481041,0.19874104857444763,-0.11800333112478256,0.3693455755710602,0.3478838801383972,0.33580195903778076,-0.11278152465820312,0.12690985202789307,0.11552619934082031,0.2158869504928589,0.06923162192106247,-0.158670112490654,-0.13283756375312805,-0.03446619585156441,0.30093199014663696,-0.373187780380249,-0.09634227305650711,0.31046661734580994,0.04819033667445183,-0.00514800101518631,-0.010168729349970818,-0.06094715744256973,0.42341476678848267,0.2685890793800354,-0.17535533010959625,-0.007029509637504816,0.4586140215396881,0.031214725226163864,0.10774175077676773,0.3389703333377838,0.15242503583431244,0.23406711220741272,-0.1674588918685913,-0.49267059564590454,0.05188501626253128,-0.1606200635433197,0.27464982867240906,0.4662562906742096,-0.13667842745780945,-0.12690792977809906,0.34134992957115173,-0.14845652878284454,0.2651974558830261,0.025024164468050003,-0.27921056747436523,-0.3554747700691223,-0.38697123527526855,0.08284555375576019,-0.10472580045461655,0.2432229071855545,0.008431035093963146,0.21377679705619812,0.205683633685112,-0.35843193531036377,-0.35101163387298584,-0.18050634860992432,0.002159708645194769,-0.2478337287902832,0.47096723318099976,0.12173469364643097,-0.07136368006467819,-0.9166263341903687,-0.13620731234550476,0.1614111363887787,0.04890252277255058,0.22940471768379211,0.2755776643753052,-0.3622916042804718,-0.18837980926036835,0.2099730521440506,0.12218060344457626,0.3623198866844177,0.2335367202758789,-0.2904737889766693,0.30821359157562256,0.42651596665382385,-0.07508877664804459,-0.08359561860561371,-0.27526646852493286,0.12019185721874237,0.36541375517845154,0.011536958627402782,-0.055136650800704956,0.041285861283540726,-0.037046167999506,0.09206993877887726,-0.14339756965637207,0.15433010458946228,0.14759431779384613,-0.27698802947998047,0.04127369448542595,0.23548856377601624,0.6183898448944092,0.02186788059771061,0.3048442006111145,0.30102887749671936,-0.1987471580505371,-0.09465688467025757,0.025603879243135452,-0.11150767654180527,0.5315818786621094,0.04934140294790268,0.2883848547935486,-0.4452664256095886,-0.3096048831939697,0.08185894787311554,0.465390682220459,0.2194751501083374,0.16246715188026428,0.13586163520812988,0.21270160377025604,-0.4625450670719147,-0.32015466690063477,0.14686469733715057,0.16379299759864807,-0.2733069062232971,0.14292359352111816,0.4875849187374115,-0.005540838930755854,0.43113264441490173,-0.0585620179772377,0.255140483379364,-0.0017682656180113554,-0.18794825673103333,0.045711129903793335,0.11330106109380722,-0.20535233616828918,-0.3309072256088257,-0.05512283369898796,-0.37858667969703674,0.09164927154779434,0.3812255263328552,-0.41301631927490234,-0.2405993640422821,0.10552120208740234,0.14171257615089417,-0.14425937831401825,0.05753200128674507,-0.006714317016303539,0.014306548051536083,-0.058752454817295074,0.057513296604156494,0.23266324400901794,-0.4502984881401062,-0.24703118205070496,-0.22927729785442352,0.1930222362279892,0.0341721773147583,-0.11132244765758514,-0.3397301137447357,0.511273980140686,-0.064177006483078,-0.10478200763463974,0.13118493556976318,-0.6546529531478882,0.06188131496310234,0.19228973984718323,0.234782412648201,-0.2802093029022217,-0.35714587569236755,0.212461918592453,-0.38035938143730164,-0.01189212966710329,0.10945793241262436,0.3120585083961487,-0.22178888320922852,0.3130818009376526,-0.08387048542499542,0.20603172481060028,0.11329664289951324,-0.09322924166917801,0.06848743557929993,0.0716928243637085,-0.3303731679916382,0.10589899122714996,-0.3673402667045593,-0.08246124535799026,-0.23644331097602844,0.07979618012905121,-0.29579800367355347,0.302264928817749,0.4588816165924072,0.24885836243629456,-0.17499186098575592,0.316078245639801,0.3014867901802063,0.027142012491822243,-0.5320544242858887,0.25812381505966187,0.006625586189329624,0.15283718705177307,0.06412995606660843,-0.1989135444164276,-0.1077827587723732,0.1933899223804474,-0.36444997787475586,-0.24827811121940613,0.0658521056175232,-0.15104854106903076,-0.6360169649124146,0.1616278886795044,-0.221347376704216,0.09778104722499847,0.08889985829591751,0.14023499190807343,0.015095815062522888,-0.22934623062610626,0.04406712204217911,0.34428441524505615,-0.4710002839565277,0.10773511976003647,-0.03576343134045601,0.12874050438404083,-0.7369365692138672,-0.056468211114406586,0.3983718454837799,-0.05665518715977669,0.3418101668357849,-0.1411047726869583,0.17748042941093445,-0.5613107681274414,-0.32168835401535034,0.1530480533838272,-0.15252859890460968,0.14090503752231598,0.30200567841529846,0.028908316045999527,0.14346376061439514
CID000005578,749,0.033804457634687424,0.07672777026891708,-0.07246167957782745,0.29723694920539856,-0.402214914560318,0.0728425681591034,0.28972965478897095,0.27638450264930725,0.2274303138256073,0.18199165165424347,0.020868977531790733,0.10109015554189682,0.022475456818938255,0.1696435809135437,-0.2724660634994507,-0.10892355442047119,-0.07443040609359741,-0.1275329291820526,0.11847996711730957,-0.38188233971595764,0.1431513875722885,-0.3085590600967407,-0.021579992026090622,-0.8200391530990601,-0.14353929460048676,-0.028410334140062332,-0.18426258862018585,0.020734811201691628,0.012354117818176746,0.17023393511772156,-0.33152323961257935,0.2678057849407196,0.2710725963115692,-0.07058386504650116,0.07339398562908173,-0.3055740296840668,0.10373364388942719,0.13110661506652832,0.10212258994579315,-0.05926313251256943,-0.10309819132089615,-0.1791406124830246,0.12396793067455292,-0.26084786653518677,-0.21544544398784637,0.42157039046287537,0.04593000188469887,0.10261183977127075,0.08064408600330353,0.001533383154310286,0.2521384060382843,0.09758009016513824,-0.3099542260169983,-0.1233539953827858,0.11538346111774445,-0.11686281859874725,-0.10452847182750702,-0.04969552904367447,-0.06588726490736008,-0.021051082760095596,-0.1438891589641571,-0.23900289833545685,-0.16405992209911346,-0.09572555869817734,0.19527025520801544,0.24225707352161407,-0.16399827599525452,-0.055570878088474274,0.25744691491127014,0.21433627605438232,-0.06118645519018173,-0.236463263630867,-0.3177502751350403,-0.2861819863319397,-0.11664263904094696,0.13234643638134003,0.09257911890745163,0.18517020344734192,0.0019196427892893553,0.1333170235157013,0.06766928732395172,-0.5397719740867615,-0.2712886333465576,-0.07144521921873093,0.07921946048736572,-0.08478610217571259,0.16932551562786102,0.003325818106532097,-0.2949891686439514,-0.6714354753494263,-0.0490872785449028,0.2480972707271576,0.061891235411167145,0.050992172211408615,0.14103645086288452,-0.23906350135803223,-0.2703129053115845,0.06040910631418228,-0.07291863858699799,0.05038472265005112,-0.14496275782585144,0.11865074932575226,0.035287387669086456,0.2428441345691681,0.278151273727417,-0.05872457101941109,-0.09362750500440598,0.03413670137524605,0.4707232117652893,-0.18522875010967255,-0.0634743794798851,0.213291198015213,-0.03124614991247654,-0.09228590130805969,0.16618694365024567,0.13892631232738495,0.06457772105932236,-0.01035373192280531,-0.1964230239391327,0.1487172394990921,0.5871479511260986,-0.08942430466413498,0.30268675088882446,0.08427288383245468,0.06099876016378403,0.1030104011297226,-0.10466961562633514,0.10487599670886993,0.1556653082370758,-0.08018482476472855,0.1651971936225891,-0.5919157266616821,-0.41508617997169495,0.10992016643285751,0.2923226058483124,-0.11716846376657486,0.14896909892559052,0.32694658637046814,0.12222645431756973,-0.14621667563915253,-0.16317428648471832,0.10247242450714111,0.05179036781191826,-0.11025922000408173,0.045989446341991425,0.07367309182882309,0.02326849102973938,0.2884162962436676,-0.17719656229019165,0.19280210137367249,0.0691879391670227,-0.3076174855232239,0.19242945313453674,0.1905878633260727,-0.3282422721385956,-0.1076592206954956,-0.04656318575143814,-0.1521403044462204,0.2682111859321594,0.21348147094249725,-0.08834783732891083,0.12025719881057739,-0.04075280949473381,-0.2309262454509735,-0.13346236944198608,0.009282913990318775,-0.31999310851097107,0.10974067449569702,-0.055529702454805374,0.09744091331958771,0.023794203996658325,-0.19082526862621307,-0.28420916199684143,-0.3634098172187805,0.13326653838157654,-0.12809079885482788,0.14922359585762024,-0.17062339186668396,0.4369117319583893,-0.04868512600660324,0.06156786158680916,0.08672253787517548,-0.1958097517490387,-0.21561434864997864,0.13622131943702698,0.12346319854259491,-0.18484969437122345,0.006605637259781361,-0.11378985643386841,-0.2829670310020447,0.14398173987865448,0.017730368301272392,0.11589626222848892,0.048092614859342575,0.07148609310388565,-0.1670762598514557,0.059920329600572586,-0.23751184344291687,0.09255347400903702,0.20193307101726532,0.1625746786594391,-0.22328810393810272,0.11995349824428558,-0.23114459216594696,-0.11297981441020966,-0.15988779067993164,-0.11890683323144913,-0.05683625489473343,-0.17312273383140564,0.34653279185295105,0.2880142033100128,0.01660497486591339,0.21921081840991974,0.12489490211009979,0.0008277163142338395,-0.09478460252285004,-0.2670808434486389,0.080904021859169,0.11410944163799286,-0.1092166155576706,-0.034151144325733185,-0.17578107118606567,0.049613259732723236,-0.18748466670513153,-0.15701130032539368,0.09329593181610107,0.14420218765735626,0.015258555300533772,0.01810329593718052,0.11905471980571747,0.004128111992031336,-0.15295708179473877,0.22429490089416504,0.04151032492518425,-0.20328953862190247,0.12455783039331436,0.30238449573516846,-0.36312228441238403,0.025867855176329613,-0.15542364120483398,0.17965415120124817,-0.38926154375076294,0.4016532301902771,0.30090487003326416,-0.05921926349401474,0.07212135940790176,0.035985492169857025,-0.0033581703901290894,-0.6614587903022766,-0.09774576127529144,0.21765032410621643,-0.42626768350601196,0.022379660978913307,-0.24009355902671814,0.04450793191790581,-0.06574265658855438
CID000508230,752,0.15125258266925812,0.09449520707130432,-0.11363378912210464,0.21956057846546173,-0.3909526765346527,0.11479832977056503,0.17267628014087677,0.11871539056301117,0.23592934012413025,0.1587294042110443,0.14801514148712158,0.0832073837518692,0.10006298869848251,0.16330036520957947,-0.3070186674594879,-0.09372694790363312,-0.057186029851436615,-0.23921577632427216,0.2510657012462616,-0.4368177354335785,0.0049021681770682335,-0.3181997835636139,-0.0362236462533474,-0.9480374455451965,-0.027122551575303078,-0.023089366033673286,-0.1820429265499115,0.09788863360881805,0.06639780849218369,0.19217036664485931,-0.23811812698841095,0.2594873309135437,0.21496400237083435,-0.13808748126029968,-0.027859102934598923,0.038754504173994064,0.2284579575061798,-0.03175795078277588,0.08820971101522446,-0.1306314766407013,0.009358289651572704,-0.32641711831092834,0.15295550227165222,-0.23115357756614685,-0.22984962165355682,0.460744708776474,-0.0072141676209867,0.03692110627889633,0.05972994491457939,0.12748883664608002,0.22228214144706726,0.11307160556316376,-0.2485562264919281,-0.19191701710224152,0.03236756473779678,-0.17570142447948456,-0.17045387625694275,0.04477982968091965,0.015753576532006264,-0.007538034114986658,-0.057299546897411346,-0.23835904896259308,-0.14995357394218445,-0.10135694593191147,0.17873325943946838,0.4250735640525818,-0.10558061301708221,-0.04303084686398506,0.20157727599143982,0.1451912373304367,0.11285944283008575,0.05252267047762871,-0.3384985029697418,-0.35044044256210327,-0.1693868339061737,0.2796805500984192,-0.2094847857952118,0.17433182895183563,-0.08787324279546738,0.07258769869804382,-0.03561665490269661,-0.5239173173904419,-0.24784263968467712,-0.1867975890636444,0.04520142078399658,-0.2651265263557434,0.16513638198375702,-0.061158277094364166,0.04169725254178047,-0.7098414301872253,0.024984264746308327,0.40398770570755005,0.11251362413167953,0.01868940331041813,0.11367417871952057,-0.1911296397447586,-0.17756688594818115,0.24343550205230713,-0.26603004336357117,0.09064183384180069,-0.35656458139419556,0.037730224430561066,-0.11676295101642609,0.244205042719841,0.34382879734039307,0.0336826890707016,0.2765481770038605,0.2382422387599945,0.4750557541847229,-0.1234821304678917,-0.02646028622984886,0.13334684073925018,-0.18135479092597961,-0.05651288107037544,-0.0774688869714737,0.2303207665681839,-0.0035249621141701937,0.038973819464445114,-0.17741402983665466,0.18066732585430145,0.5939208269119263,-0.14440667629241943,0.2740367650985718,0.13617843389511108,0.12879738211631775,0.11056388914585114,-0.019036587327718735,0.1707538664340973,0.13830448687076569,-0.08695688098669052,-0.046336814761161804,-0.4128415584564209,-0.3024339973926544,0.11498452723026276,0.1906522959470749,-0.07052015513181686,0.09213621914386749,0.23698291182518005,-0.15873068571090698,-0.1102990061044693,-0.11943347752094269,0.015340101905167103,0.06882365047931671,-0.16953863203525543,0.10216113179922104,0.08126385509967804,-0.18264050781726837,0.2673400044441223,0.05571864917874336,0.18589173257350922,0.20676973462104797,-0.1857941597700119,0.047688521444797516,0.21292313933372498,-0.3965896964073181,-0.04646465927362442,-0.09499897062778473,-0.14073613286018372,0.2099548578262329,0.38313964009284973,-0.2160661220550537,0.14426331222057343,-0.08160768449306488,0.1660400927066803,-0.1490340381860733,-0.06861945986747742,-0.2488391101360321,-0.005142089910805225,-0.14995145797729492,0.18777643144130707,0.07369186729192734,-0.263423889875412,-0.2553929090499878,-0.47091659903526306,0.04627058655023575,-0.040986813604831696,0.10170076787471771,-0.08744585514068604,0.38922199606895447,-0.21334803104400635,0.14878129959106445,-0.09131847321987152,-0.1374857872724533,-0.19033902883529663,0.23331566154956818,0.2506025433540344,-0.1587475687265396,0.042071111500263214,-0.11337169259786606,-0.3157494366168976,0.06612922996282578,0.07213770598173141,0.07884605973958969,0.1673460453748703,0.074613556265831,-0.13714933395385742,0.11874649673700333,-0.24260616302490234,-0.029308920726180077,0.0295436792075634,0.2069396674633026,-0.26018261909484863,0.22624504566192627,-0.3139475882053375,0.2567938268184662,-0.20172086358070374,-0.046426400542259216,-0.014046451076865196,-0.009679066948592663,0.34710693359375,0.29458874464035034,-0.15589183568954468,0.3027437627315521,0.20429091155529022,-0.02823675610125065,-0.1045767068862915,0.06157384067773819,0.07159247249364853,0.1560813933610916,0.03641488403081894,-0.010728826746344566,-0.15281043946743011,0.08286913484334946,-0.2142520248889923,-0.07656227052211761,0.15718138217926025,0.2831571698188782,0.06228307634592056,-0.2520408034324646,-0.0813286080956459,-0.04790746420621872,-0.19910964369773865,0.33945104479789734,0.07030589878559113,0.10426060855388641,-0.20750567317008972,0.2571333944797516,-0.3082441985607147,0.13938216865062714,-0.11621018499135971,0.2108169049024582,-0.3611050546169281,0.020529698580503464,0.25991499423980713,-0.2184721678495407,-0.00766069907695055,0.05526905134320259,0.050678350031375885,-0.455900102853775,-0.09313875436782837,0.23886850476264954,-0.3054838478565216,-0.0708426982164383,-0.19403937458992004,0.17165431380271912,0.03138656169176102
CID000005454,765,0.08381424844264984,-0.008414843119680882,-0.05491812899708748,0.2934744954109192,-0.35045382380485535,0.04803963750600815,0.20803353190422058,0.2899377942085266,-0.08065073192119598,0.23785319924354553,0.22187337279319763,0.17361994087696075,0.05830467864871025,0.08636896312236786,-0.21508066356182098,-0.07818998396396637,-0.17532631754875183,-0.11920185387134552,0.08088989555835724,-0.3910096287727356,0.13493525981903076,-0.24353447556495667,-0.08400262147188187,-0.7549222111701965,0.09301305562257767,0.13493388891220093,-0.16619493067264557,0.022851133719086647,-0.053326524794101715,0.0884857252240181,0.06560037285089493,0.20708613097667694,-0.12588337063789368,-0.025669146329164505,-0.008028249256312847,-0.05701786279678345,0.14504091441631317,0.0055169882252812386,0.20564241707324982,-0.08736575394868851,-0.01975356414914131,-0.3929045796394348,0.2001863420009613,-0.2231624573469162,-0.19108417630195618,0.4183105528354645,0.033515967428684235,0.04082312434911728,0.1172090396285057,-0.05535654351115227,0.2024002969264984,0.12574945390224457,-0.21591763198375702,0.00374525785446167,0.1297421008348465,-0.07380139082670212,-0.004003745038062334,0.15563127398490906,-0.037320856004953384,0.07067413628101349,-0.28119033575057983,-0.29732125997543335,0.0589870810508728,-0.042997099459171295,0.33248040080070496,0.36092060804367065,-0.1947726458311081,-0.11449988186359406,0.2529361844062805,0.10405780375003815,0.08599346876144409,-0.06995900720357895,-0.3260548412799835,-0.3927251994609833,-0.23718516528606415,0.027495509013533592,0.023075759410858154,0.2304472029209137,-0.08819466829299927,-0.1209593191742897,-0.08470719307661057,-0.5730289220809937,-0.26986902952194214,0.11980171501636505,0.013977441005408764,-0.07039560377597809,0.27309685945510864,0.013203541748225689,-0.043293870985507965,-0.6070424318313599,-0.09537239372730255,0.24796926975250244,0.021816128864884377,0.0009051568922586739,-0.14082856476306915,-0.2968687415122986,-0.21107134222984314,0.06831419467926025,-0.2714625895023346,0.1353776752948761,-0.22545194625854492,0.0744851678609848,-0.04808949679136276,0.28920263051986694,0.24881628155708313,0.046779386699199677,-0.20131997764110565,0.23438218235969543,0.42333823442459106,-0.24959535896778107,-0.07752902805805206,0.20224130153656006,-0.08169317245483398,-0.01145277637988329,0.1571798026561737,0.20239225029945374,-0.0932711511850357,0.03344501554965973,-0.18919101357460022,0.2837417423725128,0.5127490758895874,-0.13505315780639648,0.27764707803726196,0.26633843779563904,-0.08105083554983139,0.22079801559448242,0.009388488717377186,0.1505831927061081,0.290056973695755,-0.04334951564669609,0.07823515683412552,-0.45968514680862427,-0.4001055657863617,0.061456870287656784,0.2668042778968811,-0.16227184236049652,-0.2311495840549469,0.26684850454330444,-0.23389217257499695,-0.257291316986084,-0.22186169028282166,0.14298412203788757,0.037249866873025894,-0.14198003709316254,-0.0006880402797833085,0.30901074409484863,-0.10612306743860245,0.26412510871887207,-0.05934642627835274,0.1670425832271576,-0.06629015505313873,-0.1525147706270218,-0.1493491679430008,0.35533595085144043,-0.34057649970054626,-0.15566523373126984,-0.0469869039952755,-0.05308210104703903,-0.16392572224140167,0.26258447766304016,0.15958786010742188,0.07096721976995468,-0.051511216908693314,0.10931897163391113,-0.1401972472667694,-0.15471875667572021,-0.2109292447566986,0.19031381607055664,-0.08481527864933014,0.21936079859733582,0.0014041006797924638,-0.2283145934343338,-0.23628973960876465,-0.3105827867984772,0.016077883541584015,-0.131143718957901,0.17793236672878265,-0.2773914337158203,0.3141632080078125,-0.05983494594693184,0.21705523133277893,0.019075851887464523,-0.1562986820936203,-0.18563790619373322,0.08863450586795807,0.27368611097335815,-0.1361103504896164,-0.11501993983983994,-0.17366567254066467,-0.2835417091846466,-0.05804148316383362,0.057227037847042084,0.2580326497554779,0.17452287673950195,0.13065621256828308,-0.16439539194107056,0.10972647368907928,-0.015211274847388268,0.12642709910869598,0.11589248478412628,0.16853907704353333,-0.31560826301574707,-0.05505433678627014,-0.2579670250415802,-0.12346351146697998,-0.19293469190597534,-0.13621798157691956,0.05341647192835808,-0.042617540806531906,0.3518880605697632,0.3201083540916443,0.1852429211139679,0.3385039269924164,0.12242104858160019,-0.034094177186489105,-0.05395917221903801,-0.16277018189430237,0.07422216981649399,0.09112618118524551,-0.11654426902532578,-0.05939159542322159,-0.1079867035150528,-0.16527195274829865,-0.19163937866687775,-0.08070030063390732,-0.001143267727456987,0.19197389483451843,0.0018909722566604614,0.0038872300647199154,0.0006559610483236611,-0.07863445580005646,-0.15014530718326569,0.21832260489463806,-0.004193945322185755,-0.3056526184082031,-0.21823599934577942,0.2732853293418884,-0.3934040665626526,0.14394812285900116,-0.16550320386886597,0.1553088277578354,-0.298256516456604,0.22282171249389648,0.3114050030708313,-0.08284768462181091,-0.0799999088048935,0.10405067354440689,0.09093394130468369,-0.5676897168159485,-0.1658727079629898,0.3459412455558777,-0.32300421595573425,0.16807660460472107,-0.33677947521209717,0.13358142971992493,-0.06908569484949112
CID000005717,766,0.24454912543296814,0.22659775614738464,0.23736222088336945,0.7137536406517029,-0.5055718421936035,-0.01839878223836422,0.11101670563220978,0.2574980854988098,0.1902194768190384,0.253958523273468,0.01712052896618843,-0.24337391555309296,0.016229141503572464,0.11684928089380264,-0.26223504543304443,0.25335925817489624,0.03145531564950943,-0.12501245737075806,0.11466159671545029,-0.5860201120376587,0.06621374189853668,-0.34417420625686646,-0.11310267448425293,-0.9329084157943726,0.1662726104259491,0.19576656818389893,-0.12355346977710724,-0.04552849009633064,0.09051023423671722,0.056468378752470016,-0.01992390677332878,0.11303989589214325,-0.15076956152915955,0.15105441212654114,0.10052092373371124,0.10096313059329987,0.19348479807376862,0.12044963985681534,-0.0029216825496405363,-0.2369726598262787,-0.01231599785387516,0.015396475791931152,0.0388377383351326,-0.005482784006744623,-0.28035515546798706,0.35486772656440735,0.060550689697265625,-0.006205123849213123,-0.006848418619483709,0.14405551552772522,0.6746536493301392,0.15269604325294495,-0.17216432094573975,-0.14442820847034454,-0.15833668410778046,-0.1171058788895607,0.11760406196117401,-0.1140495091676712,0.23423998057842255,-0.10402482748031616,-0.0978589802980423,-0.3273417055606842,0.1452210396528244,-0.27501410245895386,0.2593151032924652,0.5173265337944031,-0.4985581338405609,-0.002836051629856229,0.03384041041135788,-0.0011508263414725661,0.1519661247730255,-0.1435072124004364,-0.032050084322690964,-0.38062113523483276,-0.19515256583690643,0.19411349296569824,0.3086288273334503,-0.04775424674153328,-0.0674009770154953,0.008643636479973793,0.13196876645088196,-0.4368707537651062,-0.3156328797340393,0.1355968564748764,0.005333081353455782,0.1866360604763031,0.10780240595340729,0.3187376856803894,-0.07830008864402771,-0.4328571856021881,-0.05091018229722977,0.057022105902433395,-0.022525284439325333,-0.0280796829611063,-0.06407762318849564,-0.15814267098903656,0.292479932308197,-0.22324013710021973,-0.23061306774616241,0.06242300942540169,-0.08239523321390152,-0.22792896628379822,-0.021468646824359894,0.1593913733959198,-0.059610508382320404,-0.0005538031691685319,0.16812118887901306,-0.1604333519935608,0.4102863371372223,-0.022649263963103294,0.1735675036907196,0.09557793289422989,-0.2988947033882141,-0.5430997610092163,0.22417375445365906,0.27512457966804504,-0.19119587540626526,-0.26327165961265564,-0.023272598162293434,0.20682868361473083,0.8791869878768921,-0.3762159049510956,0.34625911712646484,0.22516286373138428,-0.20338690280914307,0.1846999228000641,0.1181802973151207,-0.1133086234331131,0.20167994499206543,-0.009106362238526344,0.32113003730773926,-0.6703768968582153,-0.48704272508621216,0.10190747678279877,0.17337223887443542,0.2709057927131653,0.17539271712303162,0.1591697633266449,-0.02990114688873291,-0.16836918890476227,-0.01652083918452263,0.002883609849959612,0.2234506905078888,0.2619280219078064,-0.024895749986171722,0.20081846415996552,0.030821627005934715,0.5411937832832336,0.16324642300605774,0.334433376789093,-0.16602058708667755,-0.5307957530021667,-0.2999257445335388,0.24436864256858826,-0.0917905792593956,0.040406979620456696,0.07252331078052521,-0.027317872270941734,-0.007437464781105518,0.0664195567369461,0.32444319128990173,-0.11988774687051773,0.009426015429198742,0.01567300222814083,-0.23980717360973358,-0.09865859150886536,-0.0968693196773529,0.15920542180538177,0.20076556503772736,0.04088478535413742,-0.09016555547714233,0.06824133545160294,-0.2882322371006012,-0.18112587928771973,0.06611592322587967,-0.13062410056591034,0.19900637865066528,-0.12676496803760529,0.663002073764801,-0.15444344282150269,-0.3063685894012451,0.08844035863876343,0.016052067279815674,-0.13749778270721436,0.06356163322925568,-0.18490447103977203,0.00780633557587862,0.07297754287719727,0.08646991103887558,-0.27535194158554077,-0.27526623010635376,0.08844607323408127,-0.018823249265551567,-0.17114217579364777,0.5327697992324829,0.13069650530815125,-0.018703967332839966,0.1340283453464508,-0.09043513238430023,0.08966203033924103,-0.2477041780948639,-0.5518954992294312,0.013406038284301758,-0.1627802550792694,-0.3301202356815338,-0.042651958763599396,0.07119816541671753,-0.11667495965957642,0.23486563563346863,0.612951934337616,0.3723357319831848,0.351803719997406,0.19501321017742157,-0.03597298264503479,0.0031878321897238493,-0.058555394411087036,0.02415243163704872,0.5465742945671082,0.09357418864965439,0.19323593378067017,-0.1359516978263855,0.003212979529052973,0.04703080654144287,-0.11397087574005127,0.2549436688423157,-0.24675337970256805,0.40117111802101135,-0.28358086943626404,-0.24076208472251892,-0.07389038801193237,-0.13947375118732452,0.41133490204811096,0.2209928333759308,-0.11205504089593887,0.1879519820213318,0.24987611174583435,0.5882247686386108,-0.4312288165092468,-0.12401092052459717,-0.16276678442955017,0.017942171543836594,-0.12100503593683243,0.20579299330711365,0.11699869483709335,-0.1471804529428482,0.24776601791381836,0.02761697769165039,0.018904155120253563,-0.7609919309616089,-0.05729125812649727,0.38664987683296204,0.012196391820907593,0.2718828320503235,-0.15515799820423126,-0.005976480431854725,0.15592893958091736
CID000000085,769,0.14939621090888977,-0.031597428023815155,0.14706559479236603,0.7322841882705688,-0.45548906922340393,0.07532745599746704,0.26367703080177307,-0.03384319692850113,-0.2466750591993332,0.20263603329658508,0.032134413719177246,-0.2335292398929596,-0.3839189112186432,0.007711808197200298,0.24347761273384094,-0.13037212193012238,0.07810275256633759,-0.08953004330396652,-0.060960330069065094,-0.7022011280059814,0.05602608993649483,-0.07077629119157791,0.03237692266702652,-0.6332082152366638,-0.1960940957069397,-0.11996228992938995,-0.0839468389749527,-0.15016375482082367,0.05135519430041313,-0.03447144851088524,-0.06513045728206635,0.22492270171642303,0.431945264339447,-0.05970435217022896,0.23544132709503174,-0.17439578473567963,-0.24223899841308594,0.08572012186050415,0.2906457781791687,0.1568394899368286,-0.031520403921604156,0.13815832138061523,0.11291448026895523,-0.3775410056114197,0.04337308555841446,0.4553627371788025,-0.09178920835256577,-0.014043611474335194,0.010752657428383827,0.04131784290075302,0.6546466946601868,-0.09786932170391083,-0.3041224777698517,-0.1216636449098587,-0.032948922365903854,-0.011644100770354271,0.27546414732933044,0.0819949135184288,0.21143555641174316,0.18035300076007843,0.04698336124420166,-0.199555903673172,-0.18506796658039093,-0.06391949951648712,-0.06228327006101608,0.42553281784057617,-0.21982960402965546,-0.3448346257209778,0.01932808756828308,0.293121874332428,-0.09151347726583481,0.17340897023677826,-0.21235528588294983,-0.15650734305381775,-0.2780730128288269,0.22844484448432922,0.2743375897407532,-0.39767739176750183,0.18241620063781738,-0.26431551575660706,0.2524566054344177,-0.6212469339370728,-0.38795706629753113,-0.03294305130839348,0.09209765493869781,0.1198621541261673,0.08788715302944183,0.2289414405822754,0.006430542562156916,-0.5743451118469238,-0.30417948961257935,0.019336562603712082,-0.054189808666706085,-0.17103669047355652,0.1136968731880188,-0.19557809829711914,-0.01791989803314209,-0.1613144427537918,0.3502233326435089,0.1662735790014267,-0.14391525089740753,0.11097753047943115,-0.03761615231633186,-0.09372399747371674,-0.10513822734355927,0.09460492432117462,-0.12014080584049225,-0.12837263941764832,0.6038491129875183,0.3140452802181244,0.02469058707356453,0.25622978806495667,0.17357270419597626,-0.42542165517807007,0.1913074553012848,0.19294840097427368,-0.13800179958343506,-0.27473771572113037,0.007301115896552801,-0.13883493840694427,0.9135504961013794,-0.12401368468999863,0.17009994387626648,0.1835860162973404,0.2771463990211487,-0.08603024482727051,-0.15212000906467438,0.1997046023607254,-0.11033592373132706,-0.15832558274269104,0.1872003823518753,-0.788676917552948,-0.4135292172431946,0.2174714356660843,0.03311345726251602,0.5085272789001465,-0.112993523478508,0.013456654734909534,0.06035773083567619,-0.1324310451745987,-0.07810486853122711,0.03263557702302933,0.014980172738432884,-0.08806240558624268,-0.05167357996106148,-0.02478945627808571,0.22892680764198303,0.7230557203292847,-0.07974737882614136,-0.12531417608261108,-0.07605113834142685,-1.0418386459350586,-0.004861736204475164,0.06227822229266167,-0.22764699161052704,0.1655234396457672,-0.11838696897029877,-0.05201258137822151,-0.003021025564521551,-0.005770346615463495,-0.22386443614959717,0.07547327131032944,-0.3708658814430237,0.24957194924354553,0.09948465973138809,-0.09852926433086395,0.3623754382133484,0.40053385496139526,0.20046362280845642,0.2604754865169525,-0.06036945432424545,-0.31607335805892944,-0.12347273528575897,-0.5267376899719238,0.0780409500002861,-0.20404767990112305,0.14544595777988434,-0.17280004918575287,0.36074814200401306,-0.03228743001818657,-0.2931893765926361,0.1662442684173584,-0.12349239736795425,-0.1199805736541748,0.21370911598205566,-0.020815283060073853,0.0015108406078070402,-0.2961476445198059,0.0629010871052742,-0.16949422657489777,0.01445536594837904,0.07337897270917892,0.13498811423778534,-0.5258708000183105,0.1725306361913681,-0.39315280318260193,-0.012302915565669537,-0.17402471601963043,0.2414860725402832,-0.03369182348251343,-0.752463698387146,-0.2984347939491272,-0.040941137820482254,-0.11427144706249237,-0.060369789600372314,-0.05525872856378555,-0.3741610646247864,0.2617281377315521,0.2563827335834503,0.5093332529067993,0.25696462392807007,-0.08414970338344574,0.08615100383758545,-0.024292122572660446,-0.11179127544164658,-0.08851634711027145,0.04278452321887016,0.6839245557785034,0.04034656286239624,0.17530818283557892,-0.036713987588882446,0.33272507786750793,0.07373332232236862,-0.295621395111084,-0.00943069439381361,-0.1043880358338356,-0.44656285643577576,-0.004771026782691479,-0.22959169745445251,0.16351225972175598,0.2602172791957855,0.9053786396980286,0.3451365828514099,0.004287013318389654,-0.1602388620376587,0.2568123936653137,0.6075298190116882,-0.14788870513439178,-0.21763043105602264,-0.25406455993652344,-0.061654604971408844,-0.31093963980674744,0.1908472776412964,0.056367743760347366,-0.19820958375930786,0.14342783391475677,-0.064568892121315,0.34162670373916626,-1.2299938201904297,-0.22600090503692627,0.11750735342502594,-0.26223689317703247,-0.22030167281627655,-0.09452465921640396,-0.04258402809500694,-0.13391590118408203
CID000000206,774,0.08596469461917877,0.04801591858267784,0.021713262423872948,0.4260619580745697,-0.48336443305015564,0.058516938239336014,0.1002369076013565,0.2283494770526886,0.124944768846035,0.44128885865211487,-0.05024217441678047,-0.21452371776103973,-0.5728701949119568,0.42393964529037476,-0.07297445833683014,-0.2918441593647003,-0.26826539635658264,-0.13691091537475586,0.3599849343299866,-0.45761972665786743,0.23451432585716248,0.07384742051362991,-0.05437767505645752,-0.6573618650436401,-0.11357418447732925,-0.07630838453769684,-0.2625719904899597,-0.3368511199951172,0.09031442552804947,0.28002113103866577,-0.1665153205394745,0.09818388521671295,0.09279968589544296,0.03565454110503197,-0.0980973094701767,0.0022226690780371428,-0.20117636024951935,0.5044651031494141,0.35603755712509155,-0.10678014904260635,-0.1622559279203415,-0.01443532109260559,-0.004976456053555012,-0.026275277137756348,-0.1169818863272667,0.17085713148117065,-0.053239334374666214,-0.12208674103021622,0.0017003566026687622,0.17247073352336884,0.47170504927635193,0.009304690174758434,-0.2015075385570526,0.18141989409923553,0.35965847969055176,-0.21436217427253723,0.39161166548728943,0.17513127624988556,0.5093262195587158,-0.17401234805583954,-0.1416972428560257,-0.36383846402168274,-0.046824146062135696,-0.1830960214138031,0.2297697514295578,0.6352130174636841,-0.3849119544029236,0.13850292563438416,0.09052123874425888,0.16202929615974426,0.3125842809677124,-0.3942393958568573,-0.3894706070423126,-0.6113672852516174,-0.2247050553560257,0.17031684517860413,0.017208095639944077,-0.2148524969816208,-0.2377154380083084,-0.13686101138591766,-0.054975271224975586,-0.301901251077652,-0.3462832570075989,0.19666680693626404,0.05367321893572807,-0.5595818758010864,-0.0003365621087141335,0.281849205493927,-0.03054572269320488,-0.860373854637146,-0.01661483384668827,0.21447229385375977,-0.03481268137693405,0.24132537841796875,-0.08974088728427887,-0.5175623297691345,-0.19412203133106232,0.265735924243927,0.18913719058036804,0.19743700325489044,-0.10596032440662384,0.06850920617580414,0.10344715416431427,0.3688061237335205,-0.19699956476688385,-0.12901785969734192,-0.10454463958740234,0.3008485734462738,0.021914364770054817,0.0155876399949193,-0.12961462140083313,0.2957189381122589,0.008834254927933216,-0.3191308081150055,0.01562124490737915,0.27805203199386597,-0.09913287311792374,-0.4375068247318268,-0.09593566507101059,0.13686713576316833,0.6344472765922546,-0.1582445353269577,0.1461036503314972,0.19908930361270905,-0.12978911399841309,0.30351418256759644,-0.1416485756635666,-0.4925384521484375,0.21971586346626282,-0.04196426272392273,0.10420854389667511,-0.4528791010379791,-0.5011393427848816,0.05238647386431694,0.33082327246665955,0.43165770173072815,0.13181598484516144,0.5834039449691772,0.09665948152542114,-0.18392972648143768,0.05775434896349907,0.4032382071018219,-0.012562582269310951,-0.37707018852233887,0.1731918752193451,0.2175302803516388,-0.3581851124763489,0.5402838587760925,-0.1605525016784668,0.0483909547328949,-0.15627910196781158,-0.4224916100502014,0.12900979816913605,0.1395655870437622,-0.1871681660413742,-0.09179925918579102,-0.01140716951340437,-0.4161166250705719,0.06696365028619766,0.27347782254219055,0.03524024412035942,-0.010038594715297222,0.0688793957233429,-0.06233400106430054,-0.013667109422385693,0.2817932367324829,0.39941713213920593,-0.1561187356710434,-0.1692231446504593,0.009479204192757607,-0.12067203223705292,-0.010743017308413982,-0.25053784251213074,-0.10965971648693085,-0.21236369013786316,-0.07747207581996918,-0.1364828646183014,-0.08203078806400299,0.4781464636325836,-0.06253751367330551,-0.09301617741584778,0.15865564346313477,-0.30789151787757874,-0.15567801892757416,0.04392705485224724,0.1403297483921051,-0.10090520232915878,0.09737290441989899,0.5208990573883057,-0.35526934266090393,0.1621781289577484,0.0315842442214489,0.09880803525447845,-0.09366945177316666,0.2739613652229309,0.19770164787769318,0.08007408678531647,-0.17631593346595764,-0.19919565320014954,0.31905990839004517,0.11073596775531769,-0.49562177062034607,0.05595175176858902,-0.12487711757421494,0.10348083823919296,0.16032949090003967,-0.20396006107330322,0.10050401836633682,0.6716852784156799,0.5552728176116943,0.35521605610847473,0.23047630488872528,-0.1661330610513687,0.4202353358268738,0.3244212865829468,-0.19059248268604279,0.03514644131064415,0.03947814553976059,0.08664821088314056,0.00924843829125166,-0.06533081829547882,-0.2830311059951782,0.012552949599921703,-0.3060188889503479,-0.2671785354614258,-0.007411974482238293,-0.12839646637439728,-0.5307261943817139,-0.023193931207060814,0.061749864369630814,-0.00330048194155097,0.39024677872657776,-0.06274004280567169,-0.13877683877944946,-0.21188311278820038,-0.1843237727880478,0.7653380632400513,-0.6194716691970825,0.04985913634300232,-0.17354516685009003,0.058130376040935516,-0.3278340995311737,-0.2259531319141388,0.46144571900367737,-0.126968652009964,0.1602591723203659,0.11043371260166168,-0.21618981659412384,-0.7275184392929077,-0.3483978807926178,0.3284488320350647,-0.16998633742332458,0.02977440319955349,-0.31127163767814636,0.0652908906340599,0.3572317361831665
CID000000119,780,0.37053078413009644,0.009827643632888794,0.16244517266750336,0.4769226908683777,-0.34841468930244446,0.0761079415678978,0.23610854148864746,0.23069167137145996,-0.11672808974981308,0.1315680593252182,-0.3159002661705017,-0.2494010031223297,-0.10226263850927353,0.22471460700035095,-0.12782177329063416,-0.10399778187274933,0.296776682138443,-0.06599815934896469,0.006542372517287731,-0.6033786535263062,0.21732184290885925,0.07953299582004547,-0.22646622359752655,-0.7729261517524719,-0.12974047660827637,-0.03572433441877365,0.025183087214827538,-0.21478578448295593,0.0693812146782875,0.11632812023162842,0.13901165127754211,0.31931304931640625,-0.1128280907869339,0.029582928866147995,-0.009550186805427074,0.23682913184165955,-0.024505719542503357,0.06783746182918549,-0.23707270622253418,0.26993829011917114,-0.2367812842130661,0.2267763316631317,-0.2022542953491211,-0.32807666063308716,0.06642170250415802,0.49030137062072754,0.036207061260938644,0.06337630748748779,-0.2559249997138977,0.365957647562027,0.5862561464309692,0.03340427204966545,-0.20697245001792908,0.2254764288663864,0.23356406390666962,0.08769997209310532,0.5342047214508057,0.020330483093857765,0.24570730328559875,-0.08176036179065704,0.006366115994751453,-0.3206341564655304,-0.3867756724357605,0.15975452959537506,-0.08003579825162888,0.6840040683746338,-0.5162193179130554,-0.24449093639850616,0.03392494469881058,0.056201715022325516,-0.23319470882415771,-0.22662071883678436,-0.30066078901290894,-0.24523356556892395,-0.40458768606185913,0.6279078125953674,0.5817428827285767,0.12945270538330078,0.04876695200800896,0.15985670685768127,0.6348620653152466,-0.7949472665786743,-0.44883227348327637,0.14929082989692688,-0.24133756756782532,-0.3387168049812317,0.16506661474704742,-0.0037566660903394222,-0.4381054937839508,-0.716934084892273,0.03595350682735443,0.09065880626440048,0.009395855478942394,-0.006262076087296009,0.10601784288883209,-0.29874661564826965,-0.10190264135599136,0.08842016756534576,-0.24817748367786407,0.36889585852622986,-0.21676822006702423,0.15940919518470764,-0.12667155265808105,0.09637554734945297,-0.36451736092567444,0.10192263126373291,-0.4123741090297699,-0.23690751194953918,0.6489015221595764,0.3371960520744324,-0.0176636204123497,0.2895601987838745,0.37826117873191833,-0.18823760747909546,0.34515300393104553,-0.06598759442567825,-0.03868677094578743,-0.3511103689670563,0.043026454746723175,0.03262045234441757,0.8126903772354126,-0.054981984198093414,0.34564587473869324,0.14647997915744781,-0.12537497282028198,-0.10143977403640747,0.1392022669315338,0.16341081261634827,0.15008288621902466,-0.13310961425304413,0.11440303176641464,-0.8952266573905945,-0.23337268829345703,0.24050331115722656,0.27018940448760986,0.1663358062505722,0.220462366938591,0.10349726676940918,0.13912895321846008,-0.4539916515350342,-0.3842221796512604,0.04898720234632492,0.14526042342185974,-0.22913043200969696,0.06015370413661003,0.04595757648348808,0.09197644144296646,0.7580491900444031,0.03085227683186531,0.014237022027373314,-0.10257722437381744,-0.45163434743881226,-0.04068378359079361,0.0596875436604023,-0.0742633119225502,0.03595099598169327,-0.13712958991527557,-0.3042074143886566,-0.05705821514129639,0.1441822201013565,0.07557952404022217,-0.10345926135778427,-0.10175830125808716,0.25683075189590454,0.1704261749982834,-0.513939380645752,-0.08535467833280563,0.4917846620082855,-0.10724663734436035,0.10768783092498779,0.08061939477920532,-0.24170227348804474,0.24902553856372833,-0.4455607831478119,0.16456928849220276,-0.39986324310302734,0.03767060860991478,-0.22647202014923096,0.6885427832603455,-0.045969899743795395,-0.23703154921531677,0.296630859375,-0.35574597120285034,0.11995701491832733,0.13683587312698364,-0.3192090392112732,-0.4412902295589447,0.19041861593723297,-0.018033228814601898,-0.2779289484024048,0.25976964831352234,-0.10915855318307877,0.14731326699256897,-0.2828562259674072,0.4227450489997864,-0.1967283934354782,-0.15697796642780304,-0.07179796695709229,0.4238657057285309,0.23286966979503632,-0.33261796832084656,-0.21131160855293274,0.2634088695049286,-0.15732869505882263,-0.322237491607666,-0.3717302083969116,-0.08844022452831268,-0.06394414603710175,0.28611862659454346,0.3328019380569458,0.39184489846229553,0.013557499274611473,0.26566019654273987,0.18224360048770905,-0.18959689140319824,-0.48879289627075195,-0.14064271748065948,0.5071882009506226,-0.24290522933006287,0.5451839566230774,-0.1413791924715042,-0.07820014655590057,0.00023875832266639918,-0.41447052359580994,-0.10323287546634674,0.10832233726978302,-0.05226323753595352,-0.18467196822166443,-0.45887431502342224,0.3123875558376312,-0.17861220240592957,0.4949405789375305,0.039080362766981125,0.09193042665719986,-0.3906633257865906,0.21399030089378357,0.3039538860321045,-0.296247661113739,-0.2805247902870178,-0.15077191591262817,-0.03505957871675491,-0.7097872495651245,0.5423736572265625,0.21934542059898376,0.008529551327228546,-0.08004006743431091,-0.004915177822113037,0.18067145347595215,-0.8648642301559448,-0.47668495774269104,0.34147167205810547,-0.2276063859462738,-0.060063205659389496,0.0670708566904068,0.1868133246898651,0.038616739213466644
CID000003928,781,0.17622633278369904,-0.17853650450706482,-0.09416593611240387,0.5195554494857788,-0.5537508130073547,0.035675402730703354,-0.12662823498249054,0.0742679014801979,-0.002999168587848544,0.40134185552597046,0.3084000051021576,-0.06053291633725166,-0.08255337923765182,0.3707832098007202,-0.10441924631595612,-0.15223701298236847,-0.12479619681835175,-0.0929921567440033,-0.3062487542629242,-0.6633905172348022,0.09007533639669418,-0.06100790575146675,-0.2590472102165222,-0.7460405230522156,-0.23427025973796844,-0.08765845000743866,-0.19896163046360016,-0.06653980910778046,-0.05420272797346115,0.04071542248129845,-0.0672561526298523,0.10919103771448135,-0.24915437400341034,-0.1285877674818039,-0.2033037692308426,0.18998533487319946,0.10786078125238419,0.33239510655403137,0.0433594286441803,-0.09235971421003342,0.18650943040847778,0.19484689831733704,-0.037097979336977005,-0.09487678855657578,0.15523400902748108,0.012082437053322792,0.06666644662618637,0.16322340071201324,0.2823668122291565,0.11404038965702057,0.530854344367981,-0.11002150923013687,-0.13181118667125702,-0.0820639580488205,-0.05766185000538826,0.09504082053899765,0.29638710618019104,0.0760212391614914,0.5625012516975403,-0.19300536811351776,-0.148896262049675,-0.26701056957244873,-0.37719491124153137,-0.10334073007106781,0.16077525913715363,0.541074275970459,-0.35368674993515015,0.09145071357488632,0.1276940405368805,-0.04027813300490379,0.23036770522594452,0.036542318761348724,-0.19032558798789978,-0.3837437927722931,-0.010594034567475319,0.17804571986198425,-0.16566316783428192,-0.2906110882759094,-0.20706979930400848,-0.15805578231811523,-0.034901756793260574,-0.31379434466362,-0.3060739040374756,0.27062907814979553,0.03600194305181503,-0.5802701711654663,-0.017740601673722267,0.08788449317216873,-0.12254364788532257,-0.8958209753036499,0.041852258145809174,0.17960037291049957,0.11771441996097565,0.1607052981853485,-0.2687981128692627,-0.3952694237232208,-0.08715087920427322,-0.16265693306922913,0.19105489552021027,0.08641815185546875,0.3291834890842438,0.1958509087562561,-0.014364898204803467,0.35189157724380493,-0.5105178952217102,0.22632551193237305,0.1781490594148636,0.06837722659111023,0.26321926712989807,0.23740620911121368,-0.2397877424955368,0.32432717084884644,-0.07885109633207321,-0.39752528071403503,0.1537330448627472,0.22582991421222687,-0.37764108180999756,0.09296567738056183,0.007384312339127064,0.1930273473262787,0.9742497205734253,-0.1473146229982376,-0.004406658001244068,0.0902438834309578,-0.14337387681007385,0.45056381821632385,-0.051767490804195404,-0.24522149562835693,-0.028140533715486526,0.16332483291625977,-0.003797292709350586,-0.6105287075042725,-0.6135643124580383,0.08914675563573837,0.06575307995080948,0.21603834629058838,-0.017838280647993088,0.42493993043899536,-0.4584210515022278,-0.2594113349914551,0.011972641572356224,0.3767305314540863,0.21666602790355682,-0.17130693793296814,0.13138441741466522,-0.09199710190296173,0.08514510095119476,0.6174050569534302,0.1320861428976059,0.06897535920143127,-0.215057373046875,-0.6711471080780029,-0.03389950841665268,-0.032344281673431396,-0.06967909634113312,-0.1449534147977829,0.032259829342365265,-0.09323533624410629,-0.21765795350074768,0.1309894323348999,0.24530157446861267,0.3961051106452942,0.1897907704114914,0.18934699892997742,0.029105225577950478,0.002151892986148596,-0.04584372788667679,0.14013084769248962,0.017254751175642014,0.05537353828549385,0.15066620707511902,-0.06067864969372749,-0.14663109183311462,-0.1523396223783493,0.06768123805522919,0.09744998812675476,0.21413588523864746,-0.04714635759592056,0.8722165822982788,-0.029331345111131668,-0.2719774842262268,-0.11366549879312515,-0.0020286322105675936,0.11126229912042618,0.31281715631484985,0.02207363024353981,-0.18557536602020264,0.15041105449199677,0.15512892603874207,-0.4683435559272766,0.37430310249328613,-0.031067434698343277,0.04071043059229851,-0.25570911169052124,0.20967158675193787,0.12750527262687683,0.31320720911026,0.020456567406654358,-0.10720272362232208,-0.14323508739471436,-0.11429654061794281,-0.33607640862464905,0.21231278777122498,-0.3415820002555847,0.1427771896123886,0.10097838938236237,-0.028448784723877907,0.22049279510974884,0.7687586545944214,0.6579506397247314,0.18382380902767181,0.14479759335517883,0.01828465238213539,0.23527470231056213,0.042894721031188965,-0.11555353552103043,-0.11293739080429077,0.2573891282081604,-0.005227470304816961,-0.016929153352975845,-0.20787139236927032,-0.4229992926120758,-0.3358991742134094,-0.2252761870622635,-0.08565985411405563,-0.31501972675323486,-0.24340295791625977,-0.020445579662919044,0.20556464791297913,0.273822546005249,-0.15366697311401367,0.2046697437763214,-0.03736763447523117,0.1537102460861206,-0.10631071031093597,-0.19618868827819824,0.7593088150024414,-0.4132496416568756,0.06443683803081512,-0.24355816841125488,-0.17200013995170593,-0.4738389849662781,0.11572559177875519,0.1530974954366684,-0.2637920081615448,-0.26047295331954956,0.07120822370052338,0.14598795771598816,-0.8033035397529602,-0.392602801322937,0.09389963746070862,0.16426405310630798,0.04965214803814888,-0.31041502952575684,-0.1876930296421051,0.06194400042295456
CID000003467,786,0.2428174763917923,0.1616087108850479,0.016196193173527718,0.5274398326873779,-0.5732508897781372,0.34013086557388306,-0.1437716782093048,0.15420672297477722,0.05128208547830582,0.42899447679519653,-0.08394457399845123,-0.27423006296157837,-0.3834473490715027,0.5242716073989868,0.07716403156518936,-0.08839704841375351,-0.155474454164505,-0.11989371478557587,0.2646777629852295,-0.5860189199447632,0.2568034529685974,0.017200136557221413,0.04218104109168053,-0.7861191630363464,-0.2771070599555969,-0.2522287964820862,-0.4238513112068176,-0.16044746339321136,0.06840694695711136,0.05405809357762337,-0.07764285802841187,0.15671883523464203,0.00020432770543266088,0.07336630672216415,-0.12026147544384003,0.10707316547632217,-0.07824641466140747,0.29364824295043945,0.07497671246528625,-0.14826832711696625,-0.09677617251873016,0.011952022090554237,0.1408361792564392,-0.03975414112210274,-0.19797901809215546,0.31067419052124023,-0.09236936271190643,0.09738324582576752,0.026586558669805527,0.2936810851097107,0.7140207290649414,-0.10927914083003998,-0.1764860451221466,0.05136656016111374,0.12907227873802185,-0.2813248634338379,0.2358565330505371,-0.023028364405035973,0.5117986798286438,0.03684229776263237,-0.07313509285449982,-0.4860171675682068,-0.27954089641571045,-0.056590765714645386,-0.18084987998008728,0.9792938232421875,-0.2978726327419281,0.28613537549972534,0.07119997590780258,0.08876223862171173,0.09401978552341461,-0.34690213203430176,-0.2456962764263153,-0.581261932849884,-0.09522803127765656,0.3328983783721924,-0.08702203631401062,-0.1892017424106598,-0.2341107577085495,-0.021175682544708252,-0.2835017740726471,-0.45827800035476685,-0.25345465540885925,0.3220450282096863,-0.009347110986709595,-0.493495374917984,-0.14163005352020264,0.15276339650154114,0.002904216991737485,-0.878947377204895,-0.03590758889913559,0.21365149319171906,0.21387848258018494,0.1533876359462738,-0.05777246505022049,-0.32039034366607666,-0.012620756402611732,0.0702100545167923,0.15520498156547546,0.07666629552841187,-0.13536874949932098,0.14945584535598755,-0.03724119812250137,0.38891226053237915,-0.26255303621292114,-0.12798283994197845,0.047722529619932175,0.04267094284296036,0.3176352381706238,0.011327052488923073,-0.18862327933311462,0.3655183017253876,0.18040087819099426,-0.6986051201820374,-0.33067649602890015,0.05505899712443352,-0.16837142407894135,-0.1926473081111908,-0.13057775795459747,0.07711990922689438,0.8103533983230591,-0.1727054864168167,0.14383986592292786,-0.06513583660125732,-0.20934736728668213,0.569442868232727,-0.14939172565937042,-0.5875412225723267,0.15100125968456268,-0.09154293686151505,0.1564715951681137,-0.5785260796546936,-0.5290029048919678,0.18580053746700287,0.1371997743844986,0.5331680774688721,0.07144848257303238,0.4393881857395172,0.04330940172076225,-0.1555945873260498,0.16693957149982452,0.5155866742134094,0.1098887175321579,-0.11937028169631958,0.12161225080490112,0.08945194631814957,-0.372940331697464,0.7878917455673218,-0.20762133598327637,-0.08387894928455353,-0.07058646529912949,-0.5260847210884094,0.3480928838253021,-0.01647871360182762,-0.3707227110862732,-0.1164407953619957,0.09065006673336029,-0.1102176085114479,0.10841034352779388,0.20884060859680176,-0.11376651376485825,-0.004478138871490955,0.0075169517658650875,0.18213674426078796,0.027712363749742508,-0.04739975184202194,0.19930259883403778,-0.13340434432029724,-0.2331659346818924,0.07276010513305664,0.054401300847530365,-0.006719143129885197,-0.10312666743993759,-0.14641760289669037,-0.10704745352268219,0.03742091730237007,-0.10219281911849976,-0.019899364560842514,0.7348122596740723,0.03999979421496391,-0.11762970685958862,0.24947376549243927,-0.1585632860660553,-0.26772764325141907,0.19404271245002747,0.13814930617809296,-0.09206873923540115,-0.23686473071575165,0.38644248247146606,-0.38762378692626953,0.19706830382347107,-0.056596435606479645,-0.035672176629304886,-0.0644051805138588,0.41752058267593384,0.29651567339897156,-0.050398945808410645,-0.09701912105083466,0.041314590722322464,0.4930074214935303,-0.11024297773838043,-0.41280823945999146,0.19304338097572327,-0.0828915685415268,-0.03541620820760727,0.29662078619003296,-0.16672933101654053,0.27802523970603943,1.059403657913208,0.4533238410949707,0.28926506638526917,0.34126272797584534,-0.03628677874803543,0.3667384088039398,-0.014847529120743275,-0.06181943416595459,0.03188903629779816,0.2538071274757385,0.21043995022773743,0.2676425874233246,-0.1300932615995407,-0.22019782662391663,-0.0888669490814209,-0.18577343225479126,-0.045279767364263535,0.09512333571910858,-0.048976171761751175,-0.33552154898643494,-0.2703700065612793,0.13573160767555237,0.06331725418567657,0.25488895177841187,-0.057303495705127716,-0.021301278844475746,0.03761383146047592,0.14851835370063782,0.9681690335273743,-0.5133910775184631,-0.017353922128677368,-0.28866785764694214,0.10304665565490723,-0.2119651734828949,-0.19636034965515137,0.4324204921722412,-0.2480272501707077,0.021930301561951637,0.30106258392333984,-0.019841628149151802,-0.883558452129364,-0.3900648355484009,0.19994190335273743,-0.2478201687335968,0.042450569570064545,-0.5674169659614563,0.10911431163549423,0.5159165263175964
CID000004547,789,-0.07644365727901459,0.013415592722594738,-0.03509074077010155,0.3472024202346802,-0.3194415867328644,0.020304854959249496,0.23105975985527039,0.17238299548625946,-0.14749065041542053,0.10441984981298447,0.0059128194116055965,0.16902326047420502,-0.042146313935518265,0.05004560202360153,-0.20346960425376892,-0.06223251298069954,-0.1256355494260788,-0.03024553880095482,-0.0026747523806989193,-0.4498440623283386,-0.003350262064486742,-0.19455882906913757,-0.02961721643805504,-0.8336066007614136,0.06042593717575073,0.2657354772090912,-0.1420900970697403,-0.009186863899230957,0.006372940726578236,0.05563776567578316,-0.03311984986066818,0.215569406747818,0.009222006425261497,0.1654200702905655,0.09234677255153656,0.054668229073286057,0.017070066183805466,0.0095732556656003,0.2398490011692047,-0.18319883942604065,-0.14243243634700775,-0.31143850088119507,0.08943530172109604,-0.27237632870674133,-0.12861864268779755,0.3951278030872345,0.06488487869501114,-0.0048657311126589775,0.08088027685880661,-0.13303837180137634,0.15007567405700684,0.04486320912837982,-0.250079870223999,-0.005740299820899963,0.059998463839292526,-0.07302636653184891,-0.049221158027648926,0.09268756210803986,0.0018508434295654297,-0.08351299166679382,-0.06331251561641693,-0.15869185328483582,-0.04670650139451027,-0.029198473319411278,0.333932101726532,0.31122738122940063,-0.11817941814661026,-0.05926362797617912,0.1619127094745636,-0.06012130528688431,0.19819168746471405,0.10740919411182404,-0.3353222906589508,-0.3050064444541931,-0.24381399154663086,-0.07737754285335541,0.05228463560342789,0.24816124141216278,-0.0362277552485466,0.015382516197860241,0.12760691344738007,-0.3918917775154114,-0.2076001614332199,0.017288345843553543,0.058581966906785965,-0.09986674040555954,0.13585340976715088,0.09698854386806488,-0.0998651459813118,-0.6375545263290405,-0.08711893856525421,0.216824010014534,0.0007511026924476027,0.03766261786222458,0.04481101036071777,-0.2170417606830597,-0.11131308972835541,0.27962160110473633,-0.03533728048205376,-0.01724587380886078,-0.220418781042099,-0.13705196976661682,-0.15159550309181213,0.2675805389881134,0.16905608773231506,0.018655020743608475,-0.005188497714698315,0.2197926938533783,0.5244587063789368,-0.20237894356250763,-0.22554829716682434,0.19196826219558716,-0.133945494890213,-0.09565994888544083,0.06786026060581207,0.17149212956428528,-0.018078509718179703,0.04662308469414711,-0.18970666825771332,0.24445876479148865,0.5567536354064941,-0.15329822897911072,0.2706567645072937,0.35221439599990845,-0.05267421528697014,0.11520209163427353,0.11849187314510345,0.1701330691576004,0.28181660175323486,-0.08361274003982544,0.0006657473859377205,-0.5102717876434326,-0.3577960133552551,0.016019780188798904,0.2277059108018875,0.02271266281604767,-0.16962839663028717,0.10804446786642075,-0.02583707496523857,-0.21868690848350525,-0.09525462985038757,-0.033924203366041183,0.08921156078577042,-0.06661643087863922,-0.011398312635719776,0.35092753171920776,-0.1094837635755539,0.3372504413127899,0.15202942490577698,0.24455972015857697,0.1292254477739334,-0.2726086676120758,-0.18360087275505066,0.17413988709449768,-0.30734342336654663,-0.11313263326883316,-0.07989521324634552,-0.04314829036593437,-0.043714892119169235,0.32263627648353577,-0.049497805535793304,-0.1358495056629181,-0.06393300741910934,0.17780299484729767,0.03869593143463135,-0.15993496775627136,-0.12128472328186035,0.006110182497650385,-0.21424651145935059,0.14324182271957397,0.056056417524814606,-0.252802312374115,-0.23289258778095245,-0.3595491051673889,0.02676628902554512,-0.0662829726934433,0.13016441464424133,-0.23256096243858337,0.34588539600372314,0.016006741672754288,0.0034751533530652523,0.042236488312482834,-0.1623373180627823,-0.16389095783233643,0.18401296436786652,0.2256486713886261,-0.24210235476493835,0.0316786989569664,0.01639886386692524,-0.2666131556034088,0.019595539197325706,0.007400214672088623,0.12218087911605835,0.0789806991815567,0.13085876405239105,-0.08037514984607697,0.03051692247390747,0.10575170814990997,0.05520855262875557,-0.01822832226753235,0.1160755604505539,-0.2533538341522217,-0.12391507625579834,-0.31202787160873413,0.02980051003396511,-0.22003880143165588,-0.05962783098220825,-0.16568103432655334,-0.010637122206389904,0.4653688073158264,0.31076139211654663,0.04962575435638428,0.24585247039794922,0.0814124196767807,0.1668085753917694,-0.043898243457078934,-0.14135846495628357,0.10935910046100616,0.1317594349384308,-0.15498992800712585,-0.11645627021789551,-0.0695723444223404,0.009778452105820179,-0.12827138602733612,0.028257202357053757,0.2502862215042114,0.07827721536159515,-0.10149598121643066,-0.017506202682852745,-0.19174328446388245,-0.09160546213388443,0.018800025805830956,0.18893644213676453,0.04223935678601265,-0.18675239384174347,0.03251006454229355,0.23926135897636414,-0.39777329564094543,0.10012365877628326,-0.21643689274787903,0.16359837353229523,-0.42768436670303345,0.21444758772850037,0.20803788304328918,-0.08125419914722443,-0.1221764087677002,0.12746647000312805,-0.03184744715690613,-0.6369152665138245,-0.15545791387557983,0.2576565146446228,-0.18340572714805603,0.08071877807378769,-0.22384575009346008,0.1913101226091385,-0.016671916469931602
CID005362420,790,0.3387225270271301,0.03452032804489136,0.18265065550804138,0.6290461421012878,-0.4062749445438385,0.10536988079547882,0.1443937122821808,0.2713530957698822,0.1188233345746994,0.3149561285972595,-0.07212835550308228,-0.30273157358169556,0.15143318474292755,0.13417668640613556,-0.10494325309991837,0.21701326966285706,0.002623949898406863,-0.27647969126701355,-0.04676349088549614,-0.5075083374977112,0.11742027848958969,-0.432487815618515,-0.004001683089882135,-0.9057716131210327,0.027462244033813477,0.1268957555294037,-0.3046935796737671,-0.0353911928832531,0.0537775382399559,-0.08961810916662216,-0.0053000301122665405,0.13644453883171082,0.08256779611110687,0.007744634058326483,0.031234610825777054,0.18626156449317932,0.11752216517925262,0.25175797939300537,-0.14460161328315735,-0.20327632129192352,0.0970417857170105,0.37524595856666565,0.16111338138580322,0.05912645906209946,-0.21684496104717255,0.338084876537323,0.008608043193817139,-0.12635545432567596,-0.11618111282587051,0.40477830171585083,0.5532932877540588,-0.11014363914728165,-0.25480157136917114,0.06377013027667999,-0.2371813952922821,0.16350501775741577,-0.04408115893602371,-0.16205492615699768,0.2517659068107605,-0.020173603668808937,-0.047855671495199203,-0.30824798345565796,-0.030798036605119705,-0.13826021552085876,0.27990254759788513,0.32732945680618286,-0.3734388053417206,0.01953863352537155,0.05321267992258072,0.02176220342516899,0.11719772964715958,-0.008609170094132423,-0.22706854343414307,-0.36377477645874023,-0.22068385779857635,0.19479043781757355,0.13699588179588318,-0.07172241061925888,-0.10588671267032623,0.08561813831329346,0.3577026426792145,-0.3162411153316498,-0.3161345422267914,0.058737315237522125,0.03668452054262161,0.28287309408187866,0.13177143037319183,0.037952128797769547,0.023837510496377945,-0.4676763415336609,-0.09041691571474075,0.23189063370227814,-0.037269897758960724,0.07965771853923798,-0.11418227106332779,-0.09752297401428223,0.25155818462371826,-0.047825887799263,0.07468010485172272,0.22727076709270477,0.12297865003347397,-0.02998557686805725,-0.04351530224084854,0.1628386229276657,0.07323011755943298,-0.04785306006669998,0.04228217527270317,0.13313719630241394,0.45385274291038513,-0.010321056470274925,0.14566385746002197,0.08969191461801529,-0.16476821899414062,-0.41082486510276794,0.2795700430870056,0.2767763137817383,-0.26618993282318115,0.04503757879137993,-0.03184365853667259,0.3234097361564636,0.8233562707901001,-0.3077400028705597,0.21600237488746643,0.3050306737422943,-0.1207226887345314,0.29510945081710815,0.15221688151359558,0.030643373727798462,0.0468168780207634,0.24662145972251892,0.3044445812702179,-0.5623947978019714,-0.46203845739364624,0.3146266043186188,0.3038879334926605,0.20092351734638214,0.027660692110657692,0.13446275889873505,-0.0058890520595014095,-0.08135464787483215,-0.05880995839834213,0.10173417627811432,0.23271450400352478,0.17907850444316864,-0.020980363711714745,0.0825875997543335,0.013409340754151344,0.48378610610961914,0.19726669788360596,0.4967494010925293,0.009428906254470348,-0.5448282957077026,-0.07995238155126572,0.3321722745895386,-0.1792006492614746,-0.0706682950258255,0.027957165613770485,-0.05548335984349251,-0.10410700738430023,0.04203207418322563,-0.011813526973128319,-0.08577974140644073,0.018832053989171982,0.2268003225326538,-0.11996293067932129,-0.0068804859183728695,-0.231968492269516,0.13375191390514374,0.12134164571762085,-0.07688864320516586,0.02019365504384041,0.09963198006153107,-0.2704731822013855,-0.2962875962257385,0.14804668724536896,-0.09856335073709488,0.23437385261058807,-0.12011398375034332,0.8050552606582642,0.07151073217391968,-0.3965178430080414,0.10646414756774902,0.02936464548110962,0.024071481078863144,0.26357269287109375,-0.019631270319223404,-0.13245026767253876,0.008810127153992653,0.0498090460896492,-0.3761081397533417,-0.1003548726439476,-0.03748559579253197,-0.06879571825265884,-0.351677805185318,0.3994444012641907,0.1281019151210785,0.1589464247226715,-0.07039805501699448,-0.0664125606417656,0.018000852316617966,-0.016409408301115036,-0.4572814404964447,0.1844383031129837,-0.3199669420719147,-0.08673463016748428,-0.15366213023662567,0.09991608560085297,-0.16729451715946198,0.08507796376943588,0.4697054922580719,0.30374836921691895,0.19440166652202606,0.1344943344593048,-0.025911429896950722,-0.12424818426370621,-0.20025674998760223,0.17624729871749878,0.41609305143356323,0.08950841426849365,0.03898371756076813,-0.18519294261932373,-0.12172539532184601,-0.1204071044921875,-0.08905728161334991,0.2379624843597412,-0.022784817963838577,0.038614749908447266,-0.03022279404103756,-0.04735250025987625,-0.0253880824893713,0.02237793803215027,0.22111475467681885,0.28720736503601074,-0.07264275848865509,0.13857564330101013,-0.029276728630065918,0.5834131240844727,-0.5546536445617676,-0.07922247052192688,-0.20840029418468475,-0.17940597236156464,-0.21946629881858826,0.2617451250553131,0.041107743978500366,-0.30789440870285034,-0.09392496198415756,0.08537862449884415,0.09523992240428925,-0.7640160322189331,-0.13620655238628387,0.2708631455898285,0.143364816904068,0.20131464302539825,-0.22406649589538574,0.013101411983370781,0.04302360489964485
CID000004499,806,0.3211161494255066,0.08969970047473907,0.07559983432292938,0.4985927939414978,-0.5031884908676147,-0.041087862104177475,0.17453131079673767,0.37611666321754456,0.20115062594413757,0.23645024001598358,-0.09533663839101791,-0.19899050891399384,0.1102118045091629,0.32713568210601807,-0.05954607576131821,0.07602804899215698,-0.005318982992321253,-0.18415340781211853,-0.04919535666704178,-0.3221874237060547,-0.13977356255054474,-0.2042771577835083,-0.06512776762247086,-0.6312601566314697,0.03598190099000931,0.21966469287872314,-0.05729949474334717,-0.12073887884616852,-0.027750173583626747,0.3106005787849426,-0.13057474792003632,0.24468116462230682,-0.03802601248025894,0.1292785406112671,-0.06890735775232315,-0.05104807764291763,-0.15489810705184937,0.19483400881290436,-0.04514088109135628,-0.3245839774608612,-0.1666557490825653,-0.029236584901809692,-0.07603651285171509,-0.1288720816373825,-0.11334946006536484,0.20184898376464844,0.10816071182489395,-0.16699932515621185,0.1350092887878418,0.16968035697937012,0.3508935868740082,-0.17976048588752747,-0.22008398175239563,0.2365211695432663,0.0236403439193964,0.06970824301242828,-0.20123937726020813,-0.17631056904792786,0.1942383348941803,0.19925262033939362,-0.32614660263061523,-0.18527446687221527,-0.050873398780822754,-0.21256132423877716,0.2997927665710449,0.7009665369987488,-0.09643157571554184,0.0021181595511734486,0.37564438581466675,0.09524927288293839,-0.012933855876326561,-0.04282766580581665,-0.06814385950565338,-0.3095034658908844,-0.09162145853042603,0.3600424528121948,-0.17303761839866638,-0.010932164266705513,-0.12260870635509491,0.038152363151311874,0.3693316578865051,-0.31808900833129883,-0.472616970539093,0.12148673832416534,0.1837470829486847,-0.27798038721084595,0.47711896896362305,-0.11915711313486099,-0.10097727924585342,-0.5205183625221252,0.056692272424697876,0.448660671710968,-0.027248119935393333,0.04240521788597107,0.11675717681646347,-0.33272987604141235,0.07183188199996948,0.031794361770153046,0.01879413053393364,0.4177810549736023,-0.20103053748607635,0.11807256937026978,-0.0885908231139183,0.29390278458595276,0.18840499222278595,0.07595880329608917,-0.11905886977910995,0.029034093022346497,0.5007869005203247,0.13646450638771057,-0.027091849595308304,0.32845020294189453,-0.13363800942897797,-0.09248373657464981,-0.024126898497343063,0.4008597433567047,-0.5745948553085327,0.0009128928068093956,0.14433157444000244,0.5222440958023071,0.6418062448501587,-0.21070928871631622,0.06652650982141495,0.052193302661180496,0.20881620049476624,0.3263487219810486,0.06541949510574341,0.07442782819271088,0.17394506931304932,0.12682870030403137,0.04723765701055527,-0.5985277891159058,-0.5257561206817627,-0.022816091775894165,0.28507721424102783,0.14900167286396027,0.20635144412517548,0.2685243487358093,-0.04130449891090393,0.07463251054286957,-0.4066299498081207,0.23098766803741455,0.08135943114757538,0.1975664645433426,0.03013482689857483,0.1678769588470459,0.10193915665149689,0.5789446830749512,0.133731871843338,0.2904054820537567,0.0476926788687706,-0.34802553057670593,-0.31537771224975586,0.2426871806383133,-0.06127740070223808,-0.25423794984817505,-0.04588457569479942,-0.4143405556678772,0.13232827186584473,0.15831322968006134,0.07403695583343506,-0.0773133859038353,-0.10313837230205536,0.0359206423163414,-0.006907857023179531,0.044441692531108856,-0.1029701679944992,0.34304243326187134,0.007358485367149115,0.04879037290811539,-0.21916285157203674,-0.04926901310682297,-0.33317452669143677,-0.3356361985206604,0.06559063494205475,-0.24511292576789856,0.03583552688360214,-0.21624691784381866,0.5683466196060181,0.06019418314099312,-0.29366618394851685,0.2980414032936096,-0.14833255112171173,0.06815776228904724,0.546338677406311,-0.1573205143213272,0.08388058841228485,-0.19405142962932587,-0.20455031096935272,-0.2594364583492279,0.0827406495809555,0.04648339003324509,0.11904444545507431,-0.11778160184621811,0.16759784519672394,0.05202497914433479,0.2727913558483124,-0.20090404152870178,0.06961105763912201,0.01400795578956604,-0.1263125240802765,-0.2965737283229828,0.0785183310508728,-0.13811354339122772,0.12847422063350677,-0.2815762162208557,0.08948115259408951,-0.08358513563871384,-0.021730050444602966,0.4742620885372162,0.4522940218448639,0.29206863045692444,0.4138506352901459,0.3359958231449127,0.041972123086452484,-0.8165167570114136,0.08644665777683258,0.2554533779621124,0.16732145845890045,-0.10251064598560333,-0.04688923433423042,0.012910088524222374,0.09036805480718613,-0.28912627696990967,-0.037867117673158646,8.268356032203883e-05,0.16219404339790344,-0.058815330266952515,-0.3134383261203766,0.01923437789082527,-0.28756090998649597,0.06428129971027374,0.3409094512462616,-0.18216273188591003,-0.20104363560676575,-0.04707077145576477,0.5758243799209595,-0.30403652787208557,-0.047607384622097015,-0.34758704900741577,0.15642611682415009,-0.4805672764778137,-0.06625314801931381,0.20215602219104767,-0.6205639243125916,0.1416051834821701,-0.0783570259809494,-0.3494253158569336,-0.4993862509727478,-0.23473365604877472,0.22921356558799744,-0.11648797988891602,-0.1518521010875702,-0.36349207162857056,0.009991546161472797,-0.01720796898007393
CID003062316,809,0.02869105339050293,0.18961235880851746,0.17093953490257263,0.5642852783203125,-0.5548578500747681,0.10112842172384262,0.07720302790403366,0.2365952730178833,0.02172922156751156,0.15639105439186096,0.026923129335045815,-0.011712878942489624,0.040515437722206116,0.17021594941616058,-0.24047040939331055,-0.009189899079501629,0.028988216072320938,-0.03555423766374588,0.078854039311409,-0.4382549226284027,-0.033734120428562164,-0.3801102936267853,-0.14871039986610413,-0.8399661183357239,0.022609835490584373,0.07276539504528046,-0.2712525725364685,-0.08171230554580688,-0.09009583294391632,0.07415283471345901,-0.045632779598236084,0.19165214896202087,-0.06343045830726624,-0.02832070365548134,0.010881227441132069,0.17966222763061523,0.04032086208462715,0.13582901656627655,0.2309233695268631,-0.2931850552558899,0.11569903790950775,-0.10857804119586945,0.1825251281261444,-0.02600829303264618,-0.17259421944618225,0.3294582962989807,0.0403251126408577,0.05532111972570419,0.08226262032985687,-0.09947208315134048,0.40289393067359924,-0.2022101879119873,-0.3620019257068634,-0.20505908131599426,-0.1097264513373375,-0.09165012836456299,-0.13175639510154724,-0.010611651465296745,0.03378072753548622,-0.0956362932920456,-0.18445797264575958,-0.2178708016872406,-0.108110710978508,-0.1321440488100052,0.1910889446735382,0.3158707618713379,-0.30465760827064514,-0.2623361051082611,0.17166605591773987,0.09451569616794586,0.0637245774269104,0.09270129352807999,-0.12994052469730377,-0.3468725085258484,-0.12798085808753967,-0.040509648621082306,-0.0925556868314743,0.06746448576450348,-0.2927859425544739,-0.11527419090270996,0.0036038830876350403,-0.27021458745002747,-0.22569520771503448,0.040475618094205856,0.21309947967529297,0.10005442798137665,0.1845741719007492,0.08147032558917999,0.09683431684970856,-0.36546361446380615,-0.0027379095554351807,0.15566156804561615,-0.09978137910366058,0.0063673765398561954,-0.3029193878173828,-0.20508155226707458,0.12360592186450958,-0.22748425602912903,0.026629352942109108,0.0009234249591827393,-0.1797483265399933,0.15713819861412048,-0.1141485944390297,0.09091395139694214,0.3744077682495117,0.10390745103359222,0.17376866936683655,-0.09167695045471191,0.4110523760318756,-0.13321420550346375,0.0792132243514061,0.2237105369567871,-0.2790633738040924,-0.23328788578510284,-0.0026655711699277163,0.3631104826927185,-0.2516689896583557,-0.15462401509284973,-0.13687469065189362,0.28503042459487915,0.6818820238113403,-0.24240338802337646,0.2374209463596344,0.34210580587387085,-0.07412751764059067,0.31309887766838074,0.04956497997045517,0.013781207613646984,0.0955943614244461,0.09331683814525604,0.14654769003391266,-0.47941476106643677,-0.46361058950424194,0.14596042037010193,0.21750187873840332,0.0959148183465004,-0.14358457922935486,0.059598375111818314,-0.10801635682582855,0.031569547951221466,-0.14555242657661438,0.1480511724948883,0.22862417995929718,0.02377665415406227,-0.10556219518184662,0.26274973154067993,-0.028339345008134842,0.36612191796302795,0.3091975748538971,0.3375827670097351,-0.05802403762936592,-0.4041573405265808,-0.16334882378578186,0.13116855919361115,-0.1402062177658081,-0.08785562217235565,0.09523992240428925,0.0017042129766196012,0.04721609503030777,0.1697845160961151,0.1262628734111786,0.07625673711299896,-0.04970769211649895,0.15441450476646423,-0.16473352909088135,0.14853163063526154,-0.19548103213310242,0.0723566859960556,0.06898270547389984,0.15634021162986755,0.028146004304289818,0.06013081222772598,-0.3412264883518219,-0.3587830364704132,0.10170058906078339,-0.20232892036437988,0.29272907972335815,-0.13236241042613983,0.5420594811439514,-0.03874317556619644,-0.12791171669960022,-0.06056106835603714,0.07898864150047302,-0.03990834951400757,0.028296062722802162,0.199296772480011,0.10683337599039078,-0.01906634494662285,-0.11520717293024063,-0.26189306378364563,0.06301365047693253,0.13197077810764313,0.08147244155406952,-0.061423659324645996,0.2097230851650238,-0.052892547100782394,0.22011518478393555,-0.09236261248588562,-0.10480235517024994,-0.041115205734968185,-0.026424357667565346,-0.4181791841983795,-0.09639720618724823,-0.17484243214130402,0.09619396179914474,-0.18424394726753235,-0.009703105315566063,0.12939390540122986,-0.033127717673778534,0.4675334393978119,0.29367148876190186,0.24957723915576935,0.3140658140182495,0.08667969703674316,-0.017214935272932053,-0.016034353524446487,-0.014199492521584034,0.2448865920305252,0.09210586547851562,-0.1274283230304718,-0.1498783826828003,-0.01817723736166954,-0.20454315841197968,-0.10613159090280533,0.15466849505901337,-0.23536619544029236,-0.023113101720809937,0.037942346185445786,-0.1492720991373062,0.16453856229782104,-0.0182177796959877,0.05171116441488266,0.4017443060874939,-0.055582545697689056,0.15241080522537231,0.08701314777135849,0.41231822967529297,-0.3255525231361389,0.0966445654630661,-0.26417264342308044,0.06825880706310272,-0.12923721969127655,0.03397236764431,0.1489943563938141,-0.19656287133693695,-0.012304115109145641,0.20586204528808594,0.06444114446640015,-0.5695356130599976,-0.021197253838181496,0.26984280347824097,-0.08243698626756668,0.10521910339593887,-0.18616826832294464,0.06472219526767731,0.1967487931251526
CID000004920,810,0.05638538673520088,-0.06905011832714081,0.05159548670053482,0.5000486373901367,-0.2960202395915985,0.29116836190223694,0.06484029442071915,0.5616037845611572,-0.17637166380882263,0.24512848258018494,-0.2122116982936859,-0.17234386503696442,-0.4285348355770111,0.26709505915641785,-0.1568317860364914,-0.11212591081857681,0.018804848194122314,0.1623471975326538,0.5580086708068848,-0.6466642618179321,0.23800306022167206,-0.33373674750328064,0.14418917894363403,-0.7311153411865234,0.3916202783584595,0.21186260879039764,-0.1803368180990219,-0.09892883151769638,-0.0576537624001503,0.15952399373054504,0.07084780186414719,0.43719521164894104,-0.23286107182502747,0.008117573335766792,0.17743410170078278,0.0007109261932782829,0.38220423460006714,0.2501487135887146,0.42039117217063904,-0.2851805090904236,-0.01408135425299406,-0.11808429658412933,0.21965567767620087,-0.3615134060382843,0.02362024411559105,0.19679966568946838,-0.051788754761219025,-0.10562901198863983,0.023517461493611336,-0.12425784766674042,0.6063123345375061,0.40493202209472656,-0.357084184885025,-0.021906372159719467,0.19284309446811676,-0.1308531016111374,0.07028985023498535,0.23830966651439667,0.1542571783065796,0.38980427384376526,-0.25876718759536743,-0.19068533182144165,-0.11741188913583755,-0.1581728160381317,0.34676593542099,0.4969962537288666,-0.022251825779676437,0.014318128116428852,-0.07570048421621323,-0.09258879721164703,0.353027880191803,-0.2989533543586731,-0.3195170760154724,-0.39695489406585693,-0.44696107506752014,0.0534939281642437,0.11359505355358124,0.14109590649604797,0.06079278141260147,0.3005257546901703,0.27705633640289307,-0.3171122670173645,-0.3281720280647278,0.050761736929416656,0.38437503576278687,0.007226416375488043,-0.08318233489990234,0.4436994194984436,0.01139059942215681,-0.555954098701477,0.1538734883069992,0.27738073468208313,0.04765331745147705,-0.12176694720983505,-0.22713272273540497,-0.5682865381240845,-0.23709328472614288,-0.14844760298728943,-0.2744576930999756,0.006266637239605188,-0.2604883313179016,-0.0415995791554451,-0.016485445201396942,0.5272079706192017,0.08677349239587784,0.10782743990421295,0.13334693014621735,0.23480133712291718,0.42269229888916016,0.2901466488838196,0.007278078701347113,0.16025790572166443,-0.08211681991815567,-0.004958993289619684,0.12804260849952698,0.14058153331279755,-0.16987740993499756,-0.052037615329027176,-0.15990467369556427,0.5668963193893433,0.47294479608535767,-0.33922427892684937,0.26615455746650696,0.31179171800613403,-0.31805619597435,-0.11526139080524445,0.14664869010448456,0.19904404878616333,0.698418915271759,0.03412194550037384,0.06686252355575562,-0.42475152015686035,-0.2741764783859253,0.33282533288002014,0.22840169072151184,0.1836031675338745,-0.12196244299411774,0.2533073425292969,0.1727301925420761,-0.30520015954971313,-0.006531855557113886,0.3546753227710724,0.011398199014365673,-0.04495351016521454,-0.08698313683271408,0.45180588960647583,-0.6210581064224243,0.43093228340148926,-0.2749476134777069,0.3207160532474518,0.23712551593780518,-0.363249272108078,-0.4845767617225647,0.037945736199617386,0.13050642609596252,-0.11588366329669952,0.088155098259449,-0.227246955037117,-0.22306494414806366,0.37704598903656006,-0.17009243369102478,-0.03945951908826828,-0.12166891992092133,0.055190276354551315,-0.29821711778640747,-0.16691134870052338,-0.048102401196956635,0.17703178524971008,-0.14099286496639252,0.07622604072093964,0.1700877696275711,-0.2626273036003113,-0.03201610594987869,-0.21524986624717712,0.04597382992506027,-0.011865310370922089,-0.020659932866692543,-0.30086231231689453,0.40915146470069885,-0.4212125241756439,-0.21584871411323547,0.0552847795188427,-0.33505481481552124,0.04519156366586685,0.3352023661136627,0.3737797141075134,-0.15874597430229187,-0.16395092010498047,0.2992570996284485,-0.40910130739212036,-0.12712383270263672,0.04274871200323105,0.31392595171928406,-0.16304007172584534,0.08385428786277771,-0.1019420251250267,-0.08435623347759247,0.04613896831870079,-0.1354261338710785,0.0026079504750669003,0.013421964831650257,-0.529570996761322,-0.02729107439517975,-0.3427138030529022,0.027166450396180153,-0.07540255039930344,-0.03216152265667915,-0.24102190136909485,0.39383071660995483,0.6474219560623169,0.2924758493900299,-0.017933472990989685,0.2542228102684021,-0.1191263347864151,0.45086026191711426,-0.15080001950263977,0.20959576964378357,0.2790238559246063,0.1522531509399414,0.01500431913882494,0.10567653179168701,0.2435581237077713,-0.35640251636505127,-0.52655428647995,-0.3613892197608948,-0.34369808435440063,0.2875978350639343,-0.8616374731063843,-0.2762722969055176,0.07122565060853958,-0.013878223486244678,0.0333770327270031,0.356051504611969,0.17492322623729706,0.03482351452112198,-0.20646309852600098,0.2731618583202362,-0.26101964712142944,0.06561599671840668,-0.26811710000038147,-0.1907443106174469,-0.740617573261261,-0.03361527994275093,0.09119373559951782,0.04993506148457527,-0.1306033879518509,0.07698120176792145,-0.3485007882118225,-0.6210521459579468,0.0024482563603669405,0.5716303586959839,-0.11549854278564453,0.10219644010066986,-0.09797753393650055,0.11610277742147446,-0.12962006032466888
CID000005253,811,0.3692324459552765,-0.13129150867462158,0.33717238903045654,0.4679104685783386,-0.4819766581058502,0.08851230889558792,0.03655018284916878,0.2489897906780243,-0.14415572583675385,0.3555437922477722,0.03283198922872543,-0.17747537791728973,-0.16403397917747498,0.04056721180677414,-0.1421927809715271,0.16194359958171844,-0.19650068879127502,0.011041974648833275,0.13651522994041443,-0.6362693309783936,0.13656434416770935,-0.04444941133260727,0.07353919744491577,-0.786490797996521,-0.11114551872015,-0.15127936005592346,-0.12568362057209015,-0.07557868957519531,0.05723916366696358,0.03665750101208687,0.06603264063596725,0.3183273673057556,-0.10163496434688568,0.053621064871549606,-0.11581771075725555,0.14257128536701202,-0.12307341396808624,0.40373826026916504,0.30949866771698,-0.14367756247520447,-0.04242013022303581,0.17675481736660004,-0.03572689741849899,-0.17626555263996124,-0.0907595083117485,0.3283343017101288,0.03984667733311653,0.056544505059719086,-0.12003694474697113,0.08917918056249619,0.46682676672935486,0.26282206177711487,-0.06417703628540039,0.23032283782958984,0.07198856770992279,-0.11498335748910904,-0.06735985726118088,0.05156191438436508,0.3130493760108948,-0.2893713116645813,-0.10791053622961044,-0.15470093488693237,-0.18637330830097198,0.012187031097710133,0.03585745394229889,0.48157334327697754,-0.35580575466156006,0.1429864466190338,0.15062788128852844,-0.11146838963031769,-0.06735972315073013,0.2247457057237625,-0.26251184940338135,-0.30215486884117126,0.08154718577861786,0.4140148162841797,0.2377021610736847,-0.23354613780975342,0.011851951479911804,0.05612065643072128,0.1175708994269371,-0.8968305587768555,-0.3247731924057007,-0.031140875071287155,0.05915936082601547,-0.2489040344953537,-0.045116253197193146,0.13085715472698212,0.27614477276802063,-0.842353343963623,0.011828574351966381,-0.1521991640329361,-0.11944574117660522,0.14495410025119781,0.14061953127384186,-0.3174419403076172,-0.0338357649743557,-0.22839882969856262,-0.03284686803817749,0.21905001997947693,-0.00025993288727477193,0.09928629547357559,0.06084512546658516,0.30988094210624695,-0.3494444787502289,0.08887733519077301,-0.19505901634693146,-0.3115027844905853,0.5448509454727173,0.13338467478752136,0.025103429332375526,0.15869298577308655,0.03406235948204994,-0.19396530091762543,0.1457907110452652,-5.867034269613214e-05,0.02553625963628292,0.18355253338813782,0.06503264605998993,0.11330757290124893,0.8912919759750366,0.03160030022263527,0.14378230273723602,0.1072746068239212,-0.1109447255730629,-0.07403389364480972,-0.018252547830343246,0.036804743111133575,0.06602887809276581,0.10588737577199936,0.5280478596687317,-0.8704851269721985,-0.4131407141685486,0.20748929679393768,0.17882069945335388,0.055319130420684814,-0.20903544127941132,0.31656789779663086,0.02458863891661167,-0.2336927205324173,-0.34668293595314026,0.12248841673135757,0.10103084146976471,0.04222605749964714,0.022951895371079445,-0.10552869737148285,0.08920655399560928,0.6027251482009888,-0.20602330565452576,0.11049914360046387,-0.06843985617160797,-0.4780150055885315,0.3141997456550598,0.12906482815742493,-0.18108631670475006,-0.1621013730764389,-0.02932376228272915,-0.137568861246109,0.14873085916042328,0.2022845447063446,0.034295618534088135,-0.0012310624588280916,0.19198355078697205,0.07394145429134369,0.10837040841579437,0.007755458354949951,-0.13879035413265228,0.12183378636837006,0.02997429110109806,-0.009108193218708038,-0.17145618796348572,-0.05541642755270004,-0.16167117655277252,-0.270037442445755,0.034939251840114594,-0.19850823283195496,0.057519637048244476,-0.042275357991456985,0.7318812608718872,-0.17478486895561218,0.005964281968772411,0.050871361047029495,-0.1518227905035019,-0.12958502769470215,0.4509003758430481,0.05282556265592575,-0.4776524603366852,0.33031290769577026,-0.05469954013824463,-0.2894060015678406,0.20600560307502747,-0.08681011199951172,0.22346606850624084,-0.1521119475364685,0.17121393978595734,0.06489221006631851,0.15729989111423492,0.13999536633491516,0.15964820981025696,-0.27435892820358276,-0.07019809633493423,-0.25544649362564087,0.04948188364505768,-0.04540569335222244,-0.2992183566093445,-0.08805309236049652,0.02252437174320221,0.034662120044231415,0.3862058222293854,0.3628578186035156,0.3289298415184021,0.0018837451934814453,0.022928331047296524,0.2946661114692688,0.014467084780335426,-0.26394400000572205,0.223584845662117,0.21839793026447296,0.06881185621023178,0.34433692693710327,-0.02630002424120903,-0.42104610800743103,0.13889732956886292,-0.2479078322649002,0.07152866572141647,-0.14170514047145844,-0.22047671675682068,-0.13818198442459106,-0.05042002350091934,0.25163885951042175,-0.11525604873895645,0.26131471991539,0.0678221732378006,0.1766594797372818,-0.18733982741832733,0.24642758071422577,0.569204568862915,-0.20891818404197693,0.00022503062791656703,-0.00011623501632129773,0.17301373183727264,-0.7653453946113586,0.26139014959335327,0.13706067204475403,0.0441163070499897,-0.2400219440460205,0.1344727724790573,0.05121557042002678,-0.9068400263786316,-0.508881688117981,0.10741541534662247,-0.2577541470527649,0.1398794949054718,0.07613664865493774,-0.05794071406126022,0.17059683799743652
CID000060795,812,-0.0182413961738348,0.13374236226081848,0.09720233827829361,0.389346182346344,-0.41068944334983826,0.04709290713071823,0.0570480041205883,-0.03238711878657341,0.05914665013551712,0.060659609735012054,-0.20347221195697784,0.12367415428161621,-0.08742470294237137,0.22211065888404846,-0.09707649052143097,-0.024761224165558815,-0.1805342435836792,0.04103884845972061,-0.23736858367919922,-0.4936677813529968,0.24835793673992157,0.037690576165914536,-0.1480782926082611,-0.884222686290741,-0.2887800335884094,0.07532589137554169,-0.3280033469200134,0.0720084086060524,-0.21868212521076202,0.1530415117740631,0.04375869780778885,0.1712225377559662,0.058510519564151764,0.26577550172805786,0.10334505885839462,0.141683891415596,-0.006287732627242804,0.2787282168865204,0.13099715113639832,-0.007715396583080292,0.11236618459224701,-0.08760084956884384,-0.12790615856647491,-0.2562333941459656,0.03646229952573776,0.35581493377685547,0.0770595520734787,0.10837288200855255,0.07167179882526398,-0.03995487093925476,0.27777114510536194,-0.0999685674905777,-0.4083254337310791,-0.06199703738093376,0.1882237195968628,-0.0171930231153965,-0.0626523494720459,0.006955999881029129,-0.016286198049783707,-0.024547243490815163,0.1180165633559227,-0.009412415325641632,-0.008975821547210217,-0.10603876411914825,0.16591601073741913,0.39100590348243713,-0.10708478838205338,0.1250523328781128,0.22377610206604004,0.010134723968803883,0.2071215808391571,-0.1326628029346466,-0.11305396258831024,-0.18041440844535828,0.04350131377577782,0.2945443391799927,0.0740262046456337,0.1615922451019287,-0.11643485724925995,-0.0913090854883194,0.1674385815858841,-0.38219043612480164,-0.42471709847450256,-0.054443228989839554,0.3105223774909973,-0.3016918897628784,0.17509090900421143,0.07097797095775604,-0.2106032818555832,-0.8351387977600098,0.08312159031629562,0.16691960394382477,-0.05698899179697037,-0.08562752604484558,0.10666701942682266,-0.28222405910491943,-0.15194502472877502,-0.11326122283935547,-0.0753047913312912,-0.03736158460378647,0.11916489899158478,-0.2512480318546295,-0.10651098191738129,0.42983660101890564,-0.1621127426624298,0.15572011470794678,-0.08982503414154053,0.017294835299253464,0.5723229050636292,0.2657542824745178,-0.026985621079802513,0.26731815934181213,-0.18440976738929749,-0.09338263422250748,-0.2442132979631424,0.2034883201122284,-0.0604996457695961,0.03610413148999214,-0.11772896349430084,0.02248743735253811,0.6536612510681152,0.13764140009880066,0.3308822214603424,0.3509030044078827,-0.16727308928966522,-0.05166883394122124,0.12490946054458618,0.111955925822258,0.1725926250219345,-0.22411391139030457,0.16163980960845947,-0.747604489326477,-0.3205883204936981,-0.07881714403629303,0.09612113237380981,0.43653160333633423,0.09124167263507843,0.06317056715488434,0.15441127121448517,-0.3678979277610779,0.009303909726440907,0.15864819288253784,0.19765233993530273,-0.08493546396493912,-0.03793632239103317,0.24184246361255646,0.1065908893942833,0.5126601457595825,-0.2053477019071579,0.04650811105966568,-0.03217652440071106,-0.42927488684654236,0.19565394520759583,0.11999853700399399,-0.2907991111278534,-0.17055228352546692,0.020929988473653793,-0.24947278201580048,-0.17145001888275146,0.18925850093364716,-0.021320080384612083,-0.2363942414522171,0.007202369160950184,0.12137500941753387,0.18583866953849792,0.18677444756031036,0.1284865438938141,0.004406807012856007,0.06265100836753845,0.11250932514667511,-0.0330972895026207,-0.24036955833435059,-0.18832239508628845,-0.549973726272583,-0.04346533864736557,-0.16905489563941956,0.06510813534259796,-0.1379174292087555,0.590779185295105,0.1552368402481079,-0.25648754835128784,0.0005275607109069824,-0.3187616765499115,-0.10322916507720947,0.2832629084587097,-0.04235784709453583,-0.44687122106552124,-0.12261585891246796,0.2260100543498993,-0.3135051131248474,-0.07926128059625626,0.09046687185764313,-0.07998854666948318,-0.26440900564193726,0.1510082185268402,0.124763622879982,0.1406431943178177,-0.10185404866933823,0.17084015905857086,0.20374202728271484,-0.351961225271225,-0.15174570679664612,0.2051573246717453,-0.05686289072036743,0.06242119148373604,-0.25905025005340576,0.1254846602678299,0.14261344075202942,0.21672868728637695,0.5245692729949951,0.3380369544029236,0.011420784518122673,-0.0046737343072891235,0.3682856559753418,-0.08003660291433334,-0.04841727018356323,-0.006568169686943293,0.2309216558933258,0.30720385909080505,0.012393060140311718,-0.10763736069202423,0.1093735545873642,0.04522144794464111,-0.17378729581832886,-0.06832711398601532,-0.059471696615219116,0.2772977948188782,-0.15632429718971252,0.13198228180408478,-0.20303788781166077,0.020040016621351242,0.31478482484817505,0.033403076231479645,-0.005526314023882151,-0.2869855761528015,0.2344965934753418,0.342298686504364,-0.29337188601493835,0.10172724723815918,-0.22909240424633026,0.10613073408603668,-0.6810914278030396,-0.01679735817015171,0.11168655008077621,-0.15558870136737823,-0.21578899025917053,0.1530066430568695,-0.017475709319114685,-0.7332856059074402,-0.38659825921058655,0.2911320626735687,-0.03220739960670471,0.13480143249034882,-0.08213944733142853,0.1618616133928299,-0.018626337870955467
CID000004473,813,0.2593599259853363,0.06712476909160614,0.06329741328954697,0.4597236216068268,-0.46377095580101013,-0.07136973738670349,0.21470999717712402,0.41010886430740356,0.19323661923408508,0.35540005564689636,-0.08909375220537186,-0.26567381620407104,0.08041638135910034,0.32110390067100525,-0.04697797819972038,0.1427638828754425,-0.10084585845470428,-0.18673507869243622,0.022890249267220497,-0.32267019152641296,-0.09127777069807053,-0.3260501027107239,-0.07370676100254059,-0.6041370630264282,0.10846658051013947,0.22344429790973663,-0.1379365622997284,-0.1594858467578888,-0.10562153160572052,0.23893094062805176,-0.07210405170917511,0.3045057952404022,-0.05171126127243042,0.1316230595111847,-0.039278917014598846,-0.05419086664915085,-0.13851439952850342,0.20339640974998474,0.022060731425881386,-0.2797654867172241,-0.10773351043462753,-0.1133478656411171,-0.03205110877752304,-0.1809348464012146,-0.12578880786895752,0.3490542471408844,0.04931213706731796,-0.15502439439296722,0.19732415676116943,0.20865964889526367,0.42622286081314087,-0.19215813279151917,-0.24594005942344666,0.2781612277030945,0.04974707216024399,0.08272570371627808,-0.3218194544315338,-0.14223282039165497,0.1506178081035614,0.1479281485080719,-0.28144246339797974,-0.16377867758274078,-0.0415441058576107,-0.26898711919784546,0.24419066309928894,0.5744196176528931,-0.04841325804591179,-0.0353509746491909,0.45806533098220825,0.1330900341272354,-0.04807469993829727,-0.03906521946191788,-0.18128664791584015,-0.2549249231815338,-0.17790687084197998,0.3064885139465332,-0.13560867309570312,0.06467295438051224,-0.18275617063045502,0.07532184571027756,0.405181884765625,-0.3017679750919342,-0.446355402469635,0.13483020663261414,0.1536863148212433,-0.20905891060829163,0.46908918023109436,-0.03793613240122795,-0.0326220877468586,-0.46722859144210815,0.07060970366001129,0.42009687423706055,-0.049762167036533356,0.06739383935928345,0.13722296059131622,-0.2938498556613922,0.06372163444757462,0.025935674086213112,0.010175049304962158,0.3992406129837036,-0.17857035994529724,0.07812060415744781,0.055342335253953934,0.25139594078063965,0.31355035305023193,0.1550784558057785,-0.10692746937274933,-0.06000422313809395,0.4699311852455139,0.07537424564361572,0.02267082780599594,0.30111217498779297,-0.10641466081142426,-0.04131939262151718,-0.024743402376770973,0.42085590958595276,-0.4155864119529724,-0.02519151009619236,0.015513859689235687,0.5556033849716187,0.6202367544174194,-0.2517433762550354,0.10420501232147217,0.05796568840742111,0.10933566093444824,0.21092501282691956,0.044148582965135574,0.056390613317489624,0.17541073262691498,0.14346805214881897,0.013430744409561157,-0.5394706130027771,-0.39869964122772217,-0.07806529104709625,0.25232988595962524,0.14034070074558258,0.15662571787834167,0.35896727442741394,-0.04756403714418411,0.013024670071899891,-0.46912822127342224,0.22239689528942108,0.09326381981372833,0.2217065840959549,-0.016423707827925682,0.18763360381126404,0.0971653014421463,0.5110968947410583,0.16610559821128845,0.26862117648124695,0.04661384969949722,-0.33217653632164,-0.356492280960083,0.2806044816970825,-0.048082269728183746,-0.27477097511291504,-0.03106062486767769,-0.33886104822158813,0.14238786697387695,0.2487093210220337,0.07165570557117462,-0.099199578166008,-0.17521479725837708,0.0024853944778442383,-0.01751956343650818,-0.01568670943379402,-0.15926651656627655,0.2738243341445923,-0.0694623738527298,0.17170855402946472,-0.23273377120494843,0.05738358572125435,-0.31586754322052,-0.4892199635505676,0.07484529167413712,-0.22323377430438995,0.05935010313987732,-0.20789501070976257,0.5973914265632629,0.06079145148396492,-0.3013882339000702,0.31211909651756287,-0.12737780809402466,0.043191783130168915,0.6507217884063721,-0.19107471406459808,-0.03934619203209877,-0.1247914582490921,-0.18339188396930695,-0.25396883487701416,0.040680836886167526,0.14718171954154968,0.14115455746650696,-0.09711417555809021,0.16522108018398285,0.05040666460990906,0.38372713327407837,-0.1737542599439621,0.10804645717144012,-0.02320270612835884,0.020570015534758568,-0.2278570681810379,0.09165560454130173,-0.13235977292060852,0.1715410202741623,-0.36702674627304077,-0.015707388520240784,-0.06695549935102463,-0.03703930974006653,0.4461054801940918,0.455763578414917,0.23728756606578827,0.2993960380554199,0.3385922908782959,0.0215261522680521,-0.8177582025527954,0.062211304903030396,0.19409804046154022,0.14431044459342957,-0.0884857177734375,-0.0878843143582344,-0.034754522144794464,0.05355067178606987,-0.2677730321884155,0.0032187283504754305,-0.04128526523709297,0.14831843972206116,-0.12664154171943665,-0.3479877710342407,0.025232534855604172,-0.181854709982872,0.03532677888870239,0.40998974442481995,-0.10235824435949326,-0.17690184712409973,-0.03614280745387077,0.526784360408783,-0.29931479692459106,-0.028664756566286087,-0.25490236282348633,0.17306634783744812,-0.5332435369491577,-0.04020530357956886,0.28313329815864563,-0.4711858332157135,0.1153937354683876,-0.027604449540376663,-0.3574092388153076,-0.48682087659835815,-0.257263720035553,0.2699229419231415,-0.10829631984233856,-0.046480096876621246,-0.26544299721717834,-0.0020290552638471127,-0.07542748749256134
CID005381226,832,0.32851460576057434,0.022520650178194046,0.19073551893234253,0.5562397241592407,-0.3879046142101288,0.09809309244155884,0.21559195220470428,0.33103546500205994,0.11008758842945099,0.31700581312179565,-0.08579857647418976,-0.3191993534564972,0.11810266971588135,0.1274690330028534,-0.04688562825322151,0.1908963918685913,0.009338589385151863,-0.26036474108695984,-0.028482865542173386,-0.4510726034641266,0.16070976853370667,-0.46530088782310486,0.014557999558746815,-0.8752163648605347,0.029360031709074974,0.08376634120941162,-0.236226886510849,-0.0345415398478508,0.018790919333696365,-0.09045210480690002,0.03972850367426872,0.09970888495445251,0.14284659922122955,-0.009805953130126,0.05684980750083923,0.049219656735658646,0.10098294913768768,0.33249861001968384,-0.218997985124588,-0.17580245435237885,0.03783898800611496,0.30823004245758057,0.12949040532112122,0.012863971292972565,-0.0985037311911583,0.2771250605583191,-0.04889613017439842,-0.20007018744945526,-0.11789683997631073,0.4167773723602295,0.4585998058319092,-0.028554081916809082,-0.31847861409187317,0.07413701713085175,-0.2048567831516266,0.1376902312040329,-0.01692848838865757,-0.1928117722272873,0.2341262549161911,-0.02306469716131687,-0.002194675849750638,-0.27261945605278015,0.057030417025089264,-0.16738635301589966,0.38221392035484314,0.22709348797798157,-0.3000496029853821,0.03670715540647507,0.08472397178411484,-0.0005148470518179238,0.11280643939971924,0.11682138592004776,-0.27148348093032837,-0.43463271856307983,-0.23502016067504883,0.2106243073940277,0.19639435410499573,-0.10249938815832138,-0.05615668743848801,-0.04200071096420288,0.4024565815925598,-0.31685933470726013,-0.34791111946105957,0.0009858787525445223,-0.02188304252922535,0.22325322031974792,0.09278979152441025,0.010191959328949451,0.048005715012550354,-0.485784113407135,-0.04972424730658531,0.24922585487365723,-0.04375194385647774,-0.016937000676989555,-0.20988509058952332,-0.10963201522827148,0.22622498869895935,-0.09174082428216934,0.07642345130443573,0.22232022881507874,0.1263086497783661,-0.022188419476151466,-0.03312244266271591,0.20587225258350372,0.08793292939662933,0.008276084437966347,0.09598319232463837,0.11169067770242691,0.4146997332572937,-0.04985525459051132,0.10491287708282471,0.05183195322751999,-0.1683625727891922,-0.3373519778251648,0.1729273796081543,0.3208828568458557,-0.17146244645118713,0.01957685872912407,-0.1062413826584816,0.3508693277835846,0.8115061521530151,-0.2389911711215973,0.20031413435935974,0.26471105217933655,-0.11051496118307114,0.27499741315841675,0.20295214653015137,0.007876371033489704,0.038347918540239334,0.2765982747077942,0.26395806670188904,-0.5641738176345825,-0.4457521438598633,0.30897966027259827,0.3918634355068207,0.21013879776000977,0.016594231128692627,0.14460717141628265,-0.007751363329589367,-0.08044407516717911,-0.08521556854248047,0.14733168482780457,0.24362941086292267,0.17349770665168762,-0.06423566490411758,0.06728361546993256,0.02775442600250244,0.48889169096946716,0.13754069805145264,0.4798007905483246,0.02429671213030815,-0.5243834853172302,-0.038336824625730515,0.2977065443992615,-0.15724022686481476,-0.023424379527568817,0.028939664363861084,-0.12336952984333038,-0.12047185748815536,0.02070321887731552,-0.09378354251384735,-0.044972013682127,0.052058588713407516,0.12131045013666153,-0.08849360048770905,0.09638924896717072,-0.17098066210746765,0.15861673653125763,0.12758098542690277,-0.04713047295808792,-0.02252861298620701,0.034071214497089386,-0.27057671546936035,-0.29793497920036316,0.16708451509475708,-0.08445174992084503,0.19288618862628937,-0.10049553960561752,0.7664621472358704,-0.0006486981874331832,-0.32166287302970886,0.10711224377155304,-0.04665335267782211,0.029469620436429977,0.22133465111255646,-0.023418935015797615,-0.10746254771947861,0.010906708426773548,0.20269350707530975,-0.4285372197628021,-0.14007073640823364,0.0035402358043938875,-0.0772041529417038,-0.37543433904647827,0.41166964173316956,0.06591302156448364,0.05844353511929512,-0.018641024827957153,-0.021328052505850792,-0.0477774441242218,-0.050778888165950775,-0.5045989751815796,0.1969236135482788,-0.29215556383132935,-0.06013507768511772,-0.07458209246397018,0.027100006118416786,-0.06362731009721756,0.011076373048126698,0.4479513168334961,0.28725141286849976,0.11453314125537872,0.16232487559318542,-0.05143193155527115,-0.016771819442510605,-0.20502448081970215,0.24799814820289612,0.4487084448337555,0.02860092744231224,0.07081588357686996,-0.20175865292549133,-0.07535684108734131,-0.2522178590297699,-0.08161915093660355,0.1692112237215042,-0.027565419673919678,0.10611710697412491,-0.04283633455634117,-0.04894346743822098,-0.02749655582010746,0.032681506127119064,0.16688156127929688,0.2606284022331238,-0.04135049507021904,0.14256325364112854,0.0022854148410260677,0.5346060991287231,-0.5953032970428467,-0.0658871978521347,-0.1822335422039032,-0.11108799278736115,-0.3100694417953491,0.1797514110803604,0.11262855678796768,-0.24437503516674042,-0.04324829578399658,0.028105860576033592,0.06474052369594574,-0.7013234496116638,-0.13102872669696808,0.26219943165779114,0.03761041909456253,0.1506691873073578,-0.2333255261182785,-0.03553440049290657,0.04554938152432442
CID000054374,833,0.2030148059129715,-0.20291642844676971,0.3145650327205658,0.8276358842849731,-0.24657444655895233,0.15102414786815643,-0.02989596128463745,0.18112364411354065,0.13370369374752045,-0.05669975280761719,0.06161004304885864,-0.17578120529651642,-0.3653019070625305,0.1974574774503708,0.2077576220035553,0.2335202991962433,-0.00820129830390215,-0.03544388711452484,0.2879236936569214,-0.8442319631576538,-0.1884559690952301,-0.15385016798973083,0.0046301246620714664,-0.8884835243225098,-0.10356850922107697,0.25957733392715454,0.1399170458316803,-0.07072152942419052,-0.041261445730924606,0.23185577988624573,-0.020822400227189064,0.045877452939748764,0.004982441663742065,0.3882741630077362,0.07143224030733109,-0.06716343015432358,0.08794913440942764,0.09256015717983246,-0.10762400925159454,-0.20684023201465607,-0.15989014506340027,-0.25006377696990967,-0.08146587014198303,-0.34907659888267517,-0.22330956161022186,0.08971796929836273,0.16356585919857025,-0.018443554639816284,0.04786181449890137,-0.12219294160604477,0.8984586596488953,-0.04693897068500519,0.07154100388288498,0.08836938440799713,0.015218948945403099,0.17977842688560486,0.4609294533729553,0.19223621487617493,0.9392545819282532,-0.04469148442149162,-0.00818648375570774,-0.32966089248657227,-0.2789357304573059,-0.08062031865119934,-0.23902392387390137,0.567937970161438,-0.3012130856513977,-0.009147693403065205,-0.12195523083209991,0.07840665429830551,-0.16842444241046906,-0.045588646084070206,0.01928699016571045,-0.2680666744709015,-0.2334214150905609,0.31748270988464355,-0.12075285613536835,0.11182311922311783,-0.012278241105377674,0.1548612117767334,1.1544325351715088,-0.2686198949813843,-0.48927298188209534,0.04224083945155144,0.23027172684669495,-0.40546688437461853,0.14067500829696655,0.6490539312362671,-0.1299663782119751,-0.8522661328315735,0.5109172463417053,0.18007680773735046,-0.1260451376438141,0.42811036109924316,0.2347629964351654,-0.603437066078186,0.3185179829597473,0.07546751946210861,0.04965277388691902,0.08922410011291504,0.4994807243347168,-0.19264738261699677,-0.05333135649561882,0.5563231110572815,-0.5746251940727234,-0.2907707989215851,-0.12322887033224106,0.10663209110498428,0.8526532053947449,0.32820582389831543,0.08916008472442627,0.14059282839298248,0.2595801055431366,0.06657353043556213,-0.5993884801864624,0.46526971459388733,0.3326244056224823,0.10938872396945953,0.2800872027873993,0.015721814706921577,0.8062337636947632,-0.37094658613204956,0.4970089793205261,0.2547036111354828,-0.3153002858161926,-0.15391705930233002,-0.05997995659708977,-0.008459020406007767,0.6638392210006714,-0.05084593966603279,0.28266581892967224,-0.5681506991386414,-0.36425337195396423,-0.23717017471790314,0.17921505868434906,0.5542408227920532,0.24046878516674042,0.17203852534294128,0.013985341414809227,-0.9929262399673462,-0.13588549196720123,0.13940423727035522,-0.21665343642234802,0.14546354115009308,0.10856305062770844,0.2809458374977112,-0.15595075488090515,0.8035867810249329,-0.15677019953727722,0.2290804088115692,0.00994486827403307,-0.4783373773097992,-0.23907680809497833,0.01818579062819481,0.054944563657045364,-0.15266461670398712,0.08211202919483185,-0.2522900402545929,0.1933138370513916,0.04854612797498703,0.20557120442390442,-0.30057650804519653,0.16699372231960297,0.01859227940440178,-0.24444715678691864,0.04638848453760147,-0.38728994131088257,-0.033510494977235794,-0.07183951139450073,0.20838558673858643,-0.06979216635227203,-0.15705649554729462,-0.08488143980503082,0.033181510865688324,0.13810086250305176,-0.1315062940120697,-0.19579708576202393,-0.3646301329135895,0.8604419827461243,0.13475973904132843,-0.47946056723594666,0.09631452709436417,-0.1615445911884308,0.27186447381973267,0.23764315247535706,-0.27160146832466125,-0.42185741662979126,0.2361140251159668,0.48915234208106995,-0.3580405116081238,0.1058402881026268,0.051312558352947235,-0.07369868457317352,-0.5492879748344421,0.13781790435314178,0.026937071233987808,-0.3029616177082062,-0.071857750415802,0.3209233283996582,0.033868204802274704,-0.37175145745277405,-0.19067227840423584,0.07263389229774475,-0.3134365975856781,0.1534583866596222,-0.12896114587783813,0.09217564016580582,-0.17535611987113953,0.18168902397155762,0.9470092058181763,0.3738700747489929,-0.16827377676963806,0.07076431810855865,0.23343002796173096,0.10164310038089752,-0.19677455723285675,0.04131477326154709,0.45058679580688477,0.6695491075515747,0.28101226687431335,-0.2129008024930954,-0.4160611033439636,0.2070993185043335,-0.4871724545955658,0.10891763865947723,0.0668674111366272,-0.015138531103730202,-0.575366735458374,0.20278501510620117,-0.031754106283187866,-0.1689768135547638,0.2863164246082306,0.09847290813922882,0.23840579390525818,-0.31044310331344604,-0.01934727653861046,0.6581811904907227,-0.2777900993824005,-0.10528284311294556,-0.028643842786550522,-0.25148069858551025,-1.1671627759933472,-0.5130552053451538,0.28695112466812134,0.11869213730096817,0.03034345433115959,-0.17981462180614471,-0.02222944051027298,-0.8999430537223816,-0.24453386664390564,0.5658808946609497,0.33356472849845886,0.2551043927669525,-0.04283459484577179,-0.019884701818227768,-0.12296291440725327
CID000002130,847,0.15212969481945038,0.08554255962371826,-0.012344223447144032,0.6289828419685364,-0.4507034420967102,0.04023228585720062,-0.0771140307188034,-0.001972970087081194,-0.051430147141218185,0.08957097679376602,0.08056309074163437,-0.0966060608625412,-0.275023877620697,-0.05720631405711174,0.003586542559787631,-0.044744543731212616,0.04855670407414436,-0.2243655025959015,-0.03216391056776047,-0.6323579549789429,0.09898022562265396,-0.07322672009468079,0.03619227558374405,-0.7988744974136353,-0.0008802682277746499,0.04388975352048874,0.01018147636204958,-0.3071841895580292,0.1259191930294037,0.10293247550725937,0.2848297953605652,0.32264241576194763,-0.09046943485736847,0.08380933105945587,-0.08639145642518997,-0.05565585941076279,-0.11188055574893951,-0.021480808034539223,-0.0072646187618374825,-0.15369409322738647,-0.4491291046142578,-0.041910164058208466,0.012647640891373158,-0.28133708238601685,0.05155186727643013,0.40034136176109314,-0.06257534772157669,0.14598563313484192,0.030855312943458557,0.15827155113220215,0.5763384103775024,-0.2759459316730499,-0.24616941809654236,0.0474005751311779,0.3702835440635681,-0.13686402142047882,0.41455262899398804,-0.2059975564479828,0.020049119368195534,0.0763603076338768,0.026028582826256752,-0.12932170927524567,-0.3786829710006714,-0.11299748718738556,0.11771285533905029,0.5564302206039429,-0.17952115833759308,-0.14072754979133606,-0.06956271082162857,0.06340815126895905,-0.16374905407428741,-0.19360144436359406,-0.34651297330856323,-0.18667390942573547,-0.15829771757125854,-0.0073537677526474,0.23937423527240753,0.04065456986427307,-0.09414210170507431,0.18251141905784607,0.6776007413864136,-0.5470403432846069,-0.2908928394317627,0.36384090781211853,0.2174290418624878,-0.13982921838760376,0.22143542766571045,0.21333400905132294,-0.23555251955986023,-0.5702746510505676,-0.13673408329486847,0.18893131613731384,-0.1969480961561203,0.34677499532699585,-0.07614000141620636,-0.2067621648311615,0.02698451839387417,-0.27878302335739136,0.20211143791675568,0.35190069675445557,-0.1887546330690384,-0.026655390858650208,-0.2804470658302307,-0.06441572308540344,-0.13646265864372253,0.13738009333610535,0.013639849610626698,-0.04996870830655098,0.5350323915481567,0.2578912377357483,0.0016955242026597261,0.1775897592306137,0.16628208756446838,-0.1521560251712799,0.1293594092130661,0.4007534384727478,0.007889265194535255,-0.30759909749031067,0.023966383188962936,0.21973121166229248,0.8341467976570129,-0.10618458688259125,0.2524198889732361,0.1535821110010147,-0.2275073081254959,0.07781015336513519,-0.021709471940994263,-0.2015937864780426,0.09262561053037643,-0.12284953892230988,0.16544929146766663,-0.7437467575073242,-0.3475576937198639,0.07244721055030823,0.262172669172287,0.21316078305244446,-0.018881265074014664,-0.08474195003509521,0.08778175711631775,-0.38927826285362244,-0.13131174445152283,0.10180149227380753,0.058575354516506195,-0.11543343961238861,-0.06508822739124298,-0.055351901799440384,0.1483277529478073,0.5879131555557251,-0.10239175707101822,0.20609429478645325,-0.10120347887277603,-0.6192699670791626,-0.037885911762714386,0.10132627189159393,-0.10724544525146484,0.05325699970126152,-0.28145739436149597,-0.24553708732128143,-0.4719305634498596,0.178452268242836,0.14969724416732788,-0.16907832026481628,0.04771333187818527,0.24442271888256073,0.05265646427869797,-0.2454674243927002,-0.06282508373260498,0.26989006996154785,-0.1091243177652359,0.23797133564949036,-0.042214736342430115,-0.2579663395881653,-0.03772445395588875,-0.3563500642776489,-0.062155455350875854,-0.3136112093925476,0.14528915286064148,-0.20630481839179993,0.462547242641449,0.15999116003513336,-0.3877047002315521,0.4961927533149719,-0.37774235010147095,0.011213770136237144,0.1461920440196991,-0.0891183465719223,-0.34015437960624695,-0.14738547801971436,-0.20061488449573517,-0.26274818181991577,0.1816708892583847,-0.25514301657676697,0.11564464867115021,-0.24999138712882996,0.1502581536769867,-0.22808882594108582,0.08689333498477936,0.1027272492647171,0.1207297071814537,0.16311414539813995,-0.2860545516014099,-0.1983417421579361,-0.04209201782941818,-0.11962568759918213,-0.16455110907554626,-0.15879495441913605,-0.2645505368709564,-0.19464978575706482,-0.017789671197533607,0.7025921940803528,0.32529187202453613,0.39000341296195984,0.19554370641708374,0.2856643795967102,-0.004189816769212484,-0.33327263593673706,-0.15005213022232056,0.5355163216590881,-0.03253834322094917,-0.06961383670568466,0.06745278835296631,-0.11881636083126068,0.022798586636781693,-0.3022915720939636,-0.054636694490909576,-0.27107641100883484,-0.09004215896129608,-0.1367955505847931,-0.19300833344459534,0.015718922019004822,-0.20473189651966095,0.6662429571151733,0.12611958384513855,-0.08798998594284058,-0.044326186180114746,0.22924673557281494,0.5878651142120361,-0.38045424222946167,0.03835337236523628,-0.2036224603652954,0.11565667390823364,-0.522242546081543,0.05639587715268135,0.2986704409122467,0.005772216711193323,0.38709381222724915,-0.14615492522716522,0.16781774163246155,-1.0129058361053467,-0.3581770062446594,0.24440312385559082,0.20249097049236298,0.32392555475234985,-0.12464646995067596,-0.07985009253025055,-0.0539790615439415
CID000060612,848,0.04345975071191788,-0.11717033386230469,0.06328211724758148,0.32983726263046265,-0.488660991191864,0.04010354354977608,0.3245046138763428,0.29354599118232727,0.02752584218978882,0.2371387928724289,0.10531683266162872,0.062312960624694824,-0.0647750124335289,0.07596281915903091,-0.28732728958129883,0.00322720711119473,-0.07975193113088608,0.030777573585510254,0.06553478538990021,-0.40587252378463745,0.032294999808073044,-0.26912906765937805,0.23157517611980438,-0.7733931541442871,0.2027605026960373,0.18049493432044983,-0.052526265382766724,-0.0680290013551712,0.036447715014219284,0.05462915822863579,0.05763678997755051,0.18605446815490723,0.04481670260429382,0.01886039972305298,0.06372887641191483,-0.132552370429039,0.18242160975933075,0.1374993622303009,0.25504130125045776,-0.022312665358185768,-0.04981010779738426,-0.26673591136932373,0.1378571093082428,-0.1978946179151535,-0.17017130553722382,0.30263179540634155,0.06422194838523865,0.006026712246239185,0.12857578694820404,-0.03635946288704872,0.23862405121326447,0.07635648548603058,-0.27718234062194824,0.02120775356888771,0.09701001644134521,-0.05884218215942383,0.11968835443258286,0.08831168711185455,0.05475006625056267,-0.07694151997566223,-0.18914546072483063,-0.3440302014350891,0.1470402032136917,-0.0704166516661644,0.1897968351840973,0.2770765423774719,-0.23527435958385468,-0.19250711798667908,0.24165359139442444,0.24461472034454346,0.007300013210624456,-0.04249415546655655,-0.3737725019454956,-0.3711044490337372,-0.26210570335388184,-0.08882124722003937,-0.016340339556336403,0.11362238228321075,0.030748534947633743,-0.20522379875183105,0.0307305958122015,-0.6179283261299133,-0.3001851439476013,0.11853864043951035,0.06531872600317001,-0.0018323123222216964,0.13962042331695557,0.16974139213562012,-0.11122401803731918,-0.6213887333869934,-0.10611672699451447,0.16878297924995422,0.002280107233673334,-0.03851789981126785,0.04045683145523071,-0.19640551507472992,-0.265405535697937,0.14889875054359436,-0.2926153540611267,0.015173588879406452,-0.15407535433769226,0.0581817552447319,-0.001236772513948381,0.37503582239151,0.20200291275978088,-0.020564919337630272,-0.20748639106750488,0.13483916223049164,0.4085404872894287,-0.26809412240982056,-0.11720292270183563,0.14974360167980194,-0.0713493674993515,-0.038476090878248215,0.02222241833806038,0.20299501717090607,0.040682755410671234,0.03408009558916092,-0.16744384169578552,0.24061837792396545,0.5864925384521484,-0.18425434827804565,0.28466445207595825,0.16501644253730774,-0.10658750683069229,0.22807054221630096,0.05847710371017456,-0.008181322365999222,0.3161083459854126,0.05022111535072327,0.18086525797843933,-0.5639389753341675,-0.47684088349342346,0.076792873442173,0.22207555174827576,0.025305617600679398,-0.1165866106748581,0.305492103099823,-0.08144418895244598,-0.25650927424430847,-0.17517882585525513,0.1311432421207428,0.05032072216272354,-0.03231355920433998,-0.04298468306660652,0.22942495346069336,-0.07285682111978531,0.3003610074520111,-0.0011520249536260962,0.2043459415435791,0.20255525410175323,-0.20688708126544952,-0.1690444052219391,0.22733500599861145,-0.26549580693244934,-0.131109818816185,-0.049858640879392624,-0.04733695089817047,-0.09728439897298813,0.1707451492547989,-0.06257323920726776,0.08596102893352509,0.05890544503927231,0.07070626318454742,-0.1267983764410019,-0.06716456264257431,-0.23577702045440674,0.16407707333564758,0.02233830653131008,0.1303732544183731,0.05913972109556198,-0.11460721492767334,-0.20761486887931824,-0.13779647648334503,0.07438182830810547,-0.034580130130052567,0.1945813000202179,-0.2862307131290436,0.3186876177787781,0.0500575415790081,0.12751132249832153,0.10317407548427582,-0.10541210323572159,-0.1721503883600235,0.05659005790948868,0.15791049599647522,-0.09298954159021378,0.02279527112841606,-0.03477758169174194,-0.26531606912612915,-0.10750110447406769,0.06387121975421906,0.2677597999572754,-0.010001850314438343,0.15185968577861786,-0.16069228947162628,0.07137863337993622,-0.06462103873491287,0.15655523538589478,0.011784801259636879,0.11761639267206192,-0.3970611095428467,-0.09441410005092621,-0.31413036584854126,0.034584153443574905,-0.17689403891563416,-0.10609614849090576,0.15178410708904266,-0.08009684085845947,0.3677920401096344,0.2794432044029236,0.2403165102005005,0.2930762469768524,0.14630018174648285,0.08449506759643555,-0.057607345283031464,-0.23557627201080322,0.10450901091098785,0.10852383077144623,-0.1583041399717331,0.022692661732435226,-0.13845178484916687,0.0025459558237344027,-0.16179528832435608,-0.05607406422495842,0.12310551106929779,0.2602279782295227,-0.09258555620908737,0.13590343296527863,-0.07188790291547775,-0.0434369258582592,-0.12832264602184296,0.2116861790418625,0.014873886480927467,-0.21309144794940948,0.04863698035478592,0.2979528307914734,-0.4650188982486725,0.04022975265979767,-0.07333625108003616,0.15277738869190216,-0.3770497441291809,0.13075119256973267,0.33996036648750305,0.05265367031097412,-0.06936182826757431,0.13447663187980652,-0.01439359225332737,-0.6792200207710266,-0.1381283700466156,0.2906795144081116,-0.43643301725387573,0.14498189091682434,-0.4101030230522156,0.11673343181610107,0.016853421926498413
CID000002720,855,0.13658900558948517,-0.007793131284415722,-0.09667254239320755,0.2831801474094391,-0.3522196114063263,0.1252930462360382,0.19274647533893585,0.23360911011695862,-0.04588700458407402,0.24284327030181885,0.34917107224464417,0.16875000298023224,0.07879191637039185,0.1154283881187439,-0.2138184756040573,-0.19663238525390625,-0.13149705529212952,-0.20478229224681854,0.13985925912857056,-0.3634874224662781,0.08733302354812622,-0.2358398139476776,-0.11667545139789581,-0.7630665302276611,0.09528473764657974,0.09207077324390411,-0.1583075374364853,0.09969796985387802,-0.01898956671357155,0.10200415551662445,0.042348749935626984,0.25102952122688293,-0.0775868147611618,-0.10781542956829071,-0.06128647178411484,0.01607412099838257,0.19410854578018188,-0.017890986055135727,0.2411019504070282,-0.1442933976650238,0.06190984323620796,-0.38096192479133606,0.30546116828918457,-0.2504230737686157,-0.17599444091320038,0.42889347672462463,0.019421536475419998,-0.007370584644377232,0.15060269832611084,-0.04938708618283272,0.193169966340065,0.19759711623191833,-0.20763060450553894,-0.015028241090476513,0.07326222956180573,-0.11518670618534088,-0.053815048187971115,0.18809008598327637,-0.023161161690950394,0.14380666613578796,-0.28728729486465454,-0.2703990340232849,0.020860541611909866,0.00014287829981185496,0.3083256185054779,0.3875957429409027,-0.1731845736503601,-0.021458666771650314,0.20936965942382812,0.029952552169561386,0.12095434963703156,-0.03860840946435928,-0.34726205468177795,-0.3991495370864868,-0.25848010182380676,0.0035926043055951595,-0.027770329266786575,0.2186094969511032,-0.1506308764219284,-0.0928749218583107,-0.0758296474814415,-0.5597560405731201,-0.3094307482242584,0.13735809922218323,0.006586906965821981,-0.07755034416913986,0.28742310404777527,0.024195406585931778,-0.0823473259806633,-0.5813276767730713,-0.05177728086709976,0.22703775763511658,0.041689492762088776,0.01130057405680418,-0.10832808166742325,-0.31606924533843994,-0.16863763332366943,-0.008494329638779163,-0.19103869795799255,0.19855710864067078,-0.27113810181617737,0.1035582572221756,-0.09158418327569962,0.2949766218662262,0.2652433216571808,0.039809875190258026,-0.09995472431182861,0.10537217557430267,0.43449801206588745,-0.25386691093444824,-0.04872696474194527,0.18271894752979279,-0.15267488360404968,-0.008086604066193104,0.19762739539146423,0.208500474691391,-0.049407850950956345,0.021627027541399002,-0.1591532677412033,0.3201771378517151,0.5397189855575562,-0.13125628232955933,0.2726845443248749,0.2547241449356079,0.040025267750024796,0.18598833680152893,-0.023473521694540977,0.12497971951961517,0.30546411871910095,-0.03753429651260376,-0.0012426853645592928,-0.382191002368927,-0.33556315302848816,0.13312317430973053,0.3079814314842224,-0.16535674035549164,-0.1888422816991806,0.2987198233604431,-0.338630348443985,-0.22310896217823029,-0.22153404355049133,0.18048861622810364,0.07117755711078644,-0.19911542534828186,-0.035413555800914764,0.2859373092651367,-0.083537258207798,0.2735746502876282,0.008550846949219704,0.18055811524391174,-0.09440308809280396,-0.1438501626253128,-0.1493622362613678,0.40922775864601135,-0.3322640359401703,-0.10431990772485733,-0.056104280054569244,-0.021449513733386993,-0.11932015419006348,0.2994093894958496,0.08014030009508133,0.1505052149295807,-0.059886932373046875,0.19155649840831757,-0.1461782157421112,-0.18659436702728271,-0.23296383023262024,0.17493218183517456,-0.08382300287485123,0.276927649974823,0.0535309836268425,-0.20141033828258514,-0.20114776492118835,-0.31583306193351746,0.011377042159438133,-0.1289364993572235,0.1806975156068802,-0.26918500661849976,0.31451350450515747,-0.15878137946128845,0.2521776854991913,-0.04846539348363876,-0.1204744428396225,-0.19275572896003723,0.10147227346897125,0.2763053774833679,-0.10619378089904785,-0.10713784396648407,-0.18747374415397644,-0.30924731492996216,-0.0096041951328516,0.004057448823004961,0.2584165632724762,0.18016457557678223,0.11311451345682144,-0.1471881866455078,0.09306912124156952,0.04148763045668602,0.044602904468774796,0.0992034524679184,0.21898195147514343,-0.3262184262275696,-0.07976074516773224,-0.28266528248786926,-0.08389021456241608,-0.19210529327392578,-0.13752904534339905,0.07226669788360596,-0.04347921162843704,0.35674113035202026,0.36088401079177856,0.1933765709400177,0.32618698477745056,0.1628563106060028,-0.043951984494924545,-0.1011398658156395,-0.1731976568698883,0.12466070801019669,0.07333014160394669,-0.09043408930301666,-0.00432180892676115,-0.09488147497177124,-0.06957430392503738,-0.21655941009521484,-0.040112752467393875,-0.06954587996006012,0.11359312385320663,0.009514812380075455,-0.07038997858762741,0.0428953617811203,-0.05589228868484497,-0.15784808993339539,0.22172924876213074,-0.04850690811872482,-0.2308543175458908,-0.12900333106517792,0.25597304105758667,-0.39107808470726013,0.13550788164138794,-0.16480445861816406,0.1863531917333603,-0.31058141589164734,0.1782311052083969,0.26766476035118103,-0.0678141787648201,-0.13297472894191742,0.0681929960846901,0.08261384069919586,-0.5313180685043335,-0.1249128133058548,0.33251240849494934,-0.3143075406551361,0.05699164792895317,-0.3214907646179199,0.07566306740045547,-0.025813424959778786
CID003081884,859,0.4419894814491272,0.02654236927628517,0.4307292103767395,0.49580511450767517,-0.30546432733535767,0.025544678792357445,-0.07009536772966385,0.15235643088817596,-0.1628994196653366,0.24659745395183563,-0.32975420355796814,-0.24785073101520538,-0.29933080077171326,0.3071821928024292,-0.12262201309204102,0.22732281684875488,-0.13354435563087463,-0.15544478595256805,0.10256713628768921,-0.6502535939216614,-0.17309154570102692,0.027384478598833084,0.1087244302034378,-1.0066622495651245,-0.3142702877521515,0.04606995731592178,-0.09948267787694931,0.1349681168794632,0.28451335430145264,0.0270428154617548,0.002059202641248703,0.367613285779953,0.21295614540576935,0.02132793888449669,-0.14992311596870422,0.42681652307510376,0.15766656398773193,0.15438535809516907,-0.13399504125118256,-0.33844882249832153,-0.28205186128616333,-0.09254739433526993,-0.09294740855693817,-0.22951722145080566,-0.010459723882377148,0.1955426186323166,-0.11583824455738068,-0.03446414694190025,-0.17841865122318268,0.26752740144729614,0.6102123260498047,-0.23360924422740936,0.12565651535987854,-0.14566881954669952,0.12797057628631592,-0.1904054433107376,0.02539096772670746,0.03900238871574402,0.5411660075187683,-0.28204071521759033,-0.12684325873851776,-0.32993578910827637,0.026664549484848976,0.07414121925830841,0.26739051938056946,0.7122858762741089,-0.2673152983188629,0.2512872815132141,0.1582484245300293,-0.21424511075019836,-0.06953246146440506,0.27608129382133484,-0.2978246510028839,-0.32162123918533325,0.026586811989545822,0.8765802383422852,0.14397132396697998,0.08751873672008514,-0.023642469197511673,0.31443312764167786,0.5145639181137085,-0.48001450300216675,-0.5426396727561951,0.09596380591392517,0.0830090194940567,-0.32418060302734375,0.2510449290275574,0.3417680263519287,-0.08869386464357376,-0.8912808299064636,0.07023626565933228,0.161468505859375,0.039272330701351166,0.05530659109354019,0.13224776089191437,-0.3496881127357483,-0.030774449929594994,0.42531710863113403,0.40263882279396057,0.40097254514694214,-0.33706676959991455,0.005268558859825134,0.1697498857975006,0.2486468106508255,-0.2149684727191925,0.10553040355443954,0.24194476008415222,-0.3960302770137787,0.7010339498519897,0.2517856955528259,0.09161029756069183,0.2091873437166214,-0.1674729883670807,0.03120645508170128,-0.30168864130973816,0.27521830797195435,-0.09680401533842087,0.3105012774467468,0.3431346118450165,0.24221298098564148,0.9005687832832336,-0.08204390108585358,0.2489321231842041,0.1582634150981903,-0.3222944438457489,0.08115420490503311,-0.03272037208080292,0.10534133017063141,-0.09266286343336105,-0.07656843215227127,0.3115299344062805,-0.7638023495674133,-0.3242661654949188,0.22860746085643768,0.1970801204442978,0.23996415734291077,-0.23559963703155518,0.14820349216461182,0.22691957652568817,-0.41418617963790894,-0.1988876760005951,0.2603055536746979,-0.18835660815238953,0.08919493108987808,-0.024842549115419388,0.10335464775562286,-0.04455896466970444,0.7112694978713989,-0.01857282780110836,0.08801860362291336,0.007327476050704718,-0.20609399676322937,0.2538682818412781,0.13209065794944763,-0.06575777381658554,-0.09635290503501892,-0.16147398948669434,-0.3272424340248108,-0.1147320494055748,0.3938741981983185,-0.09151072055101395,0.06112557649612427,-0.07935631275177002,0.28107577562332153,0.017741411924362183,-0.26981261372566223,-0.12955805659294128,-0.04512407258152962,-0.1282680332660675,0.09740166366100311,-0.1987714320421219,-0.11363339424133301,0.13997375965118408,-0.2728992700576782,0.022471819072961807,-0.01541786640882492,-0.0705411285161972,0.10758818686008453,0.6796184778213501,0.15447065234184265,-0.008082054555416107,-0.04043220356106758,-0.3558309078216553,-0.07072637230157852,0.6912275552749634,-0.0004724249301943928,-0.8542145490646362,0.4432538151741028,-0.00591596495360136,-0.4580010771751404,-0.04595572501420975,-0.027936970815062523,0.31546977162361145,-0.2926088571548462,0.08725272119045258,0.14934152364730835,0.2914469838142395,0.26619985699653625,0.03467067331075668,-0.42797136306762695,-0.18403586745262146,-0.31187212467193604,0.5354524254798889,-0.12668897211551666,0.040327899158000946,-0.32203370332717896,0.0492219552397728,-0.3079245984554291,0.28138458728790283,0.39404553174972534,0.3466793894767761,0.19789457321166992,0.10925619304180145,0.44526147842407227,0.10596420615911484,-0.45452433824539185,0.09648958593606949,0.2234683483839035,0.16967065632343292,0.44857653975486755,-0.015935517847537994,-0.16947220265865326,0.2210201770067215,-0.22974248230457306,0.05348814278841019,0.3587125241756439,-0.3457384705543518,-0.25577956438064575,-0.2707325518131256,0.07907438278198242,0.05091171711683273,0.31966352462768555,0.2793310284614563,0.034549690783023834,0.19934067130088806,0.4199889600276947,0.5405582785606384,-0.590954601764679,0.2036154717206955,-0.2523266673088074,0.134029820561409,-1.0003821849822998,-0.06882031261920929,0.41256800293922424,0.10812940448522568,-0.07013989239931107,-0.32356464862823486,-0.15067452192306519,-0.7995823621749878,-0.5785306096076965,0.3508549928665161,-0.015341135673224926,0.2162255048751831,-0.035847753286361694,0.30885058641433716,0.10187393426895142
CID000002142,864,0.36538639664649963,0.2524576187133789,-0.03352651745080948,0.6159858107566833,-0.5114589333534241,0.24863465130329132,-0.17223136126995087,0.20031027495861053,0.014187576249241829,0.3847949802875519,-0.17541590332984924,-0.34085577726364136,-0.31309962272644043,0.4484049379825592,0.08801178634166718,-0.0029710798989981413,-0.23235313594341278,-0.3478574752807617,0.2540126144886017,-0.6680404543876648,0.22040590643882751,-0.09389971196651459,-0.05365213751792908,-0.7479185461997986,-0.1800987422466278,-0.1591099053621292,-0.39292559027671814,-0.16911044716835022,0.018570734187960625,-0.04858408123254776,-0.006401282735168934,0.13583937287330627,0.05146784707903862,-0.08471902459859848,-0.12841658294200897,0.06782516837120056,-0.19342897832393646,0.40704646706581116,0.023405522108078003,-0.03966515138745308,-0.10667634010314941,0.03358163684606552,0.086717888712883,0.046682216227054596,-0.19741475582122803,0.28207165002822876,-0.10354892909526825,-0.03754819929599762,0.08988307416439056,0.29103022813796997,0.7780939936637878,-0.13264140486717224,-0.06327494978904724,0.1279924064874649,0.08728501945734024,-0.19472858309745789,0.24605445563793182,-0.05154935270547867,0.4166072905063629,-0.08606267720460892,-0.1525736153125763,-0.5112435817718506,-0.4099404811859131,-0.2443176507949829,-0.27438077330589294,0.9618484377861023,-0.2572307586669922,0.36698105931282043,0.02350698411464691,0.028046730905771255,0.011701425537467003,-0.14993587136268616,-0.20935353636741638,-0.4953070282936096,-0.061811406165361404,0.31518352031707764,-0.08866091072559357,-0.16315817832946777,-0.302825003862381,0.001573324901983142,-0.16415825486183167,-0.4989805221557617,-0.30213499069213867,0.25376129150390625,-0.023537185043096542,-0.5166764855384827,-0.07572349160909653,0.05436862260103226,-0.09116341173648834,-0.8957657814025879,-0.09770412743091583,0.08951152116060257,0.16771073639392853,0.15467488765716553,-0.1675146073102951,-0.2922326922416687,0.05835084244608879,0.09266255050897598,0.3254696726799011,0.3141850233078003,-0.08567702770233154,0.14299815893173218,-0.046731360256671906,0.2886980175971985,-0.41371744871139526,-0.051631223410367966,0.04681515321135521,-0.12057976424694061,0.33808034658432007,0.12504684925079346,-0.12413980066776276,0.3209468722343445,0.21980063617229462,-0.6646231412887573,-0.25518712401390076,0.09581555426120758,-0.23092560470104218,-0.11184205114841461,-0.038674019277095795,0.12782078981399536,0.8708552122116089,-0.016834307461977005,0.14590300619602203,-0.08442290127277374,-0.18669581413269043,0.4746181070804596,0.006909647490829229,-0.5095067024230957,0.1271066665649414,-0.0012656331527978182,0.05444763973355293,-0.6306909322738647,-0.413773775100708,0.036600127816200256,0.129648357629776,0.26338300108909607,0.056705277413129807,0.4424697756767273,0.03592372685670853,-0.19695499539375305,0.0928695797920227,0.4613669514656067,0.09133611619472504,-0.23356910049915314,0.09538835287094116,0.17336013913154602,-0.45357879996299744,0.8514069318771362,-0.21279461681842804,-0.06809534132480621,0.08477648347616196,-0.5493749380111694,0.18658365309238434,0.21757812798023224,-0.25950878858566284,0.030792349949479103,0.10920453071594238,0.002738135401159525,0.12280847132205963,0.18330278992652893,-0.034456297755241394,-0.06235990673303604,-0.0772516280412674,0.12450696527957916,-0.05414212867617607,-0.03924037888646126,0.29555821418762207,-0.12881484627723694,-0.2675338685512543,-0.014599734917283058,0.10306813567876816,0.051436908543109894,-0.09680530428886414,-0.2140963077545166,-0.05324574187397957,0.04141508787870407,-0.06883145868778229,-0.07675065100193024,0.6933126449584961,0.12539581954479218,0.06511081010103226,0.3451487421989441,-0.2047640085220337,-0.22201117873191833,0.2995370328426361,-0.07436686754226685,-0.10209645330905914,-0.06027042865753174,0.32702627778053284,-0.2634885907173157,0.08811485767364502,-0.08430230617523193,-0.05332662910223007,-0.11339300870895386,0.4008135199546814,0.2979484796524048,-0.017922192811965942,0.08809618651866913,0.0007044479134492576,0.4589751660823822,-0.1840568482875824,-0.35798996686935425,0.17747437953948975,-0.12249697744846344,-0.04627453163266182,0.36046701669692993,-0.12031950801610947,0.08596950769424438,1.0061339139938354,0.4133833944797516,0.43991169333457947,0.2775628864765167,0.004811218939721584,0.30770307779312134,-0.19296973943710327,-0.2637578248977661,0.03406763821840286,0.22901126742362976,0.3184298872947693,0.4435654580593109,-0.16330891847610474,-0.20928533375263214,-0.30730846524238586,-0.21756014227867126,-0.10138442367315292,0.1563163697719574,-0.023446012288331985,-0.3062609136104584,-0.1475936770439148,0.24629583954811096,-0.003379675792530179,0.17924568057060242,-0.12974832952022552,-0.07965744286775589,0.016052663326263428,0.14621104300022125,0.9914976358413696,-0.6323423981666565,0.0009767025476321578,-0.24997346103191376,0.006876456551253796,-0.33222633600234985,-0.0894397720694542,0.47392016649246216,-0.243252232670784,-0.01120288111269474,0.251913845539093,0.059388887137174606,-0.9232885241508484,-0.5629348754882812,0.20757031440734863,-0.23035573959350586,0.07918384671211243,-0.4232063293457031,0.038461752235889435,0.6524655222892761
CID000003152,869,0.11066292226314545,0.14642532169818878,0.04741724953055382,0.3770601153373718,-0.37848877906799316,0.12904851138591766,0.18050336837768555,0.16183629631996155,-0.17323844134807587,0.17125734686851501,-0.10508819669485092,0.07494866102933884,-0.035819441080093384,0.07242441177368164,-0.14328932762145996,-0.24917694926261902,-0.02114090695977211,-0.19232599437236786,-0.07840315997600555,-0.4589313566684723,0.1481366753578186,-0.28170499205589294,-0.20664973556995392,-0.8080608248710632,0.10821302980184555,0.02951495721936226,-0.228907972574234,-0.08198387920856476,0.036851007491350174,0.1622520536184311,0.07636258751153946,0.3201847970485687,0.002450108528137207,0.30350083112716675,0.05698081851005554,0.04988978058099747,-0.1831417679786682,0.11194829642772675,0.181984081864357,-0.2401307374238968,0.05488427355885506,-0.1841159462928772,0.07427138090133667,-0.3965948522090912,-0.14422611892223358,0.47988590598106384,0.03043806552886963,-0.08100143820047379,0.1832689493894577,-0.04716804251074791,0.17558534443378448,0.061026282608509064,-0.32549232244491577,-0.1317509263753891,0.21419203281402588,-0.07046519219875336,-0.1253434121608734,0.14905604720115662,-0.10414953529834747,0.033317700028419495,-0.10193876922130585,-0.08263449370861053,-0.019815515726804733,-0.04612099379301071,0.27825266122817993,0.29023510217666626,-0.21000759303569794,-0.10433997958898544,0.16985931992530823,0.018003230914473534,0.05748244374990463,-0.009048253297805786,-0.4334518015384674,-0.14896580576896667,-0.08598384261131287,0.26642391085624695,-0.04468880593776703,0.26457133889198303,-0.106955885887146,0.14668013155460358,0.2836135923862457,-0.42632779479026794,-0.2686574161052704,-0.11664340645074844,0.15549802780151367,-0.26095062494277954,0.13968729972839355,0.020821353420615196,-0.09459465742111206,-0.6902366280555725,-0.12086516618728638,0.1225852519273758,0.024388359859585762,0.08125481009483337,0.14456740021705627,-0.3718942105770111,0.002045445842668414,-0.1560220718383789,0.4383050501346588,0.03606289252638817,-0.0919044017791748,-0.0002438664378132671,-0.05476612597703934,0.3114974796772003,0.007938320748507977,0.0665210708975792,0.20455434918403625,0.003168171737343073,0.568597137928009,-0.14837530255317688,-0.3021566867828369,0.23675572872161865,-0.32779231667518616,-0.02402094565331936,0.05788859724998474,0.26177194714546204,0.041524432599544525,-0.2221522033214569,-0.2128911018371582,0.042816199362277985,0.6366850733757019,-0.035942673683166504,0.33358660340309143,0.29842865467071533,0.09776507318019867,0.028086906298995018,0.046193044632673264,0.052361954003572464,0.13542266190052032,-0.1966429054737091,0.05926275998353958,-0.511633038520813,-0.2946065068244934,-0.032386209815740585,0.22094030678272247,0.06342341005802155,-0.17095455527305603,0.08966904133558273,0.15895549952983856,-0.259737104177475,-0.06910363584756851,-0.0248974971473217,0.21025219559669495,-0.13689932227134705,-0.05174862593412399,0.08989600092172623,0.008662546053528786,0.356617271900177,0.002581947948783636,0.13122126460075378,0.001731526805087924,-0.37489497661590576,-0.19068214297294617,0.2009296417236328,-0.3079250454902649,-0.3455773591995239,-0.08260788768529892,-0.22237201035022736,-0.11308352649211884,0.358033686876297,0.010061305947601795,-0.24313899874687195,-0.0957394614815712,0.14444425702095032,0.1250384896993637,-0.0012108602095395327,-0.25348979234695435,-0.026621133089065552,-0.15298745036125183,0.1898898184299469,0.06929457187652588,-0.21696415543556213,-0.20199331641197205,-0.34027576446533203,-0.055890120565891266,-0.08862617611885071,0.21061599254608154,-0.18710173666477203,0.44087284803390503,-0.0743808001279831,-0.024682339280843735,0.00790587067604065,-0.2259264439344406,-0.12850913405418396,0.34043362736701965,0.1439308375120163,-0.33722326159477234,-0.004931640811264515,0.017238976433873177,-0.18038085103034973,-0.11585821956396103,0.04197106510400772,0.20282168686389923,-0.09251577407121658,0.09509819000959396,-0.13082054257392883,0.13378213346004486,-0.09442193806171417,0.1901911199092865,0.08758597075939178,0.06426862627267838,-0.15345114469528198,0.07883461564779282,-0.22550436854362488,0.18775765597820282,-0.20695450901985168,-0.10817935317754745,-0.11996860802173615,-0.08487516641616821,0.37055307626724243,0.2913513779640198,-0.23086610436439514,0.12404532730579376,0.24188676476478577,0.09689120203256607,-0.015940720215439796,-0.05706917494535446,0.17860452830791473,0.09435729682445526,0.06786106526851654,-0.09973959624767303,-0.049971967935562134,0.10944626480340958,-0.24585597217082977,-0.09808047860860825,-0.19206592440605164,-0.39789634943008423,-0.0015183776849880815,-0.07399611175060272,-0.02668594755232334,-0.08488275855779648,0.14595383405685425,0.1586921662092209,0.007605103310197592,0.0706154853105545,0.2017739713191986,0.23298096656799316,-0.3219124674797058,-0.05631254240870476,-0.25284940004348755,0.35456886887550354,-0.6925436854362488,0.04365747049450874,0.11192291975021362,-0.15243223309516907,0.02933965064585209,0.2735244631767273,0.09915203601121902,-0.5716873407363892,-0.16378335654735565,0.14877352118492126,-0.08103184401988983,-0.045605093240737915,-0.05341546609997749,0.07586082816123962,-0.03189351409673691
CID000002732,874,-0.05809188634157181,-0.11229336261749268,-0.055541396141052246,0.5812522172927856,-0.32434946298599243,0.13728991150856018,0.3089568018913269,0.20944897830486298,0.2831570506095886,0.1696900576353073,0.03301578760147095,0.12721487879753113,0.001156691461801529,0.09015394002199173,-0.1215934306383133,-0.008676359429955482,-0.19867436587810516,-0.09955991804599762,0.16775450110435486,-0.6454052925109863,-0.1135270968079567,-0.25759994983673096,0.10499797761440277,-1.01822829246521,-0.09883298724889755,0.15800787508487701,0.00460679829120636,-0.04196636751294136,-0.04570538550615311,0.04761303961277008,0.008172715082764626,0.06910991668701172,0.07321169227361679,0.32827767729759216,0.12822860479354858,-0.31269022822380066,0.042696475982666016,0.12796476483345032,0.015727132558822632,-0.13202789425849915,-0.2300129234790802,-0.1674400269985199,0.10234005749225616,-0.17219214141368866,-0.06683001667261124,0.3360550105571747,0.1685640811920166,0.0382893867790699,-0.08948108553886414,-0.043584130704402924,0.3579317629337311,-0.09136541932821274,-0.1570524275302887,0.026736995205283165,0.04234497994184494,-0.1104426383972168,0.006842112634330988,-0.03116292878985405,0.1029701977968216,-0.0005600809818133712,-0.007307098712772131,-0.2959502041339874,-0.0667920857667923,-0.010681530460715294,0.0820242315530777,0.4217444360256195,-0.1263810098171234,0.0270963367074728,0.011099529452621937,0.12154430150985718,0.031158631667494774,0.30983757972717285,-0.16889265179634094,-0.3446206748485565,-0.1490923911333084,-0.06900399178266525,0.2120722234249115,0.21012461185455322,0.030129170045256615,-0.06094712018966675,0.22883763909339905,-0.36595895886421204,-0.1921124905347824,-0.12768451869487762,0.19511112570762634,-0.008074563927948475,0.078524649143219,0.07455810159444809,-0.1130727156996727,-0.6896121501922607,-0.0359429195523262,0.14708669483661652,-0.0976049080491066,0.1913243532180786,0.1924303025007248,-0.19445018470287323,-0.036078792065382004,0.1651722490787506,0.10922787338495255,-0.036123502999544144,-0.09568346291780472,-0.09021798521280289,-0.15683585405349731,0.23141317069530487,0.0071014403365552425,0.029676159843802452,-0.2682631015777588,0.3613986372947693,0.6458638310432434,-0.03544071316719055,-0.09792717546224594,0.09310177713632584,-0.12150831520557404,-0.16443172097206116,0.12940603494644165,0.1009383350610733,0.049784574657678604,0.21216396987438202,0.012247550301253796,-0.055568158626556396,0.7154998183250427,-0.17335247993469238,0.15434576570987701,0.11257316917181015,-0.13604822754859924,-0.03960083797574043,0.08943457901477814,0.09559103846549988,0.30379241704940796,0.1978490948677063,0.09230545163154602,-0.49833160638809204,-0.43525129556655884,0.19866032898426056,0.20615704357624054,0.12418961524963379,0.29281410574913025,0.20698583126068115,-0.023244261741638184,-0.1864319145679474,-0.10117065906524658,0.04648362472653389,-0.10393448919057846,0.009234881028532982,0.03519538789987564,0.19300924241542816,-0.15812401473522186,0.42511510848999023,0.11714764684438705,0.2302459180355072,0.05355215072631836,-0.39274612069129944,0.14668366312980652,0.20632421970367432,-0.19406738877296448,0.06541511416435242,-0.013093620538711548,-0.11018085479736328,0.09575220197439194,0.08080713450908661,0.020809954032301903,-0.25583451986312866,0.030625885352492332,-0.2711460292339325,-0.04197784140706062,-0.20595088601112366,-0.1549740433692932,0.17606553435325623,-0.06842682510614395,0.13384613394737244,0.044973064213991165,-0.1615029275417328,-0.09770752489566803,-0.2322281301021576,0.23399989306926727,-0.22465869784355164,0.11049684137105942,-0.15872928500175476,0.3769932687282562,0.17473481595516205,-0.048358481377363205,0.17350158095359802,-0.13698230683803558,-0.0933973491191864,0.030319536104798317,0.208295077085495,-0.2783561646938324,-0.11380674690008163,0.19748346507549286,-0.37085363268852234,-0.009366011247038841,-0.08385761082172394,0.08058066666126251,0.013270887546241283,0.18992078304290771,-0.1273164004087448,-0.07815311849117279,0.09386149793863297,0.07441145926713943,-0.34474748373031616,-0.07418204843997955,-0.2544263005256653,-0.13793300092220306,-0.49898022413253784,-0.09430982172489166,-0.2268255203962326,-0.04885443300008774,-0.19155505299568176,-0.033822253346443176,0.5559805631637573,0.2825580835342407,0.09079156816005707,0.19762387871742249,0.018497318029403687,0.05320422723889351,0.034619200974702835,-0.03366778418421745,0.27599889039993286,0.1638060063123703,-0.12271269410848618,-0.1492646485567093,-0.23839139938354492,0.24951212108135223,-0.12553788721561432,0.08911782503128052,0.1028040274977684,-0.1527528315782547,-0.08268110454082489,0.0695609375834465,-0.21174457669258118,-0.05895882099866867,-0.0028163313400000334,0.11176340281963348,-0.023753827437758446,-0.20595237612724304,-0.191216841340065,0.30399349331855774,-0.3401884138584137,0.08701004087924957,-0.19545815885066986,0.1567152887582779,-0.47761768102645874,0.26372867822647095,0.1749378740787506,-0.053682707250118256,-0.07759912312030792,-0.019309932366013527,0.16957569122314453,-0.786598265171051,0.0014688156079500914,0.18665607273578644,-0.13760735094547272,0.08570091426372528,-0.15931938588619232,0.2318221628665924,-0.02426072396337986
CID000147912,885,0.24783459305763245,0.19111695885658264,0.25678423047065735,0.5738711953163147,-0.5773404240608215,0.04270639270544052,0.22492022812366486,0.36711186170578003,0.3020869195461273,0.3759039342403412,-0.1874312311410904,-0.2860219478607178,-0.04569987207651138,0.1937570571899414,-0.16250726580619812,0.14969512820243835,0.029443049803376198,-0.10639750957489014,0.19416359066963196,-0.4499135911464691,0.17039811611175537,-0.24891801178455353,-0.09422867000102997,-0.8635633587837219,0.22455236315727234,0.1952051818370819,-0.3005087375640869,-0.166001558303833,-0.007352924440056086,0.0573834590613842,-0.09839987009763718,0.15422236919403076,0.08293761312961578,0.18999898433685303,0.06518983095884323,0.2399963140487671,0.10615283250808716,0.26772692799568176,-0.11704795062541962,-0.2085411250591278,0.037909965962171555,0.05315690487623215,0.13624779880046844,0.08223939687013626,-0.18509161472320557,0.2582709491252899,0.1026579961180687,-0.06205476075410843,-0.05637340620160103,0.19613024592399597,0.5725177526473999,-0.10399951040744781,-0.21869733929634094,0.014346766285598278,-0.14484290778636932,-0.11714943498373032,0.11152218282222748,-0.2416490614414215,0.34888190031051636,-0.15823236107826233,-0.14868587255477905,-0.29337942600250244,0.09389355033636093,-0.21339364349842072,0.40701133012771606,0.3656189739704132,-0.45269304513931274,0.027057716622948647,0.08498906344175339,0.13256600499153137,0.14848878979682922,-0.010444367304444313,-0.16918449103832245,-0.5221471190452576,-0.23451945185661316,0.1411430537700653,0.2634790241718292,-0.11187082529067993,-0.1352948248386383,0.032306425273418427,0.10794323682785034,-0.30924883484840393,-0.3550528883934021,0.0904751867055893,0.10602383315563202,0.302015483379364,0.23528103530406952,0.15652748942375183,-0.08600275963544846,-0.3846406638622284,-0.052083373069763184,0.15818211436271667,-0.022351574152708054,0.07122192531824112,-0.1494230180978775,-0.15762212872505188,0.11819522082805634,-0.13032984733581543,-0.07423920184373856,0.20032711327075958,-0.05899200960993767,-0.036135412752628326,-0.013887157663702965,0.20604117214679718,0.15300068259239197,0.0281667597591877,-0.0031500160694122314,-0.004512035753577948,0.36920005083084106,-0.1040230542421341,0.18146178126335144,0.05341758579015732,-0.23764881491661072,-0.47500330209732056,0.09447560459375381,0.3109535276889801,-0.23046770691871643,-0.11105795949697495,-0.05453220754861832,0.25493600964546204,0.7890136241912842,-0.3530527949333191,0.21613414585590363,0.33110660314559937,-0.21696965396404266,0.4241100251674652,0.19128161668777466,0.05759667232632637,0.15533128380775452,0.10993579775094986,0.25767338275909424,-0.5731250643730164,-0.5820536613464355,0.1673448085784912,0.3870255947113037,0.18242236971855164,0.10507950931787491,0.14331552386283875,0.056044649332761765,0.01120698731392622,-0.05811340734362602,0.17364224791526794,0.27145782113075256,0.21465487778186798,-0.1507682502269745,0.33174070715904236,-0.0550166480243206,0.3956267237663269,0.3562261760234833,0.33067765831947327,-0.15344567596912384,-0.3868832588195801,-0.12434981018304825,0.35633835196495056,-0.12298910319805145,0.007634258363395929,0.0890781581401825,-0.15300440788269043,0.13186722993850708,-0.0277642160654068,0.01643902063369751,-0.1264539211988449,0.05262502282857895,0.05983453243970871,-0.09514953941106796,-0.01298757828772068,-0.04481293633580208,0.1707710176706314,0.20355868339538574,0.11948052793741226,-0.03564973548054695,0.16471154987812042,-0.3555013835430145,-0.17769861221313477,0.13968834280967712,-0.1322430670261383,0.23110994696617126,-0.16446074843406677,0.6521371006965637,0.08552239835262299,-0.20694196224212646,0.14713707566261292,0.07507756352424622,0.027912110090255737,0.02759453095495701,0.02725173532962799,0.038661014288663864,0.08879593014717102,0.153642937541008,-0.36172786355018616,-0.20123639702796936,0.034746747463941574,-0.05712643265724182,-0.18932268023490906,0.5074650049209595,0.046285249292850494,0.0683087483048439,-0.09252117574214935,-0.11101380735635757,0.002966511296108365,-0.08064299821853638,-0.6395946145057678,0.05662083625793457,-0.15535327792167664,-0.24310889840126038,-0.0148818613961339,-0.030273711308836937,-0.16282442212104797,0.2731977701187134,0.5118018984794617,0.3217824697494507,0.4098939895629883,0.1677521914243698,-0.03253244608640671,0.011344993487000465,-0.13259758055210114,-0.011901390738785267,0.3790939450263977,0.02536940574645996,0.012943269684910774,-0.1419258415699005,-0.13889601826667786,-0.16508474946022034,-0.1205482929944992,0.12897007167339325,-0.21927551925182343,0.20431813597679138,-0.16938991844654083,-0.19331692159175873,-0.0020660043228417635,-0.00903666578233242,0.17954929172992706,0.29331356287002563,-0.01946152374148369,-0.012232971377670765,0.1478578746318817,0.5165941715240479,-0.5966090559959412,-0.05154161900281906,-0.2118665724992752,-0.07179147005081177,-0.12621477246284485,0.17698240280151367,0.2040884792804718,-0.16302254796028137,0.04351887106895447,0.047936733812093735,-0.03018178977072239,-0.7236681580543518,-0.04211466386914253,0.31953614950180054,0.019009042531251907,0.22642782330513,-0.292478084564209,0.02664359286427498,-0.022704213857650757
CID000047725,886,0.10673309862613678,0.21803495287895203,0.29254764318466187,0.7512186765670776,-0.492302805185318,0.10700130462646484,0.15058474242687225,0.2467638999223709,0.3109305500984192,0.24287045001983643,-0.008300930261611938,-0.1734251081943512,-0.12475931644439697,0.19383938610553741,0.034100525081157684,0.23997755348682404,0.03073362447321415,-0.007193770259618759,0.22079911828041077,-0.5738354921340942,-0.1303761899471283,-0.29042625427246094,0.18768037855625153,-0.8773287534713745,0.054120250046253204,0.3875991702079773,-0.026810962706804276,-0.20657579600811005,-0.04314778372645378,0.20816099643707275,-0.2103281021118164,0.12887044250965118,-0.09682340919971466,0.25599199533462524,0.0019732967484742403,-0.1259591281414032,0.2240656614303589,0.20163516700267792,0.036284398287534714,-0.29446420073509216,-0.293570339679718,-0.21773576736450195,-0.022316085174679756,-0.02091076597571373,-0.28865760564804077,0.18761341273784637,-0.01014012098312378,0.008383067324757576,0.17525696754455566,-0.014899362809956074,0.7566853761672974,-0.1313808411359787,-0.1650308072566986,0.030315568670630455,-0.03365994244813919,-0.023249294608831406,0.11692039668560028,0.07209821045398712,0.6530999541282654,-0.08826212584972382,0.030872002243995667,-0.3606714606285095,-0.1630432903766632,-0.16039620339870453,0.08067452162504196,0.45066189765930176,-0.2047639787197113,-0.09888903796672821,-0.09464363753795624,0.10885442793369293,-0.2715994715690613,-0.26898568868637085,-0.026251669973134995,-0.21754321455955505,-0.18773217499256134,0.188218355178833,0.037870265543460846,0.0037362396251410246,-0.154292494058609,-0.0318576917052269,0.6580732464790344,-0.2695925533771515,-0.35141319036483765,0.09003804624080658,0.02415527030825615,-0.23585793375968933,0.17603178322315216,0.3060285449028015,-0.06288489699363708,-0.6458441019058228,0.32225316762924194,0.14408215880393982,-0.16050808131694794,0.335096150636673,-0.14987812936306,-0.3881116509437561,0.26329949498176575,-0.2157880812883377,-0.03382673114538193,0.08458113670349121,0.23808550834655762,-0.0715155154466629,0.026565486565232277,0.3389720916748047,-0.05555612966418266,-0.1615121066570282,-0.016836196184158325,0.06513796746730804,0.5544960498809814,-0.007098942995071411,0.07839385420084,0.10237199068069458,-0.12093460559844971,-0.17349009215831757,-0.34617966413497925,0.4893248677253723,0.016484029591083527,-0.05269906669855118,0.04014720767736435,0.2562210261821747,0.7593150734901428,-0.2602895200252533,0.3704417049884796,0.24943681061267853,-0.44198933243751526,0.1861817091703415,0.03778983652591705,-0.09304648637771606,0.46953290700912476,0.08813412487506866,0.27244704961776733,-0.6902371048927307,-0.6357703804969788,0.04169957712292671,0.30094167590141296,0.42223024368286133,0.36606916785240173,0.27116769552230835,0.1949482262134552,-0.34847065806388855,-0.16235899925231934,0.035909879952669144,0.06717543303966522,0.14752885699272156,0.006716306321322918,0.21369676291942596,-0.21498343348503113,0.6372233629226685,-0.04928681626915932,0.36974942684173584,0.10945747792720795,-0.5186880230903625,-0.22519521415233612,0.13897950947284698,-0.02725275233387947,-0.07202496379613876,0.03287072852253914,-0.04057712480425835,0.24043723940849304,0.044478703290224075,0.12097132205963135,0.000751024461351335,-0.002893478376790881,0.0027785957790911198,-0.2738344967365265,0.12661370635032654,-0.34149760007858276,0.017821699380874634,-0.04586084932088852,0.17598506808280945,0.027216529473662376,0.03716534748673439,-0.28756633400917053,-0.11629009246826172,0.22593650221824646,-0.20355920493602753,0.2388790398836136,-0.1612158715724945,0.71176677942276,-0.03378022089600563,-0.5131183862686157,0.1494070589542389,-0.11531054973602295,0.11917221546173096,0.13669291138648987,-0.21793918311595917,0.02431752346456051,0.06622914224863052,0.2886121869087219,-0.37405282258987427,0.10862376540899277,0.15670396387577057,-0.16641360521316528,-0.4205441474914551,0.24897761642932892,-0.0587192177772522,-0.2648475766181946,-0.014755124226212502,0.2783363461494446,0.15289278328418732,-0.24793443083763123,-0.3536648750305176,-0.01974419318139553,-0.24299180507659912,-0.1360023319721222,-0.17939592897891998,0.1440751850605011,-0.09606940299272537,0.06207271292805672,0.7338389158248901,0.38936346769332886,0.10382187366485596,0.21936467289924622,0.05472687631845474,0.08580966293811798,-0.12039268016815186,0.05702512711286545,0.4322730600833893,0.33557289838790894,0.17825840413570404,-0.10863242298364639,-0.2835376560688019,-0.012702944688498974,-0.2880445718765259,0.24482563138008118,-0.24777773022651672,0.3078809976577759,-0.3063499331474304,0.20733900368213654,0.03559381142258644,-0.2148241549730301,0.36181288957595825,0.3205028474330902,0.07085029780864716,-0.1685420423746109,-0.041381653398275375,0.7288113832473755,-0.32840731739997864,-0.014396041631698608,-0.07835818827152252,-0.030184993520379066,-0.6035513877868652,-0.35316210985183716,0.31526538729667664,0.16938136518001556,0.13625703752040863,-0.14872029423713684,-0.2026323825120926,-0.7304396033287048,-0.1655142605304718,0.3883501887321472,-0.043474990874528885,0.3340853750705719,-0.18439745903015137,0.06200795620679855,-0.08709727227687836
CID000002474,889,0.13618281483650208,0.06477798521518707,0.045343056321144104,0.3723435401916504,-0.42133840918540955,-0.054114293307065964,0.06427288800477982,0.016200590878725052,0.21074672043323517,0.03834620863199234,-0.05106391757726669,0.015087269246578217,-0.14477753639221191,0.30818653106689453,-0.018076997250318527,-0.07673964649438858,-0.2469710409641266,0.11549223959445953,-0.2280900478363037,-0.5810292363166809,0.3323765695095062,0.012772971764206886,0.08166728913784027,-0.8392531275749207,-0.16333767771720886,-0.08693528920412064,-0.22710879147052765,-0.18460500240325928,-0.16589976847171783,0.26846927404403687,0.15552368760108948,0.15697595477104187,-0.1354992538690567,0.40392738580703735,0.10873515903949738,-0.09920717775821686,0.042333465069532394,0.3197515606880188,0.02134012058377266,-0.043713606894016266,0.22630424797534943,-0.337015300989151,0.0691455751657486,-0.16224464774131775,0.003605946898460388,0.4541189670562744,-0.04085800051689148,-0.06262415647506714,-0.03352094441652298,-0.08539067953824997,0.5140342712402344,0.046206600964069366,-0.45076385140419006,-0.11214026063680649,0.3341499865055084,-0.0358259379863739,0.09042470902204514,0.10829653590917587,-0.009759550914168358,0.208360955119133,-0.03504728153347969,-0.30720919370651245,0.09814594686031342,-0.10372762382030487,0.2568495571613312,0.5194598436355591,-0.34443530440330505,-0.011324239894747734,0.12197753041982651,0.11111772060394287,-0.02898675762116909,-0.2590448260307312,-0.0029578194953501225,-0.21955308318138123,-0.017124006524682045,0.22497081756591797,0.014439704827964306,0.3090765178203583,-0.2374427616596222,-0.4091764986515045,0.23945793509483337,-0.2612035870552063,-0.5658953189849854,0.012589705176651478,0.26592594385147095,-0.30462127923965454,0.14233480393886566,0.170674666762352,-0.18784378468990326,-0.7504721283912659,-0.026438314467668533,0.19856087863445282,-0.1359410136938095,-0.026868557557463646,-0.07942616939544678,-0.3896065354347229,-0.17545855045318604,-0.2500704228878021,-0.06567949056625366,0.20153935253620148,0.055573929101228714,-0.42494186758995056,-0.05187699943780899,0.49969568848609924,-0.13187187910079956,0.259681761264801,-0.3667460083961487,0.09096596390008926,0.39814144372940063,0.1538114845752716,-0.10180515050888062,0.33620768785476685,-0.3644530475139618,-0.06143045425415039,-0.14492452144622803,0.21327900886535645,-0.12698504328727722,0.13948461413383484,-0.14518623054027557,-0.08224375545978546,0.6341434121131897,0.10261128097772598,0.4434930682182312,0.600980818271637,-0.2414131611585617,-0.07878294587135315,0.12210347503423691,-0.18464532494544983,0.24141040444374084,-0.09338510036468506,0.2700355350971222,-0.6131385564804077,-0.4447450637817383,-0.05308070033788681,0.27602890133857727,0.8096173405647278,0.010397168807685375,0.04242093116044998,0.07586927711963654,-0.37851041555404663,-0.11043164879083633,0.3863363564014435,0.1927378624677658,-0.2680707573890686,0.1622031033039093,0.2555239796638489,0.21065931022167206,0.3403744101524353,-0.335965096950531,-0.008670019917190075,-0.16132381558418274,-0.24428892135620117,0.17358770966529846,0.16465476155281067,-0.12007788568735123,-0.27726954221725464,0.21702511608600616,-0.311862051486969,-0.15957549214363098,0.19029028713703156,-0.01785152032971382,-0.2913430333137512,0.13554199039936066,-0.14075180888175964,0.01834615133702755,0.18454565107822418,0.012117629870772362,0.0005649685626849532,0.22238364815711975,0.3482605218887329,-0.022608792409300804,-0.22572311758995056,-0.17211298644542694,-0.5468155145645142,0.026778101921081543,-0.11446430534124374,0.013283589854836464,-0.22070567309856415,0.5244868993759155,-0.036463432013988495,-0.18427929282188416,0.010112953372299671,-0.42751970887184143,-0.15614290535449982,0.2142713963985443,0.12476321309804916,-0.6215592622756958,-0.14185109734535217,0.4464269280433655,-0.30463141202926636,-0.19019171595573425,0.2195558100938797,-0.0778958722949028,-0.24846038222312927,0.22483687102794647,0.054991088807582855,0.1892048418521881,-0.047039423137903214,0.28530246019363403,0.28195640444755554,-0.23765254020690918,-0.2790832817554474,0.16037021577358246,-0.15238255262374878,-0.03205209970474243,-0.4712672233581543,0.08736174553632736,0.3381553888320923,0.16441679000854492,0.5408223867416382,0.5098589658737183,-0.048605311661958694,0.1738448441028595,0.4153805375099182,-0.11116673052310944,-0.12982650101184845,-0.10484568774700165,0.1554848700761795,0.09252029657363892,-0.12706592679023743,-0.18519887328147888,0.049240291118621826,-0.15822181105613708,-0.25475209951400757,-0.17478707432746887,-0.17266422510147095,-0.018578816205263138,-0.2129184752702713,-0.016712497919797897,-0.36200371384620667,0.16806857287883759,0.6611972451210022,0.1361410915851593,0.04358402639627457,-0.36450037360191345,-0.07837239652872086,0.29038819670677185,-0.3064004182815552,0.12697991728782654,-0.2596953511238098,0.22705943882465363,-0.7480164766311646,-0.06093236058950424,0.12065210193395615,0.034530676901340485,-0.07789309322834015,0.21174085140228271,0.09489520639181137,-0.6388434171676636,-0.5137050151824951,0.42485561966896057,0.046607647091150284,0.37843334674835205,-0.05948881059885025,0.11566376686096191,0.03812484070658684
CID000005078,890,-0.027239691466093063,0.2356385737657547,0.2552111744880676,0.6121915578842163,-0.0793246403336525,0.1480448842048645,0.03692931681871414,0.4085620939731598,0.04301365464925766,-0.0589388906955719,0.3070254623889923,0.22455883026123047,-0.7903435826301575,0.1627163589000702,-0.2848692536354065,0.0033665611408650875,-0.19572274386882782,-0.06452958285808563,0.13903047144412994,-1.048775315284729,-0.10164205729961395,-0.1832551658153534,-0.030673110857605934,-0.9391033053398132,-0.03595243766903877,0.017664354294538498,-0.3456958532333374,-0.12637199461460114,-0.08010654151439667,0.03764314576983452,0.14603622257709503,0.40089312195777893,0.032824549823999405,0.22172439098358154,0.1689644306898117,-0.11517412960529327,0.09831792116165161,-0.21435639262199402,0.29983940720558167,-0.38698214292526245,-0.10591864585876465,0.17013683915138245,0.10825011879205704,-0.6187489628791809,-0.07027070224285126,0.37547141313552856,0.2659030556678772,0.11405830085277557,0.30559900403022766,-0.03575265407562256,0.8556766510009766,0.15126922726631165,-0.35915255546569824,-0.1974872648715973,0.11715440452098846,-0.024282436817884445,0.2959170937538147,0.2777465283870697,-0.2161572277545929,0.05082186311483383,-0.34743231534957886,-0.2586047351360321,-0.0570886954665184,-0.27700841426849365,0.47350630164146423,0.7558435201644897,-0.3245684504508972,-0.17418162524700165,-0.1812528669834137,0.28855329751968384,0.14155712723731995,0.04531816020607948,-0.04356455057859421,-0.15879228711128235,-0.23862266540527344,-0.06005005165934563,-0.1669761836528778,-0.035237811505794525,-0.19609281420707703,-0.0020732879638671875,0.001737210201099515,-0.2336455136537552,-0.22728709876537323,-0.23844151198863983,0.5104781985282898,-0.0125806275755167,-0.0348578616976738,0.973116397857666,-0.06414607912302017,-0.8711150884628296,0.0884627103805542,0.14417900145053864,-0.1670924723148346,0.2826220989227295,0.11276687681674957,-0.5446130037307739,-0.18912772834300995,-0.29434412717819214,0.4855361580848694,-0.1032036691904068,0.38165169954299927,0.01336888037621975,-0.1317988932132721,0.31010520458221436,-0.143535315990448,0.09228798002004623,0.25217217206954956,-0.08622311055660248,0.768738329410553,0.010890352539718151,-0.24113216996192932,0.14410251379013062,-0.10211025178432465,0.04127313941717148,-0.004025701433420181,0.08639506250619888,0.08672299236059189,-0.030123259872198105,-0.5021322965621948,0.16327083110809326,0.6809448003768921,-0.3501366078853607,0.3434605896472931,0.11972292512655258,-0.4381849765777588,0.05291004106402397,-0.157928004860878,-0.14396855235099792,0.28582262992858887,-0.03477101027965546,0.24190130829811096,-0.3532137870788574,-0.15949849784374237,-0.050386976450681686,0.12879617512226105,-0.006724044680595398,0.10548961162567139,-0.09866824001073837,-0.24634261429309845,-0.8129801750183105,-0.00088635238353163,0.07161811739206314,0.3503420948982239,0.05198502540588379,-0.006237903144210577,-0.014640742912888527,-0.14814767241477966,0.2794705927371979,0.0928790494799614,0.39871737360954285,0.05371228605508804,-0.3183065354824066,-0.008928859606385231,0.0321144163608551,-0.2468627691268921,-0.36188191175460815,-0.058099426329135895,0.05785716697573662,0.0034498213790357113,0.4479271471500397,-0.14584115147590637,-0.14012941718101501,-0.01111488975584507,0.07675568759441376,-0.27404913306236267,-0.6790149211883545,0.02881079912185669,0.05010330677032471,0.015102965757250786,0.0710943192243576,0.09327485412359238,-0.48428264260292053,-0.18886926770210266,-0.42212170362472534,0.20338232815265656,-0.09924887865781784,0.4572681784629822,-0.1878538429737091,0.47245725989341736,-0.19001302123069763,-0.0031959533225744963,-0.09514843672513962,-0.32032865285873413,-0.10794249922037125,0.09689614921808243,0.12449362128973007,-0.9306184649467468,-0.1401081085205078,0.3524984121322632,-0.3584522604942322,-0.19859579205513,0.20786532759666443,0.23683342337608337,-0.04638085886836052,0.2358497679233551,-0.03615312650799751,-0.30149632692337036,-0.2368774712085724,0.09638547897338867,-0.04858187213540077,-0.4088374972343445,-0.2061060667037964,-0.12179174274206161,-0.3321976959705353,0.28091782331466675,0.1068013459444046,-0.1387050747871399,0.010321143083274364,0.6786672472953796,0.7799955606460571,0.2667210102081299,-0.19913068413734436,0.06573554128408432,0.07312813401222229,0.36147063970565796,0.012853560037910938,-0.07117974013090134,0.1859702616930008,0.10006797313690186,-0.02340453490614891,-0.22631415724754333,-0.15934033691883087,0.057093508541584015,-0.5143018364906311,-0.34051498770713806,-0.2405819445848465,-0.6035348176956177,-0.5937432050704956,0.3736400008201599,0.004866312257945538,0.06822429597377777,0.3731979727745056,0.17159613966941833,0.11907920986413956,0.2471616268157959,0.010172235779464245,0.27994054555892944,-0.617538571357727,-0.04652563855051994,-0.09423347562551498,-0.16368596255779266,-0.8495407104492188,0.08160221576690674,-0.03633024916052818,-0.04149249941110611,-0.11009757220745087,0.6132889986038208,-0.030868049710989,-0.8621169924736023,-0.24008803069591522,0.36618348956108093,0.16462454199790955,0.36327701807022095,-0.0917879194021225,0.009991208091378212,0.10100464522838593
CID000027686,891,0.0446794368326664,-0.0014520473778247833,-0.09141363948583603,0.3647400140762329,-0.4037960469722748,0.10784675925970078,0.23169299960136414,0.23433193564414978,0.06889229267835617,0.27735230326652527,0.12550918757915497,0.14137420058250427,0.024750152602791786,0.1247386708855629,-0.19946663081645966,-0.17711342871189117,-0.10945580154657364,-0.11925087124109268,0.10250790417194366,-0.38464561104774475,0.0233239084482193,-0.24537602066993713,-0.19735881686210632,-0.7679468393325806,0.048807401210069656,0.05423546954989433,-0.1908493936061859,0.03562496602535248,-0.014643281698226929,0.07980065792798996,-0.07439974695444107,0.22322528064250946,0.08845721185207367,-0.011640113778412342,0.008816294372081757,0.01946249045431614,0.11910710483789444,-0.04616643115878105,0.25656503438949585,-0.07455696165561676,-0.0007361233001574874,-0.28420713543891907,0.16783587634563446,-0.2555088698863983,-0.15193821489810944,0.4559655785560608,0.08646977692842484,0.0524873360991478,0.1302683800458908,-0.03196718171238899,0.24963006377220154,0.3361735939979553,-0.2173881083726883,0.05712122470140457,0.0623040497303009,-0.12255523353815079,-0.09429758787155151,0.13563191890716553,-0.029948314651846886,0.0223443154245615,-0.19598780572414398,-0.20771297812461853,-0.11804714053869247,0.025888239964842796,0.2544027268886566,0.33552756905555725,-0.16479186713695526,0.008687764406204224,0.21242555975914001,0.03524119779467583,0.05096956342458725,-0.19410862028598785,-0.3077332079410553,-0.40035754442214966,-0.2008015364408493,0.026426052674651146,0.06987722218036652,0.16674329340457916,-0.13456982374191284,0.003321728203445673,-0.03574276715517044,-0.5814088582992554,-0.25621911883354187,0.025169556960463524,0.07967691123485565,-0.09000156074762344,0.22668370604515076,0.012884816154837608,-0.0018420160049572587,-0.6453952789306641,-0.08525359630584717,0.17715498805046082,0.006490708794444799,0.018520841374993324,0.0054402113892138,-0.231392502784729,-0.13835492730140686,0.13817815482616425,-0.1667129099369049,0.014569130726158619,-0.2416822910308838,0.04199562221765518,-0.09395945817232132,0.26125872135162354,0.1853695958852768,0.01585184969007969,-0.06752465665340424,0.11366324126720428,0.5056409239768982,-0.22055616974830627,-0.06087353080511093,0.15745267271995544,-0.033180128782987595,-0.08360198140144348,0.02849060297012329,0.12237323820590973,-0.058312833309173584,0.0006965577485971153,-0.12205737829208374,0.2039453685283661,0.5771398544311523,-0.11643966287374496,0.22942796349525452,0.19443252682685852,-0.0007807090878486633,0.20570893585681915,0.00465549249202013,0.17108972370624542,0.20887169241905212,-0.04970557242631912,0.02964680828154087,-0.4599221348762512,-0.42529863119125366,0.09095057845115662,0.25631430745124817,-0.1343296319246292,-0.045374780893325806,0.27062708139419556,-0.181192085146904,-0.19267764687538147,-0.14046409726142883,0.12387201935052872,-0.0013920798664912581,-0.13548246026039124,-0.01616249606013298,0.1090380996465683,-0.028492819517850876,0.3039909899234772,0.04067976400256157,0.1723478138446808,-0.12998047471046448,-0.2811219096183777,-0.12185802310705185,0.20118531584739685,-0.38038867712020874,-0.07690145075321198,-0.06309346109628677,-0.021678827702999115,-0.009278321638703346,0.29646754264831543,-0.08302266895771027,0.04119517281651497,-0.061523258686065674,0.12184853851795197,-0.026613900437951088,-0.2045625001192093,-0.23097841441631317,0.17745967209339142,-0.12298474460840225,0.18664667010307312,-0.05749579519033432,-0.19954447448253632,-0.16406022012233734,-0.3012264370918274,0.03552282601594925,-0.06548072397708893,0.1563720405101776,-0.18787357211112976,0.3619116246700287,-0.25079941749572754,0.16409248113632202,0.07083964347839355,-0.12144483625888824,-0.17949801683425903,0.11752878129482269,0.2805715799331665,-0.13477468490600586,-0.027345692738890648,-0.10330329090356827,-0.2697790265083313,0.11812107264995575,-0.00705859437584877,0.21856987476348877,0.12574055790901184,0.10416708141565323,-0.16848482191562653,0.051349420100450516,0.01920415088534355,0.06964682787656784,0.2265269011259079,0.18549789488315582,-0.25759369134902954,-0.07127990573644638,-0.2662346363067627,-0.15914499759674072,-0.16723506152629852,-0.1202126294374466,-0.05769882723689079,-0.08346585929393768,0.4022895395755768,0.3359343707561493,0.07715493440628052,0.29433852434158325,0.10967036336660385,-0.006351828575134277,0.00898714642971754,-0.06759313493967056,0.130415141582489,0.111040398478508,-0.0535026378929615,-0.009982505813241005,-0.07095719873905182,0.008611696772277355,-0.15667696297168732,0.0735243633389473,0.05390801280736923,0.1521483212709427,-0.004228363744914532,-0.04619438946247101,-0.04099408537149429,-0.11595644056797028,-0.19216005504131317,0.18360620737075806,0.0051840306259691715,-0.18997758626937866,-0.07493004947900772,0.30701977014541626,-0.36603420972824097,0.13989004492759705,-0.16369906067848206,0.1465332806110382,-0.27272269129753113,0.11595054715871811,0.30746012926101685,-0.15602484345436096,-0.07152236998081207,-0.0485510528087616,0.12071023136377335,-0.5704663991928101,-0.14721529185771942,0.2194351851940155,-0.3096418082714081,0.08653285354375839,-0.28406769037246704,0.10554619133472443,0.04070713371038437
CID000004034,892,0.30895140767097473,-0.12098779529333115,0.11826672405004501,0.4505603313446045,-0.39974310994148254,0.19104038178920746,0.2581516206264496,0.22006890177726746,0.2282756119966507,0.08529121428728104,0.3061175048351288,0.08258907496929169,-0.002117058727890253,0.12305369228124619,-0.3277946412563324,-0.20926937460899353,-0.043532244861125946,0.04834742099046707,0.07654082775115967,-0.4778129458427429,0.1688806563615799,-0.2099992334842682,0.163031205534935,-0.81517094373703,0.0011280119651928544,0.1449994444847107,-0.1059146299958229,-0.06683172285556793,-0.053106117993593216,0.08453769981861115,0.16767938435077667,0.3127042353153229,-0.0038160085678100586,-0.004188749007880688,-0.09411843121051788,0.03964163735508919,0.26473551988601685,-0.10589752346277237,0.17531050741672516,0.06116902828216553,-0.10292001068592072,-0.03729403018951416,0.21585366129875183,-0.34367161989212036,-0.19078853726387024,0.33185631036758423,0.003607631428167224,0.06660757958889008,0.17907433211803436,0.12915471196174622,0.3889264464378357,0.0780135840177536,-0.23345986008644104,0.08301597833633423,-0.039637282490730286,-0.05811511352658272,0.1992897093296051,0.1295768767595291,-0.0868639126420021,0.013173460960388184,-0.3098432421684265,-0.21996550261974335,0.21456512808799744,-0.23031921684741974,0.14150705933570862,0.38634464144706726,-0.13728751242160797,0.11768816411495209,0.06457392871379852,0.11624626070261002,-0.1408139020204544,0.1606440395116806,-0.22172382473945618,-0.37090668082237244,-0.2641083002090454,0.019453687593340874,0.05272383615374565,0.11937461048364639,0.06057203561067581,0.057752449065446854,-0.07410983741283417,-0.6331249475479126,-0.2536516487598419,0.057727087289094925,0.036857493221759796,0.048206496983766556,0.5250778794288635,0.04731865972280502,-0.15875667333602905,-0.7656046748161316,-0.185391366481781,0.27401453256607056,0.060969240963459015,-0.00012186169624328613,0.17958927154541016,-0.34298115968704224,-0.1764489710330963,0.05271284654736519,0.1464817076921463,0.6456568837165833,-0.08993391692638397,-0.03342265635728836,-0.08038238435983658,0.15923574566841125,-0.029057133942842484,-0.016457166522741318,-0.362517774105072,-0.10364051908254623,0.4432249963283539,-0.13337692618370056,-0.031019505113363266,0.14194418489933014,-0.035838305950164795,-0.14764510095119476,-0.004122900776565075,0.1569734811782837,-0.07853534817695618,-0.08890379965305328,-0.24592900276184082,0.2889856696128845,0.6363301277160645,-0.07902910560369492,0.26773932576179504,0.20659704506397247,0.02395390346646309,0.04820162430405617,-0.012809786014258862,-0.023437434807419777,0.2651122808456421,0.008159792050719261,0.20677506923675537,-0.5817567110061646,-0.3526857793331146,0.2660686671733856,0.1527136266231537,-0.012119688093662262,0.1626327484846115,0.06811003386974335,-0.30311116576194763,-0.2526661157608032,-0.3518456220626831,0.11134760081768036,0.17901693284511566,-0.2721348702907562,0.042218130081892014,0.306221604347229,-0.10692571103572845,0.45940083265304565,-0.015967270359396935,0.18043126165866852,0.10782774537801743,-0.39051610231399536,0.18529941141605377,0.2746082544326782,-0.31320685148239136,-0.22851772606372833,-0.07573307305574417,-0.042845048010349274,-0.20980867743492126,0.2811753451824188,0.06998896598815918,0.23251645267009735,0.12221135944128036,0.2218945324420929,-0.16387981176376343,-0.3114773631095886,-0.4172852039337158,0.214124396443367,-0.11185016483068466,0.13664379715919495,0.059570491313934326,-0.22725100815296173,-0.2221735715866089,-0.22566847503185272,-0.005396592430770397,0.00915476493537426,0.2274233102798462,-0.1393081396818161,0.44002968072891235,0.07459114491939545,0.10460903495550156,0.20309098064899445,-0.1148955374956131,-0.1733342707157135,-0.0864448994398117,0.24974660575389862,-0.42924705147743225,0.017777184024453163,-0.23049700260162354,-0.291572630405426,-0.1708935797214508,0.08841332048177719,0.07794376462697983,-0.011232316493988037,0.06460016220808029,-0.004727530293166637,0.03283718228340149,-0.10519842803478241,0.1947019100189209,-0.1604204624891281,-0.03026985004544258,-0.2719898521900177,0.17914517223834991,-0.5478020906448364,-0.1716843992471695,-0.13445225358009338,-0.21232140064239502,-0.14652574062347412,0.31550461053848267,0.42866992950439453,0.271109402179718,0.23893852531909943,0.25082001090049744,0.05327245593070984,0.12704119086265564,-0.6263255476951599,-0.12476158142089844,0.22585991024971008,-0.01214649062603712,-0.15043319761753082,0.04373276233673096,-0.14156776666641235,0.2069997787475586,-0.2729024291038513,-0.1446479856967926,-0.027486836537718773,-0.17146530747413635,-0.08786416053771973,0.004462220706045628,-0.035739313811063766,-0.09736424684524536,-0.06553170830011368,0.20314374566078186,-0.07066378742456436,-0.31500428915023804,0.1220647543668747,0.3459646701812744,-0.4444523751735687,0.058991096913814545,-0.12722961604595184,-0.012895694002509117,-0.4098455011844635,0.0967201441526413,0.1223093718290329,-0.2073395997285843,0.03301122784614563,0.20511703193187714,0.16530339419841766,-0.6782954931259155,-0.18271920084953308,0.16611292958259583,-0.17283466458320618,0.0018265515100210905,-0.1754697859287262,-0.06717900931835175,0.11756503582000732
CID000004044,895,0.10723680257797241,-0.03859032690525055,0.071451835334301,0.28218212723731995,-0.4321679174900055,0.025446180254220963,0.2602130174636841,0.34859001636505127,-0.2218293696641922,0.2737046778202057,0.11564712226390839,0.015144978649914265,0.0580090768635273,0.026391958817839622,-0.13328421115875244,-0.001231215544976294,-0.13435229659080505,-0.007796165533363819,0.08704087883234024,-0.406388521194458,0.19531700015068054,-0.21434421837329865,-0.18132458627223969,-0.7372702360153198,0.09069176763296127,0.11819984018802643,-0.17190100252628326,-0.03723505139350891,-0.1314573436975479,0.08565385639667511,-0.01915333978831768,0.25034379959106445,0.2537591755390167,0.12351280450820923,0.01939854398369789,-0.2680206894874573,0.1894167810678482,0.20039543509483337,0.28634485602378845,-0.019362332299351692,-0.036043111234903336,-0.29542046785354614,0.12880916893482208,-0.16222794353961945,-0.0949045717716217,0.3213447034358978,0.060493677854537964,-0.028204649686813354,0.17915458977222443,-0.0006641477230004966,0.2041626274585724,-0.14956162869930267,-0.25473612546920776,-0.038053348660469055,0.07260209321975708,0.0013963148230686784,0.022716546431183815,0.10690607875585556,-0.00371302361600101,-0.1531149446964264,-0.3529578447341919,-0.2747211456298828,-0.014972907491028309,-0.04379234462976456,0.31895342469215393,0.31538355350494385,-0.18787826597690582,-0.1333400309085846,0.3106767535209656,0.012870041653513908,0.10279031097888947,-0.27660101652145386,-0.36080968379974365,-0.41224902868270874,-0.03798510506749153,0.09459646046161652,-0.04627138376235962,0.014258064329624176,-0.011619938537478447,-0.18585170805454254,0.029044002294540405,-0.6697777509689331,-0.3367823362350464,0.30928128957748413,-0.06479428708553314,-0.0760597214102745,0.2713382840156555,-0.02503357268869877,-0.08074399083852768,-0.6622830033302307,-0.07384325563907623,0.14120084047317505,-0.05616949126124382,0.0012989878887310624,0.015012925490736961,-0.283642053604126,-0.22031693160533905,-0.27160942554473877,-0.3215549886226654,0.16207332909107208,0.0025127113331109285,0.09887728840112686,0.1025765985250473,0.44296160340309143,0.22139005362987518,0.03797372430562973,-0.10278967767953873,0.15831658244132996,0.47368067502975464,-0.20974187552928925,-0.025021400302648544,0.10162760317325592,-0.04081648588180542,0.025229383260011673,0.13151662051677704,0.12871399521827698,-0.18486417829990387,-0.1119852066040039,-0.18950340151786804,0.3662695288658142,0.6025505661964417,-0.1458132416009903,0.2223302572965622,0.0896373987197876,-0.09464246034622192,0.19818788766860962,-0.015516361221671104,0.09928205609321594,0.19622425734996796,0.07433917373418808,0.26342636346817017,-0.5653303861618042,-0.39526817202568054,0.04692210629582405,0.27248990535736084,-0.16092047095298767,-0.2851220667362213,0.3791041970252991,-0.1956455409526825,-0.2313418686389923,-0.28993862867355347,0.10323633253574371,-0.024539021775126457,-0.10570605099201202,-0.05942760780453682,0.20536582171916962,-0.03368518874049187,0.32927778363227844,-0.19283919036388397,0.17474475502967834,-0.12155294418334961,-0.1931520402431488,-0.08052463829517365,0.16104154288768768,-0.3194209337234497,-0.2359999716281891,-0.07020105421543121,-0.15394914150238037,-0.1274157166481018,0.21542270481586456,-0.16243091225624084,-0.048085086047649384,-0.04099969565868378,-0.1406755894422531,-0.14167125523090363,0.02089979127049446,-0.18647733330726624,0.23661871254444122,-0.04319639131426811,0.1548839956521988,-0.013323450461030006,-0.13387438654899597,-0.14903761446475983,-0.25442081689834595,0.049865059554576874,-0.13155098259449005,0.24378672242164612,-0.1848881095647812,0.35895442962646484,0.16887596249580383,0.21624767780303955,-0.04258368909358978,-0.17081208527088165,-0.042641572654247284,0.19713182747364044,0.17350901663303375,-0.1139821857213974,0.12704364955425262,-0.21555206179618835,-0.21693861484527588,-0.003771614981815219,0.13843810558319092,0.3473888039588928,0.08163546025753021,0.06510676443576813,-0.19452789425849915,0.12336337566375732,0.03288691118359566,0.07329776138067245,0.2711009383201599,0.16282789409160614,-0.36016932129859924,0.04537918418645859,-0.03766845166683197,-0.032110072672367096,-0.10180531442165375,-0.07896143198013306,0.25198110938072205,-0.03532983735203743,0.3253931701183319,0.2786502242088318,0.368985652923584,0.26198214292526245,0.1355591118335724,-0.06624819338321686,-0.14454060792922974,-0.03252880647778511,0.09657255560159683,0.13720197975635529,0.05399974435567856,-0.02076086774468422,-0.15710540115833282,-0.09421921521425247,-0.2473917007446289,-0.03036509081721306,-0.23544743657112122,0.25219088792800903,0.003770299255847931,0.1656094193458557,0.13788798451423645,-0.07596981525421143,-0.0956863984465599,0.17286783456802368,-0.00281880353577435,-0.13937857747077942,-0.055693618953228,0.32047656178474426,-0.4821034073829651,0.12342305481433868,-0.10307677090167999,0.1331971138715744,-0.4108544886112213,0.3314998745918274,0.35483506321907043,-0.04186619073152542,-0.009915804490447044,0.11798553168773651,0.03382835537195206,-0.6375474333763123,-0.1700095236301422,0.2799530625343323,-0.37013673782348633,0.17549067735671997,-0.30290648341178894,-0.033352214843034744,-0.01651180349290371
CID000003203,896,-0.023713963106274605,0.11318490654230118,0.011474817991256714,0.4377342760562897,-0.4504513740539551,0.023880576714873314,0.11180577427148819,0.21943683922290802,0.26147550344467163,0.24866983294487,-0.09047169983386993,0.10491635650396347,0.031068693846464157,0.07959365844726562,-0.30925607681274414,-0.0685075893998146,-0.03552565351128578,-0.056011997163295746,0.10288280248641968,-0.4158146381378174,-0.10405745357275009,-0.3430611491203308,-0.025389263406395912,-0.8233499526977539,0.08413608372211456,0.11851781606674194,-0.13737037777900696,0.02637242153286934,-0.03360118716955185,0.117172971367836,-0.149741068482399,0.2318745106458664,0.15286098420619965,-0.135707288980484,-0.015075732953846455,0.19110140204429626,0.1789320707321167,-0.01995846815407276,0.2432773858308792,-0.2552395164966583,-0.09675528109073639,-0.2550627589225769,0.162104070186615,-0.19804467260837555,-0.09823323786258698,0.40812841057777405,0.0809200182557106,-0.005103723611682653,0.1635955572128296,-0.03558666259050369,0.2830545902252197,0.0006090380484238267,-0.2842186391353607,-0.013021650724112988,-0.03350508585572243,-0.18123778700828552,-0.09862245619297028,0.09092724323272705,0.06949716806411743,-0.021061372011899948,-0.08475423604249954,-0.18395771086215973,-0.16245681047439575,0.021539729088544846,0.21232850849628448,0.326675146818161,-0.21423175930976868,-0.11481048166751862,0.12097146362066269,0.03255445882678032,0.03087404929101467,0.08379784226417542,-0.19582119584083557,-0.331899493932724,-0.17028570175170898,-0.06953535228967667,0.02794959582388401,0.1259811371564865,-0.20241329073905945,-0.15256258845329285,-0.050317734479904175,-0.39003902673721313,-0.21260111033916473,-0.16829077899456024,0.14202623069286346,-0.041295625269412994,0.16880974173545837,0.011446063406765461,0.13344234228134155,-0.5336575508117676,-0.09058250486850739,0.2016199827194214,-0.030376052483916283,-0.030959466472268105,-0.14506542682647705,-0.1301804482936859,0.031911157071590424,0.023472052067518234,-0.11895926296710968,-0.08999571949243546,-0.21002283692359924,-0.04388762265443802,-0.14210668206214905,0.17479661107063293,0.3119363486766815,0.0480949841439724,0.14909397065639496,0.25381016731262207,0.518325686454773,-0.15080225467681885,0.018847500905394554,0.15943565964698792,-0.07939901202917099,-0.11315162479877472,-0.1139053925871849,0.24777059257030487,-0.09099189937114716,0.04605740308761597,-0.06311214715242386,0.3027656674385071,0.6118804216384888,-0.16943395137786865,0.17994530498981476,0.30359455943107605,0.0095932986587286,0.2178267538547516,0.11517453193664551,0.14631697535514832,0.17118291556835175,0.05283551663160324,0.006908404175192118,-0.507840096950531,-0.47261175513267517,0.12120108306407928,0.2144424468278885,0.02852211333811283,0.1544954627752304,0.16365399956703186,-0.11869753897190094,-0.06252733618021011,-0.10036804527044296,0.025213411077857018,0.11968348175287247,-0.008687798865139484,-0.031597379595041275,0.13924476504325867,-0.09291297942399979,0.27975431084632874,0.2567148804664612,0.36266112327575684,0.15470853447914124,-0.40620726346969604,-0.27880018949508667,0.12273168563842773,-0.2871313691139221,-0.004999368451535702,-0.014121314510703087,-0.004560695495456457,0.17311955988407135,0.30509233474731445,-0.14317262172698975,0.17614075541496277,-0.05782259628176689,0.28584611415863037,-0.11717511713504791,-0.11426939070224762,-0.1775946170091629,0.08875880390405655,-0.13823668658733368,0.1688546985387802,-0.020381689071655273,-0.15743008255958557,-0.25400105118751526,-0.30672141909599304,0.07863776385784149,-0.07581377029418945,0.20603378117084503,-0.10639835894107819,0.40676504373550415,-0.060255199670791626,-0.03972330316901207,0.05890442803502083,-0.03848860785365105,-0.1269768476486206,0.06855398416519165,0.20702078938484192,-0.038358964025974274,-0.05565579980611801,-0.07436849176883698,-0.27854645252227783,0.27884215116500854,-0.02693980373442173,0.050003089010715485,0.0003304004785604775,0.16822652518749237,-0.15072503685951233,0.0582287423312664,-0.011581534519791603,0.0027323723770678043,-0.14349853992462158,0.003331615123897791,-0.31084567308425903,-0.12359406799077988,-0.3025258481502533,0.016526782885193825,-0.19131037592887878,-0.11142577975988388,0.0034460306633263826,-0.05628638342022896,0.46126800775527954,0.2967526316642761,0.01973888836801052,0.2997521758079529,0.03846706077456474,0.03129088133573532,0.02770060859620571,0.1350499540567398,0.1815183311700821,0.1137162446975708,-0.16094833612442017,-0.055382777005434036,-0.012264448218047619,-0.1262666881084442,-0.10616368055343628,0.16863924264907837,-0.0371796116232872,0.21909253299236298,0.056391097605228424,-0.07312033325433731,-0.19132037460803986,-0.0871274471282959,-0.15953555703163147,0.2785528302192688,-0.007581458427011967,-0.02688574232161045,-0.17844003438949585,0.38086622953414917,-0.25906187295913696,0.161301389336586,-0.2190079391002655,0.07054585218429565,-0.1621461808681488,-0.041492439806461334,0.2127910852432251,-0.13331472873687744,-0.025723785161972046,-0.03524039313197136,-0.022168070077896118,-0.510604977607727,-0.07819463312625885,0.19262932240962982,-0.23896794021129608,0.0019736916292458773,-0.24143938720226288,0.21670539677143097,0.020115166902542114
CID000004999,899,0.26954174041748047,-0.1285599172115326,0.2266814410686493,0.13308587670326233,-0.29079777002334595,0.1748109608888626,0.08502118289470673,0.36982324719429016,0.0020549804903566837,0.19334593415260315,0.19999238848686218,0.2289612740278244,0.02943028137087822,0.1716967523097992,-0.22566735744476318,-0.21902868151664734,-0.10388942062854767,-0.12157799303531647,0.19897815585136414,-0.4745725691318512,0.14209148287773132,-0.35763436555862427,-0.12722328305244446,-0.7281049489974976,0.02409832552075386,0.13679829239845276,-0.3002890646457672,-0.04071225970983505,-0.0636727511882782,0.37498781085014343,-0.1185242161154747,0.3511965870857239,-0.22967056930065155,-0.09826765209436417,0.0228900033980608,0.2840096950531006,0.24068649113178253,0.07632589340209961,0.29382380843162537,-0.2080957144498825,0.08328074216842651,-0.21514303982257843,-0.02091946080327034,-0.1302914321422577,-0.22356024384498596,0.38545116782188416,-0.033217769116163254,0.02467910572886467,-0.00024268627748824656,-0.0454893596470356,0.3506421148777008,-0.04656592756509781,-0.2845253050327301,-0.1253335177898407,0.35638025403022766,-0.18293960392475128,0.14231657981872559,0.35860663652420044,0.04597848281264305,-0.13431255519390106,-0.2940000891685486,-0.4382663667201996,-0.021909231320023537,-0.24887199699878693,0.2808416485786438,0.4781838357448578,-0.10781230032444,-0.2234770953655243,0.245509073138237,0.1260630339384079,-0.1285596638917923,0.18261106312274933,-0.3898468613624573,-0.3958440124988556,-0.5608537793159485,-0.19523215293884277,-0.12115892022848129,-0.009491896256804466,-0.14570879936218262,0.08566687256097794,0.23849645256996155,-0.30144762992858887,-0.38052529096603394,0.32400521636009216,-0.12185750156641006,-0.4184231758117676,0.37001168727874756,-0.06039882451295853,0.0031350255012512207,-0.6391143202781677,-0.061215680092573166,0.38453835248947144,0.037943970412015915,0.023033613339066505,-0.15125513076782227,-0.26639705896377563,-0.14071670174598694,-0.10415871441364288,-0.07024849206209183,0.3333336114883423,-0.339713990688324,-0.012619316577911377,-0.016563886776566505,0.38751959800720215,0.23715226352214813,0.259585976600647,0.07444203644990921,-0.12372739613056183,0.45328909158706665,0.10517628490924835,-0.07104654610157013,0.00764426589012146,-0.2323010414838791,0.09879246354103088,-0.21281886100769043,0.39285531640052795,-0.12930893898010254,-0.14355668425559998,-0.18105092644691467,0.3030877709388733,0.46722421050071716,-0.08829953521490097,0.425412654876709,0.3100793957710266,0.1483333706855774,0.1543799340724945,-0.06460072845220566,0.11760342121124268,0.3477039337158203,0.08055249601602554,0.15426936745643616,-0.37347009778022766,-0.31967663764953613,0.13287453353405,0.23451051115989685,-0.17332758009433746,-0.0468125082552433,0.18774427473545074,-0.34080496430397034,-0.39879366755485535,-0.3005119562149048,0.19614675641059875,0.2869545519351959,-0.29202547669410706,-0.0027564435731619596,0.1785181313753128,-0.15903954207897186,0.25913986563682556,-0.10657626390457153,0.24294929206371307,-0.045870646834373474,-0.1443120241165161,-0.07432486861944199,0.06367196887731552,-0.21989861130714417,-0.1330721080303192,-0.10904119163751602,-0.4857930541038513,0.04565698653459549,0.3664786219596863,0.12579944729804993,0.13949348032474518,-0.1677713543176651,0.26645976305007935,-0.16670846939086914,0.08861463516950607,-0.3828025460243225,0.3061167597770691,0.02937527932226658,0.23788230121135712,0.049363456666469574,-0.23829786479473114,-0.34238895773887634,-0.332507461309433,0.041047319769859314,-0.04800688102841377,0.11555562913417816,-0.32673078775405884,0.4436723589897156,-0.06625793874263763,0.085186667740345,-0.22783415019512177,-0.5130246877670288,-0.188919335603714,0.03051578439772129,0.30538666248321533,-0.25182783603668213,0.0944552794098854,-0.12681327760219574,-0.5411878824234009,-0.010321365669369698,0.23741415143013,0.29475414752960205,0.09303554892539978,0.030210580676794052,-0.3262022137641907,0.322068452835083,-0.2584631145000458,0.22275760769844055,-0.0736679807305336,0.23467178642749786,-0.36645546555519104,-0.11543655395507812,-0.5440742373466492,0.1917218714952469,-0.15366806089878082,-0.025570187717676163,0.04124641418457031,0.006399426609277725,0.35044050216674805,0.2934457063674927,0.32395613193511963,0.30175530910491943,0.49521708488464355,0.01923205517232418,-0.47712355852127075,0.13522575795650482,-0.02137157879769802,0.015930496156215668,-0.4098002314567566,0.0766991674900055,-0.0402250811457634,-0.12444976717233658,-0.29536768794059753,-0.13789573311805725,-0.176716148853302,-0.09340368211269379,-0.2021055668592453,-0.3233906626701355,0.12020239979028702,0.029009848833084106,-0.10077498853206635,0.2294575423002243,0.02190113440155983,-0.0869637280702591,0.07010968774557114,0.1645195186138153,-0.08451850712299347,0.19047830998897552,0.04404221475124359,0.3028629422187805,-0.48903149366378784,-0.22258782386779785,0.14920946955680847,-0.15572600066661835,0.16420234739780426,0.05954369157552719,0.07746247947216034,-0.3722991347312927,-0.14221283793449402,0.39837491512298584,-0.10269241034984589,-0.08614414185285568,-0.05818135291337967,0.10310953855514526,-0.019974928349256516
CID000002478,906,0.2937341332435608,-0.014462059363722801,0.04790515452623367,0.6671155691146851,-0.7813158631324768,0.052968256175518036,0.039965130388736725,-0.09011237323284149,-0.058038175106048584,0.24474792182445526,0.20770883560180664,-0.17884714901447296,-0.16358718276023865,-0.11885865032672882,0.015519455075263977,0.04354323074221611,0.027413448318839073,-0.18502742052078247,-0.18579867482185364,-0.6737270951271057,0.07247574627399445,-0.11320918798446655,-0.1397249847650528,-0.7088525295257568,-0.31319814920425415,-0.045160599052906036,0.07741235196590424,-0.11526720225811005,0.0158187635242939,-0.15114358067512512,0.16882482171058655,0.2363942563533783,0.5687264204025269,0.28795596957206726,-0.05002448707818985,0.11956639587879181,-0.14400604367256165,0.06143531948328018,0.028611963614821434,0.18230405449867249,-0.28239449858665466,0.1934051215648651,-0.04873057082295418,-0.18742401897907257,0.15295559167861938,0.3883936107158661,0.013977167196571827,-0.026930999010801315,0.13081078231334686,0.59209144115448,0.5581466555595398,-0.3390212953090668,-0.27349740266799927,-0.0014815271133556962,-0.0476648211479187,-0.016441870480775833,0.6796169877052307,0.004100120160728693,0.15853990614414215,0.016956651583313942,-0.05471520498394966,-0.12347062677145004,-0.23154780268669128,-0.1758076697587967,-0.2186134308576584,0.2974056303501129,-0.23286490142345428,-0.13829967379570007,-0.11789856106042862,-0.04138047620654106,-0.11037306487560272,-0.24000856280326843,-0.23534870147705078,-0.32195210456848145,-0.0684874951839447,0.38983315229415894,0.3319026827812195,-0.5808435678482056,0.0475916862487793,-0.07480785250663757,0.4320056438446045,-0.7661508321762085,-0.3349422514438629,0.1711157113313675,-0.009798988699913025,-0.053942132741212845,-0.024918342009186745,0.10684661567211151,0.00868227519094944,-0.5448601245880127,-0.10682737827301025,0.04274531453847885,-0.12403962761163712,0.12954047322273254,0.21641600131988525,-0.10671708732843399,-0.19811145961284637,-0.5091119408607483,-0.03322876617312431,0.15331456065177917,-0.03755507990717888,0.03096979297697544,-0.10017842054367065,0.06274664402008057,-0.3149774968624115,0.12077464163303375,0.25438275933265686,-0.10623887926340103,0.7469890117645264,0.25842955708503723,0.01949497126042843,0.048312656581401825,0.2673608660697937,-0.5209340453147888,-0.06335464864969254,0.18933066725730896,-0.07117980718612671,-0.2620183527469635,0.24096612632274628,0.04571280628442764,1.104090690612793,-0.218105748295784,0.05488839000463486,-0.08922702819108963,0.2076917439699173,-0.0134556470438838,0.041489191353321075,-0.11660908162593842,-0.10859833657741547,-0.1108894944190979,0.16430117189884186,-0.945814311504364,-0.5496889352798462,0.15914994478225708,0.009007828310132027,-0.00918719731271267,0.10379449278116226,0.10745004564523697,-0.03624837473034859,-0.2936016619205475,-0.12148940563201904,-0.12936152517795563,0.07172282040119171,-0.10166279226541519,-0.027301650494337082,-0.30648356676101685,0.33987486362457275,0.754285991191864,-0.08321017771959305,0.07022406905889511,-0.13060946762561798,-0.9658429026603699,0.27158451080322266,-0.1257425844669342,-0.07580529898405075,0.22532734274864197,-0.17678721249103546,0.016405845060944557,-0.2728939652442932,-0.030967721715569496,-0.5579937696456909,-0.29365453124046326,-0.12765052914619446,0.3974025547504425,0.07054446637630463,-0.11060996353626251,-0.027372051030397415,0.48129138350486755,0.1564512848854065,0.04057981073856354,0.017389483749866486,-0.12541215121746063,0.17530301213264465,-0.24101582169532776,0.08374995738267899,-0.2431405782699585,0.19669760763645172,-0.06902704387903214,0.48677343130111694,0.21462731063365936,-0.21915319561958313,0.32752925157546997,0.0690174475312233,0.09317031502723694,-0.046338532119989395,-0.043977487832307816,0.01132846437394619,-0.0782872810959816,-0.24780318140983582,-0.13158419728279114,0.041556764394044876,-0.015402640216052532,0.10232110321521759,-0.5337369441986084,0.13958004117012024,-0.2304641306400299,-0.12277853488922119,0.20523416996002197,0.21077080070972443,0.16165338456630707,-0.5247610211372375,-0.3397601246833801,0.2545790672302246,-0.011976567097008228,-0.21887174248695374,0.2106184959411621,-0.3226719796657562,0.1316903531551361,0.02594023384153843,0.593032956123352,0.1506948173046112,0.0993974432349205,0.12569022178649902,0.2483218014240265,-0.0792727842926979,-0.1378886103630066,-0.005547466687858105,0.7722415924072266,0.05355042219161987,0.4218149185180664,0.13020722568035126,-0.11555425822734833,0.2343955934047699,-0.36844682693481445,-0.24928995966911316,-0.38460320234298706,0.07009110599756241,0.08334948122501373,-0.044843170791864395,-0.014574485830962658,-0.1220112219452858,0.41212648153305054,0.06880899518728256,-0.034607697278261185,0.13315407931804657,0.1327066719532013,0.6944190263748169,-0.26794835925102234,0.04942340403795242,-0.1236312985420227,-0.2619607448577881,-0.3539574146270752,0.02719111368060112,0.07054607570171356,-0.08656372129917145,0.1720464825630188,-0.16740261018276215,0.4672073721885681,-1.2771306037902832,-0.3713309168815613,0.04789239913225174,0.024443747475743294,-0.1683763712644577,-0.20136937499046326,-0.17384013533592224,0.051554739475250244
CID000004095,915,0.18460051715373993,0.1458130180835724,0.33482426404953003,0.5825570225715637,-0.4465559124946594,0.19919094443321228,0.3081222176551819,0.2279844731092453,0.4212130606174469,0.2964287996292114,0.11387405544519424,-0.14691466093063354,-0.29694241285324097,0.05772719904780388,0.035900019109249115,-0.12589086592197418,-0.13132977485656738,-0.1415594071149826,-0.052331238985061646,-0.8935874104499817,0.4044877886772156,-0.162314772605896,-0.042363714426755905,-0.9771774411201477,0.21250395476818085,0.28054672479629517,-0.0980120450258255,0.0861823558807373,0.1224314421415329,0.2932642698287964,0.29262059926986694,0.04139026999473572,-0.11873600631952286,0.17398610711097717,-0.24567747116088867,-0.07301688194274902,-0.2501744031906128,0.21531882882118225,0.14185799658298492,-0.12433947622776031,0.2424974888563156,0.17735572159290314,0.27315452694892883,-0.5426294803619385,-0.1017245277762413,0.2097749263048172,-0.06618565320968628,-0.056806933134794235,-0.022526193410158157,-0.18769697844982147,0.4978422224521637,0.04161445423960686,-0.2234865427017212,-0.5053809881210327,0.06554180383682251,-0.2948547601699829,0.3741641640663147,-0.03295791149139404,0.15387073159217834,-0.20242993533611298,-0.2877069413661957,-0.1202518492937088,0.040337227284908295,-0.32203394174575806,-0.1311345100402832,0.42004671692848206,-0.1853371113538742,-0.3847499191761017,-0.04910130053758621,-0.24894964694976807,0.07199425250291824,0.2952016294002533,-0.2931334376335144,-0.15210700035095215,-0.39946526288986206,0.03234989568591118,-0.044349752366542816,0.10913532972335815,-0.06811519712209702,0.061677634716033936,0.18033689260482788,-0.4065144658088684,-0.25298333168029785,-0.3422379791736603,0.1391942799091339,-0.012161022052168846,0.24153976142406464,0.20499520003795624,-0.11727774143218994,-0.9412752985954285,-0.4702955186367035,0.007481170352548361,0.04705159738659859,0.04900868982076645,-0.046223826706409454,-0.4690926969051361,0.549757182598114,0.11613764613866806,0.398939847946167,0.32593435049057007,0.19013044238090515,-0.15370666980743408,0.1578885316848755,0.24746370315551758,-0.4077259600162506,0.029443860054016113,0.3315542936325073,0.536135196685791,0.5868373513221741,0.39882615208625793,0.03880997374653816,0.3135421574115753,0.1180906742811203,-0.2569018304347992,0.10996989160776138,0.1669304221868515,0.13927564024925232,0.021240180358290672,0.04372851178050041,0.08645536005496979,0.8132293820381165,-0.03650971129536629,0.3711755871772766,0.1516169309616089,0.05942772701382637,0.030757581815123558,0.08002786338329315,-0.4367118775844574,0.28437432646751404,-0.1421782672405243,0.2276986837387085,-0.6740580797195435,-0.33048775792121887,0.020610224455595016,0.2636050879955292,0.18134760856628418,0.4323083460330963,0.24843771755695343,-0.04103903844952583,-0.1803940385580063,-0.2355070859193802,0.03003852441906929,0.15700268745422363,-0.10831542313098907,-0.0254581980407238,0.14250585436820984,-0.14823642373085022,0.5273027420043945,-0.22882819175720215,0.010534273460507393,0.07484451681375504,-0.5340453386306763,-0.026587259024381638,0.17303310334682465,-0.07738715410232544,-0.029626375064253807,-0.058062247931957245,-0.31980210542678833,-0.44398775696754456,0.048724524676799774,0.16592787206172943,-0.13583283126354218,0.11568422615528107,-0.06484229117631912,0.03721185773611069,0.06808769702911377,-0.1693555861711502,0.16734859347343445,0.1183999627828598,0.10585354268550873,0.20825140178203583,-0.29931777715682983,-0.3459419310092926,-0.2332763373851776,-0.16022104024887085,-0.23013243079185486,-0.008586863987147808,-0.3273364007472992,0.5724964141845703,0.15184280276298523,-0.23091979324817657,-0.06517335027456284,-0.2416418045759201,-0.15597811341285706,0.2760468125343323,-0.08198324590921402,-0.36652499437332153,-0.014205696061253548,-0.11284057796001434,-0.2840345799922943,-0.3047361969947815,0.2258238047361374,-0.12854599952697754,-0.4558102488517761,0.06841444969177246,-0.3419220745563507,-0.05599664896726608,0.1236845999956131,-0.0031704187858849764,-0.13667237758636475,-0.31062787771224976,-0.24024835228919983,-0.0868898257613182,-0.6096853017807007,0.14679467678070068,-0.07696274667978287,0.16902799904346466,-0.002078193472698331,0.4279964864253998,0.5829398036003113,0.34153831005096436,-0.3986865282058716,0.24241766333580017,0.043521858751773834,0.06422191113233566,-0.4359351098537445,0.12022508680820465,0.41077136993408203,-0.11400964111089706,0.11077183485031128,-0.09566680341959,-0.009276884607970715,-0.011704623699188232,-0.37064245343208313,0.40037649869918823,0.08087451756000519,-0.269827663898468,-0.3670085072517395,0.25574225187301636,-0.3563467562198639,-0.1985071897506714,0.515381395816803,0.1746804118156433,0.013043880462646484,0.18053026497364044,-0.2854032814502716,0.48492732644081116,-0.1297028809785843,0.1226479783654213,-0.2394002377986908,-0.07478543370962143,-0.5030680894851685,0.31862515211105347,-0.014572861604392529,-0.0002731919230427593,-0.19816471636295319,0.0514235720038414,0.12054165452718735,-0.9184800386428833,-0.06246286630630493,0.2398267686367035,-0.001744127250276506,-0.04548288509249687,-0.0655941441655159,0.180376335978508,0.2301957607269287
CID000003114,916,-0.04602430388331413,0.16786229610443115,0.0066784443333745,0.399577796459198,-0.24048924446105957,0.2974861264228821,0.27650073170661926,0.16831469535827637,0.26950603723526,0.09823978692293167,0.35168781876564026,-0.07643579691648483,-0.11809058487415314,0.08496825397014618,-0.14571551978588104,0.11578702926635742,-0.11562635749578476,-0.012091907672584057,0.12293843924999237,-0.6427100896835327,0.24638351798057556,-0.2131863534450531,0.0665915384888649,-1.023950457572937,0.1535436064004898,0.39950069785118103,0.037431515753269196,-0.0063363732770085335,0.08137257397174835,0.2033991515636444,0.2737959027290344,0.24314169585704803,-0.050466082990169525,-0.050594478845596313,0.057079773396253586,-0.10964949429035187,0.20870468020439148,-0.049989502876996994,0.15941672027111053,-0.11792449653148651,0.13751545548439026,-0.19920586049556732,0.2281116247177124,-0.37184441089630127,-0.29850274324417114,0.2918493449687958,0.152883380651474,0.02820449508726597,0.10448422282934189,-0.028072897344827652,0.5397905707359314,0.0619976706802845,-0.11856945604085922,-0.0645085945725441,-0.034929368644952774,-0.06897428631782532,0.4286859929561615,-0.049883920699357986,0.1145586222410202,0.12966513633728027,-0.17130780220031738,-0.39908307790756226,-0.257429838180542,-0.1253690868616104,0.26897603273391724,0.4792380928993225,-0.05891750380396843,-0.1651199758052826,0.008326848968863487,-0.036391835659742355,0.16058743000030518,0.0846414640545845,-0.2318301498889923,-0.40694040060043335,-0.4808982014656067,-0.1040610820055008,0.019443059340119362,0.39343541860580444,0.0118833277374506,-0.09111567586660385,0.040932804346084595,-0.42887234687805176,-0.21086449921131134,-0.11777178943157196,0.006827832665294409,0.06155567243695259,0.38859352469444275,0.18237155675888062,-0.08817307651042938,-0.7273805737495422,-0.1619577556848526,0.2533109784126282,0.1136176809668541,0.2381744384765625,-0.044592879712581635,-0.27355724573135376,0.25590410828590393,0.2691625654697418,-0.1283397674560547,0.20758788287639618,0.06919775903224945,-0.2581143379211426,-0.07295018434524536,0.19968771934509277,0.10705709457397461,0.12323769181966782,-0.07124151289463043,0.20915284752845764,0.7310745120048523,-0.09888023883104324,-0.004619488026946783,0.17534419894218445,-0.16025418043136597,-0.2152089625597,0.396528422832489,0.15089461207389832,0.06406374275684357,0.3199945092201233,-0.14724746346473694,0.5011576414108276,0.6440315246582031,-0.46838611364364624,0.26445114612579346,0.1296827346086502,-0.12207992374897003,0.27497294545173645,-0.2328428477048874,-0.33712852001190186,0.3314942419528961,-0.06866399198770523,0.1200159564614296,-0.424002081155777,-0.39968952536582947,0.2537279725074768,0.23108211159706116,0.03155845031142235,0.29849934577941895,0.048653557896614075,-0.22844119369983673,-0.30642277002334595,-0.3084537088871002,0.05865703895688057,0.17573684453964233,0.06451765447854996,0.14356519281864166,0.24788124859333038,-0.2008119374513626,0.418942928314209,-0.1309814304113388,0.24862074851989746,0.12570048868656158,-0.19742900133132935,-0.12957042455673218,0.05319864675402641,-0.09388326108455658,-0.17921501398086548,-0.16687393188476562,-0.26236841082572937,-0.21314063668251038,0.22879068553447723,-0.0030544758774340153,0.0591869056224823,0.06194879859685898,-0.015303587540984154,-0.024195481091737747,-0.316161572933197,-0.017945606261491776,0.13165827095508575,0.11154582351446152,0.15350481867790222,0.1439119279384613,-0.2955508530139923,-0.3214806616306305,-0.07096508890390396,-0.0918445810675621,0.04481850937008858,0.040555376559495926,-0.18508467078208923,0.5446861386299133,0.028567636385560036,0.11191731691360474,-0.23089559376239777,-0.06403835862874985,-0.13964733481407166,0.008994797244668007,0.114031121134758,-0.35183343291282654,-0.16492310166358948,0.0522933192551136,-0.3399384021759033,0.22597594559192657,0.10798493772745132,0.0772736519575119,-0.05736438184976578,0.005242031998932362,-0.11665543168783188,-0.11648707091808319,0.2946808338165283,0.01543530821800232,-0.04981876537203789,-0.04000120609998703,-0.4313589632511139,-0.08104698359966278,-0.5055049657821655,0.01893029175698757,-0.4215412139892578,-0.009927645325660706,0.023109208792448044,0.3934864103794098,0.45792660117149353,0.274555504322052,-0.18538762629032135,0.29079899191856384,-0.011042669415473938,0.08934091031551361,-0.4773791432380676,-0.19664640724658966,0.22877542674541473,-0.09612853080034256,-0.1124395951628685,-0.02116323448717594,-0.2020570933818817,-0.07412460446357727,-0.3076958954334259,0.18223944306373596,0.2062048614025116,0.05648983642458916,-0.40190887451171875,0.236046701669693,-0.2593284249305725,-0.19874148070812225,0.008542925119400024,0.20364728569984436,0.06530676782131195,0.05143769830465317,-0.284221351146698,0.4285457730293274,-0.3296692669391632,0.046002909541130066,-0.16671627759933472,0.14344391226768494,-0.3901679813861847,0.38694697618484497,0.1623525321483612,0.040524110198020935,-0.187416672706604,0.11352702230215073,-0.07986417412757874,-0.6556761264801025,-0.1637372523546219,0.2607256770133972,-0.1211472898721695,0.0400085411965847,-0.3104014992713928,0.21466095745563507,0.1586388647556305
CID000213039,921,0.008819052949547768,0.17617198824882507,0.0869971290230751,0.6431185007095337,-0.5180140733718872,0.012727415189146996,0.04065975919365883,0.2199370563030243,0.14139443635940552,0.20194414258003235,-0.0047058104537427425,-0.40949398279190063,-0.18809916079044342,0.04157119244337082,-0.0027743219397962093,-0.01855216547846794,-0.07955154776573181,0.0024492847733199596,0.05894571542739868,-0.5679969787597656,-0.04769492894411087,-0.3577098250389099,-0.3713394105434418,-0.9104243516921997,0.272162526845932,0.07900774478912354,-0.0821249708533287,0.17482498288154602,-0.2052205353975296,0.08380891382694244,-0.12972581386566162,0.1813051998615265,0.06598402559757233,-0.16530565917491913,0.11092027276754379,0.1423133909702301,0.18088343739509583,-0.08070085942745209,0.18077637255191803,-0.3102089762687683,-0.10336629301309586,-0.294666588306427,0.07446486502885818,-0.35969382524490356,0.07895629107952118,0.20632724463939667,0.04928559064865112,-0.03184554725885391,0.20438320934772491,0.06628763675689697,0.6109964847564697,-0.1466909945011139,-0.22240376472473145,-0.04494674131274223,-0.06784852594137192,-0.12524737417697906,0.4190252423286438,0.1323239803314209,0.5279614925384521,-0.20815765857696533,-0.10577034950256348,-0.13142909109592438,-0.0814063549041748,0.13930481672286987,0.07019072026014328,0.7061506509780884,-0.18768200278282166,-0.018757319077849388,0.08183629810810089,-0.15795698761940002,-0.06584838777780533,0.036817245185375214,-0.0044845519587397575,-0.24178585410118103,-0.0893460288643837,0.15324103832244873,0.046367764472961426,-0.06987296044826508,-0.15700490772724152,-0.25555869936943054,0.05195694416761398,-0.4653158187866211,-0.3455103635787964,-0.24991628527641296,0.12451715767383575,-0.08201798051595688,0.1528872400522232,0.28012165427207947,0.09096058458089828,-0.5418847799301147,0.09786945581436157,0.0772860050201416,-0.03611293435096741,-0.10955681651830673,0.1497792750597,-0.17112256586551666,0.42589789628982544,-0.17126747965812683,0.0953294113278389,-0.129637211561203,-0.19791686534881592,-0.2587112784385681,-0.08363686501979828,0.17788055539131165,0.05582287162542343,0.15268227458000183,0.3323674201965332,-0.1503395438194275,0.7254464626312256,0.4263608455657959,-0.029901374131441116,0.24159923195838928,-0.126566082239151,-0.7340534925460815,-0.017226558178663254,0.2334364950656891,-0.13051310181617737,-0.016118234023451805,0.07490125298500061,0.13550163805484772,0.8732179403305054,-0.517946720123291,0.2585698068141937,0.172230526804924,0.01625106856226921,0.1662358045578003,0.07985211908817291,0.1400415599346161,0.11639595031738281,-0.05922563001513481,0.08859552443027496,-0.608566403388977,-0.4188632071018219,-0.07233212888240814,-0.026724273338913918,0.2838190197944641,0.05960817262530327,0.044798217713832855,-0.20608529448509216,-0.06864522397518158,-0.1215425357222557,0.059897035360336304,-0.0570247545838356,-0.01937851868569851,-0.0062604425475001335,0.022150393575429916,-0.04175081104040146,0.5078654289245605,0.04606626182794571,0.39117497205734253,-0.16072706878185272,-0.5784376859664917,-0.46807584166526794,-0.025815796107053757,-0.08476168662309647,0.11045913398265839,0.0902581587433815,0.08536118268966675,-0.046758152544498444,0.22450248897075653,0.016798948869109154,0.27692458033561707,-0.07272946834564209,0.10049553960561752,-0.18911652266979218,-0.2712398171424866,-0.2648497521877289,0.11499713361263275,0.10032715648412704,0.3162449896335602,-0.07351522147655487,-0.15915706753730774,-0.032999198883771896,-0.1582815945148468,0.11651346832513809,-0.06839246302843094,0.05779784172773361,-0.0958494022488594,0.647746741771698,0.007854044437408447,-0.221236914396286,0.03127553313970566,-0.040053240954875946,-0.036103107035160065,-0.04549887776374817,-0.09059102833271027,0.016003575176000595,-0.0532306544482708,0.08207342028617859,-0.1782488375902176,0.09286872297525406,0.027245283126831055,0.08479427546262741,-0.07465273886919022,0.11377345025539398,-0.058362167328596115,-0.1654399186372757,0.1697978675365448,0.02749054506421089,-0.18373627960681915,-0.497049480676651,-0.340130090713501,0.019182374700903893,-0.3165987432003021,0.10572628676891327,0.01939130388200283,0.005489849951118231,-0.05755950137972832,0.3338930010795593,0.5909799337387085,0.4629005789756775,-0.2075430452823639,0.2546840012073517,0.13898804783821106,0.15138481557369232,0.020649468526244164,0.2262754887342453,0.6442052125930786,0.1895052045583725,0.07998143136501312,-0.03783147782087326,0.162040114402771,0.13790194690227509,-0.2200230062007904,0.4249122142791748,-0.06940686702728271,-0.06400735676288605,-0.08032168447971344,-0.312600314617157,-0.12449102103710175,-0.024708712473511696,0.2897137701511383,0.23553022742271423,-0.11871359497308731,0.2781073749065399,0.22789354622364044,0.4746430516242981,-0.13610385358333588,0.09070006757974625,-0.25041183829307556,0.10414546728134155,-0.17358613014221191,0.19755475223064423,0.1308847814798355,-0.1649872362613678,-0.023271387442946434,-0.05849732086062431,0.06716443598270416,-0.6154736876487732,0.06743642687797546,0.2739977538585663,0.04907522350549698,-0.0014300525654107332,-0.12047810852527618,0.12783174216747284,-0.045390281826257706
CID000060696,925,0.17740187048912048,-0.18129758536815643,0.06250344961881638,0.4063057005405426,-0.4943937659263611,0.1469276398420334,0.1433306187391281,0.24147208034992218,0.1290474385023117,0.3445405066013336,0.284152090549469,0.18776346743106842,-0.05676936358213425,0.20809003710746765,-0.047302909195423126,-0.06426887214183807,-0.03447599709033966,-0.0493478998541832,-0.03511708229780197,-0.4950841963291168,-0.053461868315935135,-0.02523285523056984,0.1757703274488449,-0.787121057510376,-0.007396882865577936,-0.0782882571220398,-0.07907204329967499,-0.04102907329797745,-0.0014433383475989103,0.09154284000396729,-0.1258360892534256,0.22488518059253693,-0.11394667625427246,0.21629199385643005,0.050508689135313034,-0.3035319447517395,0.25856226682662964,0.2754712402820587,-0.1250952184200287,-0.37368452548980713,0.09879474341869354,-0.18795788288116455,0.3746195435523987,-0.18159815669059753,-0.05588806793093681,0.17009314894676208,0.21674302220344543,0.008689455687999725,0.18035468459129333,0.038198117166757584,0.3301369845867157,-0.14249317348003387,-0.04729707911610603,-0.1658037155866623,0.22384269535541534,0.08538161218166351,0.11678944528102875,-0.022506067529320717,0.15836693346500397,-0.0689987912774086,-0.048730313777923584,-0.2659453749656677,-0.3670591711997986,0.05862808972597122,0.2700536251068115,0.3037078082561493,-0.3054606318473816,-0.03909877687692642,0.35333651304244995,-0.0038195117376744747,0.19248762726783752,0.4449438154697418,-0.12746456265449524,-0.30586498975753784,-0.2283516377210617,-0.04871119186282158,-0.08721275627613068,0.0881119817495346,-0.03381883352994919,-0.07896314561367035,-0.06948168575763702,-0.33961623907089233,-0.3199751675128937,0.048445772379636765,0.09016789495944977,-0.20933797955513,0.057540129870176315,0.14412805438041687,-0.3194492757320404,-0.6794362664222717,0.003422898007556796,0.07097707688808441,0.0615888349711895,0.1440403163433075,-0.048806082457304,-0.35747483372688293,0.032734960317611694,0.09070178866386414,0.27178317308425903,0.13751667737960815,0.16005034744739532,-0.011999455280601978,-0.05285363271832466,0.43355536460876465,-0.18302075564861298,0.048429928719997406,-0.25135257840156555,0.0443073995411396,0.36559948325157166,0.1567251980304718,-0.006641095969825983,0.05147869512438774,-0.32605862617492676,-0.13527724146842957,0.29900965094566345,0.2271028459072113,-0.0522870197892189,0.10629711300134659,0.08529233187437057,0.12452445179224014,0.7641025185585022,-0.07160157710313797,0.17361415922641754,0.09846603870391846,-0.03131992369890213,0.1137046068906784,-0.012901132926344872,-0.03385165333747864,0.10122688859701157,0.1577606201171875,0.2136373519897461,-0.48593583703041077,-0.5261856913566589,0.19443581998348236,0.2883310914039612,0.1227242574095726,0.2401161640882492,0.2370755970478058,-0.18627944588661194,-0.32863834500312805,-0.07758332788944244,0.2565752863883972,0.011624607257544994,-0.005825105123221874,0.008347416296601295,0.14496764540672302,0.003798270132392645,0.43999290466308594,0.22774755954742432,-0.05078912898898125,0.09267404675483704,-0.29634958505630493,-0.09001892805099487,0.20995119214057922,-0.1647234708070755,0.10077498108148575,-0.004976206924766302,-0.15200373530387878,0.18731926381587982,0.10244937241077423,0.2773067355155945,-0.07114334404468536,0.10284893214702606,-0.16167306900024414,-0.19185377657413483,0.08205209672451019,-0.26780271530151367,0.31316372752189636,0.06171056628227234,0.1675170511007309,0.3406204879283905,-0.14417439699172974,-0.26975488662719727,-0.1953195184469223,0.18624773621559143,-0.15725389122962952,0.23208150267601013,-0.2859667241573334,0.5484579205513,0.20958109200000763,-0.16931799054145813,-0.23538820445537567,-0.27752822637557983,-0.11441308259963989,-0.014579562470316887,0.2932177782058716,-0.13308416306972504,0.06427665054798126,0.2037695348262787,-0.31165412068367004,0.2889299988746643,-0.12419922649860382,0.02054106816649437,-0.23291321098804474,0.328171044588089,-0.0580192431807518,0.27222514152526855,0.023561203852295876,-0.20973190665245056,-0.534346878528595,-0.11736361682415009,-0.3390600085258484,-0.15352995693683624,-0.4038063585758209,0.1492929607629776,-0.07682731747627258,-0.10663231462240219,0.1328422874212265,0.25281840562820435,0.5645700693130493,0.33490341901779175,0.08877763897180557,0.31624311208724976,0.292486310005188,0.14290264248847961,-0.25440287590026855,-0.41092872619628906,0.2999292314052582,-0.1631733626127243,-0.14372001588344574,-0.13873353600502014,-0.2976548969745636,0.052694808691740036,-0.19497258961200714,0.013677309267222881,0.10022766888141632,-0.4073680341243744,0.04140627756714821,0.26224249601364136,0.027459990233182907,-0.21373116970062256,-0.11481621116399765,0.11580423265695572,0.032171182334423065,-0.23246784508228302,-0.07792294025421143,0.41642123460769653,-0.20751595497131348,-0.028127159923315048,-0.10451581329107285,0.27737170457839966,-0.4919296205043793,0.18578889966011047,0.14362886548042297,0.015686245635151863,-0.08477656543254852,-0.09570819139480591,0.12304983288049698,-0.7177024483680725,-0.08930034190416336,0.19603756070137024,-0.2243146002292633,0.06363500654697418,-0.16808000206947327,-0.06440497189760208,0.024649202823638916
CID000002727,926,0.3655732274055481,-0.1481780707836151,0.019929498434066772,0.3846625089645386,-0.40455150604248047,0.09970846027135849,0.32310792803764343,0.4567353129386902,0.025185029953718185,0.26162660121917725,0.21883097290992737,-0.03454000875353813,0.05692744255065918,0.2210446149110794,0.04114551469683647,-0.14066702127456665,-0.17340144515037537,-0.2694243788719177,-0.11271031200885773,-0.5433085560798645,0.0552118718624115,-0.15544328093528748,-0.2245873510837555,-0.7203559279441833,0.2754382789134979,-0.17638416588306427,-0.24075713753700256,0.25459912419319153,-0.06245363876223564,0.08894606679677963,-0.16802118718624115,0.2487763911485672,0.23883166909217834,0.022782398387789726,-0.03208587318658829,-0.3172927796840668,0.015928637236356735,0.25392067432403564,0.24991726875305176,-0.1544693112373352,-0.08682960271835327,-0.2868640422821045,0.14069817960262299,-0.04794837161898613,-0.09533216804265976,0.36961573362350464,0.05264853313565254,0.08006046712398529,0.19051513075828552,-0.021470466628670692,0.3595334589481354,-0.15483780205249786,-0.22810998558998108,0.10709498822689056,-0.031358640640974045,-0.22673049569129944,-0.010989350266754627,0.0995669960975647,0.04965180158615112,0.015094012022018433,-0.42264682054519653,-0.1514439582824707,0.03858236223459244,-0.12328270822763443,0.1655157208442688,0.32741019129753113,-0.23877504467964172,0.02790386602282524,0.29073774814605713,-0.0928334966301918,0.14973345398902893,-0.30931204557418823,-0.3471578359603882,-0.33547648787498474,-0.20083598792552948,0.07097853720188141,0.03887072950601578,0.0546511635184288,0.005312709603458643,-0.12484415620565414,0.4473431706428528,-0.6551209688186646,-0.38064736127853394,0.25517404079437256,0.03372826427221298,-0.10122896730899811,0.09961795806884766,-0.016804108396172523,-0.015842759981751442,-0.7294321656227112,-0.01478151697665453,-0.0077261729165911674,-0.11166858673095703,0.05645092576742172,0.13374535739421844,-0.13253621757030487,-0.19578874111175537,-0.19122366607189178,-0.10709787905216217,0.29779064655303955,-0.22268517315387726,0.19844721257686615,0.15132012963294983,0.3739549219608307,0.13980117440223694,0.08372700214385986,-0.29459869861602783,-0.021275032311677933,0.521014928817749,0.0014736652374267578,-0.05932215601205826,0.1413419395685196,-0.07875514030456543,-0.21855048835277557,0.08831243216991425,0.12864716351032257,-0.012966865673661232,-0.15958113968372345,-0.15123462677001953,0.37189817428588867,0.8113340139389038,-0.10842039436101913,0.20801492035388947,-0.15073411166667938,0.2255004644393921,0.048752445727586746,0.015926798805594444,0.01980527676641941,0.48879796266555786,0.0528031587600708,0.20349757373332977,-0.4832838177680969,-0.37060654163360596,0.04474274069070816,0.2994496822357178,-0.024063806980848312,0.07140327990055084,0.34103649854660034,-0.16138078272342682,-0.17151415348052979,-0.4270448088645935,0.3542638123035431,-0.2701393961906433,-0.03233905881643295,0.13064715266227722,0.39940109848976135,0.2031770646572113,0.4606369137763977,-0.17263135313987732,0.09831450879573822,-0.24561183154582977,-0.3085933029651642,-0.25098133087158203,0.4934330880641937,-0.2940484285354614,-0.010666289366781712,0.03371543437242508,-0.05349816009402275,0.20199540257453918,0.11450191587209702,-0.3004760444164276,0.12998545169830322,-0.066823311150074,-0.17949941754341125,0.11217454820871353,0.20677292346954346,-0.25406938791275024,0.2219657152891159,-0.01712767221033573,0.26651158928871155,-0.02263643778860569,0.029467493295669556,-0.11024818569421768,-0.25945958495140076,0.18023845553398132,0.06040719151496887,0.14403493702411652,-0.4028497636318207,0.5302940607070923,0.24160805344581604,0.19160360097885132,-0.02713581919670105,-0.1317327618598938,-0.3732680678367615,0.3427901864051819,0.13623017072677612,-0.2249820977449417,0.03532532602548599,-0.27036935091018677,-0.1499282419681549,-0.04367648437619209,0.197551429271698,0.1838236302137375,-0.08717608451843262,0.09703061729669571,-0.005713359918445349,0.06616155058145523,0.04658487066626549,-0.024863487109541893,0.17884330451488495,0.1119070053100586,-0.3239530622959137,0.03215295076370239,-0.21776242554187775,-0.036621760576963425,-0.13241374492645264,-0.19258247315883636,-0.0239136703312397,0.0012032479280605912,0.39286988973617554,0.42255711555480957,0.33278125524520874,0.15102386474609375,0.190399169921875,-0.08209545165300369,-0.2795199751853943,0.03961161524057388,0.24282947182655334,0.06426050513982773,0.09611247479915619,-0.08781658858060837,-0.1868952363729477,0.09012991189956665,-0.10883136838674545,-0.172972172498703,-0.16229137778282166,0.05640140920877457,-0.01289165485650301,-0.05912960693240166,0.2255512773990631,-0.06630486249923706,0.08702587336301804,0.25588271021842957,-0.16466915607452393,-0.1766921728849411,0.16793227195739746,0.5196108818054199,-0.5294241309165955,0.031705088913440704,0.03726012632250786,0.29381537437438965,-0.2807781994342804,0.21103127300739288,0.3804040551185608,0.07216028869152069,0.0013051510322839022,0.23533301055431366,0.04575637727975845,-0.750979483127594,-0.3738366663455963,0.27082541584968567,-0.36533665657043457,-0.1389007717370987,-0.1918608397245407,-0.06261169165372849,0.11189796775579453
CID000004539,927,0.05503572151064873,0.2908468246459961,0.1680651158094406,0.33973631262779236,-0.33040231466293335,0.198953777551651,0.03556348755955696,0.15673519670963287,0.030992161482572556,0.22768071293830872,0.024775248020887375,0.044928692281246185,-0.018288636580109596,0.34626585245132446,-0.009683439508080482,-0.07853170484304428,-0.05353619530797005,-0.14076246321201324,0.2035079300403595,-0.43435749411582947,-0.12279383838176727,-0.39840787649154663,-0.01597629114985466,-0.681216299533844,0.004975119139999151,0.016424495726823807,-0.34237542748451233,-0.1304440200328827,-0.10469330847263336,0.2545701861381531,0.0002466142177581787,0.2577025294303894,-0.11508705466985703,-0.010798448696732521,-0.050453562289476395,-0.17398467659950256,0.36799541115760803,0.10020802170038223,0.3308643698692322,-0.3798920214176178,-0.027690012007951736,-0.039949897676706314,0.23275932669639587,-0.23589488863945007,-0.06045518442988396,0.3354381024837494,-0.09862267971038818,-0.004689025692641735,0.5717236995697021,0.11183035373687744,0.32886219024658203,-0.12417163699865341,-0.4430848956108093,0.0856875479221344,0.02762373723089695,-0.19961395859718323,0.08490531146526337,0.24678321182727814,-0.07625545561313629,0.15221646428108215,-0.41215676069259644,-0.2641224265098572,-0.08003675192594528,-0.23054364323616028,0.08774993568658829,0.46586912870407104,-0.31472986936569214,-0.008886879310011864,0.15709760785102844,0.01804460771381855,-0.13311678171157837,0.19983866810798645,-0.14967241883277893,-0.3198001980781555,-0.23582684993743896,-0.24005839228630066,-0.17370234429836273,-0.0023469149600714445,-0.0657861977815628,0.0132985170930624,-0.15648004412651062,-0.2931404709815979,-0.26145341992378235,-0.151000514626503,0.12622103095054626,-0.06411071121692657,0.2508743405342102,-0.0022152215242385864,0.21464839577674866,-0.7100690007209778,-0.07886295765638351,0.24236102402210236,-0.03576716408133507,-0.11979229748249054,-0.06390554457902908,-0.29981204867362976,-0.07031634449958801,-0.07450008392333984,0.20874354243278503,0.14791768789291382,0.02352079749107361,0.07980028539896011,0.058896541595458984,0.25300148129463196,0.09247979521751404,0.1336784064769745,0.1394946426153183,0.08811654150485992,0.31490659713745117,-0.20811167359352112,-0.034413401037454605,0.06184838339686394,-0.2111249417066574,-0.060115568339824677,-0.22452719509601593,0.3228432238101959,0.09442517906427383,0.05949299409985542,-0.26282358169555664,0.28836342692375183,0.5427266955375671,-0.2237626314163208,0.16891522705554962,0.320341020822525,-0.0351608581840992,0.1315051019191742,0.04141803830862045,-0.04403155297040939,0.20488162338733673,-0.20640559494495392,0.18492181599140167,-0.5300901532173157,-0.3246442973613739,0.19178827106952667,0.24064180254936218,0.06812062114477158,-0.133687824010849,0.10909239947795868,-0.04195862263441086,-0.03968316316604614,-0.310067355632782,0.4165803790092468,0.34306561946868896,-0.02928517386317253,0.02688700519502163,0.008679211139678955,-0.1134844422340393,0.40706533193588257,0.22689613699913025,0.35133787989616394,0.1114761009812355,-0.3045147657394409,-0.06934591382741928,0.14856034517288208,-0.3013535141944885,-0.21130678057670593,0.0007567823049612343,-0.3011491000652313,0.07672317326068878,0.3846063017845154,0.23118415474891663,0.06589368730783463,-0.05307918041944504,-0.0745176449418068,-0.4506191313266754,0.07457937300205231,-0.33985480666160583,0.27159789204597473,-0.1107991561293602,0.15017463266849518,0.0791287049651146,-0.051143042743206024,-0.2685540020465851,-0.35260066390037537,0.045356497168540955,-0.014192929491400719,0.612970232963562,-0.15010887384414673,0.4564191699028015,0.06960254907608032,-0.12931986153125763,0.17291107773780823,-0.16274772584438324,-0.2387349158525467,-0.03048063814640045,0.3320733904838562,-0.1574941724538803,-0.22539475560188293,-0.039772145450115204,-0.4337274134159088,-0.023091500625014305,0.21418949961662292,0.09558363258838654,-0.058522529900074005,0.19984766840934753,-0.2232922613620758,0.2600327134132385,-0.0624878890812397,0.299431711435318,-0.18349239230155945,-0.13982486724853516,-0.32620033621788025,0.09310819208621979,-0.566996693611145,0.16629119217395782,-0.029426593333482742,-0.09888836741447449,-0.006550222635269165,0.43885087966918945,0.45294326543807983,0.3929752707481384,-0.05575603246688843,0.2463599145412445,0.2028881013393402,0.10955221951007843,-0.3578827977180481,0.15229091048240662,-0.00255468487739563,-0.03489050269126892,-0.30495786666870117,-0.028388675302267075,0.16635045409202576,-0.26229754090309143,-0.20113134384155273,-0.10558976978063583,0.18799340724945068,-0.18550333380699158,-0.11998884379863739,-0.06622491776943207,-0.001624846481718123,-0.036857832223176956,0.1649676263332367,0.12194547802209854,0.09049911797046661,0.058106739073991776,0.033396996557712555,0.41474518179893494,-0.6607167720794678,-0.02370845153927803,0.08216895163059235,0.15414991974830627,-0.421589195728302,-0.2411612570285797,0.15875694155693054,-0.014408200979232788,0.09521983563899994,0.34278354048728943,-0.02578936144709587,-0.49061354994773865,-0.13668951392173767,0.09427495300769806,-0.0635855421423912,0.03883283585309982,-0.10074367374181747,0.28318947553634644,0.01845909096300602
CID000003007,928,0.33340102434158325,-0.1970352679491043,0.39322710037231445,0.5313038229942322,-0.13610108196735382,0.14469417929649353,-0.2160320281982422,0.4105653762817383,0.1644127368927002,-0.1259298324584961,-0.010598053224384785,0.0999162420630455,-0.31357866525650024,-0.02262886054813862,-0.08242286741733551,0.21171335875988007,-0.12538449466228485,-0.16448311507701874,0.14441892504692078,-0.6994599103927612,0.03668849542737007,0.19790342450141907,-0.16495895385742188,-0.9799839854240417,-0.36951303482055664,-0.07276443392038345,0.05579645559191704,-0.056638143956661224,0.11379297077655792,-0.013306033797562122,0.0447443425655365,0.39521849155426025,-0.1766321063041687,0.04570389539003372,-0.12948589026927948,-0.020106950774788857,0.2844989001750946,-0.3072512447834015,-0.007069897837936878,-0.08468140661716461,-0.18586373329162598,0.14377334713935852,-0.32750216126441956,-0.4376302659511566,-0.060933928936719894,0.31636422872543335,0.11561121791601181,0.1611122041940689,-0.39232760667800903,0.2202727496623993,0.7501500248908997,0.2176007479429245,0.16411902010440826,0.2890123724937439,0.29835784435272217,-0.03473086282610893,0.4671686589717865,0.20431745052337646,0.09578336775302887,-0.08605523407459259,-0.2783729135990143,-0.1977614462375641,-0.2199113368988037,0.036221086978912354,0.19451424479484558,0.8298765420913696,-0.4239216446876526,0.5661202073097229,0.04773009568452835,-0.17992308735847473,0.3712868094444275,-0.07340747117996216,-0.5788184404373169,-0.24493059515953064,0.049996040761470795,0.4035005569458008,0.33193540573120117,0.2611905038356781,-0.010842133313417435,0.27992796897888184,0.7595486640930176,-0.7028326988220215,-0.15660806000232697,0.06410183757543564,0.09028632938861847,-0.06901361048221588,0.0886390432715416,0.33428168296813965,0.15757296979427338,-0.9873939752578735,0.10993784666061401,-0.07903622090816498,-0.07332412153482437,-0.3295535743236542,-0.31537410616874695,-0.2844356596469879,0.18508191406726837,0.16710029542446136,-0.24539832770824432,0.32325252890586853,-0.21640749275684357,0.04940994828939438,-0.01573256030678749,0.2841671109199524,-0.41847294569015503,-0.05647925287485123,-0.19807107746601105,-0.02916015312075615,0.9598344564437866,0.4980344772338867,-0.049537476152181625,0.2776801288127899,0.24219736456871033,-0.18428167700767517,0.11443938314914703,-0.1514754444360733,-0.035358935594558716,0.19901244342327118,0.21468579769134521,0.19449292123317719,0.8372750282287598,-0.26210954785346985,0.39758622646331787,-0.1436120867729187,-0.34768304228782654,-0.14297930896282196,-0.20535501837730408,-0.21090319752693176,0.11960339546203613,0.2062479704618454,0.5298887491226196,-0.6709598302841187,-0.18093368411064148,0.20014949142932892,0.12926143407821655,-0.00492663960903883,0.21442227065563202,0.10622803866863251,-0.025951672345399857,-0.6588947772979736,-0.19846239686012268,0.03147391974925995,0.03241295740008354,0.11971251666545868,-0.03750578686594963,0.1410982608795166,-0.12514862418174744,0.6763659715652466,0.034953273832798004,0.04308655112981796,-0.042562078684568405,-0.5327461957931519,0.4233711361885071,0.40444809198379517,-0.15011456608772278,-0.18567532300949097,0.02100841887295246,-0.16239744424819946,-0.17719916999340057,0.5228625535964966,0.2203325480222702,-0.12088968604803085,0.13699226081371307,-0.07584941387176514,-0.022261755540966988,-0.6869149804115295,-0.22999592125415802,-0.13245368003845215,-0.07831935584545135,-0.06109911948442459,-0.19835564494132996,-0.3767266869544983,-0.19346463680267334,-0.34526491165161133,-0.0004916101461276412,0.001429015421308577,-0.19743314385414124,-0.13938312232494354,0.7181516885757446,-0.008604958653450012,-0.12227827310562134,0.09727367758750916,-0.5790339112281799,-0.0674905776977539,0.21516665816307068,0.20453914999961853,-0.8650884628295898,0.24424755573272705,0.21198150515556335,-0.32733994722366333,0.298220694065094,-0.12984386086463928,0.4151388108730316,-0.011148939840495586,0.2718573212623596,0.23207488656044006,-0.2244538813829422,0.015048140659928322,-0.03885270282626152,0.021865254268050194,0.04511496424674988,-0.28620055317878723,0.11533661186695099,-0.06774793565273285,-0.32026207447052,-0.18855418264865875,0.09123241901397705,-0.1544381082057953,0.16587750613689423,0.4342518746852875,0.2440427839756012,0.05923854187130928,0.11109942197799683,0.03604767471551895,0.05470772832632065,-0.45981359481811523,0.35390567779541016,0.247776597738266,0.3417411148548126,0.5355965495109558,0.06273924559354782,0.30583375692367554,-0.24129214882850647,-0.2780277729034424,-0.04277258738875389,0.1367655247449875,0.3571624457836151,-0.40728750824928284,-0.15199413895606995,0.12697938084602356,-0.32659345865249634,0.17629185318946838,-0.0610509030520916,0.3326411843299866,-0.28341177105903625,0.4096807837486267,0.5788982510566711,-0.21869468688964844,0.1459481567144394,-0.03603384271264076,-0.062145721167325974,-1.137807011604309,0.13366961479187012,0.243343323469162,0.20802399516105652,-0.12079232931137085,0.0022508595138788223,-0.07537691295146942,-0.7894488573074341,-0.7078667879104614,0.4215652048587799,0.004623687360435724,0.2974002957344055,0.06910298764705658,0.1717166006565094,0.01157927792519331
CID006398970,931,0.7431375980377197,-0.05199644714593887,0.015888532623648643,0.27312248945236206,-0.6154575347900391,0.29481759667396545,0.16026465594768524,0.2789613604545593,0.04951556399464607,0.54861980676651,0.11053085327148438,-0.28129446506500244,0.08821649104356766,0.31599265336990356,8.490085747325793e-05,0.17721997201442719,0.04117312282323837,-0.374660462141037,0.33884698152542114,-0.3462638258934021,0.08530377596616745,-0.21042445302009583,-0.03829653188586235,-0.9126914143562317,0.06407517194747925,-0.08915059268474579,-0.40084877610206604,-0.09050354361534119,0.26267892122268677,0.500324010848999,0.22926223278045654,0.19563594460487366,0.06621100753545761,0.1869887113571167,0.16022519767284393,-0.05193566530942917,0.16299378871917725,0.44810646772384644,0.16871577501296997,0.303127259016037,-0.2358773648738861,0.08774957060813904,0.2099601924419403,-0.1512904167175293,-0.07454989105463028,0.20269045233726501,0.07918249070644379,-0.08043637871742249,0.04001618176698685,1.0157725811004639,0.4496458172798157,0.11198867857456207,0.1531553566455841,-0.09109035134315491,-0.043243736028671265,-0.06852240860462189,0.4723474979400635,0.0337577648460865,0.6315926313400269,0.02309178188443184,-0.07339809834957123,-0.4551590383052826,-0.12437860667705536,-0.3052648901939392,0.1180562749505043,0.7099698781967163,0.061072785407304764,-0.1231672540307045,0.3347790539264679,0.03152485564351082,0.006604473106563091,0.04267622157931328,-0.21320787072181702,-0.6574949026107788,0.04049309343099594,0.6627618670463562,0.014223379082977772,-0.2931436598300934,-0.21746854484081268,0.11338112503290176,-0.07996203005313873,-0.4251038432121277,-0.40286269783973694,-0.13081784546375275,-0.13281230628490448,-0.3997012972831726,0.3926627039909363,0.005826294422149658,-0.24081087112426758,-0.8670362234115601,-0.08427111804485321,0.673538327217102,-0.05216110497713089,0.15724563598632812,0.19759555160999298,-0.4268985390663147,-0.009974594227969646,-0.06995151937007904,-0.041727881878614426,0.3900538980960846,0.15415820479393005,0.20863547921180725,-0.023885976523160934,0.16652162373065948,-0.6541309952735901,-0.01417720876634121,0.15356461703777313,-0.025598037987947464,0.2463318556547165,-0.10221699625253677,-0.07240702956914902,0.3730228543281555,0.01101828832179308,-0.23380513489246368,-0.10743019729852676,0.22416655719280243,-0.6029351949691772,-0.06936277449131012,0.03702840954065323,-0.26564913988113403,0.8398737907409668,-0.24933388829231262,-0.046445704996585846,0.18283474445343018,-0.13174301385879517,0.18195180594921112,0.059849727898836136,-0.0922851487994194,-0.082166388630867,-0.043146777898073196,-0.09061911702156067,-0.7557084560394287,-0.6661544442176819,0.47759896516799927,0.3184106945991516,0.008078132756054401,0.013381394557654858,0.38546890020370483,0.08476366102695465,-0.296281635761261,-0.3056386709213257,0.410269558429718,-0.036337051540613174,0.10184186697006226,0.08688491582870483,0.10621348768472672,-0.44972357153892517,0.838587760925293,0.01302044652402401,0.05333425849676132,0.11783424764871597,-0.5578343272209167,-0.13334307074546814,0.31538712978363037,-0.3674481213092804,-0.2639361023902893,-0.07306504249572754,-0.3202553689479828,-0.06557147204875946,0.15257985889911652,-0.03691714257001877,0.01882847771048546,0.03654773160815239,-0.06784635782241821,-0.22560854256153107,0.15641798079013824,0.060006268322467804,0.3705992102622986,-0.21620169281959534,-0.017901593819260597,0.30649638175964355,-0.06695328652858734,-0.14894846081733704,-0.08125371485948563,-0.1079961284995079,-0.03766845911741257,-0.19931632280349731,0.12525244057178497,0.7402847409248352,-0.1864159256219864,-0.036507803946733475,-0.1965237855911255,-0.18263621628284454,-0.0432407446205616,-0.05987151339650154,0.005090534687042236,-0.21330225467681885,-0.008497956208884716,0.08070892095565796,-0.4547191560268402,-0.10089121758937836,0.28821736574172974,0.16718356311321259,-0.05674982815980911,0.00929318368434906,-0.1779802143573761,0.3105669319629669,-0.06520639359951019,0.02029501087963581,-0.0075185419991612434,-0.2729344964027405,-0.27091097831726074,1.3964722156524658,-0.7487362623214722,-0.16864293813705444,0.19380855560302734,-0.10982247442007065,0.008902287110686302,0.7113471031188965,0.3886968791484833,0.43914490938186646,0.1777905970811844,-0.14792056381702423,0.40170082449913025,-0.20829448103904724,-0.3772508502006531,0.08371484279632568,0.21570761501789093,-0.26475152373313904,-0.21419481933116913,0.005964788142591715,-0.1964380443096161,0.06739816814661026,-0.4722211956977844,-0.19020652770996094,-0.003259018063545227,0.026596397161483765,-0.0024080551229417324,-0.008056831546127796,0.08741362392902374,0.03825857490301132,0.023041564971208572,-0.42301303148269653,0.2777711749076843,-0.009466102346777916,0.07035569846630096,0.978857159614563,-0.6819300651550293,-0.1286197155714035,-0.4100780487060547,0.11959812790155411,-0.532095730304718,-0.09181278944015503,0.2620193362236023,-0.5966088771820068,0.13871963322162628,0.08542482554912567,0.42181187868118286,-0.7198919057846069,-0.09315891563892365,-0.010891837067902088,-0.4375138282775879,0.20010188221931458,-0.319979190826416,0.09927021712064743,0.0683915913105011
CID000110635,934,0.2633689343929291,0.2657141089439392,0.2340671718120575,0.8368164896965027,-0.5526918172836304,0.0587661974132061,-0.14428558945655823,0.19208760559558868,0.024841750040650368,0.27815479040145874,-0.0849614292383194,-0.1585264503955841,-0.19881394505500793,0.014626061543822289,-0.01588638685643673,0.09100975096225739,-0.050047099590301514,-0.16113469004631042,-0.20613674819469452,-0.8350863456726074,0.06295373290777206,-0.2317376583814621,0.05682354420423508,-1.0034018754959106,-0.02392979897558689,-0.010508352890610695,-0.09038033336400986,-0.12447941303253174,0.036675743758678436,-0.022899175062775612,0.05931372195482254,0.24041739106178284,-0.16369768977165222,-0.015056955628097057,0.2725723385810852,-0.03299771621823311,-0.0060537876561284065,-0.08778782188892365,-0.002576422644779086,-0.06038668751716614,-0.11298616975545883,0.027996325865387917,0.27093929052352905,-0.016682201996445656,-0.26804009079933167,0.3097608685493469,0.058920979499816895,0.10391543060541153,-0.1107918992638588,0.22763597965240479,0.7113693952560425,0.1387862116098404,-0.2671331465244293,-0.41202324628829956,-0.32087746262550354,-0.32255417108535767,0.020291436463594437,0.002593863056972623,0.14085033535957336,0.01699249818921089,-0.2151639461517334,-0.21705850958824158,-0.0828637033700943,-0.19779455661773682,0.019170355051755905,0.728570282459259,0.03697847202420235,-0.0024894834496080875,-0.0650021955370903,-0.12150716781616211,-0.05434928089380264,-0.09291546046733856,0.011517721228301525,-0.29240602254867554,-0.2078646421432495,0.27037662267684937,0.24230840802192688,-0.19967982172966003,0.05399143695831299,-0.02915790118277073,0.3999108672142029,-0.380492627620697,-0.2779512405395508,-0.0002061486302409321,0.09586944431066513,0.12137992680072784,0.10465997457504272,0.20252230763435364,-0.12744858860969543,-0.53755784034729,-0.022987985983490944,0.07429216802120209,0.01544113177806139,-0.24468962848186493,-0.1554914116859436,0.002275587525218725,0.19468846917152405,-0.12595604360103607,-0.1891370266675949,0.1286454200744629,-0.0236703809350729,-0.41228073835372925,0.01289636455476284,0.05780956149101257,-0.29105427861213684,0.0018243849044665694,0.13986077904701233,-0.12031765282154083,0.6110898852348328,0.2304994761943817,0.27747994661331177,0.03456892445683479,-0.28004297614097595,-0.6446009278297424,0.04044356197118759,0.2988147735595703,-0.11921153217554092,0.01725221797823906,0.09299826622009277,0.22928336262702942,1.070546269416809,-0.3661254048347473,0.15104353427886963,0.15627652406692505,-0.19392113387584686,0.3029288649559021,0.13975225389003754,-0.1809593141078949,0.025720398873090744,0.12583540380001068,0.16657564043998718,-0.7260648608207703,-0.5199265480041504,0.09010886400938034,0.11755502223968506,0.21786388754844666,-0.06931520998477936,-0.07977024465799332,0.09302985668182373,-0.28304678201675415,-0.04437311738729477,-0.07964187860488892,0.15949900448322296,0.3403368890285492,-0.20673882961273193,0.1613103449344635,0.19510306417942047,0.6215566396713257,0.36470359563827515,0.24931728839874268,-0.0018861889839172363,-0.7244185209274292,-0.11918558925390244,0.36313396692276,-0.060647428035736084,0.042883239686489105,-0.04036092013120651,-0.06326685100793839,-0.11538828909397125,0.013883979991078377,0.3674241900444031,0.0981808453798294,0.02962353453040123,-0.012047672644257545,-0.09045165777206421,-0.38032692670822144,-0.16153505444526672,0.04946563392877579,0.03182515501976013,0.28810566663742065,-0.01672796532511711,0.045183151960372925,-0.3213203251361847,-0.13432011008262634,0.12570492923259735,-0.08838807046413422,0.16011153161525726,-0.2520816922187805,0.8205903768539429,-0.08589456975460052,-0.42971768975257874,0.009723764844238758,0.11586928367614746,-0.0662093460559845,0.33152705430984497,0.05407366156578064,-0.6583272814750671,0.01357038039714098,0.23118285834789276,-0.1818816363811493,-0.06167924404144287,0.073252372443676,-0.099481500685215,-0.1584325134754181,0.35791903734207153,0.05788303166627884,-0.22359006106853485,0.16958335041999817,0.009134814143180847,0.06376849114894867,-0.2741013169288635,-0.4214355945587158,0.03572450578212738,-0.13068851828575134,-0.24431255459785461,-0.0011448621517047286,-0.18032002449035645,-0.29342833161354065,0.3605888783931732,0.46325546503067017,0.2850862741470337,0.24322815239429474,0.17452247440814972,-0.09288148581981659,0.050923097878694534,-0.11490879207849503,0.15779753029346466,0.667068600654602,0.05534548684954643,0.16721628606319427,-0.17637869715690613,0.1552930623292923,-0.04179247468709946,-0.023439668118953705,0.02406296133995056,-0.10392670333385468,0.237589031457901,-0.1343371570110321,-0.25351256132125854,-0.0877075344324112,-0.05332883074879646,0.4347679018974304,0.18154355883598328,-0.11014825105667114,0.1621629297733307,0.32593876123428345,0.6668416261672974,-0.4111124873161316,0.05971304327249527,-0.021881837397813797,-0.16274245083332062,-0.26539167761802673,0.0570964589715004,0.14631369709968567,-0.14102713763713837,-0.02658190205693245,-0.02152520790696144,0.054432470351457596,-1.07488214969635,-0.32684820890426636,0.19617243111133575,0.15594269335269928,0.2940202057361603,-0.06904153525829315,0.06862855702638626,0.23395876586437225
CID000003690,937,0.30808019638061523,-0.10411353409290314,0.10058967769145966,0.4310687184333801,-0.5057870149612427,0.01999857649207115,0.24980051815509796,0.20696716010570526,-0.21751722693443298,0.22885438799858093,0.1239585429430008,0.014041392132639885,-0.0979313924908638,0.07593517005443573,-0.1756436973810196,0.019143253564834595,-0.1003616601228714,-0.1870269477367401,0.18984994292259216,-0.4578944742679596,0.0052840830758214,-0.3254937529563904,-0.1199515089392662,-0.7044907808303833,0.11119157075881958,-0.09910820424556732,-0.07085412740707397,0.07185852527618408,0.05075201392173767,0.05590773746371269,-0.006082518026232719,0.2747878432273865,0.31784823536872864,0.06431751698255539,0.062392495572566986,-0.2040407359600067,0.19768574833869934,0.13807636499404907,0.18659020960330963,-0.006370882503688335,-0.0220193974673748,-0.15893247723579407,0.14490453898906708,-0.18644897639751434,-0.3053017556667328,0.2506978511810303,0.08204381167888641,-0.055605869740247726,0.2127276360988617,0.19953033328056335,0.30307090282440186,-0.08305304497480392,-0.2975720763206482,-0.05013248324394226,0.09104104340076447,-0.1271134316921234,0.13848251104354858,0.10301613807678223,0.12672008574008942,0.22993993759155273,-0.22977948188781738,-0.3202453553676605,-0.22450003027915955,-0.1711510866880417,0.07369525730609894,0.09476590156555176,-0.10850956290960312,-0.19442936778068542,0.16939441859722137,0.2117626965045929,0.22643259167671204,0.09311918169260025,-0.3375338017940521,-0.43155455589294434,-0.09521303325891495,0.11879833042621613,0.07990480959415436,-0.13989226520061493,0.14674882590770721,-0.11207182705402374,0.12518171966075897,-0.6959971189498901,-0.2898603081703186,0.29571545124053955,0.06440848112106323,0.12490570545196533,0.06295076757669449,0.12345932424068451,-0.07124222815036774,-0.5881476402282715,-0.19281066954135895,0.13720203936100006,-0.16395163536071777,-0.08648429065942764,-0.016587847843766212,-0.24846605956554413,-0.1311303973197937,-0.21660414338111877,0.009143901988863945,0.19244670867919922,-0.12872788310050964,0.04379924014210701,-0.055440355092287064,0.30058762431144714,0.253903329372406,0.01298271119594574,0.11558860540390015,0.17016929388046265,0.42694026231765747,-0.21660096943378448,0.01183645986020565,0.16958004236221313,0.07483728975057602,-0.15943554043769836,0.008881879039108753,0.23303183913230896,-0.2734540104866028,-0.302813321352005,0.009853380732238293,0.24508309364318848,0.6675485968589783,-0.23981304466724396,0.1618707776069641,0.00660323491320014,0.08760835230350494,0.10075771808624268,-0.010360784828662872,0.09478570520877838,-0.012104442343115807,0.046100109815597534,0.22841301560401917,-0.6067894101142883,-0.4906192719936371,0.055927686393260956,0.29835736751556396,-0.06563861668109894,-0.18831324577331543,0.2281486541032791,0.04739789664745331,-0.08920656144618988,-0.2959957718849182,0.002077084733173251,-0.055555425584316254,-0.08778956532478333,-0.1299678385257721,-0.05443749576807022,0.058884479105472565,0.3677496612071991,-0.02792004868388176,0.14586032927036285,-0.18644461035728455,-0.36943477392196655,-0.09151042997837067,0.23695337772369385,-0.2816673517227173,0.0777912363409996,-0.16796809434890747,-0.09761472046375275,0.010386765003204346,0.178598091006279,-0.264407753944397,-0.019706163555383682,-0.17990946769714355,0.04546021297574043,-0.083094023168087,0.13700509071350098,0.0028855116106569767,0.377971351146698,0.12873505055904388,0.19486895203590393,0.06024312973022461,-0.09981487691402435,-0.20780818164348602,-0.19603367149829865,0.05481191352009773,-0.010686585679650307,0.23521526157855988,-0.07123293727636337,0.30127692222595215,0.11719045788049698,0.18311859667301178,0.08606182038784027,-0.04235738143324852,-0.1389942318201065,0.05241751670837402,0.09775440394878387,0.07423637807369232,-0.22278833389282227,-0.2064630687236786,-0.23525938391685486,0.22342637181282043,0.09383359551429749,0.3328743875026703,-0.13054120540618896,0.0023907641880214214,-0.20161449909210205,0.046179451048374176,-0.00668198149651289,-0.0429551936686039,-0.07829111814498901,-0.013550609350204468,-0.42819541692733765,0.1737416684627533,-0.14138898253440857,-0.01800745166838169,0.08531536906957626,-0.14093244075775146,0.21565735340118408,-0.06426595151424408,0.38558098673820496,0.2844753861427307,0.3544691503047943,0.31684404611587524,0.12609362602233887,0.014846066012978554,-0.16458731889724731,-0.16003058850765228,0.30493369698524475,0.09785306453704834,0.10950398445129395,0.08700421452522278,0.12851035594940186,0.05824948102235794,-0.24420228600502014,0.0006968885427340865,-0.17969247698783875,-0.09287659823894501,0.022879425436258316,0.14253923296928406,-0.011176344938576221,0.03330928459763527,0.12560085952281952,0.2664973735809326,-0.06345763802528381,0.10351522266864777,-0.06557880342006683,0.4444039762020111,-0.4281429350376129,0.08265671879053116,-0.184294655919075,0.10504841804504395,-0.22080931067466736,0.045713819563388824,0.4635741114616394,-0.1634684056043625,0.15629631280899048,0.11439460515975952,0.14412358403205872,-0.7662938833236694,0.007819360122084618,0.21999666094779968,-0.38652628660202026,0.04028230905532837,-0.2534622550010681,-0.10132364928722382,-0.10160009562969208
CID000176870,938,0.26384708285331726,0.24811598658561707,0.20296256244182587,0.44038835167884827,-0.15268489718437195,0.01293118018656969,0.11853915452957153,0.19331690669059753,-0.18034715950489044,0.20925459265708923,0.029578108340501785,-0.3688453435897827,-0.09735889732837677,0.15250542759895325,0.07352684438228607,0.019552920013666153,0.025146137923002243,-0.258463591337204,0.10520031303167343,-0.565901517868042,-0.11238589137792587,-0.08390162885189056,-0.05188113451004028,-0.8871515989303589,0.18698754906654358,0.18633456528186798,-0.221722811460495,-0.2981448173522949,-0.06594480574131012,0.19944489002227783,0.1300542801618576,0.2894969880580902,-0.2255738228559494,0.03303448483347893,-0.005629067309200764,-0.0006193757290020585,-0.029346918687224388,0.25448524951934814,0.018222549930214882,-0.20622079074382782,-0.12993395328521729,-0.4158860146999359,0.16011753678321838,-0.2146691381931305,-0.12171447277069092,0.41430583596229553,0.11569102108478546,0.02941443957388401,0.15555962920188904,0.2587965130805969,0.38153040409088135,-0.1295848786830902,-0.08541609346866608,-0.11221995204687119,0.12106791883707047,-0.14645516872406006,-0.28602707386016846,0.16083572804927826,0.2286740243434906,0.15597453713417053,-0.21989178657531738,-0.3250754177570343,-0.07567169517278671,-0.2616370916366577,0.07317690551280975,0.35427790880203247,-0.07984443753957748,-0.0010226309532299638,0.2001194953918457,-0.15470586717128754,0.2614366114139557,0.28693121671676636,-0.373113751411438,-0.2520656883716583,-0.47564682364463806,0.05819141864776611,-0.19063417613506317,0.3083727955818176,-0.1571311056613922,-0.22013325989246368,0.5563129186630249,-0.3244660198688507,-0.47798290848731995,-0.37682825326919556,0.21624203026294708,-0.3378710150718689,0.11851637065410614,0.12775810062885284,-0.09005973488092422,-0.7339459657669067,0.025196557864546776,0.3474911153316498,-0.06506021320819855,0.18912114202976227,0.0672774687409401,-0.29772821068763733,0.1811751127243042,-0.15476301312446594,-0.01002877950668335,0.19932208955287933,-0.33791986107826233,0.13998660445213318,-0.09125353395938873,0.23433971405029297,0.32342371344566345,0.29121318459510803,-0.12365090847015381,0.13370655477046967,0.5601866245269775,0.07767882198095322,-0.19534949958324432,0.20590846240520477,-0.3867127001285553,0.0663389042019844,-0.19646196067333221,0.4528004229068756,-0.23415212333202362,0.039913780987262726,-0.23742417991161346,0.19216930866241455,0.6870840787887573,-0.02500443533062935,0.1516551673412323,0.18860141932964325,-0.20008449256420135,0.3182174861431122,-0.0014132991200312972,-0.016347069293260574,0.24436411261558533,-0.2152630090713501,0.23914077877998352,-0.3259570598602295,-0.2552487254142761,-0.07183508574962616,0.15509581565856934,0.012309293262660503,-0.20134274661540985,0.01404042262583971,-0.13975948095321655,-0.15739330649375916,-0.24404701590538025,0.12340692430734634,0.1999940425157547,-0.17283748090267181,-0.24839334189891815,0.17427173256874084,-0.17798899114131927,0.4686804413795471,0.34661421179771423,0.11089424043893814,0.13314618170261383,-0.20427915453910828,-0.13662512600421906,0.1452060341835022,-0.3654652535915375,-0.19172854721546173,0.07757151871919632,-0.18300296366214752,-0.21926334500312805,0.2749423682689667,0.07346443831920624,0.028061186894774437,0.02222178690135479,-0.0030356645584106445,0.00466808769851923,-0.05516907572746277,-0.3634089231491089,-0.00753771374002099,-0.1758858561515808,0.533048689365387,0.14634782075881958,-0.23413217067718506,-0.16942186653614044,-0.36355698108673096,-0.07676123082637787,-0.012761207297444344,0.03361969441175461,-0.2644437849521637,0.6204359531402588,0.10786034911870956,0.0820503681898117,-0.15023061633110046,-0.14714458584785461,-0.03394651040434837,0.7637284398078918,0.23683206737041473,-0.3184075951576233,-0.11476220935583115,-0.031179189682006836,-0.40241140127182007,-0.09254805743694305,0.3307294249534607,0.06562469899654388,-0.1693410724401474,0.06566192954778671,-0.315551221370697,0.14626988768577576,0.15396349132061005,-0.21057622134685516,-0.21079328656196594,0.02967895194888115,-0.21484597027301788,0.031191939488053322,-0.47284093499183655,0.28914719820022583,-0.30289319157600403,-0.0006887383642606437,0.14180131256580353,-0.07655550539493561,0.47302037477493286,0.5079211592674255,-0.40351104736328125,0.16341930627822876,0.05921429395675659,0.06388790905475616,-0.22234728932380676,0.009868604131042957,0.10501889884471893,-0.06754560023546219,-0.11166505515575409,-0.12304296344518661,-0.24242810904979706,0.06116313859820366,-0.18903031945228577,0.053528912365436554,-0.18519163131713867,-0.14262403547763824,-0.07331026345491409,-0.37226659059524536,0.17814019322395325,-0.06812901794910431,0.22543242573738098,0.2792209982872009,0.035066552460193634,-0.10970475524663925,-0.15057164430618286,0.389079749584198,-0.2261352241039276,0.11200275272130966,-0.16503353416919708,0.38964226841926575,-0.6147071123123169,-0.18095895648002625,0.2431613951921463,-0.3082328140735626,-0.02632327377796173,0.3231707215309143,-0.12648257613182068,-0.5688881278038025,-0.5071390867233276,0.24222929775714874,0.10572074353694916,0.22686941921710968,-0.24721817672252655,0.1165943518280983,0.04353174939751625
CID000005771,944,-0.04297753423452377,-0.02358287386596203,0.18502956628799438,0.6940608024597168,-0.3532516062259674,0.09724228084087372,0.19030356407165527,0.06860028952360153,0.012265786528587341,0.23099391162395477,0.32590022683143616,-0.3309875428676605,-0.28953972458839417,0.05202598497271538,0.4727872908115387,-0.037263061851263046,-0.07980266213417053,0.024702854454517365,0.10654151439666748,-0.6710404753684998,-0.033267080783843994,-0.07319475710391998,-0.1452646404504776,-0.9106109738349915,-0.10404499620199203,0.427879273891449,-0.10220678150653839,-0.1085064634680748,-0.06112729385495186,0.14639607071876526,-0.028144100680947304,0.08760596811771393,0.16626779735088348,0.5043905377388,-0.03174082189798355,0.24841666221618652,0.04790932312607765,0.2870646119117737,0.09264171123504639,-0.2882544696331024,-0.13917933404445648,-0.07775281369686127,0.02768735960125923,-0.17349287867546082,-0.1051228865981102,0.07803662121295929,0.05944056436419487,0.05651436001062393,-0.08508753776550293,-0.19900348782539368,0.752653956413269,-0.26571905612945557,-0.0007548838621005416,0.10329911857843399,-0.12565727531909943,0.20020273327827454,0.30085209012031555,0.09726376831531525,1.0019912719726562,0.1552208960056305,0.2571806013584137,-0.128286212682724,-0.18221032619476318,-0.0542742982506752,0.04448061063885689,0.40884342789649963,-0.14074167609214783,-0.008037274703383446,-0.2415355145931244,0.0586736798286438,0.04646779224276543,0.17830884456634521,0.0019370801746845245,-0.17513689398765564,-0.1954725980758667,0.013525063171982765,-0.42042455077171326,-0.041477054357528687,-0.03996037319302559,0.11913254112005234,1.0930533409118652,-0.09184068441390991,-0.3189763128757477,0.020497780293226242,0.29086998105049133,-0.12633433938026428,0.018301358446478844,0.3406153619289398,-0.08999958634376526,-0.8610771298408508,0.7623185515403748,0.09987225383520126,-0.08734388649463654,0.5420020222663879,0.2544739842414856,-0.49156826734542847,0.03766928240656853,-0.00844886340200901,0.46777766942977905,0.05727241560816765,0.38548940420150757,0.1530461460351944,0.021573737263679504,0.4227617383003235,-0.3258724808692932,-0.17751532793045044,-0.1485798954963684,0.1473190188407898,0.7496384978294373,0.035199087113142014,-0.13063807785511017,0.003800255013629794,0.12642836570739746,-0.03659911826252937,-0.8400446176528931,0.4526328146457672,0.11717425286769867,0.2522532045841217,0.15991978347301483,0.17221754789352417,0.7366162538528442,-0.2636363208293915,0.332549124956131,0.45011845231056213,-0.14860129356384277,0.06178779527544975,-0.06803165376186371,0.06488664448261261,0.44618234038352966,0.1204524040222168,0.15649060904979706,-0.5857869982719421,-0.5227681398391724,-0.18078188598155975,0.5114336609840393,0.6289478540420532,-0.14485424757003784,0.282625287771225,-0.1929919719696045,-0.33277374505996704,-0.08088978379964828,0.18964754045009613,-0.041673965752124786,0.07066403329372406,-0.01725325919687748,0.1826002597808838,-0.15977703034877777,0.6782442927360535,0.05223492532968521,0.26938802003860474,-0.12074383348226547,-0.5163101553916931,0.03570731356739998,0.013912990689277649,-0.023645490407943726,-0.03396659344434738,0.07983815670013428,-0.14574487507343292,0.0812797099351883,-0.012550191953778267,-0.18931663036346436,-0.370394766330719,0.05026520416140556,0.29223689436912537,0.11869547516107559,0.11452455818653107,-0.4221823811531067,-0.11703948676586151,-0.04840894788503647,0.14964978396892548,0.05807120352983475,0.07167911529541016,-0.25441280007362366,-0.16804248094558716,0.25609472393989563,-0.1603391021490097,-0.054967306554317474,-0.4287196695804596,0.7575337290763855,0.12489886581897736,-0.6249042749404907,0.09690656512975693,0.07121119648218155,0.3337584137916565,0.22145769000053406,0.07443133741617203,-0.3387347161769867,-0.019228052347898483,0.41617852449417114,-0.45525798201560974,0.006436155643314123,0.047259826213121414,-0.29149141907691956,-0.5470407605171204,0.028779828920960426,-0.03789093345403671,-0.20522978901863098,-0.05160851031541824,0.19341912865638733,-0.06961033493280411,-0.3113272786140442,-0.2474854439496994,-0.0634489506483078,-0.3715931177139282,0.38053736090660095,-0.17774653434753418,0.08675815910100937,-0.09829019010066986,-0.03819587081670761,0.9823883175849915,0.3069833219051361,-0.11695592105388641,0.07166139781475067,0.19393451511859894,0.0875130295753479,-0.18054577708244324,-0.09029694646596909,0.34483036398887634,0.728854775428772,-0.09907764196395874,-0.18253454566001892,-0.5070806741714478,0.20510323345661163,-0.33181509375572205,-0.07984332740306854,0.014788475818932056,-0.4713760018348694,-0.44726571440696716,0.2193952351808548,0.21860983967781067,-0.10096947103738785,0.4384564757347107,0.15902245044708252,0.1565314084291458,-0.24777042865753174,-0.002092947717756033,0.5334754586219788,-0.4505857527256012,0.05559281259775162,-0.09430881589651108,-0.36256977915763855,-1.0480563640594482,-0.7154737710952759,0.05118044465780258,0.19201603531837463,-0.213042214512825,-0.07836110889911652,-0.12369301170110703,-0.8777203559875488,-0.15816496312618256,0.42882364988327026,0.3738721013069153,0.050125062465667725,-0.08169474452733994,0.168685182929039,-0.2796086072921753
CID004183806,947,0.08199739456176758,-0.46731290221214294,0.08666767179965973,0.6741830706596375,-0.6482086181640625,0.16551105678081512,-0.03329741209745407,0.26729846000671387,0.06151353195309639,0.2510160803794861,0.2627193331718445,-0.038655489683151245,-0.38534626364707947,0.26634976267814636,0.1483558863401413,0.23935842514038086,0.013606664724647999,-0.0917636826634407,-0.057605743408203125,-0.6993946433067322,-0.19180509448051453,-0.13496191799640656,0.321114182472229,-0.8223108053207397,0.018074586987495422,-0.05622434616088867,-0.08828847110271454,0.05032207816839218,-0.5381761193275452,-0.07745044678449631,0.35475489497184753,0.06349150836467743,0.14856748282909393,0.043464671820402145,0.050053853541612625,-0.2651292085647583,0.32027778029441833,0.34112346172332764,0.0750751942396164,-0.3099296987056732,0.007931548170745373,-0.08122654259204865,0.13814795017242432,-0.2957919239997864,-0.07010285556316376,0.49361881613731384,0.06507353484630585,-0.2015000879764557,0.17963558435440063,-0.08786232024431229,0.4951763153076172,-0.10959567874670029,-0.1632734090089798,-0.051310282200574875,0.2851889729499817,-0.030118370428681374,-0.328569233417511,-0.20662732422351837,0.28482818603515625,-0.09741044044494629,0.030552929267287254,-0.42548465728759766,0.06628666073083878,-0.09895670413970947,0.012018939480185509,0.7178237438201904,-0.047499001026153564,-0.259162575006485,0.02900991216301918,-0.05005206540226936,-0.283354252576828,0.1828732043504715,-0.38449162244796753,-0.27395111322402954,-0.044109199196100235,0.10894761979579926,0.2205955535173416,-0.17769311368465424,-0.498915433883667,-0.1645413041114807,0.5337730050086975,-0.22819975018501282,-0.43937692046165466,-0.21547457575798035,0.02226833999156952,-0.0216217003762722,0.028589243069291115,0.4800943434238434,-0.34928885102272034,-0.7486026883125305,-0.09827502071857452,-0.033775538206100464,0.27192622423171997,0.3669191300868988,-0.09934224933385849,-0.42591992020606995,0.10986475646495819,-0.20131678879261017,0.2967163920402527,0.02729341760277748,0.22420983016490936,0.16778282821178436,-0.0022963264491409063,0.19020625948905945,0.03015405312180519,-0.16508479416370392,-0.41285818815231323,-0.09348200261592865,0.6786037087440491,0.1823333203792572,-0.23856095969676971,0.2385207712650299,0.0016177952056750655,-0.48338189721107483,-0.07226597517728806,0.07527470588684082,-0.12261126190423965,-0.04018582031130791,0.10664409399032593,-0.05643973499536514,0.8801964521408081,-0.3217077851295471,-0.0432465560734272,0.05654085427522659,-0.20649679005146027,0.1616942584514618,-0.1662987470626831,-0.027155239135026932,0.004149445798248053,0.41650015115737915,0.1994069665670395,-0.4387807250022888,-0.5379534363746643,0.11889965832233429,0.06342557072639465,0.2826377749443054,-0.15069898962974548,0.09840302169322968,-0.15663036704063416,-0.13634255528450012,0.03874146193265915,0.3143583834171295,0.16700148582458496,0.10959760844707489,-0.08759453147649765,0.024992434307932854,0.1500053107738495,0.4912348687648773,0.25798892974853516,0.14625295996665955,0.2756420969963074,-0.4905533790588379,0.05704888701438904,0.06097351759672165,-0.08483582735061646,0.0717039406299591,0.41992464661598206,-0.13753041625022888,-0.2009510099887848,0.07712983340024948,-0.07073939591646194,-0.0003004431782756001,-0.06842999160289764,-0.310576468706131,-0.19735361635684967,-0.14507421851158142,0.012539351359009743,0.18837185204029083,0.04142487049102783,0.1755656898021698,0.12283580005168915,-0.07950802147388458,-0.18505141139030457,-0.47302165627479553,0.0020789727568626404,-0.0843924954533577,0.1163562685251236,-0.1693810075521469,0.6218022108078003,0.1627010703086853,-0.24758799374103546,0.1299767792224884,-0.49243488907814026,-0.11027064174413681,0.6567009687423706,-0.09386931359767914,-0.3923007845878601,-0.04477204754948616,0.41574758291244507,-0.3841986656188965,-0.11434745788574219,-0.04823882132768631,0.005106106400489807,-0.02472688816487789,0.11003358662128448,-0.040681347250938416,0.10941924899816513,0.08649568259716034,0.2755444049835205,-0.08700504899024963,0.18724575638771057,-0.24220189452171326,0.031077783554792404,-0.2431459128856659,-0.09829709678888321,-0.008306597359478474,-0.2323366105556488,0.1322842836380005,-0.0622381754219532,0.5855878591537476,0.45786839723587036,-0.27522915601730347,0.09931619465351105,0.11119148880243301,0.2130027562379837,0.015880068764090538,-0.1781824231147766,0.33010002970695496,0.18169812858104706,0.1130235344171524,0.027148207649588585,-0.24689951539039612,0.19872306287288666,-0.2872074544429779,0.04434370994567871,-0.12194762378931046,-0.3162853419780731,-0.1605934351682663,0.2680995762348175,0.24101702868938446,0.06278927624225616,0.12636856734752655,0.14722119271755219,0.033920858055353165,-0.205109640955925,-0.02444182150065899,0.7112369537353516,-0.27970343828201294,0.0368669331073761,-0.33356422185897827,0.12742207944393158,-0.3497164845466614,-0.09490573406219482,0.1751985102891922,0.055630140006542206,-0.015405152924358845,0.007661646697670221,0.14780892431735992,-0.9616982340812683,-0.078553207218647,0.019778024405241013,-0.0526253767311573,0.1096467524766922,-0.26102182269096375,-0.13605378568172455,0.2058877944946289
CID000003706,952,-0.022409088909626007,0.10824587196111679,0.19166910648345947,0.623587965965271,-0.44385749101638794,0.06614600121974945,0.10254424810409546,0.29754701256752014,0.12695881724357605,0.19215178489685059,-0.04427091032266617,-0.19903038442134857,-0.2596467137336731,0.07696658372879028,-0.10752804577350616,0.12339510768651962,0.10176020860671997,0.10227463394403458,0.1402357816696167,-0.5107412338256836,-0.06803929060697556,-0.34820327162742615,0.22046959400177002,-0.8537116050720215,0.013866175897419453,0.07393138110637665,0.03205177187919617,-0.02106536366045475,-0.1248566135764122,0.24667370319366455,-0.3436363637447357,0.2459557056427002,-0.09795970469713211,-0.2025560587644577,0.13568894565105438,-0.047927454113960266,0.2496146708726883,0.1312991827726364,-0.014825264923274517,-0.40223389863967896,-0.1625225841999054,-0.210550457239151,0.0701221153140068,-0.20619800686836243,0.12339327484369278,0.23977208137512207,-0.029145222157239914,0.06662335246801376,0.21717695891857147,-0.01538081280887127,0.4555167555809021,-0.08773846924304962,-0.40995949506759644,-0.17457768321037292,-0.10496058315038681,-0.28635141253471375,0.2166743278503418,0.07037796080112457,0.2754673957824707,0.1801956295967102,-0.02008751966059208,-0.3271605670452118,0.30102410912513733,-0.335304856300354,0.16611763834953308,0.49424028396606445,-0.3057829737663269,-0.12481627613306046,0.09232954680919647,-0.010947990231215954,-0.0996936708688736,-0.04361378401517868,-0.06695494055747986,-0.34236329793930054,-0.23778009414672852,-0.020847901701927185,0.26336780190467834,0.028920084238052368,-0.16180530190467834,-0.13606871664524078,0.046719182282686234,-0.31615954637527466,-0.3142656683921814,-0.06039881706237793,0.2329154759645462,-0.03688656911253929,-0.061283402144908905,0.32968080043792725,0.1763710081577301,-0.44237199425697327,-0.02225961722433567,0.11216524988412857,-0.13870561122894287,-0.06072615459561348,-0.11054178327322006,-0.15503016114234924,0.2832396924495697,-0.5487955212593079,-0.03561224415898323,-0.14731979370117188,-0.14956793189048767,-0.14735734462738037,0.0038849711418151855,0.18396946787834167,0.12464845180511475,0.06501760333776474,0.31967419385910034,-0.31675249338150024,0.5318358540534973,0.0726875588297844,0.0869310051202774,0.20334918797016144,-0.1666712760925293,-0.5413082838058472,-0.04203718155622482,0.3999011218547821,-4.027634713565931e-05,0.001842879457399249,-0.06285533308982849,0.25301626324653625,0.752916693687439,-0.5187568068504333,0.18491296470165253,0.46433037519454956,-0.23123931884765625,0.22240038216114044,0.0618274100124836,-0.1251000612974167,0.1487656533718109,0.13905109465122223,0.12695351243019104,-0.5961692333221436,-0.47735732793807983,-0.050338853150606155,0.11772526800632477,0.35424375534057617,0.22829285264015198,0.08326847106218338,0.09467203915119171,-0.09665090590715408,-0.07781505584716797,0.03111514449119568,0.22738628089427948,0.1770675927400589,-0.13292084634304047,0.13211333751678467,-0.14025919139385223,0.4106079936027527,0.13456496596336365,0.3155275285243988,0.22248005867004395,-0.43495187163352966,-0.21407552063465118,-0.056845735758543015,-0.07257747650146484,0.0169996228069067,0.08721001446247101,0.0035742304753512144,0.26715099811553955,0.2698283791542053,-0.0281680878251791,0.37631261348724365,0.06785228103399277,-0.053508512675762177,-0.4893220067024231,-0.04539748653769493,-0.07300422340631485,-0.003781848354265094,-0.011203574948012829,0.316966712474823,-0.02636844478547573,-0.11726727336645126,-0.1827138364315033,-0.09438265860080719,0.1589784175157547,-0.16102071106433868,0.2593492865562439,-0.11229725182056427,0.5484176874160767,0.019375775009393692,-0.1698625385761261,0.14599637687206268,-0.037048812955617905,-0.13935299217700958,-0.06690855324268341,-0.14336128532886505,-0.009214252233505249,-0.2111850082874298,0.2395680844783783,-0.34183964133262634,-0.09915365278720856,0.2846049666404724,0.04184701666235924,-0.11705932766199112,0.27248018980026245,-0.14079919457435608,-0.08033580332994461,0.1279429942369461,0.0695633590221405,-0.05058478191494942,-0.19382624328136444,-0.44854626059532166,-0.23491549491882324,-0.2262764275074005,-0.2502385675907135,-0.025685762986540794,-0.008072972297668457,0.023355329409241676,0.1907331943511963,0.630402684211731,0.2911345958709717,0.05655529350042343,0.2567065358161926,0.013597095385193825,0.2390068769454956,0.03513668477535248,0.1398801952600479,0.3902328312397003,-0.016843397170305252,0.007287832908332348,-0.21050255000591278,-0.06087319180369377,-0.06715022027492523,-0.11693330109119415,0.2688155174255371,-0.4824763238430023,0.12312444299459457,-0.25109604001045227,-0.14092886447906494,-0.07056998461484909,-0.00463672261685133,0.3314506709575653,0.29628342390060425,-0.12077798694372177,0.15882110595703125,0.3068920969963074,0.45617979764938354,-0.20253506302833557,-0.01311145443469286,-0.17377452552318573,0.10932864248752594,-0.21247689425945282,-0.06985330581665039,0.14628402888774872,0.07338722050189972,0.03644753620028496,-0.058017730712890625,-0.1816149204969406,-0.5713590383529663,0.06225939467549324,0.3315708339214325,-0.0866180807352066,0.09764018654823303,-0.2374180257320404,-0.004094153642654419,0.1158614531159401
CID000060843,967,-0.006804928183555603,-0.08651064336299896,-0.052083857357501984,0.32330334186553955,-0.28336796164512634,0.045109547674655914,0.20166799426078796,0.12539182603359222,-0.17355144023895264,0.14975838363170624,0.26133501529693604,0.16392196714878082,0.007509975228458643,0.1137944683432579,-0.2169521600008011,-0.11895765364170074,-0.10477521270513535,-0.1387062817811966,0.06162208318710327,-0.41695982217788696,-0.07886452972888947,-0.22311565279960632,0.02446741983294487,-0.7843629717826843,0.09713687747716904,0.2548234164714813,-0.08855440467596054,0.0994604080915451,-0.05048645660281181,0.10763708502054214,0.11800289154052734,0.23536209762096405,-0.06963236629962921,0.012319904752075672,0.024803772568702698,0.12916189432144165,0.152444988489151,-0.058933012187480927,0.22255194187164307,-0.3020056188106537,-0.03693334013223648,-0.3140074908733368,0.31983867287635803,-0.262812077999115,-0.17824795842170715,0.23549894988536835,-0.037872958928346634,-0.09872018545866013,0.10858909040689468,-0.12351919710636139,0.11172062158584595,-0.014085027389228344,-0.2962682247161865,0.04809531196951866,0.005587178282439709,-0.07678786665201187,-0.07747341692447662,0.15441496670246124,-0.016157099977135658,0.12020567804574966,-0.12552542984485626,-0.1462942659854889,0.028036314994096756,-0.01689569652080536,0.37302738428115845,0.34711942076683044,-0.1321105659008026,-0.12464211136102676,0.17016950249671936,-0.1030850037932396,0.28476229310035706,0.20480136573314667,-0.43573084473609924,-0.40324530005455017,-0.3232596814632416,-0.16315177083015442,-0.27141714096069336,0.23925819993019104,-0.03336048498749733,0.0618114098906517,0.11891176551580429,-0.33086076378822327,-0.27363449335098267,0.11771856248378754,-0.02221791446208954,-0.037939488887786865,0.2716185748577118,0.07740665972232819,-0.10207366943359375,-0.595086932182312,-0.03112407959997654,0.30592694878578186,0.03090936504304409,0.009161191061139107,-0.004221898503601551,-0.2912518084049225,-0.13393492996692657,0.1989646703004837,0.08363313972949982,0.1768004447221756,-0.2956089377403259,-0.06640895456075668,-0.14683718979358673,0.19736385345458984,0.25602012872695923,0.007318479008972645,-0.07690584659576416,0.09512074291706085,0.4781813621520996,-0.2582361102104187,-0.1933256983757019,0.19476063549518585,-0.2007710486650467,-0.07956745475530624,0.1401013433933258,0.3082261383533478,-0.01816651225090027,-0.05482037737965584,-0.18420474231243134,0.39123812317848206,0.5022753477096558,-0.16527721285820007,0.2219618856906891,0.35837966203689575,0.05207156389951706,0.18412381410598755,0.07733666896820068,0.12636244297027588,0.34696540236473083,0.024416010826826096,-0.08169534057378769,-0.4170176088809967,-0.276582270860672,0.023430664092302322,0.32062530517578125,-0.031592510640621185,-0.19897574186325073,0.10286209732294083,-0.26621702313423157,-0.14839179813861847,-0.2052478790283203,0.050090909004211426,0.13640709221363068,-0.13103488087654114,-0.03524136543273926,0.38906893134117126,-0.1339859664440155,0.292393296957016,0.29000189900398254,0.19667348265647888,0.13897214829921722,-0.1949227750301361,-0.16303737461566925,0.2145363837480545,-0.3153388798236847,-0.055120669305324554,-0.10368195921182632,-0.08363400399684906,-0.10167722404003143,0.3445090055465698,0.021150004118680954,0.029942026361823082,-0.0705111101269722,0.36094704270362854,-0.1253829151391983,-0.17829665541648865,-0.07829535007476807,0.015365702100098133,-0.11323926597833633,0.19449928402900696,0.20374758541584015,-0.246914342045784,-0.2637166976928711,-0.3059687614440918,0.029717475175857544,-0.07291627675294876,0.1296103298664093,-0.36088138818740845,0.21795599162578583,-0.0009044408798217773,0.07063136994838715,0.030779723078012466,-0.08653657138347626,-0.15974637866020203,0.15223896503448486,0.26731935143470764,-0.1563108265399933,-0.05450966954231262,-0.04541527479887009,-0.33292239904403687,0.016050899401307106,-0.007056394126266241,0.12913081049919128,0.13517530262470245,0.10286758095026016,-0.14978744089603424,0.08696837723255157,0.1901525855064392,-0.10293775796890259,-0.03426438570022583,0.22089500725269318,-0.36929041147232056,-0.19310952723026276,-0.3362881541252136,0.28916120529174805,-0.24317491054534912,-0.13029706478118896,-0.048376839607954025,0.04358499497175217,0.4354068338871002,0.3305053412914276,0.0997709333896637,0.34954705834388733,0.06051335483789444,0.1573209911584854,-0.17727991938591003,-0.18956217169761658,0.15019942820072174,0.11692062765359879,-0.20782530307769775,-0.08124876022338867,-0.04720110073685646,0.00012258886999916285,-0.18077032268047333,-0.09986546635627747,0.1452707052230835,-0.11368589103221893,-0.21272559463977814,-0.13594266772270203,-0.06856696307659149,-0.05928667634725571,0.0878862589597702,0.3043941259384155,0.028769243508577347,-0.10396416485309601,0.0672634169459343,0.20723240077495575,-0.5118620991706848,0.09791700541973114,-0.23206837475299835,0.13055236637592316,-0.376730740070343,0.08404529094696045,0.16966906189918518,0.016067754477262497,-0.08543208241462708,0.2762475907802582,-0.036964014172554016,-0.5016997456550598,-0.03893151134252548,0.3032308518886566,-0.13843616843223572,0.028668779879808426,-0.254477322101593,0.0818532258272171,-0.049874551594257355
CID000004991,968,0.23223432898521423,0.08081468939781189,0.1349792778491974,0.45698466897010803,-0.4621904790401459,0.268850713968277,0.04986526817083359,0.34023207426071167,0.17725524306297302,0.14029063284397125,0.025426194071769714,0.0850207582116127,-0.4257581830024719,0.40834951400756836,-0.06298995018005371,-0.05135352537035942,-0.037093400955200195,-0.04303469508886337,-0.2149493396282196,-0.6460219621658325,0.030819347128272057,-0.13571131229400635,0.14353731274604797,-0.9735873341560364,-0.3541871905326843,0.018174540251493454,-0.4526568055152893,-0.21224431693553925,-0.1275472342967987,0.21031907200813293,-0.004712820053100586,0.4245024621486664,0.13309435546398163,-0.3176080882549286,-0.13046984374523163,-0.0670258030295372,-0.14709553122520447,0.1979197859764099,0.09721003472805023,0.03971024230122566,-0.11911430209875107,0.0703233927488327,-0.10317057371139526,-0.2714582085609436,-0.23257049918174744,0.2498326599597931,0.06499151885509491,-0.16313579678535461,-0.006228975020349026,0.08642388880252838,0.676781952381134,-0.522161066532135,-0.37182649970054626,0.09906928241252899,-0.17541930079460144,-0.04321617633104324,0.14481239020824432,0.31702059507369995,0.39969855546951294,-0.2744781970977783,-0.3093349039554596,-0.1673707515001297,-0.3545192778110504,-0.12059333175420761,-0.025699902325868607,0.5727335214614868,-0.3062283396720886,-0.04902832955121994,0.11310604959726334,0.1411127746105194,0.11439110338687897,0.023892957717180252,-0.06727828830480576,-0.28942036628723145,-0.0856243371963501,0.30431297421455383,0.30002549290657043,-0.07236745208501816,-0.1390998214483261,0.019524995237588882,0.32320016622543335,-0.35398221015930176,-0.4534713625907898,0.02673884853720665,0.0035158575046807528,-0.17872121930122375,0.1646747589111328,0.49322670698165894,-0.19986599683761597,-0.7354758977890015,-0.07958865910768509,0.25506535172462463,0.13273771107196808,0.26835113763809204,-0.3125057816505432,-0.41537633538246155,0.04467976465821266,-0.4470786154270172,0.35111749172210693,0.23134703934192657,0.22670528292655945,0.36442312598228455,-0.11535093933343887,0.3364728093147278,-0.2546340525150299,0.0489862784743309,-0.028542494401335716,0.019992778077721596,0.7801319360733032,0.38057953119277954,0.10873625427484512,0.01751818135380745,-0.1895458996295929,-0.24007856845855713,-0.17549970746040344,0.266836017370224,0.41676193475723267,0.12886245548725128,0.14794573187828064,0.11026500165462494,0.7267006635665894,-0.10297045856714249,0.3946381211280823,0.2435409128665924,0.005788800306618214,-0.14420482516288757,-0.15381021797657013,-0.0036919191479682922,0.14633698761463165,-0.08524567633867264,0.27977854013442993,-0.5572748184204102,-0.3987537622451782,0.024433786049485207,0.09006186574697495,0.12241033464670181,0.06853438913822174,0.06458009779453278,-0.013267701491713524,-0.6592949628829956,-0.08596938848495483,0.2988351881504059,0.1228918805718422,-0.21231290698051453,-0.008712398819625378,-0.006105245556682348,0.03309924528002739,0.5695689916610718,0.08132889121770859,0.27020540833473206,0.08558186143636703,-0.5647941827774048,0.2527061402797699,-0.041388846933841705,-0.18195319175720215,0.05954774469137192,-0.10289455950260162,-0.4182426333427429,-0.2685701251029968,0.2697407603263855,-0.18555095791816711,0.5052813291549683,-0.011454309336841106,0.1402973234653473,0.1112949475646019,-0.12160439789295197,0.1237618550658226,0.2412848174571991,-0.11525747925043106,0.2426331490278244,-0.03352562338113785,-0.07878480106592178,-0.3079100251197815,-0.28354910016059875,0.3026514947414398,0.2016906440258026,-0.014104276895523071,-0.23957237601280212,0.6756206154823303,0.38303622603416443,-0.3505353331565857,-0.07997284829616547,-0.18615064024925232,0.053346335887908936,0.3430179953575134,0.22302445769309998,-0.5076509714126587,-0.05407851189374924,-0.10027887672185898,-0.36977705359458923,0.157901793718338,0.20388582348823547,-0.09780273586511612,-0.36016106605529785,-0.18691380321979523,-0.24646849930286407,0.17237472534179688,-0.2906370162963867,0.08133475482463837,0.14800187945365906,-0.24295969307422638,-0.29463377594947815,0.43720442056655884,-0.206736758351326,-0.2895171046257019,-0.1417197734117508,-0.04576051980257034,0.04381013661623001,0.4385577142238617,0.7033532857894897,0.3674158453941345,0.07043150812387466,0.15948502719402313,0.09147186577320099,-0.041257865726947784,-0.3827604353427887,-0.04764686897397041,0.37795495986938477,0.08722037822008133,-0.005620711948722601,-0.10001498460769653,-0.0837906152009964,-0.330856591463089,-0.4188341200351715,0.10048341751098633,-0.19464343786239624,-0.31236532330513,-0.3587004542350769,0.214488223195076,0.1424456685781479,-0.029405564069747925,0.5283530950546265,0.1792422980070114,0.15785039961338043,-0.09501295536756516,0.18803301453590393,0.5757835507392883,-0.28327852487564087,0.12966160476207733,0.06126521900296211,0.011128976941108704,-0.4835146963596344,-0.17233286798000336,0.09604623168706894,0.16026630997657776,-0.268798291683197,-0.128786101937294,0.010652370750904083,-0.8155454397201538,-0.3553476631641388,0.16245833039283752,-0.06266950070858002,0.11035237461328506,-0.04517166689038277,-0.10835220664739609,-0.11852405220270157
CID000004542,971,0.0184006504714489,0.028185954317450523,0.044789332896471024,0.3698698580265045,-0.18240606784820557,0.3383020758628845,0.16637292504310608,0.5693725943565369,-0.14338311553001404,0.2825082540512085,-0.21253731846809387,-0.1190706267952919,-0.4177881181240082,0.2833220660686493,-0.28205907344818115,-0.15393799543380737,0.06770521402359009,0.09491980820894241,0.5286862850189209,-0.5175462961196899,0.1591043919324875,-0.2652124762535095,0.16382111608982086,-0.747674822807312,0.3025619685649872,0.24219346046447754,-0.32562345266342163,-0.14090828597545624,-0.046919386833906174,0.3027476668357849,0.11967320740222931,0.3625045120716095,-0.07963386178016663,-0.09737954288721085,0.03172988444566727,-0.025573283433914185,0.3000653386116028,0.11875011771917343,0.41553449630737305,-0.25551921129226685,-0.03610297292470932,-0.1784069985151291,0.1590069830417633,-0.339108943939209,-0.03386065363883972,0.24423901736736298,0.08178345859050751,-0.15350627899169922,-0.17292173206806183,-0.10555384308099747,0.44606152176856995,0.2633028030395508,-0.43010440468788147,0.018053699284791946,0.141817107796669,-0.14778655767440796,-0.07394133508205414,0.2818889021873474,0.10381709039211273,0.33124130964279175,-0.4703483581542969,-0.17198413610458374,-0.047516174614429474,-0.16705122590065002,0.3621831238269806,0.541397750377655,-0.027593350037932396,-0.004297537263482809,0.08109121769666672,-0.005820172838866711,0.2485726773738861,-0.18720458447933197,-0.39533939957618713,-0.4811514914035797,-0.3740817606449127,-0.07725946605205536,0.11383886635303497,0.22566775977611542,-0.0197015218436718,0.26150739192962646,0.04158387705683708,-0.29186609387397766,-0.3164850175380707,0.0471683070063591,0.291145384311676,-0.004915106110274792,-0.08133424818515778,0.636029839515686,0.06369007378816605,-0.5352311134338379,0.21120376884937286,0.33661213517189026,0.07063712179660797,-0.21607086062431335,-0.16591665148735046,-0.5596014857292175,-0.2003776729106903,-0.3217288851737976,-0.15247467160224915,0.017598409205675125,-0.33748292922973633,-6.06268658884801e-05,-0.008520808070898056,0.5309408903121948,0.1646317094564438,-0.03925653547048569,0.04748097062110901,0.2981944680213928,0.36228591203689575,0.20051756501197815,0.00778981065377593,0.21614094078540802,0.005886882543563843,-0.11847420036792755,0.14006751775741577,0.2443004548549652,-0.11286790668964386,-0.07573185861110687,-0.20824512839317322,0.4440020024776459,0.4146636128425598,-0.27486664056777954,0.27237990498542786,0.3570081293582916,-0.23304378986358643,-0.007597297430038452,0.134810209274292,0.2218516767024994,0.7059388756752014,0.07329843193292618,0.09975089132785797,-0.4124552309513092,-0.2863042950630188,0.29681289196014404,0.2946208119392395,0.034100405871868134,-0.16726446151733398,0.23424342274665833,0.06808267533779144,-0.18889035284519196,-0.13332855701446533,0.32402703166007996,0.09763477742671967,-0.05628305673599243,-0.0778326764702797,0.4248933792114258,-0.594269871711731,0.31409284472465515,-0.1289183646440506,0.11284095048904419,0.20744328200817108,-0.2873954176902771,-0.5195657014846802,0.08388932049274445,-0.07675490528345108,-0.1422148197889328,-0.011788937263190746,-0.3270716965198517,-0.13522443175315857,0.37875908613204956,-0.18173715472221375,-0.038450688123703,-0.05403401330113411,-0.0443137101829052,-0.1368018239736557,-0.24114671349525452,-0.008505468256771564,0.24161472916603088,-0.1757582724094391,0.23569341003894806,0.1335391253232956,-0.2807416319847107,-0.1956992745399475,-0.22005262970924377,0.07043544203042984,-0.061865855008363724,0.03871258348226547,-0.3539237380027771,0.353220671415329,-0.3777238428592682,-0.09866584837436676,0.0685797706246376,-0.3134760558605194,-0.0665036290884018,0.3904094398021698,0.3412605822086334,-0.19646215438842773,-0.2047698050737381,0.10128585994243622,-0.36263367533683777,-0.1269967406988144,0.1318693310022354,0.30792516469955444,-0.06255875527858734,0.03801177814602852,-0.09181578457355499,0.07420723140239716,0.033322662115097046,-0.09743518382310867,0.04524113982915878,0.03839350491762161,-0.474100261926651,-0.016315851360559464,-0.3311912417411804,0.01721179485321045,0.0013132430613040924,0.03618837520480156,-0.41503414511680603,0.3415501117706299,0.5850881338119507,0.3004944324493408,-0.05692753940820694,0.5185848474502563,-0.001511643873527646,0.4963642656803131,-0.1753532886505127,0.1507236212491989,0.13439950346946716,0.1043160930275917,-0.07697544991970062,0.08802513033151627,0.19054444134235382,-0.26453766226768494,-0.537896990776062,-0.276546448469162,-0.24330823123455048,0.2782064974308014,-0.7562367916107178,-0.26517561078071594,0.07927350699901581,-0.04105149954557419,-0.05244727060198784,0.31607168912887573,0.13988585770130157,0.1005815640091896,-0.19528137147426605,0.2269812375307083,-0.3602333068847656,0.047420043498277664,-0.32157188653945923,-0.07137511670589447,-0.6377796530723572,-0.018533647060394287,0.1279827356338501,-0.03425605222582817,-0.14485682547092438,0.2136358916759491,-0.28332772850990295,-0.5418733358383179,0.06565354019403458,0.46352243423461914,-0.1541374772787094,0.11421072483062744,0.007689916994422674,-0.02938501164317131,-0.1111268550157547
CID000115237,981,0.06781473010778427,0.17234191298484802,0.2993425726890564,0.6181438565254211,-0.618160605430603,0.05070391297340393,0.26866891980171204,0.4098568558692932,0.024119656533002853,0.27970999479293823,-0.03530384227633476,-0.20709291100502014,-0.2899986207485199,0.3108631372451782,-0.2388000190258026,0.06344069540500641,0.09537900239229202,0.09162326157093048,0.20837506651878357,-0.4920831620693207,-0.10469577461481094,-0.2924906611442566,-0.16243234276771545,-0.8895708918571472,0.0839410051703453,0.23773834109306335,0.02897162362933159,-0.16287414729595184,-0.03744427114725113,0.22677192091941833,-0.059448231011629105,0.15534326434135437,-0.0368548147380352,0.2108791619539261,0.11223862320184708,0.0292588472366333,0.10964678227901459,0.2884525656700134,0.07981157302856445,-0.32627686858177185,-0.043727416545152664,-0.07115431129932404,0.06667260825634003,-0.0834217220544815,-0.1717526614665985,0.18805725872516632,0.07570023834705353,0.026662597432732582,0.016733016818761826,0.03839310631155968,0.5092369914054871,0.13615362346172333,-0.21127481758594513,-0.14136198163032532,0.0712464228272438,-0.16998279094696045,0.22515492141246796,-0.04440343379974365,0.18770520389080048,-0.25103959441185,-0.23713240027427673,-0.39129891991615295,0.21541161835193634,-0.23269614577293396,0.1922501027584076,0.4821045398712158,-0.3865479826927185,-0.008366870693862438,0.19828107953071594,0.0069564878940582275,0.036035992205142975,0.05650193244218826,-0.21273887157440186,-0.44586843252182007,-0.18126806616783142,0.10085376352071762,0.21056024730205536,-0.004678334575146437,-0.08830989897251129,-0.07957659661769867,0.12172283977270126,-0.3378526270389557,-0.3241276443004608,-0.1146797388792038,0.1922920048236847,0.12446359544992447,0.035428039729595184,0.4637520909309387,-0.09529243409633636,-0.41588568687438965,0.0017781866481527686,0.08792725950479507,-0.09812473505735397,-0.05056105926632881,-0.24076278507709503,-0.1515909731388092,0.1823289841413498,-0.10689258575439453,-0.16180801391601562,-0.011462303809821606,-0.1190120205283165,-0.011603104881942272,0.04406718909740448,0.17277377843856812,0.07148601859807968,-0.03264159336686134,0.042548634111881256,-0.17089295387268066,0.27789607644081116,-0.047324299812316895,0.08376187086105347,0.14529334008693695,-0.2709909677505493,-0.3645694851875305,0.06340805441141129,0.2977299392223358,-0.2089279443025589,-0.1400918960571289,-0.01897847093641758,0.19216731190681458,0.7281484603881836,-0.3265380263328552,0.2049218714237213,0.2554108500480652,-0.32022011280059814,0.35725322365760803,0.08895031362771988,-0.13383296132087708,0.1702195405960083,0.01816909946501255,0.23294439911842346,-0.5423669815063477,-0.6017537713050842,-0.017215346917510033,0.20271892845630646,0.12470096349716187,0.05005470663309097,0.2643417716026306,0.14738479256629944,-0.07519205659627914,-0.19148299098014832,0.21843716502189636,0.2691940367221832,0.10809709131717682,-0.017649218440055847,0.3114074766635895,-0.25734081864356995,0.45220255851745605,0.13975068926811218,0.27359846234321594,-0.0572594590485096,-0.34043899178504944,-0.1896161288022995,0.013975794427096844,-0.019415121525526047,-0.057714320719242096,0.07355912029743195,-0.18073156476020813,0.04614335298538208,0.1038074716925621,0.05865112692117691,-0.1939261257648468,0.05811495706439018,-0.06402391940355301,-0.2546864449977875,0.1330772042274475,-0.10239587724208832,0.1773383915424347,0.18040123581886292,0.11767065525054932,-0.009238332509994507,0.050475023686885834,-0.16015569865703583,-0.049298036843538284,0.18237784504890442,-0.17373332381248474,0.206777885556221,-0.13457301259040833,0.5489762425422668,-0.1591949760913849,-0.15668348968029022,0.08891506493091583,-0.17508360743522644,-0.08139397203922272,-0.10487911850214005,-0.15497036278247833,0.11977527290582657,0.07978548109531403,0.1682402640581131,-0.3791956305503845,-0.14284005761146545,0.19713212549686432,0.10763180255889893,-0.0962318629026413,0.3933933675289154,0.13120222091674805,-0.013361138291656971,0.07080993801355362,-0.06842322647571564,-0.1891813427209854,0.025197619572281837,-0.5927527546882629,-0.04564596712589264,-0.2214692384004593,-0.21943970024585724,-0.06203901767730713,0.06865762174129486,-0.08013372123241425,0.08700715005397797,0.49320632219314575,0.34834402799606323,0.12108857929706573,0.3428287208080292,0.05432390049099922,0.2649453282356262,-0.04945629835128784,-0.13795356452465057,0.356467604637146,0.06741036474704742,0.17089462280273438,-0.1550784856081009,0.035240720957517624,-0.15961353480815887,-0.06065613776445389,0.13423261046409607,-0.15532568097114563,0.2946213185787201,-0.32400956749916077,-0.1579592227935791,0.10963164269924164,-0.15212564170360565,0.09078308194875717,0.20743480324745178,-0.0659022182226181,-0.06294792145490646,0.23128342628479004,0.47465676069259644,-0.3864987790584564,-0.004674284253269434,-0.22738027572631836,0.20725972950458527,-0.11285173892974854,0.10780414193868637,0.22525718808174133,-0.08074599504470825,0.051670271903276443,-0.041197143495082855,-0.11130762100219727,-0.5952972173690796,-0.011791422963142395,0.3318477272987366,-0.29344862699508667,0.27537423372268677,-0.3103322386741638,-0.06204146891832352,0.14199617505073547
CID000000564,984,0.24800404906272888,0.11379508674144745,-0.19728009402751923,0.5562054514884949,-0.5602134466171265,0.17626237869262695,-0.0015367686282843351,0.265948623418808,-0.08083846420049667,0.10599605739116669,-0.05675353482365608,-0.3117538094520569,-0.11296625435352325,0.19319503009319305,0.09351290762424469,-0.16541889309883118,0.08349158614873886,-0.19535550475120544,-0.18554574251174927,-0.7761688232421875,0.26640504598617554,0.050352543592453,0.06346152722835541,-0.8832322955131531,-0.26244688034057617,0.005417176987975836,0.03340713307261467,-0.12357968091964722,-0.03762301057577133,0.014393744058907032,0.22039175033569336,0.2354273796081543,0.1549847424030304,0.09881192445755005,0.08255620300769806,0.003177392529323697,-0.1481601446866989,0.12032081931829453,-0.28425711393356323,0.01346573792397976,-0.13265487551689148,0.2826153337955475,0.018213504925370216,-0.341502845287323,0.31358128786087036,0.42339029908180237,0.05596950650215149,0.023607198148965836,-0.13292446732521057,0.46248942613601685,0.5558270215988159,-0.06926169246435165,-0.22823329269886017,0.013173038139939308,-0.07143509387969971,-0.11988574266433716,0.34210777282714844,0.1665596216917038,0.23505930602550507,0.03986537083983421,-0.1564483940601349,-0.15730753540992737,-0.13219814002513885,-0.06148038059473038,0.2172248363494873,0.6794346570968628,-0.4288158416748047,-0.13293680548667908,-0.11960220336914062,-0.09349976480007172,-0.4491189420223236,-0.25585076212882996,-0.26776939630508423,-0.2986757159233093,-0.43669596314430237,0.1360720694065094,0.25787198543548584,-0.13967961072921753,-0.15524403750896454,-0.030011266469955444,0.5210458636283875,-0.6029990911483765,-0.39106759428977966,0.05963214114308357,0.01894999109208584,-0.11912165582180023,0.13811136782169342,0.2947039008140564,-0.2110610455274582,-0.621177077293396,-0.030134540051221848,0.06960318237543106,-0.07099531590938568,0.14656253159046173,0.0009337648516520858,-0.3561716079711914,-0.2975198030471802,-0.21557343006134033,-0.23501428961753845,0.31804513931274414,-0.16530725359916687,0.14923758804798126,-0.21063587069511414,0.10080321878194809,-0.2650057077407837,0.030675005167722702,-0.2142443209886551,-0.07643590122461319,0.5749803781509399,0.34807276725769043,-0.021391117945313454,0.19583755731582642,0.2759683132171631,-0.49075421690940857,0.4350535273551941,0.001454749726690352,0.19390228390693665,-0.2918963134288788,0.13511617481708527,-0.11142442375421524,0.9312126040458679,-0.20760312676429749,0.2877058684825897,0.0482630617916584,0.2139560431241989,0.3175521194934845,0.17125359177589417,-0.1909637451171875,0.2200881987810135,0.012783023528754711,-0.028712043538689613,-0.8107823133468628,-0.3825392723083496,0.29480689764022827,0.24534067511558533,0.18500375747680664,-0.08577136695384979,0.21410858631134033,0.06099022552371025,-0.5266458988189697,-0.29133281111717224,0.33624738454818726,0.06755145639181137,-0.16686101257801056,0.06053859740495682,-0.023929214105010033,0.30062592029571533,0.6320487856864929,-0.07512640953063965,0.005721095949411392,0.012699763290584087,-0.5498737692832947,0.3251776397228241,0.08010057359933853,-0.023726413026452065,0.09376572072505951,-0.06880567967891693,0.0004088640271220356,-0.2546718716621399,0.07653045654296875,-0.36692744493484497,-0.09425484389066696,-0.03620626777410507,0.10584531724452972,0.11284039169549942,-0.29670006036758423,-0.21810992062091827,0.29833173751831055,0.15484516322612762,-0.0847267284989357,-0.0772373378276825,-0.40354132652282715,0.3323197662830353,-0.37759119272232056,0.11835730075836182,-0.14804482460021973,0.11002296209335327,-0.47855544090270996,0.7039796710014343,-0.0015379798132926226,-0.3285103440284729,0.27097833156585693,-0.15787872672080994,0.2804493308067322,0.18853901326656342,0.17513373494148254,-0.2742958962917328,0.030082285404205322,0.07029975950717926,-0.39719444513320923,0.04619248956441879,-0.16253404319286346,0.12404106557369232,-0.09837806969881058,0.35750943422317505,-0.3299453854560852,-0.07011143863201141,-0.0017058938974514604,0.5413579940795898,0.1527029126882553,-0.18334996700286865,-0.2223237007856369,-0.04070911556482315,-0.2615497410297394,-0.3871912360191345,0.030316483229398727,-0.16563533246517181,0.17329862713813782,0.3056425452232361,0.4980466365814209,0.2785625457763672,-0.0019334852695465088,0.13158008456230164,0.0618542805314064,0.01528823934495449,-0.3696146011352539,0.057546019554138184,0.4911116659641266,-0.10170695930719376,0.05608057975769043,0.20937402546405792,-0.19191649556159973,0.2173393964767456,-0.4470708966255188,-0.6512830853462219,-0.2211628258228302,0.13189385831356049,-0.18251708149909973,-0.23458118736743927,0.07689930498600006,-0.05912290886044502,0.4549316465854645,0.12201615422964096,0.12624011933803558,-0.21740475296974182,0.13768598437309265,0.4553263783454895,-0.42351454496383667,-0.000805842864792794,-0.14875638484954834,-0.06078006699681282,-0.4415130019187927,0.39317700266838074,0.06546195596456528,0.21785834431648254,0.15301546454429626,-0.33883389830589294,0.18131588399410248,-1.0582025051116943,-0.33957749605178833,0.33555737137794495,-0.10791363567113876,-0.19236941635608673,-0.2841908037662506,-0.13386984169483185,-0.07710763812065125
CID000003148,986,0.04185730963945389,-0.02975856140255928,0.19562523066997528,0.24493002891540527,-0.3820645213127136,0.14712902903556824,0.10739056766033173,0.21532626450061798,-0.18466991186141968,0.32911133766174316,0.24936194717884064,0.20092765986919403,-0.02978227660059929,0.10779587924480438,-0.2336244285106659,0.022069895640015602,-0.08277691900730133,-0.003118324326351285,0.053948234766721725,-0.48097091913223267,0.13543462753295898,-0.23183265328407288,-0.09683100879192352,-0.7977039813995361,0.029574524611234665,0.18746045231819153,-0.2383280247449875,-0.11287722736597061,-0.06943520158529282,0.21228842437267303,0.012126678600907326,0.16011002659797668,-0.3190598487854004,0.12486448138952255,-0.062694251537323,0.1367884874343872,0.11337275803089142,0.19813072681427002,-0.018033290281891823,-0.2802019417285919,0.0936969667673111,-0.16593417525291443,0.20196792483329773,-0.3449804186820984,0.025479167699813843,0.21233920753002167,0.1229175329208374,0.054110489785671234,0.30807846784591675,-0.1186308041214943,0.22602853178977966,0.08373986184597015,-0.09676097333431244,-0.0035617873072624207,0.2496831864118576,-0.030921638011932373,-0.038587719202041626,0.11165962368249893,0.09459356963634491,0.08346018195152283,-0.39125093817710876,-0.35235753655433655,-0.15029676258563995,-0.011549456045031548,0.4339945316314697,0.39572423696517944,-0.2816757559776306,-0.10546217113733292,0.3562391698360443,0.04955645278096199,0.12998563051223755,0.005405628588050604,-0.28893527388572693,-0.34392327070236206,-0.2633419930934906,-0.1627034991979599,-0.044914618134498596,0.09674839675426483,-0.14472606778144836,-0.11741580069065094,-0.0013709783088415861,-0.2952113747596741,-0.3534909188747406,-0.1113009825348854,0.02709045633673668,-0.26668456196784973,0.34982427954673767,0.16777756810188293,0.10567544400691986,-0.7285711169242859,0.06372612714767456,0.3554127812385559,0.019341640174388885,0.09669188410043716,0.11176009476184845,-0.4104846119880676,-0.08871348202228546,0.14890143275260925,0.06005014851689339,0.23548610508441925,0.07752159982919693,-0.040885504335165024,-0.23400184512138367,0.36487552523612976,-0.11936487257480621,0.1959495097398758,-0.0587892159819603,0.10060236603021622,0.3581283688545227,0.03622925281524658,-0.022376740351319313,0.18167516589164734,-0.37929317355155945,0.03545316308736801,0.21470852196216583,0.346184641122818,0.15966077148914337,0.0523998849093914,-0.07445086538791656,0.1956331729888916,0.5727254152297974,-0.11831625550985336,0.1972222775220871,0.36685842275619507,-0.051011789590120316,0.07708760350942612,0.00249616801738739,0.0026429197750985622,0.2974620759487152,-0.03832348808646202,0.11403224617242813,-0.3643299639225006,-0.40670451521873474,0.0164713803678751,0.16039565205574036,-0.18823760747909546,-0.0782766193151474,0.08236675709486008,-0.32735198736190796,-0.39021819829940796,-0.14340245723724365,0.15833023190498352,0.21455398201942444,-0.10205557197332382,0.018053920939564705,0.46935614943504333,-0.14159369468688965,0.360342413187027,0.13609063625335693,0.1652028113603592,-0.022997234016656876,-0.17876076698303223,-0.30445247888565063,0.3416261672973633,-0.13643388450145721,-0.10209134966135025,-0.03702050447463989,-0.22458752989768982,-0.13498100638389587,0.28205376863479614,0.2857228219509125,-0.05161005258560181,-0.04277784377336502,0.34496280550956726,-0.12134528160095215,0.030473578721284866,-0.2507646679878235,0.11822549998760223,-0.05540343374013901,0.2806594669818878,0.175447016954422,-0.12430077791213989,-0.32184064388275146,-0.29437917470932007,0.12165240943431854,-0.13048945367336273,0.23869824409484863,-0.2950708270072937,0.44439879059791565,-0.07565747201442719,-0.015830744057893753,-0.08552323281764984,-0.42722663283348083,-0.04994635656476021,0.09889642149209976,0.24297194182872772,-0.22433428466320038,-0.15095897018909454,-0.05704284831881523,-0.38274019956588745,-0.07274295389652252,-0.02269519492983818,0.17164437472820282,-0.1514090597629547,0.22923190891742706,-0.06678294390439987,0.21756169199943542,-0.05683884024620056,-0.00776869198307395,0.034986305981874466,0.05691955238580704,-0.2850744426250458,-0.1902182251214981,-0.4394340515136719,0.066858671605587,-0.25000694394111633,-0.018312225118279457,0.035717401653528214,0.19916585087776184,0.46782809495925903,0.34702882170677185,-0.21296517550945282,0.2735835909843445,0.3480359613895416,0.13437049090862274,-0.2514113783836365,-0.1665143072605133,0.11170820146799088,-0.03802690654993057,-0.3308315873146057,-0.14189784228801727,-0.22946949303150177,0.14971956610679626,-0.31834930181503296,-0.07405703514814377,0.11820089817047119,-0.196285218000412,-0.09127733111381531,0.17481538653373718,-0.10648465156555176,-0.102747842669487,-0.13638818264007568,0.15215179324150085,0.11931394040584564,-0.28464967012405396,-0.1299671232700348,0.3634599447250366,-0.23092742264270782,-0.045143596827983856,-0.08144272863864899,0.395658403635025,-0.5998796224594116,0.13378536701202393,0.10424260795116425,0.020610498264431953,0.021217336878180504,0.1317434310913086,0.1368645876646042,-0.5013832449913025,-0.11987761408090591,0.2145574539899826,-0.02121320366859436,0.13423962891101837,-0.10212184488773346,0.0627354308962822,0.00048404335393570364
CID000002676,996,0.005538430996239185,0.019387872889637947,0.14149200916290283,0.6076620817184448,-0.33577531576156616,0.049099400639534,0.05634481832385063,0.24297527968883514,0.1622868776321411,0.2925949692726135,0.09396032243967056,0.197212815284729,0.13008709251880646,0.06196287274360657,-0.19441792368888855,-0.032238807529211044,-0.08649967610836029,-0.17444925010204315,0.18666909635066986,-0.5938035845756531,-0.0618346743285656,-0.4091643691062927,0.06282951682806015,-0.8854882121086121,-0.14102894067764282,0.21439838409423828,-0.08839382231235504,-0.07833777368068695,-0.18498635292053223,0.1282423436641693,0.12224382162094116,0.1263403594493866,-0.29810187220573425,0.07043726742267609,-0.057413727045059204,0.07983038574457169,-0.02629726193845272,0.18562617897987366,0.07808031141757965,-0.3358510732650757,-0.18069735169410706,-0.04284357279539108,0.07978768646717072,-0.1703210473060608,0.033367354422807693,0.20068728923797607,0.05483318492770195,0.00033295899629592896,0.06500133126974106,-0.04758211225271225,0.3486897647380829,-0.23255357146263123,-0.1919192522764206,0.11165837198495865,-0.02894788421690464,-0.20614787936210632,-0.04171685874462128,0.12057801336050034,0.10437337309122086,0.1361132562160492,-0.2188713252544403,-0.24461369216442108,0.12090674787759781,-0.010273635387420654,0.22816629707813263,0.36350828409194946,-0.2043798267841339,-0.07696723192930222,-0.04685473069548607,0.054636187851428986,0.016748111695051193,0.1756272315979004,-0.26654908061027527,-0.27300652861595154,-0.20954415202140808,-0.17164622247219086,-0.06758461147546768,0.1733442097902298,-0.06630290299654007,-0.1347263753414154,0.25010886788368225,-0.2754116654396057,-0.2106456458568573,-0.20236027240753174,0.16015402972698212,-0.0029338449239730835,0.2716158926486969,0.06140204146504402,0.2539467513561249,-0.5351235866546631,0.08042468875646591,0.2655965983867645,-0.08407305181026459,0.13238410651683807,-0.08451474457979202,-0.19487467408180237,0.03140103071928024,-0.26712942123413086,0.20048797130584717,0.031396739184856415,-0.1393321305513382,0.08471912145614624,-0.1754925698041916,0.14708836376667023,0.11840303242206573,0.1643485575914383,-0.06317024677991867,0.06881142407655716,0.5888842344284058,-0.13653619587421417,-0.013329210691154003,0.1737341582775116,-0.30537521839141846,-0.0625331923365593,0.14010627567768097,0.3538368344306946,-0.002000219887122512,0.11890678107738495,-0.06647525727748871,0.1917594075202942,0.651708722114563,-0.1703682243824005,0.17771807312965393,0.2613292932510376,-0.17381551861763,0.06754608452320099,0.08549179136753082,0.18753883242607117,0.29983004927635193,0.17438162863254547,0.10635562241077423,-0.46102771162986755,-0.33373892307281494,0.1012103334069252,0.20626237988471985,0.12448365986347198,0.1589449942111969,0.12842383980751038,-0.19752876460552216,-0.11593754589557648,-0.20315614342689514,0.006691706366837025,0.09052322804927826,-0.02213735319674015,0.015459288842976093,0.23321036994457245,-0.20732688903808594,0.3972417712211609,0.28930220007896423,0.38782355189323425,0.1211186870932579,-0.3720288872718811,-0.013433486223220825,0.23663540184497833,-0.1010751873254776,-0.056552596390247345,0.047237664461135864,-0.09665270149707794,-0.07384897023439407,0.14302274584770203,0.37085026502609253,0.0050653936341404915,-0.04024428874254227,0.23086795210838318,-0.15159906446933746,-0.13855069875717163,-0.24054308235645294,0.0967709869146347,-0.03798150643706322,0.14609861373901367,-0.15058927237987518,-0.016599785536527634,-0.13358433544635773,-0.1931518018245697,0.07860269397497177,-0.2939378321170807,0.24179518222808838,-0.2463115006685257,0.3532367944717407,0.030683860182762146,-0.030102232471108437,0.23350074887275696,-0.07498005032539368,-0.06424222886562347,0.03721737861633301,0.14610017836093903,-0.17917877435684204,-0.26100844144821167,-0.03482776880264282,-0.3734443783760071,-0.10539791733026505,-0.10612203180789948,0.07839927077293396,-0.08807757496833801,0.14194335043430328,-0.08490974456071854,0.013218380510807037,0.018925374373793602,-0.028471341356635094,-0.2371109426021576,-0.04870961233973503,-0.25779199600219727,-0.21912717819213867,-0.5669605731964111,0.09217274188995361,-0.3559395372867584,-0.043728239834308624,0.06125829368829727,-0.08871767669916153,0.5637717843055725,0.2889096438884735,-0.002374660922214389,0.34043723344802856,0.03705476596951485,0.07208164781332016,-0.03671879321336746,0.15673772990703583,0.2573029696941376,0.08729638159275055,-0.335457980632782,-0.16259491443634033,-0.16160814464092255,-0.1186366081237793,-0.14094461500644684,0.058183372020721436,-0.3427456021308899,-0.21738603711128235,-0.014968493953347206,-0.11278464645147324,-0.12015886604785919,0.036960419267416,0.09264665842056274,0.181911438703537,-0.07745335251092911,-0.16722455620765686,-0.07341276854276657,0.40171903371810913,-0.3778096139431,0.04380353167653084,-0.2374197244644165,0.21640805900096893,-0.46224942803382874,0.10180385410785675,0.07665321230888367,-0.07475487887859344,-0.056779276579618454,0.2642694115638733,0.04570081830024719,-0.583026647567749,-0.02612001821398735,0.2432873547077179,0.10419837385416031,0.15335412323474884,-0.10435690730810165,0.18518975377082825,-0.16098308563232422
CID000005734,1005,0.12120859324932098,-0.11727876961231232,0.04720131680369377,0.28112512826919556,-0.4863131642341614,0.08935809135437012,0.3240446150302887,0.318881094455719,-0.0816260576248169,0.2760469913482666,0.17491945624351501,0.12170562893152237,-0.08668078482151031,0.16387824714183807,-0.24101880192756653,-0.14082975685596466,-0.07657808065414429,-0.1033039465546608,0.1684182584285736,-0.40377292037010193,-0.003112210426479578,-0.17287929356098175,0.07087941467761993,-0.7522488236427307,0.21862740814685822,0.12466134876012802,-0.08178553730249405,0.011250823736190796,-0.03305691480636597,0.18030385673046112,0.09123352915048599,0.2043566256761551,0.13878870010375977,0.03579545393586159,0.027386892586946487,-0.12401311099529266,0.2739933133125305,0.06724701821804047,0.25884053111076355,-0.07351598888635635,-0.019395293667912483,-0.31239524483680725,0.20222163200378418,-0.16199196875095367,-0.18458348512649536,0.3749096989631653,0.11064920574426651,-0.05388781428337097,0.12298695743083954,0.09802283346652985,0.22079145908355713,0.13189569115638733,-0.23067490756511688,0.04782039672136307,0.07409773021936417,-0.12852054834365845,0.1165458932518959,0.16411443054676056,0.02820630930364132,0.022102652117609978,-0.30789655447006226,-0.2806244194507599,0.05988594889640808,0.0062642483972013,0.28194794058799744,0.39360862970352173,-0.26249009370803833,-0.10796970129013062,0.26094189286231995,0.11728458106517792,-0.0002778768539428711,-0.07724280655384064,-0.34559351205825806,-0.43302640318870544,-0.19588617980480194,0.06830508261919022,0.04167281463742256,0.09518030285835266,-0.008754982613027096,-0.09408238530158997,-0.008520377799868584,-0.6553679704666138,-0.29026591777801514,0.18613632023334503,0.15093360841274261,-0.1176113709807396,0.11358443647623062,0.1552921086549759,-0.08731302618980408,-0.6207307577133179,-0.08382754772901535,0.15766087174415588,-0.006451641209423542,0.02075241506099701,0.07040629535913467,-0.1824062168598175,-0.2412981539964676,-0.10219862312078476,-0.2530634105205536,0.012262040749192238,-0.23556022346019745,0.07017979025840759,0.002302297856658697,0.36841243505477905,0.1728079617023468,-0.02653580904006958,-0.18985052406787872,0.10906233638525009,0.41380125284194946,-0.20934832096099854,-0.03752502053976059,0.1285378634929657,-0.06503818929195404,-0.05594685673713684,0.039709631353616714,0.1530269831418991,-0.004790044389665127,-0.03568270429968834,-0.0833737924695015,0.23300471901893616,0.5786784887313843,-0.12370224297046661,0.22301363945007324,0.16914059221744537,0.03902000933885574,0.1964147388935089,-0.042373862117528915,0.02403966709971428,0.2111264020204544,0.02676631137728691,0.2137901484966278,-0.467169851064682,-0.4502159655094147,0.10994824022054672,0.27586880326271057,-0.18651306629180908,-0.15968021750450134,0.30211398005485535,-0.12223096936941147,-0.2590602934360504,-0.2863890528678894,0.2282370626926422,0.10578962415456772,-0.11432130634784698,-0.016692783683538437,0.10288240760564804,-0.11957418918609619,0.2838861644268036,0.0009488478535786271,0.13526058197021484,0.14743033051490784,-0.1897580623626709,-0.1353401243686676,0.17321927845478058,-0.282850444316864,-0.10677646100521088,-0.08300801366567612,-0.07863815128803253,-0.009631608612835407,0.25142744183540344,-0.18886816501617432,0.052166104316711426,-0.01705942675471306,0.10018595308065414,-0.2012576162815094,-0.12812869250774384,-0.2652207911014557,0.1985832005739212,0.016668196767568588,0.2601301074028015,0.04727689176797867,-0.14510662853717804,-0.14847907423973083,-0.23819074034690857,0.08259480446577072,-0.022890491411089897,0.2325495481491089,-0.18580076098442078,0.29827651381492615,-0.075617715716362,0.2180921733379364,0.020544657483696938,-0.10480449348688126,-0.22052951157093048,0.010987048037350178,0.2534882724285126,-0.09068377315998077,-0.01283581554889679,-0.18469057977199554,-0.29597216844558716,-0.050006479024887085,0.0273261871188879,0.3492456078529358,0.1500767171382904,0.13668490946292877,-0.14279505610466003,0.053687214851379395,-0.005785441491752863,0.11423436552286148,0.01755191758275032,0.17790885269641876,-0.4143401086330414,0.039974395185709,-0.2476387321949005,-0.07644157856702805,-0.1813870370388031,-0.1815011203289032,0.06913962215185165,-0.055256910622119904,0.30078697204589844,0.3348606824874878,0.2850326895713806,0.3354053199291229,0.22740419209003448,0.07090277224779129,-0.030286390334367752,-0.19184325635433197,0.12687954306602478,0.06914961338043213,-0.008737769909203053,0.03129968047142029,-0.1613941490650177,0.0058429245837032795,-0.10743214190006256,-0.08735986799001694,-0.14709612727165222,0.15413933992385864,-0.06271456182003021,-0.05266596004366875,-0.019342292100191116,-0.06308888643980026,-0.1503387987613678,0.2065185308456421,-0.042596228420734406,-0.16220685839653015,-0.04453671723604202,0.2826213836669922,-0.3902081549167633,0.07981309294700623,-0.10544633865356445,0.1151125580072403,-0.33378082513809204,0.12557780742645264,0.3528120517730713,0.01883288286626339,-0.08011969178915024,0.02555140294134617,0.03420918807387352,-0.5992844700813293,-0.11778700351715088,0.27317845821380615,-0.3943067491054535,0.0203133225440979,-0.3276042342185974,0.009028727188706398,0.09092980623245239
CID000002274,1025,0.39813345670700073,0.0200435109436512,0.06949691474437714,0.4622403681278229,-0.6942572593688965,0.0653279647231102,0.2399885356426239,0.31638002395629883,0.21639926731586456,0.6148039102554321,-0.010852050967514515,-0.2361963987350464,-0.015485393814742565,0.314563512802124,0.03228197619318962,0.14273937046527863,-0.05299503356218338,-0.19971509277820587,0.3307431936264038,-0.4050125181674957,0.0402180552482605,-0.09413543343544006,0.2324642688035965,-0.9112610816955566,0.12129554897546768,-0.07094419747591019,-0.3751235902309418,-0.03326381370425224,0.2515830099582672,0.4426596164703369,0.18849924206733704,0.22229142487049103,0.19330570101737976,0.12278382480144501,0.18232981860637665,0.043312717229127884,0.19191034138202667,0.39353930950164795,0.39873430132865906,0.08352114260196686,-0.2802826762199402,0.15278634428977966,0.319722056388855,-0.05237746983766556,0.08286528289318085,0.15018101036548615,-0.0020771860145032406,-0.12539072334766388,0.09510684013366699,0.7519821524620056,0.6189993619918823,0.1630437672138214,0.012253552675247192,-0.11622966825962067,-0.09293093532323837,0.07627584040164948,0.5120580196380615,-0.0461549386382103,0.6515295505523682,-0.014017519541084766,-0.11451905965805054,-0.36995458602905273,-0.16386041045188904,-0.3366149663925171,0.17070266604423523,0.6739500761032104,0.04765316843986511,-0.01890065334737301,0.15558300912380219,-0.031760185956954956,0.009950178675353527,0.09944603592157364,-0.058522842824459076,-0.48042768239974976,0.11973942816257477,0.4871963858604431,0.16814659535884857,-0.3260495364665985,-0.27093982696533203,0.028316384181380272,0.005728684365749359,-0.369174063205719,-0.37564897537231445,-0.192904531955719,-0.009696957655251026,-0.2245928943157196,0.37398260831832886,0.04128538817167282,0.011763909831643105,-0.7127406001091003,-0.051996685564517975,0.45273518562316895,0.02623007819056511,0.04265143722295761,0.036281026899814606,-0.3601170480251312,-0.019639115780591965,-0.3656071126461029,0.05913988873362541,0.23922784626483917,0.266999214887619,0.1266179382801056,0.08149449527263641,0.0955747738480568,-0.600468099117279,0.0560348741710186,0.0715845450758934,-0.12352780997753143,0.32792335748672485,-0.10252529382705688,-0.14970748126506805,0.4995310306549072,0.061221230775117874,-0.34532254934310913,-0.20640695095062256,0.2612393796443939,-0.36269694566726685,0.059314750134944916,0.1342742145061493,-0.20253844559192657,0.7936955690383911,-0.2008780539035797,-0.045306093990802765,0.3034225106239319,-0.10654740035533905,0.36083975434303284,0.10971768200397491,-0.09264403581619263,0.01942973956465721,0.12503603100776672,-0.06503347307443619,-0.8476977348327637,-0.7143928408622742,0.34781602025032043,0.4135642647743225,0.1072482094168663,0.28672099113464355,0.3163437247276306,0.12450423091650009,-0.10745152086019516,-0.28810247778892517,0.4905206263065338,-0.002691024448722601,0.25261998176574707,-0.00022754669771529734,0.09682077914476395,-0.48366937041282654,0.786754846572876,0.019016433507204056,0.24237103760242462,0.3403717875480652,-0.7774202823638916,-0.2018301784992218,0.19445577263832092,-0.27878960967063904,-0.17200104892253876,-0.0874130129814148,-0.40731897950172424,-0.056466810405254364,0.07807255536317825,0.010474706068634987,0.045132290571928024,0.0027439831756055355,-0.017938589677214622,-0.35729700326919556,0.15006324648857117,0.312212735414505,0.4204787313938141,-0.3638021945953369,-0.012641293928027153,0.27266818284988403,-0.0568111352622509,-0.06363403052091599,-0.03492773696780205,0.02764080837368965,-0.03271295502781868,-0.03547648712992668,0.1473318636417389,0.7593535780906677,-0.20049819350242615,-0.30033499002456665,-0.07092210650444031,-0.061658717691898346,0.025727152824401855,-0.11108575016260147,-0.019909802824258804,-0.10015809535980225,-0.017243962734937668,0.10593712329864502,-0.4354020655155182,0.0023107111919671297,0.18111678957939148,-0.02764955163002014,-0.20889036357402802,0.06965523958206177,-0.09020151197910309,0.23351097106933594,-0.05751302093267441,0.01770828291773796,-0.2424335479736328,-0.3971269726753235,-0.28853368759155273,0.8717610239982605,-0.5599482655525208,-0.175881490111351,0.11674682796001434,-0.17147432267665863,-0.04059069603681564,0.5681204795837402,0.5171688795089722,0.4477580487728119,0.19563034176826477,0.014216108247637749,0.33818694949150085,-0.10765713453292847,-0.2280658781528473,0.0921199694275856,0.3841296434402466,-0.32487785816192627,-0.13624654710292816,0.009763037785887718,-0.2078637331724167,0.08712637424468994,-0.28748470544815063,-0.09531626105308533,-0.3107902407646179,0.0873115211725235,1.6161799067049287e-05,0.09579573571681976,0.1292635202407837,0.06500694155693054,0.27276700735092163,-0.3742544651031494,0.26722437143325806,-0.10792571306228638,0.12943360209465027,1.0823657512664795,-0.6700902581214905,-0.1630192995071411,-0.5579664707183838,0.07424808293581009,-0.4815751910209656,-0.24743983149528503,0.10452095419168472,-0.2890920042991638,0.050641514360904694,0.006816971115767956,0.2085222452878952,-0.7941681742668152,-0.14934219419956207,-0.07947447896003723,-0.27898138761520386,0.016443539410829544,-0.2760826349258423,0.21698805689811707,-0.014592111110687256
CID000004834,1036,0.8830558061599731,-0.1905933916568756,0.32347050309181213,0.3239499032497406,-0.520300030708313,0.2283402383327484,-0.008071726188063622,0.14690783619880676,-0.058367401361465454,0.19061653316020966,0.14133910834789276,-0.04076741263270378,0.010312890633940697,0.010049005970358849,-0.24800758063793182,0.09569896012544632,-0.10063616186380386,-0.3733218312263489,0.012728678993880749,-0.43161287903785706,0.3651028573513031,-0.10650531947612762,0.0387885645031929,-0.745529055595398,0.2750248312950134,0.07837261259555817,-0.19736282527446747,0.3256163001060486,0.13491129875183105,0.05999501794576645,0.01048673689365387,0.1749330759048462,0.09212739020586014,0.1742004156112671,0.0835428237915039,-0.01297344546765089,0.060766786336898804,0.17701244354248047,-0.7390432953834534,-0.46309781074523926,0.4804627299308777,-0.2543160021305084,0.39254289865493774,0.08003316819667816,-0.06398335844278336,0.1894310563802719,-0.05648871138691902,-0.04659605398774147,0.13841161131858826,0.8285626173019409,0.5608416199684143,-0.04124903306365013,-0.13099224865436554,0.23753824830055237,-0.04704759642481804,-0.20779454708099365,0.38797035813331604,0.08534710109233856,0.5503741502761841,0.12342504411935806,-0.2641093134880066,-0.2123754769563675,-0.05549737066030502,0.002263584639877081,-0.06693580001592636,0.7934874296188354,-0.3174901306629181,0.15447568893432617,-0.07456649094820023,-0.07423137128353119,0.11689311265945435,-0.1019049659371376,-0.39902257919311523,-0.535765528678894,-0.030222009867429733,1.3343183994293213,0.020056989043951035,-0.4535960555076599,0.2638877332210541,-0.15862897038459778,-0.05622033029794693,-0.41792696714401245,-0.39435750246047974,-0.11731956154108047,0.01873975433409214,-0.1832769811153412,0.09860813617706299,-0.11338897049427032,-0.09025873988866806,-1.340697169303894,0.0371079221367836,0.7969101071357727,-0.6158576607704163,0.3657918870449066,0.061920128762722015,-0.49370986223220825,-0.17905807495117188,0.1385156512260437,-0.13912023603916168,0.569591224193573,0.23688927292823792,0.03776825964450836,-0.08606833219528198,0.24694852530956268,-0.5538910031318665,0.004392980132251978,-0.01913737691938877,0.1211884468793869,0.27094000577926636,0.01547594927251339,-0.05736897140741348,0.12828560173511505,-0.20361466705799103,-0.3236091732978821,-0.2186160832643509,0.21111555397510529,-0.6274129748344421,0.04460335895419121,-0.059468824416399,0.19487115740776062,1.1178587675094604,-0.5725350379943848,0.13763029873371124,-0.4734856188297272,-0.08204595744609833,0.2253936231136322,-0.007066857069730759,0.2640170454978943,-0.0959767997264862,0.15023423731327057,0.29008230566978455,-0.815822422504425,-0.4374317228794098,0.16881489753723145,-0.058579277247190475,0.14864706993103027,-0.08100965619087219,0.36135703325271606,-0.1700294315814972,-0.7926911115646362,-0.4664699137210846,0.03856540098786354,0.17222623527050018,0.03325183689594269,0.018212642520666122,-0.10507069528102875,-0.1682363897562027,0.8896570205688477,-0.11640596389770508,0.06998023390769958,-0.05082421749830246,-0.6151216626167297,-0.0720987468957901,0.15286312997341156,-0.4170199930667877,0.10626872628927231,0.4153781533241272,-0.06335049867630005,0.10620895773172379,0.35404929518699646,0.0007756620761938393,-0.05695890262722969,-0.07347375899553299,-0.3010440468788147,-0.12257327884435654,-0.2065371721982956,-0.5462648868560791,-0.09992919862270355,0.6180471181869507,0.24492867290973663,0.3699495494365692,0.09777454286813736,-0.20165956020355225,-0.25348764657974243,0.14352302253246307,-0.14082536101341248,-0.0344092883169651,0.10655979812145233,0.9793655276298523,-0.02434118464589119,0.010908866301178932,0.24640560150146484,0.002537888241931796,-0.17210054397583008,0.19025267660617828,0.1600905954837799,-0.39357617497444153,-0.08930696547031403,0.1085737943649292,-0.33002620935440063,-0.0649375170469284,0.09032819420099258,-0.08539111912250519,-0.1770489364862442,0.19879098236560822,0.01530225295573473,-0.17227569222450256,0.07820706814527512,0.07738153636455536,0.07105478644371033,-0.0015707009006291628,-0.43195587396621704,1.1717069149017334,-0.050720710307359695,-0.014224320650100708,0.44021812081336975,-0.0013652354246005416,0.22068147361278534,1.1413859128952026,0.4552142024040222,0.47802630066871643,-0.13167878985404968,-0.2969396114349365,0.10730084031820297,-0.1015361100435257,-0.8869026899337769,0.041915860027074814,-0.011233202181756496,-0.10770170390605927,0.12389829009771347,-0.4469492435455322,-0.27362364530563354,0.15258781611919403,-0.49833744764328003,-0.2050902396440506,0.12181089073419571,-0.023360174149274826,-0.12438555806875229,0.1125849112868309,-0.4412531852722168,-0.18561884760856628,0.438825786113739,-0.17474357783794403,0.0821591466665268,-0.11754201352596283,0.13412274420261383,1.059183955192566,-0.5422492623329163,-0.04566856473684311,-0.10063840448856354,0.3464820683002472,-0.7149175405502319,-0.11055172979831696,0.26847702264785767,-0.6708484292030334,0.010235339403152466,0.19528965651988983,-0.1323014795780182,-0.5967857837677002,-0.10446067899465561,0.16763290762901306,0.171925887465477,0.201622873544693,-0.5758715867996216,0.08948034793138504,-0.17166391015052795
CID000002712,1043,0.06232898682355881,-0.09232832491397858,-0.03327382728457451,0.4177151322364807,-0.2636409103870392,0.06371671706438065,0.15962743759155273,0.24941179156303406,-0.0521436408162117,0.17716439068317413,0.2511942982673645,0.20204289257526398,0.09763078391551971,0.11325296014547348,-0.14271782338619232,-0.045424684882164,-0.2243655025959015,-0.20099225640296936,0.22816261649131775,-0.62349534034729,0.08645029366016388,-0.3240663409233093,-0.12906691431999207,-0.9333114624023438,-0.1191508024930954,0.17314231395721436,-0.08602447807788849,0.014799334108829498,-0.06274297833442688,0.14867505431175232,0.16960832476615906,0.12385912984609604,-0.1373843401670456,0.2089129388332367,-0.013044184073805809,-0.1999082714319229,0.04671551287174225,0.16650035977363586,0.03844708204269409,-0.1290961354970932,-0.1066034659743309,-0.20414380729198456,0.13893529772758484,-0.19279053807258606,-0.1230345144867897,0.27426087856292725,0.041777871549129486,0.00862088892608881,-0.020005306228995323,-0.030436331406235695,0.25097760558128357,-0.15854911506175995,-0.14034129679203033,-0.028766006231307983,0.08184689283370972,-0.09009303152561188,0.05985351651906967,0.1571260690689087,0.08977904915809631,0.12840300798416138,-0.1862390786409378,-0.342418372631073,0.14254765212535858,-0.008103352040052414,0.24535298347473145,0.42477720975875854,-0.13060522079467773,-0.08183620870113373,0.01986423134803772,0.09837021678686142,0.08925803750753403,0.24158823490142822,-0.25178736448287964,-0.39147213101387024,-0.22930797934532166,0.005821126513183117,-0.12287046760320663,0.26327812671661377,0.03777085989713669,-0.11101312935352325,0.19719746708869934,-0.4189094603061676,-0.2153560221195221,-0.01504612248390913,0.02508355677127838,-0.12975561618804932,0.20733535289764404,0.032055195420980453,0.02313721552491188,-0.6528657674789429,-0.02616635523736477,0.2977626621723175,-0.11834796518087387,0.14433583617210388,-0.08611705899238586,-0.2830650210380554,-0.07613133639097214,0.07001711428165436,-0.11070136725902557,0.14124923944473267,-0.19884946942329407,-0.007344482932239771,-0.11638589203357697,0.2646738886833191,0.10892846435308456,0.14918315410614014,-0.15631386637687683,0.337330162525177,0.5183911323547363,-0.18054500222206116,-0.03229738399386406,0.17130251228809357,-0.200701043009758,-0.02252165973186493,0.2733522951602936,0.2442305088043213,-0.05060828849673271,0.1545209437608719,-0.12531079351902008,0.17268319427967072,0.5968104600906372,-0.18600638210773468,0.22294048964977264,0.2317354381084442,-0.1907651126384735,0.015897925943136215,0.09655819833278656,0.22924919426441193,0.3538515567779541,0.09875304996967316,0.039778273552656174,-0.4158214032649994,-0.3237042725086212,0.017362724989652634,0.1879138946533203,-0.0015484936302527785,-0.10081055015325546,0.21913933753967285,-0.29367339611053467,-0.26894402503967285,-0.2266780585050583,0.048450570553541183,-0.05849773436784744,-0.14165683090686798,0.10355047881603241,0.31931599974632263,-0.3037528097629547,0.35470882058143616,0.014321205206215382,0.2483833134174347,-0.11471404135227203,-0.1410163938999176,0.022359024733304977,0.34699979424476624,-0.19021901488304138,-0.0906086415052414,-0.06492553651332855,-0.17373095452785492,-0.19747187197208405,0.20944532752037048,0.13892066478729248,-0.13929741084575653,-0.06660890579223633,-0.021189022809267044,-0.12545894086360931,-0.15546107292175293,-0.14742061495780945,0.13213713467121124,-0.11127837002277374,0.13105855882167816,0.003563773585483432,-0.15204544365406036,-0.11581230163574219,-0.26188531517982483,0.0937146246433258,-0.21646496653556824,0.1262938678264618,-0.24829788506031036,0.2858702540397644,0.08708862960338593,0.09701745212078094,-0.001856967806816101,-0.1565473973751068,-0.09080670773983002,0.07995039224624634,0.22620172798633575,-0.23987977206707,-0.18787150084972382,-0.053445540368556976,-0.374830424785614,-0.19620029628276825,-0.010887769050896168,0.17762413620948792,0.12876659631729126,0.1253136545419693,-0.11449404060840607,0.03509681671857834,0.04658447951078415,0.18414688110351562,-0.26427197456359863,0.06797181069850922,-0.2933058738708496,-0.029970252886414528,-0.503474771976471,0.15537507832050323,-0.31496137380599976,-0.04792495444417,-0.04177207872271538,0.007235825061798096,0.43512898683547974,0.3171813488006592,0.11169425398111343,0.35542160272598267,0.092776820063591,-0.02179281786084175,-0.03744453936815262,-0.04429565742611885,0.13792146742343903,0.1823095977306366,-0.10155681520700455,-0.18051297962665558,-0.22467347979545593,-0.15760686993598938,-0.217493936419487,-0.06735270470380783,-0.011874968186020851,0.021835803985595703,-0.03979169577360153,-0.06863196194171906,-0.1699535846710205,0.03979337960481644,0.015531870536506176,0.16873547434806824,-0.059014178812503815,-0.23452815413475037,-0.26398059725761414,0.26291173696517944,-0.447230726480484,0.13810834288597107,-0.19688284397125244,0.21818116307258606,-0.5288347005844116,0.3227407932281494,0.1975221037864685,-0.061011988669633865,-0.1324009746313095,0.20448458194732666,0.14865732192993164,-0.621703028678894,-0.09670025110244751,0.33547523617744446,-0.07332290709018707,0.24482639133930206,-0.16657134890556335,0.18002569675445557,-0.16281640529632568
CID000054547,1046,0.7239202260971069,-0.08818817138671875,0.046594806015491486,0.2810281217098236,-0.7400659322738647,0.08949306607246399,0.2884743809700012,0.30922946333885193,0.05480685830116272,0.6304378509521484,0.08193204551935196,-0.20944266021251678,0.06555657833814621,0.4007629454135895,0.07084517925977707,0.05640082433819771,-0.11891903728246689,-0.39680245518684387,0.2638135552406311,-0.4037320017814636,0.07587268948554993,-0.09334217756986618,-0.06782492250204086,-1.0045344829559326,0.14177799224853516,-0.1286318302154541,-0.3759399354457855,-0.07368054986000061,0.21254763007164001,0.40198391675949097,0.07532621920108795,0.22557492554187775,0.11130746454000473,0.1334100216627121,0.06177244707942009,0.02098662219941616,0.03482683748006821,0.4349283277988434,0.2903222143650055,0.3043282628059387,-0.14145831763744354,0.01952732726931572,0.251284658908844,-0.12550953030586243,-0.05876145511865616,0.020056020468473434,0.025930136442184448,-0.09571851789951324,-0.06533926725387573,1.063513994216919,0.5479003190994263,0.13195116817951202,0.1424805223941803,-0.10977719724178314,-0.058268286287784576,0.012380963191390038,0.6429010629653931,0.08034839481115341,0.7727545499801636,-0.020031537860631943,-0.10694985091686249,-0.4218290448188782,-0.06367357075214386,-0.37162667512893677,0.1327943205833435,0.7458940744400024,0.16558651626110077,-0.09613209217786789,0.2824840843677521,0.09898501634597778,0.08189631998538971,0.022271957248449326,-0.11089332401752472,-0.5471634268760681,0.1426861733198166,0.5838021636009216,0.08052025735378265,-0.4426863193511963,-0.13396261632442474,-0.012744052335619926,-0.0972016304731369,-0.5161402225494385,-0.4338332712650299,-0.19779355823993683,-0.21804583072662354,-0.41935038566589355,0.41242751479148865,-0.11374638229608536,-0.21257583796977997,-0.9350473284721375,-0.003930012695491314,0.6510675549507141,-0.06993134319782257,0.19380268454551697,0.2219923436641693,-0.47183656692504883,-0.07011923938989639,-0.07684464752674103,0.06709407269954681,0.43313559889793396,0.06815420091152191,0.18365542590618134,0.10023863613605499,0.15356853604316711,-0.7813634872436523,-0.003460407257080078,0.21962110698223114,-0.04408148676156998,0.32452133297920227,-0.08669787645339966,-0.094039186835289,0.44627779722213745,-0.001491034054197371,-0.36730244755744934,-0.1322607696056366,0.2061786949634552,-0.5337742567062378,-0.1774705946445465,-0.030498003587126732,-0.33464300632476807,0.832493782043457,-0.24380607903003693,-0.05498970299959183,0.3610365688800812,-0.03342840075492859,0.10981658846139908,0.048718538135290146,-0.11416596174240112,-0.07440044730901718,0.14785198867321014,-0.11177277565002441,-0.8031471967697144,-0.7011945843696594,0.32716941833496094,0.14697663486003876,-0.08001705259084702,0.05035146325826645,0.47213688492774963,0.14181038737297058,-0.36668479442596436,-0.3203778862953186,0.41871342062950134,-0.11660271883010864,0.045221030712127686,-0.08946780115365982,0.12307047843933105,-0.4549226760864258,0.9060181379318237,-0.15116003155708313,0.1263284832239151,0.08448610454797745,-0.6610041856765747,-0.17431247234344482,0.24733158946037292,-0.3227205276489258,-0.35020583868026733,-0.052900172770023346,-0.21979808807373047,-0.2087465524673462,0.1580560952425003,-0.04004048556089401,-0.07854171097278595,0.05071675777435303,-0.0557771734893322,-0.21205516159534454,0.2209537923336029,0.23294679820537567,0.4395539164543152,-0.3316068649291992,-0.07250891625881195,0.277188777923584,-0.1040995717048645,-0.05369566008448601,0.02591642737388611,-0.04098377376794815,0.009839363396167755,-0.12479408085346222,0.12022034078836441,0.7419050335884094,-0.17817117273807526,-0.2032710760831833,-0.21327157318592072,-0.15556880831718445,-0.11770105361938477,-0.19136755168437958,0.08891191333532333,-0.22667241096496582,-0.02285901829600334,0.11230605840682983,-0.4647026062011719,-0.23271040618419647,0.1266804337501526,0.08278950303792953,-0.17621037364006042,-0.009006903506815434,-0.13653013110160828,0.36988675594329834,-0.1166859120130539,-0.021926479414105415,-0.048106588423252106,-0.3896820545196533,-0.3922502398490906,1.325299859046936,-0.7336267232894897,-0.08245660364627838,0.2247306853532791,-0.05567440390586853,-0.14259549975395203,0.8156229257583618,0.35721346735954285,0.5090718269348145,0.13699734210968018,-0.11843602359294891,0.512886643409729,-0.15225142240524292,-0.39252597093582153,-0.0357070192694664,0.25624340772628784,-0.22704260051250458,-0.17510822415351868,-0.014199694618582726,-0.3043098747730255,0.13083955645561218,-0.47601619362831116,-0.24869780242443085,0.03675990551710129,0.019485991448163986,0.034580715000629425,0.12369875609874725,0.20762231945991516,0.02024301327764988,0.29366761445999146,-0.35460537672042847,0.30366072058677673,0.09878458827733994,0.02909938618540764,1.0439211130142212,-0.711218535900116,-0.26737651228904724,-0.4878377318382263,0.15847556293010712,-0.5744357109069824,0.01000200305134058,0.1093825101852417,-0.6168501377105713,0.13115349411964417,-0.02960604429244995,0.5399609804153442,-0.7514312863349915,-0.11198017746210098,0.042571913450956345,-0.37286677956581116,0.020086849108338356,-0.0940416008234024,0.11237674951553345,-0.025276577100157738
CID000041774,1053,0.1882016509771347,0.1896783411502838,-0.0007618650561198592,0.614456295967102,-0.7341551184654236,0.22447554767131805,0.02524912916123867,0.04865962266921997,0.11748857796192169,0.4206327497959137,0.1275756061077118,-0.17434155941009521,-0.13472869992256165,0.37366119027137756,-0.010449809022247791,-0.22395451366901398,-0.24761466681957245,-0.10648705065250397,0.1847599893808365,-0.5398736596107483,0.271636039018631,-0.07280462235212326,0.056113362312316895,-0.723614513874054,-0.3618850111961365,-0.22408024966716766,-0.25046223402023315,-0.06720955669879913,0.018137680366635323,-0.0193479061126709,-0.1717878133058548,0.0092451898381114,0.18427684903144836,-0.030475374311208725,-0.11298029124736786,-0.013344687409698963,-0.14848574995994568,0.3434326648712158,0.08907721936702728,-0.08615810424089432,-0.12390699237585068,0.02421742118895054,0.14229348301887512,-0.1052871122956276,-0.15862271189689636,0.2851213812828064,-0.13340069353580475,0.011668751016259193,0.07101691514253616,0.16751405596733093,0.5573112368583679,-0.17964431643486023,-0.20353074371814728,0.1098373755812645,0.06465858966112137,-0.176897332072258,0.30594298243522644,0.10065381228923798,0.4781983494758606,0.03598129376769066,-0.07856972515583038,-0.4512708783149719,-0.27423280477523804,-0.09161178022623062,-0.15654084086418152,0.6600597500801086,-0.4426364004611969,0.1876389980316162,0.08715997636318207,-0.037053827196359634,0.15969149768352509,-0.24866382777690887,-0.12307071685791016,-0.5255743265151978,-0.004842034075409174,0.3015579283237457,-0.18417833745479584,-0.2827203571796417,-0.3325282335281372,-0.11951196193695068,-0.24045638740062714,-0.534652590751648,-0.2774659991264343,0.2321607619524002,-0.06873946636915207,-0.4449540674686432,-0.15981563925743103,-0.1706313043832779,0.09006423503160477,-0.7416132688522339,0.09846142679452896,0.12706157565116882,0.1783529818058014,0.14883288741111755,-0.13654711842536926,-0.2510036528110504,0.010978400707244873,0.07793905586004257,0.2653225362300873,0.0557762086391449,-0.045865170657634735,0.09499043226242065,0.023378783836960793,0.2020595818758011,-0.31160715222358704,0.016249535605311394,-0.011677336879074574,-0.13426314294338226,0.32820022106170654,0.08317147195339203,-0.1654120236635208,0.37736642360687256,0.19290509819984436,-0.6788302659988403,-0.30119651556015015,0.028973137959837914,-0.04343413561582565,-0.15583911538124084,-0.006421367172151804,0.0707816332578659,0.933452308177948,-0.190206378698349,0.016816187649965286,0.0581616573035717,-0.006873214151710272,0.4469253420829773,-0.037652380764484406,-0.6074072122573853,0.03169525787234306,-0.02181539125740528,0.11570660769939423,-0.6799219846725464,-0.6854382753372192,0.13924846053123474,0.20235176384449005,0.07458274066448212,0.040635205805301666,0.48358267545700073,-0.1267334520816803,-0.10236773639917374,0.12279792129993439,0.38574832677841187,0.06257914006710052,-0.22945627570152283,0.2545481324195862,0.08685828000307083,-0.23259547352790833,0.7285979986190796,-0.2008461207151413,-0.08570980280637741,0.01002898532897234,-0.6586390733718872,0.3981102705001831,0.03862529620528221,-0.16670671105384827,0.059908073395490646,0.1785857230424881,-0.05446832254528999,0.06102331727743149,0.0644334927201271,-0.11508798599243164,0.050742052495479584,-0.09929971396923065,0.11594698578119278,0.11871527135372162,0.08311640471220016,0.31684714555740356,-0.03373497724533081,-0.15128016471862793,-0.015663469210267067,0.07244823127985,0.07535941153764725,-0.15632405877113342,-0.10861388593912125,-0.012557551264762878,0.07835419476032257,-0.037462905049324036,-0.025410979986190796,0.70293128490448,0.07438045740127563,-0.0926937684416771,0.21985900402069092,-0.1422589123249054,-0.10597901046276093,-0.01093562226742506,0.07660861313343048,-0.046558525413274765,-0.16660034656524658,0.12427446991205215,-0.30878546833992004,0.21031241118907928,0.07703671604394913,-0.11985393613576889,-0.12438833713531494,0.33470040559768677,0.24517329037189484,-0.15761177241802216,-0.02874881587922573,-0.1025308221578598,0.3268342614173889,-0.18638268113136292,-0.45169931650161743,0.030455823987722397,-0.0020545125007629395,0.029034465551376343,0.24558821320533752,-0.2481704205274582,0.21038997173309326,0.7328776717185974,0.47505077719688416,0.32241591811180115,0.2070157527923584,-0.00900394469499588,0.33448344469070435,-0.14816296100616455,-0.11749079078435898,-0.09075035154819489,0.26927170157432556,0.19931373000144958,0.36401158571243286,-0.24474969506263733,-0.25478798151016235,-0.33687669038772583,-0.11821959167718887,-0.09961739927530289,-0.015657225623726845,-0.2446899116039276,-0.14821495115756989,-0.11220116913318634,0.2548286020755768,0.10908583551645279,0.23079809546470642,-0.15989312529563904,-0.054740775376558304,0.11732522398233414,0.17766517400741577,0.8876931071281433,-0.3268858790397644,0.006257426925003529,-0.2815401256084442,-0.19754156470298767,-0.23688633739948273,-0.16087332367897034,0.22539620101451874,-0.14208196103572845,0.013410715386271477,0.10745960474014282,-0.02839752659201622,-0.935178279876709,-0.304912269115448,0.11706121265888214,-0.1922113001346588,-0.11148877441883087,-0.3293312191963196,0.046204593032598495,0.5706906914710999
CID000005721,1056,0.15987566113471985,0.19446977972984314,-0.11253952980041504,0.5442744493484497,-0.378144234418869,0.03343173488974571,-0.02937919832766056,0.1807558834552765,-0.16281510889530182,0.20480450987815857,-0.0032049654982984066,-0.14818044006824493,-0.04052172973752022,0.22320902347564697,-0.2408730536699295,0.0035270999651402235,-0.08736767619848251,-0.2246129959821701,0.044316042214632034,-0.4662354588508606,0.15979894995689392,-0.36148467659950256,-0.315641850233078,-0.8006472587585449,-0.038294121623039246,0.028065640479326248,-0.08009912818670273,-0.2751641869544983,-0.03289761394262314,-0.013674167916178703,0.018986931070685387,0.2968008816242218,0.10678158700466156,-0.15225622057914734,-0.09470620006322861,0.21126124262809753,0.068748340010643,0.2531871199607849,0.2037038803100586,-0.09797640889883041,0.030805999413132668,0.09245586395263672,-0.04334923252463341,0.07521962374448776,-0.21802258491516113,0.20386572182178497,-0.03828424587845802,0.004386969842016697,0.39536619186401367,0.10598188638687134,0.454693078994751,-0.22769315540790558,-0.2607692778110504,-0.10780835151672363,-0.036205023527145386,-0.13964371383190155,0.2109425812959671,0.10311106592416763,0.16905896365642548,-0.06827004253864288,-0.152440145611763,-0.34920912981033325,-0.07386918365955353,-0.288679838180542,0.14469631016254425,0.37211328744888306,-0.1476127803325653,-0.0651845932006836,0.11508379131555557,0.06538110226392746,0.15802912414073944,-0.12047971785068512,-0.23551802337169647,-0.32025161385536194,-0.0796421617269516,-0.08564214408397675,0.029175836592912674,-0.0842696875333786,-0.3847309350967407,0.03379111364483833,-0.03168473392724991,-0.32413381338119507,-0.2421410083770752,0.09276726841926575,0.096565380692482,-0.25390076637268066,0.0032745911739766598,-0.07468710839748383,0.1825849413871765,-0.7653929591178894,-0.18653330206871033,0.11802200973033905,0.04864820837974548,0.07052433490753174,-0.4638850688934326,-0.2893039286136627,-0.09855163097381592,-0.3777673542499542,0.4151996672153473,0.20444686710834503,-0.06198432296514511,0.10791938006877899,-0.018078088760375977,0.1548183262348175,0.03443978354334831,0.2530790865421295,0.24306896328926086,0.05241058021783829,0.38801082968711853,0.008870968595147133,-0.078950896859169,0.2374803125858307,-0.2042570561170578,-0.19191527366638184,-0.14408910274505615,0.271355539560318,-0.43162697553634644,0.04540446773171425,-0.2505417466163635,0.3577186167240143,0.7999985218048096,-0.11880850791931152,0.08548881858587265,0.2485980987548828,-0.21609005331993103,0.3095671832561493,-0.012024646624922752,0.2164067029953003,-0.004294489976018667,0.17884567379951477,-0.034843456000089645,-0.5822533369064331,-0.3856499195098877,-0.0713067501783371,0.19905510544776917,0.07264937460422516,-0.11851885169744492,0.3495424687862396,-0.2450278252363205,-0.0529867485165596,-0.08834042400121689,0.22712472081184387,0.2175796777009964,-0.25121843814849854,-0.1187872439622879,0.002638295292854309,-0.10218439251184464,0.5569750070571899,0.06423792988061905,0.35035985708236694,-0.17144998908042908,-0.5389613509178162,-0.10490499436855316,0.14294551312923431,-0.13625694811344147,-0.16835521161556244,-0.027653034776449203,0.16536569595336914,0.13585755228996277,0.28371790051460266,-0.03887230157852173,0.1575077325105667,-0.08391324430704117,0.20172946155071259,-0.15509286522865295,0.07355169951915741,-0.1569303721189499,-0.04623977467417717,0.06181815266609192,0.0678553432226181,0.057816702872514725,0.01059106457978487,-0.3772239089012146,-0.27487510442733765,0.22595541179180145,-0.12649936974048615,0.38663047552108765,-0.051135458052158356,0.6217963099479675,-0.03285899758338928,-0.036161743104457855,0.04007147625088692,-0.009017592296004295,-0.005379084497690201,0.013983776792883873,0.09617985785007477,-0.014072236604988575,0.10078267753124237,0.11618588119745255,-0.32679641246795654,0.00475203525274992,-0.019430037587881088,0.11631778627634048,-0.22555294632911682,0.1471613347530365,-0.06402933597564697,0.12673121690750122,0.06981112062931061,-0.11524435132741928,0.2612707018852234,-0.037685174494981766,-0.24371711909770966,-0.03784022852778435,-0.1983821839094162,0.0016675740480422974,0.07259675115346909,-0.029879942536354065,-0.09291903674602509,0.3871518671512604,0.47970300912857056,0.2096959352493286,0.1537422090768814,0.2168741524219513,0.10181550681591034,-0.1314823180437088,-0.06175089627504349,0.36049768328666687,0.1422823667526245,0.05959975719451904,-0.1168443113565445,-0.0988442599773407,-0.10577864944934845,-0.4817272126674652,-0.20035509765148163,-0.15657491981983185,-0.40078258514404297,-0.19402292370796204,-0.031998053193092346,0.007877005264163017,0.21851682662963867,-0.05249546840786934,-0.038076914846897125,0.14090502262115479,0.03403570130467415,0.12592656910419464,-0.32730913162231445,0.7170416116714478,-0.47277188301086426,0.13719984889030457,-0.21309120953083038,0.16049842536449432,-0.38723331689834595,-0.12165751308202744,0.26018834114074707,-0.33872175216674805,-0.31173235177993774,0.3139391839504242,0.09935328364372253,-0.7295607328414917,-0.18775241076946259,0.20287053287029266,0.06172491982579231,0.07395504415035248,-0.25949087738990784,0.018822146579623222,-0.011221596971154213
CID000003914,1074,-0.09568746387958527,0.046076975762844086,-0.049658264964818954,0.4684617519378662,-0.2876916825771332,0.08737385272979736,-0.008985960856080055,0.21063265204429626,0.3003026843070984,0.2836996912956238,0.021312033757567406,-0.10536372661590576,-0.0202720295637846,0.194883793592453,-0.15631616115570068,0.02980974316596985,-0.0783148780465126,-0.15251362323760986,0.23917868733406067,-0.7099176645278931,0.028932472690939903,-0.26087501645088196,-0.11804304271936417,-1.0040578842163086,-0.013114124536514282,0.17553529143333435,-0.3310297429561615,0.1627340316772461,-0.007372827734798193,0.1963234692811966,-0.3219694495201111,0.3009456992149353,0.12903691828250885,-0.12451200187206268,0.11509747803211212,0.2514335513114929,-0.01408848911523819,0.17515087127685547,0.022232646122574806,-0.08108226954936981,-0.03917062282562256,0.07448644936084747,0.2087358981370926,-0.3062954545021057,-0.1189454048871994,0.42208871245384216,0.036900926381349564,0.09594597667455673,0.0847526416182518,-0.07289059460163116,0.43206626176834106,0.15396307408809662,-0.2026302069425583,-0.2782366871833801,0.12201429903507233,-0.21879735589027405,-0.29776453971862793,0.015501558780670166,-0.048904456198215485,0.029714321717619896,-0.26503273844718933,-0.2699210047721863,0.0012944757472723722,-0.16473428905010223,0.17335832118988037,0.4386870861053467,0.011715233325958252,-0.049355100840330124,0.015217870473861694,0.13427039980888367,0.068934865295887,-0.14815585315227509,-0.43738842010498047,-0.23096206784248352,-0.08366783708333969,0.222762793302536,0.11067487299442291,0.1613321602344513,0.010862896218895912,-0.0896676778793335,0.5660840272903442,-0.32058238983154297,-0.34562334418296814,-0.36718645691871643,0.23065993189811707,-0.3398198187351227,0.36013054847717285,0.09746090322732925,-0.02239486388862133,-1.0695387125015259,0.018622461706399918,0.3071981370449066,0.0662291869521141,0.1722874939441681,0.22636981308460236,-0.32716935873031616,0.13107168674468994,-0.006425142288208008,0.10337195545434952,0.05770307034254074,-0.08905956894159317,0.5354839563369751,0.04034096747636795,0.343661904335022,-0.08415095508098602,0.07757797092199326,0.29791930317878723,-0.03783100098371506,0.6444993019104004,0.11291253566741943,-0.1259988248348236,0.31405752897262573,-0.013994661159813404,-0.17644751071929932,0.28481751680374146,0.20960268378257751,-0.4835693836212158,0.09640069305896759,-0.13727667927742004,0.3652932047843933,0.7984441518783569,-0.16123567521572113,0.21119694411754608,0.055524539202451706,0.1710314005613327,-0.15824341773986816,-0.021809689700603485,0.16290587186813354,0.2379811704158783,0.004814013838768005,-0.060787416994571686,-0.4983275830745697,-0.1016063466668129,0.0006145685911178589,0.21092817187309265,0.20916719734668732,0.2965835630893707,0.34392789006233215,0.04636349529027939,-0.3015371561050415,-0.24055452644824982,-0.028858140110969543,0.049230583012104034,-0.17576995491981506,-0.027828538790345192,0.22597496211528778,-0.3353957533836365,0.5392298698425293,0.022632574662566185,0.3146025836467743,-0.03685876727104187,-0.41763249039649963,0.06575970351696014,-0.11974911391735077,-0.3546147346496582,-0.10440754890441895,0.1364465355873108,-0.24152489006519318,0.2868574261665344,0.2680714726448059,0.047590743750333786,0.1494378298521042,0.005003234837204218,0.3400583565235138,0.21377107501029968,-0.14192503690719604,-0.2571437358856201,-0.103236123919487,0.07216110080480576,0.028019040822982788,0.0759090930223465,-0.15148258209228516,-0.3724561631679535,-0.5650750398635864,-0.011990919709205627,-0.006219886243343353,0.11836538463830948,0.0691145807504654,0.5982536673545837,-0.2585591971874237,0.1903890073299408,-0.20657506585121155,-0.11109477281570435,0.12810282409191132,0.7455949783325195,0.07135387510061264,-0.5638110041618347,0.12150333821773529,-0.09152966737747192,-0.3330458700656891,-0.03774012252688408,0.15671798586845398,0.006702474318444729,-0.0679573267698288,-0.14803029596805573,-0.024561280384659767,-0.009251266717910767,-0.4487744867801666,-0.0835387110710144,0.323713481426239,0.007279747631400824,-0.12521877884864807,0.27482643723487854,-0.17038658261299133,-0.0014722838532179594,-0.2980789840221405,-0.05721430853009224,0.2265949696302414,-0.02019467204809189,0.48845982551574707,0.38306674361228943,-0.28574079275131226,0.2389395534992218,0.19155287742614746,0.15486548840999603,-0.25796809792518616,0.08103837072849274,0.18499314785003662,0.11356042325496674,-0.11462365090847015,-0.06543286144733429,0.0006046950584277511,0.32502102851867676,-0.2987346053123474,0.1665971726179123,-0.0823594480752945,-0.02199685573577881,-0.48705190420150757,0.03027484379708767,0.2351595163345337,-0.02484874799847603,0.06291665881872177,0.13684137165546417,0.09129966050386429,0.2130769044160843,0.156289741396904,0.5741132497787476,-0.24512067437171936,0.11127902567386627,-0.2549659013748169,0.18260881304740906,-0.610505223274231,0.33649855852127075,0.15532107651233673,-0.5604486465454102,-0.2757377326488495,0.1545540988445282,-0.18333514034748077,-0.6900893449783325,-0.39001351594924927,0.10606701672077179,-0.02728169597685337,-0.11831216514110565,-0.06265188753604889,0.026470044627785683,0.2706436514854431
CID000002512,1080,0.1354532241821289,-0.01985299028456211,0.17890793085098267,0.8093339204788208,-0.33650121092796326,0.13412362337112427,0.08993516117334366,0.45044246315956116,0.15648776292800903,0.09225486218929291,-0.46456509828567505,0.06964200735092163,-0.2277543544769287,0.20451922714710236,-0.009472775273025036,0.127240851521492,0.060589779168367386,-0.1360628753900528,-0.01366356573998928,-0.5950842499732971,-0.13056890666484833,-0.2816649079322815,-0.1254085898399353,-1.001591444015503,0.20733442902565002,0.2952508330345154,0.12605784833431244,-0.04204859212040901,-0.040947772562503815,0.2564145028591156,-0.20359572768211365,0.1513761579990387,-0.452658474445343,0.04935614392161369,-0.10676570981740952,-0.17371369898319244,0.29202020168304443,0.18953275680541992,0.06993138790130615,-0.4340988099575043,-0.09052211046218872,-0.152690127491951,-0.05568458512425423,-0.24832463264465332,-0.13813911378383636,0.11215758323669434,0.08320336043834686,-0.04430120438337326,0.049917496740818024,0.07365638017654419,0.6489161252975464,-0.3945541977882385,0.040710099041461945,-0.08868539333343506,-0.05762157589197159,0.003255778457969427,0.32994741201400757,0.16864946484565735,0.5884863138198853,-0.014531892724335194,-0.4853602349758148,-0.35026150941848755,-0.26704174280166626,-0.20308081805706024,-0.22068782150745392,0.6995724439620972,-0.29056188464164734,0.049713585525751114,-0.12966454029083252,-0.2027842253446579,-0.4041732847690582,0.022121643647551537,-0.24896302819252014,-0.18554167449474335,-0.06041269749403,0.04295207932591438,0.15540333092212677,-0.05699126794934273,-0.1615271419286728,-0.22466202080249786,0.8243051767349243,-0.408625066280365,-0.36062413454055786,-0.20066313445568085,0.13916531205177307,-0.09678000956773758,0.13161557912826538,0.6280063390731812,-0.09289733320474625,-0.8897330164909363,0.2866235077381134,-0.053447287529706955,-0.10293614864349365,0.06105189770460129,0.1250317543745041,-0.5092228055000305,0.4151102602481842,0.01003417931497097,0.03893449530005455,0.021962318569421768,0.2489275485277176,-0.0798732116818428,0.08301814645528793,0.36470335721969604,-0.5246074199676514,-0.06307755410671234,-0.14579704403877258,0.010346973314881325,0.674127995967865,0.3830605149269104,0.13398930430412292,0.07379584014415741,0.13675585389137268,-0.20865634083747864,-0.2469206601381302,0.3784959614276886,-0.06019120290875435,-0.13061711192131042,0.28378772735595703,-0.03748965263366699,0.7392821311950684,-0.48817721009254456,0.31014007329940796,0.2487325370311737,-0.23122663795948029,0.23752114176750183,-0.0520365908741951,0.02328035607933998,0.4452260136604309,0.3028210699558258,0.20396475493907928,-0.6600971221923828,-0.47762227058410645,-0.1647804230451584,0.09260837733745575,0.23219914734363556,0.20438699424266815,0.19232448935508728,0.2220230996608734,-0.5678766965866089,-0.29029884934425354,-0.023006141185760498,0.1542578935623169,0.160871222615242,-0.02229161746799946,0.09494227170944214,-0.1651240438222885,0.5946604609489441,0.033254243433475494,0.464557945728302,-0.09802135825157166,-0.736762523651123,-0.3049541413784027,-0.06065523624420166,0.13188126683235168,-0.12807612121105194,0.040678225457668304,-0.08659250289201736,0.10729219019412994,0.06664738804101944,0.5959707498550415,0.07829130440950394,-0.18492606282234192,-0.02539520338177681,-0.26704657077789307,0.0055040656588971615,-0.2905850410461426,-0.09193398058414459,-0.09247373789548874,0.28267738223075867,-0.24133595824241638,-0.20008690655231476,-0.19965501129627228,0.07445377856492996,0.193878173828125,0.081326425075531,-0.0518546923995018,-0.27475032210350037,0.6140087842941284,0.22278018295764923,-0.3951845169067383,0.09233547747135162,-0.10852018743753433,-0.0012541234027594328,0.12769238650798798,0.014493840746581554,-0.336558997631073,-0.02194894291460514,0.1579732596874237,-0.23338918387889862,0.2008739411830902,0.24597613513469696,-0.2054162323474884,-0.4709998667240143,0.14518272876739502,-0.09155049175024033,-0.27987438440322876,0.12472499907016754,0.39629513025283813,-0.011140035465359688,0.006844936404377222,-0.2648136019706726,-0.00964480172842741,-0.21857516467571259,-0.34521493315696716,0.014117935672402382,0.009859258309006691,0.0977124571800232,-0.038276683539152145,0.639367401599884,0.3373124599456787,-0.06987251341342926,0.41190633177757263,0.11352705955505371,0.22315967082977295,-0.08351069688796997,0.01853817142546177,0.4710434377193451,0.4264805316925049,0.19988928735256195,-0.17634065449237823,0.1172478199005127,0.12384679168462753,-0.3667658865451813,0.3021600842475891,0.010150440968573093,0.23450741171836853,-0.36825379729270935,0.15485283732414246,-0.1335032731294632,-0.19306440651416779,0.212548166513443,0.023527879267930984,0.11651982367038727,-0.22465363144874573,0.2029964029788971,0.6060419082641602,-0.01973688416182995,-0.009425068274140358,-0.010803037323057652,-0.1825011670589447,-0.5797409415245056,-0.19956891238689423,0.15283110737800598,0.05651179701089859,0.21951718628406525,-0.29964739084243774,0.12074283510446548,-0.6661766767501831,-0.08856136351823807,0.3674105107784271,0.10750685632228851,0.19247391819953918,-0.18999822437763214,0.1522393375635147,0.08123467862606049
CID000005593,1081,0.4356509745121002,-0.017221301794052124,0.22288008034229279,0.2948562502861023,-0.36180180311203003,0.10314245522022247,0.24589069187641144,0.1611379086971283,-0.009154516272246838,0.33878952264785767,0.09148826450109482,0.06709009408950806,0.10228371620178223,0.10529136657714844,-0.311000794172287,-0.0681198313832283,-0.07922489941120148,-0.1817302405834198,0.1960674673318863,-0.377652108669281,0.016543108969926834,-0.19209787249565125,0.2819594740867615,-0.8187394142150879,-0.1283876597881317,-0.023304438218474388,-0.19013233482837677,0.056968141347169876,-0.014868855476379395,0.08613945543766022,0.07182104885578156,0.2512413561344147,-0.019336974248290062,-0.08613444119691849,-0.06877776235342026,0.12430117279291153,0.2275138646364212,0.16038399934768677,-0.07108227908611298,0.012327129021286964,-0.1328885853290558,-0.19026115536689758,0.035920657217502594,-0.21091456711292267,-0.05670781061053276,0.3699372708797455,-0.02063642255961895,0.010382440872490406,-0.027944499626755714,0.3519909679889679,0.3175531327724457,0.09060143679380417,-0.16322369873523712,0.11809666454792023,0.1467091292142868,-0.10983462631702423,-0.0186159610748291,0.0545959547162056,-0.009867066517472267,-0.10532281547784805,-0.219949409365654,-0.23416975140571594,0.12599074840545654,-0.23607075214385986,0.22714638710021973,0.33104056119918823,-0.30620306730270386,0.15692611038684845,0.268865704536438,-0.0012731074821203947,0.08289738744497299,-0.0005794108146801591,-0.39033782482147217,-0.3523906171321869,-0.02845301665365696,0.5331243276596069,-0.048284001648426056,0.0562765896320343,-0.019717613235116005,0.004618352744728327,0.013580918312072754,-0.7729266881942749,-0.30334925651550293,0.12283781915903091,-0.003262999700382352,-0.07956934720277786,0.20637568831443787,-0.08867205679416656,0.1389213502407074,-0.7619255781173706,0.01888444647192955,0.21810448169708252,0.12886843085289001,-0.04640231281518936,0.13749173283576965,-0.1909438967704773,-0.40700048208236694,0.0013887763489037752,-0.21392042934894562,0.19027134776115417,-0.19885651767253876,0.17802679538726807,-0.034168489277362823,0.26131218671798706,0.06898926198482513,-0.031065991148352623,-0.17332054674625397,-0.11216487735509872,0.5012110471725464,-0.06484323740005493,0.045976366847753525,0.09570915997028351,-0.11231384426355362,-0.013180142268538475,-0.13195009529590607,0.22366487979888916,0.019358236342668533,-0.01187066175043583,-0.08789317309856415,0.10480065643787384,0.7334007024765015,0.026801303029060364,0.29519638419151306,0.13359412550926208,-0.01885918155312538,0.02401825785636902,-0.1262803077697754,-0.06478410214185715,0.032880447804927826,0.006829380989074707,0.32663100957870483,-0.6452868580818176,-0.2593069076538086,0.23777291178703308,0.23823508620262146,-0.07869142293930054,-0.05701615661382675,0.21078534424304962,-0.05898899957537651,-0.23406951129436493,-0.15946505963802338,0.1155780777335167,0.17876920104026794,-0.11613199859857559,0.05054093524813652,-0.07460331916809082,-0.015271520242094994,0.3812512457370758,0.04493988677859306,0.18269017338752747,0.34926465153694153,-0.27397990226745605,0.25836318731307983,0.2247442901134491,-0.30572113394737244,-0.10232007503509521,-0.10376973450183868,-0.16977748274803162,0.07085470855236053,0.24737462401390076,-0.02757198177278042,0.051110755652189255,0.054021239280700684,0.1805896759033203,-0.12322337925434113,0.004151673521846533,-0.3581787943840027,0.13316039741039276,0.030584651976823807,0.2614166736602783,-0.08160381019115448,-0.05298813059926033,-0.1633005291223526,-0.3062167167663574,0.01174232829362154,-0.14990109205245972,0.22921457886695862,-0.02701105736196041,0.44338521361351013,-0.0584479384124279,0.15109288692474365,0.07168062776327133,-0.2174815684556961,-0.16072174906730652,0.16307123005390167,0.06094358116388321,-0.22441819310188293,0.1699584275484085,-0.2588541507720947,-0.346968412399292,-0.15110453963279724,0.13194780051708221,0.20393463969230652,-0.024096902459859848,0.09796580672264099,0.08802875876426697,0.08128184080123901,-0.08680538833141327,0.021729301661252975,0.07274895906448364,0.03456543758511543,-0.3230188488960266,0.3973417282104492,-0.1921330690383911,-0.028027717024087906,-0.2391238510608673,0.04093293473124504,0.06454455852508545,0.03736511617898941,0.29128125309944153,0.21412067115306854,0.132206529378891,0.2384013831615448,0.27663546800613403,-0.04957800358533859,-0.2015227973461151,0.02230646088719368,0.1658341884613037,0.07295574992895126,0.05769782140851021,0.10189284384250641,-0.17911264300346375,0.1853042095899582,-0.1539772003889084,-0.11095533519983292,-0.15977051854133606,0.0350969098508358,0.025976667180657387,-0.0638507753610611,0.20605716109275818,-0.1287093162536621,0.02709723636507988,0.24990181624889374,0.09599486738443375,-0.10410638153553009,0.11601145565509796,0.3661406636238098,-0.3744433522224426,-0.03929400071501732,-0.012821969576179981,0.22305095195770264,-0.5771713256835938,0.005838340613991022,0.3166045546531677,-0.10391254723072052,-0.2142162024974823,0.1763496696949005,0.012088608928024769,-0.623120129108429,-0.1283080279827118,0.23764219880104065,-0.23282113671302795,-0.20047719776630402,-0.10427775233983994,0.1592758446931839,0.15445639193058014
CID000004064,1082,0.171583354473114,-0.14626355469226837,0.2702915668487549,0.4679737687110901,-0.41784340143203735,0.01973767578601837,0.05934122949838638,0.24451856315135956,0.305998831987381,0.28321343660354614,0.008004894480109215,0.09826059639453888,-0.2575424313545227,0.24062001705169678,0.07718387991189957,-0.08514782041311264,0.022084545344114304,-0.0854775458574295,-0.38952210545539856,-0.5812217593193054,0.09999929368495941,0.0853109136223793,0.12384448200464249,-0.6718121767044067,-0.1363883763551712,0.1298314779996872,-0.21217110753059387,-0.10721579939126968,-0.07845718413591385,0.23958642780780792,0.09118172526359558,0.08536824584007263,-0.4963611662387848,0.15343625843524933,-0.05856887251138687,-0.07233788073062897,0.06920916587114334,0.2428257018327713,-0.16332608461380005,-0.28667324781417847,0.044276509433984756,-0.1437232792377472,-0.031838055700063705,-0.1836153119802475,0.031507860869169235,0.24533775448799133,0.04420385882258415,0.06891961395740509,0.10238005965948105,0.1485438048839569,0.4273828864097595,-0.052294086664915085,-0.14628323912620544,0.20983445644378662,-0.01437444519251585,-0.010055571794509888,-0.08255942910909653,-0.1203908696770668,0.2578378915786743,-0.1886112093925476,-0.13730327785015106,-0.20431604981422424,-0.12596359848976135,0.08247997611761093,0.08656220138072968,0.4676702618598938,-0.2936437427997589,0.19592081010341644,0.4324623644351959,0.003997723571956158,0.050636522471904755,0.1490924060344696,-0.13070067763328552,-0.22399532794952393,-0.09898529201745987,0.037450481206178665,-0.024989549070596695,-0.10164313018321991,-0.2605407238006592,-0.05041594058275223,0.20380806922912598,-0.2660832703113556,-0.41634613275527954,0.3749582767486572,0.23258881270885468,-0.14747735857963562,0.21154096722602844,0.14058460295200348,-0.08293399214744568,-0.788650393486023,0.15964826941490173,0.07513529062271118,-0.005367652978748083,0.00928166788071394,0.17223414778709412,-0.46312370896339417,-0.07465381920337677,0.22128646075725555,0.12601497769355774,0.1005157083272934,0.050318874418735504,0.008263024501502514,-0.10853977501392365,0.5599043369293213,0.01785438135266304,0.018216710537672043,-0.013128292746841908,-0.22814738750457764,0.3499462902545929,0.30243879556655884,-0.05434189364314079,0.0031315088272094727,-0.15464892983436584,-0.11596286296844482,0.11011692136526108,0.4468822479248047,-0.03936262056231499,0.21002690494060516,-0.04949458688497543,0.017216671258211136,0.73218834400177,-0.015520242042839527,0.23511645197868347,-0.015013456344604492,0.08021339029073715,0.322517454624176,-0.01397545076906681,0.05194227769970894,0.24412138760089874,0.09535443037748337,0.238722562789917,-0.47673192620277405,-0.4511049687862396,0.15904588997364044,0.19891050457954407,0.5078524351119995,0.35538867115974426,0.3102952837944031,-0.019007688388228416,-0.2902542054653168,0.00019584894471336156,0.416409432888031,-0.22417418658733368,0.055910248309373856,-0.009855258278548717,0.18619337677955627,0.11895756423473358,0.5136860609054565,0.07652868330478668,0.11258609592914581,0.07894808053970337,-0.383901983499527,0.18224404752254486,-0.014456326141953468,-0.29825738072395325,0.019329005852341652,-0.05301724001765251,-0.24973788857460022,-0.20247070491313934,-0.024706704542040825,0.5497928261756897,-2.6032328605651855e-05,0.09327193349599838,-0.10604693740606308,0.019985375925898552,0.1220078319311142,-0.23865076899528503,0.20468154549598694,0.1588486135005951,0.2401694506406784,-0.048888444900512695,-0.14545898139476776,-0.17196246981620789,-0.31749898195266724,0.05878704786300659,-0.07699145376682281,0.20304712653160095,-0.20880968868732452,0.6173969507217407,0.13088563084602356,-0.02369062602519989,0.16503550112247467,-0.3050469160079956,-0.18810436129570007,0.38416391611099243,0.15576013922691345,-0.2134498655796051,0.3071635365486145,0.30152544379234314,-0.336681991815567,0.22501114010810852,0.03170701861381531,0.26727110147476196,-0.17819936573505402,0.23943205177783966,0.2302410900592804,0.25689107179641724,-0.02194841578602791,-0.05063797906041145,-0.2233877182006836,-0.06482496112585068,-0.3761686682701111,0.04161130264401436,-0.31489235162734985,-0.13520734012126923,0.12087178230285645,-0.13198548555374146,0.18491126596927643,0.3189278841018677,0.637565016746521,0.3407008945941925,0.41662874817848206,0.1133660078048706,0.20326010882854462,0.1123124361038208,-0.1291865110397339,0.14268286526203156,0.35247111320495605,-0.08596020936965942,-0.1786266565322876,0.025008732452988625,-0.21126730740070343,0.34581229090690613,-0.3363714814186096,-0.027008622884750366,0.19350962340831757,-0.06975755840539932,-0.19605940580368042,0.08862327039241791,0.09942490607500076,-0.28902801871299744,0.10978586971759796,0.21123619377613068,0.07207171618938446,-0.09405224025249481,0.1699632704257965,0.5861951112747192,-0.3134494721889496,-0.015973836183547974,-0.01364840567111969,0.17363525927066803,-0.4982357919216156,0.03230877220630646,0.37750452756881714,-0.22495059669017792,-0.05902069807052612,-0.08869948238134384,0.10448310524225235,-0.7827937602996826,-0.28677091002464294,0.3407703936100006,-0.18496881425380707,-0.07224824279546738,-0.16655105352401733,-0.10739962756633759,-0.02225889265537262
CID000125017,1085,0.09878630936145782,0.3103942573070526,0.09949161112308502,0.26230329275131226,-0.1676531285047531,0.34594985842704773,0.0426042415201664,0.48677748441696167,0.002451908541843295,-0.014214128255844116,-0.03571239486336708,0.15750214457511902,-0.46017900109291077,0.11277924478054047,-0.37944769859313965,-0.16882042586803436,-0.06351692229509354,0.06253987550735474,0.03299860283732414,-0.5722965002059937,0.11046075820922852,-0.3275575041770935,-0.00875585712492466,-0.8538480997085571,-0.114466592669487,0.019061418250203133,-0.28415390849113464,-0.06138100102543831,0.06565364450216293,0.028648316860198975,-0.17802217602729797,0.5097476243972778,0.18693538010120392,-0.10768000781536102,-0.09578787535429001,-0.1955339014530182,0.1294928342103958,-0.06672677397727966,0.2583538889884949,-0.2052261382341385,0.0006027325871400535,-0.16640713810920715,0.12018196284770966,-0.40270647406578064,-0.1361306756734848,0.4065421223640442,-0.14027805626392365,0.09335250407457352,-0.05067722871899605,-0.0496399961411953,0.4981948435306549,0.048694103956222534,-0.24476227164268494,-0.14848344027996063,0.1416517049074173,-0.17379525303840637,0.07118749618530273,0.28140684962272644,-0.14408376812934875,0.28577089309692383,-0.24501900374889374,-0.1648469865322113,-0.17621521651744843,-0.08659784495830536,0.20251813530921936,0.5414618849754333,-0.2431759387254715,-0.04860458895564079,0.06861210614442825,-0.17599567770957947,0.015819698572158813,-0.15636742115020752,-0.35269445180892944,-0.29899805784225464,-0.01085885800421238,0.2938125431537628,-0.24649858474731445,0.15229593217372894,-0.10579917579889297,0.17043021321296692,0.3943111002445221,-0.42481112480163574,-0.28142547607421875,-0.15746060013771057,0.2943982481956482,-0.29848775267601013,-0.05039522051811218,0.2942141890525818,0.1412280648946762,-0.7695778012275696,-0.068673275411129,0.1260814368724823,0.16974616050720215,0.1450386792421341,0.07595910131931305,-0.4295653700828552,-0.2752925455570221,-0.10459248721599579,-0.037539444863796234,-0.009873474016785622,-0.07234425842761993,0.04166464880108833,0.09059552848339081,0.45565730333328247,0.08523528277873993,0.1784631758928299,0.005948120262473822,-0.34725308418273926,0.43788474798202515,0.10665404796600342,-0.1545349657535553,0.17330005764961243,0.06841421127319336,0.06594665348529816,-0.41996949911117554,0.24782106280326843,0.2483460158109665,0.09715345501899719,-0.15196959674358368,0.10992331802845001,0.6061418056488037,-0.033154167234897614,0.3869841694831848,0.2110844850540161,-0.021125441417098045,-0.18202221393585205,-0.046682875603437424,-0.07340703159570694,0.10570154339075089,-0.34077057242393494,0.17915961146354675,-0.4509944021701813,-0.09356419742107391,0.17167142033576965,0.041175443679094315,-0.09419949352741241,-0.12342824041843414,0.0012770012253895402,-0.22781594097614288,-0.6720375418663025,-0.0733739584684372,0.06162574887275696,0.28943467140197754,-0.18647418916225433,-0.05751991271972656,-0.08292009681463242,-0.04079219698905945,0.275113582611084,-0.09060785919427872,0.12394124269485474,0.09602279961109161,-0.2772560119628906,0.08891812711954117,-0.04216106981039047,-0.4038793444633484,-0.1508784145116806,-0.12085622549057007,-0.12724913656711578,0.16861462593078613,0.6097844839096069,-0.07950000464916229,0.13932251930236816,0.012818103656172752,-0.2995099723339081,0.002511587692424655,-0.24263879656791687,-0.3263346552848816,-0.04952206090092659,0.05874815583229065,0.29606202244758606,0.16177652776241302,-0.3935103416442871,-0.382304310798645,-0.41870689392089844,-0.030818480998277664,-0.029943447560071945,0.03801385685801506,-0.05635101720690727,0.5638321042060852,-0.09378921240568161,0.13239681720733643,-0.1426042914390564,-0.20458436012268066,-0.23995216190814972,0.16342194378376007,0.2848966717720032,-0.6187307238578796,-0.1812526434659958,0.4698122441768646,-0.14684323966503143,0.22135262191295624,0.21213075518608093,0.3184676766395569,-0.03807403892278671,0.2757624685764313,-0.10882015526294708,0.11931471526622772,-0.01616840437054634,0.07885235548019409,-0.061680931597948074,0.1463751494884491,-0.2207719087600708,0.008749166503548622,-0.30140766501426697,0.381377249956131,-0.12266747653484344,0.07997077703475952,-0.21561256051063538,0.04293990880250931,0.43176960945129395,0.38535264134407043,-0.22459235787391663,0.2626575827598572,0.26204434037208557,0.12235558032989502,-0.07058447599411011,0.15864600241184235,0.019070198759436607,0.07325468212366104,0.37478044629096985,0.06928211450576782,-0.12480504810810089,-0.07059434056282043,-0.43300238251686096,-0.1906161606311798,-0.00842593889683485,0.12531466782093048,-0.4612644612789154,-0.0006253838655538857,-0.10440565645694733,-0.11102466285228729,-0.07878503948450089,0.190559521317482,0.12201829999685287,0.06318305432796478,0.32820627093315125,0.2177474945783615,-0.1403246521949768,0.03415853530168533,-0.18057821691036224,0.004553562495857477,-0.6254230737686157,-0.18691544234752655,0.2963939309120178,-0.10390812158584595,-0.05612136051058769,0.1538451611995697,0.13923439383506775,-0.5357372164726257,-0.09629391133785248,0.3093842566013336,-0.22716674208641052,-0.039181627333164215,0.08780078589916229,-0.11432540416717529,0.2196422815322876
CID000004536,1094,0.03819034621119499,0.006698157638311386,0.05672887712717056,0.35168805718421936,-0.21750354766845703,0.27843350172042847,0.03975633531808853,0.566502571105957,-0.09163586795330048,0.3366582989692688,-0.20587535202503204,-0.1933175027370453,-0.3766351640224457,0.2779863178730011,-0.3109714090824127,-0.11832600831985474,-0.031717024743556976,0.15203246474266052,0.4720647931098938,-0.5531166195869446,0.28204038739204407,-0.3187907040119171,0.09891308099031448,-0.792863667011261,0.3685583472251892,0.2558141350746155,-0.2912358343601227,-0.21901753544807434,-0.12063728272914886,0.16600751876831055,0.1988634616136551,0.43974441289901733,-0.1203593760728836,-0.09636900573968887,0.03106566146016121,-0.043226342648267746,0.4127334952354431,0.021381879225373268,0.3794167637825012,-0.29231396317481995,0.03954123333096504,-0.12367419898509979,0.19117087125778198,-0.45244526863098145,0.03836071491241455,0.21789813041687012,0.005044571124017239,-0.07501301914453506,-0.16137249767780304,-0.11670644581317902,0.42670002579689026,0.430350124835968,-0.37203356623649597,-0.022627685219049454,0.1646367311477661,-0.02441319264471531,-0.022803645581007004,0.338570773601532,0.1332598775625229,0.28540197014808655,-0.4366450309753418,-0.18466010689735413,-0.08778552711009979,-0.18785206973552704,0.3577422499656677,0.622996985912323,-0.053667694330215454,-0.05377640575170517,0.03839239478111267,-0.004406660795211792,0.2632054388523102,-0.1766216903924942,-0.38620978593826294,-0.5113480687141418,-0.3412500321865082,0.011144079267978668,0.12159480899572372,0.24431709945201874,0.031105929985642433,0.10856243222951889,0.03439079970121384,-0.26491180062294006,-0.3266203701496124,0.09161282330751419,0.25789526104927063,-0.03814011067152023,-0.11889014393091202,0.6701257824897766,0.13601596653461456,-0.5598889589309692,0.20165380835533142,0.3397189974784851,0.05682254955172539,-0.2595860958099365,-0.1962859332561493,-0.5826195478439331,-0.22359371185302734,-0.2642260193824768,-0.126938134431839,0.014245864935219288,-0.3030475974082947,0.020889636129140854,-0.00860843900591135,0.46655791997909546,0.11190871894359589,0.039767831563949585,0.07919920980930328,0.2607453465461731,0.4401819705963135,0.23851528763771057,-0.05530055612325668,0.19521579146385193,-0.00732769351452589,0.034173306077718735,0.07033762335777283,0.2328236997127533,-0.13213542103767395,-0.040096573531627655,-0.20118841528892517,0.49338483810424805,0.45800238847732544,-0.2613874077796936,0.22634196281433105,0.3948652744293213,-0.24710316956043243,-0.13512881100177765,0.12265441566705704,0.08766552060842514,0.6725024580955505,0.02527402713894844,0.08485271781682968,-0.39464259147644043,-0.26265400648117065,0.36263665556907654,0.24000553786754608,0.02265222929418087,-0.1787457913160324,0.309158056974411,0.057555120438337326,-0.17601102590560913,-0.16768880188465118,0.3681812882423401,0.1083051785826683,-0.0727783814072609,0.023145368322730064,0.47172918915748596,-0.49617642164230347,0.2952268719673157,-0.21113097667694092,0.22395488619804382,0.13285329937934875,-0.2942253053188324,-0.44205349683761597,0.06093192100524902,0.008395981974899769,-0.1448146104812622,0.10383512079715729,-0.29916542768478394,-0.20648927986621857,0.38403236865997314,-0.1514524221420288,-0.043374817818403244,-0.1356165111064911,-0.034629371017217636,-0.18556778132915497,-0.21435947716236115,0.02388342097401619,0.13674049079418182,-0.12281079590320587,0.1853637397289276,0.21779754757881165,-0.39225155115127563,-0.13464349508285522,-0.19966772198677063,-0.04113433510065079,-0.06896452605724335,0.13984158635139465,-0.3568638563156128,0.3735882043838501,-0.49102848768234253,-0.11455120146274567,0.08714766800403595,-0.2836182117462158,0.021790891885757446,0.3781384527683258,0.3850753903388977,-0.18864527344703674,-0.18058863282203674,0.13849814236164093,-0.4352804124355316,-0.091067835688591,0.0221190694719553,0.33788079023361206,-0.06625284254550934,0.036507975310087204,-0.11903069168329239,0.13340036571025848,0.019718259572982788,-0.053136009722948074,0.09740392863750458,-0.008595190942287445,-0.5796191692352295,-0.052267421036958694,-0.34248819947242737,-0.08260703086853027,-0.03441610187292099,0.02157604694366455,-0.3846035301685333,0.2587687373161316,0.5969641804695129,0.3541429042816162,0.0004813849809579551,0.5037755966186523,-0.1169038861989975,0.4279475212097168,-0.17298665642738342,0.1275247484445572,0.1819848120212555,0.16978852450847626,-0.15297190845012665,0.031957633793354034,0.28575170040130615,-0.3162922263145447,-0.5304969549179077,-0.2916713356971741,-0.310580849647522,0.23937539756298065,-0.8008232116699219,-0.24842102825641632,0.07377097755670547,-0.034311313182115555,0.010116124525666237,0.3578152358531952,0.11624862998723984,0.08515866845846176,-0.20330724120140076,0.2003306895494461,-0.37816911935806274,0.03166438639163971,-0.27421697974205017,-0.14496585726737976,-0.6791324019432068,-0.10887587070465088,0.16525277495384216,0.05888279527425766,-0.09590774774551392,0.18386264145374298,-0.33620309829711914,-0.541437566280365,0.06847535073757172,0.4171355366706848,-0.2501519024372101,0.09772899746894836,-0.06110207363963127,-0.012397674843668938,-0.10238297283649445
CID000504578,1095,0.16342921555042267,0.10832060873508453,0.04059850424528122,0.5105632543563843,-0.6751812696456909,0.19756703078746796,-0.10700466483831406,0.17274720966815948,0.13843345642089844,0.5210005044937134,-0.026437455788254738,-0.23165586590766907,-0.40321993827819824,0.49049338698387146,-0.02516065165400505,-0.14605574309825897,-0.14471012353897095,-0.0820138156414032,0.28096073865890503,-0.5496562719345093,0.2582453191280365,0.0043862746097147465,0.005278571043163538,-0.7792316675186157,-0.2127993106842041,-0.2860163748264313,-0.32655853033065796,-0.16669078171253204,0.11740265786647797,0.08905623853206635,-0.09219479560852051,-0.012831020168960094,0.04413607716560364,0.03662937507033348,-0.1453694999217987,0.12390792369842529,-0.07236702740192413,0.43023332953453064,0.08221645653247833,-0.11297102272510529,-0.18503102660179138,-0.07920455932617188,0.08561340719461441,-0.024608086794614792,-0.30235767364501953,0.24808697402477264,-0.0827455073595047,0.08136386424303055,-0.02518514357507229,0.18764474987983704,0.5254026055335999,-0.17415647208690643,-0.24131318926811218,0.22985398769378662,0.15038460493087769,-0.20748642086982727,0.27194029092788696,-0.057651497423648834,0.5754585862159729,0.0473758801817894,0.012158932164311409,-0.4985220432281494,-0.2909638285636902,-0.10669396817684174,-0.009872141294181347,0.9008843302726746,-0.38306376338005066,0.274152934551239,0.049704376608133316,0.14973333477973938,0.0369434729218483,-0.21025125682353973,-0.30239415168762207,-0.6036632657051086,-0.08970293402671814,0.36255478858947754,-0.10847462713718414,-0.19769468903541565,-0.20323345065116882,0.011227861046791077,-0.22297246754169464,-0.3212737441062927,-0.25882086157798767,0.35453855991363525,0.06023033708333969,-0.5024480819702148,-0.055527783930301666,0.19638797640800476,-0.03598548844456673,-0.9281951785087585,0.11463680118322372,0.18726746737957,0.19273601472377777,0.11376798152923584,-0.13633805513381958,-0.30968767404556274,-0.0942637026309967,0.12672139704227448,0.19360975921154022,0.11327395588159561,-0.13026781380176544,0.10299021005630493,-0.016899123787879944,0.39932429790496826,-0.2665587067604065,-0.09583374857902527,0.06505022943019867,0.019034188240766525,0.24434800446033478,0.008376965299248695,-0.29236096143722534,0.29283714294433594,0.11800174415111542,-0.5694141387939453,-0.33127471804618835,0.1332976520061493,-0.22706809639930725,-0.1931297779083252,-0.20650963485240936,-0.014322876930236816,0.7640032172203064,-0.16920414566993713,0.1275879144668579,-0.058502234518527985,-0.16191193461418152,0.6190451383590698,-0.061186857521533966,-0.5132662057876587,0.18212147057056427,-0.14317728579044342,0.06488411128520966,-0.5933539271354675,-0.574104368686676,0.16875649988651276,0.13604648411273956,0.5666744112968445,0.09764762222766876,0.4750312864780426,0.045906756073236465,-0.1859680861234665,0.12809130549430847,0.4971190094947815,0.03881535306572914,-0.21050743758678436,0.08920228481292725,0.1407385766506195,-0.34529003500938416,0.6544061899185181,-0.2169874906539917,-0.044683296233415604,-0.05458220839500427,-0.4737836420536041,0.2790732681751251,0.0687357634305954,-0.3055567145347595,-0.09875661134719849,0.032430436462163925,-0.18936236202716827,0.07984532415866852,0.13476130366325378,-0.15416860580444336,0.015228243544697762,0.05959535390138626,0.06642727553844452,-0.023498985916376114,0.013417480513453484,0.29968687891960144,-0.06860978156328201,-0.2845172882080078,0.09233024716377258,0.0430557057261467,0.019903743639588356,-0.1089712604880333,-0.11411026865243912,-0.13539108633995056,0.09304367005825043,-0.14756715297698975,-0.0029229610227048397,0.6153045892715454,0.10193203389644623,-0.07491093873977661,0.2567499577999115,-0.18278606235980988,-0.2503408193588257,0.21694155037403107,0.05384889990091324,0.016448143869638443,-0.22603709995746613,0.32114148139953613,-0.43805330991744995,0.1612708419561386,-0.05265076830983162,-0.058518074452877045,-0.0852615013718605,0.35615500807762146,0.32217127084732056,0.021891485899686813,-0.009250173345208168,-0.016253767535090446,0.4593045115470886,-0.018096858635544777,-0.4784931242465973,0.1901591718196869,-0.16915497183799744,0.03280464559793472,0.32647576928138733,-0.12456462532281876,0.07596725225448608,0.8549612760543823,0.3602253794670105,0.29054883122444153,0.3597366213798523,-0.06899859756231308,0.45242738723754883,0.09303078055381775,-0.16652117669582367,0.04498074948787689,0.30538859963417053,0.24267618358135223,0.19869861006736755,-0.07721594721078873,-0.25641751289367676,-0.11167212575674057,-0.19254577159881592,-0.07713266462087631,0.08309192955493927,-0.06085590645670891,-0.27087002992630005,-0.27302980422973633,0.19541072845458984,-0.015556782484054565,0.2871534824371338,-0.014569994993507862,-0.022097334265708923,-0.06585957109928131,0.06792179495096207,0.8401321172714233,-0.5008375644683838,0.014783446677029133,-0.2835969924926758,0.011839816346764565,-0.23839235305786133,-0.24886074662208557,0.4329472482204437,-0.18060874938964844,0.03818453848361969,0.18714866042137146,-0.07478047907352448,-0.7679941058158875,-0.272335946559906,0.21587160229682922,-0.23988449573516846,0.05720935016870499,-0.5873281359672546,0.03606081381440163,0.4869837164878845
CID000039765,1098,0.27341222763061523,0.002291262149810791,0.1248771995306015,0.49824976921081543,-0.44220227003097534,0.26560211181640625,0.13170936703681946,0.21071526408195496,0.10479076951742172,0.415635347366333,0.027017783373594284,-0.28285178542137146,-0.5441703796386719,0.4305129051208496,0.10912203788757324,-0.03998987004160881,0.11206720024347305,-0.1111709475517273,0.046290792524814606,-0.4193430542945862,-0.08344439417123795,0.1441931277513504,0.3558914065361023,-0.8478510975837708,0.15059804916381836,0.010155851021409035,-0.2071201056241989,-0.05170879885554314,0.11458545923233032,0.11216211318969727,-0.13880902528762817,0.3870605230331421,-0.1793634593486786,0.12864568829536438,0.08448771387338638,0.0038037158083170652,0.36324936151504517,0.37552568316459656,-0.33513933420181274,-0.4613317549228668,0.016299515962600708,-0.09260162711143494,0.2500128746032715,-0.11213326454162598,0.1362246572971344,0.10519026219844818,0.1976548433303833,-0.17910824716091156,0.17013490200042725,0.22573502361774445,0.5282944440841675,-0.26411527395248413,0.009103226475417614,-0.12412750720977783,0.31695881485939026,0.09743569791316986,0.1869000941514969,-0.2231927365064621,0.27875661849975586,-0.09488612413406372,-0.10387067496776581,-0.21929720044136047,-0.5537618398666382,0.18300297856330872,0.3079392611980438,0.5313270688056946,-0.4009368419647217,-0.01477731578052044,0.4086601138114929,0.028724700212478638,0.2612936198711395,0.6094464659690857,-0.06903311610221863,-0.3629534840583801,-0.22334423661231995,0.20525617897510529,0.05292053148150444,-0.025944393128156662,0.05817466229200363,0.014339226298034191,-0.12477137893438339,-0.10406970977783203,-0.32539552450180054,-0.12472550570964813,0.41978639364242554,-0.19805914163589478,0.051056526601314545,0.5858165621757507,-0.13632026314735413,-0.866301417350769,0.045145466923713684,0.23152050375938416,0.08412446826696396,0.1969989836215973,0.1774062067270279,-0.5170198082923889,-0.04683296009898186,0.1678479015827179,0.09715541452169418,0.08739075809717178,0.3287624418735504,-0.043960217386484146,-0.14342539012432098,0.4702223837375641,-0.2842007875442505,-0.07952733337879181,-0.05215640738606453,-0.1912398636341095,0.33155614137649536,0.1068207249045372,-0.07730764150619507,0.16316917538642883,-0.2342514544725418,-0.07484060525894165,0.2846055328845978,0.3829897344112396,-0.019802186638116837,0.303659588098526,0.2884332239627838,0.03423633426427841,0.6842204332351685,-0.17811104655265808,0.025658905506134033,0.2395516335964203,-0.2121400386095047,0.19858738780021667,-0.10294799506664276,-0.04747522994875908,0.2408713847398758,-0.006658448837697506,0.1162184476852417,-0.45956188440322876,-0.5293706655502319,0.18967874348163605,0.26629751920700073,0.5251670479774475,0.2658669352531433,0.1985134780406952,-0.04786846041679382,-0.41834086179733276,-0.07481175661087036,0.6461097002029419,0.06220827251672745,0.02494863234460354,-0.13716737926006317,0.10943122953176498,-0.07162006944417953,0.45120787620544434,0.16386952996253967,0.02639344334602356,0.1909683644771576,-0.3010058104991913,0.03986099734902382,0.1008768305182457,-0.10152950137853622,0.02066960372030735,0.01623317040503025,-0.31888848543167114,0.1735467165708542,0.20100033283233643,0.41577792167663574,0.008897529914975166,0.10135551542043686,-0.10728169977664948,-0.38186004757881165,0.0021877854596823454,0.003577776253223419,0.05703461170196533,0.2233530580997467,0.25164994597435,0.3118288815021515,-0.26632264256477356,-0.08752472698688507,0.00808282196521759,0.20173832774162292,0.05733819678425789,0.32041066884994507,-0.24338242411613464,0.539480447769165,0.365854948759079,-0.4168614447116852,-0.17849448323249817,-0.5349673628807068,0.1313672661781311,0.2634879946708679,0.20211705565452576,-0.3659995496273041,-0.00035422146902419627,0.48591652512550354,-0.4112844467163086,0.36264702677726746,-0.11971847712993622,0.11737612634897232,-0.305137574672699,0.45609432458877563,0.04586624726653099,0.43385210633277893,-0.1213284507393837,-0.08787058293819427,-0.34011033177375793,-0.4751701354980469,-0.4872806966304779,0.10107888281345367,-0.3588818907737732,-0.15905620157718658,0.08007346838712692,-0.03833172097802162,-0.12452615797519684,0.9908332824707031,0.7684683799743652,0.31909579038619995,0.01589895412325859,0.17787225544452667,0.21338549256324768,0.26728612184524536,-0.19148409366607666,-0.06456681340932846,0.25110265612602234,0.03297307342290878,-0.10586851835250854,-0.17099235951900482,-0.21365801990032196,0.3085291087627411,-0.3742130398750305,-0.2427409440279007,0.04014917463064194,-0.31861424446105957,-0.393165647983551,0.26331499218940735,-0.05840768292546272,-0.022373000159859657,0.5171717405319214,0.09009811282157898,-0.0030805773567408323,-0.05755379796028137,0.07106626778841019,0.587921679019928,-0.43688440322875977,0.14082133769989014,-0.16856344044208527,0.41671639680862427,-0.7315577268600464,0.24768862128257751,0.19810059666633606,-0.04330570623278618,-0.11921121925115585,-0.1959073692560196,-0.04689891263842583,-0.4952235817909241,-0.19671118259429932,0.10441402345895767,-0.01610543765127659,0.3111211955547333,-0.005404674913734198,0.037965040653944016,0.1507672369480133
CID000005731,1103,-0.09111335128545761,0.09486936032772064,0.08685218542814255,0.7374687790870667,-0.22346815466880798,0.15763607621192932,0.0848684161901474,0.34806472063064575,0.025475293397903442,-0.014810407534241676,0.36749038100242615,0.2417735606431961,-0.7052361369132996,0.08277958631515503,-0.35069769620895386,0.05674159526824951,-0.13294591009616852,0.051631756126880646,0.13207872211933136,-1.2843519449234009,0.023674579337239265,-0.2106708586215973,-0.12183530628681183,-1.0283687114715576,0.18403086066246033,0.11488888412714005,-0.08227896690368652,-0.14276178181171417,0.022934067994356155,0.05627334117889404,0.2060130536556244,0.36645764112472534,0.27887779474258423,0.06947212666273117,0.15239161252975464,-0.16022463142871857,0.39972740411758423,-0.22874705493450165,0.1764620840549469,-0.34138885140419006,-0.12122154235839844,0.24260783195495605,0.24034962058067322,-0.7170435786247253,-0.1528376340866089,0.4129100441932678,0.07055439054965973,0.18504007160663605,0.4089787006378174,0.009777096100151539,0.8493750691413879,0.06065564230084419,-0.2519609034061432,-0.15681906044483185,0.06906376779079437,0.03530213236808777,0.5869703888893127,0.2967775762081146,-0.17842748761177063,0.009584208950400352,-0.3062804341316223,-0.24265694618225098,0.06466720998287201,-0.12223190069198608,0.3627806007862091,0.7523456811904907,-0.27928727865219116,-0.10664798319339752,-0.3398870527744293,0.2891530990600586,0.32941585779190063,0.06453638523817062,0.13933303952217102,-0.21341943740844727,-0.23967845737934113,-0.023471344262361526,-0.1711081862449646,-0.11631014198064804,-0.09231247007846832,-0.2066493034362793,-0.01772831566631794,-0.3171617388725281,-0.1631278097629547,-0.19273583590984344,0.4337226450443268,0.06644672900438309,-0.1517949253320694,0.8747924566268921,-0.11905012279748917,-0.9496893882751465,0.009736168198287487,0.12242113053798676,-0.1725858747959137,0.2369578629732132,0.2739718556404114,-0.5225200057029724,-0.19742432236671448,-0.03187708184123039,0.14125828444957733,-0.1551026552915573,0.448497474193573,-0.11629994958639145,-0.03580065071582794,0.3521466851234436,-0.02833757922053337,0.1027454361319542,0.15917910635471344,0.08670668303966522,0.9149332046508789,0.15637078881263733,-0.05868478864431381,0.08811061829328537,0.13542398810386658,-0.06201980262994766,0.08063516765832901,-0.11612508445978165,0.07794143259525299,0.15787890553474426,-0.434572696685791,0.14502476155757904,0.8308699727058411,-0.49598246812820435,0.3252822756767273,0.12872326374053955,-0.4089544713497162,-0.09086154401302338,-0.09594490379095078,-0.09759685397148132,0.2645260691642761,0.04461796209216118,0.25157976150512695,-0.40582674741744995,-0.22143128514289856,-0.028965219855308533,0.19804510474205017,-0.08653777092695236,0.33607354760169983,-0.05134718492627144,-0.30251607298851013,-1.0027130842208862,-0.06650708615779877,0.015037253499031067,0.44337916374206543,0.0565873384475708,-0.04437799006700516,-0.054501794278621674,-0.15462584793567657,0.3123016655445099,0.14314521849155426,0.3228455185890198,-0.1584528237581253,-0.3125092387199402,-0.053471822291612625,-0.09745361655950546,-0.20240268111228943,-0.2565401792526245,-0.06899061799049377,0.04668521136045456,-0.12281717360019684,0.38676807284355164,-0.3690078854560852,0.09726722538471222,-0.06277759373188019,0.06790122389793396,-0.2508765161037445,-0.8595806956291199,-0.04377036541700363,0.1941879689693451,-0.10694001615047455,-0.0774378776550293,0.20327787101268768,-0.5847881436347961,-0.08320754766464233,-0.4985220432281494,0.13884374499320984,-0.17535552382469177,0.32281479239463806,-0.11268609762191772,0.34703972935676575,-0.10000216960906982,0.009902444668114185,-0.020597875118255615,-0.38127559423446655,-0.21477267146110535,0.021018829196691513,-0.041566599160432816,-1.0821113586425781,-0.10289895534515381,0.11386041343212128,-0.3731238842010498,-0.0909254178404808,0.17542162537574768,0.13993491232395172,-0.061169303953647614,0.2557414472103119,-0.03095312789082527,-0.3417215943336487,-0.22207443416118622,0.019724678248167038,-0.17382648587226868,-0.3746884763240814,-0.19983790814876556,-0.1219555139541626,-0.2080870121717453,0.3302903175354004,-0.04393966868519783,-0.18133029341697693,0.10542398691177368,0.7467213869094849,0.7181567549705505,0.20547500252723694,-0.03818247467279434,0.04355177283287048,-0.037001073360443115,0.2928420305252075,-0.010938258841633797,0.08240851014852524,0.30322349071502686,0.16343799233436584,0.11490565538406372,-0.22479753196239471,-0.10073204338550568,0.08920417726039886,-0.418415367603302,-0.2261780947446823,-0.04423484951257706,-0.3015315532684326,-0.7442148327827454,0.4322602152824402,-0.025428885594010353,0.03746579959988594,0.2785138487815857,0.18782024085521698,0.1598072052001953,0.1620592176914215,-0.051274050027132034,0.3730408251285553,-0.4372505247592926,-0.11873791366815567,-0.15336230397224426,-0.10446622222661972,-0.805892825126648,0.27266183495521545,-0.10175683349370956,0.09515655040740967,-0.295733779668808,0.6456549167633057,-0.21826453506946564,-1.0261443853378296,-0.23307359218597412,0.3961406350135803,0.15043553709983826,0.3560686707496643,-0.08996449410915375,0.008519729599356651,0.12503394484519958
CID000012536,1111,0.5270033478736877,-0.2628489136695862,0.20701861381530762,0.544704258441925,-0.09225413203239441,-0.05260435491800308,-0.2113686501979828,0.31812387704849243,0.10954604297876358,0.2870255708694458,0.11339006572961807,-0.24767300486564636,-0.1338125616312027,0.11910952627658844,0.3669266402721405,0.1441602259874344,-0.14397360384464264,-0.4893797039985657,-0.2684817314147949,-0.6491843461990356,0.07740224897861481,-0.18585260212421417,0.21724891662597656,-1.0113130807876587,0.11786840856075287,0.04288359358906746,-0.13515807688236237,-0.2527657747268677,0.14240939915180206,0.21999624371528625,-0.0049266694113612175,0.3375609815120697,-0.1070706844329834,0.1479165107011795,-0.0942215770483017,0.061020564287900925,0.05981620401144028,-0.2220313847064972,-0.27649378776550293,-0.07527021318674088,-0.008404850959777832,0.32705822587013245,-0.03840208053588867,-0.10813678801059723,-0.14799484610557556,0.3069164454936981,-0.12376868724822998,-0.06576301902532578,0.7460761070251465,0.30546730756759644,0.4502364695072174,0.18907147645950317,-0.2845015227794647,-0.10128267854452133,-0.03140152618288994,-0.1620623767375946,-0.15413694083690643,-0.10483440011739731,0.1661306619644165,0.16025587916374207,-0.12452630698680878,-0.27913808822631836,0.007104754447937012,-0.06896890699863434,0.08894942700862885,0.5468872785568237,-0.08267483860254288,0.2411368191242218,0.12011080980300903,-0.3771282434463501,0.13916952908039093,-0.0823434516787529,0.052943307906389236,-0.27029529213905334,-0.07728731632232666,0.3119797110557556,-0.16077426075935364,0.09979162365198135,-0.0007902249926701188,0.16075614094734192,0.20216777920722961,-0.4073547422885895,-0.37735337018966675,0.06939397752285004,-0.14494994282722473,-0.027796048671007156,0.5007337331771851,0.0711236447095871,0.1257130205631256,-1.0304982662200928,0.039759647101163864,0.5319768190383911,-0.07362764328718185,-0.2200579196214676,-0.020766785368323326,-0.48265498876571655,0.32486438751220703,-0.00023524761490989476,-0.059021640568971634,0.7044726014137268,-0.04789361730217934,0.699536919593811,0.09340289235115051,0.33501920104026794,-0.302654892206192,-0.015584570355713367,-0.27389734983444214,-0.04438280314207077,0.49203410744667053,0.005593317560851574,-0.26442083716392517,0.24139709770679474,0.20157921314239502,-0.2382001429796219,0.0021106600761413574,0.2809973359107971,-0.27663928270339966,-0.22191543877124786,0.015642356127500534,0.02123221382498741,0.8058243989944458,-0.3067528009414673,-0.06743839383125305,0.22288194298744202,-0.03455028682947159,-0.10182484239339828,0.23740975558757782,-0.08108566701412201,0.4038439393043518,0.038183487951755524,0.24302002787590027,-0.5753476619720459,-0.369819313287735,0.3556036055088043,0.11336056888103485,0.12496177852153778,0.08401131629943848,0.1965305507183075,-0.17656444013118744,-0.30246105790138245,-0.02406368777155876,0.24846450984477997,-0.3387395739555359,-0.10783667862415314,-0.1321403831243515,0.037490762770175934,0.07892505824565887,0.622346043586731,-0.02600608393549919,0.10881028324365616,0.15809258818626404,-0.6661396026611328,-0.13179413974285126,0.29114586114883423,-0.22126689553260803,0.007564184255897999,-0.1884615272283554,-0.2767605185508728,0.012068619020283222,0.2556154727935791,-0.061837147921323776,-0.14583052694797516,0.04225006699562073,0.000308734190184623,-0.1692352294921875,-0.18882358074188232,-0.1718413531780243,-0.13648296892642975,0.08086808025836945,-0.09054664522409439,-0.14069893956184387,0.09611053764820099,-0.32030007243156433,-0.3965108394622803,-0.17197799682617188,0.0816742330789566,0.5142970681190491,-0.1114654392004013,0.7195712327957153,0.08209609985351562,-0.11622589826583862,-0.003243426326662302,-0.08511485904455185,-0.05339968949556351,0.724236249923706,0.024314282462000847,-0.5735057592391968,-0.12676668167114258,0.022047126665711403,-0.2952166199684143,0.06953146308660507,0.07846622169017792,0.000788831734098494,-0.17300893366336823,0.13446460664272308,0.14118480682373047,0.1347026526927948,0.3171432614326477,-0.04045189544558525,0.1442621648311615,0.09291142970323563,-0.25810322165489197,0.3011504113674164,-0.40965667366981506,0.11331591755151749,-0.0716610997915268,-0.020580021664500237,-0.13118276000022888,0.4446266293525696,0.5886411666870117,0.3357129693031311,0.10322870314121246,0.0390937514603138,0.05944336578249931,-0.06919969618320465,-0.4498252272605896,0.5073186159133911,0.12592490017414093,0.15343408286571503,-0.08378623425960541,0.022106656804680824,-0.12347916513681412,-0.052027322351932526,-0.39224278926849365,0.19144144654273987,-0.15193040668964386,0.22881753742694855,-0.07887154072523117,0.060656845569610596,0.5282305479049683,0.26836827397346497,0.2922348380088806,0.05632209777832031,0.0821012556552887,0.04018198326230049,0.16239814460277557,0.4742642343044281,-0.5980307459831238,-0.17125503718852997,-0.26782673597335815,0.07370731979608536,-0.7149472236633301,-0.10905368626117706,-0.002664037048816681,-0.09980282932519913,-0.04169986769556999,-0.08836990594863892,-0.04652651026844978,-0.7833992838859558,-0.2687010169029236,0.09506486356258392,0.2647058367729187,-0.15506765246391296,0.032605744898319244,-0.09295742213726044,0.03399326652288437
CID000071273,1127,0.18561071157455444,0.08032937347888947,0.013850574381649494,0.3584319055080414,-0.2304120510816574,0.12763476371765137,0.0484854057431221,0.06284116208553314,0.19284600019454956,0.08616769313812256,-0.06616369634866714,0.09891201555728912,-0.06729362159967422,0.3314966559410095,-0.09979961067438126,0.058989811688661575,-0.13931211829185486,-0.06566223502159119,-0.10936371237039566,-0.5379210710525513,0.33020028471946716,-0.030095767229795456,0.0681757777929306,-0.8037514686584473,-0.25586801767349243,0.018911607563495636,-0.2584950923919678,-0.2014581710100174,-0.12769649922847748,0.3184894919395447,0.14391908049583435,0.1630253791809082,-0.073039211332798,0.4095408022403717,0.24714219570159912,-0.06067371368408203,0.06409937143325806,0.3995816707611084,0.10680224001407623,0.006885217968374491,0.18203029036521912,-0.3990894854068756,0.008832016959786415,-0.20498082041740417,-0.11369426548480988,0.44558748602867126,-0.09606795012950897,-0.003750872565433383,-0.01601838506758213,0.07920817285776138,0.4430205225944519,0.03593584895133972,-0.48456716537475586,-0.055062808096408844,0.25443321466445923,-0.0310666561126709,0.043009769171476364,0.10981550067663193,0.0966096743941307,0.2797918915748596,0.01616312563419342,-0.28296610713005066,0.07787208259105682,-0.034254975616931915,0.27568551898002625,0.5773271918296814,-0.26639994978904724,0.012035173363983631,0.2419625222682953,0.14355184137821198,-0.009532987140119076,-0.25279974937438965,-0.09822399914264679,-0.2651570439338684,-0.08087774366140366,0.4461365342140198,0.0038692266680300236,0.19402022659778595,-0.2163817137479782,-0.39901894330978394,0.2132560908794403,-0.30441421270370483,-0.51984041929245,0.004986572079360485,0.03078780695796013,-0.39181873202323914,0.21319392323493958,0.1313571333885193,-0.1886061728000641,-0.7535213828086853,0.08991871774196625,0.29796329140663147,-0.09591308981180191,0.08239524066448212,-0.12768521904945374,-0.4058753550052643,-0.1570141613483429,-0.2606903910636902,-0.1307775378227234,0.1654376983642578,0.03905366361141205,-0.2873110771179199,-0.014880669303238392,0.4842778146266937,-0.08683068305253983,0.2523382008075714,-0.3672638237476349,0.0724419355392456,0.37635400891304016,0.010751666501164436,-0.1141146793961525,0.3202049732208252,-0.3845440447330475,0.04682405665516853,-0.16929197311401367,0.37052857875823975,-0.12040290981531143,0.19975213706493378,-0.08400037884712219,0.006970318965613842,0.6025751233100891,0.05725346878170967,0.4747406840324402,0.4783439040184021,-0.42066365480422974,-0.0764135867357254,0.09250342845916748,-0.1881130486726761,0.3567761480808258,-0.13363167643547058,0.2547188401222229,-0.5636903047561646,-0.40443921089172363,-0.1682748794555664,0.2238151729106903,0.512717068195343,-0.0319480299949646,0.038439083844423294,0.08169069141149521,-0.48114529252052307,-0.10980911552906036,0.3427640497684479,0.1755211502313614,-0.16299918293952942,0.08416831493377686,0.2805701792240143,0.16870179772377014,0.3431538939476013,-0.3089906573295593,-0.01213151216506958,-0.1697208136320114,-0.18133226037025452,0.3059999346733093,0.1326417624950409,-0.10311605036258698,-0.24593853950500488,0.12354389578104019,-0.36295002698898315,-0.12142231315374374,0.2600290775299072,-0.06552083790302277,-0.3205725848674774,0.04180772602558136,-0.15093562006950378,0.0472869835793972,0.18459779024124146,0.039489053189754486,-0.05299260467290878,0.1477849781513214,0.4198838770389557,-0.0069807469844818115,-0.31286942958831787,-0.3041524291038513,-0.44981375336647034,0.1063440814614296,-0.029693037271499634,0.11715076118707657,-0.22925040125846863,0.5169471502304077,-0.012760129757225513,-0.00747609743848443,0.04629533365368843,-0.3485751748085022,-0.16989955306053162,0.2558134198188782,0.1251211315393448,-0.5615482330322266,-0.19409582018852234,0.3193058967590332,-0.3183686435222626,-0.26766347885131836,0.11205659061670303,-0.028511259704828262,-0.19294917583465576,0.1367303431034088,0.020803118124604225,0.17178399860858917,-0.08425106108188629,0.24846985936164856,0.33662158250808716,-0.11477897316217422,-0.2646063566207886,0.257455050945282,-0.24597811698913574,-0.07121378928422928,-0.48389750719070435,0.12070997059345245,0.38148537278175354,0.1383877992630005,0.5130186080932617,0.5522452592849731,0.005528569221496582,0.15898039937019348,0.4785825312137604,-0.17522263526916504,-0.10720863193273544,-0.06461504846811295,0.10665383189916611,0.20935413241386414,-0.09705907851457596,-0.20498840510845184,-0.0600937195122242,-0.20171904563903809,-0.28114551305770874,-0.1379346400499344,-0.16347551345825195,-0.04753232002258301,-0.28840479254722595,-0.06993269920349121,-0.205854132771492,0.13973112404346466,0.45496898889541626,0.21589156985282898,0.0506962314248085,-0.2829657196998596,-0.07289568334817886,0.2830420434474945,-0.3936924338340759,0.18501129746437073,-0.2419227659702301,0.3777559995651245,-0.7368706464767456,-0.020072931423783302,0.21708349883556366,0.049699120223522186,-0.05932796001434326,0.1844864785671234,-0.029031718149781227,-0.5935068130493164,-0.5066379904747009,0.5058498978614807,-0.18361811339855194,0.50391685962677,-0.02156485989689827,0.1618817150592804,0.011620353907346725
CID000002578,1134,0.41735368967056274,-0.17640089988708496,0.16688835620880127,0.49739164113998413,-0.46379217505455017,0.06888396292924881,0.29336419701576233,-0.014134814962744713,-0.1530987024307251,0.1437903493642807,-0.13979405164718628,-0.35711669921875,-0.29989093542099,0.036282964050769806,0.09932873398065567,0.17251819372177124,-0.12300501018762589,-0.31101229786872864,-0.11310099065303802,-0.6054725050926208,0.31375280022621155,-0.3306073844432831,-0.11262752115726471,-0.7334080934524536,-0.13459233939647675,-0.23223324120044708,-0.020755887031555176,-0.13347773253917694,0.03592807054519653,0.12473495304584503,-0.10284484922885895,0.2492140531539917,-0.20279356837272644,-0.12816782295703888,-0.07267049700021744,-0.16292297840118408,-0.16959455609321594,0.30337750911712646,0.06383318454027176,0.17035600543022156,-0.15537254512310028,0.032752275466918945,0.0405898280441761,-0.1486339122056961,-0.2863197922706604,0.29537394642829895,0.08454881608486176,0.13140304386615753,0.07786361128091812,0.032387275248765945,0.5386542081832886,-0.06278154999017715,-0.192597895860672,0.2675270140171051,0.05421925708651543,-0.07285623997449875,0.14305946230888367,0.12506529688835144,0.462462842464447,0.12627623975276947,-0.13432058691978455,-0.23627571761608124,-0.2091081589460373,-0.10627756267786026,0.0009941220050677657,0.11792045831680298,-0.1911161094903946,-0.11363688856363297,0.3038294315338135,0.19138167798519135,0.15843859314918518,-0.043677955865859985,-0.20454947650432587,-0.28402799367904663,-0.06790699064731598,0.24690313637256622,-0.09766931086778641,-0.21068266034126282,0.10769535601139069,0.31877875328063965,0.3788086771965027,-0.6933466196060181,-0.30679959058761597,0.24996721744537354,-0.1107688695192337,0.13880231976509094,0.12423844635486603,0.20147696137428284,0.23055878281593323,-0.7318204045295715,-0.15885965526103973,0.17884451150894165,0.004571250174194574,0.1404038965702057,0.13719284534454346,-0.14155666530132294,0.10136684030294418,-0.15889719128608704,0.15126006305217743,0.2580157220363617,0.010781621560454369,0.04956364631652832,-0.0505790114402771,0.16883671283721924,0.2882763147354126,0.20136776566505432,0.058302152901887894,-0.23011083900928497,0.6041136980056763,-0.0168994702398777,-0.09160195291042328,0.23848798871040344,0.16674986481666565,-0.3732163608074188,-0.005039834883064032,0.23869895935058594,-0.1751728653907776,-0.3356110453605652,-0.022362127900123596,0.0057598501443862915,0.8104341626167297,-0.28612127900123596,0.19302907586097717,-0.20396268367767334,0.09629557281732559,0.048250604420900345,-0.10487580299377441,0.16620393097400665,0.004123607184737921,0.1951265037059784,0.32244470715522766,-0.8004937171936035,-0.3905497193336487,0.22102153301239014,0.21768660843372345,0.04344607889652252,-0.11772769689559937,0.2735409438610077,0.36638617515563965,-0.1761888861656189,-0.11977778375148773,-0.012978071346879005,-0.1651146113872528,-0.10798154026269913,-0.08415256440639496,-0.029487092047929764,0.314291775226593,0.7485312223434448,-0.1329287588596344,0.05399339273571968,-0.10108000040054321,-0.7153548002243042,0.07265917956829071,0.24288210272789001,-0.1849045604467392,-0.039500072598457336,-0.052897967398166656,-0.3181304335594177,0.10460197925567627,0.08691482990980148,0.188738614320755,0.1563679277896881,-0.14241430163383484,0.07820339500904083,0.055217377841472626,0.19431054592132568,0.09993787854909897,0.3275192379951477,0.1061648577451706,0.235922172665596,-0.0332418791949749,-0.11753449589014053,-0.10593541711568832,-0.1628647893667221,-0.12023217976093292,-0.16753582656383514,0.10297224670648575,-0.2248971164226532,0.5649908185005188,-0.06265266239643097,0.03837273642420769,0.46704182028770447,-0.07059530913829803,-0.09528353810310364,0.3156103491783142,-0.10601924359798431,0.031150471419095993,-0.25185060501098633,-0.15872739255428314,-0.1315450221300125,0.06864023953676224,0.03460531681776047,0.34160560369491577,-0.40199169516563416,-0.013427605852484703,-0.019821759313344955,0.15090033411979675,0.02501443587243557,-0.11928236484527588,-0.01978028379380703,-0.3951292932033539,-0.19965307414531708,0.06417810916900635,-0.27234259247779846,0.07645143568515778,0.09881088882684708,-0.17579229176044464,-0.13923600316047668,0.06329275667667389,0.4893326163291931,0.3046027421951294,0.16221490502357483,0.3009665310382843,-0.005713069345802069,0.030500609427690506,-0.22192081809043884,0.10528038442134857,0.6225154995918274,0.10073243081569672,0.22946695983409882,0.06742919981479645,-0.22302095592021942,0.12700660526752472,-0.21418066322803497,0.09390624612569809,-0.12067095935344696,-0.23944208025932312,-0.023511340841650963,0.08730156719684601,-0.13117751479148865,0.11985423415899277,0.42581090331077576,0.17440512776374817,-0.1084764152765274,0.149642214179039,0.3128730058670044,0.572564423084259,-0.4712570309638977,0.017651895061135292,-0.2517174184322357,0.17505133152008057,-0.4931762218475342,0.06250028312206268,0.4346943795681,-0.10085780918598175,0.032823167741298676,0.04613238945603371,0.2266480177640915,-0.8340824842453003,-0.17334529757499695,0.21957287192344666,-0.20547015964984894,0.010440546087920666,-0.2313072234392166,0.024181295186281204,-0.11984093487262726
CID000005206,1145,0.221776083111763,-0.04343441128730774,-0.060468751937150955,0.7138915657997131,-0.5558289289474487,0.20038774609565735,-0.3575613796710968,0.17863066494464874,-0.12654471397399902,0.18927572667598724,0.5565742254257202,0.0863259881734848,-0.05351734906435013,0.022326689213514328,0.06279436498880386,0.03186386078596115,-0.25752580165863037,-0.16193684935569763,-0.119339719414711,-0.7439199686050415,0.19436797499656677,-0.19076596200466156,-0.37968406081199646,-0.8129180669784546,0.06337925791740417,0.09489090740680695,-0.010216986760497093,-0.07886795699596405,-0.18014493584632874,-0.04532836005091667,0.28687992691993713,0.3979502320289612,0.2000996619462967,-0.05700351670384407,0.0740574449300766,-0.14537176489830017,-0.04080968350172043,0.12971578538417816,0.05084482580423355,-0.11106818914413452,-0.09065516293048859,0.1718735247850418,0.3968711197376251,-0.4325944483280182,0.1668926626443863,0.39011597633361816,-0.09326320886611938,0.09752464294433594,0.17602376639842987,0.19867995381355286,0.668663501739502,-0.2701396942138672,-0.1472855657339096,0.0721229761838913,0.23246589303016663,-0.08105257898569107,0.5376694798469543,0.05745667219161987,0.08024489879608154,0.5375874638557434,-0.158438041806221,-0.10439430177211761,-0.24142806231975555,-0.20442433655261993,0.23111791908740997,0.36715495586395264,-0.10401532799005508,0.20211951434612274,-0.08406206965446472,0.08565796911716461,0.32792243361473083,-0.18928351998329163,-0.1804523468017578,-0.3612216114997864,-0.05680084228515625,0.22503645718097687,0.17812488973140717,-0.30169978737831116,0.011318782344460487,0.09201527386903763,0.35473740100860596,-0.5646508932113647,-0.18465760350227356,0.15325632691383362,0.12133193016052246,0.03172050788998604,0.05484864115715027,0.061720095574855804,0.13818669319152832,-0.6111993193626404,-0.11147860437631607,0.27024227380752563,-0.10901468992233276,0.0009662985685281456,-0.3276348114013672,-0.4199501872062683,0.04958569258451462,-0.37552452087402344,0.1789497435092926,0.2732319235801697,0.18694686889648438,0.20701880753040314,-0.12621311843395233,0.2197551280260086,-0.4544100761413574,0.11405126005411148,0.22738854587078094,0.16309349238872528,0.6116085052490234,0.3890571892261505,0.03381306678056717,0.0797542929649353,0.10428056865930557,-0.1944449096918106,-0.07710961252450943,0.010813431814312935,-0.09783374518156052,-0.1646406650543213,0.2259659767150879,0.42528533935546875,0.8783348798751831,-0.23354093730449677,0.1498664766550064,0.24331772327423096,-0.23161594569683075,0.01443894486874342,-0.08237312734127045,-0.22159242630004883,-0.008036299608647823,0.13741211593151093,0.01195593737065792,-0.7655376195907593,-0.42670363187789917,0.22755344212055206,0.1628597527742386,-0.1129535660147667,-0.10869262367486954,0.13613255321979523,-0.3046215772628784,-0.7193149924278259,-0.08964617550373077,0.05070222169160843,-0.12083838135004044,-0.14726024866104126,-0.05409649759531021,-0.07324802130460739,0.23664140701293945,0.5857201814651489,-0.14595413208007812,0.20898135006427765,-0.435566246509552,-0.6464313864707947,-0.11166863143444061,0.03729037567973137,0.004221814684569836,0.17991529405117035,-0.11992667615413666,-0.009007382206618786,-0.3872663378715515,0.2848980724811554,-0.2599741816520691,0.10845039039850235,-0.133213609457016,0.07607089728116989,-0.11132711172103882,-0.1008979082107544,-0.22061526775360107,0.4344819486141205,0.2377244234085083,-0.049081820994615555,0.07353498786687851,-0.375958651304245,0.018530329689383507,-0.27729088068008423,-0.0514412596821785,-0.06524109840393066,0.08768556267023087,-0.13619683682918549,0.7011915445327759,0.17089910805225372,-0.25435033440589905,0.29016080498695374,-0.24910017848014832,0.04738529399037361,-0.06942503154277802,0.2682400345802307,-0.21525876224040985,-0.3719384968280792,-0.2147517204284668,-0.2434157133102417,-0.010770684108138084,-0.1006956472992897,0.07550749182701111,-0.28857675194740295,-0.009567340835928917,0.028629768639802933,-0.03426915407180786,-0.0033684582449495792,-0.10003433376550674,0.04045041650533676,-0.26258355379104614,-0.3505334258079529,0.08350811153650284,-0.035858191549777985,-0.2413593977689743,0.22391781210899353,-0.33481475710868835,0.11938029527664185,0.2926492393016815,0.6257333159446716,0.192567378282547,0.11587796360254288,0.15005651116371155,0.0785333514213562,0.2588476538658142,-0.2324938327074051,0.11251147091388702,0.590226948261261,-0.08192858844995499,0.11722664535045624,0.26712465286254883,0.1546887904405594,-0.21745488047599792,-0.3972627520561218,-0.080589160323143,-0.4689663052558899,-0.17742720246315002,-0.3546200394630432,0.10946957767009735,0.27220800518989563,0.00949009321630001,0.20433838665485382,-0.07917876541614532,0.1374470293521881,0.1551510989665985,-0.04821110516786575,0.6499884128570557,-0.1740458905696869,0.18896427750587463,-0.1492166668176651,-0.06449027359485626,-0.5862343311309814,-0.07021919637918472,0.0941351130604744,-0.06616907566785812,-0.015594477765262127,-0.41711658239364624,0.059391558170318604,-1.0853909254074097,-0.2934975028038025,0.2611447274684906,0.27540022134780884,0.2834811806678772,-0.15332098305225372,-0.12359225749969482,-0.12547390162944794
CID000131536,1150,0.0325440987944603,0.14280852675437927,0.12719766795635223,0.6391438245773315,-0.46365174651145935,-0.10061474144458771,0.02529735304415226,0.1115407720208168,0.09504492580890656,0.18577304482460022,0.16820403933525085,-0.3988993763923645,-0.08201928436756134,-0.006668837275356054,-0.030349021777510643,-0.014068755321204662,-0.024611802771687508,-0.04087110236287117,0.16505178809165955,-0.5937522649765015,-0.055330801755189896,-0.32647210359573364,-0.15108241140842438,-0.9663903117179871,0.32054078578948975,0.2684139609336853,-0.015545223839581013,0.11915843188762665,-0.23606128990650177,-0.0011500350665301085,-0.04542332887649536,0.1033826470375061,-0.05502086877822876,-0.24286115169525146,-0.009616720490157604,0.12969273328781128,0.1869644820690155,-0.12975987792015076,0.08435332030057907,-0.3675558865070343,-0.06759455054998398,-0.3803151845932007,0.152133971452713,-0.2575327157974243,0.030909668654203415,0.2065764218568802,0.037520598620176315,0.013081774115562439,0.13991549611091614,0.11844692379236221,0.5305326581001282,-0.19541847705841064,-0.13806883990764618,-0.09751501679420471,-0.06391595304012299,-0.26273202896118164,0.44982680678367615,0.1750098466873169,0.40109896659851074,-0.07062007486820221,-0.16936945915222168,-0.1653783619403839,0.016399288550019264,0.12028328329324722,0.10187479108572006,0.7774444818496704,-0.2084258496761322,-0.0505659393966198,0.050716083496809006,-0.06906946003437042,0.06457800418138504,0.147853821516037,-0.029060084372758865,-0.22423681616783142,-0.13117998838424683,0.14805838465690613,-0.08675999194383621,-0.06705228984355927,-0.09731011092662811,-0.21506623923778534,-0.0890701487660408,-0.4292452931404114,-0.397644579410553,-0.1915874183177948,0.14585551619529724,-0.13666483759880066,0.1633131206035614,0.27951550483703613,0.19552136957645416,-0.5272248983383179,0.1242363303899765,0.13369125127792358,0.024839933961629868,-0.09650206565856934,0.07585229724645615,-0.20092792809009552,0.36144131422042847,-0.15167951583862305,0.02669844590127468,-0.05466310307383537,-0.24643787741661072,-0.33918797969818115,-0.09307175874710083,0.12013973295688629,0.02414814569056034,0.16776977479457855,0.4360508322715759,-0.13338537514209747,0.664324164390564,0.3527017831802368,-0.08273382484912872,0.2191045582294464,-0.2670368254184723,-0.7044155597686768,0.05093228071928024,0.35561898350715637,-0.10822669416666031,0.07184679806232452,0.10430626571178436,0.21369409561157227,0.863237738609314,-0.5549731850624084,0.18226704001426697,0.2430911511182785,-0.12397997081279755,0.13161179423332214,0.049248214811086655,0.09435465186834335,0.14555878937244415,-0.012409730814397335,0.06824640929698944,-0.5448389053344727,-0.565544843673706,-0.009160509333014488,0.06403756886720657,0.26991236209869385,0.04802427440881729,0.07071875035762787,-0.23952527344226837,-0.14275741577148438,-0.1374487578868866,0.03144221380352974,0.0052969385869801044,-0.013754971325397491,0.00926552526652813,0.14406785368919373,-0.1500196009874344,0.47319358587265015,0.04793374985456467,0.3589969873428345,-0.1450398862361908,-0.39244544506073,-0.5427569150924683,0.0928821712732315,-0.19905950129032135,0.11389102786779404,-0.008048592135310173,0.1940600574016571,-0.21294951438903809,0.09789546579122543,0.1281861811876297,0.31414908170700073,-0.0491698794066906,0.30010515451431274,-0.20604534447193146,-0.44874534010887146,-0.14272046089172363,0.14425814151763916,0.11295010894536972,0.4232965111732483,-0.0969722643494606,-0.13396470248699188,-0.07587464153766632,-0.05311635881662369,0.041054267436265945,-0.1675746738910675,0.11225734651088715,-0.10711928457021713,0.5958426594734192,-0.02692638710141182,-0.1431567370891571,0.025070253759622574,-0.011170301586389542,-0.06406079232692719,-0.1393665373325348,-0.06466996669769287,0.008766722865402699,-0.11070277541875839,-0.0030784786213189363,-0.1837756335735321,-0.03260405734181404,-0.09545592963695526,0.02932339906692505,0.0209174957126379,0.13824975490570068,-0.14966526627540588,-0.12781232595443726,0.21378839015960693,-0.09013643860816956,-0.24445994198322296,-0.4970359206199646,-0.4060162901878357,-0.05220017582178116,-0.3765645921230316,0.10580607503652573,0.11819447576999664,-0.0034454769920557737,0.09510824829339981,0.38960832357406616,0.6178420782089233,0.41673436760902405,-0.1568533033132553,0.28220322728157043,0.05314989760518074,0.1861346960067749,-0.046865902841091156,0.11060706526041031,0.7254259586334229,0.21750423312187195,0.017535272985696793,-0.048444926738739014,0.09732133150100708,0.12773878872394562,-0.15026900172233582,0.39111948013305664,-0.08000950515270233,-0.039410483092069626,-0.16654857993125916,-0.2927754521369934,-0.26774507761001587,-0.06871502101421356,0.33366018533706665,0.2230442464351654,-0.08481313288211823,0.18221847712993622,0.09883210808038712,0.485118567943573,-0.09280464798212051,0.14560911059379578,-0.26580289006233215,0.07587052136659622,-0.11791336536407471,0.1525586098432541,0.10346072912216187,-0.11683394759893417,-0.05988121032714844,0.008085298351943493,-0.014514574781060219,-0.560230016708374,0.025933196768164635,0.2856075167655945,0.07641349732875824,0.11605395376682281,-0.22325249016284943,0.1621866375207901,-0.03933798149228096
CID000003964,1155,-0.06048649549484253,0.11385641247034073,-0.08037678897380829,0.41027921438217163,-0.4203375279903412,0.13279137015342712,0.21269357204437256,0.2518313527107239,0.17437399923801422,0.20658862590789795,0.2689956724643707,0.18748749792575836,0.07172433286905289,0.1774558275938034,-0.15438419580459595,-0.14837495982646942,-0.09312771260738373,-0.01824100874364376,0.2366819828748703,-0.4724487364292145,-0.1553710252046585,-0.2717638611793518,-0.04182043671607971,-0.7836817502975464,0.05861659720540047,0.2673738896846771,-0.11612655967473984,0.032846830785274506,0.13398294150829315,0.15879052877426147,-0.13893906772136688,0.20019760727882385,0.15161347389221191,0.15376152098178864,0.12517349421977997,-0.012388348579406738,-0.020044615492224693,-0.04282178729772568,0.14550209045410156,-0.11389639228582382,-0.06836500018835068,-0.16616328060626984,0.3483414053916931,-0.32196906208992004,-0.23757651448249817,0.4638354778289795,0.0605115108191967,-0.10040233284235,0.058659255504608154,-0.09150905907154083,0.27012816071510315,0.368850439786911,-0.2623675465583801,0.01774313487112522,0.20408956706523895,-0.2463436871767044,0.1256837397813797,0.11399664729833603,0.07144247740507126,-0.20240958034992218,-0.12611348927021027,-0.21912989020347595,-0.2540544867515564,0.13754133880138397,0.18881544470787048,0.31683072447776794,-0.17541351914405823,0.007858425378799438,0.1567172110080719,-0.07673211395740509,0.13275393843650818,0.07516717165708542,-0.35379675030708313,-0.34993693232536316,-0.20473234355449677,-0.020715022459626198,0.02573625184595585,0.10568177700042725,-0.16053448617458344,-0.0180671364068985,0.15069785714149475,-0.5047934651374817,-0.19351139664649963,-0.20419661700725555,-0.033462949097156525,-0.10600963979959488,0.33597734570503235,-0.011696609668433666,-0.028078455477952957,-0.5769475698471069,-0.001754975295625627,0.1687963604927063,0.04591526836156845,-0.08716066181659698,-0.03733852878212929,-0.24846167862415314,-0.025402043014764786,0.1029268279671669,-0.15443408489227295,0.04438399523496628,-0.2132616937160492,-0.17275390028953552,0.007208332419395447,0.1892974078655243,0.017789972946047783,0.04929834231734276,0.12816250324249268,0.18973055481910706,0.5177408456802368,0.107085682451725,-0.08957807719707489,0.15441182255744934,0.01789950765669346,-0.20196738839149475,0.12134967744350433,0.10800527036190033,-0.06023149937391281,-0.1936751902103424,-0.10637512058019638,0.35725903511047363,0.5908254981040955,-0.25533783435821533,0.26195192337036133,0.232081338763237,0.021545302122831345,0.1559181660413742,0.07993555814027786,0.14204929769039154,0.22541365027427673,-0.12219151109457016,-0.027647484093904495,-0.49176865816116333,-0.31831473112106323,0.11481986939907074,0.11128485202789307,-0.14492759108543396,0.07203954458236694,0.18389372527599335,-0.31129342317581177,-0.252282053232193,-0.20376789569854736,0.09818600118160248,0.033290792256593704,-0.21094617247581482,-0.012444598600268364,0.1386827528476715,-0.20935936272144318,0.284106582403183,0.2684250473976135,0.13726142048835754,0.07826223969459534,-0.3801707625389099,-0.11747336387634277,-0.05273447185754776,-0.2805141806602478,0.017365116626024246,-0.17115335166454315,-0.11493060737848282,0.10193479061126709,0.3034500479698181,-0.18583586812019348,-0.07701613008975983,-0.05218963697552681,0.10426847636699677,0.05128319934010506,-0.22113469243049622,-0.3009234368801117,0.13411426544189453,-0.196617990732193,0.17216256260871887,0.218959778547287,-0.14923861622810364,-0.25768426060676575,-0.3000694215297699,0.15647393465042114,-0.04226037859916687,0.1759289801120758,-0.2876496911048889,0.39955025911331177,-0.4225315451622009,-0.003155431244522333,0.07059285789728165,-0.22163362801074982,-0.29699528217315674,0.005405007395893335,0.24438849091529846,-0.09776489436626434,0.14778868854045868,-0.0758228749036789,-0.3118886351585388,0.17637397348880768,-0.14853249490261078,0.056490033864974976,0.06154362112283707,0.1438697874546051,-0.14624017477035522,-0.019964151084423065,0.06391503661870956,-0.09948879480361938,0.030719369649887085,0.17824426293373108,-0.2445223331451416,-0.055967144668102264,-0.411860853433609,0.024208173155784607,-0.060960717499256134,-0.08361698687076569,-0.04479198902845383,-0.06325802952051163,0.43247294425964355,0.3416038155555725,-0.15335622429847717,0.3975484371185303,0.12571103870868683,0.20467810332775116,-0.2619720995426178,-0.0779041200876236,0.23783521354198456,0.14651699364185333,0.040669895708560944,-0.07328225672245026,0.08644655346870422,-0.03042556717991829,-0.22803428769111633,0.148172527551651,0.04838580638170242,0.20945456624031067,-0.4461042284965515,-0.04370879381895065,-0.20994389057159424,-0.09113374352455139,-0.10254069417715073,0.19205455482006073,0.02933487854897976,0.03102932497859001,-0.16730216145515442,0.2655319571495056,-0.2136390656232834,0.10761835426092148,-0.14234104752540588,0.09726887196302414,-0.2894352376461029,0.2183850258588791,0.1654236912727356,-0.08143708854913712,0.05413787439465523,0.002890288829803467,-0.046871207654476166,-0.6162124872207642,-0.07365287840366364,0.2517240345478058,-0.23922979831695557,0.060677122324705124,-0.22884929180145264,0.09104747325181961,0.02229493483901024
CID000041317,1158,0.11644132435321808,-0.08964212238788605,0.005162877030670643,0.43787044286727905,-0.45286068320274353,0.14603769779205322,0.1509677916765213,0.22233298420906067,-0.21718493103981018,0.26134413480758667,0.17525917291641235,0.005566114094108343,-0.05156465247273445,0.09211722016334534,-0.13859330117702484,0.06602198630571365,-0.17670008540153503,-0.004160404205322266,0.24656546115875244,-0.4638592600822449,0.055946193635463715,-0.33310171961784363,-0.2338148057460785,-0.6424381732940674,0.04741460829973221,0.024245750159025192,-0.140298992395401,0.014277455396950245,-0.050216175615787506,0.05448583513498306,0.03972417861223221,0.32409316301345825,0.18280594050884247,0.23052091896533966,-0.0767805427312851,-0.07864274084568024,0.13072797656059265,0.09877033531665802,0.3382362127304077,-0.041887521743774414,0.01610095426440239,-0.2431003302335739,0.12004569917917252,-0.13630110025405884,-0.14771254360675812,0.24441108107566833,0.05068673938512802,-0.04007572680711746,0.18230772018432617,-0.006988984532654285,0.32518455386161804,-0.020309001207351685,-0.17050284147262573,-0.13720548152923584,-0.05297095701098442,-0.06671931594610214,0.028705138713121414,0.06919097900390625,0.054986029863357544,-0.22630782425403595,-0.19535383582115173,-0.2978570759296417,-0.00043261051177978516,-0.1131250411272049,0.22306938469409943,0.3044547438621521,-0.19533729553222656,-0.10222385823726654,0.36779525876045227,-0.059210050851106644,-0.07402924448251724,-0.30740055441856384,-0.41497793793678284,-0.34012478590011597,-0.06543218344449997,0.024669205769896507,-0.32967299222946167,-0.06566284596920013,-0.010514738969504833,-0.13976697623729706,0.20916815102100372,-0.7357202172279358,-0.3317890763282776,0.2389700710773468,0.0668097585439682,-0.20824559032917023,0.17813563346862793,0.03549431264400482,-0.23514589667320251,-0.6965339183807373,-0.11522047221660614,0.17209771275520325,0.1478307843208313,0.030862849205732346,-0.18353620171546936,-0.24678364396095276,0.007713493891060352,-0.46311354637145996,-0.3806346356868744,0.1672062873840332,-0.15054239332675934,0.025566428899765015,-0.01866864040493965,0.4600309431552887,0.02135034278035164,-0.01625354215502739,0.003934747073799372,-0.16669003665447235,0.5237656831741333,-0.1672355830669403,-0.02327580191195011,0.07309795171022415,-0.13871654868125916,-0.04335959628224373,0.06645470857620239,0.1449994146823883,-0.2795320153236389,-0.12751856446266174,-0.2003457248210907,0.3418155312538147,0.7516224384307861,-0.06260128319263458,0.13831868767738342,-0.026338934898376465,-0.02340015210211277,0.23048751056194305,0.010675433091819286,0.1323051154613495,0.14565059542655945,0.018815014511346817,0.2664482891559601,-0.5754072070121765,-0.26210761070251465,0.12649382650852203,0.1909138262271881,0.030444931238889694,-0.28469911217689514,0.3103172183036804,-0.11831460148096085,-0.19725245237350464,-0.20182088017463684,0.07698041945695877,-0.031285107135772705,-0.07228392362594604,-0.05352387949824333,0.07973600178956985,-0.09624551981687546,0.41971415281295776,0.06176440045237541,0.10844588279724121,-0.04897941276431084,-0.2638397812843323,0.053042441606521606,0.037497345358133316,-0.3138490617275238,-0.09413556009531021,-0.10593022406101227,-0.03949659317731857,0.11305786669254303,0.2195887565612793,-0.24259424209594727,-0.10109539330005646,-0.011206996627151966,0.02680065855383873,-0.00024706125259399414,-0.09539186954498291,-0.26289501786231995,0.19402465224266052,0.10981149971485138,0.07468457520008087,0.002703838748857379,-0.03766780346632004,-0.08409090340137482,-0.28459519147872925,0.14077088236808777,-0.09938769042491913,0.1864059418439865,-0.12348010390996933,0.4172043800354004,0.03313615918159485,0.1722324788570404,-0.13701008260250092,-0.02738332748413086,-0.3109505772590637,0.24174050986766815,0.10870718955993652,-0.311504065990448,0.23374252021312714,-0.13226521015167236,-0.15606491267681122,0.01673581637442112,0.20808152854442596,0.3252922594547272,-0.0020302950870245695,0.12304811179637909,-0.23267868161201477,0.15451641380786896,0.07753333449363708,0.1061020940542221,0.26515135169029236,0.13056805729866028,-0.2645651400089264,0.012942862696945667,-0.11006318032741547,0.35134395956993103,-0.0599316842854023,0.05967019870877266,0.16653434932231903,0.10817398130893707,0.35484758019447327,0.2971685826778412,0.3856520354747772,0.2721277177333832,0.27989086508750916,0.013827988877892494,-0.17268645763397217,-0.08987011760473251,0.19366595149040222,-0.05543520301580429,-0.06497200578451157,0.1538752317428589,-0.21737201511859894,-0.2759029269218445,-0.2767321467399597,0.09843270480632782,-0.40122175216674805,0.3277207314968109,-0.039753712713718414,0.016931572929024696,0.05059478431940079,-0.02996213361620903,0.07025512307882309,0.13814762234687805,0.0333937369287014,0.12085233628749847,0.1568511426448822,0.45054545998573303,-0.555648684501648,0.19308122992515564,-0.0905369371175766,0.27719393372535706,-0.5092583894729614,0.16849051415920258,0.32485231757164,-0.23143689334392548,-0.11307479441165924,0.16311456263065338,0.09986234456300735,-0.7232058644294739,-0.16363850235939026,0.21764948964118958,-0.2851380407810211,0.04106105491518974,-0.27423542737960815,-0.015973052009940147,-0.11279310286045074
CID000005297,1159,0.3073746860027313,0.23611144721508026,-0.08425357192754745,0.363945335149765,-0.5118061900138855,0.18165592849254608,-0.0301138274371624,0.17316295206546783,0.07215702533721924,0.4695221781730652,-0.012717818841338158,-0.20181027054786682,-0.35062459111213684,0.5673636198043823,-0.004347938112914562,-0.1926986277103424,-0.23283925652503967,-0.29932308197021484,0.2769034504890442,-0.4687954783439636,0.25518015027046204,0.11413677036762238,0.06237981468439102,-0.687505841255188,-0.29306450486183167,-0.18141941726207733,-0.4115777909755707,-0.28401580452919006,0.075502410531044,0.22752246260643005,-0.1953718662261963,0.20196524262428284,-0.037969205528497696,0.04633575305342674,-0.1180185079574585,0.10723395645618439,-0.0028172850143164396,0.47705620527267456,0.17708541452884674,-0.013442548923194408,-0.15926790237426758,0.008473744615912437,0.09135108441114426,0.06881802529096603,-0.17305722832679749,0.16378313302993774,0.015049207024276257,-0.0011189908254891634,-0.04249625280499458,0.21388959884643555,0.5274901390075684,-0.13480977714061737,-0.10662702471017838,0.16291317343711853,0.2023947685956955,-0.22077564895153046,0.31117674708366394,0.1331697404384613,0.5873187184333801,0.09240753948688507,-0.14900323748588562,-0.4395222067832947,-0.22489897906780243,-0.13518574833869934,-0.00967845693230629,0.7642451524734497,-0.31130531430244446,0.18893501162528992,0.17131419479846954,0.09423144161701202,0.08295224606990814,-0.3319113850593567,-0.36076217889785767,-0.6354156136512756,-0.07313168048858643,0.44980210065841675,0.11096890270709991,-0.19643667340278625,-0.14531159400939941,-0.028874311596155167,-0.17001955211162567,-0.4328865110874176,-0.2823333740234375,0.2684691548347473,-0.045109137892723083,-0.6912838220596313,0.05066074803471565,0.17823490500450134,0.03666391223669052,-0.8693352937698364,0.0169927179813385,0.22640493512153625,0.08963434398174286,0.07119239866733551,-0.10632987320423126,-0.4353761076927185,-0.20441517233848572,0.06336431205272675,0.09714685380458832,0.34802013635635376,-0.17059707641601562,0.26648980379104614,0.0006817608955316246,0.343332976102829,-0.21642501652240753,-0.17206017673015594,0.08519059419631958,0.026617756113409996,0.18848423659801483,-0.09595255553722382,-0.1683730185031891,0.32627230882644653,0.08220221847295761,-0.3872664272785187,-0.2141958475112915,0.26180970668792725,-0.06609858572483063,-0.2456447184085846,-0.145656019449234,0.08663545548915863,0.6233133673667908,-0.07673398405313492,0.1729091852903366,0.014204973354935646,-0.282895565032959,0.5087466835975647,-0.1973901093006134,-0.5884541869163513,0.17997434735298157,-0.24424004554748535,0.03871549293398857,-0.530346691608429,-0.4648401141166687,0.10278824716806412,0.23149558901786804,0.4251086115837097,0.10588432848453522,0.45193299651145935,-0.008785980753600597,-0.26431939005851746,0.03808083385229111,0.5139700770378113,0.024197641760110855,-0.20521816611289978,0.1585969626903534,0.13840565085411072,-0.4456408619880676,0.6680710911750793,-0.08281199634075165,0.09844066202640533,-0.07020130753517151,-0.39592868089675903,0.3038834035396576,0.23287740349769592,-0.32980620861053467,-0.18284334242343903,0.17725858092308044,-0.3051666021347046,0.2661761939525604,0.25923070311546326,-0.015232485719025135,0.02844899334013462,0.06126070022583008,0.07989353686571121,-0.1058136448264122,0.2222452461719513,0.3546763062477112,-0.18202880024909973,-0.2700205445289612,0.1015952080488205,0.028395961970090866,0.05082716420292854,-0.21494564414024353,-0.10749582201242447,-0.14492224156856537,0.06809916347265244,-0.18239493668079376,-0.05642790347337723,0.6144753694534302,0.13061082363128662,0.043098777532577515,0.25808221101760864,-0.15741397440433502,-0.28741899132728577,0.2585794925689697,0.05044257640838623,0.02222580648958683,-0.14855489134788513,0.3392868638038635,-0.36554408073425293,0.30108702182769775,-0.020942384377121925,0.09999747574329376,-0.04434160143136978,0.3919888138771057,0.21410684287548065,0.23956242203712463,-0.06387734413146973,0.027105635032057762,0.4149036407470703,0.09801104664802551,-0.4390909671783447,0.3055446743965149,-0.11369846016168594,0.03856862708926201,0.19448626041412354,-0.22273364663124084,0.1964893639087677,0.9151425361633301,0.44082632660865784,0.36592045426368713,0.42426639795303345,-0.10178804397583008,0.4551338255405426,0.0515909269452095,-0.21892929077148438,0.07872233539819717,0.10971901565790176,0.2081877440214157,0.33635979890823364,0.00020797848992515355,-0.12084104865789413,-0.02086012437939644,-0.2858935594558716,-0.17184218764305115,0.06373917311429977,-0.010148095898330212,-0.32655349373817444,-0.16647708415985107,0.1895471066236496,0.03222546726465225,0.26335710287094116,-0.07655221968889236,-0.2049756944179535,-0.08890729397535324,0.09557119011878967,0.834327220916748,-0.6621543169021606,0.03946324437856674,-0.30560553073883057,0.17343544960021973,-0.3308670222759247,-0.2366400510072708,0.4814978539943695,-0.1596536487340927,-0.042966313660144806,0.24904294312000275,-0.09998836368322372,-0.6843189001083374,-0.3779887557029724,0.2801009714603424,-0.19124045968055725,0.29540103673934937,-0.48757094144821167,0.043737322092056274,0.42607370018959045
CID000004451,1161,-0.04763108119368553,-0.014413461089134216,-0.0570945143699646,0.33402544260025024,-0.3597319424152374,0.05886616185307503,0.24278497695922852,0.20853909850120544,0.11515369266271591,0.2280481606721878,0.1831194907426834,-0.011143838986754417,-0.017987530678510666,0.07014565169811249,-0.2151227444410324,-0.037961196154356,-0.03815868869423866,-0.051463257521390915,0.2736460268497467,-0.4258391261100769,-0.03538169711828232,-0.23466834425926208,0.11583640426397324,-0.895067572593689,-0.08944042026996613,0.11760099232196808,-0.14964139461517334,0.033299919217824936,0.08900444209575653,0.023225778713822365,-0.27997711300849915,0.29918166995048523,-0.041068919003009796,0.047452375292778015,0.07339699566364288,-0.05155768245458603,0.2101835310459137,-0.017040487378835678,0.13406184315681458,-0.24453499913215637,-0.174775630235672,-0.3386540114879608,0.1600995808839798,-0.3010900020599365,-0.07767672836780548,0.44076958298683167,0.14963427186012268,-0.015802200883626938,0.15061675012111664,-0.02485102415084839,0.23250547051429749,0.18119724094867706,-0.31101545691490173,-0.025259727612137794,-0.03896406292915344,-0.1690857857465744,0.019667573273181915,0.04082559794187546,0.2738214433193207,-0.064898781478405,-0.04250483587384224,-0.22270114719867706,-0.26560163497924805,0.011475523002445698,0.2604856789112091,0.45626941323280334,-0.06728093326091766,-0.007562777493149042,0.10873450338840485,0.13348475098609924,0.10340751707553864,-0.00855248887091875,-0.24115996062755585,-0.3751775324344635,-0.23637399077415466,0.055574845522642136,-0.05985645577311516,0.2082330882549286,-0.1209992989897728,0.049315594136714935,-0.013876092620193958,-0.42209941148757935,-0.26143112778663635,-0.07375417649745941,0.18291905522346497,-0.16296347975730896,0.13570630550384521,0.05291673541069031,-0.00017318353638984263,-0.6013585925102234,-0.05751698464155197,0.30470165610313416,-0.01527627557516098,0.020456168800592422,0.06078815460205078,-0.1560535430908203,0.03836951404809952,0.10053710639476776,-0.21174196898937225,-0.014909001998603344,-0.3722548186779022,-0.14340952038764954,-0.10891149193048477,0.3067220151424408,0.27599626779556274,0.0308834258466959,0.19174692034721375,0.12367741763591766,0.5303451418876648,0.009204236790537834,-0.04511597007513046,0.20520846545696259,-0.1951219141483307,-0.3547094762325287,-0.022700529545545578,0.22506050765514374,0.030585747212171555,-0.1327214241027832,-0.19339360296726227,0.24654307961463928,0.5888656377792358,-0.34651994705200195,0.3168908357620239,0.2350548505783081,0.037016890943050385,0.20492777228355408,0.025462115183472633,0.099944107234478,0.24373261630535126,0.026845108717679977,0.017614303156733513,-0.421835333108902,-0.32188230752944946,0.031822044402360916,0.25263842940330505,0.03569746017456055,0.06716497987508774,0.10353636741638184,-0.25833243131637573,-0.12245605885982513,-0.08641231805086136,-0.02326817438006401,0.14565536379814148,0.01585450768470764,-0.02105388604104519,0.17716193199157715,-0.20605364441871643,0.2924332022666931,0.17559993267059326,0.2055746614933014,0.1846647560596466,-0.22887730598449707,-0.007336867041885853,0.12087557464838028,-0.35440751910209656,-0.04534099996089935,-0.06848138570785522,-0.019409984350204468,0.18896722793579102,0.38525187969207764,-0.02177104726433754,0.06473667174577713,-0.0009643614175729454,0.12120112031698227,-0.14758695662021637,-0.14702728390693665,-0.21982912719249725,-0.024755626916885376,-0.2716253399848938,0.2856943905353546,0.06830202043056488,-0.16047516465187073,-0.1896943300962448,-0.321494996547699,0.08655638992786407,-0.14686283469200134,0.18976622819900513,-0.17394420504570007,0.34654736518859863,-0.18332242965698242,0.03641664236783981,0.05825725197792053,-0.10903853178024292,-0.14991028606891632,0.11689326912164688,0.18681544065475464,-0.10323860496282578,-0.0035257874988019466,-0.00018110274686478078,-0.4056355357170105,0.3165411055088043,-0.032239824533462524,0.001805037260055542,0.15008288621902466,0.05813407897949219,-0.11366581916809082,-0.029446979984641075,-0.1012730598449707,-0.023614969104528427,0.105308398604393,0.09112948179244995,-0.2789427638053894,-0.07231874763965607,-0.3319288194179535,0.09033137559890747,-0.20598068833351135,-0.12452177703380585,-0.11586024612188339,0.1366526335477829,0.44125691056251526,0.3138774037361145,0.05568720027804375,0.26447436213493347,0.12636223435401917,0.08706741034984589,-0.030846137553453445,-0.045149434357881546,0.2036399096250534,0.12635329365730286,-0.08606485277414322,-0.023279696702957153,-0.1636940985918045,0.08241842687129974,-0.1556292623281479,0.18815526366233826,0.03356504067778587,0.2665764093399048,-0.05203446000814438,-0.15210819244384766,-0.2414436638355255,-0.11373364925384521,-0.07270628213882446,0.3045610785484314,0.009759427979588509,0.007159045431762934,0.03883510082960129,0.280185341835022,-0.2658483386039734,0.03472977876663208,-0.18523868918418884,0.22359056770801544,-0.27392569184303284,0.0010290133068338037,0.17184998095035553,-0.09854752570390701,0.010114979930222034,0.05736521631479263,0.07129465043544769,-0.5007990598678589,-0.05542216822504997,0.29390889406204224,-0.21380972862243652,-0.03864298015832901,-0.28037917613983154,0.18652048707008362,0.07611866295337677
CID000060815,1167,0.13845756649971008,0.30717843770980835,0.049844734370708466,0.43837571144104004,-0.5687581300735474,0.0520600862801075,0.13262125849723816,0.2554672360420227,0.06705602258443832,0.5818778872489929,0.2134704887866974,0.20121248066425323,0.00881771557033062,0.19077791273593903,0.015709737315773964,-0.2533011734485626,-0.034926507622003555,-0.20580776035785675,0.03647235780954361,-0.4610937237739563,-0.10937543213367462,-0.15232685208320618,0.03336548060178757,-0.793182373046875,0.020709846168756485,0.010810134001076221,-0.09645389020442963,0.0306699275970459,-0.1242593303322792,0.20519430935382843,-0.26258113980293274,0.12850633263587952,-0.06389937549829483,0.07295067608356476,-0.06284040957689285,0.12203504890203476,0.11846031993627548,0.29753047227859497,0.037275973707437515,-0.11670615524053574,-0.1432620733976364,-0.10302235931158066,-0.045058440417051315,-0.3143661618232727,0.0005396656924858689,0.43491023778915405,0.07679735124111176,0.10965635627508163,0.12084460258483887,-0.10847204923629761,0.39263033866882324,0.30887460708618164,-0.24457061290740967,0.14863795042037964,0.1833508014678955,-0.003930936101824045,0.06591895967721939,0.08558028191328049,0.07531223446130753,-0.16080264747142792,-0.16263258457183838,-0.19327692687511444,-0.19356098771095276,0.0406496599316597,0.2089020013809204,0.3188382089138031,-0.27127477526664734,-0.282274454832077,0.31569987535476685,-0.0061647831462323666,0.10170173645019531,-0.12285907566547394,-0.28077295422554016,-0.3284553289413452,-0.41241255402565,-0.0929284393787384,0.18930266797542572,0.10763001441955566,-0.14411325752735138,0.22061577439308167,0.043639976531267166,-0.28835153579711914,-0.30688971281051636,-0.37922102212905884,0.10700869560241699,-0.22965888679027557,0.20053541660308838,-0.006775173358619213,0.2536241412162781,-0.7045019268989563,-0.05728410929441452,0.251163512468338,-0.022126251831650734,0.1211482509970665,0.1715577095746994,-0.38415050506591797,-0.06592507660388947,-0.029419953003525734,-0.16649150848388672,0.1323700249195099,0.14596295356750488,-0.21593956649303436,-0.18787157535552979,0.36298927664756775,-0.07099710404872894,0.15216019749641418,-0.02368435263633728,0.0022194087505340576,0.36477190256118774,0.16962440311908722,-0.15522202849388123,0.19827339053153992,-0.060267724096775055,-0.04671642929315567,-0.06711854785680771,0.2572513818740845,0.07551734894514084,0.0072200000286102295,-0.04416978731751442,0.10969104617834091,0.5896033048629761,-0.09230568259954453,0.2971123158931732,0.39240702986717224,0.04825299233198166,0.16109351813793182,0.10865320265293121,0.04834296926856041,0.41261371970176697,-0.37913304567337036,0.01906055212020874,-0.401899516582489,-0.4890255331993103,0.10445518791675568,0.2395910918712616,0.04508746787905693,0.015239465050399303,0.3516433835029602,-0.23366203904151917,-0.3895428776741028,-0.15633980929851532,0.2101787030696869,0.042747221887111664,-0.20835649967193604,0.03468700870871544,0.22873739898204803,-0.00022563152015209198,0.2858205735683441,0.21870574355125427,0.11419045925140381,0.04583689570426941,-0.42089787125587463,-0.0785650834441185,0.2228708267211914,-0.10870008170604706,0.03980781510472298,-0.10627985000610352,-0.23273655772209167,0.25407224893569946,0.15635612607002258,0.06712789833545685,-0.04976370185613632,-0.041840896010398865,0.2018202245235443,0.002502386225387454,0.14933595061302185,-0.45053648948669434,0.029289990663528442,-0.22496774792671204,0.1874770075082779,0.012520027346909046,-0.22900517284870148,-0.12418551743030548,-0.26696425676345825,0.05874147266149521,-0.12854930758476257,0.09801466017961502,-0.5375940203666687,0.5094172358512878,-0.29891127347946167,0.06092226505279541,0.15737465023994446,-0.2781754434108734,-0.12712261080741882,0.16732478141784668,0.2367771416902542,-0.17974448204040527,0.04872294142842293,-0.09230705350637436,-0.23913788795471191,0.10236521065235138,-0.010460034012794495,0.14362338185310364,-0.19342775642871857,0.15549758076667786,-0.28877386450767517,0.15418310463428497,-0.029706865549087524,-0.07225854694843292,0.3455064296722412,-0.008620381355285645,-0.2517424523830414,-0.2445327341556549,-0.5730670690536499,-0.14209333062171936,-0.0897233635187149,-0.13479399681091309,-0.23642182350158691,0.15104791522026062,0.618637204170227,0.3652028441429138,-0.44655266404151917,0.2943083345890045,0.2645530104637146,0.11590214818716049,-0.15711036324501038,0.21570225059986115,0.15282444655895233,0.07258512079715729,-0.22540946304798126,0.04262460768222809,-0.130766361951828,0.141376331448555,-0.326040118932724,0.031276851892471313,-0.12866708636283875,0.205357626080513,-0.07930060476064682,0.1680087298154831,-0.3107755184173584,-0.1797734797000885,-0.057353388518095016,0.06208627298474312,0.007496229372918606,-0.11260119825601578,0.10909450054168701,0.3160545527935028,-0.17930518090724945,0.03868890553712845,-0.2778471112251282,0.1455897092819214,-0.4993947148323059,-0.057253073900938034,0.10466655343770981,-0.053204964846372604,-0.11927130073308945,0.015900278463959694,0.07417052239179611,-0.5102466344833374,-0.12185277044773102,0.23238737881183624,-0.0012565084034577012,-0.011611920781433582,-0.15055282413959503,0.05029561370611191,0.047110654413700104
CID000005746,1170,0.17130830883979797,0.061477743089199066,0.18864181637763977,0.656217098236084,-0.5268198847770691,0.05292033031582832,0.13899274170398712,0.313986599445343,-0.07155600190162659,0.2485322654247284,-0.1680537611246109,-0.313456654548645,-0.1399124562740326,0.2814965844154358,-0.09903432428836823,0.1860569417476654,0.16551490128040314,-0.08657620847225189,0.018058430403470993,-0.5126975774765015,-0.0875280350446701,-0.3844876289367676,0.09076187759637833,-0.8544396162033081,-0.0005843192338943481,0.10512164980173111,-0.0870727077126503,-0.06830458343029022,-0.0767698585987091,0.14079800248146057,-0.10802121460437775,0.11964261531829834,0.01435554027557373,-0.1209028959274292,0.12177014350891113,-0.06802985817193985,0.05397294834256172,0.2769167423248291,-0.12158241122961044,-0.32705846428871155,-0.00578084122389555,0.12932100892066956,0.1410149335861206,0.009501111693680286,-0.15847298502922058,0.19306476414203644,-0.08865679800510406,-0.017777640372514725,-0.046246156096458435,0.2934311032295227,0.4738103747367859,0.08949447423219681,-0.3128255009651184,-0.12318257987499237,-0.13009682297706604,0.11222109943628311,0.0467633381485939,0.04811931774020195,0.2005661278963089,-0.08123636245727539,-0.11615550518035889,-0.4134446680545807,0.001721584820188582,-0.1977049559354782,0.029264073818922043,0.4137611389160156,-0.2743520736694336,0.002955025527626276,0.3020118176937103,-0.08410312235355377,-0.07190517336130142,0.06533117592334747,-0.19472479820251465,-0.3669319450855255,-0.26557597517967224,0.17988508939743042,0.10037380456924438,-0.003976583946496248,-0.08668099343776703,-0.08788398653268814,0.26108482480049133,-0.3346595764160156,-0.28005966544151306,-0.08748559653759003,0.1117703914642334,0.08882186561822891,-0.007715851068496704,0.3068484663963318,0.12843939661979675,-0.4346490502357483,-0.06274261325597763,0.202478289604187,-0.07847091555595398,-0.14012697339057922,-0.06442715972661972,-0.12609180808067322,0.22379930317401886,-0.01816149428486824,0.00294954190030694,0.02744344435632229,0.014069611206650734,-0.09728363901376724,-0.031153524294495583,0.1342349350452423,0.07034363597631454,-0.05259539932012558,0.1909884363412857,-0.19596251845359802,0.3892275393009186,-0.023889005184173584,0.06537880748510361,0.16765442490577698,-0.0739942342042923,-0.3532770872116089,0.2870817184448242,0.34109553694725037,-0.18699012696743011,0.06952010840177536,0.010318785905838013,0.23751087486743927,0.736598014831543,-0.3534485697746277,0.14247524738311768,0.3364105224609375,-0.2760466933250427,0.3465603291988373,0.07584906369447708,-0.18827888369560242,0.0989837795495987,0.1807096153497696,0.15436990559101105,-0.5508057475090027,-0.5612673163414001,0.15125958621501923,0.12920358777046204,0.22275260090827942,0.03805011883378029,0.27405545115470886,0.2304600179195404,-0.04283086955547333,-0.14317885041236877,0.11929676681756973,0.14011640846729279,0.15102919936180115,-0.05474066734313965,0.12033228576183319,-0.20208792388439178,0.5165899991989136,0.055740486830472946,0.4222199022769928,0.13250215351581573,-0.5235828757286072,-0.17876669764518738,-0.01815609261393547,-0.1052250862121582,-0.09762461483478546,0.05529611557722092,-0.10061224550008774,-0.0652715191245079,0.08511202037334442,0.0257584098726511,0.08868227899074554,-0.03828006982803345,0.048560261726379395,-0.2506176829338074,0.11315224319696426,-0.17548315227031708,0.010616281069815159,0.06145520135760307,0.08676285296678543,0.03402863070368767,0.05849785730242729,-0.1848737746477127,-0.15658043324947357,0.14994771778583527,-0.10181993246078491,0.1618250161409378,-0.0761122778058052,0.7669669389724731,-0.11466377973556519,-0.33597391843795776,0.010229924693703651,-0.09786500781774521,0.029143106192350388,0.15416543185710907,-0.14710280299186707,0.03221933916211128,-0.0020259381271898746,0.2164636105298996,-0.38600724935531616,0.005436623003333807,0.25556880235671997,0.16179338097572327,-0.2126816213130951,0.31015825271606445,0.12118737399578094,0.10135561227798462,-0.013343477621674538,-0.02689015306532383,-0.16272923350334167,0.00723221292719245,-0.4525853991508484,0.03792963922023773,-0.32622551918029785,-0.07782049477100372,-0.058539021760225296,0.10631954669952393,-0.10322266817092896,0.021928096190094948,0.5129122734069824,0.2776142358779907,-0.0073403241112828255,0.29276999831199646,-0.015530338510870934,0.15718291699886322,-0.13283857703208923,0.18682387471199036,0.40089479088783264,0.08789725601673126,0.17780205607414246,-0.2802813649177551,0.11497388035058975,-0.0509568527340889,-0.08757247030735016,0.1829526126384735,0.06743097305297852,0.05959527567028999,-0.16058185696601868,-0.08480286598205566,-0.023741936311125755,-0.00014432371244765818,0.08409927040338516,0.3088609576225281,-0.09751086682081223,0.12109556049108505,0.1967199444770813,0.5455688238143921,-0.43305841088294983,0.006796305067837238,-0.18790438771247864,-0.024156101047992706,-0.13941222429275513,0.25528648495674133,0.2250526249408722,-0.257365882396698,-0.14807283878326416,-0.04267235845327377,0.01232575811445713,-0.6180101633071899,-0.11498011648654938,0.20934975147247314,-0.11469326168298721,0.2925756573677063,-0.2587188184261322,-0.068435437977314,0.2172081172466278
CID000002733,1191,0.11978131532669067,-0.1503400206565857,0.0464777909219265,0.3315051794052124,-0.5208176374435425,0.08107005059719086,0.34226009249687195,0.2811967730522156,0.038196880370378494,0.30409368872642517,0.2260439097881317,0.07035624980926514,-0.05135602876543999,0.11716192960739136,-0.23425135016441345,-0.10458076000213623,-0.052013617008924484,-0.06438343226909637,0.11306878179311752,-0.37575864791870117,0.004487329628318548,-0.25913625955581665,0.1405809223651886,-0.7658048868179321,0.2207227498292923,0.08807927370071411,-0.06148626655340195,-0.0020976215600967407,0.022486373782157898,0.09652596712112427,0.06741203367710114,0.16943053901195526,0.12220406532287598,-0.05284683033823967,0.019756801426410675,-0.11042989790439606,0.2636494040489197,0.09510042518377304,0.2318187952041626,-0.061539649963378906,0.0298705343157053,-0.23812873661518097,0.1983059048652649,-0.1874159276485443,-0.18137376010417938,0.30148133635520935,0.039380691945552826,-0.0003534702700562775,0.13772012293338776,0.06473768502473831,0.22927415370941162,0.16264279186725616,-0.2691380977630615,0.04874325916171074,0.06367593258619308,-0.08382000774145126,0.09241154789924622,0.1590176373720169,0.05914672464132309,-0.00265160808339715,-0.20781226456165314,-0.3285781741142273,0.13676795363426208,0.019678611308336258,0.17651841044425964,0.2876138687133789,-0.20334091782569885,-0.1463727504014969,0.20664027333259583,0.19165107607841492,0.03139817714691162,-0.058019332587718964,-0.4002586007118225,-0.40944892168045044,-0.22130508720874786,0.05122788995504379,-0.07856816053390503,0.07957708835601807,-0.004520012531429529,-0.15604735910892487,0.01242910884320736,-0.6736614108085632,-0.3107351064682007,0.17586317658424377,0.07805290073156357,-0.04333241656422615,0.12443859875202179,0.15403340756893158,-0.010266924276947975,-0.6267038583755493,-0.07073152810335159,0.14956264197826385,-0.004916121251881123,-0.056717563420534134,0.039368271827697754,-0.2075619250535965,-0.25360652804374695,0.12711739540100098,-0.19908882677555084,0.010335003957152367,-0.18047872185707092,0.07962754368782043,-0.005490723066031933,0.40265947580337524,0.22438621520996094,-0.024980222806334496,-0.14582392573356628,0.037588927894830704,0.41594815254211426,-0.2862781882286072,-0.08214259147644043,0.10678394883871078,-0.09061924368143082,-0.04524870216846466,-0.024265790358185768,0.18127867579460144,0.03875257447361946,0.010312763042747974,-0.13565674424171448,0.25491586327552795,0.5903691053390503,-0.21250899136066437,0.25370949506759644,0.18276222050189972,-0.039935313165187836,0.2346193790435791,0.025483373552560806,-0.0009086239151656628,0.23540064692497253,0.07288467884063721,0.14621569216251373,-0.5171504020690918,-0.47485384345054626,0.081708163022995,0.27502748370170593,-0.0014719307655468583,-0.11492767184972763,0.3165808916091919,-0.1898035705089569,-0.22311563789844513,-0.17340640723705292,0.18585336208343506,0.04238363355398178,-0.0761137455701828,-0.03235207498073578,0.07633364945650101,-0.06932280212640762,0.29145708680152893,0.014552521519362926,0.16489671170711517,0.10601890087127686,-0.17633198201656342,-0.18166282773017883,0.17816072702407837,-0.288377583026886,-0.08510702848434448,-0.06612114608287811,-0.01958625391125679,-0.07134033739566803,0.18997438251972198,-0.15744097530841827,0.14362673461437225,0.01873941160738468,0.07786522805690765,-0.15205736458301544,-0.09227366745471954,-0.20239369571208954,0.19811590015888214,0.030648598447442055,0.1606355905532837,0.013910641893744469,-0.08250917494297028,-0.15510231256484985,-0.09904441982507706,0.055073082447052,0.018481943756341934,0.19018703699111938,-0.21240511536598206,0.31576257944107056,-0.042564041912555695,0.18637493252754211,0.059683870524168015,-0.055468685925006866,-0.17422020435333252,0.046738773584365845,0.2150118350982666,-0.032373346388339996,0.07048322260379791,-0.049081720411777496,-0.2745541036128998,-0.10440532118082047,0.007752083241939545,0.2686477601528168,0.022417208179831505,0.11977039277553558,-0.14950987696647644,0.052631646394729614,-0.002718708012253046,0.1100839376449585,0.03858765959739685,0.18742533028125763,-0.40782612562179565,0.004927015397697687,-0.2819019854068756,0.052355557680130005,-0.17788293957710266,-0.13132761418819427,0.1854722499847412,-0.0708136186003685,0.3658204972743988,0.31583112478256226,0.2561190128326416,0.31791916489601135,0.1874496191740036,0.053768087178468704,-0.034742020070552826,-0.16632407903671265,0.12782816588878632,0.09357404708862305,-0.006369054317474365,0.056226156651973724,-0.08526840806007385,0.014384371228516102,-0.16702255606651306,-0.04357026144862175,0.07890890538692474,0.14097796380519867,-0.07704327255487442,0.046033184975385666,-0.021868636831641197,-0.046803515404462814,-0.13548192381858826,0.23614947497844696,-0.011358070187270641,-0.12496791034936905,0.07287607342004776,0.30029767751693726,-0.4627631604671478,0.05958307906985283,-0.040865857154130936,0.15450803935527802,-0.35027167201042175,0.03299187868833542,0.3665348291397095,0.027755528688430786,-0.0983840674161911,0.0854945033788681,-0.0008040890097618103,-0.611203670501709,-0.08879382908344269,0.2725222110748291,-0.42115259170532227,0.08861102908849716,-0.3907428979873657,0.07414267957210541,0.0831967145204544
CID000005210,1204,0.26593661308288574,0.07360847294330597,0.32808202505111694,0.7661855816841125,-0.1344182789325714,0.19957679510116577,-0.02862958051264286,0.2710273861885071,-0.16383080184459686,-0.13072659075260162,0.1851033866405487,0.2621687352657318,-0.49237412214279175,0.10598404705524445,-0.2841469645500183,-0.05400802567601204,0.0643918588757515,-0.2160174548625946,0.10650230944156647,-0.7861783504486084,0.14760136604309082,-0.13359485566616058,0.28900378942489624,-1.0280060768127441,-0.17416688799858093,-0.09360112249851227,-0.18276822566986084,0.04499702900648117,0.10345317423343658,0.036616913974285126,0.10302610695362091,0.3131573796272278,-0.15171858668327332,-0.1858656406402588,0.10251431167125702,-0.12487969547510147,0.08021686971187592,-0.18818697333335876,0.12484127283096313,-0.16848218441009521,0.02474302239716053,0.01604211889207363,0.04522771015763283,-0.4749707579612732,-0.07641152292490005,0.458759069442749,-0.26967620849609375,-0.06903445720672607,-0.07611764967441559,0.13388855755329132,0.5652875304222107,-0.269890695810318,-0.03361731395125389,0.05510016158223152,0.08805986493825912,-0.059111088514328,0.05953098461031914,0.24115431308746338,-0.20941221714019775,0.1679621785879135,0.01935333013534546,-0.007425212766975164,-0.16241426765918732,-0.03489029407501221,0.22838115692138672,0.6849284768104553,-0.3489792048931122,0.010446649976074696,-0.14975455403327942,-0.08352161943912506,0.058965932577848434,0.42737478017807007,-0.17976193130016327,-0.18073800206184387,-0.2006300389766693,0.36066681146621704,-0.23400025069713593,0.11974658817052841,-0.05667467042803764,0.24017862975597382,0.24345919489860535,-0.4153107702732086,-0.21659275889396667,0.03415145352482796,0.07009021937847137,0.15238942205905914,-0.11583676189184189,0.4271532893180847,0.0006544554489664733,-0.8705388903617859,-0.19837242364883423,-0.05094391852617264,-0.10675819963216782,-0.051222193986177444,-0.3701744079589844,-0.40075650811195374,0.03242306038737297,0.24973773956298828,-0.16862258315086365,0.0573592409491539,0.10047119855880737,0.09852100908756256,-0.1933508813381195,0.29254016280174255,-0.30816546082496643,0.180233433842659,0.012357275001704693,-0.28679990768432617,0.8317700624465942,0.18784411251544952,-0.1272696703672409,0.2207050621509552,-0.05741563439369202,-0.16467837989330292,0.15026861429214478,0.04587075859308243,0.05922207981348038,0.17797240614891052,-0.10340185463428497,0.016143159940838814,0.87959223985672,-0.05424705892801285,0.3919747471809387,0.1691899448633194,-0.08753913640975952,-0.27974605560302734,-0.13176634907722473,-0.0291142575442791,0.12116515636444092,-0.061473023146390915,0.45323091745376587,-0.7689926028251648,-0.2300846129655838,0.1650553196668625,0.06474222987890244,0.04380899667739868,-0.2857779860496521,-0.262962281703949,-0.02101689577102661,-0.3949258625507355,-0.004600939340889454,0.10598401725292206,0.3456660509109497,0.16143900156021118,-0.04071735218167305,0.09871074557304382,-0.16224026679992676,0.6827963590621948,0.03706884756684303,0.25994977355003357,0.33830833435058594,-0.43637385964393616,-0.04489707946777344,0.16047775745391846,-0.17995870113372803,-0.15760134160518646,-0.1866699457168579,-0.12004053592681885,-0.0003344699798617512,0.1777397245168686,0.07288800179958344,-0.017703792080283165,-0.17525053024291992,-0.21011964976787567,-0.18348252773284912,-0.3902727961540222,-0.18153724074363708,-0.046794451773166656,-0.21222548186779022,-0.00606265664100647,0.1868405044078827,-0.3017028868198395,-0.2681353986263275,-0.4429909586906433,0.048332784324884415,-0.05549398809671402,0.15915745496749878,-0.0985415130853653,0.6377426385879517,0.2946535050868988,-0.23062877357006073,-0.08353670686483383,-0.35823720693588257,-0.2024102658033371,0.18228736519813538,0.30476731061935425,-0.8195466995239258,0.023951340466737747,0.13743337988853455,-0.2457917034626007,-0.03659269958734512,-0.05096430703997612,0.17365330457687378,-0.2607499957084656,0.2456776201725006,0.08809002488851547,-0.10035152733325958,0.07047513872385025,0.18704776465892792,-0.32874375581741333,-0.3384696841239929,-0.3514220416545868,0.21013908088207245,-0.18224623799324036,0.17975899577140808,-0.14942823350429535,-0.10913083702325821,-0.16450408101081848,0.1901797354221344,0.5213857889175415,0.2728639841079712,0.0030298023484647274,0.10591258853673935,0.031099531799554825,0.1963692307472229,-0.2025342434644699,0.07397471368312836,0.34870797395706177,0.08922066539525986,0.056819163262844086,-0.0446050800383091,-0.046290554106235504,-0.1771131455898285,-0.27109140157699585,0.006134057883173227,0.1599523276090622,-0.15783178806304932,-0.4105067253112793,-0.0646824836730957,0.3621348738670349,-0.04713232442736626,0.4425364136695862,0.24366219341754913,0.06261182576417923,-0.14551466703414917,0.383161336183548,0.358867347240448,-0.30882206559181213,-0.019954446703195572,-0.14613410830497742,-0.03593657910823822,-0.905235767364502,0.06614454835653305,0.07298840582370758,0.002158191753551364,-0.4067080020904541,0.07058849930763245,-0.0010160565143451095,-0.9168311357498169,-0.16908688843250275,0.3024568557739258,-0.03730268403887749,-0.20194077491760254,0.2627052366733551,0.15676817297935486,0.28073203563690186
CID000005453,1223,0.07815806567668915,-0.1379484236240387,0.28483137488365173,0.5040698647499084,-0.08008608967065811,-0.26802778244018555,0.0780172199010849,0.31396111845970154,0.07644759118556976,0.2755108177661896,0.3076343536376953,-0.5922319889068604,-0.24700243771076202,0.2851432263851166,0.15783213078975677,0.1535237729549408,-0.3553491532802582,-0.09711846709251404,-0.15045225620269775,-0.7845112085342407,0.045124512165784836,-0.01796632446348667,-0.0875316709280014,-0.7078869938850403,0.14970698952674866,0.3029990792274475,-0.07436776161193848,-0.18012994527816772,-0.04076765105128288,0.3093623220920563,0.007008946035057306,0.1730213612318039,0.030409831553697586,-0.4115147590637207,-0.05542904883623123,-0.21127089858055115,0.2509806454181671,0.37288379669189453,0.2740696370601654,-0.12684586644172668,0.08221793174743652,0.038176603615283966,-0.07198823988437653,-0.1522582620382309,-0.035812169313430786,0.09825310856103897,0.10682864487171173,0.06409921497106552,0.14848177134990692,0.11728112399578094,0.6590909957885742,0.18098551034927368,-0.15309640765190125,0.03299955651164055,-0.04809815436601639,-0.15445643663406372,0.3889433443546295,-0.04929571971297264,0.7566925287246704,0.28594905138015747,-0.2680893540382385,-0.27148595452308655,-0.008996118791401386,-0.11486586183309555,0.37361112236976624,0.47043123841285706,-0.2731988728046417,-0.13730014860630035,0.04929979890584946,0.16847200691699982,0.020713966339826584,-0.0632290318608284,-0.3351496756076813,-0.5871371030807495,-0.25193291902542114,0.0323752723634243,0.21923573315143585,-0.30364665389060974,-0.0784822553396225,-0.0130638238042593,0.899725079536438,-0.3198176920413971,-0.3532284200191498,0.4442959725856781,0.008999256417155266,0.3147178292274475,0.24713388085365295,0.4112127721309662,-0.42438560724258423,-0.7704190611839294,-0.04231703653931618,0.24923697113990784,-0.05011996626853943,0.16852939128875732,0.1587524116039276,-0.3542613387107849,-0.18392227590084076,-0.09508097171783447,0.345580518245697,0.17929291725158691,-0.05777788162231445,-0.01780327782034874,-0.05715588480234146,0.39382481575012207,0.133705273270607,-0.12927603721618652,0.16282327473163605,0.22622926533222198,0.6966072916984558,0.04084320738911629,-0.14091143012046814,-0.0069768400862813,0.3510358929634094,-0.07620883733034134,-0.01154028158634901,0.31547313928604126,0.0029462992679327726,-0.3236161470413208,0.05838226154446602,0.4089093804359436,0.6775974035263062,-0.35053539276123047,0.48339956998825073,0.048804979771375656,-0.22315701842308044,0.06523268669843674,-0.07865417748689651,-0.17103411257266998,0.3572605550289154,0.19392547011375427,0.27929461002349854,-0.40388351678848267,-0.2779119610786438,-0.049239128828048706,0.24781754612922668,0.2668985426425934,-0.03224344179034233,0.3793320059776306,-0.19023001194000244,-0.17960640788078308,-0.1605479121208191,0.3623623847961426,0.030674150213599205,0.3270370066165924,0.13609588146209717,0.061941105872392654,0.27096280455589294,0.4841534495353699,-0.09032537043094635,0.2707638740539551,-0.13721294701099396,-0.24267363548278809,-0.30732953548431396,0.1639697551727295,-0.08608301728963852,-0.22034747898578644,-0.15790218114852905,-0.38376516103744507,-0.12846389412879944,0.20466694235801697,0.12457577139139175,0.2853468060493469,-0.10565690696239471,-0.3267323970794678,-0.2083589732646942,-0.3755733072757721,0.16201786696910858,-0.11788977682590485,0.022016238421201706,0.25921112298965454,-0.10874350368976593,-0.0947088822722435,-0.1895103007555008,-0.29358309507369995,0.18463295698165894,-0.15023651719093323,0.12699031829833984,-0.2300117015838623,0.5934042930603027,-0.23471102118492126,0.19091549515724182,0.16454803943634033,-0.12248589098453522,-0.08761826902627945,0.23462101817131042,0.054497648030519485,-0.4301545023918152,-0.07188445329666138,0.11810264736413956,-0.3721153736114502,-0.018301764503121376,0.008050059899687767,0.28959646821022034,-0.3778880536556244,0.24125418066978455,-0.13305671513080597,-0.004483846016228199,-0.14643137156963348,0.16788825392723083,0.00440927455201745,-0.12310409545898438,-0.45412111282348633,0.006333521101623774,-0.23484091460704803,-0.21614375710487366,0.20400801301002502,0.011332851834595203,0.09674860537052155,0.16165611147880554,0.6101215481758118,0.3564733862876892,0.33269453048706055,0.0034836120903491974,-0.09628590196371078,0.23824743926525116,-0.3772594630718231,-0.18955007195472717,0.2555811405181885,0.012622008100152016,-0.05544135719537735,-0.13354673981666565,-0.29188641905784607,0.3083903193473816,-0.4967328608036041,-0.30954375863075256,-0.02050575613975525,-0.08282838016748428,-0.6089968085289001,-0.1297227293252945,-0.14010712504386902,0.06353584676980972,0.4959140717983246,0.35856005549430847,-0.15425202250480652,0.15861833095550537,-0.2510411739349365,0.3270995020866394,-0.7967413663864136,-0.027529114857316017,-0.05574199557304382,-0.25109443068504333,-0.7377052307128906,0.09366156905889511,0.41877055168151855,-0.14594753086566925,0.3422486186027527,0.17122316360473633,-0.08047661930322647,-0.8381967544555664,-0.3884853422641754,0.44575071334838867,-0.13465669751167297,0.23898828029632568,-0.22641463577747345,0.029547501355409622,0.04592610523104668
CID000000214,1224,0.005102633032947779,-0.469066858291626,0.05147457867860794,0.8512372970581055,-0.5822743773460388,0.2152722179889679,0.025792282074689865,0.13155826926231384,0.07356861978769302,0.18932369351387024,0.43471211194992065,-0.10728155076503754,-0.5433627963066101,0.25700700283050537,0.14866605401039124,0.2585768401622772,-0.11300341039896011,-0.01919448934495449,-0.11936555057764053,-0.7242497801780701,-0.24825532734394073,-0.04604031890630722,0.24382415413856506,-0.8325175046920776,-0.01624363660812378,-0.11277905851602554,-0.18658624589443207,-0.017839092761278152,-0.5639716982841492,-0.06913135945796967,0.42169609665870667,0.01899908483028412,0.1386561393737793,0.04339790344238281,0.008953021839261055,-0.2924337089061737,0.3635558784008026,0.3077206015586853,0.06350159645080566,-0.2507517337799072,-0.06632059812545776,0.028113627806305885,0.012167830020189285,-0.267854779958725,-0.0075995102524757385,0.3499966263771057,0.0649736076593399,-0.026527339592576027,0.15046526491641998,-0.07173673063516617,0.6563156843185425,-0.11880792677402496,-0.047214146703481674,-0.028576994314789772,0.3193378150463104,-0.12286899238824844,-0.3404015004634857,-0.2725534737110138,0.21401450037956238,-0.09026851505041122,0.15045183897018433,-0.347858190536499,0.20655576884746552,0.04737008363008499,0.08568085730075836,0.7352358102798462,-0.0723734125494957,-0.1109389215707779,-0.08312197774648666,0.034795984625816345,-0.2993372976779938,0.2697675824165344,-0.5045045614242554,-0.2046763151884079,-0.048504315316677094,-0.042886871844530106,0.27004891633987427,-0.23410511016845703,-0.38375312089920044,-0.10778050124645233,0.7248541116714478,-0.16452279686927795,-0.4955984055995941,-0.20267944037914276,0.256894588470459,0.04566582292318344,0.06728261709213257,0.45829588174819946,-0.26359081268310547,-0.8791157603263855,-0.13107594847679138,-0.06780079007148743,0.04653007537126541,0.5075597167015076,-0.0034548104740679264,-0.3208635449409485,0.27123358845710754,0.03146631643176079,0.14694803953170776,-0.017726460471749306,0.3532851040363312,0.023457001894712448,0.08837519586086273,0.05168355256319046,0.06621486693620682,-0.03180655464529991,-0.46608057618141174,-0.06102887913584709,0.6613500118255615,0.07776591181755066,-0.15936867892742157,0.20364885032176971,-0.016986554488539696,-0.5648255944252014,-0.04843231290578842,0.26154273748397827,-0.1281859278678894,-0.06547205150127411,-0.03394090384244919,-0.10623212158679962,0.8599904179573059,-0.4086838364601135,0.015649909153580666,0.23820705711841583,-0.2732223868370056,0.25331705808639526,-0.06297160685062408,0.022686157375574112,0.1306135058403015,0.391635000705719,0.08249091356992722,-0.37257030606269836,-0.4811781346797943,0.0801844596862793,0.17658936977386475,0.589073896408081,-0.0942438393831253,0.07645761221647263,-0.24316982924938202,-0.1538548767566681,0.08013061434030533,0.28268808126449585,0.2531142234802246,0.0907774344086647,-0.14994139969348907,0.09342067688703537,0.19616404175758362,0.46263280510902405,0.3252425491809845,0.33840325474739075,0.14920911192893982,-0.483544260263443,0.13981381058692932,0.1083163470029831,-0.02231672778725624,0.016024736687541008,0.4538325369358063,-0.07712260633707047,-0.31385111808776855,0.021125007420778275,-0.008785593323409557,0.08440209925174713,-0.019079606980085373,-0.33335310220718384,-0.24699044227600098,-0.29206210374832153,0.0031439722515642643,0.10481961816549301,0.09668486565351486,0.052665092051029205,0.044554080814123154,-0.10896655172109604,-0.18859252333641052,-0.32295772433280945,0.08915022760629654,0.01430602092295885,0.13021506369113922,-0.2210094928741455,0.688062846660614,0.1737099587917328,-0.5804660320281982,0.19495141506195068,-0.4337736666202545,-0.13700473308563232,0.7220343351364136,-0.0787155032157898,-0.5065666437149048,0.06480588763952255,0.5552670955657959,-0.4317278265953064,-0.22652654349803925,-0.17603248357772827,-0.10048532485961914,-0.12503571808338165,0.1205136775970459,-0.117655910551548,0.06748988479375839,0.07504048198461533,0.30539751052856445,-0.1449967920780182,0.28174492716789246,-0.169182687997818,-0.04186002537608147,-0.2976284623146057,-0.08834053575992584,-0.14053764939308167,-0.18006299436092377,0.1353749781847,-0.13769733905792236,0.7612730860710144,0.38814324140548706,-0.133008673787117,-0.014821152202785015,0.13511189818382263,0.20182180404663086,0.03399677574634552,-0.07082340121269226,0.23163023591041565,0.12566551566123962,-0.13202358782291412,0.10304456949234009,-0.3899455666542053,0.27738720178604126,-0.23364607989788055,0.2891307473182678,0.11484070122241974,-0.2749059200286865,-0.2780739367008209,0.4955980181694031,0.08082012832164764,0.14379353821277618,0.6207929253578186,0.2813240885734558,-0.09028232842683792,-0.2873523235321045,0.07032077759504318,0.6977585554122925,-0.5143669843673706,0.0172654427587986,-0.23912100493907928,0.1551242619752884,-0.2926071584224701,-0.0778331309556961,0.15101996064186096,0.04008360952138901,0.005414758808910847,0.004888862371444702,0.07549978792667389,-0.9765098690986633,-0.12032101303339005,0.07464666664600372,-0.013678217306733131,0.17343050241470337,-0.25653499364852905,-0.024402296170592308,0.15470604598522186
CID000009433,1233,0.1363268345594406,-0.14215700328350067,0.312682569026947,0.3245008587837219,-0.5508757829666138,-0.05790143087506294,0.07159146666526794,0.3101629614830017,-0.18086394667625427,0.33874979615211487,0.3822382986545563,-0.3480679392814636,-0.005326695740222931,0.28951674699783325,0.08258657157421112,0.08773644268512726,0.055758796632289886,-0.010780934244394302,-0.121409572660923,-0.5319789052009583,-0.05681394785642624,-0.10528067499399185,0.03201683238148689,-0.6862977147102356,-0.537520706653595,-0.009239500388503075,-0.21085937321186066,-0.13407908380031586,-0.20410573482513428,0.3840827941894531,-0.12509548664093018,0.14043304324150085,0.285614013671875,0.22115206718444824,-0.001802240265533328,0.18274839222431183,0.18474487960338593,0.41753464937210083,-0.14905156195163727,-0.4131077826023102,0.34812742471694946,-0.09347870945930481,0.11808612197637558,-0.24676784873008728,-0.23534908890724182,0.0762699618935585,0.11346646398305893,-0.011213481426239014,-0.08225085586309433,0.07876306772232056,0.4261292815208435,-0.1299174278974533,-0.19903545081615448,-0.03383702039718628,-0.002318027662113309,0.05353229492902756,0.19319625198841095,0.33054158091545105,0.4749797284603119,-0.1039336696267128,-0.3629515767097473,-0.18569979071617126,-0.1195356622338295,-0.2673068046569824,0.490065336227417,0.35550493001937866,-0.06261441856622696,-0.08157721906900406,0.17290514707565308,0.06614905595779419,0.003355266060680151,-0.06600140780210495,-0.2641107439994812,-0.4914334714412689,-0.007201692555099726,0.6544064879417419,-0.1110285073518753,-0.13725820183753967,-0.10604701191186905,0.05716622620820999,-0.031531840562820435,-0.3181137442588806,-0.3675370514392853,-0.44615793228149414,0.016987305134534836,0.005488638766109943,0.23741325736045837,0.12612400949001312,-0.11319507658481598,-0.671989381313324,-0.12944503128528595,0.2826763987541199,-0.1381879299879074,0.18669763207435608,-0.002443332225084305,-0.33894848823547363,-0.2664400041103363,-0.23819737136363983,-0.04608578234910965,0.3012312650680542,-0.3160938620567322,0.15938709676265717,-0.05853928253054619,0.13178491592407227,0.2341248244047165,-0.09865592420101166,-0.398874431848526,-0.22359827160835266,0.47949424386024475,-0.0037208229769021273,-0.21344523131847382,0.14235863089561462,-0.07577146589756012,-0.22371339797973633,0.14834803342819214,0.36952704191207886,0.05423959344625473,-0.24277696013450623,-0.1721504032611847,0.18204405903816223,0.5708450675010681,-0.241183802485466,0.2093999683856964,0.33982032537460327,-0.3145810663700104,0.2757188081741333,0.09463464468717575,-0.3138851523399353,0.12642595171928406,0.11517713963985443,0.3399450182914734,-0.5974962115287781,-0.46338653564453125,0.092288076877594,0.23048081994056702,0.07817438989877701,-0.23056764900684357,0.08042086660861969,-0.3101213574409485,-0.07473833858966827,-0.2272574007511139,0.18453089892864227,-0.09019522368907928,-0.051116667687892914,-0.11017601191997528,0.15427656471729279,0.09731797128915787,0.38299208879470825,0.22439956665039062,0.11605139821767807,0.13214820623397827,-0.3774353563785553,0.4929715096950531,0.14966438710689545,-0.07257004082202911,-0.1328452080488205,0.04449448734521866,-0.39896002411842346,0.21123972535133362,0.09365540742874146,-0.2024458646774292,-0.05945488065481186,-0.059073515236377716,0.20588108897209167,-0.2679741680622101,0.1468418538570404,-0.017838362604379654,-0.19522979855537415,0.3716181218624115,0.2582772970199585,-0.06799249351024628,-0.17145664989948273,-0.328258216381073,-0.15449272096157074,0.1588135063648224,-0.43110495805740356,-0.022447805851697922,-0.130726620554924,0.6901987791061401,-0.034117694944143295,-0.06777364015579224,0.09624373912811279,-0.1747230887413025,-0.008632779121398926,0.023451201617717743,0.3976394534111023,-0.0658307820558548,0.1597755253314972,-0.026711851358413696,-0.44726380705833435,0.13887423276901245,0.1838115155696869,0.2611026167869568,-0.174565389752388,0.0545632429420948,-0.12202433496713638,0.20915834605693817,-0.12127270549535751,-0.09631393849849701,0.24409031867980957,0.062307752668857574,-0.35989370942115784,0.1755719631910324,-0.1215820163488388,0.02240154519677162,0.06172202154994011,-0.03745462745428085,0.13103142380714417,0.6184762120246887,0.36909106373786926,0.4029654860496521,-0.42521339654922485,0.20207826793193817,0.0859346091747284,0.1902438998222351,-0.4084070324897766,-0.11857421696186066,0.23033523559570312,0.08611403405666351,-0.0019874065183103085,-0.09809064865112305,-0.22791266441345215,-0.14923135936260223,-0.33714789152145386,-0.2250257432460785,-0.1612422913312912,0.0327763557434082,-0.09250617027282715,-0.21836254000663757,0.10465638339519501,0.13841913640499115,0.3400840759277344,0.423196941614151,-0.09560863673686981,-0.1956896036863327,0.20519936084747314,0.3310950696468353,-0.4456334710121155,-0.014194470830261707,-0.22874927520751953,-0.007581448648124933,-0.37110456824302673,0.25653091073036194,0.15136298537254333,0.11703504621982574,0.26588860154151917,0.2534753978252411,0.03165040165185928,-0.6344958543777466,-0.06245582178235054,0.21690933406352997,0.01975659653544426,0.3505915105342865,-0.1702464073896408,-0.0634579211473465,0.32571396231651306
CID000004845,1238,0.13243702054023743,0.035005923360586166,0.057537782937288284,0.43376001715660095,-0.5258697271347046,-0.060664109885692596,0.17543187737464905,0.2315436601638794,0.07015565782785416,0.3527793884277344,0.10138162225484848,-0.13203676044940948,-0.08023303747177124,0.0022678181994706392,-0.1348697692155838,-0.1476791948080063,-0.015913134440779686,-0.08747896552085876,-0.0804133415222168,-0.5465275645256042,0.20754596590995789,-0.1708393692970276,-0.02402890846133232,-0.8383907079696655,0.10820943117141724,0.13130617141723633,-0.04840651899576187,0.030651763081550598,0.016264820471405983,0.22819599509239197,0.2968876361846924,0.22063708305358887,-0.006605794187635183,-0.287715882062912,-0.0820731669664383,0.08213933557271957,-0.16293875873088837,0.05088768154382706,0.22948244214057922,-0.10213645547628403,0.009059114381670952,-0.15700773894786835,0.20187334716320038,-0.30467498302459717,-0.1695694625377655,0.38893499970436096,0.05234851688146591,-0.09524823725223541,0.0789194330573082,0.004480564501136541,0.4148849546909332,0.1517644226551056,-0.10791220515966415,-0.07349467277526855,0.03904528543353081,-0.007571773137897253,0.15811142325401306,0.05261373519897461,0.15476058423519135,0.03592865541577339,-0.25311407446861267,-0.26798444986343384,0.030213946476578712,-0.039211470633745193,0.09320827573537827,0.5077691674232483,-0.2866862118244171,-0.17206457257270813,0.17313072085380554,0.14240732789039612,-0.1707364171743393,0.031243711709976196,-0.3397589921951294,-0.35744088888168335,-0.16489695012569427,0.05641516298055649,0.21952906250953674,0.15927520394325256,-0.09104044735431671,-0.022333873435854912,-0.06864135712385178,-0.606352686882019,-0.21879391372203827,-0.016970057040452957,0.17053861916065216,-0.01660652831196785,0.16496744751930237,0.2292904555797577,-0.34517472982406616,-0.5294083952903748,-0.162322536110878,0.05767696350812912,0.08563658595085144,0.2440660297870636,0.1348056048154831,-0.2895401120185852,0.07400605082511902,-0.2002360075712204,0.11032234132289886,0.1727333515882492,-0.13688531517982483,0.2354072779417038,0.013295273296535015,0.32981687784194946,0.02954379841685295,0.03776150196790695,-0.1264457106590271,0.3510236144065857,0.6023019552230835,-0.09259995073080063,-0.10416924953460693,0.15656903386116028,0.0014296207809820771,-0.11157870292663574,0.1221669539809227,0.15529868006706238,0.23764148354530334,0.0064736781641840935,0.11956776678562164,0.16422060132026672,0.6993839740753174,-0.2930639088153839,0.15618425607681274,0.21240536868572235,-0.06493745744228363,0.20964355766773224,-0.04091319069266319,0.039385244250297546,0.19387373328208923,0.0013520985376089811,0.17830678820610046,-0.5870514512062073,-0.5379465818405151,0.051217008382081985,0.24819421768188477,-0.0698087066411972,0.05447019264101982,0.2921023368835449,0.033675599843263626,-0.29770684242248535,-0.24609792232513428,0.12036959081888199,-0.03647903352975845,0.05742626264691353,0.04919956251978874,0.10769374668598175,0.13442903757095337,0.4070586562156677,-0.06064325571060181,0.0572945661842823,0.04238561540842056,-0.38297179341316223,0.022055545821785927,0.2501726746559143,-0.18888919055461884,-0.22297032177448273,0.029241085052490234,-0.17092284560203552,-0.255260705947876,0.22775527834892273,-0.10911475121974945,0.2966032326221466,-0.02847236767411232,0.16794341802597046,-0.07451975345611572,-0.2734106183052063,-0.1991504281759262,0.09822498261928558,-0.16995219886302948,0.19287356734275818,0.07482663542032242,-0.13330289721488953,-0.20646175742149353,-0.2071165144443512,0.02788493037223816,-0.09903223067522049,0.1454792469739914,-0.24699752032756805,0.5167208313941956,0.07749651372432709,0.0968615785241127,0.01091016735881567,-0.040977977216243744,-0.13753476738929749,0.10685298591852188,0.12188927829265594,-0.08682070672512054,-0.05486685782670975,-0.1097467914223671,-0.31701940298080444,-0.038178663700819016,0.009004076942801476,0.22075369954109192,-0.0054970383644104,0.22795844078063965,-0.3516255021095276,0.10034112632274628,-0.1504751592874527,0.2613653838634491,-0.09983958303928375,-0.1254655122756958,-0.32425224781036377,-0.1966310739517212,-0.21515333652496338,-0.1554928570985794,-0.1508588343858719,-0.15835534036159515,0.10235226154327393,0.15671809017658234,0.4790882468223572,0.24839994311332703,0.06883320957422256,0.30544745922088623,0.22271966934204102,0.037450455129146576,-0.1582954227924347,-0.3289870321750641,0.26202628016471863,0.01061126310378313,0.024728024378418922,-0.026770029217004776,-0.37084048986434937,0.11518289893865585,-0.15919514000415802,-0.09627155214548111,-0.3829459249973297,-0.1574750691652298,-0.14613990485668182,0.015484240837395191,0.21463875472545624,-0.07759477198123932,0.05382580682635307,0.12305720150470734,0.09546346962451935,-0.10304274410009384,-0.2662162482738495,0.4371338486671448,-0.3220193684101105,-0.032052986323833466,-0.09721392393112183,0.1936245858669281,-0.39827197790145874,0.1267421543598175,0.21907727420330048,0.13071517646312714,-0.14027893543243408,-0.1499493420124054,0.042740654200315475,-0.7090182900428772,-0.2011987864971161,0.10344623029232025,-0.20122294127941132,0.2750633656978607,-0.37579599022865295,0.09139680862426758,-0.20168879628181458
CID005311082,1245,0.17598214745521545,-0.15114203095436096,0.31695911288261414,0.7445038557052612,-0.3155227601528168,0.08454819768667221,0.1692056655883789,0.2116703987121582,0.12161669880151749,-0.0036816478241235018,0.08879898488521576,-0.313560426235199,-0.4191673696041107,0.23959453403949738,0.24049043655395508,0.3127291798591614,-0.01035406906157732,-0.03828214854001999,0.3569962680339813,-0.7137974500656128,-0.10894797742366791,-0.20425181090831757,0.113675557076931,-0.832764744758606,-0.0745580643415451,0.25788551568984985,0.20577701926231384,-0.09444539248943329,-0.10670049488544464,0.22185833752155304,-0.038551975041627884,-0.05494080111384392,-0.012957173399627209,0.40924906730651855,0.07815597206354141,-0.06687182188034058,0.09293336421251297,0.2511102259159088,-0.2663518190383911,-0.2652569115161896,-0.22064025700092316,-0.3283347487449646,-0.0401902012526989,-0.28965622186660767,-0.23707738518714905,0.10954286903142929,0.1640675961971283,-0.0048470511101186275,-0.08690417557954788,-0.11611263453960419,0.857818603515625,0.028953080996870995,0.05935310199856758,0.03185151889920235,0.015099668875336647,0.1452028453350067,0.49139314889907837,0.17902258038520813,0.891660213470459,-0.13897767663002014,0.099079929292202,-0.34945517778396606,-0.21183332800865173,-0.10378317534923553,-0.12968043982982635,0.5058348774909973,-0.29181036353111267,0.05423159524798393,-0.03942221403121948,0.00792691670358181,-0.03592381626367569,-0.08724182844161987,0.06824950873851776,-0.33107656240463257,-0.2935856878757477,0.31830841302871704,-0.16253459453582764,0.15103121101856232,0.096053346991539,0.1494249850511551,1.0452650785446167,-0.29381102323532104,-0.4085273742675781,-0.004774719476699829,0.13489267230033875,-0.36720749735832214,0.13121291995048523,0.638393759727478,-0.17560242116451263,-0.8627077341079712,0.43818098306655884,0.20987673103809357,-0.06180461496114731,0.3333223760128021,0.21425840258598328,-0.5146850347518921,0.27515873312950134,0.024107221513986588,0.01722954586148262,0.1092272624373436,0.32642698287963867,-0.1546996384859085,0.10234801471233368,0.5875490307807922,-0.4035419821739197,-0.13808183372020721,-0.15998312830924988,0.07507090270519257,0.6903630495071411,0.24310898780822754,0.08285506814718246,0.07653911411762238,0.2560047507286072,-0.07734895497560501,-0.6196273565292358,0.3867257535457611,0.22105872631072998,0.0289217047393322,0.17848357558250427,0.1110454574227333,0.7510021924972534,-0.44125795364379883,0.5207995176315308,0.2733234167098999,-0.32722219824790955,-0.035591334104537964,-0.049302488565444946,0.020185137167572975,0.6005572080612183,0.029439633712172508,0.2451721429824829,-0.5360864400863647,-0.4543834626674652,-0.16822931170463562,0.31718602776527405,0.8280109167098999,0.17894981801509857,0.2574164867401123,-0.010557085275650024,-0.9127106666564941,-0.06753383576869965,0.17135071754455566,-0.1964237242937088,0.18516351282596588,0.052539728581905365,0.31329232454299927,-0.3380512297153473,0.730635941028595,-0.20658144354820251,0.24024121463298798,0.05524299293756485,-0.39714106917381287,-0.13070426881313324,0.06722547113895416,0.03481390327215195,-0.10030888020992279,0.025660747662186623,-0.3102133572101593,0.13678520917892456,0.010564154013991356,0.21683073043823242,-0.23884348571300507,0.20298802852630615,0.013143050484359264,-0.2754339575767517,0.08481507748365402,-0.26495304703712463,-0.07493157684803009,-0.0404568687081337,0.32149824500083923,-0.12175397574901581,-0.13137683272361755,-0.1313726156949997,0.03136014565825462,0.15833982825279236,-0.12991492450237274,-0.1176651120185852,-0.39422816038131714,0.8291391134262085,0.10133875906467438,-0.33381521701812744,0.19247294962406158,-0.26390355825424194,0.2244425117969513,0.15153980255126953,-0.23059090971946716,-0.16353049874305725,0.1690753698348999,0.5749870538711548,-0.4176371097564697,0.12027968466281891,0.0742732435464859,-0.016064217314124107,-0.38240352272987366,0.16098928451538086,-0.05656973272562027,-0.3023119270801544,0.012248048558831215,0.3757181465625763,-0.06980092823505402,-0.371217280626297,-0.3308769762516022,0.059984635561704636,-0.30058014392852783,0.1758090853691101,-0.09390277415513992,0.06784500181674957,-0.19404897093772888,0.10635025799274445,0.838051974773407,0.37886160612106323,-0.12397551536560059,0.17995795607566833,0.12187665700912476,0.226606085896492,-0.2112613171339035,0.025804366916418076,0.39782068133354187,0.5183411240577698,0.29475417733192444,-0.20664510130882263,-0.4008265435695648,0.20238585770130157,-0.46677008271217346,0.10162018239498138,-0.03648068755865097,0.15145739912986755,-0.59599769115448,0.12388143688440323,-0.09471200406551361,-0.2527661621570587,0.25526100397109985,0.033980876207351685,0.14760465919971466,-0.2285124510526657,0.022422246634960175,0.6713014245033264,-0.3495827913284302,-0.06224998086690903,-0.10319019854068756,-0.20267438888549805,-0.9507966041564941,-0.436398446559906,0.29708266258239746,0.02592647634446621,-0.047456227242946625,-0.23964884877204895,-0.059782613068819046,-0.8382034301757812,-0.3179066777229309,0.6038923263549805,0.19922885298728943,0.22090697288513184,-0.09642492979764938,-0.030702343210577965,-0.10905788093805313
CID000002951,1248,0.04905317351222038,0.01776561513543129,-0.060111306607723236,0.3303599953651428,-0.38378745317459106,0.06794410943984985,0.28708183765411377,0.2970837950706482,0.08350323140621185,0.23493537306785583,0.052547335624694824,0.15001180768013,-0.002695723669603467,0.11458555608987808,-0.20344464480876923,-0.13679993152618408,-0.13258877396583557,-0.07381556183099747,0.032048702239990234,-0.37596163153648376,0.05834551900625229,-0.24813804030418396,-0.013236431404948235,-0.7527493238449097,-0.01962904818356037,0.11212370544672012,-0.18007877469062805,-0.034185294061899185,-0.02714620530605316,0.12129972875118256,-0.1572839915752411,0.1984861195087433,0.15398526191711426,-0.00283415918238461,0.06753013283014297,-0.13099944591522217,0.10232874006032944,0.00719876866787672,0.17205892503261566,-0.028385480865836143,-0.08149707317352295,-0.2886750102043152,0.1401091068983078,-0.2644493579864502,-0.19302912056446075,0.4494229853153229,0.08845579624176025,0.07114172726869583,0.067522794008255,-0.022357366979122162,0.2158874273300171,0.25855109095573425,-0.240340918302536,0.03428943455219269,0.12480560690164566,-0.08844482898712158,-0.03377298265695572,0.11637008190155029,-0.03794300928711891,0.10099463164806366,-0.19395656883716583,-0.2937520146369934,-0.004195159766823053,-0.018462389707565308,0.242538720369339,0.32563406229019165,-0.2109280824661255,-0.055904220789670944,0.21990923583507538,0.12116531282663345,0.0036947012413293123,-0.15533447265625,-0.2912009060382843,-0.4090929925441742,-0.19351127743721008,0.054340947419404984,0.275979220867157,0.20090779662132263,-0.046469807624816895,-0.02010953053832054,-0.05189891904592514,-0.5899189710617065,-0.24417705833911896,0.013984923250973225,0.06636801362037659,-0.03367605805397034,0.21694326400756836,0.016317110508680344,-0.08921527862548828,-0.6317418813705444,-0.1257142722606659,0.16485834121704102,-0.0067559657618403435,0.01175246387720108,0.04215310141444206,-0.264421671628952,-0.24017754197120667,0.24908170104026794,-0.11933843791484833,0.037796370685100555,-0.1257249414920807,-0.0004301205335650593,-0.03288538008928299,0.293781578540802,0.21814784407615662,-0.050759293138980865,-0.25882846117019653,0.19251708686351776,0.46559032797813416,-0.22981901466846466,-0.06138646602630615,0.15629339218139648,0.05070692300796509,-0.08962830901145935,0.012985728681087494,0.08707796037197113,0.033794425427913666,0.011623604223132133,-0.08740369975566864,0.1739654839038849,0.5268283486366272,-0.10198096930980682,0.28089284896850586,0.2769278585910797,-0.05714172124862671,0.17691130936145782,0.002447906183078885,0.05607803910970688,0.21253378689289093,-0.07155972719192505,0.1202457919716835,-0.5344804525375366,-0.4893158972263336,0.12373793125152588,0.23572638630867004,-0.15427812933921814,0.00553938141092658,0.24979467689990997,-0.05239972472190857,-0.22042378783226013,-0.16138523817062378,0.15568296611309052,0.0014970318879932165,-0.10804793983697891,0.016555625945329666,0.13571259379386902,-0.005695057101547718,0.2628709077835083,-0.05105772614479065,0.1721450388431549,-0.01838417910039425,-0.272854745388031,-0.05450425297021866,0.2293333113193512,-0.3715583384037018,-0.09658078104257584,-0.0648634284734726,-0.042871057987213135,0.08315398544073105,0.2386520802974701,-0.14484509825706482,0.02449200674891472,-0.005063414573669434,-0.06760728359222412,-0.04772204905748367,-0.1757258027791977,-0.21450312435626984,0.23254463076591492,-0.07965783774852753,0.19048476219177246,-0.016470585018396378,-0.23613357543945312,-0.22861401736736298,-0.2631746530532837,0.0875391811132431,-0.05454442650079727,0.16520017385482788,-0.1748688966035843,0.3655572831630707,-0.06972400844097137,0.1387496143579483,0.10230022668838501,-0.15026704967021942,-0.2036292999982834,0.0678992047905922,0.2383422553539276,-0.152500182390213,-0.11228232085704803,-0.08620414137840271,-0.2727467119693756,0.026283908635377884,0.039440400898456573,0.22831006348133087,0.10488907247781754,0.15998098254203796,-0.20122940838336945,0.05469382926821709,-0.025676939636468887,0.15458497405052185,0.10734627395868301,0.1469402015209198,-0.29535508155822754,-0.01941213384270668,-0.27003926038742065,-0.3408466875553131,-0.18145912885665894,-0.13208140432834625,-0.14261002838611603,-0.08703447133302689,0.36358916759490967,0.3333342373371124,0.09851738065481186,0.2777875065803528,0.07187686115503311,-0.013179434463381767,-0.02894984744489193,-0.19203361868858337,0.0762847512960434,0.11267324537038803,-0.03370270878076553,-0.07709448039531708,-0.06799618899822235,0.01492916326969862,-0.17956672608852386,-0.03384445980191231,0.18921270966529846,0.13156895339488983,-0.02299458719789982,0.07427185773849487,-0.06881877779960632,-0.07851473242044449,-0.17539922893047333,0.19426259398460388,0.01694226823747158,-0.30686601996421814,-0.04148118570446968,0.2838905453681946,-0.3747740685939789,0.11057822406291962,-0.14462292194366455,0.07686644047498703,-0.2901914119720459,0.20129628479480743,0.3659926950931549,-0.051927514374256134,-0.022153625264763832,-0.08279550075531006,0.0961037129163742,-0.634783148765564,-0.1414526104927063,0.25928664207458496,-0.3926251530647278,0.11081888526678085,-0.33761751651763916,0.1427815705537796,0.02370995283126831
CID000003736,1249,0.37205666303634644,-0.3859477937221527,-0.0085154352709651,0.6129611134529114,-0.36831939220428467,0.07622058689594269,-0.0931982696056366,0.19167344272136688,-0.013932948932051659,0.051219642162323,0.23168709874153137,-0.5325742959976196,-0.09725518524646759,0.3657870590686798,0.05231311172246933,0.23304526507854462,-0.2855547368526459,0.23200996220111847,-0.5627521276473999,-0.6458288431167603,-0.08740492910146713,-0.20448105037212372,0.13590675592422485,-1.0884169340133667,0.2895144522190094,0.13795411586761475,0.3629162907600403,0.07440534979104996,-0.046985555440187454,0.18078504502773285,-0.03290948271751404,0.02551475539803505,0.04306513071060181,-0.15047606825828552,-0.2543759047985077,0.05216299742460251,-0.08756078779697418,0.2899523377418518,-0.017263736575841904,0.04349271580576897,0.05669371038675308,-0.08598741888999939,-0.16527560353279114,-0.06676147133111954,0.09351173788309097,0.03338974714279175,0.39511755108833313,0.15140235424041748,0.09081818908452988,-0.08886836469173431,0.5158040523529053,0.15718689560890198,0.08156082779169083,0.11653333902359009,-0.27922970056533813,-0.019829465076327324,0.22345438599586487,-0.07271318882703781,0.9085203409194946,-0.06461189687252045,-0.082851842045784,-0.2648146152496338,0.05252345651388168,0.05549357458949089,-0.2141331434249878,0.5295915603637695,-0.2448953092098236,-0.24524521827697754,0.018410976976156235,0.05987474322319031,-0.1800631731748581,0.36524075269699097,0.030045485123991966,-0.16389864683151245,-0.43108510971069336,0.2937263250350952,0.01754375733435154,-0.07065970450639725,-0.09084971994161606,-0.0748235359787941,0.4820989966392517,-0.4850822985172272,-0.3213688135147095,-0.105973981320858,0.0904885083436966,-0.2848474383354187,0.3012429177761078,-0.008614635095000267,-0.003829395864158869,-0.8149120211601257,-0.5735355615615845,0.2446434497833252,0.28638899326324463,0.43423739075660706,0.03625574707984924,-0.23195478320121765,0.0443689338862896,-0.08373080939054489,0.2207569181919098,0.6630595922470093,0.46862363815307617,0.0358814038336277,-0.04838072881102562,0.292485773563385,0.01565527357161045,-0.1840299814939499,0.034663692116737366,0.11439945548772812,0.7031856179237366,0.534095048904419,-0.22988565266132355,0.24183757603168488,0.11135566234588623,0.05345721170306206,-0.0039168475195765495,0.11332045495510101,-0.027291232720017433,-0.03809301182627678,0.21571889519691467,0.07265666872262955,0.9789848327636719,-0.0765046626329422,0.1456744372844696,-0.007519771344959736,-0.36560213565826416,0.4080520272254944,-0.10878640413284302,-0.3801113963127136,0.4861025810241699,0.3691043257713318,0.14544767141342163,-0.7549164295196533,-0.3198169469833374,0.02188752219080925,-0.036278195679187775,-0.16968517005443573,0.14597131311893463,0.039162758737802505,-0.2229715883731842,-0.34597399830818176,-0.05509359762072563,0.38162150979042053,-0.37018638849258423,0.0503355972468853,0.15115292370319366,0.5229765176773071,0.46643495559692383,0.5619184374809265,0.12756673991680145,0.0018799364333972335,-0.038531333208084106,-0.6084305644035339,-0.28306111693382263,0.2214837521314621,-0.012337339110672474,0.1252284198999405,0.0005874991184100509,-0.1901615560054779,0.21665358543395996,0.04997783526778221,-0.29015815258026123,0.2400190383195877,0.34305715560913086,0.16459384560585022,0.1529214233160019,-0.09620136022567749,-0.1216084212064743,0.06793564558029175,0.04173935204744339,-0.08053316920995712,-0.33407601714134216,-0.327749103307724,-0.20257191359996796,0.01728580705821514,0.4462244510650635,0.07159240543842316,0.036121807992458344,-0.29083481431007385,0.8596712350845337,-0.04298136755824089,-0.05778004974126816,0.037381332367658615,0.08180002123117447,0.1416020691394806,0.4101518988609314,-0.035361647605895996,-0.5799704790115356,0.04297095909714699,0.10663628578186035,-0.43236368894577026,-0.11892829835414886,-0.1582314670085907,-0.20055730640888214,-0.37993574142456055,0.15601617097854614,-0.22062721848487854,0.41603145003318787,0.0988093912601471,0.07502599060535431,-0.29631534218788147,-0.6870628595352173,-0.2336200773715973,0.03161891549825668,-0.42663827538490295,-0.04715941101312637,-0.08983521908521652,-0.1825956404209137,0.07047442346811295,0.004203504417091608,0.5129024386405945,0.48787346482276917,-0.007742858026176691,0.17986373603343964,0.5090256929397583,0.0180014930665493,-0.6263267993927002,-0.06937778741121292,0.4002067446708679,-0.3307117819786072,0.17653803527355194,0.23643866181373596,-0.5552467107772827,-0.07899779081344604,-0.17975513637065887,0.11774824559688568,-0.13090403378009796,-0.07417988777160645,-0.1099766343832016,0.4682467579841614,-0.06564648449420929,0.14170300960540771,-0.05150897055864334,0.020759187638759613,0.18470945954322815,0.20805206894874573,-0.043691687285900116,0.5808485746383667,-0.1313406527042389,0.27346354722976685,-0.09338720887899399,-0.0796118825674057,-0.8972791433334351,0.04349305480718613,0.3409765660762787,-0.050184689462184906,-0.0932459682226181,-0.3230610489845276,0.2692221999168396,-0.8886467218399048,-0.3338039517402649,0.041978366672992706,0.09791885316371918,0.25629061460494995,-0.7230663299560547,0.046348970383405685,0.4151920676231384
CID005473385,1250,0.2562864422798157,-0.11364364624023438,0.09424245357513428,0.2788439393043518,-0.5078772306442261,0.09282279759645462,0.3172648549079895,0.2272622287273407,-0.0661766454577446,0.35945695638656616,0.11338134109973907,0.12633517384529114,0.023878417909145355,0.06806622445583344,-0.1729816496372223,-0.04825999587774277,-0.04168832674622536,-0.21422913670539856,0.08800496906042099,-0.4335191249847412,0.08670324087142944,-0.20879347622394562,0.10181412845849991,-0.7845135927200317,0.1787673979997635,0.06736896187067032,-0.05293228477239609,0.021264389157295227,-0.08532844483852386,0.23497068881988525,-0.053370170295238495,0.18498831987380981,-0.001442855573259294,-0.07358977943658829,0.05306630581617355,-0.1321183443069458,0.16007784008979797,0.1861329972743988,0.18504264950752258,-0.0370674803853035,0.016764681786298752,-0.26112183928489685,0.19705598056316376,-0.19877976179122925,-0.22091445326805115,0.3720424771308899,0.014772415161132812,-0.015367373824119568,0.13880422711372375,0.1636175662279129,0.21681539714336395,0.1812727153301239,-0.171901673078537,0.07517800480127335,0.032998912036418915,-0.04522892087697983,0.0720081478357315,0.23769088089466095,0.10241693258285522,0.09567559510469437,-0.21703830361366272,-0.3336063027381897,0.12022373825311661,0.020035460591316223,0.1749059408903122,0.3074875473976135,-0.2255437672138214,-0.10734502971172333,0.31267249584198,0.08977928012609482,-0.02686804160475731,-0.010503740049898624,-0.33546167612075806,-0.4431232511997223,-0.13727392256259918,0.24452516436576843,0.015181569382548332,0.08258277177810669,-0.04624329134821892,-0.026263713836669922,-0.06721928715705872,-0.8269332647323608,-0.2727276086807251,0.2975032329559326,-1.999884807446506e-05,-0.138058140873909,0.16728292405605316,-0.0006576180458068848,0.09614355117082596,-0.6730936765670776,-0.09826018661260605,0.13805457949638367,0.059462130069732666,-0.05660027265548706,0.051026713103055954,-0.21862395107746124,-0.3498041331768036,-0.08160915225744247,-0.22062022984027863,0.11793465912342072,-0.15354080498218536,0.04259528964757919,-0.0002653151750564575,0.3111487030982971,0.22041872143745422,0.05867605656385422,-0.1844910830259323,0.022876420989632607,0.47574490308761597,-0.2054184377193451,-0.041044995188713074,0.11894135177135468,-0.05210421234369278,-0.06419279426336288,0.10509860515594482,0.1280132532119751,0.021644657477736473,-0.0818474143743515,-0.07051774859428406,0.20264938473701477,0.5850724577903748,-0.17133919894695282,0.21268220245838165,0.12043050676584244,0.0026754927821457386,0.15018101036548615,-0.00041826479719020426,0.04490542411804199,0.14689835906028748,0.08816695958375931,0.21248379349708557,-0.5513748526573181,-0.46975407004356384,0.1567770093679428,0.20905935764312744,-0.1854555606842041,-0.13000603020191193,0.3945578336715698,-0.06799094378948212,-0.2891988158226013,-0.13237041234970093,0.16429007053375244,0.02028440125286579,-0.10895664989948273,-0.033489346504211426,0.06571762263774872,-0.027331674471497536,0.32392066717147827,-0.010340815410017967,0.12637773156166077,0.12532112002372742,-0.2365070879459381,-0.09624804556369781,0.17948497831821442,-0.3101077377796173,-0.14967073500156403,-0.037222377955913544,-0.10679075866937637,0.09266552329063416,0.19844718277454376,-0.03272213786840439,0.12949788570404053,-0.08664125204086304,-0.01410250086337328,-0.06504963338375092,-0.015150250867009163,-0.15146133303642273,0.2664321959018707,0.007805339992046356,0.1880451738834381,0.05504714325070381,-0.12638670206069946,-0.11767244338989258,-0.1398833841085434,0.04399258643388748,-0.042715080082416534,0.2095809429883957,-0.1259152591228485,0.34805285930633545,-0.099788598716259,0.24823737144470215,0.027685847133398056,-0.02197197452187538,-0.17894050478935242,0.12795771658420563,0.25305435061454773,-0.06072719022631645,-0.0934983342885971,-0.2098217010498047,-0.21864470839500427,-0.10112812370061874,0.1375565081834793,0.2685942053794861,0.12087986618280411,0.11310888826847076,-0.1306760460138321,0.07051043957471848,0.024046069011092186,0.1660793274641037,-0.0026146757882088423,0.16280491650104523,-0.35932469367980957,0.13432736694812775,-0.19960999488830566,-0.0399116575717926,-0.06499584019184113,-0.19443516433238983,0.03618483990430832,0.04081003740429878,0.2727198004722595,0.305878609418869,0.3605231046676636,0.32724714279174805,0.23074865341186523,-0.023809514939785004,-0.1356748640537262,-0.060047127306461334,0.14608696103096008,0.05948483198881149,0.15432009100914001,0.04614086076617241,-0.11480071395635605,0.008254796266555786,-0.20621740818023682,-0.15556955337524414,-0.08300167322158813,0.10759848356246948,0.02093217894434929,-0.050718288868665695,-0.013393601402640343,0.020094553008675575,-0.11506368964910507,0.24239400029182434,-0.044057536870241165,-0.17674867808818817,0.0021963119506835938,0.3584102988243103,-0.4365023970603943,0.03173668682575226,-0.08765129745006561,0.14866583049297333,-0.36135154962539673,0.15355730056762695,0.43156617879867554,0.023705244064331055,-0.06459806859493256,0.03758491203188896,0.11147153377532959,-0.5684977769851685,-0.15521976351737976,0.21672868728637695,-0.38640493154525757,0.04764975607395172,-0.34055909514427185,0.016895731911063194,0.05543293431401253
CID000004440,1253,0.0054172975942492485,0.027555663138628006,0.08043697476387024,0.6170212626457214,-0.10960806906223297,0.15720577538013458,-0.02954033389687538,0.18534992635250092,0.1752019226551056,-0.15311305224895477,0.23435604572296143,0.18179146945476532,-0.4521828293800354,0.19056196510791779,-0.34684497117996216,0.0716089978814125,-0.05052552372217178,-0.08588317781686783,0.05603713542222977,-0.9095328450202942,-0.1927400827407837,-0.19410820305347443,-0.1925176978111267,-1.0434879064559937,0.24864506721496582,0.1419563591480255,-0.15311989188194275,0.043538231402635574,0.08527292311191559,0.20503850281238556,0.2736267149448395,0.3201972544193268,0.21544727683067322,-0.18840205669403076,0.08239960670471191,0.09960567951202393,0.3921796381473541,-0.31798025965690613,0.25373852252960205,-0.41441160440444946,0.004062461666762829,0.0028782784938812256,0.23533296585083008,-0.6022546291351318,-0.15396133065223694,0.35588762164115906,0.17713935673236847,-0.019879210740327835,0.22423934936523438,0.044111140072345734,0.6310878396034241,0.044374994933605194,-0.2709965705871582,-0.16226980090141296,0.12609779834747314,-0.060922592878341675,0.49291372299194336,0.057088255882263184,-0.04785739630460739,0.09398509562015533,-0.21921184659004211,-0.2241937220096588,0.020472491160035133,-0.07577545940876007,0.36448001861572266,0.8554781079292297,-0.3573254942893982,-0.24970683455467224,-0.17851798236370087,0.260807603597641,0.17758487164974213,0.34747177362442017,-0.18952703475952148,-0.3482188284397125,-0.20793671905994415,-0.03500504419207573,-0.08343779295682907,0.1117534264922142,-0.09668703377246857,-0.1680135875940323,-0.03515247255563736,-0.3440856635570526,-0.17465852200984955,-0.17735624313354492,0.336511492729187,0.0612279549241066,-0.013242369517683983,0.7305906414985657,0.11157910525798798,-0.9031980633735657,-0.013775867410004139,0.12469200044870377,-0.08267749100923538,0.12183570861816406,0.26730188727378845,-0.3935633599758148,-0.1981203556060791,0.27848830819129944,-0.08751676976680756,-0.09473364800214767,0.0796625167131424,-0.036995477974414825,-0.173674076795578,0.2652646601200104,-0.16847755014896393,0.03894542530179024,0.13149932026863098,0.15966960787773132,0.8171286582946777,0.09129007160663605,-0.015388158150017262,0.2054174244403839,0.12635661661624908,0.005023491568863392,0.01045565027743578,0.06239420175552368,0.29942116141319275,0.09740307182073593,-0.18347707390785217,0.29403725266456604,0.6638322472572327,-0.4481467306613922,0.2688755989074707,0.10218838602304459,-0.3566661775112152,0.059097398072481155,-0.08299461752176285,-0.07136867940425873,0.28483301401138306,0.21256527304649353,0.06762273609638214,-0.3126147389411926,-0.24983663856983185,-0.12286992371082306,0.05215445160865784,-0.04250287264585495,0.05566074699163437,-0.023249855265021324,-0.30417653918266296,-0.7519086003303528,-0.06913299113512039,0.037485022097826004,0.32097142934799194,0.08922646194696426,0.050053078681230545,0.056301265954971313,-0.1987268179655075,0.21760967373847961,0.08712993562221527,0.4137377142906189,-0.013832330703735352,-0.26956281065940857,-0.2281988561153412,0.032032087445259094,-0.20698662102222443,-0.14334961771965027,-0.1054241880774498,-0.042235590517520905,-0.13019952178001404,0.4038691520690918,-0.34541603922843933,0.2525104284286499,-0.11779309809207916,0.17560946941375732,-0.2984163463115692,-0.7376677393913269,0.07894042134284973,-0.15881557762622833,-0.025879794731736183,0.17078623175621033,0.10357458889484406,-0.5554615259170532,-0.25671714544296265,-0.47738462686538696,0.3182796835899353,0.016083715483546257,0.2531663179397583,-0.172024667263031,0.4012288451194763,0.035028330981731415,0.046549130231142044,-0.11886237561702728,-0.31443023681640625,-0.14706990122795105,-0.01990245096385479,0.30140581727027893,-0.7965723276138306,-0.06164739280939102,0.18610765039920807,-0.30254966020584106,-0.27228739857673645,0.16327746212482452,0.09232420474290848,0.09101005643606186,0.36224886775016785,-0.18683680891990662,-0.20827405154705048,-0.17171187698841095,-0.078324094414711,-0.27939438819885254,-0.14698562026023865,-0.2755388617515564,-0.0412326343357563,-0.27997881174087524,0.1444004774093628,0.041900426149368286,-0.04859267547726631,0.09536774456501007,0.5560611486434937,0.5964376926422119,0.33074700832366943,-0.041905686259269714,0.25575166940689087,-0.02412961795926094,0.26420462131500244,0.03747285157442093,0.03288082033395767,0.1609261929988861,0.16579905152320862,-0.01548204105347395,-0.18758174777030945,-0.038430534303188324,0.22806167602539062,-0.44209375977516174,-0.2418992519378662,0.29931002855300903,0.0749502032995224,-0.4839807152748108,0.22971995174884796,-0.16004332900047302,0.055537499487400055,0.2318483591079712,0.24316903948783875,0.11497354507446289,0.16239133477210999,-0.11816159635782242,0.27883169054985046,-0.271187424659729,0.0060163079760968685,-0.10277007520198822,-0.32858607172966003,-0.6480282545089722,0.16310524940490723,0.041329726576805115,0.10530048608779907,-0.14537499845027924,0.2779027819633484,0.08900123834609985,-0.7182390689849854,-0.19345206022262573,0.4342736303806305,0.08017247915267944,0.22755935788154602,-0.15191742777824402,0.13770949840545654,0.14009375870227814
CID000041693,1258,0.2590315639972687,0.19672425091266632,0.06450825929641724,0.4184490740299225,-0.689523458480835,0.06472773849964142,0.19418013095855713,0.17355094850063324,0.16232626140117645,0.5091385841369629,0.16495351493358612,0.11193112283945084,0.041500069200992584,0.16265921294689178,-0.014586666598916054,-0.22690534591674805,0.0069648148491978645,-0.14899882674217224,0.0001851111592259258,-0.48859652876853943,-0.10951992124319077,-0.19791051745414734,-0.010398978367447853,-0.922988772392273,0.022950682789087296,-0.011141812428832054,-0.10016937553882599,0.0503719225525856,-0.16389843821525574,0.16986826062202454,-0.30761009454727173,0.15144173800945282,-0.024311363697052002,0.004704129882156849,-0.09559085965156555,0.14953383803367615,0.10994216054677963,0.3365169167518616,-0.005207723937928677,-0.16263321042060852,-0.13445737957954407,-0.01384258083999157,0.039909832179546356,-0.2678063213825226,-0.08714467287063599,0.3581377863883972,-0.043838657438755035,0.07865770161151886,0.062086425721645355,0.01400576252490282,0.3833167552947998,0.23653128743171692,-0.1975872814655304,0.09716037660837173,0.09017501771450043,-0.10385892540216446,0.06335042417049408,-0.02473219484090805,0.11051853001117706,-0.08401928097009659,-0.1946924477815628,-0.1370689570903778,-0.22508971393108368,-0.016241341829299927,0.12937621772289276,0.3215297758579254,-0.2433905303478241,-0.30638381838798523,0.21519061923027039,0.021216416731476784,0.21494433283805847,-0.07062320411205292,-0.30838245153427124,-0.23257605731487274,-0.43406111001968384,0.04585777595639229,0.12882950901985168,0.05444074794650078,-0.13936182856559753,0.26102766394615173,0.05645522475242615,-0.28006571531295776,-0.33790841698646545,-0.2742837071418762,0.160203754901886,-0.29360994696617126,0.09427128732204437,0.013183584436774254,0.20383939146995544,-0.7033981084823608,0.1890764832496643,0.3691992163658142,0.10365734249353409,0.08225220441818237,0.24577181041240692,-0.3570881485939026,-0.008601609617471695,-0.16606807708740234,-0.22462856769561768,-0.007988015189766884,0.2516537010669708,-0.30054667592048645,-0.03785666078329086,0.25864434242248535,-0.10724123567342758,0.10836639255285263,0.004263090901076794,-0.14594466984272003,0.509478747844696,0.2500918209552765,-0.10699301958084106,0.17500922083854675,-0.056374501436948776,-0.11853796243667603,-0.010016834363341331,0.18641218543052673,0.12247516959905624,0.18423311412334442,-0.10166909545660019,0.04040363430976868,0.7074947357177734,-0.19395022094249725,0.23228545486927032,0.4165716767311096,0.08554219454526901,0.1468101441860199,0.04785297438502312,0.08506342023611069,0.4475064277648926,-0.18287864327430725,0.06197964400053024,-0.4671879708766937,-0.5282794833183289,0.14798980951309204,0.18191325664520264,0.09554368257522583,0.12249545007944107,0.3429061770439148,-0.2564617693424225,-0.34452024102211,-0.18225999176502228,0.1100916638970375,-0.049501340836286545,-0.43180274963378906,-0.04168150573968887,0.20397040247917175,0.07281255722045898,0.2958220839500427,0.15981021523475647,0.04997686296701431,0.16221179068088531,-0.4925077557563782,0.13011455535888672,0.1347600519657135,-0.1509927660226822,-0.06516879796981812,-0.06910034269094467,-0.15104374289512634,0.19918806850910187,0.11896629631519318,0.03433262184262276,-0.006348324008285999,-0.11126039922237396,0.16316482424736023,-0.008917642757296562,0.09436582028865814,-0.5396478176116943,0.026743322610855103,-0.18645009398460388,0.23053546249866486,0.10849263519048691,-0.23083826899528503,-0.04364704340696335,-0.16631732881069183,0.051418155431747437,-0.19972313940525055,0.10742314159870148,-0.6007291674613953,0.5707989931106567,-0.3535653054714203,0.08431955426931381,0.07235853374004364,-0.299632728099823,-0.11294028908014297,0.19961996376514435,0.22248832881450653,-0.25616785883903503,0.07268930971622467,-0.10596977174282074,-0.20238061249256134,0.09507882595062256,-0.012851524166762829,0.07357484102249146,-0.2841944396495819,0.21698454022407532,-0.4360133707523346,0.12155060470104218,-0.07606573402881622,-0.14928507804870605,0.2749698758125305,-0.08061521500349045,-0.211457297205925,-0.1254592388868332,-0.5838293433189392,-0.09517578780651093,-0.15001896023750305,-0.16582974791526794,-0.12884820997714996,0.1619686335325241,0.6454506516456604,0.3672293424606323,-0.41389766335487366,0.3214401602745056,0.27038875222206116,0.055370114743709564,-0.20240195095539093,0.2209029495716095,0.28804537653923035,0.0784277468919754,-0.1631576120853424,-0.07357258349657059,-0.190276101231575,0.133182093501091,-0.3048275113105774,0.0379972867667675,-0.092807337641716,0.26347988843917847,-0.13500720262527466,0.09529061615467072,-0.30080336332321167,-0.1101040467619896,0.06065347045660019,0.005776749458163977,0.08398006111383438,-0.21089844405651093,0.12892834842205048,0.3871172368526459,-0.09465782344341278,-0.03533071279525757,-0.21288609504699707,-0.01812642812728882,-0.5214167237281799,0.04546043276786804,0.07468794286251068,-0.10306887328624725,-0.03164339065551758,-0.015446210280060768,0.026848578825592995,-0.6006479263305664,-0.2172970026731491,0.1477290689945221,-0.03715258091688156,0.03426435589790344,-0.11863961070775986,-0.11293111741542816,-0.005355438683182001
CID000082146,1261,0.3142751455307007,0.14255666732788086,0.1875450313091278,0.38465413451194763,-0.16231104731559753,0.19588816165924072,0.20086152851581573,0.32016056776046753,0.01571962609887123,0.13216976821422577,0.0982121080160141,0.2303609400987625,-0.026595259085297585,0.1355307698249817,-0.20848211646080017,-0.33144277334213257,-0.08485682308673859,-0.2942024767398834,0.08955070376396179,-0.4508039057254791,0.27594852447509766,-0.273806631565094,-0.21384963393211365,-0.7046276330947876,-0.19662360846996307,-0.0632743090391159,-0.23950381577014923,0.06907165795564651,0.001594439148902893,0.17776347696781158,-0.019298961386084557,0.24502284824848175,-0.20484188199043274,0.12318778038024902,-0.05551489442586899,-0.19789382815361023,0.1997438371181488,-0.04023274779319763,0.0690239742398262,-0.011972039937973022,0.08223502337932587,-0.12705257534980774,0.18273049592971802,-0.4673146605491638,-0.1278930902481079,0.41833552718162537,0.07357423007488251,0.08048615604639053,-0.0319734588265419,0.02916100062429905,0.2876828908920288,-0.06214095279574394,-0.2619646191596985,-0.17490234971046448,0.31626978516578674,-0.2363371104001999,-0.0033844548743218184,0.014369201846420765,-0.17569658160209656,0.1250104010105133,-0.45998090505599976,-0.11044420301914215,0.058664362877607346,-0.17040422558784485,0.12338165938854218,0.4336206018924713,-0.37667521834373474,-0.2861849367618561,0.097120001912117,-0.167351633310318,-0.10454686731100082,-0.05041918903589249,-0.39704543352127075,-0.2882506549358368,-0.17262974381446838,0.39509469270706177,0.08758393675088882,0.1255442053079605,-0.0143640311434865,0.24071654677391052,0.07980534434318542,-0.6680313348770142,-0.32326456904411316,-0.1164996400475502,0.12454132735729218,0.09636880457401276,0.3151984214782715,0.05364576727151871,-0.07993622124195099,-0.8084489703178406,-0.07057579606771469,0.09509281069040298,0.04969722032546997,0.08905727416276932,-0.051637642085552216,-0.4114623963832855,-0.1531432867050171,-0.14725568890571594,0.4095279574394226,0.20321452617645264,-0.05754202604293823,0.1797286719083786,-0.020035332068800926,0.22285744547843933,0.042808905243873596,-0.019407639279961586,-0.11954132467508316,-0.13985581696033478,0.4753762185573578,-0.11791755259037018,-0.029252875596284866,0.22278249263763428,-0.09397401660680771,-0.06162272021174431,0.010394123382866383,0.18325702846050262,-0.04172539710998535,-0.03210269287228584,-0.27831077575683594,0.15920381247997284,0.5385833382606506,-0.00479415338486433,0.4535905420780182,0.1431027054786682,0.22294029593467712,-0.13578633964061737,0.00625423202291131,0.07989613711833954,0.17107130587100983,-0.1886189877986908,0.2487393617630005,-0.45374536514282227,-0.09909051656723022,0.2487744837999344,0.2875424921512604,-0.1776740550994873,-0.055485665798187256,0.05552395433187485,0.05957549065351486,-0.2498314380645752,-0.3388431668281555,0.09057458490133286,0.19722309708595276,-0.25495460629463196,0.017875367775559425,-0.04194226861000061,-0.04042097181081772,0.25213342905044556,-0.2363196164369583,0.08950207382440567,-0.15497499704360962,-0.34830284118652344,0.23064056038856506,0.30733293294906616,-0.30867713689804077,-0.054957132786512375,0.023357342928647995,-0.12064061313867569,0.011204850859940052,0.2869531512260437,0.3406822085380554,-0.061834752559661865,-0.021933261305093765,-0.1953142136335373,-0.2815990447998047,-0.19728770852088928,-0.39201435446739197,0.48967599868774414,0.0400192067027092,0.19283054769039154,0.044244151562452316,-0.26425573229789734,-0.11480142921209335,-0.35023945569992065,0.025283288210630417,-0.10218485444784164,0.15909318625926971,-0.27033331990242004,0.4909440875053406,0.17628087103366852,0.13638651371002197,0.14471086859703064,-0.3398761749267578,-0.26171618700027466,0.17644062638282776,0.10700608789920807,-0.4415074288845062,-0.16073796153068542,-0.2640703320503235,-0.17256727814674377,-0.20132315158843994,0.17743894457817078,0.2771209478378296,-0.03735186904668808,0.1541927009820938,-0.3097631335258484,-0.04076046869158745,0.14919182658195496,0.19739583134651184,0.2181895524263382,0.15018583834171295,-0.28118807077407837,0.20783337950706482,-0.38723164796829224,-0.13322162628173828,-0.16852635145187378,0.027424583211541176,-0.08642852306365967,0.004432824440300465,0.36795908212661743,0.39536532759666443,-0.14792756736278534,0.2979734241962433,-0.031094912439584732,0.0896729975938797,-0.25915998220443726,-0.20498470962047577,0.09526278078556061,0.023036643862724304,0.3534263074398041,-0.1136128306388855,-0.05751675367355347,0.031095007434487343,-0.3139614462852478,-0.03511665016412735,-0.13165870308876038,-0.4506283700466156,-0.15982235968112946,0.007705262396484613,0.1576138436794281,-0.003980877809226513,0.10135959088802338,0.30514413118362427,0.048490751534700394,-0.15660376846790314,0.19681496918201447,0.17279289662837982,-0.2756742835044861,0.1262112557888031,-0.11707951873540878,0.20401087403297424,-0.533239483833313,0.09733910858631134,0.26339417695999146,-0.20313939452171326,0.01581472158432007,0.3283803462982178,0.11807113885879517,-0.5249163508415222,-0.062242817133665085,0.3541332483291626,-0.22275051474571228,-0.20084837079048157,0.0918828472495079,-0.011970719322562218,-0.05727137252688408
CID000004201,1274,0.29273858666419983,-0.0869717076420784,-0.015567314811050892,0.26672786474227905,-0.4788452684879303,0.05970103293657303,0.301196426153183,0.24471142888069153,-0.07258200645446777,0.2826843857765198,0.18098095059394836,0.05318934842944145,0.04037554934620857,0.18783454596996307,-0.21385443210601807,-0.09190955013036728,-0.061258457601070404,-0.16757869720458984,0.1344345659017563,-0.3848286271095276,-0.007135567255318165,-0.20346832275390625,0.09085121005773544,-0.812658429145813,0.186989888548851,0.07914389669895172,-0.11263491958379745,0.008649513125419617,-0.010364959016442299,0.1695888489484787,-0.002013492863625288,0.170839324593544,0.17567074298858643,0.02921297214925289,0.0726257711648941,-0.17189016938209534,0.13582083582878113,0.12301446497440338,0.11876873672008514,-0.06336311995983124,-0.06926091015338898,-0.22730159759521484,0.14157141745090485,-0.16302455961704254,-0.19101442396640778,0.3340938687324524,0.12941128015518188,-0.0303542111068964,0.09045840799808502,0.2068421095609665,0.24604961276054382,0.10754702240228653,-0.21026380360126495,0.04781842976808548,-0.009308522567152977,-0.07204657793045044,0.05674499273300171,0.18957307934761047,0.08046496659517288,0.05931814759969711,-0.22035305202007294,-0.24370411038398743,-0.04411233216524124,0.027875233441591263,0.18153910338878632,0.33003291487693787,-0.239527627825737,-0.1432579606771469,0.2470567226409912,0.12290100753307343,-0.012162444181740284,-0.10433739423751831,-0.37354499101638794,-0.41223207116127014,-0.26246508955955505,0.11034240573644638,0.06938096880912781,0.05222290754318237,-0.027421053498983383,-0.0836666077375412,0.1196594387292862,-0.7185242176055908,-0.2589513659477234,0.3150564730167389,0.045009151101112366,-0.1431119441986084,0.1216677650809288,0.023642631247639656,-0.09433221817016602,-0.7135040163993835,-0.08349646627902985,0.16012752056121826,0.02668897435069084,0.07635892927646637,0.09133028984069824,-0.1955997347831726,-0.2160392552614212,-0.017956819385290146,-0.1570330560207367,0.15698222815990448,-0.20217803120613098,0.043068986386060715,0.03162272274494171,0.3657194972038269,0.2299269735813141,-0.012625521048903465,-0.045584652572870255,0.163811594247818,0.4621257781982422,-0.23173144459724426,-0.04782753065228462,0.14138078689575195,0.035178154706954956,-0.11789176613092422,-0.05160410329699516,0.17759421467781067,-0.026761233806610107,-0.04163593426346779,-0.022200528532266617,0.20837673544883728,0.6089602112770081,-0.14662542939186096,0.2454509288072586,0.09859560430049896,-0.05673613399267197,0.22146442532539368,-0.01711290515959263,0.021154019981622696,0.16530883312225342,0.04583672434091568,0.19582512974739075,-0.4746837615966797,-0.44664478302001953,0.08843016624450684,0.28479301929473877,-0.14598487317562103,-0.15558384358882904,0.26870372891426086,-0.14471367001533508,-0.2035023421049118,-0.22613108158111572,0.21307456493377686,0.022067580372095108,-0.09411557018756866,0.03661464899778366,0.05514435097575188,-0.019301360473036766,0.384727418422699,-0.021891072392463684,0.12909017503261566,0.20050005614757538,-0.2283570021390915,-0.040755026042461395,0.23350222408771515,-0.3384454846382141,-0.06153010204434395,-0.04749468341469765,-0.019821923226118088,-0.006361181847751141,0.20523150265216827,-0.282562255859375,0.13354964554309845,0.009832596406340599,0.05174225568771362,-0.06054631620645523,-0.13521601259708405,-0.16609574854373932,0.2752763330936432,-0.06167338415980339,0.19373279809951782,0.007385259959846735,-0.13868017494678497,-0.231624037027359,-0.19102147221565247,-0.02172669768333435,-0.034227702766656876,0.2090989649295807,-0.19328337907791138,0.3790997862815857,-0.05929551646113396,0.22151820361614227,0.010446581058204174,-0.021511027589440346,-0.20364978909492493,0.1506284773349762,0.24675698578357697,-0.11958978325128555,-0.09609846025705338,-0.18685761094093323,-0.24878044426441193,0.007052874658256769,0.009036710485816002,0.26802223920822144,0.1140904575586319,0.1237528920173645,-0.18734107911586761,0.0678604394197464,5.1045419240836054e-05,0.13922670483589172,0.08709737658500671,0.20098188519477844,-0.38966605067253113,0.0716504231095314,-0.24412009119987488,-0.11939225345849991,-0.1293119341135025,-0.21549920737743378,0.10190333425998688,-0.05771588534116745,0.3187776803970337,0.35733991861343384,0.3325299024581909,0.3175167441368103,0.2133384495973587,-0.019493330270051956,-0.1608118861913681,-0.24556061625480652,0.12286822497844696,0.07667450606822968,0.019189968705177307,0.08330420404672623,-0.11883518844842911,0.05472416430711746,-0.19348469376564026,-0.010229503735899925,-0.01001730002462864,0.06492526829242706,0.030578577890992165,-0.05324490740895271,-0.020590802654623985,-0.04568692296743393,-0.11051733791828156,0.2607733905315399,0.07127070426940918,-0.030331725254654884,-0.13521327078342438,0.3071501851081848,-0.4459199011325836,0.14909511804580688,-0.09981945902109146,0.07312065362930298,-0.32163938879966736,-0.006534060928970575,0.42944201827049255,0.1115342229604721,-0.08585647493600845,0.07555421441793442,0.039799049496650696,-0.6565083265304565,-0.17226138710975647,0.24382838606834412,-0.3237365186214447,0.09066061675548553,-0.45055556297302246,0.0062608360312879086,0.08492511510848999
CID000065027,1304,0.5506531000137329,-0.026516154408454895,0.24929991364479065,0.8321607708930969,-0.6671010255813599,0.21684379875659943,-0.13060930371284485,0.17197534441947937,0.28632357716560364,0.6009278297424316,0.07890031486749649,-0.410799115896225,0.02882245182991028,0.208109050989151,-0.06146160885691643,0.15682989358901978,0.0631924569606781,-0.4110836982727051,-0.06608940660953522,-0.502082884311676,-0.008319318294525146,-0.07082553952932358,-0.14585670828819275,-0.9054445028305054,0.2989574372768402,-0.010914831422269344,-0.35394009947776794,0.02663988433778286,0.12162904441356659,0.014235165901482105,-0.21798324584960938,0.044991135597229004,-0.2285577952861786,0.1832379251718521,0.13523341715335846,0.30938443541526794,0.2281099557876587,-0.10865581035614014,-0.13176295161247253,-0.2712465226650238,0.020451370626688004,0.2427653968334198,0.011482837609946728,0.14792664349079132,-0.09542404115200043,0.32553955912590027,0.15650339424610138,0.04316437989473343,0.21214112639427185,0.22769995033740997,0.9552249908447266,-0.3184449374675751,-0.20091545581817627,-0.10792261362075806,-0.4524107575416565,-0.22060707211494446,0.26122385263442993,-0.2880719006061554,0.3717330992221832,0.29423975944519043,-0.06417273730039597,-0.1549239605665207,-0.10953742265701294,-0.04443132504820824,0.1443837583065033,0.7115781903266907,-0.3206702470779419,-0.014721637591719627,-0.10778401046991348,-0.029902463778853416,0.1609293669462204,-0.07419519871473312,0.27021297812461853,-0.3043205142021179,-0.3066827356815338,0.2026703804731369,0.22685766220092773,-0.16784265637397766,-0.0995563343167305,-0.18694394826889038,-0.003940314054489136,-0.37058067321777344,-0.18676716089248657,0.2437848597764969,0.15480676293373108,0.3429827392101288,0.09019996970891953,0.22492475807666779,-0.16593074798583984,-0.5973865389823914,-0.01630472019314766,-0.11549077183008194,-0.0885358527302742,-0.04440463334321976,0.05737089365720749,-0.2098458707332611,0.3263639807701111,0.03171493858098984,-0.08109675347805023,0.06697146594524384,0.027268391102552414,-0.006981015205383301,-0.044947486370801926,0.16941019892692566,-0.18644574284553528,0.09607391059398651,0.27646932005882263,0.20102424919605255,0.6479955911636353,0.0895412489771843,0.15768000483512878,0.09170793741941452,-0.13122566044330597,-0.5745712518692017,0.27141278982162476,0.16348914802074432,-0.2995082139968872,-0.4882269501686096,0.18168805539608002,0.06501246988773346,1.1177875995635986,-0.3452437222003937,0.1826341152191162,0.26099342107772827,-0.04998978227376938,0.4409301280975342,0.06357268989086151,-0.29391542077064514,0.057438917458057404,0.14951446652412415,0.34391623735427856,-0.6802296042442322,-0.5485292673110962,0.3305491507053375,0.17770229279994965,0.4463978409767151,0.09655903279781342,0.09413255751132965,-0.09263965487480164,-0.007899426855146885,-0.0727606788277626,0.24595001339912415,0.08931668847799301,0.0933879092335701,-0.24479150772094727,-0.04462458938360214,0.10051512718200684,0.8786218762397766,0.3131085932254791,0.18991191685199738,-0.2841251492500305,-0.7753220200538635,-0.20201560854911804,0.19689004123210907,-0.13085772097110748,0.13661904633045197,0.08105199038982391,-0.030675536021590233,0.2722392678260803,-0.0033476948738098145,0.3627263605594635,-0.11848379671573639,0.17321595549583435,0.15138986706733704,-0.17045815289020538,-0.27943509817123413,-0.19916440546512604,0.031754374504089355,0.12961037456989288,0.038021109998226166,-0.10190139710903168,-0.053981948643922806,0.018136968836188316,-0.37193530797958374,0.1139443963766098,-0.10349269956350327,0.3925318717956543,-0.3562634587287903,1.0279152393341064,0.2592490613460541,-0.6544744968414307,0.14022257924079895,0.22630715370178223,0.010845678858458996,-0.09266529977321625,0.04336240142583847,-0.2607903480529785,-0.24350503087043762,0.12013594806194305,-0.19913558661937714,0.00017373710579704493,-0.06177978590130806,-0.32706600427627563,-0.19131341576576233,0.38822996616363525,0.0054205358028411865,0.01581394672393799,0.19555477797985077,-0.07858015596866608,0.008220696821808815,-0.6202096343040466,-0.4908742308616638,0.07633573561906815,-0.27804335951805115,-0.14858251810073853,-0.03540970757603645,0.2388511449098587,-0.0527576319873333,0.6793802976608276,0.6152616143226624,0.19942249357700348,0.665522575378418,-0.03573884814977646,-0.230808824300766,0.021082166582345963,-0.1517617255449295,0.0018187284003943205,0.386208713054657,-0.07762046158313751,0.1413205862045288,-0.1515389084815979,0.04454939439892769,0.10921995341777802,-0.12454447895288467,0.1013074517250061,0.04271208122372627,0.13832971453666687,-0.12422233819961548,0.012271344661712646,0.34082141518592834,0.2448371946811676,0.6444005966186523,0.28275495767593384,0.16882619261741638,0.3245862126350403,-0.0184142105281353,0.875705897808075,-0.45837512612342834,0.0616481713950634,-0.1541803479194641,-0.3470314145088196,-0.3801720440387726,0.3643919825553894,-0.08692766726016998,-0.2587912976741791,0.30398237705230713,-0.18208806216716766,0.03804726526141167,-0.9719635248184204,-0.21971175074577332,0.29474538564682007,0.29683127999305725,-0.01977616921067238,-0.3328133821487427,0.024435747414827347,0.4278751015663147
CID000003494,1320,-0.07383135706186295,0.03598712384700775,0.14354382455348969,0.22625727951526642,-0.3649604320526123,0.048004984855651855,0.14201706647872925,0.29201510548591614,-0.0613095760345459,0.1809907704591751,-0.22613906860351562,0.09511025995016098,0.04494772106409073,0.22208264470100403,-0.12275949865579605,-0.1327514946460724,-0.09392863512039185,0.06461787968873978,0.04054351896047592,-0.4912949502468109,0.21902820467948914,-0.2592610716819763,-0.1762847602367401,-0.8241895437240601,-0.0708334818482399,0.20960398018360138,-0.3135710656642914,-0.20332542061805725,-0.026867162436246872,0.18767039477825165,-0.17111171782016754,0.3597363531589508,0.21376323699951172,0.06799603253602982,-0.1154104694724083,0.08088642358779907,0.0950905978679657,0.05297849699854851,0.22348323464393616,-0.27189669013023376,-0.01212376169860363,-0.1520935744047165,-0.038015611469745636,-0.2892210781574249,-0.039260443300008774,0.30723145604133606,0.02054627239704132,0.08569806814193726,0.08354165405035019,-0.2655199468135834,0.36135631799697876,0.13400404155254364,-0.15225419402122498,-0.07721652835607529,0.30855193734169006,-0.0775439515709877,0.02488950453698635,0.31957656145095825,0.033249594271183014,0.23631532490253448,-0.2659350037574768,-0.23307517170906067,-0.10073630511760712,-0.06825338304042816,0.3004668056964874,0.4722195565700531,-0.16343161463737488,-0.06314297020435333,0.20446720719337463,-0.06648658215999603,0.17471705377101898,-0.1929652839899063,-0.37960827350616455,-0.3413497805595398,-0.24406114220619202,-0.14895157516002655,-0.28842610120773315,0.06570844352245331,-0.22935351729393005,-0.04578167945146561,0.2470860779285431,-0.2494415044784546,-0.3615298271179199,-0.18125388026237488,-0.03236275911331177,-0.39599236845970154,0.43797069787979126,0.11082321405410767,0.2305435687303543,-0.8670512437820435,-0.14502698183059692,0.17914317548274994,0.12298144400119781,0.01361782569438219,0.004628115799278021,-0.26896733045578003,-0.15660610795021057,-0.219306081533432,-0.015389228239655495,0.33380091190338135,-0.0614219531416893,-0.08331058919429779,-0.02941088005900383,0.3170540928840637,-0.00861747283488512,0.13999047875404358,0.004185406491160393,0.2579420804977417,0.31892621517181396,0.042697176337242126,-0.06900955736637115,0.14109903573989868,-0.3227163255214691,0.10156111419200897,-0.21930202841758728,0.2402966469526291,0.07524071633815765,-0.24425700306892395,-0.1395041048526764,0.12885484099388123,0.4934903085231781,-0.04952530935406685,0.2794194221496582,0.24545779824256897,0.019648080691695213,0.05533329397439957,-0.053483106195926666,-0.028678804636001587,0.4152969717979431,-0.17006361484527588,0.12187878787517548,-0.3292621672153473,-0.25709664821624756,0.08768951892852783,0.08387859910726547,-0.0651380866765976,-0.14549849927425385,0.1260891854763031,0.03863991051912308,-0.4175311028957367,-0.14615729451179504,0.18292315304279327,0.09384070336818695,-0.07191629707813263,0.08187851309776306,0.4662165641784668,0.01283215917646885,0.36499327421188354,-0.06997449696063995,0.1746431291103363,-0.1876765936613083,-0.2467811107635498,-0.1617925465106964,0.28651952743530273,-0.21139252185821533,-0.19395367801189423,-0.13881763815879822,-0.24357609450817108,0.10110098123550415,0.5409668684005737,-0.09276755899190903,0.00639460701495409,-0.1313357800245285,0.07526421546936035,0.04229971021413803,-0.004768212325870991,-0.24954919517040253,0.05539529398083687,-0.07268863916397095,0.2909141480922699,0.06574984639883041,-0.1536003053188324,-0.35571250319480896,-0.3581334352493286,0.030414436012506485,-0.007475013844668865,0.04279491305351257,-0.3727265000343323,0.4523483216762543,-0.28626543283462524,-0.010985682718455791,-0.03902760148048401,-0.5071192979812622,-0.17785106599330902,0.005522008053958416,0.33435937762260437,-0.2183566838502884,-0.19160300493240356,0.10299630463123322,-0.30742543935775757,0.036301568150520325,0.14553093910217285,0.3416973948478699,-0.02808448299765587,0.12075342983007431,-0.15840937197208405,0.1980750858783722,0.12330398708581924,0.06678915023803711,0.09640315175056458,0.17737440764904022,-0.25803041458129883,-0.2331710159778595,-0.29439061880111694,0.33872494101524353,-0.12527942657470703,0.013269498944282532,-0.061930589377880096,0.05553663894534111,0.4434646666049957,0.44931355118751526,-0.29193300008773804,0.2627188265323639,0.5357189774513245,0.1400202512741089,-0.3551526665687561,0.1818532645702362,0.04618305712938309,0.09534569829702377,-0.21984103322029114,0.10937341302633286,-0.12301763147115707,-0.015386825427412987,-0.1902022361755371,-0.0760272666811943,-0.12288318574428558,0.07888441532850266,-0.39126846194267273,-0.008629286661744118,-0.25740617513656616,-0.09345307946205139,-0.17230014503002167,0.07129764556884766,0.047872334718704224,-0.13523413240909576,-0.24875935912132263,0.3019064664840698,-0.2575007975101471,0.07084877043962479,-0.15754377841949463,0.24690786004066467,-0.6110681295394897,-0.09201165288686752,0.23415327072143555,-0.09342833608388901,0.2314291000366211,0.07923071086406708,0.2144812047481537,-0.4341658651828766,-0.25651708245277405,0.1491619199514389,-0.12570026516914368,0.07481145858764648,0.004083695355802774,0.008023375645279884,0.04961958900094032
CID000003108,1326,0.030903885141015053,-0.005183294415473938,-0.031438328325748444,0.3021407425403595,-0.3459812104701996,-0.06505829840898514,0.3550642132759094,0.28173184394836426,-0.08189232647418976,0.29991742968559265,0.2061670571565628,-0.1945405751466751,0.00013033747381996363,0.22854197025299072,-0.10328845679759979,-0.13062874972820282,-0.06481154263019562,-0.10794202238321304,0.052431654185056686,-0.41893506050109863,0.059561826288700104,-0.19130714237689972,0.09357360005378723,-0.7877326607704163,-0.1840289831161499,0.17786481976509094,-0.15585874021053314,0.022864168509840965,0.0009082794422283769,0.19516102969646454,-0.08833403885364532,0.20041093230247498,0.2756790220737457,-0.10640354454517365,-0.05488939210772514,-0.18660400807857513,0.0010289549827575684,0.043174952268600464,0.09188500791788101,-0.10515278577804565,-0.06442432105541229,-0.27095651626586914,0.2028464823961258,-0.2196354866027832,-0.15243998169898987,0.3982822895050049,0.11079248040914536,-0.0318441241979599,0.11970949172973633,0.019187187775969505,0.2806527316570282,0.21771247684955597,-0.1154743880033493,-0.03143836185336113,-0.004824322648346424,-0.03902130201458931,-0.05974096059799194,0.13336233794689178,0.25856971740722656,0.1043136715888977,-0.18555183708667755,-0.3501216769218445,-0.14484477043151855,0.12590384483337402,0.22671560943126678,0.5306962728500366,-0.062108755111694336,-0.15152306854724884,0.22997751832008362,0.004305300768464804,-0.06475062668323517,0.03630413860082626,-0.23722222447395325,-0.43365925550460815,-0.2077852189540863,0.06874289363622665,0.2814863622188568,0.03375403210520744,-0.1020032986998558,-0.0586647167801857,0.06417196244001389,-0.40759000182151794,-0.2847372889518738,0.1142454594373703,0.09754176437854767,0.046358607709407806,0.16500946879386902,0.19217246770858765,-0.16213449835777283,-0.6073230504989624,-0.1296868920326233,0.20057876408100128,0.03795770928263664,0.1329280287027359,0.060553163290023804,-0.24615463614463806,0.01047048531472683,0.16881895065307617,0.12504032254219055,-0.005010188557207584,-0.17257016897201538,0.02592526748776436,-0.03493375703692436,0.3813842535018921,0.32392701506614685,-0.026470983400940895,0.058363087475299835,0.2863823175430298,0.5415745973587036,-0.004463023040443659,-0.1127357929944992,0.14086416363716125,0.025122452527284622,-0.0723898857831955,-0.27644091844558716,0.10627570003271103,0.18608970940113068,0.07434976100921631,0.014723842963576317,0.2573271691799164,0.6093640923500061,-0.2822592854499817,0.16762591898441315,0.3661690950393677,-0.17560550570487976,0.15277571976184845,0.08164156973361969,0.02884429320693016,0.29296019673347473,0.03776990622282028,0.02059268206357956,-0.4855988025665283,-0.39878812432289124,0.16279500722885132,0.37776073813438416,-0.13457415997982025,-0.038177162408828735,0.10741877555847168,-0.19005075097084045,-0.21582889556884766,-0.25376400351524353,0.20305363833904266,0.0006809651968069375,0.0292804054915905,0.046072818338871,0.13310877978801727,0.02615591324865818,0.42367100715637207,0.05523405596613884,0.19627606868743896,0.10254106670618057,-0.2546381652355194,0.07651577889919281,0.08001069724559784,-0.27264371514320374,-0.09620439261198044,-0.08813319355249405,-0.052287496626377106,0.0815034881234169,0.3283178210258484,-0.30430611968040466,0.07328768074512482,-0.08285222947597504,-0.16924555599689484,-0.005741321947425604,-0.2864411473274231,-0.22350886464118958,0.136116161942482,-0.17709723114967346,0.28547459840774536,0.02165093645453453,-0.17384769022464752,-0.13705071806907654,-0.2557148039340973,0.04332437366247177,-0.02754361554980278,0.14086918532848358,-0.16563794016838074,0.5056084394454956,0.0029785633087158203,0.0991002768278122,-0.0017149047926068306,-0.01884710229933262,-0.04651413485407829,0.1839851438999176,0.18999332189559937,-0.13150238990783691,0.038031864911317825,-0.10758161544799805,-0.39549559354782104,0.12097475677728653,-0.07299559563398361,0.054083921015262604,0.042596448212862015,0.14076195657253265,-0.30585822463035583,0.14689591526985168,0.07605941593647003,0.1986285150051117,-0.028430480509996414,0.038903720676898956,-0.2760307192802429,0.013106810860335827,-0.4229697585105896,-0.19943347573280334,-0.21547286212444305,-0.15262281894683838,-0.011809843592345715,0.11083675920963287,0.5217542052268982,0.38767579197883606,0.12553894519805908,0.40478187799453735,0.09254452586174011,0.195079505443573,-0.1539343148469925,-0.1376069039106369,0.12142384052276611,0.02910696528851986,0.004322024993598461,-0.05222445726394653,-0.26634079217910767,-0.002707618521526456,-0.204477459192276,0.03393985331058502,-0.002610242459923029,-0.10992363840341568,-0.37462925910949707,-0.09822806715965271,-0.02671987935900688,-0.03871961683034897,-0.05312255024909973,0.33790290355682373,0.03788788244128227,0.04619825631380081,-0.14099429547786713,0.2954607605934143,-0.25826627016067505,0.04663558304309845,-0.09755192697048187,0.09815119951963425,-0.34943515062332153,-0.07620815187692642,0.30991262197494507,-0.037754546850919724,-0.09208804368972778,-0.16192057728767395,-0.00400899350643158,-0.5889913439750671,-0.15425387024879456,0.08838991820812225,-0.2426474392414093,0.25005078315734863,-0.2465980350971222,0.16641584038734436,0.0642356276512146
CID000013342,1349,0.30875837802886963,0.04034634679555893,0.14250335097312927,0.5608562231063843,-0.4081808924674988,0.06748109310865402,0.20563378930091858,0.32917624711990356,-0.044455744326114655,0.3445534110069275,-0.04118362441658974,-0.3365061581134796,-0.020074952393770218,0.20595917105674744,-0.03934028744697571,0.18024985492229462,0.05148782581090927,-0.2623937726020813,0.031087268143892288,-0.4835239052772522,0.1322212815284729,-0.42900705337524414,-0.07938331365585327,-0.9090591669082642,0.008898759260773659,0.11664246022701263,-0.23998312652111053,-0.04725737124681473,0.014562377706170082,-0.06913663446903229,0.04372050240635872,0.114759661257267,0.1893419325351715,0.10434798151254654,0.1039523109793663,0.09085756540298462,0.06133619695901871,0.34863942861557007,-0.2484794557094574,-0.2209644764661789,0.19427108764648438,0.29988399147987366,0.16454653441905975,0.05671921372413635,-0.29854118824005127,0.22710342705249786,0.05588533729314804,-0.12871207296848297,-0.16478726267814636,0.373393714427948,0.4989701211452484,0.05111224576830864,-0.26211947202682495,-0.0023154199589043856,-0.18351542949676514,0.1839330494403839,-0.006243532989174128,-0.15361854434013367,0.3513297438621521,-0.1154143214225769,0.04104471951723099,-0.3201928734779358,0.03466370701789856,-0.24132080376148224,0.3487829267978668,0.283718079328537,-0.37903615832328796,0.04680100828409195,0.13679592311382294,-0.0019131004810333252,0.2170862853527069,0.016380244866013527,-0.2886807918548584,-0.42699986696243286,-0.2755635380744934,0.15215840935707092,0.1832168847322464,-0.07225731015205383,-0.057332880795001984,0.1203656792640686,0.36465540528297424,-0.27572929859161377,-0.33200496435165405,-0.012164044193923473,0.11553837358951569,0.23011410236358643,0.03771341219544411,0.12309455871582031,-0.0046033114194869995,-0.5122090578079224,-0.0723268911242485,0.2897164821624756,-0.04421761631965637,0.017827872186899185,-0.08513959497213364,-0.1292143315076828,0.14559678733348846,0.08169224113225937,0.08743701130151749,0.22093328833580017,0.044678665697574615,-0.07399717718362808,-0.029521634802222252,0.23176124691963196,0.06786055117845535,-0.04553376883268356,0.08385215699672699,0.1699884831905365,0.3828350603580475,0.022356778383255005,0.0823618471622467,0.0710068792104721,-0.21390607953071594,-0.3452041745185852,0.36047083139419556,0.34869009256362915,-0.20948877930641174,0.030813217163085938,-0.062317706644535065,0.298367977142334,0.7876262068748474,-0.33841782808303833,0.19304433465003967,0.3926982879638672,-0.21966180205345154,0.42285212874412537,0.1474168598651886,0.055860333144664764,0.06826803088188171,0.2337024211883545,0.23704178631305695,-0.49671632051467896,-0.420576274394989,0.20222654938697815,0.38394054770469666,0.24756057560443878,-0.1262771338224411,0.19719655811786652,-0.016819387674331665,-0.08407710492610931,0.03944261372089386,0.15424928069114685,0.174357071518898,0.16563934087753296,-0.09807708114385605,0.1364937126636505,-0.046885471791028976,0.4801643490791321,0.16792920231819153,0.4861086905002594,-0.11386096477508545,-0.42818012833595276,0.06927550584077835,0.2951048016548157,-0.08714219182729721,-0.06298624724149704,0.0341535322368145,-0.12548398971557617,-0.1669474095106125,0.0272083543241024,-0.1590537428855896,-0.191063791513443,0.009931942448019981,0.0942324623465538,-0.047707874327898026,0.042730510234832764,-0.13672305643558502,0.05039196088910103,0.23052754998207092,-0.018888909369707108,0.04974517971277237,0.10189702361822128,-0.4046403765678406,-0.22211413085460663,0.17733487486839294,-0.07846857607364655,0.1749904602766037,-0.16611894965171814,0.7859241366386414,-0.010212021879851818,-0.3332560658454895,0.05195176601409912,-0.047197867184877396,0.07982655614614487,0.28683775663375854,0.08526013791561127,-0.1203145757317543,0.06774668395519257,0.29827746748924255,-0.4302772581577301,-0.17986027896404266,0.07485725730657578,0.014599462039768696,-0.32512906193733215,0.469355970621109,0.12176456302404404,0.19977648556232452,-0.015049654059112072,-0.04262184724211693,0.07863499969244003,0.08361253142356873,-0.5171477794647217,0.13325244188308716,-0.33955150842666626,-0.1063762903213501,-0.10392012447118759,0.07056362926959991,-0.22018802165985107,0.1361079066991806,0.4843122065067291,0.3096197247505188,0.13554647564888,0.14982959628105164,0.011932773515582085,0.030577683821320534,-0.1688832938671112,0.21161234378814697,0.34489691257476807,0.05345752090215683,-0.006576708517968655,-0.1945839375257492,-0.1001306027173996,-0.13873234391212463,-0.13778777420520782,0.10813653469085693,0.09199753403663635,0.027695322409272194,-0.14911578595638275,-0.13600413501262665,-0.06091747432947159,0.015790116041898727,0.16210560500621796,0.26239895820617676,-0.06108808517456055,0.14742544293403625,-0.09777604043483734,0.5334333181381226,-0.5806130170822144,-0.04170282930135727,-0.20344166457653046,-0.08287806063890457,-0.26546695828437805,0.34265074133872986,0.1318904161453247,-0.32659560441970825,-0.14715637266635895,0.06439796090126038,0.10839027166366577,-0.7572770714759827,-0.1199718564748764,0.2949891686439514,0.11523084342479706,0.2755335569381714,-0.2858169674873352,-0.07239852845668793,0.02528369426727295
CID000068844,1366,0.24122722446918488,0.09400203078985214,0.30534079670906067,0.6047841906547546,-0.6254194974899292,0.02136034332215786,0.31016576290130615,0.36941632628440857,0.06466161459684372,0.3720301687717438,-0.060842640697956085,-0.31668585538864136,-0.14903688430786133,0.3467118740081787,-0.18803627789020538,0.16044414043426514,0.11660106480121613,-0.05543643981218338,0.13611848652362823,-0.5367104411125183,-0.11604543775320053,-0.3619736135005951,0.024980628862977028,-0.9078377485275269,-0.008173087611794472,0.16497859358787537,0.03880298510193825,-0.18273372948169708,0.009650113992393017,0.24034683406352997,-0.23153972625732422,0.11659102141857147,-0.0021053373347967863,0.06434284150600433,0.11731227487325668,-0.0685831606388092,-0.04003991559147835,0.30008524656295776,-0.05722777917981148,-0.26309850811958313,-0.028905808925628662,-0.04602087661623955,0.07322491705417633,-0.07607199251651764,-0.1363370269536972,0.21689645946025848,0.025851184502243996,0.05091207101941109,0.030733764171600342,0.11220641434192657,0.5557801723480225,0.21339790523052216,-0.18906158208847046,-0.16073770821094513,0.08312885463237762,-0.09085149317979813,0.1579688936471939,-0.03805773705244064,0.20931203663349152,-0.25819045305252075,-0.15641668438911438,-0.4354288578033447,0.12639470398426056,-0.16838295757770538,0.14561454951763153,0.4814245104789734,-0.3587819039821625,-0.07543043792247772,0.22572152316570282,0.0720568299293518,0.012139180675148964,0.0914049744606018,-0.21143142879009247,-0.3853560984134674,-0.2294653356075287,0.13300076127052307,0.16889147460460663,0.05800879746675491,-0.12006410211324692,-0.15087878704071045,0.2685605585575104,-0.4041149616241455,-0.3369670510292053,0.004782128147780895,0.050689708441495895,0.17504194378852844,0.07719112932682037,0.32841357588768005,0.04212478548288345,-0.4779226779937744,0.025632182136178017,0.030360668897628784,-0.10292968899011612,-0.012192284688353539,-0.22960948944091797,-0.16931846737861633,0.2914755940437317,-0.000634050345979631,-0.13486148416996002,0.14275740087032318,0.0510227270424366,0.08542220294475555,-0.015585698187351227,0.15425172448158264,0.060530781745910645,0.024834688752889633,0.09499776363372803,-0.09506253153085709,0.3642128109931946,-0.12658987939357758,0.08597191423177719,0.08475667983293533,-0.21363720297813416,-0.37155088782310486,0.1005002036690712,0.24573644995689392,-0.19880783557891846,-0.09283603727817535,0.009797965176403522,0.18279273808002472,0.7684726119041443,-0.3839740455150604,0.16621951758861542,0.1796201765537262,-0.4445432722568512,0.31398266553878784,0.08534175902605057,-0.13458304107189178,0.12019157409667969,0.12868885695934296,0.20454338192939758,-0.5405190587043762,-0.6203789114952087,0.06077828258275986,0.12176474183797836,0.12857191264629364,0.05109607055783272,0.3231629431247711,0.16638734936714172,-0.020026396960020065,-0.14002230763435364,0.23913517594337463,0.15456391870975494,0.16964462399482727,-0.04960332438349724,0.2177565097808838,-0.13131535053253174,0.5140031576156616,0.19248130917549133,0.3095884919166565,0.07807783782482147,-0.36297744512557983,-0.12309001386165619,0.09732995927333832,-0.03366127610206604,-0.09216874837875366,0.12227122485637665,-0.16816040873527527,0.19693617522716522,0.05278904363512993,0.051499105989933014,-0.059002120047807693,0.06923756748437881,-0.1796448677778244,-0.10823631286621094,0.18065617978572845,-0.07496112585067749,0.2427627295255661,0.19575026631355286,0.07653184980154037,-0.07636911422014236,0.10716364532709122,-0.16354604065418243,-0.02035772241652012,0.13513973355293274,-0.18269337713718414,0.19729302823543549,-0.2203785926103592,0.6011635065078735,-0.1896563023328781,-0.1642673909664154,0.03146347403526306,-0.17382600903511047,-0.05868711322546005,0.046141184866428375,-0.15153388679027557,0.05048985034227371,0.04719037935137749,0.158070370554924,-0.41324543952941895,-0.07921729981899261,0.19224593043327332,0.033383119851350784,-0.11543919891119003,0.3982856869697571,0.10778246074914932,0.05245242267847061,0.017826180905103683,-0.022293100133538246,-0.20592422783374786,-0.005414107348769903,-0.5259478688240051,-0.058740805834531784,-0.2223101407289505,-0.2004351168870926,-0.11640697717666626,0.07187327742576599,0.02100191079080105,0.051238834857940674,0.5314408540725708,0.3678663671016693,0.21058940887451172,0.3071075677871704,0.01064898632466793,0.16175445914268494,-0.15440310537815094,-0.03303811699151993,0.33236318826675415,0.06032109260559082,0.1819377988576889,-0.10496123135089874,0.013662010431289673,-0.13770654797554016,-0.12204696238040924,0.2262730896472931,-0.08002693951129913,0.31326526403427124,-0.20727452635765076,-0.040810517966747284,0.20528903603553772,-0.1551327258348465,0.14288799464702606,0.23213787376880646,-0.011544491164386272,-0.006964147090911865,0.17272993922233582,0.5022410750389099,-0.5148769021034241,0.04537295177578926,-0.14506851136684418,0.17892488837242126,-0.10632308572530746,0.15104377269744873,0.25511854887008667,-0.0495266318321228,0.02751818858087063,-0.021226104348897934,-0.10642130672931671,-0.6436788439750671,-0.034529685974121094,0.31651443243026733,-0.2304554283618927,0.3949446976184845,-0.3005273640155792,-0.04418235272169113,0.07577884197235107
CID000060164,1367,0.10585717856884003,0.0667124018073082,-0.04775391146540642,0.3676556646823883,-0.36796191334724426,0.21868546307086945,0.3140258491039276,0.21685096621513367,0.165461465716362,0.2558125853538513,0.17572343349456787,0.15154287219047546,0.10285671800374985,0.09507156163454056,-0.19935999810695648,-0.07448746263980865,-0.09293540567159653,-0.19339275360107422,0.18743085861206055,-0.3657894432544708,-0.11866416782140732,-0.2737559676170349,0.14299190044403076,-0.8820368647575378,0.0013038754696026444,-0.0031125382520258427,-0.17903108894824982,-0.006540807895362377,-0.07579904794692993,-0.023769378662109375,-0.10441341251134872,0.19046998023986816,-0.061993300914764404,0.24401319026947021,0.08328219503164291,-0.034201741218566895,0.16545745730400085,-0.02869003638625145,0.05981304496526718,-0.27537351846694946,-0.05104099586606026,-0.42628127336502075,0.09962458908557892,-0.24302983283996582,-0.12993140518665314,0.5121402740478516,0.09293866157531738,-0.010004673153162003,0.061856113374233246,0.05543525144457817,0.2057993859052658,0.1708114743232727,-0.2952433228492737,-0.03236071392893791,0.1293247640132904,-0.16503402590751648,-0.2459975779056549,0.042108405381441116,-0.04084932804107666,-0.1775766909122467,-0.12950628995895386,-0.23602887988090515,-0.16728755831718445,-0.07256536185741425,0.2683755159378052,0.3682297170162201,-0.07739506661891937,-0.021454710513353348,0.2482343167066574,0.05161799117922783,0.18865364789962769,0.10130761563777924,-0.37733718752861023,-0.3159835934638977,-0.13490521907806396,0.17501921951770782,0.10022876411676407,0.1494288295507431,-0.17528370022773743,-0.013890069909393787,-0.004158626310527325,-0.4515821933746338,-0.30180424451828003,-0.19658619165420532,0.1861400604248047,-0.1776714026927948,0.2263638973236084,-0.022660767659544945,0.203715518116951,-0.6855951547622681,0.0640982836484909,0.30276498198509216,0.09313227981328964,0.019732853397727013,0.1090155616402626,-0.21326425671577454,-0.11688177287578583,0.06925838440656662,0.09043022245168686,0.0701841339468956,-0.19842229783535004,-0.0026594027876853943,-0.1690519005060196,0.3113883435726166,0.19287756085395813,0.021029135212302208,-0.01252141036093235,0.08345243334770203,0.4596981108188629,-0.0303412564098835,-0.1663031280040741,0.12047402560710907,-0.3716048300266266,-0.013138562440872192,-0.19049733877182007,0.24503660202026367,-0.0649295300245285,-0.10955554246902466,-0.15656232833862305,0.0711367279291153,0.5808426141738892,-0.10613155364990234,0.28564128279685974,0.14567334949970245,0.12429662048816681,0.13765287399291992,0.009948646649718285,0.03916977345943451,0.19913333654403687,-0.031538307666778564,-0.00538200419396162,-0.39371001720428467,-0.3188017010688782,0.279053270816803,0.3190918564796448,-0.0421484038233757,0.09301232546567917,0.12416193634271622,-0.1805592030286789,-0.09481687843799591,-0.10809600353240967,0.07162463665008545,0.1079152375459671,-0.06208261102437973,-0.029743384569883347,0.1341572254896164,-0.12952008843421936,0.31520766019821167,0.21583561599254608,0.15418344736099243,0.2054128646850586,-0.26146793365478516,0.06791931390762329,0.19174791872501373,-0.3866277039051056,0.0023708404041826725,-0.002188360784202814,-0.029521837830543518,0.18726733326911926,0.25507283210754395,0.15899266302585602,-0.2311001569032669,0.012957951053977013,0.03810524940490723,-0.06099681183695793,-0.05955346301198006,-0.24754038453102112,0.14015348255634308,-0.053248047828674316,0.3594514727592468,0.0012001499999314547,-0.2265348732471466,-0.19523409008979797,-0.3939341902732849,0.035394854843616486,-0.13934102654457092,0.21448791027069092,-0.1620064228773117,0.36517149209976196,-0.14752298593521118,0.09868846088647842,0.10619517415761948,-0.19102557003498077,-0.15042050182819366,0.17933855950832367,0.2743453085422516,-0.1373847872018814,0.11023708432912827,0.03807913511991501,-0.35874393582344055,0.030062317848205566,0.022529369220137596,0.14533908665180206,0.07789607346057892,0.10385854542255402,-0.09549868851900101,0.10423149168491364,-0.05919521301984787,-0.21686694025993347,0.11492498219013214,0.17070655524730682,-0.2142764776945114,-0.023384740576148033,-0.3235779106616974,-0.05550270155072212,-0.17690369486808777,-0.0532040111720562,-0.031300030648708344,-0.04868876188993454,0.4263130724430084,0.3165677487850189,-0.16628992557525635,0.26591789722442627,0.2480296641588211,0.050978563725948334,-0.07991532236337662,0.1883794665336609,0.15811261534690857,-0.0022652060724794865,-0.012403743341565132,0.041539885103702545,-0.06407971680164337,0.25052088499069214,-0.1529921442270279,0.10283420234918594,-0.02895176410675049,-0.20191112160682678,0.015246552415192127,-0.0508178174495697,-0.06787996739149094,-0.15731312334537506,-0.1818893551826477,0.2677924633026123,0.0734073668718338,-0.022045038640499115,-0.08741385489702225,0.23333755135536194,-0.2488710880279541,0.055196624249219894,-0.15856610238552094,0.3330947756767273,-0.3650203347206116,-0.13205060362815857,0.2109220325946808,-0.31261682510375977,0.06553541868925095,0.14228859543800354,0.14175257086753845,-0.485001802444458,0.01465621031820774,0.19688920676708221,-0.2244575470685959,-0.18093883991241455,-0.15172448754310608,0.260871946811676,0.15848258137702942
CID000004195,1373,0.279542475938797,0.06524832546710968,0.2613475024700165,0.460737407207489,-0.4337591528892517,0.07800035923719406,0.015665721148252487,0.21068911254405975,-0.26836028695106506,0.4155248999595642,0.03149505704641342,0.03215811401605606,-0.010821020230650902,-0.06279867887496948,-0.0823247954249382,-0.1379648745059967,-0.199827641248703,-0.11951936781406403,-0.05505336448550224,-0.5598823428153992,0.2596060037612915,-0.050960689783096313,-0.30419808626174927,-0.8863743543624878,-0.03466515988111496,-0.07089732587337494,-0.19426672160625458,0.02480841800570488,0.04045538604259491,0.008080464787781239,0.3014143109321594,0.29305973649024963,-0.12242825329303741,0.15128378570079803,-0.13188965618610382,0.1744701862335205,-0.046633653342723846,0.14861707389354706,0.16956958174705505,-0.3613598644733429,0.11530546844005585,-0.034114640206098557,0.03157087042927742,-0.34257772564888,-0.08955129981040955,0.3767678737640381,-0.14881083369255066,-0.08560837805271149,-0.15551292896270752,0.014860734343528748,0.26501137018203735,-0.05883394554257393,-0.12188799679279327,-0.023328255861997604,0.21791806817054749,-0.0653357058763504,-0.03038659691810608,0.20237605273723602,-0.042114876210689545,-0.1358238011598587,-0.1419680267572403,-0.07420316338539124,0.1254729926586151,0.04189993068575859,0.27434828877449036,0.40291857719421387,-0.28874993324279785,0.07100332528352737,0.13046321272850037,-0.19867803156375885,0.1579398512840271,0.2807766795158386,-0.4313022494316101,-0.20160436630249023,0.018823323771357536,0.3184579610824585,0.06140098720788956,0.07038296014070511,-0.10834066569805145,0.1319611370563507,0.16995008289813995,-0.5705679059028625,-0.16909296810626984,0.039008092135190964,0.06217323616147041,-0.3367467522621155,0.04816877096891403,0.03035830520093441,0.13576942682266235,-0.7297557592391968,-0.03187187761068344,-0.025773286819458008,-0.053453415632247925,0.046278636902570724,-0.051697809249162674,-0.3998390734195709,0.07137832045555115,-0.1456979215145111,0.25725752115249634,0.24008004367351532,-0.07064802944660187,0.012284910306334496,-0.0053756823763251305,0.3300635814666748,-0.24955353140830994,0.15404745936393738,0.07420120388269424,0.08514200150966644,0.6001240015029907,0.02525743469595909,-0.13080823421478271,0.22272928059101105,-0.25442594289779663,-0.06768284738063812,0.26325470209121704,0.21886372566223145,-0.09689813107252121,-0.08677782118320465,-0.07094191014766693,0.2409319132566452,0.7675973176956177,-0.05169854685664177,0.26667577028274536,0.48114699125289917,-0.0966322273015976,-0.017470231279730797,-0.026364371180534363,0.10639184713363647,0.028074394911527634,-0.10221916437149048,0.3185017704963684,-0.7272811532020569,-0.42441433668136597,-0.041330136358737946,0.33914893865585327,0.05101338028907776,-0.1797991693019867,0.2100372016429901,0.03499627485871315,-0.2473556101322174,-0.2413361370563507,0.05160630866885185,0.10836972296237946,-0.1528170108795166,-0.06362509727478027,0.08779974281787872,-0.010348111391067505,0.42987149953842163,-0.07057656347751617,0.07420884072780609,-0.11129797995090485,-0.39473703503608704,0.016529357060790062,0.20428970456123352,-0.16293513774871826,-0.3157176375389099,-0.09208081662654877,-0.14065435528755188,-0.2283930778503418,0.28737980127334595,0.06897719204425812,-0.22896404564380646,-0.09175130724906921,0.15180400013923645,-0.0024375165812671185,-0.011139613576233387,-0.10428599268198013,-0.009959069080650806,-0.22131136059761047,0.10887984931468964,-0.021936438977718353,-0.0788198858499527,-0.19649875164031982,-0.2733670771121979,-0.07799509167671204,-0.1615230143070221,0.04491204768419266,-0.10351220518350601,0.525682806968689,-0.014094168320298195,-0.057245898991823196,-0.14177459478378296,-0.2374403476715088,-0.19517755508422852,0.28927260637283325,0.10953567177057266,-0.2734421193599701,0.2987225651741028,-0.06453706324100494,-0.2901774048805237,-0.12323889881372452,-0.10301649570465088,0.13501952588558197,-0.1303742676973343,0.15988945960998535,0.057219408452510834,0.15169768035411835,0.11788491904735565,0.15522363781929016,-0.20795874297618866,-0.06139235571026802,-0.2684869170188904,0.1093662828207016,-0.03697175905108452,-0.0286623053252697,-0.10198193788528442,-0.0035460367798805237,0.04550281912088394,0.15679633617401123,0.43904128670692444,0.23360173404216766,-0.12082381546497345,0.13917477428913116,0.4742138981819153,0.07187392562627792,-0.2301364690065384,0.15091148018836975,0.27470436692237854,0.08727959543466568,0.2355429232120514,-0.10831882804632187,-0.0799310952425003,-0.10753204673528671,-0.2185298502445221,-0.039515357464551926,-0.19184628129005432,-0.4034338593482971,0.012718403711915016,-0.18534217774868011,0.2791348099708557,-0.11705615371465683,0.29385465383529663,0.10625453293323517,0.06431575119495392,-0.04394463449716568,0.04945843666791916,0.38116052746772766,-0.19743961095809937,0.03202057257294655,-0.14416584372520447,0.3308452367782593,-0.844767689704895,0.2577802240848541,0.029140736907720566,-0.055592529475688934,-0.20128151774406433,0.20658640563488007,-0.0936153382062912,-0.7103703022003174,-0.2668418884277344,0.20089009404182434,0.08767686784267426,0.07467709481716156,0.053285352885723114,0.12933781743049622,0.0072481632232666016
CID000002995,1378,0.24209263920783997,0.24580255150794983,0.011224770918488503,0.35315269231796265,-0.3540586829185486,-0.02976401522755623,0.041026219725608826,0.3072829246520996,0.08638031035661697,0.0002169728250009939,-0.03021262213587761,0.20166850090026855,-0.09443379938602448,0.18086417019367218,-0.16676026582717896,0.14520204067230225,-0.0773315578699112,-0.10888524353504181,-0.2081189602613449,-0.5352059602737427,-0.018918350338935852,-0.04312190040946007,-0.2577458322048187,-0.8262200355529785,0.09599021822214127,0.22125153243541718,-0.13250161707401276,-0.22974705696105957,-0.05602584034204483,0.3918827772140503,-0.3161250948905945,0.33212071657180786,0.2289353907108307,-0.11054327338933945,0.20418603718280792,0.18210706114768982,0.1853240430355072,-0.05660206824541092,0.25655069947242737,0.010079034604132175,-0.06191139295697212,-0.013734227046370506,-0.04754459485411644,-0.3486417531967163,-0.1869722157716751,0.4931055009365082,0.11781642585992813,0.07188855856657028,-0.07457668334245682,0.11382075399160385,0.3945799171924591,-0.10967962443828583,-0.1617244929075241,-0.01668580248951912,0.2258078157901764,-0.5076826214790344,0.13611766695976257,0.12814000248908997,0.0630309209227562,-0.10677002370357513,-0.15443189442157745,-0.28170543909072876,-0.07930056750774384,-0.15510466694831848,0.10060757398605347,0.6872592568397522,-0.2841501832008362,-0.025652796030044556,0.0032929941080510616,-0.015888232737779617,0.1203167662024498,-0.04329344630241394,-0.28580281138420105,-0.39218199253082275,-0.1977723091840744,0.1504296511411667,0.16762880980968475,0.23491835594177246,-0.024826139211654663,-0.06895869970321655,0.4786214828491211,-0.41228073835372925,-0.24827289581298828,-0.17170724272727966,0.09546338021755219,-0.2641619145870209,0.26726412773132324,0.033784907311201096,0.0736583024263382,-0.7155433893203735,0.022944454103708267,0.43143677711486816,-0.03256493806838989,-0.0855262279510498,0.09838254749774933,-0.2034597396850586,-0.3752468526363373,0.15126654505729675,-0.003735089208930731,0.08877836167812347,-0.24303945899009705,-0.037556976079940796,-0.006141311023384333,0.4142107367515564,0.017496105283498764,0.010408018715679646,0.013283053413033485,0.2469421923160553,0.5657021999359131,0.1835639774799347,-0.06822164356708527,0.23346634209156036,-0.03196103125810623,-0.05968402698636055,-0.15817517042160034,0.16730979084968567,-0.013577699661254883,-0.2806490957736969,0.06186410039663315,0.018480658531188965,0.610374391078949,-0.18553100526332855,0.42539182305336,0.32892340421676636,-0.22817425429821014,0.16394612193107605,0.09147398173809052,-0.12333959341049194,0.14170357584953308,-0.23897305130958557,0.07585377246141434,-0.4410945475101471,-0.36580896377563477,0.10727670043706894,-0.045882731676101685,0.2026951014995575,0.14708377420902252,-0.1270468533039093,-0.052696339786052704,-0.5800920724868774,-0.23871250450611115,0.20010621845722198,0.09246034920215607,-0.031649149954319,0.0020764872897416353,0.009178176522254944,-0.02206670120358467,0.4025963842868805,-0.022570068016648293,0.24632497131824493,-0.04569049924612045,-0.25178736448287964,-0.2400229424238205,0.274375855922699,-0.094387486577034,-0.29022306203842163,0.09014562517404556,-0.5100374221801758,0.2575003206729889,0.4368517994880676,-0.23554566502571106,0.10743347555398941,0.07597794383764267,0.18018226325511932,-0.10323474556207657,-0.24595136940479279,-0.32955101132392883,0.11576779186725616,0.10417550802230835,0.044205136597156525,0.04566723853349686,-0.35983777046203613,-0.25912970304489136,-0.3452622890472412,0.08053325116634369,-0.09392146021127701,0.12267614901065826,-0.08427297323942184,0.5351651906967163,0.2081243097782135,-0.012194675393402576,0.015962552279233932,-0.3202691078186035,-0.37050139904022217,0.13626326620578766,0.2308303415775299,-0.4188278615474701,0.08071000874042511,0.24231457710266113,-0.31869280338287354,0.04178949072957039,0.07408839464187622,0.06306736916303635,0.07677346467971802,0.2468460351228714,-0.037343449890613556,0.11912767589092255,-0.0623050332069397,-0.003188103437423706,0.0034525333903729916,-0.020494939759373665,-0.2812739610671997,0.2354263961315155,-0.47866106033325195,-0.27251532673835754,-0.2690817415714264,-0.10640986263751984,-0.1497214138507843,-0.10850004106760025,0.5664583444595337,0.3162378668785095,-0.22056734561920166,0.0239825788885355,0.2163258045911789,0.1089734435081482,-0.4147682189941406,0.17992523312568665,0.06779060512781143,0.10451345145702362,-0.29251667857170105,-0.1930817812681198,-0.022283311933279037,0.01055956445634365,-0.22571416199207306,-0.3726039230823517,0.0906713455915451,-0.11979182809591293,-0.16275373101234436,-0.110639788210392,-0.1139260083436966,-0.11345167458057404,-0.09899355471134186,0.0784093588590622,0.03187000751495361,0.11249084770679474,-0.11980903148651123,0.2560601830482483,-0.2648845613002777,0.2874722182750702,-0.2798948884010315,0.10016512870788574,-0.4507278501987457,-0.007764631416648626,0.06626319885253906,-0.17473499476909637,0.3260655999183655,-0.11844323575496674,0.08018169552087784,-0.6303867101669312,-0.47919973731040955,0.373582661151886,-0.18847067654132843,0.23255491256713867,-0.21676763892173767,0.18122538924217224,0.10901115089654922
CID000003355,1380,0.02256564423441887,0.15554307401180267,-0.047305766493082047,0.22690245509147644,-0.39460256695747375,0.10218419134616852,0.2561022639274597,0.18548689782619476,0.17219310998916626,0.3172852098941803,0.2265254259109497,0.1153184175491333,0.14944863319396973,0.16081877052783966,-0.2370406836271286,-0.1404200941324234,-0.030566658824682236,-0.2004363238811493,0.21676866710186005,-0.37398457527160645,0.03484980762004852,-0.29305753111839294,0.005390518810600042,-0.8831990361213684,-0.10364625602960587,0.13522453606128693,-0.23081552982330322,0.02851199544966221,-0.016632020473480225,0.19424685835838318,-0.2940617799758911,0.2217118740081787,-0.04755851626396179,-0.06589192152023315,-0.016385037451982498,0.006817340850830078,0.02787989377975464,0.13890668749809265,0.09315693378448486,-0.22441020607948303,-0.003275419818237424,-0.23847636580467224,0.08369691669940948,-0.3169904351234436,-0.21279385685920715,0.4102235734462738,-0.032436612993478775,-0.007737000938504934,0.10736875236034393,0.01930982433259487,0.1925155371427536,0.12489376217126846,-0.3513914942741394,-0.038325559347867966,0.16753776371479034,-0.2192719280719757,-0.2085924595594406,0.06959469616413116,-0.02800101600587368,-0.0747431293129921,-0.18589931726455688,-0.21053151786327362,-0.07486657798290253,-0.039324767887592316,0.2660885155200958,0.3491894006729126,-0.08890897035598755,-0.025335446000099182,0.24998345971107483,0.1455550193786621,0.1143156886100769,-0.017076825723052025,-0.41027551889419556,-0.28360700607299805,-0.265776127576828,0.11616887897253036,0.0011755541199818254,0.14946091175079346,-0.09800006449222565,0.11759867519140244,0.044425349682569504,-0.36912429332733154,-0.26358762383461,-0.29086044430732727,0.06451044231653214,-0.30691978335380554,0.37256020307540894,-0.03556475788354874,0.21228241920471191,-0.6331000328063965,0.10643762350082397,0.46481841802597046,0.13495030999183655,-0.00225753802806139,0.20610332489013672,-0.25373196601867676,-0.1646672934293747,0.03573455289006233,0.03461713716387749,0.06738366186618805,-0.2485947161912918,0.0698646605014801,-0.07122781127691269,0.2570090889930725,0.29600176215171814,0.05877627804875374,0.18542806804180145,-0.02023918554186821,0.46683424711227417,-0.11487628519535065,-0.1322246491909027,0.18743130564689636,-0.3151146173477173,0.010288411751389503,-0.06600748002529144,0.29754459857940674,0.09063104540109634,-0.1336393803358078,-0.2652866244316101,0.25140613317489624,0.5255852937698364,-0.13741150498390198,0.29327112436294556,0.24943360686302185,0.07136567682027817,0.08777030557394028,-0.04071209579706192,0.07329994440078735,0.2164277732372284,-0.15481863915920258,-0.020729059353470802,-0.3702579736709595,-0.2959919273853302,0.07368616759777069,0.23941616714000702,-0.10056038200855255,0.10874414443969727,0.17589539289474487,-0.16901768743991852,-0.1487058699131012,-0.18446415662765503,0.06455150991678238,0.11199381202459335,-0.19744569063186646,0.020325012505054474,0.16708512604236603,-0.14126050472259521,0.2696996331214905,0.047448333352804184,0.17306172847747803,0.23472602665424347,-0.1791830211877823,0.06303484737873077,0.13740761578083038,-0.2992228865623474,-0.07002757489681244,-0.007825741544365883,-0.15222889184951782,0.17428599298000336,0.304162859916687,0.14282968640327454,0.05452696233987808,-0.1357174813747406,0.1229538545012474,-0.09897353500127792,0.043983105570077896,-0.3520905375480652,-0.03182804957032204,-0.14525039494037628,0.23138923943042755,-0.011443820782005787,-0.16614912450313568,-0.253606379032135,-0.37663114070892334,0.01589338853955269,-0.15319421887397766,0.1686563789844513,-0.2653283476829529,0.36954396963119507,-0.2535288333892822,0.13915087282657623,0.10730884224176407,-0.260383665561676,-0.14582374691963196,0.1956881582736969,0.2305576503276825,-0.1821061223745346,0.06625606119632721,-0.10707416385412216,-0.36912015080451965,-0.05049887299537659,-0.026649195700883865,0.07294709980487823,0.09603570401668549,0.0248890183866024,-0.10202065855264664,0.15273308753967285,-0.23031596839427948,-0.14380767941474915,0.1905728280544281,0.2301110029220581,-0.21295547485351562,0.05637006834149361,-0.4798232913017273,0.004848001059144735,-0.22975006699562073,-0.08597509562969208,0.002369015710428357,-0.10443972051143646,0.3706790804862976,0.3487564027309418,-0.34579604864120483,0.33715149760246277,0.26204055547714233,0.15662024915218353,-0.19057409465312958,0.10253576934337616,0.07114911824464798,0.02133859135210514,-0.2416091412305832,-0.07987956702709198,-0.0933494120836258,0.17379134893417358,-0.20559751987457275,-0.07423783093690872,-0.014984482899308205,-0.008147060871124268,-0.08760447055101395,-0.1345967799425125,-0.02313772216439247,-0.019817840307950974,-0.1495058834552765,0.2660687565803528,0.025685584172606468,0.02610166370868683,0.021430013701319695,0.23071184754371643,-0.2372269183397293,0.06350801885128021,-0.16741332411766052,0.2843259572982788,-0.4484074115753174,0.0599542036652565,0.21372178196907043,-0.14668364822864532,0.12161455303430557,0.12541154026985168,0.024525564163923264,-0.44627588987350464,-0.10677540302276611,0.23191651701927185,-0.1880379617214203,0.020180106163024902,-0.14875681698322296,0.10712449252605438,0.09182307869195938
CID000027991,1388,-0.0025549500714987516,-0.03902140632271767,0.21610328555107117,0.6835387349128723,-0.5387106537818909,0.21069732308387756,0.1230294480919838,0.0827404037117958,-0.04140707850456238,0.20239534974098206,0.3084188997745514,-0.11173947155475616,-0.3333834409713745,0.10225586593151093,0.42689457535743713,-0.044192105531692505,-0.1475219428539276,0.09400849044322968,0.16677837073802948,-0.6705280542373657,-0.03589332476258278,-0.16602961719036102,-0.13642986118793488,-0.8941156268119812,-0.12059571593999863,0.4663565158843994,-0.05417042225599289,-0.042277079075574875,-0.11681503057479858,0.07920282334089279,-0.07840190082788467,0.051588695496320724,0.1623269021511078,0.4845384955406189,-0.08835680037736893,0.2292364537715912,0.0559934563934803,0.30845412611961365,0.11580038070678711,-0.20823946595191956,-0.19546735286712646,-0.0830262303352356,0.06334783136844635,-0.15643878281116486,-0.08153309673070908,0.05740240216255188,0.16327635943889618,0.01558027695864439,-0.09365980327129364,-0.15491415560245514,0.6809395551681519,-0.2982509434223175,-0.07776037603616714,0.13592489063739777,-0.21020977199077606,0.27310484647750854,0.28134897351264954,-0.019069069996476173,0.8692534565925598,0.10846712440252304,0.1921575963497162,-0.08433763682842255,-0.219597727060318,0.006434583570808172,0.008631154894828796,0.36217859387397766,-0.1602553427219391,-0.005247640423476696,-0.23425820469856262,0.06663919985294342,0.021215593442320824,0.07127365469932556,0.014356831088662148,-0.21002116799354553,-0.27213019132614136,0.02656405046582222,-0.4782944619655609,-0.03845136612653732,-0.14260438084602356,0.1870863139629364,0.9279683828353882,-0.09374546259641647,-0.3459853529930115,0.12644408643245697,0.25486794114112854,-0.1448623389005661,0.03311758488416672,0.28208574652671814,-0.07509003579616547,-0.8147104978561401,0.5396599769592285,0.13281503319740295,-0.08886172622442245,0.4867042005062103,0.2926011085510254,-0.5370644330978394,0.1164313331246376,0.011776196770370007,0.5230661630630493,0.05199410393834114,0.5018410682678223,0.13234826922416687,-0.04834428057074547,0.41202276945114136,-0.20980079472064972,-0.21992425620555878,-0.08624740689992905,0.22434234619140625,0.7396813631057739,0.24671736359596252,-0.17054900527000427,-0.015002447180449963,0.31228557229042053,-0.08748368173837662,-0.6849004030227661,0.40219172835350037,0.1510908305644989,0.26221126317977905,0.15010955929756165,0.1426338106393814,0.8353363275527954,-0.2088463306427002,0.22382064163684845,0.6204379200935364,-0.170200914144516,0.04982243850827217,0.008511225692927837,0.17801177501678467,0.539857029914856,0.13315124809741974,0.22897672653198242,-0.5116193890571594,-0.6769273281097412,-0.06552837789058685,0.4660590589046478,0.5110551118850708,-0.16122040152549744,0.16701552271842957,-0.25436824560165405,-0.40000981092453003,-0.08447594940662384,0.15745426714420319,-0.04242030903697014,0.014311755076050758,-0.006278482265770435,0.22232429683208466,-0.19647587835788727,0.7006115913391113,0.06905380636453629,0.25988563895225525,-0.10684947669506073,-0.5150834918022156,0.05930982157588005,0.008213808760046959,0.007667312864214182,-0.13694623112678528,0.020600836724042892,-0.038259781897068024,0.16264212131500244,-0.01797899231314659,-0.1711224764585495,-0.40246257185935974,0.016086604446172714,0.2411714345216751,0.05531298369169235,0.2228759080171585,-0.2977708578109741,-0.0045460849069058895,-0.1449238359928131,0.15235093235969543,0.11446144431829453,0.050648100674152374,-0.1406366527080536,-0.10601327568292618,0.14638186991214752,-0.15506963431835175,0.06399945914745331,-0.2921423614025116,0.7108848690986633,0.1374414712190628,-0.6090903282165527,0.12640318274497986,0.03868845850229263,0.28539708256721497,0.2416028529405594,0.2079794853925705,-0.1549498736858368,0.06803108751773834,0.4876739978790283,-0.3774493932723999,-0.015024399384856224,0.038449615240097046,-0.3059537708759308,-0.6065626740455627,0.051954902708530426,-0.14730362594127655,-0.11160522699356079,-0.023259952664375305,0.16581447422504425,-0.11739049851894379,-0.3187946677207947,-0.2733449637889862,-0.039565619081258774,-0.3489050269126892,0.46211522817611694,-0.1005231961607933,0.044162340462207794,-0.11913295835256577,0.11745953559875488,0.9505767822265625,0.3267240524291992,-0.00730901351198554,0.04619200900197029,0.25746917724609375,0.16407480835914612,-0.15688003599643707,-0.11671137809753418,0.2550807297229767,0.5509905219078064,-0.07255728542804718,-0.11875949800014496,-0.5140299201011658,0.09002624452114105,-0.3979334533214569,-0.07312236726284027,-0.06512407958507538,-0.36780157685279846,-0.33959323167800903,0.3904234766960144,0.19845178723335266,-0.05817028135061264,0.4672277867794037,0.07811643183231354,0.22447018325328827,-0.22288981080055237,-0.04954840987920761,0.5387063026428223,-0.37964653968811035,-0.029354911297559738,-0.06735114008188248,-0.4764939248561859,-0.9540354609489441,-0.5001558065414429,0.15424135327339172,0.3117142617702484,-0.19333596527576447,-0.16376617550849915,-0.06593324989080429,-0.9188944101333618,-0.26101332902908325,0.36010825634002686,0.492353618144989,-0.07468481361865997,-0.007961483672261238,0.13919995725154877,-0.20453402400016785
CID004659569,1418,0.07301655411720276,0.0011726915836334229,0.20051510632038116,0.7043148875236511,-0.32486703991889954,0.020881609991192818,-0.09187246859073639,0.15024463832378387,0.3313411474227905,0.3240524232387543,0.2946453094482422,-0.09117607027292252,-0.061305124312639236,-0.017677491530776024,-0.16249971091747284,0.20815324783325195,-0.024090249091386795,-0.239267498254776,-0.20475979149341583,-0.511658787727356,0.1863972246646881,-0.4378189146518707,0.11267471313476562,-0.632165789604187,-0.08410228788852692,0.13280142843723297,-0.28447437286376953,-0.0042067766189575195,0.09400061517953873,0.1968408226966858,-0.04059908539056778,0.11869378387928009,-0.2564646005630493,-0.28353452682495117,0.14665277302265167,0.12327688932418823,0.09537678211927414,0.0331992506980896,0.0006647258996963501,-0.3270793557167053,-0.08652333915233612,-0.045666005462408066,0.06973796337842941,0.13086950778961182,-0.0455852746963501,0.38126713037490845,-0.04272934049367905,-0.011144191026687622,0.13599130511283875,0.042170215398073196,0.6309731602668762,-0.41753020882606506,-0.2801365852355957,-0.10237795114517212,-0.36625272035598755,-0.05271352455019951,-0.004153621383011341,-0.07893885672092438,0.2394728660583496,0.3701663017272949,-0.04572134464979172,-0.2036598175764084,0.14569690823554993,-0.04026969149708748,0.432096391916275,0.45737767219543457,-0.2558780908584595,-0.09369620680809021,-0.17450416088104248,0.13731682300567627,0.04355473816394806,-0.15153877437114716,-0.08990046381950378,-0.13614141941070557,-0.1787818968296051,0.11121702194213867,0.37892431020736694,0.0011940181721001863,0.06244152784347534,-0.31510645151138306,0.33342546224594116,-0.32141146063804626,-0.3360731601715088,-0.08670295774936676,0.1342296600341797,0.15288737416267395,0.22399206459522247,0.290271133184433,0.033227138221263885,-0.45858821272850037,-0.06769473105669022,0.06924732774496078,-0.024039003998041153,-0.1281321793794632,0.03732778877019882,-0.2055492401123047,0.11555047333240509,-0.4660646319389343,0.3770443797111511,-0.0670774057507515,0.06145425885915756,-0.2417207956314087,-0.06445138901472092,0.18875887989997864,-0.1485852301120758,0.0705028623342514,0.1607295721769333,0.27889448404312134,0.5952727794647217,-0.01549221109598875,0.07682903856039047,0.07430285215377808,-0.09663315117359161,-0.17923274636268616,0.22153334319591522,0.33864882588386536,-0.07769262790679932,-0.025804316624999046,0.0016280144918709993,0.362230509519577,0.8551360964775085,-0.20566952228546143,0.3553866744041443,0.3992155194282532,-0.07356885820627213,0.25310251116752625,-0.036131490021944046,-0.05192382261157036,0.2929869294166565,0.18508543074131012,0.30536001920700073,-0.5408280491828918,-0.24948470294475555,0.20272812247276306,0.3615625500679016,0.4170086979866028,0.2856544852256775,0.03971903398633003,-0.42604702711105347,-0.22592952847480774,-0.02949541248381138,-0.019367676228284836,0.2198062390089035,0.185309499502182,-0.08956966549158096,-0.014792161993682384,0.39978769421577454,0.46548742055892944,-0.007388395257294178,0.44866347312927246,0.03787461295723915,-0.6813840270042419,0.06157360598444939,0.09997783601284027,-0.16260822117328644,0.027895530685782433,-0.07152658700942993,-0.13781952857971191,0.2716190814971924,0.11569104343652725,0.530343234539032,0.445340633392334,0.005397969391196966,0.138706237077713,-0.12327837944030762,-0.23399870097637177,-0.06213419511914253,0.19359037280082703,0.18945768475532532,0.21293404698371887,-0.1636744886636734,-0.06442990899085999,-0.4095885157585144,-0.49479418992996216,-0.04744242504239082,-0.05357051640748978,0.11622270196676254,-0.2077951431274414,0.6962130069732666,0.44608426094055176,-0.3790241777896881,0.1365015059709549,0.1710021197795868,0.02080320566892624,0.28396353125572205,-0.08241473138332367,-0.34343183040618896,-0.23695334792137146,0.1691330373287201,-0.27829885482788086,-0.15135952830314636,-0.00400012731552124,-0.13315191864967346,-0.29200053215026855,0.3097688853740692,-0.15722361207008362,0.06466056406497955,0.018837831914424896,0.14008741080760956,0.029988881200551987,-0.3005027770996094,-0.3025699853897095,-0.07506203651428223,-0.17724737524986267,-0.30346807837486267,-0.1147770881652832,-0.07499478757381439,0.10403282940387726,0.012388193048536777,0.7894234657287598,0.4013916850090027,0.1851605921983719,0.0557895302772522,-0.07114804536104202,0.09082388132810593,-0.01895512267947197,0.3082422912120819,0.43075865507125854,0.12684743106365204,-0.22811397910118103,-0.07030762732028961,0.07661484181880951,0.03799939900636673,-0.26264646649360657,-0.06395073980093002,-0.31312721967697144,-0.35165876150131226,-0.3433680534362793,-0.0910785049200058,-0.06403695046901703,0.022028539329767227,0.6880353093147278,0.30088141560554504,-0.07702010124921799,0.3749672770500183,-0.15254895389080048,0.5577172040939331,-0.3362058997154236,-0.08263001590967178,-0.17796656489372253,-0.26998767256736755,-0.5129920840263367,0.2524728775024414,-0.038889329880476,-0.1356496512889862,0.15165796875953674,0.14814618229866028,-0.04890361428260803,-0.7968367338180542,-0.03191472589969635,0.3516872227191925,0.17688637971878052,0.02525346353650093,-0.10044591128826141,0.12153510749340057,0.0792413130402565
CID000004425,1423,0.0940420851111412,0.27939698100090027,0.13250191509723663,0.2954273819923401,-0.32265904545783997,-0.025418808683753014,0.23965008556842804,0.594668984413147,0.0016353816026821733,0.1932353973388672,-0.23588936030864716,0.24990586936473846,0.11205144971609116,0.2151690423488617,-0.405886173248291,0.008266580291092396,0.024715561419725418,0.10688817501068115,0.26878517866134644,-0.5116137862205505,-0.06807409971952438,-0.3967723250389099,-0.018609877675771713,-0.7724933624267578,0.020251041278243065,0.3224468231201172,0.09663857519626617,0.14596228301525116,0.021256256848573685,-0.015285355038940907,-0.22113128006458282,0.27445682883262634,0.07097618281841278,-0.12431228160858154,0.12066195160150528,0.015921425074338913,0.26738548278808594,0.22855663299560547,0.06854411214590073,-0.12289492785930634,-0.05433645099401474,-0.18556608259677887,0.06299171596765518,-0.4801134169101715,-0.1639106571674347,0.15092016756534576,-0.18573617935180664,0.02537090703845024,0.1264943927526474,0.042271070182323456,0.4606192708015442,-0.10116903483867645,-0.1878332793712616,-0.04527975991368294,0.22045359015464783,-0.4302610754966736,0.4777061939239502,0.2842399477958679,0.13177981972694397,0.18390224874019623,-0.35248661041259766,-0.4104591906070709,0.026905614882707596,0.020901089534163475,0.057353802025318146,0.33054932951927185,-0.2827049791812897,-0.08125106990337372,-0.004841121844947338,-0.021217171102762222,0.03412826731801033,-0.12143554538488388,0.03614802658557892,-0.4149410128593445,-0.2278755009174347,0.17903733253479004,0.04075799137353897,0.11446032673120499,-0.09184055775403976,0.2198353260755539,0.16015279293060303,-0.36812058091163635,-0.1884373128414154,0.061619848012924194,-0.22857394814491272,-0.047495853155851364,0.2926613688468933,0.10712232440710068,-0.19348981976509094,-0.45608624815940857,0.2094210386276245,0.11943870782852173,0.08470296114683151,-0.08218744397163391,-0.05505937337875366,-0.39880916476249695,0.21233084797859192,-0.07769016921520233,0.11299765110015869,0.06602524220943451,0.30413490533828735,0.10517233610153198,0.0095698656514287,0.4329233169555664,0.14365820586681366,0.12020377069711685,-0.49102988839149475,-0.07689975947141647,0.5147534608840942,0.05058208853006363,0.04544054716825485,0.34136587381362915,0.06478345394134521,-0.05248511955142021,-0.14753785729408264,0.2416810542345047,0.0016800187295302749,0.2564524710178375,-0.09178666770458221,0.49693408608436584,0.606094479560852,-0.36064285039901733,0.4247751235961914,0.14462910592556,-0.04854867607355118,0.22524094581604004,0.022521033883094788,-0.06657693535089493,0.3248405456542969,-0.1816721260547638,0.13429130613803864,-0.4964906573295593,-0.4177401661872864,0.01722201146185398,0.3093460202217102,-0.07873515784740448,0.09552063047885895,0.13077089190483093,0.061268676072359085,-0.6281044483184814,-0.5356457233428955,0.3188498616218567,0.5166059732437134,-0.020766932517290115,-0.019543565809726715,0.44105762243270874,-0.20750686526298523,0.20223340392112732,0.08245380222797394,0.061986375600099564,-0.03515801578760147,-0.26290521025657654,-0.18616724014282227,-0.043728772550821304,0.08636130392551422,0.1721203327178955,0.14102952182292938,-0.10399965196847916,0.14854054152965546,0.1417756974697113,0.03662712499499321,-0.028500031679868698,-0.04080522805452347,0.06263391673564911,-0.25652921199798584,0.14197582006454468,-0.1428365707397461,0.44626808166503906,0.045078884810209274,0.12181229889392853,-0.04133698716759682,-0.37919431924819946,-0.3710995316505432,-0.180812805891037,0.05491979047656059,-0.17634199559688568,0.08430930972099304,-0.3079648017883301,0.51360023021698,0.15564824640750885,0.2264080047607422,-0.012178939767181873,-0.1959374099969864,-0.4205055832862854,-0.2512916922569275,0.19735084474086761,-0.08008264750242233,-0.1840941458940506,-0.15052369236946106,-0.2737376093864441,0.029905015602707863,-0.04610467329621315,0.05547678470611572,-0.20923516154289246,0.2730069160461426,-0.06516136229038239,-0.009007761254906654,0.09100823849439621,-0.047951288521289825,-0.00907895714044571,-0.1541837900876999,-0.46704062819480896,-0.00965193659067154,-0.34380587935447693,-0.009455764666199684,-0.04286888986825943,0.015435132198035717,-0.23267027735710144,0.22312180697917938,0.4581623077392578,0.2787781357765198,0.1220557913184166,0.563517689704895,0.225627139210701,0.3492007255554199,-0.8846370577812195,-0.018974844366312027,0.26430851221084595,0.10576198250055313,0.1591891348361969,-0.036020319908857346,0.13032273948192596,-0.05551806837320328,-0.31767749786376953,0.08457658439874649,-0.1344776451587677,0.0095900297164917,-0.5079442858695984,0.35254865884780884,-0.02137652039527893,0.01566021516919136,0.017908472567796707,0.22030600905418396,0.1281750202178955,-0.462390273809433,0.14271290600299835,0.45384088158607483,-0.1831713616847992,0.09524952620267868,-0.47388702630996704,-0.16734598577022552,-0.4233359396457672,-0.10781653970479965,0.29059872031211853,0.006912626326084137,-0.14314314723014832,0.04260031878948212,-0.4060550332069397,-0.5532285571098328,0.016858387738466263,0.4707697331905365,-0.4259684979915619,0.08149553835391998,-0.19018113613128662,0.04091327637434006,-0.1091400533914566
CID000003117,1426,-0.16874317824840546,0.09998862445354462,0.07897664606571198,0.3883231282234192,-0.14128468930721283,-0.19716162979602814,0.1517830193042755,0.39135152101516724,-0.24205529689788818,0.26166579127311707,0.3798684775829315,-0.4282047152519226,-0.44677242636680603,0.3165927231311798,-0.05727808550000191,0.16746681928634644,-0.1491350382566452,-0.04597525671124458,-0.0029101104009896517,-0.7861451506614685,0.16161516308784485,-0.0989493876695633,0.028477609157562256,-0.8451995849609375,0.20675262808799744,0.5784440040588379,-0.39526692032814026,-0.07318545877933502,-0.18236741423606873,0.28034475445747375,0.223580002784729,0.2902098298072815,-0.3254825174808502,0.2930431365966797,0.20271818339824677,-0.04833098500967026,-0.08550544083118439,0.24174074828624725,0.3496495187282562,-0.1769503653049469,-0.4294806122779846,-0.26504746079444885,0.17955923080444336,-0.3920265734195709,0.06585262715816498,0.3099272549152374,0.12046482414007187,-0.0514700710773468,-0.07905888557434082,-0.11068252474069595,0.5688802003860474,0.031635582447052,-0.004266476724296808,-0.20215272903442383,0.10899202525615692,0.028949875384569168,0.36603695154190063,0.5087710618972778,0.40170717239379883,0.08175517618656158,-0.3967497944831848,-0.38630563020706177,0.35489460825920105,-0.1711994707584381,0.13375850021839142,0.7836558818817139,-0.23775625228881836,-0.12079823017120361,0.11726478487253189,0.25120478868484497,0.09171762317419052,0.12390255928039551,-0.34767043590545654,-0.29985311627388,-0.13046883046627045,-0.022023577243089676,-0.09538538008928299,-0.16398337483406067,-0.12893879413604736,0.11390934139490128,0.7272908687591553,-0.29145917296409607,-0.5397533178329468,-0.14865390956401825,0.4163692593574524,-0.3440198302268982,0.3325464427471161,0.41482052206993103,-0.13724079728126526,-1.1316132545471191,-0.3661123812198639,0.13019001483917236,0.01872851885855198,0.24026909470558167,-0.23696419596672058,-0.2555157244205475,0.14886072278022766,-0.16228623688220978,0.266291081905365,0.28774943947792053,0.012178564444184303,0.26907405257225037,-0.04852340370416641,0.4702761173248291,-0.2801458537578583,0.07026876509189606,-0.0035384059883654118,0.4557751715183258,0.5237423777580261,0.32591867446899414,-0.15293705463409424,0.236881285905838,-0.0359196700155735,0.06757323443889618,0.5132389664649963,0.5506618618965149,-0.24319815635681152,-0.13154807686805725,0.19857773184776306,0.5477899312973022,0.6093735694885254,-0.09116379916667938,0.2332545816898346,0.11205585300922394,-0.4205573499202728,-0.04409458488225937,0.027991026639938354,-0.05255712941288948,0.3991556465625763,-0.17435257136821747,0.05588354915380478,-0.39862027764320374,-0.10356025397777557,-0.032937489449977875,0.5462072491645813,0.27567487955093384,-0.2103765308856964,0.13608911633491516,-0.33419516682624817,-0.41155877709388733,-0.39815187454223633,0.1650809943675995,0.15721648931503296,0.15920981764793396,0.09513679891824722,0.28492310643196106,-0.2608197331428528,0.6262508630752563,-0.2114553153514862,0.10757472366094589,-0.0005254149436950684,-0.3166016638278961,-0.41645973920822144,0.054595667868852615,-0.0804729089140892,-0.16555741429328918,-0.2539776563644409,-0.2958119809627533,-0.1740081012248993,0.20717363059520721,0.1315550059080124,0.15595704317092896,-0.07328669726848602,0.1962776780128479,0.18351896107196808,-0.38904550671577454,-0.2573855221271515,-0.064484603703022,0.05454742908477783,0.48035678267478943,0.2610512375831604,-0.19681978225708008,-0.16918595135211945,-0.4355088174343109,0.02502083219587803,0.01309553999453783,-0.17098741233348846,-0.16687209904193878,0.7380306720733643,0.060532115399837494,-0.07566864788532257,0.03581780940294266,-0.37542644143104553,-0.030034776777029037,0.4758821427822113,0.27447402477264404,-0.752886950969696,-0.15603932738304138,0.32737866044044495,-0.4227285385131836,-0.4071113169193268,0.35738950967788696,0.011091599240899086,-0.0877772718667984,0.23033276200294495,0.08600018918514252,0.1527021825313568,-0.03227439522743225,0.10388465970754623,-0.02239525318145752,-0.27449268102645874,-0.2069350779056549,0.05864367634057999,-0.1367104947566986,0.22463028132915497,-0.04838075488805771,-0.03202471882104874,0.004309260752052069,0.5622397661209106,0.5830250978469849,0.3798743188381195,-0.19282391667366028,0.17635586857795715,0.29143425822257996,0.2515837848186493,-0.4678756296634674,0.1036558747291565,0.18728646636009216,0.09863267838954926,-0.03525105118751526,0.011033433489501476,-0.31180426478385925,0.060253627598285675,-0.12904570996761322,0.1407596319913864,-0.2311878502368927,-0.009036963805556297,-0.551892876625061,0.05810151249170303,0.03133361414074898,-0.17018087208271027,0.16825756430625916,0.1704142987728119,0.17621855437755585,-0.06406081467866898,-0.37758851051330566,0.6048670411109924,-0.46778517961502075,0.21261338889598846,-0.18949607014656067,0.0008179486030712724,-1.048545479774475,0.49766239523887634,0.4775404930114746,-0.017273208126425743,0.11629322916269302,-0.10199850797653198,-0.30410218238830566,-0.7939392328262329,-0.6578854322433472,0.23466989398002625,0.0033069313503801823,0.2296094000339508,-0.007396286819130182,0.06592441350221634,-0.09769884496927261
CID000005195,1429,0.37662503123283386,-0.2125530242919922,0.26510360836982727,0.5338197946548462,-0.1860903650522232,0.2458280771970749,0.012206328101456165,0.4388250708580017,0.1716953068971634,0.1040620356798172,0.15859393775463104,0.15862157940864563,-0.04842903092503548,0.0006550665711984038,-0.15485821664333344,0.07467108964920044,-0.19510872662067413,-0.0920218825340271,0.2241743505001068,-0.6144737601280212,0.054285138845443726,-0.007364036049693823,-0.1279338300228119,-0.8848923444747925,-0.44340386986732483,-0.12808604538440704,-0.03306197375059128,-0.08260655403137207,-0.09948021173477173,-0.21160201728343964,-0.05064058303833008,0.46266359090805054,-0.10774831473827362,0.02433527633547783,-0.11315034329891205,-0.25149014592170715,0.3411904573440552,-0.2970186173915863,-0.09253410995006561,-0.20372919738292694,-0.08322314918041229,0.18141727149486542,-0.07667703926563263,-0.37990543246269226,-0.045408882200717926,0.4104151129722595,0.08667468279600143,0.14032891392707825,-0.23678278923034668,0.1423274725675583,0.7175517082214355,0.18447422981262207,-0.01223027054220438,0.1623660773038864,0.3254261314868927,0.037688639014959335,0.4482741951942444,0.31780916452407837,-0.05831931158900261,-0.02202504500746727,-0.13780660927295685,-0.29745739698410034,-0.1794486790895462,0.07771755754947662,0.3330349326133728,0.6848089694976807,-0.5585618615150452,0.4167851507663727,0.03061561845242977,-0.07228393852710724,0.26884591579437256,-0.1420566290616989,-0.35470470786094666,-0.22993044555187225,-0.051575034856796265,0.20153959095478058,0.24738487601280212,0.14699828624725342,-0.04778601601719856,0.08306904137134552,0.45384782552719116,-0.6637147665023804,-0.15781956911087036,0.13291147351264954,-0.04091977700591087,-0.029431622475385666,-0.008465604856610298,0.1377924382686615,0.07890432327985764,-0.8567379117012024,0.10680966079235077,0.004052735865116119,-0.09849828481674194,-0.39605027437210083,-0.3978227376937866,-0.287992388010025,0.10487370193004608,-0.05880497768521309,0.0025359392166137695,0.2817023992538452,-0.1478797048330307,0.12138793617486954,-0.009763640351593494,0.2660163938999176,-0.41003042459487915,-0.07940754294395447,-0.1992298662662506,-0.1915062665939331,0.969056248664856,0.6031090617179871,-0.14206206798553467,0.3614393472671509,0.14254264533519745,-0.26617392897605896,0.03831827640533447,-0.10661573708057404,-0.040048401802778244,0.1172487735748291,0.14538517594337463,0.07848676294088364,0.9031211137771606,-0.19563105702400208,0.3517860770225525,0.10525660216808319,-0.4027183949947357,-0.058201082050800323,-0.17350836098194122,-0.2550148367881775,0.17164914309978485,0.14599135518074036,0.5180657505989075,-0.7933686375617981,-0.2301711142063141,0.35995742678642273,0.30232325196266174,-0.11816944926977158,0.31114935874938965,0.27646926045417786,-0.2740311026573181,-0.5683538317680359,-0.19953973591327667,-0.011308670043945312,-0.02085135132074356,0.0021893635857850313,0.03039243258535862,0.061086367815732956,0.0020885367412120104,0.537225604057312,-0.020165150985121727,0.10323389619588852,-0.018298238515853882,-0.561171293258667,0.4224990904331207,0.35653167963027954,-0.062046609818935394,-0.0997428372502327,-0.024133285507559776,-0.09984375536441803,0.018181879073381424,0.3988770842552185,0.27566421031951904,-0.029319774359464645,0.08317480981349945,-0.19065234065055847,-0.030663829296827316,-0.4210922122001648,-0.3354726731777191,0.12211956828832626,0.03534778207540512,0.012331794016063213,-0.06754035502672195,-0.17255616188049316,-0.17763666808605194,-0.41083723306655884,0.07925260066986084,-0.14480438828468323,-0.0781603753566742,-0.20331647992134094,0.6946374177932739,-0.09440428018569946,-0.09635657072067261,-0.015282767824828625,-0.5037502646446228,-0.07322587072849274,0.07599858194589615,0.18069268763065338,-0.5921685695648193,0.1426960676908493,0.05169906094670296,-0.34318602085113525,0.08552615344524384,-0.1320301592350006,0.3026674687862396,-0.0802239403128624,0.2795061469078064,0.2274233102798462,-0.18692535161972046,-0.06989994645118713,-0.029036689549684525,0.11459912359714508,-0.06843084841966629,-0.23929643630981445,0.044236816465854645,-0.2149631679058075,-0.16253340244293213,-0.217067688703537,-0.028907794505357742,-0.028012186288833618,-0.056779514998197556,0.5150901675224304,0.17855072021484375,0.020237693563103676,0.29371461272239685,0.09782403707504272,-0.12603837251663208,-0.3048618733882904,0.2709445059299469,0.3113444447517395,0.23088467121124268,0.2094162255525589,0.029800739139318466,0.28582361340522766,-0.43831363320350647,-0.24276956915855408,0.0878438651561737,-0.13874849677085876,0.07155811786651611,-0.16561958193778992,-0.0492684431374073,0.23522725701332092,-0.2532557249069214,0.009920592419803143,-0.05311229079961777,0.07050551474094391,-0.21788568794727325,0.2413686066865921,0.49502792954444885,-0.0023528337478637695,0.16603633761405945,-0.10891468822956085,0.021024715155363083,-0.8372408151626587,0.25302189588546753,0.10882248729467392,0.1022774800658226,-0.19603855907917023,-0.003394555998966098,0.06266497820615768,-0.887585461139679,-0.5719574093818665,0.385113000869751,0.0384892113506794,0.24524211883544922,0.23776595294475555,0.1964336335659027,0.05673426389694214
CID000012620,1447,0.18245431780815125,0.012895584106445312,0.13139232993125916,0.40767884254455566,-0.40994223952293396,0.1752764731645584,0.304488867521286,0.09068465977907181,-0.19646623730659485,0.23114056885242462,-0.1439065933227539,-0.14900675415992737,-0.25446122884750366,0.22047047317028046,-0.03935570269823074,-0.153288334608078,0.28188103437423706,-0.01862782984972,-0.15334728360176086,-0.5125762224197388,0.25166434049606323,-0.07276315987110138,-0.09066439419984818,-0.5955336093902588,-0.11567002534866333,0.049567483365535736,-0.10374573618173599,-0.2935267984867096,-0.00011743009235942736,0.23525290191173553,0.3998752236366272,0.3122098743915558,0.3256736397743225,0.2005796730518341,-0.09963901340961456,0.1890861541032791,-0.0918550044298172,0.14673860371112823,0.15945230424404144,0.2329917699098587,-0.23343193531036377,-0.004412519745528698,-0.10726968944072723,-0.1537727564573288,0.12657853960990906,0.4258309006690979,0.06900329142808914,-0.10121174901723862,-0.0500590018928051,0.4040495753288269,0.5045906901359558,-0.1671072393655777,-0.3481868803501129,0.27333298325538635,0.03893868625164032,0.16964967548847198,0.36829501390457153,0.09833059459924698,0.006442812271416187,-0.035510968416929245,-0.11429884284734726,-0.24215856194496155,-0.2803264260292053,0.17402586340904236,0.05510423332452774,0.6188599467277527,-0.35941118001937866,-0.33599191904067993,0.3057524561882019,0.03793887794017792,-0.22735300660133362,-0.3780571520328522,-0.46100807189941406,-0.25808584690093994,-0.36732786893844604,0.3894551694393158,0.31825846433639526,-0.10298514366149902,0.0008324563386850059,0.11233842372894287,0.472007691860199,-0.7581104040145874,-0.5013183355331421,0.399166464805603,0.11738841235637665,-0.28952670097351074,0.04704027250409126,0.1263418048620224,-0.18804307281970978,-0.6110306978225708,-0.0014540522824972868,0.16053512692451477,0.035075824707746506,0.28129488229751587,0.34309810400009155,-0.22765974700450897,-0.3708040118217468,-0.37423595786094666,-0.39697012305259705,0.06057001277804375,-0.21080167591571808,-0.09575225412845612,0.06523357331752777,0.12180538475513458,-0.05141298845410347,0.01570187881588936,-0.22187308967113495,-0.3283810019493103,0.5804961919784546,0.023718707263469696,0.028372788801789284,0.08174151182174683,0.31479376554489136,-0.016041677445173264,0.09620684385299683,0.2388400137424469,0.10417862236499786,-0.4463459551334381,-0.08163999021053314,-0.015349814668297768,0.7381818890571594,0.005532043986022472,0.24722950160503387,-0.0329468809068203,0.014138651080429554,0.06338051706552505,0.002510327845811844,-0.017208507284522057,0.13337744772434235,-0.20931513607501984,0.16932648420333862,-0.6836563348770142,-0.354012131690979,0.2034744918346405,0.05118025466799736,0.29734301567077637,-0.054147906601428986,0.13231803476810455,0.11434731632471085,-0.31071874499320984,-0.26885586977005005,0.25107118487358093,0.059075187891721725,-0.15718494355678558,-0.006044461391866207,-0.03703242540359497,0.17629490792751312,0.5931610465049744,-0.1680801808834076,0.0335194393992424,0.04658349230885506,-0.4749954342842102,0.09323050081729889,-0.03197801858186722,-0.23191651701927185,-0.18214917182922363,-0.05123196914792061,-0.17416051030158997,-0.39695221185684204,0.15755072236061096,-0.27159303426742554,-0.16931727528572083,-0.053536307066679,0.17721709609031677,0.026940587908029556,-0.39434415102005005,0.03466838598251343,0.5367687940597534,-0.08069354295730591,0.18107981979846954,0.011904696002602577,-0.19847074151039124,0.1586402952671051,-0.41942349076271057,0.09846732765436172,-0.37454426288604736,0.1849481165409088,-0.22889497876167297,0.34875792264938354,0.12324900925159454,-0.2508728802204132,0.3865254521369934,-0.19328024983406067,-0.004833836108446121,0.20238664746284485,-0.20277702808380127,-0.4606136381626129,0.02655419334769249,0.03889494389295578,-0.23743431270122528,0.18252962827682495,0.015314647927880287,0.3085373044013977,-0.14293166995048523,0.3052694797515869,-0.3514504134654999,0.1082492247223854,0.003384897019714117,0.28476253151893616,0.32617801427841187,-0.20711061358451843,-0.32423415780067444,0.09929241240024567,-0.13272878527641296,-0.14737457036972046,-0.29041028022766113,-0.1571882665157318,-0.08591322600841522,-0.005646008066833019,0.5268617868423462,0.3167567849159241,0.3178882598876953,0.16275820136070251,0.22270867228507996,0.03527011722326279,-0.1290876865386963,-0.06645695865154266,0.3681652545928955,-0.01580282859504223,0.18486495316028595,0.03871292993426323,-0.2686002254486084,0.10320404917001724,-0.34790167212486267,-0.15796081721782684,-0.200975701212883,0.24458976089954376,-0.13444814085960388,-0.24156303703784943,-0.024913277477025986,-0.03369715437293053,0.6779384016990662,0.27983811497688293,0.06487496942281723,-0.1017293706536293,0.2797441780567169,0.39594516158103943,-0.43967404961586,-0.1216379776597023,-0.09156308323144913,-0.12132060527801514,-0.6984558701515198,0.1890065222978592,0.31750595569610596,0.03433842584490776,0.1533277928829193,0.13727618753910065,0.15765082836151123,-0.9048528671264648,-0.3330628275871277,0.2315189391374588,-0.2757129669189453,0.033709816634655,-0.20303669571876526,-0.09278968721628189,0.0811639279127121
CID000156419,1462,0.04275178909301758,-0.14910051226615906,0.3140126168727875,0.6060930490493774,-0.21467077732086182,0.15751180052757263,4.960149453836493e-05,0.2467728555202484,0.06942172348499298,0.31316226720809937,0.2301131933927536,0.09912887960672379,-0.18447086215019226,0.07758814096450806,-0.28249627351760864,0.03402853384613991,-0.19728490710258484,-0.025218674913048744,-0.12174379825592041,-0.5650790929794312,-0.09112938493490219,-0.07226027548313141,0.3414357304573059,-0.8493142127990723,-0.3248392939567566,0.12651583552360535,-0.1786641776561737,-0.17655614018440247,0.01297365128993988,-0.06863151490688324,-0.008373081684112549,0.34768784046173096,-0.18862801790237427,0.19332394003868103,-0.0885387659072876,0.020309096202254295,0.04759852960705757,0.11604992300271988,0.28561192750930786,-0.12118645757436752,-0.17404603958129883,-0.2730005383491516,0.11666039377450943,-0.4018213152885437,0.004680460784584284,0.4140257239341736,0.020638395100831985,0.001864666468463838,-0.15365774929523468,0.019599750638008118,0.652129054069519,0.3304218351840973,-0.0025968283880501986,0.10226856172084808,-0.06159599497914314,-0.25746992230415344,-0.06691060215234756,0.2692132294178009,-0.0770622119307518,0.021258914843201637,-0.2964528501033783,-0.1804460734128952,0.22808048129081726,-0.24869124591350555,0.19979040324687958,0.6417635083198547,-0.42503032088279724,0.15700337290763855,0.12018942832946777,0.007220966275781393,0.04055832698941231,-0.057493992149829865,-0.33564290404319763,-0.3290328085422516,-0.13553500175476074,0.07394611835479736,0.1754695028066635,0.06715884059667587,-0.1906718760728836,0.07864261418581009,0.3151463568210602,-0.49977022409439087,-0.2525125741958618,0.15644432604312897,0.22153155505657196,-0.19693425297737122,0.1831023395061493,0.34776782989501953,0.1269182711839676,-0.8746806979179382,0.11661326885223389,0.01241967361420393,-0.10325354337692261,0.17412877082824707,-0.25076138973236084,-0.37529054284095764,-0.04954802989959717,0.011306101456284523,0.14297626912593842,0.0328480489552021,-0.229410320520401,0.27768343687057495,-0.17806760966777802,0.21192960441112518,-0.2844926714897156,0.0699038878083229,-0.07741771638393402,-0.2731098532676697,0.65725177526474,0.1176203042268753,0.07395773380994797,0.10918320715427399,0.1169353500008583,-0.15212364494800568,-0.020008083432912827,0.03872253745794296,-0.09999535977840424,0.024528557434678078,-0.0527716763317585,0.2035062611103058,0.7985526323318481,0.00563662638887763,0.36180442571640015,0.30034419894218445,-0.3672974705696106,-0.03613109141588211,0.07855498790740967,0.06451357901096344,0.16180816292762756,0.1547722965478897,0.4120025634765625,-0.5975869297981262,-0.22819431126117706,0.3705759644508362,0.23725247383117676,-0.0400797501206398,0.0627267062664032,0.2187393456697464,-0.3226886987686157,-0.39964398741722107,-0.18475931882858276,0.17641490697860718,0.26706844568252563,0.0018595695728436112,-0.04918442666530609,0.11731817573308945,0.1157965436577797,0.4305027425289154,0.011433811858296394,0.08780062198638916,0.3303515315055847,-0.5446404814720154,0.21821089088916779,0.0917927622795105,-0.27749139070510864,-0.3133375942707062,-0.09642891585826874,0.07883105427026749,0.09486661851406097,0.3380725383758545,0.14456090331077576,-0.2329711616039276,0.07271192222833633,0.0892932191491127,0.14946454763412476,-0.3812685012817383,-0.2821730971336365,0.019188061356544495,0.004440581891685724,0.327095627784729,-0.002880346728488803,-0.16485239565372467,-0.19610778987407684,-0.32056212425231934,0.04252646118402481,-0.16490516066551208,0.05334059149026871,-0.09831880778074265,0.6199309229850769,-0.31529176235198975,0.03847000002861023,0.07238353788852692,-0.08195286989212036,-0.26831910014152527,0.3214207589626312,0.20691624283790588,-0.6777353286743164,-0.023344367742538452,-0.0673103779554367,-0.3744280934333801,-0.062422674149274826,0.19945451617240906,0.18470770120620728,0.013043621554970741,0.19023224711418152,-0.10093794018030167,-0.08964361250400543,-0.003965663257986307,0.14424541592597961,0.027433505281805992,-0.06368692964315414,-0.2593074440956116,0.034055594354867935,-0.25423407554626465,-0.2981882095336914,-0.09302576631307602,-0.12735868990421295,-0.0658925324678421,0.20565693080425262,0.5823469758033752,0.2136548012495041,0.140495166182518,0.1520850956439972,0.24481813609600067,0.2736383378505707,-0.16485166549682617,0.034477170556783676,0.22188547253608704,0.2016238272190094,-0.13962116837501526,-0.1822715401649475,-0.21729440987110138,-0.30003270506858826,-0.17413310706615448,0.12868991494178772,-0.14271284639835358,-0.12847311794757843,-0.3004818856716156,-0.07467080652713776,0.3393079936504364,-0.15042760968208313,0.27020734548568726,0.10143985599279404,0.10466794669628143,-0.07929094135761261,0.29552674293518066,0.43004512786865234,-0.3552061915397644,0.11591064929962158,-0.04508761316537857,-0.050081491470336914,-0.838711142539978,0.06544646620750427,0.03153442591428757,-0.03310922533273697,-0.07553126662969589,-0.10491661727428436,-0.073075070977211,-0.83326256275177,-0.3566576838493347,0.3046635091304779,0.15592005848884583,0.19192326068878174,-0.07311048358678818,0.31558576226234436,0.2123064547777176
CID000040976,1465,-0.07139764726161957,0.07420143485069275,0.1632356494665146,0.27121156454086304,-0.33188241720199585,0.16566653549671173,0.12907674908638,0.595903754234314,-0.09858173131942749,0.2880348563194275,-0.1830368936061859,-0.15636850893497467,-0.38657259941101074,0.27957457304000854,-0.1071191281080246,-0.030078614130616188,0.036484699696302414,0.1051785945892334,0.35949307680130005,-0.6285659074783325,0.3190556764602661,-0.24490556120872498,0.1741604506969452,-0.7533944845199585,0.399257093667984,0.5405464768409729,-0.09282554686069489,-0.36030113697052,0.07166077941656113,0.11198065429925919,0.1880083978176117,0.4141761362552643,-0.10482229292392731,0.08624514192342758,0.05979042127728462,-0.0010886683594435453,0.17069889605045319,0.23823373019695282,0.13178926706314087,-0.30216866731643677,-0.027826622128486633,-0.354867160320282,0.21733060479164124,-0.4043912887573242,0.07454030215740204,0.23235401511192322,-0.07008174061775208,-0.14313814043998718,0.04682904854416847,-0.09200656414031982,0.40875545144081116,0.21259383857250214,-0.4041472375392914,-0.011352317407727242,0.13036715984344482,0.023119600489735603,0.07862560451030731,0.18670965731143951,0.2594049572944641,0.3188204765319824,-0.4331158697605133,-0.35100609064102173,0.04410582035779953,-0.04057345539331436,0.2908106744289398,0.5693745613098145,0.04391629248857498,-0.017503466457128525,0.10581839084625244,-0.13409188389778137,0.31219786405563354,-0.20341911911964417,-0.3167111277580261,-0.46711644530296326,-0.39151933789253235,-0.037926945835351944,-0.032514601945877075,0.08488383144140244,-0.0352671816945076,0.1653832495212555,0.13251183927059174,-0.25104060769081116,-0.279285728931427,0.10101119428873062,0.025281090289354324,-0.046123772859573364,0.13103456795215607,0.5191122889518738,0.07186813652515411,-0.5466859936714172,0.13855794072151184,0.39903125166893005,-0.032823070883750916,-0.22359761595726013,-0.21813026070594788,-0.5695546865463257,-0.26375263929367065,-0.19663448631763458,0.06147658824920654,0.023794284090399742,-0.21542325615882874,0.06454821676015854,-0.1494922786951065,0.5333722829818726,0.26241928339004517,0.1276949942111969,-0.030582591891288757,0.14989952743053436,0.36967113614082336,0.03142429515719414,-0.15062013268470764,0.08999298512935638,0.1328139305114746,0.06549382209777832,-0.07323429733514786,0.2166450321674347,-0.14393696188926697,-0.01583939976990223,-0.19949616491794586,0.45180097222328186,0.38546469807624817,-0.3909425735473633,0.306437611579895,0.29893457889556885,-0.15220777690410614,0.09275682270526886,0.14363864064216614,0.25894102454185486,0.5606900453567505,-0.0780937522649765,0.03571596369147301,-0.3731323480606079,-0.2915917634963989,0.15522783994674683,0.190243199467659,0.0045380056835711,0.007990658283233643,0.33117416501045227,0.08555654436349869,-0.3264676630496979,-0.0700979083776474,0.306895911693573,-0.1478724181652069,-0.03903941065073013,-0.043823204934597015,0.4937289357185364,-0.42042192816734314,0.41386279463768005,-0.35654205083847046,0.31421852111816406,0.1686752587556839,-0.10431601852178574,-0.3626957833766937,-0.12173864990472794,-0.07303281128406525,-0.11456602811813354,-0.0039934394881129265,-0.24022138118743896,-0.13162849843502045,0.4605523943901062,-0.15930244326591492,-0.07126624882221222,-0.12087825685739517,-0.02909855544567108,-0.2202298939228058,-0.03907324746251106,-0.13128535449504852,0.07705874741077423,-0.03772421181201935,0.17237892746925354,0.21376824378967285,-0.19517233967781067,-0.10682745277881622,-0.2292943000793457,0.05687948316335678,-0.015971031039953232,0.13043299317359924,-0.23926743865013123,0.4207943379878998,-0.284956693649292,0.14570753276348114,0.033969514071941376,-0.3614787459373474,-0.0808870792388916,0.27279406785964966,0.2855749726295471,-0.0942889079451561,-0.010976838879287243,0.3100586235523224,-0.42411932349205017,-0.055260539054870605,0.0445217490196228,0.43216124176979065,0.05252603441476822,0.060344111174345016,0.005267059896141291,0.020283203572034836,0.09978213161230087,-0.00214650621637702,0.15687298774719238,0.27219414710998535,-0.6302928328514099,-0.03055964782834053,-0.31126636266708374,0.07386305183172226,0.011453216895461082,-0.17879268527030945,-0.1415490210056305,0.510823130607605,0.48472946882247925,0.30017873644828796,0.10775667428970337,0.3547002375125885,-0.1623319685459137,0.6715678572654724,-0.17447005212306976,0.2387862503528595,0.2074526995420456,0.09114343672990799,-0.053926873952150345,0.09461288154125214,0.10287221521139145,-0.2926790714263916,-0.5447426438331604,-0.3826846480369568,-0.2606762647628784,0.05356886237859726,-0.8748812675476074,-0.19108550250530243,-0.020230364054441452,0.2255115956068039,-0.1158602237701416,0.3429828882217407,0.08437158912420273,0.08850494772195816,-0.051889192312955856,0.3894484341144562,-0.440856397151947,0.05988652631640434,-0.18576982617378235,-0.011657178401947021,-0.6155350804328918,-0.1665976345539093,0.27426695823669434,-0.04046390578150749,-0.16806760430335999,0.12756188213825226,-0.2485131025314331,-0.4797298312187195,-0.08389226347208023,0.4648985266685486,-0.24957361817359924,0.2255069762468338,-0.16940101981163025,0.0718996599316597,-0.05292781442403793
CID000003059,1484,0.11912810802459717,-0.05748795345425606,0.06875692307949066,0.4410251975059509,-0.3912946581840515,0.06703431904315948,0.12387825548648834,0.24862262606620789,-0.11439085006713867,0.23124603927135468,0.27693837881088257,-0.03540881723165512,-0.016486365348100662,0.0055006565526127815,-0.07153365761041641,0.052023984491825104,-0.06516720354557037,-0.1952296793460846,0.055146146565675735,-0.45696431398391724,-0.043105002492666245,-0.16117961704730988,0.26252231001853943,-0.8268500566482544,0.19438396394252777,0.09210077673196793,-0.3304714560508728,-0.06851649284362793,-0.14056804776191711,-0.00020307302474975586,-0.043167952448129654,0.18368159234523773,-0.17869947850704193,0.12866537272930145,0.10430924594402313,0.00451893825083971,0.17398804426193237,0.04815279692411423,0.4011446535587311,-0.1040973886847496,-0.008048045448958874,-0.2061840295791626,0.006374207325279713,-0.22225899994373322,0.07381783425807953,0.32965177297592163,0.1478666365146637,-0.030017664656043053,0.3226720690727234,-0.09951169788837433,0.35050007700920105,0.07189052551984787,-0.26002588868141174,0.11832039058208466,-0.016478324308991432,-0.08425931632518768,-0.033384017646312714,0.15189696848392487,0.035492442548274994,-0.20503120124340057,-0.2890913784503937,-0.14845193922519684,-0.06120084598660469,-0.07485140115022659,0.3644559979438782,0.5223119854927063,-0.2089821994304657,-0.17390990257263184,0.17954477667808533,0.08029655367136002,0.2134571373462677,-0.31998658180236816,-0.37347134947776794,-0.3420589864253998,-0.15368041396141052,-0.1679428517818451,-0.030943352729082108,-0.035570960491895676,-0.04306339845061302,-0.11000070720911026,0.007759563624858856,-0.5210140943527222,-0.253622442483902,-0.041587524116039276,0.025852913036942482,-0.02312840148806572,0.3279437720775604,0.0417422279715538,0.23769228160381317,-0.8073302507400513,0.06278593838214874,0.21775612235069275,0.048176269978284836,0.0948745608329773,0.2927091717720032,-0.24636442959308624,-0.08043862134218216,-0.1563602089881897,-0.016944294795393944,0.1707834005355835,0.04800752177834511,0.090121790766716,-0.014866220764815807,0.39366668462753296,0.185794398188591,0.08552347868680954,0.06367246061563492,0.16108006238937378,0.4959286153316498,-0.10358842462301254,-0.12585946917533875,0.15929585695266724,-0.12307250499725342,-0.024513453245162964,-0.11368636786937714,0.16868671774864197,-0.13610294461250305,-0.23100395500659943,-0.20407864451408386,0.23669366538524628,0.6022546887397766,-0.14965713024139404,0.18797419965267181,0.06743178516626358,0.03476365655660629,0.21702909469604492,0.03251003101468086,0.01757965050637722,0.1956101357936859,0.1909167319536209,0.1297864466905594,-0.4381716251373291,-0.28611940145492554,0.11223959922790527,0.17263862490653992,0.04962270334362984,-0.18740667402744293,0.18713855743408203,-0.31309762597084045,-0.20822498202323914,-0.21496160328388214,0.1010848730802536,0.039801087230443954,0.044716328382492065,-0.150318905711174,0.14895907044410706,-0.027750056236982346,0.4249797463417053,0.20295648276805878,0.21535643935203552,0.21941888332366943,-0.3071983754634857,-0.12832820415496826,0.26032209396362305,-0.20327946543693542,-0.137854665517807,-0.10914740711450577,0.02771764062345028,-0.18879066407680511,0.24802646040916443,0.2410324364900589,-0.12846507132053375,-0.011594459414482117,0.15822464227676392,-0.2549059987068176,-0.21833005547523499,-0.0849715992808342,0.07521896064281464,-0.020414728671312332,0.23446504771709442,-0.07414402812719345,-0.2028730809688568,-0.15489952266216278,-0.2763196527957916,-0.014390413649380207,-0.11736205965280533,0.49759307503700256,-0.2639006972312927,0.3844338655471802,-0.0357150137424469,0.15024444460868835,0.13679328560829163,-0.21315279603004456,-0.07844646275043488,0.21477119624614716,0.2832932770252228,-0.22816944122314453,0.16688579320907593,-0.1106208935379982,-0.34314385056495667,-0.07692625373601913,0.10896734893321991,0.3104638457298279,-0.001847925828769803,0.11332333087921143,-0.2156791239976883,0.003200224135071039,-0.03844878077507019,-0.14575718343257904,0.3457275927066803,-0.08463813364505768,-0.35454386472702026,-0.12288492918014526,-0.20869430899620056,-0.1696949452161789,-0.07097484171390533,-0.06668943911790848,0.22273507714271545,0.13770264387130737,0.38673534989356995,0.20543813705444336,0.07204337418079376,0.2266729325056076,0.02447117306292057,-0.015042459592223167,-0.1814582794904709,0.18426714837551117,0.12151820957660675,0.0441572330892086,-0.24255497753620148,-0.03097628615796566,-0.1405322253704071,0.24124956130981445,-0.20746858417987823,0.0722045749425888,-0.25082430243492126,-0.01716409996151924,0.08614379167556763,0.10340535640716553,-0.008225959725677967,-0.08137206733226776,0.1917678564786911,0.21747228503227234,0.019522253423929214,-0.018362034112215042,-0.027497276663780212,0.3562285304069519,-0.4769856929779053,0.064597949385643,-0.1557600051164627,0.176077201962471,-0.5641642808914185,-0.05927913263440132,0.2773485481739044,-0.14334402978420258,0.05666625499725342,0.14261503517627716,0.06900346279144287,-0.604010283946991,-0.17668160796165466,0.18395933508872986,-0.11824794113636017,0.06496623903512955,-0.26961153745651245,0.0006013273959979415,0.08743001520633698
CID000003827,1523,0.052037887275218964,0.1168789491057396,-0.024780461564660072,0.2627056837081909,-0.12274768203496933,0.2056235373020172,0.047306109219789505,0.1545242965221405,-0.008060656487941742,0.17821213603019714,0.1925712525844574,0.2400055229663849,0.16585586965084076,0.11396624147891998,-0.2602180242538452,-0.18178308010101318,-0.08264492452144623,-0.11750912666320801,0.18571460247039795,-0.38890764117240906,0.14323972165584564,-0.1837104856967926,0.12549331784248352,-0.8224081993103027,-0.008002395741641521,0.2847980558872223,-0.3642711043357849,-0.16313448548316956,-0.08532901108264923,0.17822113633155823,0.01154415588825941,0.2876953184604645,-0.26362377405166626,-0.03137409687042236,-0.06381599605083466,0.018858110532164574,0.30163678526878357,-0.07293079793453217,0.17405179142951965,-0.29157304763793945,0.02298557199537754,-0.40115347504615784,0.12993402779102325,-0.4490816593170166,-0.10744508355855942,0.3988391160964966,0.0514548122882843,-0.002002763794735074,0.19424504041671753,-0.03265759348869324,0.24139976501464844,0.021989619359374046,-0.3968304395675659,-0.009917301125824451,0.2664339244365692,-0.30003517866134644,-0.08275827765464783,0.16573494672775269,-0.08954717963933945,0.17483162879943848,-0.23970702290534973,-0.20167326927185059,0.025383666157722473,-0.14703357219696045,0.3849868178367615,0.516467809677124,-0.2582084834575653,-0.2363508939743042,0.24375805258750916,-0.02710980549454689,0.09588222205638885,0.09859536588191986,-0.4302111566066742,-0.3727062940597534,-0.24418890476226807,0.048617295920848846,-0.12498404830694199,0.18003764748573303,-0.11882521957159042,0.022187933325767517,-0.050380267202854156,-0.3380992114543915,-0.3278118371963501,-0.227382093667984,0.12410034239292145,-0.1525001972913742,0.39466530084609985,0.07124941051006317,0.0588575080037117,-0.71147620677948,0.03388449549674988,0.42530545592308044,0.042904578149318695,0.13255146145820618,-0.07017289102077484,-0.4125787317752838,-0.214198499917984,0.12266471236944199,0.23505663871765137,0.26186469197273254,-0.2627287209033966,-0.011715379543602467,-0.16129301488399506,0.20801226794719696,0.2154419720172882,0.14661692082881927,0.0802275687456131,0.01868370734155178,0.3754138648509979,-0.15870516002178192,-0.07800699770450592,0.2883555293083191,-0.3914620280265808,0.06265139579772949,0.025817882269620895,0.32953137159347534,-0.07889581471681595,-0.10149753093719482,-0.3499133586883545,0.2567800283432007,0.4195930063724518,-0.05733056738972664,0.35913193225860596,0.3358132839202881,0.0420667827129364,0.10122517496347427,0.008874665014445782,0.1369561105966568,0.39951092004776,-0.19052334129810333,-0.08988671004772186,-0.25262391567230225,-0.09312273561954498,0.25037291646003723,0.152178555727005,-0.04044664651155472,0.004191696643829346,-0.014367309398949146,-0.21690133213996887,-0.3811691105365753,-0.20550628006458282,0.12925902009010315,0.17064157128334045,-0.1731749176979065,-0.0030349884182214737,0.32834726572036743,-0.18878459930419922,0.2641504406929016,0.04145117849111557,0.2509594261646271,0.14409053325653076,-0.07130753993988037,-0.1256735771894455,0.2567242980003357,-0.3569026589393616,-0.1861143857240677,-0.05143864080309868,-0.18524596095085144,-0.11605453491210938,0.3379155993461609,0.27225834131240845,-0.010226214304566383,-0.07978810369968414,0.1793227642774582,-0.25393056869506836,-0.1964116394519806,-0.36332160234451294,0.18117065727710724,-0.06582154333591461,0.35452985763549805,0.06353199481964111,-0.2665204405784607,-0.2869202494621277,-0.36077556014060974,-0.07039598375558853,-0.1423574686050415,0.09659427404403687,-0.2882935106754303,0.31643447279930115,-0.07648563385009766,0.10650066286325455,0.04599377512931824,-0.28876590728759766,-0.25698190927505493,0.22820670902729034,0.2880365550518036,-0.4046414792537689,-0.27531683444976807,-0.09756607562303543,-0.35887736082077026,-0.09026213735342026,0.12123662233352661,0.27614885568618774,0.14498242735862732,0.17889155447483063,-0.3069663643836975,0.20971865952014923,0.0446699894964695,-0.001291868044063449,0.03646345064043999,0.23839528858661652,-0.26208561658859253,-0.07827191799879074,-0.401459276676178,0.1335972100496292,-0.3078223764896393,-0.15545456111431122,0.026837820187211037,0.11084155738353729,0.4540713429450989,0.4067603051662445,-0.2859758734703064,0.3209899365901947,0.1881849467754364,0.2185046672821045,-0.28133100271224976,-0.09269531071186066,0.0028923512436449528,-0.020934661850333214,-0.26616886258125305,-0.09884999692440033,-0.17941363155841827,-0.0968315377831459,-0.2734305262565613,-0.1284070909023285,0.005482536740601063,-0.2997463643550873,-0.17677657306194305,-0.18117892742156982,-0.08221106231212616,-0.020499592646956444,0.11603240668773651,0.2852042317390442,0.1116832047700882,-0.025737762451171875,-0.05933559685945511,0.19320610165596008,-0.3364627957344055,0.027662605047225952,-0.25339433550834656,0.4129979610443115,-0.4678390622138977,0.04196145385503769,0.057357508689165115,-0.17884561419487,0.08247742801904678,0.4548307955265045,-0.005024963524192572,-0.34343236684799194,-0.11924268305301666,0.3311319649219513,-0.056219082325696945,0.07593758404254913,-0.12546031177043915,0.1539115309715271,-0.07907350361347198
CID000004675,1528,0.2668907046318054,-0.011041087098419666,0.05952867120504379,0.5459858179092407,-0.4480782151222229,0.1757967174053192,0.06047613173723221,0.2389936000108719,0.12288136780261993,0.44115394353866577,0.08879238367080688,-0.2036142796278,-0.6026207208633423,0.4546236991882324,0.11135665327310562,-0.07959119230508804,0.08515243977308273,-0.05895587056875229,0.05116034671664238,-0.38946905732154846,-0.1383483111858368,0.16068580746650696,0.408722460269928,-0.8642486333847046,0.12120015919208527,-0.0035119473468512297,-0.0979766696691513,-0.13290874660015106,0.11183197796344757,0.14559778571128845,-0.12661077082157135,0.3597571551799774,-0.1181957945227623,0.10488410294055939,-0.009137864224612713,-0.040514424443244934,0.29659247398376465,0.36151063442230225,-0.2558877766132355,-0.45617493987083435,-0.07347018271684647,-0.061553437262773514,0.21544739603996277,-0.023911476135253906,0.09131725877523422,0.07538045942783356,0.1512366235256195,-0.22256512939929962,0.05310473591089249,0.19152972102165222,0.5276288986206055,-0.33836066722869873,-0.05791270732879639,-0.12683621048927307,0.4187048077583313,0.09642226994037628,0.3027939796447754,-0.09070688486099243,0.4207274317741394,-0.050863731652498245,-0.10226708650588989,-0.20029151439666748,-0.43914803862571716,0.1808280050754547,0.2304960936307907,0.6335727572441101,-0.32906851172447205,-0.04139712452888489,0.4092387557029724,0.1035936251282692,0.30705541372299194,0.5676453113555908,-0.07182034105062485,-0.3241388201713562,-0.275216281414032,0.2371390163898468,0.11756746470928192,0.008942383341491222,0.1422683745622635,0.06689012795686722,-0.1442919224500656,-0.07371749728918076,-0.27617332339286804,-0.1370113343000412,0.5435563325881958,-0.21630246937274933,-0.034836459904909134,0.6521463394165039,-0.1590687334537506,-0.8112114667892456,0.07816033810377121,0.19814138114452362,0.13693588972091675,0.22596916556358337,0.1898472011089325,-0.4836463928222656,-0.1258455514907837,0.1592584252357483,0.05127011612057686,0.1372668445110321,0.28660741448402405,-0.05509120225906372,0.023907620459794998,0.4756790101528168,-0.18001820147037506,-0.1492225080728531,-0.1836550533771515,-0.16874466836452484,0.3366902470588684,0.06118373945355415,-0.07997310161590576,0.13433901965618134,-0.22806358337402344,-0.09272424876689911,0.1601368933916092,0.34546005725860596,-0.08084484934806824,0.31720170378685,0.27393418550491333,-0.03132835775613785,0.5788410902023315,-0.1641463339328766,0.08196722716093063,0.23921625316143036,-0.3301255702972412,0.3056013882160187,-0.08385710418224335,-0.11833727359771729,0.2726175785064697,0.020940130576491356,0.13860103487968445,-0.4413825571537018,-0.5069880485534668,0.17793938517570496,0.32841795682907104,0.7313608527183533,0.27368658781051636,0.22038236260414124,-0.020779501646757126,-0.4086621403694153,-0.001220272621139884,0.5837165117263794,0.049990903586149216,0.03064202144742012,-0.12194684892892838,0.09837975353002548,-0.04773745313286781,0.4469508230686188,0.16001930832862854,1.0971724805131089e-05,0.21650877594947815,-0.23581168055534363,0.08802517503499985,0.12036105245351791,-0.13858191668987274,-0.04084914177656174,-0.04522858187556267,-0.2951553165912628,0.1702403724193573,0.23584194481372833,0.4091698229312897,-0.01822972483932972,0.15706060826778412,-0.15285445749759674,-0.2791571319103241,-0.0009721666574478149,0.012199444696307182,0.0633053332567215,0.15625594556331635,0.18028299510478973,0.23893260955810547,-0.3310602903366089,-0.028033042326569557,0.024655163288116455,0.08531129360198975,0.06194865703582764,0.2239622175693512,-0.31861674785614014,0.47822338342666626,0.35200002789497375,-0.310276061296463,-0.15289191901683807,-0.5949870944023132,0.08858591318130493,0.2762763798236847,0.1773977428674698,-0.31578999757766724,0.02132643200457096,0.5750167965888977,-0.45820552110671997,0.3247547447681427,-0.15039312839508057,0.17197729647159576,-0.18282705545425415,0.37121444940567017,0.026135478168725967,0.4446330964565277,-0.14658111333847046,-0.18158577382564545,-0.3277260661125183,-0.463284969329834,-0.5275048017501831,0.08474622666835785,-0.41375190019607544,-0.13249224424362183,0.11383454501628876,-0.00678448099642992,-0.09867559373378754,0.9892784357070923,0.7873167991638184,0.2940639555454254,-0.0002753734588623047,0.26154500246047974,0.21677041053771973,0.3066721558570862,-0.14143729209899902,0.022440249100327492,0.28992974758148193,0.0028859854210168123,-0.122650645673275,-0.06125367432832718,-0.14072027802467346,0.23941680788993835,-0.312356173992157,-0.296139657497406,0.049049995839595795,-0.2814822793006897,-0.4179060459136963,0.21900828182697296,-0.07170401513576508,-0.05477794259786606,0.5853828191757202,0.05898427963256836,-0.11287768930196762,-0.11798570305109024,0.01525007002055645,0.6032599806785583,-0.46872058510780334,0.1353720724582672,-0.23395183682441711,0.3377588093280792,-0.6432420611381531,0.1838633269071579,0.15812940895557404,-0.04253724217414856,-0.16172748804092407,-0.1767224371433258,-0.04185361787676811,-0.5129978656768799,-0.2627129554748535,0.12111867964267731,0.03810404613614082,0.41199976205825806,-0.09183210134506226,0.03800388053059578,0.20869703590869904
CID000000298,1531,0.32370132207870483,-0.03825005888938904,0.298158198595047,0.37349241971969604,-0.3438336253166199,0.09536071866750717,0.06295093894004822,0.13784867525100708,-0.21515007317066193,0.3351506292819977,0.1123930811882019,0.18864646553993225,0.0011005799751728773,-0.061775267124176025,-0.17163512110710144,0.058196473866701126,-0.08535945415496826,-0.22646255791187286,0.01635400950908661,-0.5282846689224243,0.16461379826068878,-0.056387268006801605,0.11648710817098618,-0.9318094253540039,-0.051618821918964386,0.059388142079114914,-0.09670008718967438,-0.060077499598264694,0.018605917692184448,0.1153133362531662,0.04224390536546707,0.2466249167919159,-0.387552410364151,-0.06373302638530731,-0.01592319831252098,0.09203241020441055,0.02552737295627594,0.14771655201911926,0.08667273074388504,-0.3431752324104309,-0.03153572976589203,-0.02253488264977932,-0.016695326194167137,-0.3743850886821747,-0.13236697018146515,0.33060428500175476,-0.09424485266208649,-0.0013329893117770553,-0.17238441109657288,0.07250255346298218,0.2648234963417053,0.0906929224729538,-0.014678090810775757,0.15957200527191162,0.16150569915771484,-0.11538660526275635,-0.0771438330411911,0.180757537484169,0.07975536584854126,-0.047429539263248444,-0.0854354053735733,-0.17977796494960785,0.1070549339056015,0.07074250280857086,0.19384144246578217,0.46574273705482483,-0.2990265488624573,0.08852304518222809,0.1511046588420868,-0.15832139551639557,0.1136738508939743,0.489729642868042,-0.40163546800613403,-0.28490573167800903,-0.14808790385723114,0.25118792057037354,0.24701324105262756,0.10173060745000839,-0.025446001440286636,0.23633214831352234,0.005869454238563776,-0.6407153010368347,-0.1465713381767273,-0.004091495182365179,-0.03438163176178932,-0.21052782237529755,0.11732208728790283,0.05228390544652939,0.3507741093635559,-0.7560269832611084,0.061088819056749344,0.06416615098714828,0.0674743726849556,0.00012979954772163182,-0.0017090797191485763,-0.3564574420452118,-0.21563339233398438,0.16730168461799622,0.17394384741783142,0.2939106822013855,-0.15302222967147827,-0.11922474205493927,-0.15214857459068298,0.2075575590133667,-0.0538080558180809,0.15871264040470123,-0.16854938864707947,-0.08113650232553482,0.6102522611618042,0.00663350522518158,-0.11966196447610855,0.22240996360778809,-0.2033480405807495,-0.10111057758331299,0.14386577904224396,0.15245230495929718,0.09100095182657242,0.00862131081521511,-0.02322828769683838,0.202047199010849,0.6739953756332397,-0.12795373797416687,0.28568458557128906,0.4252656102180481,-0.14865069091320038,-0.05574895069003105,-0.0019316405523568392,0.09309346973896027,0.10021885484457016,0.008033787831664085,0.3150699734687805,-0.7076249718666077,-0.3776545822620392,0.1555768996477127,0.25783485174179077,-0.05692427605390549,-0.1208033412694931,0.11587141454219818,-0.005975401494652033,-0.28416991233825684,-0.16047285497188568,0.06741796433925629,0.16533178091049194,-0.07393249869346619,-0.03911442309617996,0.17913775146007538,-0.040978722274303436,0.4589875340461731,0.0948849618434906,0.1311749368906021,0.2160528600215912,-0.3593534827232361,0.0717284232378006,0.229305699467659,-0.1497040092945099,-0.2521231770515442,-0.10855324566364288,-0.10879553854465485,0.07022614032030106,0.29701876640319824,0.3132886290550232,-0.03623601049184799,-0.0831754207611084,0.05278585106134415,0.02284814417362213,-0.11571840941905975,-0.10540324449539185,0.023736799135804176,-0.1897588074207306,0.08893200010061264,-0.002621929394081235,-0.1984272003173828,-0.218806654214859,-0.21083340048789978,-0.002431207802146673,-0.15398035943508148,0.05584902688860893,-0.13903716206550598,0.5310276746749878,-0.09684405475854874,-0.010855769738554955,0.01915944181382656,-0.1957509070634842,-0.2353309690952301,0.2422967255115509,0.17831985652446747,-0.30203574895858765,0.11819453537464142,-0.09741850942373276,-0.29248887300491333,-0.024540936574339867,-0.0005650937673635781,0.12706151604652405,-0.03392353653907776,0.2385212928056717,0.09646080434322357,0.053809475153684616,0.17509226500988007,0.05401580408215523,-0.3673895001411438,0.023791562765836716,-0.2878398895263672,0.07782010734081268,-0.2436034232378006,-0.21850769221782684,-0.07983677089214325,-0.03390905261039734,-0.12398810684680939,0.27158063650131226,0.4416884779930115,0.2582215666770935,-0.05091606453061104,0.20375260710716248,0.3400123715400696,0.15201403200626373,-0.38215094804763794,0.12707994878292084,0.19401557743549347,0.004655404947698116,0.1846146285533905,-0.11983232200145721,-0.1100429892539978,0.001875716494396329,-0.22964759171009064,-0.09318695962429047,0.22198709845542908,-0.3624187111854553,-0.07435885816812515,-0.23976019024848938,0.07521046698093414,-0.038444992154836655,0.20318885147571564,0.20211048424243927,0.05055806040763855,-0.22437720000743866,0.22250576317310333,0.35953134298324585,-0.2039313018321991,0.0050866873934865,-0.0899839699268341,0.24022109806537628,-0.729919970035553,0.11339638382196426,0.15779288113117218,0.03087221086025238,-0.2309873402118683,0.18668383359909058,-0.06644555926322937,-0.6456894278526306,-0.24273328483104706,0.22797787189483643,0.009297624230384827,0.07279835641384125,-0.03903758525848389,0.2340388298034668,0.10608692467212677
CID000003305,1535,0.15915483236312866,-0.1759963482618332,-0.06340837478637695,0.41211605072021484,-0.26959970593452454,0.054254692047834396,0.1585671305656433,0.16690954566001892,0.0509004220366478,0.1330432891845703,0.10547156631946564,-0.23411402106285095,-0.29670044779777527,0.1538887917995453,0.0044013215228915215,-0.15273648500442505,-0.05738057568669319,-0.06167495995759964,0.12316441535949707,-0.32192912697792053,0.3397597670555115,-0.516995906829834,0.13256843388080597,-0.6944809556007385,-0.039596330374479294,0.11523450911045074,-0.11834027618169785,-0.310654878616333,-0.006235033273696899,0.028766382485628128,-0.1738029420375824,0.347079336643219,-0.015064001083374023,-0.21245983242988586,0.02258845791220665,0.1277475655078888,0.08723127096891403,0.1891121119260788,0.20533958077430725,-0.324118971824646,-0.07805480062961578,-0.2901952266693115,0.1300598531961441,-0.14428144693374634,-0.11835415661334991,0.26505792140960693,-0.022858723998069763,0.20358625054359436,0.0932171642780304,-0.08810405433177948,0.30645889043807983,-0.07088495790958405,-0.358859121799469,0.08724571764469147,0.06512162834405899,0.18318641185760498,-0.047382041811943054,0.18236036598682404,0.3238498866558075,-0.2078266143798828,-0.4479385018348694,-0.4022514224052429,0.35559147596359253,-0.039575137197971344,0.48276811838150024,0.3443249464035034,-0.3457886576652527,-0.0007682621362619102,0.07143525779247284,-0.10368187725543976,0.059809040278196335,-0.4423307478427887,-0.5177404880523682,-0.19741159677505493,-0.10784206539392471,0.11803239583969116,-0.055388499051332474,0.3102213442325592,0.02721191942691803,-0.06252424418926239,0.26210686564445496,-0.473238468170166,-0.3309800922870636,0.22191265225410461,0.15114319324493408,0.2870389521121979,0.12603211402893066,0.3210332691669464,-0.028180385008454323,-0.7465783357620239,0.01916748657822609,0.2213723212480545,0.1136791929602623,0.07970200479030609,0.23675262928009033,-0.47304052114486694,-0.36970096826553345,-0.31634339690208435,0.330608606338501,0.09929928928613663,0.02749975025653839,0.2346189320087433,-0.021823879331350327,0.3401208817958832,0.37970101833343506,0.06038379669189453,-0.2636866569519043,-0.27966398000717163,0.48427218198776245,-0.20222651958465576,-0.20650306344032288,0.3064134120941162,-0.122867152094841,-0.16872915625572205,-0.18806321918964386,0.20051229000091553,0.18254150450229645,-0.17902575433254242,-0.1953982412815094,0.05399109050631523,0.550942063331604,-0.2032589465379715,0.36526885628700256,0.25351110100746155,0.0020778807811439037,0.28017956018447876,-0.07792506366968155,0.01781841553747654,0.22899994254112244,0.2101442515850067,0.04178265854716301,-0.4832388460636139,-0.31765493750572205,-0.05500941351056099,0.2685467302799225,0.22883149981498718,0.030785758048295975,0.3052067756652832,-0.06739722937345505,-0.1188281998038292,-0.21654252707958221,0.13848981261253357,0.03672578185796738,-0.16904355585575104,0.05420822650194168,-0.033395491540431976,0.039856597781181335,0.4144611954689026,-0.2043098509311676,0.3914733827114105,0.11802999675273895,-0.2596566677093506,-0.05070044845342636,0.12598536908626556,-0.14670035243034363,-0.2595086693763733,-0.02096555568277836,-0.18523378670215607,0.11761143058538437,0.3447038233280182,0.1203678697347641,0.2263191193342209,-0.029976919293403625,0.14301857352256775,-0.14929834008216858,0.07619435340166092,-0.0332067534327507,0.07938434928655624,-0.0190394576638937,0.4493282735347748,0.02452954649925232,-0.03971686586737633,-0.2355845868587494,-0.17374400794506073,-0.011632823385298252,-0.12406210601329803,0.11690666526556015,-0.2159586250782013,0.29868513345718384,0.0563698410987854,0.1076590046286583,0.19925561547279358,-0.2106815129518509,0.10361792147159576,0.29646095633506775,0.16417454183101654,-0.22949202358722687,0.28954312205314636,-0.02034054696559906,-0.5044184923171997,-0.38142499327659607,-0.01915534771978855,0.25739651918411255,-0.1816774308681488,0.20612645149230957,-0.08128508180379868,0.12627092003822327,0.18921758234500885,-0.11447668075561523,0.3641366958618164,0.21593447029590607,-0.14097343385219574,-0.10237640142440796,-0.15619973838329315,-0.10934791713953018,-0.2376285344362259,-0.1982174664735794,0.1531401425600052,-0.09197114408016205,0.4791116714477539,0.37112170457839966,0.20817144215106964,0.24785511195659637,-0.23971085250377655,0.2352207452058792,-0.17927315831184387,-0.23008064925670624,0.15483799576759338,0.145645409822464,-0.16086652874946594,-0.06963257491588593,-0.1639477014541626,0.28491416573524475,-0.31403979659080505,-0.3527402877807617,-0.30955052375793457,-0.4045017659664154,-0.30244845151901245,0.13187679648399353,0.20598188042640686,0.057800911366939545,0.3699408769607544,0.27322080731391907,-0.12767092883586884,-0.36344462633132935,0.2103365957736969,0.26169031858444214,-0.5684009790420532,0.01737355999648571,-0.3655391335487366,0.05787301063537598,-0.517776608467102,-0.0645543783903122,0.19764721393585205,0.04372796043753624,0.18432383239269257,0.20881304144859314,-0.06913121789693832,-0.5399762988090515,0.01994367316365242,0.24881485104560852,-0.1835169792175293,-0.03769177570939064,-0.3416406810283661,-0.07001011073589325,0.01773005723953247
CID000002215,1540,0.02544136345386505,0.09178200364112854,0.0499793104827404,0.2818029522895813,-0.40048009157180786,0.0995611697435379,0.20373651385307312,0.28177064657211304,0.003053550375625491,0.2800472378730774,0.033777616918087006,0.19791889190673828,0.021127372980117798,0.12585990130901337,-0.044993650168180466,-0.21956244111061096,-0.02385638654232025,-0.1285087615251541,0.05456281825900078,-0.4458799958229065,0.1828395277261734,-0.19191229343414307,0.01723269745707512,-0.7708451151847839,0.20741038024425507,0.05298329517245293,-0.23870904743671417,-0.10180535167455673,-0.042796213179826736,0.22578580677509308,-0.2572098672389984,0.2065083235502243,0.014113372191786766,0.07011964172124863,0.10100443661212921,0.05755730718374252,-0.1647614985704422,0.2487301379442215,0.05624812841415405,-0.2443627417087555,-0.03973431512713432,-0.1594773679971695,0.07099123299121857,-0.27980804443359375,-0.0027443780563771725,0.3236120045185089,0.022914063185453415,0.007315507624298334,0.25632038712501526,-0.05824816972017288,0.23323401808738708,0.4070700705051422,-0.34512078762054443,0.02531198225915432,0.21664083003997803,-0.20462536811828613,-0.09698258340358734,0.10221593081951141,0.11146791279315948,-0.04476813226938248,-0.10934539884328842,-0.10737226158380508,0.09016062319278717,-0.15742099285125732,0.2547103762626648,0.2901628613471985,-0.18747523427009583,-0.06905873864889145,0.2129010260105133,0.1556279957294464,0.08340960741043091,0.2196432650089264,-0.2301815301179886,-0.36949050426483154,-0.27541112899780273,0.035417746752500534,0.20240923762321472,0.10832999646663666,-0.11411038786172867,-0.1674039661884308,0.020860841497778893,-0.3264986574649811,-0.28553205728530884,-0.42365017533302307,0.20547957718372345,-0.2534236013889313,0.13968677818775177,0.03567428141832352,0.2156267613172531,-0.682403564453125,0.018593300133943558,0.41591137647628784,0.0011374711757525802,-0.09695778787136078,0.056349433958530426,-0.3061833381652832,-0.0560951754450798,0.10480723530054092,0.20613165199756622,-0.01504408847540617,-0.10601048171520233,-0.1866803616285324,-0.14972661435604095,0.3080173134803772,0.028305228799581528,0.11581333726644516,0.12262904644012451,-0.009770840406417847,0.39822399616241455,0.03579605370759964,-0.2995045483112335,0.19009335339069366,-0.22248458862304688,-0.002073865383863449,-0.3137730658054352,0.2674723267555237,0.050667762756347656,-0.022010883316397667,-0.1448790729045868,0.0009440541034564376,0.585236668586731,-0.019687935709953308,0.15181732177734375,0.34585046768188477,0.06352473050355911,0.1584351807832718,0.0748077780008316,-0.1575121283531189,0.250008761882782,-0.11022468656301498,-0.09805230051279068,-0.4162968099117279,-0.4263830780982971,0.1381501704454422,0.23292338848114014,0.04691792652010918,-0.08089570701122284,0.17936807870864868,-0.042292822152376175,-0.3064766228199005,-0.06742974370718002,0.07728755474090576,0.05417201668024063,-0.226798415184021,0.01074238121509552,0.18002650141716003,0.012505801394581795,0.2924104332923889,-0.03423427417874336,0.15442825853824615,0.1001160517334938,-0.3253653049468994,-0.20262908935546875,0.1493040770292282,-0.24147959053516388,-0.20755860209465027,-0.04400823637843132,-0.27986612915992737,0.1965065896511078,0.30033978819847107,0.0031426132190972567,-0.08256302773952484,-0.08243975788354874,0.1430719643831253,0.23172993957996368,0.044350139796733856,-0.3658599257469177,0.02386249601840973,0.023026976734399796,0.21450123190879822,0.03158434107899666,-0.2057878077030182,-0.25993937253952026,-0.13690832257270813,0.0041462695226073265,-0.18015938997268677,0.2527772784233093,-0.25241655111312866,0.44446563720703125,-0.41097813844680786,0.053897302597761154,0.004955166485160589,-0.30325061082839966,0.10032261908054352,0.20891311764717102,0.2658511996269226,-0.166879802942276,-0.19227731227874756,0.09046558290719986,-0.33523449301719666,-0.1617635041475296,0.10568444430828094,0.09250713884830475,-0.13601449131965637,0.15739530324935913,-0.17220762372016907,0.1938626915216446,-0.1433514803647995,0.0015154838329181075,-0.019865989685058594,-0.00954822264611721,-0.2746286392211914,-0.022937070578336716,-0.5216352939605713,-0.13350023329257965,-0.15298371016979218,-0.17455598711967468,0.07914996892213821,0.05095813423395157,0.4986066222190857,0.3227713704109192,-0.3115758001804352,0.2608630657196045,0.3468993604183197,0.20403890311717987,-0.06715133786201477,0.09925048798322678,0.1829102337360382,0.027978450059890747,-0.26412832736968994,-0.19057300686836243,-0.05048893764615059,0.038464147597551346,-0.2410096675157547,0.07847290486097336,0.07968873530626297,-0.2658795118331909,-0.015433060005307198,-0.027572309598326683,-0.30254295468330383,-0.14059433341026306,-0.04184577614068985,0.06871698051691055,-0.054607003927230835,0.025135571137070656,-0.007414579391479492,0.29187172651290894,-0.18660004436969757,0.009793967008590698,-0.17583167552947998,0.19529280066490173,-0.5638270378112793,-0.15113350749015808,0.09044504910707474,-0.1622723489999771,-0.11024285852909088,0.11304433643817902,0.0921069085597992,-0.5205449461936951,-0.16793952882289886,0.12901026010513306,0.04904941841959953,-0.0644148737192154,-0.19529244303703308,0.20479623973369598,0.293582946062088
CID006436173,1552,0.19372394680976868,0.15668514370918274,0.2839477062225342,0.6175700426101685,-0.5837944746017456,0.10653360933065414,0.2856568694114685,0.38567230105400085,-0.020294159650802612,0.28202542662620544,-0.07788632810115814,-0.2817515730857849,-0.14595094323158264,0.2636954188346863,-0.19445182383060455,0.12645749747753143,0.11815424263477325,-0.01440651435405016,0.1747753918170929,-0.49909043312072754,-0.1270550936460495,-0.33481985330581665,-0.0804552510380745,-0.8938870429992676,0.06397746503353119,0.20304055511951447,-0.008439484052360058,-0.15138207376003265,-0.05941526219248772,0.20711931586265564,-0.13249275088310242,0.1250685751438141,-0.010972659103572369,0.11676774173974991,0.11631910502910614,0.09369097650051117,0.06745804846286774,0.31102848052978516,0.017775416374206543,-0.2978448271751404,-0.03625428304076195,-0.06146252900362015,0.07051336765289307,-0.0922485813498497,-0.17367926239967346,0.1733156144618988,0.00420476496219635,0.03402424603700638,0.008167256601154804,0.20335905253887177,0.5208674073219299,0.04443388059735298,-0.1659189909696579,-0.17689403891563416,0.0941583663225174,-0.07626567780971527,0.16306959092617035,0.008725350722670555,0.19293853640556335,-0.21395453810691833,-0.13782307505607605,-0.4099341034889221,0.13501529395580292,-0.27057120203971863,0.1704532951116562,0.42048773169517517,-0.3822099566459656,0.006371502764523029,0.23098886013031006,-0.015352899208664894,0.07082061469554901,-0.0005787134286947548,-0.23884043097496033,-0.4235793948173523,-0.27586907148361206,0.10648660361766815,0.2306579351425171,0.03201211616396904,-0.0895589292049408,-0.10401803255081177,0.10961047559976578,-0.38575279712677,-0.33564043045043945,-0.03077172115445137,0.060962188988924026,0.18878892064094543,0.07471977174282074,0.32830581068992615,0.018922388553619385,-0.4040899872779846,-0.0003607042017392814,0.12841551005840302,-0.06478852778673172,-0.11517848074436188,-0.16952842473983765,-0.1250363141298294,0.204014390707016,0.004924383945763111,-0.08978372067213058,0.11053452640771866,-0.0404084287583828,-0.02524152770638466,0.03741258382797241,0.17002536356449127,0.1184597983956337,-0.0683923214673996,0.10118577629327774,-0.1867690235376358,0.2976453900337219,-0.10994134098291397,0.023674199357628822,0.09613090753555298,-0.21960806846618652,-0.3876902759075165,0.10446393489837646,0.2894229292869568,-0.2020839899778366,-0.14988720417022705,-0.03307193145155907,0.1698763072490692,0.7437990307807922,-0.35626596212387085,0.17062053084373474,0.20756098628044128,-0.37085285782814026,0.35640230774879456,0.09399203956127167,-0.1426604986190796,0.12501761317253113,0.10514726489782333,0.18036596477031708,-0.5436591506004333,-0.6074401140213013,0.07936161011457443,0.19668228924274445,0.11162165552377701,0.0523974671959877,0.272720068693161,0.1572316586971283,-0.03681797534227371,-0.14835774898529053,0.13835319876670837,0.19041626155376434,0.1283859759569168,-0.023587791249155998,0.2588702142238617,-0.2324579656124115,0.4573260247707367,0.13512220978736877,0.3134794533252716,0.011601227335631847,-0.3365764617919922,-0.20878858864307404,0.09806550294160843,-0.06919638812541962,-0.09664379805326462,0.09670785814523697,-0.194599911570549,0.04399188607931137,0.04665977507829666,0.05469408631324768,-0.14712117612361908,0.04628458619117737,-0.004090309143066406,-0.22596511244773865,0.15685203671455383,-0.0610458143055439,0.2291926145553589,0.17362405359745026,0.12364324182271957,-0.032733626663684845,0.07906704396009445,-0.166211798787117,-0.023627739399671555,0.16486304998397827,-0.13337352871894836,0.2060793936252594,-0.07916996628046036,0.6513903737068176,-0.08231575042009354,-0.12436962127685547,0.09993286430835724,-0.11002310365438461,-0.05122308060526848,0.016575109213590622,-0.13325858116149902,0.09456800669431686,0.07906384766101837,0.17942968010902405,-0.3764905631542206,-0.10183706134557724,0.22965125739574432,0.07921047508716583,-0.13483399152755737,0.4088062345981598,0.15669099986553192,0.034941062331199646,0.032783620059490204,-0.05663076043128967,-0.11952072381973267,0.031298376619815826,-0.553895115852356,0.004103583283722401,-0.2639843821525574,-0.22337393462657928,-0.0671786442399025,0.14062073826789856,0.017052533105015755,0.08054696023464203,0.49270161986351013,0.33381158113479614,0.12489652633666992,0.33888328075408936,0.023840751498937607,0.15510259568691254,-0.16872064769268036,-0.04356309026479721,0.36959147453308105,0.11596164852380753,0.16594938933849335,-0.18571454286575317,0.0664089247584343,-0.06384650617837906,-0.10519538074731827,0.15728101134300232,-0.07109427452087402,0.29993337392807007,-0.22659340500831604,-0.11601965129375458,0.046035002917051315,-0.11724605411291122,0.09097860753536224,0.2406798154115677,-0.02576291561126709,0.05084064602851868,0.1911124289035797,0.48423057794570923,-0.43072232604026794,0.012528578750789165,-0.18149128556251526,0.16333860158920288,-0.11403198540210724,0.1187715083360672,0.2297474443912506,-0.13822157680988312,0.044314660131931305,-0.03148050978779793,0.0092399837449193,-0.5829457640647888,-0.021590273827314377,0.29051968455314636,-0.2837790846824646,0.31629469990730286,-0.3833858370780945,-0.044523030519485474,0.10641214996576309
CID000051634,1560,0.39800572395324707,-0.21044707298278809,0.21579203009605408,0.5111798048019409,-0.4348074793815613,0.04390143230557442,0.20428618788719177,0.10741688311100006,-0.32098546624183655,0.3370782732963562,0.1276264190673828,0.04299025610089302,-0.10324539989233017,0.09895367920398712,-0.137466162443161,0.14586032927036285,0.02256273664534092,-0.2617226243019104,0.09704339504241943,-0.5000534057617188,0.11047481000423431,-0.20471501350402832,0.06758864223957062,-0.7407294511795044,0.19946010410785675,-0.16124241054058075,-0.03585079312324524,0.02859514392912388,-0.11574512720108032,0.12069723755121231,-0.04803282022476196,0.306945264339447,-0.11024288088083267,0.1779983788728714,0.08288310468196869,-0.2159806191921234,-0.16373029351234436,0.28726112842559814,0.11710651963949203,-0.16337542235851288,-0.17671474814414978,-0.09412907063961029,-0.01906486228108406,-0.23604249954223633,-0.24953702092170715,0.3164590001106262,-0.05486590787768364,0.0794786587357521,0.21167202293872833,0.1252622753381729,0.3868256211280823,-0.07353747636079788,-0.15676966309547424,-0.14842277765274048,0.21490874886512756,-0.38118380308151245,0.07532935589551926,0.17739319801330566,0.06257952004671097,0.19241030514240265,-0.18070222437381744,-0.2998414635658264,0.04326619952917099,-0.20285248756408691,0.016119467094540596,0.1952478438615799,-0.13635113835334778,-0.04790689796209335,0.387728750705719,0.20376285910606384,0.04681803286075592,-0.0699857622385025,-0.29370707273483276,-0.31931427121162415,0.010438889265060425,0.375410795211792,-0.013711279258131981,-0.30323880910873413,-0.0651174783706665,-0.02552017569541931,0.15760628879070282,-0.8370874524116516,-0.2633964717388153,0.0713990330696106,0.1903923600912094,-0.1282152533531189,0.04411947727203369,0.05785908177495003,0.26558971405029297,-0.644450306892395,-0.1535484939813614,0.08856377750635147,-0.06149329990148544,-0.2530335783958435,-0.20413419604301453,-0.1421123445034027,-0.11761318147182465,-0.30685243010520935,0.18785808980464935,0.26462042331695557,-0.013277758844196796,0.13549946248531342,-0.17576971650123596,0.2766844928264618,0.11444125324487686,0.14535662531852722,0.04026588052511215,0.0773724690079689,0.41566982865333557,0.1216283068060875,-0.09321989119052887,0.18647193908691406,-0.030601585283875465,-0.064363993704319,0.19651202857494354,0.167273610830307,-0.20189324021339417,-0.3520410656929016,-0.03502842038869858,0.1685832440853119,0.8203552961349487,-0.14156070351600647,0.16837868094444275,0.03516566753387451,0.054897844791412354,0.01866373047232628,-0.017770126461982727,-0.036610640585422516,-0.054263293743133545,0.13661770522594452,0.2707301378250122,-0.7145969271659851,-0.3882139325141907,0.06931168586015701,0.2584570646286011,0.05506528541445732,-0.2047000378370285,0.2191239297389984,0.11467206478118896,-0.11683712154626846,-0.1426200121641159,-0.03715423122048378,-0.02326386235654354,-0.08429700881242752,-0.03165562078356743,0.027712266892194748,0.03826426342129707,0.517600417137146,-0.07269467413425446,0.010517805814743042,0.0413159616291523,-0.5735641121864319,-0.12275414168834686,0.11000094562768936,-0.17523708939552307,0.014011840336024761,-0.07734529674053192,-0.25486430525779724,0.03882399946451187,0.14991728961467743,0.19041401147842407,-0.07237036526203156,-0.17125773429870605,-0.09714768826961517,0.256329208612442,0.442800909280777,-0.04927145317196846,0.33431392908096313,-0.010040605440735817,0.24739006161689758,0.05575083941221237,-0.18690922856330872,-0.054095517843961716,-0.20786595344543457,0.05809558555483818,-0.0076019493862986565,0.1940823793411255,-0.08299253135919571,0.5207376480102539,-0.041892629116773605,0.08148179203271866,0.007002067752182484,-0.13907578587532043,-0.26202258467674255,0.19324138760566711,0.1339745819568634,0.033035289496183395,-0.2795957922935486,-0.16504628956317902,-0.0727224200963974,-0.1638687402009964,0.12023703753948212,0.3784728944301605,-0.15238270163536072,0.017651725560426712,0.03856092691421509,0.15926893055438995,0.0278368778526783,0.11235950142145157,0.05101650208234787,-0.12289611250162125,-0.3375719487667084,0.24923351407051086,-0.11104464530944824,0.14966025948524475,0.29943522810935974,-0.20331254601478577,0.16443650424480438,0.09442049264907837,0.43058285117149353,0.31243202090263367,0.07903770357370377,0.34013983607292175,0.24179807305335999,0.10862209647893906,-0.1724962741136551,0.13977724313735962,0.3786679208278656,-0.1298585683107376,0.39608585834503174,0.13089220225811005,0.3091805577278137,-0.06774014234542847,-0.22364762425422668,-0.06539677828550339,-0.2813705503940582,-0.34970322251319885,0.08315955102443695,0.07480465620756149,0.17647571861743927,0.07143930345773697,0.24400289356708527,0.15167637169361115,-0.10110284388065338,0.05379185825586319,0.004771494772285223,0.6720746159553528,-0.2755506634712219,-0.05325639247894287,-0.2671424150466919,0.2354106456041336,-0.5282176733016968,0.09477195143699646,0.4003986418247223,-0.18425478041172028,0.08336643129587173,0.059979669749736786,0.0904664397239685,-0.8490232229232788,-0.21445226669311523,0.171269491314888,-0.3263232111930847,0.04960789158940315,-0.03848639875650406,-0.0904494896531105,-0.045626528561115265
CID000004739,1575,0.0704612284898758,-0.05121102184057236,0.11914952099323273,0.7241050601005554,-0.39254030585289,0.1664017140865326,0.07772816717624664,0.20422852039337158,0.1400754451751709,0.2932191491127014,-0.25509124994277954,-0.34828776121139526,0.15428541600704193,0.09705720096826553,-0.09327017515897751,0.10648427158594131,0.03009202517569065,-0.14239084720611572,-0.18069906532764435,-0.44102755188941956,-0.02268606796860695,-0.48773637413978577,0.24243684113025665,-0.8335819244384766,-0.3276333212852478,0.03759927302598953,-0.1493724286556244,-0.05005234479904175,-0.04290533810853958,0.018712814897298813,-0.1637304127216339,0.11980073153972626,0.21617504954338074,-0.2873956561088562,-0.04760279506444931,0.15660685300827026,0.1577037274837494,0.2242402732372284,-0.12015517055988312,-0.3720487952232361,-0.1715497076511383,0.13083559274673462,0.03199460357427597,-0.035948801785707474,-0.06901215761899948,0.33429378271102905,-0.16101384162902832,-0.0640992820262909,0.09303636848926544,0.16174590587615967,0.39504316449165344,-0.20726314187049866,-0.5002223253250122,0.10926929861307144,-0.06922904402017593,0.037934981286525726,-0.06205586716532707,0.0945703536272049,0.38806620240211487,0.16402718424797058,0.02049311436712742,-0.26874130964279175,-0.22646689414978027,0.030781304463744164,0.192521870136261,0.23845016956329346,-0.1659872829914093,-0.11370021104812622,0.07279418408870697,-0.006203779485076666,-0.04843923822045326,-0.004353964235633612,-0.22183342278003693,-0.31755927205085754,-0.2483096569776535,0.03771048039197922,0.10911985486745834,-0.027482975274324417,-0.06889836490154266,0.008549320511519909,0.3108227252960205,-0.24991604685783386,-0.20675376057624817,-0.2829219698905945,0.1562352478504181,0.09372051805257797,-0.04257836192846298,-0.06021685153245926,0.34408265352249146,-0.5781368017196655,-0.016739442944526672,0.1771511733531952,-0.16332852840423584,0.12743628025054932,-0.02662370167672634,-0.16727878153324127,0.13172075152397156,-0.22501568496227264,0.3855251669883728,-0.059699226170778275,0.17182615399360657,-0.15394626557826996,-0.10772683471441269,0.12948480248451233,0.1559370756149292,0.01234744768589735,0.1293220818042755,-0.10615824162960052,0.5642452836036682,-0.08051463216543198,0.1919969767332077,0.14025628566741943,0.03091728687286377,-0.33846086263656616,-0.016628121957182884,0.28526896238327026,-0.0013204396236687899,0.25913649797439575,-0.06966577470302582,0.3143925070762634,0.7673346996307373,-0.21223339438438416,0.1525740921497345,0.3452683091163635,-0.0464441254734993,0.16155996918678284,0.1278858482837677,0.097681924700737,0.031116506084799767,0.19029474258422852,0.15667378902435303,-0.5436321496963501,-0.5535809993743896,0.28614532947540283,0.3065085709095001,0.23570089042186737,0.3073003888130188,0.2832501530647278,0.23067188262939453,-0.023672018200159073,-0.13032427430152893,0.09874066710472107,0.11013095080852509,0.0848274976015091,-0.02853786014020443,-0.15612554550170898,0.05597652122378349,0.45473432540893555,0.0763169601559639,0.4516948163509369,0.2533339858055115,-0.6281059980392456,0.2009691447019577,-0.00012554526620078832,-0.21415062248706818,-0.04418596252799034,-0.024136578664183617,-0.03311636298894882,0.1379525363445282,0.11452081054449081,-0.36046743392944336,0.3237597644329071,-0.030298039317131042,0.23992948234081268,-0.13834106922149658,0.19191709160804749,-0.32921096682548523,0.0898483395576477,-0.13277667760849,0.002479082439094782,0.11210737377405167,0.023509729653596878,-0.3344893157482147,-0.29493966698646545,0.19781136512756348,-0.06233156844973564,0.24783959984779358,-0.08840735256671906,0.7916144132614136,0.21028053760528564,-0.37547969818115234,0.1665511429309845,-0.07968701422214508,0.062468837946653366,0.1554340273141861,0.045604683458805084,-0.10069826990365982,-0.07693464308977127,0.006935521960258484,-0.3579193353652954,0.23944953083992004,-0.028900887817144394,-0.11875472962856293,-0.3643780052661896,0.11076585203409195,-0.16669222712516785,0.05042014271020889,-0.02427048422396183,0.12160208076238632,-0.06704241037368774,-0.04908538982272148,-0.24064970016479492,-0.016087006777524948,-0.35291892290115356,-0.06530172377824783,-0.13701584935188293,0.03647736459970474,-0.1488824486732483,-0.09473542869091034,0.5450905561447144,0.23258352279663086,-0.2765210270881653,0.24758005142211914,0.0020608664490282536,-0.027378559112548828,-0.04640932008624077,0.5067093968391418,0.36842626333236694,0.006175583694130182,-0.16529043018817902,-0.16455760598182678,-0.13185767829418182,-0.03818482160568237,-0.0652521401643753,0.14648278057575226,-0.11596702039241791,-0.3069673180580139,0.023472772911190987,0.08438616991043091,-0.025299370288848877,0.08786328136920929,0.08225421607494354,0.2556536793708801,-0.06726430356502533,0.10390253365039825,0.10374189913272858,0.5468806624412537,-0.3693992495536804,0.0960276871919632,-0.24609096348285675,-0.03404863923788071,-0.3068011701107025,0.022866109386086464,0.02222161367535591,-0.21080918610095978,-0.3014843463897705,-0.04402190446853638,-0.049375418573617935,-0.6888805627822876,-0.04610971733927727,0.060084037482738495,0.009182488545775414,-0.024934452027082443,-0.2089880406856537,0.06481757014989853,-0.02313290908932686
CID000002610,1579,1.063403844833374,0.274257093667984,-0.04930221289396286,0.3623727262020111,-0.45505276322364807,0.6595868468284607,-0.034982047975063324,0.18953874707221985,-0.09216050803661346,0.32558268308639526,-0.10706505924463272,0.032738588750362396,0.002683836268261075,-0.012835043482482433,-0.10795273631811142,0.19148993492126465,0.0700593888759613,-0.6051403284072876,0.04316652566194534,-0.4906584620475769,0.023326903581619263,0.06199604272842407,-0.16247150301933289,-0.9232195019721985,-0.3219892680644989,-0.09599809348583221,-0.38611143827438354,0.042461443692445755,-0.06705815345048904,0.2157316654920578,-0.08954619616270065,0.4427953362464905,-0.05487876385450363,0.02860577404499054,0.2843020558357239,-0.04365464299917221,0.37652045488357544,0.04969369247555733,0.07871907204389572,0.0768449679017067,-0.22465713322162628,0.03246151655912399,0.3865307569503784,-0.3240775763988495,0.0032905414700508118,0.22933454811573029,-0.03718588128685951,0.017198797315359116,0.11193232238292694,1.0328935384750366,0.4365100860595703,0.05770739167928696,0.05904257297515869,0.0012263227254152298,0.0727141946554184,-0.51202791929245,0.11973293125629425,0.09580554068088531,0.22479793429374695,-0.01077837124466896,-0.15406444668769836,-0.3019081950187683,-0.020763013511896133,-0.04696926474571228,0.09876435995101929,0.7949671149253845,-0.05129080265760422,-0.2624228894710541,0.2184394896030426,0.18165595829486847,-0.05390572547912598,0.0796489492058754,-0.26739996671676636,-0.1904969960451126,-0.047980137169361115,0.6196157336235046,-0.09553901851177216,-0.08334363996982574,-0.03851737827062607,0.04158904030919075,-0.016327183693647385,-0.40259355306625366,-0.31166329979896545,0.16582220792770386,0.14277243614196777,-0.2033388316631317,0.28051748871803284,-0.08182118833065033,-0.23989799618721008,-0.9788058996200562,-0.08324481546878815,0.5108803510665894,-0.12235337495803833,-0.15956996381282806,0.08475887030363083,-0.1698363572359085,0.13853368163108826,0.045158255845308304,0.03261394426226616,0.5851656198501587,0.06255359947681427,0.06339775770902634,0.013730630278587341,0.35550594329833984,-0.5760961771011353,0.055029191076755524,0.11639302968978882,-0.05482076480984688,0.36182278394699097,0.1974652111530304,-0.07779881358146667,0.09209879487752914,0.006946978159248829,-0.18774595856666565,0.1519426852464676,0.07202821224927902,-0.3950878083705902,-0.18368563055992126,-0.14194335043430328,-0.16248652338981628,0.962579607963562,-0.23172274231910706,0.00949192512780428,0.05096649378538132,-0.19768406450748444,0.14303381741046906,-0.008048932999372482,-0.1731506735086441,-0.0895363837480545,-0.28660154342651367,-0.1594397872686386,-0.6457034945487976,-0.45143499970436096,0.6627783179283142,0.09813001751899719,0.10518201440572739,0.06619046628475189,0.031080100685358047,0.13992634415626526,-0.6237194538116455,-0.31609636545181274,-0.0017084419960156083,0.08793429285287857,0.16928620636463165,-0.0710471048951149,0.09552169591188431,-0.17100104689598083,0.77142333984375,0.013924634084105492,-0.0009691254235804081,-0.01665853150188923,-0.4223994314670563,0.33313506841659546,0.2330157458782196,-0.30376482009887695,-0.23676066100597382,0.08098825067281723,-0.22353634238243103,0.06675095856189728,0.32168105244636536,0.21508197486400604,0.09683088958263397,-0.1773304045200348,-0.01395442895591259,-0.35826683044433594,-0.1714472770690918,-0.4529680609703064,0.1314602792263031,-0.24462881684303284,0.18516267836093903,0.22578680515289307,-0.29304182529449463,-0.38305115699768066,-0.16610725224018097,-0.058983515948057175,-0.12598472833633423,-0.054045189172029495,0.036348383873701096,0.7890588641166687,-0.2422625571489334,-0.20682069659233093,-0.10253171622753143,-0.28055790066719055,-0.36465394496917725,0.24432441592216492,0.2187899351119995,-0.5913336873054504,0.09437517821788788,0.13331380486488342,-0.4012354016304016,-0.19158302247524261,0.15434429049491882,0.10123404115438461,-0.22715678811073303,-0.003690944518893957,-0.532660186290741,0.38447514176368713,-0.31516775488853455,0.03250559791922569,0.06587699800729752,0.01689571514725685,-0.22003960609436035,1.5140860080718994,-0.8126987218856812,-0.026002949103713036,0.13063202798366547,0.019030872732400894,0.05744587630033493,0.6839028596878052,0.4327406883239746,0.41288408637046814,0.266367107629776,-0.29950031638145447,0.2549133002758026,0.06154758483171463,-0.6559983491897583,-0.021223345771431923,-0.011043014004826546,-0.20610347390174866,-0.18946263194084167,0.0113064618781209,-0.020730867981910706,-0.2661679983139038,-0.25929856300354004,-0.03970560431480408,0.053157709538936615,0.06328542530536652,0.06317480653524399,-0.03184851258993149,0.1353825032711029,-0.223608136177063,0.20035704970359802,-0.25578969717025757,0.1564759910106659,0.005810698959976435,-0.06682024896144867,0.8398952484130859,-0.6185680627822876,0.039492424577474594,-0.04421115666627884,0.09861838817596436,-0.5799688100814819,0.12375615537166595,0.12298417091369629,-0.5828443765640259,0.061055757105350494,0.1624368131160736,0.5125740766525269,-0.7111276984214783,-0.17460986971855164,0.11892535537481308,-0.17978358268737793,0.2343391627073288,-0.15221866965293884,0.17993192374706268,0.055181413888931274
CID000004727,1622,0.25124114751815796,0.050358306616544724,0.20054063200950623,0.38721513748168945,-0.6186021566390991,0.10308825969696045,0.3402861952781677,0.13055381178855896,-0.22495730221271515,0.4711945056915283,-0.19339647889137268,-0.05701981857419014,-0.00686472374945879,0.05263442546129227,0.01838216558098793,-0.03150668740272522,0.20264892280101776,-0.10938020050525665,-0.10034094750881195,-0.5073521733283997,0.09117495268583298,-0.08616305142641068,-0.10359235852956772,-0.5879129767417908,-0.3418816030025482,0.07702159136533737,-0.0826108306646347,-0.26295188069343567,-0.1545780897140503,0.127206951379776,-0.027083564549684525,0.21427293121814728,0.27386146783828735,-0.021484553813934326,0.0314912423491478,0.0313233807682991,-0.08083145320415497,0.27248290181159973,0.13605955243110657,0.22695986926555634,-0.01472319383174181,-0.030825961381196976,-0.14035873115062714,-0.19934330880641937,0.052669040858745575,0.46418753266334534,0.02583504281938076,-0.03435685485601425,0.055467523634433746,0.3188093900680542,0.4049781262874603,-0.014822026714682579,-0.21717366576194763,0.01122486311942339,-0.1371920108795166,0.01606220379471779,0.26794344186782837,0.3155098855495453,0.11049385368824005,-0.03494405746459961,-0.2507116198539734,-0.33551985025405884,0.28377288579940796,-0.12646126747131348,-0.1072782650589943,0.3387426733970642,-0.2952299118041992,-0.31834396719932556,0.24049970507621765,0.02900419570505619,-0.154415100812912,-0.2515437602996826,-0.40244239568710327,-0.35282760858535767,-0.1273106336593628,0.4414495527744293,0.1672351360321045,-0.17460386455059052,-0.12456351518630981,-0.1380496323108673,0.15582726895809174,-0.8882115483283997,-0.444232702255249,0.18269841372966766,-0.1701200306415558,-0.35264852643013,0.2825223505496979,-0.055245257914066315,0.07750723510980606,-0.7658073902130127,-0.04185595363378525,0.05881034582853317,0.1726970672607422,0.037213586270809174,0.1636684238910675,-0.20794054865837097,-0.5232647657394409,-0.4972597658634186,-0.17097601294517517,0.16962914168834686,-0.04388447478413582,-0.008236318826675415,0.087884321808815,0.14235487580299377,-0.02967258170247078,0.20117612183094025,-0.19573654234409332,-0.22037258744239807,0.5623529553413391,-0.014715534634888172,0.01644282042980194,0.12383564561605453,0.1348976343870163,-0.18729367852210999,0.15618804097175598,0.2138443887233734,0.04579989239573479,-0.2345929592847824,-0.04950942471623421,0.01853313483297825,0.7638946771621704,0.061181969940662384,0.12145175039768219,-0.09968921542167664,0.13412289321422577,-0.027753155678510666,0.08040452003479004,0.1592910885810852,0.013739204034209251,-0.1532289683818817,0.22115984559059143,-0.6685589551925659,-0.4654307961463928,0.208580881357193,0.011308709159493446,-0.1066071018576622,-0.029815632849931717,0.40075498819351196,0.10242491960525513,-0.27880018949508667,-0.18390007317066193,0.19238924980163574,0.1456516534090042,-0.12312064319849014,0.0034362361766397953,-0.07237989455461502,0.08487331867218018,0.5841274857521057,0.0047999233938753605,0.048233598470687866,-0.010852368548512459,-0.5843411684036255,0.24517831206321716,-0.05826055258512497,-0.27971479296684265,-0.24692077934741974,-0.04819505289196968,-0.07733693718910217,0.039225395768880844,0.02570919133722782,-0.169295534491539,0.10255677998065948,-0.13385698199272156,0.06931412220001221,0.08603359758853912,0.006292074918746948,-0.2129734307527542,0.384645015001297,0.24431559443473816,0.120427206158638,0.1589614599943161,-0.08360163867473602,0.12736709415912628,-0.24301323294639587,0.18478745222091675,-0.18760022521018982,0.23029430210590363,-0.1596575528383255,0.3574907183647156,-0.035350967198610306,0.045938342809677124,0.13072454929351807,0.0050740004517138,-0.0773528516292572,0.12008823454380035,0.11764667928218842,-0.12634174525737762,-0.01952221803367138,-0.16341695189476013,-0.22845908999443054,-0.2949797809123993,0.26932623982429504,0.3157595992088318,-0.268439918756485,0.23260681331157684,-0.27080103754997253,0.11439770460128784,0.11152768135070801,0.30536070466041565,0.13300691545009613,-0.1731220781803131,-0.3480697274208069,0.28519579768180847,-0.12042434513568878,-0.0649484172463417,-0.037281811237335205,-0.27189552783966064,0.13560163974761963,0.15546710789203644,0.38927188515663147,0.25877824425697327,0.07093499600887299,0.13326305150985718,0.4070793688297272,-0.14520347118377686,-0.3235328495502472,0.09846694022417068,0.40506497025489807,0.12325023114681244,0.2903207242488861,-0.009797481819987297,-0.21670183539390564,-0.008114494383335114,-0.32551270723342896,-0.3836629390716553,-0.26120826601982117,0.09047295898199081,-0.005727306008338928,-0.18332192301750183,-0.012908607721328735,0.047964200377464294,0.1671680361032486,0.2707851529121399,0.047938309609889984,-0.19485391676425934,0.2846255898475647,0.4375890791416168,-0.3866063952445984,-0.1401415765285492,-0.15461425483226776,-0.056556832045316696,-0.4591258466243744,0.3792649805545807,0.33785074949264526,0.026378963142633438,0.0676189512014389,0.14042790234088898,0.3754905164241791,-0.8942726850509644,-0.4459509253501892,0.04756494611501694,-0.31833529472351074,-0.11194998025894165,-0.17690205574035645,-0.19968053698539734,0.015989970415830612
CID000003637,1656,0.4869512617588043,-0.16543814539909363,0.11915099620819092,0.6070535182952881,-0.38899391889572144,0.21360301971435547,-0.009938421659171581,0.18470299243927002,-0.2554880380630493,0.20184588432312012,0.02281012013554573,-0.5959998369216919,-0.06183391064405441,0.35277825593948364,0.09230495989322662,0.15746648609638214,-0.23571059107780457,0.054851461201906204,-0.4584798812866211,-0.6368649005889893,0.2281017005443573,-0.18291305005550385,-0.0035226941108703613,-0.9013931155204773,0.03238668292760849,-0.01765737310051918,0.09916913509368896,-0.21090981364250183,-0.13382486999034882,0.15087100863456726,0.08750765025615692,0.1306961178779602,-0.3045264780521393,0.07067911326885223,-0.18858857452869415,0.1674690842628479,-0.27689504623413086,0.4609123170375824,-0.07384948432445526,0.11692722886800766,0.0662018433213234,-0.20884127914905548,-0.2542472779750824,0.06410764157772064,0.1640765368938446,-2.854466401913669e-05,0.11085166782140732,0.15020668506622314,0.16188333928585052,-0.13429073989391327,0.4879467487335205,0.0918629840016365,0.038000740110874176,0.23536792397499084,-0.15951892733573914,-0.04518979787826538,0.12567481398582458,-0.010043062269687653,0.7223939895629883,0.028842169791460037,-0.24998247623443604,-0.2293735295534134,0.05954646319150925,-0.01539427600800991,-0.1886473298072815,0.5039651989936829,-0.1197795420885086,0.06561023741960526,0.2279997617006302,0.05402814596891403,-0.162418931722641,-0.2942884564399719,-0.03632153570652008,-0.06125832349061966,-0.34982141852378845,0.39853963255882263,0.2397199124097824,-0.14972500503063202,-0.28808969259262085,-0.13865713775157928,0.459265798330307,-0.5384660363197327,-0.44383057951927185,-0.15648771822452545,0.07587584108114243,-0.11653348058462143,0.4587547183036804,0.009578767232596874,-0.0657276064157486,-0.7985446453094482,-0.5585430860519409,0.2498389035463333,0.23656535148620605,0.39660581946372986,0.21653875708580017,-0.25365811586380005,-0.13142526149749756,-0.1418427675962448,0.20754548907279968,0.5630425214767456,0.23067152500152588,0.16159814596176147,-0.023647073656320572,0.27858594059944153,-0.03632635623216629,-0.03510599583387375,-0.11013344675302505,-0.17413046956062317,0.6615805625915527,0.5080477595329285,-0.05208582431077957,0.29347431659698486,0.134088397026062,0.013175773434340954,0.08075626194477081,0.1722174435853958,-0.15757396817207336,-0.11537770926952362,0.06861456483602524,-0.0009834885131567717,0.946225643157959,0.09233660995960236,0.12235230207443237,-0.09320554882287979,-0.5101473927497864,0.21811255812644958,-0.18083932995796204,-0.2965579330921173,0.4204234182834625,0.17252185940742493,0.24024620652198792,-0.7681442499160767,-0.3212825655937195,-0.010993647389113903,0.12961387634277344,-0.16014094650745392,-0.03856464847922325,0.26469936966896057,0.03164907172322273,-0.1966302990913391,-0.17326068878173828,0.428682804107666,-0.3044409453868866,-0.05978476256132126,-0.10008575767278671,0.2778231203556061,0.5020906925201416,0.5999457836151123,-0.06574565917253494,-0.06534646451473236,-0.2356329709291458,-0.5528632402420044,-0.007342390716075897,0.1757480949163437,-0.09546355903148651,-0.11638809740543365,0.12170568853616714,-0.29711875319480896,0.0639236643910408,-0.08279936015605927,0.15388897061347961,0.028069639578461647,0.23216143250465393,0.08605853468179703,0.24739058315753937,0.015707561746239662,-0.1342417299747467,0.11240508407354355,0.1646873652935028,0.07448412477970123,-0.45078030228614807,-0.16746774315834045,-0.07167653739452362,-0.05060962587594986,0.2583901286125183,0.029923537746071815,0.010530300438404083,-0.3497388958930969,0.8457680940628052,-0.02386453188955784,-0.0027114092372357845,0.2131761610507965,-0.06625442951917648,0.19354483485221863,0.5859826803207397,-0.1372305452823639,-0.5627498030662537,-0.09014113247394562,0.04734214395284653,-0.37189942598342896,-0.3649034798145294,-0.10691144317388535,0.004986853804439306,-0.4965498447418213,0.08308622241020203,-0.1750146597623825,0.3915431499481201,0.0627623200416565,-0.16899165511131287,0.267683207988739,-0.647903323173523,-0.14796490967273712,0.07692743837833405,-0.2475450485944748,-0.25859174132347107,-0.09356645494699478,-0.09732801467180252,0.09333118051290512,-0.16148154437541962,0.5053772330284119,0.532776415348053,-0.24042761325836182,0.011559227481484413,0.36175429821014404,-0.04749190807342529,-0.8685282468795776,0.06391315162181854,0.41945570707321167,-0.25895988941192627,0.01504446566104889,0.2596208453178406,-0.44108882546424866,0.12759153544902802,-0.27511245012283325,-0.1288466900587082,-0.2111538201570511,-0.2080492228269577,-0.15917904675006866,0.20424993336200714,0.21853956580162048,0.13465319573879242,0.016558004543185234,0.10378436744213104,-0.01005516480654478,0.11031980812549591,0.1496061086654663,0.6764835119247437,-0.3443373739719391,0.17727816104888916,-0.28605762124061584,-0.06502093374729156,-0.8900235891342163,0.05036919191479683,0.3928760588169098,0.003721198532730341,-0.07133505493402481,-0.14451277256011963,0.2619752287864685,-0.9392375946044922,-0.5326237082481384,0.002417942974716425,0.027400994673371315,0.44581523537635803,-0.5661493539810181,-0.20658063888549805,0.2902138829231262
CID000004745,1679,0.29925060272216797,-0.28208786249160767,0.1772349774837494,0.6901723742485046,-0.1830599009990692,0.2204774171113968,-0.05455119162797928,0.29519733786582947,0.21124109625816345,-0.08145986497402191,-0.3752236068248749,0.13034047186374664,-0.45823606848716736,0.27206382155418396,-0.023578863590955734,0.23969879746437073,0.0064558712765574455,-0.23329778015613556,0.0702148824930191,-0.7026172280311584,-0.10077494382858276,-0.32573413848876953,-0.35331475734710693,-1.062187671661377,0.08347534388303757,0.21448560059070587,0.09843085706233978,-0.1684645414352417,0.030678609386086464,0.28545624017715454,-0.10724148899316788,0.13263778388500214,-0.5394198298454285,0.14096710085868835,0.018045710399746895,-0.3007128834724426,0.13881978392601013,0.05574801564216614,-0.019435351714491844,-0.16176721453666687,0.11107249557971954,-0.24428841471672058,-0.278838574886322,-0.5046927332878113,-0.18401406705379486,0.27145248651504517,0.20387089252471924,0.0904325544834137,0.06730873882770538,0.07473821192979813,0.6829306483268738,-0.39188432693481445,0.08999782055616379,-0.17662116885185242,0.04706381633877754,0.00035890043363906443,0.3897712528705597,0.3421204686164856,0.5149326324462891,-0.029547352343797684,-0.5004177093505859,-0.38756534457206726,-0.2976197898387909,-0.2439156025648117,-0.18264226615428925,0.7453721761703491,-0.4277941584587097,0.17869886755943298,-0.10570929199457169,-0.0436348021030426,-0.23804354667663574,0.051288772374391556,-0.3059086203575134,-0.224556565284729,-0.11430831253528595,0.372643381357193,0.09898965060710907,0.06026516109704971,-0.010857655666768551,-0.15710516273975372,0.8813577890396118,-0.47804856300354004,-0.4247468411922455,-0.29666751623153687,0.24764375388622284,-0.23688581585884094,0.07579916715621948,0.8359689712524414,-0.15638220310211182,-0.9820834398269653,0.2702746093273163,0.047663625329732895,-0.21759769320487976,0.17316095530986786,0.45081549882888794,-0.6109023094177246,0.3765953779220581,0.13879385590553284,-0.08078914880752563,0.1458493322134018,0.34962180256843567,-0.1903519183397293,-0.13752366602420807,0.4561098515987396,-0.6456066370010376,-0.005399161484092474,-0.11612770706415176,-0.13114336133003235,0.7415726184844971,0.5513938069343567,0.03956974297761917,0.20678016543388367,0.12898261845111847,-0.09122361242771149,-0.24055173993110657,0.3059205114841461,0.06312061101198196,-0.16462689638137817,0.17951954901218414,-0.22001072764396667,0.6904443502426147,-0.6412375569343567,0.3805112838745117,0.15124814212322235,-0.32917168736457825,0.058637380599975586,-0.13362184166908264,-0.07421711832284927,0.45427384972572327,0.2550559937953949,0.16209545731544495,-0.5293225049972534,-0.2562175691127777,-0.3289145827293396,0.05127526447176933,0.26101920008659363,0.22832021117210388,0.04417988657951355,0.37558451294898987,-0.9476264715194702,-0.21058769524097443,0.10300616174936295,0.08682496845722198,0.16970551013946533,0.014363782480359077,-0.012254605069756508,-0.1891515851020813,0.7382760643959045,-0.08375909179449081,0.5449430346488953,-0.32424396276474,-0.5098420977592468,-0.23060345649719238,-0.043940477073192596,0.10996462404727936,-0.3585270643234253,-0.05771994590759277,-0.19631803035736084,-0.017438257113099098,0.1619809865951538,0.5610186457633972,0.05201888829469681,-0.2427918165922165,-0.14423756301403046,-0.29812318086624146,-0.012556123547255993,-0.36164233088493347,-0.08572395145893097,-0.0640057697892189,0.384372740983963,-0.18379922211170197,-0.6054217219352722,-0.11296973377466202,0.025144856423139572,0.13422980904579163,0.024991095066070557,-0.18876637518405914,-0.30678635835647583,0.7223105430603027,0.3196154236793518,-0.30688613653182983,-0.20026186108589172,-0.38813087344169617,-0.025019541382789612,0.21090742945671082,0.16038215160369873,-0.6435856223106384,-0.02633908949792385,0.28336697816848755,-0.28322190046310425,0.06458721309900284,0.20277664065361023,0.05031854659318924,-0.37210196256637573,0.23650257289409637,0.019431693479418755,-0.30030256509780884,0.037508003413677216,0.5043848752975464,0.0774344876408577,-0.0581706240773201,-0.24653592705726624,0.2445865422487259,-0.15723970532417297,-0.09176872670650482,-0.07299365848302841,0.12857544422149658,0.19427384436130524,0.19186480343341827,0.6624404191970825,0.3537079691886902,-0.23746056854724884,0.2090764045715332,0.13819850981235504,0.15173707902431488,-0.18071249127388,0.10331034660339355,0.49911394715309143,0.48668089509010315,0.5481709241867065,-0.20311899483203888,0.025645852088928223,0.38137945532798767,-0.5352362990379333,0.06665399670600891,0.19193843007087708,0.15508127212524414,-0.5177678465843201,0.1809396594762802,-0.16324858367443085,-0.17279675602912903,0.31507956981658936,-0.0367550365626812,0.18955907225608826,-0.1957978904247284,0.29484257102012634,0.5386276245117188,-0.12956222891807556,0.04543954133987427,-0.10833020508289337,-0.16449525952339172,-0.9329991340637207,-0.27343666553497314,0.19110117852687836,0.11038832366466522,0.21028509736061096,-0.20993533730506897,0.25486359000205994,-0.8131610155105591,-0.19431431591510773,0.4853317141532898,0.07344184815883636,0.3317292034626007,-0.13461749255657196,0.013256272301077843,-0.032189786434173584
CID004659568,1680,-0.004643973894417286,0.03130122274160385,0.030439456924796104,0.3711480498313904,-0.3092222809791565,-0.09194640815258026,0.030280619859695435,0.2044067680835724,0.19657954573631287,0.24971556663513184,0.3053482472896576,0.06279519945383072,0.052366964519023895,0.014178356155753136,-0.13740196824073792,0.04140247777104378,-0.11358661949634552,-0.1673087477684021,-0.034680288285017014,-0.6111918091773987,0.10137063264846802,-0.33142441511154175,-0.056735385209321976,-0.9139976501464844,-0.07081795483827591,0.19586186110973358,-0.11773699522018433,-0.08497842401266098,0.014268746599555016,0.22600767016410828,-0.30710524320602417,0.13497373461723328,-0.0794515460729599,-0.07665231078863144,-0.009513220749795437,-0.05056513100862503,0.04877018928527832,0.3031831979751587,0.035073958337306976,-0.13492059707641602,0.012916525825858116,-0.11483397334814072,0.013420549221336842,-0.25133568048477173,-0.1471746861934662,0.3697951138019562,0.0480450764298439,0.03181041032075882,0.036011822521686554,0.09506968408823013,0.32204678654670715,-0.12907028198242188,-0.2854739725589752,0.056615959852933884,0.0758429765701294,-0.1823820322751999,0.07111352682113647,-0.016498401761054993,0.021379655227065086,0.08252130448818207,-0.15191057324409485,-0.11955098062753677,0.010085279121994972,-0.1340269148349762,0.3045726418495178,0.29941874742507935,-0.10669604688882828,-0.08532579988241196,0.08725622296333313,0.10164673626422882,0.25370511412620544,-0.15813270211219788,-0.3555697798728943,-0.42490673065185547,-0.09372837841510773,0.26978275179862976,0.1804361641407013,0.054975587874650955,-0.05720343068242073,-4.234314110362902e-05,0.3772270679473877,-0.3566115200519562,-0.22019866108894348,-0.2764945924282074,0.06647621095180511,-0.2680312395095825,0.2425346076488495,-0.027691056951880455,0.11241748183965683,-0.6879434585571289,0.13822641968727112,0.504672646522522,0.0952872782945633,-0.048282064497470856,0.10781025886535645,-0.21121478080749512,-0.14262478053569794,-0.021054912358522415,0.1182260513305664,0.018411431461572647,-0.18964500725269318,-0.017550837248563766,-0.010075925849378109,0.2929447591304779,0.09230110794305801,-0.025008121505379677,0.29152995347976685,0.1370592564344406,0.6610943078994751,-0.04095747321844101,-0.16464300453662872,0.18086402118206024,0.03810697793960571,-0.03917007893323898,0.002866774797439575,0.22255870699882507,-0.08352742344141006,0.01160390954464674,-0.21309438347816467,0.22060617804527283,0.6046795845031738,-0.223934143781662,0.45074567198753357,0.1487058699131012,0.12785258889198303,0.114762082695961,0.003264038357883692,-0.04377184808254242,0.14998391270637512,-0.02656310796737671,0.08409170806407928,-0.44062677025794983,-0.3261837363243103,0.05096261575818062,0.16281889379024506,0.01623976230621338,0.1856066882610321,0.24139884114265442,-0.20433655381202698,-0.3289005160331726,-0.07951988279819489,-0.019416745752096176,0.10708127170801163,-0.06963999569416046,0.09600658714771271,0.14753107726573944,0.03713573142886162,0.3911390006542206,0.0020392618607729673,0.22194311022758484,0.22437405586242676,-0.3372458815574646,0.02163081243634224,0.10776734352111816,-0.261245459318161,-0.04066479951143265,-0.030099038034677505,-0.26017141342163086,0.10423485934734344,0.19321578741073608,0.2632518410682678,0.14451895654201508,-0.13010486960411072,0.08809460699558258,-0.06451821327209473,-0.08480362594127655,-0.12568987905979156,-0.19001993536949158,-0.11959667503833771,0.23016953468322754,0.007116577588021755,-0.18853464722633362,-0.20291590690612793,-0.4895265996456146,0.06860549747943878,-0.2131686508655548,0.1293337047100067,-0.15198436379432678,0.39751338958740234,-0.01444772444665432,0.14129534363746643,0.16358855366706848,-0.23019397258758545,-0.004049462731927633,0.13794369995594025,0.10069523751735687,-0.22932128608226776,-0.10455276817083359,-0.07168050855398178,-0.3727191984653473,-0.10822530835866928,-0.05627211183309555,0.07303895801305771,-0.09037661552429199,0.025327738374471664,-0.0038555203936994076,0.005913916043937206,-0.2522304654121399,-0.08414918184280396,0.16623452305793762,0.038785260170698166,-0.26113584637641907,0.1591184288263321,-0.3043215870857239,-0.18049782514572144,-0.13380752503871918,0.022741002961993217,0.01693889871239662,-0.08510006964206696,0.505884051322937,0.23646382987499237,-0.3149093985557556,0.19414743781089783,0.18825268745422363,0.16858531534671783,-0.10551687330007553,0.025821441784501076,0.21383842825889587,0.028962593525648117,-0.10552088171243668,-0.19275417923927307,-0.1871330440044403,0.09804783016443253,-0.21929368376731873,-0.12735667824745178,0.054504573345184326,-0.12002384662628174,-0.03554968908429146,-0.08254746347665787,-0.14756308495998383,-0.04778521507978439,0.18684254586696625,0.09234917163848877,0.041688721626996994,-0.01537285465747118,-0.05299020931124687,0.2761830985546112,-0.3670448660850525,-0.05766226723790169,-0.19437338411808014,0.0443287119269371,-0.6222020983695984,0.2469898760318756,0.16161534190177917,-0.2185637205839157,0.06755009293556213,0.1957620233297348,0.041243333369493484,-0.6756144762039185,-0.1987455189228058,0.3073836863040924,-0.20032355189323425,0.0026182234287261963,-0.31660306453704834,0.1393917351961136,0.0842827558517456
CID000657298,1690,0.5428738594055176,-0.1258503943681717,0.2505854368209839,0.623234212398529,-0.43798762559890747,0.11451601982116699,0.3183216154575348,0.11331870406866074,0.3443128764629364,0.3904736638069153,-0.021267076954245567,-0.5743338465690613,0.06371146440505981,0.1598888337612152,0.14137162268161774,-0.020328398793935776,0.03959018737077713,-0.4284017086029053,0.14460399746894836,-0.48659855127334595,0.033796049654483795,-0.0990690141916275,-0.24226227402687073,-0.7061477899551392,-0.12713143229484558,0.10907299816608429,-0.0715031772851944,-0.2711013853549957,0.063654325902462,0.2759327292442322,0.23056212067604065,0.16945050656795502,-0.12948046624660492,0.13631488382816315,-0.15736477077007294,-0.022972261533141136,0.13244421780109406,0.41247862577438354,-0.19751578569412231,-0.20292791724205017,-0.26173409819602966,-0.043164681643247604,-0.055466629564762115,-0.1556476652622223,0.018108725547790527,0.10550026595592499,0.06111431121826172,-0.0033075325191020966,0.15699872374534607,0.39885473251342773,0.4502675533294678,-0.25265413522720337,-0.10572536289691925,0.13740426301956177,0.17474326491355896,-0.14421071112155914,0.09722141176462173,0.34633782505989075,0.9529263377189636,0.2816200256347656,-0.036988649517297745,-0.294048547744751,0.22414584457874298,-0.22792300581932068,0.25676172971725464,0.4708893299102783,-0.10214804112911224,-0.09658687561750412,0.30403175950050354,0.17402470111846924,0.2014632225036621,0.3934521973133087,-0.32591795921325684,-0.39058569073677063,-0.7878032326698303,-0.10304263979196548,-0.351240336894989,0.07332879304885864,0.21620190143585205,0.15209977328777313,0.20037122070789337,-0.23261375725269318,-0.411240816116333,-0.07373632490634918,0.32604655623435974,0.0856163278222084,0.10904884338378906,-0.05229046195745468,-0.06678017973899841,-0.9546725153923035,0.13836164772510529,0.2586229145526886,0.04561532661318779,0.18023273348808289,0.3371201753616333,-0.5499892234802246,0.009079432114958763,-0.18877211213111877,0.08765114843845367,0.49175238609313965,-0.31324392557144165,-0.30490392446517944,-0.09094824641942978,0.27811065316200256,0.13248851895332336,0.21865448355674744,-0.173542320728302,-0.05347317457199097,0.40486326813697815,-0.019067641347646713,0.15345661342144012,0.1678658276796341,-0.24173665046691895,-0.21157512068748474,0.3816453814506531,0.4700008034706116,-0.3377409875392914,-0.09022670239210129,-0.1347293257713318,0.03019755519926548,0.6884489059448242,-0.26751771569252014,0.14615286886692047,0.44984355568885803,-0.19272609055042267,0.2735305726528168,-0.08210750669240952,0.08669769763946533,0.2768780291080475,0.14174969494342804,0.315657377243042,-0.30017465353012085,-0.2945314049720764,-0.0717986524105072,0.3639014661312103,0.17591829597949982,0.31937164068222046,0.31542783975601196,0.1268654763698578,-0.12071096897125244,-0.18799428641796112,0.32237356901168823,-0.0904366746544838,-0.15549461543560028,-0.025665422901511192,0.03979833051562309,-0.14317063987255096,0.5146780014038086,0.16583749651908875,0.2622844874858856,-0.16422829031944275,-0.2056684046983719,0.3131733536720276,0.2890104353427887,-0.13704968988895416,-0.2523912787437439,0.04244206100702286,-0.28137558698654175,-0.3390221893787384,0.14890727400779724,-0.10603241622447968,-0.16921791434288025,0.05945022776722908,-0.03832573443651199,-0.12236436456441879,0.30835986137390137,-0.16469720005989075,0.1696411669254303,-0.2999385893344879,0.3959135413169861,-0.01998894475400448,0.10411600023508072,-0.1504555642604828,-0.07922376692295074,-0.15309655666351318,-0.06915488094091415,0.2150660753250122,-0.5490553975105286,0.5350418090820312,0.3789874315261841,-0.2049732506275177,0.10831046104431152,-0.3365749716758728,-0.16978344321250916,0.3395862877368927,0.34315404295921326,-0.029086437076330185,-0.11094371974468231,-0.08621969074010849,-0.40007925033569336,-0.23464831709861755,0.051485575735569,-0.04424704238772392,-0.17444781959056854,-0.021838298067450523,-0.19752812385559082,0.26944345235824585,0.013361168093979359,0.10274045169353485,-0.25723952054977417,-0.1762765645980835,-0.35919874906539917,0.08780060708522797,-0.5254397392272949,0.23383589088916779,-0.018574971705675125,0.0629502683877945,-0.024839825928211212,0.43034377694129944,0.6249033808708191,0.4150105118751526,-0.1762716919183731,0.18117350339889526,0.09558116644620895,-0.15673378109931946,-0.251703679561615,0.25278663635253906,0.2091524302959442,-0.14521101117134094,-0.3106873631477356,-0.021034380421042442,-0.09812010079622269,0.2086610049009323,-0.457148939371109,-0.1575566679239273,-0.19053344428539276,-0.27663126587867737,-6.8160894443281e-05,-0.3395165205001831,0.09464992582798004,-0.07951472699642181,0.5777645111083984,0.19255268573760986,0.09707824140787125,-0.07327977567911148,0.05247104912996292,0.5671790838241577,-0.5104390382766724,0.030196089297533035,-0.042795345187187195,-0.0401095375418663,-0.5825994610786438,0.27137380838394165,0.35530221462249756,-0.44748878479003906,0.016213128343224525,-0.10384023189544678,0.07227443158626556,-0.6678234934806824,-0.19176267087459564,0.3016692101955414,0.003306247293949127,0.19714342057704926,-0.443789541721344,0.2349298745393753,-0.21474234759807587
CID000005878,1708,0.2946522533893585,-0.21462830901145935,0.1796293556690216,0.5891176462173462,-0.4429900646209717,0.2765131890773773,-0.23457011580467224,0.5990793704986572,-0.12830987572669983,0.24067160487174988,-0.17541109025478363,-0.06033230945467949,-0.46427804231643677,0.4763778746128082,0.02025296911597252,0.07152056694030762,0.22442929446697235,0.07119248807430267,0.03540341928601265,-0.8598275184631348,0.14468128979206085,0.07079491019248962,0.09157693386077881,-0.8331092596054077,0.40485963225364685,0.07229407131671906,-0.2453506737947464,-0.07580888271331787,-0.0727166011929512,0.09329035133123398,0.3976054787635803,0.3782764673233032,-0.5074807405471802,0.0021648616530001163,0.12068493664264679,-0.2059451788663864,0.12652261555194855,0.3255731165409088,0.08105085790157318,-0.3268812298774719,0.14049455523490906,0.12549075484275818,0.14185334742069244,-0.3944155275821686,0.26894497871398926,0.10898125171661377,-0.03305104002356529,-0.13114608824253082,0.13723091781139374,0.06529989093542099,0.6813033819198608,-0.06915919482707977,-0.04594866931438446,-0.08178193867206573,0.09041567146778107,-0.017647763714194298,0.208735391497612,0.36347270011901855,0.4078851342201233,0.20960633456707,-0.29552191495895386,-0.16803967952728271,-0.23269124329090118,0.0321606881916523,0.24392512440681458,0.6127706170082092,-0.20595793426036835,0.0384976789355278,0.09375139325857162,-0.007070573978126049,0.46456393599510193,0.11420170962810516,0.08262995630502701,-0.35744696855545044,-0.4086301922798157,0.11273230612277985,0.16055133938789368,-0.05514087527990341,0.0819668248295784,0.23806948959827423,0.2420940101146698,-0.3873433768749237,-0.268134742975235,0.01146080531179905,0.42158395051956177,-0.15244178473949432,-0.04414834827184677,0.3423897624015808,0.17671042680740356,-0.7767754197120667,0.26505279541015625,0.13463552296161652,0.05724909156560898,-0.0018134787678718567,0.012259739451110363,-0.5852118730545044,0.21065464615821838,-0.10198353230953217,0.09492941200733185,0.08248666673898697,-0.0334504134953022,0.1724965125322342,-0.0845886617898941,0.5288311243057251,-0.4655069410800934,0.1626371592283249,0.14654478430747986,0.13881410658359528,0.4526304304599762,0.6570092439651489,0.024326080456376076,0.14135392010211945,0.0647066980600357,-0.2623503804206848,0.13023698329925537,0.09466959536075592,-0.15026311576366425,-0.08265788108110428,0.04294724389910698,0.401794970035553,0.7290958166122437,-0.20288939774036407,0.19623765349388123,-0.07534177601337433,-0.16494211554527283,0.10447277128696442,0.08935830742120743,0.24017393589019775,0.4208926260471344,-0.03224842995405197,0.14463575184345245,-0.5513359308242798,-0.41250091791152954,0.27198606729507446,-0.01950370892882347,0.0873183161020279,0.16737447679042816,0.14358742535114288,-0.062238920480012894,-0.5911082625389099,0.13858945667743683,0.5179105997085571,-0.266206294298172,0.12527717649936676,-0.04787030071020126,0.4067005515098572,-0.3842960596084595,0.6221499443054199,0.09353432804346085,0.07092233002185822,0.2901425063610077,-0.4766671657562256,-0.5567663908004761,0.0410548560321331,0.06787203252315521,0.1241685152053833,-0.04923538491129875,-0.2682298421859741,-0.5350251197814941,0.2640826404094696,0.039278555661439896,0.15436330437660217,0.021387256681919098,-0.02794519066810608,-0.1373797357082367,-0.06388861685991287,-0.2524995505809784,0.3584119379520416,0.0764094665646553,-0.1434478461742401,0.21511265635490417,-0.2815038561820984,0.07286588102579117,-0.2144225537776947,-0.06396728754043579,0.09217313677072525,0.21738596260547638,-0.37787774205207825,0.7625490427017212,-0.05024825409054756,-0.4759921133518219,-0.10176845639944077,-0.46816128492355347,-0.043684639036655426,0.24674606323242188,0.500663697719574,-0.2440338134765625,0.11074654012918472,0.4620923399925232,-0.2942260801792145,0.15205183625221252,-0.0899757668375969,0.21644942462444305,-0.41549617052078247,0.22271767258644104,0.19009122252464294,0.0190451480448246,-0.1363530158996582,-0.17435906827449799,-0.4683305323123932,-0.3131296932697296,-0.5548206567764282,0.09378641843795776,-0.527898371219635,-0.1364171952009201,0.10035188496112823,0.03980054333806038,-0.11766497045755386,0.7509236335754395,0.8132960200309753,0.28174132108688354,-0.01298543531447649,0.2262209951877594,-0.07496427744626999,0.38258498907089233,-0.2925003170967102,0.20175275206565857,0.45158934593200684,-0.1115712970495224,0.13097982108592987,-0.061515890061855316,-0.05161106586456299,-0.10545942932367325,-0.470613956451416,-0.0001119077205657959,-0.10064451396465302,-0.07249191403388977,-0.6128543615341187,-0.07682394236326218,0.0831935852766037,-0.04556761309504509,0.07941888272762299,0.12747856974601746,0.22696320712566376,-0.013202142901718616,-0.18572542071342468,0.5911211967468262,-0.21684980392456055,-0.010595520958304405,-0.2529214918613434,-0.3337586522102356,-0.7155073285102844,-0.18386730551719666,-0.028848573565483093,-0.10204921662807465,-0.010235393419861794,-0.20362000167369843,-0.17328397929668427,-0.8228527307510376,-0.2455766648054123,0.48062998056411743,-0.06707265973091125,0.022465195506811142,-0.046683169901371,-0.11852854490280151,-0.2665320634841919
CID000003404,1709,0.20084138214588165,-0.11114047467708588,0.23500290513038635,0.5036200284957886,-0.5621045827865601,0.0831562876701355,0.1517130434513092,0.19457575678825378,0.1051018014550209,0.4637207090854645,-0.004009544849395752,-0.07660981267690659,-0.05352972075343132,-0.08974075317382812,-0.26919883489608765,-0.06088099628686905,-0.17268607020378113,0.043062105774879456,0.05486031249165535,-0.6171852350234985,0.0498734712600708,-0.044354282319545746,0.14548924565315247,-0.9299594759941101,0.047821372747421265,0.020640231668949127,-0.06546527147293091,-0.02289549633860588,0.07757401466369629,-0.06330718845129013,0.13863880932331085,0.2350393831729889,0.13149097561836243,0.10110442340373993,-0.10602620989084244,0.058031708002090454,0.15170946717262268,0.10399208217859268,0.26278382539749146,-0.13558167219161987,0.019910819828510284,-0.09822674840688705,0.20433978736400604,-0.2168031632900238,-0.11398623883724213,0.41302070021629333,-0.034738991409540176,-0.10026969760656357,-0.09934813529253006,0.10374204814434052,0.40412062406539917,0.12539121508598328,-0.06455358117818832,0.048152290284633636,0.08632195740938187,-0.08116189390420914,0.13492462038993835,0.20539245009422302,0.021320903673768044,-0.06284244358539581,-0.11251795291900635,-0.15922752022743225,0.09360535442829132,0.030844926834106445,0.15203574299812317,0.42732033133506775,-0.4460543096065521,0.1086788922548294,0.17931056022644043,0.06425625085830688,-0.04801458492875099,0.07243406772613525,-0.3039400279521942,-0.332537442445755,-0.03852052614092827,0.1696358025074005,0.04616699740290642,0.009119498543441296,-0.05191214010119438,0.03272636979818344,0.029032254591584206,-0.7549812197685242,-0.19974848628044128,0.2122483253479004,0.11896230280399323,-0.132938951253891,-0.03680260106921196,0.037671804428100586,-0.0752229243516922,-0.7700873017311096,-0.1387457400560379,-0.08327094465494156,0.003083236515522003,-0.017071902751922607,0.07466117292642593,-0.22363147139549255,-0.0486564040184021,-0.04143669083714485,-0.2400374412536621,-0.009779226966202259,-0.17890700697898865,0.08836698532104492,0.0604991540312767,0.2981630861759186,-0.23109407722949982,0.04470328986644745,-0.0025094449520111084,0.18686950206756592,0.6753738522529602,0.046503257006406784,0.01604960486292839,0.16694220900535583,0.07575749605894089,-0.2248898446559906,0.230753093957901,0.09870966523885727,-0.05284076929092407,0.01689651608467102,0.10645600408315659,0.13744494318962097,0.9092193841934204,-0.005777976009994745,0.18600724637508392,0.2532380521297455,-0.1375075876712799,0.07413654029369354,-0.047473277896642685,-0.09453241527080536,0.05561884492635727,0.07495123147964478,0.4370580315589905,-0.7709259390830994,-0.547568678855896,0.13502104580402374,0.21348313987255096,-0.037660710513591766,0.19349679350852966,0.3896828591823578,-0.010209942236542702,-0.28706303238868713,-0.19032087922096252,0.061576295644044876,0.046381767839193344,-0.05959343910217285,-0.04939556494355202,-0.027576375752687454,-0.006319505162537098,0.4026595950126648,0.022203052416443825,0.10764870792627335,0.2392078936100006,-0.5018065571784973,0.024648481979966164,0.11300607025623322,-0.2534942030906677,-0.25490671396255493,-0.11190702766180038,-0.014679081737995148,-0.0037705092690885067,0.16170677542686462,-0.22291593253612518,-0.07872795313596725,-0.042760953307151794,0.18737325072288513,-0.027497222647070885,-0.17125162482261658,-0.2040465772151947,0.09931192547082901,-0.13276512920856476,0.12473243474960327,0.09014985710382462,0.01568039134144783,-0.12950016558170319,-0.1919977217912674,-0.03029056452214718,-0.11597907543182373,0.09292083978652954,-0.03873145580291748,0.46751976013183594,-0.06981571763753891,-0.010230178013443947,-0.0412769690155983,-0.07767799496650696,-0.27491647005081177,0.17127549648284912,0.11800410598516464,-0.2799912989139557,0.14125367999076843,-0.1359919309616089,-0.2564600706100464,-0.047793734818696976,-0.08390066772699356,0.11336430162191391,-0.06734933704137802,0.1831282377243042,-0.02877538837492466,0.0375063382089138,-0.00362691143527627,0.2484220713376999,-0.1648712009191513,-0.14256569743156433,-0.3960702419281006,0.1209951639175415,-0.11237875372171402,-0.05025496333837509,-0.0806690901517868,-0.10790322721004486,0.027645498514175415,0.02916908636689186,0.40694302320480347,0.1406005322933197,0.2220875769853592,0.21137312054634094,0.3388461470603943,0.06865110993385315,-0.04368003085255623,-0.033435333520174026,0.3723061680793762,0.1925850212574005,0.006201195530593395,-0.0026378631591796875,-0.16986653208732605,-0.010104095563292503,-0.1318797618150711,0.04893381893634796,-0.21163401007652283,0.170964315533638,0.02445850521326065,-0.06740361452102661,0.19230136275291443,-0.1747458279132843,0.06281815469264984,0.12741410732269287,0.020143717527389526,-0.039604734629392624,-0.1122456043958664,0.4883122444152832,-0.20520111918449402,0.008914579637348652,-0.08589091151952744,0.08543236553668976,-0.6100181937217712,0.2822819948196411,0.15441575646400452,0.053001560270786285,-0.20527248084545135,-0.08310011774301529,-0.051724664866924286,-0.8663166165351868,-0.28798907995224,0.1427908092737198,-0.13570250570774078,0.029348695650696754,-0.20162668824195862,0.09938178956508636,0.10167348384857178
CID000060871,1736,0.5251015424728394,0.19594457745552063,-0.09999243915081024,0.526732325553894,-0.5042526721954346,0.035554174333810806,0.22565090656280518,0.12146610021591187,0.4220197796821594,0.16128131747245789,0.30040836334228516,-0.5480217337608337,-0.013796401210129261,0.2828900218009949,0.02360900677740574,0.27651745080947876,-0.25015830993652344,-0.5512710809707642,0.31587398052215576,-0.6205770373344421,0.2895691394805908,-0.026490772143006325,0.02523837611079216,-1.0244128704071045,-0.036755867302417755,-0.2308768779039383,-0.03311936929821968,-0.05592642351984978,-0.02686901018023491,0.2763870060443878,0.008759384974837303,0.1634928584098816,0.11952630430459976,0.35839056968688965,-0.10514521598815918,-0.31035512685775757,0.18029078841209412,0.03771485760807991,0.33240070939064026,-0.20925936102867126,-0.17979764938354492,-0.4309418797492981,0.23806706070899963,0.1004088744521141,0.03116903267800808,0.09836091846227646,0.12779931724071503,-0.14322355389595032,-0.03184501454234123,0.031138673424720764,0.32133159041404724,0.03282512351870537,-0.21428385376930237,-0.24453437328338623,0.024258490651845932,0.001651805592700839,0.43897461891174316,-0.09426909685134888,0.9376280903816223,0.08390596508979797,0.08154372870922089,-0.3364097774028778,-0.03213874623179436,-0.030616318807005882,-0.0021790489554405212,0.4589158892631531,-0.2546502947807312,0.04244743660092354,0.019659992307424545,-0.08863486349582672,-0.05750099569559097,-0.06444798409938812,-0.02555246278643608,-0.47518396377563477,-0.10617370903491974,0.2007163017988205,0.006527161691337824,-0.06357258558273315,0.04936881735920906,-0.28536105155944824,0.07715735584497452,-0.6300444602966309,-0.3748685419559479,0.09520430862903595,-0.13033324480056763,-0.13682767748832703,0.33922258019447327,-0.06218241527676582,-0.24838897585868835,-0.4015485644340515,-0.09193778038024902,0.018764926120638847,-0.07799053937196732,0.22113415598869324,-0.0695265680551529,-0.3353714346885681,0.007410676684230566,-0.15885992348194122,-0.28360679745674133,0.3268548846244812,-0.39479583501815796,0.4005628228187561,-0.0756344199180603,0.04191722720861435,0.32914403080940247,0.18110914528369904,0.16808171570301056,-0.12993934750556946,0.6738054156303406,-0.0988386943936348,0.026911702007055283,0.24440136551856995,-0.034977447241544724,-0.7274147868156433,-0.1167997270822525,0.2163466513156891,0.07543965429067612,-0.10686156898736954,0.08005844801664352,0.12612572312355042,0.7385236024856567,-0.7429365515708923,0.2703774571418762,-0.0841398686170578,-0.1344853639602661,0.3825303316116333,0.016883235424757004,0.09118150174617767,0.20656859874725342,-0.15256530046463013,-0.031139642000198364,-0.604468584060669,-0.3449411392211914,-0.05898694321513176,0.20762386918067932,-0.040914081037044525,0.2481519728899002,0.19457098841667175,-0.2471882402896881,-0.040629319846630096,-0.1057567447423935,0.2900015711784363,-0.11890454590320587,0.1887494921684265,0.14772310853004456,-0.03656758740544319,-0.08493077009916306,0.536344051361084,-0.17105452716350555,0.007686248514801264,-0.0863003209233284,-0.1784442514181137,0.04885798692703247,0.36254754662513733,-0.0694061666727066,0.06252501159906387,-0.05836869403719902,-0.16438758373260498,-0.06748154014348984,0.2645781636238098,-0.10320238769054413,-0.25738170742988586,-0.05314216762781143,-0.18291537463665009,-0.3169698119163513,-0.17197474837303162,0.017486250028014183,0.23226766288280487,0.021144568920135498,0.4170500636100769,0.12450449168682098,0.1583205759525299,0.022435098886489868,-0.16309426724910736,0.16489414870738983,0.0344962552189827,0.016675841063261032,-0.2727716863155365,0.5337446331977844,-0.2695533037185669,-0.03797828406095505,-0.3624030649662018,-0.10275153815746307,-0.09172866493463516,-0.19429734349250793,0.03888847306370735,0.10405036062002182,-0.29618990421295166,0.013937933370471,-0.2801079750061035,-0.01080335397273302,0.06756828725337982,-0.004347282461822033,-0.0469152107834816,0.15435145795345306,-0.06482525914907455,0.01394912600517273,0.015779947862029076,0.1058521643280983,0.10908355563879013,-0.3263036012649536,-0.532345175743103,0.01735573634505272,-0.13608218729496002,0.15498045086860657,-0.08537270128726959,0.030335118994116783,0.09895206987857819,0.4805290102958679,0.4540174901485443,0.37548232078552246,0.09496873617172241,-0.08871213346719742,0.1439947783946991,-0.16017475724220276,-0.24957077205181122,-0.3032625615596771,0.47259649634361267,-0.012085246853530407,0.3735336363315582,-0.01352496724575758,-0.2059648334980011,-0.15079693496227264,-0.33296799659729004,-0.0172004122287035,-0.13623204827308655,0.2547624707221985,0.035830773413181305,-0.31813424825668335,0.217074915766716,0.016582559794187546,0.16240063309669495,0.5290783047676086,0.21511654555797577,0.1835448294878006,0.1209983378648758,0.359372079372406,-0.35403987765312195,0.2747054100036621,-0.23767784237861633,-0.05148351192474365,-0.019376620650291443,0.05775512382388115,0.15112507343292236,-0.04236678034067154,0.02694569155573845,0.028630996122956276,0.17977328598499298,-0.6876944303512573,0.15092012286186218,0.33841952681541443,-0.15092313289642334,0.30020904541015625,-0.3526220917701721,0.08353210240602493,-0.028056040406227112
CID000004264,1741,0.24487900733947754,-0.2111586630344391,0.2235718071460724,0.3807036578655243,-0.4607216417789459,0.04401915520429611,0.4004283845424652,0.11711619794368744,0.21517571806907654,0.3116254508495331,0.07400002330541611,-0.2725514769554138,-0.24238558113574982,0.3272615969181061,-0.04380138963460922,-0.2219749242067337,0.016329767182469368,-0.20635004341602325,0.135407492518425,-0.440962553024292,0.09396089613437653,-0.2063334435224533,-0.21956315636634827,-0.8063827753067017,0.008764347061514854,0.2426876574754715,-0.16767410933971405,-0.04811377450823784,0.06722082197666168,0.4503638744354248,-0.028126636520028114,0.11354698985815048,0.034196533262729645,0.17244021594524384,0.08033774793148041,-0.2650645971298218,-0.2904737889766693,0.2948187589645386,0.22075431048870087,-0.09467164427042007,0.1234465092420578,-0.167501300573349,-0.09199699014425278,-0.21904945373535156,-0.2183942049741745,0.35150784254074097,0.004044237546622753,0.20135700702667236,0.1782914400100708,0.17368432879447937,0.26770704984664917,0.16569884121418,-0.3620818257331848,-0.16504941880702972,0.2059992104768753,-0.15851309895515442,-0.009447133168578148,0.09276594966650009,0.3967105448246002,-0.2526889443397522,-0.07796798646450043,-0.23297007381916046,0.38922229409217834,-0.16739320755004883,0.1421515941619873,0.544448971748352,-0.12575088441371918,0.14504806697368622,0.319631427526474,0.24468295276165009,0.22557024657726288,0.14246776700019836,-0.20973411202430725,-0.3820512294769287,-0.44933629035949707,0.11773514747619629,-0.3085405230522156,0.09828554093837738,0.05861819535493851,-0.043045829981565475,0.20093247294425964,-0.26170191168785095,-0.4066562056541443,-0.18917083740234375,0.155451700091362,-0.23709693551063538,0.043031957000494,0.3936883807182312,-0.19659452140331268,-0.7602282762527466,0.06496461480855942,0.22065070271492004,-0.0820470079779625,0.003439879510551691,0.04998183995485306,-0.5010067820549011,-0.1213018149137497,0.24172887206077576,-0.04309947043657303,0.27686741948127747,-0.3303638696670532,-0.047317080199718475,-0.20430509746074677,0.25297895073890686,0.14587931334972382,0.1605055183172226,-0.16144461929798126,0.19135521352291107,0.3063555061817169,-0.19851365685462952,0.12135966122150421,0.12603840231895447,-0.27472448348999023,-0.1403810679912567,0.1409754753112793,0.2912565767765045,-0.40369024872779846,-0.1015750989317894,-0.08014215528964996,0.08368148654699326,0.6320980787277222,0.09622079879045486,0.18640460073947906,0.09133322536945343,0.17714880406856537,0.3331569731235504,0.12455286085605621,0.037634801119565964,0.42149099707603455,0.1933852732181549,0.2580499053001404,-0.3280927836894989,-0.2755768895149231,-0.08887346088886261,0.33280080556869507,0.3691541254520416,0.06370474398136139,0.35700172185897827,-0.06756705045700073,-0.0037993371952325106,-0.06700190901756287,0.3840225338935852,0.11750330775976181,-0.2544572949409485,0.14342987537384033,0.19347348809242249,-0.23403005301952362,0.4377102851867676,0.10710394382476807,-0.02323508821427822,-0.10479015111923218,-0.1308746188879013,0.07366753369569778,0.011287224479019642,-0.12543649971485138,-0.019904309883713722,-0.2768600285053253,-0.4297385811805725,-0.002428536070510745,0.05036718770861626,-0.04526869207620621,-0.055340804159641266,-0.10183735936880112,-0.09086408466100693,0.3063919246196747,0.2223597764968872,0.1680130511522293,0.3155136704444885,0.1827383190393448,0.2865990102291107,-0.04753386229276657,-0.07301501929759979,-0.10773047059774399,-0.28866881132125854,-0.14016646146774292,0.03984040766954422,0.15127648413181305,-0.37015801668167114,0.2808033525943756,-0.2666057348251343,-0.0798882320523262,-0.18185096979141235,-0.40317362546920776,-0.2630245089530945,0.3431936204433441,0.1809254139661789,-0.1317097246646881,0.21742048859596252,0.18864968419075012,-0.4948667585849762,-0.2596396803855896,0.10306830704212189,0.13418588042259216,-0.0023028464056551456,0.05844499543309212,-0.010005640797317028,0.16772541403770447,-0.10742213577032089,-0.2033013552427292,-0.12204094976186752,-0.04435417428612709,-0.30027446150779724,-0.11049328744411469,-0.33686578273773193,0.2375705987215042,-0.12431146949529648,-0.036782994866371155,0.023373007774353027,0.08732853829860687,0.5190823078155518,0.5382099151611328,-0.1998799741268158,0.2410719096660614,0.1296335756778717,-0.02473411336541176,-0.12341300398111343,-0.05298890918493271,0.10957517474889755,-0.045913808047771454,0.14734990894794464,-0.02843630686402321,0.11026675999164581,0.10530684143304825,-0.5123541355133057,-0.19069001078605652,0.24823474884033203,0.09990467131137848,-0.29529768228530884,-0.3410152792930603,-0.036474309861660004,0.11708483844995499,0.26396092772483826,0.3374708294868469,-0.042465709149837494,-0.04033419117331505,0.05669267848134041,0.47953176498413086,-0.44641733169555664,-0.0261494480073452,0.11608640849590302,0.12750768661499023,-0.5354184508323669,0.14612255990505219,0.45159822702407837,-0.5048542618751526,0.3234418034553528,-0.046009548008441925,0.023813050240278244,-0.5275343060493469,-0.35292118787765503,0.257281631231308,-0.1910908818244934,-0.09952433407306671,-0.28360703587532043,0.14659294486045837,0.08870194107294083
CID000003734,1751,0.31574028730392456,-0.3198142647743225,0.019050270318984985,0.5304020643234253,-0.44137945771217346,0.058825861662626266,-0.028690706938505173,0.20690515637397766,0.0029495893977582455,0.047582823783159256,0.20015457272529602,-0.3645361363887787,-0.055136628448963165,0.3394716680049896,-0.01569213531911373,0.19426386058330536,-0.2436516284942627,0.18176332116127014,-0.407065212726593,-0.6723925471305847,-0.07838531583547592,-0.17539174854755402,0.07744763791561127,-0.9834812879562378,0.3139287829399109,0.2321241796016693,0.2859993875026703,0.03160214424133301,-0.027449334040284157,0.20747797191143036,0.03625282645225525,0.1185152679681778,-0.04117875173687935,-0.08577500283718109,-0.16660574078559875,0.007037085480988026,-0.0691511407494545,0.2688525915145874,-0.1254129260778427,-0.019763855263590813,0.05772976949810982,-0.11911740154027939,-0.16892631351947784,-0.01073338370770216,0.1331813484430313,0.07750821113586426,0.19826900959014893,0.06397595256567001,0.098932646214962,-0.04628727585077286,0.48322901129722595,0.1556771695613861,0.09075009822845459,0.16376960277557373,-0.23939935863018036,-0.007417728193104267,0.1634049266576767,-0.11838436126708984,0.6657379269599915,-0.05941399186849594,-0.02607480250298977,-0.2672853171825409,-0.017662465572357178,0.10698597133159637,-0.11554975807666779,0.4567561149597168,-0.18030591309070587,-0.0785990059375763,0.18195310235023499,0.08039223402738571,-0.15518073737621307,0.3712080121040344,0.043743111193180084,-0.1367940604686737,-0.4874967634677887,0.23092374205589294,-0.024828016757965088,-0.08767496794462204,-0.17260219156742096,-0.06478581577539444,0.4784715175628662,-0.5395658016204834,-0.3231431245803833,-0.04547492787241936,0.12154199928045273,-0.20882952213287354,0.3759198784828186,0.007964039221405983,-0.03678818792104721,-0.7502087354660034,-0.8271818161010742,0.27714675664901733,0.2503965198993683,0.3832578659057617,-0.039640434086322784,-0.24791690707206726,0.10720676183700562,-0.09655968844890594,0.13457827270030975,0.568203866481781,0.2743454575538635,0.028788592666387558,0.026423266157507896,0.25211623311042786,0.0674721822142601,-0.04224420711398125,-0.03455394133925438,0.14661955833435059,0.6877369284629822,0.6012260317802429,-0.07763425260782242,0.19722631573677063,0.1248340830206871,0.04273564741015434,0.017205655574798584,0.18559205532073975,-0.07737897336483002,-0.031243890523910522,0.1802544742822647,0.13293249905109406,0.986524760723114,0.07297315448522568,0.12336134910583496,-0.0069984691217541695,-0.41078048944473267,0.10999470949172974,-0.04284220188856125,-0.5640036463737488,0.5325967073440552,0.3196593225002289,0.178177148103714,-0.6704539060592651,-0.33113768696784973,0.10172611474990845,0.08965165913105011,-0.1451568305492401,0.22935816645622253,-0.015320313163101673,-0.13995684683322906,-0.21303530037403107,-0.12511256337165833,0.3185789883136749,-0.34604424238204956,0.08485449850559235,0.05472544580698013,0.44549790024757385,0.30787986516952515,0.5647464990615845,0.1655903160572052,0.04606480151414871,-0.07297907769680023,-0.49391573667526245,-0.37279433012008667,0.25249189138412476,0.029641378670930862,0.15052904188632965,-0.00309426779858768,-0.20236484706401825,0.19024087488651276,0.08318676054477692,-0.2732059359550476,0.1566212922334671,0.22749724984169006,0.12103340774774551,0.15451768040657043,-0.1929427981376648,-0.0366995707154274,0.037852391600608826,-0.025284400209784508,0.024317394942045212,-0.4067853093147278,-0.35814952850341797,-0.1640314757823944,-0.15892454981803894,0.28341612219810486,-0.08782489597797394,0.07694312930107117,-0.28889894485473633,0.7914236783981323,-0.007096034474670887,-0.09586787223815918,0.1285218894481659,0.05383015424013138,0.17787550389766693,0.37046560645103455,-0.1039886623620987,-0.4699037969112396,0.05397092178463936,0.10162217915058136,-0.44921979308128357,-0.10589613020420074,-0.22310905158519745,-0.12159190326929092,-0.2629026472568512,0.17346447706222534,-0.2283497303724289,0.4909873902797699,0.13027803599834442,0.09234189987182617,-0.3213490843772888,-0.7106674313545227,-0.2627847194671631,-0.04087856411933899,-0.38525718450546265,0.08186271041631699,-0.09702587872743607,-0.2621854245662689,-0.0006401777500286698,-0.05213059112429619,0.5653714537620544,0.4906439185142517,0.04386777803301811,0.1084619015455246,0.3877559304237366,-0.05717615410685539,-0.6307022571563721,-0.14373691380023956,0.4703081250190735,-0.6073707938194275,0.12230197340250015,0.3154434263706207,-0.4809430241584778,-0.019115399569272995,-0.1538361757993698,0.09091406315565109,-0.12530939280986786,-0.06163964420557022,-0.049224670976400375,0.36420777440071106,-0.06624813377857208,0.09851428121328354,-0.0791483074426651,0.1204325333237648,0.052915267646312714,0.11838515102863312,-0.01501506008207798,0.6813870072364807,-0.14467088878154755,0.23960289359092712,-0.16644029319286346,-0.07346039265394211,-1.0287786722183228,-0.024119306355714798,0.3261706829071045,0.014287094585597515,-0.11748071759939194,-0.3797663152217865,0.2019021064043045,-0.9155314564704895,-0.45804205536842346,0.11611330509185791,-0.02904132567346096,0.3628678619861603,-0.6061302423477173,0.01116005890071392,0.5927654504776001
CID000005584,1766,0.39435845613479614,0.34426212310791016,0.08042335510253906,0.4361981451511383,-0.24089689552783966,-0.1506931483745575,0.1952160894870758,0.3691754639148712,0.24708494544029236,-0.10189397633075714,0.04224196821451187,0.09563693404197693,-0.009790283627808094,0.2914640009403229,-0.1844680905342102,0.15352384746074677,-0.033835314214229584,-0.1332477629184723,-0.23122262954711914,-0.5921342372894287,0.008287360891699791,-0.0914166197180748,-0.33659204840660095,-0.829329788684845,0.2037581205368042,0.09043650329113007,-0.17681841552257538,-0.22098484635353088,0.0076581984758377075,0.35097795724868774,-0.2511288523674011,0.3381282687187195,0.32259243726730347,-0.13123732805252075,0.2691514492034912,0.21066494286060333,0.03833913803100586,-0.0867358148097992,0.06481830030679703,0.07104437798261642,-0.1111147403717041,0.0850415751338005,-0.013045823201537132,-0.3239927887916565,-0.060470640659332275,0.5469815135002136,0.15409235656261444,0.070134736597538,-0.08302343636751175,0.13978275656700134,0.5640247464179993,-0.15988072752952576,-0.10231570899486542,-0.1692521572113037,0.19673004746437073,-0.3623485565185547,0.42869463562965393,0.3150279223918915,-0.0602710135281086,-0.18698351085186005,-0.081870898604393,-0.22535936534404755,-0.192539244890213,-0.017877014353871346,-0.12841489911079407,0.644301176071167,-0.2978129982948303,-0.10319095849990845,-0.10983029752969742,-0.04752287268638611,0.1462402641773224,-0.06240841746330261,-0.28930848836898804,-0.45996537804603577,-0.22410793602466583,0.27145060896873474,0.12796035408973694,0.08739713579416275,-0.12780264019966125,-0.10063310712575912,0.7467775344848633,-0.5758288502693176,-0.3194957971572876,-0.3414979875087738,-0.1071346178650856,-0.2478000819683075,0.09947683662176132,-0.020791370421648026,-0.0881943479180336,-0.7000659108161926,-0.022337689995765686,0.44036298990249634,-0.10589468479156494,-0.17565175890922546,0.15577325224876404,-0.19563725590705872,-0.16621612012386322,0.0866343304514885,0.028022324666380882,0.11835458129644394,-0.05596102401614189,-0.05481833964586258,0.03487711399793625,0.3189796209335327,-0.1433911770582199,0.03456849232316017,-0.030721396207809448,0.18880335986614227,0.760852575302124,0.18192800879478455,-0.06129329279065132,0.18974187970161438,0.12428423017263412,-0.15551625192165375,-0.09582886844873428,0.22706708312034607,-0.03765048831701279,-0.21955449879169464,-0.033710937947034836,-0.03983532637357712,0.6666529178619385,-0.2480076104402542,0.5000302791595459,0.061928439885377884,-0.13036978244781494,0.19219455122947693,-0.005305674858391285,-0.2104673683643341,0.30628424882888794,-0.39062291383743286,0.15832142531871796,-0.5523636937141418,-0.2916974723339081,0.04093934968113899,0.10901308059692383,0.15715694427490234,0.2695392966270447,-0.14151689410209656,-0.0007657051319256425,-0.651746392250061,-0.30574673414230347,0.313169926404953,0.08267293870449066,-0.13084712624549866,0.17235353589057922,0.06582416594028473,0.11067702621221542,0.4753449559211731,-0.0230343509465456,0.24514827132225037,-0.06663306802511215,-0.4648708701133728,-0.15961211919784546,0.22805699706077576,-0.15861551463603973,-0.1808759868144989,-0.03936956077814102,-0.5203289985656738,0.15603461861610413,0.32687610387802124,-0.20288047194480896,0.04275472089648247,0.14955155551433563,0.03529646247625351,-0.15195724368095398,-0.4540781080722809,-0.4118698537349701,0.21344733238220215,0.10090991109609604,-0.12155570834875107,0.07797478884458542,-0.2828099727630615,-0.23962648212909698,-0.3644884526729584,0.14282771944999695,-0.10469599813222885,0.09398826956748962,-0.14387032389640808,0.6721770763397217,0.21298761665821075,-0.09998247772455215,-0.02297081984579563,-0.29999035596847534,-0.2630738615989685,0.01940455473959446,0.3814167082309723,-0.6082016825675964,0.12169472873210907,0.09275806695222855,-0.1829921454191208,0.07790746539831161,0.058916401118040085,0.1097991019487381,-0.037539780139923096,0.24748726189136505,0.03630770370364189,-0.05910896509885788,-0.04347025230526924,0.029302705079317093,0.0030670166015625,-0.12156170606613159,-0.288455992937088,0.3035544753074646,-0.49227291345596313,-0.15228036046028137,-0.12580087780952454,-0.03188014402985573,-0.025671612471342087,-0.1726328581571579,0.4762952923774719,0.4038999676704407,-0.37243932485580444,0.12752500176429749,0.21022248268127441,0.04120032861828804,-0.38368749618530273,0.24046564102172852,0.22475986182689667,0.11909262835979462,-0.13612082600593567,-0.2480972707271576,0.05472828820347786,0.02669314108788967,-0.16100461781024933,-0.34559017419815063,0.10783930122852325,-0.17022505402565002,-0.09394283592700958,-0.23635737597942352,0.04441322013735771,-0.03325987607240677,0.03885748237371445,0.007782289292663336,0.002699074102565646,0.09144409000873566,-0.0432250089943409,0.3867582380771637,-0.16207781434059143,0.12174414098262787,-0.19836807250976562,0.12238000333309174,-0.5169180631637573,0.05090106651186943,0.1500496119260788,-0.14033113420009613,0.18914476037025452,-0.18439292907714844,0.13538262248039246,-0.6613984704017639,-0.38628873229026794,0.4505085349082947,-0.39284589886665344,0.28143149614334106,-0.12722530961036682,0.12797319889068604,0.10878434032201767
CID000002369,1771,0.13014265894889832,0.08847246319055557,0.19044432044029236,0.4574931263923645,-0.39466506242752075,0.024962734431028366,0.08929407596588135,0.3505185544490814,0.2792512774467468,0.41449087858200073,0.04226962849497795,-0.24194368720054626,-0.07505611330270767,0.13854029774665833,-0.11579664796590805,0.15128107368946075,-0.012899341993033886,-0.08915919810533524,-0.05835385248064995,-0.5732497572898865,-0.037536174058914185,-0.1611776053905487,0.2336852103471756,-1.1659581661224365,-0.1181701198220253,0.3782065212726593,-0.17355787754058838,0.28771910071372986,0.17972780764102936,0.3146354556083679,-0.4132564961910248,0.2226008176803589,0.21261830627918243,-0.04427601024508476,-0.17249521613121033,0.1684798300266266,-0.06692646443843842,0.2568534314632416,-0.36110955476760864,-0.2655631899833679,-0.4371352195739746,0.025995921343564987,0.25255629420280457,-0.22497527301311493,0.12948864698410034,0.375214159488678,-0.02944096364080906,0.013663525693118572,-0.059834688901901245,0.18728306889533997,0.5582765936851501,0.01170098502188921,-0.06068805605173111,-0.05496763437986374,0.03438561037182808,-0.16758425533771515,-0.17547690868377686,0.041714269667863846,0.2581906020641327,0.045287471264600754,-0.30181020498275757,-0.3225358724594116,-0.21819886565208435,-0.12679553031921387,0.18025000393390656,0.5367048978805542,0.14317557215690613,-0.0070993960835039616,0.15900008380413055,0.2769666314125061,0.10760746151208878,-0.2825431227684021,-0.32044780254364014,-0.17279867827892303,-0.24177269637584686,0.3353741466999054,0.2515948414802551,0.3274591863155365,0.09506981819868088,0.1343107521533966,0.5476521849632263,-0.4512360692024231,-0.3637917935848236,-0.298653244972229,0.19679605960845947,-0.45342469215393066,0.5052460432052612,0.4289633333683014,-0.04075133055448532,-1.0764966011047363,0.2564699053764343,0.5262445211410522,0.4025646150112152,-0.03473062068223953,0.2730979323387146,-0.3668171167373657,0.17833223938941956,0.5096745491027832,-0.13010600209236145,0.5278976559638977,-0.1037362590432167,0.1847819834947586,0.17984020709991455,0.2833755612373352,0.06128164380788803,0.08118320256471634,0.05016674846410751,-0.16564731299877167,0.49900904297828674,0.12163946777582169,-0.140295147895813,0.1503097265958786,0.013920599594712257,-0.11580866575241089,0.214341402053833,0.40539970993995667,-0.22634868323802948,0.228786900639534,0.143500417470932,0.3718937933444977,0.7145238518714905,-0.20899978280067444,0.29175692796707153,-0.03498653694987297,0.18095727264881134,-0.01824158802628517,-0.18037842214107513,-0.09151365607976913,0.21136131882667542,0.02836405113339424,0.07205234467983246,-0.5438965559005737,-0.4466867446899414,0.14244292676448822,0.37586772441864014,-0.0691739171743393,0.3647770583629608,0.20846231281757355,0.1434050053358078,-0.33206358551979065,-0.64882493019104,0.07722924649715424,0.08750884979963303,-0.1181507259607315,0.2340359389781952,0.26432114839553833,0.011271568015217781,0.6639249920845032,0.002067226218059659,0.15976054966449738,0.13807623088359833,-0.24875441193580627,0.18631786108016968,0.03952233865857124,-0.3196156322956085,0.17283236980438232,-0.15824167430400848,-0.4670540690422058,0.37309736013412476,0.1666611135005951,-0.023487698286771774,0.24109497666358948,0.10989464819431305,0.18595637381076813,-0.02918916940689087,-0.20224244892597198,-0.15166817605495453,0.268724262714386,0.08306856453418732,0.022524014115333557,-0.1061573177576065,-0.13718803226947784,-0.1555100381374359,-0.14466941356658936,0.0385211817920208,0.09551046043634415,-0.07184147834777832,-0.06400547176599503,0.6103565692901611,0.06276661902666092,0.029051244258880615,0.06247525289654732,-0.16057515144348145,0.10662100464105606,0.7599443197250366,-0.007721081376075745,-0.427711546421051,0.06715607643127441,0.04219280555844307,-0.29414165019989014,0.08801409602165222,0.09233491122722626,0.01778186485171318,-0.1409471035003662,-0.1230870857834816,0.09364761412143707,0.1354997456073761,-0.2651955485343933,-0.18931081891059875,0.18715186417102814,-0.13057664036750793,-0.20873746275901794,0.23704883456230164,-0.3797217011451721,-0.19809366762638092,-0.1912531554698944,-0.012675213627517223,-0.10664387792348862,0.1896039992570877,0.3887091875076294,0.4167715013027191,-0.2533947229385376,0.3840577006340027,0.29980790615081787,0.3009496331214905,-0.7111261487007141,-0.07702983170747757,0.13542668521404266,0.11408156156539917,0.11060158908367157,-0.16831177473068237,0.04106926545500755,0.40144792199134827,-0.19005230069160461,-0.10141894966363907,0.20779550075531006,0.1122782975435257,-0.7269216775894165,-0.16483762860298157,0.1316615641117096,0.23068459331989288,0.16180944442749023,0.22837765514850616,-0.1483248770236969,0.24187198281288147,0.07012317329645157,0.7094793319702148,-0.40070000290870667,0.11998274177312851,-0.10839541256427765,0.025767046958208084,-0.635031521320343,0.07866384088993073,0.36548441648483276,-0.17010557651519775,-0.06163335591554642,-0.17247197031974792,-0.47076982259750366,-0.6317769289016724,-0.3024140000343323,0.1755678951740265,-0.2456972599029541,-0.07054717093706131,-0.13057467341423035,0.10109640657901764,0.03947151079773903
CID000005525,1785,0.1492622047662735,0.18579134345054626,-0.050043441355228424,0.19421008229255676,-0.19435688853263855,0.010861647315323353,0.15452738106250763,0.2953910231590271,0.15530185401439667,0.22532327473163605,-0.1717166155576706,-0.07610900700092316,-0.12197073549032211,0.2030484974384308,0.057873569428920746,-0.20706358551979065,-0.12410340458154678,-0.18138155341148376,-0.08774229139089584,-0.4621291160583496,-0.14076343178749084,-0.12997515499591827,0.04191897064447403,-0.7475149035453796,-0.3219674825668335,0.09701957553625107,-0.3591500222682953,-0.1422727108001709,-0.19039858877658844,0.3656798005104065,-0.30135107040405273,0.2808895707130432,-0.007829753682017326,-0.2062053382396698,0.02618296816945076,-0.08957649022340775,0.026115339249372482,0.3565549850463867,0.15799953043460846,-0.1369103491306305,0.05750814080238342,-0.2674272656440735,0.18261058628559113,-0.30901139974594116,-0.011081722564995289,0.5028167366981506,-0.1439848244190216,0.1492297351360321,-0.009359491989016533,-0.09457971155643463,0.24936309456825256,-0.15989995002746582,-0.38846662640571594,-0.1219385415315628,0.16083410382270813,-0.29613447189331055,-0.3398270010948181,0.21611371636390686,-0.0065733641386032104,-0.04831596463918686,-0.24108734726905823,-0.32289549708366394,0.273943156003952,-0.18940369784832,0.22046037018299103,0.35420989990234375,-0.3756353557109833,-0.08038511127233505,0.1655336171388626,0.17160244286060333,0.05255897715687752,-0.07478437572717667,-0.49515318870544434,-0.2529023289680481,-0.31149107217788696,-0.04296189546585083,0.17842862010002136,0.1458645910024643,-0.3029654324054718,-0.07492364943027496,0.3345372676849365,-0.17400293052196503,-0.5209482908248901,0.1971500962972641,0.09035061299800873,-0.3506191670894623,0.17625443637371063,0.29568278789520264,0.1371193826198578,-0.7045534253120422,-0.05465545505285263,0.3862225413322449,-0.05524793267250061,-0.105133056640625,-0.040388721972703934,-0.3622424006462097,-0.13507691025733948,-0.07922697067260742,-0.024563560262322426,0.267674058675766,-0.351745069026947,0.00026232301024720073,-0.00804164819419384,0.3360406458377838,0.22602348029613495,-0.049317408353090286,0.14844104647636414,0.1553407609462738,0.3738817274570465,0.09890780597925186,0.023077821359038353,0.2305212765932083,-0.31548866629600525,-0.01786157861351967,0.03391442075371742,0.4822537302970886,-0.06590261310338974,-0.05259043723344803,-0.18893523514270782,0.11927791684865952,0.5318745374679565,-0.01677621528506279,0.31102344393730164,0.3952746093273163,0.019300268962979317,0.04800640419125557,-0.010524350218474865,-0.11050452291965485,0.3130572736263275,0.04618073254823685,-0.03304625675082207,-0.3139053285121918,-0.3213527202606201,0.11558417230844498,0.24394147098064423,0.04469095543026924,0.06410688906908035,0.16281358897686005,0.11226842552423477,-0.24160361289978027,-0.3850470185279846,0.2856537103652954,0.003237757133319974,-0.264118492603302,0.12311532348394394,0.1802356094121933,0.052045442163944244,0.3580951988697052,0.22951087355613708,0.2806873917579651,0.01259864866733551,-0.07275042682886124,0.25428688526153564,0.08441577106714249,-0.32668840885162354,-0.3118949830532074,0.02985399402678013,-0.34397104382514954,0.3734824061393738,0.41051554679870605,-0.04089885950088501,0.20152685046195984,0.08992888033390045,-0.055764924734830856,-0.05766415596008301,0.10331376641988754,-0.3137386739253998,0.11828167736530304,0.09549154341220856,0.36980751156806946,0.13952691853046417,-0.14230278134346008,-0.05356578156352043,-0.4394837021827698,0.09976838529109955,-0.03661397472023964,0.020099062472581863,-0.4623388350009918,0.40779024362564087,0.0976501852273941,0.1977544128894806,-0.08318968862295151,-0.18402811884880066,-0.27401700615882874,0.5832697153091431,0.14288359880447388,-0.4048496186733246,0.18905381858348846,-0.05377812311053276,-0.407920777797699,-0.3055202066898346,0.2741362452507019,0.27007976174354553,0.09442893415689468,0.29220375418663025,-0.10430494695901871,0.33564624190330505,-0.14855916798114777,-0.005236785858869553,0.001362872077152133,0.2894342243671417,-0.21845197677612305,-0.0976775512099266,-0.35420769453048706,-0.08746995031833649,-0.10927500575780869,-0.13232804834842682,0.20268230140209198,-0.020790772512555122,0.43102169036865234,0.41076627373695374,0.025657719001173973,0.28491145372390747,0.4699249267578125,0.01492302119731903,-0.23927287757396698,0.20599929988384247,-0.004718497395515442,-0.060152340680360794,-0.2356407344341278,-0.051569320261478424,-0.02421943098306656,-0.07111302763223648,-0.37265193462371826,-0.08109495043754578,0.005980944726616144,-0.010505512356758118,-0.3228628635406494,-0.3910979926586151,0.11420036852359772,-0.03295964375138283,0.21028098464012146,0.3481857180595398,0.04717590659856796,0.23505918681621552,-0.11952787637710571,0.22937655448913574,-0.2565160393714905,-0.052430517971515656,-0.22547295689582825,0.25667983293533325,-0.4888944625854492,0.24550998210906982,0.34379008412361145,0.051300693303346634,0.097598597407341,0.2516337037086487,0.043920330703258514,-0.5166088342666626,-0.3564034700393677,0.3894480764865875,0.027364805340766907,0.03850586339831352,-0.15569338202476501,-0.07562650740146637,0.1144556850194931
CID000054786,1808,0.0024770735763013363,-0.1286945343017578,-0.05748677998781204,0.6418691873550415,-0.2505547106266022,0.16342782974243164,0.10775123536586761,0.05629042536020279,-0.015048535540699959,0.016506901010870934,-0.10839791595935822,0.07526569068431854,-0.11665065586566925,-0.03503593057394028,-0.11226137727499008,-0.011935243383049965,-0.081495001912117,-0.05526769906282425,-0.031329911202192307,-0.49416548013687134,0.024106958881020546,-0.32455700635910034,-0.28863078355789185,-0.9064359664916992,0.07698275148868561,0.2662927508354187,-0.18904881179332733,0.05945082753896713,-0.0910673514008522,-0.1428287923336029,0.038947708904743195,0.32133135199546814,0.016995465382933617,0.08789421617984772,0.13520567119121552,0.24121470749378204,0.07911588251590729,-0.00302731990814209,0.08030097931623459,-0.25443577766418457,-0.050303101539611816,-0.2008201628923416,0.051136840134859085,-0.20494070649147034,-0.0678199827671051,0.4438173770904541,0.13111035525798798,0.07088354229927063,0.022717595100402832,0.0041344016790390015,0.3696385324001312,0.05573049932718277,-0.24544396996498108,0.08421452343463898,0.09406343847513199,0.05526125431060791,-0.22496671974658966,-0.05829206854104996,-0.05249357223510742,-0.045466817915439606,0.008998608216643333,-0.019679952412843704,-0.19865365326404572,-0.022230666130781174,0.27360934019088745,0.3668244183063507,0.059356868267059326,0.07418134808540344,0.1642007976770401,-0.07228630781173706,0.32164955139160156,0.22640898823738098,-0.31090155243873596,-0.07826392352581024,-0.05419033765792847,0.20266659557819366,0.203263521194458,0.26987701654434204,-0.2777700126171112,-0.18958953022956848,0.5353233218193054,-0.36088377237319946,-0.31664955615997314,-0.027866501361131668,0.29258066415786743,-0.08439496159553528,0.3082774579524994,0.03275406360626221,0.0018943741451948881,-0.7710922360420227,0.015899784862995148,0.10491140186786652,0.053647685796022415,0.050939418375492096,0.2009720504283905,-0.3037583827972412,0.11141302436590195,-0.001963317394256592,0.4719916880130768,0.179904505610466,0.04210883751511574,-0.06793991476297379,-0.18158094584941864,0.26413339376449585,0.14311715960502625,0.03776831179857254,0.2052663117647171,-0.14288337528705597,0.6446528434753418,0.0485527403652668,-0.23147061467170715,0.043914083391427994,-0.26253852248191833,-0.21001586318016052,-0.08919111639261246,0.16389580070972443,-0.20881280303001404,0.1872216761112213,-0.12220177799463272,0.20923380553722382,0.7266941666603088,-0.2566913962364197,0.28846949338912964,0.14207026362419128,0.12016823142766953,-0.17238101363182068,0.028666561469435692,0.05194365978240967,0.1387449949979782,0.14912794530391693,-0.053402870893478394,-0.4831608235836029,-0.19554845988750458,0.1724816858768463,0.17379072308540344,0.3263307511806488,0.025802578777074814,0.035250503569841385,0.07972171157598495,-0.14505937695503235,-0.1765556037425995,-0.011926645413041115,0.10366890579462051,0.04878045991063118,-0.08981398493051529,0.17529341578483582,-0.1424778401851654,0.5196533799171448,0.09915898740291595,0.25958216190338135,-0.20430037379264832,-0.5444074869155884,-0.06686665117740631,0.027444347739219666,-0.37154680490493774,-0.03843721002340317,0.040573082864284515,0.03223002701997757,-0.0570325069129467,0.38082438707351685,0.10253707319498062,-0.05912579223513603,-0.046122148633003235,0.10693173110485077,0.017854729667305946,-0.17647895216941833,-0.1100492849946022,0.09962792694568634,-0.0879688411951065,0.11896544694900513,-0.0027512789238244295,-0.2536203861236572,-0.2899712324142456,-0.41276565194129944,0.11404979228973389,-0.041067786514759064,0.12748409807682037,-0.09580817073583603,0.5164268612861633,-0.11004380881786346,-0.1412670910358429,0.057129740715026855,-0.16077786684036255,0.03602088242769241,0.5210073590278625,0.23140797019004822,-0.3362266421318054,0.08451517671346664,0.11131326854228973,-0.2275257557630539,0.08306851238012314,0.0040829600766301155,0.19225916266441345,-0.16117329895496368,-0.0020822256337851286,0.00889286957681179,-0.02143646404147148,0.14092490077018738,-0.29261574149131775,-0.0744117796421051,0.02296883426606655,-0.1365106999874115,-0.024463403970003128,-0.11062446981668472,-0.10273343324661255,-0.04333919659256935,0.018407028168439865,0.1010652408003807,-0.043615661561489105,0.5408915281295776,0.2880758047103882,0.06410540640354156,0.00658682594075799,-0.01754605770111084,0.07962186634540558,-0.3353114128112793,0.14661188423633575,0.24229896068572998,0.14893421530723572,0.06502880156040192,-0.021074511110782623,-0.025119656696915627,0.3500533699989319,-0.2528538107872009,0.10506794601678848,-0.0767647847533226,-0.5556632280349731,-0.27244463562965393,0.00015916823758743703,0.09073542058467865,-0.17182192206382751,0.40073162317276,0.2537357211112976,0.009933242574334145,0.20029310882091522,0.1870502084493637,0.31617456674575806,-0.21166805922985077,0.13465087115764618,-0.23013095557689667,0.17181649804115295,-0.5070377588272095,-0.08456665277481079,0.09616170078516006,-0.35719922184944153,-0.31656184792518616,0.23373770713806152,-0.06899645179510117,-0.613215446472168,-0.10534663498401642,0.1517418622970581,-0.08828549087047577,-0.20906290411949158,0.14198419451713562,0.07024474442005157,0.15700341761112213
CID000004736,1813,0.11689911037683487,0.07947000116109848,-0.039871394634246826,0.3905075192451477,-0.14799049496650696,0.03437410667538643,0.2207103967666626,0.5416643619537354,-0.06288236379623413,-0.080745629966259,0.21007633209228516,0.10473661124706268,-0.05821635201573372,0.2999058663845062,-0.3008904755115509,0.14313842356204987,-0.04649295285344124,-0.21071699261665344,0.2893977761268616,-0.7179276943206787,0.18312177062034607,-0.3006388545036316,0.1346856951713562,-0.8842560648918152,0.22259056568145752,0.2195005863904953,0.1037282720208168,-0.08230989426374435,0.049982666969299316,0.07173337787389755,-0.19772720336914062,0.1891566962003708,-0.04926171153783798,0.1115020364522934,0.2561449706554413,-0.21956725418567657,0.27661454677581787,0.2865206301212311,-0.10041312128305435,0.17926514148712158,-0.05179232358932495,-0.3744730055332184,0.25121524930000305,-0.5004552602767944,-0.293325275182724,0.306659072637558,-0.1835118532180786,-0.10484200716018677,0.09547169506549835,0.22523494064807892,0.5712653398513794,-0.1629951298236847,-0.005778652615845203,0.062062859535217285,0.20486769080162048,-0.15951701998710632,0.4647856652736664,0.32976385951042175,0.06121649220585823,0.3889370560646057,-0.2989633083343506,-0.482653945684433,0.0261403676122427,0.10594558715820312,-0.038083966821432114,0.4386468827724457,-0.27978938817977905,-0.036032695323228836,-0.00019466280355118215,0.2557368874549866,0.007308346219360828,-0.1213897094130516,-0.1512182652950287,-0.2597358524799347,-0.1837822049856186,0.7139908671379089,-0.2170148342847824,0.0774141177535057,-0.07824424654245377,0.5522041916847229,0.3727189600467682,-0.5762606263160706,-0.21572360396385193,-0.009286686778068542,-0.18768678605556488,-0.28309938311576843,0.12832149863243103,0.08704619109630585,-0.3693552017211914,-0.8873882293701172,-0.09992631524801254,0.19281251728534698,-0.051592856645584106,0.23615877330303192,0.048252277076244354,-0.499838650226593,0.2664887011051178,0.03366004675626755,-0.2533535063266754,0.18186864256858826,0.6406046748161316,0.12328694760799408,0.06876028329133987,0.5805548429489136,-0.1258886307477951,0.08168014138936996,-0.5237832069396973,-0.1035749539732933,0.6143907308578491,0.044194936752319336,-0.1928921639919281,0.22408242523670197,0.03250455856323242,-0.026748573407530785,0.15357187390327454,0.1092943400144577,0.09226374328136444,0.20946422219276428,-0.10082115232944489,0.252533495426178,0.6961979269981384,-0.3080872595310211,0.4443114399909973,-0.14904358983039856,0.08992491662502289,-0.046380095183849335,0.05366476625204086,-0.15042679011821747,0.2355130910873413,-0.1465764343738556,0.09528457373380661,-0.4760327935218811,-0.29811275005340576,0.08934561908245087,0.3072246015071869,-0.06851901113986969,-0.12524351477622986,0.09392844140529633,-0.23905424773693085,-0.6738117933273315,-0.25621485710144043,0.23086413741111755,0.42042213678359985,-0.0014985010493546724,-0.08834822475910187,0.34988850355148315,-0.42555204033851624,0.40964275598526,-0.16124525666236877,0.097841776907444,0.011667347513139248,-0.23384758830070496,-0.3665996193885803,0.1412632167339325,-0.10241200029850006,-0.023574480786919594,0.05174823850393295,-0.19919158518314362,0.14884047210216522,0.09973720461130142,0.19576305150985718,-0.27262672781944275,-0.15538367629051208,-0.015721283853054047,-0.05649910122156143,-0.004067143891006708,-0.15864120423793793,0.3539011776447296,-0.045519355684518814,0.056328367441892624,0.3651443123817444,-0.4416252076625824,-0.24320168793201447,-0.23299463093280792,0.05256849527359009,0.07636845111846924,0.24937915802001953,-0.21209147572517395,0.6372789740562439,0.12306620180606842,0.35569748282432556,-0.07158921658992767,-0.35969167947769165,-0.30499380826950073,0.04170118644833565,0.16162508726119995,-0.6676711440086365,-0.24946001172065735,-0.12216965109109879,-0.2157464325428009,-0.1461794674396515,0.07277679443359375,0.2557065486907959,-0.23772771656513214,0.3071744740009308,-0.07706597447395325,-0.2051137387752533,-0.27086836099624634,0.004898047540336847,0.159774050116539,-0.19236184656620026,-0.3708643913269043,0.31673184037208557,-0.2708459496498108,0.18829265236854553,0.12921743094921112,-0.028048962354660034,-0.4484063982963562,0.37667250633239746,0.3960307538509369,0.2340327799320221,0.013291502371430397,0.22548194229602814,0.09689764678478241,0.3371739983558655,-0.6488425135612488,-0.16513341665267944,0.38280221819877625,0.06727198511362076,0.4966413080692291,-0.07612591236829758,-0.15650489926338196,0.10207150876522064,-0.44476160407066345,0.085368312895298,0.025846391916275024,0.3582327961921692,-0.5386791229248047,0.5675393342971802,0.23832198977470398,-0.25795161724090576,0.060687631368637085,0.09109251201152802,0.06449422985315323,-0.4331204295158386,0.06455807387828827,0.4469616413116455,-0.25864025950431824,0.09755509346723557,-0.3328644037246704,-0.12594442069530487,-0.7533741593360901,0.030669188126921654,0.4082568287849426,0.04435518756508827,-0.28506988286972046,0.17241807281970978,-0.0484122559428215,-0.807308554649353,-0.04815790802240372,0.41578418016433716,-0.511569082736969,-0.038322120904922485,-0.11211999505758286,0.1270594447851181,0.08628852665424347
CID000122316,1863,0.186898335814476,0.02399493381381035,0.23982124030590057,0.42300957441329956,-0.5427807569503784,0.16476573050022125,0.24614973366260529,0.33569639921188354,-0.06947626173496246,0.3637763261795044,0.03821061551570892,-0.03405563160777092,-0.14336742460727692,0.05166638642549515,-0.1346348375082016,-0.1444971263408661,-0.06862960755825043,-0.07729773223400116,-0.030169103294610977,-0.549186110496521,0.09192383289337158,-0.1933308094739914,0.14609269797801971,-0.7725921273231506,-0.02430584467947483,-0.04360464960336685,-0.17791056632995605,-0.0979633703827858,-0.019409235566854477,0.12914888560771942,0.15785692632198334,0.24723486602306366,0.042259179055690765,0.28052428364753723,-0.013150054030120373,-0.016488676890730858,-0.05960417538881302,0.1590980589389801,0.29619091749191284,-0.24986422061920166,0.17080603539943695,-0.2842002809047699,0.1310396045446396,-0.32051435112953186,-0.10213851928710938,0.4185836911201477,0.005320465657860041,-0.174336776137352,-0.09229724109172821,-0.010293036699295044,0.21760842204093933,0.15176260471343994,-0.22404177486896515,-0.15124595165252686,0.121076799929142,-0.025718439370393753,0.015731990337371826,0.35864558815956116,0.046593520790338516,0.11170490831136703,-0.2451825886964798,-0.26063865423202515,0.21839658915996552,-0.005518441088497639,0.3002670407295227,0.43173113465309143,-0.37691718339920044,-0.18276731669902802,0.31316980719566345,0.07274270057678223,-0.13809925317764282,-0.2089157998561859,-0.35407108068466187,-0.261949360370636,-0.09248486906290054,0.14427165687084198,0.1986076682806015,-0.07009454071521759,-0.08523234724998474,-0.0480828694999218,0.18203720450401306,-0.653495728969574,-0.399667352437973,0.25838810205459595,0.2623192071914673,-0.2106211930513382,0.08169663697481155,0.10266678035259247,-0.0062828101217746735,-0.752120852470398,-0.053651295602321625,0.04982711374759674,-0.11558182537555695,-0.00688222935423255,-0.009767699055373669,-0.3105868697166443,-0.012095185928046703,-0.3211524486541748,0.1298903226852417,0.08080261200666428,-0.07892591506242752,0.24263763427734375,0.13283778727054596,0.39574819803237915,-0.0021554171107709408,0.002818272216245532,0.05338865518569946,-0.15721023082733154,0.4993930757045746,0.09641984850168228,-0.18439874053001404,0.10243626683950424,-0.11913566291332245,0.05414368957281113,0.03358158841729164,0.27396360039711,-0.007921399548649788,-0.3794499337673187,0.03977901116013527,0.1251479536294937,0.6966170072555542,-0.015398207120597363,0.24948659539222717,0.20065435767173767,-0.06208214908838272,-0.019364506006240845,-0.07624469697475433,-0.10472863912582397,0.10124345868825912,-0.04046632722020149,0.4088996350765228,-0.6268622279167175,-0.5047892928123474,0.20350053906440735,0.2679603099822998,0.024581974372267723,-0.10090361535549164,0.3031296730041504,0.05667896196246147,-0.29886099696159363,-0.22692684829235077,0.24071235954761505,0.035791195929050446,-0.018648182973265648,-0.1145494356751442,0.08495990931987762,0.059427253901958466,0.37555593252182007,-0.005341842770576477,0.08876604586839676,0.1738138496875763,-0.3841920793056488,0.09703531861305237,0.18492615222930908,-0.23585939407348633,-0.3315163254737854,0.015531855635344982,0.016582190990447998,-0.03862147778272629,0.15800102055072784,0.014970779418945312,-0.20796552300453186,0.0026001394726336002,-0.00898037850856781,-0.03151540085673332,0.01636703871190548,-0.22951483726501465,0.19514325261116028,0.07609964907169342,0.2712852358818054,-0.011276377364993095,-0.17016711831092834,-0.20367150008678436,-0.1632366180419922,-0.13654688000679016,-0.07154105603694916,0.14896273612976074,-0.2248886078596115,0.37660759687423706,-0.17214974761009216,-0.0320463664829731,-0.02866830863058567,-0.10610496997833252,-0.2133726179599762,0.26134854555130005,0.2549359202384949,-0.2062852829694748,0.008425896987318993,-0.02881394699215889,-0.2395564317703247,-0.253989040851593,0.03405994921922684,0.30147629976272583,-0.06428910791873932,0.09188411384820938,-0.1847771555185318,0.29528456926345825,-0.09342356026172638,0.2581437826156616,0.08191697299480438,-0.03548691049218178,-0.3666018545627594,0.02262655831873417,-0.12890765070915222,-0.2012280970811844,-0.007926630787551403,-0.15258756279945374,0.12166404724121094,-0.08378702402114868,0.35826483368873596,0.3428589999675751,0.19025923311710358,0.19499726593494415,0.41083279252052307,0.04065989330410957,-0.06605017185211182,0.02736840583384037,0.22817187011241913,0.13899734616279602,0.00047291815280914307,0.048082657158374786,-0.11251261085271835,-0.13628384470939636,-0.24966073036193848,-0.04928898438811302,-0.3779401183128357,-0.1620648205280304,-0.012183638289570808,-0.16840343177318573,0.2694407105445862,-0.05797821283340454,0.2310161292552948,0.20782716572284698,0.02791856788098812,-0.009643913246691227,0.2073005735874176,0.3856891393661499,-0.2746261954307556,0.08239094167947769,-0.10704338550567627,0.07325311005115509,-0.7437792420387268,0.07490779459476471,0.28618165850639343,0.0024952858220785856,0.1917208433151245,0.08183345943689346,0.006072330288589001,-0.6716593503952026,-0.22812826931476593,0.14585280418395996,-0.22298845648765564,0.0632752999663353,-0.12708890438079834,0.020166825503110886,0.09231823682785034
CID000003008,1871,0.19020703434944153,0.18687038123607635,0.07379750162363052,0.2569635808467865,-0.2601896822452545,0.10919727385044098,0.13686484098434448,0.5089393854141235,-0.09598667919635773,-0.10906429588794708,0.1302296221256256,0.21761493384838104,-0.0686255544424057,0.3356526792049408,-0.38522034883499146,0.10701944679021835,0.11075059324502945,-0.16211162507534027,0.21036005020141602,-0.7668153047561646,0.10344652086496353,-0.28252214193344116,0.08344589918851852,-0.9658365249633789,0.218187615275383,0.2284330576658249,0.05694127082824707,0.0932212695479393,0.12024924904108047,-0.023878641426563263,-0.23355980217456818,0.42811304330825806,-0.03598080947995186,0.10890223830938339,0.15314240753650665,-0.2234128713607788,0.11798854917287827,0.10113990306854248,0.18327899277210236,0.1067223995923996,0.01677570305764675,-0.23065181076526642,0.2461857795715332,-0.6563839316368103,-0.2705172002315521,0.3989945352077484,-0.22522541880607605,0.056741345673799515,0.13269250094890594,0.1660165637731552,0.6101160049438477,-0.08146317303180695,-0.03402821347117424,-0.02506915293633938,0.3431354761123657,-0.27401405572891235,0.5780855417251587,0.3394060730934143,-0.03576682507991791,0.4302775263786316,-0.39338985085487366,-0.3924160301685333,0.01060466468334198,0.10074679553508759,0.006015786435455084,0.5678304433822632,-0.2472577542066574,-0.040283944457769394,-0.022138942033052444,0.2950854003429413,0.032290589064359665,-0.015156793408095837,-0.04552292078733444,-0.3741934597492218,-0.20288825035095215,0.6357885003089905,-0.21365368366241455,0.1761716902256012,-0.049028363078832626,0.5611501336097717,0.41631993651390076,-0.5204063057899475,-0.26871952414512634,-0.054102975875139236,-0.25969067215919495,-0.17701610922813416,0.0903816968202591,0.18980513513088226,-0.34133321046829224,-0.7784556150436401,0.036307670176029205,0.11622419208288193,0.016920240595936775,0.0116242291405797,0.04529496654868126,-0.5168648958206177,0.2009388655424118,-0.07122953981161118,-0.22795626521110535,0.09573543816804886,0.5649155378341675,0.28197357058525085,0.005810381378978491,0.551085352897644,-0.17861661314964294,0.23626616597175598,-0.5143274068832397,-0.08960942178964615,0.7691683173179626,0.1819881647825241,-0.08291333168745041,0.40098461508750916,0.08369680494070053,0.0988229513168335,0.09037171304225922,0.0926017165184021,0.13612589240074158,0.08381222188472748,-0.23922224342823029,0.18692535161972046,0.6675260663032532,-0.43289628624916077,0.5400821566581726,-0.06441996991634369,-0.12585893273353577,-0.14286048710346222,0.004533600993454456,-0.09910184890031815,0.2303491085767746,-0.27115264534950256,0.1320941001176834,-0.447110652923584,-0.11889789253473282,0.026142526417970657,0.27952417731285095,-0.059333402663469315,-0.057305384427309036,-0.017870474606752396,-0.22908525168895721,-1.0190036296844482,-0.44109123945236206,0.31060102581977844,0.5658724308013916,0.023920651525259018,0.042764849960803986,0.27266088128089905,-0.2682763934135437,0.43855562806129456,-0.230227991938591,-0.06719908118247986,0.04062116518616676,-0.23959895968437195,-0.35122308135032654,-0.047196902334690094,-0.046314965933561325,-0.09747916460037231,0.04867187887430191,-0.18276704847812653,0.06414845585823059,0.3117122948169708,0.18108777701854706,-0.20750422775745392,-0.05983634665608406,-0.056740451604127884,-0.009215513244271278,-0.11192361265420914,-0.27860894799232483,0.33805665373802185,-0.053680580109357834,0.19290640950202942,0.32230526208877563,-0.4643791615962982,-0.38770580291748047,-0.4633851647377014,0.08210257440805435,-0.10928000509738922,0.21366336941719055,-0.171735018491745,0.5680733919143677,0.21933655440807343,0.3595750033855438,-0.07487573474645615,-0.3293237090110779,-0.35410934686660767,-0.012397350743412971,0.2976895272731781,-0.8131725192070007,-0.38540905714035034,-0.1621476411819458,-0.21534034609794617,-0.15949958562850952,-0.010492673143744469,0.21969644725322723,-0.2585796117782593,0.24995186924934387,0.003997779451310635,-0.015495777130126953,-0.23438045382499695,0.0131880734115839,0.17494377493858337,-0.18705394864082336,-0.21789446473121643,0.4072191119194031,-0.2619038224220276,0.268240749835968,0.022722749039530754,0.003965742886066437,-0.5266371965408325,0.2344331443309784,0.3975011110305786,0.2939903736114502,0.024624718353152275,0.4289005696773529,0.21672752499580383,0.3146387040615082,-0.8822590112686157,-0.2224971055984497,0.28001469373703003,0.05794777348637581,0.542905330657959,-0.10476523637771606,-0.01871516741812229,0.09638156741857529,-0.42246323823928833,0.05369919538497925,-0.05626457929611206,0.183822900056839,-0.5884690284729004,0.6804783344268799,0.13242486119270325,-0.03994430974125862,0.13270539045333862,0.02027682028710842,0.1392645537853241,-0.5185821056365967,0.24658820033073425,0.4682251811027527,-0.16961124539375305,0.02991826832294464,-0.4185476303100586,-0.18118542432785034,-0.8428422212600708,0.10107165575027466,0.2115638256072998,-0.026638727635145187,-0.3166017234325409,0.06937761604785919,-0.2859795093536377,-0.7008405923843384,-0.19910186529159546,0.4316827356815338,-0.25990089774131775,0.1382002979516983,-0.011271682567894459,-0.07515247166156769,0.09080235660076141
CID000048175,1880,0.3462570011615753,0.004222099669277668,-0.006894721183925867,0.5623175501823425,-0.12352454662322998,0.2952117919921875,0.11979515850543976,0.2428673505783081,-0.04190313443541527,0.24972614645957947,0.18143564462661743,-0.18508028984069824,-0.34322211146354675,0.3005945384502411,0.056870341300964355,-0.11503119766712189,-0.015039736405014992,-0.25372979044914246,-0.013149762526154518,-0.44649505615234375,0.04883809760212898,-0.10011494159698486,-0.10274922847747803,-0.722225546836853,-0.294486403465271,0.09078343212604523,-0.31593722105026245,-0.20326092839241028,0.006260980851948261,0.0529702827334404,-0.005944466684013605,0.4903627336025238,-0.0006753839552402496,-0.17860285937786102,-0.006201401352882385,-0.12499074637889862,0.47503262758255005,-0.1333000212907791,0.2179475724697113,0.021618381142616272,-0.04176706820726395,0.16944542527198792,0.362736314535141,-0.0915602371096611,-0.30543795228004456,0.21369238197803497,-0.07113949209451675,0.0378568135201931,0.35964980721473694,0.14329954981803894,0.5302451252937317,-0.009550049901008606,-0.4452802240848541,0.1824711561203003,-0.004700100515037775,-0.37901571393013,-0.019676227122545242,-0.11188207566738129,0.08755724132061005,0.0223064124584198,0.006443667225539684,-0.2362792044878006,-0.018495772033929825,-0.2607983350753784,0.39944687485694885,0.5518349409103394,-0.04362132400274277,0.1215466856956482,0.2143653929233551,0.26338356733322144,0.024910561740398407,0.10618309676647186,-0.29746127128601074,-0.3703480064868927,-0.4373546540737152,0.10950960218906403,0.09144808351993561,-0.06641430407762527,-0.1195702999830246,0.20680615305900574,0.06596165895462036,-0.2785990834236145,-0.43836531043052673,-0.04455463960766792,0.06969428062438965,-0.056228168308734894,-0.07884116470813751,0.3100711703300476,-0.06523766368627548,-1.1575343608856201,0.08811227232217789,0.2935122847557068,-0.04599786922335625,-0.17928752303123474,0.1521507054567337,-0.589165210723877,0.13863234221935272,-0.17167064547538757,-0.1510179340839386,0.2974380850791931,-0.09536124765872955,0.30501019954681396,0.0018752828473225236,0.4358360171318054,-0.08567824214696884,-0.0005432412144728005,-0.394534170627594,0.06823037564754486,0.327335000038147,-0.19608713686466217,-0.06240725517272949,0.1057949811220169,-0.12538154423236847,-0.1433330476284027,0.023378942161798477,0.18442314863204956,-0.23493215441703796,-0.1842568814754486,-0.008565045893192291,0.12440548092126846,0.6463245153427124,-0.1864737570285797,0.08901486545801163,0.002344667911529541,-0.13131681084632874,0.059361349791288376,0.09891662746667862,-0.18639148771762848,0.28707581758499146,0.04768438637256622,0.16251422464847565,-0.3879229724407196,-0.2939950227737427,0.5476181507110596,0.1513390988111496,0.33275872468948364,-0.09366581588983536,0.13207001984119415,-0.2471313774585724,-0.10340187698602676,-0.00040553510189056396,0.3935365080833435,0.005137699656188488,-0.18218830227851868,-0.014292416162788868,-0.06904933601617813,0.0006028027273714542,0.37933066487312317,-0.17132394015789032,-0.007566672749817371,-0.10907034575939178,-0.49451136589050293,0.28282761573791504,0.07995645701885223,-0.3672952651977539,0.15464290976524353,-0.01585220918059349,-0.22157445549964905,-0.09084246307611465,0.47228774428367615,-0.10804525762796402,0.23649708926677704,-0.08143861591815948,-0.14514057338237762,-0.4473887085914612,-0.23356428742408752,0.16745352745056152,-0.07343296706676483,-0.0096042575314641,0.1214989647269249,0.15519003570079803,-0.1218314990401268,-0.22017374634742737,-0.25373363494873047,-0.16585618257522583,0.016984079033136368,0.12821564078330994,-0.11100386083126068,0.36813268065452576,0.2575927972793579,-0.10784896463155746,0.1535033881664276,-0.1379830688238144,-0.1849784255027771,0.430157333612442,-0.08111553639173508,-0.3892362713813782,0.05196154862642288,0.32252830266952515,-0.37834662199020386,-0.03819258138537407,0.1072213277220726,0.15563733875751495,-0.0517013780772686,-0.03941037133336067,-0.04133298248052597,0.20135033130645752,-0.38203927874565125,-0.024417027831077576,-0.11897362768650055,0.08315733820199966,-0.40490561723709106,-0.06416549533605576,-0.3038565516471863,-0.056314557790756226,-0.16039733588695526,-0.05466470867395401,-0.2520010769367218,0.42673030495643616,0.6067506670951843,0.3653761148452759,0.04225640743970871,0.21295848488807678,-0.1197834387421608,0.1429590880870819,-0.1661345660686493,0.1830855906009674,-0.1306665688753128,0.03766709566116333,-0.13774186372756958,-0.026738841086626053,0.08159494400024414,0.0415392629802227,-0.46271735429763794,-0.04791663959622383,-0.218226358294487,0.19720517098903656,-0.24375338852405548,-0.05202450603246689,0.15090827643871307,-0.05167509987950325,0.28859391808509827,0.1453533172607422,0.12580843269824982,-0.3968657851219177,-0.050997208803892136,0.3985050916671753,-0.618299126625061,-0.057087115943431854,-0.2543853223323822,0.21891872584819794,-0.5852020382881165,0.13990898430347443,0.3101116120815277,-0.0428374707698822,-0.018577132374048233,-0.03053351677954197,-0.2878928780555725,-0.5771464705467224,-0.00536072114482522,0.12772448360919952,0.030191827565431595,0.04500436782836914,-0.08257704973220825,-0.14884962141513824,0.12191502004861832
CID000004893,1892,0.18369808793067932,0.16932693123817444,0.21791329979896545,0.4439842700958252,-0.18409843742847443,0.057612039148807526,0.15977725386619568,0.1264212280511856,-0.10291850566864014,0.20937232673168182,0.05862041562795639,-0.15001067519187927,-0.08651842921972275,0.14932692050933838,0.059565603733062744,-0.09282857179641724,0.12548640370368958,-0.2300165891647339,0.29289254546165466,-0.58415687084198,-0.17988097667694092,0.014871078543365002,-0.08508747816085815,-0.8206214904785156,0.23486760258674622,0.10531625896692276,-0.14821939170360565,-0.2746621072292328,-0.0426313616335392,0.16150373220443726,0.11963938176631927,0.19675692915916443,-0.16168221831321716,0.018189359456300735,-0.1204281821846962,0.04048239067196846,0.031945694237947464,0.2574165463447571,0.1267307847738266,-0.2813062071800232,-0.07863648980855942,-0.3540132939815521,0.12469542026519775,-0.20994742214679718,-0.1950616091489792,0.24993860721588135,0.22699770331382751,-0.0714123472571373,0.053426243364810944,0.12713943421840668,0.3898230493068695,-0.12808212637901306,-0.18191668391227722,-0.12791994214057922,0.05593001842498779,-0.11840946972370148,-0.21801602840423584,0.1599387377500534,0.17999207973480225,0.10013113915920258,-0.20346710085868835,-0.40087151527404785,-0.05532088130712509,-0.3423560857772827,0.11378274857997894,0.2846199870109558,-0.1495702713727951,-0.19012251496315002,0.1124294251203537,-0.20142212510108948,0.31172236800193787,0.3122625946998596,-0.3948383331298828,-0.22801299393177032,-0.4284124970436096,-0.05550011247396469,-0.17686328291893005,0.3569291830062866,-0.16065506637096405,-0.23986610770225525,0.3763743042945862,-0.34868818521499634,-0.4545675814151764,-0.32529276609420776,0.278337687253952,-0.18451860547065735,0.15048575401306152,0.009904337115585804,-0.10515701770782471,-0.7352120876312256,0.026293832808732986,0.3276090621948242,-0.010544362477958202,0.1267467439174652,-0.0010757505660876632,-0.33889079093933105,0.13784794509410858,-0.1455339938402176,0.08882758766412735,0.14204655587673187,-0.2955741286277771,0.24711713194847107,-0.18280884623527527,0.1696433126926422,0.3100176453590393,0.19910934567451477,-0.07438112795352936,0.1341879814863205,0.4776730537414551,-0.020848482847213745,-0.12623128294944763,0.20710551738739014,-0.4379754960536957,0.12361957877874374,-0.22041526436805725,0.47685879468917847,-0.12895943224430084,0.09032993763685226,-0.23984627425670624,0.1584887057542801,0.5560619235038757,-0.05791754275560379,0.2430797815322876,0.25063222646713257,-0.2283220738172531,0.25032752752304077,-0.00040482281474396586,-0.06268075853586197,0.23587508499622345,-0.19319435954093933,0.24759583175182343,-0.2901821732521057,-0.13608434796333313,-0.011566358618438244,0.2527291774749756,0.11777390539646149,-0.3242686688899994,-0.0047218999825417995,-0.10174603760242462,-0.27919891476631165,-0.19444583356380463,0.1443985104560852,0.17428916692733765,-0.1372377574443817,-0.25189530849456787,0.20104679465293884,-0.25830256938934326,0.4544614851474762,0.36370849609375,0.29883497953414917,0.13291367888450623,-0.1806192249059677,-0.13477802276611328,0.27577629685401917,-0.20044954121112823,-0.22823035717010498,0.14364905655384064,-0.18167918920516968,-0.224631667137146,0.27614182233810425,0.11677546799182892,-0.04275888204574585,-0.11169036477804184,0.0112586859613657,-0.07061310112476349,0.036619625985622406,-0.21252119541168213,-0.01301642693579197,-0.1835372895002365,0.3758145868778229,0.09370994567871094,-0.23306795954704285,-0.23298601806163788,-0.27290603518486023,-0.027470603585243225,-0.015342633239924908,0.086400605738163,-0.3040422797203064,0.5222163200378418,0.07009150087833405,0.001611989689990878,-0.20090118050575256,-0.22598545253276825,-0.11766636371612549,0.5901474356651306,0.3101455569267273,-0.29442015290260315,-0.19350340962409973,-0.0961705669760704,-0.4333640933036804,-0.01099308766424656,0.2774818539619446,0.02050790563225746,-0.2265031337738037,0.056880783289670944,-0.2755325436592102,0.04328370466828346,0.16558602452278137,-0.17649570107460022,-0.18294987082481384,0.12661798298358917,-0.2191927433013916,-0.13186398148536682,-0.47638386487960815,0.25830477476119995,-0.43246516585350037,-0.10078994184732437,0.2020031213760376,-0.034010149538517,0.5589313507080078,0.47056689858436584,-0.29847952723503113,0.16345247626304626,0.02899496629834175,-0.06434866040945053,-0.10418450832366943,-0.10651795566082001,0.17421142756938934,-0.10275914520025253,-0.14053359627723694,-0.11858220398426056,-0.1813538670539856,-0.02069759927690029,-0.24265924096107483,0.11147661507129669,-0.15313425660133362,-0.013573849573731422,-0.009449121542274952,-0.2984575927257538,0.019875407218933105,-0.005765807814896107,0.38223230838775635,0.3478470742702484,0.013752274215221405,-0.12055949866771698,-0.1506635546684265,0.3856961131095886,-0.28363916277885437,0.1854870468378067,-0.2059594839811325,0.479882150888443,-0.654795229434967,-0.24639692902565002,0.16768309473991394,-0.3105544149875641,-0.008872335776686668,0.2734870910644531,0.021982047706842422,-0.41600045561790466,-0.3714112937450409,0.32141774892807007,0.1636163592338562,0.18677933514118195,-0.17792430520057678,0.1662634313106537,0.09398128092288971
CID006918453,1902,0.2851530611515045,-0.1931094378232956,-0.1851687729358673,0.478313684463501,-0.35484009981155396,0.12548010051250458,0.2473684847354889,0.16774305701255798,0.07123015075922012,0.2532481551170349,0.010381358675658703,-0.10641725361347198,-0.047425776720047,0.15875835716724396,-0.12525376677513123,-0.01839294657111168,-0.18667300045490265,-0.22044110298156738,0.2155226171016693,-0.4628363251686096,0.021762749180197716,-0.3603886663913727,-0.08106823265552521,-0.753751277923584,0.33260831236839294,-0.08671288937330246,-0.11256381124258041,-0.16127333045005798,-0.08118396997451782,-0.14540496468544006,0.08342056721448898,0.19894729554653168,0.14349302649497986,-0.18274925649166107,0.06308087706565857,-0.36735981702804565,0.14557182788848877,0.07632969319820404,0.3101566731929779,-0.08018883317708969,-0.0692405104637146,-0.21237698197364807,0.15736058354377747,-0.11108265817165375,-0.1544434130191803,0.2943875193595886,0.101404570043087,0.025486577302217484,0.33380335569381714,0.17977996170520782,0.47394341230392456,0.10870397090911865,-0.2213628739118576,-0.1010701060295105,0.009355505928397179,-0.056516148149967194,0.16390690207481384,-0.11045428365468979,0.18694943189620972,-0.36375829577445984,-0.13699543476104736,-0.370041161775589,-0.27837634086608887,-0.07058266550302505,0.15597878396511078,0.4849892258644104,-0.11501610279083252,0.05752473324537277,0.2123747318983078,-0.017217164859175682,0.05277825519442558,0.15031597018241882,-0.19291119277477264,-0.303316205739975,-0.1150098592042923,-0.020355042070150375,-0.06419201195240021,-0.029957300052046776,-0.2707296311855316,0.14239546656608582,-0.06942717730998993,-0.5979524850845337,-0.2854709327220917,0.12437256425619125,0.044364891946315765,-0.004369656555354595,0.03723948076367378,0.0511787012219429,-0.3329607844352722,-0.7823567986488342,-0.2388966977596283,-0.011319456622004509,0.0803113505244255,0.22892732918262482,-0.2059415578842163,-0.264116108417511,-0.06938140094280243,-0.25209423899650574,0.40607374906539917,0.2798982262611389,-0.08848749101161957,-0.02437150850892067,-0.10274633020162582,0.15230733156204224,0.055469416081905365,0.05329982191324234,-0.3727627098560333,0.17961785197257996,0.49469345808029175,0.028124403208494186,-0.1201217994093895,0.1307046264410019,-0.15785028040409088,-0.1867433339357376,0.2511560320854187,0.027719363570213318,-0.2865130603313446,0.12905888259410858,-0.11717560142278671,0.15240176022052765,0.7747985124588013,-0.08257242292165756,0.10549862682819366,-0.13891181349754333,0.04820264130830765,0.1343395859003067,-0.031750794500112534,0.04464399442076683,0.0903327614068985,0.4012979567050934,0.08871104568243027,-0.5744085907936096,-0.39291447401046753,0.05784015730023384,0.3027374744415283,-0.04395713657140732,0.023163694888353348,0.4039941728115082,0.028730105608701706,-0.13802805542945862,-0.1468190848827362,0.2690773010253906,0.13875745236873627,-0.10063652694225311,-0.1288750320672989,0.034942757338285446,-0.11535060405731201,0.5288589596748352,0.0058879731222987175,0.1440153867006302,0.019404666498303413,-0.3919263482093811,-0.18860748410224915,0.2953576445579529,-0.29779914021492004,-0.02747032418847084,-0.039980076253414154,0.1944396197795868,0.18991339206695557,0.13270434737205505,0.06400074809789658,0.10550133138895035,-0.023571064695715904,-0.18391962349414825,-0.027587030082941055,-0.10199330002069473,-0.17755258083343506,0.3871826231479645,0.03453591465950012,0.15182989835739136,-0.011668133549392223,-0.12877219915390015,-0.1403408944606781,-0.2684388756752014,0.31536418199539185,-0.21436867117881775,0.35060060024261475,-0.22563914954662323,0.49691909551620483,-0.030268877744674683,0.1365412324666977,0.1340644359588623,-0.178538516163826,-0.09490009397268295,-0.0009753823396749794,0.1945531666278839,-0.13557851314544678,0.2577208876609802,0.06833478808403015,-0.25794216990470886,0.1208132654428482,-0.15552066266536713,0.2031213790178299,-0.001393306301906705,0.11557306349277496,-0.13787047564983368,-0.0018315792549401522,0.18516305088996887,-0.1882047951221466,0.005847853608429432,-0.031010588631033897,-0.29840362071990967,-0.06560079753398895,-0.19974787533283234,-0.1273646205663681,0.11498520523309708,-0.14597347378730774,-0.05826488882303238,0.23168325424194336,0.3587443232536316,0.2982817590236664,0.26187729835510254,0.1924324929714203,0.08266721665859222,-0.19179481267929077,-0.13278478384017944,-0.22462721168994904,0.23218409717082977,0.05420905351638794,0.034246038645505905,-0.016834214329719543,-0.22622057795524597,-0.16937294602394104,-0.13974067568778992,-0.031830597668886185,-0.13999512791633606,-0.41658610105514526,0.0004182698321528733,0.04384789615869522,0.11323388665914536,-0.08994466066360474,-0.15989069640636444,0.1471068412065506,0.02428518794476986,-0.19246716797351837,-0.24493953585624695,0.5850671529769897,-0.45507344603538513,0.004924312233924866,-0.07736177742481232,0.20788684487342834,-0.31248700618743896,0.31968140602111816,0.31412726640701294,-0.2225409299135208,-0.10804395377635956,0.042572081089019775,0.2297288179397583,-0.844129204750061,-0.1662249118089676,0.13948997855186462,-0.28557831048965454,-0.0846230536699295,-0.25931286811828613,0.053841955959796906,0.18379342555999756
CID000003066,1931,0.3432272970676422,0.1647464483976364,0.24523453414440155,0.545791506767273,-0.48562321066856384,0.1417175531387329,0.2502879202365875,0.36570674180984497,0.19264522194862366,0.3464633822441101,-0.06402476876974106,-0.2670179009437561,0.014932033605873585,0.16180095076560974,-0.1637679487466812,0.11709694564342499,0.0024896436370909214,-0.22142863273620605,0.13309386372566223,-0.4612193703651428,0.07889994978904724,-0.3279825448989868,-0.08442313224077225,-0.858240008354187,0.18673714995384216,0.14373156428337097,-0.28523343801498413,-0.16157644987106323,-0.02068791724741459,0.013081604614853859,-0.05764031410217285,0.12272927910089493,0.0696457177400589,0.15411162376403809,0.06299933046102524,0.2923944592475891,0.10677270591259003,0.2520228326320648,-0.06175031140446663,-0.21123667061328888,0.02998417243361473,0.09353075176477432,0.12618927657604218,0.04087785631418228,-0.20122799277305603,0.2866991460323334,0.06919427216053009,-0.0854339450597763,-0.06466661393642426,0.34129053354263306,0.5445336699485779,-0.13925984501838684,-0.23172524571418762,-0.021645190194249153,-0.05141947790980339,-0.030358988791704178,0.05694906786084175,-0.25811368227005005,0.23969855904579163,-0.13421934843063354,-0.05610686540603638,-0.2850314974784851,0.07422459870576859,-0.2707320749759674,0.40432295203208923,0.3591661751270294,-0.4528009295463562,0.01026142667979002,0.09254898130893707,0.0453338697552681,0.17523396015167236,-0.03926713019609451,-0.19724737107753754,-0.46185731887817383,-0.26854151487350464,0.13891926407814026,0.28252583742141724,-0.0477893128991127,-0.09361522644758224,0.03157338500022888,0.1486557424068451,-0.3089706599712372,-0.36048269271850586,0.06958216428756714,0.0819711983203888,0.2757978141307831,0.15323466062545776,0.1395532637834549,-0.029169052839279175,-0.37147656083106995,-0.0021628146059811115,0.18053293228149414,-0.03838982433080673,-0.013318302109837532,-0.17507603764533997,-0.10304968059062958,0.1865701824426651,-0.06397351622581482,-0.052265651524066925,0.22733764350414276,0.002100754529237747,-0.06252989917993546,0.009858159348368645,0.1979486644268036,0.15435612201690674,-0.02614630199968815,0.030975263565778732,0.04006131738424301,0.34702208638191223,-0.12532934546470642,0.10488034784793854,0.055495936423540115,-0.2465401589870453,-0.4516492486000061,0.15118129551410675,0.3190265893936157,-0.2440403401851654,-0.19815385341644287,-0.08529181778430939,0.2666744589805603,0.7820440530776978,-0.30728229880332947,0.2172282189130783,0.3007783889770508,-0.22045230865478516,0.3751264810562134,0.13973630964756012,0.026600897312164307,0.049989521503448486,0.17571941018104553,0.2563735246658325,-0.5214228630065918,-0.5279925465583801,0.21744918823242188,0.39646410942077637,0.17488186061382294,0.07804395258426666,0.13976642489433289,-0.03768589347600937,-0.018436551094055176,-0.09500154107809067,0.12998898327350616,0.2750970721244812,0.17171618342399597,-0.11187203973531723,0.1713787466287613,-0.0456201434135437,0.3944917619228363,0.2514985203742981,0.3547917902469635,-0.03928246349096298,-0.37084493041038513,-0.13225536048412323,0.313937246799469,-0.13250058889389038,-0.052045710384845734,0.05466609075665474,-0.1773611307144165,0.07031937688589096,0.013593007810413837,0.017481308430433273,-0.16058963537216187,0.07725584506988525,0.11820093542337418,-0.1436820924282074,-0.0084798913449049,-0.11014385521411896,0.19979359209537506,0.20861490070819855,0.10469839721918106,-0.08350791037082672,0.1298448145389557,-0.32829412817955017,-0.21628069877624512,0.1302194893360138,-0.1207183450460434,0.2596015930175781,-0.1218663826584816,0.6788819432258606,0.08051370084285736,-0.19792361557483673,0.18018829822540283,0.016319207847118378,0.025226160883903503,0.11315838247537613,0.06926502287387848,-0.036541156470775604,0.07084567844867706,0.14326255023479462,-0.3762660622596741,-0.1724402755498886,0.04295794293284416,-0.0466257743537426,-0.18152588605880737,0.48639971017837524,0.10237713158130646,0.1121147871017456,-0.021774906665086746,-0.05173392966389656,0.033301759511232376,-0.05828014761209488,-0.5910249948501587,0.12914186716079712,-0.20894794166088104,-0.24280467629432678,-0.07155098021030426,0.05470683425664902,-0.07166840136051178,0.16476812958717346,0.46324077248573303,0.3219135105609894,0.33742618560791016,0.19406455755233765,0.01727261394262314,-0.026463255286216736,-0.18598808348178864,0.08343876898288727,0.37353062629699707,0.08293027430772781,0.008633089251816273,-0.15996550023555756,-0.08973772823810577,-0.13601072132587433,-0.09816562384366989,0.16506776213645935,-0.15525221824645996,0.27346497774124146,-0.12778431177139282,-0.1711653470993042,-0.009397136978805065,-0.029701191931962967,0.17689624428749084,0.2992474436759949,-0.016970539465546608,0.10469331592321396,0.04442543536424637,0.49354320764541626,-0.5694599747657776,-0.04670293629169464,-0.1978529989719391,-0.05490688234567642,-0.17670504748821259,0.20842020213603973,0.15984869003295898,-0.22106201946735382,0.0659414604306221,0.08036073297262192,0.043488629162311554,-0.7052134275436401,-0.08034993708133698,0.33992403745651245,-0.01383165456354618,0.22579815983772278,-0.29124927520751953,0.007319636642932892,0.03245100378990173
CID000002637,1944,0.8167675733566284,-0.1681583821773529,0.061845581978559494,0.20808863639831543,-0.49452322721481323,0.17177753150463104,0.17697890102863312,0.21323566138744354,0.025708993896842003,0.589013397693634,0.029320184141397476,-0.21675071120262146,0.06775353103876114,0.23830266296863556,0.004339846782386303,0.2733395993709564,0.08620600402355194,-0.4195731282234192,0.39701563119888306,-0.31931519508361816,0.16419050097465515,-0.22391584515571594,-0.10892313718795776,-0.8057309985160828,-0.019146030768752098,0.006038305815309286,-0.3509114384651184,-0.2601507306098938,0.17448246479034424,0.3933597803115845,0.21327443420886993,0.1571330726146698,0.022254088893532753,0.2711074948310852,0.13882862031459808,0.0258104857057333,0.09782074391841888,0.48426222801208496,0.028457045555114746,0.23552510142326355,-0.2952654957771301,0.07891255617141724,-0.011082282289862633,-0.042367033660411835,-0.1855175495147705,0.1361636221408844,0.06075151637196541,-0.0595887191593647,0.08331558853387833,0.9908634424209595,0.45562782883644104,0.013385283760726452,0.10175564140081406,-0.08032470941543579,0.07358374446630478,-0.04110631346702576,0.44667667150497437,0.23813501000404358,0.6997294425964355,0.0884474366903305,-0.14945343136787415,-0.46847957372665405,0.0029183656442910433,-0.11821772903203964,0.01038031280040741,0.631923258304596,0.13392159342765808,0.05929799750447273,0.49527034163475037,0.1579705774784088,0.05110495164990425,0.06139708310365677,-0.30123481154441833,-0.6345120072364807,-0.016350947320461273,0.7372183799743652,-0.025864284485578537,-0.3272673487663269,-0.12182573229074478,0.1400306671857834,-0.10062026977539062,-0.40840163826942444,-0.37630507349967957,-0.1059088259935379,-0.1594158113002777,-0.4395364820957184,0.39041823148727417,0.033957578241825104,-0.35681965947151184,-0.9097423553466797,-0.04040882736444473,0.6841539144515991,-0.07491036504507065,0.3690527081489563,0.09603466093540192,-0.4637075364589691,0.0039019882678985596,0.15818743407726288,-0.134923055768013,0.4004462659358978,0.20385944843292236,0.3676168620586395,-0.04812343046069145,0.22180891036987305,-0.48622336983680725,0.018880315124988556,0.1715162694454193,0.038023941218853,0.20846030116081238,-0.10246354341506958,-0.006856459192931652,0.26323264837265015,-0.07025398313999176,-0.17699618637561798,0.07915976643562317,0.3574591279029846,-0.5399588346481323,-0.10910975933074951,0.027007315307855606,-0.2811402678489685,0.749817967414856,-0.4312075078487396,-0.018984070047736168,0.04887447878718376,-0.15682241320610046,0.22333407402038574,0.13087710738182068,-0.011719728820025921,-0.0697927474975586,0.006259456276893616,0.0039237975142896175,-0.723360538482666,-0.4970296025276184,0.45416170358657837,0.38513535261154175,-0.03653576225042343,-0.018426068127155304,0.43248456716537476,0.09254128485918045,-0.34212106466293335,-0.31469714641571045,0.3216713070869446,0.028727224096655846,0.09262079000473022,0.17759647965431213,0.08516542613506317,-0.5076708197593689,0.7487761974334717,-0.003991299774497747,0.1064741462469101,-0.052503425627946854,-0.39841583371162415,-0.0622616782784462,0.2864241302013397,-0.3744294345378876,-0.3326650857925415,0.0031611560843884945,-0.3450140953063965,0.0921069085597992,0.2828993499279022,-0.002929839538410306,0.031096201390028,-0.011970676481723785,-0.0021607819944620132,-0.1638062447309494,0.0953700989484787,0.02555733546614647,0.1741584986448288,-0.2612197995185852,0.05475246161222458,0.09485676884651184,0.05590289086103439,-0.09836778789758682,-0.05757174640893936,-0.10505381971597672,0.048592641949653625,-0.12811443209648132,0.09816135466098785,0.7017035484313965,-0.08878961950540543,0.006478217430412769,-0.14934656023979187,-0.23650836944580078,-0.06487710028886795,0.10133781284093857,0.09076148271560669,-0.23583686351776123,-0.010890600271522999,0.10186517238616943,-0.4538816809654236,-0.10521478950977325,0.17222508788108826,0.23123088479042053,0.010291462764143944,-0.04727562516927719,0.01848253794014454,0.4542073607444763,-0.11202959716320038,-0.04786667972803116,-0.08650859445333481,-0.12321008741855621,-0.42255735397338867,1.498500108718872,-0.7353610396385193,-0.10273171961307526,0.33567026257514954,-0.10419388115406036,0.011512115597724915,0.7877106070518494,0.31968405842781067,0.3973577916622162,0.1755238026380539,-0.15440016984939575,0.3071546256542206,-0.14847010374069214,-0.46184706687927246,0.0016175449127331376,0.1542888879776001,-0.1663198322057724,-0.20664672553539276,-0.06595861911773682,-0.31092992424964905,0.06038731336593628,-0.5098479390144348,-0.2143218070268631,0.12290968745946884,0.03640543296933174,0.017871977761387825,-0.06729038059711456,0.06972636282444,0.052961789071559906,-0.09935915470123291,-0.33618658781051636,0.12417684495449066,0.09466048330068588,0.024132225662469864,0.9341930150985718,-0.6099024415016174,-0.07673215866088867,-0.30948734283447266,0.11664402484893799,-0.582670271396637,0.12753117084503174,0.34459352493286133,-0.4565269351005554,0.25284093618392944,0.1746126115322113,0.34580621123313904,-0.6810188889503479,-0.09362046420574188,-0.0013689890038222075,-0.4532800614833832,0.32804298400878906,-0.4030275344848633,0.048805929720401764,0.07141625136137009
CID000042113,1956,0.208391472697258,0.09256342798471451,0.27062439918518066,0.48896533250808716,-0.41738229990005493,0.07001375406980515,-0.051512211561203,0.22619037330150604,-0.025764834135770798,0.33766093850135803,-0.06768951565027237,-0.2010490894317627,-0.6300396919250488,0.23341210186481476,0.19283711910247803,0.013814019970595837,-0.0647454485297203,0.10835546255111694,-0.29384148120880127,-0.8247761726379395,-0.09372954815626144,-0.054621923714876175,-0.007103634066879749,-0.8081361651420593,-0.25698262453079224,0.10793633759021759,0.03946070000529289,-0.001660314155742526,-0.11642719805240631,0.32006603479385376,-0.09396679699420929,0.2918708920478821,0.1450488418340683,0.009936666116118431,-0.07205208390951157,-0.2468862533569336,-0.3090182840824127,0.7429268956184387,-0.2672637403011322,-0.12497623264789581,0.28515952825546265,-0.0016342044109478593,-0.02019425667822361,-0.3663609027862549,0.12989601492881775,0.15328489243984222,0.07186683267354965,-0.05992908403277397,-0.29954200983047485,0.08602694422006607,0.637403130531311,0.08566488325595856,-0.15232416987419128,-0.2100033313035965,0.15765221416950226,-0.03618539497256279,0.6202514171600342,0.09361318498849869,0.8568578958511353,0.2305433452129364,-0.33397671580314636,-0.32220372557640076,0.01524343527853489,-0.4551939368247986,0.0474761538207531,0.43610435724258423,-0.30917587876319885,0.0422368124127388,0.20773574709892273,-0.08771874010562897,0.11671976745128632,0.20235475897789001,-0.3327210545539856,-0.5794033408164978,-0.08429384231567383,0.514978289604187,-0.13827267289161682,-0.11342154443264008,0.0817769393324852,-0.3904914855957031,0.47379356622695923,-0.33755195140838623,-0.3165803849697113,0.06292235106229782,0.22607973217964172,-0.5991619229316711,0.1268197000026703,0.6278433203697205,-0.13809193670749664,-0.9245379567146301,-0.42795246839523315,0.10088157653808594,0.0595540888607502,0.02368946745991707,-0.16713827848434448,-0.45607200264930725,0.132106214761734,-0.2641708254814148,0.4762114882469177,0.29474902153015137,0.3585721552371979,0.5764151811599731,0.0674763172864914,0.3549625277519226,-0.5948588252067566,0.11182957887649536,0.2509080767631531,-0.10323703289031982,0.3505363464355469,0.452822744846344,0.05737941339612007,0.18156397342681885,-0.17318585515022278,-0.1063736081123352,-0.13964097201824188,0.4514845013618469,-0.21921715140342712,-0.013215395621955395,0.2255202978849411,0.1852341890335083,0.7658570408821106,-0.0012296497588977218,0.37187010049819946,0.17451176047325134,-0.17806950211524963,-0.06553946435451508,0.04653873294591904,-0.2577615976333618,0.24429014325141907,0.12363632023334503,0.1487307995557785,-0.44676095247268677,-0.2327636480331421,0.011354750022292137,-0.10174629837274551,0.11257898807525635,-0.20670509338378906,0.46824103593826294,0.11764874309301376,-0.9598803520202637,-0.16407695412635803,0.10569457709789276,-0.02346884086728096,0.10013296455144882,-0.08142369240522385,0.3722531199455261,-0.07006952911615372,0.5524137616157532,0.21779708564281464,0.04774409532546997,-0.05634105205535889,-0.3809158205986023,0.16739964485168457,0.2581867575645447,-0.015471136197447777,-0.03364278003573418,0.02623108960688114,-0.5703670382499695,-0.035700440406799316,0.09717578440904617,-0.11203853785991669,0.07355816662311554,0.04303612560033798,-0.08563020080327988,-0.027183178812265396,0.06341160833835602,-0.12190642207860947,0.030698824673891068,0.16955579817295074,0.06253605335950851,-0.01095644198358059,-0.26602667570114136,-0.10415701568126678,-0.05044994503259659,-0.03061705455183983,-0.035533174872398376,-0.021260201930999756,-0.2531314492225647,0.7011473774909973,0.2669994533061981,-0.13930752873420715,-0.22612528502941132,-0.35070985555648804,0.08216248452663422,0.4316413998603821,-0.01974036730825901,-0.45215779542922974,-0.07089702039957047,0.31507667899131775,-0.286063015460968,0.0199949499219656,0.351749986410141,0.05475082993507385,-0.4886697828769684,0.2256588637828827,-0.009912622161209583,0.2459562122821808,-0.14914605021476746,0.3208253085613251,-0.18405166268348694,-0.5889183878898621,-0.4813362956047058,0.22700242698192596,-0.25740402936935425,0.19890624284744263,0.14695857465267181,-0.26930686831474304,0.18125469982624054,0.7552796602249146,0.45646318793296814,0.32246133685112,-0.06784448772668839,0.025226259604096413,0.38191232085227966,0.4968770444393158,-0.378653347492218,0.21236562728881836,0.4174279272556305,-0.1114664301276207,0.44124382734298706,0.04496034234762192,-0.03285563364624977,-0.06571193784475327,-0.5235103368759155,-0.15280580520629883,-0.36054369807243347,-0.4123350977897644,-0.7688218951225281,0.0972815752029419,0.45446091890335083,0.08021585643291473,0.35194364190101624,-0.03563692048192024,0.47191017866134644,0.2906498312950134,0.3393297791481018,0.6590782403945923,-0.4950616955757141,-0.2630935311317444,-0.18658706545829773,-0.00782012939453125,-1.209323525428772,-0.2559993267059326,0.22070527076721191,-0.006901273038238287,-0.11387597024440765,-0.16687287390232086,-0.19222092628479004,-0.713134229183197,-0.4167866110801697,0.2744348347187042,0.07079610973596573,-0.0037005662452429533,0.1381814181804657,-0.07392679899930954,0.12625527381896973
CID000057537,1963,0.11326476186513901,0.190260648727417,0.08845517039299011,0.5093350410461426,-0.31911852955818176,0.06998336315155029,0.13548608124256134,0.5950266122817993,0.006711822934448719,-0.024257656186819077,0.012587973847985268,0.14761202037334442,-0.16957160830497742,0.20011325180530548,-0.3555997312068939,-0.058035075664520264,0.1080976128578186,-0.04806746169924736,0.2216206043958664,-0.8767377734184265,0.10683929920196533,-0.20259222388267517,0.123424232006073,-0.9954403638839722,0.33763474225997925,0.08345748484134674,0.017516959458589554,0.1341957002878189,0.13753287494182587,-0.04674113541841507,-0.1471017599105835,0.2509768009185791,-0.10284550487995148,0.04342619329690933,0.1404450386762619,-0.12194371223449707,-0.03843510150909424,0.11974366009235382,0.1071375161409378,0.22070376574993134,0.13287129998207092,-0.09588384628295898,0.18475084006786346,-0.6988708972930908,-0.011508378200232983,0.3277536928653717,-0.2743569314479828,-0.08230393379926682,0.1914585530757904,0.061071865260601044,0.5842229127883911,-0.09658483415842056,-0.10166764259338379,-0.019603664055466652,0.2685146629810333,-0.28585103154182434,0.6460341215133667,0.3786206543445587,-0.03941614553332329,0.37471073865890503,-0.23821869492530823,-0.3114757239818573,0.1552753746509552,-0.12240618467330933,-0.0773734450340271,0.5633894205093384,-0.332505464553833,-0.1480354219675064,-0.11797156184911728,0.21985933184623718,0.08262638747692108,-0.27014392614364624,0.012854722328484058,-0.34380966424942017,-0.24601376056671143,0.3990103602409363,-0.08031133562326431,0.09241748601198196,-0.09228235483169556,0.5479356050491333,0.305469810962677,-0.4400617480278015,-0.19399915635585785,0.07484855502843857,-0.1508922278881073,-0.10991325229406357,0.10013978183269501,0.1543058604001999,-0.51183021068573,-0.7020390033721924,-0.19549503922462463,0.033315591514110565,0.009616171941161156,0.09693333506584167,0.14149051904678345,-0.5448428392410278,0.5405471920967102,0.030248349532485008,-0.3676885664463043,0.06741447746753693,0.5277374386787415,0.3085256516933441,0.027846941724419594,0.5474179983139038,-0.4378150999546051,0.27793699502944946,-0.48421725630760193,0.03515828400850296,0.8242988586425781,0.21291851997375488,-0.04384360834956169,0.25913581252098083,0.09731430560350418,-0.19310298562049866,0.271587610244751,0.19803181290626526,0.06895986944437027,0.28292232751846313,-0.05240917205810547,0.22586855292320251,0.764427125453949,-0.3892892003059387,0.4591825604438782,-0.030478090047836304,-0.010335167869925499,-0.09348031133413315,-0.09571497142314911,-0.2022663801908493,0.202906534075737,-0.19965462386608124,0.2803891897201538,-0.6206973195075989,-0.49664825201034546,-0.09835018962621689,0.036702774465084076,-0.04844047874212265,0.11604028940200806,0.0003525659558363259,-0.023702960461378098,-0.931740939617157,-0.2975701689720154,0.33078137040138245,0.48776715993881226,0.04249380901455879,0.04057641699910164,0.25676971673965454,-0.3305400311946869,0.4675760865211487,-0.13152655959129333,-0.1161787286400795,0.04093955084681511,-0.3433973789215088,-0.5424550771713257,0.022756611928343773,-0.03353022783994675,-0.00874662958085537,0.08095602691173553,-0.19440937042236328,0.024945925921201706,0.06572337448596954,-0.055475927889347076,-0.3233969807624817,-0.09563391655683517,-0.04416893422603607,-0.1912800818681717,-0.16295596957206726,0.012165402993559837,0.3872387409210205,-0.3504458963871002,0.09215636551380157,0.3223688304424286,-0.40879982709884644,-0.1667521595954895,-0.1617949903011322,0.014979014173150063,-0.008664190769195557,0.06923887878656387,-0.2880800664424896,0.6670761108398438,0.36461037397384644,0.10954733192920685,-0.005661380477249622,-0.2923242151737213,-0.5081444978713989,0.006733554415404797,0.24009516835212708,-0.578240156173706,-0.31019335985183716,-0.0767192393541336,-0.1908477246761322,-0.38572925329208374,-0.12587258219718933,0.06244711950421333,-0.33296579122543335,0.2942780554294586,-0.15918591618537903,0.007026883773505688,-0.1754920929670334,0.12268795073032379,0.14084522426128387,-0.3482314944267273,-0.414072185754776,0.061107296496629715,-0.3098685145378113,0.179640531539917,0.14356335997581482,-0.009731680154800415,-0.48398852348327637,0.4147874414920807,0.42509374022483826,0.25411033630371094,-0.052926935255527496,0.3905457556247711,0.2819072902202606,0.2822859287261963,-0.7982574701309204,-0.25256896018981934,0.41541028022766113,0.028089020401239395,0.3843343257904053,-0.2028365582227707,-0.03813644126057625,0.0217332411557436,-0.34773489832878113,0.2013319432735443,-0.18127676844596863,0.251190721988678,-0.5075892210006714,0.4666946530342102,0.1520310938358307,0.014244288206100464,0.2859252095222473,0.006884577684104443,0.1327698528766632,-0.6038131713867188,0.05285872146487236,0.5651988387107849,-0.2269483506679535,-0.04580007120966911,-0.4220305383205414,-0.18192289769649506,-0.7930780649185181,0.28557106852531433,0.23895707726478577,0.0958479791879654,-0.1964114010334015,-0.17727826535701752,-0.3411591947078705,-0.9013298153877258,-0.1001005545258522,0.40126076340675354,-0.2645958364009857,0.0036118042189627886,-0.051857881247997284,0.05886783450841904,0.03587549552321434
CID000002019,1969,0.18743851780891418,0.06662455201148987,0.24162432551383972,0.6539026498794556,-0.414023220539093,0.11434705555438995,0.1928565949201584,0.32273441553115845,-0.14214132726192474,0.3549460172653198,-0.10996320098638535,-0.23987488448619843,-0.09676015377044678,0.2838461995124817,-0.14298899471759796,0.23237796127796173,0.12125295400619507,-0.10004067420959473,0.031108498573303223,-0.49957990646362305,-0.1290326863527298,-0.4473353326320648,0.1320129781961441,-0.8488975763320923,-0.09352923184633255,0.16442778706550598,-0.006703728344291449,-0.00993302185088396,-0.01544819213449955,0.22770681977272034,-0.13310199975967407,0.16489732265472412,0.053827811032533646,-0.08252976834774017,0.10580544173717499,-0.000903376960195601,0.1176462396979332,0.2949715256690979,-0.14722087979316711,-0.41945552825927734,-0.060074109584093094,0.15764038264751434,0.042798273265361786,-0.058827899396419525,-0.23352289199829102,0.16218070685863495,-0.07013092935085297,-0.03537163883447647,0.10086864233016968,0.24732136726379395,0.4662509560585022,0.08999083936214447,-0.2575989365577698,-0.0515596978366375,0.06345973908901215,0.0353788323700428,0.09842775762081146,0.1249837726354599,0.22814807295799255,-0.13933953642845154,-0.12758098542690277,-0.46178847551345825,0.12200076878070831,-0.17095407843589783,0.1304825246334076,0.4089430868625641,-0.28037533164024353,0.009012313559651375,0.242302805185318,-0.040962688624858856,-0.04638022556900978,-0.0859614908695221,-0.3016226887702942,-0.32076841592788696,-0.2937151789665222,0.08505334705114365,0.12461922317743301,0.004172873683273792,-0.059442467987537384,-0.0175495408475399,0.27034586668014526,-0.3509748578071594,-0.3462614417076111,-0.22493283450603485,0.038184136152267456,0.1296267807483673,0.04696756601333618,0.2887323498725891,0.14599917829036713,-0.538375973701477,-0.11924678087234497,0.22375354170799255,-0.08256219327449799,-0.04802832007408142,-0.15691877901554108,-0.0999760553240776,0.1713857650756836,-0.10737399756908417,0.07653091847896576,0.11578597128391266,0.10069439560174942,-0.10502362251281738,0.013796074315905571,0.15925991535186768,-0.007244138512760401,-0.09699185192584991,0.09026442468166351,-0.01409035176038742,0.35993438959121704,-0.045999348163604736,0.037469543516635895,0.1637352705001831,-0.12818357348442078,-0.24290387332439423,0.14230641722679138,0.31270286440849304,-0.179636612534523,0.22955963015556335,-0.030175000429153442,0.2949451804161072,0.7281774282455444,-0.3213476538658142,0.07121352851390839,0.3096131682395935,-0.3329008221626282,0.37389475107192993,0.10313540697097778,-0.03745090216398239,0.2035011500120163,0.10471276938915253,0.14168432354927063,-0.5378895998001099,-0.5770081281661987,0.09226376563310623,0.19023273885250092,0.20707717537879944,0.0056118443608284,0.39885860681533813,0.2510450780391693,-0.10417540371417999,-0.09516829252243042,0.12417681515216827,0.15152212977409363,0.1365130990743637,0.035498473793268204,0.2154041975736618,-0.3036336302757263,0.47594720125198364,0.030463511124253273,0.44390687346458435,0.20206432044506073,-0.4382389187812805,-0.08361033350229263,0.11351841688156128,-0.13345327973365784,-0.10306743532419205,-0.0007260978454723954,-0.16953237354755402,-0.04197505861520767,0.09820577502250671,-0.06914687901735306,0.03675784915685654,-0.004021157510578632,0.08489540964365005,-0.2843082547187805,0.08651906251907349,-0.21020753681659698,0.11476948112249374,0.11137337982654572,0.037202853709459305,0.027721595019102097,0.03641931340098381,-0.19264042377471924,-0.05805052071809769,0.1948966234922409,-0.13801364600658417,0.20643320679664612,-0.17316336929798126,0.7258647084236145,-0.0074142636731266975,-0.3748941421508789,0.09198258817195892,-0.24313509464263916,-0.010373810306191444,0.12013430893421173,-0.18910245597362518,-0.025414085015654564,-0.006771795451641083,0.22834667563438416,-0.4429096281528473,-0.017156705260276794,0.18063966929912567,0.1087946891784668,-0.2728104591369629,0.353166788816452,0.1266973912715912,0.05167011171579361,-0.023974096402525902,0.007498481776565313,-0.07614383846521378,0.12188985198736191,-0.412527859210968,-0.07185755670070648,-0.42548108100891113,-0.15619763731956482,-0.1163656935095787,0.15861237049102783,-0.18930144608020782,0.04035582393407822,0.5527894496917725,0.3081405758857727,-0.22901670634746552,0.3027760684490204,0.031427185982465744,0.1385679692029953,-0.17618435621261597,0.18656107783317566,0.2665709853172302,0.007800874300301075,0.040270138531923294,-0.18050406873226166,0.012893527746200562,-0.13946925103664398,-0.11953286081552505,0.13415873050689697,-0.07844956964254379,0.04408121481537819,-0.2187507450580597,0.03537295013666153,-0.09221678972244263,-0.01250090729445219,0.07524735480546951,0.18904641270637512,-0.06872712075710297,-0.023155665025115013,-0.03078531101346016,0.5742915272712708,-0.4515225291252136,0.040388625115156174,-0.20275330543518066,0.13594618439674377,-0.21131877601146698,0.08842107653617859,0.13511602580547333,-0.2164699137210846,-0.22118791937828064,0.012622594833374023,-0.1425844430923462,-0.5973731279373169,-0.06714755296707153,0.18823190033435822,-0.1169348955154419,0.2149040251970291,-0.33018428087234497,-0.05030201002955437,-0.05882182717323303
CID000444013,2003,0.4037661552429199,-0.25264087319374084,0.12603799998760223,0.7356346845626831,-0.4712997376918793,0.01480657048523426,0.16728977859020233,-0.08908890187740326,-0.15012550354003906,0.24539577960968018,0.11545822769403458,-0.5629972815513611,-0.38639575242996216,0.14714506268501282,0.012076854705810547,0.16265924274921417,0.015169245190918446,-0.2749491333961487,0.02906612679362297,-0.5727789998054504,0.2624065577983856,-0.16927525401115417,-0.0704081654548645,-0.7595909237861633,0.023007500916719437,-0.15358415246009827,0.1199791431427002,-0.12228641659021378,-0.08834786713123322,0.05521650239825249,-0.09620936214923859,0.29255667328834534,-0.24787846207618713,-0.11570348590612411,0.028024401515722275,-0.03545217588543892,-0.48295512795448303,0.15750250220298767,0.0719246119260788,-0.19563977420330048,-0.2796573340892792,-0.03416653349995613,-0.023762544617056847,-0.19092689454555511,-0.17908945679664612,0.2838560938835144,-0.005546676926314831,0.20278020203113556,0.14853444695472717,0.02843804657459259,0.5583656430244446,-0.2737872898578644,-0.14308276772499084,-0.042758241295814514,0.05759083479642868,-0.23592343926429749,0.2691616415977478,0.06726197898387909,0.6862735152244568,-0.006544572301208973,-0.07672595977783203,-0.3761587142944336,0.1762024164199829,-0.23944632709026337,-0.11436615884304047,0.40872400999069214,-0.18127259612083435,-0.007496267557144165,0.3830949664115906,-0.04747418314218521,0.0015328765148296952,-0.31055206060409546,-0.2372266799211502,-0.3844676911830902,-0.009443113580346107,0.40673714876174927,0.015662919729948044,-0.26255282759666443,-0.026466187089681625,0.1967657506465912,0.24815182387828827,-0.8498237729072571,-0.30479493737220764,0.14395278692245483,0.16653704643249512,0.062023770064115524,0.10457990318536758,0.33093026280403137,0.11277325451374054,-0.607123851776123,-0.13152775168418884,0.053954146802425385,0.02551155723631382,-0.03822115808725357,-0.18149873614311218,-0.15417438745498657,0.031694598495960236,-0.1306208074092865,0.467517614364624,0.2747057378292084,-0.17359043657779694,0.35227012634277344,-0.11693034321069717,0.08732815086841583,0.23264054954051971,0.2303316593170166,-0.15180890262126923,-0.052376143634319305,0.612568199634552,0.39693912863731384,-0.10416340827941895,0.16987232863903046,0.3361877501010895,-0.3316275477409363,0.13633300364017487,0.2130979746580124,-0.11720369756221771,-0.4096958041191101,0.06985419988632202,0.1789143979549408,0.9444730877876282,-0.19093914330005646,0.10980602353811264,-0.04598837345838547,0.029370855540037155,-0.01600966975092888,0.02696220949292183,0.18558576703071594,-0.08612646162509918,0.23099568486213684,0.21845659613609314,-0.7529446482658386,-0.5659962892532349,-0.1309855431318283,0.20476515591144562,0.39429962635040283,0.1057930439710617,0.16951286792755127,0.02259252220392227,-0.05395066738128662,-0.07153801620006561,-0.03464797884225845,0.004833094775676727,0.0198343638330698,0.05618034675717354,-0.04895512014627457,0.14829754829406738,0.8306843638420105,-0.017192767933011055,-0.07621011883020401,-0.10900729894638062,-0.8525999188423157,-0.12382088601589203,0.01112422626465559,-0.01153875607997179,0.0878133550286293,-0.148923859000206,-0.20492415130138397,0.14598992466926575,0.04568485543131828,0.32273682951927185,0.2760576009750366,-0.14812755584716797,-0.06177511066198349,0.46791568398475647,0.22412283718585968,0.17992821335792542,0.3330676853656769,-0.17729520797729492,0.3974456787109375,0.1349612921476364,-0.08677276968955994,0.07787887752056122,-0.07133953273296356,0.10320558398962021,-0.22837381064891815,0.15039953589439392,-0.1596938669681549,0.5476873517036438,0.1637803614139557,-0.08558816462755203,0.2625466287136078,0.01624501310288906,-0.04031498357653618,0.28497767448425293,-0.04180236905813217,-0.015738487243652344,-0.10011408478021622,-0.014691591262817383,-0.05876614525914192,-0.28945279121398926,0.06285365670919418,0.2771332263946533,-0.4268643260002136,-0.05451660603284836,0.0347038134932518,0.16687853634357452,0.3714185357093811,0.08860702812671661,0.23681800067424774,-0.49965357780456543,-0.21793703734874725,0.06995020806789398,-0.13671007752418518,0.23224472999572754,0.35475462675094604,-0.36248987913131714,-0.07775430381298065,0.287212610244751,0.5798007249832153,0.3526676595211029,0.12963567674160004,0.18378213047981262,0.02928900718688965,0.20797888934612274,-0.19194018840789795,0.03341014310717583,0.7219882607460022,-0.11230327188968658,0.37423115968704224,-0.07578489929437637,0.07112447172403336,-0.12678484618663788,-0.1830984354019165,0.07259480655193329,-0.09156553447246552,-0.5520681142807007,-0.13191258907318115,-0.13746941089630127,0.4181860089302063,-0.01753821410238743,0.6516119241714478,0.21074707806110382,-0.1501694917678833,-0.3073475658893585,0.11381666362285614,0.8932129740715027,-0.19831688702106476,-0.07580895721912384,-0.3861079514026642,-0.06636687368154526,-0.5508121848106384,0.06058170646429062,0.43849286437034607,-0.10478808730840683,0.16508007049560547,-0.0833091288805008,-0.034085385501384735,-1.0400640964508057,-0.41906166076660156,0.08265718072652817,-0.16767704486846924,0.0018364429706707597,-0.1746731400489807,-0.11171157658100128,-0.23528560996055603
CID000060787,2014,0.04081277549266815,0.11884782463312149,0.21195122599601746,0.6643716096878052,-0.467430979013443,-0.04458722472190857,0.017462313175201416,0.258100301027298,0.1737092286348343,-0.0020790486596524715,-0.08882458508014679,-0.43392935395240784,-0.08815153688192368,0.08280035108327866,-0.18765416741371155,0.26564833521842957,0.0833577886223793,0.0350557416677475,0.2611052393913269,-0.4947265088558197,-0.08777511119842529,-0.27146273851394653,0.16165955364704132,-0.8677672147750854,0.09610935300588608,0.4127413332462311,0.15869563817977905,-0.08679591864347458,0.07114313542842865,0.04715685173869133,-0.24041497707366943,0.17362967133522034,-0.2047138512134552,-0.136003777384758,0.07871540635824203,-0.08941018581390381,0.26894909143447876,0.19287176430225372,0.02533068135380745,-0.22236904501914978,-0.24317193031311035,-0.2732580602169037,0.12440276145935059,0.02644648216664791,-0.2199486792087555,0.21989846229553223,-0.0009371787309646606,-0.028625015169382095,-0.018866419792175293,-0.007210067007690668,0.6316292881965637,0.09986404329538345,-0.1981198936700821,-0.14498357474803925,-0.23358455300331116,0.020170513540506363,0.23948316276073456,-0.009521564468741417,0.6068694591522217,0.03774671256542206,-0.1119900792837143,-0.3364714980125427,-0.18154016137123108,-0.10849186033010483,-0.05705879256129265,0.5421785712242126,-0.2929413616657257,-0.06995242834091187,-0.07348141819238663,0.06878833472728729,-0.02201106585562229,-0.11322277784347534,0.0565972626209259,-0.280172735452652,-0.16489577293395996,0.16875751316547394,-0.0062754200771451,0.15600447356700897,-0.08745665848255157,-0.04487226530909538,0.34356415271759033,-0.32006973028182983,-0.34656697511672974,0.2724917531013489,0.09390847384929657,0.05040919780731201,0.17155778408050537,0.3955307602882385,-0.006275367923080921,-0.4650437831878662,0.18588045239448547,-0.014518882147967815,-0.09848030656576157,0.06696246564388275,0.015945356339216232,-0.366457462310791,0.41488972306251526,-0.29674357175827026,-0.4152085781097412,0.005197583232074976,0.018856817856431007,-0.11755593866109848,0.13251307606697083,0.2530451714992523,0.14981909096240997,-0.0697610005736351,0.23085543513298035,-0.19777508080005646,0.5149223804473877,0.03880632668733597,0.16597463190555573,0.17242877185344696,-0.20376944541931152,-0.5539946556091309,-0.1356908529996872,0.32263872027397156,-0.08674763143062592,-0.3335631191730499,0.08456785976886749,0.1795129030942917,0.6974445581436157,-0.5237553119659424,0.4885362684726715,0.1681194007396698,-0.21464106440544128,0.2533299922943115,-0.0007120922091417015,-0.20248651504516602,0.31556686758995056,0.14725443720817566,0.22207088768482208,-0.6132593154907227,-0.3476758897304535,0.0549965500831604,0.12457183748483658,0.4269040524959564,0.3117397725582123,0.04653341323137283,0.1220121830701828,-0.18293602764606476,-0.2559991776943207,0.021348964422941208,0.2127571403980255,0.25318968296051025,-0.03477783873677254,0.19824352860450745,-0.13664832711219788,0.6462991833686829,0.06524287164211273,0.34189027547836304,0.14587998390197754,-0.48581284284591675,-0.3165799081325531,0.00719586294144392,0.0411468967795372,-0.14394137263298035,0.1234963908791542,0.01811102405190468,0.2727756202220917,0.16138049960136414,0.46409502625465393,0.13803045451641083,0.00602459441870451,-0.0332888662815094,-0.40035486221313477,0.05721544101834297,-0.32503771781921387,0.07868314534425735,-0.11731849610805511,0.26651531457901,-0.06314143538475037,0.07404343038797379,-0.21509483456611633,-0.0946086198091507,0.030759047716856003,-0.06106533855199814,0.12584100663661957,-0.16874615848064423,0.7033804655075073,-0.24781672656536102,-0.03746136650443077,0.08879135549068451,0.07702583819627762,-0.13256971538066864,0.040315281599760056,-0.2133619338274002,0.05890990421175957,0.013302934356033802,0.23777838051319122,-0.20472821593284607,0.12570717930793762,0.13232861459255219,-0.05199725180864334,-0.2377186119556427,0.28723007440567017,-0.138169527053833,-0.3339584469795227,-0.03759691119194031,0.013733768835663795,0.053514230996370316,-0.1891116201877594,-0.3952760100364685,-0.12949742376804352,-0.14676359295845032,-0.05237150192260742,-0.17541858553886414,-0.03130359202623367,-0.04010958597064018,0.23308491706848145,0.5700488090515137,0.25840210914611816,0.32064059376716614,0.36241114139556885,-0.13626953959465027,0.17063471674919128,-0.13340970873832703,0.028002703562378883,0.5878568887710571,0.16939926147460938,0.1909020096063614,-0.20348815619945526,0.04809095710515976,0.2507304251194,-0.17634537816047668,0.3125709891319275,-0.1987610161304474,0.496038019657135,-0.40957456827163696,-0.26888152956962585,-0.0165938138961792,-0.19966661930084229,0.17557565867900848,0.4157019555568695,-0.1443508416414261,0.2365332394838333,0.28889283537864685,0.5890668630599976,-0.3607627749443054,-0.16992633044719696,-0.2991766035556793,0.173930361866951,-0.21909165382385254,-0.14437298476696014,0.39064821600914,-0.022282207384705544,0.40104445815086365,-0.02192288264632225,-0.05596783012151718,-0.6172580122947693,-0.010049727745354176,0.5613824129104614,-0.10859837383031845,0.2138085663318634,-0.29820796847343445,0.022466009482741356,0.2791699767112732
CID000002719,2018,0.11420123279094696,-0.019155755639076233,0.017962198704481125,0.4313450753688812,-0.39652878046035767,0.07016630470752716,0.28571003675460815,0.18741147220134735,0.01801547408103943,0.3134879171848297,0.2616797089576721,0.13961349427700043,0.005040281917899847,0.051700741052627563,-0.1426493525505066,-0.1519359052181244,-0.04882761090993881,-0.05636575073003769,0.1499410718679428,-0.421421617269516,-0.0348663255572319,-0.1916772425174713,-0.10556991398334503,-0.7524132132530212,0.006624805741012096,0.1248428225517273,-0.06046406179666519,-0.07497221976518631,-0.01890156790614128,0.14992325007915497,0.03529892489314079,0.17678295075893402,0.07758406549692154,-0.12228723615407944,-0.038534365594387054,-0.22123689949512482,0.24113544821739197,0.05300512909889221,0.18140780925750732,-0.14263954758644104,-0.06789854168891907,-0.1409011334180832,0.359575092792511,-0.2301642894744873,-0.1078953966498375,0.2742847800254822,0.1196601390838623,0.07085547596216202,0.07258062809705734,-0.009162366390228271,0.29306045174598694,0.23558703064918518,-0.214915469288826,-0.03798254206776619,0.11922381073236465,-0.04956219345331192,-0.02951190434396267,0.1947205811738968,0.09614723920822144,0.2381984442472458,-0.24043965339660645,-0.24229247868061066,-0.04373963922262192,-0.0006209075218066573,0.20627382397651672,0.3722979426383972,-0.20145133137702942,0.0033585489727556705,0.1260942965745926,-0.02125261351466179,0.09932258725166321,-0.04872877523303032,-0.4804975390434265,-0.41145285964012146,-0.29141145944595337,-0.031079566106200218,-0.04309970140457153,0.22622761130332947,-0.04603157564997673,-0.056551218032836914,0.06895275413990021,-0.5447565317153931,-0.30587950348854065,0.08346332609653473,0.07727278769016266,0.062443576753139496,0.19549866020679474,0.03899257630109787,-0.12331487983465195,-0.7047951817512512,-0.041385360062122345,0.1896817982196808,0.03572367504239082,0.08674997091293335,-0.029739852994680405,-0.28268295526504517,-0.2291056364774704,-0.043846793472766876,-0.055208005011081696,0.20550759136676788,-0.10976515710353851,0.07487664371728897,-0.05067610740661621,0.23688988387584686,0.33033081889152527,-0.015224766917526722,-0.35367441177368164,-0.007429790683090687,0.5165760517120361,-0.22605285048484802,-0.06385455280542374,0.14249807596206665,-0.08369723707437515,-0.08916287124156952,0.15352830290794373,0.14542043209075928,-0.018796030431985855,0.07930992543697357,-0.18814930319786072,0.22484572231769562,0.5060822367668152,-0.16775022447109222,0.2158740758895874,0.35805732011795044,-0.11793820559978485,0.2556048333644867,-0.015587312169373035,-0.013486641459167004,0.2898201048374176,0.038639042526483536,0.17643147706985474,-0.39772528409957886,-0.3946078419685364,0.07318137586116791,0.2907205820083618,-0.051773738116025925,-0.07961761951446533,0.23479542136192322,-0.20270928740501404,-0.2635233998298645,-0.22731244564056396,0.22058364748954773,0.06578443944454193,-0.1255687028169632,0.06674832105636597,0.25457531213760376,-0.07460500299930573,0.2968204617500305,0.1187007799744606,0.19300955533981323,-0.13218316435813904,-0.19166603684425354,-0.03565400093793869,0.34221309423446655,-0.37002792954444885,-0.2060556709766388,-0.03432343155145645,0.02288069948554039,-0.044103991240262985,0.17260800302028656,-0.07320638000965118,0.16009092330932617,-0.00392509251832962,-0.062448035925626755,-0.18146337568759918,-0.208439439535141,-0.16658952832221985,0.14669442176818848,-0.1156177744269371,0.28839555382728577,0.09065993130207062,-0.21979236602783203,-0.18057331442832947,-0.0805092453956604,0.002409696578979492,0.0010149851441383362,0.2076265513896942,-0.22585836052894592,0.38386252522468567,-0.0843980461359024,0.05359325557947159,-0.033869244158267975,-0.11460590362548828,-0.23619934916496277,0.18935295939445496,0.323006272315979,-0.19609743356704712,-0.15236696600914001,-0.1892465054988861,-0.33998581767082214,0.08552130311727524,0.03381643071770668,0.20399078726768494,0.05404503270983696,0.09324876219034195,-0.16152548789978027,0.03552038222551346,0.1778682917356491,0.004250741098076105,0.04329761862754822,0.2521982192993164,-0.3672773241996765,-0.029078537598252296,-0.3279727101325989,-0.046929966658353806,-0.2083463966846466,-0.2126486748456955,0.04244651272892952,-0.07817509025335312,0.4356151521205902,0.3264264464378357,0.17450840771198273,0.23279210925102234,-0.0015554844867438078,-0.017954956740140915,-0.11326311528682709,-0.3072233200073242,0.09849890321493149,0.05284636467695236,-0.05051920562982559,-0.05785452574491501,-0.24167028069496155,-0.03272702172398567,-0.24431267380714417,-0.12034976482391357,-0.10373981297016144,-0.03810086101293564,0.02009914629161358,0.000427883118391037,0.11578167974948883,-0.10031744092702866,0.1029607281088829,0.31904494762420654,-0.06063314527273178,-0.2768993675708771,0.013514185324311256,0.36881110072135925,-0.44468289613723755,0.09235234558582306,-0.12897254526615143,0.11780448257923126,-0.28539055585861206,0.22559769451618195,0.2674538493156433,-0.04623369127511978,-0.043233565986156464,0.023351211100816727,0.0036062896251678467,-0.5618947148323059,-0.1233767420053482,0.2733808159828186,-0.28633421659469604,0.13801544904708862,-0.40764111280441284,0.09443763643503189,-0.008342305198311806
CID000009052,2034,-0.05493030697107315,0.030920639634132385,-0.03771235793828964,0.36029189825057983,-0.40263718366622925,0.14985749125480652,0.19930711388587952,0.2476610690355301,0.22434420883655548,0.27393803000450134,0.1749323159456253,0.12677283585071564,-0.015068387612700462,0.08854373544454575,-0.27587980031967163,-0.16060663759708405,-0.13198134303092957,-0.020159557461738586,0.12870188057422638,-0.40095704793930054,-0.052024345844984055,-0.2589205801486969,0.037432678043842316,-0.7502199411392212,0.06484222412109375,0.11131040006875992,-0.23111887276172638,0.027588050812482834,0.009250618517398834,0.06560301780700684,-0.2139568030834198,0.19884011149406433,0.0656333714723587,0.062250953167676926,-0.06252136081457138,0.02457503043115139,0.09447257220745087,-0.026990581303834915,0.30258527398109436,-0.23175175487995148,-0.1789368838071823,-0.27267223596572876,0.20949605107307434,-0.23231367766857147,-0.04335429146885872,0.46421074867248535,0.05441170930862427,-0.02417156845331192,0.2206510603427887,-0.06031595915555954,0.22109611332416534,0.15876798331737518,-0.30481889843940735,0.04303651675581932,0.049002453684806824,-0.16713178157806396,-0.13094644248485565,0.06931768357753754,-0.07630490511655807,-0.06121538206934929,-0.12164236605167389,-0.22372643649578094,-0.14664165675640106,0.05417388677597046,0.25366470217704773,0.3455977439880371,-0.14921721816062927,-0.07959841191768646,0.15863236784934998,-0.01889662630856037,0.030496245250105858,0.06817324459552765,-0.21522441506385803,-0.3575504422187805,-0.21877019107341766,-0.06922183930873871,-0.05247627943754196,0.16611261665821075,-0.14679010212421417,-0.10159623622894287,-0.02660038135945797,-0.40315335988998413,-0.30975547432899475,-0.09628177434206009,0.0831817165017128,-0.12273047119379044,0.18565313518047333,0.107386514544487,0.031748902052640915,-0.554121196269989,-0.07538077235221863,0.19355687499046326,0.03631799668073654,-0.03975662589073181,-0.09856907278299332,-0.18389376997947693,0.08459828794002533,0.03371621295809746,-0.1412462294101715,-0.04844357818365097,-0.19930844008922577,-0.06369884312152863,-0.16685038805007935,0.23923511803150177,0.22429315745830536,0.08963023126125336,0.03402763232588768,0.13246038556098938,0.492372989654541,-0.1933523714542389,-0.06511431932449341,0.21977499127388,-0.11324034631252289,-0.09963130950927734,-0.10789786279201508,0.20086786150932312,-0.15567363798618317,-0.021598918363451958,-0.1419629156589508,0.21299143135547638,0.6005324125289917,-0.042817261070013046,0.21688339114189148,0.2630048394203186,0.05675201490521431,0.11517509073019028,0.12302763760089874,0.056443460285663605,0.24942831695079803,0.009139247238636017,-0.01688617467880249,-0.43580278754234314,-0.4466280937194824,0.15227949619293213,0.2448645830154419,0.024611078202724457,0.17358806729316711,0.15707899630069733,-0.2461082488298416,-0.1596682369709015,-0.1473611742258072,0.00806138664484024,0.15576954185962677,-0.11503809690475464,0.032438986003398895,0.16772690415382385,-0.1446773111820221,0.2854501008987427,0.2087715119123459,0.25714433193206787,0.20672214031219482,-0.36326369643211365,-0.21949294209480286,0.08190551400184631,-0.34503209590911865,0.024064471945166588,-0.07686631381511688,-0.04437481611967087,0.20550291240215302,0.288840115070343,-0.08191446214914322,0.05363522842526436,-0.04706208035349846,0.1748269498348236,-0.07960933446884155,-0.12196262180805206,-0.2815648317337036,0.1273411065340042,-0.2568379342556,0.19598804414272308,0.03133012726902962,-0.1740826815366745,-0.11779306083917618,-0.34949034452438354,0.030970657244324684,-0.09187684208154678,0.22060196101665497,-0.19213281571865082,0.3515620827674866,-0.19519105553627014,-0.0036472915671765804,0.06413288414478302,-0.10845249891281128,-0.1633315086364746,0.06903873383998871,0.22406776249408722,-0.08624985069036484,-0.04215067997574806,0.01524043083190918,-0.3329562246799469,0.21483704447746277,-0.03853074461221695,0.05790712684392929,0.1065732091665268,0.09431058168411255,-0.14528623223304749,0.0438784584403038,0.02369704470038414,-0.03269069641828537,-0.06462998688220978,0.05528184026479721,-0.25175589323043823,-0.1514652669429779,-0.3811381459236145,0.09110090881586075,-0.2113559991121292,-0.10459096729755402,0.01715506985783577,-0.0841963067650795,0.46621060371398926,0.3569234013557434,-0.0183159951120615,0.29755890369415283,0.16984689235687256,0.09907354414463043,-0.011765222065150738,-0.05049367994070053,0.16029158234596252,0.05517421290278435,-0.1277199238538742,-0.037983763962984085,-0.044019825756549835,-0.11487506330013275,-0.13556508719921112,0.2511175274848938,-0.030451690778136253,0.1595069020986557,-0.046113021671772,-0.034760456532239914,-0.18816329538822174,-0.048744529485702515,-0.17618456482887268,0.22295820713043213,0.027323061600327492,-0.05594222620129585,-0.03648475930094719,0.27877339720726013,-0.3306739330291748,0.10866963863372803,-0.23496277630329132,0.12503695487976074,-0.2925419211387634,0.007662761025130749,0.1493174135684967,-0.21351318061351776,-0.005268669221550226,0.041360415518283844,-0.031403087079524994,-0.5228654146194458,-0.13845029473304749,0.14935939013957977,-0.26780593395233154,-0.035239823162555695,-0.1816398948431015,0.22529521584510803,0.11573878675699234
CID000004419,2047,0.12053805589675903,0.2694374918937683,0.1439560353755951,0.333620548248291,-0.46540695428848267,-0.08544100821018219,0.25893673300743103,0.5551373362541199,-0.009030841290950775,0.26167312264442444,-0.24378499388694763,0.2466340959072113,0.12228473275899887,0.22735819220542908,-0.335862398147583,0.0004251006175763905,0.027402054518461227,0.07567757368087769,0.17605489492416382,-0.5128391981124878,0.015873806551098824,-0.3532034754753113,-0.0429321750998497,-0.7564828395843506,0.04978479444980621,0.4274264872074127,0.11168786138296127,0.17731797695159912,-0.021550361067056656,0.05863102525472641,-0.23431631922721863,0.23870530724525452,0.11795395612716675,-0.05090399831533432,0.0733054131269455,-0.007314222864806652,0.2378700077533722,0.32811829447746277,0.04538625106215477,-0.10570607334375381,-0.05850391834974289,-0.13110607862472534,0.15918642282485962,-0.3833867907524109,-0.22423461079597473,0.18204155564308167,-0.13355395197868347,-0.05012814328074455,0.12016904354095459,0.0724787712097168,0.4584522247314453,-0.12956342101097107,-0.19447840750217438,0.08382284641265869,0.2080407589673996,-0.3685227632522583,0.2658020555973053,0.2797134816646576,0.1879458874464035,0.07595349848270416,-0.37303024530410767,-0.4160519540309906,0.02488461323082447,-0.020159369334578514,0.0343812070786953,0.3423375189304352,-0.38061851263046265,-0.15833960473537445,0.032523274421691895,-0.15451619029045105,-0.05045672133564949,-0.08217853307723999,-0.05218416452407837,-0.3456513285636902,-0.1953660547733307,0.23828640580177307,0.06375764310359955,0.03952813148498535,-0.1038389652967453,0.22522762417793274,0.18635134398937225,-0.4148247241973877,-0.16576902568340302,0.04422552511096001,-0.20595459640026093,-0.05542204901576042,0.284402072429657,0.06477713584899902,-0.22348980605602264,-0.5131855010986328,0.17021164298057556,0.1373130828142166,0.18739667534828186,-0.09283014386892319,-0.08555300533771515,-0.33618396520614624,0.18684807419776917,-0.07106141000986099,0.10103299468755722,0.07427246868610382,0.3664563298225403,-0.043097224086523056,0.05465254187583923,0.43779048323631287,0.22189219295978546,0.0050192116759717464,-0.5627177953720093,-0.14984861016273499,0.5531435012817383,0.05156613513827324,-0.04193444922566414,0.2999317944049835,0.009699618443846703,-0.07371308654546738,-0.1455661803483963,0.3158707320690155,0.051536668092012405,0.21121831238269806,-0.06896507740020752,0.5323646068572998,0.6267870664596558,-0.2588686943054199,0.35310012102127075,0.20089730620384216,0.010549640282988548,0.1570049226284027,0.05511476844549179,-0.00646637100726366,0.28297048807144165,-0.21686068177223206,0.1514974981546402,-0.46716421842575073,-0.4886161684989929,-0.010921870358288288,0.37585610151290894,0.007045532576739788,0.035811297595500946,0.22086289525032043,0.07752213627099991,-0.47284188866615295,-0.42814475297927856,0.22582745552062988,0.4359012544155121,-0.012949416413903236,-0.01697390154004097,0.44052544236183167,-0.12692514061927795,0.23781521618366241,0.12139497697353363,0.03302980586886406,-0.03202565759420395,-0.32967010140419006,-0.14518322050571442,-0.015626510605216026,0.09262963384389877,0.1363716572523117,0.03838083893060684,-0.136198490858078,0.17798006534576416,0.04911741614341736,-0.04626069217920303,-0.01306093018501997,-0.0555594377219677,0.06761755794286728,-0.20708899199962616,0.12082549184560776,-0.18442392349243164,0.41613268852233887,0.0972868874669075,0.1489378809928894,0.010877124965190887,-0.27539879083633423,-0.3114393651485443,-0.16744597256183624,0.09359262883663177,-0.2063336819410324,0.013666492886841297,-0.28098052740097046,0.48311954736709595,0.13436178863048553,0.21615850925445557,-0.0410173274576664,-0.19400475919246674,-0.3945530354976654,-0.15642836689949036,0.18857638537883759,-0.03170027583837509,-0.055246807634830475,-0.220611572265625,-0.29924657940864563,0.08704376220703125,0.02694142423570156,0.07896475493907928,-0.2923639416694641,0.2857130169868469,0.02983113005757332,-0.05052470043301582,0.09611818939447403,-0.0006105721113272011,0.046490125358104706,-0.16371862590312958,-0.47066861391067505,0.02253810502588749,-0.38790854811668396,-0.011841267347335815,-0.034582167863845825,-0.03377162292599678,-0.19918492436408997,0.20749643445014954,0.40491729974746704,0.23422324657440186,0.10371377319097519,0.53618323802948,0.14824993908405304,0.39059680700302124,-0.8269208669662476,0.010871047154068947,0.3108171820640564,0.14291515946388245,0.11918989568948746,-0.02651463821530342,0.1804746389389038,0.009713554754853249,-0.30214235186576843,0.004022438079118729,-0.09561725705862045,0.06752297282218933,-0.4370760917663574,0.3331058919429779,-0.008948978036642075,-0.07748279720544815,0.05236875265836716,0.24745257198810577,0.04902396351099014,-0.5092626810073853,0.14001047611236572,0.5163124799728394,-0.2053437978029251,0.10309004783630371,-0.4046231210231781,-0.2330457717180252,-0.3127206563949585,-0.16335877776145935,0.3725282549858093,0.031464237719774246,-0.18333522975444794,0.04386273771524429,-0.493792861700058,-0.48445025086402893,-0.0026255727279931307,0.48390355706214905,-0.5431022644042969,0.09788737446069717,-0.1901092529296875,0.03602379560470581,-0.18886439502239227
CID000036811,2082,0.35502421855926514,0.07807224988937378,0.3195764720439911,0.40067559480667114,-0.4002038538455963,-0.12208117544651031,0.06795032322406769,0.3302302956581116,-0.14897972345352173,0.23943045735359192,0.12032884359359741,-0.3855743706226349,-0.17526212334632874,0.2943011224269867,-0.07436969131231308,0.1212933287024498,0.044883087277412415,-0.46117132902145386,0.13323429226875305,-0.6101974248886108,0.22864770889282227,-0.05847956985235214,-0.0019466578960418701,-0.9688666462898254,0.2695196568965912,0.024982525035738945,-0.2782684564590454,0.008435457944869995,0.034873466938734055,0.24046023190021515,0.11689400672912598,0.40253502130508423,0.1609673649072647,0.1312750279903412,0.09364750236272812,0.1854904741048813,0.02088048681616783,0.4279538691043854,0.23215527832508087,0.00673926854506135,-0.14707979559898376,-0.04952770099043846,0.17244383692741394,-0.47464948892593384,-0.08015095442533493,0.2677232325077057,0.15236473083496094,-0.07688508927822113,-0.03468336910009384,0.267271488904953,0.5117567777633667,-0.16928035020828247,0.019054537639021873,-0.2551423907279968,0.17883506417274475,-0.10520520061254501,0.01138114370405674,0.04214932397007942,0.30333614349365234,-0.24654126167297363,-0.20987002551555634,-0.3376838266849518,0.0798216313123703,0.0017139792907983065,0.10448721796274185,0.5090025067329407,-0.37312212586402893,0.1557822972536087,0.2021201103925705,0.2947087585926056,-0.08556003123521805,0.5321199297904968,-0.29204288125038147,-0.3549373745918274,0.07821778208017349,0.5894607305526733,0.04191788285970688,-0.14045237004756927,-0.11321405321359634,0.06705274432897568,0.3014482855796814,-0.5557900667190552,-0.4086577892303467,-0.6200114488601685,-0.017398469150066376,-0.43152713775634766,0.29137730598449707,0.15550819039344788,-0.07976942509412766,-0.8777903318405151,-0.2329176962375641,0.23594114184379578,-0.03894586116075516,0.10324899107217789,0.09603957831859589,-0.4259786009788513,0.0425361767411232,-0.18198376893997192,0.20292434096336365,0.35646167397499084,0.08060400187969208,0.44141513109207153,-0.042409393936395645,0.3822454512119293,-0.2815312445163727,0.07022033631801605,-0.07015319168567657,0.35376089811325073,0.542272686958313,0.2561430335044861,-0.08154512941837311,0.17592641711235046,-0.1758001148700714,0.033237237483263016,0.3059508204460144,0.13919475674629211,-0.04443604126572609,-0.016461562365293503,0.07517076283693314,0.37519708275794983,0.6778128743171692,-0.0753289982676506,0.1994233876466751,0.104605533182621,-0.13549573719501495,-0.13963726162910461,0.13186076283454895,0.140407532453537,0.03568512201309204,-0.2584323287010193,0.2681376338005066,-0.5595477819442749,-0.20813195407390594,0.2286049872636795,0.4301011562347412,0.010222899727523327,0.011931863613426685,0.3318641483783722,0.020447254180908203,-0.26690274477005005,-0.29655298590660095,0.027273546904325485,-0.06445667892694473,-0.04790770262479782,-0.01051928661763668,0.08107008039951324,-0.05380668491125107,0.6275017261505127,-0.32088786363601685,0.03787603601813316,-0.02699231542646885,-0.3067156672477722,-0.4587745666503906,0.22820976376533508,-0.021219784393906593,-0.10550852864980698,-0.1362033188343048,-0.4246053695678711,-0.26168903708457947,0.3918779492378235,0.024748336523771286,0.03363122045993805,-0.053818605840206146,0.3398367166519165,0.20336854457855225,0.015221776440739632,-0.2794116735458374,0.06734778732061386,0.121307373046875,0.2842535674571991,0.05672495439648628,-0.22378413379192352,-0.19578392803668976,-0.3594253957271576,0.08116625249385834,-0.2547733783721924,0.014171329326927662,0.013812316581606865,0.7050114274024963,0.10290338844060898,0.13984617590904236,-0.1405608206987381,-0.3568336069583893,0.13441698253154755,0.5508207082748413,-0.21770957112312317,-0.5684954524040222,0.22270259261131287,-0.14000122249126434,-0.32064706087112427,-0.1383506804704666,0.24775004386901855,0.1345948874950409,-0.21721887588500977,0.2474835366010666,-0.014418462291359901,0.20875152945518494,-0.10439904779195786,0.22543784976005554,-0.19211260974407196,-0.17428185045719147,-0.12510891258716583,0.5114112496376038,-0.029748136177659035,0.13901790976524353,-0.14995509386062622,0.0942402184009552,0.1373893767595291,0.4963138997554779,0.28970783948898315,0.26212579011917114,-0.4214307367801666,0.14587746560573578,0.37795400619506836,0.08925428241491318,-0.5823792219161987,-0.00924343429505825,0.18340718746185303,-0.08421103656291962,0.35273584723472595,-0.034892257302999496,-0.21771566569805145,0.4157024025917053,-0.33518752455711365,0.09588822722434998,-0.12169031798839569,-0.205595463514328,-0.22399482131004333,0.24132223427295685,0.37548336386680603,0.011424144729971886,0.08516742289066315,-0.05951328203082085,0.23766620457172394,-0.10411101579666138,-0.17544609308242798,0.4552951455116272,-0.2639146149158478,0.05967896059155464,-0.05970073491334915,0.18064472079277039,-1.1010984182357788,0.3889267146587372,0.3107997477054596,0.13162323832511902,0.0037422776222229004,-0.14561598002910614,-0.07870610803365707,-0.7749971747398376,-0.5880146622657776,0.27281370759010315,-0.10799075663089752,0.03390843793749809,0.11484979093074799,0.22178129851818085,-0.0013763196766376495
CID000003040,2092,0.2717481553554535,-0.10842148959636688,0.25807517766952515,0.48751315474510193,-0.7769601941108704,-0.04739326611161232,-0.0008445680141448975,0.31451600790023804,0.0021746992133557796,0.2197033166885376,0.058308422565460205,-0.15096935629844666,-0.036696452647447586,0.16226495802402496,-0.30338600277900696,0.027463030070066452,-0.05661468952894211,-0.08860401809215546,0.03004353679716587,-0.3999866843223572,0.11902599036693573,-0.1528986692428589,0.22059941291809082,-0.7973266243934631,0.37091317772865295,0.18805202841758728,-0.014855260960757732,0.19839341938495636,0.2297779619693756,0.2983030676841736,-0.035492200404405594,0.07678760588169098,0.21017007529735565,0.1315576136112213,-0.0962395891547203,0.05765247344970703,-0.06108593940734863,0.28947991132736206,-0.34219804406166077,-0.8424910306930542,0.4414617419242859,-0.07206696271896362,0.39204874634742737,0.25317472219467163,0.06582257151603699,0.1489647924900055,-0.003379806876182556,0.06804260611534119,0.17149166762828827,0.27767494320869446,0.655793309211731,-0.027343368157744408,-0.27556347846984863,0.07825639098882675,-0.12443860620260239,-0.0124933747574687,0.3809652328491211,-0.029964616522192955,0.7301534414291382,0.14755849540233612,-0.3477686047554016,-0.1931578665971756,-0.13721968233585358,-0.07215508818626404,0.0709732174873352,0.6385585069656372,-0.3100835680961609,0.13112778961658478,-0.23689956963062286,-0.06152918189764023,-0.01095656119287014,-0.22841429710388184,-0.18794864416122437,-0.5293663740158081,0.042457155883312225,0.9803298711776733,0.11290335655212402,-0.4203261435031891,0.09777535498142242,-0.16295138001441956,-0.04468826204538345,-0.3334382176399231,-0.33175361156463623,-0.2743961215019226,0.09894492477178574,-0.12492604553699493,0.059791069477796555,0.0979212298989296,0.15560314059257507,-1.0384275913238525,0.01880062185227871,0.43009114265441895,-0.535057544708252,0.3084840178489685,0.03880388289690018,-0.43393436074256897,-0.22255468368530273,-0.2788119912147522,0.033097345381975174,0.27416250109672546,0.1820543259382248,-0.11925888061523438,0.046039991080760956,0.1826377809047699,-0.17576482892036438,0.012851315550506115,-0.07351598888635635,-0.13979128003120422,0.27306920289993286,-0.16506794095039368,0.056211091578006744,0.2650649845600128,-0.09437565505504608,-0.4091421663761139,-0.25363394618034363,0.2803332209587097,-0.38179880380630493,0.12671232223510742,0.10670585930347443,0.5635602474212646,0.9522377252578735,-0.38981395959854126,0.0862070769071579,-0.0724901333451271,-0.10820388793945312,0.6584711074829102,-0.0042291730642318726,0.3778785467147827,0.05875011160969734,0.3237481713294983,0.2552005350589752,-0.7220057249069214,-0.7844110727310181,-0.10680039972066879,0.16324421763420105,0.32449427247047424,0.004566210322082043,0.3276107609272003,-0.09935742616653442,-0.39451369643211365,-0.49931079149246216,0.12095069885253906,0.23250210285186768,0.1172834187746048,-0.008961132727563381,0.0009758174419403076,-0.11454734951257706,0.7677839398384094,-0.09891640394926071,0.10251955687999725,0.13779819011688232,-0.7201592922210693,-0.33272430300712585,0.0790361538529396,-0.14831425249576569,0.11717430502176285,0.26642853021621704,-0.1530669778585434,0.024112898856401443,0.0005739450571127236,-0.130785271525383,-0.015823984518647194,0.21025951206684113,-0.06655426323413849,-0.07485846430063248,0.2548585832118988,-0.22741377353668213,-0.07665501534938812,0.6307623982429504,0.12294075638055801,0.3193747401237488,0.30422621965408325,-0.1624150574207306,-0.13028904795646667,0.27337735891342163,-0.21372684836387634,0.13486090302467346,0.12313757091760635,0.8897727131843567,-0.03007906675338745,-0.120538130402565,0.39212197065353394,0.1694193035364151,0.05977898836135864,-0.16693800687789917,0.12010005861520767,0.029617810621857643,-0.1718384027481079,0.04395977407693863,-0.3476714789867401,0.10291439294815063,0.02340364083647728,-0.2792389988899231,-0.41116267442703247,0.24312785267829895,0.10468661785125732,-0.15509217977523804,0.05741317197680473,-0.10993995517492294,0.1924556940793991,-0.1549830436706543,-0.4576933979988098,0.31638479232788086,0.19211354851722717,-0.06915657967329025,0.2051611691713333,0.08587511628866196,0.0625503808259964,0.6813902854919434,0.5875494480133057,0.3906555473804474,-0.12052208185195923,0.1523953527212143,0.06987152993679047,0.07121261209249496,-0.5908092856407166,0.14240510761737823,0.23305490612983704,-0.15469256043434143,0.19681832194328308,-0.4201582968235016,-0.40219321846961975,0.21451124548912048,-0.3118683695793152,-0.15303872525691986,-0.32716143131256104,0.05661318451166153,-0.20621104538440704,0.2058517187833786,-0.23981256783008575,-0.14267849922180176,0.4729456901550293,0.08625267446041107,0.014156823046505451,-0.1949598640203476,0.14211635291576385,1.0276539325714111,-0.5913715958595276,-0.013400482945144176,-0.15940526127815247,0.2531736493110657,-0.555134654045105,-0.2712060809135437,0.248029425740242,-0.3311876654624939,-0.08885295689105988,0.08015232533216476,-0.514191746711731,-0.6270480751991272,-0.035490818321704865,0.10060777515172958,0.23536887764930725,-0.07118688523769379,-0.6526206731796265,-0.0339905209839344,-0.4203805923461914
CID000003372,2108,0.01589205116033554,0.15693596005439758,0.14381472766399384,0.1990697830915451,-0.3579956293106079,0.07538960129022598,0.44572973251342773,0.32101941108703613,0.051871407777071,0.2500116229057312,0.4050012528896332,0.17101135849952698,0.05041388422250748,0.38560301065444946,-0.1566133201122284,0.004651184659451246,-0.02790263667702675,-0.030392631888389587,0.408128559589386,-0.5427385568618774,0.1333606094121933,-0.07032866775989532,0.08541949838399887,-0.8456080555915833,-0.041576188057661057,0.1681133508682251,0.045411184430122375,-0.0824648067355156,-0.06686174869537354,0.18784260749816895,-0.12488967180252075,0.21267421543598175,0.009141278453171253,0.005273707211017609,-0.09878841787576675,-0.12683936953544617,0.27030977606773376,0.011706473305821419,0.19396920502185822,-0.29164090752601624,0.026342162862420082,-0.1812654435634613,0.23220396041870117,-0.2803005278110504,-0.21510843932628632,0.2469865381717682,-0.07629396766424179,-0.014441612176597118,0.13463178277015686,-0.01126793958246708,0.3748672604560852,0.06311774998903275,-0.17215338349342346,-0.0414343997836113,0.3011339008808136,-0.17098556458950043,0.39238473773002625,0.2276575118303299,0.1289748251438141,0.1506568193435669,-0.2763593792915344,-0.3265526592731476,-0.09863115847110748,0.023589354008436203,0.21997210383415222,0.42932644486427307,-0.26368430256843567,-0.2731865346431732,0.060804855078458786,-0.014887474477291107,0.16904933750629425,0.29303961992263794,-0.39823800325393677,-0.4861730635166168,-0.29682081937789917,-0.07433243095874786,-0.0756111741065979,0.15939757227897644,-0.003506383392959833,-0.0942516177892685,0.2151159942150116,-0.43708163499832153,-0.3190338611602783,-0.1149313896894455,-0.06316438317298889,-0.14580434560775757,-0.029027462005615234,0.6207128763198853,-0.04257861524820328,-0.5165632367134094,-0.15704655647277832,0.25452446937561035,-0.03764358162879944,-0.1252414882183075,0.1430233269929886,-0.17684216797351837,-0.03692982345819473,-0.037630338221788406,0.21690769493579865,-0.022797200828790665,-0.1611919105052948,0.08271579444408417,-0.14442768692970276,0.38024765253067017,0.043828099966049194,-0.026829266920685768,-0.2720472812652588,0.03299645334482193,0.5348078608512878,0.044578831642866135,-0.22753560543060303,0.1189756765961647,-0.27842530608177185,-0.06975151598453522,0.03971954435110092,0.21206602454185486,0.004664692096412182,0.02223348058760166,-0.006712476722896099,0.11843109130859375,0.5675843954086304,-0.16194434463977814,0.4143201410770416,0.2516944110393524,-0.23904578387737274,0.024086356163024902,-0.04427037760615349,-0.035493891686201096,0.3188672363758087,-0.1619952768087387,0.17348946630954742,-0.3951975405216217,-0.351498544216156,0.08345364034175873,0.42673325538635254,-0.18906396627426147,0.045912064611911774,0.07883422076702118,-0.36360567808151245,-0.312459260225296,-0.5331393480300903,0.32847389578819275,0.015223672613501549,-0.11637240648269653,0.058295607566833496,0.13726867735385895,-0.3594051003456116,0.200047105550766,-0.04788365215063095,0.08047806471586227,0.10567822307348251,-0.16398200392723083,0.020593911409378052,-0.005738297011703253,-0.1063925251364708,-0.11058370023965836,-0.05647444725036621,-0.08208838850259781,0.1442549079656601,0.2779417932033539,-0.060369063168764114,0.07209450751543045,0.038505397737026215,0.09413294494152069,-0.2160053253173828,-0.19070856273174286,-0.30927520990371704,-0.07718656957149506,0.005810433533042669,0.04675177484750748,0.09363244473934174,-0.1969716101884842,-0.24666686356067657,-0.1170634850859642,0.17407752573490143,-0.05826030299067497,0.026949409395456314,-0.21825937926769257,0.43932461738586426,-0.024179160594940186,0.15169396996498108,-0.09329120069742203,-0.2973438501358032,-0.292703777551651,-0.10859330743551254,0.3326430022716522,-0.16175512969493866,-0.16911184787750244,-0.05267142504453659,-0.39660364389419556,0.06595303118228912,-0.030179953202605247,0.1982087343931198,0.11333079636096954,0.23008640110492706,-0.4439491629600525,-0.03482703119516373,0.10306417942047119,-0.05131867527961731,-0.22176861763000488,0.1761648952960968,-0.32029080390930176,0.052841246128082275,-0.4819210469722748,0.15322661399841309,-0.1069604754447937,-0.1399720311164856,0.08085297048091888,0.005394083447754383,0.35494935512542725,0.43563008308410645,-0.0858137235045433,0.627008855342865,0.19118180871009827,0.4518911838531494,-0.14344367384910583,-0.17981186509132385,0.10828787088394165,0.017652640119194984,-0.1342620998620987,-0.003030401421710849,-0.03728870302438736,0.004081612918525934,-0.13948571681976318,-0.04065943881869316,0.003866547252982855,-0.19360622763633728,-0.3339649438858032,-0.025905247777700424,-0.025101948529481888,-0.05545196682214737,-0.08582901954650879,0.1908874809741974,0.014008523896336555,-0.28879162669181824,-0.007295268587768078,0.3533986210823059,-0.12712976336479187,0.03866196051239967,-0.06226711347699165,0.33904415369033813,-0.36417099833488464,-0.024966144934296608,0.20158812403678894,0.07178012281656265,-0.059391140937805176,0.0816221684217453,-0.08429447561502457,-0.5182821154594421,-0.08216298371553421,0.4536777138710022,-0.30152812600135803,0.1604040563106537,-0.18612928688526154,0.21242554485797882,0.08125119656324387
CID000002283,2135,0.05855949595570564,0.011556161567568779,0.3753338158130646,0.7544292211532593,-0.33617326617240906,0.2373645007610321,0.13428065180778503,0.280222624540329,0.12142191082239151,0.19887803494930267,-0.06719903647899628,-0.1594446897506714,-0.20654895901679993,0.19313639402389526,0.1412009447813034,0.075802281498909,-0.042405687272548676,0.04096849635243416,0.19906927645206451,-0.5824079513549805,-0.1058494821190834,-0.22563859820365906,0.12308754771947861,-0.7915388941764832,0.0030702860094606876,0.2775461971759796,0.1307600438594818,-0.09531723707914352,0.002108654472976923,0.16797928512096405,-0.1793403923511505,0.0854867473244667,0.23176637291908264,0.2845592498779297,-0.004716807510703802,0.21457548439502716,0.12791290879249573,0.4073770046234131,-0.10975170135498047,-0.30303236842155457,-0.1417885720729828,-0.052287884056568146,0.13660182058811188,-0.058274172246456146,-0.08367592096328735,0.01940184459090233,0.11555123329162598,-0.06843525171279907,0.09688857197761536,-0.08344104886054993,0.6389097571372986,-0.24539127945899963,-0.15683884918689728,0.13196080923080444,-0.01901637390255928,0.05031069368124008,0.29339921474456787,-0.0571196973323822,0.7450196146965027,0.0302659310400486,-0.02528977394104004,-0.28200915455818176,-0.06021144986152649,-0.12018487602472305,-0.1492951661348343,0.3156011402606964,-0.1900494247674942,-0.04087851569056511,-0.08424824476242065,0.11379643529653549,-0.1093079075217247,0.039265625178813934,-0.05944870784878731,-0.40503087639808655,-0.10503792762756348,0.041613660752773285,-0.16934725642204285,0.06227795407176018,-0.17338600754737854,0.16723358631134033,0.7698265314102173,-0.19831575453281403,-0.3966829180717468,-0.009879732504487038,0.4016338288784027,-0.08657301962375641,0.10967759042978287,0.35712558031082153,-0.011933115310966969,-0.5922657251358032,0.4446791708469391,0.0789421945810318,-0.2513576149940491,0.3181891441345215,-0.18884824216365814,-0.426594078540802,0.16713090240955353,-0.1097109317779541,0.20223073661327362,-0.04659850150346756,0.4192087650299072,-0.010927724651992321,0.058127403259277344,0.38453054428100586,-0.15066766738891602,-0.14308780431747437,-0.1562911570072174,0.20373983681201935,0.5972928404808044,-0.06366525590419769,0.1777723878622055,0.14680975675582886,0.13465137779712677,-0.0009431391954421997,-0.602000892162323,0.47304973006248474,-0.01146619115024805,0.15755674242973328,0.12332768738269806,0.32086387276649475,0.7090296745300293,-0.3133084177970886,0.29928383231163025,0.5513033270835876,-0.2814125418663025,0.17733299732208252,-0.000869238399900496,0.1544821709394455,0.3925137221813202,0.11646614223718643,0.27116772532463074,-0.5529821515083313,-0.566071093082428,-0.09006842225790024,0.40229368209838867,0.6508815884590149,0.17522695660591125,0.2705465853214264,-0.09199600666761398,-0.2969571053981781,-0.19856831431388855,0.28784456849098206,-0.02191527746617794,0.11856545507907867,0.0027764930855482817,0.3144836723804474,-0.11681391298770905,0.5568329095840454,0.04526976868510246,0.2794453799724579,0.12148557603359222,-0.4490346312522888,-0.1363542526960373,-0.07283205538988113,0.01284889318048954,-0.15135236084461212,0.08708248287439346,-0.16693027317523956,0.3661254048347473,0.05508895590901375,-0.04459570720791817,-0.1740892082452774,0.18992897868156433,0.25913792848587036,-0.27465054392814636,0.2273373156785965,-0.2875105142593384,0.07391738891601562,0.010805457830429077,0.13867025077342987,0.05188365653157234,0.0949360728263855,-0.1620538830757141,0.01218872144818306,0.1339513510465622,-0.15707425773143768,0.0005897164228372276,-0.23144257068634033,0.6930496096611023,0.1402875930070877,-0.3752521574497223,0.31627827882766724,0.0025233745109289885,0.30987900495529175,0.022583669051527977,-0.1411512792110443,-0.11608556658029556,0.10055112838745117,0.5389052629470825,-0.3394125998020172,0.1615680754184723,-0.06607092916965485,-0.12956832349300385,-0.5347118377685547,0.10872173309326172,-0.026891570538282394,-0.25162655115127563,-0.06877098977565765,0.10797072947025299,-0.07079765200614929,-0.21464452147483826,-0.28573307394981384,-0.15723301470279694,-0.17742812633514404,0.1011892780661583,-0.09796976298093796,-0.0690445601940155,-0.27800217270851135,-0.004494392778724432,0.7641075253486633,0.21370947360992432,0.0030140518210828304,0.23389466106891632,0.1698376089334488,0.1586836278438568,-0.09929101914167404,0.07879344373941422,0.227680966258049,0.4341910481452942,0.04227059707045555,-0.26083239912986755,-0.39869651198387146,-0.07493986189365387,-0.1656046211719513,-0.05239669233560562,-0.25062862038612366,-0.004400861449539661,-0.3548068404197693,0.19614365696907043,0.22297708690166473,-0.0008258389425463974,0.0845283791422844,0.2595898509025574,0.14208218455314636,-0.20916816592216492,-0.16915608942508698,0.6317096948623657,-0.4652179181575775,0.04842352122068405,-0.19274966418743134,-0.08007293194532394,-0.8197202682495117,-0.44565001130104065,0.3829212784767151,0.08243083953857422,-0.1368216574192047,-0.12303588539361954,-0.34305208921432495,-0.7494748830795288,-0.17000789940357208,0.4483709931373596,0.20066872239112854,0.10669521242380142,-0.1729292869567871,0.04535907879471779,-0.0690682902932167
CID000123606,2210,-0.0503174290060997,0.05033126473426819,0.17811723053455353,0.636869490146637,-0.2271149605512619,0.07830118387937546,0.012314516119658947,0.3500353693962097,0.005138085689395666,0.0025267123710364103,0.2922745645046234,0.2819993197917938,-0.7479059100151062,-0.033592380583286285,-0.35980623960494995,0.02849968709051609,-0.1984330713748932,-0.0009505815687589347,0.16688130795955658,-1.1159740686416626,-0.0335734598338604,-0.22742481529712677,-0.01566578820347786,-1.03005850315094,0.046988893300294876,0.20442108809947968,-0.2016689032316208,-0.29103022813796997,-0.12108365446329117,0.08133994042873383,0.1145971268415451,0.36254456639289856,0.12090699374675751,0.03284592553973198,0.08275603502988815,-0.04938076063990593,0.243550106883049,-0.300630122423172,0.2898726463317871,-0.3185169994831085,-0.10959158092737198,0.17340293526649475,0.09016305208206177,-0.6936273574829102,-0.09388729929924011,0.4025576114654541,0.1509697437286377,0.14944986999034882,0.4249204099178314,0.04726186394691467,0.7556848526000977,0.07729099690914154,-0.2184116095304489,-0.0828465074300766,0.14511573314666748,-0.006461767014116049,0.42263728380203247,0.385565847158432,-0.12727326154708862,0.10134875774383545,-0.35333067178726196,-0.25140446424484253,0.21094314754009247,-0.1957031935453415,0.34879833459854126,0.8316396474838257,-0.326305091381073,-0.09983951598405838,-0.25256961584091187,0.2003563642501831,0.34628158807754517,0.11905992031097412,0.02513108216226101,-0.2447108030319214,-0.27655404806137085,-0.02488899976015091,-0.09195153415203094,-0.21481986343860626,-0.06735262274742126,-0.2491665631532669,-0.010186845436692238,-0.2866254150867462,-0.14208003878593445,-0.2393484115600586,0.43537577986717224,0.07052323967218399,-0.047888509929180145,0.9018964767456055,0.07427258789539337,-0.8746873140335083,0.1000576838850975,0.3047023415565491,-0.09861965477466583,0.26333969831466675,0.3237323462963104,-0.544225811958313,-0.3126598596572876,0.09433327615261078,0.2093682736158371,-0.12805098295211792,0.3629288077354431,-0.07339461147785187,-0.05581914260983467,0.3728231191635132,-0.055468685925006866,0.12691664695739746,0.13820309937000275,0.1263357698917389,0.8600999712944031,0.10990794003009796,-0.09767387807369232,0.0632326677441597,-0.015073942951858044,-0.032396458089351654,-0.06699862331151962,-0.007446066942065954,0.19593769311904907,0.20064492523670197,-0.31082260608673096,0.06548804044723511,0.698422372341156,-0.39963728189468384,0.30820074677467346,0.2643866539001465,-0.4312245845794678,-0.12203030288219452,0.030739545822143555,-0.14644792675971985,0.30183178186416626,-0.09089815616607666,0.22075001895427704,-0.3581538796424866,-0.1533816158771515,0.10376147925853729,0.036958444863557816,-0.08916344493627548,0.25739479064941406,-0.19750162959098816,-0.24944067001342773,-0.9633322954177856,-0.09394149482250214,0.03961934521794319,0.38536834716796875,0.024886354804039,0.06034158542752266,0.01804399862885475,-0.1709706038236618,0.24950921535491943,0.19841603934764862,0.3157327175140381,-0.0681854635477066,-0.21225371956825256,-0.05809832364320755,-0.009310140274465084,-0.20026393234729767,-0.2795672118663788,-0.11414439976215363,-0.05790848284959793,-0.21145863831043243,0.4437440037727356,-0.21017789840698242,0.04150618240237236,-0.01008249819278717,0.19065973162651062,-0.31617891788482666,-0.9060574769973755,-0.10495994240045547,0.07353036850690842,-0.15285056829452515,0.003507962916046381,0.1288134604692459,-0.6429134011268616,-0.09533865749835968,-0.33380550146102905,0.031648822128772736,-0.14641234278678894,0.47343406081199646,-0.21625959873199463,0.3707472085952759,-0.1362226903438568,0.13093100488185883,0.00028942228527739644,-0.43599754571914673,-0.11123514175415039,0.004349267575889826,0.1674606055021286,-1.1140682697296143,-0.14934766292572021,0.26383453607559204,-0.41056737303733826,-0.21617424488067627,0.22504258155822754,0.2205972671508789,-0.05429041385650635,0.34808558225631714,-0.04295177385210991,-0.40537700057029724,-0.23757143318653107,-0.12781919538974762,-0.14175322651863098,-0.41824012994766235,-0.26851773262023926,-0.19008930027484894,-0.2971532940864563,0.255620539188385,-0.08796200156211853,-0.11352851241827011,0.01575549691915512,0.6513403654098511,0.6922855377197266,0.19661398231983185,-0.10470026731491089,0.084445059299469,0.007355287671089172,0.4282592236995697,-0.01430429331958294,0.008339637890458107,0.24943527579307556,0.139320969581604,-0.01477213203907013,-0.1993473768234253,-0.14184224605560303,0.1491846740245819,-0.4435577988624573,-0.3291257321834564,-0.07859372347593307,-0.41327524185180664,-0.7427312135696411,0.4416901469230652,-0.18263128399848938,-0.03072402812540531,0.20495696365833282,0.1619558036327362,0.09835696220397949,0.29674404859542847,-0.06936974078416824,0.34079790115356445,-0.4121038019657135,-0.04713243246078491,-0.13449829816818237,-0.1375940442085266,-0.8376141786575317,-0.02712717093527317,-0.08958771079778671,0.08883175998926163,-0.25531744956970215,0.6131258010864258,-0.16300031542778015,-0.8422212600708008,-0.2702077627182007,0.3527699112892151,0.2995540499687195,0.4749908447265625,-0.05990893766283989,0.09865891188383102,0.015048476867377758
CID005281007,2236,0.18981920182704926,-0.13153788447380066,0.07289345562458038,0.42991241812705994,-0.4820897579193115,0.019581541419029236,0.19899985194206238,0.11999496072530746,-0.1124340072274208,0.23851588368415833,0.1313840001821518,0.10045690834522247,-0.11395088583230972,-0.0388835184276104,-0.1793523132801056,0.015772294253110886,-0.10807725042104721,-0.12812736630439758,0.15256452560424805,-0.479301393032074,-0.07557141780853271,-0.2458830326795578,0.031155209988355637,-0.778566837310791,0.10922850668430328,0.06330367177724838,-0.07524772733449936,0.06291678547859192,0.06006236746907234,0.05331004410982132,-0.010551134124398232,0.25080955028533936,0.21766698360443115,-0.02679350972175598,0.015325364656746387,-0.08316538482904434,0.18894237279891968,0.02059009298682213,0.2197200506925583,-0.009930804371833801,-0.07373227924108505,-0.21350522339344025,0.18260636925697327,-0.22562146186828613,-0.30213460326194763,0.3737805485725403,0.09018294513225555,-0.04017624631524086,0.18186524510383606,0.11055777221918106,0.32307368516921997,-0.0237339548766613,-0.21902623772621155,0.09343430399894714,0.11268885433673859,-0.176230788230896,0.11064869165420532,0.13627466559410095,0.01916053704917431,0.21552491188049316,-0.18988355994224548,-0.27594003081321716,-0.17475859820842743,-0.10245199501514435,0.06744556128978729,0.20675337314605713,-0.15577732026576996,-0.12952712178230286,0.17731811106204987,0.23008456826210022,0.19718678295612335,0.09110657870769501,-0.3126125931739807,-0.4232634902000427,-0.08553795516490936,0.14382608234882355,0.024696074426174164,-0.09526122361421585,0.09666599333286285,-0.12958462536334991,0.0277356319129467,-0.7019463181495667,-0.24730093777179718,0.20578019320964813,0.07370279729366302,0.06595578789710999,0.06967388093471527,0.13317570090293884,0.043028052896261215,-0.5692054033279419,-0.1684378683567047,0.16922233998775482,-0.06918942928314209,-0.05366618186235428,0.016867375001311302,-0.1908228099346161,-0.13068942725658417,-0.010715496726334095,-0.09656477719545364,0.09798090159893036,-0.1801653802394867,-0.0046279458329081535,-0.08312207460403442,0.3215685486793518,0.23107758164405823,-0.006817276123911142,0.0658240020275116,0.23775935173034668,0.4881879687309265,-0.17124179005622864,-0.026444336399435997,0.136164128780365,0.06292746216058731,-0.1701813042163849,-0.002828554017469287,0.18990394473075867,-0.19432517886161804,-0.1589169055223465,0.006039125844836235,0.20168893039226532,0.6525657176971436,-0.23959381878376007,0.14220502972602844,0.05910889431834221,0.0799376517534256,0.11111714690923691,0.015387983992695808,0.03157798945903778,0.032841917127370834,0.035090137273073196,0.19146335124969482,-0.5684584975242615,-0.4744036793708801,0.13497839868068695,0.25362101197242737,-0.03530168905854225,-0.13343079388141632,0.17931613326072693,-0.02272040769457817,-0.18461225926876068,-0.2648029327392578,-0.048129986971616745,-0.052467357367277145,-0.09568575769662857,-0.08805902302265167,0.032813869416713715,0.016749639064073563,0.3850390315055847,0.014656320214271545,0.1223180741071701,-0.03198236972093582,-0.381631076335907,-0.13342270255088806,0.20916004478931427,-0.3527899980545044,0.11937616765499115,-0.1659083515405655,-0.0627884641289711,-0.01149010844528675,0.1966974139213562,-0.2323571741580963,0.05757332965731621,-0.10413497686386108,0.23275943100452423,-0.07922130823135376,-0.026666995137929916,-0.061061907559633255,0.30193406343460083,0.0625080019235611,0.24986258149147034,0.056855011731386185,-0.1814052164554596,-0.22310695052146912,-0.2597354054450989,0.014629252254962921,-0.031428687274456024,0.24488207697868347,-0.08283556997776031,0.30290526151657104,0.06758145987987518,0.21580830216407776,0.16150125861167908,-0.04690675809979439,-0.2012443095445633,0.08205712586641312,0.14759327471256256,0.00875403918325901,-0.21850690245628357,-0.17129576206207275,-0.2338377684354782,0.12005700916051865,0.050118912011384964,0.25891414284706116,-0.024236103519797325,0.05031644180417061,-0.1640762984752655,0.037538718432188034,0.004105609841644764,-0.04652192443609238,-0.06545119732618332,-0.02694430574774742,-0.405031681060791,0.10012328624725342,-0.17623329162597656,-0.018298445269465446,-0.009507211856544018,-0.14963671565055847,0.13237135112285614,-0.028250593692064285,0.4475468099117279,0.2951856255531311,0.2952800691127777,0.3611986041069031,0.09043817222118378,0.09857700765132904,-0.09364007413387299,-0.14382950961589813,0.34206080436706543,0.12181606143712997,0.10655232518911362,0.0482817217707634,0.06619226932525635,0.056681256741285324,-0.1882655769586563,0.0845441222190857,-0.10517896711826324,0.022016491740942,-0.0019142956007272005,0.058937083929777145,-0.0911974310874939,-0.04020996764302254,0.09968085587024689,0.21879394352436066,0.001135435188189149,0.03867574781179428,-0.14080139994621277,0.4775138795375824,-0.29688066244125366,0.09598701447248459,-0.14683334529399872,0.10013473033905029,-0.20787429809570312,-0.01866781711578369,0.4065689444541931,-0.1417974829673767,0.010100114159286022,0.00774147966876626,0.10364879667758942,-0.7698225378990173,-0.07080323994159698,0.20408877730369568,-0.328308641910553,0.046922434121370316,-0.3139456510543823,-0.023036355152726173,-0.040092743933200836
CID000150610,2245,0.44428372383117676,0.055994708091020584,0.07396570593118668,0.5915456414222717,-0.45220738649368286,0.07322689890861511,0.09225626289844513,0.2427520751953125,0.20136186480522156,0.2941727936267853,-0.1586454063653946,-0.28111809492111206,0.15600740909576416,0.13026008009910583,-0.10474957525730133,0.18805335462093353,0.024024629965424538,-0.3548172414302826,-0.01285648625344038,-0.44874730706214905,0.15036511421203613,-0.3686715364456177,0.11990294605493546,-0.8610569834709167,0.16628189384937286,0.024926185607910156,-0.38065093755722046,-0.08765585720539093,0.017317170277237892,0.0027526081539690495,-0.026750599965453148,0.13618667423725128,0.08281615376472473,-0.04529213905334473,0.037133149802684784,0.14828459918498993,0.14138184487819672,0.21299314498901367,-0.13924996554851532,-0.1732029914855957,0.10254983603954315,0.3427458703517914,0.23690620064735413,0.14485900104045868,-0.22882632911205292,0.3319621682167053,-0.0191078782081604,-0.14067985117435455,-0.13069912791252136,0.551512598991394,0.49360471963882446,-0.08404486626386642,-0.3049076795578003,0.026693135499954224,-0.3259270191192627,0.20093519985675812,-0.015246784314513206,-0.10336868464946747,0.2558228373527527,0.108662448823452,-0.05371805280447006,-0.32229703664779663,-0.1162312775850296,-0.1463804990053177,0.21143002808094025,0.4258353114128113,-0.3549865782260895,0.03877214342355728,0.16587288677692413,-0.043839868158102036,0.02666328474879265,-0.043994102627038956,-0.15120747685432434,-0.39512884616851807,-0.22067122161388397,0.26788491010665894,0.17167310416698456,-0.08548781275749207,-0.13788838684558868,0.13618911802768707,0.2737707197666168,-0.2692722678184509,-0.30928343534469604,0.05325939133763313,0.06327389180660248,0.1314561665058136,0.10940078645944595,0.050500355660915375,0.09776907414197922,-0.40279245376586914,-0.08697222173213959,0.297954797744751,-0.03081769309937954,0.02039005421102047,-0.027927707880735397,-0.10896991193294525,0.1842776983976364,-0.13906718790531158,0.07847774773836136,0.21019704639911652,0.05439860746264458,-0.11086811870336533,-0.11912655830383301,0.13128912448883057,0.08684177696704865,-0.04118505120277405,0.1423550844192505,0.028169948607683182,0.48631444573402405,-0.05962508171796799,0.2245924025774002,0.19531625509262085,-0.12122146785259247,-0.4033224582672119,0.4136520326137543,0.33908385038375854,-0.20315825939178467,0.02196371555328369,-0.03786024823784828,0.2617341876029968,0.7610819935798645,-0.29882413148880005,0.23924410343170166,0.3732077181339264,-0.0923476442694664,0.3255290389060974,0.1275618076324463,0.04722335934638977,-0.02243136242032051,0.2639695703983307,0.2143302708864212,-0.5428036451339722,-0.4931696951389313,0.32872694730758667,0.2825768291950226,0.2192084789276123,0.14924615621566772,0.09145431220531464,0.050035882741212845,-0.04986977204680443,-0.14620189368724823,0.11649487912654877,0.20538470149040222,0.17456313967704773,-0.04740432649850845,-0.04792661964893341,-0.031489741057157516,0.5137931108474731,0.1674249917268753,0.49013566970825195,0.09980865567922592,-0.5681192278862,-0.1972137987613678,0.2946835160255432,-0.19337420165538788,-0.07097233831882477,0.020163733512163162,-0.11519597470760345,-0.04292801022529602,0.06984488666057587,0.03252621740102768,0.02915903925895691,0.030809398740530014,0.21350744366645813,-0.21857985854148865,-0.043556950986385345,-0.24017851054668427,0.025051426142454147,0.1068585142493248,0.0029831095598638058,0.023708974942564964,0.10660427808761597,-0.2996925413608551,-0.31523990631103516,0.10389304161071777,0.012509030289947987,0.19867202639579773,-0.05821125581860542,0.7883002161979675,0.03760049492120743,-0.39607295393943787,0.025883246213197708,0.09908153116703033,0.11874966323375702,0.22650611400604248,0.01714441180229187,-0.11476331949234009,-0.05083426088094711,0.007760765962302685,-0.35017600655555725,-0.033292509615421295,-0.024017581716179848,-0.0036441802512854338,-0.23573251068592072,0.32829317450523376,0.07949621230363846,0.20270530879497528,-0.04832819849252701,-0.03438673913478851,0.05747027322649956,-0.0723707526922226,-0.4528166651725769,0.39751535654067993,-0.32726913690567017,-0.12330074608325958,-0.1364012211561203,0.068384550511837,-0.21730700135231018,0.13013938069343567,0.445801317691803,0.2575555443763733,0.24717018008232117,0.18174323439598083,0.0008755524759180844,-0.15678271651268005,-0.1867835968732834,0.3386234641075134,0.4218764305114746,0.12605778872966766,-0.00547588337212801,-0.22732332348823547,-0.10456464439630508,-0.053261201828718185,-0.10265745967626572,0.16303810477256775,-0.04739856719970703,-0.021321941167116165,0.01950729824602604,-0.13769879937171936,-0.05163852497935295,0.07429227977991104,0.1871378868818283,0.3780767321586609,-0.09733640402555466,0.22974233329296112,0.06612411886453629,0.5878287553787231,-0.5363690257072449,-0.08319048583507538,-0.2597286105155945,-0.24954624474048615,-0.20539143681526184,0.3871694803237915,0.12966153025627136,-0.310186505317688,-0.08443867415189743,0.1338604986667633,0.14158563315868378,-0.7577504515647888,-0.17892202734947205,0.2554021179676056,0.14794914424419403,0.23544251918792725,-0.177347332239151,0.021617215126752853,0.08673550188541412
CID000003291,2279,0.22220630943775177,-0.05546771362423897,-0.041335657238960266,0.39857155084609985,-0.3046920895576477,0.14145104587078094,0.18599970638751984,0.1459559202194214,-0.04148044064640999,0.132670596241951,0.2574406564235687,0.0013561248779296875,-0.06714130938053131,0.2253974974155426,-0.16473528742790222,-0.2790583670139313,-0.020635122433304787,-0.10274101793766022,0.036231763660907745,-0.3944733142852783,0.17934183776378632,-0.30482858419418335,-0.13787707686424255,-0.713017463684082,-0.08912435173988342,-0.013049652799963951,-0.13161680102348328,-0.20510511100292206,-0.03532512113451958,0.21349838376045227,0.00015692114538978785,0.3380868136882782,-0.08584251254796982,-0.12324126809835434,0.07585269957780838,-0.31112298369407654,0.04207775741815567,0.2256682813167572,0.21048244833946228,-0.2114841490983963,0.10255898535251617,-0.08968804776668549,-0.07504498958587646,-0.3498261272907257,-0.2196730673313141,0.22701005637645721,-0.041918762028217316,0.01893557980656624,0.15475666522979736,-0.13398981094360352,0.3626863360404968,0.2819415032863617,-0.2766769230365753,-0.10163526237010956,0.038811929523944855,-0.1693393737077713,-0.09783582389354706,0.08394622057676315,-0.009879040531814098,0.006864179857075214,-0.12735524773597717,-0.2744748592376709,-0.08105964958667755,0.05652282387018204,0.23045854270458221,0.39923352003097534,-0.20266945660114288,-0.2620598077774048,0.13853399455547333,0.2140391319990158,-0.204824298620224,-0.18717607855796814,-0.3676850199699402,-0.2696009874343872,-0.2382611781358719,-0.07629959285259247,-0.062207162380218506,0.2820490896701813,-0.16170689463615417,-0.10068099200725555,0.3876935839653015,-0.36061805486679077,-0.4299076199531555,-0.10240862518548965,0.24217399954795837,0.031841982156038284,0.2850499749183655,0.13844627141952515,0.0033390403259545565,-0.6070448160171509,-0.008041540160775185,0.2619659900665283,-0.027724841609597206,-0.05898737907409668,-0.18678319454193115,-0.3921263515949249,-0.20618903636932373,0.017834465950727463,0.35025784373283386,0.21794143319129944,-0.2481473982334137,0.2230277955532074,0.014842048287391663,0.08555379509925842,0.3311883807182312,0.049079131335020065,-0.02199028804898262,-0.15137481689453125,0.45004329085350037,-0.06189389154314995,-0.17264685034751892,0.2930384874343872,-0.2749719023704529,0.10399945080280304,-0.20174820721149445,0.30175966024398804,0.004592793993651867,-0.08398100733757019,-0.273262083530426,0.0014659881126135588,0.6214388012886047,-0.050718408077955246,0.3615174889564514,0.2843055725097656,-0.14242951571941376,0.23800897598266602,-0.028630852699279785,-0.03312476724386215,0.32339397072792053,0.014888359233736992,0.05030394718050957,-0.4718009829521179,-0.24430517852306366,0.10530778020620346,0.22480499744415283,0.2046726942062378,-0.14665082097053528,-0.006197220180183649,-0.21902576088905334,-0.16575899720191956,-0.12266004085540771,0.3507295846939087,0.09629238396883011,-0.20029735565185547,-0.025070810690522194,0.16807374358177185,0.06834171712398529,0.39437928795814514,0.030026275664567947,0.1384636014699936,-0.2517312467098236,-0.26821789145469666,0.15605488419532776,0.19791147112846375,-0.16493692994117737,-0.2942858338356018,0.016872774809598923,-0.2522541284561157,-0.07019733637571335,0.27084460854530334,0.17534294724464417,0.0635388195514679,0.03379935771226883,-0.18394818902015686,0.03671129792928696,-0.022725747898221016,-0.4310569167137146,0.09760212898254395,0.054199568927288055,0.24602410197257996,-0.10416802018880844,-0.09829211980104446,-0.21864959597587585,-0.2913099229335785,-0.06217297911643982,-0.05648845434188843,0.16312122344970703,-0.4560597538948059,0.4503137469291687,-0.326496422290802,-0.07618694752454758,0.02418004907667637,-0.07310532033443451,-0.2901555299758911,0.38169702887535095,0.07634524255990982,-0.4094911515712738,-0.04660414159297943,0.033514391630887985,-0.33911052346229553,-0.004049372859299183,-0.044289685785770416,0.05787242576479912,-0.09141507744789124,0.15508820116519928,-0.2928599417209625,0.15807834267616272,-0.1426827609539032,0.3105255961418152,0.03560580685734749,0.01953030750155449,-0.1926477551460266,-0.09383195638656616,-0.4306151270866394,0.08501729369163513,-0.4286341667175293,-0.11269185692071915,0.23631064593791962,-0.11147727817296982,0.637725293636322,0.41875046491622925,0.07169197499752045,0.18211549520492554,0.15924543142318726,-0.04151992127299309,-0.2291589230298996,0.0760810375213623,0.15645067393779755,0.044132985174655914,-0.41499966382980347,-0.007642149925231934,0.04490451142191887,-0.1116371601819992,-0.21810659766197205,-0.273203581571579,0.026052474975585938,-0.38463181257247925,-0.10201846063137054,-0.22569403052330017,0.2911207675933838,-0.02025003358721733,0.34563466906547546,0.3849439024925232,0.049175526946783066,-0.05901702493429184,0.2060575932264328,0.23944787681102753,-0.4009551405906677,-0.012218905612826347,-0.11692041158676147,0.31117701530456543,-0.5975643396377563,-0.21284417808055878,0.16905052959918976,-0.022320449352264404,-0.03742969036102295,0.30825114250183105,0.007388883735984564,-0.5782867670059204,-0.10476326942443848,0.27482861280441284,-0.10343213379383087,0.21122106909751892,-0.19471590220928192,0.05346057564020157,0.010244789533317089
CID000003384,2316,0.07182538509368896,0.12030653655529022,0.03719467297196388,0.3692716360092163,-0.23344537615776062,0.3129035234451294,0.22195391356945038,0.34299948811531067,0.033705972135066986,0.27701568603515625,0.06111643463373184,-0.15606915950775146,-0.4354473054409027,0.2877074182033539,-0.02544306591153145,-0.09448637068271637,-0.03834676370024681,-0.08892826735973358,0.18917250633239746,-0.337411493062973,0.30733758211135864,-0.16629502177238464,-0.137060284614563,-0.6556645631790161,-0.31548476219177246,0.2047668695449829,-0.40849143266677856,-0.20438571274280548,0.03240375965833664,0.15747281908988953,-0.0780959278345108,0.5132006406784058,0.10337817668914795,-0.19905400276184082,0.03986804932355881,-0.04521032050251961,0.318056583404541,-0.02762500010430813,0.1639138162136078,-0.0665581002831459,-0.06925614923238754,-0.019856512546539307,0.2562318742275238,-0.16056391596794128,-0.23531273007392883,0.10476450622081757,0.08176253736019135,-0.06649278104305267,0.1485632061958313,0.2090144157409668,0.4295744299888611,-0.04817356914281845,-0.44640201330184937,0.10391966253519058,0.09109814465045929,-0.25080785155296326,0.15137028694152832,-0.13850195705890656,0.08659615367650986,-0.022628139704465866,-0.09296625107526779,-0.2510527968406677,-0.05850113555788994,-0.207363560795784,0.48146796226501465,0.4872569143772125,-0.023319143801927567,0.0849202498793602,0.26752281188964844,0.330340713262558,0.031087953597307205,0.05369555205106735,-0.322905957698822,-0.5251152515411377,-0.5806454420089722,0.057272303849458694,-0.10134720802307129,0.03664284944534302,-0.08243314921855927,0.14666016399860382,-0.18045684695243835,-0.2519341707229614,-0.357765257358551,0.04979680851101875,0.21928390860557556,-0.041767559945583344,0.03816893696784973,0.39189499616622925,-0.13127708435058594,-0.9887934923171997,0.09810452908277512,0.2691342234611511,-0.00982934795320034,-0.24821987748146057,-0.03147895261645317,-0.6469602584838867,-0.15942251682281494,-0.029884040355682373,0.019917184486985207,0.08920732885599136,-0.04377099126577377,0.18777096271514893,-0.007219992578029633,0.5906331539154053,0.0885847806930542,-0.021704573184251785,-0.3481696546077728,0.10352599620819092,0.12449202686548233,-0.19401460886001587,-0.06434258818626404,0.12194590270519257,-0.23515141010284424,0.08028958737850189,-0.020150065422058105,0.343070924282074,-0.15021447837352753,-0.05484116077423096,-0.0027108252979815006,0.18128632009029388,0.5455025434494019,-0.24335427582263947,0.10141988098621368,0.3569708466529846,-0.1026366576552391,0.017327606678009033,0.07071226835250854,0.0383683443069458,0.22004434466362,0.028021182864904404,0.012702569365501404,-0.3138626217842102,-0.3574497103691101,0.48360389471054077,0.16881875693798065,0.4760654866695404,-0.015474608168005943,0.20641057193279266,-0.15051725506782532,0.006038320250809193,-0.044597603380680084,0.23749741911888123,0.06069400906562805,-0.2035880833864212,-0.022452842444181442,0.10321743786334991,-0.038965411484241486,0.295244038105011,-0.38975006341934204,0.09921933710575104,-0.17418184876441956,-0.21881413459777832,0.22383184731006622,0.05715186148881912,-0.326997309923172,-0.127803772687912,0.06323441118001938,-0.29656416177749634,0.04515806958079338,0.4630330502986908,0.022418415173888206,0.12519587576389313,-0.06519684940576553,-0.05465856194496155,-0.39262279868125916,0.01089060865342617,0.33440881967544556,-0.024742726236581802,-0.0964188501238823,0.1380128562450409,0.2568897306919098,-0.26063963770866394,-0.3280063271522522,-0.05393005535006523,0.032124437391757965,-0.022795643657445908,0.1326606124639511,-0.23695874214172363,0.2811150550842285,-0.031805362552404404,0.07367531210184097,0.15669004619121552,-0.01633545383810997,-0.2632864713668823,0.2582661509513855,-0.07060964405536652,-0.03130284324288368,0.07192973792552948,0.41281503438949585,-0.30270645022392273,-0.13166578114032745,0.12983515858650208,0.1350368708372116,0.04854558780789375,0.162273570895195,-0.003570420201867819,0.23642559349536896,-0.3300575613975525,0.06739678233861923,0.022590316832065582,0.27256447076797485,-0.5981365442276001,-0.030177051201462746,-0.40214967727661133,0.06394349038600922,-0.0286409854888916,-0.19607186317443848,-0.22234351933002472,0.3736913800239563,0.47471579909324646,0.28706780076026917,0.026915455237030983,0.16603872179985046,0.06609594821929932,0.19920675456523895,-0.07301793247461319,0.05544799566268921,-0.14001110196113586,0.033973392099142075,-0.15193775296211243,-0.08912914246320724,0.30386582016944885,-0.06232234090566635,-0.5766135454177856,-0.22424697875976562,-0.2355595827102661,0.05466172844171524,-0.23074917495250702,-0.23248115181922913,0.15679284930229187,-0.040310267359018326,0.26986899971961975,0.20475363731384277,0.022354479879140854,-0.34802812337875366,-0.032111167907714844,0.32588720321655273,-0.6551083326339722,0.030343705788254738,-0.16792938113212585,0.25629332661628723,-0.5659116506576538,0.05897759273648262,0.28559166193008423,0.008925986476242542,0.05097782611846924,0.2558569014072418,-0.09113866090774536,-0.4657675623893738,0.05674781650304794,0.11686094105243683,-0.1934599131345749,0.14346829056739807,-0.18523862957954407,-0.11519686877727509,0.08779668807983398
CID000005070,2433,0.14098909497261047,-0.0842781737446785,0.01846930757164955,0.30049949884414673,-0.4910045564174652,0.0740860179066658,0.25047567486763,0.26555678248405457,-0.13816475868225098,0.2973310351371765,0.1607787311077118,0.1194930449128151,0.054896511137485504,0.09576933830976486,-0.20717978477478027,-0.07007952034473419,-0.08861442655324936,-0.14743947982788086,0.16901418566703796,-0.4243551790714264,0.03321901708841324,-0.23047038912773132,-0.032775647938251495,-0.7725626230239868,0.220706507563591,0.08361120522022247,-0.12868621945381165,0.09566447883844376,-0.03676762804389,0.09030155837535858,0.11249246448278427,0.19567035138607025,0.038885124027729034,0.04199496656656265,0.010698072612285614,-0.003700402332469821,0.19464810192584991,0.06262937933206558,0.2850598096847534,-0.04240935295820236,0.016537552699446678,-0.332344114780426,0.18736271560192108,-0.159117192029953,-0.1530027687549591,0.3806386888027191,0.07426773011684418,-0.03142431750893593,0.15372484922409058,0.06159638613462448,0.22593626379966736,0.13459835946559906,-0.22150687873363495,0.04149920493364334,0.04884830117225647,-0.09233703464269638,0.03097456693649292,0.19724170863628387,0.018909398466348648,-0.03682806342840195,-0.26198267936706543,-0.237013578414917,-0.02003619447350502,-0.0023187727201730013,0.2772105038166046,0.3168005347251892,-0.19455771148204803,-0.10710597038269043,0.2805473208427429,0.08789040893316269,0.09674340486526489,-0.10996987670660019,-0.33050620555877686,-0.41746172308921814,-0.18361571431159973,0.0677020400762558,-0.12119220197200775,0.097373828291893,-0.08390133082866669,-0.1548633873462677,-0.01870393007993698,-0.6997000575065613,-0.283549964427948,0.26723921298980713,0.03028016723692417,-0.12930928170681,0.1959073841571808,0.013831472024321556,0.03973954916000366,-0.6355692148208618,-0.06881383061408997,0.19328247010707855,0.020893368870019913,-0.035791315138339996,0.02714010514318943,-0.19320912659168243,-0.18922802805900574,-0.08632423728704453,-0.3643144369125366,0.05619112402200699,-0.2342987358570099,0.10568054765462875,-0.046833641827106476,0.3498538136482239,0.20247754454612732,0.04546193778514862,-0.0277574323117733,0.15044240653514862,0.4521647095680237,-0.24310795962810516,-0.07017289102077484,0.12890896201133728,-0.08361810445785522,-0.02428562566637993,0.07059741020202637,0.18179413676261902,-0.09693959355354309,-0.04582618549466133,-0.13635078072547913,0.2584403455257416,0.604428768157959,-0.16463962197303772,0.20017662644386292,0.10010180622339249,0.03504631668329239,0.1976834535598755,0.007922636345028877,0.1042909026145935,0.2269396334886551,0.03445712476968765,0.12547896802425385,-0.461331307888031,-0.41378068923950195,0.09676864743232727,0.24388284981250763,-0.16108758747577667,-0.2752545177936554,0.3283938765525818,-0.19165335595607758,-0.2310689240694046,-0.2105855941772461,0.13984984159469604,0.013505172915756702,-0.11181215196847916,-0.055143214762210846,0.16964559257030487,-0.10444347560405731,0.31002098321914673,0.015130030922591686,0.17500826716423035,0.045801836997270584,-0.19132398068904877,-0.18717315793037415,0.25869327783584595,-0.32978254556655884,-0.09382084757089615,-0.04432032257318497,-0.027917489409446716,-0.12650267779827118,0.2546902894973755,-0.04555879905819893,0.01490025408565998,-0.08085882663726807,0.2245044708251953,-0.11231007426977158,-0.085223488509655,-0.205855131149292,0.19072964787483215,-0.042553193867206573,0.2081890106201172,-0.01321041863411665,-0.13646650314331055,-0.13233399391174316,-0.2642626166343689,-0.004430325236171484,-0.08161196857690811,0.22207438945770264,-0.20076429843902588,0.3003709018230438,-0.13526663184165955,0.24734775722026825,-0.0014669597148895264,-0.07446329295635223,-0.17359548807144165,0.12110062688589096,0.27895456552505493,-0.071635402739048,0.023655295372009277,-0.20053978264331818,-0.24787333607673645,-0.007354298140853643,0.0308818556368351,0.31680312752723694,0.13750453293323517,0.08353423327207565,-0.1261361986398697,0.10792414098978043,0.008891163393855095,0.06282061338424683,0.15711846947669983,0.15941110253334045,-0.3643872141838074,0.011881398968398571,-0.22220489382743835,0.06532458961009979,-0.15417340397834778,-0.13555453717708588,0.18961016833782196,-0.05264369398355484,0.34096208214759827,0.3186660408973694,0.3106198310852051,0.33694809675216675,0.21993963420391083,-0.014717322774231434,-0.03809141740202904,-0.07795464992523193,0.14898933470249176,0.10098441690206528,-0.02507072687149048,0.05675768852233887,-0.12473158538341522,-0.010212230496108532,-0.1600906401872635,-0.00986054539680481,-0.13878504931926727,0.2628656029701233,0.026914995163679123,-0.0266531053930521,-0.004357463214546442,-0.08346221596002579,-0.14822205901145935,0.21613633632659912,-0.027798086404800415,-0.09877026081085205,-0.15055222809314728,0.314985454082489,-0.4226125180721283,0.1278831660747528,-0.10347143560647964,0.15238046646118164,-0.33303311467170715,0.13331490755081177,0.3521527051925659,-0.06714273989200592,-0.09022632986307144,0.09254027903079987,0.10918785631656647,-0.5758164525032043,-0.14517684280872345,0.25172048807144165,-0.3439781665802002,0.05341283604502678,-0.3199957609176636,0.027796560898423195,0.053728628903627396
CID000002708,2444,0.6172654032707214,-0.07844574749469757,0.21877828240394592,0.3811608552932739,-0.43402448296546936,0.02714674174785614,-0.008155186660587788,0.29625433683395386,-0.1542055904865265,0.2587187886238098,0.04208015277981758,-0.032318927347660065,0.04708118364214897,-0.015491086058318615,-0.17837412655353546,-0.10711769759654999,-0.30601686239242554,-0.36798927187919617,0.05547230318188667,-0.5518587231636047,0.2284729778766632,-0.1529809832572937,-0.36831870675086975,-0.847115695476532,-0.2583070397377014,-0.010454016737639904,-0.14630012214183807,0.10391996055841446,-0.154048889875412,0.033425480127334595,-0.031101960688829422,0.38617151975631714,-0.07693158090114594,-0.121027372777462,0.04420093819499016,-0.01316702552139759,0.15231603384017944,0.13556495308876038,-0.04007871821522713,-0.3194678723812103,-0.040767837315797806,0.039829276502132416,-0.1378306746482849,-0.26516368985176086,-0.1767231523990631,0.3084002137184143,-0.12542882561683655,0.1099058985710144,-0.13690513372421265,0.10224886983633041,0.3747427761554718,0.05160532519221306,-0.17424295842647552,-0.14861947298049927,0.1530924141407013,-0.017891880124807358,0.00867190957069397,0.26907023787498474,0.15083250403404236,-0.17648416757583618,-0.16795118153095245,-0.25143295526504517,0.011304122395813465,0.16798214614391327,0.27830174565315247,0.5861196517944336,-0.46945056319236755,0.06348314881324768,0.08395947515964508,-0.02671172097325325,-0.023274356499314308,0.22656741738319397,-0.25164055824279785,-0.3774508833885193,-0.09370436519384384,0.26225513219833374,0.08169984817504883,0.028875315561890602,-0.17546220123767853,0.0713796615600586,0.2201833724975586,-0.4143655300140381,-0.3568292558193207,0.10434633493423462,-0.03647741675376892,-0.045024216175079346,0.20536582171916962,-0.14639471471309662,0.21197941899299622,-0.7261078357696533,0.09522656351327896,0.1637210100889206,-0.20289447903633118,-0.3084377348423004,-0.37534505128860474,-0.5176771879196167,-0.12478633224964142,0.28282642364501953,0.11967641115188599,0.4565044045448303,-0.17039534449577332,0.26145920157432556,-0.01914322003722191,0.22947390377521515,-0.008404159918427467,-0.01979961059987545,0.22173956036567688,0.08627139031887054,0.6491633057594299,0.30134424567222595,-0.05899032950401306,0.17590245604515076,-0.08797802031040192,-0.1128179281949997,-0.2900715172290802,0.2427346259355545,-0.24155771732330322,0.1548336297273636,0.15645810961723328,0.17873230576515198,0.788959801197052,-0.17580677568912506,0.3514006733894348,0.54429692029953,-0.07186126708984375,0.10506846755743027,-0.054637592285871506,0.17787210643291473,0.16268663108348846,0.13967052102088928,0.313103049993515,-0.7307155132293701,-0.3838903605937958,0.1461310088634491,0.2965412735939026,-0.04458659887313843,-0.16306282579898834,0.06823145598173141,-0.2515685558319092,-0.2722848057746887,-0.2854858338832855,0.21616248786449432,0.03657802194356918,-0.13616681098937988,0.1847599446773529,0.11115709692239761,0.048230089247226715,0.4174485206604004,-0.18831083178520203,0.23860442638397217,-0.3387870490550995,-0.3165372610092163,0.19276805222034454,0.2201494723558426,-0.048249196261167526,-0.0973207950592041,-0.03354042023420334,-0.30586129426956177,0.04414723068475723,0.3409312963485718,0.10408435761928558,0.1240788921713829,-0.19049417972564697,0.02505693957209587,0.06340394914150238,-0.10376366227865219,-0.27329951524734497,0.15937690436840057,-0.06056026369333267,0.12412066757678986,-0.09719793498516083,-0.050889622420072556,-0.16136834025382996,-0.43031516671180725,-0.036518119275569916,-0.1166028156876564,-0.06440670788288116,-0.3201521933078766,0.640645444393158,-0.2578054964542389,-0.0571732297539711,-0.19111652672290802,-0.11606281995773315,-0.18573346734046936,0.39207756519317627,0.09948063641786575,-0.3289453387260437,0.35767021775245667,-0.29134806990623474,-0.35124021768569946,-0.08970815688371658,-0.0423605814576149,0.0923767164349556,-0.23764081299304962,0.26830294728279114,0.04493988677859306,0.2726821303367615,0.020206723362207413,0.23876364529132843,-0.2735404372215271,-0.1703411042690277,-0.3761570155620575,0.23961548507213593,-0.27602794766426086,-0.019916821271181107,-0.11966244876384735,-0.11553645133972168,-0.00125713343732059,0.17331643402576447,0.5061925649642944,0.35478436946868896,0.12368245422840118,0.3419414162635803,0.2012033462524414,-0.15789054334163666,-0.4335155487060547,0.43895021080970764,0.23580805957317352,0.10771235078573227,0.028793852776288986,-0.24439139664173126,0.236851766705513,-0.43078550696372986,-0.39258235692977905,-0.1829235553741455,0.24413637816905975,-0.23358607292175293,0.058955807238817215,-0.32815688848495483,0.43482083082199097,-0.053486477583646774,0.15651080012321472,0.38716521859169006,-0.07755455374717712,0.20522065460681915,-0.12118935585021973,0.34809431433677673,-0.23846463859081268,0.18574532866477966,0.012749490328133106,-0.011222285218536854,-0.6886077523231506,-0.011937716975808144,0.1362903118133545,-0.0658053606748581,-0.3370317816734314,-0.07669148594141006,0.07922856509685516,-0.6407480239868164,-0.24773208796977997,0.33324363827705383,0.018114428967237473,-0.00467985263094306,-0.041502922773361206,0.20055732131004333,0.1031142845749855
CID005282044,2445,0.519943356513977,0.013364309445023537,0.1322135478258133,0.6289727687835693,-0.5690215826034546,0.2114122360944748,0.036834489554166794,0.3634320795536041,0.10123064368963242,0.21172547340393066,-0.16970035433769226,-0.3107284605503082,-0.24866604804992676,0.28207868337631226,-0.10992173850536346,0.11342214047908783,0.04026798531413078,-0.2923315167427063,-0.026061680167913437,-0.4003700315952301,-0.08530243486166,-0.06468769907951355,-0.14447838068008423,-0.8768844604492188,-0.04441659525036812,0.13558891415596008,-0.2989044785499573,-0.10159299522638321,-0.04090261086821556,-0.035533465445041656,-0.30130311846733093,0.21938367187976837,-0.019229911267757416,-0.021132737398147583,0.0007038861513137817,0.08096534013748169,0.42743057012557983,-2.1255016690702178e-05,0.10552869737148285,-0.40317821502685547,-0.03088633343577385,0.12694215774536133,-0.010075991973280907,-0.11959991604089737,-0.22414565086364746,0.24458786845207214,0.1152798980474472,0.1412310004234314,0.2931956648826599,0.0611710362136364,0.828811526298523,-0.10159175097942352,-0.08845515549182892,-0.03974100947380066,-0.08166352659463882,-0.23817217350006104,0.2769395411014557,0.09784114360809326,0.29424676299095154,0.09444838762283325,-0.3509257137775421,-0.3192850649356842,-0.10355307906866074,0.0008623749017715454,0.1027904525399208,0.6589981317520142,-0.21981456875801086,-0.050856173038482666,-0.0009425878524780273,0.02902979589998722,0.08207017183303833,0.07512487471103668,0.1052149310708046,-0.46885165572166443,-0.31709399819374084,0.05951445549726486,-0.013012921437621117,-0.12747082114219666,-0.35444575548171997,-0.11104116588830948,-0.10440561920404434,-0.3605019748210907,-0.15100537240505219,-0.13350102305412292,0.18254141509532928,0.28678807616233826,0.10578618943691254,0.18622377514839172,0.020456653088331223,-0.7291173338890076,-0.12023165076971054,-0.016283724457025528,-0.12284006923437119,0.1131061315536499,0.10923805087804794,-0.294086754322052,-0.005414909217506647,-0.01640462875366211,-0.0647222101688385,0.1261591911315918,0.19013288617134094,0.2804512083530426,0.0811743512749672,0.2897501587867737,0.10830745846033096,0.061126984655857086,0.0014980852138251066,0.13553695380687714,0.4816617965698242,-0.05679469183087349,0.18118828535079956,0.25729766488075256,-0.30945104360580444,-0.328273206949234,-0.007091909646987915,0.042547423392534256,-0.2868758738040924,-0.3197304606437683,0.0626242607831955,0.2615908980369568,0.8049456477165222,-0.2612166702747345,0.3539045453071594,0.1676402986049652,-0.2029281109571457,0.4038844108581543,0.1396321952342987,-0.3871240019798279,0.11466531455516815,0.03505130857229233,0.2622389793395996,-0.6626011729240417,-0.46418482065200806,0.32467353343963623,0.009311784990131855,0.1413099467754364,-0.0915173664689064,0.179368257522583,-0.009053638204932213,-0.17070218920707703,-0.19542266428470612,0.368958979845047,0.24554844200611115,0.17875027656555176,-0.0867280438542366,0.056711066514253616,0.015782278031110764,0.629372775554657,0.22428405284881592,0.011062560603022575,-0.08568847179412842,-0.6214959025382996,0.03694126009941101,0.021992694586515427,-0.29909273982048035,-0.045791540294885635,0.008898535743355751,-0.022626981139183044,0.3523326814174652,0.22234106063842773,0.13403043150901794,-0.05564906448125839,0.12880487740039825,-0.040309421718120575,-0.4240646958351135,-0.30499932169914246,-0.2505604326725006,0.07478739321231842,-0.10001740604639053,0.12516386806964874,-0.011325110681355,0.07603812217712402,-0.06146099418401718,-0.2536139190196991,0.24907800555229187,-0.21200208365917206,0.502153754234314,-0.30264562368392944,0.8552576899528503,0.04741792753338814,-0.23970802128314972,0.048167191445827484,0.021134186536073685,-0.027010852470993996,-0.17210395634174347,0.2570258677005768,-0.2190885990858078,-0.14639493823051453,0.05566521733999252,-0.35227784514427185,0.07324744760990143,-0.05544184520840645,0.007217012345790863,-0.046001117676496506,0.2031124383211136,-0.05020580813288689,-0.08913759142160416,0.14118102192878723,-0.15887340903282166,-0.01061173714697361,-0.2666492760181427,-0.45566684007644653,-0.07593711465597153,-0.32170742750167847,-0.006201350595802069,0.03435172885656357,-0.1006525531411171,0.1357753872871399,0.6549462080001831,0.4316708445549011,0.21596603095531464,0.21654324233531952,0.12368134409189224,-0.09110605716705322,0.18442657589912415,-0.3346238434314728,-0.23195619881153107,0.12530140578746796,-0.07480917870998383,0.06906372308731079,-0.05575431510806084,-0.077147476375103,0.13089711964130402,-0.20739474892616272,-0.11770711094141006,-0.013593709096312523,0.11623360961675644,-0.256483256816864,0.09228982776403427,0.35704582929611206,0.043808359652757645,0.12803110480308533,0.36766090989112854,0.07919282466173172,0.04670482873916626,0.05018606036901474,0.7699285745620728,-0.5127131342887878,0.11819064617156982,-0.3698098063468933,0.07161768525838852,-0.34023576974868774,0.08706258237361908,0.15090851485729218,-0.04422099143266678,0.06428404897451401,-0.12124326080083847,-0.05025015026330948,-0.6719191670417786,-0.23950958251953125,0.3090098202228546,0.011568879708647728,0.17794223129749298,-0.36433273553848267,-0.05409982055425644,0.2615739703178406
CID000014888,2521,0.16291406750679016,-0.007643151096999645,-0.1714780330657959,0.14439651370048523,-0.300628125667572,0.16484861075878143,0.26049336791038513,0.48639678955078125,0.05362800508737564,0.34387004375457764,-0.24431857466697693,-0.3496568500995636,-0.5230684876441956,0.5252264142036438,-0.025318896397948265,-0.26812705397605896,0.04989948868751526,-0.01803256943821907,0.3252865970134735,-0.38378769159317017,-0.0059820255264639854,-0.10643117129802704,-0.22559288144111633,-0.42930641770362854,0.0112879304215312,0.3282807767391205,0.06994449347257614,-0.2873077988624573,0.04559772089123726,0.3887912631034851,-0.30509069561958313,0.4167519509792328,0.21824660897254944,0.392076700925827,0.03448610380291939,-0.07103952765464783,0.06977835297584534,0.2887651324272156,0.07807977497577667,-0.2355106770992279,0.18234339356422424,-0.13236239552497864,-0.24352911114692688,-0.3866322934627533,-0.09286130964756012,0.3316064476966858,-0.1461768001317978,-0.11609037220478058,0.011432304978370667,-0.04427869990468025,0.4574338495731354,-0.3430509567260742,-0.35269248485565186,-0.0024904937017709017,0.38420233130455017,-0.10862888395786285,0.26937979459762573,-0.11290472745895386,0.4785884916782379,0.06220858171582222,-0.14900371432304382,-0.4378740191459656,-0.4248518943786621,-0.023824436590075493,0.43597492575645447,0.5270570516586304,-0.23956990242004395,-0.16805711388587952,0.4137834906578064,0.07539727538824081,-0.020709853619337082,0.14639540016651154,-0.43537992238998413,-0.30193209648132324,-0.28141504526138306,-0.03350411728024483,0.06590522080659866,0.1842290163040161,-0.07793733477592468,-0.1048901304602623,0.39278444647789,-0.29998475313186646,-0.5356923937797546,0.16217422485351562,0.20531852543354034,-0.3059196174144745,0.035066086798906326,0.781373143196106,0.15750330686569214,-0.4721872806549072,0.03874317929148674,0.25816410779953003,-0.04868078976869583,0.20419983565807343,-0.049953825771808624,-0.5267513990402222,-0.43864861130714417,-0.06273449957370758,0.09086401760578156,0.21400901675224304,0.030943799763917923,0.07836690545082092,0.17957976460456848,0.6238574385643005,0.23883488774299622,-0.0450533963739872,-0.26692771911621094,-0.12720367312431335,0.3502098619937897,-0.12879958748817444,0.012896770611405373,0.3935304284095764,-0.1560293734073639,0.05933617427945137,-0.044894784688949585,0.44534388184547424,-0.050106681883335114,-0.4372284412384033,-0.22467747330665588,0.11902213096618652,0.4025818407535553,-0.29068419337272644,0.4318333566188812,0.13269928097724915,0.029259901493787766,-0.0027895497623831034,0.019613802433013916,0.08876756578683853,0.4989851415157318,-0.024092694744467735,-0.0780421644449234,-0.42169418931007385,-0.14495849609375,0.016079885885119438,0.1442188024520874,0.49410510063171387,-0.005299162119626999,0.24042639136314392,0.12488861382007599,-0.2752092480659485,-0.11965020000934601,0.6294443011283875,0.45048952102661133,-0.12958009541034698,-0.05558281019330025,0.3440583348274231,-0.29066377878189087,0.35118013620376587,-0.033675238490104675,0.19243861734867096,-0.30312579870224,-0.039880529046058655,-0.10297051817178726,0.24857692420482635,-0.23585009574890137,-0.19716699421405792,0.07405214756727219,-0.5410429239273071,0.24440261721611023,0.3164973855018616,-0.330855131149292,-0.24749009311199188,-0.07628200203180313,-0.04710414260625839,-0.09536973387002945,-0.02298572100698948,0.049256760627031326,0.05029471963644028,0.14260819554328918,0.28891757130622864,-0.04498766362667084,-0.23014071583747864,-0.09568348526954651,-0.3720647692680359,-0.237382173538208,0.0368683785200119,-0.16671684384346008,-0.33035802841186523,0.24972586333751678,0.24702446162700653,0.15920564532279968,-0.20167724788188934,-0.3916357457637787,-0.2704383432865143,0.2778261601924896,0.12121830880641937,-0.38419073820114136,-0.10255167633295059,0.44882678985595703,-0.41834092140197754,0.29852601885795593,0.04844306409358978,0.3212144672870636,-0.11311659961938858,-0.014699001796543598,-0.06808498501777649,0.44654378294944763,-0.1635744273662567,0.053605567663908005,-0.29493024945259094,0.1281936913728714,-0.3911330997943878,-0.004335253499448299,-0.27810901403427124,-0.13267049193382263,-0.18270984292030334,0.03499072417616844,0.04405425116419792,0.10057199001312256,0.4556850790977478,0.5246826410293579,0.15923520922660828,0.19253042340278625,0.2980527877807617,0.35852760076522827,-0.21218271553516388,0.20794597268104553,0.05803341791033745,0.14853903651237488,0.14041970670223236,-0.16346892714500427,-0.13384568691253662,0.03468530252575874,-0.4313710331916809,-0.4069259762763977,-0.26391762495040894,-0.08468353003263474,-0.4956878125667572,-0.13783897459506989,0.0379469096660614,0.06397965550422668,0.24043354392051697,0.32088157534599304,0.0466456264257431,-0.33154499530792236,0.15513813495635986,0.226270392537117,-0.4860215187072754,0.03040401265025139,-0.22305507957935333,0.32064804434776306,-0.766625702381134,-0.14238902926445007,0.4405868649482727,-0.06819647550582886,0.5494561791419983,0.2651970684528351,0.049370985478162766,-0.38809555768966675,-0.35824474692344666,0.3119111657142639,-0.12537062168121338,0.004212915897369385,-0.20546774566173553,0.05083506181836128,-0.30039629340171814
CID000002476,2537,0.14256687462329865,0.23276522755622864,0.1229599118232727,0.4751119017601013,-0.389775812625885,-0.1033710241317749,0.3758271336555481,0.4925205111503601,-0.06415397673845291,0.3646525740623474,-0.2048923671245575,0.07863958179950714,0.12651118636131287,0.22755804657936096,-0.26361507177352905,-0.07513655722141266,0.0709247812628746,0.20661857724189758,0.1819024384021759,-0.4957296848297119,-0.005161802284419537,-0.41658324003219604,-0.09660742431879044,-0.7652012705802917,0.1209319457411766,0.4780557155609131,0.17039355635643005,0.11316046863794327,0.02921137772500515,0.14689213037490845,-0.1862766593694687,0.15028224885463715,0.04816814512014389,-0.12298870086669922,0.11872397363185883,-0.04234769940376282,0.26469895243644714,0.3355136513710022,0.020018091425299644,-0.26050102710723877,-0.07993285357952118,-0.1922191083431244,0.030828405171632767,-0.2932148575782776,-0.2918645739555359,0.14323201775550842,-0.07233157008886337,-0.05630727857351303,0.06227214261889458,-0.0764484703540802,0.5304480791091919,-0.15437521040439606,-0.15223951637744904,0.026594441384077072,0.14522914588451385,-0.44495588541030884,0.35556966066360474,0.31104812026023865,0.1557392030954361,0.1355726420879364,-0.30441993474960327,-0.3995206356048584,0.039031676948070526,-0.04096463695168495,0.14223521947860718,0.3019498288631439,-0.37497347593307495,-0.09113757312297821,0.03163552284240723,-0.18041235208511353,-0.03183025121688843,0.03527146577835083,-0.12174902111291885,-0.2722610831260681,-0.3059402108192444,-0.07704935222864151,0.14946946501731873,0.06620018929243088,-0.19478723406791687,0.0880548283457756,0.17732742428779602,-0.27393588423728943,-0.254866361618042,0.1363367736339569,-0.15783394873142242,-0.14241793751716614,0.3102450370788574,0.09204574674367905,-0.17702670395374298,-0.5689102411270142,0.01519026793539524,0.0519472137093544,0.1234581470489502,0.008187574334442616,-0.20184651017189026,-0.314439594745636,0.25483131408691406,-0.04495599493384361,0.12317037582397461,0.2293483465909958,0.4539329409599304,0.0873960554599762,-0.014300724491477013,0.4389810562133789,0.08082529902458191,-0.08734147250652313,-0.4177846908569336,-0.052168749272823334,0.5095327496528625,0.03486471623182297,0.04485202953219414,0.3298172354698181,-0.06732286512851715,-0.007853351533412933,-0.21493394672870636,0.2225073277950287,0.06530315428972244,0.14980891346931458,0.06419683992862701,0.42757105827331543,0.5927839279174805,-0.31042444705963135,0.37463295459747314,0.2845739722251892,-0.04249195009469986,0.37761226296424866,-0.0781431645154953,0.023787129670381546,0.486905574798584,-0.09547780454158783,0.1099267229437828,-0.5367229580879211,-0.47273191809654236,-0.05283903330564499,0.37379130721092224,0.00927254743874073,0.15863259136676788,0.29305753111839294,0.23677368462085724,-0.3887728154659271,-0.5402363538742065,0.3534225821495056,0.3825986683368683,0.029433369636535645,0.017210397869348526,0.5971364974975586,-0.10014854371547699,0.28016722202301025,0.16464485228061676,0.17526207864284515,-0.04834436997771263,-0.35409045219421387,-0.2518687844276428,0.03173673152923584,-0.012222185730934143,0.14497581124305725,0.14845657348632812,-0.22981829941272736,0.2555827498435974,0.013168026693165302,0.0036729692947119474,0.19945240020751953,-5.141496512806043e-05,0.08424258977174759,-0.23758654296398163,0.2020895928144455,-0.1377445012331009,0.4277632236480713,0.05865658447146416,0.20142582058906555,-0.04763340204954147,-0.3216036856174469,-0.27876004576683044,-0.23437492549419403,0.014036929234862328,-0.1447729468345642,0.1562969982624054,-0.42454275488853455,0.5370071530342102,0.11092370748519897,0.1437179148197174,0.03715730085968971,-0.2253817617893219,-0.27946966886520386,-0.10810346901416779,0.09922444075345993,-0.03636203333735466,-0.10163197666406631,-0.20820936560630798,-0.3832881450653076,-0.10513905435800552,0.07625867426395416,-0.016796406358480453,-0.3448137044906616,0.2131936103105545,-0.034011948853731155,-0.07664460688829422,0.13924169540405273,0.027502238750457764,0.05364612489938736,-0.11278226226568222,-0.4193758964538574,-0.1373060792684555,-0.30946794152259827,-0.054015517234802246,-0.10747440159320831,-0.0329044945538044,-0.260794997215271,0.16081981360912323,0.542157769203186,0.20161636173725128,0.16053232550621033,0.4864163398742676,0.36120492219924927,0.4486579895019531,-0.9137598276138306,-0.04749048128724098,0.214447021484375,0.21088016033172607,-0.06330408900976181,-0.023907216265797615,0.13819532096385956,-0.01166186947375536,-0.20752039551734924,0.1648470163345337,-0.14035244286060333,-0.13379089534282684,-0.5630340576171875,0.2108037769794464,0.03387399762868881,0.030011069029569626,0.07762356847524643,0.16907575726509094,-0.030044516548514366,-0.460878849029541,0.10079728066921234,0.530190646648407,-0.26935118436813354,0.07808008044958115,-0.4189845621585846,-0.22162261605262756,-0.41750970482826233,-0.2361890971660614,0.40251055359840393,-0.002023109467700124,-0.22924980521202087,0.07621245831251144,-0.550045371055603,-0.5228589177131653,-0.11168571561574936,0.4421038031578064,-0.433176189661026,0.09923473745584488,-0.1176171526312828,0.058367639780044556,-0.17889435589313507
CID000002551,2611,0.3418346047401428,0.05224703624844551,0.20897921919822693,0.5476996898651123,-0.11642806231975555,0.04724114388227463,0.31066983938217163,-0.016018426045775414,0.08650315552949905,0.0357852578163147,-0.012539470568299294,-0.9128588438034058,-0.4484104514122009,0.17015793919563293,0.26946213841438293,0.018952975049614906,-0.1300887167453766,-0.0928688496351242,-0.41226401925086975,-0.6178282499313354,0.3530222773551941,0.02088472992181778,-0.3357197642326355,-0.7211133241653442,-0.21066196262836456,0.01762060448527336,-0.03453395515680313,-0.3270975947380066,-0.008483275771141052,0.30675646662712097,-0.19231605529785156,0.25918716192245483,-0.08177779614925385,-0.27074724435806274,-0.2226167470216751,-0.34484681487083435,-0.39610210061073303,0.17325296998023987,0.005015221424400806,0.03824899345636368,-0.2715851068496704,0.3055638372898102,-0.0776589959859848,-0.3296773433685303,-0.012155908159911633,0.3133096396923065,0.08871951699256897,0.042837731540203094,-0.06674491614103317,0.12509159743785858,0.5413417816162109,0.001661753631196916,-0.03471226990222931,0.49490365386009216,-0.17348289489746094,-0.02650270238518715,-0.005990845151245594,-0.07606784999370575,0.4649970531463623,0.06615380942821503,0.015405207872390747,-0.156986802816391,-0.2703978717327118,-0.024279247969388962,0.13879941403865814,0.6954742074012756,-0.15090790390968323,0.15454968810081482,0.5713282823562622,-0.08521991968154907,0.08054479211568832,-0.23204174637794495,-0.22329410910606384,-0.20688554644584656,-0.15199056267738342,0.2693195044994354,0.12183743715286255,-0.059739500284194946,0.02392122708261013,0.7944982051849365,0.6046229004859924,-0.4423469603061676,-0.46130380034446716,0.1403636485338211,0.09612273424863815,0.15444426238536835,0.14340345561504364,0.3674188256263733,0.010340621694922447,-0.9054473042488098,-0.1584906429052353,0.0787046030163765,-0.07564198970794678,0.4776444435119629,0.09765327721834183,-0.3825923800468445,0.137215718626976,0.2433866709470749,0.056175071746110916,0.29173651337623596,0.011871295981109142,-0.03407502919435501,-0.010815149173140526,0.09320951253175735,0.49145594239234924,0.21846067905426025,-0.27075546979904175,-0.4000965654850006,0.803061842918396,0.4748586118221283,0.0828915685415268,0.0023534088395535946,0.4600716531276703,0.06661683320999146,-0.1963723599910736,0.18924254179000854,-0.08609123528003693,-0.46511310338974,-0.03407130762934685,0.17370858788490295,0.7247204780578613,-0.004269278142601252,0.21824483573436737,0.06404601037502289,-0.3402215242385864,-0.0022322654258459806,-0.10087244212627411,0.2716645896434784,0.06415767222642899,0.1612747460603714,0.16654682159423828,-0.7470918893814087,-0.24663618206977844,0.32078438997268677,0.44448035955429077,0.7213079333305359,0.1323656141757965,0.25046995282173157,-0.021823858842253685,-0.144688218832016,0.06574593484401703,0.3148125112056732,-0.13583198189735413,-0.05859246104955673,0.07852643728256226,-0.08735579252243042,0.37704160809516907,0.8750103116035461,-0.14471271634101868,0.06857912242412567,-0.1874546855688095,-0.7755704522132874,0.27927345037460327,-0.030389487743377686,-0.15111008286476135,-0.2552730143070221,-0.010831701569259167,-0.32997703552246094,0.04795027896761894,0.2539120614528656,0.028002440929412842,0.23303265869617462,0.11134766042232513,-0.3829168677330017,0.291110098361969,-0.26358065009117126,0.06622226536273956,0.1751372516155243,-0.25480470061302185,-0.028499934822320938,-0.16077923774719238,-0.3361099660396576,0.03404707834124565,-0.15127652883529663,0.038981035351753235,-0.13227249681949615,-0.23415884375572205,-0.2740376591682434,0.7350706458091736,0.11160910129547119,-0.3707261383533478,0.49084869027137756,-0.17471671104431152,-0.04749798774719238,0.6465967893600464,-0.2976876199245453,-0.36382752656936646,0.045567214488983154,0.19199025630950928,-0.08625804632902145,0.2457774132490158,0.1412360966205597,0.3453856408596039,-0.34811490774154663,0.10208137333393097,-0.08850119262933731,0.4132305979728699,-0.03962751105427742,0.06575501710176468,0.19011744856834412,-0.49622440338134766,-0.08036038279533386,0.13057422637939453,-0.38323137164115906,-0.22509360313415527,-0.08412529528141022,0.038144879043102264,-0.6409961581230164,0.19994179904460907,0.6588811874389648,0.4098776876926422,-0.09417150914669037,-0.046711720526218414,-0.3648172914981842,0.07904403656721115,-0.24370865523815155,0.30720147490501404,0.3489849865436554,0.07568809390068054,0.1409240961074829,-0.053969670087099075,-0.362915575504303,-0.10706961154937744,-0.3573443293571472,0.18341535329818726,0.19338306784629822,0.013689030893146992,-0.3908996880054474,-0.04076880216598511,-0.18842732906341553,0.03613939881324768,0.9105024337768555,0.3909410238265991,0.09500094503164291,-0.04194949194788933,0.5506083965301514,0.6626441478729248,-0.6296389102935791,0.10633347183465958,-0.07220981270074844,-0.09743017703294754,-0.9743605852127075,-0.15804241597652435,0.6983731985092163,-0.09686151891946793,0.47264784574508667,-0.13960544764995575,-0.020581591874361038,-0.7015240788459778,-0.4168716371059418,0.17894303798675537,-0.07851118594408035,0.45274338126182556,0.030043011531233788,-0.08470402657985687,-0.27675068378448486
CID000003724,2686,0.39125871658325195,-0.21239137649536133,0.011117981746792793,0.5205758213996887,-0.3836212456226349,0.05871263146400452,-0.18321475386619568,0.2198532521724701,0.0506448820233345,-0.031007835641503334,0.06787077337503433,-0.4809902310371399,-0.0023971169721335173,0.36807864904403687,0.10857032239437103,0.3152535557746887,-0.2508540451526642,0.04306598752737045,-0.4890293478965759,-0.6301093101501465,-0.14252978563308716,-0.2895277738571167,-0.1442560851573944,-0.9609173536300659,0.20830771327018738,0.30309730768203735,0.16005705296993256,0.03681911528110504,-0.05726813152432442,0.2640670835971832,-0.01609969139099121,0.16033843159675598,-0.08775277435779572,-0.08791542798280716,-0.1902933418750763,0.14172114431858063,-0.10443699359893799,0.2662799656391144,-0.06540670990943909,0.09096965193748474,0.056984446942806244,-0.10875304788351059,-0.2862970530986786,-0.11444240808486938,0.13549664616584778,0.14081606268882751,0.3185637891292572,0.18786469101905823,-0.008510122075676918,-0.13309568166732788,0.5353537797927856,0.03763314709067345,0.0022606863640248775,0.05417143553495407,-0.1710919439792633,-0.07933463901281357,0.03546300157904625,-0.11971614509820938,0.6434306502342224,-0.07796438038349152,-0.10057264566421509,-0.23095519840717316,0.10310447216033936,0.06882326304912567,-0.09916627407073975,0.5176467299461365,-0.2748318612575531,-0.3568292260169983,0.22937288880348206,0.0011349946726113558,-0.047022365033626556,0.44621267914772034,0.036536701023578644,-0.1208101138472557,-0.5424805879592896,0.189451664686203,0.0837344154715538,0.009220908395946026,-0.17241494357585907,-0.13356220722198486,0.5079158544540405,-0.414024293422699,-0.420539915561676,-0.03533909469842911,0.14281009137630463,-0.26650500297546387,0.45108795166015625,-0.16851797699928284,0.10091100633144379,-0.7995556592941284,-0.5477650761604309,0.34995487332344055,0.2819814085960388,0.35122886300086975,0.0427527129650116,-0.2802610993385315,0.07426615059375763,-0.2008778154850006,0.13952985405921936,0.7229343056678772,0.33898434042930603,0.08172570914030075,-0.06264542043209076,0.2256375253200531,0.05393199995160103,-0.0768660455942154,0.1564352959394455,0.027936726808547974,0.5680448412895203,0.4628825783729553,-0.2884919345378876,0.22500133514404297,-0.002801579190418124,0.1933363527059555,-0.059117935597896576,0.2604907751083374,-0.07294807583093643,0.027474766597151756,0.0433381013572216,0.11386742442846298,0.8792742490768433,0.01898008957505226,0.22504043579101562,-0.01439846120774746,-0.3973068296909332,0.19337151944637299,-0.022401805967092514,-0.41018372774124146,0.6045898795127869,0.2822813391685486,0.08221609890460968,-0.624446451663971,-0.28978589177131653,0.060363076627254486,-0.09004180133342743,-0.13717179000377655,-0.007973456755280495,-0.07519718259572983,-0.2242889702320099,-0.32732608914375305,-0.2072795182466507,0.40688028931617737,-0.3713286519050598,0.03108120895922184,0.18678513169288635,0.7064170837402344,0.2750721871852875,0.5155907869338989,0.197175532579422,0.14464101195335388,-0.0010200261604040861,-0.4313293397426605,-0.3456294536590576,0.5188976526260376,0.06736975908279419,0.11733577400445938,0.029378097504377365,-0.20739667117595673,-0.026107167825102806,0.12810945510864258,-0.10035518556833267,0.16527143120765686,0.22972051799297333,0.17446666955947876,0.18120235204696655,-0.0664750337600708,-0.27997612953186035,-0.029342642053961754,-0.014827430248260498,-0.010683300904929638,-0.3995279371738434,-0.5105966925621033,-0.34006404876708984,-0.28680121898651123,0.25664013624191284,-0.069748654961586,0.04615461826324463,-0.3849639892578125,0.7568548321723938,-0.07250388711690903,-0.022592106834053993,0.14247526228427887,0.01646396517753601,0.14811372756958008,0.44233202934265137,-0.07562454789876938,-0.5815991163253784,-0.024303298443555832,0.008181601762771606,-0.45175686478614807,-0.08886317163705826,-0.15937672555446625,-0.04311640188097954,-0.20450511574745178,0.2222822606563568,-0.2718460261821747,0.5445417165756226,0.030092040076851845,0.2182219922542572,-0.23212294280529022,-0.6106234788894653,-0.22675327956676483,-0.12701651453971863,-0.47324472665786743,-0.0738849863409996,-0.06852985918521881,-0.04857507348060608,0.0985792800784111,0.02745770290493965,0.53337162733078,0.49668461084365845,0.01842990703880787,0.10006701946258545,0.4077187180519104,-0.07007508724927902,-0.5052167773246765,0.0025550841819494963,0.2083706557750702,-0.40457358956336975,-0.07903347164392471,0.31912365555763245,-0.4047500193119049,-0.06075473874807358,-0.23948068916797638,0.03377407044172287,-0.12316317856311798,-0.06724034249782562,-0.04218852147459984,0.37834417819976807,-0.14964017271995544,0.11946799606084824,-0.11633940786123276,0.1730555146932602,0.09309349954128265,0.030857423320412636,-0.028780478984117508,0.552987277507782,-0.1758808195590973,0.3321998119354248,-0.13805994391441345,0.043598320335149765,-0.9559221267700195,-0.014304807409644127,0.30725741386413574,-0.1376112997531891,-0.12332098186016083,-0.14101628959178925,0.38024401664733887,-0.7233588099479675,-0.34721624851226807,0.1653347760438919,0.09865249693393707,0.3772783577442169,-0.539983332157135,0.11170391738414764,0.42701655626296997
CID000002177,2708,-0.08529998362064362,0.019660694524645805,-0.01786508783698082,0.5479844808578491,-0.32521066069602966,0.02336753159761429,0.20636698603630066,-0.002994254231452942,-0.028919115662574768,0.05491715669631958,0.13745713233947754,-0.12428953498601913,-0.2733677625656128,0.07157163321971893,0.009719478897750378,-0.059646617621183395,-0.1822350174188614,0.04821046069264412,0.0970153957605362,-0.5970099568367004,-0.051790378987789154,-0.18834459781646729,-0.2048569619655609,-0.9421805143356323,0.3378422260284424,0.3115311563014984,-0.08977650105953217,0.1583477109670639,0.06924082338809967,0.008125802502036095,0.07899677008390427,0.19930928945541382,0.07311002910137177,-0.20297622680664062,0.1361113339662552,0.18675772845745087,0.1788722723722458,-0.1538449227809906,0.34376367926597595,-0.2843617796897888,-0.03454015776515007,-0.35622602701187134,0.18181923031806946,-0.2198065221309662,0.04746951535344124,0.2814478874206543,0.04099868983030319,0.037694185972213745,0.11172439157962799,-0.061042655259370804,0.35880154371261597,-0.158511683344841,-0.28422489762306213,-0.058752525597810745,-0.12922048568725586,-0.03921682387590408,0.3400208055973053,0.08844707906246185,0.3803058862686157,-0.07627694308757782,0.1042032390832901,0.002793264342471957,-0.2048003226518631,0.10927488654851913,0.10996448993682861,0.6034399271011353,-0.10892714560031891,0.036613769829273224,0.06339521706104279,-0.13819685578346252,0.22138790786266327,0.20489466190338135,-0.21323780715465546,-0.3437439799308777,-0.18286438286304474,-0.058212894946336746,-0.0584048256278038,0.20556481182575226,-0.0513351745903492,0.026979759335517883,0.08418940007686615,-0.3311717212200165,-0.24580463767051697,-0.11745047569274902,0.19556812942028046,-0.23655644059181213,0.14699657261371613,0.19751325249671936,-0.014600148424506187,-0.6103575825691223,0.04014233872294426,0.10621142387390137,-0.014296704903244972,0.004646092653274536,0.24440713226795197,-0.26266902685165405,0.13889355957508087,0.1415615975856781,0.0291485246270895,-0.08011148869991302,-0.33606836199760437,-0.12885890901088715,-0.08700606226921082,0.18466855585575104,0.12529155611991882,0.09475814551115036,0.2637630105018616,0.03321913629770279,0.7851014137268066,0.11655019223690033,-0.2189149409532547,0.18459545075893402,-0.18158377707004547,-0.4421590268611908,0.07826785743236542,0.15559783577919006,0.03300750255584717,0.0029319883324205875,0.027619291096925735,0.19599968194961548,0.7041836380958557,-0.4848376214504242,0.32061830163002014,0.2899257242679596,-0.03700373321771622,0.11286036670207977,0.09479834139347076,0.27413538098335266,0.24708309769630432,-0.0388069748878479,-0.04011669009923935,-0.39845019578933716,-0.32389745116233826,-0.0036521025467664003,0.13925957679748535,0.417335569858551,-0.044545698910951614,0.07849697023630142,-0.2693847119808197,-0.16900572180747986,-0.0013809471856802702,0.10904302448034286,0.056836891919374466,0.006320214364677668,-0.017234427854418755,0.3066539168357849,-0.25281330943107605,0.4280673861503601,0.23834756016731262,0.26245012879371643,-0.10929878801107407,-0.2699229121208191,-0.4208166003227234,0.10911102592945099,-0.2482972890138626,-0.029481548815965652,-0.1362457573413849,0.000972872949205339,-0.09927698224782944,0.26237931847572327,-0.2556362748146057,0.21021239459514618,-0.04679416865110397,0.29689764976501465,-0.05568704754114151,-0.40415269136428833,-0.1007094606757164,-0.04783637821674347,-0.19358155131340027,0.36041784286499023,0.08997608721256256,-0.11846603453159332,-0.12608905136585236,-0.30156058073043823,0.06217372417449951,0.02072078362107277,0.024076100438833237,-0.09725625813007355,0.4305337965488434,0.15787158906459808,-0.1573963612318039,-0.023339543491601944,-0.013961267657577991,0.03499158099293709,0.177648663520813,0.3375852108001709,-0.17071914672851562,0.05893312767148018,0.2293202131986618,-0.209366112947464,0.07141773402690887,-0.04600880667567253,0.04118584468960762,0.14762863516807556,0.1513659805059433,-0.05219496414065361,-0.08847443759441376,0.23856349289417267,-0.00592046370729804,-0.11097557842731476,-0.22718150913715363,-0.3832622170448303,-0.08774757385253906,-0.28285568952560425,0.2025950402021408,-0.16341832280158997,0.012616324238479137,-0.12308058887720108,0.4200572967529297,0.6050779223442078,0.34063464403152466,-0.08946090936660767,0.09730695933103561,0.060662828385829926,0.11738606542348862,-0.006742240395396948,0.1026589497923851,0.3595629930496216,0.24899394810199738,-0.10289891809225082,-0.01373335998505354,0.06141287088394165,0.29021745920181274,-0.17218299210071564,0.22370362281799316,0.18860052525997162,-0.02041010931134224,-0.17157100141048431,-0.23759599030017853,-0.2237939089536667,0.04376257210969925,0.5255144834518433,0.24994483590126038,-0.016998015344142914,0.08999107778072357,0.18917472660541534,0.2987225651741028,-0.31747373938560486,0.21361859142780304,-0.2166062593460083,0.04396452754735947,-0.3402133882045746,0.24369516968727112,0.1895967423915863,-0.05648460239171982,-0.10285018384456635,-0.014255034737288952,0.015783539041876793,-0.6617353558540344,-0.10792489349842072,0.30675992369651794,0.04137805849313736,0.02847597561776638,-0.1716284155845642,0.24429550766944885,-0.012551167979836464
CID000004046,2726,0.14173847436904907,-0.10324819386005402,-0.09406991302967072,0.3284904658794403,-0.16515646874904633,0.07633429765701294,0.12285628169775009,0.21949367225170135,-0.08865012973546982,-0.014605844393372536,0.11057404428720474,0.14676134288311005,-0.01966731622815132,0.16941775381565094,-0.3093777000904083,-0.017812753096222878,-0.09198558330535889,-0.10324011743068695,0.08125470578670502,-0.5098602175712585,-0.021532347425818443,-0.31754186749458313,-0.3244699537754059,-0.9294411540031433,0.2964259088039398,0.052786827087402344,-0.15759068727493286,0.06335161626338959,-0.000619095575530082,0.2530598044395447,0.12205865234136581,0.3281025290489197,-0.1953246295452118,-0.1386564075946808,-0.050837378948926926,0.045842498540878296,0.2794564366340637,-0.1344066560268402,0.1301877200603485,-0.3823168873786926,0.17912223935127258,-0.34069761633872986,0.26728707551956177,-0.3082515299320221,-0.38840508460998535,0.36604195833206177,0.11989936977624893,0.01666698232293129,0.15772318840026855,0.13973906636238098,0.23566985130310059,-0.1343214362859726,-0.14605489373207092,-0.22711066901683807,0.10271314531564713,-0.06447913497686386,0.1687086522579193,0.1323995292186737,-0.027454625815153122,-0.029742568731307983,-0.3176479935646057,-0.25350579619407654,-0.023271698504686356,-0.18550275266170502,0.19382186233997345,0.6741445660591125,-0.22206521034240723,-0.17353618144989014,0.16422030329704285,0.24313393235206604,0.07710374146699905,0.24504327774047852,-0.4388934075832367,-0.37377873063087463,-0.14009584486484528,0.27019861340522766,-0.2227945774793625,0.14734435081481934,-0.09094668924808502,-0.1423090398311615,0.0847475603222847,-0.5278490781784058,-0.2627623677253723,-0.2336592674255371,0.08318130671977997,-0.1359957456588745,0.1017555445432663,0.2083933800458908,-0.010658716782927513,-0.8972650766372681,-0.025711338967084885,0.3288413882255554,-0.08995945751667023,-0.04686620086431503,0.2351280152797699,-0.3581361174583435,-0.1390775740146637,0.2860167324542999,-0.2629430890083313,0.17022353410720825,-0.3043249249458313,0.07185883820056915,-0.13824988901615143,0.26378169655799866,0.12442927062511444,0.11093058437108994,0.16340763866901398,0.17939388751983643,0.5821825861930847,-0.02137216366827488,0.07689428329467773,0.26934242248535156,-0.009524887427687645,0.049159228801727295,-0.06472700834274292,0.21795745193958282,0.017270978540182114,0.09202653169631958,-0.15763768553733826,0.17573674023151398,0.5928097367286682,-0.22638240456581116,0.25718480348587036,0.08158259093761444,-0.05467163771390915,0.12478692829608917,0.12655077874660492,0.2157488614320755,0.25619131326675415,0.17296643555164337,-0.12618319690227509,-0.3727339804172516,-0.19405153393745422,-0.060413509607315063,0.12150914967060089,-0.2382216453552246,-0.2298603057861328,0.09311764687299728,-0.2603725492954254,-0.520138680934906,-0.189329594373703,0.11573022603988647,0.1602775752544403,-0.1210511326789856,-0.017224792391061783,0.19161517918109894,-0.18703095614910126,0.2807905077934265,0.08159704506397247,0.27285727858543396,-0.11466266214847565,-0.15189939737319946,-0.32961368560791016,0.2159511148929596,-0.41155147552490234,-0.13705039024353027,-0.01744842529296875,-0.12227846682071686,-0.12318147718906403,0.4223480820655823,0.15051288902759552,0.1437365561723709,-0.171471506357193,0.2301608771085739,-0.15956559777259827,-0.2977841794490814,-0.07702326029539108,-0.045471761375665665,-0.09884826838970184,0.2849411070346832,0.14027389883995056,-0.31706708669662476,-0.2843945324420929,-0.40332356095314026,0.19724899530410767,-0.09700149297714233,-0.03825851157307625,-0.11197088658809662,0.33863896131515503,0.2126416265964508,0.18534621596336365,-0.27197569608688354,-0.20604486763477325,-0.10235361009836197,0.14858171343803406,0.3336539566516876,-0.557956337928772,0.017667671665549278,-0.1398494392633438,-0.34942659735679626,-0.0009574770811013877,0.23433203995227814,0.12767168879508972,0.18849362432956696,0.29801610112190247,-0.19529986381530762,0.036630116403102875,-0.19623728096485138,-0.02941402792930603,-0.189645454287529,0.27774959802627563,-0.3120313882827759,0.1653474122285843,-0.1993768960237503,0.34487777948379517,-0.12042742967605591,-0.05298192426562309,0.13058969378471375,0.0806150883436203,0.3753240704536438,0.39152097702026367,-0.09660714864730835,0.3893175721168518,0.09849225729703903,0.11395684629678726,-0.07727399468421936,-0.11143579334020615,0.034032873809337616,0.18952897191047668,0.1905316561460495,-0.03911260515451431,-0.07070168107748032,0.20423217117786407,-0.3284425139427185,-0.11449132114648819,0.2758726477622986,0.21002201735973358,-0.0937865599989891,-0.07548420131206512,-0.08616659790277481,0.014908474870026112,-0.10391421616077423,0.27587756514549255,0.006175669841468334,0.08175817131996155,-0.09243909269571304,0.2264954149723053,-0.18646952509880066,0.08055506646633148,-0.19908158481121063,0.020903849974274635,-0.5794121026992798,0.04026354104280472,0.19765491783618927,-0.020606795325875282,0.010922235436737537,0.23750457167625427,0.19684748351573944,-0.4611324369907379,-0.18599991500377655,0.3688492178916931,-0.09899406135082245,0.021811818704009056,-0.20348846912384033,0.06920714676380157,0.0018033415544778109
CID000002673,2938,0.9131120443344116,0.3994421362876892,0.10817591100931168,0.29580074548721313,-0.35419902205467224,0.6340038776397705,0.02798941172659397,0.23386140167713165,0.0022971644066274166,0.36403974890708923,0.09157683700323105,0.0036507025361061096,0.048954110592603683,0.19929644465446472,-0.14631453156471252,0.2231862097978592,0.005106602795422077,-0.5686325430870056,0.30967801809310913,-0.40272337198257446,0.08965139091014862,-0.05853386968374252,-0.19173650443553925,-0.7608776092529297,-0.167889803647995,-0.06958739459514618,-0.44875821471214294,-0.15635935962200165,0.048702172935009,0.25110769271850586,-0.1842138171195984,0.41009196639060974,-0.11868058145046234,-0.07197558134794235,0.2738504409790039,-0.17570196092128754,0.42335066199302673,0.19723477959632874,-0.1686665266752243,0.2394036054611206,-0.20731142163276672,-0.03170309588313103,0.3753327429294586,-0.3001752495765686,-0.24261946976184845,0.19953225553035736,-0.002769969403743744,-0.036432914435863495,0.06602101027965546,1.0178542137145996,0.398642361164093,-0.034946002066135406,0.11603884398937225,-0.017335714772343636,0.16803507506847382,-0.3971485197544098,0.2055630385875702,0.09522736072540283,0.30795106291770935,-0.09818430989980698,-0.1380806267261505,-0.4608299136161804,0.17042358219623566,-0.16109143197536469,0.13458499312400818,0.7704583406448364,-0.046542827039957047,-0.055029112845659256,0.4415056109428406,0.06602094322443008,0.05495958775281906,0.18486322462558746,-0.4542461037635803,-0.4228792190551758,0.0553586408495903,0.5411726236343384,-0.06315571814775467,-0.11691619455814362,-0.02645595744252205,-0.0681358277797699,-0.0280825886875391,-0.3881042003631592,-0.4585462510585785,0.20546483993530273,0.06558112800121307,-0.2991582751274109,0.27641215920448303,-0.005463720299303532,-0.2555936574935913,-0.8183207511901855,0.022619470953941345,0.6590525507926941,-0.1539684683084488,0.2681849002838135,-0.06895270198583603,-0.4411953091621399,-0.09604103863239288,0.19935333728790283,-0.12441809475421906,0.3888757824897766,0.046553127467632294,0.2558399438858032,0.02401077374815941,0.26676198840141296,-0.5156011581420898,-0.03809361159801483,0.0958835780620575,0.11869541555643082,0.3368365168571472,-0.16013331711292267,-0.1485312432050705,0.2332000732421875,-0.0510139986872673,-0.18280541896820068,-0.07042709738016129,0.19942134618759155,-0.518836259841919,-0.15404470264911652,0.0049984036013484,-0.2331666201353073,0.7769273519515991,-0.5075228810310364,0.07353044301271439,0.07831616699695587,-0.4052355885505676,0.15117093920707703,-0.02266998402774334,-0.21181261539459229,-0.01443491131067276,-0.34502655267715454,0.010670658200979233,-0.583337664604187,-0.44690951704978943,0.6091078519821167,0.09289425611495972,0.028516581282019615,0.01483995746821165,0.17550699412822723,-0.028377925977110863,-0.5162509083747864,-0.31784719228744507,0.23096632957458496,0.04149296134710312,0.15887713432312012,-0.07053443044424057,0.025004848837852478,-0.42039304971694946,0.663310706615448,0.11147259175777435,0.13956081867218018,-0.12960919737815857,-0.32841426134109497,0.13681811094284058,0.1197211742401123,-0.47294920682907104,-0.357206255197525,0.19001010060310364,-0.3166089951992035,0.1835545152425766,0.36430108547210693,0.3299209475517273,0.2495129555463791,-0.30017903447151184,-0.22026629745960236,-0.47071486711502075,-0.17136770486831665,-0.37797826528549194,0.14256945252418518,-0.3076046109199524,0.2801983654499054,0.2811475396156311,-0.233161062002182,-0.37907376885414124,-0.23501446843147278,-0.061868298798799515,-0.1260681450366974,-0.060806404799222946,0.1399429440498352,0.7305995225906372,-0.07949444651603699,-0.10073218494653702,-0.154499351978302,-0.2979312837123871,-0.3822345435619354,0.17337432503700256,0.2454855740070343,-0.5334346890449524,0.11833183467388153,0.140174001455307,-0.3975825607776642,-0.35121509432792664,0.3044317364692688,0.21233388781547546,-0.023871157318353653,0.08408816903829575,-0.32056206464767456,0.4695957601070404,-0.18360812962055206,-0.016820985823869705,-0.17028340697288513,0.20097574591636658,-0.35806772112846375,1.4214894771575928,-0.6299536824226379,0.012571948580443859,0.216124027967453,-0.06854112446308136,0.07145566493272781,0.7643731236457825,0.41481542587280273,0.4559045433998108,0.34835171699523926,-0.23135054111480713,0.2593415081501007,-0.028453219681978226,-0.49866095185279846,-0.04727993160486221,0.019229363650083542,-0.23442380130290985,-0.2694193124771118,0.012097587808966637,-0.16569730639457703,-0.1961909830570221,-0.42089930176734924,-0.1495450735092163,0.183375746011734,0.1581856906414032,0.02093655988574028,0.07206638157367706,0.042731571942567825,-0.20315894484519958,0.13940978050231934,-0.2997663617134094,0.11508525907993317,-0.023001408204436302,-0.08232107758522034,0.7957375645637512,-0.7285766005516052,-0.029682587832212448,-0.3972988426685333,0.22698839008808136,-0.6289947032928467,-0.07268790900707245,0.2554756999015808,-0.6410958766937256,0.20989373326301575,0.2129627913236618,0.35504502058029175,-0.5431833267211914,-0.2374151200056076,0.07976840436458588,-0.27893224358558655,0.36868059635162354,-0.2824437618255615,0.28975909948349,0.2162880003452301
CID000003381,2941,0.4146406054496765,-0.09217648208141327,0.13308031857013702,0.615938127040863,-0.11317338049411774,-0.006577432155609131,-0.20456285774707794,0.20686765015125275,0.026071662083268166,0.06830766797065735,0.08299608528614044,-0.3359990119934082,-0.16993661224842072,0.29932135343551636,0.23741450905799866,-0.004228055477142334,0.0719437226653099,-0.41431373357772827,-0.18513713777065277,-0.5929941534996033,-0.052239201962947845,-0.1742468625307083,-0.00901203416287899,-0.8310797810554504,-0.08987805992364883,-0.05162476375699043,-0.29346007108688354,-0.12720148265361786,0.006703361868858337,0.008759656921029091,0.049001581966876984,0.6137749552726746,-0.07184071838855743,-0.22541770339012146,-0.07394509017467499,-0.10916928201913834,0.3084896206855774,-0.37674885988235474,0.2043764293193817,0.1607397496700287,0.023816034197807312,0.39867597818374634,0.1276254653930664,-0.24075284600257874,-0.3884647786617279,0.2971459925174713,-0.1619037538766861,-0.041383661329746246,0.3076133131980896,0.1807941347360611,0.618465781211853,-0.013928795233368874,-0.37402376532554626,-0.049149543046951294,-0.04979211837053299,-0.4624555706977844,-0.22658488154411316,-0.09185151755809784,-0.049522265791893005,0.05513318255543709,0.07370064407587051,-0.21336761116981506,-0.16729511320590973,-0.1777428239583969,0.3841765522956848,0.6906220316886902,-0.020076369866728783,0.16134104132652283,0.03386978060007095,0.020359236747026443,-0.046108826994895935,0.016519073396921158,-0.17085687816143036,-0.18818962574005127,-0.5100942850112915,0.21061046421527863,0.20837926864624023,0.213172048330307,-0.09155943989753723,0.24011960625648499,0.10966527462005615,-0.33318567276000977,-0.5649718046188354,-0.06530134379863739,0.07503221929073334,-0.06954167038202286,0.06751156598329544,0.19544999301433563,0.2558651268482208,-1.404357671737671,0.11874564737081528,0.35662132501602173,0.04682417958974838,0.1820063441991806,0.011597069911658764,-0.5344358682632446,0.2648191750049591,-0.070653036236763,-0.2883065938949585,0.6139672994613647,-0.047168947756290436,0.4550139009952545,0.11965733766555786,0.3672720789909363,-0.25304582715034485,-0.2560287117958069,-0.2720150053501129,0.13194586336612701,0.37771421670913696,0.044917993247509,-0.10241677612066269,0.25975847244262695,-0.06161711737513542,-0.04782179743051529,0.07942552864551544,0.16293880343437195,-0.3892129063606262,-0.1266871988773346,-0.2033984661102295,0.20992989838123322,0.8293533325195312,-0.28083258867263794,0.04118230938911438,-0.07817147672176361,-0.02243213728070259,-0.09277388453483582,0.0891428217291832,-0.26882484555244446,0.13825058937072754,0.14419975876808167,0.2283554971218109,-0.4106582701206207,-0.2750050127506256,0.43624573945999146,0.2061929702758789,0.4331679344177246,0.10566850006580353,0.10009677708148956,-0.22984394431114197,-0.2032199651002884,-0.043349042534828186,0.25675830245018005,-0.003579951822757721,-0.14340364933013916,-0.12733295559883118,-0.24862587451934814,0.11456789821386337,0.5144840478897095,0.014193177223205566,-0.10092815011739731,0.003292673733085394,-0.6139274835586548,0.09694312512874603,0.09366349875926971,-0.4635087549686432,-0.11837746948003769,-0.09648542106151581,-0.08677996695041656,-0.13573575019836426,0.5320512652397156,-0.031695663928985596,0.15583710372447968,0.004836297128349543,-0.08347621560096741,-0.3336196839809418,-0.4556279182434082,0.023944467306137085,0.07161770015954971,-0.0033642263151705265,-0.12254060804843903,0.3088759779930115,-0.11608149856328964,-0.28179749846458435,-0.32197305560112,-0.2032098025083542,0.06614809483289719,0.1595216989517212,-0.30531519651412964,0.516936719417572,0.1382720172405243,-0.15793566405773163,0.09382839500904083,-0.03870883956551552,-0.3530775010585785,0.642870306968689,-0.20465750992298126,-0.6859143972396851,-0.08072660118341446,0.31497055292129517,-0.3495329022407532,-0.01660085842013359,0.15466658771038055,0.008868800476193428,-0.22769799828529358,0.1227012425661087,0.032240163534879684,0.06959497928619385,-0.10364260524511337,0.080177441239357,-0.012121951207518578,-0.01991966925561428,-0.31734126806259155,0.05885543301701546,-0.485243022441864,-0.11999646574258804,-0.3049059808254242,-0.011860000900924206,-0.06898599117994308,0.46998557448387146,0.6904688477516174,0.45889025926589966,-0.009583531878888607,0.19198346138000488,-0.002971166279166937,-0.16004052758216858,-0.35885632038116455,0.28605398535728455,-0.18481186032295227,0.16073928773403168,-0.12202131748199463,0.029832839965820312,-0.1595180183649063,0.030205339193344116,-0.3920118808746338,0.39195990562438965,-0.11507008224725723,0.18222589790821075,-0.10808785259723663,-0.0468023307621479,0.4346785545349121,0.10311071574687958,0.3692705035209656,0.06765411794185638,0.15426132082939148,-0.0950751006603241,0.001864957856014371,0.6089690327644348,-0.5312171578407288,-0.15070584416389465,-0.25610730051994324,0.09271769225597382,-0.8321957588195801,0.07169357687234879,0.19270727038383484,-0.3619082570075989,0.1527356654405594,0.2415710985660553,-0.03978797793388367,-0.7876111268997192,-0.33383023738861084,0.13487282395362854,0.23010504245758057,-0.11312313377857208,-0.16134366393089294,-0.0587238073348999,0.03018590807914734
CID000072467,2942,0.3238258957862854,0.020650705322623253,0.17739561200141907,0.5413013696670532,-0.4437667727470398,0.0377255417406559,0.1905769407749176,0.36201098561286926,0.12882205843925476,0.44968271255493164,-0.155448779463768,-0.2713766098022461,-0.01533507090061903,0.13104842603206635,-0.044080279767513275,0.14768663048744202,0.016233419999480247,-0.2590641379356384,0.025266552343964577,-0.4930890202522278,0.10277195274829865,-0.41464629769325256,-0.014944183640182018,-0.8200746774673462,0.022224629297852516,0.0763980895280838,-0.35011082887649536,-0.031589604914188385,-0.06630992889404297,-0.10247751325368881,0.0233025960624218,0.13007883727550507,0.13790562748908997,0.04260300472378731,0.0506485179066658,0.15584194660186768,0.04288030415773392,0.3022792935371399,-0.1743592470884323,-0.26262524724006653,0.06432385742664337,0.24610213935375214,0.1719139814376831,0.02236276865005493,-0.11953301727771759,0.24402675032615662,0.047605302184820175,-0.14869458973407745,-0.1602848768234253,0.39682120084762573,0.49021854996681213,0.004274340812116861,-0.2312384396791458,0.08940966427326202,-0.17402294278144836,0.1686384230852127,-0.05290946364402771,-0.15127521753311157,0.2919827997684479,-0.1283150613307953,-0.0287766270339489,-0.27824854850769043,-0.006519728805869818,-0.16751626133918762,0.33769381046295166,0.3362118601799011,-0.38972097635269165,0.07807482033967972,0.14755038917064667,-0.07337269932031631,0.1289965808391571,0.13013234734535217,-0.2575851380825043,-0.3354979455471039,-0.2685560882091522,0.1695062816143036,0.12533122301101685,-0.10034209489822388,-0.07805732637643814,-0.02744516171514988,0.35778769850730896,-0.2924697995185852,-0.3485181927680969,-0.06649715453386307,0.0717453733086586,0.25763818621635437,0.11993857473134995,0.10946367681026459,0.011422614566981792,-0.46802496910095215,-0.07631565630435944,0.293813019990921,0.046740300953388214,-0.13179567456245422,-0.01353800855576992,-0.09649809449911118,0.23451769351959229,0.01522038597613573,0.09364921599626541,0.22668059170246124,0.11504317820072174,-0.0631268247961998,-0.009696188382804394,0.19461674988269806,0.0026450753211975098,-0.08010954409837723,-0.004234218504279852,0.1279483139514923,0.4102746844291687,0.06932632625102997,0.0633222684264183,0.07844133675098419,-0.16744045913219452,-0.3371221125125885,0.315377801656723,0.30565738677978516,-0.24423472583293915,0.04255496338009834,-0.04251810163259506,0.2549728751182556,0.7817593812942505,-0.2564695477485657,0.17414429783821106,0.36821603775024414,-0.14103476703166962,0.3067195415496826,0.15135519206523895,-0.025864243507385254,0.09237890690565109,0.2401658594608307,0.29669076204299927,-0.5338438153266907,-0.4806599020957947,0.24598369002342224,0.35416874289512634,0.1698964387178421,-0.004550421144813299,0.22705993056297302,0.022603869438171387,-0.0781460776925087,-0.010886142030358315,0.10903018712997437,0.2127051055431366,0.14631983637809753,-0.053482599556446075,0.09964916110038757,-0.045078765600919724,0.43319958448410034,0.15718571841716766,0.47828370332717896,0.06742310523986816,-0.5062130689620972,-0.028423761948943138,0.29139336943626404,-0.15664461255073547,-0.08461584150791168,0.01251473743468523,-0.12471403181552887,-0.12795759737491608,0.01592102274298668,0.03267354518175125,-0.16280576586723328,0.027584925293922424,0.12950055301189423,-0.03925802931189537,-0.019331812858581543,-0.137161523103714,0.1289677917957306,0.14163589477539062,0.02971908450126648,-0.06988891214132309,0.08135180175304413,-0.2919570207595825,-0.235347181558609,0.10644996166229248,-0.0879489928483963,0.1600584089756012,-0.21713867783546448,0.7358078956604004,0.03377984091639519,-0.36878228187561035,0.10019620507955551,-0.05663169175386429,0.039240773767232895,0.3602895438671112,0.06399469077587128,-0.14947831630706787,0.06534428149461746,0.18496672809123993,-0.41623467206954956,-0.09619943052530289,-0.014340126886963844,-0.0014698058366775513,-0.31051725149154663,0.41780781745910645,0.1327465921640396,0.24690262973308563,-0.006461328361183405,-0.03752145916223526,-0.1459984928369522,-0.03427257388830185,-0.4830593168735504,0.1706157624721527,-0.39950472116470337,-0.04264809563755989,-0.08908228576183319,0.02029586210846901,-0.05593901872634888,0.11881744861602783,0.4798744320869446,0.3375881314277649,0.08962742984294891,0.10767488181591034,0.0617263987660408,-0.02603796124458313,-0.2154422104358673,0.19223855435848236,0.38957151770591736,0.07830719649791718,-0.02357996627688408,-0.17590513825416565,0.03638898581266403,-0.17293986678123474,-0.13499777019023895,0.17776937782764435,0.08450748771429062,-0.0023985207080841064,-0.07449044287204742,-0.12271381914615631,-0.1132584661245346,0.01378319226205349,0.13137361407279968,0.22662779688835144,-0.04408714175224304,-0.01265702210366726,-0.010195260867476463,0.5447253584861755,-0.5552917718887329,-0.1017317995429039,-0.1978760063648224,-0.17756503820419312,-0.22325441241264343,0.35454192757606506,0.092484250664711,-0.35081225633621216,-0.046476203948259354,0.07528378069400787,0.12786218523979187,-0.7251418828964233,-0.1906852424144745,0.2870698869228363,0.11856202781200409,0.23495538532733917,-0.20493173599243164,0.04549355059862137,0.023518944159150124
CID000004428,2953,0.05008488893508911,0.31919118762016296,0.13857683539390564,0.3194825053215027,-0.34773123264312744,-0.01697355881333351,0.2482757568359375,0.5231418609619141,0.01831073686480522,0.2511058449745178,-0.19116351008415222,0.2188686579465866,0.14328017830848694,0.1938953995704651,-0.27310842275619507,0.07517348229885101,-0.07558798789978027,0.11805512011051178,0.1552048623561859,-0.5026279091835022,-0.005057853646576405,-0.42807212471961975,-0.017796572297811508,-0.8280949592590332,-0.007450094912201166,0.4286949038505554,0.08000262826681137,0.12281368672847748,-0.04763057082891464,0.04043173789978027,-0.2676929533481598,0.1796368956565857,0.08411876857280731,-0.14208915829658508,0.09382590651512146,-0.035979580134153366,0.3401508927345276,0.36468610167503357,-0.013837821781635284,-0.09826298803091049,-0.0369391031563282,-0.28059864044189453,0.11954901367425919,-0.43641966581344604,-0.2743855118751526,0.14339429140090942,-0.15384241938591003,-0.038833558559417725,0.049160681664943695,0.053861379623413086,0.46559053659439087,-0.0994478315114975,-0.12850283086299896,0.02613445743918419,0.22915403544902802,-0.40309277176856995,0.38910531997680664,0.3936815559864044,0.2045094221830368,0.09646481275558472,-0.4116433560848236,-0.4328826069831848,-0.03700071573257446,-0.050016243010759354,0.04971035197377205,0.23454280197620392,-0.3436017632484436,-0.021170292049646378,0.065778449177742,-0.0784003734588623,-0.02028365060687065,-0.10864821821451187,-0.05261678248643875,-0.41857972741127014,-0.18717840313911438,0.16958217322826385,0.05182020738720894,-0.04103761911392212,-0.09790986031293869,0.1664588749408722,0.1331910490989685,-0.3902313709259033,-0.16275069117546082,0.03132949396967888,-0.17104575037956238,-0.1488122045993805,0.24163198471069336,0.05041930824518204,-0.1989579200744629,-0.5236188769340515,0.11665215343236923,0.1745433360338211,0.03431282192468643,0.09023020416498184,-0.06085618585348129,-0.3213984966278076,0.15834400057792664,-0.12284910678863525,0.10889146476984024,0.09574972093105316,0.49987149238586426,0.04300210624933243,0.08398215472698212,0.40065914392471313,0.21187278628349304,-0.01028300542384386,-0.47647809982299805,-0.12167730182409286,0.4348883628845215,-0.005737721920013428,-0.020885398611426353,0.25661301612854004,-0.0216379351913929,-0.0774323120713234,-0.1291246861219406,0.4021282196044922,-0.03217498958110809,0.2461453676223755,-0.030153805390000343,0.5621147155761719,0.6031324863433838,-0.29147014021873474,0.3371226489543915,0.18164314329624176,0.01630326360464096,0.17737993597984314,0.0030517964623868465,-0.12141422927379608,0.28404366970062256,-0.16330869495868683,0.1411784142255783,-0.5155329704284668,-0.47138556838035583,0.02383291721343994,0.29176652431488037,-0.0720992311835289,0.05715525895357132,0.2671482563018799,-0.00039179326267912984,-0.5277872085571289,-0.4539102017879486,0.23270109295845032,0.4395753741264343,0.013241169042885303,-0.09555844962596893,0.4671463370323181,-0.19948092103004456,0.20527859032154083,0.08419666439294815,0.21798190474510193,-0.02714374102652073,-0.26212042570114136,-0.1767227202653885,-0.05116606876254082,0.012788495048880577,0.22544178366661072,0.11660079658031464,-0.04737764596939087,0.3165739178657532,0.0648178681731224,-0.011618983931839466,-0.008758246898651123,-0.05583789199590683,0.02069230005145073,-0.2791348397731781,0.2420865297317505,-0.09401233494281769,0.4803030490875244,0.17456786334514618,0.053518958389759064,0.0536203496158123,-0.33539795875549316,-0.3914390802383423,-0.10713990777730942,0.01306516956537962,-0.07668496668338776,0.13104626536369324,-0.3056280016899109,0.5241075754165649,0.11009292304515839,0.1299242079257965,0.0721263512969017,-0.24588465690612793,-0.4259428381919861,-0.169276624917984,0.211490660905838,-0.06336668878793716,-0.09115602821111679,-0.22418911755084991,-0.3034874200820923,0.09889774024486542,0.00920712761580944,0.12419980764389038,-0.3390383720397949,0.3006906509399414,0.0022581429220736027,-0.04150085523724556,0.05724716931581497,-0.05161813646554947,-0.027290016412734985,-0.21073570847511292,-0.5214077830314636,-0.012546159327030182,-0.3671334385871887,-0.08841071277856827,0.09191899001598358,-0.022540178149938583,-0.1600630134344101,0.2424204796552658,0.40167689323425293,0.28283995389938354,0.10386540740728378,0.4171159863471985,0.1851031482219696,0.3901407718658447,-0.8198931813240051,0.0132426917552948,0.2602633833885193,0.14740104973316193,0.08640405535697937,-0.040014319121837616,0.009947940707206726,-0.027890294790267944,-0.2534574866294861,0.020007502287626266,-0.19422198832035065,0.056962765753269196,-0.47533074021339417,0.4522119462490082,0.04882832244038582,-0.11324840784072876,0.03058556281030178,0.24843689799308777,0.05805056169629097,-0.4292176365852356,0.0460636280477047,0.4552372992038727,-0.2234637290239334,0.09842319041490555,-0.400423139333725,-0.15492001175880432,-0.37223151326179504,-0.08228163421154022,0.43596330285072327,-0.0023325339425355196,-0.1312512755393982,0.03715350478887558,-0.4250994324684143,-0.5553034543991089,0.03561245650053024,0.3487655222415924,-0.44384878873825073,0.04679369926452637,-0.18527357280254364,0.12033991515636444,-0.12744209170341492
CID000057469,2956,0.16340228915214539,-0.11015234142541885,0.061117351055145264,0.3188458979129791,-0.4873340129852295,-0.015843141824007034,0.29514116048812866,0.3351440727710724,-0.12356963008642197,0.2533263862133026,0.12299837917089462,-0.020133817568421364,-0.039097972214221954,0.06970513612031937,-0.18166224658489227,-0.09791172295808792,0.024477273225784302,-0.15710705518722534,0.06695566326379776,-0.4419577121734619,0.05797860771417618,-0.22970175743103027,0.10451072454452515,-0.7625432014465332,-0.017700184136629105,0.15706877410411835,-0.10561789572238922,0.07283424586057663,-0.07808997482061386,0.19436173141002655,0.15630249679088593,0.18092967569828033,0.11538954079151154,-0.12866289913654327,-0.00530605623498559,-0.06968662887811661,0.09730309247970581,0.09549827873706818,0.1653280258178711,-0.006736080162227154,-0.08899587392807007,-0.25477802753448486,0.13870003819465637,-0.11485515534877777,-0.15558728575706482,0.3308200240135193,0.08622144162654877,-0.08261444419622421,0.10415033996105194,0.13443848490715027,0.33693376183509827,0.03290363401174545,-0.15769298374652863,0.02526547946035862,-0.0041488585993647575,-0.004932957701385021,0.0997486338019371,0.13472625613212585,0.13648837804794312,-0.03638414293527603,-0.3028532862663269,-0.3186459243297577,-0.018709922209382057,0.03800129145383835,0.2149268388748169,0.44054633378982544,-0.19956883788108826,-0.18955811858177185,0.24684040248394012,0.11043127626180649,-0.04106062278151512,-0.0709586888551712,-0.2966538965702057,-0.4444010853767395,-0.19029852747917175,0.11637356132268906,0.13307026028633118,0.07672278583049774,-0.047137241810560226,-0.13105586171150208,-0.056685030460357666,-0.6508349180221558,-0.3156276345252991,0.317589670419693,0.10612709820270538,0.03264185041189194,0.14214222133159637,0.2036825716495514,-0.13179004192352295,-0.5647952556610107,-0.053216803818941116,0.1311817467212677,0.06564615666866302,0.050438761711120605,0.05429132655262947,-0.2118542194366455,-0.11481795459985733,-0.11400917917490005,-0.13731902837753296,0.01990182138979435,-0.15685370564460754,0.2038641721010208,0.021492939442396164,0.42304491996765137,0.24291405081748962,-0.04255950450897217,-0.036095283925533295,0.08684179931879044,0.5242524147033691,-0.16839532554149628,-0.05783620476722717,0.10614743083715439,0.0038919770158827305,-0.07306965440511703,-0.1064610481262207,0.11863680928945541,0.1496981829404831,0.040982119739055634,-0.006941577885299921,0.200691819190979,0.6560308933258057,-0.3368646204471588,0.13893219828605652,0.15271034836769104,-0.05463334918022156,0.23655977845191956,0.021234745159745216,0.026817891746759415,0.24452941119670868,0.08716900646686554,0.17599913477897644,-0.5070921778678894,-0.43401870131492615,0.1804615706205368,0.24253126978874207,-0.1826312094926834,-0.13478371500968933,0.23628821969032288,-0.0765298455953598,-0.25980889797210693,-0.2683507204055786,0.1676282435655594,-0.0023431344889104366,-0.003989952616393566,-0.002752162516117096,0.14306317269802094,0.0513538122177124,0.3850230574607849,-0.01949715055525303,0.18652157485485077,0.1483604609966278,-0.23323604464530945,0.07520750910043716,0.19178315997123718,-0.2536895275115967,-0.1303136944770813,0.00339663028717041,-0.06698492914438248,-0.10591240972280502,0.25402164459228516,-0.14772340655326843,0.19177277386188507,-0.0976523607969284,0.05868593975901604,-0.08733163774013519,-0.19310081005096436,-0.18804039061069489,0.19772735238075256,-0.06177974492311478,0.23152461647987366,-0.02851555310189724,-0.14283719658851624,-0.12347827851772308,-0.21700839698314667,-0.010795190930366516,-0.01763780042529106,0.23819227516651154,-0.20341452956199646,0.42709842324256897,0.1179707869887352,0.21629135310649872,0.018524587154388428,-0.0019373774994164705,-0.09951034188270569,0.12250082194805145,0.18789193034172058,-0.05286402627825737,0.05153719708323479,-0.2206709086894989,-0.2791197896003723,-0.015118193812668324,0.032160352915525436,0.3029818832874298,0.09284104406833649,0.12072521448135376,-0.2427007257938385,0.0784718245267868,0.010961057618260384,0.14907483756542206,0.008700931444764137,0.047907955944538116,-0.4060899317264557,0.030710741877555847,-0.2526312470436096,-0.1095522865653038,-0.19522634148597717,-0.14452025294303894,0.1742742508649826,0.06334801763296127,0.44500046968460083,0.3166911005973816,0.39087343215942383,0.45218682289123535,0.17971040308475494,0.05777087062597275,-0.04706626012921333,-0.20910164713859558,0.1806827038526535,0.06152142211794853,-0.015984734520316124,0.04704288765788078,-0.2560765743255615,-0.0031413317192345858,-0.17177888751029968,-0.05664122849702835,-0.22783824801445007,0.0589972548186779,-0.20190457999706268,0.07245202362537384,0.1552450805902481,-0.07010190188884735,-0.05176626890897751,0.25983676314353943,-0.016060343012213707,-0.018786203116178513,-0.06657572090625763,0.3278241753578186,-0.4191772937774658,0.04129181057214737,-0.04280323162674904,0.09760646522045135,-0.29789623618125916,0.05109916999936104,0.43313926458358765,0.10657191276550293,-0.15382716059684753,-0.05734274536371231,0.12098397314548492,-0.6243194937705994,-0.11849258095026016,0.19116145372390747,-0.3392767310142517,0.16891136765480042,-0.40687841176986694,0.047298602759838104,0.008482366800308228
CID004479097,3043,0.34322723746299744,0.1647464632987976,0.24523448944091797,0.545791506767273,-0.48562318086624146,0.1417175680398941,0.2502879202365875,0.36570677161216736,0.19264520704746246,0.3464633822441101,-0.06402479112148285,-0.2670179009437561,0.014932048507034779,0.16180095076560974,-0.1637679636478424,0.11709694564342499,0.0024896382819861174,-0.22142863273620605,0.13309386372566223,-0.4612193703651428,0.07889995723962784,-0.3279825747013092,-0.08442312479019165,-0.858240008354187,0.18673714995384216,0.14373156428337097,-0.28523343801498413,-0.16157643496990204,-0.020687926560640335,0.013081604614853859,-0.057640306651592255,0.12272927910089493,0.0696457177400589,0.15411162376403809,0.06299933046102524,0.2923944592475891,0.10677272081375122,0.2520228326320648,-0.06175031512975693,-0.2112366408109665,0.02998417057096958,0.09353075176477432,0.12618927657604218,0.040877848863601685,-0.20122799277305603,0.2866991460323334,0.0691942572593689,-0.0854339450597763,-0.06466661393642426,0.34129056334495544,0.5445336103439331,-0.13925984501838684,-0.23172524571418762,-0.02164519391953945,-0.05141947418451309,-0.03035898506641388,0.05694906786084175,-0.25811368227005005,0.23969855904579163,-0.13421934843063354,-0.05610687658190727,-0.2850314974784851,0.07422459870576859,-0.2707320749759674,0.404323011636734,0.3591661751270294,-0.452800989151001,0.0102614164352417,0.09254897385835648,0.0453338548541069,0.17523397505283356,-0.039267126470804214,-0.19724735617637634,-0.46185725927352905,-0.26854151487350464,0.13891926407814026,0.28252583742141724,-0.047789305448532104,-0.09361524879932404,0.03157338500022888,0.1486557424068451,-0.30897068977355957,-0.36048272252082825,0.06958214938640594,0.08197121322154999,0.2757978141307831,0.15323467552661896,0.1395532786846161,-0.02916904166340828,-0.37147656083106995,-0.0021628153044730425,0.18053291738033295,-0.038389820605516434,-0.013318303041160107,-0.17507602274417877,-0.10304969549179077,0.1865701675415039,-0.06397350877523422,-0.052265655249357224,0.22733767330646515,0.0021007508039474487,-0.06252989917993546,0.009858161211013794,0.1979486495256424,0.15435612201690674,-0.02614629827439785,0.030975263565778732,0.04006132483482361,0.34702208638191223,-0.1253293752670288,0.10488033294677734,0.05549592897295952,-0.24654018878936768,-0.4516492486000061,0.15118129551410675,0.3190265893936157,-0.2440403401851654,-0.19815385341644287,-0.08529182523488998,0.2666744589805603,0.7820440530776978,-0.30728229880332947,0.2172282189130783,0.3007783591747284,-0.22045230865478516,0.3751264810562134,0.1397363245487213,0.026600897312164307,0.049989525228738785,0.17571941018104553,0.2563735246658325,-0.521422803401947,-0.5279925465583801,0.21744921803474426,0.39646416902542114,0.17488187551498413,0.07804395258426666,0.1397664099931717,-0.03768589347600937,-0.018436554819345474,-0.09500154107809067,0.12998896837234497,0.2750970721244812,0.17171618342399597,-0.11187203228473663,0.17137876152992249,-0.0456201434135437,0.3944917619228363,0.2514985203742981,0.3547917306423187,-0.039282478392124176,-0.37084493041038513,-0.13225536048412323,0.313937246799469,-0.1325005739927292,-0.05204570293426514,0.05466609075665474,-0.1773611158132553,0.07031936943531036,0.013593007810413837,0.017481302842497826,-0.16058962047100067,0.07725585997104645,0.11820092052221298,-0.1436820924282074,-0.008479881100356579,-0.11014385521411896,0.19979359209537506,0.20861490070819855,0.10469839721918106,-0.08350791037082672,0.1298447996377945,-0.3282940983772278,-0.21628069877624512,0.1302194893360138,-0.1207183375954628,0.2596016526222229,-0.1218663901090622,0.6788819432258606,0.08051370829343796,-0.19792361557483673,0.18018828332424164,0.016319209709763527,0.025226164609193802,0.11315838247537613,0.06926502287387848,-0.0365411639213562,0.07084569334983826,0.14326255023479462,-0.3762660622596741,-0.17244026064872742,0.04295794293284416,-0.0466257743537426,-0.18152585625648499,0.48639971017837524,0.10237713158130646,0.1121147871017456,-0.021774912253022194,-0.05173393338918686,0.033301740884780884,-0.05828014016151428,-0.5910249948501587,0.12914186716079712,-0.20894794166088104,-0.24280467629432678,-0.07155096530914307,0.05470684915781021,-0.07166840136051178,0.16476814448833466,0.46324077248573303,0.321913480758667,0.33742618560791016,0.19406454265117645,0.017272623255848885,-0.026463259011507034,-0.18598809838294983,0.08343875408172607,0.37353062629699707,0.08293028175830841,0.008633102290332317,-0.15996550023555756,-0.08973772823810577,-0.13601070642471313,-0.0981656163930893,0.16506776213645935,-0.15525221824645996,0.27346497774124146,-0.12778429687023163,-0.1711653470993042,-0.009397136978805065,-0.02970118448138237,0.17689624428749084,0.2992474436759949,-0.01697053760290146,0.10469330847263336,0.04442543536424637,0.49354323744773865,-0.5694599151611328,-0.04670294001698494,-0.1978529989719391,-0.05490688234567642,-0.17670506238937378,0.20842023193836212,0.15984869003295898,-0.22106198966503143,0.0659414529800415,0.08036073297262192,0.043488629162311554,-0.7052134275436401,-0.08034993708133698,0.33992403745651245,-0.013831639662384987,0.22579815983772278,-0.29124927520751953,0.007319644093513489,0.03245098143815994
CID000004932,3311,0.10515029728412628,0.1606363207101822,0.0039452663622796535,0.30940142273902893,-0.350849449634552,0.04316728562116623,0.10484977066516876,0.2324526011943817,0.3389391303062439,0.20698270201683044,-0.04736745357513428,-0.02435590699315071,0.1841111034154892,0.16518263518810272,-0.2209022343158722,0.007444816641509533,-0.0384400375187397,-0.16115550696849823,0.17941460013389587,-0.4113912582397461,0.0560104139149189,-0.3314588963985443,-0.23680126667022705,-0.9768935441970825,-0.18935854732990265,0.22124695777893066,-0.36248454451560974,0.0979035496711731,0.07826709747314453,0.1672758162021637,-0.3889525234699249,0.3944515585899353,0.19219152629375458,-0.16673997044563293,-0.052392613142728806,0.12960559129714966,-0.026387041434645653,0.1877976953983307,-0.06354053318500519,-0.06441684067249298,-0.09264051914215088,-0.11038289219141006,0.006738710217177868,-0.25317543745040894,-0.0703786239027977,0.5347452163696289,-0.053851496428251266,0.10847856104373932,0.13677918910980225,0.1541660726070404,0.29926401376724243,0.01908588781952858,-0.29490867257118225,-0.11592666804790497,0.17746680974960327,-0.10357501357793808,-0.37871217727661133,0.025203892961144447,-0.1882324516773224,-0.13731707632541656,-0.14585205912590027,-0.24906818568706512,-0.194569393992424,-0.14889554679393768,0.2757498621940613,0.38765662908554077,0.1337694525718689,0.11249034106731415,0.21453022956848145,0.34923413395881653,0.14943142235279083,-0.27582162618637085,-0.31286346912384033,-0.2393735945224762,-0.1431213766336441,0.2960546612739563,0.1604413092136383,0.2796808183193207,-0.06029916927218437,-0.15611599385738373,0.28883567452430725,-0.47401341795921326,-0.29675552248954773,-0.42034000158309937,-0.052316732704639435,-0.4382515549659729,0.5671554803848267,0.02988508902490139,0.04746264964342117,-0.8106522560119629,0.19853343069553375,0.49760109186172485,0.09573239088058472,-0.037552520632743835,0.197969451546669,-0.30355024337768555,0.061351679265499115,0.09128087759017944,-0.08209417760372162,0.518893837928772,-0.20432022213935852,0.24096009135246277,-0.07362653315067291,0.24699990451335907,0.1817101240158081,0.1407449096441269,0.1932796984910965,-0.041818659752607346,0.41513586044311523,-0.09179112315177917,-0.1403600126504898,0.17633835971355438,-0.2872290015220642,-0.21389654278755188,0.231175497174263,0.23300962150096893,-0.25662052631378174,0.11794501543045044,-0.14929676055908203,0.3042187988758087,0.5675663352012634,-0.11938486993312836,0.3369132876396179,-0.05682260915637016,0.27445730566978455,0.0011870566522702575,-0.024461446329951286,0.1906772255897522,0.19203652441501617,-0.09370782226324081,0.023030299693346024,-0.43651896715164185,-0.3051457703113556,0.14794500172138214,0.12790217995643616,-0.10361450910568237,0.29709407687187195,0.22559145092964172,-0.01065052766352892,-0.18414005637168884,-0.4936801493167877,0.010756529867649078,0.17067137360572815,-0.23550626635551453,0.1189563050866127,0.2264598309993744,-0.1483902633190155,0.3563845455646515,-0.06843943893909454,0.20582075417041779,-0.03465926647186279,-0.24114716053009033,0.13084307312965393,0.07314638793468475,-0.4196229875087738,0.07412909716367722,-0.06327195465564728,-0.28325986862182617,0.2911944091320038,0.3947157859802246,0.0283792857080698,0.2156355082988739,0.07390528917312622,0.06806042045354843,0.042472563683986664,-0.0070766909047961235,-0.3488367199897766,0.14292748272418976,-0.023780882358551025,0.09636764228343964,-0.10169509798288345,-0.16607406735420227,-0.35432833433151245,-0.4023352265357971,0.0453106053173542,0.05471406504511833,0.04614681750535965,-0.0682971253991127,0.47008806467056274,-0.14909499883651733,0.16391408443450928,-0.13349291682243347,-0.1481098234653473,-0.06914879381656647,0.5428858995437622,0.04904080554842949,-0.22020307183265686,0.15291395783424377,-0.1602487415075302,-0.27236443758010864,0.046756528317928314,0.08694546669721603,0.06055464595556259,0.06931179016828537,-0.16404888033866882,-0.09019134193658829,0.14661455154418945,-0.3173670172691345,-0.2620961666107178,0.2620513439178467,0.1585327684879303,-0.2105635702610016,0.1932898908853531,-0.33868277072906494,-0.05030858516693115,-0.13503789901733398,-0.009976143017411232,0.14155662059783936,-0.04053269699215889,0.35082295536994934,0.32851511240005493,-0.30097439885139465,0.291908323764801,0.2106635570526123,0.132503941655159,-0.6597501039505005,0.1026390790939331,0.0491630919277668,0.1276051104068756,0.05658590793609619,-0.08664651960134506,-0.016771633177995682,0.14687767624855042,-0.2829607129096985,-0.1365540474653244,-0.054165441542863846,0.05931096151471138,-0.3964126706123352,-0.22639505565166473,0.29294782876968384,0.0266865286976099,-0.052693795412778854,0.1465531289577484,-0.1186007633805275,0.2081182450056076,0.03667886182665825,0.3126366138458252,-0.21861469745635986,0.07974457740783691,-0.2299278974533081,0.18295595049858093,-0.42641085386276245,0.23111872375011444,0.19813868403434753,-0.45410284399986267,-0.18562641739845276,0.12161052227020264,-0.1508093625307083,-0.38600102066993713,-0.18570289015769958,0.15270304679870605,-0.3252860903739929,-0.16031351685523987,-0.039079226553440094,0.026701102033257484,0.057877860963344574
CID000077992,3385,0.18567237257957458,-0.028197836130857468,0.26033884286880493,0.44503989815711975,-0.1262500137090683,0.2030198574066162,0.02787180244922638,0.3433471918106079,-0.07438834756612778,-0.20877163112163544,0.06796864420175552,0.23491334915161133,-0.32799476385116577,0.19641441106796265,-0.28117161989212036,0.034389376640319824,-0.07392005622386932,-0.12856031954288483,0.14151304960250854,-0.6576569676399231,-0.1540345996618271,-0.3811700940132141,-0.3781471252441406,-0.8105626106262207,-0.036620136350393295,0.0998149961233139,-0.20404615998268127,-0.13092993199825287,0.016866233199834824,0.29394006729125977,0.07350720465183258,0.3518146276473999,0.049326736479997635,0.07663418352603912,0.07974456250667572,0.028538083657622337,0.37153196334838867,-0.14740252494812012,0.2202167809009552,-0.37676870822906494,0.10009817779064178,-0.1485341489315033,0.06798997521400452,-0.4953935146331787,-0.2501031160354614,0.24065153300762177,0.19842690229415894,0.002838029759004712,0.19840380549430847,-0.011602568440139294,0.5072227120399475,-0.20777566730976105,-0.26669037342071533,-0.2796373963356018,0.2082732617855072,-0.01980147883296013,0.2813562750816345,0.033835895359516144,-0.004931157920509577,0.11585293710231781,-0.3315160870552063,-0.26222318410873413,-0.15174555778503418,-0.21385395526885986,0.24849466979503632,0.7140623331069946,-0.3639087378978729,-0.24901370704174042,-0.11698222160339355,0.12641969323158264,-0.11068949848413467,0.2522972524166107,-0.32217398285865784,-0.3279286026954651,-0.28741705417633057,-0.13658246397972107,-0.12661242485046387,-0.004983237478882074,-0.10791607201099396,-0.0794200673699379,0.3004513084888458,-0.1980508714914322,-0.3254798352718353,-0.1738343983888626,0.20262011885643005,0.051143109798431396,0.14614322781562805,0.577734112739563,-0.04596966877579689,-0.771495521068573,0.09161356836557388,0.2080405205488205,-0.20671668648719788,0.0741882175207138,0.13661110401153564,-0.5754247903823853,-0.2375996857881546,-0.06645743548870087,0.1610780954360962,0.14158125221729279,0.17165938019752502,-0.029582127928733826,-0.07940536737442017,0.23017290234565735,-0.14429114758968353,0.042249828577041626,0.11288440227508545,0.08921892940998077,0.6485183835029602,0.07946214079856873,-0.07671951502561569,0.18747578561306,-0.0806635171175003,0.19486483931541443,-0.23747751116752625,0.29618245363235474,0.28257209062576294,-0.15219973027706146,-0.13349992036819458,0.15876169502735138,0.5417904853820801,-0.3501124083995819,0.35435646772384644,0.08761653304100037,-0.21603699028491974,0.07909618318080902,-0.06071443483233452,0.07029826194047928,0.39649471640586853,0.11772427707910538,0.19228887557983398,-0.35700809955596924,-0.133368581533432,-0.05429619550704956,0.03495271876454353,-0.11435310542583466,-0.17169716954231262,-0.1305048167705536,-0.07959223538637161,-0.6109157800674438,-0.25522705912590027,0.078550323843956,0.3162480294704437,-0.08657477796077728,0.1034335047006607,0.14269128441810608,-0.10731466114521027,0.17008206248283386,-0.0595376119017601,0.5162004828453064,-0.20046833157539368,-0.13804283738136292,0.022701147943735123,0.1737910956144333,-0.008539557456970215,-0.28814414143562317,-0.06480210274457932,-0.16796819865703583,-0.07027389854192734,0.3498334288597107,0.08149861544370651,-0.07811424881219864,-0.10403889417648315,-0.09112299978733063,-0.35662269592285156,-0.3058645725250244,-0.20486541092395782,-0.07068713009357452,-0.03821275383234024,0.345232218503952,0.08675849437713623,-0.5093934535980225,-0.39268335700035095,-0.3569815456867218,0.3256218731403351,0.0645224004983902,0.24063456058502197,-0.36948180198669434,0.49912047386169434,0.22248117625713348,0.1090935468673706,-0.28710800409317017,-0.38118883967399597,-0.1345503032207489,0.06428694725036621,0.45487913489341736,-0.7294386625289917,-0.0038405403029173613,0.1816873401403427,-0.35948890447616577,-0.1486009806394577,0.26553577184677124,0.13683821260929108,-0.03922136873006821,0.3167574405670166,-0.17697660624980927,-0.14713943004608154,-0.2119637280702591,0.11196964979171753,-0.08097760379314423,-0.04870922118425369,-0.3150348663330078,-0.1741422712802887,-0.31137725710868835,0.21332986652851105,0.013516676612198353,-0.03236428275704384,0.07280672341585159,0.20012244582176208,0.3901134133338928,0.4100019037723541,-0.10238262265920639,0.3267509937286377,0.0782468244433403,0.2659773826599121,-0.24972105026245117,-0.104622021317482,0.0458008237183094,0.24234473705291748,-0.134489968419075,-0.1235339418053627,0.04484860599040985,0.19444870948791504,-0.47340673208236694,-0.32113853096961975,0.044904254376888275,-0.24473612010478973,-0.4314889907836914,0.29777082800865173,-0.24359183013439178,0.19754727184772491,0.1608031839132309,0.23639431595802307,0.10466329753398895,0.2169402539730072,-0.02663620188832283,0.2646865248680115,-0.34520378708839417,-0.013932484202086926,-0.05253107473254204,-0.10773034393787384,-0.8093517422676086,-0.11560721695423126,0.14851169288158417,0.07038839906454086,0.1511523276567459,0.3171352446079254,0.1295112520456314,-0.4924689829349518,-0.12760265171527863,0.4430951178073883,0.05439821630716324,0.2504982352256775,-0.08302804082632065,0.09443171322345734,-0.01911773905158043
CID000005505,3513,0.35706961154937744,-0.08537913858890533,0.05884614586830139,0.3830457329750061,-0.22759220004081726,0.13199198246002197,0.1731441617012024,0.34909242391586304,0.04780112951993942,0.3593030571937561,0.2925931513309479,-0.17461177706718445,0.11181900650262833,0.34328868985176086,0.18911486864089966,-0.3320462107658386,-0.33851271867752075,-0.26056966185569763,-0.1783766895532608,-0.5418593287467957,0.07916703820228577,-0.23028521239757538,-0.31624266505241394,-0.842361569404602,0.1879442036151886,-0.06662563234567642,-0.46316322684288025,0.11012746393680573,-0.20608706772327423,0.018621018156409264,-0.10456544160842896,0.2119111567735672,-0.06706913560628891,-0.09936568140983582,-0.11462818086147308,-0.14226415753364563,-0.03483171388506889,0.23651695251464844,0.1617572009563446,-0.2004687488079071,-0.04279264807701111,-0.22398033738136292,-0.006645919289439917,-0.11700723320245743,-0.055933136492967606,0.32067960500717163,-0.0002503246068954468,0.15402086079120636,0.1075933426618576,0.016584187746047974,0.4287513196468353,-0.036398082971572876,-0.2136065512895584,-0.04201018810272217,0.12021452188491821,-0.40487343072891235,-0.0986340194940567,0.07723280787467957,0.08923830091953278,0.05919870734214783,-0.347667396068573,-0.1598447859287262,0.12767453491687775,-0.1235748752951622,0.20083865523338318,0.2855895459651947,-0.25195902585983276,0.1185326799750328,0.31500324606895447,-0.0638909563422203,0.03867161646485329,-0.3803565502166748,-0.2757405638694763,-0.3433810770511627,-0.3033076822757721,0.10277426242828369,0.1344279944896698,0.05460793897509575,0.06558416783809662,-0.033588770776987076,0.4430316984653473,-0.49675074219703674,-0.5094038248062134,0.15666522085666656,0.04389021545648575,-0.022371316328644753,0.30613693594932556,0.11942891776561737,-0.06402374058961868,-0.7957800030708313,0.051012277603149414,0.07930894196033478,0.003789967391639948,0.09662127494812012,0.08036653697490692,-0.29835349321365356,-0.14832063019275665,-0.10124943405389786,0.22918561100959778,0.8226369619369507,-0.22924411296844482,0.28263694047927856,-0.018088538199663162,0.3110162615776062,0.08406956493854523,0.15065093338489532,-0.2960919141769409,-0.300872266292572,0.6284711956977844,-0.016084978356957436,0.039931729435920715,0.14350596070289612,-0.21280232071876526,-0.11707514524459839,-0.04998641088604927,0.42548829317092896,0.06358712911605835,-0.20507541298866272,-0.19465471804141998,0.1735066920518875,0.6674134135246277,-0.06513641774654388,0.366851806640625,0.0844072625041008,0.03454285115003586,0.03981770947575569,-0.1716156154870987,-0.06831365823745728,0.35764333605766296,-0.025220895186066628,0.151285320520401,-0.4421301782131195,-0.19930124282836914,0.05033762380480766,0.18786637485027313,-0.037022583186626434,-0.07266588509082794,0.37073594331741333,-0.23109284043312073,-0.11802484840154648,-0.4032036364078522,0.4325312077999115,-0.1270984262228012,-0.20079898834228516,-0.050473738461732864,0.3192676901817322,0.22151780128479004,0.3778642416000366,-0.07359131425619125,0.1585376113653183,-0.3657088279724121,-0.1750439703464508,-0.33354347944259644,0.5586092472076416,-0.4908449053764343,-0.016099920496344566,0.009541393257677555,0.12642315030097961,0.1091306209564209,0.15527138113975525,0.02061920054256916,0.1154254674911499,-0.024920830503106117,-0.30685287714004517,0.07537911087274551,-0.06431663781404495,-0.40911006927490234,0.140346497297287,-0.00184136931784451,0.4136320948600769,-0.07880298793315887,-0.08272472023963928,-0.19665047526359558,-0.3441539406776428,0.09009065479040146,-0.016291890293359756,0.1938120275735855,-0.3903522491455078,0.5922518968582153,0.126012921333313,0.18444545567035675,0.14686402678489685,-0.12688174843788147,-0.3368949890136719,0.4790929853916168,0.1223943680524826,-0.5045738816261292,-0.049888186156749725,-0.1737760305404663,-0.23701611161231995,-0.2515232264995575,0.3247072696685791,0.12252654880285263,-0.10696907341480255,0.1870943158864975,-0.10871358215808868,0.31288108229637146,0.06356911361217499,-0.019916579127311707,0.2852352261543274,0.13250282406806946,-0.217594712972641,0.0357990562915802,-0.31863516569137573,-0.2556615471839905,-0.15273092687129974,-0.35919076204299927,0.001904997625388205,0.005416469182819128,0.32076936960220337,0.45304107666015625,0.13446921110153198,0.3536801338195801,0.1332809031009674,0.015273228287696838,-0.42205390334129333,0.14357522130012512,0.12048514187335968,-0.0668652355670929,-0.10287326574325562,-0.13581886887550354,-0.276305615901947,0.0887327492237091,-0.21912474930286407,-0.17022499442100525,-0.09531274437904358,-0.22958163917064667,-0.07265820354223251,-0.12957105040550232,0.3025463819503784,0.01349075697362423,0.05272176116704941,0.16678893566131592,-0.1564304083585739,-0.2380051612854004,0.09424017369747162,0.3600647747516632,-0.5172476768493652,0.022166341543197632,-0.02034943364560604,0.36660295724868774,-0.2850033938884735,0.03684219717979431,0.3348201513290405,0.0323990061879158,0.0662570521235466,0.26755285263061523,0.09188587963581085,-0.6730161905288696,-0.4546546936035156,0.3337828814983368,-0.11217287927865982,0.10300151258707047,-0.12494442611932755,0.040175121277570724,0.02207685075700283
CID000002370,3561,0.02824731543660164,-0.19131013751029968,0.10882546752691269,0.704586386680603,-0.3838288187980652,0.07060433179140091,-0.09894411265850067,0.1201304942369461,-0.09987499564886093,0.19607429206371307,-0.09693479537963867,-0.05678538233041763,-0.5811559557914734,-0.005316321738064289,-0.0013667136663571,-0.08248822391033173,-0.09083709120750427,0.08179011195898056,-0.20305804908275604,-0.5964359045028687,-0.06475889682769775,-0.1702890843153,-0.262099951505661,-0.49852055311203003,-0.5191366076469421,-0.07490583509206772,-0.23577836155891418,-0.22196774184703827,0.0002082183927996084,0.059693776071071625,-0.33725249767303467,0.311610609292984,-0.23461322486400604,0.1777336299419403,-0.08472544699907303,0.1342814862728119,-0.023137927055358887,0.2831658720970154,0.04776507243514061,-0.29070740938186646,-0.10508771985769272,0.12017663568258286,-0.03432150185108185,-0.25666147470474243,0.03112410381436348,0.217064768075943,0.1916230469942093,0.07511993497610092,0.21062800288200378,-0.14323881268501282,0.6622758507728577,0.05291242524981499,-0.09481299668550491,0.19507460296154022,0.3121555745601654,-0.04895281046628952,0.07672886550426483,-0.18200728297233582,0.21169325709342957,0.3276717960834503,-0.08125124126672745,-0.14620085060596466,-0.4533814489841461,-0.14309263229370117,0.13304539024829865,0.2157392054796219,-0.14498430490493774,0.1754789650440216,0.23813071846961975,0.057706572115421295,0.02063961699604988,0.07301119714975357,-0.27500253915786743,-0.158481165766716,-0.08361904323101044,-0.06904780864715576,0.16656716167926788,-0.19164377450942993,0.07415054738521576,0.2991625666618347,0.5080341100692749,-0.3180527091026306,-0.3968546986579895,-0.06760095059871674,0.3662048280239105,0.0780634731054306,-0.03443943336606026,0.4390951097011566,-0.27114349603652954,-0.742347002029419,-0.05105074495077133,-0.038739632815122604,-0.14572875201702118,0.2819181978702545,0.1658361405134201,-0.3544934391975403,-0.02042371593415737,0.21700911223888397,-0.08722351491451263,-0.10721876472234726,0.2903920114040375,-0.31308361887931824,-0.037306737154722214,0.4125531315803528,-0.07354012876749039,-0.04515087231993675,0.07211244851350784,-0.14725980162620544,0.3899536728858948,0.07743339985609055,0.022803563624620438,0.041550107300281525,-0.04045093432068825,-0.18517859280109406,0.29303595423698425,0.425788938999176,-0.09987463057041168,-0.10620403289794922,0.1337917149066925,0.11940119415521622,0.6731797456741333,-0.1479383260011673,0.3247068226337433,0.10048190504312515,-0.24238474667072296,0.04061201587319374,0.0036634146235883236,-0.012170538306236267,0.0496247299015522,-0.019102372229099274,0.19832292199134827,-0.5588513612747192,-0.3994738459587097,0.058589182794094086,0.31907936930656433,0.5085775256156921,0.17126908898353577,0.08286269754171371,0.10267186164855957,-0.23094627261161804,-0.07955148816108704,0.034323789179325104,-0.01703106239438057,0.009392512030899525,-0.08654201030731201,-0.05524933338165283,0.17712047696113586,0.5320171117782593,0.06532822549343109,0.22440333664417267,-0.24817714095115662,-0.5911422967910767,0.213563472032547,-0.1524253487586975,-0.16909268498420715,0.1345212310552597,-0.12207578122615814,-0.1970616579055786,0.005188459064811468,0.07245850563049316,0.20350706577301025,0.04289005696773529,0.10926350206136703,0.30070048570632935,-0.051699478179216385,0.07221441715955734,-0.07561525702476501,0.22361397743225098,0.11955763399600983,0.06867148727178574,0.019926419481635094,-0.1718122512102127,-0.15289749205112457,-0.27201253175735474,0.05472949892282486,0.0014447018038481474,0.21354404091835022,-0.10663855075836182,0.5352676510810852,0.18454690277576447,-0.3369680345058441,0.3002469837665558,-0.410311222076416,0.09191227704286575,0.39283043146133423,-0.03665322810411453,-0.2668798863887787,-0.3358086943626404,0.35129374265670776,-0.37602078914642334,0.3620922565460205,-0.0779021605849266,0.11371008306741714,-0.43124666810035706,0.17141452431678772,-0.043737806379795074,0.33444204926490784,-0.09277307987213135,-0.09756001085042953,-0.21001286804676056,-0.18541797995567322,-0.14835630357265472,-0.10953257232904434,-0.3305213749408722,-0.19567133486270905,-0.08441092818975449,-0.049755316227674484,-0.25200775265693665,0.03790270537137985,0.8080361485481262,0.3032849431037903,-0.11062979698181152,0.2810094952583313,-0.01111708302050829,0.3321949541568756,-0.06059471517801285,-0.222446009516716,0.3341812491416931,0.07270032167434692,-0.13447746634483337,-0.05822254344820976,-0.23308715224266052,0.17986507713794708,-0.2748875021934509,0.14620055258274078,0.0651148185133934,0.021076548844575882,-0.24431666731834412,0.3529638648033142,-0.11875288188457489,-0.15359124541282654,0.43454423546791077,0.19128291308879852,0.04726015776395798,-0.22274205088615417,0.2848675847053528,0.6689407229423523,-0.39318108558654785,-0.02119819074869156,-0.11169950664043427,0.17972299456596375,-0.5064498782157898,0.23061008751392365,0.4359062612056732,-0.15292352437973022,0.05409117788076401,-0.15725606679916382,-0.11194012314081192,-0.8971379399299622,-0.35405218601226807,0.26171839237213135,-0.06241895630955696,0.2766640782356262,-0.11509059369564056,-0.11810722202062607,-0.13060323894023895
CID000145068,3565,0.39781123399734497,-0.30500268936157227,0.2693302631378174,0.3551020622253418,-0.7315604090690613,-0.055167220532894135,-0.19033876061439514,-0.12396751344203949,0.031875770539045334,0.11380626261234283,0.43261629343032837,-0.7008160948753357,-0.5309548377990723,0.15550410747528076,0.09357257187366486,0.3831861615180969,-0.19726449251174927,-0.34171733260154724,-0.08865630626678467,-0.6843836307525635,0.17201805114746094,-0.3279063403606415,-0.3755696415901184,-0.8004891276359558,0.07047991454601288,0.007499614264816046,0.0822753831744194,-0.03915714472532272,0.11622278392314911,0.20457443594932556,-0.060576181858778,0.1808035671710968,0.1557314693927765,-0.19972673058509827,0.07623235881328583,-0.24801161885261536,0.017915215343236923,0.5293312668800354,-0.20455923676490784,0.059274353086948395,-0.21198436617851257,0.2304573953151703,0.08214368671178818,-0.18243308365345,0.016532182693481445,-0.09647345542907715,0.10206902027130127,-0.05411991477012634,0.08978156745433807,0.5324329137802124,0.5596168637275696,-0.4569704532623291,-0.048909299075603485,0.1210666298866272,0.2138272076845169,0.13538657128810883,0.6944649815559387,-0.1910017877817154,1.4481408596038818,0.504119873046875,-0.2616139054298401,-0.48273739218711853,-0.337187796831131,-0.32985225319862366,-0.13460667431354523,0.41211286187171936,-0.07708849757909775,-0.0057405442930758,0.16026265919208527,-0.055200766772031784,0.3256472051143646,0.009513461962342262,-0.17555534839630127,-0.6736846566200256,-0.04240020364522934,0.8213908076286316,0.16987842321395874,-0.5270668268203735,0.197444885969162,-0.08252008259296417,0.4638080596923828,-0.33952027559280396,-0.45058155059814453,0.1736101508140564,0.0205160491168499,-0.05820456147193909,0.16319264471530914,0.38651958107948303,-0.0843447893857956,-0.6903616786003113,-0.17082460224628448,0.2708900570869446,0.07415127754211426,0.16735731065273285,0.2667262852191925,-0.39759865403175354,-0.2023223340511322,-0.479823499917984,0.39304620027542114,0.4546540677547455,0.09831194579601288,0.10584712028503418,0.1823132336139679,0.2870858311653137,-0.044566620141267776,0.046244554221630096,0.4888991713523865,0.012703010812401772,0.5110317468643188,0.2747744023799896,0.07926518470048904,0.17233097553253174,0.09121410548686981,-0.5511068105697632,-0.0179829653352499,0.2691890597343445,-0.43124979734420776,-0.44933605194091797,0.5563586354255676,-0.008973969146609306,0.5943766832351685,-0.7403801679611206,0.3156075179576874,0.006451660301536322,0.09848762303590775,0.3206741511821747,0.05545057728886604,-0.15453435480594635,-0.060971807688474655,0.1863693743944168,-0.019548971205949783,-0.540722131729126,-0.5846793055534363,0.170369490981102,0.09200382232666016,0.2809978127479553,0.07156792283058167,0.21280953288078308,-0.4419734477996826,-0.40277233719825745,-0.1902056634426117,0.07296828925609589,-0.08210960775613785,0.004316694103181362,-0.12609508633613586,0.13944034278392792,0.2608998715877533,0.6280206441879272,0.11995122581720352,0.16090190410614014,-0.4310597777366638,-0.49330586194992065,-0.016365736722946167,0.14445531368255615,0.04180966317653656,0.24004609882831573,-0.018267925828695297,-0.4209572672843933,-0.13061879575252533,-0.005136699881404638,-0.08766181021928787,0.1624564379453659,-0.18348567187786102,0.08131253719329834,-0.034358806908130646,0.2982679009437561,0.46495041251182556,0.4112958014011383,-0.030818719416856766,-0.00035626589669846,0.047995321452617645,-0.13853719830513,-0.00557901244610548,-0.043150268495082855,0.07971318811178207,-0.0712907612323761,-0.0689658671617508,-0.2700466811656952,0.7047036290168762,0.6290816068649292,-0.10932497680187225,-0.0730968490242958,-0.2981100082397461,0.19933262467384338,0.08931346982717514,-0.22285246849060059,-0.08346597105264664,-0.44633689522743225,0.07986720651388168,-0.3910241723060608,0.3118481934070587,0.22408489882946014,0.13675841689109802,-0.685928463935852,0.04945498704910278,-0.02637488581240177,0.16477902233600616,0.015160992741584778,-0.04603784531354904,0.14507150650024414,-0.3741231858730316,-0.616878867149353,0.29202181100845337,-0.12869444489479065,-0.13146691024303436,0.46948543190956116,-0.2042158544063568,0.07657573372125626,0.5003975629806519,0.6241904497146606,0.3300088047981262,0.2255144864320755,0.16776922345161438,0.043119270354509354,0.15594658255577087,-0.2512414753437042,0.060507871210575104,0.5635696053504944,0.0434441864490509,0.7855502963066101,0.1914532482624054,-0.12204784154891968,0.37651532888412476,-0.4998067319393158,-0.27592891454696655,-0.644650936126709,-0.6208950877189636,-0.3251865804195404,0.0023010701406747103,0.21478426456451416,-0.06734438240528107,0.49447187781333923,0.15767908096313477,-0.02435617335140705,0.29591500759124756,-0.04330793768167496,0.829052746295929,-0.5167403817176819,-0.034111957997083664,-0.11821498721837997,-0.050431735813617706,-0.5449585914611816,-0.22160880267620087,0.39923322200775146,-0.3373185992240906,0.10511951148509979,-0.28512150049209595,0.09446064382791519,-0.7702919840812683,-0.24582381546497345,0.2155170738697052,-0.14697590470314026,-0.1564161479473114,-0.25197458267211914,-0.11645463854074478,-0.1452029049396515
CID000004730,3614,0.9899045825004578,-0.3664828836917877,0.17119526863098145,0.41855588555336,-0.6152738928794861,0.18195192515850067,-0.03159528225660324,0.16156142950057983,-0.16509655117988586,0.23040804266929626,-0.00021328925504349172,0.005709138698875904,0.07617512345314026,-0.19484612345695496,-0.15115663409233093,0.10713906586170197,-0.04311441257596016,-0.36107081174850464,-0.09135379642248154,-0.5320453643798828,0.235081285238266,-0.16326558589935303,0.08445329964160919,-0.8789349794387817,0.18609753251075745,0.1586419641971588,-0.14666536450386047,0.3781649172306061,-0.11640329658985138,0.013118421658873558,-0.0016638130182400346,0.21321305632591248,0.1502045840024948,0.13768497109413147,0.10479184240102768,0.011202752590179443,-0.025090783834457397,0.14783667027950287,-0.6112931966781616,-0.5911750793457031,0.4965250492095947,-0.16015364229679108,0.35327935218811035,0.09183306992053986,0.191123828291893,0.15018951892852783,-0.09695179015398026,0.09458371251821518,0.1624239832162857,0.7432171106338501,0.5615476369857788,0.007973110303282738,-0.11992073059082031,0.20819668471813202,-0.045885175466537476,-0.28787901997566223,0.28852197527885437,0.19879166781902313,0.5214961767196655,0.17532603442668915,-0.3903278708457947,-0.15092650055885315,-0.07976524531841278,0.019491255283355713,-0.031905025243759155,0.8450949788093567,-0.28142333030700684,0.16821715235710144,-0.2654227018356323,-0.05375664308667183,0.05511476844549179,-0.08135570585727692,-0.25758665800094604,-0.3087202310562134,-0.1393551528453827,1.4759033918380737,0.00021750926680397242,-0.392440527677536,0.17802825570106506,0.04331045597791672,-0.006250244565308094,-0.4638572633266449,-0.2753238081932068,-0.23149552941322327,0.13747352361679077,-0.12617716193199158,0.05656931921839714,-0.07911430299282074,-0.08822480589151382,-1.457392930984497,0.017854809761047363,0.7045959234237671,-0.6834670305252075,0.07693300396203995,0.31548479199409485,-0.22444209456443787,0.02896749973297119,0.06455422192811966,0.033282965421676636,0.6742985248565674,0.3166646659374237,-0.1810256838798523,-0.040978096425533295,0.3455985188484192,-0.486304372549057,0.07987195253372192,0.009468111209571362,-0.07766865193843842,0.24376335740089417,0.3141494393348694,0.050029389560222626,-0.08945392072200775,-0.07861452549695969,-0.3446127772331238,0.03255588933825493,0.02909107133746147,-0.5013620853424072,-0.05207055062055588,-0.16976484656333923,0.2541429400444031,1.1977598667144775,-0.31676530838012695,0.08258959650993347,-0.40002813935279846,0.14029034972190857,0.21340115368366241,-0.13392047584056854,0.23454837501049042,-0.04621634632349014,0.10443161427974701,0.08218793570995331,-0.6721886396408081,-0.41196075081825256,0.2270120084285736,0.01161931175738573,0.22626526653766632,0.07845905423164368,0.2632337510585785,-0.08902362734079361,-0.8772023320198059,-0.5336118936538696,-0.23364949226379395,0.13494345545768738,0.10577856004238129,0.09345187246799469,0.06342656910419464,0.07345771789550781,0.9799618721008301,-0.18066123127937317,-0.12947966158390045,-0.029857728630304337,-0.6857782006263733,0.0596085786819458,0.18602147698402405,-0.1845429688692093,0.14018882811069489,0.16991367936134338,0.03027018904685974,0.11200527101755142,0.2572479546070099,-0.10410245507955551,-0.11086855828762054,0.004511898849159479,-0.02118542231619358,0.16978245973587036,-0.09061481803655624,-0.6393401026725769,-0.10027488321065903,0.5175257921218872,0.1381414830684662,0.17741486430168152,0.19144165515899658,-0.27912768721580505,-0.10583505779504776,0.19683563709259033,-0.08772166073322296,0.0027609639801084995,-0.011667484417557716,0.8967884182929993,-0.15361131727695465,-0.06127359718084335,0.31481537222862244,0.03826557844877243,-0.15420681238174438,0.22171489894390106,0.17081578075885773,-0.27701547741889954,-0.09840257465839386,0.040872685611248016,-0.3829720616340637,0.008945244364440441,-0.092857226729393,-0.10548935830593109,-0.4578626751899719,0.12978465855121613,-0.16722676157951355,0.001091224723495543,0.002195000648498535,-0.02463327720761299,0.23371431231498718,-0.07306638360023499,-0.34905821084976196,1.2654695510864258,-0.2435925453901291,-0.03402961418032646,0.37741467356681824,0.10340337455272675,0.14053073525428772,0.9865380525588989,0.47241154313087463,0.44616061449050903,-0.12026859819889069,-0.37842613458633423,0.2121838629245758,0.09983991086483002,-1.0083887577056885,0.06491772830486298,0.000510740268509835,-0.06692379713058472,0.1066872626543045,-0.5565575361251831,-0.2474311888217926,0.01909036561846733,-0.33294668793678284,-0.2509972155094147,0.11385717242956161,-0.07087729871273041,-0.0927443653345108,0.10553822666406631,-0.3112637400627136,-0.216295525431633,0.4094270169734955,-0.12647517025470734,0.04595817252993584,-0.09128767997026443,0.10623548924922943,1.0157556533813477,-0.4634791314601898,-0.03730381280183792,0.24386945366859436,0.13666802644729614,-0.6107844114303589,0.10004987567663193,0.17186999320983887,-0.5891826152801514,-0.08215394616127014,0.1510578840970993,0.017561625689268112,-0.7363442778587341,0.027168959379196167,0.13069745898246765,0.17124897241592407,0.1740277111530304,-0.4206746220588684,-0.058293044567108154,-0.38980716466903687
CID000001546,3701,0.5768764615058899,0.005941510200500488,-0.057610541582107544,0.7813037633895874,-0.48613518476486206,-0.11020831763744354,0.11100354045629501,0.17305782437324524,0.257047176361084,0.39224177598953247,-0.0030786991119384766,-1.0114669799804688,-0.055422328412532806,0.33271700143814087,0.24256649613380432,0.5300596952438354,-0.04845602437853813,-0.6271405816078186,0.15860271453857422,-0.5986906290054321,0.5118192434310913,-0.019925033673644066,-0.033860959112644196,-1.040460467338562,-0.09000648558139801,-0.15593892335891724,0.09196207672357559,-0.08450379967689514,0.07040490955114365,-0.0182252936065197,0.03352263942360878,0.01810220256447792,-0.12537679076194763,0.19161075353622437,0.018518272787332535,-0.029131019487977028,0.23712432384490967,0.39752334356307983,-0.12564975023269653,-0.3152649700641632,-0.0331423357129097,-0.14474105834960938,-0.0689321979880333,0.22867166996002197,0.21274802088737488,-0.11729135364294052,-0.2899726927280426,-0.13612130284309387,-0.0425444133579731,0.21062131226062775,0.43496638536453247,0.08004934340715408,-0.17670580744743347,-0.07955313473939896,-0.051907192915678024,0.1918262541294098,0.6992770433425903,-0.10978033393621445,1.7059757709503174,0.2653159499168396,0.09731356799602509,-0.49049100279808044,-0.06886433064937592,0.2327331304550171,-0.04250968620181084,0.7023786306381226,-0.10886235535144806,0.19068139791488647,0.019160103052854538,-0.17398346960544586,-0.04805530235171318,-0.2029775083065033,-0.09532056748867035,-0.5552051663398743,-0.2708558738231659,0.5072372555732727,0.052444614470005035,-0.1397342085838318,0.1062261313199997,-0.18627697229385376,0.3983602523803711,-0.4634300768375397,-0.466989129781723,-0.17487554252147675,0.03487624600529671,-0.19834665954113007,0.28057926893234253,-0.046135056763887405,-0.1435987800359726,-0.5137432813644409,0.009289371781051159,0.03164997696876526,-0.11975918710231781,0.38012808561325073,0.2092478722333908,-0.523317813873291,0.06645288318395615,-0.09242366254329681,-0.2521202564239502,0.3633130192756653,-0.2974548041820526,0.1787581890821457,-0.11969487369060516,0.21202531456947327,0.15328402817249298,0.04872974753379822,0.12364035844802856,-0.2353997528553009,0.8049834370613098,0.23712095618247986,0.216141015291214,0.2792176604270935,-0.13762331008911133,-1.0080088376998901,0.08622893691062927,0.2784275412559509,0.07042263448238373,0.2482360601425171,0.15772460401058197,0.04096459597349167,0.7332552671432495,-0.9440743327140808,0.3485059440135956,0.026301179081201553,-0.4805468022823334,0.3806498944759369,0.22055968642234802,-0.04668952897191048,0.2743874192237854,-0.030373508110642433,0.05634037405252457,-0.6004265546798706,-0.32254356145858765,-0.030278444290161133,0.1342092752456665,0.1183186024427414,0.3100530207157135,0.46876972913742065,-0.04459002614021301,-0.06952854245901108,-0.18176260590553284,0.42625612020492554,-0.2343602180480957,0.31044358015060425,-0.02736956998705864,-0.0007487892871722579,-0.36821287870407104,0.654537558555603,-0.5472393035888672,0.10831298679113388,0.06230579689145088,-0.26495108008384705,0.15766683220863342,0.3847446143627167,0.04924425482749939,0.04713374376296997,-0.03991333395242691,-0.04242994263768196,-0.15913689136505127,0.01361902616918087,-0.05621832609176636,-0.2641020715236664,-0.09101015329360962,0.16614563763141632,-0.16065208613872528,-0.24087528884410858,0.11982861906290054,0.18658237159252167,-0.1449383795261383,0.287179559469223,0.163617804646492,0.29750245809555054,0.03129111975431442,0.08376758545637131,-0.09824822098016739,0.12516607344150543,-0.033703263849020004,-0.4757712781429291,0.5902737379074097,0.023615768179297447,-0.15365377068519592,-0.2166416347026825,-0.36482518911361694,0.14035212993621826,0.12287501990795135,-0.33908015489578247,-0.060856856405735016,-0.2190345823764801,0.211287260055542,-0.40536317229270935,-0.1482011377811432,-0.11973054707050323,-0.2051585465669632,-0.2962566912174225,0.015172558836638927,0.05999560281634331,0.02518329955637455,-0.025078753009438515,0.14081397652626038,0.15940991044044495,-0.3998227119445801,-0.4278293550014496,0.18726685643196106,-0.28325968980789185,0.14821234345436096,0.00292018661275506,0.22220531105995178,0.23221859335899353,0.8757094144821167,0.3948318362236023,0.44835758209228516,-0.34593576192855835,0.10051097720861435,0.3208209276199341,-0.1605464667081833,-0.31885436177253723,0.0763191431760788,0.5486410856246948,0.08448715507984161,0.5428345203399658,-0.05948467180132866,-0.4075485169887543,0.076278455555439,-0.40551453828811646,-0.013283115811645985,0.10702178627252579,0.1334206759929657,-0.024283135309815407,-0.25880008935928345,0.3959752023220062,-0.05082858353853226,0.2952194809913635,0.6276506185531616,0.03742840141057968,-0.06380599737167358,0.13416731357574463,0.5005855560302734,-0.5153855085372925,0.16047930717468262,-0.33587536215782166,0.10559670627117157,-0.08217424154281616,0.009172034449875355,0.15057158470153809,-0.09519579261541367,-0.1858590692281723,-0.015818540006875992,0.2029910385608673,-0.7509126663208008,0.16336491703987122,0.4775541424751282,-0.026654493063688278,0.4673236906528473,-0.5330449342727661,0.06678380817174911,-0.11674205958843231
CID000002725,3708,0.16601525247097015,-0.007152673788368702,-0.005885143764317036,0.3877637982368469,-0.25252991914749146,0.33453577756881714,0.20090129971504211,0.2558033764362335,0.18913961946964264,0.19085359573364258,0.20473583042621613,0.12727081775665283,-0.007068824954330921,0.22008061408996582,-0.2594793140888214,-0.1064903512597084,-0.13586965203285217,-0.025183964520692825,0.1567930281162262,-0.45958274602890015,0.3584660589694977,-0.23118504881858826,0.11726097762584686,-0.8299332857131958,0.056801922619342804,0.09191305935382843,-0.14308927953243256,0.03402908891439438,0.11108517646789551,0.27408865094184875,0.18586286902427673,0.29196852445602417,0.1422748565673828,-0.2546178996562958,-0.018426239490509033,-0.0307477954775095,0.060820721089839935,-0.020379191264510155,0.27584323287010193,-0.017469551414251328,-0.005379104521125555,-0.1790396273136139,0.2626364827156067,-0.3524741530418396,-0.08852314203977585,0.3887259066104889,-0.07219721376895905,0.05015987902879715,0.1343524158000946,0.02332606352865696,0.3540928363800049,0.18564347922801971,-0.2316271811723709,-0.16745427250862122,0.011241942644119263,-0.10604847967624664,-0.03683867305517197,0.012369354255497456,-0.046395525336265564,0.17726865410804749,-0.1741899996995926,-0.19151851534843445,-0.2028794288635254,-0.23344187438488007,0.11003293842077255,0.3499990999698639,-0.21784265339374542,0.01115159410983324,0.16516956686973572,-0.1510760635137558,-0.04170150309801102,-0.17446210980415344,-0.3309019207954407,-0.27082905173301697,-0.2548055052757263,0.11043820530176163,-0.08716029673814774,0.2693754732608795,-0.031425733119249344,-0.16165299713611603,0.017373252660036087,-0.49875006079673767,-0.3814459443092346,0.07998425513505936,0.0684448853135109,-0.03491140156984329,0.19251444935798645,0.07472686469554901,-0.38897210359573364,-0.7434096932411194,-0.24943670630455017,0.16884955763816833,0.06368695944547653,0.07605071365833282,-0.09106753766536713,-0.39103108644485474,-0.1559406965970993,0.05057262256741524,-0.02052389457821846,0.14725568890571594,-0.08274350315332413,-0.07761739194393158,0.08545877784490585,0.13411499559879303,0.09030190855264664,-0.011713027954101562,-0.0988757386803627,-0.006343811750411987,0.44368869066238403,-0.10189147293567657,0.05312216281890869,0.20916573703289032,-0.07813666015863419,-0.046897195279598236,0.33163219690322876,0.19527432322502136,0.09652428328990936,0.14532552659511566,-0.07512529194355011,0.19114653766155243,0.6689292192459106,-0.029808316379785538,0.27900415658950806,0.03244294971227646,0.02557068131864071,0.0706840306520462,-0.03661476820707321,0.01796511933207512,0.24864163994789124,-0.07660140097141266,0.13538214564323425,-0.518699049949646,-0.28125983476638794,0.22120098769664764,0.17825040221214294,-0.005974411964416504,-0.01358572207391262,0.14678606390953064,-0.17615649104118347,-0.2749881446361542,-0.24575352668762207,0.2329685389995575,0.07055745273828506,-0.06398823857307434,-0.004135288298130035,0.17625990509986877,-0.07203120738267899,0.43702396750450134,-0.20402762293815613,0.12106189876794815,0.000877746962942183,-0.29061123728752136,0.022835154086351395,0.1350151002407074,-0.22229401767253876,-0.09776432812213898,-0.22850672900676727,-0.22582471370697021,-0.21830019354820251,0.18117643892765045,-0.06936459243297577,0.3460652530193329,0.051201581954956055,-0.007732793688774109,-0.09448694437742233,-0.1165996789932251,-0.29961901903152466,0.10626797378063202,0.08178332448005676,0.25119367241859436,0.03367230296134949,-0.3409944176673889,-0.321466863155365,-0.2769742012023926,0.015032942406833172,-0.13869741559028625,0.08053867518901825,-0.20447340607643127,0.4083763659000397,0.016591325402259827,0.04176318645477295,-0.03251642361283302,-0.13437438011169434,-0.22322554886341095,0.14848725497722626,0.15873369574546814,-0.4304199814796448,-0.09076210111379623,-0.1313508003950119,-0.40530815720558167,0.21330299973487854,0.172373965382576,0.19067400693893433,-0.03850815072655678,0.1506955474615097,-0.1565873920917511,0.11376700550317764,0.007919895462691784,0.04987984523177147,0.14295440912246704,0.06803862005472183,-0.2575302720069885,-0.04965792968869209,-0.3150028884410858,-0.0051343850791454315,-0.3011908531188965,-0.10528745502233505,0.07347579300403595,0.16628722846508026,0.36411163210868835,0.35968977212905884,0.25120052695274353,0.19085633754730225,0.10553029924631119,0.06297989934682846,-0.3611266016960144,-0.33253222703933716,0.1874091625213623,0.034768398851156235,-0.14897161722183228,0.07082390785217285,-0.2467551976442337,-0.05915740877389908,-0.26764434576034546,-0.03803962096571922,0.04794349893927574,-0.004301697015762329,-0.19726762175559998,0.0653432160615921,-0.09258037805557251,-0.09017045795917511,0.1770569384098053,0.1611863374710083,0.08709872514009476,-0.12768888473510742,0.11813244968652725,0.3217259645462036,-0.5491287708282471,0.02352491207420826,-0.2147642821073532,0.21568267047405243,-0.33775079250335693,0.3730018734931946,0.20324356853961945,-0.0630781501531601,-0.29533132910728455,0.1889927089214325,-0.0703972578048706,-0.7042754888534546,-0.05345143750309944,0.288102924823761,-0.325131356716156,0.031090926378965378,-0.2036990225315094,0.0420219786465168,0.19097508490085602
CID000004723,3855,0.1800169050693512,0.019359774887561798,0.04815078526735306,0.3562050461769104,-0.43791550397872925,0.14112429320812225,0.12801280617713928,0.338039755821228,0.06383843719959259,0.31440800428390503,0.27300745248794556,0.16815245151519775,-0.015001070685684681,0.03764922171831131,-0.1924053579568863,-0.03566128760576248,-0.14195916056632996,-0.10610835254192352,0.180421382188797,-0.4699152112007141,0.16502772271633148,-0.19697511196136475,-0.02553565427660942,-0.8108922839164734,0.08762754499912262,0.046870507299900055,-0.09155084937810898,-0.022654663771390915,0.014953928999602795,0.07842253893613815,0.04542940855026245,0.2713179290294647,0.08790352195501328,-0.11156163364648819,-0.014763886108994484,-0.07881160825490952,0.17320616543293,-0.08000955730676651,0.2985832989215851,-0.20830175280570984,0.05512351915240288,-0.2551644444465637,0.22221598029136658,-0.2993982434272766,-0.23683305084705353,0.4248478412628174,-0.01642332412302494,-0.005303262732923031,-0.03266055881977081,0.06196151301264763,0.2733652591705322,0.2323729544878006,-0.09470684826374054,0.05690935254096985,0.12392594665288925,-0.1434023082256317,-0.01067571621388197,0.20592424273490906,-0.0018087209900841117,0.10186316072940826,-0.24933092296123505,-0.2552932798862457,-0.002531039761379361,0.1128821149468422,0.19736909866333008,0.49654045701026917,-0.2825120985507965,-0.06458015739917755,0.16020606458187103,0.047662101686000824,0.020053258165717125,0.09104377031326294,-0.3728424906730652,-0.418826162815094,-0.16368471086025238,0.13310568034648895,0.22127306461334229,0.1104159727692604,-0.050789158791303635,-0.012519034557044506,-0.13324987888336182,-0.7431271076202393,-0.2224857062101364,0.030835116282105446,0.018804749473929405,-0.14939084649085999,0.14412271976470947,0.0782121941447258,0.06686558574438095,-0.6576741337776184,0.005460445769131184,0.1035010814666748,-0.022631654515862465,0.03942412883043289,-0.039579324424266815,-0.31798651814460754,-0.1889508068561554,0.0926092118024826,-0.15296871960163116,0.21701344847679138,-0.14518234133720398,-0.0020170093048363924,-0.06369775533676147,0.33895090222358704,0.12115097045898438,0.05517955496907234,-0.32360392808914185,0.11883938312530518,0.4990728497505188,-0.20095252990722656,-0.027539849281311035,0.153094083070755,-0.02397153340280056,-0.06642435491085052,0.17338350415229797,0.06214790418744087,0.049738287925720215,0.030881870537996292,0.03530535846948624,0.2755107879638672,0.59538334608078,-0.1869444102048874,0.2595648169517517,0.1774933785200119,-0.08941248804330826,0.09357623010873795,-0.05003974586725235,0.0964328795671463,0.14161275327205658,-0.028043583035469055,0.238337904214859,-0.556734025478363,-0.5435936450958252,0.18523715436458588,0.2756584584712982,-0.24081110954284668,-0.07000942528247833,0.27785152196884155,-0.23497743904590607,-0.2841796875,-0.3219708502292633,0.22215712070465088,-0.028896799311041832,-0.05439545586705208,-0.017491918057203293,0.09193845093250275,-0.0970974862575531,0.30587396025657654,-0.06958256661891937,0.08005145937204361,-0.04229935631155968,-0.22336475551128387,-0.011040562763810158,0.2357851266860962,-0.30350708961486816,-0.18967044353485107,-0.06015985459089279,0.04610546678304672,-0.00218859757296741,0.2812296152114868,-0.09472298622131348,0.11264978349208832,0.0029273212421685457,0.015208983793854713,-0.1492210179567337,-0.2776952087879181,-0.1688583493232727,0.15558180212974548,-0.0908111184835434,0.16439390182495117,0.03623108193278313,-0.2759389281272888,-0.20515675842761993,-0.2315511405467987,0.047899164259433746,-0.0986746996641159,0.1453869640827179,-0.15965358912944794,0.37101468443870544,-0.1280663162469864,0.22542360424995422,-0.0002199322043452412,-0.13400337100028992,-0.2988722622394562,0.07494930922985077,0.35369399189949036,-0.20398974418640137,0.00842142105102539,-0.12303326278924942,-0.29077890515327454,0.11911032348871231,-0.03139583021402359,0.3473914861679077,0.12438756227493286,0.20611080527305603,-0.19467267394065857,0.08183802664279938,-0.0036546767223626375,0.0028033286798745394,-0.10611306130886078,0.18135817348957062,-0.3819116950035095,-0.0590706467628479,-0.18748906254768372,-0.31885337829589844,-0.08247862756252289,-0.13464683294296265,0.046181030571460724,0.07486625015735626,0.3893408179283142,0.32887518405914307,0.12345880270004272,0.28108951449394226,0.24966029822826385,0.019571397453546524,-0.23148056864738464,-0.1350739598274231,0.1045079454779625,0.1051522046327591,0.2095605432987213,-0.054033659398555756,-0.16390866041183472,-0.04210153967142105,-0.23147578537464142,-0.06195949390530586,0.1170409545302391,0.020491044968366623,0.0015690192813053727,-0.05457434058189392,0.05195390060544014,-0.07500214874744415,-0.14177438616752625,0.19424693286418915,0.01321940403431654,-0.3098660409450531,-0.08223714679479599,0.358974814414978,-0.33635130524635315,0.18504580855369568,-0.0709630474448204,0.126643568277359,-0.3868110477924347,0.14675581455230713,0.26140037178993225,0.03482182323932648,-0.12162812799215317,-0.004790270235389471,0.028850261121988297,-0.6538360118865967,-0.2184339463710785,0.2692725956439972,-0.2933410108089447,0.23515966534614563,-0.2933078408241272,0.07829630374908447,0.01870296336710453
CID000005381,4000,0.0076849013566970825,-0.03855133056640625,-0.08817515522241592,0.33217260241508484,-0.4117104411125183,0.1016102284193039,0.2861049175262451,0.24424144625663757,0.11612297594547272,0.27859851717948914,0.2574746608734131,0.11055333912372589,-0.01632120832800865,0.1431712955236435,-0.24002143740653992,-0.1686161458492279,-0.09277701377868652,-0.06864546984434128,0.12526100873947144,-0.3488374948501587,-0.004837840795516968,-0.289296954870224,-0.11647062003612518,-0.808279812335968,0.08528094738721848,0.04953077808022499,-0.12759369611740112,-0.01879161037504673,0.07808434963226318,0.06413118541240692,-0.09093508124351501,0.20699410140514374,0.0963418185710907,0.056894849985837936,-0.008342131972312927,-0.06812581419944763,0.18971934914588928,0.04057740420103073,0.193770170211792,-0.19642731547355652,0.04754030704498291,-0.2710275948047638,0.18856553733348846,-0.28058844804763794,-0.18697954714298248,0.3770214021205902,0.035443805158138275,0.014433617703616619,0.1481928527355194,-0.04994846135377884,0.18005207180976868,0.24716421961784363,-0.29269108176231384,-0.004402241203933954,0.11462203413248062,-0.12059102207422256,-0.07693247497081757,0.139932781457901,0.04363403841853142,-0.09029486030340195,-0.10938538610935211,-0.28740394115448,-0.0021510242950171232,0.08058030903339386,0.2366882860660553,0.3043827712535858,-0.09139887243509293,-0.10086353123188019,0.15026187896728516,0.07437163591384888,0.11611992120742798,0.020627200603485107,-0.3625851273536682,-0.38380396366119385,-0.2640930712223053,0.019867127761244774,-0.05417535454034805,0.14980894327163696,-0.10348960012197495,-0.07342313230037689,0.01931563951075077,-0.44403505325317383,-0.28517115116119385,-0.10827124118804932,0.08852221071720123,-0.16511833667755127,0.14480575919151306,0.13246412575244904,0.10843406617641449,-0.6241722106933594,-0.07176650315523148,0.2465759515762329,-0.03902319818735123,0.004455662332475185,-0.12200448662042618,-0.24261753261089325,-0.051232803612947464,0.3223688006401062,-0.0487445592880249,-0.011814570054411888,-0.2324875146150589,-0.09165702760219574,-0.07755471765995026,0.3447727859020233,0.2393142729997635,0.047125156968832016,0.05499354749917984,0.13205137848854065,0.4207746386528015,-0.21922409534454346,-0.11125212907791138,0.1797151416540146,-0.22030505537986755,-0.03514412045478821,-0.05547215789556503,0.21436631679534912,-0.04620308056473732,0.006656604818999767,-0.2103852927684784,0.2577884793281555,0.5453320741653442,-0.2033514529466629,0.2814500331878662,0.3478795886039734,-0.07798957824707031,0.2418985813856125,0.10983298718929291,0.11307109892368317,0.2618635594844818,-0.030321333557367325,-0.08283452689647675,-0.4362342953681946,-0.420414537191391,0.026059811934828758,0.294058233499527,0.04002148658037186,-0.010261190123856068,0.17791816592216492,-0.32393407821655273,-0.2003031075000763,-0.11354649066925049,0.08380094915628433,0.04453464597463608,-0.14303019642829895,0.007836964912712574,0.1339716613292694,-0.13000980019569397,0.269748330116272,0.09773942828178406,0.1927383691072464,-0.05927780270576477,-0.1723785400390625,-0.2294401228427887,0.13201697170734406,-0.3064466714859009,-0.06231660768389702,-0.10813622176647186,-0.0494517907500267,0.008746194653213024,0.3081563413143158,-0.14813874661922455,0.012537455186247826,-0.029707297682762146,0.05443087965250015,-0.07223475724458694,-0.10919755697250366,-0.1873673051595688,0.09104029834270477,-0.14826346933841705,0.15403345227241516,0.028996789827942848,-0.14758189022541046,-0.16954118013381958,-0.17037805914878845,0.04182785004377365,0.021145859733223915,0.1331539750099182,-0.21685722470283508,0.34310898184776306,-0.17226722836494446,0.09087762981653214,0.01830865815281868,-0.15092214941978455,-0.12462977319955826,0.09757349640130997,0.23740068078041077,-0.07132154703140259,0.1300339251756668,0.042110949754714966,-0.3282029926776886,0.027589833363890648,-0.036036454141139984,0.11286518722772598,0.04099670797586441,0.10312028974294662,-0.15843351185321808,0.05903497338294983,0.036532167345285416,0.06602621078491211,0.02866588905453682,0.2518070936203003,-0.2829605042934418,-0.06852081418037415,-0.38862261176109314,0.08339361101388931,-0.21835048496723175,-0.09714597463607788,-0.0018040419090539217,-0.04401537775993347,0.41048580408096313,0.35123857855796814,-0.09096468985080719,0.34172195196151733,0.17573615908622742,0.10867788642644882,0.013851809315383434,0.014891296625137329,0.09152530133724213,0.07530935108661652,-0.025834253057837486,-0.01573224365711212,-0.048965685069561005,-0.10252152383327484,-0.17129960656166077,0.14236915111541748,0.24092216789722443,0.0424613356590271,-0.07627362757921219,-0.03241061419248581,-0.18113887310028076,-0.0799039974808693,-0.19892282783985138,0.22436508536338806,0.029479708522558212,-0.07365037500858307,0.009593886323273182,0.2341117113828659,-0.35166090726852417,0.11229884624481201,-0.17161600291728973,0.2632748484611511,-0.3301244378089905,-0.009312724694609642,0.24029822647571564,-0.16233177483081818,-0.0657617449760437,0.07417144626379013,0.002319237682968378,-0.5045197606086731,-0.08032017946243286,0.25279709696769714,-0.2995608448982239,0.14681461453437805,-0.2761257290840149,0.21485738456249237,0.12436208873987198
CID000001206,4006,0.31151282787323,-0.20000383257865906,0.36742278933525085,0.47507888078689575,-0.2224273383617401,0.08665574342012405,-0.16770561039447784,0.48451241850852966,0.1839510202407837,-0.23931002616882324,-0.005154800601303577,0.10708870738744736,-0.33845898509025574,-0.0691104307770729,-0.06041710823774338,0.31230050325393677,-0.13391274213790894,-0.16462847590446472,0.14664503931999207,-0.7637868523597717,0.07926318794488907,0.12359640747308731,-0.23878899216651917,-0.9873932600021362,-0.1803167760372162,0.18600305914878845,0.16694298386573792,-0.02094346284866333,0.014320057816803455,-0.01928597316145897,-0.06539751589298248,0.4521416127681732,-0.15331850945949554,0.07342793047428131,-0.006799131631851196,0.05242142826318741,0.2683992385864258,-0.3989633321762085,-0.05624071881175041,-0.27245330810546875,-0.24404139816761017,0.03804602101445198,-0.3206716477870941,-0.44878044724464417,-0.16884693503379822,0.3310140371322632,0.05580868199467659,0.11683614552021027,-0.28879016637802124,0.25138145685195923,0.6808789372444153,0.06665635108947754,0.02746180258691311,0.10653269290924072,0.2905758023262024,0.043447304517030716,0.6861760020256042,0.35415324568748474,0.33209115266799927,-0.13734880089759827,-0.2752215266227722,-0.3032758831977844,-0.11226914823055267,0.05598784610629082,0.2699236571788788,0.8567734956741333,-0.3965953588485718,0.39531439542770386,-0.03582746535539627,-0.23811998963356018,0.46463051438331604,0.041810162365436554,-0.6049575805664062,-0.30295586585998535,0.0009446650510653853,0.441295325756073,0.3566334843635559,0.2115917205810547,0.027931755408644676,0.16738665103912354,0.9065302014350891,-0.5891188383102417,-0.20112939178943634,0.15264156460762024,0.040661461651325226,-0.04522927850484848,0.11453495919704437,0.3547963798046112,0.1336665153503418,-0.9528595209121704,0.18630637228488922,0.05497557669878006,-0.21422605216503143,-0.3688669502735138,-0.32499435544013977,-0.2616977095603943,0.23610565066337585,0.31609565019607544,0.02588125504553318,0.48391175270080566,-0.16768307983875275,0.12761400640010834,-0.059242941439151764,0.4255533218383789,-0.3901457190513611,-0.06046726554632187,-0.10949432849884033,-0.04441748932003975,0.9518597722053528,0.4852329194545746,-0.2718764841556549,0.26541346311569214,0.17056825757026672,-0.23556335270404816,0.008564007468521595,-0.09638119488954544,-0.008418941870331764,0.2019917517900467,0.3949209749698639,0.30815133452415466,0.7448648810386658,-0.591035008430481,0.4597599506378174,-0.16956353187561035,-0.25647419691085815,-0.1607644110918045,-0.13523101806640625,-0.15111689269542694,0.25003305077552795,0.24728801846504211,0.4329683780670166,-0.6689779758453369,-0.21606604754924774,0.18833422660827637,0.12401918321847916,0.01321294903755188,0.09165791422128677,0.02512950263917446,-0.16984207928180695,-0.8239085078239441,-0.24487361311912537,-0.06368334591388702,-0.08247645199298859,0.2656201124191284,0.05502014234662056,0.27946215867996216,-0.1927039921283722,0.6817455291748047,-0.018084263429045677,0.10570236295461655,-0.08322350680828094,-0.40729695558547974,0.21446382999420166,0.31745967268943787,-0.06560615450143814,-0.06211886554956436,0.10623178631067276,-0.2066769152879715,-0.19120047986507416,0.5334110856056213,0.16935428977012634,0.01235972624272108,0.12786811590194702,0.09542161226272583,-0.054415345191955566,-0.7707388997077942,-0.14445814490318298,-0.21000202000141144,-0.08904767036437988,-0.024335360154509544,-0.07521972060203552,-0.3581971526145935,-0.22775204479694366,-0.38484588265419006,0.0007692694780416787,0.15004722774028778,-0.24136421084403992,-0.1552552878856659,0.6958581805229187,0.06905125081539154,-0.008198207244277,0.05727357417345047,-0.543810248374939,0.00260659446939826,0.14986552298069,0.3201816976070404,-0.8293329477310181,0.31131720542907715,0.28827276825904846,-0.34208473563194275,0.09045688807964325,-0.04841084033250809,0.5306050181388855,-0.13314737379550934,0.30804377794265747,0.15487635135650635,-0.21862170100212097,0.02396601438522339,-0.23641934990882874,-0.09128986299037933,0.06976846605539322,-0.3350115120410919,0.08207330852746964,-0.11361350864171982,-0.0858217403292656,-0.150495707988739,0.04958222433924675,-0.18678608536720276,0.20560821890830994,0.3708794414997101,0.2892725169658661,0.13526704907417297,0.2496064007282257,-0.08656293153762817,0.09583674371242523,-0.6876028180122375,0.4026225507259369,0.18302038311958313,0.3159286379814148,0.6164478659629822,-0.07975150644779205,0.36996540427207947,-0.3576250970363617,-0.3637845814228058,-0.14445874094963074,0.30153101682662964,0.1897750198841095,-0.4200299382209778,-0.15234340727329254,0.07439595460891724,-0.23492524027824402,0.11745153367519379,-0.03376251459121704,0.28470465540885925,-0.1734641194343567,0.4189918041229248,0.5264632701873779,-0.44773000478744507,0.20544902980327606,-0.044190842658281326,-0.11426985263824463,-1.0491807460784912,0.10763553529977798,0.20533022284507751,0.22398848831653595,-0.0978335365653038,-0.0758562982082367,-0.07302068918943405,-0.7391844987869263,-0.6712353825569153,0.48906078934669495,0.07778221368789673,0.2925810217857361,0.06411411613225937,0.20313696563243866,-0.12756752967834473
CID000153941,4083,0.4585641026496887,0.1566929668188095,0.13558697700500488,0.42230281233787537,-0.48499274253845215,-0.03621035814285278,0.5471131801605225,0.39788132905960083,0.16385234892368317,0.3588727116584778,-0.1444573551416397,-0.6019587516784668,-0.17384736239910126,0.35527437925338745,0.00778830936178565,0.15479418635368347,-0.1801799237728119,-0.44821006059646606,0.2616264820098877,-0.5790010690689087,-0.05701344087719917,0.19638676941394806,-0.0022859484888613224,-0.822675347328186,-0.005471640732139349,-0.0024808079469949007,0.052114199846982956,-0.3145925998687744,-0.08780304342508316,0.1821122020483017,0.05414309352636337,0.11146865785121918,-0.04348568990826607,0.09661822021007538,0.08129822462797165,0.07282381504774094,0.21620389819145203,0.24125254154205322,-0.03970688581466675,-0.3309028744697571,-0.08534996211528778,-0.7423350811004639,0.026201944798231125,-0.09966657310724258,-0.15734261274337769,-0.006237344816327095,0.16613319516181946,0.05265180021524429,-0.09586788713932037,0.3134053945541382,0.4153408408164978,-0.08589085191488266,-0.11674503982067108,0.1625942885875702,0.12093842029571533,0.06768433004617691,0.3817004859447479,-0.21081499755382538,0.7720426917076111,-0.28117913007736206,-0.08340494334697723,-0.3230932056903839,-0.36571910977363586,-0.25111979246139526,0.281690388917923,0.7300634384155273,-0.21889260411262512,0.15182238817214966,0.39263129234313965,-0.03179039806127548,-0.04561159014701843,0.0022495449520647526,-0.09733846038579941,-0.4575517177581787,-0.22727902233600616,0.32424965500831604,0.05895405262708664,-0.20286111533641815,-0.11459765583276749,0.004581063985824585,-0.03342457860708237,-0.400188684463501,-0.5024343729019165,0.17228762805461884,0.1100332960486412,0.01077935378998518,0.28990814089775085,0.13754042983055115,0.16741898655891418,-0.6615225672721863,0.05990166217088699,0.19502583146095276,-0.1560424268245697,0.18653889000415802,-0.075934037566185,-0.39085665345191956,0.047008104622364044,-0.11942102760076523,0.2142312228679657,0.1966915875673294,-0.5922163724899292,-0.0024324296973645687,0.10157833993434906,0.3674392104148865,0.5128113627433777,0.021090593189001083,0.12237509340047836,0.04736210033297539,0.5003561973571777,0.0753634050488472,-0.19327041506767273,-0.026747697964310646,-0.21750378608703613,-0.3282032608985901,-0.29194146394729614,0.4256872236728668,0.20357370376586914,-0.3356243669986725,-0.06013479083776474,0.20525547862052917,0.581484854221344,-0.5150794982910156,0.2520112991333008,0.1335717886686325,-0.2902480959892273,0.39036720991134644,0.061804842203855515,-0.280821293592453,0.14177416265010834,-0.16035044193267822,0.2650623917579651,-0.4586825370788574,-0.3155890107154846,0.06814706325531006,0.4313663840293884,0.18028688430786133,-0.10296256840229034,0.20204511284828186,0.163570374250412,0.027007658034563065,-0.20118597149848938,0.609818160533905,0.017628958448767662,0.1324693113565445,-0.01016151625663042,0.17111407220363617,-0.25736624002456665,0.4330143928527832,0.135035440325737,0.19389693439006805,-0.11889047920703888,-0.11455937474966049,0.15759609639644623,0.28102704882621765,-0.04010947793722153,-0.13658834993839264,0.0364958830177784,-0.20001403987407684,0.06477753818035126,0.055491410195827484,0.3459445834159851,0.08580055087804794,0.09360768646001816,0.032264355570077896,-0.3265964984893799,-0.24147872626781464,-0.02712581679224968,0.20047779381275177,0.13340583443641663,0.8507695198059082,-0.07603538036346436,-0.1600252091884613,-0.11947331577539444,0.00607286999002099,0.09008946269750595,-0.18989236652851105,0.07516203075647354,-0.2476435899734497,0.4606369137763977,-0.1599629819393158,0.0881422907114029,0.10079102218151093,-0.26992082595825195,-0.1482991874217987,-0.06262873113155365,0.005017101764678955,0.05638711526989937,0.2156156301498413,0.3872745633125305,-0.4078044891357422,0.11685693264007568,0.30108582973480225,0.22907081246376038,0.09460526704788208,0.10090434551239014,-0.00811242125928402,0.3056306838989258,-0.0707329660654068,-0.045130085200071335,-0.10807980597019196,-0.23670335114002228,-0.44116997718811035,0.07061924785375595,-0.013632121495902538,-0.01889817789196968,0.11333192884922028,0.00971314124763012,-0.11518589407205582,0.7522696256637573,0.4282795488834381,0.4140571653842926,0.20327362418174744,0.11603518575429916,-0.06452372670173645,0.19696055352687836,-0.297473669052124,0.18597820401191711,0.12701967358589172,0.01662343367934227,0.1676415503025055,-0.08304156363010406,-0.26369884610176086,-0.08705752342939377,-0.3728879988193512,-0.017208175733685493,0.01824863813817501,-0.1632082462310791,-0.17829717695713043,-0.4583398699760437,0.01179816760122776,0.10224662721157074,0.024481400847434998,0.668599009513855,0.09505395591259003,0.3424500823020935,-0.05850563198328018,0.35611748695373535,-0.4492562711238861,0.05443786829710007,-0.027581075206398964,0.11398067325353622,-0.13624180853366852,-0.013641128316521645,0.3757876455783844,0.010316416621208191,0.39534762501716614,0.043081704527139664,-0.18506555259227753,-0.5479605793952942,0.10166219621896744,0.3843051791191101,-0.19260315597057343,0.3406454026699066,-0.38860154151916504,0.08326086401939392,0.2469829022884369
CID000003394,4220,0.3673960566520691,-0.05113311856985092,0.2699645161628723,0.3523859679698944,-0.3507083058357239,0.2115132361650467,0.13387486338615417,0.3622124195098877,-0.10609123855829239,0.29981955885887146,-0.07822279632091522,0.15976588428020477,0.0984257161617279,0.043983083218336105,-0.30263134837150574,-0.07410510629415512,-0.10380616039037704,-0.11661265790462494,0.2040252685546875,-0.4399217963218689,0.07898102700710297,-0.253925621509552,0.1581437885761261,-0.7458775043487549,-0.2333642691373825,-0.1681317389011383,-0.2511359751224518,-0.03501757234334946,0.013751688413321972,-0.01832406409084797,-0.011137622408568859,0.30391114950180054,0.02653856948018074,0.2422267645597458,0.022575056180357933,-0.12535828351974487,0.29080331325531006,0.13143286108970642,0.1906832754611969,-0.15704335272312164,0.02629583515226841,-0.13443060219287872,-0.05453526973724365,-0.22895768284797668,-0.10936123132705688,0.3563159108161926,0.007562920451164246,-0.007760089822113514,-0.11667140573263168,0.057051461189985275,0.31289786100387573,0.1410297453403473,-0.1212400421500206,0.002024830784648657,0.18046164512634277,-0.12540116906166077,-0.1025320515036583,0.1898949295282364,-0.0907057672739029,-0.14681285619735718,-0.2619640827178955,-0.25774428248405457,-0.02652253583073616,-0.059213388711214066,0.27937227487564087,0.37634241580963135,-0.3687206208705902,0.0820225402712822,0.25230881571769714,-0.011023655533790588,-0.05360499769449234,0.010977658443152905,-0.3848350942134857,-0.3609115481376648,-0.11251139640808105,0.11125979572534561,0.06497127562761307,-0.016643648967146873,-0.004632389638572931,0.02818356826901436,0.03530881926417351,-0.7064930200576782,-0.32410940527915955,0.2076280415058136,-0.03151016682386398,-0.10590030997991562,0.1936294585466385,-0.03985503315925598,0.16659705340862274,-0.799103856086731,-0.015489809215068817,-0.016829121857881546,0.046834975481033325,-0.11343960464000702,-0.10939373075962067,-0.33147627115249634,-0.2206093966960907,-0.11850368976593018,-0.08219188451766968,0.3162904679775238,-0.10540957748889923,0.17915721237659454,-0.018398964777588844,0.3490762412548065,-0.044519245624542236,-0.032667290419340134,-0.04602653533220291,-0.1634387969970703,0.4534989893436432,-0.02036772295832634,0.014932164922356606,0.17854037880897522,-0.15044443309307098,-0.013990677893161774,0.002641701605170965,0.1520054042339325,-0.09332927316427231,-0.11746301501989365,-0.08803091943264008,0.1037747710943222,0.7333509922027588,0.07052992284297943,0.3221489191055298,0.17619605362415314,-0.03724706918001175,0.0293548796325922,-0.07710089534521103,0.026640063151717186,0.2013663798570633,0.009012061171233654,0.46550124883651733,-0.6750591993331909,-0.2607608139514923,0.2276427447795868,0.2132238894701004,-0.202900692820549,-0.050585128366947174,0.21268637478351593,0.13829277455806732,-0.19737860560417175,-0.3012775778770447,0.14547674357891083,0.1272525042295456,-0.15937942266464233,-0.07349679619073868,0.16073015332221985,-0.016632819548249245,0.4000266194343567,-0.05372454971075058,0.21785816550254822,0.18393871188163757,-0.34292536973953247,0.28412091732025146,0.37661197781562805,-0.26513808965682983,-0.21160352230072021,-0.10173486173152924,-0.0668155699968338,0.17584747076034546,0.29275357723236084,-0.0329548604786396,-0.22320660948753357,-0.029479164630174637,-0.04264895245432854,-0.15126338601112366,0.02357763610780239,-0.3198019564151764,0.2727164030075073,0.07938645780086517,0.20751723647117615,-0.1654447615146637,-0.12761792540550232,-0.20000405609607697,-0.3081791400909424,0.01476528961211443,-0.11658692359924316,0.15286144614219666,-0.18688707053661346,0.4385809898376465,-0.2282695770263672,0.08627159893512726,-0.03872072696685791,-0.20282669365406036,-0.2965999245643616,0.1861315220594406,0.12318386882543564,-0.22977101802825928,0.1791878044605255,-0.23594994843006134,-0.24307405948638916,0.015040969476103783,0.06683726608753204,0.29490146040916443,-0.06424686312675476,0.1756545752286911,0.023150820285081863,0.16553720831871033,0.035668663680553436,0.1630631387233734,-0.004915784113109112,0.07346644997596741,-0.36614400148391724,0.12271349132061005,-0.16431495547294617,-0.09526856988668442,-0.10733039677143097,0.030914613977074623,0.11369743198156357,-0.02265615202486515,0.3295835554599762,0.2880011200904846,0.19220992922782898,0.2973825931549072,0.4137466549873352,-0.03504056856036186,-0.2697659134864807,0.07185746729373932,0.13408920168876648,0.09984040260314941,0.004114258103072643,0.05338798090815544,-0.06409509479999542,-0.10473297536373138,-0.3177579641342163,0.00530190858989954,-0.12435436248779297,-0.07780762761831284,0.06536278128623962,-0.07826091349124908,0.2709430158138275,-0.044709496200084686,-0.03741162270307541,0.2571212947368622,0.01343709509819746,-0.06405158340930939,0.20344825088977814,0.33633679151535034,-0.3087148368358612,0.03425448387861252,-0.020047461614012718,0.2748125195503235,-0.6640129685401917,0.10371656715869904,0.3023585081100464,-0.1388307809829712,-0.06242498755455017,0.19733455777168274,0.15526551008224487,-0.6354948282241821,-0.13212645053863525,0.26486486196517944,-0.2798583209514618,-0.1287909895181656,-0.020014476031064987,0.08414347469806671,0.22564426064491272
CID000002170,4264,-0.060356736183166504,0.21049919724464417,-0.06241186708211899,0.3616838753223419,-0.4441624581813812,0.08623427152633667,0.29029202461242676,0.21816909313201904,0.12714740633964539,0.2800624966621399,0.3173777461051941,0.0795542299747467,0.056105952709913254,0.1937399059534073,-0.2819501459598541,-0.16325168311595917,-0.07711423933506012,0.07139921188354492,0.08836178481578827,-0.5841892957687378,-0.0265242550522089,-0.26185986399650574,-0.0536152720451355,-0.8365738987922668,0.09353207051753998,0.3466518819332123,0.013699484057724476,0.06664964556694031,0.008875513449311256,0.16660946607589722,-0.19154828786849976,0.26450783014297485,0.29421815276145935,0.2135237455368042,-0.03003702685236931,0.08984924852848053,0.17793799936771393,0.06804224848747253,0.27041274309158325,-0.14382144808769226,-0.013477638363838196,-0.1252252161502838,0.1585865020751953,-0.39146870374679565,-0.05788234993815422,0.4061393737792969,-0.04847095161676407,-0.11563979089260101,0.14238241314888,-0.07095126062631607,0.34172484278678894,0.21903347969055176,-0.2405928075313568,-0.0328066386282444,0.09397394955158234,-0.09625650942325592,0.143840029835701,0.10013679414987564,0.08982300758361816,-0.08044895529747009,-0.07187452912330627,-0.19502221047878265,-0.16165058314800262,0.04549841955304146,0.28401514887809753,0.3759155571460724,-0.11621314287185669,0.055979449301958084,0.10360914468765259,-0.0994827076792717,0.14357426762580872,-0.07346024364233017,-0.27517950534820557,-0.39891329407691956,-0.3012255132198334,-0.005363131873309612,-0.03304173797369003,0.041561536490917206,-0.15282052755355835,-0.05494440719485283,0.07526600360870361,-0.3882722854614258,-0.2754281759262085,-0.18744823336601257,0.06188042089343071,-0.2835000157356262,0.36383986473083496,0.06507688760757446,-0.10600996017456055,-0.6561124920845032,-0.11427754163742065,0.28345340490341187,0.08454447239637375,-0.16105182468891144,0.030280660837888718,-0.14967113733291626,0.006684903055429459,0.08874599635601044,-0.250377357006073,-0.033875733613967896,-0.22966937720775604,-0.021280741319060326,-0.12891057133674622,0.27616339921951294,0.03270601108670235,0.05364074558019638,0.041258491575717926,0.2259501963853836,0.6335033178329468,0.05826714634895325,-0.1464388072490692,0.17192736268043518,-0.22620955109596252,-0.08816554397344589,0.1682099848985672,0.22377225756645203,0.09269417822360992,-0.16762924194335938,-0.021156184375286102,0.48605409264564514,0.624356746673584,-0.12619182467460632,0.21151630580425262,0.3378071188926697,0.05749175697565079,0.06575797498226166,0.09137170761823654,0.07663778960704803,0.4037996232509613,-0.1622835099697113,-0.053051091730594635,-0.3703935146331787,-0.38744235038757324,0.0301552452147007,0.2691863179206848,-0.14109845459461212,0.08096510171890259,0.21500730514526367,-0.3865274488925934,-0.2547306716442108,-0.2116275131702423,0.05108433961868286,0.030971357598900795,-0.14643117785453796,-0.03156572952866554,0.2890726923942566,-0.08290839195251465,0.3490472435951233,0.10709325969219208,0.20822079479694366,-0.005316852126270533,-0.3068860173225403,-0.2145448625087738,-0.0681297779083252,-0.3241516351699829,-0.00498465821146965,0.09440557658672333,-0.0414152629673481,0.07870180904865265,0.3622265160083771,-0.30424338579177856,-0.16105826199054718,-0.20978787541389465,0.19170799851417542,-0.06805028021335602,-0.15676307678222656,-0.2614893317222595,0.10329490900039673,-0.1156279593706131,0.08477362245321274,0.0937422513961792,-0.1720472276210785,-0.09012161195278168,-0.1671714037656784,0.048216868191957474,-0.172123521566391,0.11944315582513809,-0.32943063974380493,0.4768809676170349,-0.26955702900886536,0.057830166071653366,0.15227779746055603,-0.1680317521095276,-0.08159036934375763,0.027245238423347473,0.19939397275447845,-0.16417273879051208,0.0726642981171608,0.010506625287234783,-0.31310519576072693,0.12343335151672363,0.02366774156689644,0.09644711017608643,0.1009688749909401,0.04286523163318634,-0.09941194951534271,-0.03524743393063545,0.15651977062225342,-0.10736344009637833,0.15542945265769958,0.06735335290431976,-0.2993721067905426,-0.16934064030647278,-0.4254102110862732,0.1455903947353363,-0.06743700802326202,-0.22713759541511536,-0.04320298880338669,-0.010359692387282848,0.39372143149375916,0.37387531995773315,-0.16972455382347107,0.4435384273529053,0.25300899147987366,0.173246830701828,-0.21701431274414062,-0.0946609303355217,0.11934462934732437,0.12889063358306885,-0.06801794469356537,-0.04899339750409126,0.06937515735626221,0.054948486387729645,-0.11361680924892426,0.09214960038661957,0.04017772525548935,0.27135562896728516,-0.44455432891845703,-0.06195780634880066,-0.08800007402896881,-0.1087411493062973,-0.19284109771251678,0.11459805816411972,0.006539943628013134,-0.07006853818893433,-0.14287719130516052,0.2855978012084961,-0.15254060924053192,0.0981527790427208,-0.19477756321430206,0.249358132481575,-0.37676042318344116,0.17396065592765808,0.2645975947380066,-0.0302753709256649,0.04047437384724617,-0.09082882106304169,0.012943034991621971,-0.6011225581169128,-0.19501233100891113,0.18964017927646637,-0.1918335258960724,0.05725385993719101,-0.15992161631584167,0.127069354057312,0.11415161937475204
CID000002519,4340,0.09133787453174591,-0.04179658740758896,0.26542675495147705,0.34931454062461853,-0.45877084136009216,-0.009595249779522419,0.15557502210140228,0.385967880487442,-0.21824827790260315,0.43852776288986206,0.3424113690853119,-0.3230298161506653,-0.1364435851573944,0.19966772198677063,0.12005273997783661,0.11488429456949234,-0.07540055364370346,-0.060805290937423706,-0.08706443011760712,-0.5310535430908203,0.019796550273895264,-0.07175455242395401,0.09027887880802155,-0.7018635272979736,-0.37747713923454285,0.13622184097766876,-0.1817443072795868,-0.12282435595989227,-0.16884839534759521,0.3289225697517395,-0.10194585472345352,0.09883014112710953,0.339424729347229,0.197994664311409,0.010176765732467175,0.12904739379882812,0.032564662396907806,0.44260215759277344,-0.044475071132183075,-0.36542972922325134,0.2827666699886322,-0.15385986864566803,0.08835765719413757,-0.20275068283081055,-0.31180936098098755,0.14818987250328064,0.04651939123868942,-0.06011888384819031,-0.015891944989562035,0.1124289259314537,0.3811212480068207,-0.07869778573513031,-0.2343364655971527,-0.04412273317575455,0.06076322868466377,0.02406119927763939,0.14199504256248474,0.18348711729049683,0.44568386673927307,-0.07428888976573944,-0.3451034426689148,-0.27981024980545044,-0.1370321810245514,-0.37387940287590027,0.34215736389160156,0.3604564666748047,-0.03715507686138153,-0.0350518599152565,0.24960167706012726,0.06016314774751663,0.06958559900522232,0.015615463256835938,-0.3367167115211487,-0.39982491731643677,-0.010930928401648998,0.36399829387664795,-0.10312774032354355,-0.21542668342590332,-0.08863720297813416,-0.06998759508132935,0.0034816712141036987,-0.23578712344169617,-0.30441585183143616,-0.39796262979507446,0.13152293860912323,-0.026450932025909424,0.25549429655075073,0.27314895391464233,-0.11200074851512909,-0.6275050640106201,-0.06100846081972122,0.29168039560317993,-0.08101288229227066,0.2276703417301178,-0.006902719382196665,-0.3243945240974426,-0.3905033469200134,-0.11469890922307968,-0.10260896384716034,0.19110454618930817,-0.31663116812705994,0.10643629729747772,-0.07560057938098907,0.2907310128211975,0.16493746638298035,-0.00487185176461935,-0.3247171938419342,-0.2642337679862976,0.36493679881095886,-0.13822194933891296,-0.16883262991905212,0.07051603496074677,-0.1680026799440384,-0.15249943733215332,0.17251083254814148,0.4604108929634094,0.21452665328979492,-0.25681784749031067,-0.19401736557483673,0.20828983187675476,0.5284748673439026,-0.22765466570854187,0.20075035095214844,0.3011941909790039,-0.35756561160087585,0.37382882833480835,0.058444224298000336,-0.168912872672081,0.15839612483978271,0.05518408864736557,0.3554877042770386,-0.5275031924247742,-0.3129538893699646,0.0486275739967823,0.24207046627998352,0.14998963475227356,-0.14128120243549347,0.17694996297359467,-0.2695886492729187,-0.01800304278731346,-0.13567212224006653,0.26353368163108826,-0.10979805141687393,-0.043618496507406235,-0.0435367152094841,0.2099761962890625,0.07338080555200577,0.4083932936191559,0.31429725885391235,0.0818253830075264,0.07508768141269684,-0.329464852809906,0.33642151951789856,0.09896212816238403,-0.15561820566654205,-0.18959681689739227,-0.07878120243549347,-0.38868600130081177,0.2337861806154251,0.12056006491184235,-0.2074594795703888,-0.0618797168135643,0.01490122638642788,0.14994418621063232,-0.1919029802083969,0.09490792453289032,-0.03565998002886772,-0.08591818064451218,0.43499651551246643,0.16512878239154816,-0.05388053134083748,-0.25108739733695984,-0.2179338037967682,-0.09079961478710175,0.07811377942562103,-0.3377263844013214,0.043643683195114136,-0.16590771079063416,0.5569687485694885,-0.1167578250169754,-0.04179660230875015,0.09950929880142212,-0.17337682843208313,-0.053958527743816376,0.05636079981923103,0.2836931645870209,-0.1262061595916748,0.08381310850381851,0.2678605318069458,-0.4511922001838684,0.05229015275835991,0.3991343080997467,0.24194757640361786,-0.0011263251071795821,0.02906850539147854,-0.1347932517528534,0.28955331444740295,-0.12273328006267548,-0.03965505212545395,0.15569968521595,0.1081981286406517,-0.29055818915367126,0.044369298964738846,-0.11317615211009979,0.020886335521936417,-0.02584933117032051,-0.023605013266205788,0.17276449501514435,0.5655378103256226,0.4523192346096039,0.390514999628067,-0.37381187081336975,0.278408944606781,0.1392766237258911,0.3240789771080017,-0.34112870693206787,-0.0424947664141655,0.14006511867046356,0.02668892778456211,-0.05885205417871475,-0.2210666686296463,-0.28178104758262634,-0.18162138760089874,-0.36344102025032043,-0.3550933301448822,-0.1456945389509201,-0.07854704558849335,-0.1863575279712677,-0.2982129156589508,0.10580918937921524,0.11734477430582047,0.30570870637893677,0.35103029012680054,-0.023229720070958138,-0.11669132858514786,0.2300860583782196,0.43452557921409607,-0.5629516243934631,-0.05730795860290527,-0.15445439517498016,0.19379928708076477,-0.4085218906402588,0.23602958023548126,0.2054310142993927,-0.044924546033144,0.2916451096534729,0.1778213083744049,0.004095321986824274,-0.6125240325927734,-0.09358657896518707,0.23411937057971954,0.007152699865400791,0.3483158349990845,-0.2648315727710724,-0.0945139080286026,0.24984323978424072
CID000003278,4387,0.11994675546884537,0.1328962743282318,-0.03740272670984268,0.21521350741386414,-0.4006921350955963,0.0653548315167427,0.3046569228172302,0.23530134558677673,0.17362233996391296,0.31559205055236816,0.2615140676498413,0.13223043084144592,0.1479271948337555,0.18232204020023346,-0.19834837317466736,-0.19497331976890564,-0.04370405897498131,-0.26561063528060913,0.20301079750061035,-0.31526806950569153,0.02148590050637722,-0.26876792311668396,0.10391859710216522,-0.8887934684753418,-0.1984034776687622,0.09010127931833267,-0.23776109516620636,0.04866534098982811,-0.019615361467003822,0.2516342103481293,-0.3763577342033386,0.20452356338500977,0.09177495539188385,-0.0839870274066925,0.017108218744397163,-0.14823853969573975,0.07964379340410233,0.09922878444194794,-0.045809630304574966,-0.20105509459972382,-0.054662883281707764,-0.21973934769630432,0.10902806371450424,-0.29975831508636475,-0.18370762467384338,0.42203474044799805,-0.0017281502950936556,0.10299988836050034,0.04991089180111885,0.12969627976417542,0.12229374796152115,0.12579825520515442,-0.35099878907203674,0.002410678658634424,0.1719968616962433,-0.21376457810401917,-0.22421352565288544,0.116240955889225,-0.05797938257455826,0.1486596316099167,-0.17023274302482605,-0.29767268896102905,-0.03729020804166794,-0.025919705629348755,0.2858799397945404,0.33431893587112427,-0.06116794794797897,-0.06736818701028824,0.25686997175216675,0.235438734292984,0.14354398846626282,-0.0769370049238205,-0.3885363042354584,-0.3253231644630432,-0.22390849888324738,0.2621001601219177,0.1777794063091278,0.19256190955638885,-0.061084337532520294,0.1012972816824913,0.006116139702498913,-0.44631481170654297,-0.2579347491264343,-0.23751601576805115,0.07248733937740326,-0.246167853474617,0.32336902618408203,-0.05569469928741455,0.20038120448589325,-0.6628219485282898,0.12838716804981232,0.42016586661338806,0.10509544610977173,0.02445702813565731,0.23257222771644592,-0.29433780908584595,-0.23022262752056122,0.1520569622516632,0.16735555231571198,0.09590110927820206,-0.20995071530342102,0.012236291542649269,-0.012619465589523315,0.3166223466396332,0.35960373282432556,0.013774612918496132,0.10536132007837296,-0.02465251460671425,0.3927568197250366,-0.15203221142292023,-0.13546082377433777,0.1818278431892395,-0.2521144449710846,-0.017210107296705246,-0.09946528822183609,0.2837822139263153,0.08093772828578949,-0.06290256977081299,-0.14191323518753052,0.22461476922035217,0.4857468008995056,-0.13910475373268127,0.3429960310459137,0.33534517884254456,0.12630102038383484,0.0809253603219986,-0.08672310411930084,-0.013755051419138908,0.15045402944087982,-0.1420375406742096,0.05534905195236206,-0.3995930552482605,-0.35748904943466187,0.13124223053455353,0.3108285963535309,-0.1425953209400177,0.15579986572265625,0.14128033816814423,-0.1557770073413849,-0.11872448772192001,-0.18775221705436707,0.13071949779987335,0.09838508069515228,-0.19839558005332947,0.10623475164175034,0.05756726115942001,-0.14225956797599792,0.22255344688892365,-0.010255908593535423,0.17420753836631775,0.2253333330154419,-0.1435580998659134,0.14928635954856873,0.13635364174842834,-0.3329876661300659,-0.012098019942641258,-0.023394260555505753,-0.15979160368442535,0.29031747579574585,0.25860098004341125,0.01896420493721962,0.06846296042203903,-0.0799204483628273,-0.06351415812969208,-0.13507375121116638,0.006960348691791296,-0.3080349862575531,0.0603354275226593,-0.07232100516557693,0.25496232509613037,0.0034694583155214787,-0.17473332583904266,-0.29172417521476746,-0.273206889629364,0.043425776064395905,-0.06692884117364883,0.16397488117218018,-0.15124884247779846,0.3630102276802063,-0.13254325091838837,0.1973075568675995,0.1367567628622055,-0.20957700908184052,-0.1879281848669052,0.16380813717842102,0.2119745910167694,-0.12943515181541443,-0.03612392395734787,-0.10802586376667023,-0.38629624247550964,-0.07352710515260696,-0.05036691948771477,0.1231045350432396,0.1234385222196579,0.04285934194922447,-0.1389530748128891,0.1746271848678589,-0.26231494545936584,-0.13994279503822327,0.13321325182914734,0.2804901897907257,-0.2612856328487396,0.19756731390953064,-0.42905229330062866,-0.16677148640155792,-0.28053587675094604,-0.11104945093393326,-0.03130680322647095,-0.11854817718267441,0.34917619824409485,0.38661277294158936,-0.2773628234863281,0.3338797092437744,0.24789997935295105,0.13165877759456635,-0.19598951935768127,0.015635251998901367,0.060012828558683395,0.03286140039563179,-0.047665439546108246,-0.048593442887067795,-0.07418255507946014,0.14132943749427795,-0.2171950340270996,-0.14850716292858124,0.09632249921560287,-0.14452122151851654,-0.11084632575511932,-0.17842085659503937,-0.07440318167209625,-0.02391001023352146,-0.14439792931079865,0.2900269031524658,0.009512153454124928,-0.009011367335915565,0.06831496208906174,0.19319462776184082,-0.2500191032886505,0.027842694893479347,-0.15291467308998108,0.20510835945606232,-0.4251832962036133,0.047650959342718124,0.26056045293807983,-0.16027887165546417,0.11463962495326996,0.0448465421795845,0.018722934648394585,-0.4286344647407532,-0.023602664470672607,0.22258219122886658,-0.27441009879112244,-0.0680912658572197,-0.20369069278240204,0.15902049839496613,0.10349919646978378
CID000004993,4998,0.11978130042552948,-0.1503400206565857,0.0464777909219265,0.3315052092075348,-0.5208175778388977,0.08107005804777145,0.34226006269454956,0.28119680285453796,0.038196880370378494,0.30409371852874756,0.2260439097881317,0.07035627216100693,-0.05135602876543999,0.11716191470623016,-0.23425135016441345,-0.10458076000213623,-0.052013617008924484,-0.06438343226909637,0.11306879669427872,-0.3757586181163788,0.004487329628318548,-0.25913625955581665,0.1405809372663498,-0.7658048868179321,0.2207227200269699,0.08807927370071411,-0.061486274003982544,-0.0020976245868951082,0.022486379370093346,0.09652596712112427,0.06741201877593994,0.16943053901195526,0.12220408022403717,-0.05284683033823967,0.019756797701120377,-0.11042988300323486,0.26364943385124207,0.09510043263435364,0.23181882500648499,-0.061539649963378906,0.029870539903640747,-0.23812873661518097,0.1983059197664261,-0.1874159276485443,-0.18137377500534058,0.30148133635520935,0.03938068822026253,-0.00035347044467926025,0.13772012293338776,0.06473769247531891,0.229274183511734,0.16264279186725616,-0.2691380977630615,0.04874325916171074,0.06367594003677368,-0.08382000774145126,0.09241154789924622,0.1590176373720169,0.05914672464132309,-0.0026516199577599764,-0.20781223475933075,-0.3285781443119049,0.13676795363426208,0.019678611308336258,0.17651841044425964,0.2876138687133789,-0.20334088802337646,-0.14637276530265808,0.20664027333259583,0.19165107607841492,0.03139817714691162,-0.05801932141184807,-0.4002586007118225,-0.40944892168045044,-0.22130508720874786,0.05122790485620499,-0.07856817543506622,0.07957705855369568,-0.004520012531429529,-0.15604735910892487,0.012429103255271912,-0.6736614108085632,-0.3107351064682007,0.17586317658424377,0.07805290073156357,-0.04333242028951645,0.1244385689496994,0.15403339266777039,-0.010266916826367378,-0.6267038583755493,-0.07073152810335159,0.14956265687942505,-0.0049161226488649845,-0.056717563420534134,0.039368271827697754,-0.2075618952512741,-0.25360652804374695,0.12711739540100098,-0.19908882677555084,0.01033499650657177,-0.18047872185707092,0.07962754368782043,-0.005490726325660944,0.40265947580337524,0.22438621520996094,-0.024980222806334496,-0.14582394063472748,0.0375889427959919,0.41594815254211426,-0.2862781882286072,-0.08214260637760162,0.10678394138813019,-0.09061923623085022,-0.04524869844317436,-0.024265790358185768,0.18127867579460144,0.038752585649490356,0.010312753729522228,-0.13565674424171448,0.25491586327552795,0.5903691053390503,-0.21250896155834198,0.2537095248699188,0.18276222050189972,-0.039935316890478134,0.2346193790435791,0.025483373552560806,-0.0009086273494176567,0.23540063202381134,0.07288467884063721,0.14621567726135254,-0.5171504020690918,-0.47485384345054626,0.0817081555724144,0.27502748370170593,-0.0014719248283654451,-0.11492767184972763,0.3165808916091919,-0.1898036003112793,-0.22311563789844513,-0.1734064221382141,0.18585334718227386,0.04238363355398178,-0.0761137455701828,-0.03235207870602608,0.07633364200592041,-0.06932280212640762,0.2914571166038513,0.014552523382008076,0.16489669680595398,0.10601888597011566,-0.17633196711540222,-0.18166279792785645,0.17816074192523956,-0.288377583026886,-0.08510704338550568,-0.06612115353345871,-0.01958625018596649,-0.07134033739566803,0.1899743676185608,-0.15744097530841827,0.14362674951553345,0.01873941160738468,0.07786522060632706,-0.15205737948417664,-0.09227365255355835,-0.20239369571208954,0.19811591506004333,0.030648594722151756,0.1606355905532837,0.013910645619034767,-0.08250917494297028,-0.15510231256484985,-0.09904442727565765,0.055073082447052,0.018481964245438576,0.19018703699111938,-0.21240513026714325,0.31576257944107056,-0.042564041912555695,0.18637493252754211,0.05968388170003891,-0.055468685925006866,-0.17422018945217133,0.046738769859075546,0.215011864900589,-0.03237336128950119,0.07048323005437851,-0.049081720411777496,-0.2745541036128998,-0.10440532118082047,0.007752083241939545,0.2686477303504944,0.022417206317186356,0.11977038532495499,-0.14950987696647644,0.05263163894414902,-0.002718708012253046,0.1100839376449585,0.038587652146816254,0.18742533028125763,-0.40782618522644043,0.004927006550133228,-0.2819019854068756,0.052355557680130005,-0.17788293957710266,-0.13132759928703308,0.1854722499847412,-0.0708136036992073,0.3658205270767212,0.31583112478256226,0.2561190128326416,0.3179191052913666,0.1874496042728424,0.053768087178468704,-0.034742020070552826,-0.16632404923439026,0.12782815098762512,0.09357404708862305,-0.006369063165038824,0.056226156651973724,-0.08526840806007385,0.014384374022483826,-0.16702255606651306,-0.04357026144862175,0.07890889793634415,0.14097796380519867,-0.07704327255487442,0.04603318125009537,-0.021868642419576645,-0.046803511679172516,-0.13548193871974945,0.23614947497844696,-0.011358069255948067,-0.12496789544820786,0.07287608087062836,0.30029767751693726,-0.4627631604671478,0.05958307906985283,-0.04086584597826004,0.1545080542564392,-0.35027167201042175,0.03299187496304512,0.3665347993373871,0.027755532413721085,-0.0983840599656105,0.0854944959282875,-0.000804090523160994,-0.6112036108970642,-0.08879382908344269,0.2725222110748291,-0.42115259170532227,0.08861102163791656,-0.3907429277896881,0.07414267212152481,0.0831967145204544
CID006435110,5022,0.34215861558914185,-0.13414128124713898,0.12265148013830185,0.3833779990673065,-0.3069174885749817,-0.19020481407642365,0.31582140922546387,0.25481876730918884,0.23698100447654724,0.2495269775390625,0.1496848464012146,-0.4944092333316803,-0.21687659621238708,0.40498074889183044,0.15939109027385712,-0.022786935791373253,-0.03050968423485756,-0.2689647972583771,0.07996038347482681,-0.43990007042884827,-0.043326351791620255,-0.2514612078666687,0.10975407063961029,-0.9046159982681274,-0.25994637608528137,0.26057538390159607,-0.03868318721652031,-0.27498859167099,0.1471000611782074,0.14240889251232147,0.07164911180734634,0.29997023940086365,0.16050592064857483,-0.08489137887954712,0.004223829600960016,-0.022135086357593536,0.028981173411011696,0.2675376534461975,0.06420633941888809,-0.12226716428995132,0.03146311640739441,0.02968454360961914,-0.10577183961868286,-0.1420162171125412,-0.011044954881072044,-0.08724340051412582,0.1224464550614357,-0.07023943960666656,0.3679235875606537,0.4488646984100342,0.26116153597831726,-0.05978289246559143,-0.2730797231197357,-0.3885732889175415,0.1330443173646927,-0.07862883806228638,-0.008786964230239391,0.05139487236738205,0.4446564316749573,-0.1424027383327484,-0.3185562789440155,-0.2884998917579651,0.2105751931667328,0.0981433168053627,0.16706585884094238,0.510798454284668,-0.078052818775177,0.18489789962768555,0.18695349991321564,0.13764896988868713,0.04939801245927811,0.12159168720245361,-0.11909128725528717,-0.3575115501880646,-0.3938450217247009,0.1201319694519043,0.14578992128372192,0.1265467256307602,0.01543727982789278,0.06104002147912979,0.35659822821617126,-0.1441134512424469,-0.5489851832389832,-0.3460732698440552,0.06925561279058456,0.046128660440444946,0.23746061325073242,0.5193135142326355,0.16817744076251984,-0.8878873586654663,-0.07900073379278183,0.312795490026474,-0.040917299687862396,0.1290399432182312,-0.06004820019006729,-0.6568776369094849,-0.34075313806533813,-0.18592633306980133,-0.2508634030818939,0.5403906106948853,-0.011479968205094337,0.12483930587768555,0.13166475296020508,0.18433502316474915,0.2677147388458252,0.014825266785919666,-0.012298643589019775,-0.10162681341171265,0.2704305350780487,-0.130370631814003,0.09193289279937744,0.28637057542800903,-0.17796452343463898,0.0755128264427185,0.13616640865802765,0.4157041907310486,-0.269780695438385,0.23800155520439148,-0.10422637313604355,0.21955084800720215,0.5193647146224976,-0.18530161678791046,0.11805703490972519,0.37412339448928833,-0.28907760977745056,0.2675361633300781,0.1220100149512291,-0.07032398134469986,0.34405723214149475,-0.09748893976211548,0.08211947977542877,-0.41983938217163086,-0.3772261440753937,0.07770552486181259,0.4682033658027649,0.15705616772174835,0.1717531383037567,0.44498610496520996,-0.13063223659992218,-0.14863987267017365,-0.2912028133869171,0.4573186933994293,0.0460520014166832,-0.31066828966140747,-0.21963182091712952,0.2092757672071457,-0.1811896711587906,0.41298943758010864,0.16850042343139648,0.18855008482933044,0.1567080169916153,-0.20129768550395966,0.2559509873390198,-0.013904896564781666,-0.06307323276996613,-0.4292420744895935,-0.19572624564170837,-0.11664576828479767,-0.10924886167049408,0.09231501817703247,-0.12005136162042618,0.19544383883476257,-0.0035355568397790194,-0.08059699833393097,-0.06772596389055252,0.06700011342763901,0.11524856090545654,0.19951432943344116,0.07643447071313858,0.24122238159179688,0.07761641591787338,0.0552043542265892,-0.144047349691391,0.11532251536846161,0.01402069628238678,-0.026331812143325806,0.41800445318222046,-0.41578394174575806,0.3904554545879364,0.07583683729171753,-0.35238713026046753,-0.22707967460155487,-0.24975140392780304,-0.1204993948340416,0.4149022698402405,0.1834268867969513,-0.1977423131465912,0.034214138984680176,-0.024195652455091476,-0.4831218719482422,-0.10506272315979004,0.05139170214533806,-0.016253923997282982,-0.26810136437416077,0.14314857125282288,-0.07224176824092865,0.348194420337677,-0.02878791093826294,-0.01592126488685608,-0.09211193025112152,0.01642383262515068,-0.35388633608818054,-0.06647304445505142,-0.4302915930747986,-0.012157374992966652,-0.08096665143966675,0.06590687483549118,-0.14854630827903748,0.39349687099456787,0.5691441297531128,0.5436593890190125,-0.2825867533683777,0.08207961171865463,-0.080918088555336,0.25879424810409546,-0.44261831045150757,0.13153353333473206,0.03334435448050499,0.05764191225171089,0.014497363939881325,0.07263277471065521,-0.010294238105416298,0.05561473220586777,-0.4689975678920746,-0.39235734939575195,-0.20318345725536346,0.2552573084831238,-0.36941051483154297,-0.3251228928565979,0.10692765563726425,0.1441139578819275,0.4497520327568054,0.4874347150325775,0.06443382799625397,0.19104786217212677,0.25445476174354553,0.4379844069480896,-0.5320194959640503,0.11462099850177765,-0.08553791046142578,0.40236717462539673,-0.7384433746337891,0.014531088061630726,0.1818893551826477,-0.38067030906677246,-0.013119300827383995,0.2914814054965973,-0.040498606860637665,-0.49752745032310486,-0.25537630915641785,0.23024210333824158,0.007598614785820246,0.249590665102005,-0.15872451663017273,-0.0517149493098259,-0.13456664979457855
CID000004211,5051,0.35267922282218933,-0.1218278557062149,0.28199928998947144,0.5010168552398682,-0.41260331869125366,0.11285512149333954,0.05842997878789902,0.21554061770439148,-0.2298339158296585,0.28867536783218384,-0.03691012039780617,0.13150247931480408,-0.0775521993637085,-0.07971324771642685,-0.21246817708015442,0.04195019602775574,-0.14391188323497772,-0.17460384964942932,0.17103438079357147,-0.5046274662017822,0.0070965588092803955,-0.22370675206184387,-0.05980246141552925,-0.7802791595458984,-0.24550768733024597,-0.19413061439990997,-0.2192552536725998,0.023422392085194588,0.08776320517063141,-0.08099910616874695,-0.013632649555802345,0.3330219089984894,0.09370724856853485,0.1428220421075821,-0.027144577354192734,-0.14450092613697052,0.19709286093711853,0.11499243974685669,0.14255326986312866,-0.11999809741973877,-0.02655704692006111,-0.009993595071136951,-0.04828386381268501,-0.2663654386997223,-0.24120835959911346,0.367999792098999,0.007587823085486889,-0.020779088139533997,-0.04140074923634529,0.0780348926782608,0.40267688035964966,-0.09660280495882034,-0.14322879910469055,0.09230932593345642,0.2746734023094177,-0.19397921860218048,-0.05260850116610527,0.15632519125938416,-0.0923832505941391,0.0014603256713598967,-0.19229485094547272,-0.19980081915855408,-0.25102362036705017,-0.06085889786481857,0.12438750267028809,0.2300824373960495,-0.27818435430526733,0.002066950546577573,0.18173019587993622,0.11394252628087997,0.15542903542518616,0.14987409114837646,-0.3056904077529907,-0.32096338272094727,0.005023318342864513,0.21792463958263397,0.17112351953983307,-0.207011416554451,0.06182510405778885,0.008010202087461948,0.09860052168369293,-0.6796067953109741,-0.25841420888900757,0.1864173412322998,0.06526253372430801,0.015968387946486473,0.048675186932086945,0.07545389235019684,0.2691196799278259,-0.7062438130378723,-0.08488403260707855,0.009436458349227905,-0.12453734874725342,-0.13649852573871613,-0.16734209656715393,-0.3019315004348755,-0.06692429631948471,-0.09670708328485489,0.06580395996570587,0.18394199013710022,-0.09783589094877243,0.04997582733631134,-0.0415210984647274,0.2919045388698578,-0.01926024630665779,0.03461586311459541,0.15195487439632416,-0.06261195987462997,0.524045467376709,0.029554370790719986,0.03962886333465576,0.23615451157093048,-0.01042320765554905,-0.15362730622291565,-0.010961910709738731,0.2081400454044342,-0.30643704533576965,-0.24215061962604523,-0.0030394524801522493,0.13264663517475128,0.793971598148346,-0.09055276960134506,0.20289604365825653,0.123163603246212,0.0032346707303076982,-0.0059089092537760735,-0.039998967200517654,0.015597878023982048,-0.01982809044420719,-0.0015660524368286133,0.43844524025917053,-0.7383006811141968,-0.4040567874908447,0.2097049057483673,0.28998592495918274,-0.06894133985042572,-0.1435762345790863,0.1079205647110939,0.13991698622703552,-0.16342680156230927,-0.3362184762954712,-0.01526461262255907,0.028475571423768997,-0.15214970707893372,-0.18436750769615173,-0.0013507843250408769,0.08097583055496216,0.4814099669456482,-0.06696609407663345,0.1585524082183838,-0.11632029712200165,-0.5184067487716675,0.15296271443367004,0.2661401629447937,-0.2565649747848511,0.00992357823997736,-0.21468941867351532,-0.08288071304559708,0.08031408488750458,0.21161970496177673,-0.00796181708574295,-0.19368502497673035,-0.13942918181419373,0.01233403105288744,-0.03321872279047966,0.10147897154092789,-0.12910296022891998,0.2968745231628418,0.07215850055217743,0.19859448075294495,-0.11970554292201996,-0.14835946261882782,-0.24688716232776642,-0.31021085381507874,-0.05175793915987015,-0.10467000305652618,0.18254879117012024,-0.06704550981521606,0.45459699630737305,0.01245762687176466,0.05422452837228775,0.10781224071979523,-0.19232429563999176,-0.25625211000442505,0.18827463686466217,0.04417840763926506,-0.1214924305677414,0.03899403288960457,-0.2377808392047882,-0.2309712916612625,0.21328742802143097,-0.01528235338628292,0.2497260570526123,-0.19120292365550995,0.0748613104224205,0.0051120431162416935,0.09998539835214615,0.06960251182317734,0.01160710770636797,-0.1233600378036499,-0.11702525615692139,-0.3863852024078369,0.23178711533546448,-0.10346522182226181,-0.20510360598564148,0.03523452579975128,-0.04207902401685715,0.14010903239250183,-0.02459925040602684,0.46323782205581665,0.26742640137672424,0.1579166203737259,0.32478538155555725,0.27424919605255127,0.08997174352407455,-0.16647349298000336,0.11697988212108612,0.379763126373291,0.12103275209665298,0.10278983414173126,0.054228149354457855,0.12794403731822968,-0.13063304126262665,-0.26831507682800293,0.16773223876953125,-0.13062970340251923,-0.2206255942583084,0.016077283769845963,0.010843485593795776,0.1813381463289261,-0.061697013676166534,0.21590812504291534,0.21385398507118225,-0.007854885421693325,0.08848416805267334,0.12988261878490448,0.48054543137550354,-0.13307234644889832,0.06113259866833687,-0.1246819868683815,0.17344501614570618,-0.4977355897426605,0.00047253072261810303,0.3354998230934143,-0.23148469626903534,0.014326406642794609,0.11645211279392242,0.13229608535766602,-0.8211819529533386,-0.11328957974910736,0.1990681290626526,-0.18355457484722137,-0.034530721604824066,-0.030436182394623756,0.030130967497825623,0.11474861949682236
CID000444033,5088,0.36564308404922485,-0.14109842479228973,0.1483706384897232,0.5049594044685364,-0.10519994795322418,0.151378333568573,-0.18063640594482422,0.39761537313461304,0.11252254247665405,0.3130987882614136,0.08196359872817993,-0.25082165002822876,-0.2246915102005005,0.15772536396980286,0.16563865542411804,0.09351874887943268,-0.029419317841529846,-0.3761236071586609,-0.23113863170146942,-0.6093820333480835,0.010183177888393402,-0.11097250878810883,0.22074973583221436,-0.9242347478866577,0.20266564190387726,0.07216256111860275,-0.3301052153110504,-0.295985609292984,0.12317454814910889,0.16551420092582703,-0.159332737326622,0.39807257056236267,-0.08497552573680878,0.11142494529485703,-0.183553546667099,0.015922078862786293,0.2523121237754822,-0.20420590043067932,-0.12742184102535248,-0.15217149257659912,0.05093400925397873,0.213292196393013,0.06416692584753036,-0.1839984506368637,-0.04248664155602455,0.21362896263599396,-0.1677379608154297,0.032364193350076675,0.5160183906555176,0.1886286437511444,0.5166431665420532,0.10466282069683075,-0.4413034915924072,0.12188418209552765,0.0032219290733337402,-0.3666345477104187,-0.04923216998577118,-0.10062694549560547,0.19008047878742218,0.19099393486976624,-0.16995657980442047,-0.2434314787387848,-0.026238713413476944,-0.14711125195026398,0.134792298078537,0.6209328174591064,-0.04601757600903511,0.1353539675474167,0.0632421001791954,-0.33435457944869995,0.201520636677742,0.019365422427654266,-0.19218292832374573,-0.4149208962917328,-0.05414927005767822,0.24919573962688446,-0.18867149949073792,0.08450569212436676,-0.08279711753129959,0.16180679202079773,0.1152588352560997,-0.389828085899353,-0.4081771969795227,0.07244990766048431,0.03822452202439308,-0.005380034446716309,0.23800711333751678,0.22015424072742462,0.17005807161331177,-1.1423028707504272,0.13889582455158234,0.4837338328361511,-0.11360086500644684,-0.19521726667881012,0.08445677906274796,-0.41612347960472107,0.44081562757492065,-0.06050235778093338,0.044384412467479706,0.3753013610839844,-0.10628452152013779,0.655578076839447,0.023422347381711006,0.3962830603122711,-0.17726370692253113,-0.18082275986671448,-0.24055461585521698,-0.11375156790018082,0.4640406668186188,-0.053846102207899094,-0.38684090971946716,0.3004402220249176,0.14588662981987,-0.1589588075876236,-0.08893419802188873,0.3037163317203522,-0.18611332774162292,-0.23545703291893005,-0.00400138134136796,0.012127110734581947,0.7285597324371338,-0.4761287271976471,-0.030571836978197098,0.032294534146785736,-0.041552744805812836,-0.04510048031806946,0.2406909167766571,-0.042169131338596344,0.38873305916786194,0.09464307129383087,0.2300810068845749,-0.4875241219997406,-0.17437520623207092,0.3862801194190979,0.11944470554590225,0.19760708510875702,0.05407342314720154,0.13383740186691284,-0.17664192616939545,-0.315036416053772,-0.05455169081687927,0.2538294196128845,-0.2400883436203003,-0.024720579385757446,-0.03368913009762764,-0.0016390085220336914,0.010619538836181164,0.5095904469490051,0.006356461904942989,0.07898885011672974,0.12315374612808228,-0.5034235715866089,-0.13937021791934967,0.09352137893438339,-0.41969719529151917,0.05996927618980408,-0.061158280819654465,-0.2860158681869507,0.14763818681240082,0.38736146688461304,-0.08454176038503647,-0.04804060608148575,-0.013907207176089287,0.0024073682725429535,-0.23828557133674622,-0.30223745107650757,-0.15142308175563812,-0.05947766453027725,0.2206939458847046,0.03276295214891434,-0.12841005623340607,-0.04500749707221985,-0.332772433757782,-0.36458975076675415,-0.20541183650493622,-0.03727010637521744,0.39420458674430847,-0.15541717410087585,0.6329998970031738,0.12468627840280533,0.039379749447107315,-0.021489325910806656,-0.1809585690498352,-0.2370990514755249,0.6235066652297974,-0.03792625665664673,-0.5576657652854919,-0.057249683886766434,0.19501993060112,-0.31044143438339233,0.07513315975666046,0.10449229180812836,0.12150935083627701,-0.011454266496002674,0.051456548273563385,0.22237388789653778,-0.015317291021347046,0.2842201590538025,-0.03802313283085823,0.07129977643489838,0.29629629850387573,-0.41737619042396545,0.2248528003692627,-0.4321829378604889,0.08206231147050858,-0.1649889498949051,-0.09748561680316925,-0.20541377365589142,0.5195245742797852,0.6490486264228821,0.37042081356048584,0.1831190288066864,0.2707504630088806,-0.10302257537841797,0.08247639238834381,-0.2711169123649597,0.5212521553039551,0.02587316371500492,0.05535242706537247,-0.009001409634947777,-0.0085850078612566,-0.01923827826976776,-0.06350316852331161,-0.4295949935913086,0.17928531765937805,-0.15147754549980164,0.11802021414041519,-0.13868559896945953,0.15701553225517273,0.4991527497768402,0.0440940335392952,0.1943497508764267,0.08709479123353958,0.03245878964662552,0.03160605579614639,0.15001869201660156,0.5502830743789673,-0.7361794710159302,-0.19282349944114685,-0.3675231337547302,0.13334736227989197,-0.6433188319206238,-0.06553950160741806,0.20495566725730896,-0.046380262821912766,-0.011074629612267017,-0.1260519027709961,-0.18120650947093964,-0.660559356212616,-0.2611011862754822,0.05127658322453499,0.13062837719917297,-0.02787693962454796,0.04067111015319824,-0.17645549774169922,-0.0031155708711594343
CID005362070,5139,0.14709733426570892,-0.14696644246578217,-0.022348536178469658,0.5934644937515259,-0.5130561590194702,0.09076644480228424,0.22400632500648499,0.1677180975675583,0.24205127358436584,0.1627526581287384,-0.016736973077058792,0.029872411862015724,-0.13568975031375885,0.10943958908319473,-0.25177645683288574,-0.23204240202903748,0.030958320945501328,0.022045264020562172,0.07448604702949524,-0.5465494394302368,0.031315065920352936,-0.1323975771665573,-0.02508598007261753,-0.8477479219436646,0.02832784131169319,0.04475156217813492,-0.1539229452610016,-0.04233511537313461,-0.03564176708459854,-0.01775832660496235,0.006563874892890453,0.23482832312583923,0.07917441427707672,0.0912989154458046,0.037253569811582565,-0.017187273129820824,0.1795143485069275,-0.12001438438892365,0.18326619267463684,-0.033295921981334686,-0.11226649582386017,0.058703385293483734,0.21141919493675232,-0.40701475739479065,-0.08069183677434921,0.31315183639526367,0.0384133905172348,0.11914293467998505,0.07207425683736801,-0.04122091084718704,0.35694146156311035,0.4117770195007324,-0.2322913408279419,-0.009816175326704979,-0.18486303091049194,-0.10743564367294312,0.0018027995247393847,0.05972912907600403,-0.0857544094324112,0.00029929279116913676,-0.10164135694503784,-0.14753887057304382,0.07649615406990051,-0.15373170375823975,0.13581280410289764,0.41003990173339844,-0.21255600452423096,0.050978582352399826,0.05102776736021042,0.07503484189510345,-0.15994662046432495,0.027752090245485306,-0.21951083838939667,-0.3445655107498169,-0.2754344642162323,-0.05584845691919327,0.17226019501686096,0.11616599559783936,0.04743124544620514,0.2583119869232178,-0.024103522300720215,-0.5835205316543579,-0.21223032474517822,-0.23441147804260254,0.1501072347164154,0.12482304871082306,0.4041167199611664,0.1475135236978531,-0.17233753204345703,-0.78827303647995,-0.19945687055587769,0.17766454815864563,-0.021659933030605316,-0.031118307262659073,0.16654853522777557,-0.2582502067089081,-0.0791403129696846,0.3092638850212097,0.1549760103225708,0.39244145154953003,-0.04649088531732559,0.015320110134780407,-0.08698011189699173,0.1182030439376831,-0.04477688670158386,-0.04308696091175079,-0.283195436000824,0.03782901167869568,0.4733645021915436,-0.10281487554311752,0.01695444993674755,0.19738812744617462,0.10876771062612534,-0.2717185914516449,-0.13631956279277802,0.12230433523654938,0.0067202807404100895,-0.22557349503040314,-0.10680756717920303,0.10940416902303696,0.6376846432685852,-0.07179956138134003,0.21410350501537323,0.17019373178482056,-0.01477932371199131,0.14244835078716278,-0.011800268664956093,0.0010047138202935457,0.23540863394737244,0.08462817221879959,0.03996308147907257,-0.6140760779380798,-0.40226683020591736,0.20439431071281433,0.164555624127388,0.10661280155181885,0.19258412718772888,0.17858102917671204,-0.03142445534467697,-0.2090575397014618,-0.18914905190467834,0.035187333822250366,0.07162938266992569,-0.05199058726429939,0.06078408285975456,0.14791721105575562,0.048955924808979034,0.5184659957885742,0.04718104749917984,0.18153420090675354,-0.05850628763437271,-0.5297440886497498,0.10235096514225006,0.12462373822927475,-0.38043856620788574,-0.08148612827062607,-0.08498479425907135,-0.0012551835970953107,0.010838496498763561,0.23183691501617432,-0.08243883401155472,0.10987422615289688,0.08776625245809555,0.21205000579357147,-0.05995006486773491,-0.32494044303894043,-0.29398512840270996,0.19493642449378967,-0.12021543830633163,0.1380511224269867,0.10322663933038712,-0.19945602118968964,-0.18865051865577698,-0.25376096367836,0.06301344186067581,-0.03570929914712906,0.17909081280231476,-0.1297101080417633,0.4448145031929016,-0.2592560350894928,-0.09399981796741486,0.28665101528167725,0.013861669227480888,-0.2579740881919861,0.07292048633098602,0.23325642943382263,-0.29572707414627075,0.017102140933275223,0.014874306507408619,-0.24738797545433044,-0.0695863664150238,-0.017177078872919083,-0.05813222378492355,-0.08055682480335236,0.1536336988210678,-0.11492125689983368,-0.009116297587752342,-0.11905312538146973,0.19391050934791565,-0.14566071331501007,-0.022850969806313515,-0.24307379126548767,-0.00784788466989994,-0.535038948059082,-0.26787281036376953,-0.0703006386756897,-0.20720472931861877,-0.3641643226146698,0.18676844239234924,0.6227065324783325,0.313669890165329,-0.0535736083984375,0.19784632325172424,-0.04282420128583908,0.09099532663822174,-0.3223332464694977,-0.15841980278491974,0.26774972677230835,-0.019739335402846336,-0.08820899575948715,0.022454116493463516,-0.09273920953273773,0.256897509098053,-0.17073562741279602,0.015492046251893044,0.1893255114555359,-0.08752458542585373,-0.0755862221121788,-0.0038442492950707674,-0.13005031645298004,-0.10932004451751709,0.06928865611553192,0.2277430295944214,-0.027773922309279442,-0.29536765813827515,0.0357094332575798,0.37331026792526245,-0.4191199243068695,-0.009338325820863247,-0.19219300150871277,-0.06294648349285126,-0.31300219893455505,0.03250642493367195,0.13307562470436096,-0.14573654532432556,0.14754824340343475,-0.04070474952459335,0.25534966588020325,-0.7474079132080078,-0.08652925491333008,-0.031044945120811462,-0.20596416294574738,-0.03534090891480446,-0.2252795249223709,0.032754044979810715,0.10471385717391968
CID000003373,5197,0.1391918957233429,0.06016463786363602,0.258808434009552,0.6011229157447815,-0.4951781630516052,0.11504866927862167,0.24870219826698303,0.32691845297813416,-0.04435337334871292,0.29063302278518677,-0.18916289508342743,-0.3202909529209137,-0.08419821411371231,0.2389969825744629,-0.07651805877685547,0.13902346789836884,0.10170414298772812,-0.05377675220370293,0.0032075971830636263,-0.4429035186767578,-0.10358905792236328,-0.41395121812820435,0.07922624796628952,-0.8414896130561829,-0.12229669094085693,0.17965081334114075,-0.20487475395202637,-0.11800925433635712,-0.030070697888731956,0.034420497715473175,-0.05735929682850838,0.12879188358783722,0.1747802495956421,-0.04619964212179184,0.04568999633193016,0.0791880190372467,-0.011434188112616539,0.41409555077552795,-0.076169952750206,-0.2881322503089905,0.031154703348875046,0.20908081531524658,0.17051295936107635,0.04309254139661789,-0.14955052733421326,0.15231294929981232,-0.044669099152088165,-0.0815742015838623,-0.051174212247133255,0.23380088806152344,0.4386672079563141,-0.02894638106226921,-0.2782062888145447,0.023062290623784065,-0.04333937168121338,0.13679338991641998,-0.06817243993282318,-0.04633120447397232,0.24302013218402863,-0.2127901315689087,-0.09303788840770721,-0.3458910584449768,-0.05346255376935005,-0.11883393675088882,0.17975756525993347,0.2861241400241852,-0.23159904778003693,-0.02827061340212822,0.22291937470436096,0.04302174970507622,0.05383434146642685,0.10387363284826279,-0.3352131247520447,-0.3980109691619873,-0.20612606406211853,0.136628195643425,0.04095616191625595,-0.012088174931704998,-0.13557133078575134,-0.0038898116908967495,0.3246630132198334,-0.2732918858528137,-0.3120652139186859,-0.07539419829845428,0.11837176978588104,0.24221202731132507,0.06646548211574554,0.17178282141685486,0.03649863600730896,-0.45317262411117554,-0.0718926414847374,0.23707468807697296,-0.10096237808465958,-0.03752148151397705,-0.16902029514312744,-0.1408776342868805,0.14412334561347961,0.05461742728948593,0.10243642330169678,0.13561949133872986,0.1284177601337433,0.12326741218566895,0.0036622912157326937,0.15679839253425598,0.20750753581523895,-0.08568251132965088,-0.04368031024932861,0.02609880641102791,0.36470353603363037,-0.08969183266162872,0.08407469093799591,0.12864366173744202,-0.1857161521911621,-0.27050358057022095,0.10847876220941544,0.29262039065361023,-0.2317468822002411,0.17986777424812317,-0.10651303827762604,0.32287827134132385,0.7111654281616211,-0.24075821042060852,0.1452961266040802,0.331720769405365,-0.3179507851600647,0.37240996956825256,0.1097923293709755,-0.10517047345638275,0.07608212530612946,0.2285131961107254,0.24325625598430634,-0.5003189444541931,-0.5458158254623413,0.2412770688533783,0.2842637002468109,0.21159839630126953,-0.044029396027326584,0.2690414786338806,0.18942399322986603,-0.058136552572250366,-0.09603047370910645,0.2517259120941162,0.2030644416809082,0.0675978735089302,-0.009416526183485985,0.21343326568603516,-0.1499084085226059,0.452963262796402,0.156301349401474,0.4277727007865906,0.13954418897628784,-0.4126330316066742,0.04401075839996338,0.08444054424762726,-0.17349526286125183,-0.1811596304178238,0.036676399409770966,-0.1653273105621338,-0.0694243460893631,0.030207615345716476,-0.17489688098430634,-0.0008455991628579795,0.0605194978415966,0.08883436024188995,-0.08223894238471985,0.20472583174705505,-0.12527966499328613,0.14291027188301086,0.06575556844472885,0.0019825578201562166,0.10489555448293686,0.13364055752754211,-0.2380058467388153,-0.1959998607635498,0.1945643424987793,-0.1188204288482666,0.22114944458007812,-0.1100015640258789,0.7392287254333496,0.03390605375170708,-0.2917766571044922,0.03104507364332676,-0.1284025013446808,0.06805600225925446,0.25948357582092285,0.029950112104415894,-0.008237181231379509,0.09591066092252731,0.1940038800239563,-0.42409420013427734,0.07470856606960297,0.08695712685585022,0.009225999936461449,-0.303786963224411,0.28062671422958374,0.12265899032354355,0.18125204741954803,-0.11510473489761353,-0.07701747864484787,-0.13715258240699768,0.1226048469543457,-0.45868414640426636,0.08065055310726166,-0.34922555088996887,0.02225208282470703,-0.18297435343265533,0.10907183587551117,-0.07501417398452759,0.0223647803068161,0.465925395488739,0.29739809036254883,0.025652270764112473,0.2470642328262329,0.005289015360176563,0.08120506256818771,-0.18814511597156525,0.050108540803194046,0.26270991563796997,0.05782686546444893,0.03601715713739395,-0.2429448366165161,0.0018055855762213469,-0.18316109478473663,-0.09991355985403061,0.11557744443416595,0.07358524948358536,0.0007505595567636192,-0.12299947440624237,0.022565949708223343,0.06543973088264465,-0.024173405021429062,0.04741554334759712,0.30055561661720276,-0.05154319480061531,-0.01248400192707777,0.02018718048930168,0.5783946514129639,-0.5863009691238403,0.016267910599708557,-0.23834213614463806,0.058818601071834564,-0.21753104031085968,0.13362129032611847,0.19227254390716553,-0.19886437058448792,-0.21267250180244446,0.0707496777176857,-0.03373807296156883,-0.6457012891769409,-0.14138096570968628,0.24828526377677917,-0.10162122547626495,0.25653529167175293,-0.3745264410972595,-0.04532118886709213,0.12697985768318176
CID000003730,5217,0.3217706084251404,-0.3794744610786438,-0.03378204256296158,0.44219979643821716,-0.3896094858646393,-0.07340846955776215,-0.027989108115434647,0.28395208716392517,-0.018466366454958916,0.016065919771790504,0.11302919685840607,-0.491446316242218,0.015810055658221245,0.3750728666782379,0.08058812469244003,0.28880447149276733,-0.20011024177074432,0.09868796169757843,-0.4870334565639496,-0.5636979937553406,-0.042777128517627716,-0.2186853438615799,0.05720958113670349,-0.9707767367362976,0.34006837010383606,0.38743871450424194,0.21904142200946808,-0.059919215738773346,-0.1372758448123932,0.21192415058612823,-0.021637670695781708,0.11832693964242935,-0.05332031100988388,-0.014971506781876087,-0.06932875514030457,0.07182703912258148,-0.2107180804014206,0.27197152376174927,0.007268864661455154,-0.025045286864042282,-0.023093273863196373,-0.04369698837399483,-0.25452616810798645,-0.13499665260314941,0.041692912578582764,0.09839493036270142,0.3193885087966919,0.2914503216743469,0.041212089359760284,0.015569796785712242,0.458517849445343,0.047525763511657715,0.062234677374362946,0.02164171263575554,-0.11773662269115448,0.04517408832907677,0.06434433162212372,-0.12735313177108765,0.7483541369438171,-0.08678547292947769,-0.04355006664991379,-0.29917189478874207,0.04985084757208824,0.07869479805231094,-0.06598809361457825,0.5453150868415833,-0.267733633518219,-0.27551957964897156,0.1530635505914688,0.08627781271934509,-0.0857907384634018,0.3580518066883087,-0.07373832166194916,-0.1332307755947113,-0.4822939932346344,0.25998347997665405,0.05243992805480957,-0.030670160427689552,-0.060190699994564056,-0.11164671182632446,0.45734792947769165,-0.3105854392051697,-0.36166641116142273,-0.0626441016793251,-0.05985090881586075,-0.38667184114456177,0.412189245223999,-0.03883666172623634,0.12642903625965118,-0.7892411351203918,-0.5198363661766052,0.3163483440876007,0.2532012462615967,0.465925931930542,0.030217092484235764,-0.3330537676811218,0.018804961815476418,-0.09287761151790619,0.2497299462556839,0.6239885091781616,0.4028610587120056,-0.018262257799506187,0.02110963501036167,0.33385226130485535,0.022544817999005318,-0.1454637199640274,-0.010149652138352394,0.07025833427906036,0.5985508561134338,0.44715070724487305,-0.25618791580200195,0.26150816679000854,-0.06409810483455658,0.05291830748319626,-0.1367170810699463,0.25747251510620117,0.06460390985012054,-0.03367025777697563,0.06894160807132721,0.06175319105386734,0.9275911450386047,0.0682646781206131,0.24278831481933594,0.07833455502986908,-0.48444947600364685,0.35660988092422485,-0.0528658926486969,-0.45649757981300354,0.5357538461685181,0.2509933114051819,0.18108442425727844,-0.7279249429702759,-0.2546544373035431,0.06676770746707916,0.013949031010270119,-0.1435386836528778,0.08652365207672119,0.025120478123426437,-0.16076013445854187,-0.39439380168914795,-0.17594273388385773,0.4825192093849182,-0.226690411567688,0.061355870217084885,0.12651367485523224,0.6175392866134644,0.34789055585861206,0.5504658818244934,0.0999198704957962,0.07195958495140076,-0.11153315007686615,-0.452618271112442,-0.35345974564552307,0.44995442032814026,-0.07572261244058609,0.0866454541683197,0.023223474621772766,-0.23688268661499023,0.07921113073825836,0.20478005707263947,-0.10609927028417587,0.12128952890634537,0.3014862537384033,0.0915946438908577,0.06661152839660645,-0.02832978032529354,-0.2965461313724518,0.10621361434459686,0.07021917402744293,0.08231078088283539,-0.36438533663749695,-0.3259396255016327,-0.1924121081829071,-0.10563264042139053,0.29923903942108154,-0.038417182862758636,0.15816065669059753,-0.40948861837387085,0.7665351629257202,-0.005442216992378235,-0.049075897783041,0.1328168362379074,0.046643126755952835,0.04649609699845314,0.3875240683555603,-0.14714689552783966,-0.5893463492393494,-0.038700442761182785,0.04146762564778328,-0.39248934388160706,-0.20393526554107666,-0.12662513554096222,-0.10716195404529572,-0.4731411039829254,0.1609538495540619,-0.12587329745292664,0.5781485438346863,0.05906442925333977,0.17349223792552948,-0.2757891118526459,-0.5871590375900269,-0.18494568765163422,-0.008301285095512867,-0.4650525450706482,-0.085027776658535,-0.1145898848772049,-0.06529776751995087,-0.010634849779307842,-0.012257027439773083,0.5677968263626099,0.4869479238986969,-0.08424834907054901,0.04618313908576965,0.5690566897392273,0.06857948005199432,-0.584109365940094,-0.07859599590301514,0.2562035918235779,-0.5175236463546753,0.05762346833944321,0.1252841055393219,-0.4053662419319153,-0.09965543448925018,-0.19164082407951355,0.0802822858095169,-0.12678377330303192,-0.14465035498142242,-0.08588427305221558,0.3802359104156494,-0.043539129197597504,0.08572946488857269,0.03783700242638588,0.11227457225322723,0.17850075662136078,0.06663752347230911,-0.041875917464494705,0.5667024254798889,-0.22451035678386688,0.25187307596206665,-0.18911148607730865,0.0013856530422344804,-0.9448472857475281,0.04151570796966553,0.29178565740585327,-0.07046663016080856,-0.05581432580947876,-0.17487311363220215,0.1909627467393875,-0.8683307766914368,-0.3356035351753235,0.16874776780605316,0.12328445911407471,0.36652928590774536,-0.5747771263122559,0.13692745566368103,0.36351001262664795
CID000004011,5445,0.053307365626096725,0.1801556795835495,0.15602867305278778,0.3527333438396454,-0.14385046064853668,0.39108651876449585,0.15138177573680878,0.22336673736572266,0.13566350936889648,0.13090887665748596,0.1509057730436325,-0.3340151906013489,-0.36163729429244995,0.019795473664999008,-0.0738920122385025,-0.08321650326251984,-0.14127083122730255,0.0006717473152093589,0.0750480368733406,-0.6082144975662231,0.3709349036216736,-0.29162275791168213,-0.3075801730155945,-0.91209876537323,-0.2257709950208664,0.1626894772052765,-0.24392978847026825,0.13018640875816345,-0.0923553854227066,0.03597015142440796,-0.10805518925189972,0.3910672068595886,-0.4398810863494873,0.25531214475631714,-0.077421173453331,0.0020626664627343416,0.07246123999357224,0.12953519821166992,0.1725335717201233,-0.22587800025939941,0.2013775110244751,-0.035996053367853165,0.275041401386261,-0.5040225982666016,-0.18424701690673828,0.25626131892204285,-0.11812007427215576,-0.00012018308188999072,0.09983798861503601,-0.05318105220794678,0.5914034843444824,-0.2943679690361023,-0.3257162868976593,-0.0791405662894249,0.2411179095506668,-0.1787373423576355,0.3623555302619934,0.048399604856967926,0.309652179479599,0.029957670718431473,-0.22127413749694824,-0.37846580147743225,0.04298475384712219,-0.1952867954969406,0.1612546443939209,0.4345007836818695,-0.14943614602088928,-0.47525492310523987,-0.18884006142616272,-0.27574339509010315,0.09406484663486481,-0.015471816062927246,-0.28359776735305786,-0.3708982765674591,-0.31448864936828613,0.07701677829027176,0.10957352072000504,0.035892587155103683,0.0341222807765007,0.13931608200073242,0.5924505591392517,-0.3093218207359314,-0.23085848987102509,-0.338493287563324,0.010886108502745628,0.032143138349056244,0.12408451735973358,0.4582194685935974,-0.1683897227048874,-0.7574684023857117,-0.07035000622272491,0.04273766651749611,0.024613630026578903,0.2391308844089508,0.08641742914915085,-0.39941519498825073,0.24711981415748596,-0.1572137176990509,0.2448756992816925,0.1575988233089447,0.2144438773393631,0.018027257174253464,-0.15084689855575562,0.3337675631046295,0.06467905640602112,0.05494086816906929,0.1502627581357956,-0.13921105861663818,0.7845538854598999,0.22774171829223633,-0.04091540724039078,0.1075800433754921,-0.19064216315746307,-0.03716755658388138,-0.08714401721954346,0.17962196469306946,-0.03522178530693054,0.16034209728240967,-0.3126455545425415,0.13906706869602203,0.7150871753692627,-0.4132460057735443,0.4771432876586914,0.22480538487434387,-0.10593445599079132,-0.25087276101112366,-0.16119301319122314,-0.20850510895252228,0.3669847249984741,-0.2043650895357132,0.21521654725074768,-0.43885764479637146,0.02990638092160225,0.2015332281589508,0.39349907636642456,0.4150084853172302,0.1582677960395813,0.1501925140619278,-0.24017401039600372,-0.4678969383239746,-0.23489968478679657,0.19846490025520325,0.1746373027563095,-0.1242930069565773,0.06338310986757278,0.22470776736736298,-0.2089536190032959,0.49012988805770874,-0.29919344186782837,0.26166191697120667,-0.3441867530345917,-0.16627384722232819,0.23042511940002441,0.11776755005121231,-0.21849068999290466,-0.033726729452610016,-0.04367075115442276,-0.001253449940122664,-0.052315812557935715,0.3751319944858551,0.46235591173171997,-0.19843558967113495,0.02094157040119171,-0.010762820020318031,0.057733237743377686,-0.22322320938110352,-0.06730888038873672,-0.08227918297052383,0.23004940152168274,0.0510769784450531,0.2234524041414261,-0.49368637800216675,-0.5738835334777832,-0.008791575208306313,-0.013830503448843956,-0.13277146220207214,-0.11379792541265488,-0.2182653844356537,0.5189220309257507,0.3100079894065857,-0.1414830982685089,-0.37035077810287476,-0.19556643068790436,-0.224971204996109,0.36382415890693665,0.07285214960575104,-0.419486939907074,-0.07039499282836914,0.004517883062362671,-0.43814629316329956,0.018309693783521652,0.16818782687187195,0.025084663182497025,-0.3707551956176758,0.21652941405773163,-0.31736963987350464,-0.1095014363527298,0.37986379861831665,0.14643561840057373,-0.16462478041648865,-0.031178081408143044,-0.26668888330459595,0.06315188109874725,-0.4367833137512207,0.017475862056016922,-0.21961715817451477,0.19371667504310608,-0.25611644983291626,0.271405965089798,0.5305728912353516,0.4359397888183594,-0.28767091035842896,0.24119675159454346,0.10015305131673813,0.12537376582622528,-0.4047735333442688,0.15935924649238586,0.24176788330078125,-0.17905449867248535,0.03116055764257908,-0.13217075169086456,-0.17121374607086182,-0.055971138179302216,-0.4793240427970886,0.1512947678565979,-0.015002211555838585,-0.037948478013277054,-0.594634473323822,0.14716388285160065,0.06663523614406586,-0.15883633494377136,0.5330195426940918,0.3855053782463074,0.25860005617141724,0.14848415553569794,-0.118317149579525,0.45059847831726074,-0.11018304526805878,0.1824328601360321,-0.29150381684303284,0.12237278372049332,-0.5265151262283325,0.031232589855790138,0.2044280469417572,-0.12612473964691162,0.0005176037666387856,0.35283520817756653,0.08586642891168594,-0.6373840570449829,-0.04319588467478752,0.33537963032722473,-0.000345379114151001,-0.10682650655508041,0.3336973786354065,0.1545819789171219,0.15885169804096222
CID000005486,5649,0.038359634578228,0.13008269667625427,-0.02557111345231533,0.27476584911346436,-0.34999674558639526,0.04193215072154999,0.1660521775484085,0.05135620757937431,0.01800094172358513,0.12990626692771912,0.04726869612932205,0.09965883195400238,0.05214117839932442,0.12515319883823395,-0.19193679094314575,-0.1421697586774826,-0.026480015367269516,-0.23242966830730438,0.08982113748788834,-0.40872111916542053,-0.029245499521493912,-0.225681334733963,-0.07093437761068344,-0.9633172750473022,-0.10969133675098419,0.22873882949352264,-0.2723146677017212,0.12075243145227432,-0.0031225543934851885,0.20908811688423157,-0.16513676941394806,0.24911744892597198,-0.0362410731613636,-0.1637197732925415,0.030490467324852943,0.23529061675071716,0.0031220868695527315,-0.023378919810056686,0.08907487243413925,-0.19690030813217163,-0.06242179870605469,-0.2259489744901657,-0.03678666055202484,-0.2863909602165222,-0.09491316974163055,0.4155474603176117,-0.03358515352010727,0.09966786205768585,0.01838439330458641,-0.005675026681274176,0.15465769171714783,-0.057474058121442795,-0.3339160084724426,-0.04868394881486893,0.049182694405317307,-0.19219651818275452,-0.24036379158496857,0.04645001143217087,-0.05001404136419296,0.048237454146146774,-0.04674604907631874,-0.1310560405254364,-0.11427867412567139,-0.11673418432474136,0.2829022705554962,0.3923823833465576,-0.03023402951657772,-0.013702291063964367,0.21029452979564667,0.1186276525259018,0.2573837637901306,0.0691569596529007,-0.4020910859107971,-0.22195295989513397,-0.2600749135017395,0.12427116930484772,-0.026080364361405373,0.23523671925067902,-0.0891704335808754,0.13998524844646454,0.12610062956809998,-0.3372177481651306,-0.2150179147720337,-0.22043201327323914,0.09624557197093964,-0.21750254929065704,0.2911933660507202,-0.0121562909334898,0.11633707582950592,-0.715663492679596,0.16493436694145203,0.40105074644088745,0.10018136352300644,-0.009815734811127186,0.3103058934211731,-0.23582036793231964,-0.20599058270454407,0.21357102692127228,0.07273338735103607,0.04240570589900017,-0.37273716926574707,0.025220472365617752,-0.15778864920139313,0.22259807586669922,0.2797335982322693,0.04846795275807381,0.3361639380455017,-0.03161128610372543,0.4961790442466736,-0.16214776039123535,-0.2188667505979538,0.1650862842798233,-0.2816932797431946,-0.046478480100631714,-0.15341782569885254,0.35561272501945496,0.03748070076107979,0.0604146309196949,-0.20694318413734436,0.26792728900909424,0.5460332632064819,-0.16008777916431427,0.3121780455112457,0.2572142481803894,0.18697769939899445,0.04221758991479874,-0.007632839493453503,0.19308237731456757,0.21263554692268372,-0.15283843874931335,-0.02296740561723709,-0.3821055293083191,-0.245918869972229,0.005408755037933588,0.2175343930721283,0.07213862240314484,-0.06705838441848755,0.11889499425888062,-0.023873984813690186,-0.0754719004034996,-0.07997233420610428,0.019027400761842728,0.14716744422912598,-0.14713385701179504,0.03762025386095047,0.241792231798172,-0.16178598999977112,0.3317841589450836,0.12979969382286072,0.24986374378204346,0.20672380924224854,-0.21071501076221466,0.04997847229242325,0.15900446474552155,-0.3314610421657562,-0.024986501783132553,0.009134955704212189,-0.16530142724514008,0.009818089194595814,0.3515215218067169,0.12584471702575684,0.12240974605083466,-0.11037014424800873,0.29887911677360535,-0.026015114039182663,-0.06047366186976433,-0.23896987736225128,-0.1323843002319336,-0.12838250398635864,0.19200453162193298,-0.028633320704102516,-0.2560918927192688,-0.33394378423690796,-0.47622036933898926,-0.010011056438088417,-0.05467262864112854,0.06440963596105576,-0.21374166011810303,0.3805912137031555,-0.05431627109646797,0.08205048739910126,0.08027423918247223,-0.1717345118522644,-0.15746626257896423,0.31727510690689087,0.22174930572509766,-0.23423068225383759,0.02274731919169426,-0.03350033238530159,-0.32475346326828003,-0.04128630831837654,-0.02315044403076172,0.12637296319007874,0.12194202095270157,0.028165632858872414,-0.03214196488261223,0.15560799837112427,-0.19825835525989532,-0.16060657799243927,0.0779668465256691,0.16610734164714813,-0.2488459348678589,0.09205767512321472,-0.36854150891304016,0.08618515729904175,-0.2541325092315674,0.004761379212141037,-0.045657575130462646,-0.06137288734316826,0.470297247171402,0.33779340982437134,-0.23351573944091797,0.2169051170349121,0.1540614813566208,0.16162830591201782,-0.17048223316669464,0.07940673828125,0.0937374085187912,0.1658778190612793,-0.21882303059101105,-0.05463341623544693,-0.01816001906991005,0.220288947224617,-0.18089894950389862,-0.1838337481021881,0.1825259029865265,0.014967280440032482,-0.18561021983623505,-0.30259034037590027,-0.1041237935423851,-0.07344789803028107,0.04776337742805481,0.29129451513290405,0.016707535833120346,0.07679536938667297,0.1055317372083664,0.19120508432388306,-0.32068532705307007,0.08185651153326035,-0.16259673237800598,0.1667938530445099,-0.49088382720947266,-0.04067147150635719,0.1934705525636673,-0.1826307475566864,-0.023790637031197548,0.12150541692972183,-0.017417918890714645,-0.45027151703834534,-0.10424458980560303,0.22931954264640808,-0.13751403987407684,-0.15297186374664307,-0.13175219297409058,0.1636974960565567,-0.040928762406110764
CID000005530,5912,0.3421165347099304,-0.1802883744239807,0.2679745852947235,0.5875869393348694,-0.14582441747188568,0.15711963176727295,-0.027753788977861404,0.4044021666049957,0.2886630892753601,0.0970296785235405,0.17944979667663574,0.1630949229001999,-0.12561896443367004,-0.00928990077227354,-0.23663124442100525,0.09022786468267441,-0.13001200556755066,-0.06669864058494568,0.186496764421463,-0.6371172666549683,0.13807924091815948,0.1280628740787506,-0.16407299041748047,-0.8610025644302368,-0.41330686211586,-0.0319431908428669,-0.07027783244848251,0.01803501881659031,-0.029411429539322853,0.022520992904901505,-0.06192920356988907,0.44659915566444397,-0.08308638632297516,0.02208777703344822,-0.10698264837265015,-0.19885830581188202,0.3336232304573059,-0.19825203716754913,-0.002012409968301654,-0.12165491282939911,-0.080800361931324,0.029985720291733742,-0.08189816772937775,-0.39322739839553833,0.0029130144976079464,0.42354997992515564,-0.04307187721133232,0.19445021450519562,-0.18862338364124298,0.16883890330791473,0.5291677713394165,0.1874389350414276,-0.06019604206085205,0.1545642763376236,0.28274622559547424,-0.04347798600792885,0.3150836229324341,0.20155592262744904,0.01945093646645546,-0.005712318234145641,-0.25327882170677185,-0.17443306744098663,-0.20793259143829346,0.00442943861708045,0.33849021792411804,0.5879054665565491,-0.49882736802101135,0.37372177839279175,0.06652116775512695,-0.03055928647518158,0.20704951882362366,-0.06836368143558502,-0.3784109652042389,-0.1786636859178543,-0.08640757203102112,0.32516342401504517,0.27504831552505493,0.15977463126182556,-0.03929002210497856,0.15956348180770874,0.3793705999851227,-0.5868045687675476,-0.26952657103538513,0.12341209501028061,0.07554741203784943,0.014293141663074493,0.0466519296169281,0.05451608821749687,0.12045426666736603,-0.916789710521698,0.17926497757434845,-0.054183684289455414,-0.09723617881536484,-0.32676276564598083,-0.373990535736084,-0.24409225583076477,0.028583038598299026,-0.014688747934997082,-0.14477021992206573,0.26612576842308044,-0.10138211399316788,-0.019493410363793373,-0.05716072395443916,0.11019308865070343,-0.3801176846027374,0.050658248364925385,-0.22376148402690887,-0.10892398655414581,0.8600228428840637,0.4395790100097656,0.017412209883332253,0.29255953431129456,0.14415769279003143,-0.1053810864686966,0.026484597474336624,-0.07750255614519119,-0.05452359467744827,0.06737910956144333,0.11429496109485626,0.11004559695720673,0.9481829404830933,-0.16710934042930603,0.33094483613967896,0.05713058263063431,-0.4034467339515686,-0.18492944538593292,-0.20139527320861816,-0.14069896936416626,0.11008467525243759,0.20035724341869354,0.5042188763618469,-0.7611851692199707,-0.2489210069179535,0.2419232428073883,0.2236870974302292,-0.08241663128137589,0.18961432576179504,0.04184286668896675,-0.20397157967090607,-0.6038384437561035,-0.1789272129535675,0.07824283093214035,0.09797712415456772,0.06054744869470596,0.04141512140631676,0.09836572408676147,0.11887259781360626,0.667903482913971,-0.0019476175075396895,0.13578039407730103,-0.10040345042943954,-0.5352783799171448,0.3469727337360382,0.36719995737075806,-0.10713978111743927,-0.09801703691482544,-0.07172344624996185,-0.12777957320213318,-0.019959473982453346,0.3472256064414978,0.2327057421207428,0.09899703413248062,0.1154421791434288,-0.22590672969818115,-0.19010211527347565,-0.4108194410800934,-0.4409279227256775,-0.09747986495494843,0.037404708564281464,0.17430156469345093,-0.13870802521705627,-0.12616169452667236,-0.2764214277267456,-0.3016681671142578,-0.012396016158163548,-0.06424378603696823,0.06750072538852692,-0.12557116150856018,0.6975374221801758,-0.056094396859407425,-0.06805406510829926,0.09144839644432068,-0.3671129643917084,-0.08992067724466324,0.019706008955836296,0.21292273700237274,-0.5531327128410339,0.1038079708814621,-0.011225997470319271,-0.3170067071914673,0.1586504727602005,-0.037755705416202545,0.23607580363750458,-0.07658424228429794,0.19010517001152039,0.1098741665482521,-0.14095725119113922,-0.06548350304365158,-0.11403967440128326,0.1279899924993515,-0.017243921756744385,-0.2840321660041809,0.191914364695549,-0.18575510382652283,-0.25934258103370667,-0.28607431054115295,0.050757549703121185,0.02134464867413044,-0.02823886275291443,0.3846845030784607,0.18143975734710693,0.0012817889219149947,0.30763524770736694,0.08464249223470688,-0.015563547611236572,-0.26998287439346313,0.26190653443336487,0.27068233489990234,0.31942445039749146,0.04362300783395767,0.07141175866127014,0.175929993391037,-0.34870511293411255,-0.23500275611877441,0.09218131750822067,-0.13367898762226105,-0.010412764735519886,-0.014083489775657654,-0.030525345355272293,0.09559758007526398,-0.21563127636909485,0.037075333297252655,-0.11380898952484131,0.10359857976436615,-0.3472597301006317,0.14144174754619598,0.4683489203453064,-0.18757398426532745,0.025234460830688477,-0.04403119534254074,-0.03497590869665146,-0.9039467573165894,0.10106303542852402,0.05912657454609871,0.04041152074933052,-0.23571369051933289,-0.03736405447125435,-0.04337366297841072,-0.7676308155059814,-0.42462435364723206,0.37194085121154785,-0.01641181670129299,0.13922369480133057,0.11308538913726807,0.2726229727268219,0.10004182904958725
CID000039860,6423,0.21705615520477295,0.17052173614501953,-0.06246340274810791,0.22842717170715332,-0.41868916153907776,0.02583620324730873,0.3899663984775543,0.39096757769584656,-0.2468378096818924,0.1533411741256714,-0.1912842094898224,0.05730630084872246,0.10025714337825775,0.3159220814704895,-0.20086121559143066,-0.13395199179649353,0.05269447714090347,-0.06926596164703369,0.3952863812446594,-0.43229398131370544,0.17677614092826843,-0.4305005967617035,-0.4388321340084076,-0.8427925109863281,0.03571199253201485,0.2906835675239563,-0.05472389608621597,0.12834811210632324,0.08909798413515091,0.09475812315940857,-0.07699430733919144,0.30975744128227234,0.194152370095253,0.2918516993522644,0.09608091413974762,-0.03696497529745102,0.251040518283844,0.20040714740753174,0.07143521308898926,-0.10012360662221909,-0.012920692563056946,-0.2276095151901245,0.04803824424743652,-0.3887142837047577,-0.4029501974582672,0.3694298267364502,0.04140044003725052,-0.03091984987258911,0.0656130313873291,0.1486973911523819,0.3669258952140808,0.07526736706495285,-0.22883503139019012,-0.041558120399713516,0.3440951704978943,-0.2879444360733032,0.0659787654876709,0.21349754929542542,0.15662169456481934,-0.10156364738941193,-0.31025800108909607,-0.2983052134513855,-0.09256131947040558,-0.04169401153922081,0.11115755140781403,0.3821719288825989,-0.2505430281162262,-0.009831579402089119,0.16292041540145874,-0.13180258870124817,-0.021950561553239822,-0.15900568664073944,-0.3062749207019806,-0.2748205065727234,-0.2906914949417114,0.3136870861053467,0.08292369544506073,0.14497041702270508,-0.15186551213264465,0.34428736567497253,0.09752897173166275,-0.48999929428100586,-0.3022315502166748,-0.20334160327911377,-0.18233150243759155,-0.18959088623523712,0.2052893191576004,0.12619028985500336,-0.03392089158296585,-0.8151541948318481,0.12388426065444946,0.22183069586753845,0.15757723152637482,0.02512747049331665,0.11722107976675034,-0.37599796056747437,0.15673291683197021,0.17297855019569397,-0.12813237309455872,0.1581975221633911,0.06536564975976944,-0.10144399106502533,-0.0749688595533371,0.497974157333374,0.2528297007083893,-0.02835412323474884,-0.23342294991016388,-0.253676176071167,0.5168906450271606,-0.04859023913741112,-0.06563980877399445,0.36473649740219116,-0.25966596603393555,0.03836973011493683,-0.3059401214122772,0.19106635451316833,0.051715485751628876,-0.016840409487485886,-0.12423878908157349,0.24167373776435852,0.497811496257782,-0.24871590733528137,0.5706287026405334,0.04127907007932663,0.2597718834877014,0.022488761693239212,0.06300518661737442,0.21443967521190643,0.3830459713935852,-0.2802474796772003,-0.10885386168956757,-0.3279494047164917,-0.28007346391677856,-0.01007041335105896,0.33150723576545715,-0.014130553230643272,-0.1938619613647461,0.24852053821086884,0.06722462922334671,-0.33005383610725403,-0.47284039855003357,0.23714880645275116,0.25663742423057556,-0.16308647394180298,0.057482559233903885,0.32427749037742615,-0.24110963940620422,0.3168582022190094,-0.03296203538775444,0.08449818938970566,-0.28332674503326416,-0.17946022748947144,-0.07129010558128357,-0.009705876931548119,-0.20863406360149384,-0.12422601133584976,-0.0596882700920105,-0.2782246470451355,0.008702057413756847,0.26534032821655273,-0.1387374848127365,-0.11708297580480576,-0.14132598042488098,-0.03553790971636772,-0.06629177182912827,0.057541243731975555,-0.20582914352416992,0.26539403200149536,-0.08564728498458862,0.2831878066062927,0.03231938183307648,-0.3408435583114624,-0.17756952345371246,-0.4730795919895172,0.007836876437067986,-0.14589723944664001,-0.05800015851855278,-0.3344718813896179,0.463400661945343,-0.17345012724399567,0.2672167420387268,-0.09311126172542572,-0.39267534017562866,-0.18900585174560547,0.20333102345466614,0.14225228130817413,-0.19447419047355652,0.17066408693790436,-0.22300371527671814,-0.3756391108036041,0.11296266317367554,0.06613563746213913,0.21675069630146027,-0.08544330298900604,0.09993276745080948,0.16494432091712952,-0.050512950867414474,-5.2472947572823614e-05,0.06602035462856293,0.329441100358963,0.11737565696239471,-0.24071156978607178,0.11844229698181152,-0.2788453698158264,0.0015687316190451384,-0.07973888516426086,0.10439793020486832,-0.4276438355445862,0.11577221006155014,0.3148649334907532,0.2666471600532532,-0.14759528636932373,0.492307186126709,0.19857905805110931,0.2715226411819458,-0.648511528968811,0.14929604530334473,0.12585358321666718,0.33758339285850525,0.2439539134502411,0.12643030285835266,-0.00025662482948973775,0.3067817986011505,-0.39013469219207764,0.07211542129516602,0.14646267890930176,0.09750126302242279,-0.40712571144104004,-0.008516383357346058,-0.11941801011562347,-0.10977468639612198,-0.15211114287376404,0.25778061151504517,0.06935881078243256,-0.3882831633090973,0.27135664224624634,0.32314223051071167,-0.3548939824104309,0.1445794254541397,-0.3789557218551636,0.11422879993915558,-0.45162540674209595,-0.2772008776664734,0.4345787465572357,-0.1169334277510643,-0.06016160175204277,0.11916180700063705,-0.2555309236049652,-0.3184087872505188,-0.09547939151525497,0.4745994210243225,-0.5551826357841492,-0.07319430261850357,0.02321745827794075,0.05147511884570122,-0.19461284577846527
CID000002182,6540,0.3778366446495056,0.054366547614336014,-0.019252102822065353,0.22565129399299622,-0.2439454048871994,0.03576681390404701,0.23238560557365417,0.24383458495140076,-0.1270262598991394,0.26143717765808105,0.2056235820055008,0.09496647864580154,0.10998371988534927,0.12194181978702545,-0.270618736743927,-0.017898809164762497,-0.16560402512550354,-0.15269501507282257,0.14300258457660675,-0.37461215257644653,0.024085991084575653,-0.3163285255432129,0.13841509819030762,-0.8059256672859192,0.20313453674316406,0.16360390186309814,-0.09323205053806305,0.03600359708070755,-0.015965068712830544,0.13314561545848846,-0.11716818809509277,0.2517941892147064,-0.051668547093868256,0.11391641199588776,-0.011902349069714546,-0.03606610745191574,0.11097653210163116,0.09509129822254181,0.14225485920906067,-0.17229698598384857,-0.031009402126073837,-0.4691573679447174,0.2758480906486511,-0.17441090941429138,-0.3342777192592621,0.35466066002845764,-0.03426507115364075,0.051222216337919235,0.10590453445911407,0.20062191784381866,0.15528681874275208,-0.0803113505244255,-0.20041528344154358,-0.1553390771150589,0.12315116822719574,-0.08670389652252197,0.015287751331925392,0.16125322878360748,0.10468035936355591,0.07003141194581985,-0.18620581924915314,-0.3758453130722046,0.13429003953933716,-0.013433868065476418,0.30530017614364624,0.40111881494522095,-0.16733303666114807,-0.1102541834115982,0.16130100190639496,0.09081320464611053,0.24631214141845703,0.27330857515335083,-0.33004501461982727,-0.298231303691864,-0.21648427844047546,0.19894979894161224,-0.06304005533456802,0.18403641879558563,-0.051218997687101364,-0.18025252223014832,0.013447241857647896,-0.5354653000831604,-0.23363693058490753,-0.052041810005903244,-0.02507762238383293,-0.1037478893995285,0.28220945596694946,-0.006390511989593506,-0.03808366134762764,-0.6937476992607117,-0.0381593331694603,0.413339763879776,0.03454998508095741,0.075078085064888,-0.10268497467041016,-0.3454107344150543,-0.14890854060649872,-0.049509577453136444,-0.1763562113046646,0.4749346375465393,-0.18566879630088806,-0.1161918044090271,-0.10640972852706909,0.29314371943473816,0.2359493225812912,0.09706592559814453,0.010744407773017883,0.25121253728866577,0.40496984124183655,-0.19688785076141357,-0.08424790948629379,0.21268129348754883,-0.21615305542945862,0.005336117930710316,0.26408958435058594,0.2819555699825287,-0.08121486753225327,0.03416197746992111,-0.14511480927467346,0.264049768447876,0.5491488575935364,-0.11146102100610733,0.2860298752784729,0.23640234768390656,0.03056938946247101,0.18281742930412292,0.04863116145133972,0.04690254479646683,0.2559945583343506,-0.04145444557070732,0.0233994722366333,-0.4655674993991852,-0.33815208077430725,0.05540729686617851,0.28422707319259644,-0.12082888185977936,-0.21241120994091034,0.19298511743545532,-0.23500967025756836,-0.2688349485397339,-0.3039991855621338,0.05314960330724716,0.10891829431056976,-0.14424042403697968,0.05498255416750908,0.28962641954421997,-0.1925516575574875,0.3189530372619629,0.12198444455862045,0.18378481268882751,0.208955317735672,-0.11392605304718018,-0.23654679954051971,0.3666555881500244,-0.24813885986804962,-0.11531255394220352,-0.0700933113694191,-0.1313532143831253,0.0846317782998085,0.3076203465461731,0.029075931757688522,-0.061558108776807785,-0.048357103019952774,0.13141313195228577,-0.054090697318315506,-0.02371928095817566,-0.18454758822917938,0.07890715450048447,-0.1651333123445511,0.2511354088783264,0.2027263194322586,-0.2141920030117035,-0.2825953960418701,-0.25905919075012207,0.04472952336072922,-0.06477208435535431,0.07693537324666977,-0.18721145391464233,0.2801503539085388,0.1059098020195961,0.14551013708114624,-0.0841374546289444,-0.19927044212818146,-0.09701605886220932,0.088213250041008,0.29262107610702515,-0.15416520833969116,-0.19280950725078583,-0.1396443247795105,-0.4045383036136627,-0.15920644998550415,0.029832253232598305,0.21115489304065704,0.11019806563854218,0.17383171617984772,-0.1374737173318863,0.049451183527708054,-4.6902896428946406e-05,-0.062033575028181076,-0.2153986245393753,0.13952143490314484,-0.27708959579467773,0.210011288523674,-0.3321685194969177,0.11839710175991058,-0.1552615910768509,-0.09969393908977509,0.0853501707315445,0.022187601774930954,0.32630857825279236,0.3437749445438385,0.03121655061841011,0.3364385664463043,0.1521686613559723,0.0282592810690403,-0.34119170904159546,-0.22406058013439178,-0.007420638110488653,0.12757928669452667,-0.05204669386148453,-0.054203491657972336,-0.18467190861701965,-0.1339426040649414,-0.27220720052719116,0.00014555900997947901,-0.10706961154937744,0.026990126818418503,0.038467563688755035,0.03014693781733513,-0.15620367228984833,-0.08443860709667206,-0.15701933205127716,0.20401449501514435,0.004265683703124523,-0.09276778995990753,-0.1365698128938675,0.22611984610557556,-0.413611501455307,0.12223528325557709,-0.19316443800926208,0.18817953765392303,-0.37869638204574585,0.31285592913627625,0.219241663813591,-0.007285711355507374,-0.0660591572523117,0.22369948029518127,-0.006558343768119812,-0.517812967300415,-0.17003563046455383,0.32726460695266724,-0.22779302299022675,0.06626208871603012,-0.23637254536151886,0.18954476714134216,0.014413416385650635
CID000005482,6691,0.23748639225959778,-0.038265667855739594,0.014425413683056831,0.3574438691139221,-0.28784018754959106,-0.013827644288539886,0.23536841571331024,0.3305083215236664,0.056965045630931854,0.3626759648323059,0.4020223617553711,-0.24602286517620087,0.038744956254959106,0.339435875415802,-0.010743625462055206,0.028348475694656372,-0.022903308272361755,-0.11286386102437973,0.2199282944202423,-0.48143523931503296,0.035400617867708206,-0.21406809985637665,0.0920325294137001,-0.8062121272087097,0.12699386477470398,0.15198910236358643,-0.027681270614266396,0.020010745152831078,-0.17037011682987213,0.1590672731399536,-0.30994871258735657,0.3334130644798279,0.021800894290208817,-0.07644423097372055,0.04956147447228432,-0.275465190410614,0.12104246765375137,0.07416725158691406,0.06680692732334137,-0.16302615404129028,-0.17696265876293182,-0.4311447739601135,0.25293785333633423,-0.31255021691322327,-0.08797497302293777,0.27901893854141235,-0.01541169174015522,-0.08533109724521637,0.12044044584035873,-0.011923035606741905,0.3120189607143402,0.2739139497280121,-0.08714377880096436,-0.011673003435134888,-0.2730329930782318,-0.04317265376448631,0.07645249366760254,0.15571223199367523,0.4061032831668854,0.3450392484664917,-0.14128664135932922,-0.3025776743888855,0.30197498202323914,-0.2184688150882721,0.347719669342041,0.4992333948612213,-0.15384919941425323,-0.15104159712791443,0.07035592943429947,0.4183799624443054,0.15320619940757751,0.25527364015579224,-0.248216912150383,-0.5182746648788452,-0.4742569923400879,0.14100994169712067,-0.11392191797494888,0.18793156743049622,-0.03460083156824112,-0.01774628460407257,-0.09527543932199478,-0.4820898175239563,-0.3035162389278412,0.26929783821105957,-0.05797487497329712,-0.08952265977859497,0.26387178897857666,0.013478061184287071,0.08970977365970612,-0.6472748517990112,-0.09542815387248993,0.26719337701797485,-0.046390630304813385,0.24864161014556885,0.05000818893313408,-0.32825061678886414,0.13293273746967316,0.16124841570854187,0.19305792450904846,0.39355671405792236,-0.40879517793655396,-0.08198680728673935,-0.04705320671200752,0.4083697199821472,0.08700604736804962,0.04981265217065811,-0.19155672192573547,-0.008895439095795155,0.4865397810935974,0.1195918545126915,0.06223859265446663,0.14751598238945007,-0.12183161079883575,-0.21302179992198944,0.14603860676288605,0.29731693863868713,0.17622654139995575,0.16949889063835144,0.04701332375407219,0.16079455614089966,0.6755624413490295,-0.4031137526035309,0.2284359633922577,0.2526380121707916,-0.10824301093816757,0.14114905893802643,-0.004569686949253082,-0.030662640929222107,0.3543141484260559,0.045081667602062225,0.10866834968328476,-0.5051265954971313,-0.32009395956993103,0.08274681866168976,0.2851921319961548,-0.0894031971693039,0.048251956701278687,0.10372133553028107,-0.29079657793045044,-0.3154919743537903,-0.1882026493549347,0.3129982352256775,-0.07082591950893402,-0.07549487054347992,-0.03428427502512932,0.24177558720111847,-0.32836735248565674,0.4920242726802826,-0.0030894516967236996,0.1701292097568512,0.03459262102842331,-0.2665366530418396,-0.14599795639514923,0.3393709659576416,-0.17119744420051575,0.042503874748945236,-0.08894812315702438,-0.003311601933091879,0.3752219080924988,0.4536648392677307,-0.10866782814264297,0.14314378798007965,-0.18772445619106293,-0.14071443676948547,-0.15708228945732117,-0.13904646039009094,-0.2527161240577698,0.17582979798316956,-0.19885042309761047,0.36921587586402893,0.0692366361618042,-0.09085865318775177,-0.2823708653450012,0.014157244935631752,0.20802918076515198,-0.18116426467895508,0.09997691959142685,-0.32454603910446167,0.5030240416526794,-0.08186931908130646,0.2111997902393341,0.05397949367761612,0.000858867191709578,-0.10335030406713486,0.10252096503973007,0.25206083059310913,-0.10540838539600372,-0.21121831238269806,-0.056785695254802704,-0.35377970337867737,-0.3261294662952423,0.2835875153541565,0.215541809797287,0.09851790219545364,0.1260615438222885,-0.14946326613426208,-0.013743611052632332,-0.3071419894695282,0.0797717422246933,-0.160720095038414,0.11691378057003021,-0.38772812485694885,-0.13466858863830566,-0.41651225090026855,0.09516696631908417,-0.1803344488143921,-0.19645163416862488,0.0693449154496193,0.32344967126846313,0.38535577058792114,0.4108838140964508,0.31194260716438293,0.4916977286338806,0.14888611435890198,0.1693776696920395,-0.38716942071914673,-0.0744098648428917,0.0037868067156523466,-0.1403961032629013,0.08423540741205215,-0.1487044394016266,-0.25540968775749207,-0.0018164158100262284,-0.2348310947418213,0.1432487964630127,0.05397798493504524,-0.2360852062702179,-0.131440669298172,-0.28126490116119385,-0.17365378141403198,-0.016589466482400894,-0.10177234560251236,0.09566547721624374,0.14879187941551208,-0.13077513873577118,0.0981166809797287,0.4601925015449524,-0.19475969672203064,0.17673596739768982,-0.10336802899837494,0.07438375800848007,-0.4146883487701416,0.1269487589597702,0.2860584855079651,0.11342108249664307,-0.27865028381347656,-0.0015167414676398039,0.09950204193592072,-0.5945014357566833,0.04942405968904495,0.2945590019226074,-0.21913456916809082,0.18284055590629578,-0.24368742108345032,0.09953109920024872,-0.061995018273591995
CID000002349,6914,0.8537415266036987,-0.1922563910484314,0.24545904994010925,0.3384492099285126,-0.5323832035064697,0.31237030029296875,0.027234449982643127,0.1426074057817459,-0.04244285076856613,0.36343827843666077,0.14097949862480164,-0.12142021954059601,0.12395663559436798,0.004305815789848566,-0.23517687618732452,0.1783246546983719,-0.1346074640750885,-0.3372613787651062,0.013081503100693226,-0.3776742219924927,0.28878480195999146,-0.20658163726329803,-0.04530143737792969,-0.7274360656738281,0.20227286219596863,0.2531605362892151,-0.20041927695274353,0.24114878475666046,0.09049675613641739,0.05906951427459717,0.005460825748741627,0.2412717342376709,0.08307643234729767,0.19598741829395294,0.0074469358660280704,-0.05890519544482231,0.041450101882219315,0.27894654870033264,-0.5773629546165466,-0.4352415204048157,0.3227766156196594,-0.17825226485729218,0.33190181851387024,0.03856312483549118,-0.17349043488502502,0.09559719264507294,0.01418614387512207,0.08278156816959381,0.16942283511161804,0.7792324423789978,0.5135746598243713,-0.017315754666924477,-0.08629907667636871,0.2587403357028961,-0.0991516187787056,-0.1020674929022789,0.3390963077545166,0.07871156185865402,0.7235259413719177,0.08032475411891937,-0.3048623502254486,-0.25174763798713684,-0.06009792163968086,0.038551829755306244,0.005292973015457392,0.6845672726631165,-0.3078800439834595,0.16154465079307556,-0.09781081974506378,-0.07080366462469101,-0.018582332879304886,-0.1999158412218094,-0.4479003846645355,-0.4639952778816223,-0.09778065234422684,1.1183913946151733,0.025075580924749374,-0.5140911340713501,0.14280806481838226,-0.11216417700052261,-0.055228281766176224,-0.37473028898239136,-0.3411911129951477,-0.18856261670589447,-0.027883265167474747,-0.2505197525024414,0.14135044813156128,0.04572680965065956,-0.059239376336336136,-1.2622228860855103,0.05330440402030945,0.74739670753479,-0.5290417075157166,0.48850470781326294,0.12243268638849258,-0.4439557194709778,-0.1752670258283615,0.09353063255548477,-0.10185165703296661,0.49468427896499634,0.23979982733726501,-0.08274901658296585,-0.07251937687397003,0.22826948761940002,-0.3384164571762085,-0.004578790161758661,-0.03766042739152908,0.10695607960224152,0.21541769802570343,-0.019005367532372475,-0.09939254075288773,0.07532914727926254,-0.2684163451194763,-0.24706526100635529,-0.159240260720253,0.3398648500442505,-0.5695894360542297,0.11554187536239624,-0.019326714798808098,0.039446938782930374,0.985011875629425,-0.5883381962776184,0.1402297466993332,-0.48073190450668335,-0.18586234748363495,0.17220567166805267,0.014786774292588234,0.28457748889923096,-0.06638612598180771,0.1284075677394867,0.23869705200195312,-0.6637178659439087,-0.37581533193588257,0.0758819729089737,-0.05269981548190117,0.0353388674557209,-0.1520538479089737,0.42172035574913025,-0.13506023585796356,-0.7718361020088196,-0.5562950968742371,-0.004321572370827198,0.1283070147037506,-0.02891857922077179,0.04963378980755806,-0.013968328014016151,-0.21405573189258575,0.8351165056228638,-0.07715294510126114,0.11549695581197739,-0.008553258143365383,-0.5010517835617065,-0.1553993970155716,0.11518509685993195,-0.4113786816596985,0.0323907695710659,0.22331610321998596,-0.10991672426462173,0.07986493408679962,0.3910653293132782,0.0016395061975345016,-0.005142235662788153,0.012357858940958977,-0.2633667588233948,-0.08605042099952698,-0.12174656242132187,-0.4164744019508362,-0.09407045692205429,0.4146537184715271,0.2997575104236603,0.2691301107406616,0.1116342693567276,-0.23871687054634094,-0.24436187744140625,0.12158183008432388,-0.13367636501789093,-0.04961172491312027,0.06115464121103287,0.8467420339584351,-0.006062111351639032,0.15059052407741547,0.2862339913845062,-0.015417531132698059,-0.2390691041946411,0.1444300264120102,0.13115724921226501,-0.4036172926425934,-0.07854332029819489,0.05302776023745537,-0.34396904706954956,-0.02806895039975643,0.15121345221996307,-0.0032829921692609787,-0.16511854529380798,0.2264154851436615,0.10611381381750107,0.02904927171766758,0.05838672071695328,0.02719290554523468,0.13968953490257263,0.15840519964694977,-0.46001166105270386,1.1397215127944946,-0.1024700254201889,0.016459887847304344,0.440737783908844,0.02418963611125946,0.2705983519554138,1.0560481548309326,0.4055865406990051,0.41044777631759644,-0.15132039785385132,-0.1458057016134262,0.12398958206176758,0.05345982313156128,-0.9165620803833008,0.07343247532844543,0.0031452677212655544,-0.08644968271255493,0.007477110717445612,-0.3396863043308258,-0.3599826693534851,0.19074705243110657,-0.5275022983551025,-0.22855553030967712,0.1717604100704193,-0.07071185857057571,-0.17391768097877502,0.07164420187473297,-0.5433343648910522,-0.24567636847496033,0.30373671650886536,-0.15958304703235626,0.10403361171483994,-0.13941964507102966,0.1558430790901184,1.0325965881347656,-0.5671594738960266,0.06391768157482147,-0.1343870460987091,0.357849657535553,-0.6675096750259399,-0.09461228549480438,0.3925255537033081,-0.6782420873641968,0.03764593228697777,0.14472779631614685,-0.0800447016954422,-0.49537110328674316,-0.15514132380485535,0.11338738352060318,0.05882684141397476,0.2472146451473236,-0.5583361983299255,0.15929889678955078,-0.09811760485172272
CID000004645,6940,0.3708163797855377,0.1561373770236969,0.21923711895942688,0.6149514317512512,-0.45113906264305115,0.21242237091064453,0.06276722997426987,0.29216092824935913,-0.03661372512578964,0.2494770735502243,-0.27469852566719055,-0.34730222821235657,-0.022626200690865517,0.3848736584186554,-0.1882532387971878,0.25178977847099304,0.16622717678546906,-0.3267560303211212,0.030147183686494827,-0.32906660437583923,-0.14307129383087158,-0.17411109805107117,-0.020526530221104622,-0.7768160700798035,-0.03228820115327835,0.18132418394088745,-0.26740580797195435,-0.08402650058269501,-0.06375370919704437,0.08725082874298096,-0.4891308844089508,0.24386820197105408,0.06240371614694595,-0.12433542311191559,0.013056337833404541,0.2496994286775589,0.48796749114990234,-0.015365282073616982,0.050947077572345734,-0.4187401831150055,-0.06450195610523224,0.0281827449798584,-0.030076246708631516,-0.14518621563911438,-0.2173742800951004,0.2510077953338623,0.058403752744197845,0.05839380621910095,0.32964223623275757,0.2626200318336487,0.5916234850883484,-0.24414634704589844,-0.20802521705627441,-0.028569068759679794,0.075544573366642,-0.23355045914649963,0.4044952988624573,0.10034134238958359,0.3119196593761444,0.07651932537555695,-0.3041542172431946,-0.34698426723480225,-0.19350473582744598,-0.04025162011384964,0.09275387972593307,0.6183821558952332,-0.17266185581684113,-0.14939212799072266,0.11015325784683228,-0.030354123562574387,0.21812529861927032,-0.1362733691930771,0.0557740218937397,-0.5396155118942261,-0.34133633971214294,-0.07635492831468582,0.03320644423365593,-0.04600195959210396,-0.19720692932605743,0.0151133444160223,-0.11806212365627289,-0.2592056393623352,-0.21657946705818176,-0.044243019074201584,0.25200653076171875,0.12011401355266571,0.1285669505596161,0.20350678265094757,-0.06705047935247421,-0.7383378744125366,-0.023766886442899704,0.050893813371658325,-0.14652444422245026,0.3334228992462158,0.04990427941083908,-0.28496089577674866,-0.11174847930669785,-0.13742151856422424,-0.048440925776958466,0.25223881006240845,0.2220187932252884,0.4097844660282135,0.007037284784018993,0.31115835905075073,0.12503266334533691,0.009346762672066689,0.01641567051410675,0.07761450111865997,0.3657485842704773,-0.28647929430007935,0.018889376893639565,0.3239707350730896,-0.24762336909770966,-0.2595680356025696,-0.022652333602309227,0.2969435453414917,-0.19726479053497314,-0.06681680679321289,0.1203036904335022,0.4143298268318176,0.5954472422599792,-0.2145066261291504,0.16635820269584656,0.36010175943374634,-0.21736383438110352,0.37895020842552185,-0.047618381679058075,-0.19967862963676453,0.11724887788295746,0.02075887843966484,0.22536468505859375,-0.5491973161697388,-0.548478901386261,0.23078814148902893,0.22388401627540588,0.22338362038135529,-0.009235733188688755,0.27914392948150635,0.2686966359615326,-0.15449047088623047,-0.33717140555381775,0.39111024141311646,0.23428058624267578,0.16648809611797333,-0.1125422865152359,0.04873896390199661,-0.15869054198265076,0.5765179395675659,0.15094216167926788,0.34352344274520874,0.03778906539082527,-0.3810536563396454,-0.05618662387132645,0.11325807869434357,-0.36699378490448,-0.1736568957567215,0.05903423950076103,-0.09968478232622147,0.5119996666908264,0.1281004548072815,-0.05626710504293442,0.1026792973279953,-0.04514563828706741,0.1885213851928711,-0.5805498361587524,-0.1670805960893631,-0.3315422236919403,0.06919749826192856,-0.04803571477532387,0.24432778358459473,-0.09615322947502136,0.01801246777176857,-0.12087161839008331,-0.2195071280002594,0.27955877780914307,-0.012951314449310303,0.45576128363609314,-0.3620465397834778,0.7860774397850037,0.24818488955497742,-0.23266375064849854,0.18925848603248596,0.046934355050325394,-0.07241708040237427,-0.002365249441936612,0.15904036164283752,-0.2592422366142273,-0.15077826380729675,0.033041812479496,-0.3517829179763794,0.18938785791397095,-0.14211305975914001,-0.014680767431855202,-0.023913631215691566,0.15689805150032043,-0.06335093826055527,0.037278659641742706,-0.04157393053174019,-0.2879650294780731,-0.1042633205652237,-0.29129764437675476,-0.4464331269264221,-0.0266349408775568,-0.36956119537353516,-0.08719891309738159,-0.08136944472789764,0.15102627873420715,-0.01931120827794075,0.6063212156295776,0.5130764245986938,0.2458844929933548,0.15739814937114716,0.22143545746803284,0.023407619446516037,0.1118607372045517,-0.40715742111206055,-0.03674067184329033,0.03408145532011986,0.04597076028585434,-0.08477281033992767,-0.1454615294933319,-0.2965787351131439,0.10586418956518173,-0.2381751835346222,-0.14191597700119019,-0.18861809372901917,0.07431524991989136,-0.20152385532855988,0.23082128167152405,0.3803432583808899,0.12602080404758453,0.1149759516119957,0.27626413106918335,0.014244219288229942,0.09790074825286865,-0.09513317793607712,0.7378152012825012,-0.567099928855896,0.09718110412359238,-0.40273767709732056,0.05207407474517822,-0.3858081102371216,0.02416508086025715,0.18558642268180847,-0.10545770823955536,-0.024690404534339905,0.02895098552107811,-0.3387830853462219,-0.5761215686798096,-0.37482374906539917,0.25802484154701233,-0.07417502254247665,0.15844358503818512,-0.37077856063842773,-0.11318959295749664,0.14663061499595642
CID000000815,6961,0.2800326943397522,0.08545519411563873,0.036420755088329315,0.5171164274215698,-0.577263355255127,0.25566181540489197,-0.14284411072731018,0.18746237456798553,0.10785116255283356,0.5524484515190125,-0.009617012925446033,-0.30817633867263794,-0.5639559626579285,0.44534268975257874,0.12319982051849365,-0.12452816963195801,-0.14475496113300323,-0.13094072043895721,0.4312435984611511,-0.5455529093742371,0.2696835994720459,0.08964423835277557,-0.008679814636707306,-0.736289381980896,-0.2934965491294861,-0.20777945220470428,-0.5263397097587585,-0.3381451964378357,0.032291896641254425,0.1572362184524536,-0.1818668097257614,0.05942593887448311,-0.019333934411406517,0.04185963422060013,-0.05616192892193794,-0.03492873162031174,-0.0828830748796463,0.4988081455230713,0.04566025733947754,-0.3006523847579956,-0.16947349905967712,0.016563141718506813,0.12566593289375305,-0.022383976727724075,-0.18796516954898834,0.19769424200057983,-0.06550280004739761,-0.033572934567928314,-0.04932894930243492,0.18932445347309113,0.648271381855011,-0.09782419353723526,-0.3354526460170746,0.15000267326831818,0.12825188040733337,-0.24741844832897186,0.2073231041431427,-0.09928176552057266,0.7914448380470276,-0.0750822052359581,-0.08641260117292404,-0.5478922128677368,-0.2653540074825287,-0.055751096457242966,0.09129565954208374,1.0080678462982178,-0.2484656125307083,0.20366278290748596,0.13884679973125458,0.03333272784948349,0.049044977873563766,-0.3066742718219757,-0.41968995332717896,-0.6240031123161316,-0.2201731950044632,0.12441089004278183,-0.16512775421142578,-0.31448447704315186,-0.24766799807548523,-0.004558958578854799,-0.2516816556453705,-0.3516032099723816,-0.28506189584732056,0.28422755002975464,0.04376421496272087,-0.4628105163574219,-0.0970236212015152,0.29332733154296875,0.02293452061712742,-0.9724225997924805,-0.03860440105199814,0.22840836644172668,0.060025595128536224,0.30819082260131836,-0.08571022748947144,-0.3592609763145447,-0.031032651662826538,0.10659901797771454,0.16582973301410675,0.1494537889957428,-0.16533327102661133,0.1072494387626648,-0.08040555566549301,0.41033369302749634,-0.15637880563735962,-0.15151867270469666,-0.016122566536068916,0.060920607298612595,0.14636245369911194,-0.08504942804574966,-0.24377021193504333,0.3209678530693054,0.01739458367228508,-0.5726433396339417,-0.22406168282032013,0.2866000533103943,-0.046988118439912796,-0.16305947303771973,-0.1678951233625412,0.1376883089542389,0.6711815595626831,-0.2187952697277069,0.21696369349956512,0.08753806352615356,-0.21987076103687286,0.5920528173446655,-0.06982370465993881,-0.6003010869026184,0.27767041325569153,-0.07054540514945984,0.11309178918600082,-0.42363452911376953,-0.49484753608703613,0.09226338565349579,0.21207575500011444,0.7491275072097778,0.12088225781917572,0.4487507939338684,0.14208590984344482,-0.13708043098449707,0.07377807050943375,0.4697234630584717,0.05052495002746582,-0.07563874125480652,0.17710720002651215,0.3359045684337616,-0.4971838891506195,0.7746554613113403,-0.18951527774333954,-0.07777056097984314,-0.05548738315701485,-0.38500458002090454,0.3697034418582916,0.11498472839593887,-0.31707701086997986,-0.10701799392700195,0.22290782630443573,-0.31748145818710327,0.1307937353849411,0.15941019356250763,-0.12468544393777847,0.014244996011257172,0.02917226031422615,0.14353658258914948,0.03344234451651573,0.18986333906650543,0.32395485043525696,-0.03602338582277298,-0.27655160427093506,0.053605806082487106,-0.04637753218412399,0.0873342752456665,-0.17307627201080322,-0.11940242350101471,-0.08372955024242401,0.04166698455810547,-0.16589486598968506,-0.17189134657382965,0.6477738618850708,0.14681437611579895,-0.08262370526790619,0.2099144458770752,-0.27198848128318787,-0.2726307213306427,0.22760546207427979,0.12261631339788437,-0.09175261855125427,-0.2493114173412323,0.5680976510047913,-0.42640870809555054,0.24141860008239746,-0.1612417995929718,-0.058862436562776566,-0.03102261945605278,0.3804406523704529,0.29073476791381836,0.013884973712265491,-0.13927121460437775,-0.04579266905784607,0.46259742975234985,0.048423849046230316,-0.5961604714393616,-0.003761090338230133,-0.11113125085830688,-0.08498741686344147,0.34285932779312134,-0.25900253653526306,0.10660094022750854,0.9621502757072449,0.4824046194553375,0.3730502724647522,0.3177344799041748,0.047166913747787476,0.35501807928085327,0.2043563574552536,-0.1452053040266037,-0.010569581761956215,0.15487052500247955,0.16728924214839935,0.10694883018732071,-0.15914282202720642,-0.374581515789032,-0.10927797853946686,-0.19074341654777527,-0.15658198297023773,0.09870322793722153,-0.0950748473405838,-0.43562692403793335,-0.3128903806209564,0.09113739430904388,-0.018714189529418945,0.49754881858825684,-0.07825438678264618,-0.05343666672706604,0.0223586056381464,0.12835776805877686,0.9516399502754211,-0.6404876112937927,-0.03772199898958206,-0.27063697576522827,0.12326620519161224,-0.14907090365886688,-0.1761791706085205,0.4097324311733246,-0.1760435551404953,0.09846706688404083,0.1700160801410675,-0.16800625622272491,-0.8076697587966919,-0.45267415046691895,0.22063736617565155,-0.3027161657810211,0.14249534904956818,-0.5896785855293274,0.012320360168814659,0.530312716960907
CID003086258,7070,-0.04352537542581558,0.01758190430700779,0.25413277745246887,0.717375636100769,-0.4120529294013977,0.052541859447956085,0.0471029207110405,0.2324044406414032,0.1706770658493042,0.42764002084732056,0.051467616111040115,-0.033575575798749924,-0.04618299752473831,0.17229501903057098,-0.15656843781471252,-0.09484154731035233,0.025363367050886154,0.01390527468174696,-0.04528278857469559,-0.464085191488266,-0.10830690711736679,-0.3526798188686371,-0.3198535740375519,-0.7867386341094971,-0.30351337790489197,-0.04409746453166008,-0.21364298462867737,0.03761168569326401,-0.07951901853084564,0.00958858709782362,-0.010919380001723766,0.21052715182304382,0.18366573750972748,0.21618826687335968,0.12959985435009003,0.2631930410861969,-0.012277130037546158,0.25683245062828064,0.07672993093729019,-0.29633599519729614,-0.11237845569849014,0.10283926874399185,0.023936446756124496,-0.07804359495639801,0.06724856048822403,0.3530648648738861,0.1190660372376442,0.05256524682044983,0.20360855758190155,-0.09013855457305908,0.5131820440292358,-0.16447368264198303,-0.24534539878368378,-0.005765965674072504,-0.05948679894208908,-0.15134891867637634,-0.17669013142585754,0.06111983209848404,0.1478901207447052,-0.03439553827047348,-0.12253280729055405,-0.17377977073192596,-0.0232789758592844,0.0853508859872818,0.3206561207771301,0.2703210711479187,-0.2779969573020935,-0.0036377012729644775,-0.06267111003398895,0.07524068653583527,0.12750723958015442,-0.1668694019317627,-0.2072468101978302,-0.0832497626543045,0.02707132138311863,-0.052494071424007416,0.13164493441581726,-0.0069106160663068295,-0.13982389867305756,-0.09306491166353226,0.25640448927879333,-0.40277522802352905,-0.37264540791511536,-0.21297073364257812,0.1247854083776474,0.16577725112438202,0.15630583465099335,0.19172728061676025,0.16702282428741455,-0.6416943669319153,-0.003364548087120056,0.05092628672719002,-0.004606799688190222,0.05783725902438164,-0.21726611256599426,-0.11216237396001816,0.13200446963310242,-0.16735145449638367,0.38274139165878296,-0.07792679965496063,0.05224086716771126,0.01854865811765194,-0.03496876358985901,0.26617273688316345,-0.01228799857199192,0.1358177214860916,0.10286237299442291,0.28840041160583496,0.5395981669425964,-0.11912832409143448,-0.07474207878112793,0.09342463314533234,-0.1310540735721588,-0.038893744349479675,-0.008341503329575062,0.12470139563083649,-0.1890004426240921,0.008446896448731422,-0.1811358630657196,0.08643567562103271,0.8034244775772095,-0.04066416621208191,0.09288303554058075,0.13792556524276733,-0.01840987801551819,0.33181995153427124,0.038578879088163376,0.13784842193126678,0.26810067892074585,0.015330369584262371,0.2056979238986969,-0.519032895565033,-0.4273419976234436,0.018773773685097694,0.24241650104522705,0.12317001819610596,0.09220005571842194,0.10523068904876709,-0.10443885624408722,-0.0960519090294838,-0.15318894386291504,0.20170888304710388,0.0841393768787384,-0.15091446042060852,-0.002537846565246582,0.10943116992712021,0.039334796369075775,0.4390951693058014,0.08170203119516373,0.3497033715248108,-0.14669974148273468,-0.5704355239868164,0.04395268112421036,0.10874509811401367,-0.16397234797477722,-0.1538931429386139,0.10126610845327377,-0.004434552974998951,0.029147852212190628,0.1608179211616516,-0.12029045820236206,-0.2267015278339386,0.0467895045876503,0.31955647468566895,0.0073448061011731625,0.2023496925830841,-0.19376960396766663,0.3669433295726776,0.13453324139118195,-0.13089783489704132,-0.039955295622348785,-0.14964327216148376,0.020844941958785057,-0.2577839493751526,0.12019600719213486,-0.11997268348932266,0.13988158106803894,-0.16518056392669678,0.6065540313720703,0.042881738394498825,-0.25525593757629395,0.1840015947818756,0.0017612989759072661,-0.11363375186920166,0.18063092231750488,-0.07194046676158905,-0.12241611629724503,-0.020073145627975464,0.0015239507192745805,-0.24977461993694305,0.2955890893936157,-0.01958508975803852,-0.16156689822673798,-0.3925785422325134,0.25209107995033264,-0.09160685539245605,-0.00167597527615726,-0.03707251697778702,0.07281229645013809,-0.017705116420984268,-0.0215471051633358,-0.21526272594928741,-0.14269216358661652,-0.3131226599216461,0.04746946319937706,-0.17716701328754425,0.12491990625858307,-0.00836883019655943,-0.10474397242069244,0.670278012752533,0.3575272262096405,-0.06156842038035393,0.24725651741027832,-0.057424306869506836,0.1309327334165573,-0.0692080408334732,0.11091876029968262,0.32062751054763794,0.07284091413021088,-0.12478754669427872,-0.026036405935883522,0.05279870703816414,-0.2877506613731384,-0.2015785425901413,0.06323597580194473,-0.16582505404949188,-0.14031347632408142,-0.1480046808719635,0.08877018839120865,0.0084232147783041,-0.056245673447847366,0.19076262414455414,0.08752626180648804,0.050749026238918304,0.07048952579498291,-0.2271774560213089,0.6471074819564819,-0.24906103312969208,0.11125661432743073,-0.19874238967895508,0.11689762771129608,-0.4846094250679016,0.12994477152824402,-0.06759003549814224,-0.10849416255950928,-0.0741562694311142,0.020859410986304283,0.012478625401854515,-0.6458266973495483,-0.09643008559942245,0.14692974090576172,-0.1782366931438446,-0.19425848126411438,-0.34642428159713745,0.17664305865764618,-0.25232064723968506
CID000004497,7241,0.2039831578731537,0.0736016184091568,-0.09388092905282974,0.4030384123325348,-0.4228339195251465,-0.04204817861318588,0.27520352602005005,0.1877816766500473,0.16156168282032013,0.3063901960849762,0.06992171704769135,-0.25925213098526,0.12811097502708435,0.42021360993385315,0.08217494934797287,-0.0027304054237902164,-0.09234732389450073,-0.06598565727472305,-0.058511484414339066,-0.3352009952068329,-0.07956255972385406,-0.31528788805007935,-0.23012356460094452,-0.6771910786628723,0.07455850392580032,0.16985510289669037,-0.2681857943534851,-0.2301144152879715,-0.016571929678320885,0.2513940632343292,-0.22330518066883087,0.29501616954803467,0.12186477333307266,0.2093430459499359,0.061593376100063324,-0.04230605438351631,-0.12961223721504211,0.1545524001121521,0.10270620882511139,-0.04093943536281586,0.034683942794799805,-0.22195832431316376,-0.16633103787899017,-0.14162524044513702,-0.07224641740322113,0.38421180844306946,0.24562259018421173,-0.09511630237102509,0.05935993045568466,0.016608070582151413,0.3903650641441345,-0.028603017330169678,-0.2379521131515503,0.18815109133720398,-0.0058475821278989315,0.05119863152503967,-0.39778369665145874,-0.16400624811649323,0.09591861069202423,0.15507850050926208,-0.1981271356344223,-0.10197822749614716,-0.10973186790943146,-0.24687838554382324,0.15901760756969452,0.5904853940010071,-0.11466771364212036,0.019536668434739113,0.5072473287582397,0.04391775280237198,-0.06730777025222778,-0.06303514540195465,-0.09359993040561676,-0.21814695000648499,-0.1968415081501007,0.13243485987186432,-0.1806829273700714,0.07197116315364838,-0.15252374112606049,0.02292529307305813,0.33492451906204224,-0.3332316279411316,-0.4400113523006439,0.09888201951980591,0.09436772763729095,-0.3605632185935974,0.4307973384857178,-0.15911194682121277,-0.0391942635178566,-0.5576333999633789,0.10013151168823242,0.39610713720321655,-0.0833468809723854,0.14543834328651428,0.20517626404762268,-0.33300644159317017,0.08700676262378693,0.11655809730291367,-0.021268999204039574,0.29073846340179443,-0.33308833837509155,0.023790210485458374,0.04292198270559311,0.27284592390060425,0.2566675543785095,0.09500481188297272,-0.1091427206993103,-0.0562736801803112,0.526637613773346,0.11236593872308731,-0.03574012592434883,0.25026729702949524,-0.12970778346061707,-0.031192025169730186,-0.14908628165721893,0.3247612416744232,-0.3268415331840515,-0.13569776713848114,-0.027897965162992477,0.3961520791053772,0.7059208154678345,-0.2164098024368286,0.03673171252012253,0.07019363343715668,0.1736837923526764,0.15513235330581665,0.05534636974334717,0.06520869582891464,0.15794412791728973,-0.04594213888049126,-0.07039012759923935,-0.4513511657714844,-0.3664499819278717,-0.06404180079698563,0.24635186791419983,-0.13536986708641052,0.12097829580307007,0.24924972653388977,-0.132607564330101,-0.02262786589562893,-0.22279343008995056,0.3236595392227173,0.014860612340271473,0.033843234181404114,0.05814152956008911,0.09159499406814575,0.13460035622119904,0.5530784130096436,0.04695677012205124,0.3151600956916809,-0.06252782046794891,-0.3178558349609375,-0.19980297982692719,0.12652026116847992,-0.1942388266324997,-0.27747827768325806,-0.13382594287395477,-0.27646884322166443,0.06881076842546463,0.2693251669406891,-0.17346695065498352,-0.15774975717067719,0.014444041065871716,-0.13059604167938232,0.20493121445178986,0.10404336452484131,-0.23705260455608368,0.19405876100063324,-0.03995861858129501,0.10915777832269669,-0.10736548900604248,-0.06009223312139511,-0.35090500116348267,-0.41405901312828064,0.14908719062805176,-0.24209129810333252,0.020396847277879715,-0.2549203038215637,0.6483210325241089,-0.06197906658053398,-0.13893774151802063,0.24323253333568573,-0.13899092376232147,0.004128180909901857,0.7002972960472107,-0.05607972294092178,-0.12766271829605103,-0.14874164760112762,-0.13484211266040802,-0.2443418949842453,0.06742508709430695,0.2582095265388489,0.20584125816822052,-0.011750658974051476,0.05234500765800476,-0.04091877490282059,0.4091516137123108,-0.20774534344673157,0.122614786028862,0.11776258051395416,0.03556500002741814,-0.14242525398731232,-0.03308583050966263,-0.20255987346172333,0.14025701582431793,-0.2542306184768677,0.03850361332297325,-0.10303226858377457,-0.10143494606018066,0.48472708463668823,0.46958622336387634,0.03550408035516739,0.263327032327652,0.3918594419956207,0.08966996520757675,-0.683269202709198,0.07186444103717804,0.17967480421066284,0.20725543797016144,-0.11178700625896454,-0.05835239216685295,-0.11691617965698242,0.1291881799697876,-0.3017737567424774,-0.0018608331447467208,0.07171434164047241,0.008516496047377586,-0.08706536889076233,-0.4257717728614807,-0.0052721500396728516,-0.2803804874420166,-0.08817088603973389,0.32487738132476807,-0.033705372363328934,-0.1256064474582672,0.06202069669961929,0.3228073716163635,-0.16267913579940796,0.06776724010705948,-0.30064037442207336,0.22155460715293884,-0.4620226323604584,-0.09533543884754181,0.16088850796222687,-0.5576651096343994,0.05338265746831894,-0.12112754583358765,-0.19371959567070007,-0.5295357704162598,-0.3210091292858124,0.05794612690806389,-0.18597610294818878,-0.03910002112388611,-0.28414857387542725,-0.04809189960360527,0.007970338687300682
CID000003642,7533,0.13071748614311218,0.11331470310688019,0.15544138848781586,0.26033875346183777,-0.12115993350744247,-0.13280215859413147,-0.04541392996907234,0.3444231152534485,0.17458072304725647,0.33363041281700134,-0.08316715061664581,-0.17285099625587463,-0.27649378776550293,0.12070925533771515,0.04561353847384453,-0.07312492281198502,-0.027009690180420876,-0.22473306953907013,0.20460069179534912,-0.4218479096889496,0.2576574981212616,-0.22093653678894043,0.17789007723331451,-0.8205768465995789,0.1947370022535324,0.3464248478412628,-0.3199238181114197,-0.09505641460418701,0.2723783552646637,0.3282455801963806,-0.3192426264286041,0.4569965898990631,-0.07481558620929718,0.2114678919315338,-0.10540185868740082,0.2005321979522705,0.10978949069976807,0.07659397274255753,0.034302618354558945,-0.16971492767333984,0.08529563993215561,0.08200405538082123,-0.03204326704144478,-0.3284056484699249,0.003186684800311923,0.2667086124420166,0.007951286621391773,-0.06677285581827164,0.13655567169189453,0.16226527094841003,0.34151172637939453,0.12189812958240509,-0.4578774869441986,-0.2349216490983963,0.25649961829185486,-0.11259796470403671,-0.2272046059370041,-0.0006495624547824264,-0.005856760777533054,0.19143334031105042,-0.13073782622814178,-0.20462708175182343,-0.0014716744190081954,-0.19895850121974945,0.16950292885303497,0.5300947427749634,-0.11149956285953522,0.05560046434402466,0.002368676709011197,-0.3440231382846832,0.056619592010974884,-0.1580767035484314,-0.40017977356910706,-0.2489909827709198,-0.36630886793136597,0.1107519119977951,-0.1991758942604065,0.421397864818573,-0.0899755135178566,0.05633337423205376,0.2078876495361328,-0.23670241236686707,-0.37286806106567383,0.05892033502459526,0.07635148614645004,-0.04463789612054825,0.2594776749610901,0.5884213447570801,-0.008396929129958153,-0.7461115121841431,0.06417586654424667,0.5574990510940552,0.06759428977966309,-0.056263286620378494,-0.3504641652107239,-0.5057719349861145,-0.18701986968517303,0.12774428725242615,0.03267071396112442,0.3552699685096741,-0.10816867649555206,0.39112764596939087,-0.03856975585222244,0.38594210147857666,0.07593557983636856,-0.12933826446533203,-0.003854215145111084,-0.28917255997657776,0.35702767968177795,-0.1126636490225792,-0.1789090633392334,0.1423925906419754,0.01190209947526455,0.05811507627367973,-0.22129037976264954,0.47556543350219727,-0.2617223858833313,0.05433128401637077,-0.20382948219776154,0.33332374691963196,0.5879243016242981,-0.20858867466449738,0.19567859172821045,0.4831387996673584,-0.11925745010375977,0.06730131804943085,0.164181187748909,0.11744977533817291,0.41718631982803345,0.013007542118430138,0.20393630862236023,-0.369488388299942,-0.36945635080337524,0.1569928675889969,0.31712695956230164,0.4787939190864563,0.09165682643651962,0.2517247498035431,0.047270484268665314,-0.19960053265094757,-0.17374129593372345,0.2401559054851532,0.12244202196598053,-0.16688033938407898,0.03635476529598236,0.07352417707443237,-0.1511121243238449,0.39158767461776733,-0.2591231167316437,0.06923555582761765,0.1120590791106224,-0.2448711395263672,-0.27429232001304626,-0.05810179561376572,-0.2670854330062866,-0.21490445733070374,-0.21792857348918915,-0.4054177701473236,0.3075122833251953,0.2540869116783142,-0.07910611480474472,-0.3489742875099182,0.11995379626750946,0.12163039296865463,-0.020765308290719986,-0.15400245785713196,-0.12210043519735336,0.04550172761082649,-0.0025845766067504883,0.14612117409706116,0.07410502433776855,-0.09780225902795792,-0.3153073489665985,-0.3146456480026245,-0.0238286592066288,0.06751170009374619,0.2596110999584198,-0.2817332148551941,0.46665430068969727,-0.10035870969295502,-0.09030178934335709,0.009359914809465408,-0.14446689188480377,-0.1352337747812271,0.6656590104103088,-0.0843532532453537,-0.5397145748138428,-0.31409475207328796,0.1618054062128067,-0.40558773279190063,-0.05079905316233635,0.16212917864322662,0.15621468424797058,-0.04283543676137924,0.19270546734333038,-0.1413153111934662,0.1894187182188034,0.37925153970718384,-8.032172627281398e-05,0.2371181696653366,0.24566550552845,-0.38817232847213745,0.08367245644330978,-0.5134626626968384,0.33878716826438904,-0.23203130066394806,0.04301019757986069,-0.10448332130908966,0.2143394947052002,0.6411646604537964,0.36097654700279236,0.029898306354880333,0.3525365889072418,0.050430141389369965,0.1416858434677124,-0.32169467210769653,0.031031761318445206,0.0729508250951767,0.11818952858448029,-0.317448228597641,-0.004156281240284443,0.1678055077791214,-0.34677812457084656,-0.4651891589164734,-0.2443315088748932,-0.03974410891532898,-0.11450572311878204,-0.4618968963623047,-0.13049724698066711,0.3197058141231537,0.21192434430122375,0.24395914375782013,0.21214759349822998,-0.07092161476612091,0.18169042468070984,0.3597368597984314,0.3533191680908203,-0.45133423805236816,0.014313253574073315,-0.10763861984014511,0.07856074720621109,-0.7836430668830872,-0.1578504592180252,0.08339495956897736,-0.21689891815185547,-0.06189106032252312,0.2784078121185303,-0.08204829692840576,-0.5092180967330933,-0.20579814910888672,0.30154889822006226,0.04830092564225197,0.08492250740528107,-0.231415793299675,-0.03299059346318245,-0.14724276959896088
CID000002232,7683,0.3186247944831848,0.1626269519329071,0.28845876455307007,0.6972668766975403,-0.6539071202278137,0.05521947145462036,0.16879819333553314,0.3070463240146637,0.14655496180057526,0.4319455027580261,0.07289380580186844,-0.33648571372032166,0.10195557773113251,0.19743545353412628,-0.1429038941860199,0.23485207557678223,0.08635319769382477,-0.15284201502799988,0.13645039498806,-0.5003055334091187,0.10456007719039917,-0.30239439010620117,-0.23476791381835938,-0.9626318216323853,0.20206193625926971,0.09128652513027191,0.008191275410354137,0.015685511752963066,0.024589868262410164,0.033932823687791824,-0.16273272037506104,0.043074868619441986,-0.07587499916553497,0.2437852919101715,0.13532909750938416,0.019944319501519203,0.19866378605365753,0.11957001686096191,-0.14145681262016296,-0.19853290915489197,-0.02582155540585518,0.06278647482395172,-0.007126465439796448,-0.12462186813354492,-0.0504051074385643,0.256412148475647,0.07597453147172928,-0.07692372798919678,0.024640237912535667,0.24705418944358826,0.604402482509613,0.16936881840229034,-0.2829395830631256,-0.11441190540790558,-0.18397894501686096,-0.2195737361907959,0.4718911051750183,-0.19220846891403198,0.24599353969097137,0.009958451613783836,-0.03338833153247833,-0.26458850502967834,0.25294986367225647,-0.2597584128379822,0.23643311858177185,0.43334347009658813,-0.38303884863853455,-0.020544175058603287,0.028078919276595116,-0.12405862659215927,0.2737225592136383,0.08476635068655014,0.048162925988435745,-0.5427438020706177,-0.24048900604248047,0.15623314678668976,0.2787381410598755,-0.1800849437713623,0.003933739382773638,-0.24471262097358704,0.14467740058898926,-0.42389965057373047,-0.2932609021663666,0.15755107998847961,-0.0002100825367961079,0.12227863073348999,0.039624687284231186,0.16600768268108368,-0.20577697455883026,-0.5299857258796692,0.08373775333166122,-0.00033653975697234273,-0.05667112022638321,-0.009179586544632912,-0.1966007649898529,-0.19353170692920685,0.2985122799873352,-0.12412986904382706,-0.2862691581249237,0.1098870038986206,-0.047373153269290924,0.059310317039489746,-0.0649627074599266,0.22191457450389862,-0.1590092033147812,0.08509834110736847,0.2999468445777893,-0.1024753600358963,0.4190702438354492,-0.005981968250125647,0.030605316162109375,0.08098394423723221,-0.1739489734172821,-0.520362913608551,0.06984072923660278,0.3386527895927429,-0.08352050930261612,-0.3711605668067932,0.1268542855978012,0.18045055866241455,0.9181458353996277,-0.3725554049015045,0.14938144385814667,0.19669267535209656,-0.09765501320362091,0.24366183578968048,0.13965728878974915,-0.17449542880058289,0.07422757148742676,0.099431112408638,0.27363482117652893,-0.6788485050201416,-0.6521809101104736,0.11425919830799103,0.3141825497150421,0.23023930191993713,0.10441672801971436,0.18969789147377014,0.032138921320438385,-0.029471982270479202,-0.11672800779342651,0.14596150815486908,0.18343695998191833,0.19497022032737732,-0.1324261575937271,0.12047817558050156,-0.05325350910425186,0.6840232610702515,0.18578915297985077,0.38001370429992676,-0.2876027822494507,-0.5238158106803894,-0.28036314249038696,0.2567659914493561,-0.017452513799071312,0.15674063563346863,0.18284614384174347,-0.06740356236696243,0.11600522696971893,-0.0784430056810379,0.13991501927375793,-0.2564316391944885,-0.005030766129493713,-0.054688960313797,-0.21239450573921204,0.07272236049175262,-0.1288657933473587,0.15072986483573914,0.24642547965049744,0.04695075750350952,-0.22995121777057648,-0.08525107800960541,-0.11633603274822235,-0.1101621761918068,0.18139147758483887,-0.07757037878036499,0.24111101031303406,-0.2160189151763916,0.7115713357925415,-0.14671120047569275,-0.33975714445114136,0.15209543704986572,0.03064815327525139,-0.1498640775680542,-0.1668982207775116,-0.1680644303560257,-0.01449750829488039,-0.05887455865740776,0.22033897042274475,-0.3115551173686981,-0.3299857974052429,0.03955516964197159,-0.17861971259117126,-0.20932725071907043,0.4720321297645569,0.04747990518808365,-0.10940013825893402,0.2151385098695755,-0.21317604184150696,-0.19581696391105652,-0.45795947313308716,-0.6594861149787903,0.09668957442045212,-0.20902001857757568,-0.22166359424591064,0.10160328447818756,0.1932026743888855,0.04506411403417587,0.3081744313240051,0.5735909938812256,0.2827206254005432,0.3504176735877991,0.20639483630657196,-0.05679112672805786,0.1050131544470787,-0.15574492514133453,0.018152082338929176,0.5737972855567932,0.07072903215885162,0.2759111523628235,-0.16956408321857452,-0.058407723903656006,-0.138950914144516,-0.09889451414346695,0.2027006894350052,-0.12345375865697861,0.44490474462509155,-0.13865040242671967,-0.06698938459157944,0.24202242493629456,0.026145726442337036,0.3512534499168396,0.08257487416267395,0.022523771971464157,0.18390724062919617,0.19321727752685547,0.5945256352424622,-0.4424423277378082,-0.06883770227432251,-0.16293974220752716,-0.09804348647594452,-0.24012592434883118,0.1429256647825241,0.10930703580379486,-0.1490173488855362,0.36590930819511414,-0.13025328516960144,-0.06786256283521652,-0.7446791529655457,-0.13849885761737823,0.30543339252471924,-0.06171797588467598,0.13210158050060272,-0.23360224068164825,-0.1002027615904808,0.22313682734966278
CID000004913,7883,0.22082343697547913,0.029911672696471214,0.03670560568571091,0.23011891543865204,-0.14181968569755554,0.034675173461437225,0.30096593499183655,0.3155856132507324,0.321811705827713,0.1604193150997162,0.2758295238018036,-0.2240365445613861,-0.06586922705173492,0.0608082190155983,-0.09645511955022812,-0.1639232635498047,-0.04864255338907242,-0.1126575618982315,0.17926818132400513,-0.4538843631744385,0.004182451870292425,-0.07009051740169525,0.20870468020439148,-0.8362744450569153,-0.1077103391289711,0.3732908368110657,-0.22623030841350555,-0.33343321084976196,-0.11684683710336685,0.14109250903129578,-0.08264447748661041,0.24005098640918732,-0.13327662646770477,-0.07160989940166473,-0.04085996001958847,-0.032341741025447845,0.09259525686502457,0.20552003383636475,0.17852729558944702,-0.0952737107872963,0.07052149623632431,-0.10076563060283661,0.20113539695739746,-0.2326175421476364,-0.09615712612867355,0.22428449988365173,-0.08649995177984238,-0.25253456830978394,0.0977766290307045,0.17574359476566315,0.45077306032180786,0.17662930488586426,-0.24921616911888123,0.47101831436157227,0.07398868352174759,-0.09860233217477798,0.08281578868627548,0.20739105343818665,0.23936280608177185,-0.06771081686019897,-0.34931766986846924,-0.36523476243019104,0.27973392605781555,0.09141888469457626,0.29255643486976624,0.5707587599754333,-0.13858962059020996,-0.021396225318312645,0.17160019278526306,0.21597330272197723,-0.0879116803407669,0.4027922749519348,-0.44716697931289673,-0.44398316740989685,-0.4655061364173889,-0.08823355287313461,0.2524915039539337,0.15499567985534668,-0.05853475257754326,0.3749482035636902,0.13420966267585754,-0.20500893890857697,-0.312296986579895,-0.005519941449165344,-0.005319654010236263,-0.06382341682910919,0.5392823219299316,0.10204122960567474,-0.02853398397564888,-0.7221599817276001,-0.22371597588062286,0.21758726239204407,-0.05363408848643303,-0.03421671688556671,0.4743325710296631,-0.3914034962654114,-0.3229997158050537,0.11020243167877197,0.37702521681785583,0.48257333040237427,-0.1996789425611496,-0.17113594710826874,-0.09923912584781647,0.17721906304359436,0.3638364374637604,-0.03683645650744438,-0.3987164795398712,-0.24087074398994446,0.4003966748714447,-0.02323404885828495,-0.20678170025348663,0.1426050215959549,-0.1261972337961197,-0.014265021309256554,-0.18850299715995789,0.4226394295692444,0.1607905477285385,-0.2876759171485901,-0.20269088447093964,0.28807342052459717,0.49994024634361267,-0.2554037570953369,0.2740350365638733,0.4664236009120941,-0.40738123655319214,0.22640199959278107,0.11077083647251129,-0.31521350145339966,0.4229709506034851,-0.006814401596784592,-0.005429261829704046,-0.356029212474823,-0.1535586416721344,0.02530345879495144,0.3237369656562805,0.042185310274362564,0.3798896074295044,0.11381025612354279,-0.3152639865875244,-0.2722485661506653,-0.27399539947509766,0.08232554793357849,0.15684925019741058,-0.11172175407409668,0.06740971654653549,0.4513370394706726,-0.20119333267211914,0.34949925541877747,0.057720959186553955,0.1622333526611328,0.256597101688385,0.05729568749666214,0.10086049884557724,0.15029385685920715,-0.1841248869895935,-0.42288738489151,-0.03957820683717728,-0.1291772723197937,0.11662717163562775,0.367856502532959,0.1870463341474533,0.05258757621049881,-0.08996506780385971,0.1032988578081131,-0.18048302829265594,-0.34096983075141907,-0.18219546973705292,0.0006948172813281417,-0.0045588938519358635,0.21628184616565704,0.11812795698642731,-0.15603630244731903,-0.2403384894132614,-0.17653009295463562,-0.038098711520433426,-0.023295903578400612,0.10595264285802841,-0.4518589973449707,0.3634638786315918,-0.2597602307796478,0.18585044145584106,0.41575294733047485,-0.26630955934524536,-0.09574703872203827,0.3644639551639557,0.2292737513780594,-0.5836219787597656,-0.08337657153606415,0.12153438478708267,-0.47887730598449707,-0.406454861164093,0.03442183881998062,0.11090046167373657,0.0380508191883564,0.13124032318592072,-0.1125950813293457,0.21698537468910217,-0.14756202697753906,0.06658105552196503,-0.27987828850746155,0.2822744846343994,-0.3876059353351593,0.02115580439567566,-0.6056714057922363,-0.3496212959289551,-0.3768518567085266,-0.0013283692533150315,-0.35629695653915405,0.4378921389579773,0.28039368987083435,0.4748581051826477,-0.15285846590995789,0.21482691168785095,0.007244080305099487,0.21168509125709534,-0.4904710650444031,0.08608885109424591,0.03425842896103859,-0.2913394570350647,-0.28038692474365234,-0.1877518594264984,-0.02637382782995701,0.4181279242038727,-0.3933839797973633,-0.3665768504142761,0.06974266469478607,-0.2839968204498291,-0.37318575382232666,-0.0481405071914196,-0.05175097659230232,-0.15426088869571686,0.19778990745544434,0.47264355421066284,-0.026934083551168442,-0.31588438153266907,0.2077355682849884,0.3986194431781769,-0.6137555837631226,-0.1593901813030243,-0.23857319355010986,-0.017040908336639404,-0.5616956949234009,-0.26418817043304443,0.33237162232398987,0.032526664435863495,0.3797788918018341,0.14841988682746887,0.009681427851319313,-0.5819817781448364,-0.22466257214546204,0.347382515668869,-0.06318046897649765,0.47017449140548706,-0.2200714647769928,0.05579183250665665,0.14615514874458313
CID000002675,8174,0.708267331123352,-0.08542729169130325,0.02653857134282589,0.2410784661769867,-0.49554339051246643,0.1797696053981781,0.24785514175891876,0.18357376754283905,0.04073764756321907,0.6025710701942444,0.047041215002536774,-0.21996314823627472,-0.023592764511704445,0.27304351329803467,0.0335887148976326,0.22495166957378387,0.05745409056544304,-0.36904436349868774,0.485321581363678,-0.3324938416481018,0.12988516688346863,-0.1381031572818756,-0.03493095561861992,-0.8190497159957886,0.066155806183815,-0.06939312070608139,-0.45069727301597595,-0.24952802062034607,0.20885781943798065,0.47359538078308105,0.2740056812763214,0.22099490463733673,0.07083991914987564,0.29230228066444397,0.13509146869182587,0.032669685781002045,0.23009653389453888,0.45075783133506775,0.25519728660583496,0.2231031358242035,-0.31458061933517456,0.18177564442157745,0.199472576379776,-0.041057661175727844,-0.13320371508598328,0.12505993247032166,-0.11362405866384506,-0.07265545427799225,0.011304410174489021,0.9374003410339355,0.5201805830001831,0.12643812596797943,0.1063157469034195,-0.16722863912582397,-0.04943186789751053,-0.004294753074645996,0.3906068205833435,0.07536409795284271,0.6871481537818909,-0.006544823292642832,-0.09414906799793243,-0.4155920445919037,-0.1128382459282875,-0.2014940232038498,0.13224545121192932,0.7360309362411499,0.15259180963039398,-0.04031657427549362,0.46676188707351685,0.11695428937673569,0.018844427540898323,0.06514684855937958,-0.22656866908073425,-0.6205552816390991,-0.012616771273314953,0.626031756401062,-0.010920127853751183,-0.38817068934440613,-0.10408572107553482,0.11839854717254639,-0.16848407685756683,-0.3350287079811096,-0.36199527978897095,-0.1291045844554901,-0.10943467915058136,-0.4735184609889984,0.4250122904777527,0.004606223199516535,-0.2883286774158478,-0.7997291684150696,-0.12225280702114105,0.5643189549446106,0.03461701050400734,0.34230661392211914,0.16213896870613098,-0.4778250753879547,-0.03594791144132614,0.06353941559791565,-0.08916311711072922,0.33688175678253174,0.14757700264453888,0.37534984946250916,-0.03694648668169975,0.1716286689043045,-0.6294983625411987,0.07975280284881592,0.1649886816740036,-0.042890023440122604,0.1868172436952591,-0.16328944265842438,-0.06767585873603821,0.33220022916793823,-0.1556093543767929,-0.09247516095638275,-0.08534595370292664,0.40693917870521545,-0.5669130682945251,-0.12918487191200256,0.027860891073942184,-0.28461387753486633,0.7113662958145142,-0.3741622567176819,-0.01773824729025364,0.15404629707336426,-0.1394442617893219,0.2895727753639221,0.09500949084758759,0.061636507511138916,-0.07126016914844513,-0.011192822828888893,-0.041573602706193924,-0.7319074273109436,-0.4873119294643402,0.38199442625045776,0.3244050145149231,0.013049222528934479,-0.015540480613708496,0.3804338872432709,0.09477159380912781,-0.30206212401390076,-0.2812862992286682,0.34918123483657837,-0.028364023193717003,0.12528228759765625,0.13349486887454987,0.0954979956150055,-0.6503542065620422,0.7718899250030518,-0.09028835594654083,0.08144654333591461,0.06592661142349243,-0.3583798110485077,-0.1086549162864685,0.25013118982315063,-0.4062942564487457,-0.30250710248947144,-0.02557898499071598,-0.36769625544548035,-0.11661513149738312,0.3063012361526489,-0.07826267927885056,-0.03981081396341324,0.06784678995609283,0.009746911935508251,-0.33571237325668335,0.06624634563922882,0.16369931399822235,0.23059053719043732,-0.2688412368297577,-0.015119487419724464,0.2591860890388489,-0.021364346146583557,-0.08703184872865677,-0.07487477362155914,-0.035658352077007294,0.066508948802948,-0.09481890499591827,0.06711815297603607,0.7218040227890015,-0.21654191613197327,-0.11796160042285919,-0.23004254698753357,-0.1540416181087494,-0.04383739456534386,0.07322297245264053,0.03616126626729965,-0.2800179421901703,0.004296503029763699,0.16477586328983307,-0.36202704906463623,-0.06474613398313522,0.22685417532920837,0.14584259688854218,0.045557063072919846,-0.08819824457168579,-0.054044075310230255,0.41215547919273376,-0.11374251544475555,-0.031048471108078957,-0.05319691449403763,-0.13022267818450928,-0.44051337242126465,1.287184476852417,-0.6904516220092773,-0.14013682305812836,0.2954464554786682,-0.05154113098978996,-0.002902388572692871,0.8539714813232422,0.3885710835456848,0.42391806840896606,0.11235976219177246,-0.0960390642285347,0.34395211935043335,-0.09208592772483826,-0.3787647485733032,0.0012978017330169678,0.17334303259849548,-0.24396784603595734,-0.17280344665050507,-0.029778992757201195,-0.3360758423805237,0.09205921739339828,-0.5107706785202026,-0.2373357117176056,0.01034516654908657,0.026899605989456177,0.01052970252931118,-0.07270846515893936,0.14788135886192322,0.048237066715955734,0.16700057685375214,-0.3999555706977844,0.15644894540309906,0.08317737281322479,0.03195369243621826,1.002335786819458,-0.7073636054992676,-0.07116807997226715,-0.4402196407318115,0.19209831953048706,-0.5989757776260376,-0.05033107474446297,0.34838569164276123,-0.4833061099052429,0.19307705760002136,0.18543721735477448,0.3651376962661743,-0.6698859930038452,-0.20079143345355988,-0.029228443279862404,-0.27503037452697754,0.2846115827560425,-0.3672911524772644,0.0904848724603653,0.010498669929802418
CID000005052,8361,0.25014615058898926,0.11605340242385864,0.3022884726524353,0.7305296659469604,-0.4063320755958557,0.05672403424978256,0.06486405432224274,0.27617767453193665,0.16205273568630219,0.5500258207321167,0.11461591720581055,-0.202053040266037,-0.07884086668491364,0.246463805437088,-0.16277171671390533,0.2509135603904724,0.07212897390127182,-0.24393923580646515,0.1318463236093521,-0.5480798482894897,0.05813314765691757,-0.44719284772872925,-0.04199228808283806,-0.8629976511001587,0.23588423430919647,0.08636991679668427,-0.1351628303527832,0.04778839275240898,0.06747142970561981,0.22912350296974182,-0.11103274673223495,0.11441390216350555,-0.12685127556324005,0.1977708786725998,0.2662516236305237,0.3152247369289398,0.1815098226070404,0.12491762638092041,-0.13332967460155487,-0.32271862030029297,-0.059765808284282684,0.11746615171432495,-0.00912129320204258,0.029132496565580368,-0.19505879282951355,0.300358384847641,0.08658324182033539,0.04337942600250244,0.10277624428272247,0.22490382194519043,0.6495540142059326,-0.09603653848171234,-0.20085255801677704,-0.13670217990875244,-0.13244356215000153,-0.15182700753211975,0.1262032836675644,-0.1689249575138092,0.2992771863937378,0.08417975902557373,-0.09329961240291595,-0.3362639844417572,0.20308546721935272,-0.2232406586408615,0.3272875249385834,0.5190657377243042,-0.42914992570877075,0.10805823653936386,0.026315709576010704,0.05105080083012581,0.06294262409210205,-0.206817626953125,-0.07468577474355698,-0.2988230884075165,-0.17611709237098694,0.15368184447288513,0.37151485681533813,-0.021761925891041756,0.04812074452638626,0.015287649817764759,0.08483285456895828,-0.39257001876831055,-0.38426849246025085,-0.05362597852945328,0.03011881746351719,0.28294697403907776,0.16303996741771698,0.4480668008327484,0.034397952258586884,-0.5091941952705383,-0.023897157981991768,0.0726018100976944,0.01721842959523201,-0.10216371715068817,-0.20282116532325745,-0.07448045909404755,0.24732808768749237,-0.20731663703918457,0.04255065321922302,0.09378291666507721,0.0021946788765490055,-0.33929863572120667,0.003478995291516185,0.14614316821098328,-0.09972803294658661,0.04290110617876053,0.2384915053844452,0.1469872146844864,0.37959542870521545,-0.051107265055179596,0.07569915056228638,0.0625353455543518,-0.13510410487651825,-0.39469361305236816,0.29119816422462463,0.3116850256919861,-0.2898806929588318,-0.12447094917297363,0.06919308751821518,0.16632269322872162,0.9025147557258606,-0.3611251711845398,0.10827763378620148,0.31400206685066223,-0.18435779213905334,0.39018571376800537,0.0823032408952713,0.05788017436861992,0.2085181474685669,0.022750740870833397,0.22627301514148712,-0.5767781138420105,-0.46614870429039,-0.034368693828582764,0.2776924967765808,0.3525948226451874,0.09378884732723236,0.26953357458114624,0.00035068689612671733,-0.0750219076871872,-0.05321912094950676,0.10026810318231583,0.13609659671783447,0.2923505902290344,-0.0907236784696579,0.1252274513244629,-0.11841044574975967,0.541056752204895,0.07167236506938934,0.4416862428188324,-0.08673446625471115,-0.49096792936325073,-0.21303388476371765,0.2535107135772705,-0.10215143859386444,0.12437458336353302,-0.026089927181601524,-0.08347280323505402,0.15556302666664124,0.09210550785064697,0.22943294048309326,-0.17524151504039764,0.061389051377773285,0.1725170910358429,-0.24757441878318787,-0.10204943269491196,-0.045871999114751816,0.2533625662326813,0.2973133325576782,0.016778182238340378,-0.12115590274333954,-0.02714521624147892,-0.1381954699754715,-0.1395212709903717,0.0720948800444603,-0.20100629329681396,0.12169046700000763,-0.24161915481090546,0.6577306985855103,0.13435667753219604,-0.4347827434539795,0.2984052002429962,0.0031972615979611874,-0.027040695771574974,0.03485255688428879,-0.3119897246360779,-0.0682610496878624,-0.15806379914283752,0.26368099451065063,-0.3087210953235626,-0.15056343376636505,0.12485809624195099,-0.06580955535173416,-0.19800087809562683,0.5692562460899353,0.0879083126783371,-0.01668033003807068,0.13687320053577423,0.10375463962554932,0.08950182050466537,-0.1690719574689865,-0.5252804756164551,-0.03383638337254524,-0.21970729529857635,-0.3526333272457123,-0.06066077947616577,0.13076317310333252,-0.3029218912124634,0.1863451451063156,0.7119063138961792,0.3506726324558258,0.24792543053627014,0.1662735641002655,-0.05462080240249634,0.11781378090381622,-0.02894189953804016,0.1374010592699051,0.4056094288825989,-0.030835706740617752,0.0547647699713707,-0.0868324264883995,0.07369078695774078,-0.11426818370819092,-0.1530921459197998,0.15021497011184692,-0.20427925884723663,0.17860548198223114,-0.33309489488601685,-0.07280348241329193,-0.008753818459808826,0.0082491934299469,0.4614318311214447,0.21661663055419922,-0.0030628994572907686,0.15813486278057098,-0.09353382885456085,0.6306077837944031,-0.3926251530647278,0.003956939093768597,-0.10890059173107147,-0.046388883143663406,-0.29510799050331116,0.30704569816589355,0.022717542946338654,-0.2261590212583542,-0.005456131882965565,-0.07980513572692871,-0.14082686603069305,-0.7664810419082642,0.031761154532432556,0.24832984805107117,-0.02038877084851265,0.0726756900548935,-0.25670188665390015,0.020708905532956123,-0.08221747726202011
CID000002266,8514,0.26641303300857544,0.19707956910133362,-0.17588834464550018,0.5030349493026733,-0.6422627568244934,0.12095493078231812,-0.06292121112346649,0.19756288826465607,-0.19691722095012665,0.020370015874505043,-0.05296139046549797,-0.5104128122329712,-0.14021506905555725,0.09441696107387543,0.06217419356107712,-0.13308659195899963,-0.004220791161060333,-0.2884291708469391,-0.07281224429607391,-0.7240473031997681,0.32798051834106445,-0.08838338404893875,-0.03924328461289406,-0.8856450915336609,-0.17465193569660187,-0.03134312108159065,-0.007822936400771141,-0.12188639491796494,-0.1317792534828186,0.13194283843040466,0.21322289109230042,0.21957096457481384,0.21701037883758545,-0.034009288996458054,0.04875659942626953,0.04862729460000992,-0.12239794433116913,0.06725456565618515,-0.2253577709197998,0.0020598233677446842,-0.060449469834566116,0.13069014251232147,0.10795970261096954,-0.350161612033844,0.19007715582847595,0.31249114871025085,0.07911781966686249,0.11855988204479218,-0.2074258029460907,0.34568166732788086,0.5616588592529297,-0.22817417979240417,-0.25727951526641846,-0.004191285464912653,0.049257852137088776,-0.06547592580318451,0.3570268154144287,0.11957286298274994,0.40498271584510803,0.10280303657054901,-0.02672027423977852,-0.20389290153980255,-0.07290313392877579,-0.0593826062977314,0.1768382489681244,0.7516729235649109,-0.3834608793258667,-0.16133072972297668,0.042489539831876755,-0.14303728938102722,-0.3689804673194885,-0.24832120537757874,-0.18651887774467468,-0.33920472860336304,-0.42376407980918884,0.13460153341293335,0.26291728019714355,-0.033658046275377274,-0.2991389334201813,-0.04128996282815933,0.4175126552581787,-0.6964020133018494,-0.3278425335884094,0.22325022518634796,0.06660747528076172,-0.14852748811244965,0.20268991589546204,0.21192744374275208,-0.19982950389385223,-0.5770391821861267,-0.04705920070409775,0.06538692861795425,-0.10895819962024689,0.3439348340034485,-0.02213716134428978,-0.24758446216583252,-0.16918715834617615,-0.23089738190174103,-0.19998084008693695,0.2775869369506836,-0.2518041431903839,0.14604125916957855,-0.20452949404716492,-0.008791664615273476,-0.041534218937158585,0.06647703051567078,-0.20741280913352966,-0.16436995565891266,0.5944217443466187,0.4223476052284241,0.050234030932188034,0.11929378658533096,0.39885544776916504,-0.2746139466762543,0.32152679562568665,0.20952913165092468,0.20682039856910706,-0.3387637138366699,0.03429192304611206,0.025999674573540688,0.8210506439208984,-0.23166713118553162,0.25143831968307495,-0.008131032809615135,0.1435481309890747,0.2034473419189453,0.13040897250175476,-0.19338449835777283,0.23747754096984863,-0.06208179518580437,0.00296838884241879,-0.7420545816421509,-0.5139976143836975,0.0965912938117981,0.15978461503982544,0.04040185362100601,-0.21557435393333435,0.28210383653640747,-0.047433655709028244,-0.5138930678367615,-0.21936435997486115,0.37582194805145264,0.025053665041923523,-0.03990824893116951,0.08304022252559662,-0.07058966159820557,0.22344820201396942,0.6467339396476746,-0.11728154122829437,0.0868564248085022,-0.01050623506307602,-0.463217556476593,0.3540343940258026,0.10254927724599838,-0.0609583742916584,0.05569222569465637,-0.06368211656808853,-0.07597238570451736,-0.32103368639945984,0.004464221186935902,-0.3972892165184021,-0.015490895137190819,0.010901235044002533,0.054852116852998734,0.07170890271663666,-0.2702917158603668,-0.14818315207958221,0.254050612449646,0.13589312136173248,0.05253090709447861,-0.048659127205610275,-0.3961928188800812,0.1668579876422882,-0.24689802527427673,0.12623323500156403,-0.1580542027950287,0.06605608761310577,-0.41652828454971313,0.7313542366027832,0.06880144029855728,-0.3267194330692291,0.2965357303619385,-0.17064222693443298,0.2882160544395447,0.16342267394065857,0.34311503171920776,-0.2788251042366028,0.012777434661984444,0.014831840991973877,-0.3076951801776886,0.027808379381895065,-0.24537506699562073,0.23698966205120087,-0.11646901071071625,0.27451291680336,-0.3790428042411804,0.11350227892398834,0.04595576226711273,0.5041049718856812,0.1449553668498993,-0.17087963223457336,-0.22336292266845703,-0.12558653950691223,-0.13263368606567383,-0.3466964066028595,0.06646071374416351,-0.2057606726884842,0.09806053340435028,0.30404144525527954,0.42660778760910034,0.2974056899547577,0.1282299906015396,0.0863189846277237,0.19966460764408112,-0.042923253029584885,-0.36526626348495483,0.1460873782634735,0.4133954644203186,-0.026450837031006813,0.06684629619121552,0.13405513763427734,-0.42821043729782104,0.2348397672176361,-0.43085557222366333,-0.5137560367584229,-0.26305434107780457,0.20517714321613312,-0.1834738701581955,-0.35477107763290405,0.06021413952112198,-0.19884607195854187,0.27496227622032166,0.26713043451309204,-0.015309019014239311,-0.2221776694059372,0.22432085871696472,0.578823447227478,-0.41844257712364197,-0.0007853329298086464,-0.13207758963108063,-0.09213922917842865,-0.5863291025161743,0.2256600558757782,0.3468456268310547,0.20419827103614807,0.2858041524887085,-0.3046790659427643,0.15932875871658325,-0.9474369883537292,-0.4310104250907898,0.29936298727989197,-0.015290024690330029,-0.1795412302017212,-0.24555480480194092,-0.0756671130657196,-0.08606623858213425
CID009571074,8942,0.7538474798202515,0.16914425790309906,0.028548920527100563,0.35368695855140686,-0.5180712938308716,0.34139126539230347,0.14409226179122925,0.2946782112121582,0.059905387461185455,0.5655019879341125,-0.0009211272117681801,-0.2204868495464325,0.006027817726135254,0.3174567222595215,-0.09117979556322098,0.1411047726869583,0.012715524062514305,-0.37878212332725525,0.3663198947906494,-0.4088054299354553,0.20780852437019348,-0.1743631511926651,-0.02614767849445343,-0.8397690057754517,0.02733510173857212,-0.06675146520137787,-0.36353129148483276,-0.16321997344493866,0.19154092669487,0.40815144777297974,0.03424922376871109,0.21873176097869873,0.16640464961528778,0.25059592723846436,0.17658641934394836,-0.12185011804103851,0.3129405081272125,0.3417423963546753,-0.010921454057097435,0.26312747597694397,-0.14452485740184784,0.03714323043823242,0.36403775215148926,-0.15328671038150787,-0.13536889851093292,0.13530156016349792,0.05287100747227669,-0.051158517599105835,0.11085192859172821,0.9586137533187866,0.42646679282188416,0.08590973168611526,0.13788585364818573,-0.08292710781097412,0.037425391376018524,-0.09476976096630096,0.42133602499961853,0.08747474104166031,0.5790635347366333,0.021787282079458237,-0.07699929922819138,-0.4778863787651062,0.10215932130813599,-0.31565308570861816,0.12204061448574066,0.7513174414634705,0.016530081629753113,-0.010653960518538952,0.31792375445365906,-0.05600475147366524,0.016703173518180847,0.19752547144889832,-0.25323453545570374,-0.549512505531311,0.08876369893550873,0.683620274066925,-0.05784311145544052,-0.2610931098461151,-0.12424153089523315,0.1238032802939415,-0.031081199645996094,-0.3518691062927246,-0.4063783288002014,-0.04778475686907768,0.02618669904768467,-0.3560788035392761,0.344230592250824,0.019382324069738388,-0.19547602534294128,-0.7627979516983032,-0.0638316422700882,0.7085229158401489,-0.11369901895523071,0.24407890439033508,0.11821506172418594,-0.4914143681526184,-0.18948060274124146,-0.014473939314484596,-0.05585355684161186,0.382355272769928,0.02249056287109852,0.20095768570899963,0.03733322396874428,0.1748000681400299,-0.5386744737625122,-0.06033160537481308,0.02875351905822754,-0.0617169626057148,0.3151249289512634,-0.10123045742511749,-0.15729546546936035,0.35058507323265076,-0.07632555067539215,-0.26149168610572815,-0.09905808418989182,0.24523338675498962,-0.44233235716819763,-0.15491321682929993,0.11461486667394638,-0.29161152243614197,0.7517016530036926,-0.4217473864555359,-0.004802255891263485,0.11607189476490021,-0.2639421820640564,0.30203697085380554,-0.06149842217564583,-0.09341828525066376,-0.023097043856978416,-0.18011055886745453,-0.08170388638973236,-0.6557009816169739,-0.5724245309829712,0.48188573122024536,0.25145038962364197,0.09021849930286407,0.16869081556797028,0.2940526306629181,0.0028445138595998287,-0.4118810296058655,-0.30105701088905334,0.4109015464782715,0.022573456168174744,0.13290396332740784,-0.07620732486248016,0.07816670835018158,-0.48716479539871216,0.7389928102493286,0.032360415905714035,0.08982990682125092,0.003442454384639859,-0.4271627962589264,-0.04990903288125992,0.18742018938064575,-0.28940296173095703,-0.36451229453086853,-0.003941523842513561,-0.409376859664917,0.016616439446806908,0.13554668426513672,0.020381206646561623,-0.03719872236251831,-0.21634964644908905,-0.13404998183250427,-0.2525341212749481,-0.0891704335808754,-0.1099010482430458,0.30342546105384827,-0.25411587953567505,0.16204147040843964,0.3079809546470642,-0.02307211421430111,-0.19133219122886658,-0.10498785972595215,-0.06497218459844589,-0.025847602635622025,-0.09762968122959137,0.11971092224121094,0.7074922323226929,-0.15489919483661652,-0.1093653216958046,-0.23503141105175018,-0.10566014051437378,-0.019548717886209488,0.043420977890491486,0.24648411571979523,-0.3137570023536682,-0.03653373569250107,0.15119348466396332,-0.4070131778717041,-0.22355075180530548,0.26288527250289917,0.11066381633281708,-0.025858264416456223,-0.010431969538331032,-0.3042919933795929,0.3537483513355255,-0.017555823549628258,0.06117861717939377,-0.16298805177211761,0.11034014075994492,-0.48216408491134644,1.3807834386825562,-0.6548755168914795,0.009938409551978111,0.2822178900241852,-0.12900659441947937,0.0020404900424182415,0.7427402138710022,0.4692625403404236,0.4310474991798401,0.23327073454856873,-0.11498936265707016,0.3603702187538147,-0.08287140727043152,-0.4293421804904938,0.06092311069369316,0.10978533327579498,-0.2546476721763611,-0.23191745579242706,-0.060365259647369385,-0.2552998960018158,0.08056996762752533,-0.4989514946937561,-0.3029690682888031,-0.0715639591217041,0.09930633008480072,-0.012685170397162437,0.012805926613509655,0.059631843119859695,-0.03234091028571129,0.09884892404079437,-0.3556423783302307,0.13820895552635193,-0.041938938200473785,0.09882358461618423,0.8303216695785522,-0.7991851568222046,-0.07197199761867523,-0.46494540572166443,0.21685175597667694,-0.5561001896858215,-0.030553776770830154,0.222093865275383,-0.43478187918663025,0.26330214738845825,0.1761566400527954,0.31221655011177063,-0.6504281759262085,-0.21181774139404297,-0.015663156285881996,-0.26634564995765686,0.2512136697769165,-0.3803888261318207,0.3095410466194153,0.11339523643255234
CID000000158,10221,0.0003437846899032593,-0.45537757873535156,0.028624385595321655,0.7039781808853149,-0.4300772249698639,0.15859945118427277,0.2238113433122635,0.20624439418315887,-0.04296177625656128,0.3371031880378723,0.47212153673171997,-0.1277940571308136,-0.394122838973999,0.19857189059257507,0.08026880025863647,0.27856284379959106,-0.1129491925239563,-0.04315734654664993,-0.023012612015008926,-0.6317721605300903,-0.2495981901884079,0.06267792731523514,0.20436349511146545,-0.7459588050842285,-0.13869664072990417,-0.07072965800762177,0.05156145617365837,-0.12556399405002594,-0.40908193588256836,0.10226986557245255,0.17006011307239532,0.08068881928920746,0.16069135069847107,-0.05358675867319107,0.2599739134311676,-0.4379412531852722,0.12856289744377136,0.16852149367332458,0.10262419283390045,-0.2104768455028534,-0.051930807530879974,-0.0649179071187973,0.16844186186790466,-0.15161938965320587,-0.04405660182237625,0.3868066072463989,-0.004227508790791035,-0.15770795941352844,0.15057766437530518,-0.12349961698055267,0.5494645237922668,-0.0970233753323555,-0.20278367400169373,0.010705864056944847,0.419114351272583,-0.1002461314201355,-0.2434670627117157,-0.2773154675960541,0.19171437621116638,0.00030122100724838674,0.04550251364707947,-0.3403511941432953,0.24393078684806824,0.15598347783088684,0.01750926300883293,0.5719949007034302,-0.038489531725645065,-0.13658341765403748,0.04323054850101471,-0.0006348788738250732,-0.14228519797325134,0.27715566754341125,-0.27963846921920776,-0.21782079339027405,-0.02918868139386177,0.1021365150809288,0.23566460609436035,0.15863659977912903,-0.34997543692588806,0.01524114329367876,0.5578140616416931,-0.3829439580440521,-0.4847007691860199,-0.08617137372493744,0.1016702800989151,-0.024994436651468277,-0.060464899986982346,0.33350494503974915,-0.2401161640882492,-0.7905990481376648,-0.14999589323997498,0.0008692696574144065,0.06342367082834244,0.2542404532432556,0.13130183517932892,-0.40530937910079956,0.30298227071762085,-0.07069374620914459,0.14349918067455292,-0.06862996518611908,0.09516632556915283,0.11870533227920532,-0.09216819703578949,0.16979944705963135,0.10760033130645752,-0.2013886421918869,-0.33335641026496887,0.019576573744416237,0.5696478486061096,0.150071918964386,-0.10747003555297852,0.1565553843975067,-0.08483285456895828,-0.36661607027053833,-0.19208069145679474,0.10105935484170914,-0.0041212039068341255,-0.023442596197128296,-0.04505249857902527,-0.049988605082035065,0.7312970161437988,-0.05416625738143921,0.03371980041265488,0.002908164169639349,-0.21872875094413757,0.10448777675628662,0.025240827351808548,-0.03248659893870354,0.10566709190607071,0.47827181220054626,0.07947663962841034,-0.3663809895515442,-0.3419486880302429,0.07880814373493195,0.22173058986663818,0.340241938829422,-0.08104127645492554,0.2715783715248108,-0.299440860748291,-0.2776621878147125,-0.03858023136854172,0.1982688009738922,0.22478440403938293,0.0925530344247818,-0.03009350225329399,0.10382306575775146,0.1254052221775055,0.5638799667358398,0.3679984509944916,0.19901922345161438,0.11812864243984222,-0.36908501386642456,0.14359502494335175,0.06831751018762589,-0.05815931037068367,-0.02172720991075039,0.26331833004951477,-0.08158361911773682,-0.03738177567720413,0.12828847765922546,0.0535573773086071,0.13964992761611938,0.10089243948459625,-0.3209620416164398,-0.01976853981614113,0.14261271059513092,0.05760146304965019,0.20997075736522675,0.10128621011972427,0.13154572248458862,0.11838424205780029,-0.1357073336839676,-0.11008334159851074,-0.22894911468029022,0.13965561985969543,-0.12376508861780167,0.21913385391235352,-0.16637620329856873,0.5041458606719971,0.053903065621852875,-0.2084428369998932,0.20425660908222198,-0.4353973865509033,-0.10997947305440903,0.4369874894618988,-0.06845364719629288,-0.26774606108665466,-0.14635393023490906,0.34876754879951477,-0.4030402600765228,-0.2955108880996704,0.0024992525577545166,0.017461415380239487,0.04141532629728317,0.10299579054117203,-0.10987810045480728,0.18544532358646393,0.029643530026078224,0.21050789952278137,-0.19828011095523834,-0.01777307316660881,-0.1144697517156601,-0.050783414393663406,-0.17030401527881622,-0.059886373579502106,-0.2475995272397995,-0.1893072873353958,0.12958085536956787,-0.10361732542514801,0.6974049806594849,0.49470409750938416,-0.12322226911783218,0.19054269790649414,0.1665840446949005,0.23497334122657776,0.0776439905166626,-0.05274517461657524,0.2477652132511139,-0.10101316124200821,0.26621371507644653,0.1087174266576767,-0.30055636167526245,0.32515618205070496,-0.3019735813140869,0.30506372451782227,-0.06141752004623413,-0.3145183026790619,-0.22065944969654083,0.2500787377357483,0.28993719816207886,-0.05419545620679855,0.4256660044193268,0.30369311571121216,0.08315600454807281,-0.20117993652820587,-0.003074508858844638,0.5627965927124023,-0.4734927713871002,0.06662602722644806,-0.21316275000572205,0.32359910011291504,-0.27349042892456055,-0.10475261509418488,0.26531484723091125,-0.09411966800689697,0.028143296018242836,0.15661408007144928,0.10622809082269669,-0.7178465127944946,-0.14210951328277588,0.12542980909347534,-0.16426020860671997,0.14900486171245575,-0.2588137984275818,0.0790364146232605,0.2089078724384308
CID000003562,11516,0.3418547213077545,-0.43677958846092224,0.19062696397304535,0.5151366591453552,-0.19586123526096344,0.04748144745826721,-0.033815644681453705,0.3626725971698761,-0.3416323661804199,0.2022850066423416,0.47020429372787476,-0.313983291387558,-0.7204055786132812,0.32882222533226013,0.15511947870254517,0.20946037769317627,-0.06507222354412079,-0.15018950402736664,0.09266762435436249,-0.6975151896476746,0.013644838705658913,0.020805221050977707,-0.054575610905885696,-0.8785883188247681,-0.18211722373962402,0.06514398008584976,0.10683184862136841,-0.2296508103609085,-0.24447636306285858,0.08724962174892426,-0.09387864172458649,0.012329177930951118,-0.09841296076774597,-0.07761649042367935,-0.21047458052635193,-0.25436821579933167,-0.3262118697166443,0.09411755204200745,0.024383090436458588,-0.022373531013727188,-0.050792135298252106,-0.02562551759183407,-0.10819672048091888,-0.06674234569072723,-0.01887916401028633,0.09946510195732117,0.07384979724884033,0.24604156613349915,-0.09843986481428146,0.1604069024324417,0.7534116506576538,0.010857278481125832,-0.12656201422214508,0.02950568124651909,-0.15884068608283997,0.11277712881565094,0.6001566052436829,0.3208206295967102,0.6135543584823608,0.2690473198890686,-0.4120573103427887,-0.4535142481327057,-0.0638849064707756,0.09459483623504639,0.05914381891489029,0.8043150901794434,-0.22276154160499573,0.16002850234508514,0.09200010448694229,-0.10177849233150482,0.07237439602613449,-0.23514437675476074,-0.20546159148216248,-0.2688440680503845,-0.13134297728538513,0.12673422694206238,0.10615907609462738,0.14649084210395813,-0.03779197484254837,-0.04370439797639847,1.1973483562469482,-0.44762808084487915,-0.43598252534866333,0.06320025026798248,0.45068055391311646,-0.04882516711950302,0.19332166016101837,0.42963871359825134,0.05422109365463257,-0.8236483335494995,-0.03831027075648308,0.3162437379360199,0.09707899391651154,-0.0754825696349144,-0.10604129731655121,-0.27614566683769226,0.4666733741760254,-0.4212983250617981,0.07100483775138855,0.5124572515487671,-0.1687726229429245,0.012555539608001709,0.12320419400930405,0.3393712639808655,-0.15881898999214172,-0.17412801086902618,0.01699456013739109,-0.31880003213882446,0.820763111114502,0.47675544023513794,-0.04499318078160286,0.04857666417956352,0.3139442205429077,-0.10867226123809814,-0.035102926194667816,0.258045494556427,0.08457569777965546,0.06571801006793976,0.28484195470809937,0.13331621885299683,0.8066104650497437,-0.020006578415632248,0.14288443326950073,-0.19639480113983154,-0.2223093956708908,0.25620144605636597,-0.20972485840320587,-0.2660086750984192,0.20823326706886292,0.4572007656097412,0.30012527108192444,-0.5203502178192139,-0.22073383629322052,0.014750555157661438,0.32055774331092834,0.0014153309166431427,-0.3444080948829651,0.23100927472114563,-0.5976426601409912,-0.46166175603866577,-0.16170930862426758,0.24535465240478516,-0.17011111974716187,0.22218234837055206,0.011857137084007263,0.10916528850793839,-0.1879415065050125,0.6537601947784424,0.23002204298973083,0.07793669402599335,-0.06617842614650726,-0.4946056306362152,0.12137095630168915,0.1498054563999176,-0.02133815363049507,-0.07343924790620804,0.17929138243198395,-0.3688334822654724,0.04554618522524834,0.06611327081918716,0.010032474994659424,0.13633182644844055,0.021584579721093178,-0.13118191063404083,0.24716243147850037,-0.269519180059433,-0.1723378449678421,0.09545876085758209,0.212567999958992,-0.07358397543430328,-0.03139858692884445,-0.08360780030488968,-0.014426440000534058,-0.012469170615077019,0.1178378090262413,0.13934803009033203,-0.24427075684070587,-0.22876021265983582,0.8047806620597839,0.028296923264861107,-0.20964746177196503,0.05893240496516228,-0.11794345080852509,0.025819385424256325,0.24251382052898407,0.37359490990638733,-0.5406423807144165,-0.13663974404335022,0.37575042247772217,-0.41103464365005493,-0.12758305668830872,-0.17527952790260315,0.1789296567440033,-0.2611120641231537,0.057761721312999725,-0.024861659854650497,-0.20128759741783142,-0.03013184666633606,0.10109279304742813,0.1085205227136612,-0.255176842212677,-0.34802359342575073,0.08716412633657455,-0.24395838379859924,-0.09789084643125534,-0.18370208144187927,0.08717863261699677,0.01112258993089199,0.03267454728484154,0.45280614495277405,0.369216650724411,0.10696107149124146,0.0467442125082016,-0.22123956680297852,0.013628718443214893,-0.27930063009262085,0.28104668855667114,0.3247731328010559,-0.001662260270677507,-0.06644733250141144,0.17436128854751587,0.01596728339791298,-0.2471315860748291,-0.3565520644187927,0.38434940576553345,-0.4123522639274597,0.12278489768505096,-0.5353474617004395,-0.14606328308582306,0.12691107392311096,-0.2970033586025238,-0.07697469741106033,0.01280945260077715,0.2884942591190338,0.11873678863048553,0.5369794368743896,0.5669863224029541,-0.5064888000488281,0.20106598734855652,0.011728944256901741,-0.2159961462020874,-0.8995836973190308,-0.13299480080604553,0.41872286796569824,0.1436145007610321,-0.17754198610782623,-0.1861608326435089,0.06711649149656296,-0.8542235493659973,-0.5559719800949097,0.27111145853996277,0.062465257942676544,0.22864213585853577,-0.13972845673561096,0.009005391970276833,-0.30711135268211365
