2024-04-30 15:53:58.907179 Using folder: /bp1/mrcieu1/users/fu19841/kge/local/experiments/20240430-155358-psi_0.125
2024-04-30 15:53:58.908156 Loading configuration of dataset selfloops from /bp1/mrcieu1/users/fu19841/kge/data/selfloops ...
2024-04-30 15:53:58.915823 Loaded 19734 keys from map entity_ids
2024-04-30 15:53:58.918157 Loaded 11149 keys from map relation_ids
2024-04-30 15:53:58.962770 Loaded 4022003 train triples
2024-04-30 15:53:58.971452 Loaded 502751 valid triples
2024-04-30 15:53:58.979493 Loaded 502751 test triples
2024-04-30 15:53:59.027975 [5f8bdfcd] Found psi value: 0.125
2024-04-30 15:53:59.028551 [5f8bdfcd] Created sparse neighbour adjacency of shape: torch.Size([19734, 19734])
2024-04-30 15:53:59.087808 [5f8bdfcd] Found psi value: 0.125
2024-04-30 15:53:59.088484 [5f8bdfcd] Created sparse neighbour adjacency of shape: torch.Size([19734, 19734])
2024-04-30 15:54:00.271560 [5f8bdfcd] Initializing spo training job...
2024-04-30 15:54:00.286525 [5f8bdfcd] Configuration:
2024-04-30 15:54:00.298707 [5f8bdfcd]   1vsAll:
2024-04-30 15:54:00.298720 [5f8bdfcd]     class_name: TrainingJob1vsAll
2024-04-30 15:54:00.298727 [5f8bdfcd]   KvsAll:
2024-04-30 15:54:00.298733 [5f8bdfcd]     class_name: TrainingJobKvsAll
2024-04-30 15:54:00.298739 [5f8bdfcd]     label_smoothing: 0.0
2024-04-30 15:54:00.298745 [5f8bdfcd]     query_types:
2024-04-30 15:54:00.298750 [5f8bdfcd]       _po: true
2024-04-30 15:54:00.298756 [5f8bdfcd]       s_o: false
2024-04-30 15:54:00.298761 [5f8bdfcd]       sp_: true
2024-04-30 15:54:00.298766 [5f8bdfcd]   ax_search:
2024-04-30 15:54:00.298772 [5f8bdfcd]     class_name: AxSearchJob
2024-04-30 15:54:00.298778 [5f8bdfcd]     num_sobol_trials: -1
2024-04-30 15:54:00.298783 [5f8bdfcd]     num_trials: 10
2024-04-30 15:54:00.298789 [5f8bdfcd]     parameter_constraints: []
2024-04-30 15:54:00.298794 [5f8bdfcd]     parameters: []
2024-04-30 15:54:00.298799 [5f8bdfcd]     sobol_seed: 0
2024-04-30 15:54:00.298805 [5f8bdfcd]   console:
2024-04-30 15:54:00.298810 [5f8bdfcd]     format: {}
2024-04-30 15:54:00.298816 [5f8bdfcd]     quiet: false
2024-04-30 15:54:00.298821 [5f8bdfcd]   dataset:
2024-04-30 15:54:00.298827 [5f8bdfcd]     +++: +++
2024-04-30 15:54:00.298832 [5f8bdfcd]     files:
2024-04-30 15:54:00.298837 [5f8bdfcd]       +++: +++
2024-04-30 15:54:00.298843 [5f8bdfcd]       entity_ids:
2024-04-30 15:54:00.298848 [5f8bdfcd]         filename: entity_ids.del
2024-04-30 15:54:00.298854 [5f8bdfcd]         type: map
2024-04-30 15:54:00.298859 [5f8bdfcd]       entity_strings:
2024-04-30 15:54:00.298864 [5f8bdfcd]         filename: entity_ids.del
2024-04-30 15:54:00.298870 [5f8bdfcd]         type: map
2024-04-30 15:54:00.298875 [5f8bdfcd]       relation_ids:
2024-04-30 15:54:00.298880 [5f8bdfcd]         filename: relation_ids.del
2024-04-30 15:54:00.298886 [5f8bdfcd]         type: map
2024-04-30 15:54:00.298891 [5f8bdfcd]       relation_strings:
2024-04-30 15:54:00.298896 [5f8bdfcd]         filename: relation_ids.del
2024-04-30 15:54:00.298902 [5f8bdfcd]         type: map
2024-04-30 15:54:00.298907 [5f8bdfcd]       test:
2024-04-30 15:54:00.298912 [5f8bdfcd]         filename: test.del
2024-04-30 15:54:00.298918 [5f8bdfcd]         size: 502751
2024-04-30 15:54:00.298923 [5f8bdfcd]         split_type: test
2024-04-30 15:54:00.298929 [5f8bdfcd]         type: triples
2024-04-30 15:54:00.298934 [5f8bdfcd]       test_without_unseen:
2024-04-30 15:54:00.298940 [5f8bdfcd]         filename: test_without_unseen.del
2024-04-30 15:54:00.298945 [5f8bdfcd]         size: 502367
2024-04-30 15:54:00.298950 [5f8bdfcd]         split_type: test
2024-04-30 15:54:00.298956 [5f8bdfcd]         type: triples
2024-04-30 15:54:00.298961 [5f8bdfcd]       train:
2024-04-30 15:54:00.298967 [5f8bdfcd]         filename: train.del
2024-04-30 15:54:00.298972 [5f8bdfcd]         size: 4022003
2024-04-30 15:54:00.298978 [5f8bdfcd]         split_type: train
2024-04-30 15:54:00.298983 [5f8bdfcd]         type: triples
2024-04-30 15:54:00.298989 [5f8bdfcd]       train_sample:
2024-04-30 15:54:00.298994 [5f8bdfcd]         filename: train_sample.del
2024-04-30 15:54:00.298999 [5f8bdfcd]         size: 502751
2024-04-30 15:54:00.299005 [5f8bdfcd]         split_type: train
2024-04-30 15:54:00.299010 [5f8bdfcd]         type: triples
2024-04-30 15:54:00.299016 [5f8bdfcd]       valid:
2024-04-30 15:54:00.299021 [5f8bdfcd]         filename: valid.del
2024-04-30 15:54:00.299026 [5f8bdfcd]         size: 502751
2024-04-30 15:54:00.299032 [5f8bdfcd]         split_type: valid
2024-04-30 15:54:00.299037 [5f8bdfcd]         type: triples
2024-04-30 15:54:00.299042 [5f8bdfcd]       valid_without_unseen:
2024-04-30 15:54:00.299048 [5f8bdfcd]         filename: valid_without_unseen.del
2024-04-30 15:54:00.299054 [5f8bdfcd]         size: 502361
2024-04-30 15:54:00.299059 [5f8bdfcd]         split_type: valid
2024-04-30 15:54:00.299064 [5f8bdfcd]         type: triples
2024-04-30 15:54:00.299069 [5f8bdfcd]     name: selfloops
2024-04-30 15:54:00.299075 [5f8bdfcd]     num_entities: 19734
2024-04-30 15:54:00.299080 [5f8bdfcd]     num_relations: 11149
2024-04-30 15:54:00.299085 [5f8bdfcd]     pickle: true
2024-04-30 15:54:00.299091 [5f8bdfcd]   entity_ranking:
2024-04-30 15:54:00.299096 [5f8bdfcd]     chunk_size: -1
2024-04-30 15:54:00.299102 [5f8bdfcd]     class_name: EntityRankingJob
2024-04-30 15:54:00.299107 [5f8bdfcd]     filter_splits:
2024-04-30 15:54:00.299112 [5f8bdfcd]     - train
2024-04-30 15:54:00.299118 [5f8bdfcd]     - valid
2024-04-30 15:54:00.299123 [5f8bdfcd]     filter_with_test: true
2024-04-30 15:54:00.299129 [5f8bdfcd]     hits_at_k_s:
2024-04-30 15:54:00.299134 [5f8bdfcd]     - 1
2024-04-30 15:54:00.299140 [5f8bdfcd]     - 3
2024-04-30 15:54:00.299145 [5f8bdfcd]     - 10
2024-04-30 15:54:00.299150 [5f8bdfcd]     - 50
2024-04-30 15:54:00.299156 [5f8bdfcd]     - 100
2024-04-30 15:54:00.299161 [5f8bdfcd]     - 200
2024-04-30 15:54:00.299167 [5f8bdfcd]     - 300
2024-04-30 15:54:00.299172 [5f8bdfcd]     - 400
2024-04-30 15:54:00.299177 [5f8bdfcd]     - 500
2024-04-30 15:54:00.299183 [5f8bdfcd]     - 1000
2024-04-30 15:54:00.299188 [5f8bdfcd]     metrics_per:
2024-04-30 15:54:00.299193 [5f8bdfcd]       argument_frequency: false
2024-04-30 15:54:00.299199 [5f8bdfcd]       head_and_tail: false
2024-04-30 15:54:00.299216 [5f8bdfcd]       relation_type: true
2024-04-30 15:54:00.299221 [5f8bdfcd]     tie_handling:
2024-04-30 15:54:00.299227 [5f8bdfcd]       atol: 1e-05
2024-04-30 15:54:00.299232 [5f8bdfcd]       rtol: 1e-04
2024-04-30 15:54:00.299237 [5f8bdfcd]       type: rounded_mean_rank
2024-04-30 15:54:00.299243 [5f8bdfcd]       warn_only: true
2024-04-30 15:54:00.299248 [5f8bdfcd]   eval:
2024-04-30 15:54:00.299253 [5f8bdfcd]     batch_size: 256
2024-04-30 15:54:00.299258 [5f8bdfcd]     num_workers: 0
2024-04-30 15:54:00.299264 [5f8bdfcd]     pin_memory: false
2024-04-30 15:54:00.299269 [5f8bdfcd]     split: valid
2024-04-30 15:54:00.299274 [5f8bdfcd]     trace_level: epoch
2024-04-30 15:54:00.299280 [5f8bdfcd]     type: entity_ranking
2024-04-30 15:54:00.299285 [5f8bdfcd]   grash_search:
2024-04-30 15:54:00.299290 [5f8bdfcd]     class_name: GraSHSearchJob
2024-04-30 15:54:00.299296 [5f8bdfcd]     cost_metric: triples
2024-04-30 15:54:00.299301 [5f8bdfcd]     eta: 4
2024-04-30 15:54:00.299307 [5f8bdfcd]     keep_initialization: false
2024-04-30 15:54:00.299312 [5f8bdfcd]     keep_pretrained: false
2024-04-30 15:54:00.299318 [5f8bdfcd]     min_negatives_percentage: 0.01
2024-04-30 15:54:00.299323 [5f8bdfcd]     num_trials: 64
2024-04-30 15:54:00.299328 [5f8bdfcd]     parameters: []
2024-04-30 15:54:00.299334 [5f8bdfcd]     search_budget: 3
2024-04-30 15:54:00.299339 [5f8bdfcd]     seed: -1
2024-04-30 15:54:00.299344 [5f8bdfcd]     valid_frac: 0.2
2024-04-30 15:54:00.299349 [5f8bdfcd]     valid_max: 5000
2024-04-30 15:54:00.299355 [5f8bdfcd]     variant: combined
2024-04-30 15:54:00.299360 [5f8bdfcd]   grid_search:
2024-04-30 15:54:00.299365 [5f8bdfcd]     class_name: GridSearchJob
2024-04-30 15:54:00.299371 [5f8bdfcd]     parameters:
2024-04-30 15:54:00.299376 [5f8bdfcd]       +++: +++
2024-04-30 15:54:00.299381 [5f8bdfcd]     run: true
2024-04-30 15:54:00.299387 [5f8bdfcd]   import:
2024-04-30 15:54:00.299392 [5f8bdfcd]   - simple
2024-04-30 15:54:00.299397 [5f8bdfcd]   job:
2024-04-30 15:54:00.299403 [5f8bdfcd]     auto_correct: true
2024-04-30 15:54:00.299408 [5f8bdfcd]     device: cuda
2024-04-30 15:54:00.299413 [5f8bdfcd]     type: train
2024-04-30 15:54:00.299419 [5f8bdfcd]   lookup_embedder:
2024-04-30 15:54:00.299424 [5f8bdfcd]     class_name: LookupEmbedder
2024-04-30 15:54:00.299430 [5f8bdfcd]     dim: 256
2024-04-30 15:54:00.299436 [5f8bdfcd]     dropout: 0.0
2024-04-30 15:54:00.299441 [5f8bdfcd]     initialize: xavier_normal_
2024-04-30 15:54:00.299446 [5f8bdfcd]     initialize_args:
2024-04-30 15:54:00.299452 [5f8bdfcd]       +++: +++
2024-04-30 15:54:00.299457 [5f8bdfcd]       normal_:
2024-04-30 15:54:00.299462 [5f8bdfcd]         mean: 0.0
2024-04-30 15:54:00.299468 [5f8bdfcd]         std: 0.006737
2024-04-30 15:54:00.299473 [5f8bdfcd]       xavier_normal_:
2024-04-30 15:54:00.299479 [5f8bdfcd]         gain: 1.0
2024-04-30 15:54:00.299484 [5f8bdfcd]     neighbour_edgelist_file: drug_sim_edgelist.pt
2024-04-30 15:54:00.299497 [5f8bdfcd]     normalize:
2024-04-30 15:54:00.299503 [5f8bdfcd]       p: -1.0
2024-04-30 15:54:00.299508 [5f8bdfcd]     pretrain:
2024-04-30 15:54:00.299514 [5f8bdfcd]       ensure_all: false
2024-04-30 15:54:00.299520 [5f8bdfcd]       model_filename: ''
2024-04-30 15:54:00.299525 [5f8bdfcd]     psi: 0.125
2024-04-30 15:54:00.299531 [5f8bdfcd]     regularize: ''
2024-04-30 15:54:00.299536 [5f8bdfcd]     regularize_args:
2024-04-30 15:54:00.299542 [5f8bdfcd]       +++: +++
2024-04-30 15:54:00.299547 [5f8bdfcd]       p: 2
2024-04-30 15:54:00.299552 [5f8bdfcd]       weighted: false
2024-04-30 15:54:00.299558 [5f8bdfcd]     regularize_weight: 0.0
2024-04-30 15:54:00.299563 [5f8bdfcd]     round_dim_to: []
2024-04-30 15:54:00.299568 [5f8bdfcd]     space: euclidean
2024-04-30 15:54:00.299574 [5f8bdfcd]     sparse: false
2024-04-30 15:54:00.299579 [5f8bdfcd]   manual_search:
2024-04-30 15:54:00.299584 [5f8bdfcd]     class_name: ManualSearchJob
2024-04-30 15:54:00.299590 [5f8bdfcd]     configurations: []
2024-04-30 15:54:00.299595 [5f8bdfcd]     run: true
2024-04-30 15:54:00.299601 [5f8bdfcd]   model: simple
2024-04-30 15:54:00.299606 [5f8bdfcd]   modules:
2024-04-30 15:54:00.299611 [5f8bdfcd]   - kge.job
2024-04-30 15:54:00.299617 [5f8bdfcd]   - kge.model
2024-04-30 15:54:00.299622 [5f8bdfcd]   - kge.model.embedder
2024-04-30 15:54:00.299628 [5f8bdfcd]   negative_sampling:
2024-04-30 15:54:00.299633 [5f8bdfcd]     class_name: TrainingJobNegativeSampling
2024-04-30 15:54:00.299638 [5f8bdfcd]     filtering:
2024-04-30 15:54:00.299644 [5f8bdfcd]       implementation: fast_if_available
2024-04-30 15:54:00.299660 [5f8bdfcd]       o: false
2024-04-30 15:54:00.299667 [5f8bdfcd]       p: false
2024-04-30 15:54:00.299672 [5f8bdfcd]       s: false
2024-04-30 15:54:00.299677 [5f8bdfcd]       split: ''
2024-04-30 15:54:00.299682 [5f8bdfcd]     frequency:
2024-04-30 15:54:00.299687 [5f8bdfcd]       smoothing: 1
2024-04-30 15:54:00.299692 [5f8bdfcd]     implementation: auto
2024-04-30 15:54:00.299697 [5f8bdfcd]     num_samples:
2024-04-30 15:54:00.299702 [5f8bdfcd]       o: -1
2024-04-30 15:54:00.299708 [5f8bdfcd]       p: 0
2024-04-30 15:54:00.299713 [5f8bdfcd]       s: 3
2024-04-30 15:54:00.299718 [5f8bdfcd]     sampling_type: uniform
2024-04-30 15:54:00.299723 [5f8bdfcd]     shared: false
2024-04-30 15:54:00.299728 [5f8bdfcd]     shared_type: default
2024-04-30 15:54:00.299733 [5f8bdfcd]     with_replacement: true
2024-04-30 15:54:00.299738 [5f8bdfcd]   random_seed:
2024-04-30 15:54:00.299743 [5f8bdfcd]     default: -1
2024-04-30 15:54:00.299748 [5f8bdfcd]     numba: -1
2024-04-30 15:54:00.299753 [5f8bdfcd]     numpy: -1
2024-04-30 15:54:00.299758 [5f8bdfcd]     python: -1
2024-04-30 15:54:00.299763 [5f8bdfcd]     torch: -1
2024-04-30 15:54:00.299768 [5f8bdfcd]   search:
2024-04-30 15:54:00.299773 [5f8bdfcd]     device_pool: []
2024-04-30 15:54:00.299778 [5f8bdfcd]     num_workers: 1
2024-04-30 15:54:00.299783 [5f8bdfcd]     on_error: abort
2024-04-30 15:54:00.299788 [5f8bdfcd]     type: ax_search
2024-04-30 15:54:00.299793 [5f8bdfcd]   simple:
2024-04-30 15:54:00.299799 [5f8bdfcd]     class_name: SimplE
2024-04-30 15:54:00.299804 [5f8bdfcd]     entity_embedder:
2024-04-30 15:54:00.299809 [5f8bdfcd]       +++: +++
2024-04-30 15:54:00.299814 [5f8bdfcd]       dropout: 0.067991
2024-04-30 15:54:00.299819 [5f8bdfcd]       type: lookup_embedder
2024-04-30 15:54:00.299824 [5f8bdfcd]     relation_embedder:
2024-04-30 15:54:00.299830 [5f8bdfcd]       +++: +++
2024-04-30 15:54:00.299835 [5f8bdfcd]       dropout: 0.125349
2024-04-30 15:54:00.299840 [5f8bdfcd]       type: lookup_embedder
2024-04-30 15:54:00.299845 [5f8bdfcd]   train:
2024-04-30 15:54:00.299850 [5f8bdfcd]     abort_on_nan: true
2024-04-30 15:54:00.299855 [5f8bdfcd]     batch_size: 256
2024-04-30 15:54:00.299860 [5f8bdfcd]     checkpoint:
2024-04-30 15:54:00.299865 [5f8bdfcd]       every: 5
2024-04-30 15:54:00.299870 [5f8bdfcd]       keep: 3
2024-04-30 15:54:00.299875 [5f8bdfcd]       keep_init: true
2024-04-30 15:54:00.299880 [5f8bdfcd]     loss: kl
2024-04-30 15:54:00.299885 [5f8bdfcd]     loss_arg: .nan
2024-04-30 15:54:00.299890 [5f8bdfcd]     lr_scheduler: ReduceLROnPlateau
2024-04-30 15:54:00.299895 [5f8bdfcd]     lr_scheduler_args:
2024-04-30 15:54:00.299901 [5f8bdfcd]       +++: +++
2024-04-30 15:54:00.299906 [5f8bdfcd]       factor: 0.5
2024-04-30 15:54:00.299911 [5f8bdfcd]       mode: max
2024-04-30 15:54:00.299916 [5f8bdfcd]       patience: 6
2024-04-30 15:54:00.299921 [5f8bdfcd]       threshold: 0.0001
2024-04-30 15:54:00.299926 [5f8bdfcd]     lr_warmup: 0
2024-04-30 15:54:00.299932 [5f8bdfcd]     max_epochs: 480
2024-04-30 15:54:00.299937 [5f8bdfcd]     num_workers: 0
2024-04-30 15:54:00.299942 [5f8bdfcd]     optimizer:
2024-04-30 15:54:00.299947 [5f8bdfcd]       +++: +++
2024-04-30 15:54:00.299952 [5f8bdfcd]       default:
2024-04-30 15:54:00.299957 [5f8bdfcd]         args:
2024-04-30 15:54:00.299962 [5f8bdfcd]           +++: +++
2024-04-30 15:54:00.299967 [5f8bdfcd]           lr: 0.010761
2024-04-30 15:54:00.299972 [5f8bdfcd]         type: Adam
2024-04-30 15:54:00.299978 [5f8bdfcd]     pin_memory: false
2024-04-30 15:54:00.299983 [5f8bdfcd]     split: train
2024-04-30 15:54:00.299988 [5f8bdfcd]     subbatch_auto_tune: true
2024-04-30 15:54:00.299993 [5f8bdfcd]     subbatch_size: -1
2024-04-30 15:54:00.299998 [5f8bdfcd]     trace_level: epoch
2024-04-30 15:54:00.300003 [5f8bdfcd]     type: 1vsAll
2024-04-30 15:54:00.300009 [5f8bdfcd]     visualize_graph: false
2024-04-30 15:54:00.300014 [5f8bdfcd]   training_loss:
2024-04-30 15:54:00.300019 [5f8bdfcd]     class_name: TrainingLossEvaluationJob
2024-04-30 15:54:00.300024 [5f8bdfcd]   user:
2024-04-30 15:54:00.300029 [5f8bdfcd]     +++: +++
2024-04-30 15:54:00.300060 [5f8bdfcd]   valid:
2024-04-30 15:54:00.300066 [5f8bdfcd]     early_stopping:
2024-04-30 15:54:00.300071 [5f8bdfcd]       patience: 10
2024-04-30 15:54:00.300077 [5f8bdfcd]       threshold:
2024-04-30 15:54:00.300082 [5f8bdfcd]         epochs: 480
2024-04-30 15:54:00.300087 [5f8bdfcd]         metric_value: 0.01
2024-04-30 15:54:00.300092 [5f8bdfcd]     every: 5
2024-04-30 15:54:00.300097 [5f8bdfcd]     last: true
2024-04-30 15:54:00.300103 [5f8bdfcd]     metric: mean_reciprocal_rank_filtered_with_test
2024-04-30 15:54:00.300108 [5f8bdfcd]     metric_expr: float("nan")
2024-04-30 15:54:00.300113 [5f8bdfcd]     metric_max: true
2024-04-30 15:54:00.300118 [5f8bdfcd]     split: valid
2024-04-30 15:54:00.300123 [5f8bdfcd]     trace_level: epoch
2024-04-30 15:54:00.301069 [5f8bdfcd]   git commit: No git binary found
2024-04-30 15:54:00.301978 [5f8bdfcd] Saving checkpoint to /bp1/mrcieu1/users/fu19841/kge/local/experiments/20240430-155358-psi_0.125/checkpoint_00000.pt...
2024-04-30 15:54:00.373995 [5f8bdfcd] Starting training...
2024-04-30 15:54:00.374529 [5f8bdfcd] Starting epoch 1...
2024-04-30 15:54:01.423235 [5f8bdfcd] CUDA memory after first batch: allocated=    81,815,552 reserved=   247,463,936 max_allocated=   213,016,064
2024-04-30 15:58:42.010418 [5f8bdfcd] avg_cost: 11.52750994742674
2024-04-30 15:58:42.010438 [5f8bdfcd] avg_loss: 11.52750994742674
2024-04-30 15:58:42.010441 [5f8bdfcd] avg_penalties: {}
2024-04-30 15:58:42.010444 [5f8bdfcd] avg_penalty: 0.0
2024-04-30 15:58:42.010447 [5f8bdfcd] backward_time: 67.18451929092407
2024-04-30 15:58:42.010450 [5f8bdfcd] batches: 15711
2024-04-30 15:58:42.010453 [5f8bdfcd] entry_id: 91095e79-509f-457a-9eea-9f05e6895651
2024-04-30 15:58:42.010456 [5f8bdfcd] epoch: 1
2024-04-30 15:58:42.010459 [5f8bdfcd] epoch_time: 281.6307463645935
2024-04-30 15:58:42.010462 [5f8bdfcd] event: epoch_completed
2024-04-30 15:58:42.010465 [5f8bdfcd] forward_time: 192.51323795318604
2024-04-30 15:58:42.010467 [5f8bdfcd] job: train
2024-04-30 15:58:42.010470 [5f8bdfcd] job_id: 5f8bdfcd-8221-4ed0-8fa4-10613756bb14
2024-04-30 15:58:42.010473 [5f8bdfcd] lr:
2024-04-30 15:58:42.010476 [5f8bdfcd] - 0.010761
2024-04-30 15:58:42.010479 [5f8bdfcd] num_parameters: 7906048
2024-04-30 15:58:42.010481 [5f8bdfcd] optimizer_time: 5.367918014526367
2024-04-30 15:58:42.010484 [5f8bdfcd] other_time: 8.50290060043335
2024-04-30 15:58:42.010487 [5f8bdfcd] prepare_time: 8.062170505523682
2024-04-30 15:58:42.010491 [5f8bdfcd] scope: epoch
2024-04-30 15:58:42.010493 [5f8bdfcd] size: 4022003
2024-04-30 15:58:42.010496 [5f8bdfcd] split: train
2024-04-30 15:58:42.010499 [5f8bdfcd] timestamp: 1714489122.0057116
2024-04-30 15:58:42.010502 [5f8bdfcd] type: 1vsAll
2024-04-30 15:58:42.013714 [5f8bdfcd]   avg_cost: 11.52750994742674
2024-04-30 15:58:42.013728 [5f8bdfcd]   avg_loss: 11.52750994742674
2024-04-30 15:58:42.013735 [5f8bdfcd]   avg_penalties: {}
2024-04-30 15:58:42.013741 [5f8bdfcd]   avg_penalty: 0.0
2024-04-30 15:58:42.013747 [5f8bdfcd]   backward_time: 67.18451929092407
2024-04-30 15:58:42.013753 [5f8bdfcd]   batches: 15711
2024-04-30 15:58:42.013760 [5f8bdfcd]   entry_id: 91095e79-509f-457a-9eea-9f05e6895651
2024-04-30 15:58:42.013766 [5f8bdfcd]   epoch: 1
2024-04-30 15:58:42.013772 [5f8bdfcd]   epoch_time: 281.6307463645935
2024-04-30 15:58:42.013778 [5f8bdfcd]   event: epoch_completed
2024-04-30 15:58:42.013784 [5f8bdfcd]   forward_time: 192.51323795318604
2024-04-30 15:58:42.013790 [5f8bdfcd]   job: train
2024-04-30 15:58:42.013796 [5f8bdfcd]   job_id: 5f8bdfcd-8221-4ed0-8fa4-10613756bb14
2024-04-30 15:58:42.013802 [5f8bdfcd]   lr:
2024-04-30 15:58:42.013808 [5f8bdfcd]   - 0.010761
2024-04-30 15:58:42.013814 [5f8bdfcd]   num_parameters: 7906048
2024-04-30 15:58:42.013820 [5f8bdfcd]   optimizer_time: 5.367918014526367
2024-04-30 15:58:42.013826 [5f8bdfcd]   other_time: 8.50290060043335
2024-04-30 15:58:42.013833 [5f8bdfcd]   prepare_time: 8.062170505523682
2024-04-30 15:58:42.013839 [5f8bdfcd]   scope: epoch
2024-04-30 15:58:42.013845 [5f8bdfcd]   size: 4022003
2024-04-30 15:58:42.013850 [5f8bdfcd]   split: train
2024-04-30 15:58:42.013856 [5f8bdfcd]   timestamp: 1714489122.0057116
2024-04-30 15:58:42.013862 [5f8bdfcd]   type: 1vsAll
2024-04-30 15:58:42.014603 [5f8bdfcd] Finished epoch 1.
2024-04-30 15:58:42.015473 [5f8bdfcd] Saving checkpoint to /bp1/mrcieu1/users/fu19841/kge/local/experiments/20240430-155358-psi_0.125/checkpoint_00001.pt...
2024-04-30 15:58:42.211188 [5f8bdfcd] Starting epoch 2...
2024-04-30 16:03:24.554549 [5f8bdfcd] avg_cost: 11.054894476965707
2024-04-30 16:03:24.554567 [5f8bdfcd] avg_loss: 11.054894476965707
2024-04-30 16:03:24.554570 [5f8bdfcd] avg_penalties: {}
2024-04-30 16:03:24.554573 [5f8bdfcd] avg_penalty: 0.0
2024-04-30 16:03:24.554575 [5f8bdfcd] backward_time: 67.31803345680237
2024-04-30 16:03:24.554578 [5f8bdfcd] batches: 15711
2024-04-30 16:03:24.554581 [5f8bdfcd] entry_id: 45a32a70-7d0e-4430-b8e0-a58a56b943a8
2024-04-30 16:03:24.554583 [5f8bdfcd] epoch: 2
2024-04-30 16:03:24.554586 [5f8bdfcd] epoch_time: 282.3387031555176
2024-04-30 16:03:24.554589 [5f8bdfcd] event: epoch_completed
2024-04-30 16:03:24.554591 [5f8bdfcd] forward_time: 193.14209961891174
2024-04-30 16:03:24.554594 [5f8bdfcd] job: train
2024-04-30 16:03:24.554596 [5f8bdfcd] job_id: 5f8bdfcd-8221-4ed0-8fa4-10613756bb14
2024-04-30 16:03:24.554599 [5f8bdfcd] lr:
2024-04-30 16:03:24.554601 [5f8bdfcd] - 0.010761
2024-04-30 16:03:24.554604 [5f8bdfcd] num_parameters: 7906048
2024-04-30 16:03:24.554606 [5f8bdfcd] optimizer_time: 5.337887287139893
2024-04-30 16:03:24.554608 [5f8bdfcd] other_time: 8.498313188552856
2024-04-30 16:03:24.554611 [5f8bdfcd] prepare_time: 8.042369604110718
2024-04-30 16:03:24.554614 [5f8bdfcd] scope: epoch
2024-04-30 16:03:24.554616 [5f8bdfcd] size: 4022003
2024-04-30 16:03:24.554619 [5f8bdfcd] split: train
2024-04-30 16:03:24.554621 [5f8bdfcd] timestamp: 1714489404.5503778
2024-04-30 16:03:24.554624 [5f8bdfcd] type: 1vsAll
2024-04-30 16:03:24.557581 [5f8bdfcd]   avg_cost: 11.054894476965707
2024-04-30 16:03:24.557594 [5f8bdfcd]   avg_loss: 11.054894476965707
2024-04-30 16:03:24.557601 [5f8bdfcd]   avg_penalties: {}
2024-04-30 16:03:24.557607 [5f8bdfcd]   avg_penalty: 0.0
2024-04-30 16:03:24.557612 [5f8bdfcd]   backward_time: 67.31803345680237
2024-04-30 16:03:24.557618 [5f8bdfcd]   batches: 15711
2024-04-30 16:03:24.557624 [5f8bdfcd]   entry_id: 45a32a70-7d0e-4430-b8e0-a58a56b943a8
2024-04-30 16:03:24.557629 [5f8bdfcd]   epoch: 2
2024-04-30 16:03:24.557635 [5f8bdfcd]   epoch_time: 282.3387031555176
2024-04-30 16:03:24.557640 [5f8bdfcd]   event: epoch_completed
2024-04-30 16:03:24.557646 [5f8bdfcd]   forward_time: 193.14209961891174
2024-04-30 16:03:24.557651 [5f8bdfcd]   job: train
2024-04-30 16:03:24.557657 [5f8bdfcd]   job_id: 5f8bdfcd-8221-4ed0-8fa4-10613756bb14
2024-04-30 16:03:24.557662 [5f8bdfcd]   lr:
2024-04-30 16:03:24.557667 [5f8bdfcd]   - 0.010761
2024-04-30 16:03:24.557673 [5f8bdfcd]   num_parameters: 7906048
2024-04-30 16:03:24.557679 [5f8bdfcd]   optimizer_time: 5.337887287139893
2024-04-30 16:03:24.557684 [5f8bdfcd]   other_time: 8.498313188552856
2024-04-30 16:03:24.557690 [5f8bdfcd]   prepare_time: 8.042369604110718
2024-04-30 16:03:24.557696 [5f8bdfcd]   scope: epoch
2024-04-30 16:03:24.557701 [5f8bdfcd]   size: 4022003
2024-04-30 16:03:24.557706 [5f8bdfcd]   split: train
2024-04-30 16:03:24.557712 [5f8bdfcd]   timestamp: 1714489404.5503778
2024-04-30 16:03:24.557717 [5f8bdfcd]   type: 1vsAll
2024-04-30 16:03:24.558438 [5f8bdfcd] Finished epoch 2.
2024-04-30 16:03:24.559085 [5f8bdfcd] Saving checkpoint to /bp1/mrcieu1/users/fu19841/kge/local/experiments/20240430-155358-psi_0.125/checkpoint_00002.pt...
2024-04-30 16:03:24.753355 [5f8bdfcd] Removing old checkpoint /bp1/mrcieu1/users/fu19841/kge/local/experiments/20240430-155358-psi_0.125/checkpoint_00001.pt...
2024-04-30 16:03:24.784793 [5f8bdfcd] Starting epoch 3...
2024-04-30 16:08:05.258619 [5f8bdfcd] avg_cost: 10.979160320198865
2024-04-30 16:08:05.258667 [5f8bdfcd] avg_loss: 10.979160320198865
2024-04-30 16:08:05.258679 [5f8bdfcd] avg_penalties: {}
2024-04-30 16:08:05.258701 [5f8bdfcd] avg_penalty: 0.0
2024-04-30 16:08:05.258704 [5f8bdfcd] backward_time: 66.89323091506958
2024-04-30 16:08:05.258707 [5f8bdfcd] batches: 15711
2024-04-30 16:08:05.258710 [5f8bdfcd] entry_id: c9cdb22a-544b-4ca9-8ca4-b3c64015eea3
2024-04-30 16:08:05.258712 [5f8bdfcd] epoch: 3
2024-04-30 16:08:05.258715 [5f8bdfcd] epoch_time: 280.4688558578491
2024-04-30 16:08:05.258717 [5f8bdfcd] event: epoch_completed
2024-04-30 16:08:05.258720 [5f8bdfcd] forward_time: 191.71939373016357
2024-04-30 16:08:05.258722 [5f8bdfcd] job: train
2024-04-30 16:08:05.258725 [5f8bdfcd] job_id: 5f8bdfcd-8221-4ed0-8fa4-10613756bb14
2024-04-30 16:08:05.258728 [5f8bdfcd] lr:
2024-04-30 16:08:05.258730 [5f8bdfcd] - 0.010761
2024-04-30 16:08:05.258733 [5f8bdfcd] num_parameters: 7906048
2024-04-30 16:08:05.258735 [5f8bdfcd] optimizer_time: 5.329461336135864
2024-04-30 16:08:05.258737 [5f8bdfcd] other_time: 8.475832223892212
2024-04-30 16:08:05.258740 [5f8bdfcd] prepare_time: 8.05093765258789
2024-04-30 16:08:05.258743 [5f8bdfcd] scope: epoch
2024-04-30 16:08:05.258745 [5f8bdfcd] size: 4022003
2024-04-30 16:08:05.258748 [5f8bdfcd] split: train
2024-04-30 16:08:05.258750 [5f8bdfcd] timestamp: 1714489685.254149
2024-04-30 16:08:05.258753 [5f8bdfcd] type: 1vsAll
2024-04-30 16:08:05.261799 [5f8bdfcd]   avg_cost: 10.979160320198865
2024-04-30 16:08:05.261812 [5f8bdfcd]   avg_loss: 10.979160320198865
2024-04-30 16:08:05.261818 [5f8bdfcd]   avg_penalties: {}
2024-04-30 16:08:05.261824 [5f8bdfcd]   avg_penalty: 0.0
2024-04-30 16:08:05.261829 [5f8bdfcd]   backward_time: 66.89323091506958
2024-04-30 16:08:05.261835 [5f8bdfcd]   batches: 15711
2024-04-30 16:08:05.261840 [5f8bdfcd]   entry_id: c9cdb22a-544b-4ca9-8ca4-b3c64015eea3
2024-04-30 16:08:05.261845 [5f8bdfcd]   epoch: 3
2024-04-30 16:08:05.261851 [5f8bdfcd]   epoch_time: 280.4688558578491
2024-04-30 16:08:05.261856 [5f8bdfcd]   event: epoch_completed
2024-04-30 16:08:05.261862 [5f8bdfcd]   forward_time: 191.71939373016357
2024-04-30 16:08:05.261867 [5f8bdfcd]   job: train
2024-04-30 16:08:05.261872 [5f8bdfcd]   job_id: 5f8bdfcd-8221-4ed0-8fa4-10613756bb14
2024-04-30 16:08:05.261878 [5f8bdfcd]   lr:
2024-04-30 16:08:05.261883 [5f8bdfcd]   - 0.010761
2024-04-30 16:08:05.261889 [5f8bdfcd]   num_parameters: 7906048
2024-04-30 16:08:05.261894 [5f8bdfcd]   optimizer_time: 5.329461336135864
2024-04-30 16:08:05.261900 [5f8bdfcd]   other_time: 8.475832223892212
2024-04-30 16:08:05.261906 [5f8bdfcd]   prepare_time: 8.05093765258789
2024-04-30 16:08:05.261911 [5f8bdfcd]   scope: epoch
2024-04-30 16:08:05.261916 [5f8bdfcd]   size: 4022003
2024-04-30 16:08:05.261922 [5f8bdfcd]   split: train
2024-04-30 16:08:05.261927 [5f8bdfcd]   timestamp: 1714489685.254149
2024-04-30 16:08:05.261932 [5f8bdfcd]   type: 1vsAll
2024-04-30 16:08:05.262756 [5f8bdfcd] Finished epoch 3.
2024-04-30 16:08:05.263537 [5f8bdfcd] Saving checkpoint to /bp1/mrcieu1/users/fu19841/kge/local/experiments/20240430-155358-psi_0.125/checkpoint_00003.pt...
2024-04-30 16:08:05.460141 [5f8bdfcd] Removing old checkpoint /bp1/mrcieu1/users/fu19841/kge/local/experiments/20240430-155358-psi_0.125/checkpoint_00002.pt...
2024-04-30 16:08:05.490086 [5f8bdfcd] Starting epoch 4...
2024-04-30 16:12:41.967395 [5f8bdfcd] avg_cost: 10.945494019523654
2024-04-30 16:12:41.967414 [5f8bdfcd] avg_loss: 10.945494019523654
2024-04-30 16:12:41.967417 [5f8bdfcd] avg_penalties: {}
2024-04-30 16:12:41.967420 [5f8bdfcd] avg_penalty: 0.0
2024-04-30 16:12:41.967423 [5f8bdfcd] backward_time: 66.02365946769714
2024-04-30 16:12:41.967425 [5f8bdfcd] batches: 15711
2024-04-30 16:12:41.967428 [5f8bdfcd] entry_id: 392f9c1c-a287-478a-82b0-005e57d409a8
2024-04-30 16:12:41.967431 [5f8bdfcd] epoch: 4
2024-04-30 16:12:41.967433 [5f8bdfcd] epoch_time: 276.4724762439728
2024-04-30 16:12:41.967436 [5f8bdfcd] event: epoch_completed
2024-04-30 16:12:41.967438 [5f8bdfcd] forward_time: 188.59992623329163
2024-04-30 16:12:41.967441 [5f8bdfcd] job: train
2024-04-30 16:12:41.967443 [5f8bdfcd] job_id: 5f8bdfcd-8221-4ed0-8fa4-10613756bb14
2024-04-30 16:12:41.967446 [5f8bdfcd] lr:
2024-04-30 16:12:41.967448 [5f8bdfcd] - 0.010761
2024-04-30 16:12:41.967451 [5f8bdfcd] num_parameters: 7906048
2024-04-30 16:12:41.967453 [5f8bdfcd] optimizer_time: 5.3278093338012695
2024-04-30 16:12:41.967456 [5f8bdfcd] other_time: 8.459487676620483
2024-04-30 16:12:41.967458 [5f8bdfcd] prepare_time: 8.061593532562256
2024-04-30 16:12:41.967461 [5f8bdfcd] scope: epoch
2024-04-30 16:12:41.967464 [5f8bdfcd] size: 4022003
2024-04-30 16:12:41.967466 [5f8bdfcd] split: train
2024-04-30 16:12:41.967468 [5f8bdfcd] timestamp: 1714489961.9629827
2024-04-30 16:12:41.967471 [5f8bdfcd] type: 1vsAll
2024-04-30 16:12:41.970503 [5f8bdfcd]   avg_cost: 10.945494019523654
2024-04-30 16:12:41.970516 [5f8bdfcd]   avg_loss: 10.945494019523654
2024-04-30 16:12:41.970522 [5f8bdfcd]   avg_penalties: {}
2024-04-30 16:12:41.970527 [5f8bdfcd]   avg_penalty: 0.0
2024-04-30 16:12:41.970533 [5f8bdfcd]   backward_time: 66.02365946769714
2024-04-30 16:12:41.970538 [5f8bdfcd]   batches: 15711
2024-04-30 16:12:41.970544 [5f8bdfcd]   entry_id: 392f9c1c-a287-478a-82b0-005e57d409a8
2024-04-30 16:12:41.970549 [5f8bdfcd]   epoch: 4
2024-04-30 16:12:41.970554 [5f8bdfcd]   epoch_time: 276.4724762439728
2024-04-30 16:12:41.970560 [5f8bdfcd]   event: epoch_completed
2024-04-30 16:12:41.970565 [5f8bdfcd]   forward_time: 188.59992623329163
2024-04-30 16:12:41.970571 [5f8bdfcd]   job: train
2024-04-30 16:12:41.970576 [5f8bdfcd]   job_id: 5f8bdfcd-8221-4ed0-8fa4-10613756bb14
2024-04-30 16:12:41.970582 [5f8bdfcd]   lr:
2024-04-30 16:12:41.970587 [5f8bdfcd]   - 0.010761
2024-04-30 16:12:41.970592 [5f8bdfcd]   num_parameters: 7906048
2024-04-30 16:12:41.970598 [5f8bdfcd]   optimizer_time: 5.3278093338012695
2024-04-30 16:12:41.970603 [5f8bdfcd]   other_time: 8.459487676620483
2024-04-30 16:12:41.970609 [5f8bdfcd]   prepare_time: 8.061593532562256
2024-04-30 16:12:41.970614 [5f8bdfcd]   scope: epoch
2024-04-30 16:12:41.970620 [5f8bdfcd]   size: 4022003
2024-04-30 16:12:41.970625 [5f8bdfcd]   split: train
2024-04-30 16:12:41.970630 [5f8bdfcd]   timestamp: 1714489961.9629827
2024-04-30 16:12:41.970636 [5f8bdfcd]   type: 1vsAll
2024-04-30 16:12:41.971457 [5f8bdfcd] Finished epoch 4.
2024-04-30 16:12:41.972127 [5f8bdfcd] Saving checkpoint to /bp1/mrcieu1/users/fu19841/kge/local/experiments/20240430-155358-psi_0.125/checkpoint_00004.pt...
2024-04-30 16:12:42.167763 [5f8bdfcd] Removing old checkpoint /bp1/mrcieu1/users/fu19841/kge/local/experiments/20240430-155358-psi_0.125/checkpoint_00003.pt...
2024-04-30 16:12:42.201924 [5f8bdfcd] Starting epoch 5...
2024-04-30 16:17:29.018984 [5f8bdfcd] avg_cost: 10.92906064818592
2024-04-30 16:17:29.019004 [5f8bdfcd] avg_loss: 10.92906064818592
2024-04-30 16:17:29.019007 [5f8bdfcd] avg_penalties: {}
2024-04-30 16:17:29.019010 [5f8bdfcd] avg_penalty: 0.0
2024-04-30 16:17:29.019012 [5f8bdfcd] backward_time: 68.27223014831543
2024-04-30 16:17:29.019015 [5f8bdfcd] batches: 15711
2024-04-30 16:17:29.019017 [5f8bdfcd] entry_id: 20da186d-bd95-4b51-9471-d8a8d43e6059
2024-04-30 16:17:29.019020 [5f8bdfcd] epoch: 5
2024-04-30 16:17:29.019023 [5f8bdfcd] epoch_time: 286.81258249282837
2024-04-30 16:17:29.019025 [5f8bdfcd] event: epoch_completed
2024-04-30 16:17:29.019028 [5f8bdfcd] forward_time: 196.65469765663147
2024-04-30 16:17:29.019030 [5f8bdfcd] job: train
2024-04-30 16:17:29.019033 [5f8bdfcd] job_id: 5f8bdfcd-8221-4ed0-8fa4-10613756bb14
2024-04-30 16:17:29.019036 [5f8bdfcd] lr:
2024-04-30 16:17:29.019038 [5f8bdfcd] - 0.010761
2024-04-30 16:17:29.019041 [5f8bdfcd] num_parameters: 7906048
2024-04-30 16:17:29.019043 [5f8bdfcd] optimizer_time: 5.266710519790649
2024-04-30 16:17:29.019045 [5f8bdfcd] other_time: 8.50255274772644
2024-04-30 16:17:29.019048 [5f8bdfcd] prepare_time: 8.11639142036438
2024-04-30 16:17:29.019051 [5f8bdfcd] scope: epoch
2024-04-30 16:17:29.019054 [5f8bdfcd] size: 4022003
2024-04-30 16:17:29.019056 [5f8bdfcd] split: train
2024-04-30 16:17:29.019058 [5f8bdfcd] timestamp: 1714490249.014974
2024-04-30 16:17:29.019061 [5f8bdfcd] type: 1vsAll
2024-04-30 16:17:29.022005 [5f8bdfcd]   avg_cost: 10.92906064818592
2024-04-30 16:17:29.022018 [5f8bdfcd]   avg_loss: 10.92906064818592
2024-04-30 16:17:29.022024 [5f8bdfcd]   avg_penalties: {}
2024-04-30 16:17:29.022030 [5f8bdfcd]   avg_penalty: 0.0
2024-04-30 16:17:29.022036 [5f8bdfcd]   backward_time: 68.27223014831543
2024-04-30 16:17:29.022041 [5f8bdfcd]   batches: 15711
2024-04-30 16:17:29.022046 [5f8bdfcd]   entry_id: 20da186d-bd95-4b51-9471-d8a8d43e6059
2024-04-30 16:17:29.022051 [5f8bdfcd]   epoch: 5
2024-04-30 16:17:29.022057 [5f8bdfcd]   epoch_time: 286.81258249282837
2024-04-30 16:17:29.022062 [5f8bdfcd]   event: epoch_completed
2024-04-30 16:17:29.022068 [5f8bdfcd]   forward_time: 196.65469765663147
2024-04-30 16:17:29.022073 [5f8bdfcd]   job: train
2024-04-30 16:17:29.022078 [5f8bdfcd]   job_id: 5f8bdfcd-8221-4ed0-8fa4-10613756bb14
2024-04-30 16:17:29.022084 [5f8bdfcd]   lr:
2024-04-30 16:17:29.022089 [5f8bdfcd]   - 0.010761
2024-04-30 16:17:29.022094 [5f8bdfcd]   num_parameters: 7906048
2024-04-30 16:17:29.022100 [5f8bdfcd]   optimizer_time: 5.266710519790649
2024-04-30 16:17:29.022105 [5f8bdfcd]   other_time: 8.50255274772644
2024-04-30 16:17:29.022111 [5f8bdfcd]   prepare_time: 8.11639142036438
2024-04-30 16:17:29.022116 [5f8bdfcd]   scope: epoch
2024-04-30 16:17:29.022121 [5f8bdfcd]   size: 4022003
2024-04-30 16:17:29.022126 [5f8bdfcd]   split: train
2024-04-30 16:17:29.022132 [5f8bdfcd]   timestamp: 1714490249.014974
2024-04-30 16:17:29.022137 [5f8bdfcd]   type: 1vsAll
2024-04-30 16:17:29.022913 [5f8bdfcd] Finished epoch 5.
2024-04-30 16:17:30.844040 [5f8bdfcd]   410609 distinct sp pairs in train
2024-04-30 16:17:30.923743 [5f8bdfcd]   436465 distinct po pairs in train
2024-04-30 16:17:30.945103 [5f8bdfcd]   172018 distinct sp pairs in valid
2024-04-30 16:17:30.973638 [5f8bdfcd]   185647 distinct po pairs in valid
2024-04-30 16:17:30.994869 [5f8bdfcd]   172203 distinct sp pairs in test
2024-04-30 16:17:31.028335 [5f8bdfcd]   185728 distinct po pairs in test
2024-04-30 16:17:31.029414 [94f854ac] Evaluating on valid data (epoch 5)...
2024-04-30 16:17:31.873989 [5f8bdfcd] Loaded relation index
2024-04-30 16:17:31.874682 [5f8bdfcd]   965 relations of type M-N
2024-04-30 16:17:31.875308 [5f8bdfcd]   10184 relations of type 1-1
2024-04-30 16:20:46.375352 [94f854ac] batches: 1964
2024-04-30 16:20:46.375375 [94f854ac] entry_id: 113ae22f-f37d-47ed-b0ff-cbd08f18a854
2024-04-30 16:20:46.375378 [94f854ac] epoch: 5
2024-04-30 16:20:46.375381 [94f854ac] epoch_time: 195.32632184028625
2024-04-30 16:20:46.375386 [94f854ac] event: eval_completed
2024-04-30 16:20:46.375389 [94f854ac] filter_splits:
2024-04-30 16:20:46.375392 [94f854ac] - train
2024-04-30 16:20:46.375394 [94f854ac] - valid
2024-04-30 16:20:46.375397 [94f854ac] hits_at_1: 0.049111786948210945
2024-04-30 16:20:46.375400 [94f854ac] hits_at_10: 0.15921599360319522
2024-04-30 16:20:46.375403 [94f854ac] hits_at_100: 0.6724193487432149
2024-04-30 16:20:46.375405 [94f854ac] hits_at_1000: 0.9627768020352023
2024-04-30 16:20:46.375408 [94f854ac] hits_at_1000_1-1: 0.9866073972758876
2024-04-30 16:20:46.375411 [94f854ac] hits_at_1000_M-N: 0.9619149883348034
2024-04-30 16:20:46.375414 [94f854ac] hits_at_1000_filtered: 0.9650134957464033
2024-04-30 16:20:46.375417 [94f854ac] hits_at_1000_filtered_1-1: 0.9866073972758876
2024-04-30 16:20:46.375419 [94f854ac] hits_at_1000_filtered_M-N: 0.9642325702178877
2024-04-30 16:20:46.375422 [94f854ac] hits_at_1000_filtered_with_test: 0.9652074287271433
2024-04-30 16:20:46.375425 [94f854ac] hits_at_1000_filtered_with_test_1-1: 0.9866073972758876
2024-04-30 16:20:46.375428 [94f854ac] hits_at_1000_filtered_with_test_M-N: 0.9644335166239354
2024-04-30 16:20:46.375430 [94f854ac] hits_at_100_1-1: 0.9853536217017155
2024-04-30 16:20:46.375433 [94f854ac] hits_at_100_M-N: 0.6611023404588585
2024-04-30 16:20:46.375436 [94f854ac] hits_at_100_filtered: 0.771422632675022
2024-04-30 16:20:46.375438 [94f854ac] hits_at_100_filtered_1-1: 0.9853536217017155
2024-04-30 16:20:46.375441 [94f854ac] hits_at_100_filtered_M-N: 0.7636859959934378
2024-04-30 16:20:46.375444 [94f854ac] hits_at_100_filtered_with_test: 0.7812764171528251
2024-04-30 16:20:46.375448 [94f854ac] hits_at_100_filtered_with_test_1-1: 0.9853536217017155
2024-04-30 16:20:46.375451 [94f854ac] hits_at_100_filtered_with_test_M-N: 0.7738961344094442
2024-04-30 16:20:46.375454 [94f854ac] hits_at_10_1-1: 0.9843847951216733
2024-04-30 16:20:46.375457 [94f854ac] hits_at_10_M-N: 0.12937444868550135
2024-04-30 16:20:46.375459 [94f854ac] hits_at_10_filtered: 0.23489560438467552
2024-04-30 16:20:46.375462 [94f854ac] hits_at_10_filtered_1-1: 0.9843847951216733
2024-04-30 16:20:46.375465 [94f854ac] hits_at_10_filtered_M-N: 0.20779094978606935
2024-04-30 16:20:46.375467 [94f854ac] hits_at_10_filtered_with_test: 0.2536533989987091
2024-04-30 16:20:46.375470 [94f854ac] hits_at_10_filtered_with_test_1-1: 0.9843847951216733
2024-04-30 16:20:46.375473 [94f854ac] hits_at_10_filtered_with_test_M-N: 0.2272271044756432
2024-04-30 16:20:46.375476 [94f854ac] hits_at_1_1-1: 0.9751239528124467
2024-04-30 16:20:46.375478 [94f854ac] hits_at_1_M-N: 0.015623325446616267
2024-04-30 16:20:46.375483 [94f854ac] hits_at_1_filtered: 0.06481240216329753
2024-04-30 16:20:46.375486 [94f854ac] hits_at_1_filtered_1-1: 0.9751239528124467
2024-04-30 16:20:46.375488 [94f854ac] hits_at_1_filtered_M-N: 0.03189174038136536
2024-04-30 16:20:46.375491 [94f854ac] hits_at_1_filtered_with_test: 0.07832505554439474
2024-04-30 16:20:46.375494 [94f854ac] hits_at_1_filtered_with_test_1-1: 0.9751239528124467
2024-04-30 16:20:46.375497 [94f854ac] hits_at_1_filtered_with_test_M-N: 0.045893067658139663
2024-04-30 16:20:46.375499 [94f854ac] hits_at_200: 0.8582837229562945
2024-04-30 16:20:46.375502 [94f854ac] hits_at_200_1-1: 0.9855530859976065
2024-04-30 16:20:46.375505 [94f854ac] hits_at_200_M-N: 0.853681132059917
2024-04-30 16:20:46.375507 [94f854ac] hits_at_200_filtered: 0.9040170979272045
2024-04-30 16:20:46.375510 [94f854ac] hits_at_200_filtered_1-1: 0.9855530859976065
2024-04-30 16:20:46.375517 [94f854ac] hits_at_200_filtered_M-N: 0.9010684165835401
2024-04-30 16:20:46.375519 [94f854ac] hits_at_200_filtered_with_test: 0.9075148532772684
2024-04-30 16:20:46.375522 [94f854ac] hits_at_200_filtered_with_test_1-1: 0.9855530859976065
2024-04-30 16:20:46.375525 [94f854ac] hits_at_200_filtered_with_test_M-N: 0.9046926653531298
2024-04-30 16:20:46.375528 [94f854ac] hits_at_3: 0.07698443165702305
2024-04-30 16:20:46.375530 [94f854ac] hits_at_300: 0.9202159717235768
2024-04-30 16:20:46.375534 [94f854ac] hits_at_300_1-1: 0.9857525502934975
2024-04-30 16:20:46.375537 [94f854ac] hits_at_300_M-N: 0.9178458957469434
2024-04-30 16:20:46.375540 [94f854ac] hits_at_300_filtered: 0.9388414940994647
2024-04-30 16:20:46.375543 [94f854ac] hits_at_300_filtered_1-1: 0.9857525502934975
2024-04-30 16:20:46.375545 [94f854ac] hits_at_300_filtered_M-N: 0.9371449946826489
2024-04-30 16:20:46.375548 [94f854ac] hits_at_300_filtered_with_test: 0.9400289606584572
2024-04-30 16:20:46.375552 [94f854ac] hits_at_300_filtered_with_test_1-1: 0.9857525502934975
2024-04-30 16:20:46.375555 [94f854ac] hits_at_300_filtered_with_test_M-N: 0.9383754049842952
2024-04-30 16:20:46.375558 [94f854ac] hits_at_3_1-1: 0.9823046674645239
2024-04-30 16:20:46.375561 [94f854ac] hits_at_3_M-N: 0.044244276634158
2024-04-30 16:20:46.375563 [94f854ac] hits_at_3_filtered: 0.11332051055094867
2024-04-30 16:20:46.375568 [94f854ac] hits_at_3_filtered_1-1: 0.9823046674645239
2024-04-30 16:20:46.375570 [94f854ac] hits_at_3_filtered_M-N: 0.08189441966677932
2024-04-30 16:20:46.375573 [94f854ac] hits_at_3_filtered_with_test: 0.13124986325238538
2024-04-30 16:20:46.375576 [94f854ac] hits_at_3_filtered_with_test_1-1: 0.9823046674645239
2024-04-30 16:20:46.375578 [94f854ac] hits_at_3_filtered_with_test_M-N: 0.10047217252949274
2024-04-30 16:20:46.375581 [94f854ac] hits_at_400: 0.941361628320978
2024-04-30 16:20:46.375584 [94f854ac] hits_at_400_1-1: 0.9858950247905626
2024-04-30 16:20:46.375586 [94f854ac] hits_at_400_M-N: 0.9397511149949299
2024-04-30 16:20:46.375589 [94f854ac] hits_at_400_filtered: 0.9501134756569355
2024-04-30 16:20:46.375592 [94f854ac] hits_at_400_filtered_1-1: 0.9858950247905626
2024-04-30 16:20:46.375595 [94f854ac] hits_at_400_filtered_M-N: 0.9488194656268291
2024-04-30 16:20:46.375598 [94f854ac] hits_at_400_filtered_with_test: 0.9507350557234098
2024-04-30 16:20:46.375600 [94f854ac] hits_at_400_filtered_with_test_1-1: 0.9858950247905626
2024-04-30 16:20:46.375603 [94f854ac] hits_at_400_filtered_with_test_M-N: 0.9494635246205719
2024-04-30 16:20:46.375606 [94f854ac] hits_at_50: 0.464142289125233
