side_effect,fake_triple_component,AUROC,AUPRC,AP50
C0000731,head,0.5,0.49999999999999994,0.27591226249452666
C0000731,tail,0.5,0.49999999999999994,0.27591226249452666
C0000731,both,0.5,0.49999999999999994,0.27591226249452666
C0000737,head,0.6714229710588037,0.6622317815003965,0.7355906293448724
C0000737,tail,0.697018094492418,0.6942380131758172,0.6993226464357786
C0000737,both,0.5491298748811324,0.538898298338521,0.3146260958930133
C0000768,head,0.8010295135305758,0.7677496956261323,0.6994278153542013
C0000768,tail,0.8516917772462941,0.8136035425570998,0.7926414141646118
C0000768,both,0.5528779030946108,0.5699409154128943,0.5000123604939342
C0000786,head,0.8139273005720462,0.8016827160787022,0.7510506561249147
C0000786,tail,0.8720327913157067,0.8744044443585348,0.9319778683249689
C0000786,both,0.6653303905229495,0.6429162298215915,0.5256572020037408
C0000833,head,0.8029741389594418,0.7714853216704406,0.6952213173988979
C0000833,tail,0.869647168039285,0.8479621475260861,0.933831560526487
C0000833,both,0.5954047470832312,0.5801541716158315,0.42021891678479373
C0001122,head,0.7831878072261332,0.7641497438185623,0.8613882627069848
C0001122,tail,0.834394288698912,0.8102166693382389,0.8755616382664411
C0001122,both,0.5369463551785856,0.5433773332725715,0.6367335236541759
C0001126,head,0.7962770262458088,0.7630012088400356,0.6636660451996356
C0001126,tail,0.8496936061972482,0.8145546776859229,0.7466489228436182
C0001126,both,0.532547115273442,0.5201778476637677,0.22372169474334364
C0001339,head,0.8149581258698828,0.776578091722476,0.6672157507290187
C0001339,tail,0.8529309229872608,0.8162684160432084,0.7894288753894174
C0001339,both,0.6339772573043545,0.6308025631821568,0.6953998590254994
C0001418,head,0.8032435871772141,0.7747530413576285,0.8097263961097028
C0001418,tail,0.851632874831994,0.7981993835025749,0.6505935669805187
C0001418,both,0.5853934913780777,0.5707655177282791,0.34434035814288216
C0001430,head,0.8458484462307617,0.832334103383969,0.8800679359923036
C0001430,tail,0.8782962454661308,0.8655631405040567,0.9059300159503627
C0001430,both,0.6031516517988432,0.5984614858825593,0.4633246385496809
C0001546,head,0.786234902124115,0.7458412691695044,0.6233865994408776
C0001546,tail,0.9070179092044982,0.8978758316701504,0.8512756973819748
C0001546,both,0.6081840899625156,0.6088576388484934,0.4175024643062227
C0001623,head,0.8281750716815652,0.8052586709050557,0.8720524379446458
C0001623,tail,0.868590824759656,0.8610715903788555,0.9492728396727204
C0001623,both,0.61003120256367,0.6046836994270901,0.5008614297977048
C0001818,head,0.7649375743162902,0.737090580552098,0.6274811274176091
C0001818,tail,0.9090368608799049,0.9117516496022665,0.9516008733418875
C0001818,both,0.6327288941736028,0.5901895321139687,0.3712166812607198
C0001824,head,0.7865479517861822,0.7604458538057313,0.7573943175834542
C0001824,tail,0.8346143768014673,0.8046423516680347,0.8166162921939758
C0001824,both,0.5583784610009608,0.5560587970526084,0.37377955915915606
C0001948,head,0.8133399701343953,0.7868577789587492,0.7415867429370404
C0001948,tail,0.8530757930774926,0.8241582145693634,0.7888085463548868
C0001948,both,0.623256322160036,0.5996357904245522,0.4983112692658269
C0001969,head,0.8362235935318229,0.8180567407844913,0.784633826239202
C0001969,tail,0.8449168956353317,0.7944335527889617,0.6883457880782633
C0001969,both,0.5999729741903518,0.5994985475570889,0.45295598538520154
C0002064,head,0.8208264462809918,0.7476505853167916,0.5767438149071445
C0002064,tail,0.8820661157024793,0.8627633210057832,0.8641343535228149
C0002064,both,0.5266942148760331,0.5069842144475425,0.233734227197974
C0002103,head,0.8480986871887732,0.8255356519405941,0.8830269859146607
C0002103,tail,0.8936849253055681,0.8736876592708785,0.946595258312776
C0002103,both,0.6103938433680398,0.6221905595228199,0.6515889720757726
C0002170,head,0.7859900384088407,0.7554354286244811,0.7721261590316725
C0002170,tail,0.8613926573976327,0.8337567082629367,0.8525987675013222
C0002170,both,0.614965409581995,0.6047262768880975,0.5706756690398669
C0002390,head,0.8307750472589792,0.7845957084459434,0.6838112119517354
C0002390,tail,0.9050283553875236,0.8961358812453136,0.8998285098675619
C0002390,both,0.6455198487712666,0.6497880573091463,0.5265836730497583
C0002453,head,0.8795519111570248,0.886286804512703,0.9482749358407017
C0002453,tail,0.8658638946280991,0.8168459638284643,0.7518766324118473
C0002453,both,0.660027117768595,0.6628993458666967,0.5868670785304886
C0002622,head,0.8046446355817111,0.7829049499012346,0.9114362153758958
C0002622,tail,0.8420471807253156,0.8106467865790468,0.8210500222979925
C0002622,both,0.6021875157185252,0.5796159278668945,0.3032758908719213
C0002726,head,0.8360260770975058,0.8073782660539314,0.7214286923430593
C0002726,tail,0.9034863945578231,0.8727419254766662,0.78641643561577
C0002726,both,0.5715702947845805,0.5965950001228566,0.42112929149684253
C0002736,head,0.8956249999999999,0.8723810554731477,0.8050054513510646
C0002736,tail,0.8878125,0.8726791104421407,0.8399950701531256
C0002736,both,0.7229687499999999,0.7099227201283094,0.568859466387526
C0002792,head,0.7850732548118358,0.7644378407330799,0.8069519424013459
C0002792,tail,0.8473513358230393,0.8088335748083604,0.7499131383744981
C0002792,both,0.5770726802642918,0.5778912265774676,0.4584772891086611
C0002871,head,0.7781150069749423,0.7509518726683352,0.9424218108006207
C0002871,tail,0.8351418928171324,0.7979349210922568,0.7246446693260882
C0002871,both,0.5741049738047298,0.5601394771450808,0.360394244122912
C0002874,head,0.7978055864319267,0.7615712708264755,0.6786162922122726
C0002874,tail,0.8492237082720786,0.804466108249691,0.7304771831613077
C0002874,both,0.6212843773530783,0.5987285805776111,0.44082167687542806
C0002878,head,0.8358088797649238,0.7856347979248872,0.6357823986243303
C0002878,tail,0.8393108722779054,0.8155781968041245,0.8152323607141091
C0002878,both,0.6051067369748688,0.6099059566329672,0.5295217310969305
C0002884,head,0.8327566320645905,0.8359310004332469,0.6678382201353797
C0002884,tail,0.8546712802768166,0.8188184927410521,0.660018309917401
C0002884,both,0.645520953479431,0.6440056164971153,0.4218256368983168
C0002940,head,0.8551464660037624,0.8090766316331455,0.7151773067614043
C0002940,tail,0.9020760548239721,0.8799391412216244,0.8798441822001075
C0002940,both,0.6559056705186779,0.6593400644707765,0.6176982479483172
C0002962,head,0.804217474116188,0.7730618613041302,0.75459657690765
C0002962,tail,0.8526981835580669,0.827007374836543,0.8877590938129633
C0002962,both,0.61988854139723,0.6044512877580572,0.539979014991497
C0002994,head,0.7932787756403444,0.7671178415909528,0.8398070379975076
C0002994,tail,0.8492082049101924,0.8016828942389373,0.6838677783161771
C0002994,both,0.6174981400786481,0.5898262167424915,0.3187184540048392
C0003044,head,0.9245173464944113,0.9138268363729655,0.853082765223312
C0003044,tail,0.9094208157932937,0.9038346930150507,0.8764351161526942
C0003044,both,0.6784729278560024,0.6308718663978319,0.42071773092058806
C0003079,head,0.8153,0.8027020294198193,0.800211618015387
C0003079,tail,0.8683,0.851186671795758,0.8100496924616722
C0003079,both,0.5912999999999999,0.5925243338921959,0.40427752359878044
C0003123,head,0.7863140687005994,0.7424263712968628,0.6570448861954976
C0003123,tail,0.8391104236936344,0.8071615954529449,0.8366817190608405
C0003123,both,0.5874489126580424,0.5623920545395547,0.3857325903749345
C0003126,head,0.8498909996885706,0.8407489703145331,0.9154573237826387
C0003126,tail,0.8796079266993395,0.8544220482938627,0.8264854090991051
C0003126,both,0.6848825583110689,0.6629091145147132,0.581797360230016
C0003467,head,0.7858257985500794,0.7638155997389048,0.9425315707300264
C0003467,tail,0.8367948181270062,0.8133413990225815,0.9795999999999999
C0003467,both,0.5922070373006469,0.5782721027484259,0.4638001128670203
C0003486,head,0.8586656465503872,0.8437921424986887,0.9540557809751508
C0003486,tail,0.8727473868136185,0.8407994059649593,0.777433260993617
C0003486,both,0.6413912180395158,0.6177476966082508,0.49171933967264925
C0003504,head,0.8231983418367347,0.794141774049863,0.8282159050488446
C0003504,tail,0.8591964285714286,0.8279554867225751,0.8592047490930216
C0003504,both,0.590889668367347,0.5953686407968488,0.604639764555766
C0003507,head,0.840542263454861,0.819192860694416,0.8588404318474884
C0003507,tail,0.8775295681423612,0.8592691637507275,0.8853287290609636
C0003507,both,0.6099717881944444,0.5944153723657408,0.4925808001798806
C0003537,head,0.8030605372386247,0.7457955947768793,0.49198435719453554
C0003537,tail,0.8620283499099382,0.8230180326087984,0.8086873657503583
C0003537,both,0.6137645861069779,0.6173388072017605,0.661633704020637
C0003564,head,0.8586343545191282,0.8578605216122158,0.9191775608312627
C0003564,tail,0.8542524005486968,0.8271135575309404,0.8283801456686308
C0003564,both,0.663846974546563,0.6438793111857475,0.5211307274353794
C0003578,head,0.802301596586396,0.7834575151644517,0.7674667951867299
C0003578,tail,0.8653276604129082,0.8468571871029784,0.9550471397646575
C0003578,both,0.5888282053334483,0.5736135734363769,0.3903178266727039
C0003611,head,0.8771979379987288,0.8599568724317839,0.8824523706452885
C0003611,tail,0.8574959395522915,0.8505756423226194,0.8666027757866359
C0003611,both,0.6184591483652284,0.6305142045479235,0.5710368714063195
C0003615,head,0.8492109520466409,0.8368525179348171,0.8603200289505792
C0003615,tail,0.8941119013461127,0.8800456787103569,0.9438403215030629
C0003615,both,0.6676230884283143,0.6343586352880359,0.4927076996474434
C0003635,head,0.8367202268431002,0.7987504896534833,0.7256365512854019
C0003635,tail,0.9162334593572778,0.9038285986889805,0.861834478464328
C0003635,both,0.6897448015122873,0.6926155266782094,0.5559369591658977
C0003708,head,0.8561867935752528,0.8265529261951928,0.7423997304636987
C0003708,tail,0.9301011302795954,0.9293809679982072,0.906262056647122
C0003708,both,0.6570493753718025,0.6647044328762527,0.5208769664472197
C0003811,head,0.7910892349168648,0.7605761005463658,0.8242341267878995
C0003811,tail,0.8320276660773036,0.7922350964606041,0.6810152967802574
C0003811,both,0.5877298012247407,0.5735698952216685,0.35434541231891986
C0003850,head,0.7742597024462006,0.7402454346446906,0.7141139378578519
C0003850,tail,0.8661007902756496,0.8409212054260428,0.8968428330759802
C0003850,both,0.5984496746880315,0.5821360791216081,0.5664647309717014
C0003862,head,0.7883224219653693,0.7603896844570804,0.8813255835663276
C0003862,tail,0.850648756036676,0.8212219869261539,0.801541450510816
C0003862,both,0.6050886165189852,0.5955382696479854,0.7470991882688074
C0003864,head,0.8324674479166666,0.8027003128869414,0.7939330635655084
C0003864,tail,0.871867404513889,0.841965492902413,0.8495534788185636
C0003864,both,0.6332541232638889,0.6181124024256085,0.7391672581411372
C0003868,head,0.8775640344351153,0.8511028604671852,0.8016248749964606
C0003868,tail,0.9125305558507812,0.8947363872230223,0.8571917754789762
C0003868,both,0.6268466361993836,0.6342132424476931,0.4996244353195437
C0003869,head,0.8658638946280992,0.8694998889233384,0.946380015998588
C0003869,tail,0.8921423037190083,0.8811623280350502,0.9217294666928869
C0003869,both,0.63671875,0.6541933888796265,0.6354255394892124
C0003872,head,0.8869579081632653,0.8537049118366282,0.7971281817121779
C0003872,tail,0.8812978316326531,0.8671109041739917,0.8371104470028543
C0003872,both,0.6808832908163266,0.6632815599118206,0.5285173886014184
C0003873,head,0.8265725254369245,0.7997466158360071,0.8426577555176457
C0003873,tail,0.8860431749099902,0.8650871493393719,1.0
C0003873,both,0.6454908558320731,0.636992370953337,0.6684288658293499
C0003874,head,0.8096163635522236,0.7771894327541288,0.7395438477287694
C0003874,tail,0.8822249988430746,0.8681778350150254,0.8969999822917366
C0003874,both,0.6204359294738304,0.5882158187945632,0.361738403839613
C0003962,head,0.7992420672516506,0.7702260364667408,0.6622821467388148
C0003962,tail,0.8395382463380638,0.8030212474858017,0.8608225607117457
C0003962,both,0.5683949980406844,0.5532661258487814,0.4666289612773241
C0004030,head,0.7938224866294092,0.7816574266836704,0.7803553003138596
C0004030,tail,0.8613815275524307,0.8498053012143572,0.9060460830304016
C0004030,both,0.4832942731806983,0.5056428177773671,0.318274829840713
C0004093,head,0.7834590947348326,0.7536009267020581,0.7542650606125456
C0004093,tail,0.8421353660511823,0.8062788359782278,0.7433889236571305
C0004093,both,0.5978148753123698,0.5800291716072674,0.2971153624936727
C0004095,head,0.8999777233236801,0.9006525049321658,0.8247009566735816
C0004095,tail,0.8605480062374693,0.8429565677206263,0.7489540993669039
C0004095,both,0.7210960124749388,0.7502590633777647,0.6170175637242259
C0004096,head,0.8096917291721129,0.7833832291490375,0.8390807766831487
C0004096,tail,0.8650903899133302,0.8300117699403844,0.8232581272447921
C0004096,both,0.5906195580043838,0.5756371959913831,0.47670556066725256
C0004134,head,0.8086971290170132,0.7765054296208762,0.7402276776957963
C0004134,tail,0.879039165879017,0.847077513951139,0.8047539032721098
C0004134,both,0.5901981923440454,0.5691574777047937,0.3894888209426048
C0004144,head,0.8110298321926295,0.7828618985980742,0.8062791456737708
C0004144,tail,0.8628471447624291,0.8230157267326842,0.7729841433523269
C0004144,both,0.5936284405590422,0.5783042534955213,0.385524375658052
C0004153,head,0.7715749896538667,0.7359667101520395,0.6471655233535571
C0004153,tail,0.8590372372742563,0.8305507414965801,0.8115615622396318
C0004153,both,0.5861810881490548,0.5795111372255852,0.5104421458789261
C0004238,head,0.781404025107071,0.7542662677050477,0.791376160514077
C0004238,tail,0.8591904633998032,0.8350788733859793,0.9551952574134995
C0004238,both,0.5706807878834819,0.5583156538134769,0.5801942836724492
C0004239,head,0.8087413412018933,0.7789868126851008,0.7648644465112322
C0004239,tail,0.8700590690455167,0.8574912264977219,0.9421914582266393
C0004239,both,0.5853155559455709,0.5659140425708749,0.3306823155114555
C0004245,head,0.8442545824080696,0.8171077756319653,0.8388842517727133
C0004245,tail,0.8791354586171853,0.8748216587888218,0.9550471397646575
C0004245,both,0.6070138130904437,0.6073120473767202,0.5224211382737433
C0004601,head,0.8352426701512373,0.8063978348687963,0.7788424637393709
C0004601,tail,0.8976159894274959,0.892185040060065,1.0
C0004601,both,0.6568242395444319,0.6448572786296088,0.6585386304395411
C0004604,head,0.8008876526951204,0.768141781662014,0.7175187825149204
C0004604,tail,0.8484784553262057,0.8264893179844133,0.8955600336137468
C0004604,both,0.605968103616043,0.5871751557314038,0.38618995843975207
C0004610,head,0.8147483251778022,0.7806522065489931,0.6975325433708958
C0004610,tail,0.8674525502876653,0.839958732372512,0.9250600133430206
C0004610,both,0.5851041872704913,0.5634038624655384,0.31181896009734755
C0004623,head,0.8160133124500752,0.7901694753551011,0.9082035919294537
C0004623,tail,0.8589840855026465,0.8211087251382443,0.7954772321799619
C0004623,both,0.570615801135872,0.5729425337406924,0.7369548837088857
C0004626,head,0.8362236109983858,0.8092135961923529,0.8228063596853612
C0004626,tail,0.843456068681294,0.8194134788245835,0.8347940457187951
C0004626,both,0.563635707779852,0.5519254455571321,0.34908990073425095
C0004690,head,0.8960798816568047,0.8907565802981032,0.7805403914865511
C0004690,tail,0.860207100591716,0.7998842337828012,0.6782210221968334
C0004690,both,0.6227810650887573,0.606280431325617,0.37405653431061375
C0005001,head,0.8196434078729178,0.7986061737291162,0.8966114173708558
C0005001,tail,0.8643537494021785,0.835158910461496,0.8436184132519056
C0005001,both,0.5936870052608288,0.572455835946998,0.3716156879104953
C0005424,head,0.847110943538505,0.8378800841072531,0.9022295074433075
C0005424,tail,0.8949241210293146,0.8735560186671757,0.8622777663289782
C0005424,both,0.6602648694504667,0.654521865923888,0.5906960525154523
C0005586,head,0.8444489644970414,0.8319877834592966,0.9609706863762847
C0005586,tail,0.8819415680473373,0.857667252557285,0.8991331271336525
C0005586,both,0.640051775147929,0.6195544315020041,0.4999693563820283
C0005687,head,0.8149678604224059,0.7987477081523672,0.6749672657116882
C0005687,tail,0.8930211202938476,0.8807065766167738,0.8279334482095214
C0005687,both,0.620752984389348,0.6367913795420289,0.4323356187126789
C0005697,head,0.8278000945179584,0.7887378817318562,0.7127230577873799
C0005697,tail,0.8726665879017014,0.8348296617757267,0.7778473332741366
C0005697,both,0.5801630434782609,0.5657615501493038,0.37026929627462635
C0005741,head,0.8484630853203103,0.8196651781265345,0.7720436829690339
C0005741,tail,0.9052714737144498,0.8801649299404283,0.8703708441215902
C0005741,both,0.6107440390692329,0.6082242142323986,0.43969684054473407
C0005745,head,0.8361688720856963,0.820412989876355,0.8731260714667064
C0005745,tail,0.8458307078344885,0.8003961751606307,0.7030462201859825
C0005745,both,0.5870148661579033,0.5771586130933088,0.3867884761582012
C0005747,head,0.8300679099348856,0.8020256492928671,0.8348342828990647
C0005747,tail,0.8669757364675186,0.8406324075825868,0.9619706863762846
C0005747,both,0.6080851262099733,0.5912268346451448,0.4483343985227314
C0005758,head,0.8147882211841939,0.7919042176487204,1.0
C0005758,tail,0.851257732609519,0.8195921446382859,0.8107697494787982
C0005758,both,0.6120774681227118,0.6027584043911994,0.554106750925964
C0005779,head,0.8177598893447251,0.7876921306203342,0.7769117796946078
C0005779,tail,0.8526148895329144,0.8253695866139071,0.8375609049340027
C0005779,both,0.5912764876359667,0.5797842102431302,0.42999356959203644
C0005818,head,0.8757572536932724,0.8573532885872523,0.821901900098216
C0005818,tail,0.8974386225953874,0.8764534219487383,0.8569408035795725
C0005818,both,0.5620150919332554,0.562310231326839,0.33868789089564155
C0005826,head,0.8293836605768162,0.8002187590999048,0.7867417227851703
C0005826,tail,0.8483833589943016,0.8287928486053571,0.8293188372462416
C0005826,both,0.6447834161362518,0.6076249424330648,0.3704486496086142
C0005961,head,0.8620864466926756,0.8528925000807603,0.8752688413788874
C0005961,tail,0.8571711961912318,0.8253292387671076,0.8066916977255676
C0005961,both,0.5724834137847429,0.5548388370207604,0.3506121039602266
C0006012,head,0.9094650205761317,0.9004320819795644,0.8040441087261031
C0006012,tail,0.9118655692729766,0.8888770544038761,0.7723174737813635
C0006012,both,0.7630315500685871,0.7536454191494283,0.5719887007573664
C0006105,head,0.7948904049934679,0.7620767948861327,0.6524711548301024
C0006105,tail,0.8815502975758455,0.8770239403558073,0.8528344947210995
C0006105,both,0.5121207722456089,0.5469874616199109,0.32959007141480023
C0006107,head,0.8851896145982022,0.8560064916501243,0.8422007523413875
C0006107,tail,0.8906292195517148,0.8848305247514408,0.9309686313483766
C0006107,both,0.6557231588287489,0.608975097531953,0.4235229968068028
C0006112,head,0.8388495867768595,0.8002686523637386,0.7108554852725055
C0006112,tail,0.8863603305785124,0.8634592712581488,0.8632620072205621
C0006112,both,0.6240396694214876,0.614551134163439,0.5399680703194636
C0006118,head,0.861400342449905,0.8354501392325537,0.7838639869630569
C0006118,tail,0.8796334860474803,0.8414300955981318,0.8201640142580743
C0006118,both,0.6691193484196399,0.660717929752158,0.5400511942100209
C0006144,head,0.8595732410611303,0.8314389404059261,0.7740096450523472
C0006144,tail,0.8674548250672818,0.8193331879139076,0.74311153346689
C0006144,both,0.6043829296424452,0.6169156094632438,0.47691600784222415
C0006145,head,0.8288245829013103,0.7843071193884327,0.6757879134988012
C0006145,tail,0.9232726929965124,0.9110969138157733,0.8906268205903707
C0006145,both,0.6225845979828448,0.6136420380396082,0.42079917811684636
C0006152,head,0.9164497041420119,0.9145040691776789,0.9002143191757053
C0006152,tail,0.8979881656804735,0.9025983275989433,0.8526030944242783
C0006152,both,0.7020118343195266,0.708943672817735,0.5400258630570898
C0006266,head,0.8074827977315691,0.7898571071846522,0.8424699345305947
C0006266,tail,0.8672695652173914,0.8370862304986686,0.845589712634337
C0006266,both,0.5777028355387523,0.5882430337120104,0.5784492393520615
C0006267,head,0.83932761963065,0.8127261655921957,0.774949160178508
C0006267,tail,0.8959289868380778,0.8860670874724921,0.9515857971421415
C0006267,both,0.6008825630037752,0.5806811976616779,0.3838581529621123
C0006271,head,0.8251953125,0.7978977246664335,0.6611654146497845
C0006271,tail,0.87841796875,0.8900218395596583,0.8251096601015295
C0006271,both,0.538330078125,0.522081830502449,0.277661387677373
C0006277,head,0.8164103306068441,0.7862858044105663,0.7978066884191416
C0006277,tail,0.8587086147595369,0.8238460545528137,0.867661696743914
C0006277,both,0.5967108292785106,0.5735436897557177,0.313493454285789
C0006325,head,0.8133851095618843,0.7944794681127247,0.8551384662083511
C0006325,tail,0.8751977401626191,0.845742230930433,0.8176718420610612
C0006325,both,0.6373711120616887,0.6305668446427088,0.61566839897354
C0006384,head,0.8112802070084645,0.7786927121042678,0.6996708024717024
C0006384,tail,0.8946098855313364,0.8531302656968613,0.7670527904715511
C0006384,both,0.632735406341827,0.592956257638576,0.37637977380089055
C0006386,head,0.7951739089452352,0.7431944662969099,0.6001374738460763
C0006386,tail,0.8751060420397776,0.8435941563895188,0.8035855981104827
C0006386,both,0.638985766801772,0.6322277341250945,0.46219617438538907
C0006444,head,0.8428890083310938,0.8165892929034122,0.8075336202019558
C0006444,tail,0.8934076861058855,0.8671938401828556,0.8800006862667287
C0006444,both,0.6505133028755711,0.638078450701044,0.6279162981304713
C0006625,head,0.8171868267159127,0.7948076205525465,0.7891702494523912
C0006625,tail,0.8906863650353954,0.8636865213616054,0.8671933217167462
C0006625,both,0.5211819021237304,0.5469001532203014,0.4909957423593725
C0006826,head,0.8097466836205576,0.7878698986308035,0.8203404860536351
C0006826,tail,0.87189892595298,0.8563771768202673,0.8904964747132706
C0006826,both,0.5975344714083453,0.5844352427479447,0.47098143294732997
C0006840,head,0.801980753584154,0.7671493879006419,0.72926681029734
C0006840,tail,0.8538978616132615,0.8154327595040497,0.762813062915843
C0006840,both,0.5644025474847796,0.5516017523811628,0.32912158829769866
C0006846,head,0.8881373569198752,0.8389997388470504,0.7236489788512351
C0006846,tail,0.9232570239334027,0.9219426253327087,0.8478168056830558
C0006846,both,0.636576482830385,0.6713491149276537,0.4851177624280251
C0006849,head,0.7995346938775509,0.7624721893706703,0.6767791874626178
C0006849,tail,0.8589877551020408,0.8229049834965799,0.8289490298438154
C0006849,both,0.5699816326530612,0.5622040687586047,0.49826525376260966
C0006852,head,0.8291831032215647,0.7764670502896789,0.6555972331029865
C0006852,tail,0.8738083497698883,0.8621084048416163,0.9094549345714471
C0006852,both,0.6444362261669954,0.6202620835706694,0.460195063241311
C0007078,head,0.8546712802768166,0.838034493564583,0.6847818087424946
C0007078,tail,0.9042675893886967,0.8909891014761906,0.7721217608653232
C0007078,both,0.6366782006920415,0.6468611901208674,0.41180162548697014
C0007117,head,0.7964823218112811,0.7601624163216163,0.6895475749464343
C0007117,tail,0.8866273152859759,0.8743679372979529,0.952832038471674
C0007117,both,0.6327270985740114,0.6162836979028719,0.464299804546202
C0007177,head,0.8493771626297578,0.8230371595046329,0.8162452773002289
C0007177,tail,0.866643598615917,0.8278476896862199,0.7666713463585053
C0007177,both,0.6779584775086506,0.6536858411810142,0.5330443235665981
C0007280,head,0.823693929506257,0.7958027453328393,0.7715442705297443
C0007280,tail,0.90677327978773,0.8921127870253293,0.9418730360905537
C0007280,both,0.5601850191831905,0.5921927974530875,0.5032936766744239
C0007282,head,0.8150036120183551,0.7811470710954987,0.723248186754388
C0007282,tail,0.8828620751638974,0.8561478185269726,0.8398263242649007
C0007282,both,0.6306753626432513,0.6009727365741159,0.46877493414951127
C0007286,head,0.8236112116293255,0.8009907473211755,0.8069267244309134
C0007286,tail,0.8667636811033799,0.823450030959643,0.7106471632721736
C0007286,both,0.5959150546417014,0.5850161171548129,0.5725537308841211
C0007462,head,0.9032258064516129,0.8977056879603199,0.8932541630815604
C0007462,tail,0.9209157127991674,0.8964306359427081,0.8773137060108147
C0007462,both,0.6266620418545497,0.6015901928741108,0.4112985624276749
C0007570,head,0.8573745674740485,0.8413923621290884,0.8726148591396767
C0007570,tail,0.8929498269896194,0.8788743466930913,0.9369857000535259
C0007570,both,0.6461937716262975,0.6302707779898638,0.4813573874896616
C0007642,head,0.7998369316060592,0.7667500905839898,0.8269341884266543
C0007642,tail,0.8686888372623854,0.8406856175316149,0.7906495202518493
C0007642,both,0.5976388934561795,0.5898702104804416,0.5236127867733861
C0007780,head,0.8236212278876169,0.7869564484825267,0.7269822031746962
C0007780,tail,0.8811784599375649,0.8696335499309474,0.8706787871631537
C0007780,both,0.6134885535900103,0.5799350901495774,0.35226481351390526
C0007784,head,0.8000791780563673,0.7873039752861232,0.8584953890638424
C0007784,tail,0.8367687812234895,0.807779031630816,0.8193295812653882
C0007784,both,0.5756244697898011,0.5739803475345493,0.5086802432941431
C0007785,head,0.7700349460897141,0.7369075768749489,0.6890915897009643
C0007785,tail,0.8481520797131084,0.8167450204782332,0.915173182110345
C0007785,both,0.5655464331218655,0.5602147123136169,0.47576531509484227
C0007787,head,0.778768860233201,0.7561403370652464,0.8451167239223568
C0007787,tail,0.8768992084525489,0.85762080496956,0.9619706863762846
C0007787,both,0.6021759863577829,0.5808697619738473,0.4343244092829908
C0007820,head,0.7924934679754254,0.7383287327381245,0.6299016121928426
C0007820,tail,0.8656521432102252,0.8490589143008502,0.892165077316403
C0007820,both,0.607901984323141,0.6061804229447544,0.4727024275293442
C0007859,head,0.8107544012162944,0.7863974989624454,0.8948929498635692
C0007859,tail,0.8711957291830225,0.8494526914561501,0.9211299863651674
C0007859,both,0.6057536544360661,0.6035082573128664,0.6712624091090095
C0007860,head,0.8786625708884688,0.8685413350275747,0.8288363959822316
C0007860,tail,0.8992202268431002,0.8934121337422216,0.8539521190872918
C0007860,both,0.7775283553875236,0.7867969926849862,0.7463965113301805
C0007868,head,0.7734068805341849,0.762097013237832,0.6807280191502989
C0007868,tail,0.8809696617796487,0.8656543034670536,0.8022296981433508
C0007868,both,0.5571200464508637,0.6119844822092078,0.4717713781567051
C0007876,head,0.7748111229777302,0.7594781639983094,0.6880602614378332
C0007876,tail,0.8326411138799891,0.8272589870830713,0.8599628916966732
C0007876,both,0.584430995609351,0.5799580192819311,0.41008669160420086
C0008031,head,0.7778856347224019,0.7418807488872418,0.7833056852750397
C0008031,tail,0.8499159424986941,0.8174951372541284,0.7380632735401973
C0008031,both,0.5968648407886649,0.5796394185737979,0.4970549746644217
C0008033,head,0.7860395476787163,0.749444305255462,0.7134795427727747
C0008033,tail,0.8426492104849137,0.8102931485123772,0.8536672588514612
C0008033,both,0.5939594877129326,0.5803836108194118,0.5955579348489584
C0008035,head,0.8272725829748734,0.7890273622810111,0.7247932700681496
C0008035,tail,0.877303534864526,0.8530989541474746,0.861557528898164
C0008035,both,0.6565292614402946,0.6026266416483931,0.3673891558239749
C0008049,head,0.7899408284023669,0.7876116289307074,0.6057762645482854
C0008049,tail,0.8694526627218935,0.8786451538071741,0.7322525365579915
C0008049,both,0.573594674556213,0.6054411068361525,0.36679288723169434
C0008301,head,0.8335350658597365,0.8163145523267192,0.8808520910038097
C0008301,tail,0.8813243147027412,0.8564457087811721,0.8660327951664276
C0008301,both,0.6399715201139194,0.6122201158329431,0.47167863298612467
C0008311,head,0.7999044462360776,0.75549777881821,0.6504024033623957
C0008311,tail,0.8809459822628326,0.8548258392990727,0.8331021522845812
C0008311,both,0.566006748484577,0.5478764536787086,0.31373222340616197
C0008312,head,0.897842056932966,0.8934185322367283,0.8361899648408313
C0008312,tail,0.8849862258953167,0.88394067928016,0.8082642237015563
C0008312,both,0.6276400367309458,0.6273812545293929,0.4422513138127195
C0008320,head,0.845698878542965,0.829062579601497,0.8347971797763233
C0008320,tail,0.8844971947052953,0.8584460668760611,0.884786050180081
C0008320,both,0.6229868954077755,0.6110612220572426,0.5190519572399895
C0008325,head,0.8294915974538299,0.7899849516188584,0.6882604762966157
C0008325,tail,0.8601361776036807,0.825067389720934,0.8018503614439071
C0008325,both,0.6192847442281576,0.5970665833592921,0.41385740032701135
C0008350,head,0.8057831234192745,0.7796607370101516,0.8793202649663964
C0008350,tail,0.8749343462032585,0.8495356078925116,0.9259520853020144
C0008350,both,0.6075189317192293,0.5837253221016723,0.3848627653267846
C0008767,head,0.8209016099537453,0.8005463714548923,0.819797608911544
C0008767,tail,0.8728979167413675,0.8461996719370611,0.8590021610557693
C0008767,both,0.6195632686722364,0.6090807806004883,0.5774050287156018
C0009088,head,0.8392905133028754,0.8028301512673984,0.6650320861238993
C0009088,tail,0.9118516527815104,0.9025957137858209,0.828403314080704
C0009088,both,0.6361193227626982,0.6943968669056282,0.5174785609344886
C0009144,head,0.8906969904911284,0.8737461277354085,0.8469501801189891
C0009144,tail,0.8832467405156357,0.84485800424513,0.820159512312067
C0009144,both,0.6347416919909813,0.607974354590824,0.41256546426166457
C0009193,head,0.9142637447135717,0.9075309006327467,0.7869327830752729
C0009193,tail,0.9177239523260285,0.9163395513419657,0.7982855953015957
C0009193,both,0.5990003844675125,0.5515495644403813,0.31174300549345857
C0009241,head,0.8204331671322038,0.7841575715740738,0.7520741866373502
C0009241,tail,0.8675242122849609,0.8464913914763319,0.9089106825318178
C0009241,both,0.6113025469670469,0.5934568018399857,0.4908454323034125
C0009319,head,0.8306729187770262,0.8009316633221144,0.8750014172900878
C0009319,tail,0.8628293522421548,0.821958016497979,0.7231618885301827
C0009319,both,0.6334945375725691,0.6155325168409971,0.4735373254260914
C0009324,head,0.8115451630009343,0.774267425096561,0.7104094271764047
C0009324,tail,0.8735890507815459,0.8494990440921504,0.8746369748055121
C0009324,both,0.6061210575490519,0.5990115382900424,0.4906800912952944
C0009326,head,0.8688965782391388,0.8659767925088875,0.7139709902965521
C0009326,tail,0.9138792772010765,0.8919592760072383,0.7842249363691013
C0009326,both,0.5993848519800077,0.6238633097819154,0.38537776076513114
C0009375,head,0.8596938775510203,0.7986426526056885,0.669119447115952
C0009375,tail,0.8934948979591837,0.908487349322832,0.8322713171358154
C0009375,both,0.6450892857142857,0.6380640182667219,0.4102350282991707
C0009376,head,0.7936396559529199,0.7604162735909884,0.7508457898508989
C0009376,tail,0.8693164327750112,0.8360654258552103,0.8393436108380989
C0009376,both,0.5951290176550474,0.5789162874293902,0.3974147917411215
C0009410,head,0.8519066403681788,0.8183956935292339,0.7177267717534564
C0009410,tail,0.9253780407626562,0.9075744305912019,0.8551761210179432
C0009410,both,0.6531886916502301,0.6577118940378285,0.4933185736145721
C0009421,head,0.7787430418640982,0.7488097857579648,0.7116972269005916
C0009421,tail,0.8496854428503536,0.8209184756808299,0.8997820673904948
C0009421,both,0.5760760113118233,0.5736891290644058,0.6338092152023568
C0009676,head,0.79758041710899,0.7767317535705764,0.8961964097238071
C0009676,tail,0.8373704580181767,0.8086578165127691,0.8750549289822166
C0009676,both,0.5839597821837014,0.5754345062196105,0.6127768415374557
C0009763,head,0.8205243831733557,0.8039177348892379,0.9505689604074478
C0009763,tail,0.8575991514466905,0.8291044661150246,0.8661088477616654
C0009763,both,0.61266927245243,0.6002264723343012,0.5453865874464744
C0009782,head,0.8370470637234485,0.8314678518959785,0.8160392797426251
C0009782,tail,0.836109954185756,0.8024633965735111,0.7123793566078489
C0009782,both,0.6278633902540607,0.647571964810611,0.5249506667404948
C0009806,head,0.7915978938816645,0.7668580763371527,0.7887297215873607
C0009806,tail,0.8566215979967196,0.8230113168240811,0.7436686780164056
C0009806,both,0.5825453386191968,0.5795851521910146,0.6315338869526643
C0009917,head,0.8190325934956435,0.7966446935607782,0.7435821139458976
C0009917,tail,0.917207501165334,0.9093619663956203,0.9278859824371843
C0009917,both,0.6169098927892718,0.6216156848665304,0.5244331768867684
C0009938,head,0.8115041742244058,0.7860489294907034,0.9032623061260946
C0009938,tail,0.8822252896584926,0.8615774609285944,0.8899382255263864
C0009938,both,0.6141457353347655,0.5903358725993102,0.4455970245519046
C0009946,head,0.8538944989760611,0.789126005721863,0.6768892478926247
C0009946,tail,0.8801638302379776,0.8586550151555657,0.8233524413801332
C0009946,both,0.593249064331615,0.6035771077585923,0.44836902768758136
C0010032,head,0.8428901491283344,0.8419780305759891,0.7577117879281647
C0010032,tail,0.856542743121193,0.8291125904089711,0.6874396838257724
C0010032,both,0.6444024364629279,0.6532745794373045,0.510746988644546
C0010034,head,0.86865234375,0.8444902834167118,0.715954018986745
C0010034,tail,0.87158203125,0.8355782595570113,0.7448180841127823
C0010034,both,0.559814453125,0.5902811337509438,0.3787962169774123
C0010043,head,0.7791493158834026,0.7757162455983573,0.6747409983611913
C0010043,tail,0.8686793575252827,0.8649623133971348,0.8043176527246255
C0010043,both,0.5432778108268888,0.5500634090022708,0.345992382799686
C0010054,head,0.7852237689725414,0.7606892112386819,0.8613385011024814
C0010054,tail,0.8728388433680386,0.8455284678540965,0.8501837527344321
C0010054,both,0.5910492410983399,0.5771927209654971,0.5038838221601631
C0010055,head,0.890383854372774,0.8897275705337088,0.9446234298670018
C0010055,tail,0.9007292667759625,0.879872315221844,0.8751728259296958
C0010055,both,0.6455989598055287,0.6108917867102515,0.4005230727181936
C0010200,head,0.7815294240383921,0.7502631342085455,0.791669326595111
C0010200,tail,0.8412262356651606,0.8079752723072473,0.8061208586695388
C0010200,both,0.5765310691844088,0.5539590090014493,0.39864711318281093
C0010414,head,0.794054823780705,0.7754281509118408,0.753302940354679
C0010414,tail,0.8796724813100747,0.8497143089510263,0.747023730462856
C0010414,both,0.6634033463866145,0.6731553590640798,0.5505182274384758
C0010692,head,0.8060412178440239,0.7721313004130683,0.755927847880237
C0010692,tail,0.845349656298778,0.8098479729547058,0.8209973699909158
C0010692,both,0.5984749414150314,0.5786375369473401,0.41836840092718164
C0010709,head,0.842240684481369,0.830844345887667,0.9455432200537875
C0010709,tail,0.8614413478826959,0.8246338198746019,0.8523846317092888
C0010709,both,0.5967860685721371,0.5856348755567597,0.49404550803369573
C0010823,head,0.8245087211690292,0.811401969356278,0.8874923885678537
C0010823,tail,0.8735225125729045,0.8503236722899158,0.8398245083541351
C0010823,both,0.5614132766221558,0.5627586508970837,0.46827049060883363
C0011053,head,0.8262330286693429,0.8104222719980156,0.8981477326652747
C0011053,tail,0.8691341581583979,0.8409318064660123,0.8826972034038205
C0011053,both,0.5833049620448278,0.5625990217914777,0.37730845150963027
C0011124,head,0.8419395793271908,0.8193462390572038,0.8515386322095666
C0011124,tail,0.8599662927187817,0.82435066791848,0.7891518552924386
C0011124,both,0.6230130151682766,0.6190460966313973,0.5833745137183811
C0011127,head,0.8241610118247783,0.8099062937114482,0.9515285996343628
C0011127,tail,0.8815254635850578,0.8593569170934208,0.8948204896257266
C0011127,both,0.5835292932007524,0.5825079364924663,0.5766831393796538
C0011168,head,0.8109257596750118,0.7804614010760073,0.8858920579413804
C0011168,tail,0.8627115869303492,0.8389583478001708,0.946595258312776
C0011168,both,0.60915256087131,0.6014165841420134,0.5299183622921931
C0011175,head,0.7944842520764233,0.7575681919292048,0.7056249687543634
C0011175,tail,0.838812806666484,0.8072658324170633,0.8173358116705073
C0011175,both,0.5814876236945259,0.560548220577614,0.2615151329020187
C0011206,head,0.809973093675041,0.7842967071187237,0.8386604807085095
C0011206,tail,0.8614462346925893,0.8388733527538521,0.8917957491116775
C0011206,both,0.60864710895089,0.6051014733367432,0.6705574911071335
C0011334,head,0.8229605118658836,0.7937594771261123,0.8495235892406657
C0011334,tail,0.8788207209185932,0.8629036084288035,0.940635306077274
C0011334,both,0.6079631583306028,0.6076154685853673,0.5277059635928488
C0011603,head,0.8006334089530783,0.7594610950789648,0.6147945601814929
C0011603,tail,0.8659508995754811,0.8360317555695995,0.8158235284034784
C0011603,both,0.593068439612767,0.5655674835804738,0.34356327220429533
C0011606,head,0.8104421376393695,0.7970676845337274,0.8668047067841109
C0011606,tail,0.8490734332948866,0.8058642761691602,0.742081531795489
C0011606,both,0.5755632449058055,0.5784619578493588,0.4688979336093223
C0011609,head,0.8137707683948641,0.7834476184615278,0.7107570170887065
C0011609,tail,0.8552861105550631,0.8095654058105585,0.6779058693569064
C0011609,both,0.5774400183019246,0.5633604935390681,0.41617633388349723
C0011615,head,0.7746617379090539,0.7426969077730694,0.7645929064060603
C0011615,tail,0.8253151022901203,0.7937983436477025,0.905737671327868
C0011615,both,0.5763844430937894,0.5708668368451721,0.568188892051098
C0011616,head,0.8315713318863918,0.8161464359492429,0.8187405282219317
C0011616,tail,0.8931130248080469,0.8821576368858801,0.9376865900761985
C0011616,both,0.6416019043618286,0.6434353080415065,0.6151145680648457
C0011630,head,0.8543458578542328,0.8461677051645351,0.7688332003203817
C0011630,tail,0.8996152105024898,0.8951400639100557,0.8902749485188626
C0011630,both,0.6138524219103667,0.5981613289086689,0.3812147841336845
C0011633,head,0.8516263419323825,0.8616623634774786,0.8176051841917185
C0011633,tail,0.8537093414516904,0.8624591654499723,0.8379003504539619
C0011633,both,0.6224963948085243,0.6259089340940571,0.45669634370410966
C0011848,head,0.8265478668054109,0.7810998180503521,0.6792614252708585
C0011848,tail,0.8843002081165453,0.8641732186639692,0.8584263437867652
C0011848,both,0.6168704474505723,0.6179340401656764,0.46806188604245835
C0011849,head,0.8070555703888296,0.7811252886402689,0.8638323679970068
C0011849,tail,0.8549892953205966,0.822163915366121,0.7874372641172367
C0011849,both,0.5995263241169259,0.5826105126877532,0.5889332923728658
C0011854,head,0.8464896554196996,0.8262839845350225,0.8406890162375861
C0011854,tail,0.870755494998028,0.8439975363823363,0.8075550544249639
C0011854,both,0.6197425508264907,0.5962631286822122,0.399328777703374
C0011860,head,0.8199926907164898,0.792090929656116,0.7773679014955418
C0011860,tail,0.8662302100248803,0.8417160872646079,0.9476082691740351
C0011860,both,0.6152787429472615,0.6063857504475123,0.5998897211178648
C0011880,head,0.8102304006933688,0.7925263749189113,0.8543379661297028
C0011880,tail,0.8839409673458578,0.8671768023418849,0.9471231609103785
C0011880,both,0.6330200868316093,0.6197425759786851,0.5233840557746611
C0011881,head,0.8526257052514106,0.8140614264571718,0.7237758726950021
C0011881,tail,0.8996217992435984,0.9053431834850125,0.9583836734693878
C0011881,both,0.573749147498295,0.5827187654358381,0.41031315287160747
C0011882,head,0.8499414491430625,0.8121279098294425,0.7099386939601103
C0011882,tail,0.8659129257096252,0.8404034921645208,0.8210802035935271
C0011882,both,0.649368286760772,0.6222117437944922,0.35821220541229365
C0011884,head,0.8120938244538651,0.7886484234168338,0.7905861900989738
C0011884,tail,0.8666346014026688,0.8405481472882862,0.8922700937363417
C0011884,both,0.5918725741322804,0.6065913450517271,0.5871149146188079
C0011991,head,0.7800576629792246,0.7453443360202301,0.8025964077661546
C0011991,tail,0.8450827806565318,0.8175804321381128,0.8732411880794178
C0011991,both,0.5789720870746147,0.5625493148868931,0.4825680722344917
C0012569,head,0.8199392615482978,0.8044841580820551,0.8020560393246147
C0012569,tail,0.8675241089029783,0.8348258592506935,0.8692710266137321
C0012569,both,0.6219212531301614,0.6176326245763731,0.5049912765726207
C0012691,head,0.8310724684351058,0.8147912656455859,0.8447045618126873
C0012691,tail,0.9009915603322197,0.8774335082214904,0.8868436275917504
C0012691,both,0.6153846153846154,0.6074793743313109,0.5579502497429115
C0012813,head,0.8329817538556088,0.7927285861204807,0.8275323249708102
C0012813,tail,0.8660274564193706,0.8267152420489399,0.7863289097136793
C0012813,both,0.6570418324211645,0.6163835695641597,0.3571897193312726
C0012833,head,0.7641856009182163,0.7372063485683905,0.6715295303582474
C0012833,tail,0.8398493208740192,0.8095231700050937,0.8348272111094852
C0012833,both,0.5782570980949413,0.5636178978614088,0.42075834967975134
C0013144,head,0.788832208103721,0.7556971570029767,0.8688467462349806
C0013144,tail,0.8478688185606021,0.8205432435030455,0.8458867295392842
C0013144,both,0.6064048138460107,0.5924383056747956,0.6268148475540136
C0013146,head,0.8110792526376942,0.7867773974114741,0.8082271824753904
C0013146,tail,0.8828357789396751,0.8348001067880748,0.7274878525836297
C0013146,both,0.6102959089972078,0.5946335953664594,0.46990405617524034
C0013182,head,0.7661660365987288,0.737603282502893,0.744624128400988
C0013182,tail,0.8529670264445907,0.8264739562276235,0.795771931655564
C0013182,both,0.5835627602454525,0.5784091273083138,0.5866202655760535
C0013221,head,0.7960783073152539,0.7656407534632581,0.7885601237716697
C0013221,tail,0.8466379069209866,0.8102190208551988,0.7141583828709056
C0013221,both,0.6110807714848953,0.6057282293630554,0.6461535253606852
C0013274,head,0.7910591251402018,0.7897939245989726,0.7246235642373445
C0013274,tail,0.7715109758051594,0.7596018114367207,0.6805205415200674
C0013274,both,0.42765582438711747,0.44530122811157435,0.14796887565738504
C0013295,head,0.8056069197896121,0.7833525327770798,0.8227102577092222
C0013295,tail,0.8641621466140698,0.8436578524454513,0.9296141421138789
C0013295,both,0.6035913872452334,0.6149615968733176,0.6101592318437244
C0013298,head,0.8145540704463263,0.7803051743562646,0.7118171037838731
C0013298,tail,0.8868709542110216,0.868363027436296,0.8509021930433684
C0013298,both,0.6112414832953553,0.588051223730653,0.4138177405395346
C0013362,head,0.7905127344434076,0.7558319411349176,0.6858269997333198
C0013362,tail,0.8563852883842535,0.827112691685597,0.889579868355208
C0013362,both,0.6081111182967227,0.5918668298865635,0.6120075102514266
C0013384,head,0.803656399190352,0.7677885184296883,0.7287632511747898
C0013384,tail,0.8451892227889586,0.8197009871352451,0.8708104122031729
C0013384,both,0.6099329424099424,0.5999343982403257,0.6635999524899008
C0013390,head,0.8162174203608821,0.8137189639624008,0.716883003132524
C0013390,tail,0.9209177990643795,0.9186413754883641,0.8849317706712151
C0013390,both,0.6729783916239697,0.6645636069834943,0.48762293673974133
C0013395,head,0.803579638277263,0.7869531730091187,0.9663350567884812
C0013395,tail,0.8464294698492101,0.8151782760776315,0.8330950141038924
C0013395,both,0.5950538536049387,0.5909945968556887,0.7621025497682635
C0013404,head,0.7737854854047065,0.7477539766446519,0.8161186975248836
C0013404,tail,0.8304071368401679,0.7863177593966835,0.6296585571729244
C0013404,both,0.576696079055972,0.5560996759670278,0.31017673802235435
C0013405,head,0.8591567345892606,0.8531446732189458,0.9220594204466529
C0013405,tail,0.913195779401085,0.887894649664043,0.9018564503650165
C0013405,both,0.6254004869921825,0.641758300431123,0.6072780386367882
C0013428,head,0.8174953392401834,0.7880670857465777,0.6730587700183588
C0013428,tail,0.8714635236761444,0.8456463730529588,0.8237072385941104
C0013428,both,0.6305315520877756,0.6233433764390637,0.556276608518122
C0013456,head,0.834340297477447,0.8081626070275766,0.7979300031425116
C0013456,tail,0.8851563199856669,0.8675216423186061,0.8965782570016481
C0013456,both,0.6469620206966797,0.6220376266421376,0.4763072258059612
C0013473,head,0.8384192871346428,0.8225079557362733,0.9264116055649159
C0013473,tail,0.8668072888893559,0.8403205402229182,0.7828025955536391
C0013473,both,0.6282792515675526,0.6122613870083421,0.5337526230356539
C0013491,head,0.8036141436814837,0.7637080761556008,0.6603765101850054
C0013491,tail,0.8524016823680124,0.8323256506491469,0.9040569209463789
C0013491,both,0.614659501864889,0.5950054757500509,0.4060297420089147
C0013595,head,0.8123148148148147,0.7854265469457652,0.7946605730222446
C0013595,tail,0.8637731481481481,0.8488854740878486,0.8889657577880223
C0013595,both,0.6145061728395063,0.6116221562080008,0.5511644202150596
C0013604,head,0.7751847647071999,0.7442774756405177,0.7729030562950077
C0013604,tail,0.8354176466358029,0.7989745708615877,0.7420129562443133
C0013604,both,0.5770930667109937,0.5553879660437927,0.3887361008970427
C0013922,head,0.8143055005935893,0.7846573952276296,0.743800639255443
C0013922,tail,0.8605489287127593,0.8213621065003704,0.7525557814024265
C0013922,both,0.5922889931595907,0.5711334530936696,0.38872429558583727
C0014009,head,0.819269013705993,0.7572620813853445,0.6334226079760418
C0014009,tail,0.9060064498790648,0.8755961276374377,0.8429780521149465
C0014009,both,0.6093791991400161,0.6061468195560301,0.45089870869077286
C0014038,head,0.8022178259058725,0.7716804990767476,0.7257725580721022
C0014038,tail,0.8741409829237817,0.8640628492557174,0.9037718194088226
C0014038,both,0.593268429820908,0.5756370669691478,0.4111917664572819
C0014118,head,0.805344387755102,0.768578614448546,0.6660890135661061
C0014118,tail,0.9014158163265307,0.8866264922502312,0.9663350567884812
C0014118,both,0.5465433673469388,0.5462339681959458,0.43019225008837336
C0014130,head,0.8616012805643686,0.844308997040536,0.9443730360905538
C0014130,tail,0.878643521935416,0.8538332801992483,0.8814170644118486
C0014130,both,0.6183515609274507,0.6238597130637693,0.6379775874760374
C0014175,head,0.8769166141566898,0.8480240004336427,0.7435947654712447
C0014175,tail,0.9260659525309809,0.9041154190657661,0.8391995600143046
C0014175,both,0.725897920604915,0.7115476828240452,0.5512011170674858
C0014335,head,0.8479991754489938,0.8065399145942304,0.7376894632932696
C0014335,tail,0.9026256796103997,0.8777859061845485,0.8559244068428933
C0014335,both,0.5852250766574764,0.5734814609725828,0.38727016614063536
C0014356,head,0.7662519272831583,0.7481266713120401,0.723934263284059
C0014356,tail,0.8681200473304888,0.8607462049452153,0.8776775776752684
C0014356,both,0.5936749255979059,0.6026299502283201,0.47565356184639734
C0014394,head,0.7849938731265907,0.741828407823452,0.6068692193013375
C0014394,tail,0.8926383259496654,0.8741735241099134,0.8645446382533072
C0014394,both,0.6541615609388255,0.6543164607256358,0.5129653157734189
C0014457,head,0.7924204572763499,0.7649480506757809,0.6221752329518662
C0014457,tail,0.8385113648430382,0.812621168890279,0.8677011314127566
C0014457,both,0.5903906018588378,0.5878233883029627,0.48962132649605933
C0014488,head,0.8648985404058384,0.8677471339023702,0.8880335498350453
C0014488,tail,0.8537735849056604,0.8450732988191632,0.8382900150069109
C0014488,both,0.6197935208259167,0.6638115865411458,0.6299689494583679
C0014518,head,0.7622343054869005,0.7491921764319334,0.8124582920583653
C0014518,tail,0.8649680460419462,0.8480969160304846,0.9179597901026932
C0014518,both,0.5292175693806934,0.5527136565336253,0.5581019629884466
C0014534,head,0.86546875,0.8458662146979661,0.7966046248202862
C0014534,tail,0.90078125,0.9058558350593214,0.9148338265835332
C0014534,both,0.6448437499999999,0.6471281043458814,0.4720955940612635
C0014544,head,0.7830558858501783,0.7419854613970327,0.6226451678135699
C0014544,tail,0.8378834720570749,0.8089875891179652,0.8048045051549166
C0014544,both,0.5946967895362664,0.5764874631319707,0.3899118534056099
C0014549,head,0.7998148304014814,0.7598739378245465,0.6395044957236999
C0014549,tail,0.837151754902786,0.7842701965369928,0.6321266555286497
C0014549,both,0.6047100412423196,0.5799038806951144,0.33879712291481445
C0014553,head,0.7724626576043149,0.746437670518665,0.6956353520027259
C0014553,tail,0.894456109623939,0.8910441685570449,0.9729515216137484
C0014553,both,0.5812178447392252,0.5598946482277256,0.3446214401883622
C0014591,head,0.7915990844867358,0.7671785039184471,0.7508449811475485
C0014591,tail,0.8399729070549788,0.7963925182107537,0.6536114667845014
C0014591,both,0.5802500841022684,0.5654544455978515,0.2831118769910779
C0014724,head,0.8331603119368154,0.8117997094996608,0.8438465319143766
C0014724,tail,0.9106462141534271,0.8974877389280383,0.9423715942842839
C0014724,both,0.64932023353736,0.6179362349983577,0.43933558038045284
C0014733,head,0.8797153635116598,0.8720633606024562,0.8724245770225642
C0014733,tail,0.896176268861454,0.892631076240209,0.8879836005406474
C0014733,both,0.6586934156378601,0.636347057192658,0.4370680712087829
C0014742,head,0.8042330800609938,0.7686801557216727,0.6957110958893773
C0014742,tail,0.8653703293409272,0.8528169042220056,0.9243481088412043
C0014742,both,0.5944688448956718,0.5871655487425935,0.45319577677727596
C0014863,head,0.857661882553016,0.8470042650088784,0.8716002830510368
C0014863,tail,0.8511943105980571,0.8324641682147917,0.8573447092574346
C0014863,both,0.6656187997629416,0.6453678334100139,0.558200112778266
C0014866,head,0.7777290469716241,0.7867941653313811,0.8507962414277701
C0014866,tail,0.8932941537651857,0.8632315827420733,0.8212127147757138
C0014866,both,0.6255865970790755,0.5952342470825547,0.3885716245318265
C0014868,head,0.8154498492042164,0.7833152820276161,0.8131608629229531
C0014868,tail,0.8709283645376094,0.8427465551485154,0.9245305109773976
C0014868,both,0.6270882976499745,0.5946893311258747,0.3584431951190965
C0014869,head,0.8538204499888616,0.8236902551973444,0.8329045678934238
C0014869,tail,0.8858097571842282,0.8669826038471691,0.9378240289107541
C0014869,both,0.6223568723546447,0.6216652553616152,0.616850677575645
C0015230,head,0.7586367743050962,0.7289572767661521,0.7609467686557977
C0015230,tail,0.8296718355392155,0.7978494941792909,0.8761835411600828
C0015230,both,0.5833612860719899,0.5725069410224092,0.580538246547003
C0015256,head,0.8229030085201126,0.801432433147133,0.8467611815519436
C0015256,tail,0.8654367264668529,0.8342880294291651,0.8110457928972861
C0015256,both,0.5909060525192692,0.5798462210314694,0.37193455244212326
C0015300,head,0.732780612244898,0.6663371636418212,0.47245683807076516
C0015300,tail,0.8813775510204082,0.8717781371318375,0.7428547138739234
C0015300,both,0.5248724489795918,0.49342523655346443,0.22189292559621673
C0015403,head,0.8676607353214705,0.8671046361225672,0.9173677778799113
C0015403,tail,0.885733771467543,0.8661078317441858,0.9099978608927873
C0015403,both,0.6517918035836071,0.6161956269006013,0.38441926689952716
C0015408,head,0.8204914933837429,0.8099523949548236,0.7987310528400038
C0015408,tail,0.9169754253308129,0.9079131023503115,0.9350553030299638
C0015408,both,0.5866918714555767,0.5883570024385001,0.41566003346578334
C0015423,head,0.871042368960275,0.8613547558777314,0.8919466358175789
C0015423,tail,0.8823451649150638,0.8866970199285944,0.9032381373312329
C0015423,both,0.6003701500429639,0.6281243458559755,0.5224617656445298
C0015468,head,0.8707878243144557,0.8549642598192592,0.8665463067195462
C0015468,tail,0.8783153704788578,0.843305754251141,0.835833880612013
C0015468,both,0.6349380863340529,0.6275916554947648,0.6276653423450699
C0015469,head,0.8300656619412693,0.8121132745847204,0.8777754286479343
C0015469,tail,0.8743836158802145,0.8545407074366254,0.8850970561696996
C0015469,both,0.6084758922465433,0.6035182076373633,0.5924623730521581
C0015544,head,0.8174114502116285,0.7942300565151821,0.8375677485831373
C0015544,tail,0.8936422365783024,0.878837272988744,0.9305988014344291
C0015544,both,0.571263087547338,0.5892851298209391,0.5561678710835747
C0015645,head,0.8917764328942684,0.8650925534688816,0.7501552404938002
C0015645,tail,0.8533285866856533,0.8178084393978465,0.6624365598401886
C0015645,both,0.6771092915628338,0.6921031530730986,0.4777662723555373
C0015672,head,0.7796735557157994,0.7481194312031222,0.7852758937841894
C0015672,tail,0.8402163223501379,0.7975222062219521,0.593865886996575
C0015672,both,0.5866339443062889,0.5675274567035847,0.37346119253151644
C0015695,head,0.8095022502561919,0.7706483586357631,0.6042300375034941
C0015695,tail,0.8438916029339902,0.8173204231112616,0.8684781066073836
C0015695,both,0.590209686169742,0.579398598835397,0.4493987096422282
C0015732,head,0.820758749142241,0.7849289073687563,0.7042078323833016
C0015732,tail,0.871985099500049,0.8462787408707639,0.8242014098253649
C0015732,both,0.5864287814920105,0.5947468435886156,0.6097914826289261
C0015802,head,0.8163050320525174,0.7941073400500724,0.7723160795023298
C0015802,tail,0.8950681517452242,0.8739157071612927,0.8259181692380207
C0015802,both,0.5920144910779667,0.5795712081810019,0.4319019772771522
C0015806,head,0.784818339100346,0.7387892906090424,0.6230489555486699
C0015806,tail,0.8329368512110726,0.7896405847585317,0.6896212385125413
C0015806,both,0.5641760380622837,0.5546934257592581,0.3784501973446426
C0015967,head,0.7673030030308439,0.7328119698210679,0.8167120065917897
C0015967,tail,0.8386431439376499,0.809502186105505,0.9373458539306236
C0015967,both,0.5607700281767363,0.551949846064557,0.532397310350633
C0016034,head,0.7893601050853819,0.7639729961547902,0.7527874075207402
C0016034,tail,0.8796209420153875,0.847429214946402,0.8171432907368366
C0016034,both,0.5947175830362169,0.5958382872779037,0.449961086742835
C0016053,head,0.8468471011797216,0.8244780082545848,0.8990274036226418
C0016053,tail,0.8823450286959295,0.8600186401562906,0.8935879844949065
C0016053,both,0.6656492454033373,0.6585250070605759,0.6724745273474356
C0016059,head,0.8305693296602388,0.7799399485393854,0.6256593155619515
C0016059,tail,0.8799540863177227,0.8680393404838722,0.9711857971421415
C0016059,both,0.5948025711662075,0.594041499852593,0.4318565897664717
C0016167,head,0.8665326928732476,0.8276626562982442,0.798026748808886
C0016167,tail,0.8600137241446917,0.8225623743487794,0.7671943682361396
C0016167,both,0.6158955004411333,0.6190164991623787,0.5371776284649225
C0016169,head,0.8283826429980274,0.8020416763656856,0.8244894525049611
C0016169,tail,0.8671071663379355,0.8458151111409884,0.9152065182111861
C0016169,both,0.6147403024326101,0.6112551582331687,0.5989521775902348
C0016199,head,0.8421057458193674,0.8201671359861116,0.8680584579029543
C0016199,tail,0.8852899504330799,0.8624889770394488,0.8993913323516067
C0016199,both,0.5810930399974323,0.5858675821504447,0.5378489263943803
C0016204,head,0.8212762090602999,0.7958894248966693,0.8773418174838481
C0016204,tail,0.8822027089072544,0.8512341798758001,0.8561250473836017
C0016204,both,0.6243686868686869,0.620011396589547,0.6183685782523505
C0016242,head,0.8274111675126904,0.812392658297203,0.8373710208007731
C0016242,tail,0.879770156407019,0.8579802858510829,0.8764702654489878
C0016242,both,0.6252673348965445,0.6330425601391197,0.5649673894947163
C0016382,head,0.7994063671398567,0.7796844111126336,0.9067747615556467
C0016382,tail,0.8347390530303407,0.7962452144795192,0.7520477740896755
C0016382,both,0.5878625340329957,0.5677776780737456,0.2834791887672142
C0016412,head,0.8411717280300994,0.8569403627977321,0.7556875470457031
C0016412,tail,0.8812147272238645,0.8976598747377922,0.8166687042365439
C0016412,both,0.597420048374093,0.6487069392202178,0.4538006857573364
C0016436,head,0.8185862580326249,0.8025763029163615,0.7403985141128083
C0016436,tail,0.8877197937998729,0.8801733361467265,0.9251753338080416
C0016436,both,0.635336487536191,0.6335233610782744,0.5099469212125123
C0016479,head,0.8710059171597633,0.8601635458250172,0.7663005324326213
C0016479,tail,0.8620118343195267,0.8417019242112818,0.7448325240249782
C0016479,both,0.6201183431952663,0.6282093751550352,0.4262384082684671
C0016658,head,0.8737203686698636,0.8719582325292878,0.973507077169304
C0016658,tail,0.874774682855491,0.8399479714461372,0.826014986178974
C0016658,both,0.6719722477298236,0.6733650588104936,0.7227723936357535
C0016663,head,0.8225171127956443,0.7968151308438698,0.7607461649986965
C0016663,tail,0.8538716058892527,0.8234239009738309,0.8180897983813863
C0016663,both,0.5653262372857617,0.562348378651123,0.4152560072996082
C0016665,head,0.8569444444444445,0.8308178615915986,0.6992863494698964
C0016665,tail,0.8744444444444444,0.8682181043440634,0.7575350811802838
C0016665,both,0.6441666666666667,0.675251066948235,0.48298831989818347
C0016807,head,0.8300520291363163,0.7932249207408748,0.7392985597290519
C0016807,tail,0.9148387096774194,0.9104899562566465,0.9541824369006789
C0016807,both,0.6570655567117586,0.6639121562689374,0.5814298205952252
C0016977,head,0.8062414470161243,0.7932553566772784,0.9259315369073912
C0016977,tail,0.8697035248918393,0.8479897640598182,0.9241641659403208
C0016977,both,0.5824826390364558,0.582148326229798,0.5431826032474221
C0017086,head,0.8232725994809688,0.8183960142970422,0.8945591633968399
C0017086,tail,0.8834748053633219,0.856200497017759,0.8651039656400132
C0017086,both,0.5622296712802768,0.5767095991767098,0.4910947411239046
C0017152,head,0.794652409035382,0.7704506753262184,0.7935153954867787
C0017152,tail,0.8652036926873333,0.8360769755741476,0.8578288429901675
C0017152,both,0.5974716206059982,0.5872284241452558,0.5405770659241059
C0017160,head,0.8350235140663333,0.8098488755254852,0.7743734561764183
C0017160,tail,0.8686318799463283,0.8307153465403444,0.7560316060940769
C0017160,both,0.6095392440690843,0.6028512620456016,0.5028990480110831
C0017168,head,0.8022159514647377,0.7773098907532571,0.8472169907253705
C0017168,tail,0.870938094300773,0.8386213939175242,0.7820889604535549
C0017168,both,0.6053321973846133,0.5978038535303524,0.6947501632945164
C0017181,head,0.7920773029018133,0.7615019356357964,0.8978653315868397
C0017181,tail,0.8584836317201899,0.8322091257270474,0.8860319998680896
C0017181,both,0.6071656083085198,0.5962810807092715,0.5565728273582226
C0017565,head,0.8323002342941974,0.7906539281970497,0.7239555366386125
C0017565,tail,0.8625122248098558,0.8477480326683697,0.9182869584579016
C0017565,both,0.5822386705035567,0.600574903647333,0.6902391006286988
C0017574,head,0.814459538763126,0.778661136996529,0.7043865729379911
C0017574,tail,0.868733533943488,0.829539806374107,0.7976619447200981
C0017574,both,0.6100869033200564,0.6116089138376917,0.673297846795423
C0017601,head,0.8308617319622673,0.807062237531502,0.8607909454400271
C0017601,tail,0.8710012261894646,0.8459723713732701,0.8263714960667712
C0017601,both,0.6483841008146269,0.6198803177237363,0.44151014990806997
C0017658,head,0.8103257385933221,0.7726118254927681,0.7281458576436459
C0017658,tail,0.8677815978089854,0.877981057732586,0.9755867540121388
C0017658,both,0.6294504982227143,0.6076546131117644,0.4604167735862326
C0017672,head,0.8256995873810834,0.7918916979956693,0.7366088580441105
C0017672,tail,0.8694596882566407,0.83437795350946,0.7476988887828852
C0017672,both,0.5967464080842524,0.5872582551031086,0.4201182094910996
C0017675,head,0.8583579881656805,0.8136976610133684,0.7153650290385509
C0017675,tail,0.8488658777120315,0.8073160446597983,0.7276375642503825
C0017675,both,0.6141929651545036,0.5895184340167691,0.4221788294836847
C0017979,head,0.8111890606420927,0.7933305574520713,0.8299508962478762
C0017979,tail,0.8636385255648037,0.8300464399395044,0.7371228646898353
C0017979,both,0.597217598097503,0.5791094037050672,0.36817683699240233
C0018021,head,0.8415490652676073,0.8326835229710581,0.8710935302041086
C0018021,tail,0.8786016889711864,0.8515566836048799,0.8951236590348498
C0018021,both,0.6160910510712716,0.61124874279575,0.5706489577602931
C0018099,head,0.8338886373924852,0.8170846682485223,0.8586457505566281
C0018099,tail,0.8635672249886825,0.8404787116792609,0.9504134401309579
C0018099,both,0.631946582163875,0.6172967901511917,0.635928014197218
C0018188,head,0.8333414554340335,0.8041228329494409,0.7793483012559548
C0018188,tail,0.8601304641432459,0.8294285091419771,0.838278200990472
C0018188,both,0.6495499195912031,0.6264491875712896,0.4920121423945011
C0018418,head,0.7991514005912043,0.7811744411097665,0.8031752235960563
C0018418,tail,0.8726296527177301,0.8426722279682006,0.8221745410570627
C0018418,both,0.6101469967222346,0.5854618763419125,0.39976575662312763
C0018500,head,0.8335619570187471,0.8281262809930499,0.7565907947442512
C0018500,tail,0.9103795153177869,0.8985610822349577,0.8784355728290955
C0018500,both,0.5989940557841792,0.6144899861535802,0.4542545542097241
C0018520,head,0.8702976625273923,0.8550662085918771,0.851546289630845
C0018520,tail,0.8844503287070855,0.850973943266576,0.8188005599665803
C0018520,both,0.6281501095690284,0.6073921127991861,0.41524974033722245
C0018524,head,0.7919616154089559,0.7610601060004405,0.7283420304018096
C0018524,tail,0.8448635537772152,0.8129053167347828,0.8341543000667376
C0018524,both,0.5936929028570263,0.5804636042514627,0.545259448765679
C0018621,head,0.8692932797662527,0.8403146880609846,0.8010503012629475
C0018621,tail,0.9044010226442658,0.8718118680802933,0.8338318114320613
C0018621,both,0.6239499634769906,0.6231216981778249,0.4894091467849813
C0018674,head,0.8212469225982739,0.7846564751358793,0.7311791526050339
C0018674,tail,0.8622676730784838,0.8215746715091395,0.7888225804131062
C0018674,both,0.625282940598256,0.6085120061881678,0.4161128665152251
C0018681,head,0.7868929489412417,0.7607011586348634,0.7001276205701514
C0018681,tail,0.8325044510431124,0.7971331999419571,0.8302370056577013
C0018681,both,0.5925509911040294,0.578170318126149,0.5500788193391964
C0018784,head,0.806448225162781,0.8141616562906164,0.8428876711410624
C0018784,tail,0.8358538122243226,0.7829457803958879,0.6528530285812173
C0018784,both,0.5942554085276203,0.5829879902108677,0.43473578495010046
C0018790,head,0.7758793764349032,0.7501065349160944,0.7947477801836342
C0018790,tail,0.8401151181373048,0.7943404835203363,0.7016271110453601
C0018790,both,0.5747216774941357,0.5649045791529598,0.316795439137552
C0018799,head,0.7798697096377449,0.7441172839217085,0.5909420999381735
C0018799,tail,0.8585369631426722,0.8253427742249426,0.8582611384998845
C0018799,both,0.5900776282737448,0.5785771256901822,0.5213560849138009
C0018800,head,0.779880458259926,0.74853598521704,0.7341755974378572
C0018800,tail,0.8583365682263828,0.8325129764552182,0.8271968874046975
C0018800,both,0.5720228200968145,0.561033375479749,0.49641924613170685
C0018801,head,0.7707195821077373,0.749633325660019,0.7973111375194393
C0018801,tail,0.8452180159210041,0.8087234305057385,0.8149968613116431
C0018801,both,0.5498883893053769,0.543553251281864,0.47178275967426797
C0018802,head,0.7949160861396998,0.7609515466229878,0.7118920358911893
C0018802,tail,0.8439724380965716,0.8076333348127214,0.7564800279289722
C0018802,both,0.5898992683609886,0.5728290914291977,0.3904998223690891
C0018808,head,0.791713415806523,0.7687603848442022,0.8125204551068625
C0018808,tail,0.8886952669994476,0.8716729783169206,0.9354003357023576
C0018808,both,0.5890026552700173,0.5673785056742684,0.397921007436234
C0018817,head,0.820609699290927,0.8219189715322023,0.8450342049083924
C0018817,tail,0.8811138139847834,0.8646925795252087,0.8448355109834683
C0018817,both,0.5966564877594327,0.6145412918711752,0.505629087410416
C0018818,head,0.7707958477508651,0.7214187159144924,0.5478535538369932
C0018818,tail,0.84719723183391,0.8333815035148108,0.7844889568599603
C0018818,both,0.5219377162629758,0.5474094243712253,0.2951417233937288
C0018824,head,0.8079492432981527,0.779706242140192,0.7456397769031833
C0018824,tail,0.8624808457154665,0.8324293026434035,0.8423612030018383
C0018824,both,0.5575317229386547,0.5365450684665526,0.28138155928287434
C0018916,head,0.8390538033395176,0.8036780604905478,0.7644655996102983
C0018916,tail,0.8872491145218417,0.8796237570070917,0.9039469733894968
C0018916,both,0.6092089728453365,0.6119246094854703,0.5043492044196233
C0018924,head,0.8196659786076186,0.8283553027917246,0.7600434665531524
C0018924,tail,0.855507599924939,0.8464863213680368,0.7423201812294822
C0018924,both,0.6177519234377933,0.612968933223162,0.4361404591877165
C0018926,head,0.7818533737024221,0.733632984940441,0.5817763964944486
C0018926,tail,0.8460272491349481,0.8045032776981493,0.66245587627944
C0018926,both,0.5937348615916955,0.5879896200149748,0.5852869016624208
C0018932,head,0.8152314507451753,0.7887113267745249,0.8862392637319426
C0018932,tail,0.8672320345230192,0.8282289630149305,0.7779018531104336
C0018932,both,0.6083322840594309,0.5879269339855849,0.45942429592902145
C0018939,head,0.8200862254393101,0.7872280110017293,0.7627068562039557
C0018939,tail,0.8607954811136362,0.8410432806405294,0.9195464222916564
C0018939,both,0.6143515790851873,0.583433510692473,0.37559607899383934
C0018944,head,0.7988269478364669,0.7792549562551475,0.9091760876646933
C0018944,tail,0.8785555651967947,0.8503474920584916,0.8444302673602279
C0018944,both,0.6258287231273261,0.6093377963485365,0.46148845706526787
C0018946,head,0.7887658227848101,0.7636204445527981,0.71023613805136
C0018946,tail,0.8681200929338246,0.8464087169474237,0.868859022795362
C0018946,both,0.5981313090850825,0.5673012518679545,0.3693871274983219
C0018965,head,0.7845635851131931,0.7548198193826877,0.6648952943302876
C0018965,tail,0.8490334704405942,0.820735933197738,0.8376917480736411
C0018965,both,0.5851320556304164,0.5711437561818075,0.5021224805371881
C0018989,head,0.7914886215128135,0.7580974068217765,0.721454731260107
C0018989,tail,0.8635886121289662,0.8262314923803362,0.7615997840477812
C0018989,both,0.6277862588431318,0.6123588233414585,0.5547214431718597
C0018991,head,0.801326113589391,0.7971792974229374,0.9084960647459903
C0018991,tail,0.8708769370329845,0.824245992542631,0.712346844892043
C0018991,both,0.5824706113402351,0.5759708718643914,0.42467087459831077
C0019079,head,0.8128942486085343,0.7733155857384668,0.7929616785471836
C0019079,tail,0.8630055658627087,0.8342353591411524,0.8466092429562793
C0019079,both,0.6055017709563164,0.5777876628352888,0.32093562545856896
C0019080,head,0.7678472699122226,0.7377742300818273,0.7649726129468611
C0019080,tail,0.8400589344354406,0.8064526250067365,0.7987054735981944
C0019080,both,0.5896964626852625,0.5804834149795046,0.4965184278541149
C0019112,head,0.7976379910071851,0.7524413926249088,0.5931654977331297
C0019112,tail,0.8626693339601361,0.827502050559488,0.7384801561793976
C0019112,both,0.6091253904129627,0.5861535071769979,0.5065110136713595
C0019151,head,0.8430333333333334,0.8424348440834672,0.9760745588901876
C0019151,tail,0.8150888888888888,0.7815147781133056,0.7719899725319705
C0019151,both,0.5635999999999999,0.5701548936663812,0.5135289740705304
C0019158,head,0.7842284604117812,0.7664990542617012,0.7966602096478184
C0019158,tail,0.8600562347744918,0.8300518485267423,0.8340671999806969
C0019158,both,0.5938650213631431,0.5646284288715642,0.19275456636910826
C0019159,head,0.8530176899063475,0.8240600394056992,0.7026916982382752
C0019159,tail,0.9092091571279917,0.8636371129054828,0.7820619542248188
C0019159,both,0.6170655567117587,0.6367469387440207,0.4370555343369356
C0019163,head,0.8025694444444444,0.7793399225952319,0.7082220608413404
C0019163,tail,0.8756944444444446,0.8673109146114423,0.8683170567441967
C0019163,both,0.5089583333333333,0.5393420438499543,0.33806225864292877
C0019189,head,0.8889981096408318,0.8829477904953742,0.8969093987133501
C0019189,tail,0.9148582230623818,0.9099917041818858,0.9328863831337755
C0019189,both,0.629867674858223,0.609271208428755,0.40970765966765604
C0019193,head,0.8443725558444749,0.8324573892143934,0.8906585121715491
C0019193,tail,0.874244999078643,0.8544737034085935,0.9002519304168162
C0019193,both,0.6540201879568396,0.6185204646486637,0.45220301728676887
C0019196,head,0.8515930551916228,0.8179425055449661,0.8554865298902904
C0019196,tail,0.8930522801603246,0.8607330680368519,0.7711029177756484
C0019196,both,0.6897933832163896,0.6327697879588905,0.3398756649471566
C0019209,head,0.8359253938533058,0.8087530220854675,0.8144511197157301
C0019209,tail,0.8450150923295455,0.812768732268665,0.8770493420258836
C0019209,both,0.5988265108471075,0.590938730501197,0.5856737798537605
C0019212,head,0.8254462523573528,0.8044528603121536,0.7953008349333686
C0019212,tail,0.904741020130696,0.8761055439228275,0.8157952361252028
C0019212,both,0.5675628261918337,0.5963397567076462,0.49684623690143054
C0019270,head,0.8239598913342083,0.8116648088868572,0.8925032224749627
C0019270,tail,0.8888617563566437,0.8573999711186354,0.830005842481916
C0019270,both,0.6389456976282776,0.6262702102900082,0.5195060162762808
C0019284,head,0.8335586803677664,0.8315733010085451,0.7955743881878579
C0019284,tail,0.8804759329367225,0.850701948691968,0.7670792879950439
C0019284,both,0.5916711736073554,0.6007910115751336,0.43032288748782177
C0019291,head,0.8056666217190698,0.7738470283867801,0.6999310551942449
C0019291,tail,0.8718260645252068,0.8406289531788108,0.8609326778132841
C0019291,both,0.6038274833058763,0.5889147862626376,0.5243676155688233
C0019294,head,0.8573689863757137,0.8157222289036568,0.7337351316446474
C0019294,tail,0.8930974051670529,0.8641754807875247,0.8283030486504778
C0019294,both,0.6371756458816213,0.6170529347637035,0.47212058721450484
C0019322,head,0.8573849525200876,0.8236835501188656,0.7618051321549152
C0019322,tail,0.8623520818115413,0.8325317571729691,0.7891590232434185
C0019322,both,0.6357048940832724,0.6391269808893764,0.48924893704385786
C0019348,head,0.8137940920384803,0.7842143864191147,0.7747921827654025
C0019348,tail,0.8615334791564909,0.830254560877449,0.8873513243327872
C0019348,both,0.5878655312281,0.5963178739334397,0.698660787550673
C0019360,head,0.8297236826559546,0.7940770374457422,0.7995899734863688
C0019360,tail,0.8832352463374291,0.8576629048621387,0.8564448786559686
C0019360,both,0.6350240725425331,0.611132757759965,0.46550296869533936
C0019521,head,0.829068359914205,0.8088606473442084,0.7855011190537001
C0019521,tail,0.866168319565079,0.8552470746907002,0.9206184284371978
C0019521,both,0.5714498078107414,0.5562717899132771,0.3842334003668988
C0019557,head,0.810442281918303,0.7846388183065719,0.7948320388030499
C0019557,tail,0.8708699959209836,0.8330760989502707,0.7165322225707998
C0019557,both,0.6286605934645093,0.6062051468985524,0.47699573890274233
C0019572,head,0.8088642659279779,0.7784222602505986,0.6610967801675919
C0019572,tail,0.9033548784241305,0.9041026345604175,0.8007559295407651
C0019572,both,0.6103416435826409,0.5819322522017898,0.3660543674565834
C0019655,head,0.8405264768901132,0.8511571639792708,0.867555147343355
C0019655,tail,0.84726048362412,0.8303707693252145,0.7781935041457311
C0019655,both,0.6803387409448015,0.6827299452939892,0.60242956370254
C0019693,head,0.7549999999999999,0.7352646195182093,0.6044260705723044
C0019693,tail,0.8947222222222222,0.865973400711386,0.7736578881337328
C0019693,both,0.505,0.5243430737073099,0.26787885462295075
C0019825,head,0.882314049586777,0.8866463862164364,1.0
C0019825,tail,0.8996143250688705,0.8582168605753195,0.7580094724522652
C0019825,both,0.6711111111111111,0.6629963690263408,0.5836809886505493
C0019917,head,0.8997549565604812,0.8657023234075109,0.7743817107690396
C0019917,tail,0.8605480062374694,0.857204514658074,0.7337098341957768
C0019917,both,0.7456003564268211,0.7694257970424747,0.6340492260029265
C0020040,head,0.8100537437428212,0.7666630743526173,0.6713189068993767
C0020040,tail,0.8669600731867949,0.8359595675397073,0.863509131201657
C0020040,both,0.6238589850502035,0.6217980564084209,0.6769373369455893
C0020162,head,0.8231610312870886,0.8035993720519857,0.8541787241395401
C0020162,tail,0.8810131057296533,0.8581890869458471,0.8776327080212873
C0020162,both,0.620691396681902,0.5927681757691415,0.3993290948690757
C0020255,head,0.809932404871511,0.783772984229581,0.8157152944192796
C0020255,tail,0.8662811024998543,0.8390238701242441,0.8746891397814622
C0020255,both,0.5926665112755667,0.5531000896125431,0.2592963338764108
C0020258,head,0.8664940828402365,0.8167591892693238,0.642055791229231
C0020258,tail,0.8690828402366864,0.8205910316583682,0.6624171642353639
C0020258,both,0.6738165680473372,0.6513105239194824,0.4270276036880329
C0020295,head,0.8402601093040623,0.8182713488617608,0.7713683090060677
C0020295,tail,0.8636144355376981,0.8441543091131403,0.8916659741745404
C0020295,both,0.6164973797424019,0.5922234011520265,0.35690019856512956
C0020433,head,0.8249754515562362,0.8005883160443124,0.8571309550334739
C0020433,tail,0.8530444574568713,0.828789288383822,0.930392711394803
C0020433,both,0.5593892167019504,0.5599551117002048,0.48745195387825807
C0020437,head,0.8290936411447306,0.8038565078308744,0.8161763807124913
C0020437,tail,0.8827074653370671,0.8531697824500919,0.7901963939206296
C0020437,both,0.6183976504337135,0.6035621984979256,0.5084342119173921
C0020440,head,0.8262051039697542,0.7855332093834066,0.6957233068086842
C0020440,tail,0.8633920132325141,0.8279805053156735,0.7925537299991419
C0020440,both,0.545663988657845,0.5486372912113953,0.3842382814347114
C0020443,head,0.7822179873127584,0.7498378631445219,0.7171673532610809
C0020443,tail,0.8677867542613636,0.842251345632419,0.8413527008070986
C0020443,both,0.6196394991283574,0.6034401780866623,0.514638280790915
C0020453,head,0.8557293411322116,0.8251133419487577,0.7406403479645911
C0020453,tail,0.8725811023216264,0.8408416077348629,0.7805837102492711
C0020453,both,0.643665129222603,0.6484135476669521,0.6006582126738964
C0020456,head,0.7818079641972914,0.7534879710783248,0.7977234943401531
C0020456,tail,0.8549158407251274,0.8216621995169986,0.8136385686257317
C0020456,both,0.5996602099757179,0.5802496964085144,0.5762677956437404
C0020458,head,0.791528264951814,0.7500991170273348,0.6571082526839497
C0020458,tail,0.840716234410431,0.8086602931323132,0.765633835926362
C0020458,both,0.6135945914824263,0.5991291017136262,0.4455246427872153
C0020461,head,0.7908956128185458,0.7687079628093847,0.7888352805772161
C0020461,tail,0.8535070117561698,0.8317874653347984,0.9370996418094114
C0020461,both,0.5676467883725647,0.5627126851790466,0.524830159679591
C0020473,head,0.7957053554900537,0.7645469008385378,0.7497939909917802
C0020473,tail,0.8617056118017287,0.838030478253375,0.8120930002441454
C0020473,both,0.5776387049615296,0.5850857358869659,0.646954855911943
C0020488,head,0.8084037281561104,0.7841722201029562,0.742973516870821
C0020488,tail,0.860764579540776,0.815771841201727,0.7350276548530743
C0020488,both,0.5927401153764118,0.5766618905973502,0.38350069754924104
C0020490,head,0.8165289256198347,0.7871104811984254,0.6286749438554314
C0020490,tail,0.92099173553719,0.9222622178569928,0.8252652902448129
C0020490,both,0.6274380165289256,0.5914068216392518,0.3668685992769959
C0020502,head,0.8114183342347214,0.7984240488300903,0.7851044876146183
C0020502,tail,0.8644199567333694,0.8521257121549042,0.8454685886008215
C0020502,both,0.6336195240670631,0.6435212892027756,0.5969770684236907
C0020505,head,0.8177157762435221,0.7979301894215882,0.834382145509307
C0020505,tail,0.8814586525714089,0.8504275815709893,0.7528391752415695
C0020505,both,0.6204481672147518,0.6236470372495808,0.5717087662668673
C0020514,head,0.8369347293383828,0.7737447025282522,0.6376742824552138
C0020514,tail,0.8139897527288928,0.8088332547802645,0.6516668244070922
C0020514,both,0.6110492314546669,0.6122837120460798,0.40531200435928055
C0020517,head,0.7771073426940052,0.7509248629711824,0.7974649203981126
C0020517,tail,0.82557249119061,0.7733422237944555,0.5763728585998918
C0020517,both,0.5860937147505252,0.5716089917356936,0.2951383403724893
C0020538,head,0.7668766327887954,0.7305526926763957,0.7537257115523194
C0020538,tail,0.852170643935158,0.8256757265701051,0.8132862969476687
C0020538,both,0.5889871890312803,0.5754231052374419,0.5534782457327841
C0020540,head,0.838992214532872,0.806341284724015,0.7482591227961932
C0020540,tail,0.8950583910034602,0.8753836331740894,0.8537157252583518
C0020540,both,0.6201340830449827,0.6131557484722847,0.4481497930016575
C0020541,head,0.8402469135802468,0.8444976490951253,0.9447087473273192
C0020541,tail,0.8400617283950618,0.8234844643822246,0.8410052293569963
C0020541,both,0.6223765432098767,0.6269356166175832,0.5361165119251365
C0020542,head,0.8133627280256536,0.787556917679977,0.7585342345369148
C0020542,tail,0.8456513198411517,0.8070145105257012,0.7704756691722001
C0020542,both,0.5747480834165091,0.562845073700472,0.45982944952691035
C0020550,head,0.8152297585728642,0.7962763268038286,0.8582492900124669
C0020550,tail,0.8761388268318814,0.8431334756029731,0.8430891764776379
C0020550,both,0.6661046931707764,0.6470958290048416,0.5373524012320225
C0020557,head,0.8188034188034188,0.7936928864384794,0.8092930258834464
C0020557,tail,0.9016436554898093,0.8933451036930218,0.9367319002407655
C0020557,both,0.6041617357001972,0.6019374852648862,0.5597407695034309
C0020565,head,0.8566472808897051,0.8282423813703872,0.7832112811245593
C0020565,tail,0.8998061422303847,0.8503089375760595,0.7807117600611185
C0020565,both,0.6414651566166717,0.6142196326795216,0.43762354221547783
C0020598,head,0.8092582254508451,0.7777100724811132,0.7903187850484406
C0020598,tail,0.8516813061789814,0.8120570557014221,0.7434533334061932
C0020598,both,0.6030239484990673,0.5889409476112655,0.414206219856481
C0020615,head,0.7899253237851002,0.7599359012374098,0.8030339165986983
C0020615,tail,0.8494379122917373,0.8153493708414488,0.7639284872639998
C0020615,both,0.620627409235335,0.5945587900486717,0.4292826322401362
C0020619,head,0.7620566710452242,0.6989645763254162,0.49556364064618097
C0020619,tail,0.9119909926815537,0.9078631707428717,0.8651372380081481
C0020619,both,0.6188778382435728,0.6067544494845085,0.4033624432256066
C0020621,head,0.7944750998773783,0.767859779745559,0.7927767824999801
C0020621,tail,0.850290237727938,0.8197870277626838,0.876701056882801
C0020621,both,0.6043100549820023,0.5882447729605913,0.5558494921739756
C0020625,head,0.7940140951419761,0.7655724096157079,0.8445801813105291
C0020625,tail,0.8490443471436357,0.8143398372978824,0.7973487650497576
C0020625,both,0.5901414857842775,0.5711506918394529,0.28904359004608293
C0020649,head,0.7812186024071943,0.7556497950846823,0.793502200201443
C0020649,tail,0.8363656544745333,0.8075933751378072,0.8372755199656899
C0020649,both,0.5853114671834397,0.5710140084636308,0.44425781996052477
C0020651,head,0.7976312953164805,0.767579655436819,0.7908911581904207
C0020651,tail,0.8590342515607066,0.8241729520230611,0.7481872990730031
C0020651,both,0.6041544189692338,0.5885024126561704,0.5902239683190293
C0020672,head,0.7773641371134468,0.7454086031149437,0.7647242393593138
C0020672,tail,0.8435209414622158,0.801769302431069,0.6766129753819199
C0020672,both,0.5515476586332028,0.544148864822233,0.4530384348920951
C0020676,head,0.8342166233175929,0.8172881926146612,0.8787464470585132
C0020676,tail,0.8665437741471175,0.8379636321323597,0.9531155805706648
C0020676,both,0.6329464533723896,0.6203240902976253,0.5470133260461513
C0021092,head,0.8276101283385362,0.8137314315414056,0.7432660978866376
C0021092,tail,0.927159209157128,0.9083993793910228,0.8604316255216717
C0021092,both,0.694299919065788,0.6532934156414025,0.4915423338040111
C0021099,head,0.7831603229527105,0.7759273900512373,0.597622535185109
C0021099,tail,0.9215686274509804,0.9115120049557487,0.8037352928923212
C0021099,both,0.6197616301422529,0.6586428838184367,0.42400749422093115
C0021141,head,0.8240099118459716,0.8054483826250398,0.856910574781235
C0021141,tail,0.8704442787597034,0.8359320433829113,0.8047305116257027
C0021141,both,0.5904894522170081,0.5588440355403179,0.276461041078831
C0021311,head,0.7865955452805901,0.7530136253557858,0.8322798173891427
C0021311,tail,0.8601383666335851,0.8346339904433391,0.8322833723471932
C0021311,both,0.5814748975893489,0.5660123365081524,0.4256900676040122
C0021345,head,0.7816888888888889,0.7438968369407539,0.5771259136852522
C0021345,tail,0.9420444444444445,0.9402518770170847,0.9236009083507475
C0021345,both,0.5472,0.5449409175438591,0.3155264931594464
C0021390,head,0.8585189919649379,0.8384693836244089,0.818629349102173
C0021390,tail,0.8656866325785244,0.8474681133028218,0.8579145816283819
C0021390,both,0.6786431701972242,0.670390535631359,0.5652920041568013
C0021400,head,0.8013888888888889,0.7648325434379677,0.7307418901419233
C0021400,tail,0.8701515151515151,0.836706385162258,0.7679858080152892
C0021400,both,0.6380073461891643,0.619525733343441,0.5613509267254766
C0021845,head,0.8252423009778037,0.7929993352826092,0.7594918718161864
C0021845,tail,0.8605705145294589,0.8382510510094978,0.8550731047007691
C0021845,both,0.5854352817743226,0.5821567941545136,0.4578254522910492
C0022104,head,0.8333377841870071,0.8009546879793872,0.7567510987073822
C0022104,tail,0.8704623546796275,0.829906812962988,0.7392760977098288
C0022104,both,0.6484003631896598,0.624296563972268,0.5263210140569528
C0022116,head,0.8151798890380036,0.7706645114157631,0.6174692759106258
C0022116,tail,0.8564538438202189,0.8270574329281394,0.8956025377931137
C0022116,both,0.6023878939330833,0.6059773938700125,0.6321015719797085
C0022346,head,0.8017704995846683,0.7674397083234628,0.7288843627702554
C0022346,tail,0.8333863375657609,0.8039697183276622,0.8588544791875842
C0022346,both,0.5694252600767374,0.5535574959308948,0.39382197850731115
C0022408,head,0.7773669974442176,0.7445517247635498,0.7003557238149278
C0022408,tail,0.8658885029541401,0.8382059914391669,0.8234255369899567
C0022408,both,0.596873762896929,0.5925763860071375,0.6254788125640738
C0022568,head,0.7887052965142598,0.7370464996126282,0.5914163990294969
C0022568,tail,0.8948619284744228,0.8984720096400874,0.9398019727439406
C0022568,both,0.6338841104572204,0.5688969316404033,0.3181435484009532
C0022575,head,0.8765289256198346,0.856213451219868,0.8274123631541755
C0022575,tail,0.851404958677686,0.8204890558426372,0.7386687174385813
C0022575,both,0.6396694214876033,0.6407075455539621,0.5011419407758845
C0022602,head,0.8670370370370372,0.8589206195900517,0.8923894222667097
C0022602,tail,0.8734567901234568,0.8344959868413657,0.7773853934032263
C0022602,both,0.6560185185185186,0.6460302774235336,0.5548048021973252
C0022603,head,0.8709813112192777,0.8642890744593981,0.9075813962186305
C0022603,tail,0.8968211045009314,0.8844997214283927,0.8746346704823084
C0022603,both,0.6042906075356048,0.6201345575974813,0.500143834243022
C0022658,head,0.8030621544002585,0.7647158789143824,0.6334000627865677
C0022658,tail,0.844392525061087,0.8171898606281516,0.8056586398061562
C0022658,both,0.5933762243111,0.5748710389772601,0.33842553776703627
C0022660,head,0.7785371001156105,0.7453173825008913,0.7620274633874413
C0022660,tail,0.8385785336861135,0.7996747474282487,0.6907408753680406
C0022660,both,0.5772602633437046,0.5630627610340408,0.3813429128479557
C0022661,head,0.8023518170145422,0.7593099580919876,0.7023452577964531
C0022661,tail,0.8632482307623399,0.8261418265971276,0.7971865711981495
C0022661,both,0.6091134402341067,0.5945107679156476,0.5525498193242683
C0022671,head,0.8694656081837072,0.8490236605691913,0.8389475567367429
C0022671,tail,0.884117427673291,0.8632840192562942,0.8491049136007243
C0022671,both,0.5992860567957803,0.5997914727642184,0.41195563572744226
C0022679,head,0.8199478158404174,0.783530959126829,0.7593868402960817
C0022679,tail,0.8861610975507113,0.87174417576479,0.9563804730979908
C0022679,both,0.6125241982998064,0.6072247976998779,0.5512700966362426
C0022893,head,0.8774609375,0.8337792156835754,0.7093214741852897
C0022893,tail,0.8855078125,0.8674136844240677,0.854713933231977
C0022893,both,0.63359375,0.6439313912750475,0.5870437922904749
C0023067,head,0.8645125337101573,0.8647800418091738,0.9779148555444378
C0023067,tail,0.8901073749365602,0.8715241853958453,0.9056211842576447
C0023067,both,0.6579725144045617,0.6349416310396332,0.533748188934408
C0023211,head,0.8166704203435639,0.7808961304506324,0.776798686743791
C0023211,tail,0.8445721832067321,0.8140850105380532,0.8553253366847469
C0023211,both,0.6214758092586147,0.611218545519278,0.5368093204851355
C0023418,head,0.8217727295164234,0.7950834138407048,0.7850946337087962
C0023418,tail,0.8468482797580199,0.8083829224129375,0.8296424285118067
C0023418,both,0.5725913047293629,0.5607838098404769,0.40626435369340574
C0023467,head,0.7934469082386876,0.7754897453165608,0.7939752058376651
C0023467,tail,0.8782825551349077,0.8470324093572289,0.8146814909706928
C0023467,both,0.554128357670813,0.5651677968861369,0.4985994265366863
C0023518,head,0.7928229152678361,0.7600504877674331,0.7456311701384591
C0023518,tail,0.8629789100255145,0.8317876544465106,0.8077401213840752
C0023518,both,0.5960097843066928,0.5844205101171637,0.49842814688738046
C0023524,head,0.808181129534551,0.7637667222285206,0.6384988035380572
C0023524,tail,0.9100244087198047,0.9051462846319968,0.9179733836851521
C0023524,both,0.6627388266980895,0.5973734366716889,0.35069658571807283
C0023530,head,0.8135675735022189,0.7840016383372359,0.7341630753882132
C0023530,tail,0.8515711677144971,0.8236153874785976,0.9372389764993515
C0023530,both,0.5957955806213018,0.5868244856654056,0.5418116872624537
C0023646,head,0.8481994459833795,0.8341409328365699,0.8019991097006564
C0023646,tail,0.9021606648199446,0.8921282153045512,0.8566445752797652
C0023646,both,0.6505263157894736,0.6667853917084516,0.5826932455260865
C0023798,head,0.8273103668368718,0.808062525149102,0.9325752417820915
C0023798,tail,0.8680052825181402,0.8402684821543008,0.905256895232757
C0023798,both,0.6196177522843322,0.6031524463970878,0.7069664206629492
C0023885,head,0.8519181826750871,0.805196851999003,0.7044889208485005
C0023885,tail,0.8764256763125647,0.8668364386512803,0.843356027077154
C0023885,both,0.5329437270242248,0.5314628956392409,0.30085314439865185
C0023890,head,0.8151538105458066,0.7836612074849297,0.7385132012217299
C0023890,tail,0.8532803097252031,0.8145818985732953,0.7851969587800189
C0023890,both,0.6078497383888117,0.6124013229536898,0.6685067446900276
C0023895,head,0.782273358460623,0.7446212861932879,0.6388964987566906
C0023895,tail,0.8329974211465979,0.7955162492943013,0.8200742521837209
C0023895,both,0.5928149176750646,0.5705619493716682,0.37290524881159676
C0023903,head,0.8488309594195109,0.8280731730471185,0.7800262545556184
C0023903,tail,0.8992878258532653,0.8874995330935542,0.9031572031437749
C0023903,both,0.5891561408223596,0.6042944069979803,0.43082704275748646
C0024050,head,0.828961644724332,0.803645522817533,0.8225971630805544
C0024050,tail,0.8860639142738896,0.8600306605324808,0.8620890434185051
C0024050,both,0.5903401527947114,0.5732631288650153,0.41174897342311195
C0024103,head,0.8455249763524165,0.8198405774909135,0.8777164419301292
C0024103,tail,0.905938921670195,0.8708910655272886,0.8077030624159779
C0024103,both,0.6616593847124004,0.6357814765601495,0.5077652804917525
C0024110,head,0.7953317901234568,0.7654646488847652,0.5989599412686567
C0024110,tail,0.9151234567901234,0.9137734369132992,0.8577336753697082
C0024110,both,0.6703317901234568,0.6481932802150276,0.4753343908209186
C0024115,head,0.7880641868285441,0.7529443673282951,0.6629189306526555
C0024115,tail,0.8547157502838676,0.8251068023905483,0.8652600911173667
C0024115,both,0.5720081994060617,0.5593671979575586,0.4200413632432685
C0024117,head,0.7993198414447138,0.7634906332653776,0.7429199167593465
C0024117,tail,0.8523140451109524,0.8106983652627227,0.6908980512621778
C0024117,both,0.6022385584911876,0.5771029013981929,0.40776310266518556
C0024121,head,0.8206399557994208,0.7851087098459734,0.7319497607639844
C0024121,tail,0.8420400853528425,0.7997834250325879,0.7579679411709266
C0024121,both,0.5715854099984758,0.5462075239432845,0.3533130173381091
C0024141,head,0.8382048433120376,0.8052151666278132,0.7404627819204673
C0024141,tail,0.8711648695740006,0.8395617795489139,0.7972313607176723
C0024141,both,0.6482853968334132,0.6262483305875614,0.5082705553873756
C0024198,head,0.8170339761248853,0.780231398581366,0.6170516877674294
C0024198,tail,0.8487144168962352,0.82323467547607,0.7343610088301797
C0024198,both,0.5893021120293847,0.5534081860881914,0.29724553557430644
C0024205,head,0.7983379300333867,0.7613607752257485,0.6763630970925013
C0024205,tail,0.8874292350123385,0.8680436390423047,0.8491719473861806
C0024205,both,0.5946073450428219,0.5727261477202827,0.33211443615034
C0024236,head,0.8467797783933517,0.817821506727112,0.7685925229537854
C0024236,tail,0.8629770698676515,0.8255435734271568,0.7967701814551407
C0024236,both,0.6304439827639274,0.5877634326032932,0.34845309074067543
C0024282,head,0.862213820625919,0.8427117113601025,0.7484174769093537
C0024282,tail,0.8901491283343834,0.8673311731243945,0.7718679655734638
C0024282,both,0.6406217181264441,0.5767275948022753,0.34634277529758606
C0024299,head,0.8184826100338566,0.8021834938472429,0.9139675279532526
C0024299,tail,0.8906330152867549,0.8673550663129804,0.8872829677056037
C0024299,both,0.6482849423754318,0.6317376162478303,0.5378970123469172
C0024312,head,0.8257473889738253,0.8033228764350331,0.8059202894760172
C0024312,tail,0.8618136270699406,0.8441897270787342,0.890624526047987
C0024312,both,0.5794175615686419,0.5793031254243224,0.4876154117296068
C0024437,head,0.8426029988213043,0.8097767244415515,0.7664053683616393
C0024437,tail,0.8834735889915298,0.8742044959116126,0.921696236671163
C0024437,both,0.6453770455853732,0.6186772399742414,0.4209069461705148
C0024523,head,0.8715671453766692,0.8220565667846185,0.7189927388206162
C0024523,tail,0.8841647770219199,0.8703414698430884,0.8938696152206433
C0024523,both,0.6357394809775762,0.6248373590183081,0.490473621805257
C0024586,head,0.8078861174099269,0.7833155067034935,0.7930539203754826
C0024586,tail,0.8677721088435375,0.8475271912702728,0.8629988301402114
C0024586,both,0.5792863441672966,0.5666803173858219,0.3936774273421594
C0024894,head,0.8007662835249043,0.7609430390280781,0.6441136206140827
C0024894,tail,0.9030254987448805,0.9048528386086985,0.8968649489680623
C0024894,both,0.6309948474038842,0.6240511963075558,0.4194298109402379
C0024902,head,0.8454046934562632,0.8382775835935292,0.892659001084143
C0024902,tail,0.9132989703777814,0.8980711816986623,0.939015893233411
C0024902,both,0.6455845290713137,0.6395573272421105,0.5930315743750092
C0025061,head,0.7959183673469388,0.7819318916237816,0.7383821932883038
C0025061,tail,0.8856292517006802,0.8733202496301495,0.8198988424522419
C0025061,both,0.6309523809523809,0.6605843182820861,0.5560373721913381
C0025160,head,0.82590830449827,0.7838947418750105,0.684289944527605
C0025160,tail,0.8864619377162629,0.8396438247913687,0.7082488189776422
C0025160,both,0.5826124567474049,0.5959606255018504,0.3697998324688813
C0025202,head,0.8667830990657353,0.8541624990754234,0.9045061597195877
C0025202,tail,0.8712019190303848,0.8334184513658424,0.7727602207454833
C0025202,both,0.6423280868613752,0.6346767984458799,0.5396772065878648
C0025222,head,0.7928906421214115,0.770703285835277,0.7870725267715929
C0025222,tail,0.8414025860179708,0.8048515158763675,0.7727774605178029
C0025222,both,0.6008853824238439,0.5895813672428478,0.42848284307444495
C0025286,head,0.8535883856829802,0.8264458640234056,0.7829615797285924
C0025286,tail,0.914627465303141,0.9002974914984756,0.8992570771574457
C0025286,both,0.6660427319211104,0.6463890104902259,0.5339703534745633
C0025289,head,0.8315440208996777,0.7854542416356032,0.6460565257959945
C0025289,tail,0.8514330390343433,0.8199546653734151,0.7682923427234304
C0025289,both,0.5285749699662478,0.540039481831886,0.3931437083149029
C0025290,head,0.8145442740037335,0.8256821421104086,0.841323555670764
C0025290,tail,0.8405161918675432,0.8243015779777946,0.8014270653295688
C0025290,both,0.5967859751643536,0.6166733817038561,0.4626077396870672
C0025297,head,0.854009776720835,0.8441705094352643,0.7925934343470112
C0025297,tail,0.8960232527414453,0.8812931898554843,0.8738191586806262
C0025297,both,0.5386444708680143,0.577187272311708,0.44122088482585015
C0025322,head,0.8352941176470589,0.8066470235855363,0.7541077747568962
C0025322,tail,0.8931487889273356,0.8695917613428676,0.857868518781244
C0025322,both,0.6732179930795847,0.6562629202334845,0.5798297495452605
C0025323,head,0.8642962962962962,0.8465021422663366,0.8507694023258342
C0025323,tail,0.8741728395061729,0.8501747163667982,0.8643193217685422
C0025323,both,0.66320987654321,0.6747315374672217,0.6770732699676891
C0025345,head,0.8045097439036833,0.760067732568266,0.6212230016592482
C0025345,tail,0.8704213855729007,0.8624344836366438,0.809760838229099
C0025345,both,0.6626874808692991,0.6388548687544153,0.44026320541855957
C0025637,head,0.8335798816568047,0.8520096606836196,0.6743335961979631
C0025637,tail,0.8986686390532544,0.8925536296842993,0.7605110312354936
C0025637,both,0.5543639053254438,0.5921330712947055,0.32937694949667723
C0025874,head,0.842097262337447,0.8262264481704464,0.8328718372736138
C0025874,tail,0.8601180193750778,0.8339386647211192,0.8538700387057986
C0025874,both,0.6757231105153327,0.670098689090154,0.6911636019310436
C0026265,head,0.8306539853547682,0.7962022637048977,0.7578224481462306
C0026265,tail,0.8936747748506018,0.857276343832287,0.7968231190521144
C0026265,both,0.6353000589175994,0.6254564223923857,0.5528508568483873
C0026267,head,0.809200267320116,0.804371079569919,0.9140619749454294
C0026267,tail,0.9017459345065717,0.8918456665647091,0.9460023898639583
C0026267,both,0.6175930051236356,0.6333203195008402,0.6183130839619697
C0026650,head,0.8335306930982558,0.8093218094364139,0.7967601262809292
C0026650,tail,0.8541145856175898,0.8199251787405998,0.8311694201472095
C0026650,both,0.6278087218396854,0.6114058065039153,0.5037138296255125
C0026764,head,0.8437648089926573,0.8073269455915673,0.7673492591901347
C0026764,tail,0.8936758913421216,0.859644394854608,0.7976151209679996
C0026764,both,0.6254656074680635,0.5902835303700313,0.3574741878191388
C0026769,head,0.8400840794306703,0.8210111629104093,0.9505762785100316
C0026769,tail,0.8676717458677685,0.849598834057461,0.9032269318385582
C0026769,both,0.6297599575298438,0.6218372258136187,0.5679430402163518
C0026780,head,0.8975,0.8826294375681214,0.8117388246651808
C0026780,tail,0.9413888888888888,0.9255414443912913,0.85682494624982
C0026780,both,0.7188888888888889,0.7262682390045674,0.5707831778854932
C0026821,head,0.8371634137829204,0.80526049564711,0.8055681184633096
C0026821,tail,0.8795403903460496,0.8522398792807249,0.8950006645915258
C0026821,both,0.6070498536873473,0.5759732807146482,0.320710997410608
C0026846,head,0.7943520388839793,0.7663318771485376,0.7320821690020689
C0026846,tail,0.8540035980305517,0.8274928130053957,0.8255746011634751
C0026846,both,0.6079645878045701,0.5966405291871111,0.4798619264642099
C0026848,head,0.7765004097531196,0.7394052006286448,0.6354669918373239
C0026848,tail,0.851742363164024,0.8186514413727163,0.7813165843657152
C0026848,both,0.5851075477519981,0.575148368277792,0.5040572524262057
C0026858,head,0.8324347793833687,0.8058459873242506,0.8923813372145071
C0026858,tail,0.8573164691738904,0.822389367625233,0.8655656987043093
C0026858,both,0.6203142284254324,0.5944020578631977,0.506269303034561
C0026896,head,0.8154266015512783,0.7891100904342827,0.7084622913288884
C0026896,tail,0.862611318586613,0.8489728878024951,0.8160778640837322
C0026896,both,0.6032031025567365,0.6319849596227676,0.534427509395259
C0026919,head,0.8600538254517492,0.8537345817629856,0.6964607161306384
C0026919,tail,0.9161860822760476,0.9141680001311201,0.790896313286467
C0026919,both,0.6266820453671665,0.6638367060311108,0.460234776591852
C0026946,head,0.8072503618753808,0.7696646817602273,0.7508650622256735
C0026946,tail,0.8635618038439828,0.8320564069529093,0.9058832618829987
C0026946,both,0.5908321177673825,0.5829009783473598,0.5100558369582879
C0026948,head,0.83310937919914,0.8157913376012786,0.6941486063899807
C0026948,tail,0.9204514915345335,0.9292484272763148,0.8824528521974219
C0026948,both,0.7264176296694436,0.7592838794902396,0.6137019767410108
C0026975,head,0.8527335640138408,0.8321199296655643,0.7749345243367354
C0026975,tail,0.8844290657439446,0.8614508076218146,0.8234924670250484
C0026975,both,0.5474048442906575,0.5666100640499041,0.36115342951682555
C0026986,head,0.7893576203472965,0.7474689504337748,0.6372219306164711
C0026986,tail,0.8474447213322258,0.8045507265363304,0.704358168113069
C0026986,both,0.5665124006170642,0.5443307128477233,0.28382303587257146
C0027022,head,0.8287721893491125,0.8085324867806729,0.6311498185713648
C0027022,tail,0.9315828402366865,0.8924874207258872,0.7939816851950726
C0027022,both,0.6531065088757396,0.6347801219218974,0.4279427891874835
C0027051,head,0.7806629335933365,0.7564685038686725,0.8559192965365213
C0027051,tail,0.851383354130607,0.823642026667033,0.8869779052500991
C0027051,both,0.5870309991189112,0.5754101978256565,0.5705874119431443
C0027059,head,0.8019517008853925,0.7858666202024226,0.7619300568682107
C0027059,tail,0.8572681669910365,0.8296547665687419,0.823015315799067
C0027059,both,0.6328499767002002,0.6455284122187325,0.6693156582336738
C0027080,head,0.7827150697612907,0.7516553129793534,0.6782042928441843
C0027080,tail,0.862725649672684,0.8334847853523096,0.8708700259880433
C0027080,both,0.5512188939584298,0.5551533972641491,0.44817589941360786
C0027092,head,0.8667768595041323,0.8535267601913936,0.732009904323519
C0027092,tail,0.9107438016528926,0.8939960383029213,0.7808284983966471
C0027092,both,0.6796694214876033,0.6717196754248245,0.46819316931222915
C0027121,head,0.8003554551570065,0.783505031537269,0.7545883217644836
C0027121,tail,0.8832977601342092,0.8629649699901256,0.9000860240005075
C0027121,both,0.5753473577556496,0.5700210305116209,0.46027627254716136
C0027339,head,0.8306695127030403,0.7896222469861522,0.6961756025175363
C0027339,tail,0.8921543107038734,0.8675864665609082,0.8440467355801633
C0027339,both,0.5982142857142858,0.5837079300664263,0.4594941206526495
C0027343,head,0.8067089580930411,0.7809739550539648,0.6719084770082818
C0027343,tail,0.9060938100730489,0.8938826998694298,0.8991598174829347
C0027343,both,0.5906382160707421,0.6023128003930405,0.4185924680428626
C0027404,head,0.8096755931929245,0.780670604884242,0.834511427522086
C0027404,tail,0.841900774297338,0.8107555043653067,0.8233155758327076
C0027404,both,0.6046047180369294,0.5859305715827854,0.43581813831460836
C0027424,head,0.8087355340358503,0.7675666194462195,0.6525210372890065
C0027424,tail,0.8676947824418181,0.832801169887093,0.819048728717826
C0027424,both,0.610238894603039,0.5894791556116068,0.46342175369102484
C0027430,head,0.8236380424746076,0.7835897521055524,0.6478913492967157
C0027430,tail,0.917513080947984,0.8952821167251848,0.792809421630186
C0027430,both,0.6112650046168052,0.6226328331043878,0.39969286798607956
C0027441,head,0.7807636120980397,0.7362868569088737,0.5551185244347014
C0027441,tail,0.8554423915759967,0.8187793952328032,0.8075552952735947
C0027441,both,0.5954927356626276,0.5894678078925162,0.5260269736417799
C0027497,head,0.7733125034178513,0.7343478827615085,0.6127666411244977
C0027497,tail,0.8268163151001181,0.7908537781746705,0.7064936654978408
C0027497,both,0.5742325771536088,0.5607210789793533,0.3021328723493635
C0027531,head,0.8242593594134967,0.7775056958454799,0.6579693113784267
C0027531,tail,0.8827594495523106,0.8486611329542035,0.7934273125216048
C0027531,both,0.6394898143140436,0.6328401935108682,0.6046378090218077
C0027651,head,0.843929368622449,0.8198144632936821,0.8281916333220901
C0027651,tail,0.8747010522959184,0.8619654159457558,0.90016553963487
C0027651,both,0.6444316007653061,0.6282001735437579,0.4863705791547685
C0027707,head,0.7959065176368123,0.786910855096676,0.856723126421155
C0027707,tail,0.8614276382638989,0.829749897313988,0.8232446046368542
C0027707,both,0.5660382493830745,0.5521148495518119,0.3511703601234877
C0027709,head,0.8383034654304935,0.7953932992872861,0.7339945540133354
C0027709,tail,0.8387698569732602,0.8093545346854714,0.7721173526355594
C0027709,both,0.6228447057493358,0.6129587851076228,0.5693324798037698
C0027719,head,0.7709169730204624,0.7234890378008987,0.4948841985111875
C0027719,tail,0.8597913793662166,0.8308199609289136,0.8660543403128946
C0027719,both,0.581912583849724,0.5743059203038202,0.42676310266338535
C0027726,head,0.8185327292899408,0.802885687565552,0.8260304482856496
C0027726,tail,0.8422244822485206,0.8135981308607032,0.777799058694638
C0027726,both,0.5778476331360947,0.5590447775662224,0.31015160555394033
C0027769,head,0.81925642994917,0.8028053813944616,0.8402227852663079
C0027769,tail,0.871477232087894,0.8512090971380707,0.9647017234551478
C0027769,both,0.6370427803410936,0.6190218940729842,0.5421190795211244
C0027796,head,0.8424151131134174,0.8294649539280652,0.9266825599000776
C0027796,tail,0.8646335733337018,0.8250969367614766,0.7344089199065834
C0027796,both,0.6169621757576595,0.6000792541233966,0.4588877840720067
C0027813,head,0.8177994110930834,0.7908743402519062,0.8045439911533954
C0027813,tail,0.8631692806922662,0.8244695873862368,0.7982008608279467
C0027813,both,0.5831981251126735,0.5709649036808109,0.38208862912701674
C0027822,head,0.8449074074074074,0.825268044470894,0.7294977608771717
C0027822,tail,0.8589891975308641,0.8216224487017536,0.7425846475725024
C0027822,both,0.4564043209876544,0.4778270594121603,0.23308980286170516
C0027947,head,0.7818162723644766,0.7463942277815159,0.6737948191397171
C0027947,tail,0.8415934564757387,0.8077300436685082,0.8765012399902004
C0027947,both,0.5557708030641524,0.5459968383071673,0.4502836492253652
C0027962,head,0.8282590446551054,0.8003162270179092,0.7971001526925593
C0027962,tail,0.9142728445363527,0.8877172391959915,0.8452640276380109
C0027962,both,0.5881124465101043,0.5834289542097584,0.4553551113933683
C0028077,head,0.868141338695777,0.883374756887038,0.7664656839461432
C0028077,tail,0.8954323470267165,0.8691500670818868,0.7728941366939611
C0028077,both,0.5722493536340132,0.5387004089311186,0.29774565034657086
C0028081,head,0.7901165279429251,0.760561375883422,0.771251363229017
C0028081,tail,0.8695277051129607,0.8441365268567572,0.84708355771378
C0028081,both,0.6173593341260404,0.6200242798217876,0.7260668366517704
C0028084,head,0.809891304347826,0.7793158382987545,0.7365050491759274
C0028084,tail,0.871890359168242,0.8514598528496572,0.8661198839566211
C0028084,both,0.6197495274102078,0.6140780953023104,0.5265045734100581
C0028259,head,0.8092760080196033,0.7858091150147354,0.7171350177503103
C0028259,tail,0.853125417687681,0.8226251736961687,0.8347130473505858
C0028259,both,0.6434751615059032,0.6270537464862549,0.5691206437697001
C0028734,head,0.8086200692041523,0.7603964985194067,0.6339978555715889
C0028734,tail,0.8500484429065743,0.8127245582975318,0.8136411948421873
C0028734,both,0.626723875432526,0.6235617408074713,0.6067050207798335
C0028738,head,0.8068333828775268,0.7623952454083935,0.6673572092751211
C0028738,tail,0.8657476218787158,0.8414398469193851,0.8427876971156367
C0028738,both,0.604990338882283,0.5757331135726345,0.38334340763607244
C0028754,head,0.825547406462585,0.8096963997004644,0.8946156736631496
C0028754,tail,0.8685670882936508,0.8500220463771571,0.9060696709011166
C0028754,both,0.6551671449829931,0.6308576024667516,0.5189407806140367
C0029124,head,0.82640625,0.8219306888841655,0.7530691126669731
C0029124,tail,0.89171875,0.8575818076751118,0.764450565962614
C0029124,both,0.575,0.5832923856707116,0.3827057692326008
C0029134,head,0.8039818820984317,0.7888869133518084,0.7758404062985246
C0029134,tail,0.8910221741481882,0.8461564042209617,0.7948139384344476
C0029134,both,0.6555570578691186,0.6152139182949322,0.39973367801644566
C0029163,head,0.8099290497448979,0.7794674911215169,0.7683334022170802
C0029163,tail,0.8627232142857142,0.8224384461747631,0.7422310946599903
C0029163,both,0.5969786352040817,0.5736950260631359,0.3649700484235076
C0029400,head,0.8163728076264519,0.7809722107576085,0.7119190061037202
C0029400,tail,0.8683418945809617,0.8583176580488721,0.8454181793828976
C0029400,both,0.6345041417927715,0.6332473715735302,0.4994339096742875
C0029408,head,0.8020881471653674,0.7727930700942575,0.8222584575585334
C0029408,tail,0.8642191902327037,0.8358412228078308,0.885955389166479
C0029408,both,0.6003301978205453,0.5938036882995876,0.7027462622133401
C0029442,head,0.7979416089056921,0.7577469229107998,0.6956588136872723
C0029442,tail,0.8602814534761605,0.8137429081176559,0.6761968219377552
C0029442,both,0.5827515227893301,0.5692185428409017,0.44629612909664756
C0029443,head,0.7996277915632755,0.7669024039688637,0.7739255608308777
C0029443,tail,0.858619288339932,0.8279959285155731,0.8381538960712582
C0029443,both,0.6131448996053174,0.5898294539947875,0.4583376344276898
C0029456,head,0.805990701153431,0.7638393922291012,0.7038639968029785
C0029456,tail,0.8634646278336406,0.8218987686051441,0.7491776571555968
C0029456,both,0.6135368766415354,0.5880498834669015,0.4371157259170622
C0029878,head,0.8335302457466919,0.8014125309020714,0.7377973206599728
C0029878,tail,0.8657844990548205,0.8234704093555323,0.7289757552032874
C0029878,both,0.6096112948960302,0.648944486949179,0.6666906141538783
C0029882,head,0.808922854260778,0.8001795171030053,0.8584123772454604
C0029882,tail,0.874106398842156,0.845124193372239,0.8386881511335629
C0029882,both,0.5686044471733696,0.5607448019498977,0.40089004361870983
C0029925,head,0.8140284869658693,0.7819000865672493,0.6973478799439579
C0029925,tail,0.9141359849502821,0.9031326556813428,0.9072001367213871
C0029925,both,0.6150228433216877,0.6562022080661163,0.6266087062836967
C0029927,head,0.86633608815427,0.859140193918643,0.9252186493578681
C0029927,tail,0.87910927456382,0.8500614269087077,0.8158876709544373
C0029927,both,0.6597061524334251,0.6485188481270383,0.6345723007179996
C0029936,head,0.8367626886145404,0.8074281946295917,0.6416090583379764
C0029936,tail,0.9026063100137174,0.8838444799505548,0.7634687763188094
C0029936,both,0.581275720164609,0.5703178896998264,0.31628483629636023
C0030193,head,0.7778289945904308,0.7562761024439126,0.875990564946881
C0030193,tail,0.8456531748393761,0.8175308178347552,0.8289611731345506
C0030193,both,0.5853865478545544,0.580714548483793,0.7183793123314721
C0030196,head,0.7911392983709447,0.7626309924990554,0.8825468784130431
C0030196,tail,0.8461856876550501,0.8122726106849659,0.8387355191251583
C0030196,both,0.5790569303973158,0.5668981177176908,0.5305809934530143
C0030252,head,0.8073354817795236,0.7884266585659196,0.9539070771693041
C0030252,tail,0.845153219808928,0.8110136914718401,0.7434094385542482
C0030252,both,0.5934997425678382,0.5850221439025853,0.6275473952592958
C0030299,head,0.841428419598257,0.8130426012799643,0.7556175770675402
C0030299,tail,0.8560952279732171,0.8144377489997443,0.7111677892017026
C0030299,both,0.6394941013922839,0.651441508788166,0.5209529149452427
C0030305,head,0.8008160086533261,0.774720708374496,0.8237837185422566
C0030305,tail,0.8446606814494322,0.8013083848029237,0.7136423925733291
C0030305,both,0.598955543537047,0.5835029012373647,0.3729008725065162
C0030312,head,0.7889840121935606,0.758254604895453,0.7822452457490344
C0030312,tail,0.8464422815410613,0.8155318531707916,0.8785058778553109
C0030312,both,0.5637368957757567,0.5576373592495167,0.5715510634072832
C0030319,head,0.8317633136094675,0.8166124484053063,0.8130110627050072
C0030319,tail,0.9107597633136095,0.9059122672361256,1.0
C0030319,both,0.6655337278106509,0.6440681719434207,0.5395431804883676
C0030326,head,0.8773340993967251,0.8852996812342602,0.7861471791631109
C0030326,tail,0.9399597816719334,0.9417361836253442,0.9014871630323973
C0030326,both,0.6535478310830221,0.6644589434141396,0.4280550279815592
C0030353,head,0.8118148085680553,0.8062651442019777,0.8282024720196957
C0030353,tail,0.8371985157699443,0.8226124772307328,0.8460940677968938
C0030353,both,0.622701973351324,0.586941661772062,0.35412248453601447
C0030446,head,0.8208704562921636,0.788574326693138,0.7574318669663128
C0030446,tail,0.8705821369340918,0.8408165173061655,0.8657578656847151
C0030446,both,0.582360158744189,0.5547722400271808,0.30316954993700707
C0030486,head,0.8249609375,0.8067160502854409,0.7959925273627987
C0030486,tail,0.860546875,0.8530557388248521,0.8944355968496194
C0030486,both,0.592734375,0.6225406933407802,0.5776538256473386
C0030552,head,0.792990519965527,0.7425623899801442,0.6176006318776812
C0030552,tail,0.8648319448434358,0.8325066143477802,0.7476064774669358
C0030552,both,0.5889112324044815,0.5653793170569996,0.35295392252971874
C0030554,head,0.7968465642122916,0.7705799485693842,0.8624066237242984
C0030554,tail,0.8354436235886018,0.8049489738434572,0.9068835198460389
C0030554,both,0.59916494383322,0.5869328505978586,0.509763100642165
C0030578,head,0.8427738442315702,0.7951885926460776,0.7523162792744327
C0030578,tail,0.8902540608079966,0.866517497162795,0.7823666405041374
C0030578,both,0.5975635152019991,0.5473471780174437,0.2778487090669377
C0030583,head,0.8773702422145329,0.8635563286831345,0.8183048734646785
C0030583,tail,0.8535640138408305,0.8539176797748972,0.8220197061610484
C0030583,both,0.6125951557093425,0.5783508964372099,0.3256196677337099
C0030794,head,0.8298961937716263,0.7866425862570106,0.6524757224368117
C0030794,tail,0.8694896193771626,0.8422319850192841,0.8418619492106655
C0030794,both,0.6006833910034601,0.5788111971983076,0.3917636601410628
C0030920,head,0.8426703246456333,0.8221876385145924,0.8171019976445932
C0030920,tail,0.8914921505868008,0.8718011115549643,0.9276334392420621
C0030920,both,0.6367322054564852,0.6162530399880752,0.46869174076851083
C0031039,head,0.814295017149143,0.7968058052799821,0.9750867540121387
C0031039,tail,0.8574908805994157,0.8299425580324711,0.9276059014650941
C0031039,both,0.585766470701169,0.587043368849312,0.6755606404273025
C0031046,head,0.8116086507787578,0.7573904592312223,0.6239258476606526
C0031046,tail,0.8692648714580596,0.8360173132614936,0.7458697001988235
C0031046,both,0.5755535747795084,0.5533871193195933,0.3267770561645893
C0031090,head,0.8458474245577524,0.8208711637931988,0.7925329039954577
C0031090,tail,0.8788696670135275,0.8670066599884377,0.9471739257396916
C0031090,both,0.6258454734651405,0.6171241357580635,0.583308924195185
C0031099,head,0.8539201183431954,0.8366598125282148,0.8214830271999431
C0031099,tail,0.8976002629848784,0.8908095357147368,0.9407884774672872
C0031099,both,0.6502301117685734,0.6136920580451504,0.4038929536759434
C0031117,head,0.8076031040467481,0.786016092250515,0.904174643695894
C0031117,tail,0.8647980683989063,0.8343926907157303,0.7904923643552878
C0031117,both,0.5882713293960469,0.5749143731716476,0.4798221169687412
C0031154,head,0.8103979309032758,0.7893372918890256,0.8584109875841284
C0031154,tail,0.853240162278063,0.8194457810537787,0.7507185975504679
C0031154,both,0.5458785176958161,0.5390302960852628,0.3600770578926315
C0031212,head,0.8523332623055615,0.8392533448232837,0.8672265764579286
C0031212,tail,0.8769525807667722,0.8437346584207475,0.8400317864668233
C0031212,both,0.6552148043731253,0.6061260125379493,0.40883635214506575
C0031256,head,0.7929055655782622,0.7591945791619686,0.6707522825387177
C0031256,tail,0.8466772161641289,0.8197579873217713,0.8270258398396864
C0031256,both,0.5767906950969466,0.5737805542128738,0.45129344973702135
C0031350,head,0.8197912537983882,0.7782503179558647,0.6930194610827316
C0031350,tail,0.8871383273880302,0.8649210512114888,0.9579230188097441
C0031350,both,0.5838471249688055,0.5930857127678861,0.6666028853932235
C0031538,head,0.8478147762747138,0.859964783925025,0.7556533803581204
C0031538,tail,0.8873569198751301,0.887009217808837,0.8040129236324683
C0031538,both,0.5832466181061394,0.5798283734456857,0.34777342140855794
C0031542,head,0.8029416834243034,0.7824205224512368,0.7735486537573029
C0031542,tail,0.8481815570238437,0.8241909409973132,0.8979408497879504
C0031542,both,0.5681815570238438,0.5763837562731874,0.49070391857990564
C0032227,head,0.7981961415916811,0.7787486751445161,0.9750867540121387
C0032227,tail,0.8503483771576625,0.8242979389349453,0.8658763771670134
C0032227,both,0.5797633136094674,0.5718207749900235,0.6715455045121196
C0032231,head,0.8407862792701073,0.8123639683801476,0.8296569002631403
C0032231,tail,0.8698845293723514,0.8494177549693229,0.9196048336549447
C0032231,both,0.5986199215112991,0.5869460605497883,0.4400654391114005
C0032273,head,0.9213243147027412,0.9039816189406101,0.7834515606201521
C0032273,tail,0.9295122819508723,0.9284133584572829,0.8260327395389612
C0032273,both,0.7013171947312211,0.694366263032094,0.48394139345054116
C0032285,head,0.7853966883754347,0.758916837427155,0.7937421717018176
C0032285,tail,0.8539149422217471,0.8265948284718433,0.8703741510062263
C0032285,both,0.587138539293518,0.5796413427404684,0.6934939579072993
C0032290,head,0.8220225078283361,0.7940071430710056,0.8261506553684118
C0032290,tail,0.8539697473863165,0.8196354507536777,0.7629933025299409
C0032290,both,0.585499596777123,0.5836705698998936,0.522437316246565
C0032300,head,0.8098340620280293,0.7876115579315939,0.8891022603229246
C0032300,tail,0.8755155320159924,0.8510827060882002,0.9196005508754772
C0032300,both,0.593804808406393,0.5811982126385741,0.5580582058304059
C0032302,head,0.8482304526748972,0.8527018921358108,0.874975547489507
C0032302,tail,0.8735802469135803,0.8620697558401257,0.8662400731298158
C0032302,both,0.6120713305898491,0.5781232578718143,0.37397523535834076
C0032305,head,0.8011322398025839,0.781388350763878,0.6753729844210642
C0032305,tail,0.8330672085934098,0.797987500421105,0.695394297677869
C0032305,both,0.5771519814196544,0.549654079991501,0.3092082184023644
C0032308,head,0.8568576503574521,0.8496882880155263,0.9420974205567183
C0032308,tail,0.866751809280545,0.8338090560990647,0.8106230665538036
C0032308,both,0.5942367258261037,0.5817081229571021,0.4320089161692101
C0032310,head,0.9042725797728502,0.9010061776867969,0.8704502221208306
C0032310,tail,0.9133315305570578,0.9046507580747689,0.8867241551796128
C0032310,both,0.6437263385613845,0.6332740355598048,0.4822764010458258
C0032326,head,0.8030954668530003,0.7738715234867832,0.6936263512873889
C0032326,tail,0.8460896148135209,0.8061622657803535,0.7400278238465536
C0032326,both,0.5471325006550791,0.5498797426325368,0.4169319163553497
C0032533,head,0.8460091373286751,0.8269141817949306,0.8010883878654331
C0032533,tail,0.8883364686912121,0.8617583860849184,0.8415951564851605
C0032533,both,0.5681268476216071,0.5699624927436535,0.3892781123734298
C0032584,head,0.8386911773823548,0.8143670582951258,0.8189931317479668
C0032584,tail,0.9052018104036208,0.895165838679181,0.9750867540121387
C0032584,both,0.6235972471944944,0.6199017113273843,0.5514891685780458
C0032617,head,0.8291787371553858,0.7972771524856894,0.7468772835849358
C0032617,tail,0.8734866028581744,0.8523925486512653,0.8684134443876923
C0032617,both,0.6344336922927911,0.6145314681084686,0.4557329385460629
C0032633,head,0.8204719387755102,0.8181433402830899,0.6972824267080959
C0032633,tail,0.9304846938775511,0.8867209564880754,0.8267088075334648
C0032633,both,0.7082270408163266,0.6457554582313341,0.43041432318071293
C0032768,head,0.9090143927278849,0.8813526049241365,0.8602496929801093
C0032768,tail,0.9119602727043179,0.901096201570154,0.9071682089466391
C0032768,both,0.5816850433465197,0.5618765647082974,0.34703610276095537
C0032776,head,0.8243401989192576,0.7863012654167825,0.6666615804501038
C0032776,tail,0.9162033048790038,0.9164190505012586,0.953511710566678
C0032776,both,0.6438248884015976,0.6193433969632813,0.4364360702804879
C0032781,head,0.8208656560949535,0.785479094468923,0.6783183330525853
C0032781,tail,0.8817192511170198,0.8732982043389474,0.9137332069107791
C0032781,both,0.6056577396452948,0.5973856664096944,0.45595503694413125
C0033036,head,0.8003584702167117,0.7661509795284276,0.7179121156396119
C0033036,tail,0.8681884839503109,0.8509203757550192,0.9168213559444731
C0033036,both,0.5958985420659368,0.6041916810501359,0.6269574837981821
C0033038,head,0.8281632653061225,0.7829239421285594,0.6283570387292392
C0033038,tail,0.8632653061224489,0.8428980160995897,0.7477576492104506
C0033038,both,0.5928571428571429,0.5944708302391591,0.4180409819305608
C0033246,head,0.8841534700818365,0.8502569616912634,0.7722839958312667
C0033246,tail,0.9053034328834095,0.8958105516828854,0.878535674617669
C0033246,both,0.6546923158677862,0.6709450409826166,0.541900926610059
C0033581,head,0.8692270296548371,0.8385685353071637,0.818524650493371
C0033581,tail,0.8862706969029712,0.8708194892985883,0.8934616865564928
C0033581,both,0.6588978809802968,0.6504627186624983,0.6285135404645746
C0033687,head,0.8178459853490375,0.8037092613639002,0.811176586486186
C0033687,tail,0.8700355501292731,0.8510377099514266,0.9189992091701522
C0033687,both,0.5896294168342431,0.5754867945916653,0.39700172190550936
C0033774,head,0.7836771615529247,0.7593738045098273,0.8909472328082552
C0033774,tail,0.8365148422242723,0.805843026369693,0.8942417016561853
C0033774,both,0.5854560019781054,0.5750354444607761,0.5535731218510053
C0033845,head,0.814208984375,0.8113493319643873,0.689959327323785
C0033845,tail,0.917724609375,0.9135649566569035,0.8092187975660038
C0033845,both,0.6494140625,0.6711405975300175,0.4902912492344223
C0033860,head,0.8390762168111895,0.8210966096709993,0.928317629815312
C0033860,tail,0.8924467770946871,0.8799484680112409,0.9098625632617334
C0033860,both,0.6376882600875191,0.6130607854565508,0.44393768915378007
C0033893,head,0.8416477702191988,0.7948083305201806,0.7306738141686222
C0033893,tail,0.9186822877299068,0.8874654011983167,0.8286307917247967
C0033893,both,0.6240236835474932,0.6068322428271583,0.4174561495612707
C0033953,head,0.8408685150178534,0.8321763259591244,0.8937852977426384
C0033953,tail,0.8980912623398446,0.8674704829117756,0.8922426060394075
C0033953,both,0.6511893509766855,0.6391976880717991,0.5695829662315365
C0033975,head,0.8072666901382801,0.7796502959404622,0.8314239815628968
C0033975,tail,0.8835484223433572,0.8633847967569304,0.9008988497919646
C0033975,both,0.6384622855685997,0.6134012093712056,0.4594575507635227
C0034063,head,0.8045554821590366,0.7781648770256566,0.7489592314164661
C0034063,tail,0.8405574645249548,0.8103611444638957,0.822163072167864
C0034063,both,0.5837717877126309,0.5783683374317443,0.5216239534698766
C0034065,head,0.7858639294005354,0.7588032189006019,0.7444621395529569
C0034065,tail,0.8429732178245852,0.8111659578412418,0.7504062972916705
C0034065,both,0.5720959013807663,0.5705040896715369,0.6226315938932978
C0034067,head,0.8273426424278921,0.8080090892494635,0.8281560642790552
C0034067,tail,0.8563781516470741,0.8343583780194725,0.9159099630920745
C0034067,both,0.6142120516391283,0.6057781626018313,0.45748941508469115
C0034069,head,0.8138709635591133,0.798998928887308,0.865490172876531
C0034069,tail,0.8679984958571237,0.8438848867794615,0.9031572031437749
C0034069,both,0.6141095517394893,0.5945538469440934,0.4824893292192517
C0034072,head,0.8568926481267889,0.8238370892514741,0.8093305318313344
C0034072,tail,0.8999102909137511,0.8859131359844037,0.8910502988508242
C0034072,both,0.6044256482549446,0.5927929955255724,0.4275143492421409
C0034150,head,0.8124834852688598,0.7904389918789922,0.9455357587714023
C0034150,tail,0.8665774871185098,0.8411585306059415,0.8299053644097688
C0034150,both,0.6238274540890474,0.6065656403706696,0.43453265650506084
C0034155,head,0.824137651384083,0.8065661351284534,0.8258911955489897
C0034155,tail,0.8571312716262975,0.857193569962948,0.9770158656454478
C0034155,both,0.5951421929065743,0.5965914121211731,0.49793900956981857
C0034186,head,0.8202903833995021,0.7910683042982836,0.7713068866296718
C0034186,tail,0.8675332220709611,0.8283458094603221,0.7136399418134164
C0034186,both,0.6118500122464556,0.5856478630668761,0.419590312466795
C0034212,head,0.8400234429111834,0.8310569577898437,0.946595258312776
C0034212,tail,0.8688092066705738,0.8237109215614151,0.6931371584449272
C0034212,both,0.6244275134530343,0.6119150739903135,0.6244375770491792
C0034359,head,0.8047860880270853,0.792636247972179,0.7556805614538207
C0034359,tail,0.8907356109572175,0.8759319543363522,0.8257357491301481
C0034359,both,0.5996460449369037,0.6244471444813662,0.5602247898132438
C0034372,head,0.8342857142857143,0.827615842966265,0.7122840365458265
C0034372,tail,0.870204081632653,0.8553035675795049,0.7616815336667713
C0034372,both,0.6004081632653062,0.5852871556106427,0.3453503842885477
C0034735,head,0.8393425378040763,0.8028280633975422,0.7717210813078376
C0034735,tail,0.9030374753451677,0.8837315793623277,0.9081272465622834
C0034735,both,0.7222879684418146,0.7325778486619279,0.751755995158783
C0034880,head,0.8803012286959968,0.8720399799447554,0.8604108748963084
C0034880,tail,0.8632580261593341,0.8275203901450613,0.7229349595692578
C0034880,both,0.7669441141498217,0.7253134679101383,0.5964668321586756
C0034886,head,0.8297804796749259,0.7969152911171069,0.7960341548544767
C0034886,tail,0.8789225567848129,0.8283856689298718,0.697221543468791
C0034886,both,0.601387279566991,0.5747390553999295,0.37669619827880696
C0034887,head,0.8754017447199265,0.8674596544112619,0.8872175342423517
C0034887,tail,0.9135674931129477,0.8817664107665063,0.8298125390732758
C0034887,both,0.692894857667585,0.6823122496012453,0.6042050656998166
C0034888,head,0.8906525573192239,0.9040012145061374,0.834064234924614
C0034888,tail,0.8926681783824642,0.9021066275280312,0.8375308799516766
C0034888,both,0.6346686822877299,0.6340458697605682,0.4301844726604991
C0034902,head,0.8015679406184192,0.7551441170004628,0.6226047644914496
C0034902,tail,0.8539855299097182,0.8212015034696549,0.7544736111309764
C0034902,both,0.5948583223869394,0.5784992736437256,0.38512115380885
C0035078,head,0.7782088967274152,0.7408471136641037,0.728797567856178
C0035078,tail,0.8337941267041796,0.7930123517487706,0.6897787757590089
C0035078,both,0.5621774306430392,0.558544964401673,0.45446951407756464
C0035220,head,0.8439061899269512,0.8180799182237434,0.6512567225722509
C0035220,tail,0.8308342945021145,0.8188504235535998,0.6706311138609655
C0035220,both,0.5759323337178008,0.5995811164642032,0.35422811250886405
C0035222,head,0.8022443584671137,0.7862685163407365,0.8502156859311014
C0035222,tail,0.8602265366502687,0.8437516844924247,0.9392069436862261
C0035222,both,0.5489380243498694,0.5620645661249918,0.6802285910419583
C0035258,head,0.8018338721043389,0.7670980626080448,0.7197503448060196
C0035258,tail,0.8752894262927707,0.8408233546858346,0.7404293900978846
C0035258,both,0.6197218151922239,0.6001287860437309,0.48910942423946635
C0035302,head,0.8564645726807889,0.8527153823443588,0.7825224716265597
C0035302,tail,0.925127830533236,0.9107371190283655,0.8708349238219687
C0035302,both,0.6174214755295836,0.6093869386087851,0.37134682235607025
C0035305,head,0.8255205408683542,0.7774224843626689,0.6779585388188484
C0035305,tail,0.8579995956964129,0.8414928597268024,0.9208302616414593
C0035305,both,0.6611262101030975,0.65390651426386,0.6142082273817815
C0035309,head,0.7977315689981096,0.7834615153722992,0.7955820213675813
C0035309,tail,0.8600434082475671,0.8213811503379298,0.7533450518503624
C0035309,both,0.6361875422997036,0.6560428106898886,0.6972183481030271
C0035317,head,0.8494421487603305,0.8320053202097969,0.8516203981697013
C0035317,tail,0.8761983471074379,0.8491338217156045,0.8109708693077866
C0035317,both,0.5402685950413223,0.5633969807172535,0.44257462572909967
C0035410,head,0.7571301467283218,0.7289689129089736,0.7031008367259384
C0035410,tail,0.8496188634866295,0.8128742373749815,0.7467981393514634
C0035410,both,0.5666188450147467,0.558385236535295,0.4236933403491505
C0035455,head,0.8306087140738649,0.8058740508621527,0.8055645087091737
C0035455,tail,0.8717957771343832,0.8375439020393974,0.8104839215346101
C0035455,both,0.6082727208530472,0.6165504717393272,0.6983141236870836
C0035522,head,0.820811676753293,0.7811765089739352,0.7981273582481552
C0035522,tail,0.8757564969740121,0.8454947512834481,0.8309733970022021
C0035522,both,0.6505980776076896,0.6145672309871448,0.4102824976883736
C0035854,head,0.8233074715697736,0.8012620606179626,0.8005362534171911
C0035854,tail,0.9011584652991816,0.8814952310341735,0.8971683771442389
C0035854,both,0.6224891061749388,0.5851402676429025,0.35860306403805003
C0036202,head,0.8634033007530845,0.8539418914251614,0.8532234375654444
C0036202,tail,0.9192837686268227,0.8922544540910351,0.8665491902058707
C0036202,both,0.6779362281685626,0.6827062865334523,0.6265535987755133
C0036337,head,0.8469206123175507,0.7997928934697186,0.7077274301335216
C0036337,tail,0.8709505161979353,0.8484455814650822,0.7966366731477224
C0036337,both,0.6657173371306514,0.6623981133152621,0.5628564494427422
C0036341,head,0.8177984429065743,0.7883753956852915,0.7417229444693275
C0036341,tail,0.8186634948096887,0.7988816676654364,0.7876992873593944
C0036341,both,0.5621756055363322,0.545104205594059,0.33248060926572875
C0036396,head,0.8534516960920453,0.823332130565382,0.8544508279941635
C0036396,tail,0.887467213295422,0.8706083867602884,0.9093174763989222
C0036396,both,0.639561154092001,0.6330266999917706,0.6458786327539401
C0036421,head,0.7792202523428943,0.7828497905796276,0.8213515464849295
C0036421,tail,0.8581686883849243,0.852065126229971,0.8872095891537721
C0036421,both,0.6309789443790823,0.6350268589114589,0.5374398431900139
C0036439,head,0.8536105860113421,0.8063885177959216,0.7078184778807846
C0036439,tail,0.8873156899810966,0.8696361846219669,0.917843862599856
C0036439,both,0.6742533081285446,0.683119143497976,0.7560507353377744
C0036454,head,0.8066129014216843,0.7874575538336808,0.808736846515701
C0036454,tail,0.8779208286260781,0.8408485980888828,0.8062314969583432
C0036454,both,0.587431907920493,0.5720977663203886,0.4247014846210533
C0036508,head,0.8257088846880907,0.7935814854757832,0.7268642600565609
C0036508,tail,0.885671077504726,0.8515301758078104,0.7653303047164237
C0036508,both,0.703969754253308,0.6721087002502447,0.5496668710883601
C0036572,head,0.7854688044410272,0.7535855210021898,0.7486129496554256
C0036572,tail,0.8384775907726176,0.8013738442736531,0.7321439405146593
C0036572,both,0.5911866696617847,0.5754380799666305,0.3716895331959835
C0036689,head,0.8722272521502942,0.8603847847192951,0.9257719957260322
C0036689,tail,0.9139599366229063,0.9150183360513123,1.0
C0036689,both,0.6194262109551834,0.6154045428534183,0.5389796251080782
C0036830,head,0.8625923220517815,0.8367538462356011,0.7845098927174334
C0036830,tail,0.9086113140167194,0.8994809089768452,0.8996099641224123
C0036830,both,0.5829883937992045,0.5783544963977321,0.36383560301144613
C0036974,head,0.7693127690651398,0.7475206476142018,0.7881081364904636
C0036974,tail,0.8425779403332536,0.8115738929288221,0.8781854839795958
C0036974,both,0.5705551531395292,0.5613893427226473,0.38512854638165395
C0036983,head,0.807996958515457,0.7748024252935466,0.6770717188146452
C0036983,tail,0.8496156160638899,0.8259116433781534,0.8842721811750386
C0036983,both,0.5700847603897952,0.5611917781471805,0.3582319496430067
C0037011,head,0.816715822399005,0.8000035426667402,0.863702431410821
C0037011,tail,0.8549526196208338,0.8433227887825414,0.941435306077274
C0037011,both,0.6040182502201232,0.5999983924975132,0.5822725683798292
C0037023,head,0.8479488703923901,0.8314724172382612,0.8389872517009478
C0037023,tail,0.8807223543400714,0.8728298962603247,0.8999080517853392
C0037023,both,0.6001040428061831,0.6083222792527018,0.47230593821236255
C0037036,head,0.7931655781003664,0.7690429064551103,0.7415412730568512
C0037036,tail,0.8615507462992159,0.8251765523223373,0.7794339727015559
C0037036,both,0.6003972072643885,0.5990565132758982,0.48803814704189447
C0037052,head,0.806721536351166,0.7889226724672871,0.8122893897484323
C0037052,tail,0.8758710562414265,0.8477308256899571,0.8629307324843408
C0037052,both,0.5877914951989026,0.5962320610095604,0.5289208370279757
C0037195,head,0.8641666666666666,0.8344156825614057,0.807846866547757
C0037195,tail,0.8744444444444445,0.8409580462890915,0.7632894565808277
C0037195,both,0.6387962962962963,0.6117999512777722,0.43238487321853947
C0037199,head,0.7997661370217954,0.7644079094675073,0.7451715813724461
C0037199,tail,0.8759627200502972,0.847749657812433,0.8298255589635979
C0037199,both,0.6047596593507087,0.5837902294629865,0.5719402905748542
C0037284,head,0.8155189830885674,0.7899436299319782,0.9177522535150463
C0037284,tail,0.8647565395163735,0.8266863344743234,0.8313788646250987
C0037284,both,0.6004551315757894,0.5997500225459851,0.663901534843019
C0037287,head,0.8391416712350224,0.8235144094478817,0.8631654200311116
C0037287,tail,0.906453128671,0.8773468323001558,0.8236240894839938
C0037287,both,0.6414362910173075,0.6252325811611338,0.5498542524857359
C0037299,head,0.8096377532601327,0.7771842851352797,0.7289597726280809
C0037299,tail,0.8801345437575394,0.8631944103762861,0.922682391967274
C0037299,both,0.6224453856245983,0.5858417326301335,0.3348557722568814
C0037315,head,0.8029698269278358,0.7825987935741149,0.8911149984985035
C0037315,tail,0.8756063801193756,0.844230663075298,0.834930361063531
C0037315,both,0.5948534208896693,0.5857914318986926,0.5090669464179172
C0037383,head,0.8201558720773985,0.7864948764586324,0.7405788391265027
C0037383,tail,0.8582639075517334,0.8475057371177953,0.9137053820376164
C0037383,both,0.6276054823972051,0.6005600875875858,0.3800857433000563
C0037578,head,0.866508875739645,0.8566902239649161,0.7492786152282401
C0037578,tail,0.9159763313609468,0.9162640207409831,0.8358302610676661
C0037578,both,0.6300591715976331,0.6149397201780188,0.41117880227385045
C0037672,head,0.8417019380708398,0.8136643935906178,0.7831661910570515
C0037672,tail,0.8751704165738472,0.848873307115185,0.8476337420355184
C0037672,both,0.6110492314546669,0.5942025140413812,0.42892075343943986
C0037763,head,0.7899794998716617,0.7604054094358339,0.7989547580082654
C0037763,tail,0.8541048702253484,0.819535656684436,0.7513859515978241
C0037763,both,0.6121914569199832,0.5955061600851181,0.42447203046081156
C0037928,head,0.8738845321795565,0.846595449269568,0.843651895369154
C0037928,tail,0.897748783126014,0.8806685316518137,0.8611463580807791
C0037928,both,0.642610870740941,0.5872727636785026,0.3363826369585371
C0037995,head,0.8009967960128159,0.7645366383682362,0.5834289837661408
C0037995,tail,0.9106443574225703,0.9170775004118752,0.7928735754032519
C0037995,both,0.6489854040583838,0.6731696044491318,0.4587814561229772
C0037998,head,0.8285798816568049,0.8004010526918371,0.7360015773570788
C0037998,tail,0.8530177514792899,0.8550170533019679,0.9283579634654018
C0037998,both,0.635207100591716,0.6653235198859008,0.6286378039418216
C0038002,head,0.8170419199999999,0.7800165839122148,0.7000086750837633
C0038002,tail,0.8686924800000001,0.8399051953466733,0.8180865293057592
C0038002,both,0.60899584,0.5927446244158763,0.4751547481301639
C0038012,head,0.8733344577500421,0.8457849464048605,0.7501942395934607
C0038012,tail,0.8859841457244055,0.8585991262275919,0.7947777353183131
C0038012,both,0.5960532973519986,0.6024899560695196,0.3884750673731244
C0038019,head,0.8790170132325142,0.8710153513389435,0.8351139423023209
C0038019,tail,0.9113894139886579,0.8862479222022632,0.8321838349337023
C0038019,both,0.6766304347826086,0.6607525800353338,0.4832287935656435
C0038131,head,0.8544999999999999,0.8425593002845372,0.816675177402636
C0038131,tail,0.9017,0.8789167859222216,0.8587848361715733
C0038131,both,0.6502,0.6566270601745747,0.5343650374293616
C0038220,head,0.7715797264329378,0.7423745848151235,0.6794321057891906
C0038220,tail,0.8895863600230257,0.8746534979661912,0.8967567880727165
C0038220,both,0.5342507058468792,0.5716664379749149,0.48914075991882405
C0038358,head,0.8213379626759254,0.8030310903961645,0.8563070517041403
C0038358,tail,0.8662830925661852,0.8261602329755442,0.7900624880337966
C0038358,both,0.611998263996528,0.597999365847539,0.5096851839396622
C0038362,head,0.8222526664986983,0.7858211534810435,0.8861615027378129
C0038362,tail,0.8493533215755439,0.8242871156361271,0.8784270448844788
C0038362,both,0.5821505556955293,0.5656955999218283,0.4438177339358873
C0038363,head,0.8277958579881657,0.7786009835229577,0.6245983840535437
C0038363,tail,0.855991124260355,0.8366143328414613,0.9039112150772194
C0038363,both,0.5981508875739645,0.5563451300342139,0.271075557878281
C0038379,head,0.8106,0.7776118525647875,0.7425665492292723
C0038379,tail,0.865075,0.8474623117111975,0.8664899789389421
C0038379,both,0.614575,0.6143621365670955,0.5546166629315005
C0038395,head,0.8123327231514463,0.7772230247804751,0.763336313986986
C0038395,tail,0.8828847284910885,0.8613826855401548,0.9226208633771169
C0038395,both,0.5995730929613207,0.5893323408761664,0.48452267189912285
C0038436,head,0.8339798729409119,0.811778440196329,0.782966368738576
C0038436,tail,0.8655010213451773,0.8498525772864315,0.9219517617705312
C0038436,both,0.6669665111223554,0.6730865253654628,0.7157390081844004
C0038450,head,0.8302103879026955,0.8181251424436836,0.8278934411527774
C0038450,tail,0.8698224852071006,0.8440658689632283,0.8025843795184681
C0038450,both,0.5562130177514792,0.5796266453059542,0.4699332292761342
C0038454,head,0.7737792003361785,0.7353518232612897,0.5964657318032822
C0038454,tail,0.8463667066223022,0.803139764544632,0.7259764996357273
C0038454,both,0.6064641157060091,0.5904607283068106,0.4004876195748185
C0038525,head,0.8024105186267348,0.7798855927496482,0.8246767218259937
C0038525,tail,0.8336376917457999,0.7869714420356886,0.7126453418344473
C0038525,both,0.6167024287801315,0.5836767048201448,0.2756565044409775
C0038663,head,0.8064810958396964,0.769584322073445,0.6872924943169917
C0038663,tail,0.8427131056504235,0.8106891651921657,0.8122592013858561
C0038663,both,0.6306631496135869,0.6199920818144731,0.5877678617521531
C0038814,head,0.8127116035703293,0.7762282343644827,0.7482939765575302
C0038814,tail,0.877329776683424,0.8603694542089538,0.8879141818492187
C0038814,both,0.6682568995588386,0.661454930511268,0.6495744111557998
C0038833,head,0.8701171875,0.8752826463815335,0.7995367207381916
C0038833,tail,0.86669921875,0.8607733610868116,0.7589143669105239
C0038833,both,0.63330078125,0.6005891610247382,0.37544666299581597
C0038999,head,0.809617367335774,0.7791349212984997,0.8843458048967544
C0038999,tail,0.8670473354935544,0.8421327930970943,0.8875372287243006
C0038999,both,0.6122832765223246,0.6004132607477695,0.6082328770378885
C0039070,head,0.7901671450600993,0.7530067366522888,0.702272482382932
C0039070,tail,0.8421800311808899,0.8117819484684463,0.8388051143514549
C0039070,both,0.6003679323802243,0.5760891810654023,0.3676954630406
C0039103,head,0.8600838846880907,0.8401121342341723,0.7844585040641295
C0039103,tail,0.8662275519848771,0.8304085808539006,0.7472656060132207
C0039103,both,0.662039224952741,0.6543921431901223,0.5428398648351177
C0039231,head,0.7744182227104266,0.739262925915593,0.730855425380598
C0039231,tail,0.8446036975765528,0.8132003142543497,0.8277633343795118
C0039231,both,0.5984300864676914,0.5900397000680399,0.6575305916984472
C0039239,head,0.7790128124343625,0.7465891413628618,0.744375463054544
C0039239,tail,0.8715265233727743,0.8467237278580817,0.8360617785505516
C0039239,both,0.5834255175149945,0.5680901345911848,0.42333013413087445
C0039240,head,0.7874862932710338,0.7568566255693843,0.7169207457722857
C0039240,tail,0.8806405158024627,0.853778988541267,0.8538645032078387
C0039240,both,0.5878418808924619,0.5862821870661632,0.5766810923070996
C0039446,head,0.8348175811548406,0.8318162430137404,0.7173582966880657
C0039446,tail,0.9175524274633726,0.8983528265127418,0.8342710269273365
C0039446,both,0.6001149095087619,0.6140085074609596,0.3947279902698365
C0039483,head,0.9104683195592286,0.8889326342724709,0.7955476366647406
C0039483,tail,0.8925619834710743,0.8750581767735158,0.8032413722815493
C0039483,both,0.6430211202938475,0.6430499329666903,0.42282712759850116
C0039503,head,0.8340359168241965,0.8048668263931402,0.7929978125259807
C0039503,tail,0.8675803402646503,0.832656889199012,0.8373550330718185
C0039503,both,0.6284073724007562,0.634114950932721,0.6775831734145735
C0039504,head,0.8607360000000001,0.8378967875005199,0.8398133302787033
C0039504,tail,0.8588,0.8389403059771499,0.8099577760782259
C0039504,both,0.608784,0.5783326372879944,0.29285698734232246
C0039520,head,0.8245154822900425,0.8150174491782054,0.8220135866528014
C0039520,tail,0.8480173758075296,0.818183609818371,0.7426216675342677
C0039520,both,0.6239140120294052,0.6152360107090561,0.454595824378594
C0039591,head,0.836397271360851,0.8383805184332177,0.8037578143124696
C0039591,tail,0.8661116892126258,0.8156326580134813,0.6797960589986825
C0039591,both,0.6732570239334027,0.6653009544020728,0.5207785977241388
C0040034,head,0.7710435824735538,0.7362924931193907,0.7270165916335704
C0040034,tail,0.8339193852742339,0.7990984437141613,0.8059731313082281
C0040034,both,0.5663608476530665,0.5463731194777438,0.19715228031514037
C0040046,head,0.8515256369927651,0.8088913833549994,0.7111835756863776
C0040046,tail,0.8774057021933713,0.8288606829918823,0.7457630626105477
C0040046,both,0.5944979839286225,0.5871383128571315,0.4653434991033541
C0040128,head,0.8397773654916513,0.8268851370497656,0.8771026477107574
C0040128,tail,0.8892629448473606,0.8669077981016833,0.9171886363632971
C0040128,both,0.6590251307134425,0.6468084089825528,0.6506245479027349
C0040136,head,0.8600394477317554,0.858697909106153,0.952113693854708
C0040136,tail,0.8749506903353058,0.8568259071409299,0.8567873146927147
C0040136,both,0.6350032873109797,0.6219695243514616,0.4886446452382377
C0040213,head,0.8201497896788755,0.7961022717742765,0.7589524395071995
C0040213,tail,0.880783830922335,0.8573853178644119,0.8249586484696474
C0040213,both,0.633323073766287,0.6291358960665875,0.5314729547520162
C0040259,head,0.8988024962050937,0.8682542474465018,0.8525075998407697
C0040259,tail,0.8944172710406476,0.8665316732352931,0.7951451351506439
C0040259,both,0.6773486254005735,0.7020446714942201,0.5542134267469765
C0040261,head,0.8533191568047338,0.8225036250382965,0.7811352069162486
C0040261,tail,0.8938609467455622,0.8850398297640234,0.9364460175138434
C0040261,both,0.6211399778106509,0.6207293001879135,0.5483006787599745
C0040264,head,0.8130593919987654,0.7820244423886005,0.7745066773819943
C0040264,tail,0.8537431040469118,0.8183796088567874,0.7609646857156647
C0040264,both,0.6134239612669264,0.6022719477985976,0.5798742649075844
C0040425,head,0.8570741868290338,0.838991992157376,0.7763462718590888
C0040425,tail,0.8867168722961065,0.8458394218090458,0.7556967842954374
C0040425,both,0.6104790898894408,0.5856237810310829,0.3844993514467002
C0040435,head,0.8313677881836049,0.7904367600047031,0.7243284492876836
C0040435,tail,0.8566276126976786,0.8106279752929165,0.7304834414269915
C0040435,both,0.6050410452075384,0.581333394046428,0.39120309500629874
C0040456,head,0.8561851211072664,0.8278678804239524,0.7256867419706968
C0040456,tail,0.9005190311418685,0.8797352359692012,0.8336188305399037
C0040456,both,0.6667387543252595,0.6358952639700621,0.4405287645708051
C0040460,head,0.844963208298833,0.8321691517333093,0.930661074966838
C0040460,tail,0.8886797169148088,0.8700149188646987,0.9208302616414593
C0040460,both,0.6574114577637519,0.650756593549474,0.7048653158238827
C0040485,head,0.8266966759002771,0.8210736758975932,0.7438585861526243
C0040485,tail,0.8746537396121884,0.8681790115399912,0.8123434206874558
C0040485,both,0.7122576177285319,0.6917656369597549,0.5449973256821573
C0040584,head,0.8820984315846404,0.8731802518916205,0.8409991856671907
C0040584,tail,0.8726338561384532,0.8402951096163063,0.7280380093726471
C0040584,both,0.6496755002704164,0.6679728821533157,0.532033937231041
C0040586,head,0.8368892816563566,0.8376573099684943,0.8075384559274802
C0040586,tail,0.8979926776922106,0.8943263572978194,0.8820223819855307
C0040586,both,0.6927155662163866,0.709452101607389,0.618920281724127
C0040590,head,0.8671664744329104,0.8755632860428142,0.8958376616688455
C0040590,tail,0.883121876201461,0.8738344371702442,0.8729274005736611
C0040590,both,0.5732410611303345,0.5915438641032331,0.41175009273760566
C0040822,head,0.7768178154474156,0.7515973449015956,0.7922160633510884
C0040822,tail,0.8326089131099701,0.7939251020117618,0.7588375819602134
C0040822,both,0.5982733181876767,0.581154072739595,0.27070385680294484
C0040997,head,0.8277215432498791,0.7944470657365206,0.7518552858844962
C0040997,tail,0.8897600423508365,0.8561430380837834,0.7792203350699707
C0040997,both,0.66504504340048,0.653492962994667,0.5814064455744175
C0041296,head,0.823937908496732,0.7764397836424042,0.6793138232910227
C0041296,tail,0.8608948481353325,0.8457585409127955,0.9423706863762846
C0041296,both,0.614018646674356,0.6182711191205955,0.6038660579244877
C0041582,head,0.8236518201244833,0.7909221530015534,0.7818622363224939
C0041582,tail,0.8698400256307368,0.8444002055048496,0.9356086565155062
C0041582,both,0.6089508505734256,0.5992048592232161,0.4721340152925235
C0041657,head,0.7717569890053615,0.738341823092891,0.6417629856416408
C0041657,tail,0.8270778858016309,0.7963991747054042,0.8115332879767171
C0041657,both,0.5871327038120437,0.5590867867557371,0.21728021542441125
C0041755,head,0.8296333239178023,0.8010996871641445,0.7827346684522916
C0041755,tail,0.8757414730598121,0.8286457849013688,0.7273866408519838
C0041755,both,0.6231595579408234,0.6074034487883797,0.4446782294500388
C0041834,head,0.7856536548442907,0.7530474426579459,0.7447945234552552
C0041834,tail,0.8495177335640138,0.8236765698185842,0.9306014485780587
C0041834,both,0.5953990051903114,0.5788140589938534,0.422994121541386
C0041909,head,0.8319428124738816,0.8049571469077306,0.7879004596485175
C0041909,tail,0.8583438626162113,0.8266989204450634,0.8324595973940109
C0041909,both,0.6131287456797164,0.5959096830462643,0.426900430026069
C0041912,head,0.8139986942070275,0.7852014343073886,0.7977955328279742
C0041912,tail,0.8687438362919131,0.8414110950827431,0.8996413826797847
C0041912,both,0.6023826156037695,0.5888347583767484,0.4481935348073302
C0041952,head,0.8432203389830508,0.8045099987169883,0.7362611655929447
C0041952,tail,0.8904768744613617,0.881315274402808,0.8663955868888371
C0041952,both,0.651680551565642,0.6340200237696934,0.46081933696413785
C0041956,head,0.7861175537109375,0.7806873452455505,0.8578880904941641
C0041956,tail,0.8722076416015625,0.8427987898145299,0.83310075480191
C0041956,both,0.563812255859375,0.5707091197391958,0.4305741426221942
C0042024,head,0.8131833835175787,0.7876457459235878,0.8863969674998249
C0042024,tail,0.847321970059689,0.8194767268985781,0.9629230673286656
C0042024,both,0.6008330939385234,0.5894058354746323,0.5996701933404526
C0042025,head,0.8154099411456208,0.8112259344964209,0.9132731997074497
C0042025,tail,0.883267292115844,0.8625507928602826,0.857438301628738
C0042025,both,0.6185391294213624,0.5998071893394477,0.44198893334302214
C0042029,head,0.7909278571327799,0.7586680664714172,0.7742911025811731
C0042029,tail,0.8578763455685536,0.8271431810915923,0.8543909263392778
C0042029,both,0.5939108413739325,0.5696915266435876,0.4353801717584008
C0042109,head,0.772918400493973,0.7331128918015137,0.6249950940390313
C0042109,tail,0.8376416145399876,0.8043690760591821,0.7229219246495502
C0042109,both,0.6139594351526215,0.5944733104142537,0.4992304237911444
C0042133,head,0.8114439883153307,0.7694844952875468,0.6184482054052058
C0042133,tail,0.8860744752088974,0.8649762042723148,0.8953997758983189
C0042133,both,0.6087770887316699,0.598124139849577,0.4857011177752616
C0042134,head,0.8360117700316886,0.8347888757627665,0.8080433794415234
C0042134,tail,0.8577410593028519,0.8480326159545413,0.7967014501988834
C0042134,both,0.6595744680851064,0.63690219757051,0.48302934571247613
C0042164,head,0.7861005949161708,0.7880290528664116,0.6920775191559886
C0042164,tail,0.866143861546782,0.8212468211815398,0.7048144627743811
C0042164,both,0.5615197404002163,0.5759710898321581,0.3843231185092509
C0042267,head,0.8520592855679257,0.8236463283266735,0.8573857304009295
C0042267,tail,0.8863977870364047,0.869150357200706,0.9081903843068967
C0042267,both,0.633085171777884,0.6331335675759762,0.5555032591901261
C0042345,head,0.8566377018173844,0.8491999403875146,0.9052895225010483
C0042345,tail,0.868095721060278,0.8565275965991573,0.8930281706101539
C0042345,both,0.6548888462487322,0.6604565297238398,0.6144163326037045
C0042373,head,0.7922707100591716,0.7703372226694699,0.8373207708388147
C0042373,tail,0.8550369822485206,0.8261006578941403,0.8211638897108487
C0042373,both,0.5130843195266273,0.5232922474786277,0.41365413430826803
C0042384,head,0.8265529336734695,0.7860078344272265,0.7570592175102719
C0042384,tail,0.860232780612245,0.8314326543333513,0.8209115507999052
C0042384,both,0.6034725765306123,0.5856303034052159,0.4711510299956933
C0042420,head,0.8251146384479717,0.7917375191488015,0.6865837218733647
C0042420,tail,0.8951675485008818,0.8935155169283032,1.0
C0042420,both,0.6061678004535147,0.5928401893649154,0.44645523300981266
C0042485,head,0.7877038831198948,0.7528050339363773,0.6556101177238222
C0042485,tail,0.8788425365250329,0.850415874163508,0.8530839497062824
C0042485,both,0.59635651524131,0.5671816830663838,0.30630518891080405
C0042487,head,0.7825244840317168,0.73719414665956,0.6374391893322455
C0042487,tail,0.8572605761092942,0.8299951949335032,0.8458994286473068
C0042487,both,0.5930147891022503,0.5655825286883382,0.3099856142876829
C0042510,head,0.7729549542572927,0.76208687983649,0.9131092727060742
C0042510,tail,0.8535810960649657,0.8329328089301176,0.923515529886473
C0042510,both,0.5755977880171355,0.5859580648604881,0.6350172543518252
C0042514,head,0.7936084110295576,0.7688743240392117,0.7588716182144405
C0042514,tail,0.8702717714739139,0.8454201486001875,0.8716187441536067
C0042514,both,0.5599246181313231,0.5713459302182562,0.6257690235394018
C0042571,head,0.8139256523374714,0.7896988926868159,0.8102258116231623
C0042571,tail,0.8437874046715229,0.8067762825802016,0.7311395245743785
C0042571,both,0.6279624499846106,0.607286447093427,0.45362177101305967
C0042594,head,0.8333858835187604,0.8061567567981774,0.7575524526191895
C0042594,tail,0.8951849015810099,0.8785266239347809,0.8862022019990035
C0042594,both,0.6239809017611819,0.5969218794245609,0.3783238659061087
C0042769,head,0.7919826103375465,0.7705829158795559,0.79397539767524
C0042769,tail,0.855039709312634,0.8184943401099558,0.739841558341602
C0042769,both,0.6058623333740136,0.5931236814689856,0.5761973509383048
C0042798,head,0.7870958143225549,0.7668613458640513,0.71701301900115
C0042798,tail,0.8591053362428089,0.8444666491000934,0.9137303151012582
C0042798,both,0.5203332672088872,0.520573437395673,0.28406474363221496
C0042847,head,0.8605395518975766,0.8521060141610118,0.8406022761240725
C0042847,tail,0.8595107453132145,0.8324288229225774,0.8088703951802184
C0042847,both,0.6284103033074226,0.6076499271154534,0.3954702751985362
C0042870,head,0.787448347107438,0.7780448297729579,0.7226355894771648
C0042870,tail,0.8864927685950412,0.8816216772975911,0.8479252966603191
C0042870,both,0.5306043388429752,0.5226244274901636,0.2731367489275872
C0042907,head,0.8235664776307499,0.8167567020367996,0.6829761933521789
C0042907,tail,0.7933207309388783,0.7143998567292672,0.5525525393526852
C0042907,both,0.5864314219701743,0.5958105183433776,0.41086079867042974
C0042909,head,0.859095490047871,0.859192088821781,0.9426165789995861
C0042909,tail,0.8594734189972285,0.8374245428072857,0.8184652244574181
C0042909,both,0.5971277399848829,0.6033660030823653,0.43213119694419155
C0042928,head,0.9056222765437347,0.8977696744973519,0.8601773244324739
C0042928,tail,0.8550324157721331,0.8329692352499596,0.7927516921362434
C0042928,both,0.665639281538952,0.6623929179797214,0.5172038134156696
C0042961,head,0.8358585858585859,0.801360163512693,0.6745411111360292
C0042961,tail,0.8376951331496786,0.7649243435006934,0.6200280638528608
C0042961,both,0.6616161616161614,0.6577026225742054,0.48642338624795095
C0042963,head,0.7746278250149397,0.7410941752876319,0.6925185531442737
C0042963,tail,0.8312345603493301,0.802944531105106,0.8788776119761215
C0042963,both,0.5765502703262266,0.5643689290691971,0.4422294768250191
C0043094,head,0.8012708533496375,0.7737984303522922,0.753260869208943
C0043094,tail,0.844972131845576,0.8183673883370228,0.9190307726679356
C0043094,both,0.6095097688662765,0.591627204698763,0.4642836777314968
C0043096,head,0.7951071774218902,0.7632195987323387,0.7149957026802961
C0043096,tail,0.843267129113382,0.8126588175049947,0.791434267878255
C0043096,both,0.61474460303384,0.5890542251524239,0.4083165775953131
C0043117,head,0.8470641784251252,0.8182932944290779,0.782431049751906
C0043117,tail,0.866321207240643,0.861283241031397,0.9146157801626991
C0043117,both,0.64815657715066,0.6161200869599734,0.44794694200165813
C0043144,head,0.8183494975666119,0.7798808982580454,0.6322070471856377
C0043144,tail,0.8587472427436014,0.8223640327506989,0.8850744625837901
C0043144,both,0.595323693147999,0.586276953516641,0.5513823661206838
C0043246,head,0.8298377522754253,0.8162434085737759,0.904650888236516
C0043246,tail,0.9064641553759084,0.8829183171886992,0.8896696773040752
C0043246,both,0.6162210036369119,0.6363024858216251,0.7353320231526973
C0043352,head,0.8208958510651183,0.7980629499976813,0.8908396377783836
C0043352,tail,0.8493892925527053,0.8163691723810789,0.8680332588516768
C0043352,both,0.6197901584326956,0.6085294203491479,0.6116864566062625
C0079035,head,0.8144816141147698,0.7672095000052296,0.6438216281020775
C0079035,tail,0.8431304044021312,0.8049360077183376,0.6741168508362153
C0079035,both,0.6302733863219496,0.5868902170284002,0.3218255348765575
C0079102,head,0.8755555555555555,0.8721995169740135,0.7908670307235957
C0079102,tail,0.9352777777777779,0.9102857171379592,0.8300409469699828
C0079102,both,0.6897222222222222,0.6606808404845838,0.4539790432342114
C0080179,head,0.8430970830459653,0.8169563496389276,0.7903622719224158
C0080179,tail,0.8569008884741774,0.818065529030381,0.7534240726342938
C0080179,both,0.652724248448213,0.6487000420382995,0.6376053016304056
C0080194,head,0.8389311376254125,0.8161701112741775,0.818323390032834
C0080194,tail,0.8843500623613426,0.8604903939950841,0.8300613476047952
C0080194,both,0.6700477919669762,0.6693512699377582,0.7370765039396409
C0080274,head,0.8019921236926792,0.7585864009952933,0.5938651118741395
C0080274,tail,0.8584737593806618,0.8258668260547489,0.8091311495358501
C0080274,both,0.6048135979853341,0.5855225968832954,0.5433299954817876
C0085096,head,0.8258289716374411,0.7856915211909624,0.6833815609499427
C0085096,tail,0.872927804735698,0.8512496335384254,0.9018866059738734
C0085096,both,0.597364650247485,0.5877362952765757,0.4709884686324888
C0085166,head,0.8885724457102172,0.872701974069398,0.7436947477998054
C0085166,tail,0.8928444286222855,0.8922475518742503,0.7531905503873698
C0085166,both,0.5813456746173015,0.5511333734442426,0.3263969505656226
C0085580,head,0.8495454545454545,0.810498711513095,0.7389707758861932
C0085580,tail,0.9041528925619835,0.8918011204095811,0.9360048088094767
C0085580,both,0.6347727272727273,0.6430069463486712,0.6237162567904462
C0085583,head,0.7997256515775034,0.778769296312652,0.6887326995151604
C0085583,tail,0.9099222679469593,0.8897822546825139,0.8190881648611757
C0085583,both,0.6438042981252858,0.6480962769185122,0.4793550179829251
C0085584,head,0.7866609024910183,0.7697702474620649,0.8876070577521794
C0085584,tail,0.8519484735700952,0.8248305656000297,0.8710617559927679
C0085584,both,0.5527297843900161,0.5459891722154234,0.40114096254642995
C0085593,head,0.8009224462809916,0.7665373595151905,0.5684678533598455
C0085593,tail,0.8516337190082646,0.8277841950025844,0.8843582418912264
C0085593,both,0.5972204958677686,0.5755273388779625,0.3662283461053131
C0085602,head,0.8287164575043362,0.8048850876491427,0.8243556366703815
C0085602,tail,0.86503644752803,0.8257700703517243,0.7308259789255162
C0085602,both,0.6488680293394098,0.6367084933778487,0.6464176370723881
C0085605,head,0.80327880250979,0.7660321603565454,0.7604358310462014
C0085605,tail,0.8501440681737275,0.818192636260657,0.7993754051019666
C0085605,both,0.594125467248131,0.5775778611244653,0.32850248461436793
C0085606,head,0.8107680825622547,0.8011002065937615,0.924838205240582
C0085606,tail,0.8930815591169177,0.8646342643767624,0.8708841969716807
C0085606,both,0.6179409191952427,0.5981153172882713,0.4303911243865823
C0085610,head,0.7949547116594997,0.7664370056691663,0.7692102679719413
C0085610,tail,0.8614974966006139,0.833520519966009,0.78562664116783
C0085610,both,0.6167637844710366,0.603037970696827,0.5269097108891152
C0085614,head,0.8346835759423172,0.8146344870520381,0.8567842819320542
C0085614,tail,0.8738867969637201,0.8513660104229837,0.9127094997426469
C0085614,both,0.6145478453170761,0.5829797613544289,0.30840838811234456
C0085615,head,0.8194160498938978,0.802612526674948,0.902151989494875
C0085615,tail,0.8482965426220175,0.8067039524292454,0.6975779865383136
C0085615,both,0.5738801045494539,0.5708842588140435,0.38066236726999286
C0085619,head,0.8493228153245982,0.8323264004917141,0.9325654443109879
C0085619,tail,0.8929348503292469,0.8862962530435256,0.9760745588901876
C0085619,both,0.6735711067871828,0.6746429571530281,0.6755421245614214
C0085624,head,0.80808913638985,0.7785439576393882,0.7811551271978682
C0085624,tail,0.854536115916955,0.8173968533688114,0.7529719319292302
C0085624,both,0.642371623894656,0.6247947356297653,0.5881722430270233
C0085631,head,0.7655167625471138,0.737123238031342,0.7760111712223641
C0085631,tail,0.8302504463400119,0.8002810817294744,0.7979904316385236
C0085631,both,0.5783877206903393,0.5639780587828785,0.34438247865512683
C0085635,head,0.80103635141015,0.7920574896729639,0.810039724998932
C0085635,tail,0.880582255448756,0.8602622679096912,0.8560695986562371
C0085635,both,0.5750563664412008,0.5612266484413803,0.3563529856945899
C0085636,head,0.8073088532248873,0.7761001248923738,0.8445477117414147
C0085636,tail,0.8612739131352505,0.808798546903623,0.7164255076202557
C0085636,both,0.6335652822435955,0.5921256680160518,0.2620198621609534
C0085648,head,0.8260624446293859,0.8303132455727277,0.93827735478622
C0085648,tail,0.8689897715374909,0.849144767547779,0.876402478240161
C0085648,both,0.6483395527396708,0.6407759331723777,0.5216818969463239
C0085649,head,0.7976671358947935,0.7710610911130346,0.8206432113655763
C0085649,tail,0.8406994290885456,0.8088180101411628,0.7893646309227843
C0085649,both,0.5878657068687015,0.5855096618422837,0.6948836235850772
C0085652,head,0.8127037797367468,0.8021239592350132,0.7465519169197495
C0085652,tail,0.8610071247433886,0.8318516693042213,0.7302784299235134
C0085652,both,0.6030672624079217,0.6258922967148569,0.4421783279065204
C0085655,head,0.8564239915591267,0.8253638359185194,0.8018994432089416
C0085655,tail,0.8626734842951059,0.8106331702730213,0.7205184272024451
C0085655,both,0.6112328544760977,0.6104852862758374,0.45601250037915586
C0085662,head,0.8536153119092628,0.8246833751327645,0.7416874710298028
C0085662,tail,0.8715737240075615,0.8521172288628992,0.8239156098610145
C0085662,both,0.6586720226843099,0.6428079274135617,0.48006611967861673
C0085680,head,0.8164973188954382,0.7788472557258261,0.6798946915742273
C0085680,tail,0.8636712145875308,0.8224725880866789,0.8310966677128451
C0085680,both,0.597469095341868,0.5920772686239952,0.5863414180743854
C0085681,head,0.838134765625,0.8200656973774181,0.8235514499212562
C0085681,tail,0.8876953125,0.8625243325888183,0.8075099043561003
C0085681,both,0.5556640625,0.5586581794600232,0.3663452493133025
C0085682,head,0.8002472249622294,0.7681986675950202,0.7815338242523119
C0085682,tail,0.8530759530022851,0.8146885447248183,0.7557634926089624
C0085682,both,0.558328859144202,0.5537668183147267,0.3848317444343419
C0085694,head,0.8441030023781212,0.8250896131816785,0.7896358633480173
C0085694,tail,0.878827288941736,0.8541217431164904,0.8477416983859237
C0085694,both,0.6657067479191439,0.6771478682054879,0.7366419750587713
C0085786,head,0.8707692307692307,0.8747468916145402,0.8250318889037505
C0085786,tail,0.9048520710059171,0.8810450142784795,0.8018132470206618
C0085786,both,0.6537278106508876,0.6271100991205829,0.40495670692812114
C0086438,head,0.819375282933454,0.7885735114496067,0.7108924279783565
C0086438,tail,0.9268899954730647,0.9165580786498106,0.857766762036083
C0086438,both,0.5530783159800815,0.5347454020368203,0.27818675440375445
C0086543,head,0.8313700414274819,0.8059595434009763,0.8249733322355882
C0086543,tail,0.8779872801146276,0.8472765030694924,0.8831352326060015
C0086543,both,0.6347787968097035,0.6156976406507395,0.5556555739337371
C0086769,head,0.8086466511871502,0.7748963496189066,0.7181638113372517
C0086769,tail,0.8749890422105289,0.8313119019870374,0.7079414412702241
C0086769,both,0.6267743189874329,0.6149754401408697,0.6158590177693971
C0149512,head,0.8330555586626548,0.789146142094616,0.6924810214098975
C0149512,tail,0.9086251831634993,0.9058113626482092,0.976550749366378
C0149512,both,0.6183487880448765,0.6242437855072118,0.6272318407758335
C0149514,head,0.8309826185693076,0.8030126272651783,0.877537709783577
C0149514,tail,0.8934928814743646,0.8838251341001158,0.9387024755591667
C0149514,both,0.6361918071447288,0.6188768309750186,0.5511848226749269
C0149516,head,0.8305075445816187,0.8174905203185071,0.8444971895359583
C0149516,tail,0.8826748971193417,0.863203826738569,0.8599880086739673
C0149516,both,0.6045130315500686,0.5886332693996286,0.42462682878653396
C0149520,head,0.8147189349112425,0.7951635786912232,0.8222332648180363
C0149520,tail,0.892081176035503,0.8635782017373017,0.8461652820938197
C0149520,both,0.5763221153846154,0.5875732748682276,0.5048525780323755
C0149521,head,0.8539983058995902,0.836622853635701,0.8890125416604049
C0149521,tail,0.8634131544607495,0.826745066667713,0.7855097074887009
C0149521,both,0.6587017238616333,0.6427274890482406,0.6225766671123159
C0149531,head,0.8387126887441948,0.7822124857514379,0.6274149193251469
C0149531,tail,0.8888188755863613,0.874788862236333,0.9296352980150434
C0149531,both,0.6384979812831105,0.6246095406909723,0.5337311172891568
C0149678,head,0.8121472722386456,0.8015375972485275,0.780471436185198
C0149678,tail,0.875167965600645,0.8485722061972102,0.8059886047587814
C0149678,both,0.5536818059661381,0.5492260447939539,0.32493061796737555
C0149696,head,0.8184156378600823,0.794051601630632,0.7329707416865743
C0149696,tail,0.9062071330589848,0.9060268284135445,0.9480417790666597
C0149696,both,0.6390603566529492,0.6532995121763888,0.5420992332920473
C0149721,head,0.8282521321439075,0.7994610783070477,0.8094127322067923
C0149721,tail,0.8697431624350553,0.8443559802670231,0.8407805027104693
C0149721,both,0.6016076855210273,0.6043761836669448,0.4809472067038143
C0149725,head,0.8070679569451068,0.7780267343114029,0.7457773870222745
C0149725,tail,0.8582303545448509,0.84858669079925,0.9723800930423198
C0149725,both,0.5858351091766325,0.6045019081861878,0.6435055191048588
C0149726,head,0.8351476231498158,0.7993939986049685,0.7479234106858814
C0149726,tail,0.8822930534889184,0.8731850060191597,0.9066694247277346
C0149726,both,0.6440794110736942,0.6274407352725659,0.5248971132727286
C0149736,head,0.895826956433017,0.9005935226878305,0.9221449898283293
C0149736,tail,0.917151311090705,0.9214896115419835,0.9678450282984528
C0149736,both,0.6875828997041119,0.7155171122577423,0.6634797092920856
C0149741,head,0.8819857312722948,0.8921052013628992,0.7667624822986387
C0149741,tail,0.8995243757431628,0.8908400769379712,0.8012395882330731
C0149741,both,0.6551724137931034,0.6354262817729606,0.40009545133357377
C0149745,head,0.8158453724758649,0.7839195136399275,0.7527521601565274
C0149745,tail,0.8570961724377392,0.8282826315366272,0.814249351355331
C0149745,both,0.5907020601571329,0.5730213157522115,0.500682995230499
C0149756,head,0.8719975543715608,0.840881605098256,0.7644742556556139
C0149756,tail,0.8804044021311905,0.8728051467304898,0.8990840424088973
C0149756,both,0.6704297318543104,0.6593051088846035,0.6387201041642675
C0149778,head,0.8525999999999999,0.8041849110673015,0.6864705056231035
C0149778,tail,0.8266,0.7826282504074539,0.6576571693289904
C0149778,both,0.5781000000000001,0.5766941446042742,0.37509490867376294
C0149801,head,0.8453515937024918,0.8230409129558665,0.8629954139384798
C0149801,tail,0.8977105825968204,0.8818052974701139,0.9415791897776454
C0149801,both,0.632398412739313,0.6127445311439003,0.479260683298407
C0149871,head,0.7972301485091567,0.7689452953565228,0.7870428913835522
C0149871,tail,0.8638993403645812,0.8422239087563375,0.9755867540121388
C0149871,both,0.5916580389384106,0.5811044059583543,0.6297809096678958
C0149925,head,0.8672882364610197,0.8297915093974477,0.7414013202953262
C0149925,tail,0.8768101567149374,0.8563926321849555,0.7865663199419329
C0149925,both,0.6284467367585796,0.607743248199682,0.39283635762206637
C0149931,head,0.8173165158636961,0.7923721804823509,0.8698724756672598
C0149931,tail,0.8670610080776907,0.8388999796252596,0.8917992156323854
C0149931,both,0.6163204722176394,0.6034088377937428,0.5263473920208576
C0151436,head,0.8229097935714959,0.7929835252154411,0.7623218056152169
C0151436,tail,0.8913893863700632,0.8760622870393657,0.891021851665876
C0151436,both,0.6270147987557734,0.6223636190008575,0.5466868286502509
C0151480,head,0.8402572320841551,0.8250550493303797,0.8992165952163321
C0151480,tail,0.8570019723865877,0.8200342876252948,0.7609196502654112
C0151480,both,0.6280921268902038,0.6161601713108341,0.43102076343591406
C0151514,head,0.8221054606868081,0.7907528746443826,0.6894149514187626
C0151514,tail,0.9399512103584162,0.9320194669384445,0.9036325226274571
C0151514,both,0.6898104710076937,0.6621407969887553,0.47780939886420304
C0151517,head,0.8173563326735163,0.783048667009525,0.7630890227200828
C0151517,tail,0.8645803877211173,0.8529242220901574,0.9787751700680271
C0151517,both,0.5772981011929075,0.5769074619900829,0.49468131110690633
C0151611,head,0.7975607039429717,0.7583146354392302,0.6778844869012937
C0151611,tail,0.8882546224103365,0.8714002973304626,0.852093812793592
C0151611,both,0.5992008242370238,0.6081508274118312,0.5677418054894315
C0151632,head,0.8158325269247638,0.7874481256999312,0.7805900171603858
C0151632,tail,0.8262613042237245,0.7936709994961059,0.8572745766892748
C0151632,both,0.5821944987851658,0.5826750211601454,0.50261881806501
C0151636,head,0.7930290807586522,0.7632831357674519,0.782649325472831
C0151636,tail,0.8655614931899203,0.834746231672997,0.8199373947345842
C0151636,both,0.5801865008678956,0.5781229750292944,0.5004212843192947
C0151699,head,0.8007889546351086,0.803545758856127,0.9087348496991678
C0151699,tail,0.8719693005407291,0.8301792393480705,0.7624187277739484
C0151699,both,0.5432650377705323,0.5658588245865825,0.4696678987027005
C0151706,head,0.7903734410430838,0.7651886403238084,0.8422116423228648
C0151706,tail,0.88796768707483,0.8540051044172052,0.8067696047193009
C0151706,both,0.6325733418367347,0.6349427472448131,0.6730540448585411
C0151723,head,0.8094068285949547,0.7925636094145697,0.908362026034803
C0151723,tail,0.8655396148024641,0.8361239318619348,0.8515820415632039
C0151723,both,0.5672455676999875,0.5604090343785046,0.36782762918558154
C0151744,head,0.7998458216223204,0.7680616523333517,0.7761287663150022
C0151744,tail,0.8684707611719472,0.8464839854856695,0.9273390764981001
C0151744,both,0.5971814564589728,0.5744820616921194,0.37981132742575263
C0151766,head,0.7951334314561245,0.761425407411092,0.7431914307129341
C0151766,tail,0.845563162661836,0.8090498688018972,0.8284262357400821
C0151766,both,0.5782182388512973,0.5655222091494023,0.4691412701946354
C0151786,head,0.8063394426986799,0.7731907323193198,0.7243909174155744
C0151786,tail,0.8405768269142879,0.812541913479699,0.8493768094192699
C0151786,both,0.5867433352203465,0.5826215052317344,0.6318207916546056
C0151798,head,0.8223148031253068,0.7837940112869477,0.6970468713174145
C0151798,tail,0.8357670888916944,0.8068500917747383,0.8213778768192631
C0151798,both,0.6221436687286959,0.6174925668190581,0.5689801144622113
C0151825,head,0.822328514739229,0.7891550749718836,0.8012292658701816
C0151825,tail,0.8580839002267574,0.83888458627707,0.9028409262466636
C0151825,both,0.6088860544217687,0.5943567625266033,0.5070090364025782
C0151827,head,0.7997160128570385,0.7826205544977085,0.9284943560012057
C0151827,tail,0.855645956607495,0.8353471234281309,0.8684967884273809
C0151827,both,0.5869585068303017,0.5947259245864613,0.6097720774517215
C0151904,head,0.7661902559860202,0.7250098837435905,0.63670017341015
C0151904,tail,0.8243936133625818,0.7836574717465243,0.7188144079397479
C0151904,both,0.5478138013087448,0.5317910604460862,0.22258276996236323
C0151908,head,0.7965319118926787,0.7621216427821846,0.7770248106871351
C0151908,tail,0.8613669568271998,0.8234128062762859,0.7402385975771639
C0151908,both,0.6200059078848974,0.6011552296161642,0.565069719560584
C0151966,head,0.828736,0.8210941637406227,0.7839930170463031
C0151966,tail,0.886528,0.8676250251120153,0.8567670418850891
C0151966,both,0.595776,0.5977051577277428,0.450261678508012
C0151970,head,0.8289104886164337,0.7746935591511307,0.5949790146081696
C0151970,tail,0.863774197249586,0.8350029228194192,0.823808226786623
C0151970,both,0.5670147027487746,0.5653082715664417,0.46399842158373245
C0151971,head,0.8676857330703486,0.8499373742509433,0.7806037889759224
C0151971,tail,0.8976002629848784,0.8830857517030687,0.8164357812226807
C0151971,both,0.6178500986193294,0.5981461980367921,0.3754979240122776
C0152013,head,0.8356464572680788,0.8321702219774133,0.7849934058361532
C0152013,tail,0.91672753834916,0.9055545246359589,0.8374775105276359
C0152013,both,0.5819941563184805,0.5628138352176719,0.31778126359900916
C0152018,head,0.8521419061790274,0.8674516633414093,0.9495241392531797
C0152018,tail,0.8797869841021223,0.8565503480071244,0.8214887533451819
C0152018,both,0.6319210588143159,0.6261808374543152,0.4779015429374608
C0152021,head,0.7425567107750473,0.7113622315596639,0.5789299054640799
C0152021,tail,0.8975661625708884,0.9004713552787674,0.9118970489173956
C0152021,both,0.5792769376181475,0.6013635232138335,0.46195951487187487
C0152025,head,0.8225750892669608,0.7971562527326119,0.8532049136007241
C0152025,tail,0.8750682629699643,0.8598149132174482,0.9471124508230183
C0152025,both,0.5866330602814536,0.5953481282710867,0.5735470274356368
C0152027,head,0.8025865007908164,0.7769849183310333,0.758294776788764
C0152027,tail,0.8634039199906108,0.8443460736045046,0.9678450282984528
C0152027,both,0.6104991365290142,0.6167099663594384,0.7029373510302552
C0152029,head,0.8349690943294813,0.8092666560439252,0.7503662689681657
C0152029,tail,0.9023165815640957,0.8982630749196178,0.9740476177098445
C0152029,both,0.632915882827197,0.6078762324292422,0.5001759899713224
C0152030,head,0.8534668099973126,0.8548629974171489,0.8536335182633059
C0152030,tail,0.8810131685030906,0.8490979838129235,0.8233267049601974
C0152030,both,0.624630475678581,0.6445476956253324,0.5431069021379669
C0152031,head,0.8160535473458992,0.7994433085046537,0.9272779996200559
C0152031,tail,0.8529851603377376,0.8183548883512227,0.7818563386798365
C0152031,both,0.599359904139547,0.5743742158015284,0.2286459514422937
C0152032,head,0.8448252440373382,0.811870679649841,0.7215449135386529
C0152032,tail,0.882396320518543,0.8560021876633159,0.8208045622663519
C0152032,both,0.6377767858875585,0.6141097859530058,0.46462119912430716
C0152128,head,0.8052826948814423,0.7855214516843014,0.8484024184892697
C0152128,tail,0.8494308855836974,0.8266771059921367,0.8375286311819099
C0152128,both,0.6195282316103129,0.6117667659558663,0.5006710946563403
C0152169,head,0.9191438763376932,0.9073896449775252,0.8243996123771946
C0152169,tail,0.7919143876337692,0.7798731574584818,0.6335164310799002
C0152169,both,0.6988703923900119,0.6987395805725052,0.5112305932628
C0152459,head,0.883308984660336,0.8912502172931285,0.8504331655421017
C0152459,tail,0.8537253469685903,0.8580339502034935,0.812196100194276
C0152459,both,0.5823593864134404,0.6148396567633044,0.44165092283688395
C0155540,head,0.8334222222222222,0.7999508083370759,0.6754463428662397
C0155540,tail,0.8311111111111111,0.8342394369796455,0.7290622093619353
C0155540,both,0.6362666666666666,0.6083399937719252,0.36537004749635765
C0155773,head,0.8229527104959631,0.7853005273493248,0.6899129192081429
C0155773,tail,0.8792772010765091,0.8725232547170599,0.8611371379238428
C0155773,both,0.5775663206459054,0.566053126842164,0.3762902721614377
C0156369,head,0.9033808684505688,0.9034681896785272,0.8898725203325546
C0156369,tail,0.9035410991828233,0.882901650025,0.8336336209626567
C0156369,both,0.6886716872296106,0.6952170309185098,0.5845889825546136
C0156404,head,0.8271279102648694,0.7967296262026584,0.7439743450281273
C0156404,tail,0.9198793477236309,0.9327365067078045,1.0
C0156404,both,0.6509567348477707,0.6638583170286505,0.5618550153655907
C0158252,head,0.8126165653638181,0.7780759220096901,0.6768465883037179
C0158252,tail,0.864686900401186,0.8271835400803293,0.6823410438620446
C0158252,both,0.6405727971662036,0.621856825633538,0.5973496942522598
C0158328,head,0.8763572089891423,0.8753948572697616,0.9082838567939083
C0158328,tail,0.8744213450046293,0.8700909813564646,0.8762380514346364
C0158328,both,0.6497769548017843,0.6417965114635094,0.5133037036359253
C0158986,head,0.8593675295403319,0.8328558809179502,0.7622050589987
C0158986,tail,0.8573867905197733,0.8439603275414955,0.8114548965250638
C0158986,both,0.6358855269448809,0.6615553456259818,0.6019374011784381
C0159877,head,0.8541898239449246,0.8229446215590999,0.8406361825462644
C0159877,tail,0.9053300584459824,0.8993903006035007,0.9663350567884812
C0159877,both,0.629119007493994,0.6125421190010576,0.5950570540170825
C0162283,head,0.7974334856221446,0.7911563316943401,0.7643988096230206
C0162283,tail,0.861999462510078,0.8329651245827137,0.8200971278008053
C0162283,both,0.5869389948938457,0.5934026749295938,0.42312627013509624
C0162297,head,0.7774532533573151,0.7390737756774872,0.5895994524271903
C0162297,tail,0.8494426705609599,0.8153372184199323,0.7213653298089013
C0162297,both,0.5737096716527919,0.5591425364754493,0.43108959978827427
C0162298,head,0.8368339615155722,0.8107912607424642,0.7972827512972495
C0162298,tail,0.8830708192818885,0.8665833182216803,0.8952075397504251
C0162298,both,0.6465066455068438,0.6108477749007395,0.4026485649381306
C0162316,head,0.8459513505913231,0.815171176584631,0.840729011752559
C0162316,tail,0.8701315440016246,0.8410937446335212,0.8144841280052496
C0162316,both,0.663930072333578,0.6380226063577519,0.5310633777620378
C0162323,head,0.8181480656419395,0.7936016208285606,0.8153915662620403
C0162323,tail,0.8894086780030197,0.8668639991939893,0.8489440864245432
C0162323,both,0.6655033291255168,0.6560453403887948,0.6066379667947328
C0162429,head,0.8280114005325988,0.7891704130639561,0.7389458492156139
C0162429,tail,0.8622766257268027,0.8305775018061394,0.8645696039867836
C0162429,both,0.6004910538007078,0.5889558631927622,0.498120704736451
C0162529,head,0.8237286231331604,0.7948577186661734,0.7799459856534174
C0162529,tail,0.885080531903795,0.8560003621012318,0.8351325725037555
C0162529,both,0.5993307064497749,0.59373448703938,0.48658446777205683
C0162834,head,0.8301080780896237,0.8039992079494986,0.7831374418902516
C0162834,tail,0.8569780853517877,0.8460249804133593,0.8483579204265286
C0162834,both,0.6046819599299414,0.5976162674110521,0.4699016963507905
C0178282,head,0.8658512396694215,0.8310871703696272,0.7381937129255068
C0178282,tail,0.8754776859504132,0.8446738366617732,0.8392517683865783
C0178282,both,0.6703867768595041,0.6714557736085294,0.6938721182306574
C0178415,head,0.8229886279094484,0.7919094018401203,0.7397427473836798
C0178415,tail,0.845865660537783,0.8338804515701853,0.8950888884120056
C0178415,both,0.6090976724412797,0.5882461531880436,0.36584164700085403
C0178428,head,0.837429111531191,0.8061654924282577,0.6847191787121865
C0178428,tail,0.8737660155429531,0.8670827576148423,0.8278153554602686
C0178428,both,0.6450325561856753,0.6218052087354072,0.43675615736678175
C0178879,head,0.8320730938878387,0.8193743726624138,0.8087165680409725
C0178879,tail,0.8916194076874606,0.8596451309339763,0.78125395450437
C0178879,both,0.5887418609535812,0.5532729016821392,0.2640625684384562
C0190211,head,0.8679981634527089,0.8498967409289412,0.7899890601157565
C0190211,tail,0.8321854912764004,0.792143539211053,0.6439129603481832
C0190211,both,0.6999540863177227,0.6621794423873595,0.46385480610457963
C0205929,head,0.8813799621928166,0.8848098600050691,0.8975686231345044
C0205929,tail,0.8973298676748582,0.8919075770497862,0.8643917332648955
C0205929,both,0.6465028355387525,0.6466373704709831,0.48054417036397196
C0206062,head,0.7877236906532645,0.7573522054400745,0.7837585412273049
C0206062,tail,0.8503847894975101,0.8191609576050236,0.811553229837395
C0206062,both,0.5658622887815153,0.5551099201658996,0.41711592239016987
C0206504,head,0.8984888888888889,0.892393461892614,0.8600549795385898
C0206504,tail,0.8819555555555556,0.8514501899580992,0.8082183067512784
C0206504,both,0.6632888888888888,0.6549422338979288,0.455545090891885
C0220981,head,0.7891307916444371,0.7602755769913144,0.8571281881324379
C0220981,tail,0.837398648054453,0.8004607777419833,0.7708566562400868
C0220981,both,0.5766376070681073,0.5555744742871901,0.3088478947025088
C0220982,head,0.7902392242527573,0.7707410892073996,0.7555942696129169
C0220982,tail,0.8593425328999946,0.8292031225707851,0.7976976459833396
C0220982,both,0.5914539932868027,0.5704961961710473,0.3806992667694196
C0220983,head,0.8269479006059737,0.8055934810045198,0.8450581083310291
C0220983,tail,0.8495912366883,0.8100995446741417,0.7161944972543032
C0220983,both,0.5560615296353402,0.5598649821034725,0.3746227694894917
C0221150,head,0.8148222222222222,0.7963394723242108,0.8109911413706082
C0221150,tail,0.8627,0.8273833958732513,0.7835978986474271
C0221150,both,0.630988888888889,0.6163509274941705,0.5575120490459352
C0221166,head,0.8688309251266654,0.8079086981948342,0.7073036301408908
C0221166,tail,0.844436104334772,0.8495123491918274,0.769324264979103
C0221166,both,0.547757553011822,0.5470174619097117,0.30708568853321233
C0221245,head,0.8123662306777646,0.7820979897066864,0.7345376291070713
C0221245,tail,0.8823305588585018,0.8516490527773697,0.7736625136877342
C0221245,both,0.584922711058264,0.5746115515421367,0.3902480072559864
C0221264,head,0.7973429023025331,0.7663287169628781,0.7175103820392787
C0221264,tail,0.8804306036139946,0.863961702384985,0.854481841861814
C0221264,both,0.6063907044299202,0.6352486383363147,0.6404927698155335
C0221706,head,0.8049265849590526,0.7649650676457183,0.6353203625255778
C0221706,tail,0.8725989018196809,0.8382414662715811,0.7676434275463103
C0221706,both,0.6315497273289481,0.6143287400724587,0.5344717244595273
C0221776,head,0.8393162606600157,0.8076335119989069,0.8199963897672824
C0221776,tail,0.8575147648241331,0.8143988622525704,0.7633549689725045
C0221776,both,0.6246425851240496,0.6050417167214217,0.44618990087849186
C0227791,head,0.8323060486522026,0.8022124857710479,0.7616736767584098
C0227791,tail,0.888888888888889,0.8863831583698831,0.917279315320352
C0227791,both,0.657914201183432,0.6515199555189573,0.5653845106608706
C0231218,head,0.7797598048414336,0.7420019732799441,0.7535001093666732
C0231218,tail,0.8337089510227059,0.8009548672226735,0.7270989886449567
C0231218,both,0.6138112216175643,0.5891007117517859,0.4658968875071294
C0231528,head,0.7878001187321026,0.7627263745222452,0.8685262982370271
C0231528,tail,0.8302383285144419,0.7935067595427486,0.7786406646638159
C0231528,both,0.59412421194879,0.5849784799529293,0.38855540931453075
C0231807,head,0.8225698302514519,0.7988938072160449,0.8373367478375502
C0231807,tail,0.8604582023743195,0.8222971417159939,0.7704592480991543
C0231807,both,0.5935370857747231,0.5833811713472841,0.5435616297641535
C0232492,head,0.7886409196022575,0.7567264221521504,0.8129539443092634
C0232492,tail,0.8495608793137345,0.8295720693837849,0.8653497273363222
C0232492,both,0.6009095474229009,0.579818588140283,0.35244434344856634
C0235328,head,0.8075237399561724,0.7701170763347598,0.654352295531988
C0235328,tail,0.8683345507669832,0.8314433079398199,0.7125614516784519
C0235328,both,0.6488312636961285,0.6749784107491249,0.5434481023330943
C0235329,head,0.8223866197664095,0.7990969130602785,0.8427905877731474
C0235329,tail,0.8510518407212623,0.7993493206597031,0.6863791600111459
C0235329,both,0.5710846253671198,0.576996778313237,0.4413679373267553
C0235527,head,0.8085635614790132,0.7917110949304256,0.7663088105279069
C0235527,tail,0.8390138368272478,0.805357304954952,0.7417356868540742
C0235527,both,0.6027349715396363,0.5831016127740918,0.4460908000964816
C0235660,head,0.9513793629019965,0.955209523152361,0.9760745588901876
C0235660,tail,0.9303459838439262,0.9335873759700108,0.9524988900538576
C0235660,both,0.7718335619570188,0.7693413433252374,0.683013787863538
C0235896,head,0.8059335748506082,0.773419226614655,0.7346766187873954
C0235896,tail,0.849118145994823,0.8199676562926014,0.829983328108593
C0235896,both,0.5745662516082178,0.566095617674998,0.6182294004663309
C0235946,head,0.8160615185308382,0.7881414759790846,0.8110061835291184
C0235946,tail,0.859320565116157,0.8424556019024396,0.9199428847293102
C0235946,both,0.5844260429614327,0.5760603995105423,0.5032534294427735
C0235974,head,0.8594041494714229,0.8159560096867844,0.7133540769116494
C0235974,tail,0.878229408106733,0.865912506860975,0.884236974914684
C0235974,both,0.691898920232913,0.7023526745267621,0.6610510422620172
C0236048,head,0.8686159169550173,0.8532721324482426,0.8719790640737082
C0236048,tail,0.8967474048442907,0.8685325984193963,0.8406957490456318
C0236048,both,0.6806228373702423,0.6576519612157463,0.513360097333727
C0238154,head,0.7629049483802066,0.7586570341756294,0.5577727046763535
C0238154,tail,0.8682805268778925,0.8472793769808613,0.741758190771406
C0238154,both,0.5706657173371307,0.5802830231470186,0.3393456173663558
C0239739,head,0.854034417774251,0.8311412647173558,0.8730693119688739
C0239739,tail,0.8612874429676652,0.8274578155866953,0.8287005832653651
C0239739,both,0.6419609204522911,0.6322930488249877,0.587712450425625
C0241353,head,0.8179012345679012,0.7583026720390689,0.5928459523597774
C0241353,tail,0.8858024691358025,0.8835146296324234,0.8171898845727906
C0241353,both,0.6558641975308642,0.6495644207381256,0.48650721619565573
C0242172,head,0.8211860570393843,0.7897996907162437,0.6746917213266365
C0242172,tail,0.8722272521502943,0.8259433651740199,0.7210861191092621
C0242172,both,0.6430511543684925,0.6859805522710712,0.5855687851523241
C0242184,head,0.8051909968804691,0.769050164685753,0.6023936890371984
C0242184,tail,0.8445511453216715,0.8228222708647652,0.8543300453706577
C0242184,both,0.5848751148046153,0.5714763571075971,0.3490140000441954
C0242301,head,0.8276652331371661,0.8117522280870176,0.8081778575108405
C0242301,tail,0.8652670891806247,0.8421251165144222,0.8713299140889422
C0242301,both,0.5967349479402445,0.5918796831081505,0.49101286570250513
C0242362,head,0.7900600012484006,0.746332906801816,0.5954875762672578
C0242362,tail,0.8561667082800162,0.8247178906155739,0.7815001796713714
C0242362,both,0.5973654848475392,0.5872334214234114,0.5025023348480159
C0242379,head,0.7986621250051299,0.7472613268602027,0.5590084646063282
C0242379,tail,0.8710609782551344,0.8387892396472497,0.8731886130957747
C0242379,both,0.5617433414043583,0.5456373105964287,0.3215519790140092
C0242422,head,0.8390404819104307,0.8046142150702309,0.7498894493601774
C0242422,tail,0.8590842267560688,0.8283747824170855,0.7780428281912493
C0242422,both,0.6893398831080354,0.6862835169130559,0.6402654951107174
C0242429,head,0.8323217018718506,0.8156229291158705,0.9092527580610679
C0242429,tail,0.8540643661380011,0.8053008211667483,0.6670169153945651
C0242429,both,0.6232989102597526,0.605172168133213,0.38204561855882185
C0242528,head,0.8236052030119975,0.8087199158643765,0.8922869885472627
C0242528,tail,0.8806013635569023,0.8410573257484675,0.8096620269825523
C0242528,both,0.5931990495244386,0.5743748287027943,0.40535644717430247
C0243010,head,0.7683518005540166,0.7284314760304063,0.6054940986068843
C0243010,tail,0.8978531855955678,0.8950770119304146,0.9178688580398011
C0243010,both,0.5055401662049861,0.5118466209864417,0.23726942382603988
C0243026,head,0.7937950442421218,0.7539890147812499,0.7079543520258335
C0243026,tail,0.838983340633053,0.8070307394334335,0.8131352095146593
C0243026,both,0.5657382199257611,0.5520213663696876,0.3483231239467668
C0259749,head,0.8462222222222222,0.827644656208599,0.7315976352711551
C0259749,tail,0.8837333333333334,0.8915723218087059,0.8667699378535612
C0259749,both,0.6318222222222223,0.6286796301269599,0.4277598356195337
C0259768,head,0.8261222222222222,0.7994282697260793,0.739374402872933
C0259768,tail,0.8338555555555556,0.8083493259307152,0.8531267867351613
C0259768,both,0.5877777777777778,0.5922420717130654,0.5545549739827114
C0259817,head,0.8201730665224446,0.7782021974234375,0.6553139053809701
C0259817,tail,0.8650621957815035,0.8231438768541224,0.7410060754329468
C0259817,both,0.5812601406165495,0.5674794818300682,0.34896118960432354
C0262365,head,0.8439429012345679,0.8499234482982105,0.7555299270722471
C0262365,tail,0.9409722222222222,0.9482399415316416,0.9755867540121388
C0262365,both,0.720679012345679,0.7156588077244811,0.5605286782168758
C0262385,head,0.8598261339579298,0.86212786210917,0.9389324075265493
C0262385,tail,0.8616728976172244,0.842081042237936,0.8346200391420477
C0262385,both,0.6757803702535922,0.647576182069923,0.502745265173118
C0262397,head,0.8985205400746913,0.8769033703261777,0.8459834447019461
C0262397,tail,0.9150387819592072,0.9062633861876388,0.9356086565155062
C0262397,both,0.6469405343292157,0.6553117477384857,0.5652645698725781
C0262414,head,0.7955994897959184,0.7907520048397745,0.6310134833766737
C0262414,tail,0.8488520408163265,0.8499444203289737,0.7388357208683474
C0262414,both,0.5567602040816326,0.5389343828683142,0.30117667024313577
C0262431,head,0.8401612712665406,0.8154086861408416,0.8352323702457229
C0262431,tail,0.8784262759924386,0.8610206582614431,0.9563804730979908
C0262431,both,0.6237668360113422,0.6027091909336186,0.475200491571768
C0262578,head,0.92,0.8713394994197348,0.7948512621292372
C0262578,tail,0.9072,0.8713348562362822,0.7920149830999174
C0262578,both,0.7824,0.7900914999431226,0.7083573184972322
C0262613,head,0.8872211583251384,0.8915856375848987,0.9619706863762846
C0262613,tail,0.9284716112002483,0.9230224981285793,0.9491478669986373
C0262613,both,0.6160136638890327,0.6177068082894946,0.4914956423366516
C0262627,head,0.8409011997993905,0.8220396559815548,0.8118590835419375
C0262627,tail,0.9156668338412871,0.8885895134994706,0.8465748086227789
C0262627,both,0.6345048416341963,0.6301259477683323,0.519464153599066
C0263912,head,0.8410807424230559,0.8205059322066321,0.903363756324208
C0263912,tail,0.884821050982849,0.8701521680827067,0.9501735080242782
C0263912,both,0.6233127104706712,0.6103628136968361,0.6518541345203036
C0264545,head,0.8531487889273356,0.8235070729909473,0.7548206667493875
C0264545,tail,0.8379238754325259,0.7897018341325691,0.6863981725410104
C0264545,both,0.5594809688581315,0.5786417842284532,0.4603544007023052
C0264906,head,0.8353436466303585,0.8161906158255146,0.7884757753892506
C0264906,tail,0.9056099435330281,0.8766014338439169,0.8133224431163261
C0264906,both,0.5980153028834909,0.6094816329361812,0.5502884991032457
C0265031,head,0.8504056246619794,0.8186249586073757,0.773270832598646
C0265031,tail,0.8802163331530558,0.8639276876793902,0.9206184284371978
C0265031,both,0.648415359653867,0.6376638019477274,0.5868706732441471
C0266813,head,0.8595781503515415,0.8371593029291716,0.8845000404350774
C0266813,tail,0.8633423472147106,0.8040219605827054,0.6583429944938938
C0266813,both,0.6412330989724175,0.6057218322008177,0.4240052374632979
C0267112,head,0.808204703748382,0.774320787363858,0.8111071450194693
C0267112,tail,0.8854352860375632,0.8574380434032594,0.8209672560643421
C0267112,both,0.6034833449268727,0.5927877522829097,0.5061392402782449
C0267566,head,0.8549107142857143,0.839620820965201,0.8086982409850298
C0267566,tail,0.83984375,0.8178623365804045,0.7665724794825489
C0267566,both,0.616470025510204,0.634817068577539,0.505942839912887
C0267596,head,0.8110116176754298,0.7669476168797603,0.65107821514437
C0267596,tail,0.8587210205109143,0.8257209329797967,0.7970662129360191
C0267596,both,0.5986902470814649,0.5754052949506038,0.40869898458674747
C0267716,head,0.8517936390532544,0.8235807217903921,0.746645854450715
C0267716,tail,0.9166974852071006,0.8980011841773328,0.8621480337416628
C0267716,both,0.6956360946745562,0.6667383026655429,0.5120652918057402
C0270629,head,0.8626700680272108,0.8123604695285244,0.7031611808615845
C0270629,tail,0.909155328798186,0.9105209150513145,0.8722581113578155
C0270629,both,0.6085600907029478,0.5969333894315414,0.40352849786358624
C0270996,head,0.8428878116343489,0.8158351436936231,0.7850930765866857
C0270996,tail,0.8723961218836565,0.8409607831146544,0.8214953345476579
C0270996,both,0.6370844875346261,0.635234060603262,0.637538354634793
C0271468,head,0.8942234415485444,0.897778934258156,0.8772470637919169
C0271468,tail,0.9073311995122695,0.9071819871705082,0.8771926714054088
C0271468,both,0.6779454351470813,0.7248733663414304,0.6372246611923701
C0271650,head,0.8502279823004876,0.8238775079716602,0.8354729497079344
C0271650,tail,0.8829765728532603,0.8394335162016604,0.812467583608965
C0271650,both,0.6430897778576402,0.6425901709418349,0.52104548349394
C0274435,head,0.7929474288997415,0.7601083343482593,0.6620875308516609
C0274435,tail,0.872665900603275,0.8462341380027836,0.7686103373204679
C0274435,both,0.5813702958919851,0.5613462909358611,0.3427006866412782
C0276143,head,0.8292592592592591,0.792525873192035,0.6955709189317286
C0276143,tail,0.8344444444444444,0.7881591813602554,0.648260494907814
C0276143,both,0.5523456790123457,0.5558875674384605,0.3371935397254706
C0277925,head,0.7820457960572799,0.7751686964747246,0.8531252825743956
C0277925,tail,0.869657375434127,0.8426149497788548,0.8683859088782969
C0277925,both,0.6011802286817463,0.60984160853257,0.5889715747771154
C0278008,head,0.8373306256783727,0.8168724570811093,0.8119746769425551
C0278008,tail,0.903189664227443,0.8942370965142852,0.9056473676513767
C0278008,both,0.6584853471517105,0.6574002350305648,0.6291121909093881
C0281774,head,0.8277995202625931,0.8094675997935018,0.7731367158971252
C0281774,tail,0.882716828683247,0.8853763138213755,0.8804202210975085
C0281774,both,0.6251735891932837,0.6635020548091857,0.529544556375238
C0282005,head,0.7528470298553401,0.7552442251264679,0.5374411769267831
C0282005,tail,0.8584179747614651,0.7884322619657596,0.6352179196748711
C0282005,both,0.6441982148353339,0.5822754265136394,0.3261512595569933
C0282488,head,0.8838481609292147,0.8606324982285586,0.8306087218762026
C0282488,tail,0.8750105209999158,0.8531319473669493,0.7806964152552589
C0282488,both,0.6309233229526133,0.6558530986776476,0.5342621179210848
C0302592,head,0.8344811753902662,0.8357126083102802,0.7459454620580214
C0302592,tail,0.8762626262626262,0.8140011735424101,0.6815396242233682
C0302592,both,0.5482093663911846,0.5319296911265667,0.2957396614253211
C0311394,head,0.8048004907024793,0.7830877351730648,0.8413030690599473
C0311394,tail,0.8659970622417356,0.8445289240693937,0.8799627236725169
C0311394,both,0.6225868414256199,0.5978741430262482,0.46988675658315004
C0314719,head,0.8241543659511055,0.8043683850464799,0.8484888195978637
C0314719,tail,0.8660859958119758,0.8260518757565687,0.7317260516667234
C0314719,both,0.6262252540434989,0.5882892163625375,0.2740493473830406
C0318712,head,0.8553699185877579,0.8457971577293458,0.9088321358855809
C0318712,tail,0.8995161865080453,0.8758800474120211,0.8618180567697853
C0318712,both,0.6466722403442888,0.6249312660484225,0.48216754652234867
C0332687,head,0.8935739585090234,0.8705977661059898,0.7850735984405284
C0332687,tail,0.8790689829650868,0.874815371952449,0.7962825332633208
C0332687,both,0.6842637881598922,0.6467702823544552,0.4718164594055413
C0341047,head,0.8846875,0.8210711787938669,0.7169140965588875
C0341047,tail,0.8825,0.8668913580941118,0.8204873445058926
C0341047,both,0.6407812500000001,0.6285305763048149,0.4153759480511219
C0341163,head,0.8358410493827161,0.8081969933591087,0.6780591613886777
C0341163,tail,0.8740354938271605,0.826548842353922,0.7035007567530753
C0341163,both,0.5244984567901234,0.5477805178375996,0.2761984936372265
C0342579,head,0.8038196368113265,0.7713893685596839,0.7514077103225554
C0342579,tail,0.8496491228070175,0.8162613353750716,0.7612178860263437
C0342579,both,0.6161249615266237,0.6062354021231844,0.5441730480533683
C0344232,head,0.7975194088131943,0.766065908251375,0.857350035217451
C0344232,tail,0.8416476624064871,0.8023643576550255,0.7679151732973021
C0344232,both,0.5818173021902584,0.5653622792048185,0.33435307257102886
C0392525,head,0.8282806183115339,0.7988555919799263,0.8022472298677289
C0392525,tail,0.8806848989298455,0.8527629336726227,0.9065707722492172
C0392525,both,0.6439172413793104,0.6182576481085111,0.5189673249702149
C0392699,head,0.7969263642340565,0.7713816171708616,0.7541901319405191
C0392699,tail,0.8858892176199868,0.8664553851083941,0.8505378660862022
C0392699,both,0.6075361604207759,0.563023516507616,0.2886698696214625
C0398353,head,0.7867834482752557,0.7605074776530101,0.8576112596840916
C0398353,tail,0.8404921743002655,0.8066229807735323,0.7743292217724389
C0398353,both,0.6072634854821946,0.5861174448919724,0.29972341993423524
C0423798,head,0.8693733888558397,0.8451216945304597,0.8574780601384459
C0423798,tail,0.9065701632626082,0.8866254771566213,0.9364148938598202
C0423798,both,0.6714753123140986,0.6761753441941398,0.7170274608131798
C0424230,head,0.8205295138888888,0.7940353620502385,0.7470220556192574
C0424230,tail,0.8655598958333333,0.8422788115166303,0.8117595039946518
C0424230,both,0.6106770833333334,0.5946168626350472,0.37864998066130495
C0426636,head,0.8581347344717584,0.8266375867755458,0.7478063465431184
C0426636,tail,0.9390129480202665,0.9410739603980939,0.9471231609103785
C0426636,both,0.6648526928129105,0.6979983177325098,0.5509462134404806
C0428977,head,0.7610113634439194,0.7248544153722654,0.6791734011422385
C0428977,tail,0.8452099104133854,0.8182294604608038,0.8310875312398547
C0428977,both,0.5689877898016901,0.563756595886289,0.5306155399312421
C0435630,head,0.8357601993965631,0.7957815373831186,0.7156281478330747
C0435630,tail,0.8824609733700642,0.8549056108486728,0.8546001398743363
C0435630,both,0.6560221884897209,0.6409753410429128,0.5659082975952128
C0438215,head,0.8069937541091388,0.7647313102946838,0.6436947846350857
C0438215,tail,0.87121188773833,0.8403399242403347,0.8131562039330227
C0438215,both,0.6144754684418146,0.5938613171053748,0.36981098203456875
C0442874,head,0.7809529688270125,0.7463609261519852,0.6627946352109457
C0442874,tail,0.8436515351744766,0.8118758003695575,0.7557526680087827
C0442874,both,0.5843352253543915,0.5675039683118397,0.22181999201390623
C0456909,head,0.7889340894148587,0.761114493515259,0.8450459537981847
C0456909,tail,0.8520710059171598,0.8307738872897035,0.9378947909626169
C0456909,both,0.5686174802761341,0.5603460439240762,0.5335401317291258
C0476427,head,0.8632212073958566,0.8732078379846775,0.8005887911017521
C0476427,tail,0.9336155045667186,0.9333729027996756,0.8625075874922107
C0476427,both,0.7130764089997773,0.7199783489714743,0.5637070898475082
C0497156,head,0.7892000057207147,0.7636208183805655,0.8551595109977835
C0497156,tail,0.8634167445319503,0.8350595339922406,0.8531299775962973
C0497156,both,0.5963654392555443,0.5911129105966426,0.6004577593760697
C0497247,head,0.7680762897805946,0.740722877808025,0.8078828625719804
C0497247,tail,0.8458619262898652,0.8179407209863994,0.9137995102832714
C0497247,both,0.604439813249445,0.5810371836046939,0.3853839279494696
C0497327,head,0.8088826738165681,0.7648979419799654,0.7207584914526634
C0497327,tail,0.8763232710798817,0.8518354104951947,0.9070845915786225
C0497327,both,0.6461376664201184,0.6214950821334431,0.4828065300906714
C0518988,head,0.8662694104279762,0.8517913982562998,0.9020907454370733
C0518988,tail,0.874500694356773,0.8485701534779222,0.9075493124771196
C0518988,both,0.646206287084964,0.6241307400672049,0.5415957923773247
C0519030,head,0.8474382716049383,0.8307072523658379,0.8199500218724264
C0519030,tail,0.8824691358024691,0.8599104861359207,0.8735710184718719
C0519030,both,0.5459259259259259,0.5558431804194338,0.3698538665565574
C0520474,head,0.7994876820749108,0.7621320799502018,0.6948323731265736
C0520474,tail,0.8633636946343637,0.8327905122710286,0.8139190550785096
C0520474,both,0.60048375260107,0.5768958284957655,0.3822583228155754
C0521620,head,0.7397853185595569,0.7274112275968341,0.5723552738505147
C0521620,tail,0.8055747922437673,0.7942470355943568,0.7050023436676577
C0521620,both,0.54553324099723,0.5932935917728912,0.3615852603618028
C0522055,head,0.8282980553221128,0.7997933597222533,0.8377324815996181
C0522055,tail,0.8876946067643529,0.8705800445989536,0.9705607971421415
C0522055,both,0.6487644248534217,0.6282003216988883,0.6310780484363492
C0522224,head,0.8011766095981989,0.7653450516517154,0.7404014234267645
C0522224,tail,0.8718167175577266,0.8423217022797874,0.839511748937843
C0522224,both,0.6188021218773515,0.5903555516769589,0.4419178721012581
C0549567,head,0.8098000000000001,0.7908359076068349,0.7265835048531009
C0549567,tail,0.8272999999999999,0.8004472377250097,0.7358263554830414
C0549567,both,0.5609999999999999,0.5620259874170292,0.34207164126600353
C0553723,head,0.8565079365079366,0.8197215951698649,0.7170095111544909
C0553723,tail,0.92281179138322,0.923557188596393,0.9564745588901876
C0553723,both,0.6914285714285715,0.6865526722650568,0.5398859088991659
C0558489,head,0.8577387554875096,0.8331802316973809,0.8765232989198694
C0558489,tail,0.8996391132496994,0.8460864022978932,0.7007793998864166
C0558489,both,0.6838725804183787,0.6368366524441743,0.45098578440061954
C0574960,head,0.8079547104078966,0.7547512094034978,0.5792213419473959
C0574960,tail,0.9111627231818842,0.9077740040938499,0.8954399740552813
C0574960,both,0.6000870953694295,0.5925981488485822,0.33976571702285485
C0575081,head,0.8109477909835613,0.7836662540831889,0.7742470085368092
C0575081,tail,0.8512207411959452,0.8218019016145865,0.8036621174124906
C0575081,both,0.6241811782015256,0.610823034187731,0.5637853793494059
C0575090,head,0.792582281909537,0.7596092082803086,0.7443934221387721
C0575090,tail,0.8587295752590672,0.8265744783684493,0.7918577710411729
C0575090,both,0.6261896931108535,0.6113653191523742,0.6719115277182292
C0595939,head,0.7783539893289785,0.7482245580465856,0.7978857019510899
C0595939,tail,0.810051062068657,0.7652028444181149,0.696866102569323
C0595939,both,0.5770782765293453,0.5569838843650434,0.313618689469702
C0600139,head,0.8120673196824932,0.7920852163459196,0.826044810075772
C0600139,tail,0.8759470592788161,0.8608668592763817,0.919413952749466
C0600139,both,0.6038303764157515,0.5939895768845802,0.5050580260324012
C0600327,head,0.8595914127423823,0.8650094394821891,0.8239156306368901
C0600327,tail,0.8822714681440443,0.887084742162279,0.8811531267682484
C0600327,both,0.5730609418282548,0.6002599933070322,0.43572173535637776
C0678222,head,0.8177553454752622,0.7820097558892359,0.7876110392215004
C0678222,tail,0.8626956150189606,0.8508634827266134,0.9745739334993182
C0678222,both,0.6082714664672684,0.6052048556117732,0.6371288376181741
C0686347,head,0.8866,0.8813818766540659,0.9520801067976246
C0686347,tail,0.86815,0.8381774500812864,0.8138451425525092
C0686347,both,0.6884750000000001,0.6679287423497444,0.5894921609452378
C0699744,head,0.8247490577266415,0.7911369611149968,0.7384956572810271
C0699744,tail,0.8801745685379886,0.860354576353888,0.8838439986736276
C0699744,both,0.6095298551874628,0.5892046288935379,0.4672675220864752
C0699790,head,0.8249814007864811,0.7941086415009674,0.7615483629837633
C0699790,tail,0.8875810394303325,0.853893787381172,0.8034513856474347
C0699790,both,0.6334095015410778,0.6042164906684409,0.4234390917275872
C0699791,head,0.8342917575517218,0.8025036212484064,0.7610602071259279
C0699791,tail,0.9079251768127437,0.909274097970695,0.9447087473273192
C0699791,both,0.6187454557472404,0.6216743778770722,0.47159414589859927
C0699885,head,0.8274272214601434,0.7981587356198176,0.7394878055543335
C0699885,tail,0.8784103033074226,0.841088309000896,0.7823586667269555
C0699885,both,0.6299344612101814,0.6378741814784582,0.5359693800926626
C0700200,head,0.8246325962366866,0.798559731813073,0.8485889623895926
C0700200,tail,0.9024834871205785,0.8961576603371635,0.9503864991250626
C0700200,both,0.6286755983967836,0.6086945475947486,0.47035504856503363
C0700594,head,0.815014479839608,0.79300157863885,0.812629349781581
C0700594,tail,0.892501670750724,0.8698436083916321,0.9158563104898344
C0700594,both,0.6097304522165292,0.6102589986765621,0.5604828276260143
C0702166,head,0.8101387755102041,0.7733901766656162,0.7351698116965742
C0702166,tail,0.8656244897959184,0.8473377770604456,0.893522551353997
C0702166,both,0.5911183673469388,0.5603072918131401,0.3390939167666347
C0740394,head,0.8065473137033616,0.7745300211949908,0.6896698232506492
C0740394,tail,0.846243288533224,0.8298155145864979,0.9262864449191527
C0740394,both,0.5770920967135187,0.567767132597319,0.41223117523160063
C0740401,head,0.8327614939711792,0.8238899820606014,0.770108440269471
C0740401,tail,0.9125575923929027,0.9079797665828657,0.9235038620826721
C0740401,both,0.5812175276933633,0.5886921149882449,0.43018654054739314
C0740858,head,0.8871005917159763,0.8593367288628264,0.7505644869289329
C0740858,tail,0.8854437869822486,0.871178032528643,0.8066205824307445
C0740858,both,0.7046153846153846,0.694767347979716,0.5343286774072282
C0750426,head,0.7915819345056679,0.7535770911751078,0.6397701018385517
C0750426,tail,0.8416353166818018,0.8113281677718129,0.8070825796407332
C0750426,both,0.5897248640931506,0.5693017879214582,0.34646587192274664
C0750876,head,0.7934501580005746,0.7781212038771497,0.6560786990359208
C0750876,tail,0.9419706980752658,0.9280410120878997,0.8368594642129337
C0750876,both,0.6196495259982764,0.6376590487627862,0.4309825379201589
C0836924,head,0.8215411439879983,0.7983965420084785,0.8665946761170195
C0836924,tail,0.8732963069360655,0.8401330937458986,0.8083810136061083
C0836924,both,0.6162720642216477,0.6081230401210564,0.5181567481254318
C0851578,head,0.7885268597854495,0.7533135917497031,0.696850264593143
C0851578,tail,0.8542475729617639,0.8166348544758859,0.7388498559210066
C0851578,both,0.6258294464171891,0.6126078674367081,0.6679147530987457
C0870082,head,0.8513397030436207,0.8371691089360483,0.9149553386090403
C0870082,tail,0.891269773822676,0.8724497541311143,0.928166860809764
C0870082,both,0.6351661426021926,0.6147104125588722,0.4823485501034876
C0878544,head,0.8172376221759333,0.7911227207396208,0.9230637577763471
C0878544,tail,0.8767681461304278,0.8518478364047044,0.8697569788913768
C0878544,both,0.6102227207178337,0.6007296775390139,0.5813064084149847
C0917798,head,0.8057094490612495,0.7646587413120761,0.7221647652159794
C0917798,tail,0.862154701446599,0.8214117384770239,0.694761931136202
C0917798,both,0.599929786088027,0.5795197141816844,0.4468116121482996
C0917799,head,0.8320303798173314,0.8159452007906978,0.8829077685371619
C0917799,tail,0.8588180830920027,0.8351282306107574,0.8539434135710247
C0917799,both,0.6220309367342393,0.621974054758423,0.7231537687884052
C0917801,head,0.8059538546936039,0.7691156086021699,0.6644203886707836
C0917801,tail,0.8354860129240373,0.8040043073862444,0.7911328769726136
C0917801,both,0.6152474314261476,0.604206808251494,0.5344452891036798
C0973461,head,0.7967637877211238,0.7683076423981737,0.7457036620485036
C0973461,tail,0.8807700312174818,0.8490587932652256,0.7865668880159343
C0973461,both,0.5690530697190427,0.5669590477623672,0.39678461790555525
C1136085,head,0.8656874514511688,0.8467715155559254,0.7925975506626161
C1136085,tail,0.8698538238824942,0.8629375685050877,0.8856991439107256
C1136085,both,0.5875291292987782,0.5961346471221096,0.42501604794325515
C1145670,head,0.7800682165095874,0.7408914637701958,0.6444047594722737
C1145670,tail,0.8534756582179563,0.8204288150132324,0.8293071118266424
C1145670,both,0.5736801430672492,0.5550421334663878,0.5041387723143248
C1253936,head,0.8415832002709633,0.8472097835824588,0.9663350567884812
C1253936,tail,0.8834212351413686,0.8624922581163056,0.9127609461959829
C1253936,both,0.5865550555636199,0.5906750249827756,0.5240420026420824
C1257843,head,0.8340844901147768,0.8081215457543951,0.778346914573765
C1257843,tail,0.8439997596298299,0.832496292724596,0.8058429873124382
C1257843,both,0.5490655609638845,0.5327861465860293,0.2884891094362001
C1258666,head,0.8722448979591837,0.8689394550481893,0.7598953869141702
C1258666,tail,0.906530612244898,0.8948190296955246,0.8312758890521035
C1258666,both,0.6416326530612245,0.6656078913519937,0.47371396408581296
C1260880,head,0.8417313322823038,0.8055188008284402,0.7221808756515751
C1260880,tail,0.8631659648428346,0.8437812182118718,0.9130785259582713
C1260880,both,0.6322943610673182,0.6068668334664753,0.3410484953944487
C1261473,head,0.8765859284890427,0.8613046106648291,0.7230961952245397
C1261473,tail,0.9073433294886581,0.9003680528491261,0.7662972634242569
C1261473,both,0.6424452133794694,0.6550668914965017,0.4209645484880798
C1269683,head,0.8390820080261594,0.8238194704469712,0.8465664687451805
C1269683,tail,0.8900118906064208,0.8667624970178447,0.9418730360905537
C1269683,both,0.6606718192627824,0.6271398061702601,0.5221446381765882
C1384606,head,0.8616666666666666,0.8487750468311942,0.7570295543107955
C1384606,tail,0.8733333333333333,0.8484154750354369,0.7628645613675638
C1384606,both,0.6402777777777777,0.6551312564191469,0.4469338979460487
C1384666,head,0.8120739450827157,0.7836729129811754,0.8481084278937376
C1384666,tail,0.8556138376266219,0.807377655552366,0.738582509550746
C1384666,both,0.614214572405445,0.5919299537824009,0.3496330483081552
C1442903,head,0.8187248799137339,0.7912945486044164,0.7974934572154996
C1442903,tail,0.868211449857857,0.8219357624858135,0.7078900855623678
C1442903,both,0.5931526320948926,0.5821802889565612,0.47282119391393435
C1456784,head,0.8212652727520477,0.7917150033903915,0.7863604000457652
C1456784,tail,0.8580561401383822,0.8174992743215994,0.7526032072768001
C1456784,both,0.6377235083044407,0.6176653520673425,0.5575283200629447
C1510431,head,0.85878991939598,0.8318366825641299,0.8334772128837836
C1510431,tail,0.9211049892868074,0.9012734112692621,0.887411575286371
C1510431,both,0.6682991531476379,0.6561285849827232,0.5437907626362413
C1510471,head,0.9145408163265305,0.8785936781851915,0.7701442331540898
C1510471,tail,0.9116709183673469,0.9170130856522738,0.7962759405255184
C1510471,both,0.6049107142857143,0.6214989012315345,0.42715869789687344
C1510472,head,0.8342531239649266,0.82145805827548,0.9783496381531335
C1510472,tail,0.8682043566601466,0.8469039371892995,0.9024650597736098
C1510472,both,0.6405285733824841,0.6220028558565859,0.5718068392721296
C1510475,head,0.8037769291923522,0.7670664809921832,0.6582433984874365
C1510475,tail,0.8256982366510706,0.7954526559310592,0.756197897057309
C1510475,both,0.582009409740776,0.5814529762724676,0.42577054160688993
C1527336,head,0.9082797731568998,0.8961133297979816,0.9226820123249155
C1527336,tail,0.8875614366729678,0.8855928528202681,0.9242861442169773
C1527336,both,0.671531190926276,0.6877356753433397,0.62755203158272
C1527344,head,0.8126759544734959,0.7877074570312732,0.8357793533485647
C1527344,tail,0.8729645532932784,0.8527931979845794,0.8552071282399649
C1527344,both,0.6010082475938937,0.5784765392031634,0.47307810042263726
C1527407,head,0.8032544378698225,0.7837751473904369,0.6334470877018517
C1527407,tail,0.8838757396449705,0.8664303950474305,0.7718349134483171
C1527407,both,0.5506656804733728,0.5512712549468948,0.30617537805821365
C1621958,head,0.926513671875,0.9230675627187891,0.8501372271919287
C1621958,tail,0.876953125,0.8620900879855056,0.7659825728400307
C1621958,both,0.68212890625,0.663663515702467,0.44839791032897014
