2024-06-10 19:30:35.263046 Using folder: /bp1/mrcieu1/users/fu19841/kge/local/experiments/20240610-193035-RDK_n10_psi_nonzero
2024-06-10 19:30:35.281008 Loading configuration of dataset selfloops from /bp1/mrcieu1/users/fu19841/kge/data/selfloops ...
2024-06-10 19:30:35.300468 Loaded 19734 keys from map entity_ids
2024-06-10 19:30:35.304866 Loaded 11149 keys from map relation_ids
2024-06-10 19:30:35.361563 Loaded 4022003 train triples
2024-06-10 19:30:35.373797 Loaded 502751 valid triples
2024-06-10 19:30:35.385362 Loaded 502751 test triples
2024-06-10 19:30:35.453185 [f45a546f] Found psi value: 0.0001
2024-06-10 19:30:35.454110 [f45a546f] Created sparse neighbour adjacency of shape: torch.Size([19734, 19734])
2024-06-10 19:30:35.522452 [f45a546f] Found psi value: 0.0001
2024-06-10 19:30:35.523333 [f45a546f] Created sparse neighbour adjacency of shape: torch.Size([19734, 19734])
2024-06-10 19:30:40.051659 [f45a546f] Initializing spo training job...
2024-06-10 19:30:40.068144 [f45a546f] Configuration:
2024-06-10 19:30:40.081918 [f45a546f]   1vsAll:
2024-06-10 19:30:40.081932 [f45a546f]     class_name: TrainingJob1vsAll
2024-06-10 19:30:40.081940 [f45a546f]   KvsAll:
2024-06-10 19:30:40.081947 [f45a546f]     class_name: TrainingJobKvsAll
2024-06-10 19:30:40.081954 [f45a546f]     label_smoothing: 0.0
2024-06-10 19:30:40.081960 [f45a546f]     query_types:
2024-06-10 19:30:40.081967 [f45a546f]       _po: true
2024-06-10 19:30:40.081973 [f45a546f]       s_o: false
2024-06-10 19:30:40.081980 [f45a546f]       sp_: true
2024-06-10 19:30:40.081986 [f45a546f]   ax_search:
2024-06-10 19:30:40.081993 [f45a546f]     class_name: AxSearchJob
2024-06-10 19:30:40.082000 [f45a546f]     num_sobol_trials: -1
2024-06-10 19:30:40.082006 [f45a546f]     num_trials: 10
2024-06-10 19:30:40.082012 [f45a546f]     parameter_constraints: []
2024-06-10 19:30:40.082019 [f45a546f]     parameters: []
2024-06-10 19:30:40.082025 [f45a546f]     sobol_seed: 0
2024-06-10 19:30:40.082032 [f45a546f]   console:
2024-06-10 19:30:40.082038 [f45a546f]     format: {}
2024-06-10 19:30:40.082044 [f45a546f]     quiet: false
2024-06-10 19:30:40.082051 [f45a546f]   dataset:
2024-06-10 19:30:40.082057 [f45a546f]     +++: +++
2024-06-10 19:30:40.082063 [f45a546f]     files:
2024-06-10 19:30:40.082070 [f45a546f]       +++: +++
2024-06-10 19:30:40.082076 [f45a546f]       entity_ids:
2024-06-10 19:30:40.082082 [f45a546f]         filename: entity_ids.del
2024-06-10 19:30:40.082089 [f45a546f]         type: map
2024-06-10 19:30:40.082095 [f45a546f]       entity_strings:
2024-06-10 19:30:40.082101 [f45a546f]         filename: entity_ids.del
2024-06-10 19:30:40.082107 [f45a546f]         type: map
2024-06-10 19:30:40.082113 [f45a546f]       relation_ids:
2024-06-10 19:30:40.082120 [f45a546f]         filename: relation_ids.del
2024-06-10 19:30:40.082126 [f45a546f]         type: map
2024-06-10 19:30:40.082133 [f45a546f]       relation_strings:
2024-06-10 19:30:40.082139 [f45a546f]         filename: relation_ids.del
2024-06-10 19:30:40.082146 [f45a546f]         type: map
2024-06-10 19:30:40.082152 [f45a546f]       test:
2024-06-10 19:30:40.082158 [f45a546f]         filename: test.del
2024-06-10 19:30:40.082164 [f45a546f]         size: 502751
2024-06-10 19:30:40.082171 [f45a546f]         split_type: test
2024-06-10 19:30:40.082177 [f45a546f]         type: triples
2024-06-10 19:30:40.082183 [f45a546f]       test_without_unseen:
2024-06-10 19:30:40.082190 [f45a546f]         filename: test_without_unseen.del
2024-06-10 19:30:40.082196 [f45a546f]         size: 502367
2024-06-10 19:30:40.082212 [f45a546f]         split_type: test
2024-06-10 19:30:40.082219 [f45a546f]         type: triples
2024-06-10 19:30:40.082225 [f45a546f]       train:
2024-06-10 19:30:40.082231 [f45a546f]         filename: train.del
2024-06-10 19:30:40.082237 [f45a546f]         size: 4022003
2024-06-10 19:30:40.082244 [f45a546f]         split_type: train
2024-06-10 19:30:40.082251 [f45a546f]         type: triples
2024-06-10 19:30:40.082257 [f45a546f]       train_sample:
2024-06-10 19:30:40.082264 [f45a546f]         filename: train_sample.del
2024-06-10 19:30:40.082270 [f45a546f]         size: 502751
2024-06-10 19:30:40.082276 [f45a546f]         split_type: train
2024-06-10 19:30:40.082282 [f45a546f]         type: triples
2024-06-10 19:30:40.082289 [f45a546f]       valid:
2024-06-10 19:30:40.082295 [f45a546f]         filename: valid.del
2024-06-10 19:30:40.082301 [f45a546f]         size: 502751
2024-06-10 19:30:40.082307 [f45a546f]         split_type: valid
2024-06-10 19:30:40.082313 [f45a546f]         type: triples
2024-06-10 19:30:40.082319 [f45a546f]       valid_without_unseen:
2024-06-10 19:30:40.082326 [f45a546f]         filename: valid_without_unseen.del
2024-06-10 19:30:40.082333 [f45a546f]         size: 502361
2024-06-10 19:30:40.082339 [f45a546f]         split_type: valid
2024-06-10 19:30:40.082345 [f45a546f]         type: triples
2024-06-10 19:30:40.082351 [f45a546f]     name: selfloops
2024-06-10 19:30:40.082358 [f45a546f]     num_entities: 19734
2024-06-10 19:30:40.082364 [f45a546f]     num_relations: 11149
2024-06-10 19:30:40.082370 [f45a546f]     pickle: true
2024-06-10 19:30:40.082376 [f45a546f]   entity_ranking:
2024-06-10 19:30:40.082382 [f45a546f]     chunk_size: -1
2024-06-10 19:30:40.082388 [f45a546f]     class_name: EntityRankingJob
2024-06-10 19:30:40.082394 [f45a546f]     filter_splits:
2024-06-10 19:30:40.082401 [f45a546f]     - train
2024-06-10 19:30:40.082407 [f45a546f]     - valid
2024-06-10 19:30:40.082413 [f45a546f]     filter_with_test: true
2024-06-10 19:30:40.082420 [f45a546f]     hits_at_k_s:
2024-06-10 19:30:40.082426 [f45a546f]     - 1
2024-06-10 19:30:40.082432 [f45a546f]     - 3
2024-06-10 19:30:40.082438 [f45a546f]     - 10
2024-06-10 19:30:40.082445 [f45a546f]     - 50
2024-06-10 19:30:40.082451 [f45a546f]     - 100
2024-06-10 19:30:40.082457 [f45a546f]     - 200
2024-06-10 19:30:40.082463 [f45a546f]     - 300
2024-06-10 19:30:40.082469 [f45a546f]     - 400
2024-06-10 19:30:40.082475 [f45a546f]     - 500
2024-06-10 19:30:40.082481 [f45a546f]     - 1000
2024-06-10 19:30:40.082488 [f45a546f]     metrics_per:
2024-06-10 19:30:40.082494 [f45a546f]       argument_frequency: false
2024-06-10 19:30:40.082500 [f45a546f]       head_and_tail: false
2024-06-10 19:30:40.082507 [f45a546f]       relation_type: true
2024-06-10 19:30:40.082513 [f45a546f]     tie_handling:
2024-06-10 19:30:40.082519 [f45a546f]       atol: 1e-05
2024-06-10 19:30:40.082525 [f45a546f]       rtol: 1e-04
2024-06-10 19:30:40.082532 [f45a546f]       type: rounded_mean_rank
2024-06-10 19:30:40.082538 [f45a546f]       warn_only: true
2024-06-10 19:30:40.082544 [f45a546f]   eval:
2024-06-10 19:30:40.082550 [f45a546f]     batch_size: 256
2024-06-10 19:30:40.082556 [f45a546f]     num_workers: 0
2024-06-10 19:30:40.082562 [f45a546f]     pin_memory: false
2024-06-10 19:30:40.082568 [f45a546f]     split: valid
2024-06-10 19:30:40.082575 [f45a546f]     trace_level: epoch
2024-06-10 19:30:40.082581 [f45a546f]     type: entity_ranking
2024-06-10 19:30:40.082587 [f45a546f]   grash_search:
2024-06-10 19:30:40.082593 [f45a546f]     class_name: GraSHSearchJob
2024-06-10 19:30:40.082599 [f45a546f]     cost_metric: triples
2024-06-10 19:30:40.082605 [f45a546f]     eta: 4
2024-06-10 19:30:40.082612 [f45a546f]     keep_initialization: false
2024-06-10 19:30:40.082618 [f45a546f]     keep_pretrained: false
2024-06-10 19:30:40.082624 [f45a546f]     min_negatives_percentage: 0.01
2024-06-10 19:30:40.082630 [f45a546f]     num_trials: 64
2024-06-10 19:30:40.082637 [f45a546f]     parameters: []
2024-06-10 19:30:40.082643 [f45a546f]     search_budget: 3
2024-06-10 19:30:40.082649 [f45a546f]     seed: -1
2024-06-10 19:30:40.082655 [f45a546f]     valid_frac: 0.2
2024-06-10 19:30:40.082661 [f45a546f]     valid_max: 5000
2024-06-10 19:30:40.082667 [f45a546f]     variant: combined
2024-06-10 19:30:40.082674 [f45a546f]   grid_search:
2024-06-10 19:30:40.082680 [f45a546f]     class_name: GridSearchJob
2024-06-10 19:30:40.082686 [f45a546f]     parameters:
2024-06-10 19:30:40.082692 [f45a546f]       +++: +++
2024-06-10 19:30:40.082698 [f45a546f]     run: true
2024-06-10 19:30:40.082704 [f45a546f]   import:
2024-06-10 19:30:40.082710 [f45a546f]   - simple
2024-06-10 19:30:40.082717 [f45a546f]   job:
2024-06-10 19:30:40.082723 [f45a546f]     auto_correct: true
2024-06-10 19:30:40.082730 [f45a546f]     device: cuda
2024-06-10 19:30:40.082736 [f45a546f]     type: train
2024-06-10 19:30:40.082742 [f45a546f]   lookup_embedder:
2024-06-10 19:30:40.082748 [f45a546f]     class_name: LookupEmbedder
2024-06-10 19:30:40.082754 [f45a546f]     dim: 256
2024-06-10 19:30:40.082761 [f45a546f]     dropout: 0.0
2024-06-10 19:30:40.082767 [f45a546f]     initialize: xavier_normal_
2024-06-10 19:30:40.082773 [f45a546f]     initialize_args:
2024-06-10 19:30:40.082779 [f45a546f]       +++: +++
2024-06-10 19:30:40.082785 [f45a546f]       normal_:
2024-06-10 19:30:40.082791 [f45a546f]         mean: 0.0
2024-06-10 19:30:40.082797 [f45a546f]         std: 0.006737
2024-06-10 19:30:40.082804 [f45a546f]       xavier_normal_:
2024-06-10 19:30:40.082810 [f45a546f]         gain: 1.0
2024-06-10 19:30:40.082816 [f45a546f]     neighbour_edgelist_file: RDK_nearest10.pt
2024-06-10 19:30:40.082830 [f45a546f]     normalize:
2024-06-10 19:30:40.082837 [f45a546f]       p: -1.0
2024-06-10 19:30:40.082843 [f45a546f]     pretrain:
2024-06-10 19:30:40.082850 [f45a546f]       ensure_all: false
2024-06-10 19:30:40.082856 [f45a546f]       model_filename: ''
2024-06-10 19:30:40.082862 [f45a546f]     psi: 0.0001
2024-06-10 19:30:40.082868 [f45a546f]     regularize: ''
2024-06-10 19:30:40.082875 [f45a546f]     regularize_args:
2024-06-10 19:30:40.082881 [f45a546f]       +++: +++
2024-06-10 19:30:40.082887 [f45a546f]       p: 2
2024-06-10 19:30:40.082893 [f45a546f]       weighted: false
2024-06-10 19:30:40.082899 [f45a546f]     regularize_weight: 0.0
2024-06-10 19:30:40.082906 [f45a546f]     round_dim_to: []
2024-06-10 19:30:40.082912 [f45a546f]     space: euclidean
2024-06-10 19:30:40.082918 [f45a546f]     sparse: false
2024-06-10 19:30:40.082924 [f45a546f]   manual_search:
2024-06-10 19:30:40.082930 [f45a546f]     class_name: ManualSearchJob
2024-06-10 19:30:40.082936 [f45a546f]     configurations: []
2024-06-10 19:30:40.082943 [f45a546f]     run: true
2024-06-10 19:30:40.082949 [f45a546f]   model: simple
2024-06-10 19:30:40.082955 [f45a546f]   modules:
2024-06-10 19:30:40.082961 [f45a546f]   - kge.job
2024-06-10 19:30:40.082967 [f45a546f]   - kge.model
2024-06-10 19:30:40.082973 [f45a546f]   - kge.model.embedder
2024-06-10 19:30:40.082980 [f45a546f]   negative_sampling:
2024-06-10 19:30:40.082986 [f45a546f]     class_name: TrainingJobNegativeSampling
2024-06-10 19:30:40.082992 [f45a546f]     filtering:
2024-06-10 19:30:40.082998 [f45a546f]       implementation: fast_if_available
2024-06-10 19:30:40.083004 [f45a546f]       o: false
2024-06-10 19:30:40.083011 [f45a546f]       p: false
2024-06-10 19:30:40.083017 [f45a546f]       s: false
2024-06-10 19:30:40.083023 [f45a546f]       split: ''
2024-06-10 19:30:40.083029 [f45a546f]     frequency:
2024-06-10 19:30:40.083035 [f45a546f]       smoothing: 1
2024-06-10 19:30:40.083041 [f45a546f]     implementation: auto
2024-06-10 19:30:40.083047 [f45a546f]     num_samples:
2024-06-10 19:30:40.083053 [f45a546f]       o: -1
2024-06-10 19:30:40.083060 [f45a546f]       p: 0
2024-06-10 19:30:40.083066 [f45a546f]       s: 3
2024-06-10 19:30:40.083072 [f45a546f]     sampling_type: uniform
2024-06-10 19:30:40.083078 [f45a546f]     shared: false
2024-06-10 19:30:40.083085 [f45a546f]     shared_type: default
2024-06-10 19:30:40.083091 [f45a546f]     with_replacement: true
2024-06-10 19:30:40.083097 [f45a546f]   random_seed:
2024-06-10 19:30:40.083103 [f45a546f]     default: -1
2024-06-10 19:30:40.083109 [f45a546f]     numba: -1
2024-06-10 19:30:40.083115 [f45a546f]     numpy: -1
2024-06-10 19:30:40.083121 [f45a546f]     python: -1
2024-06-10 19:30:40.083128 [f45a546f]     torch: -1
2024-06-10 19:30:40.083134 [f45a546f]   search:
2024-06-10 19:30:40.083140 [f45a546f]     device_pool: []
2024-06-10 19:30:40.083146 [f45a546f]     num_workers: 1
2024-06-10 19:30:40.083152 [f45a546f]     on_error: abort
2024-06-10 19:30:40.083159 [f45a546f]     type: ax_search
2024-06-10 19:30:40.083165 [f45a546f]   simple:
2024-06-10 19:30:40.083171 [f45a546f]     class_name: SimplE
2024-06-10 19:30:40.083178 [f45a546f]     entity_embedder:
2024-06-10 19:30:40.083184 [f45a546f]       +++: +++
2024-06-10 19:30:40.083190 [f45a546f]       dropout: 0.067991
2024-06-10 19:30:40.083196 [f45a546f]       type: lookup_embedder
2024-06-10 19:30:40.083209 [f45a546f]     relation_embedder:
2024-06-10 19:30:40.083215 [f45a546f]       +++: +++
2024-06-10 19:30:40.083222 [f45a546f]       dropout: 0.125349
2024-06-10 19:30:40.083228 [f45a546f]       type: lookup_embedder
2024-06-10 19:30:40.083234 [f45a546f]   train:
2024-06-10 19:30:40.083240 [f45a546f]     abort_on_nan: true
2024-06-10 19:30:40.083247 [f45a546f]     batch_size: 256
2024-06-10 19:30:40.083253 [f45a546f]     checkpoint:
2024-06-10 19:30:40.083259 [f45a546f]       every: 5
2024-06-10 19:30:40.083265 [f45a546f]       keep: 3
2024-06-10 19:30:40.083271 [f45a546f]       keep_init: true
2024-06-10 19:30:40.083277 [f45a546f]     loss: kl
2024-06-10 19:30:40.083283 [f45a546f]     loss_arg: .nan
2024-06-10 19:30:40.083289 [f45a546f]     lr_scheduler: ReduceLROnPlateau
2024-06-10 19:30:40.083295 [f45a546f]     lr_scheduler_args:
2024-06-10 19:30:40.083302 [f45a546f]       +++: +++
2024-06-10 19:30:40.083308 [f45a546f]       factor: 0.5
2024-06-10 19:30:40.083314 [f45a546f]       mode: max
2024-06-10 19:30:40.083320 [f45a546f]       patience: 6
2024-06-10 19:30:40.083326 [f45a546f]       threshold: 0.0001
2024-06-10 19:30:40.083332 [f45a546f]     lr_warmup: 0
2024-06-10 19:30:40.083339 [f45a546f]     max_epochs: 20
2024-06-10 19:30:40.083345 [f45a546f]     num_workers: 0
2024-06-10 19:30:40.083352 [f45a546f]     optimizer:
2024-06-10 19:30:40.083358 [f45a546f]       +++: +++
2024-06-10 19:30:40.083364 [f45a546f]       default:
2024-06-10 19:30:40.083370 [f45a546f]         args:
2024-06-10 19:30:40.083376 [f45a546f]           +++: +++
2024-06-10 19:30:40.083382 [f45a546f]           lr: 0.010761
2024-06-10 19:30:40.083388 [f45a546f]         type: Adam
2024-06-10 19:30:40.083394 [f45a546f]     pin_memory: false
2024-06-10 19:30:40.083401 [f45a546f]     split: train
2024-06-10 19:30:40.083407 [f45a546f]     subbatch_auto_tune: true
2024-06-10 19:30:40.083413 [f45a546f]     subbatch_size: -1
2024-06-10 19:30:40.083419 [f45a546f]     trace_level: epoch
2024-06-10 19:30:40.083425 [f45a546f]     type: 1vsAll
2024-06-10 19:30:40.083431 [f45a546f]     visualize_graph: false
2024-06-10 19:30:40.083437 [f45a546f]   training_loss:
2024-06-10 19:30:40.083471 [f45a546f]     class_name: TrainingLossEvaluationJob
2024-06-10 19:30:40.083478 [f45a546f]   user:
2024-06-10 19:30:40.083485 [f45a546f]     +++: +++
2024-06-10 19:30:40.083491 [f45a546f]   valid:
2024-06-10 19:30:40.083498 [f45a546f]     early_stopping:
2024-06-10 19:30:40.083504 [f45a546f]       patience: 5
2024-06-10 19:30:40.083510 [f45a546f]       threshold:
2024-06-10 19:30:40.083517 [f45a546f]         epochs: 0
2024-06-10 19:30:40.083523 [f45a546f]         metric_value: 0.0
2024-06-10 19:30:40.083529 [f45a546f]     every: 5
2024-06-10 19:30:40.083536 [f45a546f]     last: true
2024-06-10 19:30:40.083542 [f45a546f]     metric: mean_reciprocal_rank_filtered_with_test
2024-06-10 19:30:40.083549 [f45a546f]     metric_expr: float("nan")
2024-06-10 19:30:40.083555 [f45a546f]     metric_max: true
2024-06-10 19:30:40.083561 [f45a546f]     split: valid
2024-06-10 19:30:40.083568 [f45a546f]     trace_level: epoch
2024-06-10 19:30:40.084569 [f45a546f]   git commit: No git binary found
2024-06-10 19:30:40.085411 [f45a546f] Saving checkpoint to /bp1/mrcieu1/users/fu19841/kge/local/experiments/20240610-193035-RDK_n10_psi_nonzero/checkpoint_00000.pt...
2024-06-10 19:30:40.178930 [f45a546f] Starting training...
2024-06-10 19:30:40.179477 [f45a546f] Starting epoch 1...
2024-06-10 19:30:41.195117 [f45a546f] CUDA memory after first batch: allocated=    81,815,552 reserved=   247,463,936 max_allocated=   213,016,064
2024-06-10 19:32:29.550960 [f45a546f] avg_cost: 11.46114425499948
2024-06-10 19:32:29.550981 [f45a546f] avg_loss: 11.46114425499948
2024-06-10 19:32:29.550985 [f45a546f] avg_penalties: {}
2024-06-10 19:32:29.550988 [f45a546f] avg_penalty: 0.0
2024-06-10 19:32:29.550991 [f45a546f] backward_time: 28.65643286705017
2024-06-10 19:32:29.550993 [f45a546f] batches: 15711
2024-06-10 19:32:29.550996 [f45a546f] entry_id: 62007a28-a78b-4be0-8a73-eeaf038f4923
2024-06-10 19:32:29.550999 [f45a546f] epoch: 1
2024-06-10 19:32:29.551001 [f45a546f] epoch_time: 109.36691522598267
2024-06-10 19:32:29.551005 [f45a546f] event: epoch_completed
2024-06-10 19:32:29.551007 [f45a546f] forward_time: 59.24312710762024
2024-06-10 19:32:29.551010 [f45a546f] job: train
2024-06-10 19:32:29.551013 [f45a546f] job_id: f45a546f-d3f8-41b5-8390-12994f278a5c
2024-06-10 19:32:29.551016 [f45a546f] lr:
2024-06-10 19:32:29.551018 [f45a546f] - 0.010761
2024-06-10 19:32:29.551021 [f45a546f] num_parameters: 7906048
2024-06-10 19:32:29.551024 [f45a546f] optimizer_time: 5.136437654495239
2024-06-10 19:32:29.551026 [f45a546f] other_time: 7.931827068328857
2024-06-10 19:32:29.551029 [f45a546f] prepare_time: 8.39909052848816
2024-06-10 19:32:29.551032 [f45a546f] scope: epoch
2024-06-10 19:32:29.551035 [f45a546f] size: 4022003
2024-06-10 19:32:29.551038 [f45a546f] split: train
2024-06-10 19:32:29.551040 [f45a546f] timestamp: 1718044349.546834
2024-06-10 19:32:29.551043 [f45a546f] type: 1vsAll
2024-06-10 19:32:29.554308 [f45a546f]   avg_cost: 11.46114425499948
2024-06-10 19:32:29.554322 [f45a546f]   avg_loss: 11.46114425499948
2024-06-10 19:32:29.554330 [f45a546f]   avg_penalties: {}
2024-06-10 19:32:29.554336 [f45a546f]   avg_penalty: 0.0
2024-06-10 19:32:29.554343 [f45a546f]   backward_time: 28.65643286705017
2024-06-10 19:32:29.554349 [f45a546f]   batches: 15711
2024-06-10 19:32:29.554355 [f45a546f]   entry_id: 62007a28-a78b-4be0-8a73-eeaf038f4923
2024-06-10 19:32:29.554361 [f45a546f]   epoch: 1
2024-06-10 19:32:29.554367 [f45a546f]   epoch_time: 109.36691522598267
2024-06-10 19:32:29.554374 [f45a546f]   event: epoch_completed
2024-06-10 19:32:29.554380 [f45a546f]   forward_time: 59.24312710762024
2024-06-10 19:32:29.554386 [f45a546f]   job: train
2024-06-10 19:32:29.554392 [f45a546f]   job_id: f45a546f-d3f8-41b5-8390-12994f278a5c
2024-06-10 19:32:29.554398 [f45a546f]   lr:
2024-06-10 19:32:29.554404 [f45a546f]   - 0.010761
2024-06-10 19:32:29.554410 [f45a546f]   num_parameters: 7906048
2024-06-10 19:32:29.554417 [f45a546f]   optimizer_time: 5.136437654495239
2024-06-10 19:32:29.554423 [f45a546f]   other_time: 7.931827068328857
2024-06-10 19:32:29.554429 [f45a546f]   prepare_time: 8.39909052848816
2024-06-10 19:32:29.554435 [f45a546f]   scope: epoch
2024-06-10 19:32:29.554441 [f45a546f]   size: 4022003
2024-06-10 19:32:29.554447 [f45a546f]   split: train
2024-06-10 19:32:29.554453 [f45a546f]   timestamp: 1718044349.546834
2024-06-10 19:32:29.554459 [f45a546f]   type: 1vsAll
2024-06-10 19:32:29.555171 [f45a546f] Finished epoch 1.
2024-06-10 19:32:29.555918 [f45a546f] Saving checkpoint to /bp1/mrcieu1/users/fu19841/kge/local/experiments/20240610-193035-RDK_n10_psi_nonzero/checkpoint_00001.pt...
2024-06-10 19:32:29.805836 [f45a546f] Starting epoch 2...
2024-06-10 19:34:18.926417 [f45a546f] avg_cost: 10.975258277195412
2024-06-10 19:34:18.926436 [f45a546f] avg_loss: 10.975258277195412
2024-06-10 19:34:18.926440 [f45a546f] avg_penalties: {}
2024-06-10 19:34:18.926442 [f45a546f] avg_penalty: 0.0
2024-06-10 19:34:18.926445 [f45a546f] backward_time: 28.648240327835083
2024-06-10 19:34:18.926447 [f45a546f] batches: 15711
2024-06-10 19:34:18.926450 [f45a546f] entry_id: 2336df1a-1287-4219-97ce-9476f27069b5
2024-06-10 19:34:18.926452 [f45a546f] epoch: 2
2024-06-10 19:34:18.926455 [f45a546f] epoch_time: 109.11579728126526
2024-06-10 19:34:18.926457 [f45a546f] event: epoch_completed
2024-06-10 19:34:18.926460 [f45a546f] forward_time: 59.09984111785889
2024-06-10 19:34:18.926463 [f45a546f] job: train
2024-06-10 19:34:18.926465 [f45a546f] job_id: f45a546f-d3f8-41b5-8390-12994f278a5c
2024-06-10 19:34:18.926468 [f45a546f] lr:
2024-06-10 19:34:18.926470 [f45a546f] - 0.010761
2024-06-10 19:34:18.926472 [f45a546f] num_parameters: 7906048
2024-06-10 19:34:18.926475 [f45a546f] optimizer_time: 5.0854902267456055
2024-06-10 19:34:18.926477 [f45a546f] other_time: 7.892528295516968
2024-06-10 19:34:18.926480 [f45a546f] prepare_time: 8.389697313308716
2024-06-10 19:34:18.926482 [f45a546f] scope: epoch
2024-06-10 19:34:18.926485 [f45a546f] size: 4022003
2024-06-10 19:34:18.926488 [f45a546f] split: train
2024-06-10 19:34:18.926490 [f45a546f] timestamp: 1718044458.9221354
2024-06-10 19:34:18.926492 [f45a546f] type: 1vsAll
2024-06-10 19:34:18.929858 [f45a546f]   avg_cost: 10.975258277195412
2024-06-10 19:34:18.929871 [f45a546f]   avg_loss: 10.975258277195412
2024-06-10 19:34:18.929877 [f45a546f]   avg_penalties: {}
2024-06-10 19:34:18.929883 [f45a546f]   avg_penalty: 0.0
2024-06-10 19:34:18.929889 [f45a546f]   backward_time: 28.648240327835083
2024-06-10 19:34:18.929894 [f45a546f]   batches: 15711
2024-06-10 19:34:18.929900 [f45a546f]   entry_id: 2336df1a-1287-4219-97ce-9476f27069b5
2024-06-10 19:34:18.929905 [f45a546f]   epoch: 2
2024-06-10 19:34:18.929911 [f45a546f]   epoch_time: 109.11579728126526
2024-06-10 19:34:18.929917 [f45a546f]   event: epoch_completed
2024-06-10 19:34:18.929922 [f45a546f]   forward_time: 59.09984111785889
2024-06-10 19:34:18.929928 [f45a546f]   job: train
2024-06-10 19:34:18.929933 [f45a546f]   job_id: f45a546f-d3f8-41b5-8390-12994f278a5c
2024-06-10 19:34:18.929939 [f45a546f]   lr:
2024-06-10 19:34:18.929944 [f45a546f]   - 0.010761
2024-06-10 19:34:18.929950 [f45a546f]   num_parameters: 7906048
2024-06-10 19:34:18.929955 [f45a546f]   optimizer_time: 5.0854902267456055
2024-06-10 19:34:18.929961 [f45a546f]   other_time: 7.892528295516968
2024-06-10 19:34:18.929967 [f45a546f]   prepare_time: 8.389697313308716
2024-06-10 19:34:18.929972 [f45a546f]   scope: epoch
2024-06-10 19:34:18.929978 [f45a546f]   size: 4022003
2024-06-10 19:34:18.929983 [f45a546f]   split: train
2024-06-10 19:34:18.929989 [f45a546f]   timestamp: 1718044458.9221354
2024-06-10 19:34:18.929994 [f45a546f]   type: 1vsAll
2024-06-10 19:34:18.930764 [f45a546f] Finished epoch 2.
2024-06-10 19:34:18.931481 [f45a546f] Saving checkpoint to /bp1/mrcieu1/users/fu19841/kge/local/experiments/20240610-193035-RDK_n10_psi_nonzero/checkpoint_00002.pt...
2024-06-10 19:34:19.177098 [f45a546f] Removing old checkpoint /bp1/mrcieu1/users/fu19841/kge/local/experiments/20240610-193035-RDK_n10_psi_nonzero/checkpoint_00001.pt...
2024-06-10 19:34:19.217603 [f45a546f] Starting epoch 3...
2024-06-10 19:36:08.275299 [f45a546f] avg_cost: 10.894140090715696
2024-06-10 19:36:08.275318 [f45a546f] avg_loss: 10.894140090715696
2024-06-10 19:36:08.275322 [f45a546f] avg_penalties: {}
2024-06-10 19:36:08.275324 [f45a546f] avg_penalty: 0.0
2024-06-10 19:36:08.275327 [f45a546f] backward_time: 28.706889390945435
2024-06-10 19:36:08.275330 [f45a546f] batches: 15711
2024-06-10 19:36:08.275332 [f45a546f] entry_id: da0474c4-c2f1-4b89-9179-6641b8b236f0
2024-06-10 19:36:08.275335 [f45a546f] epoch: 3
2024-06-10 19:36:08.275337 [f45a546f] epoch_time: 109.05299425125122
2024-06-10 19:36:08.275340 [f45a546f] event: epoch_completed
2024-06-10 19:36:08.275342 [f45a546f] forward_time: 58.950653314590454
2024-06-10 19:36:08.275345 [f45a546f] job: train
2024-06-10 19:36:08.275347 [f45a546f] job_id: f45a546f-d3f8-41b5-8390-12994f278a5c
2024-06-10 19:36:08.275350 [f45a546f] lr:
2024-06-10 19:36:08.275353 [f45a546f] - 0.010761
2024-06-10 19:36:08.275355 [f45a546f] num_parameters: 7906048
2024-06-10 19:36:08.275357 [f45a546f] optimizer_time: 5.088488578796387
2024-06-10 19:36:08.275360 [f45a546f] other_time: 7.9099462032318115
2024-06-10 19:36:08.275362 [f45a546f] prepare_time: 8.397016763687134
2024-06-10 19:36:08.275365 [f45a546f] scope: epoch
2024-06-10 19:36:08.275367 [f45a546f] size: 4022003
2024-06-10 19:36:08.275370 [f45a546f] split: train
2024-06-10 19:36:08.275372 [f45a546f] timestamp: 1718044568.2712781
2024-06-10 19:36:08.275375 [f45a546f] type: 1vsAll
2024-06-10 19:36:08.277872 [f45a546f]   avg_cost: 10.894140090715696
2024-06-10 19:36:08.277885 [f45a546f]   avg_loss: 10.894140090715696
2024-06-10 19:36:08.277892 [f45a546f]   avg_penalties: {}
2024-06-10 19:36:08.277898 [f45a546f]   avg_penalty: 0.0
2024-06-10 19:36:08.277904 [f45a546f]   backward_time: 28.706889390945435
2024-06-10 19:36:08.277909 [f45a546f]   batches: 15711
2024-06-10 19:36:08.277915 [f45a546f]   entry_id: da0474c4-c2f1-4b89-9179-6641b8b236f0
2024-06-10 19:36:08.277920 [f45a546f]   epoch: 3
2024-06-10 19:36:08.277926 [f45a546f]   epoch_time: 109.05299425125122
2024-06-10 19:36:08.277932 [f45a546f]   event: epoch_completed
2024-06-10 19:36:08.277937 [f45a546f]   forward_time: 58.950653314590454
2024-06-10 19:36:08.277943 [f45a546f]   job: train
2024-06-10 19:36:08.277949 [f45a546f]   job_id: f45a546f-d3f8-41b5-8390-12994f278a5c
2024-06-10 19:36:08.277954 [f45a546f]   lr:
2024-06-10 19:36:08.277960 [f45a546f]   - 0.010761
2024-06-10 19:36:08.277965 [f45a546f]   num_parameters: 7906048
2024-06-10 19:36:08.277971 [f45a546f]   optimizer_time: 5.088488578796387
2024-06-10 19:36:08.277976 [f45a546f]   other_time: 7.9099462032318115
2024-06-10 19:36:08.277982 [f45a546f]   prepare_time: 8.397016763687134
2024-06-10 19:36:08.277988 [f45a546f]   scope: epoch
2024-06-10 19:36:08.277993 [f45a546f]   size: 4022003
2024-06-10 19:36:08.277999 [f45a546f]   split: train
2024-06-10 19:36:08.278004 [f45a546f]   timestamp: 1718044568.2712781
2024-06-10 19:36:08.278009 [f45a546f]   type: 1vsAll
2024-06-10 19:36:08.278563 [f45a546f] Finished epoch 3.
2024-06-10 19:36:08.279093 [f45a546f] Saving checkpoint to /bp1/mrcieu1/users/fu19841/kge/local/experiments/20240610-193035-RDK_n10_psi_nonzero/checkpoint_00003.pt...
2024-06-10 19:36:08.542755 [f45a546f] Removing old checkpoint /bp1/mrcieu1/users/fu19841/kge/local/experiments/20240610-193035-RDK_n10_psi_nonzero/checkpoint_00002.pt...
2024-06-10 19:36:08.568394 [f45a546f] Starting epoch 4...
2024-06-10 19:37:57.462017 [f45a546f] avg_cost: 10.861817099208993
2024-06-10 19:37:57.462037 [f45a546f] avg_loss: 10.861817099208993
2024-06-10 19:37:57.462041 [f45a546f] avg_penalties: {}
2024-06-10 19:37:57.462044 [f45a546f] avg_penalty: 0.0
2024-06-10 19:37:57.462046 [f45a546f] backward_time: 28.609527826309204
2024-06-10 19:37:57.462049 [f45a546f] batches: 15711
2024-06-10 19:37:57.462051 [f45a546f] entry_id: 6dae1dd7-154d-4d9b-9efb-fc94208bacdf
2024-06-10 19:37:57.462054 [f45a546f] epoch: 4
2024-06-10 19:37:57.462056 [f45a546f] epoch_time: 108.88892531394958
2024-06-10 19:37:57.462059 [f45a546f] event: epoch_completed
2024-06-10 19:37:57.462061 [f45a546f] forward_time: 58.9310085773468
2024-06-10 19:37:57.462064 [f45a546f] job: train
2024-06-10 19:37:57.462066 [f45a546f] job_id: f45a546f-d3f8-41b5-8390-12994f278a5c
2024-06-10 19:37:57.462069 [f45a546f] lr:
2024-06-10 19:37:57.462071 [f45a546f] - 0.010761
2024-06-10 19:37:57.462074 [f45a546f] num_parameters: 7906048
2024-06-10 19:37:57.462076 [f45a546f] optimizer_time: 5.078662395477295
2024-06-10 19:37:57.462079 [f45a546f] other_time: 7.8900346755981445
2024-06-10 19:37:57.462081 [f45a546f] prepare_time: 8.37969183921814
2024-06-10 19:37:57.462084 [f45a546f] scope: epoch
2024-06-10 19:37:57.462086 [f45a546f] size: 4022003
2024-06-10 19:37:57.462088 [f45a546f] split: train
2024-06-10 19:37:57.462091 [f45a546f] timestamp: 1718044677.45781
2024-06-10 19:37:57.462093 [f45a546f] type: 1vsAll
2024-06-10 19:37:57.465089 [f45a546f]   avg_cost: 10.861817099208993
2024-06-10 19:37:57.465102 [f45a546f]   avg_loss: 10.861817099208993
2024-06-10 19:37:57.465109 [f45a546f]   avg_penalties: {}
2024-06-10 19:37:57.465115 [f45a546f]   avg_penalty: 0.0
2024-06-10 19:37:57.465121 [f45a546f]   backward_time: 28.609527826309204
2024-06-10 19:37:57.465127 [f45a546f]   batches: 15711
2024-06-10 19:37:57.465132 [f45a546f]   entry_id: 6dae1dd7-154d-4d9b-9efb-fc94208bacdf
2024-06-10 19:37:57.465138 [f45a546f]   epoch: 4
2024-06-10 19:37:57.465143 [f45a546f]   epoch_time: 108.88892531394958
2024-06-10 19:37:57.465149 [f45a546f]   event: epoch_completed
2024-06-10 19:37:57.465155 [f45a546f]   forward_time: 58.9310085773468
2024-06-10 19:37:57.465160 [f45a546f]   job: train
2024-06-10 19:37:57.465166 [f45a546f]   job_id: f45a546f-d3f8-41b5-8390-12994f278a5c
2024-06-10 19:37:57.465171 [f45a546f]   lr:
2024-06-10 19:37:57.465177 [f45a546f]   - 0.010761
2024-06-10 19:37:57.465182 [f45a546f]   num_parameters: 7906048
2024-06-10 19:37:57.465188 [f45a546f]   optimizer_time: 5.078662395477295
2024-06-10 19:37:57.465193 [f45a546f]   other_time: 7.8900346755981445
2024-06-10 19:37:57.465199 [f45a546f]   prepare_time: 8.37969183921814
2024-06-10 19:37:57.465213 [f45a546f]   scope: epoch
2024-06-10 19:37:57.465219 [f45a546f]   size: 4022003
2024-06-10 19:37:57.465224 [f45a546f]   split: train
2024-06-10 19:37:57.465230 [f45a546f]   timestamp: 1718044677.45781
2024-06-10 19:37:57.465235 [f45a546f]   type: 1vsAll
2024-06-10 19:37:57.465968 [f45a546f] Finished epoch 4.
2024-06-10 19:37:57.466824 [f45a546f] Saving checkpoint to /bp1/mrcieu1/users/fu19841/kge/local/experiments/20240610-193035-RDK_n10_psi_nonzero/checkpoint_00004.pt...
2024-06-10 19:37:57.720367 [f45a546f] Removing old checkpoint /bp1/mrcieu1/users/fu19841/kge/local/experiments/20240610-193035-RDK_n10_psi_nonzero/checkpoint_00003.pt...
2024-06-10 19:37:57.747893 [f45a546f] Starting epoch 5...
2024-06-10 19:39:46.978374 [f45a546f] avg_cost: 10.840902215727132
2024-06-10 19:39:46.978394 [f45a546f] avg_loss: 10.840902215727132
2024-06-10 19:39:46.978397 [f45a546f] avg_penalties: {}
2024-06-10 19:39:46.978400 [f45a546f] avg_penalty: 0.0
2024-06-10 19:39:46.978403 [f45a546f] backward_time: 28.65920615196228
2024-06-10 19:39:46.978405 [f45a546f] batches: 15711
2024-06-10 19:39:46.978408 [f45a546f] entry_id: 1b06ead6-429b-4f44-bfc6-4feaf6e809a6
2024-06-10 19:39:46.978410 [f45a546f] epoch: 5
2024-06-10 19:39:46.978413 [f45a546f] epoch_time: 109.22571063041687
2024-06-10 19:39:46.978415 [f45a546f] event: epoch_completed
2024-06-10 19:39:46.978418 [f45a546f] forward_time: 59.215091705322266
2024-06-10 19:39:46.978420 [f45a546f] job: train
2024-06-10 19:39:46.978423 [f45a546f] job_id: f45a546f-d3f8-41b5-8390-12994f278a5c
2024-06-10 19:39:46.978426 [f45a546f] lr:
2024-06-10 19:39:46.978428 [f45a546f] - 0.010761
2024-06-10 19:39:46.978430 [f45a546f] num_parameters: 7906048
2024-06-10 19:39:46.978433 [f45a546f] optimizer_time: 5.074480056762695
2024-06-10 19:39:46.978435 [f45a546f] other_time: 7.85003924369812
2024-06-10 19:39:46.978438 [f45a546f] prepare_time: 8.426893472671509
2024-06-10 19:39:46.978440 [f45a546f] scope: epoch
2024-06-10 19:39:46.978443 [f45a546f] size: 4022003
2024-06-10 19:39:46.978445 [f45a546f] split: train
2024-06-10 19:39:46.978448 [f45a546f] timestamp: 1718044786.9741926
2024-06-10 19:39:46.978450 [f45a546f] type: 1vsAll
2024-06-10 19:39:46.981339 [f45a546f]   avg_cost: 10.840902215727132
2024-06-10 19:39:46.981352 [f45a546f]   avg_loss: 10.840902215727132
2024-06-10 19:39:46.981359 [f45a546f]   avg_penalties: {}
2024-06-10 19:39:46.981365 [f45a546f]   avg_penalty: 0.0
2024-06-10 19:39:46.981371 [f45a546f]   backward_time: 28.65920615196228
2024-06-10 19:39:46.981376 [f45a546f]   batches: 15711
2024-06-10 19:39:46.981382 [f45a546f]   entry_id: 1b06ead6-429b-4f44-bfc6-4feaf6e809a6
2024-06-10 19:39:46.981388 [f45a546f]   epoch: 5
2024-06-10 19:39:46.981393 [f45a546f]   epoch_time: 109.22571063041687
2024-06-10 19:39:46.981399 [f45a546f]   event: epoch_completed
2024-06-10 19:39:46.981404 [f45a546f]   forward_time: 59.215091705322266
2024-06-10 19:39:46.981410 [f45a546f]   job: train
2024-06-10 19:39:46.981415 [f45a546f]   job_id: f45a546f-d3f8-41b5-8390-12994f278a5c
2024-06-10 19:39:46.981421 [f45a546f]   lr:
2024-06-10 19:39:46.981426 [f45a546f]   - 0.010761
2024-06-10 19:39:46.981432 [f45a546f]   num_parameters: 7906048
2024-06-10 19:39:46.981437 [f45a546f]   optimizer_time: 5.074480056762695
2024-06-10 19:39:46.981443 [f45a546f]   other_time: 7.85003924369812
2024-06-10 19:39:46.981448 [f45a546f]   prepare_time: 8.426893472671509
2024-06-10 19:39:46.981454 [f45a546f]   scope: epoch
2024-06-10 19:39:46.981459 [f45a546f]   size: 4022003
2024-06-10 19:39:46.981465 [f45a546f]   split: train
2024-06-10 19:39:46.981470 [f45a546f]   timestamp: 1718044786.9741926
2024-06-10 19:39:46.981475 [f45a546f]   type: 1vsAll
2024-06-10 19:39:46.982241 [f45a546f] Finished epoch 5.
2024-06-10 19:39:49.579599 [f45a546f]   410609 distinct sp pairs in train
2024-06-10 19:39:49.660273 [f45a546f]   436465 distinct po pairs in train
2024-06-10 19:39:49.681370 [f45a546f]   172018 distinct sp pairs in valid
2024-06-10 19:39:49.709905 [f45a546f]   185647 distinct po pairs in valid
2024-06-10 19:39:49.731148 [f45a546f]   172203 distinct sp pairs in test
2024-06-10 19:39:49.763380 [f45a546f]   185728 distinct po pairs in test
2024-06-10 19:39:49.764455 [73b7c3e5] Evaluating on valid data (epoch 5)...
2024-06-10 19:39:50.454504 [f45a546f] Loaded relation index
2024-06-10 19:39:50.455237 [f45a546f]   965 relations of type M-N
2024-06-10 19:39:50.455885 [f45a546f]   10184 relations of type 1-1
2024-06-10 19:43:05.751354 [73b7c3e5] batches: 1964
2024-06-10 19:43:05.751380 [73b7c3e5] entry_id: 41209a66-cb48-49bd-b352-5774575ca96e
2024-06-10 19:43:05.751384 [73b7c3e5] epoch: 5
2024-06-10 19:43:05.751387 [73b7c3e5] epoch_time: 195.96723318099976
2024-06-10 19:43:05.751390 [73b7c3e5] event: eval_completed
2024-06-10 19:43:05.751393 [73b7c3e5] filter_splits:
2024-06-10 19:43:05.751396 [73b7c3e5] - train
2024-06-10 19:43:05.751398 [73b7c3e5] - valid
2024-06-10 19:43:05.751403 [73b7c3e5] hits_at_1: 0.0493494791656307
2024-06-10 19:43:05.751406 [73b7c3e5] hits_at_10: 0.1603726297908905
2024-06-10 19:43:05.751409 [73b7c3e5] hits_at_100: 0.6757589741243677
2024-06-10 19:43:05.751411 [73b7c3e5] hits_at_1000: 0.9625769018858242
2024-06-10 19:43:05.751414 [73b7c3e5] hits_at_1000_1-1: 0.9872057901635608
2024-06-10 19:43:05.751417 [73b7c3e5] hits_at_1000_M-N: 0.961686218580226
2024-06-10 19:43:05.751420 [73b7c3e5] hits_at_1000_filtered: 0.9646853014713049
2024-06-10 19:43:05.751422 [73b7c3e5] hits_at_1000_filtered_1-1: 0.9872057901635608
2024-06-10 19:43:05.751425 [73b7c3e5] hits_at_1000_filtered_M-N: 0.9638708666870016
2024-06-10 19:43:05.751428 [73b7c3e5] hits_at_1000_filtered_with_test: 0.9648951469017466
2024-06-10 19:43:05.751431 [73b7c3e5] hits_at_1000_filtered_with_test_1-1: 0.9872057901635608
2024-06-10 19:43:05.751434 [73b7c3e5] hits_at_1000_filtered_with_test_M-N: 0.9640883010032892
2024-06-10 19:43:05.751436 [73b7c3e5] hits_at_100_1-1: 0.9855530859976065
2024-06-10 19:43:05.751439 [73b7c3e5] hits_at_100_M-N: 0.6645555271597101
2024-06-10 19:43:05.751443 [73b7c3e5] hits_at_100_filtered: 0.774116809315148
2024-06-10 19:43:05.751446 [73b7c3e5] hits_at_100_filtered_1-1: 0.9855530859976065
2024-06-10 19:43:05.751449 [73b7c3e5] hits_at_100_filtered_M-N: 0.7664703918351867
2024-06-10 19:43:05.751452 [73b7c3e5] hits_at_100_filtered_with_test: 0.7838124638240401
2024-06-10 19:43:05.751454 [73b7c3e5] hits_at_100_filtered_with_test_1-1: 0.9855530859976065
2024-06-10 19:43:05.751457 [73b7c3e5] hits_at_100_filtered_with_test_M-N: 0.7765166816431851
2024-06-10 19:43:05.751460 [73b7c3e5] hits_at_10_1-1: 0.9844417849204993
2024-06-10 19:43:05.751462 [73b7c3e5] hits_at_10_M-N: 0.13057085267227805
2024-06-10 19:43:05.751465 [73b7c3e5] hits_at_10_filtered: 0.23648088218621147
2024-06-10 19:43:05.751468 [73b7c3e5] hits_at_10_filtered_1-1: 0.9844417849204993
2024-06-10 19:43:05.751471 [73b7c3e5] hits_at_10_filtered_M-N: 0.2094314968549311
2024-06-10 19:43:05.751473 [73b7c3e5] hits_at_10_filtered_with_test: 0.25513325682097104
2024-06-10 19:43:05.751476 [73b7c3e5] hits_at_10_filtered_with_test_1-1: 0.9844417849204993
2024-06-10 19:43:05.751479 [73b7c3e5] hits_at_10_filtered_with_test_M-N: 0.2287584191391662
2024-06-10 19:43:05.751481 [73b7c3e5] hits_at_1_1-1: 0.9791417336296804
2024-06-10 19:43:05.751484 [73b7c3e5] hits_at_1_M-N: 0.015724313896835145
2024-06-10 19:43:05.751489 [73b7c3e5] hits_at_1_filtered: 0.06514059643839594
2024-06-10 19:43:05.751492 [73b7c3e5] hits_at_1_filtered_1-1: 0.9791417336296804
2024-06-10 19:43:05.751494 [73b7c3e5] hits_at_1_filtered_M-N: 0.0320865038210732
2024-06-10 19:43:05.751497 [73b7c3e5] hits_at_1_filtered_with_test: 0.0783310227130329
2024-06-10 19:43:05.751500 [73b7c3e5] hits_at_1_filtered_with_test_1-1: 0.9791417336296804
2024-06-10 19:43:05.751502 [73b7c3e5] hits_at_1_filtered_with_test_M-N: 0.04575395091549121
2024-06-10 19:43:05.751505 [73b7c3e5] hits_at_200: 0.8602141020107369
2024-06-10 19:43:05.751508 [73b7c3e5] hits_at_200_1-1: 0.9856955604946716
2024-06-10 19:43:05.751510 [73b7c3e5] hits_at_200_M-N: 0.8556761691989349
2024-06-10 19:43:05.751513 [73b7c3e5] hits_at_200_filtered: 0.9054004865231496
2024-06-10 19:43:05.751517 [73b7c3e5] hits_at_200_filtered_1-1: 0.9856955604946716
2024-06-10 19:43:05.751524 [73b7c3e5] hits_at_200_filtered_M-N: 0.9024966818080642
2024-06-10 19:43:05.751527 [73b7c3e5] hits_at_200_filtered_with_test: 0.9087560243540043
2024-06-10 19:43:05.751530 [73b7c3e5] hits_at_200_filtered_with_test_1-1: 0.9856955604946716
2024-06-10 19:43:05.751532 [73b7c3e5] hits_at_200_filtered_with_test_M-N: 0.9059735698798855
2024-06-10 19:43:05.751535 [73b7c3e5] hits_at_3: 0.07733251649424865
2024-06-10 19:43:05.751538 [73b7c3e5] hits_at_300: 0.9211001072101299
2024-06-10 19:43:05.751540 [73b7c3e5] hits_at_300_1-1: 0.9858950247905626
2024-06-10 19:43:05.751543 [73b7c3e5] hits_at_300_M-N: 0.9187568527876934
2024-06-10 19:43:05.751546 [73b7c3e5] hits_at_300_filtered: 0.9394511398286627
2024-06-10 19:43:05.751548 [73b7c3e5] hits_at_300_filtered_1-1: 0.9858950247905626
2024-06-10 19:43:05.751551 [73b7c3e5] hits_at_300_filtered_M-N: 0.9377715352717619
2024-06-10 19:43:05.751553 [73b7c3e5] hits_at_300_filtered_with_test: 0.9406485516687187
2024-06-10 19:43:05.751556 [73b7c3e5] hits_at_300_filtered_with_test_1-1: 0.9858950247905626
2024-06-10 19:43:05.751559 [73b7c3e5] hits_at_300_filtered_with_test_M-N: 0.9390122505173081
2024-06-10 19:43:05.751562 [73b7c3e5] hits_at_3_1-1: 0.982874565452784
2024-06-10 19:43:05.751564 [73b7c3e5] hits_at_3_M-N: 0.04458433978285422
2024-06-10 19:43:05.751567 [73b7c3e5] hits_at_3_filtered: 0.11390529307748766
2024-06-10 19:43:05.751570 [73b7c3e5] hits_at_3_filtered_1-1: 0.982874565452784
2024-06-10 19:43:05.751572 [73b7c3e5] hits_at_3_filtered_M-N: 0.08247974048029282
2024-06-10 19:43:05.751575 [73b7c3e5] hits_at_3_filtered_with_test: 0.13226229286465865
2024-06-10 19:43:05.751578 [73b7c3e5] hits_at_3_filtered_with_test_1-1: 0.982874565452784
2024-06-10 19:43:05.751580 [73b7c3e5] hits_at_3_filtered_with_test_M-N: 0.1015006059307013
2024-06-10 19:43:05.751583 [73b7c3e5] hits_at_400: 0.941583408088696
2024-06-10 19:43:05.751586 [73b7c3e5] hits_at_400_1-1: 0.9862654584829316
2024-06-10 19:43:05.751588 [73b7c3e5] hits_at_400_M-N: 0.9399675188168275
2024-06-10 19:43:05.751591 [73b7c3e5] hits_at_400_filtered: 0.9499682745534072
2024-06-10 19:43:05.751595 [73b7c3e5] hits_at_400_filtered_1-1: 0.9862654584829316
2024-06-10 19:43:05.751598 [73b7c3e5] hits_at_400_filtered_M-N: 0.9486556170188208
2024-06-10 19:43:05.751601 [73b7c3e5] hits_at_400_filtered_with_test: 0.9505490789675207
2024-06-10 19:43:05.751604 [73b7c3e5] hits_at_400_filtered_with_test_1-1: 0.9862654584829316
2024-06-10 19:43:05.751606 [73b7c3e5] hits_at_400_filtered_with_test_M-N: 0.9492574257425742
