drug,selfloops_id,0,1,2,3,4,5,6,7,8,9,10,11,12,13,14,15,16,17,18,19,20,21,22,23,24,25,26,27,28,29,30,31,32,33,34,35,36,37,38,39,40,41,42,43,44,45,46,47,48,49,50,51,52,53,54,55,56,57,58,59,60,61,62,63,64,65,66,67,68,69,70,71,72,73,74,75,76,77,78,79,80,81,82,83,84,85,86,87,88,89,90,91,92,93,94,95,96,97,98,99,100,101,102,103,104,105,106,107,108,109,110,111,112,113,114,115,116,117,118,119,120,121,122,123,124,125,126,127,128,129,130,131,132,133,134,135,136,137,138,139,140,141,142,143,144,145,146,147,148,149,150,151,152,153,154,155,156,157,158,159,160,161,162,163,164,165,166,167,168,169,170,171,172,173,174,175,176,177,178,179,180,181,182,183,184,185,186,187,188,189,190,191,192,193,194,195,196,197,198,199,200,201,202,203,204,205,206,207,208,209,210,211,212,213,214,215,216,217,218,219,220,221,222,223,224,225,226,227,228,229,230,231,232,233,234,235,236,237,238,239,240,241,242,243,244,245,246,247,248,249,250,251,252,253,254,255
CID000003954,0,0.026867086067795753,-0.03194228932261467,-0.4913695454597473,0.1954769790172577,0.3609382212162018,0.09163478016853333,0.06535498052835464,-0.3755631744861603,0.013872811570763588,0.1579461395740509,0.3226448595523834,-0.06996762752532959,-0.04756442457437515,-0.1332416832447052,-0.15311786532402039,0.2620663642883301,0.6054302453994751,0.2998797297477722,-0.4940059781074524,-0.1096905916929245,0.042520344257354736,0.11570005118846893,0.5319941639900208,0.06723442673683167,-0.35451972484588623,-0.594896674156189,-0.12316999584436417,-0.2767077088356018,0.26249319314956665,-0.029887989163398743,0.9241245985031128,-0.04983881860971451,0.08478788286447525,0.16889652609825134,-0.5716429948806763,0.14667078852653503,0.37705904245376587,-0.3008866310119629,0.045191776007413864,0.037488408386707306,-0.18551291525363922,0.49096089601516724,-0.4744594991207123,0.2331378012895584,0.03075849451124668,-0.0011923052370548248,0.6205669045448303,-0.22141237556934357,-0.47601813077926636,0.10197484493255615,-0.6788272261619568,0.2567453980445862,0.4180341362953186,-0.22264361381530762,0.24348440766334534,-0.5243793725967407,0.07785257697105408,0.5914238691329956,0.2803950905799866,-0.0967763215303421,-0.004797634668648243,-0.07140699028968811,0.15649297833442688,0.8734841346740723,0.1079753190279007,0.22913527488708496,-0.07663805037736893,-0.11507157236337662,0.09181570261716843,-0.07477536052465439,-0.8874731063842773,0.13226382434368134,-0.6897996664047241,0.24702319502830505,0.11270289123058319,0.6169851422309875,0.6137298345565796,0.3307156264781952,0.613818883895874,-0.02631019428372383,0.17164702713489532,-0.4066813588142395,0.16566894948482513,-0.0612272210419178,0.01597776636481285,0.2855643630027771,-0.5897330641746521,0.1257062703371048,-0.04035239666700363,0.2771230936050415,-0.04138598218560219,-0.012117540463805199,0.019949469715356827,-0.2696565091609955,0.22963201999664307,-0.4703989624977112,-0.29394447803497314,0.21075570583343506,0.0009449329227209091,-0.43315452337265015,-0.01283979695290327,-0.06355955451726913,-0.09233194589614868,0.044483400881290436,0.314436137676239,-0.2829798758029938,0.470594584941864,0.15814948081970215,0.025455797091126442,0.03383945673704147,0.07814684510231018,0.06167534738779068,0.6338040232658386,-0.5662692189216614,0.2333642542362213,0.03214002773165703,-0.061819154769182205,0.008038496598601341,-0.20329508185386658,0.19583451747894287,-0.29215067625045776,-0.1468791514635086,0.05302247405052185,0.16300997138023376,-0.01288347877562046,-0.06444065272808075,0.35266509652137756,-0.16293227672576904,-0.1762501299381256,0.16462254524230957,-0.79803866147995,-0.19370996952056885,0.4111703932285309,0.49499082565307617,-0.1219717487692833,0.9279120564460754,-0.026610851287841797,-0.3524301052093506,0.41853103041648865,-0.007980835624039173,0.014368191361427307,-0.21832966804504395,0.03692508488893509,0.14243841171264648,0.20002314448356628,-0.2753339409828186,-0.5075136423110962,0.3262435793876648,-0.19971652328968048,-0.007508459500968456,0.535769522190094,-0.08085782080888748,-0.8200064897537231,-0.992058277130127,0.7866786122322083,-0.42986440658569336,-0.1742323338985443,-0.005495396442711353,-0.5906890630722046,-0.09032771736383438,-0.18524600565433502,-0.17617522180080414,-0.5851420164108276,0.06166218966245651,-0.5234946608543396,-0.061467647552490234,0.053266625851392746,-0.14845751225948334,0.5957404375076294,-0.5020239353179932,-0.29078805446624756,-0.017206167802214622,-0.1384139358997345,-0.13476906716823578,-0.6209267377853394,-0.24714529514312744,0.5649494528770447,0.07205034792423248,0.534713625907898,0.2248644083738327,0.7668129205703735,-0.04143381118774414,-0.28007617592811584,0.20942476391792297,0.06319957971572876,-0.42339888215065,0.13014687597751617,-0.3500070571899414,0.006399518344551325,-0.1572224646806717,-0.24454280734062195,0.6343547105789185,0.03742013871669769,-0.5135626792907715,-0.12644930183887482,-0.06492872536182404,-0.14321985840797424,0.10774209350347519,0.19414058327674866,-0.1624528020620346,0.33532339334487915,0.18643692135810852,0.031606268137693405,-0.06309875100851059,-0.36603760719299316,-0.19708918035030365,-0.227322056889534,-0.26377755403518677,-0.14004501700401306,0.10552667081356049,-0.44214558601379395,-0.048726171255111694,-0.20177412033081055,-0.36284324526786804,0.4758456349372864,-0.004964551422744989,-0.06699851900339127,-0.37529608607292175,-0.23044443130493164,0.1267055720090866,0.3695080578327179,-0.1655958592891693,0.22576527297496796,0.15279969573020935,-0.13414621353149414,0.14324994385242462,0.07382889091968536,-1.1541733741760254,-0.05360756069421768,-0.15398409962654114,0.019511353224515915,0.06948058307170868,0.2711772322654724,-0.3315068483352661,-0.8556268811225891,0.1900264471769333,0.010039265267550945,0.03176858276128769,-0.13076195120811462,-0.1424509584903717,0.23485514521598816,-0.28013330698013306,-0.22936418652534485,-0.08952521532773972,-0.2882536053657532,-0.45458030700683594,0.06603570282459259,0.016506295651197433,0.06672253459692001,0.14335398375988007,0.0630718469619751,0.028082290664315224,-0.032789196819067,-0.014601662755012512,0.2719549238681793,0.1526276171207428
CID000004829,1,0.04305765777826309,-0.17360533773899078,-0.5006727576255798,-0.06601722538471222,0.3456794321537018,-0.148506760597229,-0.0514339804649353,-0.4036915898323059,-0.22906187176704407,0.04283285140991211,0.3608044981956482,0.07592649757862091,-0.05666060373187065,-0.12039335817098618,-0.07432229816913605,0.2987424433231354,0.4877382814884186,0.018657894805073738,-0.32241231203079224,0.14991092681884766,-0.18067556619644165,-0.06269519776105881,0.34939390420913696,0.10802356898784637,-0.27661222219467163,-0.6905296444892883,-0.38306766748428345,-0.11418230831623077,0.15096762776374817,0.053056973963975906,0.5277875661849976,0.09423091262578964,-0.04712369292974472,0.4675694406032562,-0.3298693299293518,-0.012217460200190544,0.6284753680229187,-0.16068793833255768,0.09739269316196442,0.027356738224625587,-0.2729648947715759,0.46139344573020935,-0.1808348298072815,-0.01796228624880314,0.0185905359685421,0.1541774421930313,0.5998621582984924,0.060300447046756744,-0.6967744827270508,-0.009366733022034168,-0.6712207794189453,0.15545576810836792,0.3607085347175598,-0.1986810266971588,0.07571084797382355,-0.5480008125305176,-0.22992730140686035,0.6637052297592163,0.05462995916604996,-0.1191074401140213,0.01858302392065525,-0.2544420659542084,0.09993211925029755,0.6511162519454956,0.08193645626306534,0.28602632880210876,-0.07518993318080902,-0.0927545577287674,-0.051863692700862885,0.14267371594905853,-0.6235009431838989,0.18292690813541412,-0.48415669798851013,0.48690110445022583,-0.0390140563249588,0.384743869304657,0.3597097396850586,0.23606272041797638,0.9324501156806946,0.033051393926143646,0.006953537464141846,-0.19325289130210876,0.08283179253339767,-0.13141925632953644,0.29087311029434204,0.3906756043434143,-0.1760348379611969,0.0834776759147644,-0.17233583331108093,0.06469975411891937,-0.19448432326316833,-0.006761359982192516,-0.09255675226449966,0.07749606668949127,0.06676517426967621,-0.2043623924255371,-0.34385982155799866,0.14048217236995697,0.015042615123093128,-0.5606921315193176,-0.0406607910990715,-0.0417783260345459,0.1610107719898224,-0.12252487987279892,0.22881408035755157,-0.14352945983409882,0.6759073734283447,0.0850917249917984,0.2174399346113205,-0.11058993637561798,-0.11483931541442871,0.11531323194503784,0.5176267027854919,-0.3927761912345886,0.2563389241695404,-0.23751167953014374,-0.3855425715446472,0.08681982010602951,-0.0632362887263298,0.03388748690485954,-0.12543140351772308,-0.33306342363357544,0.009208658710122108,-0.028101641684770584,-0.06665319949388504,0.2079818993806839,0.13078375160694122,-0.012934781610965729,-0.24423937499523163,0.2268248349428177,-0.6276602745056152,-0.10846348851919174,0.3672095537185669,0.3342573940753937,0.12957443296909332,0.8281521797180176,0.11389259994029999,-0.13157734274864197,0.295828640460968,-0.09220574796199799,-0.21936650574207306,-0.32915982604026794,0.208926722407341,0.3820638656616211,0.1578124463558197,-0.12758973240852356,-0.4484807848930359,-0.08615433424711227,0.07266713678836823,-0.07370620965957642,0.4207687973976135,-0.10096760839223862,-0.6631921529769897,-0.6980811357498169,0.5475382804870605,-0.2668721079826355,0.3194207549095154,-0.0688071995973587,-0.44601455330848694,-0.009083936922252178,-0.15011118352413177,0.02163814939558506,-0.7159467935562134,0.015713421627879143,-0.4299936294555664,0.05552530288696289,-0.16005757451057434,-0.10190524905920029,0.4760342240333557,-0.46305379271507263,-0.2719874978065491,-0.19678665697574615,-0.0534377321600914,-0.24246160686016083,-0.6015790104866028,-0.015318268910050392,0.335693359375,0.090668685734272,0.4122766852378845,-0.08312185853719711,0.4569180905818939,-0.2220064401626587,-0.057216860353946686,0.10815360397100449,-0.06504496186971664,-0.40089845657348633,-0.018895920366048813,-0.30421680212020874,0.12517234683036804,-0.20943406224250793,-0.4951069951057434,0.9849858283996582,0.01963675394654274,-0.3109724819660187,-0.0277944914996624,-0.09254369884729385,-0.18709217011928558,0.0441715233027935,0.31352946162223816,-0.05780014395713806,0.3647356331348419,0.3756839632987976,-0.012341201305389404,0.07904978841543198,-0.44285327196121216,-0.2569088935852051,-0.1902126520872116,0.08152053505182266,-0.0643111914396286,-0.08458708226680756,0.07993586361408234,-0.030053993687033653,0.11629529297351837,-0.18526102602481842,0.7641937732696533,-0.0716019943356514,-0.17593558132648468,-0.2266375571489334,0.055813275277614594,0.264675110578537,0.1346205621957779,0.0318174734711647,0.08425360918045044,-0.06837861239910126,-0.14448583126068115,0.0024883211590349674,0.078586146235466,-0.8069223165512085,-0.2775889039039612,-0.08396416157484055,-0.11417005956172943,0.2854291796684265,0.17631474137306213,-0.2648252844810486,-0.5636132955551147,0.3084561228752136,0.07368018478155136,-0.20251984894275665,-0.008146023377776146,-0.2277076244354248,0.25998035073280334,-0.27026593685150146,-0.09074357151985168,-0.17823848128318787,0.050456028431653976,-0.19353385269641876,0.049882300198078156,-0.0018165588844567537,-0.03442519158124924,0.28422167897224426,0.013951385393738747,-0.023363027721643448,0.08957754075527191,-0.259272038936615,0.27212780714035034,0.023752087727189064
CID000004140,2,0.018706316128373146,-0.5574907064437866,-1.2504403591156006,-0.15373142063617706,0.49556437134742737,-0.033570289611816406,-0.07585962116718292,-0.7625445127487183,0.15179824829101562,-0.19322408735752106,0.4706011414527893,0.3357108235359192,-0.10419011116027832,-0.16622014343738556,-0.125881165266037,0.18301400542259216,0.48850226402282715,-0.060077376663684845,-0.35440951585769653,-0.15938496589660645,-0.583692193031311,-0.24988332390785217,0.5930401086807251,-0.28944000601768494,-1.156492829322815,-1.133047103881836,-0.2479042112827301,-0.2872200012207031,0.270415335893631,-0.050414640456438065,1.3983452320098877,-0.042204856872558594,-0.08780537545681,0.2583315074443817,-0.9140030741691589,-0.23474164307117462,0.35003751516342163,0.22607986629009247,0.1603052318096161,-0.1291719377040863,-0.2540605664253235,0.5446125864982605,-0.3675599694252014,-0.12223569303750992,0.3733358383178711,-0.33057084679603577,0.8038855791091919,-0.3018234670162201,-0.6912578344345093,0.0586036741733551,-0.7550350427627563,0.37492236495018005,0.6546837687492371,-0.25040632486343384,0.21512755751609802,-0.6699226498603821,-0.044886570423841476,1.0137895345687866,0.36452406644821167,0.015126800164580345,-0.14922885596752167,0.01609196700155735,-0.1604830026626587,1.1453039646148682,0.3803100287914276,0.9092751741409302,0.24574951827526093,-0.18817710876464844,-0.15937809646129608,0.13168731331825256,-1.2028290033340454,0.24643802642822266,-0.6078966856002808,0.13084325194358826,-0.07873166352510452,0.020107965916395187,0.3181522488594055,-0.17809303104877472,0.809521496295929,-0.06176753714680672,-0.132337749004364,-0.4465520977973938,-0.15145762264728546,0.12008986622095108,0.14837998151779175,0.1677444875240326,-0.9502420425415039,-0.059202224016189575,-0.1567011922597885,0.2797338366508484,-0.3569771647453308,-0.19329988956451416,-0.5450971722602844,0.4260401725769043,-0.2379457950592041,-0.25430765748023987,-0.06562419980764389,0.43169718980789185,0.23328538239002228,-1.1488367319107056,-0.4645346999168396,0.11881228536367416,0.19819191098213196,-0.30885666608810425,0.08401215076446533,-0.22070300579071045,0.48714518547058105,-0.5507344007492065,0.07465754449367523,0.018081318587064743,0.30431827902793884,0.43021565675735474,1.257442593574524,-1.035699486732483,0.12403292953968048,-0.06262683868408203,-0.16847750544548035,0.1200629323720932,0.26812103390693665,0.01345295924693346,-0.16851457953453064,0.0508849136531353,-0.4068986773490906,-0.15244296193122864,-0.12239231169223785,0.1117611974477768,0.22785770893096924,-0.11696980893611908,-0.20616431534290314,0.24463030695915222,-0.5608314275741577,0.37938347458839417,0.34123557806015015,0.21086354553699493,0.06961943209171295,0.667319118976593,-0.17393383383750916,-0.20518966019153595,0.5324383974075317,-0.2686648368835449,0.07127876579761505,-0.2066102921962738,0.026500266045331955,0.360298216342926,0.042423658072948456,0.0468791127204895,-0.6450014710426331,0.8247625231742859,0.378736674785614,-0.11806620657444,1.0417864322662354,-0.3969719409942627,-1.458452582359314,-1.5046823024749756,1.0122431516647339,-0.20821161568164825,0.018818389624357224,0.034199029207229614,-0.7474090456962585,0.29892346262931824,-0.014994660392403603,0.28810256719589233,-0.991839587688446,-0.14438405632972717,-0.5877748727798462,-0.072467140853405,-0.049525462090969086,0.1447240561246872,0.9851908683776855,-0.5696150660514832,-0.2759455740451813,0.10806454718112946,0.10725526511669159,0.363863080739975,-0.6551305651664734,-0.27431321144104004,0.49706554412841797,0.02689448557794094,0.6145188212394714,0.09042104333639145,0.33218660950660706,-0.05003092810511589,-0.4579312801361084,0.7597473859786987,-0.22901467978954315,-0.5429056286811829,0.02518308162689209,-0.00937873125076294,-0.2505042552947998,-0.30914396047592163,-0.51689612865448,1.2072123289108276,-0.11367233842611313,-0.21811823546886444,-0.29632052779197693,-0.3271867632865906,-0.23764455318450928,-0.07052864134311676,0.6917766332626343,-0.07863326370716095,0.8308559656143188,0.037051327526569366,-0.032651305198669434,0.7709895968437195,-0.36446788907051086,0.21798405051231384,-0.33740678429603577,0.07276304811239243,0.3770816922187805,0.09961654245853424,-0.6635209321975708,-0.31176072359085083,-0.06863969564437866,0.12067753076553345,0.8027331233024597,0.3341558575630188,-0.4052528738975525,-0.2588281035423279,0.10164313018321991,-0.14481382071971893,-0.043794095516204834,0.32660752534866333,-0.07572007179260254,0.0531461164355278,0.02196539007127285,0.25169020891189575,0.1419650763273239,-1.3347654342651367,-0.39518681168556213,0.04824643209576607,-0.030176496133208275,0.3282443881034851,0.47389936447143555,-0.31762462854385376,-1.735137701034546,0.1639219969511032,-0.07645632326602936,-0.149164080619812,-0.10354461520910263,-0.6762121915817261,0.627330482006073,-0.41786521673202515,-0.020867090672254562,-0.2542170584201813,-0.296118825674057,-0.519899308681488,-0.051695097237825394,-0.07085058838129044,0.40933021903038025,0.1408776044845581,-0.2476673573255539,-0.09517183154821396,0.5222234129905701,-0.38864755630493164,0.45114025473594666,0.22766228020191193
CID000002909,4,0.043150413781404495,-0.20557574927806854,-0.44127482175827026,0.1645316630601883,0.3287491500377655,-0.22107157111167908,-0.07597364485263824,-0.3370128273963928,-0.1810278594493866,0.22034795582294464,0.19629445672035217,0.0716152936220169,0.06016889214515686,-0.09358702600002289,-0.11614827811717987,0.20494885742664337,-0.014369388110935688,0.037901364266872406,-0.2617183029651642,-0.04557478427886963,-0.01771507039666176,0.16048654913902283,0.372602641582489,-0.020952289924025536,-0.44547805190086365,-0.6492611169815063,-0.4679979383945465,0.05316115543246269,0.01047535240650177,0.02436789870262146,0.49127739667892456,0.023906657472252846,-0.029761239886283875,0.46449047327041626,-0.19890804588794708,-0.02157871052622795,0.4239632487297058,-0.0804176777601242,0.1390683948993683,0.19813939929008484,-0.04421118274331093,0.1636834442615509,-0.3141072392463684,-0.18979977071285248,0.05863860249519348,0.054550059139728546,0.4088866114616394,-0.05896583944559097,-0.4131682813167572,0.08032988756895065,-0.9563544392585754,-0.026668798178434372,0.619836688041687,-0.27927926182746887,0.05381671339273453,-0.24196867644786835,-0.08226706087589264,0.6763955354690552,0.030922943726181984,-0.13846588134765625,-0.1934877336025238,-0.2021990269422531,0.027131715789437294,0.5204756259918213,0.05589652061462402,0.42213326692581177,-0.3050800561904907,-0.21815276145935059,-0.04273441433906555,0.10624814033508301,-0.5861926078796387,0.2592282295227051,-0.38053423166275024,0.6216139793395996,0.03041892684996128,0.30989962816238403,0.16176526248455048,-0.015721742063760757,0.7008246779441833,0.07205961644649506,-0.06644541025161743,-0.2752326726913452,0.14512763917446136,-0.21393045783042908,0.11174874007701874,0.33210158348083496,-0.12062875926494598,-0.061762791126966476,-0.09989836812019348,-0.02797272428870201,-0.10953481495380402,-0.06274329125881195,-0.095365509390831,0.0980340987443924,0.03760700672864914,-0.1430741399526596,-0.12355723232030869,0.22612538933753967,-0.07138732820749283,-0.771682858467102,-0.15155696868896484,-0.10839734971523285,0.21075470745563507,0.07108834385871887,0.2429686039686203,-0.013104906305670738,0.8793684840202332,0.10277526080608368,0.1699739694595337,-0.08811797946691513,-0.057875167578458786,0.0746196061372757,0.28997549414634705,-0.574471116065979,0.2633667588233948,-0.2782295048236847,-0.1715419590473175,-0.12459705770015717,-0.006386523135006428,0.13833937048912048,-0.3213743567466736,-0.4426238536834717,0.21641337871551514,-0.04763719439506531,0.08827710151672363,0.06987231224775314,0.17633125185966492,0.015452034771442413,-0.298006534576416,0.24025435745716095,-0.7041816711425781,-0.3010173738002777,0.277365505695343,0.3575892746448517,0.04701980948448181,0.8666176795959473,0.01987236924469471,-0.2562514841556549,0.07056412845849991,-0.057604528963565826,-0.08836683630943298,-0.12473490089178085,0.042489126324653625,0.13331365585327148,0.20142695307731628,-0.03250398114323616,-0.3289986252784729,0.08817306905984879,-0.10026048123836517,-0.14229726791381836,0.5591920018196106,-0.1610093116760254,-0.4902907907962799,-0.5925977230072021,0.3371198773384094,-0.031649719923734665,0.1515301614999771,0.09887789934873581,-0.49989861249923706,-0.034434735774993896,0.02472967840731144,0.19430920481681824,-0.7790369987487793,0.03584364056587219,-0.40620723366737366,0.024775486439466476,-0.030136719346046448,-0.143939808011055,0.7119508385658264,-0.5806084871292114,-0.2079765796661377,-0.22337433695793152,-0.05832100659608841,-0.17061734199523926,-0.4282239079475403,0.001667168689891696,0.33932656049728394,0.06655238568782806,0.4122667908668518,-0.023494984954595566,0.35288283228874207,-0.11347715556621552,-0.09454768896102905,0.49476566910743713,-0.18640467524528503,-0.41200900077819824,0.04780507832765579,-0.22970528900623322,-0.0035222291480749846,-0.2082701176404953,-0.2547815442085266,0.8622227907180786,0.026488322764635086,-0.3379935324192047,0.21803569793701172,-0.04384441301226616,0.04320121183991432,0.1891893595457077,0.3977036774158478,-0.21209533512592316,0.1920582354068756,0.43496498465538025,-0.09168139100074768,0.11499607563018799,-0.4489936828613281,-0.3802102208137512,-0.3320598006248474,0.1396360993385315,-0.14416339993476868,-0.09093241393566132,0.04249046370387077,-0.06575556099414825,-0.0030371248722076416,-0.25033995509147644,0.6818381547927856,0.012036478146910667,-0.07157529890537262,-0.06921470165252686,-0.13725949823856354,0.24729228019714355,0.21935757994651794,0.02966972626745701,0.08457095921039581,-0.2269395887851715,0.0542721152305603,0.21642127633094788,0.0547870397567749,-0.48381680250167847,-0.16083423793315887,-0.14336159825325012,-0.1819113940000534,0.010320425033569336,0.11951509863138199,-0.17127947509288788,-0.3842909634113312,0.24439199268817902,0.09319580346345901,-0.2551570534706116,0.028375040739774704,-0.022087713703513145,0.7060624361038208,-0.24024200439453125,-0.14062702655792236,-0.21898524463176727,-0.1011408343911171,-0.4947166442871094,-0.03471967950463295,0.11878693103790283,-0.2506095767021179,0.35287266969680786,0.2390865981578827,-0.08450119942426682,0.13467666506767273,0.02240760624408722,0.10919862985610962,0.03995732590556145
CID000003676,5,0.19535668194293976,-0.1849951446056366,-0.4328640103340149,0.1259387731552124,0.38709428906440735,-0.16536088287830353,-0.048228729516267776,-0.5478366613388062,-0.21539077162742615,0.16471879184246063,0.37165868282318115,0.057193558663129807,-0.19788525998592377,-0.16010037064552307,-0.12732157111167908,0.13501395285129547,0.6868193745613098,0.07983995974063873,-0.2911214828491211,-0.1346443146467209,-0.08252771198749542,0.2192040979862213,0.4980308413505554,0.0699881836771965,-0.510415256023407,-0.3393600583076477,-0.03391202911734581,-0.47436705231666565,-0.0375107079744339,-0.013186785392463207,0.6340283155441284,0.03397166728973389,0.043643586337566376,0.028263896703720093,-0.3257603645324707,0.046260934323072433,0.9241970181465149,-0.2933341860771179,-0.13618579506874084,0.0443289577960968,-0.2800256907939911,0.6862417459487915,-0.25136062502861023,-0.3414176106452942,-0.04783650487661362,-0.11398742347955704,0.3816160261631012,-0.28617608547210693,-0.2331070452928543,0.012617143802344799,-1.0340704917907715,0.5742398500442505,0.5438700914382935,-0.08818495273590088,0.35534730553627014,-0.25639116764068604,-0.04632563516497612,0.4978123605251312,0.11708766222000122,-0.18915723264217377,-0.00431747455149889,-0.3927444815635681,0.05507265403866768,0.8767558932304382,0.09955979883670807,0.3737059235572815,-0.23445382714271545,-0.0318172387778759,0.09162750840187073,0.19412469863891602,-1.2353861331939697,-0.021309468895196915,-0.5662686228752136,0.1665474772453308,-0.06498195976018906,0.788029134273529,0.6213224530220032,-0.08483947813510895,0.6012575626373291,-0.028240442276000977,-0.08279069513082504,-0.3395587205886841,-0.05676500126719475,-0.18398280441761017,0.09279762208461761,0.12774823606014252,-0.4881000518798828,0.1592847853899002,-0.10890954732894897,-0.19253429770469666,-0.07561520487070084,0.011312362737953663,-0.2809070944786072,-0.10657850652933121,-0.030931508168578148,-0.3580954372882843,-0.0662040263414383,0.06156039237976074,-0.1820065677165985,-0.5571829080581665,-0.19458241760730743,-0.05216975137591362,-0.14635644853115082,0.1943701058626175,0.07056830078363419,-0.1641150563955307,0.5806447267532349,0.02716389298439026,0.35142093896865845,-0.0018510125810280442,0.13806356489658356,0.1912449449300766,0.8594949841499329,-0.7671158313751221,-0.05018472671508789,-0.23822736740112305,0.06460447609424591,-0.22630548477172852,-0.05234634876251221,0.1315087229013443,0.003940796945244074,-0.3392411172389984,0.09138572216033936,0.24940767884254456,-0.22081008553504944,0.007735827472060919,0.06356703490018845,-0.04493275657296181,-0.22646459937095642,0.26367026567459106,-0.6585861444473267,-0.25078004598617554,0.3902924060821533,0.04356466978788376,-0.05645618587732315,0.7524893879890442,-0.19165849685668945,-0.2926945090293884,0.3280588388442993,-0.0013217866653576493,0.20022061467170715,0.06688936054706573,0.14103864133358002,0.012618680484592915,0.020002450793981552,-0.05283622071146965,-0.3009098172187805,0.4849218428134918,0.07876460999250412,-0.11931423842906952,0.6549741625785828,-0.0769692063331604,-0.9287757873535156,-0.6540611386299133,0.9156363606452942,-0.28560870885849,0.06118016690015793,0.04365686699748039,-0.4465270936489105,-0.03291605785489082,-0.02033933997154236,-0.11092891544103622,-0.6089479923248291,0.05641709640622139,-0.444580078125,-0.4651717245578766,0.11932401359081268,0.0009345069411210716,0.6994922757148743,-0.4572690427303314,-0.35367101430892944,-0.10717993974685669,0.09464558213949203,0.07484917342662811,-0.5762234926223755,-0.35389289259910583,0.6351097822189331,-0.032467447221279144,0.3729257583618164,-0.05235568806529045,0.3867519795894623,-0.23415085673332214,-0.31482982635498047,0.46704134345054626,-0.1944427490234375,-0.6184497475624084,-0.05374470353126526,-0.12488025426864624,-0.07048600167036057,-0.3819865584373474,0.09289459139108658,0.4747568964958191,-0.26348963379859924,-0.2063840627670288,-0.0695580318570137,-0.06742410361766815,0.29066067934036255,-0.03159810230135918,0.0760551318526268,0.07390090078115463,0.4206857681274414,-0.015596682205796242,0.10398397594690323,-0.2745712995529175,-0.3603198826313019,-0.1302568018436432,-0.5078463554382324,-0.031158143654465675,0.12894590198993683,-0.0019879043102264404,0.1808929294347763,-0.16591642796993256,0.2276093065738678,-0.3013714849948883,0.4502761960029602,-0.07555271685123444,-0.1582556664943695,0.054403066635131836,0.12552885711193085,0.09598968923091888,0.15767541527748108,-0.15391626954078674,0.14353887736797333,0.24744565784931183,-0.0008950164774432778,0.003233775496482849,0.13593021035194397,-0.8481278419494629,-0.21910910308361053,-0.05164096876978874,0.1943647861480713,0.11160491406917572,0.005453350953757763,-0.356092631816864,-0.7046893239021301,-0.19885632395744324,0.0957777351140976,0.12884442508220673,-0.053014546632766724,0.03591214865446091,0.49045902490615845,-0.3419026732444763,-0.050052203238010406,-0.39252859354019165,-0.19082245230674744,-0.6087926626205444,-0.09134671837091446,-0.07363735139369965,0.01735096052289009,0.26087647676467896,0.27308136224746704,0.11675921827554703,0.27936726808547974,0.0584506094455719,-0.05148487165570259,0.16179470717906952
CID000003339,8,0.1455255150794983,-0.13101038336753845,-0.4840865135192871,0.1518622487783432,0.36071163415908813,-0.19184090197086334,-0.08195998519659042,-0.5928778052330017,-0.13860586285591125,-0.08468298614025116,0.35664135217666626,0.19522032141685486,-0.06051666662096977,0.049874790012836456,0.07286527007818222,0.16371172666549683,0.799113392829895,0.016157720237970352,-0.16875573992729187,0.1706867516040802,-0.1557874083518982,-0.08550670742988586,0.4972410202026367,-0.024826880544424057,-0.3031724989414215,-0.5238724946975708,-0.2695935368537903,-0.07098858058452606,0.13531938195228577,-0.13459046185016632,0.24952559173107147,0.03285033255815506,-0.11573271453380585,0.22574372589588165,-0.08878941833972931,0.17944610118865967,0.9463760256767273,-0.03470927104353905,0.005176651291549206,0.00990980863571167,-0.12056185305118561,0.7537795901298523,-0.3142881989479065,-0.10408397763967514,-0.03540729731321335,0.07012609392404556,0.5584380030632019,-0.1386033147573471,-0.580447793006897,0.05521965026855469,-0.30418896675109863,0.311725914478302,0.2747364640235901,-0.26866453886032104,0.22791080176830292,-0.2641347050666809,-0.2094762772321701,0.6607221364974976,-0.014974713325500488,-0.06425504386425018,0.06109306961297989,-0.2719686031341553,0.1606213003396988,0.7526868581771851,-0.002679681871086359,0.1392194926738739,-0.23123519122600555,0.10462228953838348,0.09006616473197937,0.0717887133359909,-0.5539392232894897,0.10156549513339996,-0.5376656651496887,0.5755389928817749,0.12332622706890106,0.356509804725647,0.618243396282196,0.3810204565525055,0.38457703590393066,0.006395852658897638,-0.08634229004383087,-0.21897713840007782,0.04818369820713997,0.033738236874341965,0.14518922567367554,0.3277050852775574,-0.14903593063354492,-0.02638116478919983,-0.03856677934527397,0.024233467876911163,-0.17781715095043182,-0.02960864268243313,-0.08184296637773514,-0.025874782353639603,0.03867859020829201,-0.030576661229133606,-0.26265084743499756,0.16895538568496704,-0.02971591055393219,-0.5353370904922485,-0.08638138324022293,-0.1680484116077423,0.014563051052391529,-0.036186348646879196,0.17942684888839722,-0.23931431770324707,0.6181419491767883,-0.0011570811038836837,0.2098398506641388,-0.13307034969329834,-0.10919588804244995,0.00403179507702589,0.30928486585617065,-0.0703204944729805,0.1500738114118576,-0.3269878923892975,-0.3308982849121094,-0.04615047946572304,-0.21961207687854767,0.004899471998214722,-0.18815955519676208,-0.35089004039764404,0.1121489554643631,0.19247275590896606,0.07832012325525284,0.12260115146636963,0.136149063706398,-0.01936023309826851,-0.19286838173866272,0.11969204246997833,-0.577768087387085,-0.2556997239589691,0.28044968843460083,0.1642341911792755,0.06514765322208405,0.609076976776123,-0.013053536415100098,-0.036287933588027954,0.2946891188621521,-0.3131599724292755,-0.08141253888607025,-0.2250046283006668,0.07882453501224518,0.09249423444271088,0.08883167803287506,0.06241637468338013,-0.13857923448085785,-0.016368871554732323,-0.009495170786976814,0.010892975144088268,0.19711047410964966,-0.13238096237182617,-0.2682840824127197,-0.6553253531455994,0.45534807443618774,-0.35852962732315063,0.12463708221912384,0.1140584796667099,-0.518389880657196,-0.06920000910758972,0.026813292875885963,-0.19329425692558289,-0.7223144769668579,0.004202906973659992,-0.4127574563026428,0.0938979759812355,-0.04192978888750076,-0.13509497046470642,0.3832241892814636,-0.33325523138046265,-0.29920631647109985,-0.14772067964076996,-0.1335844248533249,-0.15606652200222015,-0.52623450756073,-0.2457261085510254,0.2769651412963867,0.0438418872654438,0.501235842704773,-0.2955300211906433,0.41339293122291565,0.06526056677103043,-0.23897099494934082,0.304495632648468,0.032464247196912766,-0.19184686243534088,-0.11997685581445694,-0.2151116579771042,-0.2013828456401825,-0.10457292944192886,-0.41220974922180176,0.6963039636611938,0.009688419289886951,-0.5115285515785217,0.031760524958372116,-0.09440980851650238,-0.16830964386463165,-0.07471980154514313,0.31445780396461487,0.051829565316438675,0.3440819978713989,0.37958407402038574,-0.13499675691127777,-0.009654891677200794,-0.1830229014158249,-0.18490564823150635,-0.17699594795703888,0.059468336403369904,0.02419634722173214,-0.10217072814702988,-0.021007072180509567,0.061142999678850174,-0.0564541295170784,-0.18615786731243134,0.5754510164260864,-0.13312627375125885,-0.05159471556544304,-0.11123932898044586,0.019791122525930405,-0.01394633948802948,0.35946065187454224,0.005585759878158569,0.1440173089504242,-0.03213641047477722,-0.13711902499198914,0.04199127480387688,-0.012435365468263626,-0.6168376207351685,-0.19890838861465454,-0.010433727875351906,0.07644940912723541,0.20796474814414978,0.05866147205233574,-0.23917202651500702,-0.45266446471214294,0.0001496136246714741,0.08315524458885193,-0.17563065886497498,0.021266557276248932,-0.08020372688770294,0.359413206577301,-0.31818145513534546,0.03994391858577728,-0.30180659890174866,-0.041540563106536865,-0.219106525182724,0.058394335210323334,0.007613492198288441,-0.1763419657945633,0.2708325982093811,0.1001690998673439,0.09596800059080124,0.033301956951618195,-0.276984304189682,0.07777778804302216,0.010545587167143822
CID000005656,9,-0.037419673055410385,-0.03918503597378731,-0.5201753973960876,-0.12567751109600067,0.5741948485374451,-0.06139747053384781,-0.1353003978729248,-0.3422142565250397,0.1640218198299408,-0.10472387075424194,0.4178793430328369,-0.0955713614821434,-0.16790586709976196,-0.18512429296970367,-0.14002655446529388,0.27733129262924194,1.0327441692352295,-0.07047859579324722,-0.16691136360168457,0.3160693645477295,-0.44064468145370483,-0.14036360383033752,0.39168497920036316,0.20495715737342834,-0.2519921660423279,-0.5954674482345581,-0.030079949647188187,-0.38631632924079895,0.4533059000968933,-0.25697654485702515,0.9870824813842773,0.1397635042667389,-0.029545804485678673,0.22281642258167267,-0.7641488313674927,0.2087630331516266,1.123241662979126,-0.1870962232351303,0.12147728353738785,-0.10243353992700577,-0.6832721829414368,1.0353622436523438,-0.16442760825157166,-0.07316207885742188,-0.018760211765766144,0.007510542869567871,0.7237190008163452,0.11649487167596817,-0.6542705297470093,0.013185545802116394,-0.43904346227645874,0.21143443882465363,0.2452167570590973,-0.35385072231292725,0.11249776184558868,-0.4738771319389343,-0.16203907132148743,0.536931037902832,-0.19612136483192444,-0.22451381385326385,-0.1513504832983017,-0.178715318441391,0.08167089521884918,0.740062415599823,0.4032162129878998,0.3267439007759094,0.24340371787548065,-0.025109659880399704,0.06154724210500717,0.031628966331481934,-0.8899832963943481,0.05035125091671944,-0.8860131502151489,0.3348938822746277,0.07387333363294601,0.2563990354537964,0.8141658902168274,0.32841119170188904,0.48454076051712036,0.055838994681835175,-0.024234121665358543,-0.391071617603302,-0.0706218034029007,-0.10247375071048737,0.2031141072511673,0.2706138789653778,-0.6119152307510376,0.11283233016729355,0.15396800637245178,0.1547374427318573,-0.10861967504024506,-0.1390375792980194,0.07891939580440521,-0.1294226348400116,0.0561382882297039,-0.17295585572719574,-0.24467571079730988,0.22075633704662323,-0.05367071554064751,-0.49380993843078613,-0.21279239654541016,-0.18195335566997528,-0.11817425489425659,-0.16998349130153656,-0.03505672886967659,-0.4075241684913635,0.6328032612800598,0.020867737010121346,0.18104124069213867,0.08204424381256104,-0.07570089399814606,0.2570442259311676,0.806606650352478,-0.5831922888755798,0.16182413697242737,-0.19213107228279114,-0.16934557259082794,0.36649712920188904,-0.14805868268013,0.13621187210083008,-0.07045695930719376,-0.23827104270458221,0.09939844906330109,0.04555637761950493,0.16772624850273132,0.12378618866205215,0.2463609278202057,0.1398715376853943,-0.12086846679449081,0.02985885739326477,-0.7898790836334229,0.026140976697206497,0.5209307670593262,0.15583014488220215,0.06269215047359467,0.836616039276123,-0.02688879892230034,-0.33605703711509705,0.2964572310447693,0.02316277101635933,-0.1389811933040619,-0.20317432284355164,-0.041533179581165314,0.2796899676322937,0.12144508212804794,0.0754275694489479,-0.24886047840118408,-0.18484733998775482,0.15191596746444702,-0.2848507761955261,0.5270188450813293,0.18566888570785522,-0.8546265363693237,-1.0111291408538818,1.0193997621536255,-0.44138479232788086,-0.2763688266277313,0.1686476171016693,-0.23349368572235107,-0.07660246640443802,-0.14810846745967865,-0.06773477047681808,-0.4757811427116394,0.16285215318202972,-0.6363102197647095,-0.07254863530397415,-0.20842516422271729,-0.08289702236652374,0.3341497778892517,-0.2652580142021179,-0.23235121369361877,0.01756175421178341,-0.09329287707805634,-0.17093539237976074,-0.6930049061775208,0.1702585518360138,0.4736782908439636,-0.22376160323619843,0.49979352951049805,-0.12298949062824249,0.5735886096954346,0.07524923235177994,-0.11416193097829819,0.01712154969573021,-0.05071050673723221,-0.44094792008399963,-0.24758271872997284,-0.4214072823524475,-0.1323687732219696,-0.1766165792942047,-0.3535531461238861,0.9170414805412292,-0.2419968545436859,-0.18488158285617828,-0.250488817691803,0.01008558925241232,-0.22389371693134308,-0.17058540880680084,0.14762434363365173,0.029862279072403908,0.3134080767631531,0.2694644629955292,-0.07615572214126587,0.12281258404254913,-0.23533110320568085,-0.025084516033530235,-0.4104642868041992,-0.09123513102531433,0.14311829209327698,0.029652073979377747,-0.09475061297416687,-0.13261666893959045,0.05801357701420784,-0.15801028907299042,0.6381772756576538,-0.17813734710216522,0.023890649899840355,-0.26078152656555176,-0.022324804216623306,0.12083330005407333,0.049856606870889664,0.04215239733457565,0.3235195577144623,0.17668648064136505,-0.2289959192276001,0.18820112943649292,-0.04061371833086014,-0.9480451345443726,-0.19807259738445282,-0.19619660079479218,0.20533967018127441,0.25594067573547363,0.045990534126758575,-0.41407546401023865,-0.8148446083068848,0.009542560204863548,0.10584069788455963,0.07838497310876846,-0.009141643531620502,-0.26192721724510193,0.10816514492034912,-0.26947829127311707,-0.07209648191928864,-0.1990862488746643,-0.23250620067119598,-0.10163053125143051,-0.11266858875751495,0.06639918684959412,-0.03505483269691467,0.14668022096157074,-0.02327314205467701,0.0004875659942626953,-0.2159506380558014,-0.039314717054367065,0.2670387625694275,-0.023586302995681763
CID000000853,10,0.03823889419436455,-0.14500553905963898,-0.5890140533447266,-0.053653717041015625,0.3670062720775604,-0.0923159122467041,-0.014160623773932457,-0.40202754735946655,-0.27978014945983887,-0.055003535002470016,0.33089548349380493,0.02043125592172146,-0.10312314331531525,0.023483430966734886,0.0005031459149904549,0.2981507182121277,0.8697088956832886,0.10455745458602905,-0.4446679949760437,0.04720166325569153,-0.16526606678962708,-0.1182035431265831,0.4411766529083252,0.16013535857200623,-0.30387455224990845,-0.6749328970909119,-0.29415595531463623,-0.170827716588974,0.2017529308795929,0.04725087061524391,0.5169245600700378,0.0517156720161438,-0.06789513677358627,0.48474112153053284,-0.5118823051452637,0.0457320511341095,1.0567487478256226,-0.2341500073671341,0.026524007320404053,0.05432211607694626,-0.4768299460411072,0.9812095761299133,-0.16402873396873474,0.03529110178351402,-0.03453293442726135,0.06437812745571136,0.707740068435669,0.1703319251537323,-0.7714284658432007,0.0022497207392007113,-0.5277284383773804,0.18521730601787567,0.23503687977790833,-0.12066187709569931,0.23838528990745544,-0.5454632043838501,-0.22034482657909393,0.853477954864502,0.09517333656549454,-0.14661642909049988,0.15706154704093933,-0.23771286010742188,0.06918999552726746,0.6734968423843384,0.1421951949596405,0.12827348709106445,0.048819057643413544,-0.053862471133470535,-0.03792961686849594,0.11084069311618805,-0.8263843655586243,0.07558683305978775,-0.4658937454223633,0.4577946662902832,-0.0052370368503034115,0.4033443033695221,0.6553047895431519,0.28623318672180176,0.662317156791687,0.07230301201343536,0.03661595657467842,-0.15231594443321228,0.09353354573249817,-0.08959412574768066,0.2637479901313782,0.47186002135276794,-0.32580816745758057,0.17441779375076294,-0.15423840284347534,0.0779757872223854,0.01879012957215309,0.016883721575140953,-0.06059352308511734,0.018793385475873947,0.11238310486078262,-0.243129163980484,-0.3036966025829315,0.07407969236373901,0.029973110184073448,-0.6102175116539001,-0.011156993918120861,-0.025861939415335655,0.19462713599205017,-0.1173490658402443,0.2755280137062073,-0.2379620522260666,0.701400876045227,0.11799055337905884,0.11153094470500946,-0.037551458925008774,-0.07247184216976166,0.039554107934236526,0.5902480483055115,-0.2558819353580475,0.24993261694908142,-0.12994828820228577,-0.25851356983184814,0.1392410546541214,-0.12186186015605927,0.11226518452167511,-0.1463174819946289,-0.2866457402706146,0.03475255146622658,0.006321957800537348,-0.10654208809137344,0.12251349538564682,0.19616085290908813,0.007508653216063976,-0.16937746107578278,0.21197600662708282,-0.699283242225647,-0.1157548651099205,0.3774743676185608,0.24171745777130127,0.07089980691671371,0.9266478419303894,0.2093295156955719,-0.04350735992193222,0.2736825942993164,-0.07402827590703964,-0.2530807554721832,-0.21206489205360413,0.30786651372909546,0.3813328146934509,0.10054560005664825,-0.21916215121746063,-0.5087510943412781,-0.07945544272661209,0.09553147852420807,-0.08045617491006851,0.2964199185371399,-0.04490404576063156,-0.6522397398948669,-0.8103774785995483,0.6857133507728577,-0.32383036613464355,0.17597416043281555,-0.009046482853591442,-0.5007971525192261,-0.0184169951826334,-0.12781743705272675,-0.09320875257253647,-0.5531562566757202,0.007340031675994396,-0.39240142703056335,-0.06121157482266426,-0.1443522870540619,-0.05880402773618698,0.319698303937912,-0.2869076132774353,-0.2123056948184967,-0.16172996163368225,-0.01631825417280197,-0.23045027256011963,-0.6357141733169556,-0.007294015493243933,0.3026287853717804,0.1950611025094986,0.4090898931026459,-0.012112284079194069,0.5183646082878113,-0.23454666137695312,-0.22596624493598938,0.16206048429012299,-0.10646958649158478,-0.3405623435974121,0.017222493886947632,-0.3268142342567444,0.04315638169646263,-0.16031643748283386,-0.5211493372917175,0.8946160078048706,-0.028590494766831398,-0.3062787652015686,-0.07937322556972504,-0.11361702531576157,-0.17369872331619263,-0.008654375560581684,0.27594655752182007,-0.07860957086086273,0.3394013047218323,0.40245428681373596,0.04070937633514404,0.10821108520030975,-0.2535272538661957,-0.13028693199157715,-0.19539807736873627,0.014320166781544685,-0.07709743082523346,-0.077550008893013,0.018890855833888054,0.013242339715361595,0.10944447666406631,-0.2660351097583771,0.7204360365867615,-0.3121822476387024,-0.26138341426849365,-0.15680502355098724,-0.1424744576215744,0.18711653351783752,0.17093141376972198,-0.0550168976187706,0.1468893438577652,-0.036946751177310944,-0.16635632514953613,-0.05778055265545845,0.0991164967417717,-0.7943980693817139,-0.16263334453105927,-0.046072203665971756,-0.078582763671875,0.39803022146224976,0.19559159874916077,-0.27740734815597534,-0.6006609201431274,0.19844874739646912,0.06987869739532471,-0.20726683735847473,-0.06476153433322906,-0.18826548755168915,0.22484245896339417,-0.2411326915025711,-0.06708188354969025,-0.1489785611629486,-0.15038332343101501,-0.2094813585281372,-0.004673723131418228,0.017347121611237526,-0.07015031576156616,0.38905832171440125,-0.010602837428450584,0.01150196511298418,0.04642602056264877,-0.19041435420513153,0.28057944774627686,-0.039578646421432495
CID000119607,11,0.05479128286242485,-0.19876310229301453,-0.541946291923523,0.2782832384109497,0.34356439113616943,-0.10667093098163605,-0.1526613086462021,-0.5947149991989136,-0.18470549583435059,-0.0827983170747757,0.21682682633399963,0.10473018884658813,-0.08354751765727997,0.03826642408967018,0.07224970310926437,0.18172483146190643,0.39662739634513855,0.04713130742311478,-0.10569155216217041,0.18099161982536316,-0.0979105681180954,0.08090502768754959,0.45823368430137634,-0.02618752419948578,-0.46484360098838806,-0.6719082593917847,-0.5780748128890991,0.23438923060894012,-0.09388984739780426,-0.03238443285226822,0.503150463104248,0.07442913204431534,-0.03889818862080574,0.6134064793586731,-0.07702784240245819,0.22295573353767395,1.5048596858978271,-0.19056788086891174,0.03895888477563858,0.1680712252855301,0.07182388752698898,0.5926367044448853,-0.386249303817749,0.010141859762370586,-0.05362250655889511,0.05323299020528793,0.5663570165634155,-0.2877792716026306,-0.3540031611919403,-0.02795485593378544,-0.3143066465854645,0.15084779262542725,0.2737240493297577,-0.2677619755268097,0.2627141773700714,-0.1737295687198639,-0.2934446930885315,0.4121894836425781,-0.013018625788390636,-0.10446946322917938,-0.0766693726181984,-0.22726400196552277,-0.08396492898464203,0.6176937222480774,0.029697585850954056,0.1264038383960724,-0.1448458731174469,-0.2055509388446808,0.025682657957077026,0.048782095313072205,-0.538779616355896,0.23166099190711975,-0.6045119762420654,0.5227063894271851,0.001077157212421298,0.3567673861980438,0.7160691618919373,0.1857493370771408,0.3500937819480896,0.0350438728928566,0.037416812032461166,-0.16541649401187897,0.14718826115131378,0.0046202391386032104,0.10374323278665543,0.3636767566204071,-0.10832931101322174,-0.1306651532649994,-0.09484665095806122,0.10044312477111816,-0.20779995620250702,-0.07467303425073624,-0.0539943091571331,0.02860116958618164,0.14796669781208038,-0.036644548177719116,0.014031102880835533,0.21562285721302032,-0.029804706573486328,-0.7562922239303589,-0.05719735473394394,-0.21107721328735352,0.1805844008922577,0.0031629358418285847,0.3011901080608368,0.029360387474298477,0.9481170773506165,-0.12276776880025864,0.3353320360183716,-0.07269486784934998,-0.10704775899648666,-0.01335100270807743,0.15740527212619781,-0.05524604395031929,0.16787132620811462,-0.4496048092842102,-0.3824506103992462,-0.03432298079133034,-0.11293216049671173,0.18501311540603638,-0.23251020908355713,-0.29999202489852905,0.20585528016090393,0.08893628418445587,-0.07435569167137146,0.02042735554277897,0.2708790898323059,0.00894770585000515,-0.32415053248405457,0.25322407484054565,-0.6390181183815002,-0.47817301750183105,0.3198358714580536,0.09074819833040237,0.06728152185678482,0.6925355792045593,0.20975053310394287,-0.12224986404180527,0.18917129933834076,-0.14243315160274506,-0.046890296041965485,-0.20453551411628723,-0.01615300215780735,0.13456718623638153,0.004214455373585224,0.019722795113921165,-0.17044678330421448,-0.03208143264055252,-0.06209070608019829,-0.05718327686190605,0.13264697790145874,-0.1826082170009613,-0.46343889832496643,-0.5768460035324097,0.4463752806186676,-0.12745556235313416,0.42688998579978943,0.05307375267148018,-0.3808113932609558,-0.05221359804272652,-0.03395088016986847,0.3288056254386902,-1.0221879482269287,0.09944511950016022,-0.26745063066482544,-0.0016819566953927279,-0.026651060208678246,-0.2591401934623718,0.6798324584960938,-0.37854450941085815,-0.17547044157981873,-0.03679181635379791,0.030631791800260544,-0.12023650109767914,-0.5673487782478333,-0.17407655715942383,0.4351404309272766,0.12936046719551086,0.4806453287601471,-0.05251581221818924,0.5429496765136719,-0.1297965943813324,-0.17723409831523895,0.4880112111568451,0.025471532717347145,-0.5380522012710571,-0.1654796600341797,-0.13429179787635803,-0.3589878976345062,-0.10101830959320068,-0.3241749107837677,1.0465151071548462,-0.029027661308646202,-0.4580800533294678,0.10840866714715958,-0.13489624857902527,0.0443333238363266,0.14705584943294525,0.4194270074367523,-0.13564440608024597,0.28626561164855957,0.40210598707199097,-0.12021946907043457,0.09424056857824326,-0.2760208249092102,-0.18742969632148743,-0.16462211310863495,0.06632669270038605,-0.12872211635112762,-0.1629197597503662,-0.12614597380161285,-0.017258420586586,-0.08989737927913666,-0.3433406949043274,0.6965898871421814,0.011973627842962742,-0.08463086932897568,-0.257021427154541,0.006243598647415638,0.051252104341983795,0.16757424175739288,0.0326911024749279,0.15522100031375885,-0.09775619208812714,0.15774129331111908,0.04767501354217529,0.06374993175268173,-0.6186849474906921,-0.21855738759040833,-0.08377809822559357,-0.224699467420578,0.1284356415271759,0.00034773946390487254,-0.08827458322048187,-0.48049432039260864,-0.04500260204076767,0.12867984175682068,-0.1623345911502838,0.10315053164958954,0.031527843326330185,0.8365522623062134,-0.29731887578964233,0.11500728130340576,-0.34651196002960205,-0.03173794224858284,-0.3410070538520813,0.12455932796001434,0.14081688225269318,-0.10016262531280518,0.2290584295988083,0.3334573209285736,0.05555322766304016,0.2770701050758362,-0.11090727895498276,0.1856449544429779,0.12199250608682632
CID000004889,12,0.017522934824228287,-0.03561638668179512,-0.530260443687439,0.3986802399158478,0.11783436685800552,-0.18311551213264465,-0.02243667282164097,-0.43780532479286194,-0.03632229194045067,-0.17179974913597107,0.29341620206832886,0.01689271256327629,-0.11885376274585724,-0.30764979124069214,0.03269940987229347,0.047051481902599335,0.4921274185180664,0.03404518589377403,-0.3261842131614685,0.07497486472129822,0.17697131633758545,-0.008838877081871033,0.541298508644104,-0.13357293605804443,-0.5782850384712219,-0.6811746954917908,-0.4964681565761566,-0.10997102409601212,0.14121182262897491,0.23269231617450714,0.5268129110336304,-0.10887924581766129,0.021776173263788223,0.016986271366477013,-0.10473901033401489,-0.0981011614203453,0.6286918520927429,-0.22459962964057922,-0.1551409661769867,-0.10940438508987427,-0.3831174969673157,0.6173206567764282,-0.31246352195739746,-0.20759017765522003,-0.1662714034318924,-0.19429153203964233,0.35380053520202637,-0.04137956723570824,-0.569350004196167,0.034815456718206406,-0.6118794679641724,0.4156583845615387,0.7379710674285889,-0.3748055398464203,0.2559487521648407,-0.3855770230293274,-0.16897866129875183,0.6199456453323364,0.03661084920167923,-0.11758054792881012,-0.006792604923248291,-0.09125445783138275,0.06166144087910652,0.7754018306732178,-0.009507330134510994,0.512321412563324,0.050973813980817795,-0.16922080516815186,0.14030709862709045,-0.10286309570074081,-0.7770808339118958,0.12428103387355804,-0.24106569588184357,0.4597533643245697,0.02797527238726616,0.3014729619026184,0.4580674171447754,-0.04893496632575989,0.3143779933452606,0.13048787415027618,0.020629579201340675,-0.10971955209970474,-0.0349603109061718,-0.22615964710712433,0.03905797377228737,0.19090485572814941,-0.009600704535841942,-0.06869624555110931,-0.1435050517320633,0.11294162273406982,-0.14493754506111145,0.045547228306531906,-0.31703588366508484,-0.0019432560075074434,0.09685483574867249,0.12093307077884674,-0.03529735654592514,0.11376285552978516,-0.10889200121164322,-0.6659718155860901,-0.11316631734371185,-0.169452503323555,0.15686161816120148,-0.13422396779060364,0.15633375942707062,-0.09019346535205841,0.5290482640266418,0.025405293330550194,0.06307236105203629,0.0940287858247757,0.2494535893201828,-0.25297316908836365,0.5924062132835388,-0.565178394317627,-0.048285551369190216,-0.37441137433052063,-0.0077725909650325775,-0.015031193383038044,0.0889924019575119,0.1295871138572693,-0.02295861206948757,-0.2600957751274109,0.20272497832775116,0.011912445537745953,-0.1666657030582428,0.353632390499115,0.12327174842357635,0.23623991012573242,-0.05956123396754265,0.03729718178510666,-0.6386994123458862,-0.32135215401649475,0.11158628761768341,0.039549268782138824,-0.00527834752574563,0.4660108983516693,0.16913096606731415,-0.1648976057767868,0.2907193601131439,0.06352600455284119,-0.06244586780667305,-0.1253615915775299,0.2909025549888611,-0.03794427216053009,0.22445301711559296,-0.16361448168754578,-0.2774277925491333,0.011561299674212933,-0.29285573959350586,-0.1294659823179245,0.39654725790023804,-0.15086522698402405,-0.36717671155929565,-0.4891660213470459,0.30328279733657837,-0.08606183528900146,-0.2328762263059616,-0.07810203731060028,-0.613778829574585,0.32876327633857727,0.0287913978099823,-0.03806362301111221,-0.8840261697769165,0.0074346065521240234,-0.575371265411377,-0.10349156707525253,-0.003974883351475,-0.028121937066316605,0.4307284951210022,-0.42668288946151733,-0.5803532004356384,0.1204177737236023,-0.0435657799243927,0.17334531247615814,-0.21730442345142365,-0.013607238419353962,0.12177018076181412,-0.11602498590946198,0.4568004608154297,0.00205457815900445,0.3236822187900543,0.08648426085710526,-0.33117878437042236,0.24037054181098938,-0.16562870144844055,-0.09391150623559952,0.08960149437189102,0.009382293559610844,-0.01865176297724247,-0.26352888345718384,-0.06240179017186165,0.4560205340385437,-0.05798979848623276,-0.550858736038208,-0.0504249706864357,-0.16899868845939636,-0.06358863413333893,0.06851783394813538,0.04036230221390724,-0.10481990873813629,0.46476197242736816,0.369760662317276,-0.08789996057748795,-0.052412789314985275,-0.43667346239089966,-0.3145669400691986,-0.34918835759162903,0.16692496836185455,-0.0029960484243929386,-0.17012909054756165,0.0018867045873776078,-0.10431927442550659,0.2304423600435257,0.01561631541699171,1.1238566637039185,0.1614617258310318,-0.08255940675735474,0.07661475986242294,-0.06685148179531097,-0.00965567771345377,0.22721433639526367,-0.03588956966996193,0.05612512305378914,-0.39109283685684204,-0.1230175718665123,-0.03626586124300957,0.1556033194065094,-0.6845364570617676,-9.900331860990264e-06,-0.179203063249588,-0.03648143634200096,-0.0035856738686561584,-0.0529356375336647,-0.12794117629528046,-0.7002723217010498,-0.21334108710289001,0.113886259496212,-0.06346160173416138,-0.23033878207206726,0.420257031917572,0.22976911067962646,-0.34198153018951416,-0.14126266539096832,-0.39724200963974,-0.10905764251947403,-0.4255107045173645,-0.026260221377015114,-0.08133760094642639,0.07725623995065689,0.2411704808473587,0.23324885964393616,0.02288069948554039,0.2523614764213562,-0.31520938873291016,0.028792718425393105,-0.07764802873134613
CID000003154,13,0.314968466758728,-0.24222376942634583,-0.7317306995391846,-0.05641741305589676,0.09895653277635574,-0.20314602553844452,0.21925297379493713,-0.8828398585319519,0.06895820796489716,-0.4393295347690582,0.6220142841339111,0.02906975708901882,-0.11421720683574677,-0.10277356952428818,-0.07804033160209656,0.2862904667854309,0.14026816189289093,0.20202288031578064,-0.2595970630645752,-0.08305256813764572,-0.01572101004421711,-0.1035037636756897,0.16342517733573914,-0.20141799747943878,-0.9949977993965149,-1.0620697736740112,-0.5471447706222534,-0.12709283828735352,0.11475121974945068,0.12192820012569427,0.709640383720398,0.1396259218454361,0.10760949552059174,0.1377289742231369,-0.03626542538404465,-0.09021582454442978,0.38016536831855774,0.18838928639888763,0.05316010117530823,-0.03401390463113785,0.035573117434978485,0.5264898538589478,-0.09230807423591614,-0.17702727019786835,-0.23262707889080048,-0.010489707812666893,1.0497691631317139,-0.0755099356174469,-0.6662331819534302,0.11426125466823578,-1.0565481185913086,-0.04522088170051575,0.3800826966762543,-0.23674121499061584,-0.18474099040031433,-0.14856593310832977,0.132795512676239,1.0101683139801025,-0.1274660974740982,0.04564758762717247,-0.31871336698532104,0.10861647129058838,-0.2096015214920044,0.40575456619262695,0.13154910504817963,0.5381947159767151,0.2457573115825653,-0.15735407173633575,0.034025903791189194,0.08150664716959,-0.6045061945915222,0.1458747386932373,-0.2834659218788147,0.4244990348815918,0.0482385978102684,0.09539284557104111,0.32934245467185974,0.1203673854470253,0.8921818733215332,0.11132325977087021,-0.06977365911006927,-0.6263188719749451,0.09577636420726776,-0.01514136977493763,0.12855374813079834,0.006830468773841858,-0.4633850157260895,-0.10906829684972763,-0.24736635386943817,0.40590739250183105,-0.1936596930027008,-0.2549963593482971,-0.39794909954071045,0.15206339955329895,0.08595284819602966,-0.07299944758415222,-0.08131754398345947,0.08435274660587311,-0.15872803330421448,-1.4708657264709473,-0.13824191689491272,0.18117915093898773,-0.09495539963245392,-0.1778285801410675,0.14565341174602509,0.11779870092868805,0.7685492634773254,0.15111172199249268,-0.03854212909936905,0.0061376867815852165,0.24416235089302063,-0.12098287045955658,0.454331636428833,-0.9576659202575684,-0.15209592878818512,-0.2433980405330658,-0.1949578821659088,0.20303435623645782,0.14199160039424896,0.11608795076608658,-0.2238583117723465,-0.3184468150138855,-0.05806005001068115,0.07174814492464066,0.08495034277439117,0.007410985417664051,0.035876430571079254,-0.030843351036310196,-0.1641516387462616,0.18338951468467712,-0.5711618661880493,0.06553225219249725,0.13095103204250336,0.24516788125038147,-0.06528450548648834,0.5067444443702698,-0.16134420037269592,0.0025245225988328457,0.48570483922958374,-0.1094592958688736,-0.053181834518909454,-0.08590321242809296,0.20906777679920197,0.15239916741847992,0.10179495811462402,0.06238642334938049,-0.38974782824516296,0.35606899857521057,-0.06213485077023506,-0.21876657009124756,0.8075548410415649,-0.2823217213153839,-0.44769716262817383,-0.8126860857009888,0.5113809704780579,0.11135590076446533,0.12179231643676758,0.09297876805067062,-0.8089231252670288,0.17111484706401825,-0.14305664598941803,-0.068092480301857,-0.9880012273788452,0.043040867894887924,-0.5196731090545654,0.17651911079883575,0.11163002252578735,0.13984405994415283,1.1354701519012451,-0.5720540881156921,-0.24103081226348877,0.1128162294626236,-0.17553870379924774,0.27610546350479126,-0.41899198293685913,-0.2862952649593353,0.29288598895072937,-0.1668168008327484,0.48711299896240234,0.39674821496009827,0.22435417771339417,-0.10772724449634552,0.12805835902690887,0.822446346282959,-0.0041693272069096565,-0.15797673165798187,-0.24775321781635284,-0.06987905502319336,-0.3313019871711731,-0.18011263012886047,-0.4544670581817627,1.430002212524414,-0.0992569774389267,-0.025484617799520493,-0.27420759201049805,-0.2740374505519867,-0.266753613948822,0.1122029572725296,1.1264387369155884,-0.18452122807502747,0.9740076065063477,0.24806590378284454,0.14656312763690948,1.1730353832244873,-0.450537770986557,0.27191194891929626,-0.49571388959884644,-0.002053774893283844,-0.055308423936367035,0.18212637305259705,-0.1245100274682045,-0.032953809946775436,-0.07010737806558609,-0.14235574007034302,0.7800518870353699,0.2705245614051819,-0.5514237284660339,-0.39798128604888916,-0.10586217790842056,0.007853386923670769,-0.0915587991476059,0.2547531723976135,-0.013116505928337574,-0.18623436987400055,-0.11230810731649399,0.32765159010887146,0.01788766123354435,-0.40704917907714844,-0.1492818295955658,0.22924785315990448,0.19772514700889587,0.045679278671741486,0.32660478353500366,-0.09006727486848831,-0.6707122325897217,0.12805473804473877,0.1308978646993637,0.020187031477689743,-0.2440425455570221,-0.007581192068755627,1.1869038343429565,-0.24001598358154297,0.017682602629065514,-0.38836246728897095,-0.1698126345872879,-0.5505133867263794,-0.2120378464460373,-0.172397181391716,-0.14697837829589844,0.47206076979637146,0.09966987371444702,0.013346543535590172,0.2634214162826538,-0.20041663944721222,0.3893318474292755,0.023427603766322136
CID000005029,14,-0.03622748702764511,-0.23183265328407288,-0.3570895791053772,0.11935251951217651,0.2829837203025818,-0.33240920305252075,-0.04169765114784241,-0.18014751374721527,-0.1293012797832489,0.14043551683425903,0.16919748485088348,0.05455808714032173,-0.012164955958724022,0.030368059873580933,-0.028986889868974686,0.22225412726402283,-0.0741066262125969,0.15580686926841736,-0.1420992761850357,0.13427607715129852,-0.009380394592881203,0.15345142781734467,0.7183936834335327,0.1303284764289856,-0.252206027507782,-0.5899168848991394,-0.2748907506465912,-0.04156123846769333,0.1183588057756424,0.17236864566802979,0.37274274230003357,0.08984122425317764,-0.0499221570789814,0.4196428656578064,-0.15780451893806458,0.012988942675292492,0.33516231179237366,-0.11206929385662079,0.06979816406965256,0.029324674978852272,0.014476451091468334,0.08570252358913422,-0.3851672410964966,0.1905895173549652,-0.00410887598991394,0.06633438915014267,0.3538438677787781,-0.13216513395309448,-0.4402145743370056,0.0008994229137897491,-0.2957064211368561,0.04306310415267944,0.6089434623718262,-0.2306944876909256,0.1837044060230255,-0.2673420310020447,-0.05527431517839432,0.37434494495391846,0.0922149121761322,-0.2126270979642868,0.06559105217456818,-0.14772626757621765,0.05321147292852402,0.485574871301651,0.1100083440542221,0.2904147505760193,-0.16933245956897736,-0.17381413280963898,-0.029575128108263016,0.0220998115837574,-0.6010408997535706,0.14090639352798462,-0.3514711260795593,0.5393483638763428,-0.004513257648795843,0.22935442626476288,0.1952732652425766,0.13402977585792542,0.35036739706993103,0.05427180975675583,0.006459374912083149,-0.0813935399055481,0.10771149396896362,-0.1265266239643097,0.11146652698516846,0.2565736174583435,-0.013658970594406128,-0.02210785634815693,-0.11724551022052765,0.0865846797823906,-0.04038504511117935,-0.018128598108887672,-0.2802414894104004,0.08757124096155167,0.06551584601402283,-0.007485553622245789,-0.11639561504125595,0.20504197478294373,-0.03899620845913887,-0.3992164731025696,-0.12989361584186554,-0.16056454181671143,0.10774452984333038,-0.010206097736954689,0.22272105515003204,-0.0419708713889122,0.5870831608772278,0.16151969134807587,0.19163279235363007,-0.10529448091983795,-0.027469700202345848,0.12229941040277481,0.10080394893884659,-0.02290913462638855,0.1833488643169403,-0.27011221647262573,-0.20136380195617676,0.016749698668718338,0.0177929624915123,-0.035460103303194046,-0.1789117455482483,-0.3701878786087036,0.09952203184366226,0.05925871804356575,0.09193780273199081,0.157235786318779,-0.09580158442258835,0.04578481242060661,-0.1860978901386261,0.26956048607826233,-0.5301586389541626,-0.29372191429138184,0.2910909056663513,0.12194032967090607,-0.009651968255639076,0.6991705894470215,0.04941694810986519,-0.15191051363945007,0.14811748266220093,-0.004273843951523304,-0.02183600887656212,-0.11361249536275864,0.14407214522361755,0.2898297905921936,0.271391898393631,-0.054041724652051926,-0.24320387840270996,-0.16472676396369934,-0.0935293585062027,-0.044026635587215424,0.17278942465782166,0.06652582436800003,-0.49223437905311584,-0.4021063446998596,0.2970324456691742,-0.17180649936199188,0.024652887135744095,-0.09891057014465332,-0.2869136929512024,-0.10309407860040665,-0.13445457816123962,0.10495050251483917,-0.6473647952079773,0.0030070990324020386,-0.4119378626346588,-0.005811990704387426,-0.07178262621164322,-0.03395019844174385,0.5636634826660156,-0.6196544170379639,-0.32721197605133057,-0.17204809188842773,-0.04331350326538086,-0.09164538979530334,-0.3114991784095764,-0.08902549743652344,0.14597533643245697,0.1134457141160965,0.5496443510055542,-0.05617673322558403,0.5738022923469543,-0.0840691328048706,-0.09548880904912949,0.19834846258163452,0.03995553404092789,-0.4277667999267578,0.06492601335048676,-0.3278437554836273,-0.011114167980849743,-0.012133856303989887,-0.15279310941696167,0.6861966848373413,0.015263579785823822,-0.6088287830352783,0.1270967572927475,-0.1500258892774582,-0.008369822055101395,0.18780402839183807,0.21659202873706818,-0.17491082847118378,0.15479736030101776,0.4684588313102722,-0.02394128404557705,0.14577671885490417,-0.6089357137680054,-0.5595635175704956,-0.24541227519512177,-0.022646337747573853,-0.05540275573730469,-0.11549758911132812,0.04286554455757141,0.001679754233919084,0.009256869554519653,-0.17838385701179504,0.7064763307571411,-0.026092082262039185,-0.04749770835042,-0.19067654013633728,-0.049342479556798935,0.1110856682062149,0.3112221360206604,-0.032343607395887375,0.118279829621315,-0.1624111384153366,0.12833720445632935,0.08491392433643341,0.00935150496661663,-0.5171364545822144,-0.20074374973773956,-0.08242011070251465,-0.08831838518381119,0.11218120902776718,0.1773795187473297,-0.16887696087360382,-0.36714181303977966,0.10044004768133163,0.1375127136707306,-0.16124574840068817,-0.03859321400523186,-0.007375044282525778,0.266991525888443,-0.4789872169494629,-0.012180006131529808,-0.18052935600280762,-0.12974008917808533,-0.32237693667411804,0.028843779116868973,0.06551556289196014,-0.043845053762197495,0.28087756037712097,0.07648269087076187,0.14209231734275818,0.03297991305589676,-0.15668128430843353,-0.021589141339063644,0.05645013973116875
CID000003823,15,0.2757572531700134,-0.2299216091632843,-0.6639971137046814,0.10261175781488419,0.46746522188186646,-0.26764658093452454,0.05697174742817879,-0.5585420727729797,-0.19080790877342224,-0.5224342942237854,0.3727814555168152,0.006896218750625849,0.09430625289678574,-0.10740883648395538,-0.0022414089180529118,0.325371652841568,-0.08327377587556839,0.23225004971027374,-0.5117384195327759,-0.3016817271709442,-0.15956947207450867,0.24192754924297333,0.36755290627479553,0.0034852325916290283,-1.2893683910369873,-0.9578927159309387,-0.3294762074947357,-0.0016411602264270186,0.0004582732799462974,0.0629093274474144,0.8650455474853516,-0.11832735687494278,-0.07020862400531769,0.045681122690439224,-0.3412973880767822,0.21787568926811218,0.30773648619651794,-0.13121911883354187,-0.020241394639015198,-0.019573312252759933,-0.030901098623871803,0.08039990812540054,-0.1570761352777481,-0.3013444244861603,-0.15579350292682648,0.00923830270767212,0.8412903547286987,-0.09950079023838043,-0.5821825265884399,0.027103811502456665,-0.9420284032821655,0.09485293924808502,0.4232338070869446,-0.39634940028190613,0.11898593604564667,-0.18567509949207306,-0.03747977688908577,0.7480796575546265,0.13138484954833984,0.07706155627965927,-0.09243947267532349,-0.11611814796924591,0.18289414048194885,0.6076750159263611,0.29430049657821655,0.4455749988555908,0.022836988791823387,-0.016952166333794594,-0.08432839065790176,0.007354916539043188,-0.3753049671649933,0.19230064749717712,-0.4516356587409973,0.4330383837223053,-0.2326154261827469,0.2982136309146881,0.2551962435245514,0.38425567746162415,0.6932366490364075,-0.013833272270858288,-0.013625326566398144,-0.6242349743843079,-0.10390891134738922,-0.005624131765216589,0.31421327590942383,0.12745730578899384,-0.44169434905052185,-0.2509393095970154,-0.27239108085632324,-0.26158860325813293,0.1058845967054367,0.18610846996307373,-0.2173047810792923,0.2619694769382477,-0.23012371361255646,-0.11799031496047974,-0.09202805906534195,0.23012344539165497,0.11249394714832306,-1.2187085151672363,-0.03638186305761337,-0.23298141360282898,0.13621611893177032,-0.09577713906764984,0.1636098474264145,-0.03625768423080444,0.8623396754264832,0.01718568243086338,0.07358993589878082,-0.05462146922945976,0.3215104639530182,0.04975360631942749,0.04744420200586319,-0.5721756815910339,0.12705397605895996,-0.21065497398376465,-0.2864650785923004,0.20700116455554962,-0.12930752336978912,0.06606398522853851,-0.24356631934642792,-0.20132353901863098,0.10185956954956055,0.19861802458763123,-0.01109402161091566,0.004458884708583355,0.3048100471496582,0.2158406525850296,-0.4008232057094574,0.3285389840602875,-0.7844786643981934,-0.04382338374853134,0.4080843925476074,0.19683682918548584,-0.2730306088924408,0.6554747223854065,0.10512550920248032,0.2126023769378662,0.40983161330223083,0.07643081992864609,-0.12148461490869522,-0.19470016658306122,0.2291049212217331,0.4502403140068054,0.02237505279481411,-0.20378378033638,-0.536608874797821,0.3426439166069031,0.14096347987651825,0.10966183990240097,0.5476826429367065,-0.19340378046035767,-0.30313485860824585,-0.5787729024887085,0.5202298164367676,0.13817192614078522,0.2540796399116516,-0.05843668431043625,-0.5179163813591003,0.09908891469240189,-0.20661501586437225,0.13346725702285767,-1.0061585903167725,0.1931782215833664,-0.4389185905456543,-0.131783589720726,-0.03223937004804611,-0.11044927686452866,0.8164882659912109,-0.6582170724868774,-0.226406067609787,-0.20695841312408447,-0.03422871232032776,-0.08879487216472626,-0.5821791887283325,-0.18077655136585236,0.19054998457431793,0.19129443168640137,0.5694659352302551,0.15536724030971527,0.3871781527996063,0.12680144608020782,-0.18129050731658936,0.7092581391334534,0.03370878845453262,-0.5290653109550476,0.06508795917034149,-0.06594379991292953,-0.2009764164686203,-0.10779520124197006,-0.22429974377155304,1.2025537490844727,-0.10619582235813141,-0.48939022421836853,-0.14127519726753235,-0.08577670902013779,-0.09241267293691635,0.018872970715165138,0.8370033502578735,-0.19463923573493958,0.6338399648666382,0.3378334641456604,-0.1453249752521515,0.4684022068977356,-0.5784729719161987,0.05216125771403313,-0.44018420577049255,-0.17038416862487793,-0.125592440366745,0.1389550268650055,0.06483117491006851,-0.05495278164744377,-0.06010589003562927,-0.019246622920036316,0.8542169332504272,0.3660125136375427,-0.40183132886886597,0.17240312695503235,-0.12627431750297546,-0.0926390141248703,0.19020269811153412,0.056900203227996826,-0.2371520698070526,0.015125462785363197,-0.09751386940479279,0.12862339615821838,-0.08512677252292633,-0.5318548083305359,-0.24903199076652527,-0.17308542132377625,0.24719388782978058,0.005489140748977661,0.13676688075065613,-0.19622202217578888,-0.5810560584068298,0.23846681416034698,0.0313541516661644,-0.15095582604408264,-0.29064294695854187,-0.18884852528572083,1.1798540353775024,-0.3299105763435364,0.015797827392816544,-0.2263266146183014,-0.15206235647201538,-0.25615280866622925,0.10181631147861481,-0.22481310367584229,0.09573313593864441,0.3332681357860565,0.11426037549972534,0.09657655656337738,-0.054758667945861816,0.033833540976047516,0.3495478332042694,-0.1520560085773468
CID000003937,16,0.009086037054657936,-0.11906133592128754,-0.5047038793563843,0.22411909699440002,0.20841506123542786,-0.12194859981536865,-0.08270099014043808,-0.3933681845664978,-0.2797298729419708,0.20039574801921844,0.3317483067512512,0.05532180517911911,0.027552496641874313,-0.268424391746521,-0.08473874628543854,0.007819170132279396,0.1674043834209442,-0.09228692948818207,-0.29291319847106934,-0.13725212216377258,0.02259272336959839,0.11523334681987762,0.2500666677951813,0.0754377543926239,-0.5140355825424194,-0.5047914981842041,-0.15057386457920074,-0.28581148386001587,-0.017722157761454582,-0.34301435947418213,0.38650280237197876,-0.0648980587720871,-0.0190812386572361,0.009700235910713673,-0.14544729888439178,0.1486678421497345,0.0998396947979927,-0.022796887904405594,0.09222067147493362,0.20969697833061218,-0.046547163277864456,0.3021276593208313,-0.02164437063038349,-0.10131184756755829,-0.07024681568145752,-0.12986956536769867,0.46903806924819946,-0.01368105411529541,-0.30640703439712524,0.143922358751297,-0.9737147092819214,0.4647054672241211,0.5170657634735107,-0.17659524083137512,-0.014721035957336426,-0.29786086082458496,-0.16507475078105927,0.845000147819519,0.07842659205198288,-0.13374130427837372,-0.20601613819599152,-0.1292036473751068,0.28390172123908997,0.7226685285568237,0.1164805144071579,0.8070392608642578,-0.3075026571750641,-0.009511826559901237,-0.029439816251397133,-0.016797849908471107,-0.6098517179489136,0.15400800108909607,-0.15164649486541748,0.4352560043334961,-0.04568115249276161,0.6260308623313904,0.37760937213897705,0.04657411947846413,0.6308716535568237,-0.038391537964344025,0.14158134162425995,-0.2888973355293274,-0.12093931436538696,-0.19357499480247498,0.13188955187797546,0.42380785942077637,-0.15026132762432098,0.06135280802845955,-0.19750097393989563,0.005202740430831909,0.005997015628963709,-0.0549943633377552,-0.20999085903167725,-0.11158285290002823,-0.08674011379480362,-0.14633403718471527,-0.03687930479645729,0.3556998074054718,-0.11668914556503296,-0.6947388648986816,-0.27602094411849976,-0.040686093270778656,0.13934119045734406,0.022436369210481644,0.24681773781776428,-0.232090562582016,0.5737952589988708,0.1800481379032135,0.1898520290851593,0.022578800097107887,0.04172801226377487,-0.07796500623226166,0.45193958282470703,-0.7420815825462341,0.20048955082893372,-0.20278696715831757,0.004241602029651403,-0.2248001992702484,-0.057640016078948975,0.1529064029455185,-0.3390105366706848,-0.23872490227222443,0.24178561568260193,-0.04526134207844734,0.11591307073831558,0.2260991632938385,0.19261257350444794,-0.00812204834073782,-0.05021024867892265,0.3019672632217407,-0.6421507596969604,-0.1427168995141983,0.3172398507595062,0.29484304785728455,0.1422860324382782,0.739786684513092,0.07676605135202408,-0.3121509552001953,0.1347915232181549,0.015795907005667686,0.02392520383000374,-0.030353734269738197,0.02297668717801571,-0.029883097857236862,0.20944800972938538,0.03688957542181015,-0.31332913041114807,0.30347615480422974,-0.18858523666858673,-0.02537895180284977,1.0365021228790283,-0.12544594705104828,-0.36826157569885254,-0.5845764875411987,0.3952423930168152,-0.2147568166255951,0.030143816024065018,0.1653517484664917,-0.6828447580337524,-0.09319206327199936,-0.060808293521404266,0.02289789915084839,-0.8600555658340454,0.15959838032722473,-0.45888400077819824,-0.05894605070352554,-0.11082272231578827,-0.04274885728955269,0.5923658013343811,-0.5174229741096497,-0.20634551346302032,-0.1827714741230011,-0.03074074350297451,-0.05723016336560249,-0.6097251176834106,0.003932642750442028,0.4266577661037445,0.03944147378206253,0.46884265542030334,-0.2293025553226471,0.23095917701721191,-0.22181585431098938,-0.06587982922792435,0.38596442341804504,-0.2164926528930664,-0.2908477187156677,0.07870328426361084,-0.22328296303749084,-0.004302999936044216,-0.18135496973991394,-0.13204064965248108,0.6425516605377197,-0.08523457497358322,-0.04094375669956207,0.21961864829063416,-0.13481558859348297,-0.049067605286836624,0.07848229259252548,0.3794316351413727,-0.13714411854743958,0.4047512114048004,0.21587426960468292,-0.18256795406341553,-0.09467853605747223,-0.31236475706100464,-0.049564752727746964,-0.43818244338035583,0.04863637685775757,-0.1305614858865738,0.10086532682180405,0.04947689175605774,-0.02016264759004116,-0.09283687174320221,-0.3039591610431671,0.8318694829940796,0.08692874759435654,-0.07718043774366379,-0.006831778679043055,-0.039260733872652054,0.041942298412323,0.11033457517623901,-0.12827607989311218,0.07522343099117279,-0.0893702507019043,-0.2039535492658615,0.2163931131362915,0.038224998861551285,-0.6215991377830505,-0.031668130308389664,0.012787687592208385,-0.05270038917660713,-0.05397516489028931,0.18282519280910492,-0.20538552105426788,-0.6902520060539246,0.13360002636909485,0.1564117968082428,-0.0967743843793869,-0.013936962001025677,-0.05629647895693779,0.6332163214683533,-0.4545380175113678,-0.3126755356788635,-0.31804001331329346,-0.22486808896064758,-0.6579453945159912,0.00491010257974267,-0.0032682090532034636,-0.20149044692516327,0.23784324526786804,0.32543596625328064,-0.20145542919635773,0.08238288015127182,-0.14148128032684326,0.05678381770849228,-0.20980298519134521
CID000003883,17,-0.031133929267525673,-0.22057116031646729,-0.3836464285850525,0.1478482186794281,0.29936057329177856,-0.3470296263694763,-0.05390319228172302,-0.18751861155033112,-0.14436866343021393,0.13350807130336761,0.2002801150083542,0.04821876436471939,-0.043113745748996735,-0.007661685347557068,-0.02380329743027687,0.24672067165374756,-0.06726448237895966,0.11225839704275131,-0.14359740912914276,0.1512228101491928,-0.014148324728012085,0.14954985678195953,0.6787787675857544,0.23239867389202118,-0.26056531071662903,-0.5977197289466858,-0.30423256754875183,-0.05097467452287674,0.1184547170996666,0.20562374591827393,0.39401310682296753,0.09640436619520187,-0.03400285914540291,0.3796513080596924,-0.16718842089176178,-0.008775463327765465,0.3644317090511322,-0.12090213596820831,0.04617560654878616,-0.001597583293914795,0.03558561950922012,0.07675743848085403,-0.23577699065208435,0.166474848985672,0.00936886202543974,0.06377243250608444,0.3759143650531769,-0.14618118107318878,-0.48459872603416443,-0.0016870141262188554,-0.3019394278526306,0.02422534115612507,0.599232017993927,-0.18305999040603638,0.1347125768661499,-0.3092629909515381,-0.10105657577514648,0.34645944833755493,0.05309777334332466,-0.20994076132774353,0.08823166787624359,-0.15796694159507751,0.10058347880840302,0.5071661472320557,0.09729795157909393,0.5056984424591064,-0.152744859457016,-0.1942683905363083,-0.06363512575626373,0.08437148481607437,-0.5651572346687317,0.20203666388988495,-0.41544240713119507,0.5141716003417969,0.014046436175704002,0.24707718193531036,0.21080656349658966,0.12490475177764893,0.35218745470046997,0.041371263563632965,0.0036908555775880814,-0.12007047981023788,0.12160427868366241,-0.06223539263010025,0.06720362603664398,0.2517088055610657,-0.001271581626497209,0.026850244030356407,-0.11889491230249405,0.024944785982370377,-0.040027931332588196,0.024350648745894432,-0.3402700424194336,0.07545338571071625,0.1020628809928894,-0.003968191333115101,-0.0726219043135643,0.16033771634101868,-0.0300452820956707,-0.39474964141845703,-0.10702484846115112,-0.15562787652015686,0.14728185534477234,-0.02937452867627144,0.19762031733989716,-0.03952080383896828,0.601354718208313,0.20418286323547363,0.1831716001033783,-0.1523362100124359,-0.004777833819389343,0.0913928896188736,0.12405190616846085,-0.038573235273361206,0.18692359328269958,-0.24625611305236816,-0.2238055169582367,0.032952167093753815,-0.021415751427412033,-0.04071040078997612,-0.21953114867210388,-0.35702866315841675,0.050090860575437546,0.05091400817036629,0.08036134392023087,0.19613607227802277,-0.07541899383068085,0.07167302072048187,-0.18871471285820007,0.25290653109550476,-0.5513908267021179,-0.2997414469718933,0.3180416226387024,0.15481972694396973,-0.024288099259138107,0.7484642267227173,0.10844250023365021,-0.1417042464017868,0.1333145797252655,0.016123853623867035,-0.001176345394924283,-0.1394287645816803,0.12695541977882385,0.31617847084999084,0.26033949851989746,-0.027518803253769875,-0.24305686354637146,-0.20604805648326874,-0.13565821945667267,0.010825756937265396,0.32071417570114136,0.15396825969219208,-0.5156083106994629,-0.4225108027458191,0.31291332840919495,-0.1837024688720703,0.07033921778202057,-0.13410794734954834,-0.3103681802749634,-0.07559242844581604,-0.1088014617562294,0.07502410560846329,-0.6465545892715454,-0.040703821927309036,-0.43426960706710815,0.02406926080584526,-0.09170111268758774,-0.041649676859378815,0.5734742283821106,-0.6550813913345337,-0.41472214460372925,-0.12078414857387543,-0.04379181191325188,-0.05326932668685913,-0.32843413949012756,-0.12982946634292603,0.15387681126594543,0.09403428435325623,0.6050491333007812,-0.04718402028083801,0.4912404417991638,-0.0896531343460083,-0.0671781525015831,0.18406209349632263,-0.06875091791152954,-0.40224403142929077,0.056382060050964355,-0.3256866931915283,-0.022828906774520874,-0.05815442278981209,-0.13467317819595337,0.7157489657402039,-0.02822127565741539,-0.5267634391784668,0.14122536778450012,-0.12304814904928207,0.04071024805307388,0.1873326599597931,0.24401339888572693,-0.1811748445034027,0.17543527483940125,0.4779670834541321,-0.0580676794052124,0.12556490302085876,-0.5578551888465881,-0.4372856020927429,-0.24403469264507294,-0.0069367242977023125,-0.07746343314647675,-0.11601479351520538,0.013299090787768364,-0.0314992256462574,-0.04393339157104492,-0.1360761821269989,0.696384608745575,-0.01214707549661398,-0.07825344055891037,-0.16085954010486603,-0.038994964212179184,0.1514696478843689,0.18565312027931213,-0.04004571586847305,0.11249357461929321,-0.1853628158569336,0.17154650390148163,0.04563344642519951,-0.007828300818800926,-0.5511590242385864,-0.2306988686323166,-0.053620558232069016,-0.11763253062963486,0.09164516627788544,0.1268051564693451,-0.2094356268644333,-0.409951776266098,0.07476305961608887,0.1441073715686798,-0.10936693847179413,-0.044607460498809814,-0.05928120017051697,0.2714851498603821,-0.5217413306236267,-0.006907898932695389,-0.19534479081630707,-0.09383905678987503,-0.2897287905216217,0.028159108012914658,0.017241215333342552,-0.02246616780757904,0.2631322741508484,0.12197346985340118,0.12584292888641357,0.030222009867429733,-0.1783256083726883,-0.014793547801673412,0.007002648897469044
CID000004885,18,0.10715963691473007,-0.258786678314209,-0.6242932677268982,0.20142510533332825,0.4333576560020447,-0.08895503729581833,-0.17997637391090393,-0.8023837804794312,-0.15931075811386108,-0.039120130240917206,0.3372247815132141,-0.0002436667709844187,-0.15737862884998322,-0.013205016031861305,0.04680349677801132,0.013500666245818138,0.2517756223678589,0.11015771329402924,-0.10883505642414093,0.2372404783964157,-0.12155546247959137,0.014657080173492432,0.30146750807762146,0.01173815131187439,-0.48096418380737305,-0.745445728302002,-0.5840487480163574,0.26268988847732544,-0.015978116542100906,-0.07504570484161377,0.7280719876289368,0.10156862437725067,-0.15237832069396973,0.47536951303482056,-0.15021741390228271,0.1626075804233551,0.9441859126091003,-0.1996614634990692,0.0325956754386425,0.10258851200342178,-0.0565636046230793,0.22916574776172638,-0.33912378549575806,-0.09492944180965424,-0.004102814011275768,0.07487918436527252,0.6344495415687561,-0.15785904228687286,-0.39717936515808105,-0.06025847792625427,-0.7105014324188232,0.11192809045314789,0.39974865317344666,-0.2772302031517029,0.44287651777267456,-0.10192577540874481,-0.2438439577817917,0.48615074157714844,0.06686770915985107,-0.03635289520025253,-0.10097412019968033,-0.1872418075799942,-0.08252151310443878,0.6550599336624146,0.0004032611905131489,0.29878145456314087,-0.16681650280952454,-0.1451627016067505,0.00022192337200976908,0.03584212809801102,-0.5360187888145447,0.14254045486450195,-0.6543876528739929,0.6284719705581665,0.042772818356752396,0.3631628453731537,0.43896007537841797,0.04441540688276291,0.5120553374290466,-0.04996960237622261,-0.07271277904510498,-0.3199211657047272,0.09850708395242691,-0.06469831615686417,0.24602046608924866,0.30069249868392944,-0.2469472438097,-0.10188999027013779,-0.07158742100000381,0.24592900276184082,-0.22892847657203674,-0.06306065618991852,-0.1285776048898697,0.002153503941372037,0.21218767762184143,-0.021808436140418053,0.04205494746565819,0.20116040110588074,-0.09179078042507172,-0.9435807466506958,-0.0780850276350975,-0.14647147059440613,0.15569838881492615,-0.07760031521320343,0.2068745642900467,-0.09380616247653961,1.0543180704116821,-0.19209356606006622,0.33474481105804443,0.03359733894467354,-0.1661641150712967,0.06580974161624908,0.13516613841056824,-0.42052751779556274,0.1936154067516327,-0.4539676308631897,-0.5462291836738586,-0.10161162912845612,-0.05873708054423332,0.26099109649658203,-0.35916224122047424,-0.20552805066108704,0.22628827393054962,0.046410031616687775,-0.0927659422159195,-0.10315469652414322,0.3396776020526886,0.029717499390244484,-0.3702731430530548,0.3040885031223297,-0.5906806588172913,-0.4803948402404785,0.37134379148483276,0.250305712223053,0.13352473080158234,0.7454597353935242,0.36303144693374634,-0.1787680983543396,0.27615371346473694,-0.05252106860280037,0.0996842235326767,-0.26914262771606445,0.09973503649234772,-0.06123291701078415,0.013870179653167725,0.05687908083200455,-0.12403611093759537,-0.10656724125146866,-0.02544192411005497,-0.11916408687829971,0.3506251275539398,-0.19106552004814148,-0.5309514999389648,-0.6580678820610046,0.4788942337036133,-0.12957604229450226,0.46257081627845764,0.1259450614452362,-0.3834238648414612,-0.08662407100200653,-0.02329111099243164,0.2970212697982788,-1.0516235828399658,0.1372905671596527,-0.34152621030807495,-0.07026094198226929,-0.028588231652975082,-0.19059321284294128,0.6588984727859497,-0.4530380368232727,-0.26426708698272705,-0.10279019176959991,0.10743479430675507,-0.17164845764636993,-0.6446408033370972,-0.18074722588062286,0.5606275796890259,0.11540037393569946,0.5232834815979004,-0.0031562200747430325,0.47708216309547424,-0.15388306975364685,-0.3861432671546936,0.6753125190734863,0.05913032963871956,-0.6957898736000061,-0.09452929347753525,-0.12153102457523346,-0.2707776427268982,-0.00815591774880886,-0.49602746963500977,1.0637754201889038,0.0014825135003775358,-0.318948358297348,0.1822320520877838,-0.19179370999336243,-0.007722771260887384,0.1828196793794632,0.5349313616752625,-0.06643332540988922,0.5189958810806274,0.35625287890434265,-0.15679022669792175,0.15849009156227112,-0.3439285457134247,-0.32902267575263977,-0.2374432384967804,0.07747509330511093,-0.043039023876190186,-0.007726418785750866,-0.0974637120962143,-0.07491865754127502,-0.1295514851808548,-0.3556568920612335,0.6301653981208801,-0.02371380105614662,0.0006710473680868745,-0.43818968534469604,-0.06676219403743744,0.04074354097247124,0.09114767611026764,-0.07111729681491852,0.24413804709911346,-0.17124979197978973,0.23551306128501892,0.0061589377000927925,0.0632035881280899,-0.5731410980224609,-0.23772211372852325,-0.012597182765603065,-0.2342427670955658,0.14143148064613342,0.05352754518389702,-0.20310921967029572,-0.5157931447029114,0.07484778016805649,0.25881823897361755,-0.10146822035312653,0.06831347942352295,0.005999919958412647,1.077196717262268,-0.26978981494903564,0.04477021098136902,-0.43379607796669006,-0.05383696034550667,-0.3105025589466095,0.12823030352592468,0.06112637370824814,-0.131280317902565,0.2779337465763092,0.36702802777290344,0.011754689738154411,0.3039894104003906,-0.03692327067255974,0.2820727825164795,0.07279461622238159
CID000003961,19,0.04621453955769539,-0.2622034251689911,-0.4523259103298187,0.05356372520327568,0.2800354063510895,-0.2242933213710785,-0.04927811771631241,-0.3209172487258911,-0.09735210239887238,0.09149764478206635,0.3203408420085907,0.00904950499534607,-0.04297603294253349,-0.011680001392960548,0.013174138963222504,0.30894216895103455,0.31411027908325195,0.04929845780134201,-0.2672513723373413,0.2127726525068283,-0.1256885826587677,-0.00041263847379013896,0.49342212080955505,0.024431589990854263,-0.31203213334083557,-0.5844744443893433,-0.24021108448505402,-0.20577475428581238,0.24769778549671173,0.07532274723052979,0.31581825017929077,0.0676877498626709,-0.10699055343866348,0.11790746450424194,-0.20815739035606384,0.10003490746021271,0.20684842765331268,-0.14234791696071625,-0.007881922647356987,-0.017493367195129395,-0.1729997843503952,0.34988924860954285,-0.3624062240123749,0.008053752593696117,-0.04869450256228447,0.1385328620672226,0.5619465112686157,-0.0513395294547081,-0.5530226230621338,-0.04520631209015846,-0.5512539148330688,0.2809019982814789,0.385983943939209,-0.3373843729496002,0.1456100046634674,-0.24788875877857208,-0.375514417886734,0.6290484666824341,-0.10044141858816147,0.03335839882493019,0.10744857788085938,-0.15259210765361786,0.19860775768756866,0.8347160220146179,0.12549875676631927,0.26826849579811096,-0.23755574226379395,0.03361418843269348,-0.04138324037194252,0.09581808745861053,-0.6373153328895569,0.20242390036582947,-0.4170791506767273,0.4018452763557434,0.0006777275120839477,0.37502121925354004,0.3627206087112427,0.2895900011062622,0.7078517079353333,-0.11386062949895859,-0.10601268708705902,-0.15377938747406006,-0.05974053591489792,-0.02872319146990776,0.16796302795410156,0.3227199614048004,-0.13756000995635986,0.008349210023880005,-0.03995480388402939,0.03198826313018799,-0.11472523212432861,0.012426075525581837,-0.12469734996557236,0.1321869194507599,0.05114351585507393,-0.08392711728811264,-0.2282904088497162,0.2297186553478241,-0.04528389498591423,-0.4293041229248047,0.028188079595565796,-0.19779463112354279,0.1090349331498146,0.008453424088656902,0.08033634722232819,-0.23534753918647766,0.5464168787002563,0.22652924060821533,0.22985538840293884,-0.16300685703754425,-0.14248022437095642,0.08236343413591385,0.4086216986179352,-0.22239187359809875,0.1278914213180542,-0.21423408389091492,-0.20121833682060242,-0.007561159320175648,-0.18106646835803986,-0.16624101996421814,-0.19519737362861633,-0.2925291061401367,-0.0430983230471611,0.1414794772863388,-0.07053084671497345,0.19304826855659485,0.20246298611164093,0.06489093601703644,-0.2142411470413208,0.2932156026363373,-0.6032177209854126,-0.1958196610212326,0.3654564917087555,0.19972462952136993,0.033091697841882706,0.6894084811210632,0.12080931663513184,-0.1260683238506317,0.19077268242835999,-0.09533041715621948,-0.1089155524969101,-0.17015257477760315,0.19484232366085052,0.3618007302284241,0.213765949010849,-0.11636190116405487,-0.35331815481185913,-0.02255392074584961,-0.0374334454536438,-0.08638099581003189,0.28177568316459656,-0.07065340131521225,-0.49281400442123413,-0.6408673524856567,0.4604266285896301,-0.3256065249443054,0.02848941646516323,-0.13518387079238892,-0.46421417593955994,-0.04494012892246246,-0.023664206266403198,-0.08600416034460068,-0.6596471071243286,0.059537600725889206,-0.5598758459091187,-0.0868360847234726,-0.041618362069129944,-0.07618696987628937,0.46076202392578125,-0.596806526184082,-0.12396840751171112,-0.1762823611497879,-0.04671122878789902,-0.10641199350357056,-0.473898708820343,-0.0937335416674614,0.3004229664802551,0.14369945228099823,0.4295063018798828,-0.2486766278743744,0.6941667795181274,0.005078636109828949,-0.08938083052635193,0.11445901542901993,-0.22686728835105896,-0.330909788608551,-0.10037966817617416,-0.3194645047187805,0.18373294174671173,-0.018447382375597954,-0.2693226933479309,0.5869401693344116,-0.0007558524375781417,-0.47340208292007446,0.0875135213136673,-0.08710815012454987,-0.11493813991546631,0.08989112079143524,0.28295546770095825,-0.07013966143131256,0.406794011592865,0.30810898542404175,-0.05659619718790054,0.024227678775787354,-0.5206734538078308,-0.4339175224304199,-0.17650243639945984,-0.009971877560019493,0.09205019474029541,-0.09076542407274246,0.13714537024497986,0.05252494663000107,0.10070271790027618,-0.13298921287059784,0.7379094362258911,-0.1334538757801056,-0.06647650897502899,-0.16674330830574036,-0.04062140733003616,0.11997050046920776,0.3515014350414276,0.1535985767841339,0.20423626899719238,-0.13027644157409668,-0.02281199023127556,0.15926916897296906,-0.04353434592485428,-0.7278839945793152,-0.19146694242954254,-0.07072073221206665,-0.044234491884708405,0.07150507718324661,0.10574205964803696,-0.34544193744659424,-0.5850315093994141,0.4118504524230957,0.0982104167342186,-0.1732080727815628,0.04888671636581421,-0.19880273938179016,0.1409296691417694,-0.39003974199295044,-0.011316242627799511,-0.12905044853687286,-0.10203979909420013,-0.3442932665348053,-0.0030539154540747404,-0.15816862881183624,-0.056294478476047516,0.32157987356185913,0.039896778762340546,0.08938950300216675,0.2027558833360672,-0.16416119039058685,0.08105631917715073,-0.004010352306067944
CID000060835,20,0.10301067680120468,0.02309448830783367,-0.4291391968727112,0.04821868985891342,0.35260266065597534,-0.14754897356033325,-0.011750692501664162,-0.3355681300163269,-0.2091452181339264,0.11579181253910065,0.3712615966796875,0.009881141595542431,0.025905370712280273,-0.10975350439548492,-0.09572137892246246,0.3271169066429138,0.557843029499054,0.15743501484394073,-0.25664007663726807,0.18201790750026703,-0.05696180462837219,-0.11621782928705215,0.3904363512992859,-0.006033682730048895,-0.19238720834255219,-0.5286896824836731,-0.163020521402359,-0.3618219792842865,0.2559627890586853,0.0484924241900444,0.4808250069618225,-0.022030355408787727,0.006269699428230524,0.05276308208703995,-0.34410449862480164,0.0988820418715477,0.44438353180885315,-0.0925220176577568,0.01302248239517212,-0.03982284665107727,-0.34506821632385254,0.5604718923568726,-0.33851712942123413,-0.014852774329483509,-0.007111103739589453,0.03656146675348282,0.4773401618003845,-0.028536414727568626,-0.5616146922111511,-0.050980497151613235,-0.5992558598518372,0.1832742542028427,0.36578792333602905,-0.24899718165397644,0.16031554341316223,-0.4742857813835144,-0.10274066030979156,0.5900287628173828,0.08106788247823715,-0.12767672538757324,0.06314445286989212,-0.3554326891899109,0.179778054356575,0.7621079087257385,0.09107104688882828,0.34436744451522827,-0.1088552251458168,0.05360138416290283,-0.07343326508998871,0.10714773088693619,-0.7442275881767273,0.12268050014972687,-0.5017679333686829,0.32748502492904663,0.030370112508535385,0.4049200117588043,0.460853636264801,0.44978436827659607,0.5271265506744385,-0.0660749301314354,-0.22134742140769958,-0.24321134388446808,0.07901167869567871,-0.09004119783639908,0.4229598939418793,0.27120932936668396,-0.09673585742712021,-0.041111838072538376,-0.12880830466747284,0.033639438450336456,-0.11972087621688843,0.06188888102769852,0.018121177330613136,0.12838870286941528,0.005969136953353882,-0.19258356094360352,-0.31297582387924194,0.319052517414093,-0.14383642375469208,-0.3734963536262512,-0.08201303333044052,-0.03291122242808342,0.004879191517829895,-0.1326930820941925,0.12826915085315704,-0.2869221270084381,0.43327584862709045,0.1139722615480423,0.11650967597961426,-0.15926362574100494,-0.06147393584251404,0.07559423893690109,0.42380180954933167,-0.29688212275505066,0.10804827511310577,-0.13624273240566254,-0.1594437211751938,0.020357629284262657,-0.13528437912464142,-0.0884983092546463,-0.1276596337556839,-0.27747952938079834,0.07317399978637695,0.11203958094120026,0.0032085657585412264,0.1319771260023117,0.19594109058380127,0.1682957112789154,-0.2091384381055832,0.16071243584156036,-0.536220908164978,-0.0748215913772583,0.29309147596359253,0.33768126368522644,-0.0037409544456750154,0.8165356516838074,-0.09270413964986801,-0.23909345269203186,0.2550979256629944,-0.06769046187400818,-0.14879603683948517,-0.21735449135303497,0.09584735333919525,0.34523606300354004,0.22481603920459747,-0.12008930742740631,-0.37547290325164795,-0.017440829426050186,-0.05231815576553345,-0.045837391167879105,0.4031645655632019,-0.09534760564565659,-0.6784144639968872,-0.7189837098121643,0.5082753300666809,-0.4380497932434082,-0.08089255541563034,-0.10297944396734238,-0.41619473695755005,-0.10908512026071548,-0.12470678240060806,-0.3198890686035156,-0.5424102544784546,0.10501625388860703,-0.5016171336174011,-0.01100138109177351,-0.05335421487689018,-0.07579828798770905,0.3835833668708801,-0.4988904893398285,-0.10733761638402939,-0.26450079679489136,-0.06100205332040787,-0.1261100471019745,-0.5934962034225464,-0.08173596858978271,0.3199179768562317,-0.025878656655550003,0.5002263188362122,-0.12589849531650543,0.6318678259849548,-0.14083321392536163,-0.1775968223810196,0.09030729532241821,-0.07281507551670074,-0.2679710388183594,0.07340986281633377,-0.38967278599739075,0.048520661890506744,-0.23223455250263214,-0.2503248453140259,0.6944494247436523,0.020849933847784996,-0.33826127648353577,0.08105017989873886,0.0080176442861557,-0.16678039729595184,-0.01272155623883009,0.11306147277355194,0.02153497003018856,0.23457011580467224,0.23915906250476837,-0.06080132722854614,-0.06314750015735626,-0.35714584589004517,-0.24267268180847168,-0.23071584105491638,0.0587582103908062,0.09959197789430618,-0.0015477031702175736,0.1953134536743164,0.02365480735898018,0.31636732816696167,-0.16147691011428833,0.657817006111145,0.10173703730106354,-0.05416923016309738,-0.23524048924446106,0.027279820293188095,0.08346874266862869,0.3296996057033539,0.09344437718391418,0.177040696144104,-0.025579353794455528,-0.14934125542640686,0.12636591494083405,0.019424140453338623,-0.8911502957344055,-0.21045207977294922,0.05880510061979294,0.016524428501725197,0.09635533392429352,0.11581140756607056,-0.36451950669288635,-0.521068274974823,0.2821298837661743,0.08002210408449173,-0.11107530444860458,-0.002980704652145505,-0.15239261090755463,0.19262465834617615,-0.4324735105037689,0.02792452648282051,-0.2078745812177658,-0.04434402659535408,-0.12525853514671326,0.06793311983346939,-0.046519551426172256,-0.0432460680603981,0.34505540132522583,-0.09644142538309097,0.028586452826857567,-0.11685965210199356,-0.22591868042945862,0.2070685178041458,-0.11346620321273804
CID000002622,21,-0.1098591536283493,-0.6253054738044739,-1.1136409044265747,-0.005261530168354511,0.3783230781555176,-0.15868070721626282,0.14498509466648102,-0.6063382029533386,-0.2208898514509201,-0.4139036238193512,0.3404023349285126,0.08514346182346344,-0.024384304881095886,-0.5218528509140015,-0.1938021332025528,0.2788889706134796,1.2776939868927002,-0.007743163499981165,-0.383767306804657,-0.4549446105957031,-0.17931605875492096,0.02877899445593357,0.6316796541213989,-0.37001121044158936,-1.1335132122039795,-1.4735939502716064,-0.8455723524093628,0.027619147673249245,0.07485754042863846,0.11908940970897675,1.5925862789154053,0.1466018259525299,0.3053586184978485,-0.21633270382881165,-0.13913646340370178,-0.45780429244041443,0.3113712966442108,-0.34074464440345764,0.08683336526155472,-0.35331839323043823,-0.5218364000320435,1.8034394979476929,-0.5640671253204346,-0.7432454824447632,0.05107725411653519,-0.32383501529693604,0.7295602560043335,-0.18338027596473694,-0.8470886945724487,0.14395153522491455,-0.6604178547859192,0.09127523005008698,0.1190505176782608,-0.3357148766517639,0.15992553532123566,-0.9690102338790894,0.07366149872541428,0.7061447501182556,-0.3043971657752991,0.29248204827308655,-0.19792526960372925,-0.28204110264778137,0.11313575506210327,1.1025121212005615,0.003602501703426242,0.07448623329401016,0.05789952725172043,0.16413196921348572,-0.19319304823875427,-0.2045113742351532,-1.0829883813858032,0.02188854292035103,-1.1023638248443604,0.227767676115036,-0.1933032125234604,0.6556128859519958,1.2694144248962402,0.6293374300003052,0.9137630462646484,-0.2874676585197449,-0.10078324377536774,-0.20181453227996826,-0.03417563810944557,0.1205938309431076,0.11300007998943329,0.09359341114759445,-0.4102570414543152,-0.3757401704788208,0.03417311981320381,0.3481975197792053,-0.20408053696155548,0.03229738026857376,-0.2945091128349304,0.2859033942222595,-0.17749206721782684,-0.10195954889059067,-0.05481816455721855,0.46831750869750977,-0.12009777128696442,-0.8530290722846985,-0.04244113713502884,-0.23366746306419373,0.09895390272140503,-0.46453365683555603,-0.3339318037033081,-0.19203713536262512,1.2295995950698853,0.008175896480679512,-0.20495042204856873,0.21065792441368103,0.12122702598571777,-0.1468796730041504,0.22709092497825623,-0.4376910626888275,0.10563136637210846,-0.3313125967979431,-0.5185454487800598,0.2001895010471344,-0.3115520179271698,0.507608950138092,-0.3116307258605957,-0.0028050304390490055,-0.061888687312603,0.028511712327599525,0.10023559629917145,-0.0737515315413475,0.14104443788528442,0.11924333870410919,0.18632125854492188,0.7823129892349243,-0.8868451118469238,-0.04106379300355911,0.35726916790008545,0.21466422080993652,-0.1612253487110138,0.837357223033905,0.0030110736843198538,0.2265188992023468,0.34129881858825684,0.05271364375948906,-0.2069525271654129,-0.1779211461544037,0.14627282321453094,0.2990437150001526,0.4342105984687805,0.1514861285686493,-0.2785372734069824,0.4716961979866028,0.23851880431175232,-0.2441023886203766,0.258202463388443,-0.4402555823326111,-0.8119097948074341,-1.2459124326705933,0.3437066674232483,0.1667477786540985,-0.18151991069316864,0.16171306371688843,-0.10422535985708237,-0.27421748638153076,-0.13928933441638947,-0.1891922652721405,-1.0633234977722168,-0.2826988101005554,-0.9840723872184753,-0.26721230149269104,-0.18969042599201202,0.36503225564956665,0.6827252507209778,0.02604203298687935,-0.09808681905269623,-0.33343133330345154,-0.16241872310638428,-0.02141219563782215,-0.7902706861495972,-0.13018132746219635,0.5200415849685669,0.21364545822143555,0.6443527936935425,0.24399514496326447,0.7045484781265259,-0.06245420500636101,-0.24008150398731232,0.3003171980381012,0.281058669090271,-0.6756919026374817,-0.45222848653793335,0.10414868593215942,-0.4640776216983795,-0.35060256719589233,-0.7771919369697571,1.0469306707382202,-0.22665353119373322,-0.4841197431087494,-0.10233771800994873,0.10736950486898422,-0.057695914059877396,0.31230872869491577,0.4088403582572937,0.03475455567240715,0.34574028849601746,0.2552259862422943,-0.3298048973083496,0.265532910823822,-0.020534997805953026,0.24655023217201233,-0.016541942954063416,0.10061468929052353,0.09130342304706573,-0.41740402579307556,0.5987260937690735,0.035416752099990845,0.1575869619846344,0.0818089097738266,0.9094584584236145,0.5911795496940613,-0.030097762122750282,-0.3292848467826843,-0.043272942304611206,0.057211983948946,0.2632162272930145,0.3024006485939026,0.1237100213766098,-0.28372159600257874,0.039701320230960846,0.30975058674812317,-0.16896644234657288,-1.2938991785049438,0.1497776061296463,-0.14283795654773712,0.21006521582603455,0.32972386479377747,-0.2999698221683502,-0.22071588039398193,-0.6770510673522949,0.2920456826686859,-0.3604831397533417,0.06575588136911392,-0.0029024095274508,0.25567394495010376,1.6712909936904907,-0.47918766736984253,0.04374055936932564,-0.2987555265426636,-0.02059159427881241,-0.48174500465393066,0.2838450074195862,0.2700769305229187,-0.46124348044395447,0.1301804780960083,0.1763456016778946,-0.1408715844154358,0.21350662410259247,0.16806384921073914,0.1502867341041565,-0.004490760155022144
CID000004609,22,0.1299450546503067,-0.3038865625858307,-0.42903727293014526,0.3558608889579773,0.4553615152835846,-0.2072698324918747,-0.3123849332332611,-0.35710474848747253,-0.11713991314172745,-0.07270844280719757,0.3487645089626312,0.04692230001091957,-0.011908849701285362,-0.11038647592067719,0.1476798951625824,0.04040003567934036,0.23621401190757751,0.024664219468832016,-0.23951563239097595,0.3573596477508545,0.09167875349521637,0.07432850450277328,0.45573148131370544,0.11725771427154541,-0.39584797620773315,-0.5886685848236084,-0.32458561658859253,-0.3190888464450836,0.04731272533535957,-0.010409265756607056,0.598733127117157,-0.1117265447974205,-0.12945839762687683,0.06639359891414642,-0.1337094008922577,0.1638701856136322,0.8284120559692383,-0.07626260071992874,0.0981273502111435,0.1333906054496765,-0.09274204075336456,0.4811174273490906,-0.23884394764900208,0.062230102717876434,-0.26110851764678955,-0.03426925465464592,0.5362367630004883,-0.22356124222278595,-0.367713987827301,0.02697371318936348,-0.42023372650146484,0.3013174831867218,0.565392792224884,-0.039335835725069046,-0.04575468599796295,-0.4088616371154785,-0.4162617623806,0.5982121825218201,0.2011738121509552,-0.13410839438438416,-0.28557050228118896,-0.31762415170669556,-0.03266989439725876,0.6325937509536743,-0.05094822123646736,0.5319854021072388,-0.15228229761123657,-0.031492769718170166,0.03653861582279205,0.005830307025462389,-0.7659062743186951,0.28273048996925354,-0.7444013357162476,0.3772575855255127,-0.025674473494291306,0.7039807438850403,0.6757825016975403,0.07658256590366364,0.4310377240180969,-0.015263339504599571,-0.1097860336303711,-0.0943755954504013,-0.11480413377285004,0.11191600561141968,0.3705202639102936,0.12419955432415009,-0.10756029188632965,0.05969927832484245,-0.02228003740310669,0.17642952501773834,0.12691938877105713,0.22543951869010925,-0.20640870928764343,-0.016451338306069374,0.0717049315571785,-0.19718676805496216,0.04371584579348564,0.1546909660100937,0.11128406226634979,-0.3614099621772766,-0.08964832127094269,-0.039604153484106064,0.047401972115039825,-0.08511746674776077,0.08022304624319077,-0.1342329978942871,0.43374162912368774,0.07739226520061493,-0.12245718389749527,-0.16973504424095154,0.15472233295440674,-0.11577590554952621,0.5729308128356934,-0.39569637179374695,-0.0005667760851792991,-0.26800021529197693,-0.243324875831604,-0.028594622388482094,-0.13752205669879913,0.10724779218435287,-0.003072500228881836,-0.2747946083545685,0.1731986105442047,0.25410696864128113,-0.10849587619304657,0.1935800313949585,0.13748227059841156,-0.10791699588298798,-0.1960948407649994,-0.0959496721625328,-0.6264593005180359,-0.203889399766922,0.30009981989860535,0.1600692868232727,0.222182035446167,0.6488984227180481,0.12837015092372894,-0.19585904479026794,0.41054368019104004,-0.08308818191289902,-0.1571662276983261,-0.1411212682723999,-0.10913121700286865,-0.09039968252182007,0.22196440398693085,0.028360998257994652,-0.31209075450897217,-0.019208736717700958,-0.22848086059093475,0.1329319179058075,0.555321216583252,0.05935791879892349,-0.5695754289627075,-0.6009362936019897,0.6106846332550049,-0.33711665868759155,-0.05823201686143875,0.15759479999542236,-0.3530624508857727,0.005026469472795725,0.13224932551383972,0.012658923864364624,-0.7589107155799866,-0.014774327166378498,-0.30211180448532104,-0.10941566526889801,-0.0783037319779396,-0.13477031886577606,0.6801465153694153,-0.4549914300441742,-0.5258079171180725,0.015911856666207314,0.08207767456769943,0.007385593838989735,-0.6812828183174133,-0.2585873305797577,0.4800965189933777,-0.09981099516153336,0.40752124786376953,0.08129862695932388,0.32906660437583923,0.054578423500061035,-0.13617941737174988,0.29778286814689636,-0.31437358260154724,-0.4569065570831299,0.15575304627418518,-0.04845862835645676,-0.16068990528583527,-0.10378497838973999,-0.29809513688087463,0.6970766186714172,0.06957991421222687,-0.32483893632888794,0.27302926778793335,0.04885241016745567,-0.046170227229595184,0.07024333626031876,0.2213522493839264,-0.21948614716529846,0.21620485186576843,0.19052234292030334,-0.0808999091386795,0.12139450013637543,-0.33190590143203735,-0.195777028799057,-0.13121208548545837,-0.003527224063873291,0.0839902013540268,-0.23911921679973602,-0.053920865058898926,0.09618165343999863,0.1889886111021042,-0.06228005886077881,0.6170200109481812,0.030485814437270164,-0.017060661688447,-0.14796926081180573,-0.1398826539516449,-0.10559116303920746,0.13599200546741486,-0.06556111574172974,0.12053308635950089,0.17480114102363586,0.02807392179965973,0.0624539777636528,-0.09232007712125778,-0.7110556960105896,-0.06924267113208771,-0.06560798734426498,-0.0434245765209198,0.07830925285816193,0.058839816600084305,-0.324887216091156,-0.6392068266868591,0.10685606300830841,-0.11065596342086792,0.07412108778953552,-0.10480864346027374,0.238987997174263,0.49725085496902466,-0.37939557433128357,-0.012411636300384998,-0.31896814703941345,-0.0457744337618351,-0.24740903079509735,0.1827654391527176,-0.01879446767270565,-0.21657255291938782,0.27280130982398987,0.24276843667030334,0.07719320803880692,0.1988624632358551,-0.26550015807151794,0.004798120353370905,0.016968822106719017
CID003468412,23,-0.025561640039086342,0.15757697820663452,-0.6749923825263977,0.2487306147813797,0.07642396539449692,-0.09982885420322418,-0.10702554881572723,-0.5300597548484802,-0.13285216689109802,-0.23124203085899353,0.14770418405532837,0.20754310488700867,-0.24265313148498535,-0.1963546872138977,0.005237412638962269,-0.25731125473976135,0.5570816993713379,-0.14592553675174713,-0.44136109948158264,-0.19139839708805084,-0.1894932985305786,-0.10916093736886978,0.5434073209762573,-0.04222025349736214,-0.9355634450912476,-0.6963566541671753,-0.5465709567070007,-0.09910178184509277,-0.11407612264156342,-0.009910667315125465,1.35642409324646,-0.03620903939008713,0.12430671602487564,-0.0023219541180878878,-0.26981765031814575,0.15110458433628082,1.131929636001587,-0.21523408591747284,-0.1807951033115387,-0.2855873107910156,-0.16458070278167725,0.6632668972015381,-0.6109797954559326,0.024039288982748985,-0.11844827979803085,-0.0367402508854866,0.4905547499656677,-0.13004238903522491,-0.33011552691459656,0.04342041164636612,-0.4298036992549896,0.11853673309087753,0.47478002309799194,-0.3099729120731354,0.14116066694259644,-0.3714846968650818,-0.23523668944835663,0.45045819878578186,-0.2714456021785736,-0.02273494563996792,-0.2520982325077057,0.004673212766647339,-0.2156645506620407,1.1526249647140503,-0.17922089993953705,0.3261388838291168,0.08275209367275238,0.16768506169319153,-0.04650828614830971,0.11613856256008148,-0.8421210050582886,-0.16322603821754456,-0.540354311466217,0.2967323362827301,0.09093228727579117,0.6125520467758179,0.6522531509399414,0.3730935752391815,0.5110476613044739,0.07661329209804535,-0.008107289671897888,-0.044310808181762695,0.36427003145217896,0.026187002658843994,0.15054695308208466,0.2305588722229004,-0.04938697814941406,-0.5273922681808472,0.11321784555912018,0.18995460867881775,-0.10782613605260849,0.1488512009382248,-0.25673824548721313,0.017014091834425926,-0.013615066185593605,-0.024303322657942772,-0.11830085515975952,0.29070204496383667,0.19162315130233765,-0.8909158706665039,-0.13109524548053741,0.30624717473983765,-0.020894169807434082,-0.3192470669746399,0.27175045013427734,-0.38064295053482056,0.9543469548225403,-0.1990429311990738,0.26511630415916443,-0.07201453298330307,0.15489131212234497,-0.4090782105922699,0.2357851266860962,-0.4634476602077484,0.09228793531656265,-0.6559750437736511,-0.4338914752006531,-0.030362844467163086,0.1442299634218216,0.411554753780365,-0.11838433891534805,0.10321535915136337,0.27712738513946533,-0.013035912998020649,0.1069703921675682,0.12170487642288208,0.0873270183801651,-0.024632621556520462,-0.09865779429674149,-0.03556719049811363,-0.6512937545776367,-0.6617267727851868,0.11506803333759308,-0.014642680063843727,0.15248332917690277,0.7725264430046082,-0.009896673262119293,-0.2514147162437439,0.2980641722679138,0.028415868058800697,0.07301371544599533,0.04645013436675072,-0.008481288328766823,-0.3082984685897827,0.13400331139564514,0.032303597778081894,-0.3557269275188446,0.22243663668632507,0.1691955178976059,-0.26711928844451904,0.37290769815444946,-0.11910150945186615,-0.6024215817451477,-0.677251398563385,0.3664351999759674,0.10966087877750397,-0.028778742998838425,0.009496484883129597,-0.24178199470043182,0.27839523553848267,0.005089959595352411,0.08647797256708145,-0.6772226691246033,0.35320961475372314,-0.31962454319000244,-0.07044638693332672,-0.05725740268826485,0.3823070526123047,0.9276715517044067,-0.39328131079673767,-0.30459076166152954,0.1775600016117096,-0.18731746077537537,0.12736384570598602,-0.4986289441585541,-0.12871885299682617,0.5971781015396118,0.03587514907121658,0.6096442341804504,0.2652195394039154,0.5811989307403564,0.0808757096529007,-0.29716625809669495,0.48549598455429077,-0.1642880141735077,-0.7513235807418823,-0.16147065162658691,0.09526484459638596,-0.3887265622615814,0.12318046391010284,-0.4015905261039734,0.5511401891708374,0.2604301869869232,-0.4791092276573181,-0.21563665568828583,0.10312362015247345,0.026530791074037552,0.10755566507577896,0.4400966763496399,-0.04865005239844322,0.47751230001449585,0.3443111777305603,-0.14382262527942657,-0.039784543216228485,-0.5627312064170837,0.0993296205997467,-0.32639434933662415,0.21501198410987854,-0.013040442951023579,0.02167483977973461,0.2382785975933075,0.11083509773015976,0.19509193301200867,-0.07251293212175369,1.2216894626617432,0.37050336599349976,0.14537569880485535,-0.058035146445035934,-0.036770083010196686,0.05352969095110893,0.2975326180458069,0.1146523579955101,-0.06635501980781555,-0.35360127687454224,0.007444584276527166,0.4174245297908783,0.042318541556596756,-0.6873148083686829,-0.2154546082019806,0.12874718010425568,0.1679806113243103,0.10442714393138885,0.14660048484802246,-0.3858928084373474,-0.7484415769577026,0.022200632840394974,0.0881437286734581,-0.04901347681879997,-0.2607647776603699,0.37966281175613403,1.3306020498275757,-0.4084492325782776,-0.08064097911119461,-0.5753677487373352,-0.08375371992588043,-0.3430763781070709,-0.2061927765607834,0.29047057032585144,-0.2345547378063202,-0.03519149869680405,0.3658558130264282,0.13770411908626556,-0.08374200016260147,-0.113564632833004,0.057776134461164474,0.04220326617360115
CID000060147,24,0.1549162119626999,-0.032626088708639145,-0.588018536567688,0.06976683437824249,0.34295085072517395,-0.14348025619983673,-0.030771175399422646,-0.7246726155281067,-0.14664573967456818,-0.12838037312030792,0.3664223253726959,0.10268803685903549,-0.13279464840888977,-0.1033845916390419,-0.10851118713617325,0.14455415308475494,0.6797354817390442,-0.029437843710184097,-0.43205785751342773,0.11590055376291275,-0.09592276811599731,-0.23809115588665009,0.37227433919906616,0.011021992191672325,-0.3613779544830322,-0.5395225286483765,-0.11207114160060883,-0.17294247448444366,0.1989661306142807,-0.21191763877868652,0.43778830766677856,0.004125639796257019,-0.14591047167778015,0.24887099862098694,-0.2717271149158478,0.014694313518702984,0.49228429794311523,-0.1346699297428131,0.009583351202309132,-0.10784391313791275,-0.4813053607940674,0.4977487623691559,-0.2076612263917923,-0.0029292763210833073,0.03808116912841797,0.13933229446411133,0.6028159856796265,0.17036719620227814,-0.6065906286239624,0.1244584321975708,-0.6582421064376831,0.1880832314491272,0.3468970060348511,-0.2171747386455536,0.3239341676235199,-0.34980782866477966,-0.08090253174304962,0.7726072669029236,0.07236524671316147,-0.07492292672395706,0.15579818189144135,-0.2774052023887634,0.20664748549461365,0.8265905380249023,-0.009139558300375938,0.26763471961021423,-0.06083930283784866,0.17890632152557373,-0.029330501332879066,0.06370973587036133,-0.7087914347648621,0.06202901527285576,-0.36723655462265015,0.529327929019928,0.010756067931652069,0.5580750107765198,0.3691970109939575,0.3286406695842743,0.7962310910224915,-0.018952082842588425,-0.039341263473033905,-0.34888431429862976,-0.0003580036573112011,-0.07094137370586395,0.475018173456192,0.292487233877182,-0.336666077375412,0.12616689503192902,-0.13569408655166626,0.09811204671859741,-0.059523094445466995,0.14096851646900177,-0.16375920176506042,0.06954215466976166,0.037218157202005386,-0.13458311557769775,-0.30930930376052856,0.14386209845542908,-0.04994082450866699,-0.6270585060119629,-0.02582366205751896,-0.0783509835600853,0.08285883814096451,-0.24346168339252472,0.16792652010917664,-0.3407171368598938,0.504327654838562,0.049179624766111374,0.16582457721233368,-0.005404043011367321,-0.14729782938957214,0.0807383805513382,0.5104301571846008,-0.41335582733154297,0.16832177340984344,-0.2742489278316498,-0.38758793473243713,-0.06754624098539352,-0.06768544763326645,0.07053118944168091,-0.23911285400390625,-0.24911239743232727,0.07794096320867538,0.15645179152488708,0.02725440263748169,0.06802178919315338,0.1636088788509369,0.08535347133874893,-0.14949806034564972,0.14636018872261047,-0.49949511885643005,-0.2583489418029785,0.3208409249782562,0.29059037566185,0.08863501995801926,0.690895676612854,0.08660076558589935,0.007947206497192383,0.285987913608551,-0.20004689693450928,0.005648180842399597,-0.3189028203487396,0.26446160674095154,0.229590505361557,0.0397416427731514,-0.05727086588740349,-0.37352392077445984,-0.08050920069217682,0.03488908335566521,-0.09138254076242447,0.4240681231021881,-0.17240527272224426,-0.5490663051605225,-0.8444501757621765,0.6751968264579773,-0.33177098631858826,0.21931767463684082,0.061522431671619415,-0.5907794237136841,-0.034952230751514435,-0.07292815297842026,-0.2119341343641281,-0.8265291452407837,0.01476566307246685,-0.48052793741226196,-0.04539967700839043,-0.18185845017433167,-0.01834769919514656,0.24648475646972656,-0.37812909483909607,-0.3378145098686218,-0.21408331394195557,-0.016973882913589478,-0.256207674741745,-0.6051285266876221,-0.055086858570575714,0.3989350199699402,0.18256776034832,0.44575420022010803,-0.23918282985687256,0.3679817020893097,-0.014650571160018444,-0.3647993206977844,0.3610835075378418,0.035607412457466125,-0.44630464911460876,-0.09376741945743561,-0.30772048234939575,0.1290283203125,-0.2006041705608368,-0.4783530831336975,0.7085784673690796,0.06654416769742966,-0.4134254455566406,-0.031253159046173096,-0.2224484384059906,-0.2958115041255951,-0.08237503468990326,0.2544831335544586,0.13765385746955872,0.5531468987464905,0.2168744057416916,-0.050858158618211746,-0.12892600893974304,-0.2964167892932892,-0.2514262795448303,-0.243067666888237,0.0654015988111496,0.05091218277812004,0.11483015865087509,0.06755665689706802,0.00684356689453125,0.2222081869840622,-0.17304585874080658,0.5867018699645996,-0.1674071103334427,-0.11376015841960907,-0.2422942817211151,-0.021879810839891434,0.024530978873372078,0.288088321685791,-0.1246693953871727,0.16017886996269226,-0.050716716796159744,-0.1965605914592743,-0.03360283374786377,0.031593553721904755,-0.7707380056381226,-0.12831012904644012,-0.03893019258975983,0.023004163056612015,0.360799640417099,0.13152846693992615,-0.33465781807899475,-0.5921458601951599,0.19689589738845825,0.09873919188976288,-0.09427221119403839,0.0801553726196289,-0.20349915325641632,0.4218103289604187,-0.25303909182548523,-0.045193541795015335,-0.3687288165092468,-0.11819352954626083,-0.2805178761482239,-0.004111492540687323,-0.1507686972618103,-0.1660580039024353,0.3579225242137909,0.05912473052740097,0.10410676151514053,-0.01878541149199009,-0.19806282222270966,0.1801626980304718,-0.13160082697868347
CID000002244,25,0.08643162250518799,-0.2111949473619461,-0.6872140169143677,0.16369304060935974,0.42152366042137146,0.1874886304140091,-0.16067813336849213,-0.7987439036369324,-0.12211070954799652,-0.07910339534282684,0.46611183881759644,0.12226557731628418,-0.07691758871078491,0.060760997235774994,-0.031335290521383286,0.009161782450973988,0.33832091093063354,0.08222272247076035,-0.3544315695762634,0.15174832940101624,-0.1281193196773529,0.10039328038692474,0.49311894178390503,-0.00824362225830555,-0.6731265783309937,-0.7213407754898071,-0.41892462968826294,0.20332780480384827,-0.09278035163879395,-0.2519396245479584,0.7397515177726746,-0.0023093707859516144,-0.20745635032653809,0.28039175271987915,-0.3214591145515442,0.1803799867630005,0.7482984066009521,-0.1744660884141922,-0.06213662773370743,0.005599808879196644,-0.05609489232301712,0.28079426288604736,-0.35427939891815186,0.15147975087165833,-0.057479649782180786,0.15833131968975067,0.7841591835021973,-0.2648495137691498,-0.41659918427467346,0.04126540198922157,-0.32890817523002625,0.5859624147415161,0.5908914804458618,-0.08687476813793182,0.32919996976852417,-0.22629451751708984,-0.4100850522518158,0.7963811755180359,-0.11061836779117584,0.08777349442243576,-0.08605343103408813,-0.3611023724079132,-0.07470168173313141,0.8713515996932983,0.036056436598300934,0.1879953294992447,-0.18202200531959534,-0.1349339485168457,0.04478325694799423,0.2031135857105255,-0.6103258728981018,0.1453518271446228,-0.490938276052475,0.5460780262947083,0.06337759643793106,0.4531577527523041,0.4439964294433594,0.18499048054218292,0.46251243352890015,-0.17158284783363342,-0.04881591722369194,-0.2792155146598816,0.06859846413135529,-0.017710497602820396,0.3202532231807709,0.3604695200920105,-0.2566843330860138,-0.15691699087619781,-0.05550043657422066,0.022756099700927734,-0.27798447012901306,-0.2821001708507538,-0.09723664820194244,0.1382146179676056,-0.013932429254055023,-0.009083938784897327,-0.29741740226745605,0.40143337845802307,-0.05959748104214668,-0.7263540029525757,-0.11381320655345917,-0.14717790484428406,0.27221980690956116,-0.07654736191034317,0.14555679261684418,-0.09635505825281143,0.8530705571174622,-0.2415119856595993,0.31212130188941956,-0.10782333463430405,-0.06532523781061172,-0.06400801241397858,0.5095661282539368,-0.12279689311981201,0.29633036255836487,-0.3607909083366394,-0.45105642080307007,0.004178906790912151,-0.2126152217388153,0.1375742405653,-0.3028959333896637,-0.14053583145141602,0.06940088421106339,0.025372494012117386,-0.132391095161438,-0.051986049860715866,0.4085692763328552,-0.009219137951731682,-0.2802751362323761,0.1908903867006302,-0.5822394490242004,-0.29403018951416016,0.43219608068466187,0.14545218646526337,0.07502488791942596,0.6659568548202515,0.12894698977470398,-0.17736265063285828,0.36042454838752747,-0.000828357064165175,-0.027676809579133987,-0.214850515127182,0.09544900804758072,0.049618273973464966,0.05362609028816223,-0.06069738417863846,-0.4732113778591156,0.09610459953546524,5.63144676561933e-05,-0.02801193855702877,0.23023588955402374,-0.19471144676208496,-0.5615175366401672,-0.8286073803901672,0.5572529435157776,-0.1387588083744049,0.3927888572216034,0.09372381865978241,-0.4050700068473816,-0.015216712839901447,0.005605347920209169,0.08863843977451324,-0.9955117106437683,0.1107877641916275,-0.43682795763015747,-0.03535955399274826,0.06333832442760468,-0.1183636337518692,0.7550147771835327,-0.5561100244522095,-0.31232649087905884,0.035528190433979034,-0.07810842990875244,-0.16885140538215637,-0.6943170428276062,-0.18120452761650085,0.5355582237243652,0.21895678341388702,0.47234517335891724,-0.20233578979969025,0.4520559310913086,-0.20458105206489563,-0.2982104420661926,0.5987069010734558,-0.05651053041219711,-0.4051915109157562,-0.14708824455738068,-0.043030060827732086,-0.3917754292488098,-0.28370627760887146,-0.4621709883213043,0.9575684666633606,0.0885988101363182,-0.5301268696784973,0.012872016057372093,0.0002800673246383667,-0.1034274697303772,-0.008615856990218163,0.5031524896621704,0.06899014860391617,0.5695240497589111,0.3149349093437195,-0.23639480769634247,0.1060829907655716,-0.46965956687927246,-0.2960396409034729,-0.2415676862001419,-0.09937112033367157,-0.08118635416030884,-0.01694149523973465,0.14280995726585388,-0.049682699143886566,0.08651463687419891,-0.2642687261104584,0.833523154258728,0.04686681181192398,0.014824437908828259,-0.18525633215904236,0.030799347907304764,0.06698252260684967,0.37271633744239807,0.1910185068845749,0.02538786455988884,0.03801267594099045,-0.048786722123622894,0.20468516647815704,0.0747448280453682,-0.7999091744422913,-0.1335989534854889,0.02821645699441433,-0.21526925265789032,0.3667629361152649,0.1845097839832306,-0.11340226233005524,-0.6819387674331665,0.16568998992443085,0.041659045964479446,-0.11410939693450928,0.1650642305612564,-0.09437517076730728,0.7242907881736755,-0.501502275466919,0.041489969938993454,-0.26928067207336426,0.0712805911898613,-0.19641169905662537,0.11704124510288239,0.10927823930978775,-0.18260352313518524,0.19761094450950623,0.14582133293151855,0.02450193092226982,0.28028005361557007,-0.21166248619556427,0.2837323248386383,0.004911473486572504
CID000002806,26,0.08368069678544998,-0.19666209816932678,-0.469661146402359,-0.050365399569272995,0.3844389021396637,-0.2503124177455902,-0.07732769101858139,-0.43865570425987244,-0.1496734619140625,0.20324599742889404,0.31620222330093384,0.09983812272548676,-0.024155477061867714,-0.060862261801958084,0.05606309324502945,0.18866439163684845,0.5683177709579468,-0.013283749110996723,-0.20134401321411133,0.2330045998096466,-0.14666205644607544,-0.057702742516994476,0.5474031567573547,0.10185593366622925,-0.3533323109149933,-0.7496811747550964,-0.20771297812461853,-0.25981298089027405,0.22758767008781433,0.14119423925876617,0.32178449630737305,0.10760273039340973,-0.1282707154750824,0.34732696413993835,-0.17446430027484894,0.06015660613775253,0.6084901094436646,-0.13751669228076935,-0.11195006221532822,0.00040740444092079997,-0.1571035385131836,0.5222712159156799,-0.2742641866207123,0.0837714895606041,0.040742505341768265,0.1838129460811615,0.5954463481903076,-0.015531757846474648,-0.5891918540000916,0.049698054790496826,-0.31937775015830994,0.3612637221813202,0.3324366807937622,-0.16097427904605865,0.2224734127521515,-0.38535982370376587,-0.1290886402130127,0.6589964628219604,-0.0672663077712059,-0.2004542052745819,0.04537726193666458,-0.22902020812034607,0.07843723893165588,0.6149179935455322,0.12759798765182495,0.22186784446239471,-0.1816217005252838,-0.06363627314567566,-0.05746256560087204,0.013698550872504711,-0.6553938388824463,0.2123415470123291,-0.3533265292644501,0.49688202142715454,0.11488331854343414,0.4745234549045563,0.414553165435791,0.3819259703159332,0.4995247721672058,-0.06873735040426254,-0.0934772938489914,-0.03487085551023483,-0.05461007356643677,-0.005475264973938465,0.12760955095291138,0.36155420541763306,-0.1678484082221985,0.0005896836519241333,-0.048535436391830444,0.10638860613107681,-0.19454389810562134,-0.06705106794834137,-0.05988391116261482,0.19719740748405457,-0.02963523007929325,-0.10441869497299194,-0.21556159853935242,0.1781696230173111,-0.10759774595499039,-0.4074668288230896,0.08678755909204483,-0.17852827906608582,0.066420778632164,-0.09559609740972519,0.14579443633556366,-0.15845876932144165,0.5336583852767944,0.040344852954149246,0.20004069805145264,-0.19493098556995392,-0.05104870721697807,0.21397271752357483,0.4919392168521881,-0.28167158365249634,0.2334911823272705,-0.14933784306049347,-0.18953171372413635,-0.005874751601368189,-0.2724001407623291,-0.11323469877243042,-0.2228730022907257,-0.2421218603849411,-0.04894908517599106,0.05752997472882271,-0.04753538593649864,0.236863374710083,0.2225915491580963,0.037096112966537476,-0.2651170492172241,0.17562827467918396,-0.5363937616348267,-0.13204695284366608,0.32943856716156006,0.2783382534980774,0.0704275369644165,0.6127002239227295,-0.09502805769443512,-0.2600562274456024,0.19321168959140778,-0.08821644634008408,-0.12567128241062164,-0.25073546171188354,0.26356643438339233,0.24807342886924744,0.17981889843940735,-0.047086358070373535,-0.32636797428131104,-0.17756205797195435,0.005945328623056412,-0.11407966911792755,0.4383572041988373,-0.056098680943250656,-0.5088577270507812,-0.5274742245674133,0.4891444742679596,-0.29310986399650574,-0.06538473069667816,-0.21921208500862122,-0.5638339519500732,-0.14505138993263245,-0.11176172643899918,-0.27542048692703247,-0.7251394987106323,0.007675651460886002,-0.44791728258132935,-0.0040225861594080925,0.015803763642907143,-0.03837736323475838,0.5092313885688782,-0.4884788393974304,-0.19316372275352478,-0.11326470226049423,-0.12982426583766937,-0.17821714282035828,-0.48637956380844116,-0.030871305614709854,0.3056454062461853,0.10643608868122101,0.6033059358596802,-0.2745600640773773,0.6659612655639648,-0.1682150512933731,-0.2459280788898468,0.1190338134765625,-0.07260772585868835,-0.3559949994087219,-0.08217526972293854,-0.339677095413208,-0.041734520345926285,-0.12687800824642181,-0.42835888266563416,0.6551805734634399,0.020698074251413345,-0.41280660033226013,0.010233312845230103,-0.11557967960834503,-0.15825770795345306,0.05633021518588066,0.21755072474479675,-0.1532757580280304,0.4389621615409851,0.32724541425704956,-0.059583019465208054,0.03962598741054535,-0.40135613083839417,-0.24416908621788025,-0.3137546181678772,0.0060555338859558105,0.028654497116804123,-0.14758455753326416,0.1747724413871765,0.06560145318508148,0.03234698250889778,-0.22838997840881348,0.6590923070907593,0.03586908057332039,-0.13200196623802185,-0.2558453679084778,0.09772627055644989,0.04590027779340744,0.32055753469467163,0.0892098993062973,0.10966028273105621,-0.10912799835205078,-0.04864721745252609,0.08526740968227386,0.013711413368582726,-0.7275579571723938,-0.17027422785758972,-0.14319448173046112,0.05251387506723404,0.2282804697751999,0.16349463164806366,-0.3258672058582306,-0.5282062888145447,0.2444518506526947,0.09140638262033463,-0.09021244943141937,0.0030356973875313997,-0.18196606636047363,0.15329822897911072,-0.42564114928245544,-0.1449679434299469,-0.14853651821613312,-0.0855042114853859,-0.25225570797920227,0.0931088775396347,-0.13102257251739502,-0.10003133863210678,0.17460784316062927,-0.0919392928481102,0.02591610886156559,0.15352272987365723,-0.30108118057250977,0.16563566029071808,-0.009095415472984314
CID000003446,27,0.004309079144150019,-0.2009267807006836,-0.5388791561126709,-0.11296568810939789,0.1487160623073578,-0.26652291417121887,-0.010282561182975769,-0.06003972142934799,-0.05729727819561958,0.13651278614997864,0.2784983515739441,-0.09333145618438721,-0.00014959815598558635,-0.21827319264411926,0.2858286499977112,0.07410143315792084,0.31842729449272156,0.05555393546819687,-0.3006429374217987,0.46426111459732056,-0.20111818611621857,0.17182347178459167,0.373550146818161,-0.011167475953698158,-0.6848949193954468,-0.7089686989784241,-0.30974873900413513,-0.27748626470565796,0.21275953948497772,-0.20993471145629883,0.8964214324951172,0.1260656863451004,-0.03466420620679855,0.17775461077690125,-0.6448490619659424,0.04301935061812401,0.1203513890504837,-0.07378791272640228,0.00843732338398695,-0.08631257712841034,-0.8484363555908203,0.3609667122364044,-0.37363043427467346,-0.1525489091873169,-0.06349070370197296,-0.2801026403903961,0.7577412724494934,-0.17555823922157288,-0.519680917263031,0.2440725862979889,-0.7565599679946899,0.1610213816165924,0.5420657396316528,-0.30640730261802673,0.09436623007059097,-0.5509461760520935,-0.04690813273191452,1.005183219909668,0.13466033339500427,0.1451643705368042,0.08821717649698257,-0.06176440790295601,0.049512989819049835,0.7980913519859314,0.1623423844575882,0.7242560386657715,0.04258863627910614,-0.05582200363278389,0.11236047744750977,-0.0894341841340065,-0.6727103590965271,0.14385804533958435,-0.7645853757858276,0.12399069964885712,-0.27871647477149963,0.09847022593021393,0.5768463015556335,0.1203991174697876,0.5736780762672424,0.1636517196893692,-0.041829273104667664,-0.34551259875297546,-0.011621186509728432,-0.09993655979633331,-0.15388095378875732,0.16817931830883026,-0.45892390608787537,0.4208478331565857,0.3916557729244232,-0.0657632127404213,0.13021905720233917,-0.023977473378181458,-0.4847473204135895,0.30974310636520386,-0.20392203330993652,-0.2421836107969284,0.07773980498313904,-0.25238972902297974,0.07376201450824738,-0.699367344379425,0.0923381894826889,0.0026319578755646944,-0.1737939417362213,-0.2919083833694458,-0.15603967010974884,-0.3879334330558777,0.47637805342674255,0.011169818229973316,-0.36592772603034973,0.02167588844895363,-0.16885732114315033,-0.1311015784740448,0.7489706873893738,-0.9305557012557983,-0.05307820439338684,-0.03419739753007889,-0.2854834496974945,0.28981903195381165,0.008512893691658974,-0.02991618774831295,-0.1869717836380005,-0.35182496905326843,-0.17133359611034393,0.0017641469603404403,-0.1534513682126999,0.2686809003353119,0.28753983974456787,0.11374638229608536,0.1264342963695526,0.18934740126132965,-0.7490538358688354,0.12715734541416168,0.22342412173748016,0.18921497464179993,-0.05436577647924423,1.4622588157653809,0.2722182273864746,-0.3360854387283325,0.30740994215011597,0.22256632149219513,-0.4017959535121918,-0.5335210561752319,0.35924476385116577,-0.07338754832744598,-0.008532256819307804,-0.05828534811735153,-0.3525293171405792,-0.04212379455566406,-0.06337698549032211,-0.07793577760457993,0.7393772602081299,-0.09228723496198654,-0.8466286659240723,-0.7913950681686401,0.7818740010261536,-0.21134257316589355,-0.28931453824043274,0.06140248104929924,-0.45441150665283203,-0.006401240825653076,0.20367856323719025,0.021944403648376465,-0.47591638565063477,0.025278454646468163,-0.6369601488113403,0.1117226853966713,-0.010501841083168983,0.05420856922864914,0.3816172480583191,-0.509617805480957,-0.16693633794784546,0.08127821981906891,0.11157933622598648,0.11547140777111053,-0.39267322421073914,-0.2400699406862259,0.1259736269712448,-0.12015936523675919,0.5446831583976746,0.20201246440410614,0.4200006425380707,-0.0170969907194376,0.01229062955826521,0.3366153836250305,-0.09201474487781525,-0.21046674251556396,-0.0267376359552145,0.012920920737087727,0.014995308592915535,-0.10414157062768936,-0.10402051359415054,0.9598904848098755,-0.16283740103244781,-0.24492427706718445,0.044229693710803986,-0.14359508454799652,0.07215835154056549,0.1582305133342743,0.45396551489830017,-0.27263569831848145,0.31661778688430786,0.009178334847092628,-0.06796903908252716,0.7384700775146484,-0.8127137422561646,0.2037007361650467,-0.5929065942764282,0.060482509434223175,-0.05032341554760933,-0.21525152027606964,0.08643868565559387,-0.14524410665035248,0.049866288900375366,-0.08346976339817047,0.5291779637336731,-0.09507256746292114,0.45698443055152893,-0.21002605557441711,-0.12866981327533722,0.1772131621837616,-0.03006882034242153,0.35388463735580444,-0.12925781309604645,-0.2266348898410797,0.1952393501996994,-0.03646370396018028,-0.016698455438017845,-0.6961714625358582,0.04435393214225769,-0.11141224205493927,0.1955469697713852,0.25862550735473633,-0.23112726211547852,-0.38337233662605286,-0.8929797410964966,-0.01280684769153595,-0.3411028981208801,-0.0370924286544323,0.1917247474193573,0.0952320545911789,0.34961819648742676,-0.3521588146686554,0.029319291934370995,-0.2092440128326416,-0.20960736274719238,0.03669865056872368,-0.2403496503829956,0.06886696815490723,-0.13688567280769348,0.39460641145706177,-0.19234007596969604,0.22734157741069794,-0.10907725989818573,-0.32148393988609314,0.2266247272491455,-0.15388885140419006
CID000005352,28,-0.007700175978243351,-0.23714935779571533,-0.4317585825920105,-0.11182544380426407,0.3563373386859894,-0.2053106129169464,-0.010983944870531559,-0.2917547821998596,-0.2273550033569336,0.13703997433185577,0.37414056062698364,0.0004648342728614807,-0.07051634043455124,-0.08123934268951416,0.01369389332830906,0.29276540875434875,0.3127146065235138,-0.09411981701850891,-0.22034266591072083,0.3023298680782318,-0.28118520975112915,0.05924564599990845,0.47765785455703735,-0.0014865815173834562,-0.3698256313800812,-0.8350124359130859,-0.4621052145957947,-0.07908807694911957,0.04538937658071518,0.1625857800245285,0.5161802768707275,0.19775409996509552,-0.093380406498909,0.3985061049461365,-0.4162169098854065,0.07955136150121689,0.7518256902694702,-0.21158483624458313,-0.0021911158692091703,0.012361250817775726,-0.20788581669330597,0.41901713609695435,-0.31181901693344116,-0.0391092523932457,-0.05054011195898056,0.10008148849010468,0.6447749733924866,-0.03604528307914734,-0.5538067817687988,-0.03313601016998291,-0.48916125297546387,0.1516951620578766,0.3232184052467346,-0.1479903757572174,0.15325388312339783,-0.35253486037254333,-0.16480958461761475,0.4994083344936371,0.0850638598203659,-0.09544239193201065,0.11109285056591034,-0.25365859270095825,0.10171051323413849,0.6863970160484314,0.2048960030078888,0.238338902592659,-0.20182934403419495,-0.0829625129699707,0.0346304252743721,0.0066338106989860535,-0.6252418160438538,0.15834608674049377,-0.43472743034362793,0.6307060122489929,-0.08935882151126862,0.2654707729816437,0.471507728099823,0.4361945688724518,0.397860586643219,-0.04727666825056076,-0.061745692044496536,-0.16036471724510193,0.07746045291423798,-0.03856969624757767,0.11718038469552994,0.3863663375377655,-0.09648405015468597,-0.12820051610469818,-0.12772586941719055,0.022191155701875687,-0.14026589691638947,-0.1651315987110138,-0.06513969600200653,0.16659177839756012,0.1618042290210724,-0.217166468501091,-0.28750404715538025,0.22993072867393494,0.08350513875484467,-0.6716269850730896,-0.11293335258960724,-0.20425772666931152,0.22600813210010529,-0.09410075843334198,0.18674872815608978,-0.07028952240943909,0.7404881715774536,0.11572837829589844,0.23824112117290497,-0.12183712422847748,-0.10525353252887726,0.042562663555145264,0.28352925181388855,-0.2962110638618469,0.1830756664276123,-0.27808132767677307,-0.33832505345344543,0.09895553439855576,-0.0028719608671963215,-0.062046587467193604,-0.012309652753174305,-0.30653858184814453,-0.061825983226299286,0.05632932111620903,-0.09159982204437256,0.09629609435796738,0.1857289969921112,0.14432626962661743,-0.14944258332252502,0.22494229674339294,-0.7638393044471741,-0.0015778407687321305,0.4575482904911041,0.07030806690454483,0.07556785643100739,0.9288897514343262,0.2543286383152008,-0.3058609068393707,0.22209998965263367,0.05986076593399048,-0.261478990316391,-0.2726123631000519,0.20394107699394226,0.3228088617324829,0.07376354932785034,-0.05272477865219116,-0.41592898964881897,-0.1373366415500641,0.09136156737804413,0.06160241365432739,0.26307541131973267,-0.09655442088842392,-0.579414963722229,-0.6120920181274414,0.3716850280761719,-0.20468011498451233,0.24196115136146545,-0.2501143515110016,-0.3979053199291229,-0.1254235953092575,-0.08428804576396942,0.04845631867647171,-0.672942042350769,0.019164716824889183,-0.3651498854160309,-0.04137660935521126,0.014711846597492695,-0.14806482195854187,0.47866493463516235,-0.52130126953125,-0.051041118800640106,-0.1090027466416359,-0.1269432008266449,-0.16564926505088806,-0.5221181511878967,-0.055921636521816254,0.3636096715927124,0.22876057028770447,0.5473483800888062,0.09333018213510513,0.5766309499740601,-0.2749403119087219,-0.13091418147087097,0.37381914258003235,-0.056770823895931244,-0.5689290761947632,0.04197745397686958,-0.20687279105186462,-0.12243206799030304,-0.07773233950138092,-0.4566935896873474,0.9612302780151367,-0.05447020381689072,-0.36812442541122437,0.19648294150829315,-0.05058024451136589,-0.07547532021999359,0.08625776320695877,0.5288498997688293,-0.20104631781578064,0.3617691397666931,0.570540726184845,-0.1054486408829689,0.2211550921201706,-0.42623692750930786,-0.27014169096946716,-0.23796629905700684,-0.1103987842798233,-0.1368098258972168,-0.1252867728471756,0.20847752690315247,-0.0007290014764294028,0.095075823366642,-0.23678484559059143,0.7581459879875183,0.0441761314868927,-0.04597557336091995,-0.26115065813064575,0.0466432198882103,0.2657952904701233,0.20471838116645813,6.648599810432643e-05,0.21075288951396942,-0.04291924834251404,-0.009850886650383472,0.14155815541744232,0.21907587349414825,-0.6544244885444641,-0.3316541314125061,-0.11790265887975693,-0.09340653568506241,0.177229642868042,0.14460323750972748,-0.28497785329818726,-0.48089390993118286,0.24890097975730896,0.0473877377808094,-0.24541810154914856,0.01759294606745243,-0.12253139913082123,0.39088910818099976,-0.3577413558959961,-0.0020920007955282927,-0.2574889063835144,-0.0030405938159674406,-0.2854955792427063,-0.023337673395872116,-0.04151458665728569,0.05141207575798035,0.24835538864135742,-0.09654657542705536,-0.014773544855415821,0.07775972038507462,-0.13529767096042633,0.18110844492912292,0.0025234161876142025
CID000004112,29,0.165050208568573,-0.18602800369262695,-0.5535675883293152,-0.035068295896053314,0.2779165208339691,-0.14826563000679016,0.13359709084033966,-0.2962892949581146,-0.3269655108451843,-0.10860554873943329,0.29657670855522156,0.03559045493602753,-0.08796288073062897,-0.09837435185909271,0.015716221183538437,0.27387598156929016,0.32641589641571045,0.10209880024194717,-0.3485111594200134,0.23881816864013672,-0.22154030203819275,0.11906357109546661,0.3619511127471924,0.03427274897694588,-0.4698526859283447,-0.6528986692428589,-0.21851977705955505,-0.1517743319272995,0.10071911662817001,-0.05172092467546463,0.41542792320251465,0.1890200823545456,-0.02528679370880127,0.16475215554237366,-0.30844223499298096,0.08280325680971146,0.4057373106479645,-0.2082797735929489,-0.028289031237363815,-0.005046927370131016,-0.23514339327812195,0.3622697591781616,-0.42234739661216736,0.10205240547657013,0.0900706872344017,0.09396179765462875,0.5620339512825012,-0.0042844535782933235,-0.6797544360160828,0.138323113322258,-0.805580735206604,0.07930721342563629,0.26321542263031006,-0.11624754965305328,-0.024059947580099106,-0.3201788067817688,0.018803883343935013,0.7109240293502808,-0.09651211649179459,-0.1378341168165207,0.24575629830360413,-0.17794747650623322,-0.02793477475643158,0.5810649394989014,0.24248835444450378,0.20686876773834229,-0.14648838341236115,0.05623190477490425,-0.24356670677661896,0.024231715127825737,-0.44883641600608826,0.0531766302883625,-0.47106194496154785,0.478905588388443,0.06235068291425705,0.31447821855545044,0.3874036967754364,0.41986197233200073,0.8289688229560852,-0.13275539875030518,0.03621978685259819,-0.17966493964195251,0.20848998427391052,-0.24145305156707764,0.35147252678871155,0.2836873531341553,-0.30782169103622437,0.21903014183044434,-0.01712234504520893,-0.014180133119225502,0.021145479753613472,-0.13898643851280212,-0.0073268236592411995,0.10354872047901154,0.16994065046310425,-0.1678059995174408,-0.3148702383041382,0.21459440886974335,-0.07357759028673172,-0.6339142322540283,0.031198794022202492,0.07388485968112946,0.16360940039157867,-0.12647131085395813,0.22577528655529022,-0.11111917346715927,0.5599748492240906,0.13425152003765106,0.07344524562358856,-0.01038130559027195,-0.14272387325763702,-0.03569013625383377,0.4809093475341797,-0.3675590753555298,0.25155705213546753,-0.18743525445461273,-0.209870383143425,0.07856164872646332,-0.2243373841047287,-0.13853318989276886,-0.14680927991867065,-0.308040052652359,0.10277242958545685,0.01735101267695427,-0.0017241358291357756,0.16411623358726501,0.25050994753837585,0.06915072351694107,-0.2550724148750305,0.1826147735118866,-0.5510818958282471,-0.16378948092460632,0.3593141734600067,0.3707581162452698,-0.08513320237398148,0.8381272554397583,0.2906988859176636,0.04100801423192024,0.1455591768026352,-0.046437300741672516,-0.07894360274076462,-0.27822375297546387,0.2746029496192932,0.3482814431190491,0.15984785556793213,-0.13399451971054077,-0.5363218188285828,-0.047638993710279465,0.03070732392370701,0.011234430596232414,0.4191681444644928,0.002179062459617853,-0.5041031837463379,-0.7349910736083984,0.5970717668533325,-0.1791638284921646,0.17067067325115204,0.016037125140428543,-0.5483287572860718,-0.1644403487443924,-0.24527113139629364,0.015636419877409935,-0.6754979491233826,0.08929645270109177,-0.43569666147232056,-0.03217349201440811,-0.07713596522808075,-0.03360363468527794,0.549423098564148,-0.5467197299003601,-0.10418085753917694,-0.3142581582069397,0.01261044479906559,-0.20387139916419983,-0.6086798906326294,-0.043966300785541534,0.25764912366867065,0.1028977632522583,0.4056784212589264,0.02640904113650322,0.7665424942970276,-0.16834756731987,0.026023220270872116,0.2860930562019348,0.013326948508620262,-0.2788914740085602,-0.1001155748963356,-0.38076549768447876,0.11309027671813965,-0.24543678760528564,-0.4978829026222229,0.9569867253303528,-0.18815675377845764,-0.35770732164382935,0.04388963058590889,0.020067080855369568,-0.14989298582077026,0.06775738298892975,0.3383522033691406,0.02040112391114235,0.38937896490097046,0.4229621887207031,0.08085058629512787,0.16428163647651672,-0.5932208299636841,-0.13832055032253265,-0.269536554813385,-0.05594406649470329,-0.0643661692738533,-0.11784966289997101,0.18771037459373474,-0.17524895071983337,0.23220276832580566,-0.13343028724193573,0.5610857605934143,-0.07203725725412369,0.014701890759170055,-0.13004672527313232,-0.07129927724599838,0.25240570306777954,0.3053409159183502,0.12291860580444336,0.3167708218097687,-0.00466697895899415,-0.15444107353687286,0.09500012546777725,-0.10239231586456299,-0.7392588257789612,-0.2648842930793762,0.05772538110613823,-0.08713206648826599,0.1988132745027542,0.1938539445400238,-0.1193583607673645,-0.6230359077453613,0.25560319423675537,0.018704883754253387,-0.09500641375780106,-0.0005918741226196289,-0.1934901475906372,0.2332661896944046,-0.32722610235214233,-0.1291545033454895,-0.06248006224632263,-0.04404304176568985,-0.37576666474342346,0.2183208018541336,-0.12631185352802277,0.03831607848405838,0.390552818775177,0.09159389138221741,0.09857736527919769,0.11434789001941681,-0.23869404196739197,0.2665509283542633,-0.009086301550269127
CID000004635,30,0.19787873327732086,-0.07842835783958435,-0.5900741219520569,0.10168293863534927,0.5425719022750854,-0.2256602793931961,-0.057988207787275314,-0.5808600187301636,-0.3267548978328705,-0.44054922461509705,0.49832144379615784,0.026275020092725754,-0.07356743514537811,-0.11822961270809174,-0.05621739476919174,0.6806470155715942,0.48833227157592773,-0.12682203948497772,-0.28484347462654114,0.11316382884979248,-0.29226118326187134,0.18218129873275757,0.7727539539337158,-0.03534941002726555,-0.9525747299194336,-0.7818056344985962,-0.07598237693309784,-0.08748503029346466,0.28414398431777954,0.10973932594060898,1.366385579109192,0.12110324949026108,0.20175571739673615,0.06675270199775696,-0.46567535400390625,-0.003044266952201724,0.7070353031158447,-0.22310324013233185,-0.14168858528137207,0.019205838441848755,-0.3068712055683136,0.5136345028877258,-0.16932667791843414,-0.22193419933319092,-0.039684735238552094,-0.2099466621875763,0.8275582194328308,-0.06033814698457718,-0.5135520696640015,-0.0313606821000576,-0.37993940711021423,0.06782807409763336,0.7599263787269592,-0.099739670753479,0.028846055269241333,-0.014701224863529205,-0.01001537311822176,0.4992760717868805,-0.2660794258117676,-0.2810366153717041,-0.06164834648370743,-0.2661500573158264,0.2156590223312378,0.6729992628097534,0.22873134911060333,0.28014639019966125,0.2563914656639099,-0.06321226060390472,-0.15086668729782104,0.059857435524463654,-0.5652743577957153,0.23322632908821106,-0.96392822265625,0.23565378785133362,0.007330047897994518,0.022629031911492348,0.327198326587677,0.10676717758178711,0.24508580565452576,0.09019766747951508,0.037210267037153244,-0.07122988253831863,-0.018349433317780495,0.050958819687366486,0.18213419616222382,0.045771341770887375,-0.9337633848190308,-0.015566038899123669,0.01903393492102623,0.05831718444824219,0.10042009502649307,-0.07299421727657318,-0.589781641960144,0.25160324573516846,-0.15375635027885437,0.11046984046697617,0.29812726378440857,0.30473875999450684,0.09372402727603912,-1.3640892505645752,-0.22751791775226593,-0.06542359292507172,0.10296418517827988,-0.21907560527324677,-0.05498203635215759,-0.1042623296380043,1.0829784870147705,-0.03588468208909035,0.03579496219754219,-0.05537376552820206,-0.05778554826974869,-0.2531973719596863,0.292841374874115,-0.38336318731307983,0.22796490788459778,-0.4299461841583252,-0.06497882306575775,-0.05191519111394882,0.10458530485630035,0.4815804064273834,-0.45173153281211853,-0.4454191327095032,0.06403134018182755,0.2432939112186432,-0.0814693346619606,-0.1054670661687851,0.17094354331493378,0.05217704176902771,-0.02077401801943779,0.09931322932243347,-0.9797710180282593,-0.15778501331806183,0.3541524410247803,0.07645753771066666,-0.2533953785896301,0.7330030798912048,0.24027752876281738,0.06865344941616058,0.4662245213985443,0.0379464253783226,0.22477872669696808,-0.2507445514202118,-0.00936113577336073,0.4667946398258209,0.06717615574598312,0.2635934054851532,-0.2976054549217224,0.24199369549751282,0.20809607207775116,-0.022068966180086136,0.2879313826560974,-0.2955182194709778,-0.6244474649429321,-1.0053256750106812,0.909797191619873,-0.041912227869033813,-0.24867241084575653,0.023769546300172806,-0.3583803176879883,0.27714070677757263,-0.173559308052063,-0.09623770415782928,-0.9658415913581848,0.08201528340578079,-0.6600659489631653,0.025646090507507324,0.3732922673225403,-0.20954155921936035,0.7875526547431946,-0.6151300072669983,-0.8531506657600403,0.23931844532489777,-0.06363345682621002,0.16196349263191223,-0.3585309386253357,-0.0583183579146862,0.393593966960907,-0.14098437130451202,0.6811408996582031,0.31264206767082214,0.2775793969631195,-0.12997764348983765,-0.00963534414768219,0.8948925137519836,0.08994846045970917,-0.4365028440952301,-0.4239494204521179,-0.3932034373283386,-0.17963318526744843,-0.328063428401947,0.05556802824139595,1.0899550914764404,-0.1270705610513687,-0.769838273525238,-0.3166070878505707,-0.08014915883541107,-0.10533340275287628,-0.20619706809520721,0.646048903465271,-0.34101858735084534,0.25045379996299744,0.080257847905159,0.10033603757619858,0.46034708619117737,-0.5550349950790405,-0.010249879211187363,-0.3346185088157654,-0.028423387557268143,-0.04867180436849594,-0.19869819283485413,0.34244927763938904,0.15083488821983337,-0.019330671057105064,-0.10952935367822647,0.2763379216194153,0.20651516318321228,-0.2250939905643463,-0.09031292051076889,-0.21644297242164612,0.13858680427074432,0.40178680419921875,0.07831690460443497,-0.008155238814651966,-0.09812946617603302,0.27563849091529846,0.5007171034812927,-0.005974708590656519,-0.4087418019771576,-0.14096662402153015,-0.022910958155989647,0.12840953469276428,-0.07269375771284103,0.1450827270746231,-0.21183843910694122,-0.460326611995697,-0.05491107702255249,-0.029219675809144974,0.10694632679224014,0.0019397735595703125,0.17369990050792694,1.0920733213424683,-0.3550861179828644,-0.2015983611345291,-0.48446565866470337,-0.321860134601593,-0.4849812984466553,0.13110263645648956,-0.08809976279735565,-0.1614612489938736,0.6293792724609375,0.016449155285954475,-0.10002829134464264,-0.010913032107055187,0.24239933490753174,0.19271531701087952,0.03713717311620712
CID000002088,31,-0.2002863585948944,-0.38455653190612793,-1.111834168434143,0.07522556930780411,0.535391628742218,-0.4840666353702545,0.02865060605108738,-0.6088234186172485,-0.11982978880405426,0.011851899325847626,0.31782522797584534,-0.12460591644048691,-0.22389698028564453,0.030422549694776535,0.19833023846149445,0.3204691410064697,-0.0905361995100975,-0.09076599776744843,-0.4535972476005554,0.2575443387031555,-0.5583603978157043,0.20537686347961426,0.6806875467300415,-0.19342024624347687,-1.1445176601409912,-0.5679178833961487,-0.538617730140686,0.14922453463077545,-0.04742054268717766,0.03774677589535713,0.96495121717453,0.07905592769384384,-0.06604371964931488,0.2440853863954544,-0.21679207682609558,0.057459235191345215,0.45926743745803833,-0.017044492065906525,0.3528742790222168,0.055251847952604294,-0.38229504227638245,0.3479709029197693,-0.13384072482585907,-0.34738433361053467,0.04249881953001022,-0.0014847267884761095,0.68963623046875,-0.34562963247299194,-0.8448095321655273,-0.05149875953793526,-0.6577466726303101,0.42144590616226196,0.5213963985443115,-0.010650424286723137,0.32910290360450745,-0.2780818045139313,-0.05221543833613396,1.3263468742370605,-0.1302194893360138,0.16416797041893005,-0.09816523641347885,-0.29838189482688904,0.2520574927330017,0.7764413952827454,-0.017436902970075607,0.6844316720962524,0.16440312564373016,0.12072555720806122,-0.0833781287074089,0.15692605078220367,-0.8726741075515747,0.12312960624694824,-0.4223785400390625,0.4128962457180023,0.00025116204051300883,-0.10048830509185791,0.45684924721717834,0.15992224216461182,0.8257406949996948,-0.12617811560630798,0.09482274949550629,-0.2314012497663498,0.19759152829647064,-0.24210317432880402,-0.05960394814610481,0.30374717712402344,-0.22886772453784943,0.05723736435174942,-0.2864014208316803,0.13992594182491302,-0.3971736431121826,0.1104026585817337,-0.4235023856163025,-0.18455196917057037,0.13438650965690613,-0.004234748892486095,0.027288228273391724,0.17781272530555725,0.15484389662742615,-1.1538233757019043,0.04501798748970032,-0.17887882888317108,0.08443593233823776,-0.15011927485466003,0.229887455701828,-0.07169975340366364,0.6026045083999634,0.19732901453971863,0.15524329245090485,0.004172803368419409,0.09081763029098511,0.1566915214061737,0.7590143084526062,-0.5819467902183533,0.05821354314684868,-0.04948611930012703,-0.23669865727424622,0.27313151955604553,-0.2895453870296478,0.31315672397613525,-0.5630540251731873,-0.27961641550064087,-0.22389349341392517,0.1872817724943161,0.13299481570720673,0.22954866290092468,0.004324232693761587,-0.02475663274526596,0.09263685345649719,0.44959908723831177,-0.7234402894973755,-0.0031440735328942537,0.5645719766616821,0.2110672891139984,-0.04219439625740051,0.8666585683822632,-0.09327278286218643,-0.3678065538406372,0.3191911280155182,-0.16830961406230927,0.06911023706197739,-0.12676557898521423,0.25877833366394043,0.3227030336856842,-0.04509444162249565,0.05943835899233818,-0.4946534037590027,-0.14129336178302765,0.26284390687942505,-0.04822287708520889,0.7360619306564331,-0.16932708024978638,-0.3797357678413391,-1.1896116733551025,0.7728333473205566,0.07802078127861023,0.024631207808852196,-0.01254041213542223,-0.5874755382537842,-0.16620613634586334,-0.1258534938097,0.10568491369485855,-1.26912260055542,0.06394463777542114,-0.5603252053260803,-0.07377059757709503,-0.07228481769561768,-0.1786133050918579,0.3643941581249237,-0.5339266657829285,-0.37998390197753906,-0.2846662700176239,-0.17891870439052582,0.059357523918151855,-0.2794826924800873,-0.33983153104782104,0.16876284778118134,0.07420236617326736,0.6725862622261047,0.0239601731300354,0.3054673969745636,-0.1181962639093399,-0.3017198145389557,0.8101781606674194,-0.31460899114608765,-0.16738376021385193,-0.22828908264636993,-0.15075388550758362,-0.3364833891391754,-0.17201611399650574,-0.4113917946815491,1.0463470220565796,0.009122652001678944,-0.3388836979866028,-0.11854103952646255,-0.05014989525079727,0.03738304227590561,0.07085976749658585,0.4294303059577942,-0.13169090449810028,0.612230122089386,0.1787908971309662,0.08751954883337021,0.7378610968589783,-0.5158283114433289,0.014101371169090271,-0.22300226986408234,-0.0437459722161293,-0.24272744357585907,-0.07462252676486969,-0.36164242029190063,-0.16716165840625763,0.041783638298511505,-0.3225844204425812,0.7910603284835815,0.0298159122467041,-0.28579071164131165,-0.10220599174499512,0.17376995086669922,-0.04048451408743858,-0.21191735565662384,-0.32587534189224243,0.11160053312778473,-0.3318498730659485,-0.0041306959465146065,0.0979752317070961,-0.06303288042545319,-0.853614330291748,-0.04517108574509621,-0.1039087325334549,0.05672302842140198,0.16952596604824066,0.04090244695544243,-0.2597030997276306,-0.8616592288017273,0.24969348311424255,-0.046155285090208054,-0.05701635032892227,-0.06114429980516434,-0.2897091209888458,0.4946150779724121,-0.3085668087005615,0.18556886911392212,-0.13464878499507904,-0.3212810158729553,-0.11505887657403946,0.22067880630493164,0.23906207084655762,-0.5288468599319458,0.2406986653804779,-0.1094515323638916,0.2385600060224533,-0.025571728125214577,-0.3120970129966736,0.4146118760108948,-0.019388120621442795
CID000002311,32,0.08909876644611359,-0.18588629364967346,-0.5097095966339111,-0.04059000685811043,0.3848044276237488,-0.1792357712984085,-0.08506166934967041,-0.820990264415741,-0.13056454062461853,-0.026292581111192703,0.45776885747909546,0.06847704201936722,-0.06036914139986038,-0.12451422214508057,-0.13386957347393036,0.29772940278053284,0.306132435798645,0.043530337512493134,-0.3254994750022888,0.05612412840127945,-0.3452310860157013,0.2232866734266281,0.5530083775520325,0.042959704995155334,-0.6384260654449463,-0.6524361371994019,-0.12681016325950623,-0.13995400071144104,0.08321087062358856,0.02913094125688076,0.6246298551559448,0.047017671167850494,-0.11537357419729233,0.24054333567619324,-0.2037496268749237,0.15310688316822052,0.34980636835098267,-0.0894995927810669,-0.014423983171582222,0.0807751789689064,-0.2567877769470215,0.2696329653263092,-0.39329421520233154,0.13617171347141266,-0.0497053787112236,0.1117401123046875,0.648192822933197,-0.175125390291214,-0.5140553116798401,-0.01659635826945305,-0.5525106191635132,0.39332762360572815,0.3654007315635681,-0.25100284814834595,0.1695890873670578,-0.2342795878648758,-0.13485977053642273,0.4479926526546478,-0.15889795124530792,0.012222048826515675,0.17904219031333923,-0.30772873759269714,0.08140857517719269,0.8718765377998352,0.1834212690591812,0.1841094046831131,-0.32267773151397705,0.007176929619163275,-0.043604884296655655,0.13633082807064056,-1.0057414770126343,0.1355767697095871,-0.5651897192001343,0.3438877761363983,0.012743247672915459,0.5024892091751099,0.38447651267051697,0.24017302691936493,0.6554393172264099,-0.12242772430181503,-0.08654260635375977,-0.4341920018196106,0.07027541100978851,0.041441626846790314,0.1992754191160202,0.3416549563407898,-0.43282705545425415,0.06581812351942062,-0.1365370899438858,0.0006234049797058105,-0.13683873414993286,-0.05396366864442825,-0.10507483780384064,0.1061921939253807,0.09448498487472534,-0.2656504511833191,-0.2707459628582001,0.1928844451904297,-0.041102826595306396,-0.6788319945335388,0.019314151257276535,-0.039556410163640976,0.05983244627714157,0.06466052681207657,0.07830031961202621,-0.0595741793513298,0.9054523706436157,0.05595189332962036,0.2858664095401764,-0.03946749120950699,-0.11455242335796356,0.057105712592601776,0.24099957942962646,-0.2247878760099411,0.15716782212257385,-0.22044987976551056,-0.15147271752357483,-0.013202542439103127,-0.1638699173927307,0.02766442857682705,-0.18276914954185486,-0.3595415949821472,-0.004667679779231548,0.1606810986995697,0.004291164688766003,0.02635544165968895,0.20882372558116913,0.010341793298721313,-0.3208514451980591,0.30399343371391296,-0.7045865654945374,-0.0929257944226265,0.3970434069633484,0.1865355670452118,-0.031558647751808167,0.5176932215690613,0.14287137985229492,0.03244253247976303,0.2332080900669098,-0.09584265947341919,-0.05824529007077217,-0.21319834887981415,0.04085003584623337,0.3402068316936493,0.1507858783006668,-0.09399769455194473,-0.45069223642349243,0.09665904939174652,0.11990539729595184,0.017994115129113197,0.33699747920036316,-0.10933925211429596,-0.46629613637924194,-0.5926169753074646,0.7814875841140747,-0.15341301262378693,0.22177739441394806,-0.013144711032509804,-0.3996202051639557,-0.08041363954544067,-0.10064307600259781,-0.19579572975635529,-0.8870412111282349,0.11356009542942047,-0.5228145718574524,-0.08323375880718231,-0.12336955219507217,-0.03100794553756714,0.5269589424133301,-0.5828688740730286,-0.12076497077941895,-0.18439045548439026,-0.05882585048675537,0.014514639973640442,-0.4543307423591614,-0.23622842133045197,0.5668344497680664,0.1676672399044037,0.5460505485534668,-0.23676487803459167,0.8226048350334167,-0.15496471524238586,-0.10720513015985489,0.5109518766403198,-0.14667901396751404,-0.8435252904891968,-0.22099578380584717,-0.25543075799942017,0.17780721187591553,-0.09897369146347046,-0.35976389050483704,0.6992731690406799,-0.1351158320903778,-0.49205952882766724,0.018354658037424088,-0.16317102313041687,0.0006845444440841675,0.04941112920641899,0.214773029088974,0.07162012159824371,0.47651705145835876,0.22308135032653809,0.017541661858558655,-0.006532606668770313,-0.5522624850273132,-0.3627297282218933,-0.1793162077665329,0.07147268950939178,-0.06236498802900314,-0.06316718459129333,0.3418435752391815,-0.009152782149612904,0.11771581321954727,-0.22454294562339783,0.5836305022239685,-0.10874851047992706,-0.11097457259893417,-0.24638192355632782,0.052554190158843994,0.1326286792755127,0.2656215727329254,0.047906018793582916,0.14067211747169495,-0.03942877799272537,-0.03917967528104782,0.21838772296905518,0.01901252754032612,-0.6905344724655151,-0.24214401841163635,-0.06779392808675766,-0.09334319829940796,0.2077317237854004,0.1958909034729004,-0.25495249032974243,-0.4921138286590576,0.23601114749908447,0.10883121192455292,-0.00836517196148634,0.06503520905971527,-0.1203131452202797,0.5142995119094849,-0.3153403401374817,-0.1464567482471466,-0.2572042942047119,-0.1798020452260971,-0.39022377133369446,-0.10359837114810944,0.10447804629802704,-0.029266249388456345,0.3780296742916107,0.176967591047287,0.19733785092830658,0.021411161869764328,0.07378026098012924,0.08394168317317963,-0.019353875890374184
CID000000772,35,0.27949947118759155,0.05127985402941704,-0.8968140482902527,0.0016259730327874422,0.07681377232074738,-0.2669360041618347,0.01464120764285326,-0.9777107238769531,0.06123662739992142,-0.33268505334854126,0.4238431453704834,0.32405704259872437,-0.1608724296092987,0.021903103217482567,0.010248345322906971,0.13605476915836334,0.32587793469429016,0.12418079376220703,-0.35217708349227905,-0.43357545137405396,-0.14994457364082336,-0.13379409909248352,0.12476241588592529,0.132163405418396,-1.1490474939346313,-0.7726224660873413,-0.4027191698551178,0.02795233763754368,-0.11084665358066559,-0.023540331050753593,0.9991716146469116,0.09516646713018417,0.11788687855005264,0.0718970000743866,-0.07376530021429062,0.004510349128395319,0.6541883945465088,0.0035075186751782894,-0.20602378249168396,0.014733634889125824,0.2889917194843292,0.4108211398124695,0.10389113426208496,-0.22647199034690857,0.05669037625193596,-0.11611796915531158,1.0217947959899902,-0.045618586242198944,-0.41781577467918396,-0.11446790397167206,-1.1158393621444702,-0.012262451462447643,0.4175989031791687,-0.199837788939476,-0.033443715423345566,-0.19620083272457123,0.0076520247384905815,0.7608765363693237,-0.2828270494937897,0.04205281287431717,-0.37527716159820557,-0.1551782637834549,-0.026822710409760475,0.5497353672981262,-0.19618622958660126,0.7324126362800598,0.11436078697443008,0.061538923531770706,-0.17833617329597473,0.1859307587146759,-0.48415708541870117,0.07138083130121231,-0.33394569158554077,0.41619929671287537,-0.018359310925006866,0.42763885855674744,0.18010744452476501,0.03899691253900528,0.9553402662277222,0.12036009877920151,-0.012419288046658039,-0.38160452246665955,0.26440268754959106,0.06269241869449615,0.2060864418745041,0.09246310591697693,-0.474376916885376,-0.14767099916934967,-0.11259706318378448,0.0574457049369812,-0.14048977196216583,-0.18959040939807892,-0.3074008822441101,0.1861455738544464,-0.06696475297212601,0.34099459648132324,-0.1590195894241333,0.3748169541358948,0.08749566972255707,-1.518327236175537,-0.37477627396583557,0.09039976447820663,0.26600515842437744,-0.2742566764354706,-0.08090139925479889,-0.011166781187057495,0.8895468711853027,0.11974723637104034,0.18440309166908264,0.04024391993880272,0.10205455869436264,-0.0872170627117157,0.16072244942188263,-1.0384666919708252,0.05279088765382767,-0.39847391843795776,-0.25214529037475586,-0.006406656000763178,0.20473913848400116,0.17529429495334625,-0.15502092242240906,-0.26526060700416565,0.46113258600234985,0.2732308506965637,0.1526602953672409,-0.18274326622486115,0.03226368874311447,-0.20490074157714844,-0.29654446244239807,-0.1348121017217636,-0.6093069911003113,0.03137227147817612,0.17582722008228302,0.19568848609924316,-0.03169093653559685,0.4634011685848236,-0.01849023997783661,-0.09457530826330185,0.3473389744758606,-0.2227112054824829,0.057701557874679565,0.05481433868408203,0.030870426446199417,0.135049507021904,0.0515957847237587,0.16007539629936218,-0.45308971405029297,0.5649620294570923,-0.0027175783179700375,-0.3388788104057312,1.1095885038375854,-0.2531887888908386,-0.3917140066623688,-0.7534058690071106,0.5769343972206116,0.175033837556839,0.2867099642753601,0.25834742188453674,-0.4205288887023926,0.08465097099542618,0.09615932404994965,-0.0424770787358284,-0.9088332056999207,0.20564012229442596,-0.4484570622444153,0.08313219249248505,0.22677376866340637,0.05542384460568428,1.1748266220092773,-0.589317798614502,-0.31778982281684875,0.07813911139965057,-0.00908082164824009,0.23357410728931427,-0.35389015078544617,-0.057483695447444916,0.6159758567810059,-0.030404429882764816,0.5813424587249756,0.45834946632385254,0.11275539547204971,-0.21547505259513855,0.06245558336377144,0.9994403719902039,-0.12185096740722656,-0.4975040555000305,-0.27034497261047363,0.07974997907876968,-0.4028007388114929,-0.18423525989055634,-0.525658905506134,1.3133131265640259,0.24541576206684113,-0.09220065176486969,-0.2006848305463791,-0.03741411492228508,-0.19203007221221924,-0.034174732863903046,1.3206017017364502,-0.3255818784236908,0.691097617149353,0.23882584273815155,-0.029897470027208328,0.6666738390922546,-0.4807240962982178,0.23351891338825226,-0.3900226950645447,0.13210570812225342,-0.14966492354869843,0.07991573959589005,0.09866155683994293,0.11568896472454071,0.15661971271038055,-0.24977023899555206,0.5788434743881226,0.18275949358940125,-0.3869028687477112,-0.0290352962911129,0.006371551658958197,0.2006818950176239,-0.2801177203655243,0.20590560138225555,-0.10992300510406494,-0.4740031361579895,-0.07617590576410294,0.5758200883865356,0.03393455594778061,-0.4427807331085205,-0.32219186425209045,0.12776337563991547,0.17494800686836243,0.128727525472641,0.17969654500484467,-0.13870100677013397,-0.6438947319984436,0.27820366621017456,0.03726505860686302,0.020237337797880173,-0.2749658524990082,-0.10047447681427002,1.4580520391464233,-0.29912060499191284,-0.026581812649965286,-0.6110895872116089,-0.20009522140026093,-0.48821553587913513,-0.18321183323860168,-0.06706841289997101,-0.17917728424072266,0.45050010085105896,0.2902921438217163,0.24608251452445984,0.08129624277353287,0.15911202132701874,0.26816725730895996,0.10461384057998657
CID000003672,36,0.08611661940813065,-0.28981512784957886,-0.8081792593002319,0.005900802556425333,0.5762381553649902,0.19087164103984833,-0.06487321853637695,-0.7092937231063843,-0.16767773032188416,-0.385111004114151,0.1699160933494568,0.21510601043701172,-0.11846570670604706,-0.10281965881586075,-0.1499796211719513,0.029222935438156128,0.3969753384590149,0.21842721104621887,-0.4869959354400635,0.016383778303861618,-0.4352419972419739,-0.004631341435015202,0.645455002784729,0.06697647273540497,-0.32586032152175903,-0.7576357126235962,-0.38571697473526,-0.21591754257678986,0.377221018075943,0.114377461373806,1.3225181102752686,0.027447570115327835,-0.16297027468681335,0.6909845471382141,-0.5186896324157715,0.18464159965515137,1.071209192276001,0.13951170444488525,-0.18218304216861725,0.04500593990087509,-0.6542469263076782,0.64441978931427,-0.6200464963912964,-0.07681205868721008,0.17269018292427063,-0.08557827770709991,0.791637659072876,-0.3439045250415802,-0.667695164680481,0.1030692607164383,-0.2893233895301819,0.18215978145599365,0.43042945861816406,-0.15059486031532288,-0.053868938237428665,-0.33765706419944763,-0.18821951746940613,0.9697402119636536,0.06559231132268906,-0.15918561816215515,-0.2855687141418457,-0.3510211706161499,-0.025444436818361282,0.9677772521972656,0.24991314113140106,0.2708576023578644,0.0393931046128273,-0.07842320203781128,-0.08155073970556259,-0.027819376438856125,-1.002665400505066,0.20812389254570007,-1.3396413326263428,0.24073322117328644,0.17306064069271088,0.1233048066496849,0.7420402765274048,0.13819542527198792,0.5519248843193054,0.22059476375579834,0.16406136751174927,-0.31915083527565,-0.19897165894508362,-0.037344641983509064,0.3176639974117279,0.12680236995220184,-0.8188719749450684,-0.24713551998138428,-0.16154514253139496,-0.07923930883407593,-0.02127547189593315,-0.006009221076965332,-0.1199544221162796,0.1531350016593933,-0.007733643054962158,-0.20003728568553925,0.11651937663555145,0.1892683207988739,0.015985503792762756,-0.5724005103111267,-0.01891854964196682,-0.0897308886051178,0.06712816655635834,-0.217084601521492,0.4077824056148529,-0.07373738288879395,0.9236178398132324,-0.012106681242585182,-0.013626748695969582,-0.057860590517520905,0.026285534724593163,-0.12581607699394226,0.7495765089988708,-0.0597778782248497,0.16692446172237396,-0.01611875183880329,-0.22130128741264343,0.5816593170166016,-0.2633460462093353,0.5681633949279785,-0.04178411141037941,-0.34674161672592163,0.012906843796372414,-0.10602521896362305,-0.012952911667525768,0.03169243782758713,0.3331964910030365,-0.3251428008079529,-0.055766843259334564,0.30171000957489014,-0.887886643409729,-0.22779187560081482,0.4470128118991852,0.19990085065364838,0.16445116698741913,0.8717988729476929,0.24768438935279846,0.03678590804338455,0.5428363084793091,-0.27643918991088867,-0.10407732427120209,-0.4089333117008209,-0.06157302111387253,-0.023212362080812454,0.19162502884864807,-0.1720738708972931,-0.5227347612380981,0.2381761074066162,0.0707850307226181,-0.0053689368069171906,0.24447493255138397,0.03854777291417122,-1.1171975135803223,-1.0224031209945679,0.8887019157409668,-0.47194117307662964,-0.16572995483875275,0.19042393565177917,-0.3079492151737213,-0.04428087919950485,-0.18465955555438995,0.11165821552276611,-1.011920690536499,0.16235807538032532,-0.4324061870574951,0.1709355115890503,0.17300686240196228,-0.1750214397907257,0.6507569551467896,-0.5967683792114258,-0.2515260577201843,-0.31960445642471313,0.022143173962831497,-0.06598733365535736,-0.9578479528427124,-0.40045738220214844,0.2591194808483124,-0.09706659615039825,0.5747885704040527,0.027814675122499466,0.6650058627128601,-0.20930886268615723,0.11313597857952118,0.5547829866409302,0.196944922208786,-0.4175626337528229,-0.08982493728399277,-0.11796413362026215,-0.5471535921096802,-0.19339384138584137,-0.2654126286506653,0.9858521223068237,-0.2704060971736908,-0.5303563475608826,-0.12803915143013,0.18053384125232697,0.04988999292254448,-0.02384779043495655,0.4682072103023529,0.08939127624034882,0.20938892662525177,0.019002368673682213,0.02704896591603756,0.1067868322134018,-0.4302295744419098,-0.21059520542621613,-0.12179423868656158,0.17780622839927673,-0.23708374798297882,-0.13291652500629425,-0.4657357633113861,0.020995356142520905,-0.05268242210149765,-0.14284618198871613,0.5409896373748779,0.292151540517807,0.005223065614700317,-0.05492403358221054,-0.16917450726032257,-0.07905137538909912,0.22879882156848907,0.09847089648246765,0.1839439421892166,0.1415160596370697,-0.06256426870822906,0.08136755228042603,0.0013866603840142488,-1.393715500831604,-0.05096803233027458,-0.03593873977661133,0.08742969483137131,0.18431732058525085,0.11115989834070206,0.0018268495332449675,-0.7082724571228027,0.4932098984718323,0.01689472794532776,-0.008107684552669525,-0.10793839395046234,0.09500495344400406,0.6161279082298279,-0.4098057150840759,0.10448507964611053,-0.11456707864999771,-0.4409322738647461,0.08295923471450806,0.24358263611793518,0.6213580369949341,0.13733918964862823,0.3002661168575287,0.3314340114593506,-0.0471288338303566,0.10708518326282501,-0.33519020676612854,0.5279750823974609,0.059200920164585114
CID000004583,37,0.24574263393878937,-0.31500163674354553,-0.6570987701416016,0.07542659342288971,0.17785528302192688,-0.3110273778438568,0.27305540442466736,-0.4526112675666809,-0.18024206161499023,-0.4678897261619568,0.4423893988132477,0.14113856852054596,0.007936227135360241,0.09199023991823196,0.019130641594529152,0.14695580303668976,0.07976342737674713,-0.1501026451587677,-0.15664248168468475,-0.17121241986751556,-0.17600825428962708,0.19331514835357666,0.4218161106109619,0.15683820843696594,-1.0543615818023682,-0.740196704864502,-0.28338623046875,0.023561542853713036,0.1331823617219925,0.2683510184288025,0.6056026220321655,0.0291463490575552,0.20041701197624207,-0.013861313462257385,-0.03274591267108917,-0.14259444177150726,0.05556739494204521,-0.0037192392628639936,-0.019619371742010117,0.02464321255683899,0.21599173545837402,0.34573790431022644,-0.062049247324466705,-0.10459110885858536,-0.1340549737215042,-0.007917973212897778,0.7235823273658752,-0.3179624378681183,-0.7560337781906128,-0.007116234395653009,-0.732032835483551,-0.14460325241088867,0.6385306715965271,-0.17555192112922668,-0.021007712930440903,-0.2520425617694855,-0.17438356578350067,0.8279393315315247,-0.14470741152763367,-0.13014422357082367,-0.18413220345973969,0.0020364471711218357,-0.08481679856777191,0.2823628783226013,0.07492141425609589,0.48102980852127075,0.20452824234962463,0.01783701218664646,-0.07191240042448044,0.16542962193489075,-0.2941839396953583,0.03547940030694008,-0.40263596177101135,0.4588886797428131,-0.1346617192029953,0.2664888799190521,0.15472348034381866,0.13774365186691284,0.4445309638977051,0.16965055465698242,-0.23417682945728302,-0.2354457825422287,0.09695161879062653,-0.04314252361655235,0.3219897150993347,0.18139693140983582,-0.4650939404964447,0.0443812720477581,-0.014904851093888283,0.020651083439588547,-0.2116861641407013,-0.08797426521778107,-0.489335834980011,0.20474454760551453,0.06094079092144966,0.3473300337791443,-0.1816157102584839,0.14897732436656952,0.10254134982824326,-1.2439839839935303,-0.10143264383077621,-0.05469021946191788,-0.011919498443603516,-0.06597842276096344,0.003175020217895508,-0.1075291633605957,0.7343208193778992,-0.05659320950508118,-0.029142821207642555,0.04410576820373535,0.1606348752975464,-0.018241629004478455,0.00665215402841568,-0.6794564723968506,0.14247563481330872,-0.40359801054000854,0.04592236131429672,0.03567913919687271,0.07123969495296478,0.05240989476442337,-0.12379181385040283,-0.24977722764015198,0.06170932203531265,0.04204671084880829,-0.1617315262556076,0.02191844768822193,0.1686416119337082,-0.06069914251565933,-0.04765705019235611,-0.0472184456884861,-0.37167754769325256,-0.07676303386688232,0.12351248413324356,0.05068723484873772,-0.17821094393730164,0.5566629767417908,-0.017919009551405907,0.10938835144042969,0.2600350081920624,-0.2810400128364563,-0.04065105319023132,-0.001953381346538663,0.1825922131538391,0.18630671501159668,0.21551713347434998,0.20212486386299133,-0.30055326223373413,0.4834636151790619,0.04542897641658783,0.04779417812824249,0.7278804183006287,-0.008277296088635921,-0.32351216673851013,-0.5166815519332886,0.4838264584541321,0.13100196421146393,-0.01674562692642212,-0.07926054298877716,-0.41985636949539185,0.08770890533924103,-0.019243324175477028,-0.10579900443553925,-0.9770748019218445,-0.12331458181142807,-0.45793741941452026,0.1189114898443222,0.14113639295101166,-0.16392382979393005,1.1786096096038818,-0.6495971083641052,-0.5355733633041382,0.13028419017791748,0.10872288048267365,0.10919193923473358,-0.32105159759521484,-0.4214828610420227,0.07140946388244629,-0.009827772155404091,0.5705059766769409,0.46426457166671753,0.201634019613266,0.027557987719774246,0.08194754272699356,0.4734029173851013,-0.27989527583122253,-0.18202930688858032,-0.2229713499546051,-0.2852403521537781,-0.16482457518577576,-0.1480136215686798,-0.10073621571063995,1.1503705978393555,0.024942602962255478,-0.3589589297771454,-0.1686338484287262,-0.14370235800743103,-0.1825314462184906,-0.04226062446832657,1.008409023284912,-0.12263225018978119,0.3429538607597351,0.44651859998703003,-0.017563147470355034,0.56560218334198,-0.5396750569343567,0.09313910454511642,-0.4585379660129547,-0.02601281926035881,0.02160891331732273,-0.024068856611847878,0.00153942103497684,-0.02590322121977806,0.12981736660003662,-0.17695558071136475,0.6596229076385498,-0.006462700664997101,-0.17329123616218567,-0.1088530570268631,0.11463898420333862,0.01940533146262169,0.2691628336906433,0.17900466918945312,0.002858924912288785,-0.4020952582359314,-0.09938729554414749,0.441051721572876,0.12485311925411224,-0.2829742431640625,-0.10212717205286026,0.09646858274936676,0.041162826120853424,-0.03633604943752289,0.18513993918895721,-0.20200948417186737,-0.4328634738922119,0.01714828982949257,0.0039112926460802555,-0.0047670952044427395,-0.09934818744659424,-0.018334003165364265,1.2303330898284912,-0.45178794860839844,-0.0456007644534111,-0.45643216371536255,-0.08156883716583252,-0.6407086253166199,-0.07007349282503128,-0.20852148532867432,0.048980046063661575,0.3966436982154846,0.2469244748353958,0.18375936150550842,0.2921082377433777,-0.13079026341438293,0.24104328453540802,0.030456209555268288
CID000003639,40,0.031181151047348976,-0.3945547640323639,-0.6203696727752686,0.2252430021762848,0.4194188714027405,-0.08121712505817413,-0.1446973979473114,-0.672400951385498,-0.14820003509521484,-0.007412910461425781,0.3248365521430969,0.10066886991262436,-0.047183312475681305,0.016413366422057152,-0.0013890027767047286,0.25972646474838257,0.5057619214057922,0.19393092393875122,-0.12111405283212662,0.15353679656982422,-0.18160387873649597,0.07570457458496094,0.5475053191184998,0.11522036790847778,-0.4841543138027191,-0.8419548273086548,-0.7314814329147339,0.12424691021442413,0.051045287400484085,0.17611458897590637,0.8515218496322632,0.20373642444610596,-0.07211481034755707,0.33577895164489746,-0.09145288169384003,0.121198371052742,1.0766643285751343,-0.20734915137290955,0.003105211304500699,0.17121753096580505,-0.01970154047012329,0.8285785913467407,-0.41256171464920044,-0.07620035111904144,-0.05638887733221054,0.16890349984169006,0.6360127329826355,-0.2549285292625427,-0.5127866268157959,-0.05257806181907654,-0.2969825565814972,0.13809466361999512,0.25691014528274536,-0.19631104171276093,0.4606103301048279,-0.2007935792207718,-0.08295417577028275,0.39259156584739685,0.07390569150447845,-0.10165475308895111,0.04095456004142761,-0.29556968808174133,0.02984718419611454,0.6853262782096863,-0.06497649848461151,0.14374810457229614,-0.23009547591209412,0.024937648326158524,-0.008552161045372486,-0.0024214587174355984,-0.6023228764533997,0.14296497404575348,-0.6111435890197754,0.6581870317459106,0.08565087616443634,0.1864103227853775,0.7742605209350586,0.29446834325790405,0.42748498916625977,-0.15518257021903992,-0.04603084921836853,-0.207514688372612,0.19939765334129333,-0.047825172543525696,0.0717640146613121,0.4214901328086853,-0.14090098440647125,-0.1992039829492569,-0.01105616707354784,0.021819928660988808,-0.20179486274719238,-0.13404123485088348,-0.06185042858123779,0.11029154062271118,0.02682633325457573,0.06478925049304962,-0.21661920845508575,0.1805029958486557,-0.02636057697236538,-0.7857599258422852,-0.08891098201274872,-0.05940543860197067,0.1907338798046112,-0.07012386620044708,0.2765495181083679,0.016269976273179054,0.986613392829895,-0.07532010972499847,0.26839250326156616,-0.021509116515517235,-0.003230632748454809,-0.012060928158462048,0.1950952112674713,-0.06412480771541595,0.2540006935596466,-0.42492979764938354,-0.5150377750396729,0.15165798366069794,0.04834562540054321,0.3672507405281067,-0.1793818473815918,-0.32457226514816284,0.02037855051457882,-0.09008844196796417,-0.13505443930625916,0.014495599083602428,0.3592836558818817,-0.033350154757499695,-0.22306470572948456,0.30478817224502563,-0.626546323299408,-0.3968609869480133,0.3464673161506653,0.11057932674884796,0.1156749352812767,0.6522635221481323,0.11949584633111954,-0.20451204478740692,0.4414980411529541,0.019586455076932907,-0.09338867664337158,-0.18054792284965515,-0.08957059681415558,0.08950217068195343,0.2172507345676422,-0.03868073970079422,-0.17252396047115326,0.044493116438388824,-0.013295859098434448,-0.019145071506500244,0.13765034079551697,-0.00965504627674818,-0.5237679481506348,-0.6673890352249146,0.40433168411254883,-0.10451352596282959,0.36517709493637085,-0.06596527248620987,-0.3262929916381836,-0.1634586751461029,-0.031780265271663666,0.14634868502616882,-0.974147617816925,0.07030236721038818,-0.40925106406211853,-0.007221126463264227,0.04704266041517258,-0.1554659605026245,0.6889339089393616,-0.4409606456756592,-0.18517203629016876,-0.11741286516189575,-0.06893212348222733,-0.1994895190000534,-0.58107990026474,-0.2523612976074219,0.41329440474510193,0.13788123428821564,0.49366673827171326,-9.032488014781848e-05,0.6370903849601746,-0.11145231872797012,-0.32802337408065796,0.5923560261726379,0.10850987583398819,-0.6183477640151978,9.601712372386828e-05,-0.08242012560367584,-0.23050446808338165,-0.1961861550807953,-0.22890770435333252,1.0045676231384277,0.09206487238407135,-0.4403526186943054,0.12851563096046448,0.10065777599811554,0.11068439483642578,0.2426166534423828,0.4499344825744629,-0.15437328815460205,0.3740917444229126,0.5796043276786804,-0.07784842699766159,0.27847668528556824,-0.2431214302778244,-0.1664600670337677,-0.06888474524021149,-0.12948653101921082,-0.1875026524066925,-0.12253447622060776,-0.07512373477220535,0.0093239089474082,-0.22595974802970886,-0.41594380140304565,0.7643827199935913,0.2003120481967926,0.024819737300276756,-0.2572753429412842,0.025095462799072266,0.0772184357047081,0.3585944175720215,0.13163849711418152,0.08645954728126526,-0.22256335616111755,-0.017094196751713753,0.028190743178129196,-0.031947314739227295,-0.6540536880493164,-0.19855839014053345,-0.017786091193556786,-0.22619375586509705,0.21660351753234863,0.10249900817871094,-0.19311614334583282,-0.48624616861343384,0.16755074262619019,0.0742783397436142,-0.2461439073085785,-0.014378393068909645,0.11679665744304657,0.7870508432388306,-0.2096635401248932,-0.03930685296654701,-0.3693041205406189,0.053828369826078415,-0.3112168610095978,0.13810111582279205,0.3490060865879059,-0.12403573840856552,0.26080358028411865,0.10968158394098282,-0.05467454344034195,0.24540197849273682,-0.06031830236315727,0.31186121702194214,0.12963144481182098
CID000004585,41,0.0476372130215168,-0.2882274389266968,-0.43758267164230347,-0.038493454456329346,0.3559684157371521,-0.20528408885002136,-0.05962720513343811,-0.32375866174697876,-0.168498694896698,0.18625405430793762,0.2856603264808655,-0.03324916958808899,-0.03873809427022934,0.021770518273115158,-0.07338164001703262,0.34622180461883545,0.11912025511264801,0.12336748838424683,-0.1724245548248291,0.14657028019428253,-0.18255755305290222,-0.039058998227119446,0.5393869280815125,-0.01756441593170166,-0.32874375581741333,-0.6643449664115906,-0.37277594208717346,-0.06908579170703888,0.16368409991264343,0.12020990997552872,0.5027996301651001,0.06813695281744003,-0.051480334252119064,0.2716507315635681,-0.32788750529289246,0.1163429245352745,0.4392525553703308,-0.11184173822402954,-0.05203133076429367,0.06519410759210587,-0.15532273054122925,0.4311921000480652,-0.4553043246269226,0.07508689165115356,0.033740054816007614,0.19812285900115967,0.5963587760925293,-0.020576849579811096,-0.5114647150039673,-0.09283808618783951,-0.3744383454322815,0.22238878905773163,0.3057815432548523,-0.1993122547864914,0.13062021136283875,-0.41595354676246643,-0.22980232536792755,0.6065717935562134,0.01741308718919754,-0.15430033206939697,0.11135153472423553,-0.17839956283569336,-0.03080897033214569,0.6886816620826721,0.16643594205379486,0.1284218728542328,-0.1560867577791214,-0.020329540595412254,-0.021388892084360123,0.10243920236825943,-0.7713382840156555,0.140050008893013,-0.540863037109375,0.4679003655910492,-0.07969968765974045,0.33701395988464355,0.48969030380249023,0.3238268494606018,0.44100260734558105,-0.03233029320836067,-0.09639256447553635,-0.1651880443096161,0.03692936897277832,-0.05428270250558853,0.21039316058158875,0.3841504156589508,-0.19734454154968262,-0.10113964229822159,-0.1285887062549591,0.09928973019123077,-0.12794376909732819,-0.05854620784521103,-0.02488185092806816,0.11647621542215347,0.14484348893165588,-0.19082970917224884,-0.262653648853302,0.2626418471336365,0.008146787993609905,-0.5074306726455688,-0.07311003655195236,-0.07983332127332687,0.18491211533546448,-0.05215948075056076,0.15561838448047638,-0.10629592090845108,0.7567970156669617,0.09907596558332443,0.20947317779064178,-0.12741847336292267,-0.16934683918952942,0.11870183795690536,0.24167898297309875,-0.05437793582677841,0.17042051255702972,-0.21965093910694122,-0.3284567892551422,-0.001037508249282837,-0.15415315330028534,-0.030092382803559303,-0.12737582623958588,-0.3061204254627228,-0.05161885544657707,0.0908486396074295,-0.14345338940620422,0.041270364075899124,0.19173285365104675,0.09991995245218277,-0.2733796238899231,0.27487459778785706,-0.6279910802841187,-0.17597536742687225,0.4156380593776703,0.1686341017484665,0.10945534706115723,0.6819469332695007,0.16652122139930725,-0.27958816289901733,0.21569648385047913,-0.06825264543294907,-0.20610293745994568,-0.17256022989749908,0.09142261743545532,0.3530197739601135,0.31659504771232605,-0.14081326127052307,-0.35763487219810486,-0.018228327855467796,0.0734574943780899,-0.08273784071207047,0.1770448088645935,-0.08048596233129501,-0.6739835143089294,-0.5972535610198975,0.5254409909248352,-0.25400593876838684,0.20043043792247772,-0.1791439950466156,-0.3751900792121887,-0.04812192544341087,-0.08271804451942444,-0.07304853200912476,-0.6714855432510376,0.04660239443182945,-0.4471977651119232,-0.053245753049850464,-0.0050179362297058105,-0.0993022546172142,0.48421710729599,-0.6160708665847778,-0.10086987912654877,-0.15170645713806152,-0.07306908071041107,-0.21703395247459412,-0.5731608271598816,-0.07493109256029129,0.4352587163448334,0.15823762118816376,0.5669160485267639,-0.09356293827295303,0.7720704674720764,-0.26225796341896057,-0.13984927535057068,0.2324998825788498,-0.13645194470882416,-0.46840038895606995,0.011412042193114758,-0.26851919293403625,0.10347016155719757,-0.0006742358091287315,-0.3534737229347229,0.8003829717636108,-0.045619361102581024,-0.4271778464317322,0.09465769678354263,-0.11317099630832672,-0.15882667899131775,0.080356664955616,0.29068002104759216,-0.128093421459198,0.3685925006866455,0.43874964118003845,-0.1951008290052414,0.09517873823642731,-0.46583008766174316,-0.42858877778053284,-0.11660562455654144,0.052100349217653275,0.024758700281381607,-0.15515387058258057,0.13085521757602692,-0.01965891756117344,0.10731891542673111,-0.2496505081653595,0.7443152070045471,-0.01946837827563286,-0.10156706720590591,-0.2743859887123108,-0.0066842734813690186,0.20422759652137756,0.3235836625099182,0.05652644485235214,0.20675663650035858,-0.12535375356674194,0.020395498722791672,0.11602795124053955,0.06892850250005722,-0.7399605512619019,-0.25573256611824036,-0.004810111131519079,-0.14418815076351166,0.1586579978466034,0.13427729904651642,-0.2529594302177429,-0.510374128818512,0.4160180687904358,0.09243481606245041,-0.21332621574401855,0.021028799936175346,-0.1328122317790985,0.35757046937942505,-0.45349806547164917,-0.0056280940771102905,-0.17229263484477997,0.0032896683551371098,-0.29514166712760925,0.011358184739947319,0.0374172106385231,0.0013456225860863924,0.24107858538627625,0.014181259088218212,0.059619832783937454,0.2612486779689789,-0.04411301761865616,0.1142117977142334,-0.07557425647974014
CID000003899,42,0.09311477839946747,-0.27951282262802124,-0.5065838694572449,0.11981793493032455,0.4148823320865631,-0.09762890636920929,-0.15845248103141785,-0.38879507780075073,-0.15482211112976074,-0.0038479529321193695,0.3259551525115967,0.030855197459459305,-0.049587588757276535,0.08413068950176239,0.012928806245326996,0.23177547752857208,0.2383079081773758,0.16238175332546234,-0.19138778746128082,0.19306841492652893,-0.14202716946601868,-0.014918279834091663,0.5518540143966675,0.012379429303109646,-0.2369810789823532,-0.7023638486862183,-0.5486884117126465,0.029111701995134354,0.2210228443145752,0.16248802840709686,0.7345376014709473,0.15062744915485382,-0.1383877694606781,0.6371068358421326,-0.1204017847776413,0.06932470947504044,0.8986482620239258,0.01756575144827366,-0.0013474822044372559,0.21310806274414062,-0.048066891729831696,0.3563922345638275,-0.4286542534828186,0.03849463909864426,-0.047790877521038055,0.10076932609081268,0.5321788787841797,-0.2632632851600647,-0.40448251366615295,-0.06229560449719429,-0.3474298119544983,0.12493083626031876,0.40086761116981506,-0.29103562235832214,0.11768181622028351,-0.25357407331466675,-0.23506037890911102,0.45079392194747925,0.1195167675614357,-0.15003380179405212,0.038796745240688324,-0.13760992884635925,-0.010806461796164513,0.7297223210334778,0.05516653135418892,0.27602165937423706,-0.26183539628982544,-0.14668990671634674,0.026186352595686913,0.08308392763137817,-0.7017830014228821,0.1456361711025238,-0.7676456570625305,0.4134097695350647,0.10605023056268692,0.19066926836967468,0.38826268911361694,0.10714949667453766,0.3531629145145416,0.06872814893722534,0.011192460544407368,-0.09688899666070938,0.06786550581455231,-0.13030420243740082,0.03102099895477295,0.35492488741874695,-0.24207858741283417,-0.12342189252376556,-0.02227364107966423,0.13293226063251495,-0.2470170259475708,0.015370935201644897,-0.18960019946098328,-0.00505806365981698,0.12444474548101425,-0.019937772303819656,-0.06507423520088196,0.2279953509569168,0.03016926720738411,-0.613868236541748,-0.04676798731088638,-0.2208089381456375,0.043141920119524,0.03148607537150383,0.3074246942996979,-0.038075171411037445,0.9441720843315125,-0.013027280569076538,0.09881720691919327,-0.0770905464887619,-0.06869377195835114,-0.04430146887898445,0.2388564646244049,-0.011326005682349205,0.2603399157524109,-0.3624708950519562,-0.41504019498825073,0.17192524671554565,-0.13967081904411316,0.1365361511707306,-0.2045634686946869,-0.3860028386116028,0.08977662026882172,0.0693792849779129,-0.0891791433095932,0.08429543673992157,0.2335229367017746,-0.04625995457172394,-0.2738802433013916,0.16511359810829163,-0.6370970010757446,-0.3020814061164856,0.34491634368896484,0.0914386510848999,0.11683198064565659,0.7825061082839966,0.22272543609142303,-0.1540406048297882,0.3706898093223572,-0.0783010870218277,-0.06518742442131042,-0.1804608702659607,-0.05591730400919914,0.19958189129829407,0.07120830565690994,0.019511505961418152,-0.2283037006855011,-0.05920357629656792,-0.03228037804365158,-0.04895683005452156,0.18229477107524872,-0.005624744109809399,-0.6058169603347778,-0.5116927027702332,0.47050267457962036,-0.24805061519145966,0.10667244344949722,-0.04461738094687462,-0.28195318579673767,-0.12982067465782166,-0.009183591231703758,0.21937048435211182,-0.8497008085250854,-0.14441220462322235,-0.40409356355667114,0.17774608731269836,0.08571835607290268,-0.15953359007835388,0.6196019053459167,-0.5806679725646973,-0.25464123487472534,-0.07831038534641266,0.009954380802810192,-0.06991201639175415,-0.4666904807090759,-0.29446738958358765,0.43105965852737427,0.06447802484035492,0.6078079342842102,-0.023961609229445457,0.6140753030776978,-0.11254166066646576,-0.07130908966064453,0.343850314617157,-0.09818384796380997,-0.42933931946754456,0.012315252795815468,-0.21821728348731995,-0.12059669196605682,-0.020123088732361794,-0.29507437348365784,0.862015426158905,-0.06859847158193588,-0.4198615550994873,0.20416784286499023,-0.053382426500320435,-0.026190349832177162,0.2330181896686554,0.35316771268844604,-0.07681537419557571,0.1883891224861145,0.33149391412734985,0.023959677666425705,0.16581669449806213,-0.5216173529624939,-0.3820068836212158,-0.19112293422222137,0.10936188697814941,-0.1940860003232956,-0.26037368178367615,-0.1318332403898239,0.0007438465836457908,-0.12674592435359955,-0.29987937211990356,0.6231676340103149,0.006703972816467285,0.00848308950662613,-0.3277650475502014,0.021423447877168655,0.019335340708494186,0.182490736246109,0.04153241217136383,0.19441956281661987,-0.12347374111413956,0.11608395725488663,0.062150515615940094,0.03375808149576187,-0.7567391991615295,-0.23833219707012177,-0.06819630414247513,-0.09929549694061279,0.10185270011425018,0.10717760026454926,-0.22880569100379944,-0.4324715733528137,0.151618093252182,0.06690116226673126,-0.1705855429172516,0.001904779695905745,-0.007626959588378668,0.5869683027267456,-0.4068203866481781,-0.020244091749191284,-0.29172036051750183,-0.03193360194563866,-0.1500793695449829,0.08183819055557251,0.2283928394317627,-0.026502689346671104,0.28068843483924866,0.2669045925140381,0.10177433490753174,0.2941846251487732,-0.17127259075641632,0.20052845776081085,0.08829160034656525
CID000004616,43,0.1734546571969986,-0.06411635875701904,-0.31759756803512573,0.41621917486190796,0.2756958603858948,-0.1721002757549286,0.05266158655285835,-0.3142260015010834,0.09601248800754547,0.1177312359213829,0.09528616070747375,-0.021923750638961792,-0.08413069695234299,-0.07624824345111847,-0.17211952805519104,0.0693129152059555,-0.021575413644313812,0.2863265872001648,-0.23356027901172638,0.011545455083251,-0.13529081642627716,-0.1047959178686142,0.5600922107696533,-0.008615031838417053,-0.23222950100898743,-0.4379724860191345,0.04818521812558174,-0.3901546597480774,0.31295427680015564,0.012510299682617188,0.5865790247917175,-0.003941887523978949,-0.08441922813653946,0.07889612019062042,-0.2386191338300705,0.22490651905536652,0.028962766751646996,-0.1080513745546341,0.1509006917476654,0.13087567687034607,-0.10466080904006958,0.36456695199012756,-0.525174081325531,0.24501970410346985,0.11462299525737762,-0.04768111929297447,0.2588239312171936,-0.08992063999176025,-0.39507898688316345,0.10259473323822021,-0.2430090457201004,0.14604945480823517,0.49584612250328064,-0.36310839653015137,0.07883165031671524,-0.23413686454296112,-0.007813790813088417,0.4981839060783386,0.2215898334980011,-0.27373069524765015,0.03237675875425339,-0.12555983662605286,-0.03951314836740494,0.8424544334411621,0.04019894078373909,0.3426843285560608,-0.17062991857528687,0.09196624159812927,-0.029692072421312332,0.1808336079120636,-0.7343035936355591,0.04613971337676048,-0.5914029479026794,0.17365238070487976,-0.04261193424463272,0.43639057874679565,0.5042984485626221,0.1268593966960907,0.23616671562194824,-0.03442822024226189,0.102388396859169,-0.006545305252075195,0.03178780525922775,-0.08662030845880508,0.1678343117237091,0.2534324824810028,-0.5741041302680969,-0.2507193982601166,-0.23957809805870056,-0.009749412536621094,-0.10590658336877823,0.1422855705022812,-0.14060349762439728,-0.22965526580810547,0.10646297037601471,-0.1387953907251358,-0.14001049101352692,0.2766456604003906,-0.06899412721395493,-0.3980397582054138,0.018064606934785843,0.015128266997635365,-0.0562899224460125,-0.0011283277999609709,0.1314808577299118,-0.06338469684123993,0.4261757731437683,0.3149898946285248,0.03441838175058365,-0.13033181428909302,0.16916720569133759,-0.10538692772388458,0.26983386278152466,-0.18467804789543152,0.0031948089599609375,-0.017329884693026543,-0.014548897743225098,-0.0010073662269860506,-0.13913840055465698,0.21368208527565002,-0.19189244508743286,-0.36977678537368774,-0.010391336865723133,0.20001396536827087,0.13329222798347473,0.016481047496199608,0.06675074994564056,0.05443150922656059,-0.07258382439613342,0.14650604128837585,-0.6570947170257568,-0.43930917978286743,0.24435825645923615,0.08788474649190903,-0.14888925850391388,0.6673868894577026,-0.1864725947380066,-0.2401280701160431,0.15934298932552338,-0.09350953251123428,-0.21532213687896729,-0.022198539227247238,-0.10516086965799332,0.25991517305374146,0.40560945868492126,-0.1860712468624115,-0.1195007711648941,-0.10221616923809052,-0.03967496007680893,-0.08876431733369827,0.4096572995185852,-0.04561363905668259,-0.8023958206176758,-0.7353072762489319,0.7985019683837891,-0.2433438003063202,-0.22162511944770813,-0.056422580033540726,-0.25577428936958313,0.040670882910490036,-0.1602349579334259,-0.08076570928096771,-0.4839092791080475,0.1552359163761139,-0.5665490031242371,-0.21269819140434265,-0.1540532410144806,-0.16066661477088928,0.5657675862312317,-0.6775655150413513,-0.22237630188465118,-0.08650675415992737,-0.06112135574221611,0.0491163544356823,-0.45920342206954956,-0.038499973714351654,0.383873850107193,0.10874345153570175,0.5603142976760864,0.0018941998714581132,0.6707862615585327,0.053505659103393555,-0.1633821278810501,0.10569615662097931,-0.14637413620948792,-0.28205984830856323,0.17948278784751892,-0.23499445617198944,-0.23669934272766113,-0.07034450769424438,-0.1879962831735611,0.4674948751926422,0.02018398977816105,-0.4788833260536194,0.06440065801143646,-0.0007237941026687622,-0.020130980759859085,0.09029242396354675,0.032391101121902466,-0.030787860974669456,0.061781227588653564,-0.07354696840047836,0.07085525989532471,-0.06965868175029755,-0.5301618576049805,-0.3402610719203949,-0.31240734457969666,-0.07984336465597153,-0.04034604877233505,-0.26657634973526,0.08727137744426727,0.07414669543504715,0.08224333822727203,-0.22729213535785675,0.318612277507782,0.055960070341825485,-0.14491280913352966,-0.04972441866993904,0.08210469782352448,-0.12860839068889618,0.4723323881626129,-0.06400284916162491,0.30739039182662964,0.021799230948090553,-0.0896071195602417,0.07794995605945587,-0.06978906691074371,-0.7459638714790344,-0.1195717602968216,0.08935912698507309,0.16243195533752441,0.0031544610392302275,-0.030647486448287964,-0.15630808472633362,-0.5572855472564697,0.0794261172413826,0.1620367467403412,0.06919544190168381,0.08441932499408722,-0.06195976585149765,0.3486529588699341,-0.5375250577926636,-0.1255379021167755,-0.09338847547769547,-0.15028733015060425,-0.4786309599876404,0.08804844319820404,0.24581646919250488,-0.12833911180496216,0.4357035160064697,0.16927090287208557,0.14705069363117218,-0.04323992878198624,-0.053923916071653366,0.12616680562496185,-0.06817445158958435
CID000005064,44,0.01863820292055607,-0.22806978225708008,-0.4449783265590668,-0.04081520438194275,0.3235775828361511,-0.11129011958837509,0.04321353882551193,-0.40527552366256714,-0.318803071975708,0.10820593684911728,0.4395768642425537,0.04651547595858574,-0.04636452719569206,-0.04444225877523422,0.0449032336473465,0.2618231773376465,0.3779367208480835,0.07945382595062256,-0.2423768788576126,0.24198579788208008,-0.276805579662323,-0.03151833266019821,0.5010693669319153,-0.04680858924984932,-0.3761727511882782,-0.7401849031448364,-0.5128164887428284,-0.07525262981653214,0.1368156373500824,0.0050464509986341,0.5236579179763794,0.07051311433315277,-0.052359532564878464,0.3719611167907715,-0.2598068118095398,0.11840154230594635,0.7509771585464478,-0.13828445971012115,0.13568530976772308,-0.011210483498871326,-0.12097928673028946,0.45228663086891174,-0.3306806683540344,0.09109567105770111,-0.05853256583213806,0.0683278888463974,0.6992446780204773,-0.07013337314128876,-0.6333603858947754,-0.04524167254567146,-0.35664892196655273,0.3359664976596832,0.327435702085495,-0.20080728828907013,0.10017484426498413,-0.31083327531814575,-0.058657288551330566,0.5987150073051453,-0.02497423253953457,-0.09036295115947723,0.010651767253875732,-0.3216526210308075,0.03533302620053291,0.7674864530563354,0.10862789303064346,0.28821438550949097,-0.15661963820457458,-0.04034283384680748,0.03787141665816307,0.08932153880596161,-0.7019239664077759,0.19086696207523346,-0.5063151717185974,0.5943080186843872,-0.03622251749038696,0.3158907890319824,0.43588128685951233,0.35578620433807373,0.4846484065055847,-0.0521385595202446,-0.05305880308151245,-0.19526134431362152,0.1273289918899536,-0.08242584019899368,0.28077080845832825,0.39323726296424866,-0.06085698679089546,-0.072188600897789,-0.19410939514636993,-0.04417644813656807,-0.19328491389751434,-0.1328265368938446,-0.11388498544692993,0.1997298300266266,0.19043107330799103,-0.22718802094459534,-0.19714683294296265,0.14418622851371765,0.03533859923481941,-0.4531189799308777,-0.09346313774585724,-0.16947349905967712,0.18952056765556335,0.0006161153432913125,0.2000008523464203,-0.05539168789982796,0.8412169218063354,0.1726924180984497,0.2364647090435028,-0.13657627999782562,-0.04323326796293259,0.14579276740550995,0.3345189392566681,-0.09502200782299042,0.265281617641449,-0.27305787801742554,-0.26506900787353516,0.12949280440807343,-0.10895572602748871,0.026353303343057632,-0.06946153938770294,-0.3236507773399353,0.02997409738600254,0.1071213111281395,-0.2059250771999359,0.1983967274427414,0.1534377783536911,0.09371789544820786,-0.19061312079429626,0.304111123085022,-0.5794946551322937,-0.14396825432777405,0.43439045548439026,0.1301995813846588,0.013018894009292126,0.7180628776550293,0.29407355189323425,-0.16682493686676025,0.30419909954071045,-0.02114769257605076,-0.3338102698326111,-0.1893346756696701,0.20950309932231903,0.24720697104930878,0.1635449230670929,-0.13036754727363586,-0.3779865801334381,-0.04694034904241562,0.14659692347049713,-0.05382702872157097,0.364480584859848,-0.0831744521856308,-0.5912339091300964,-0.6384719610214233,0.3156180679798126,-0.27226677536964417,0.2679658830165863,0.0014115094672888517,-0.44725266098976135,-0.014874142594635487,-0.07662437856197357,-0.09026571363210678,-0.7220892310142517,0.03522653877735138,-0.3985121548175812,-0.03620944172143936,-0.18974049389362335,-0.12454523891210556,0.6870578527450562,-0.5115359425544739,-0.0908108502626419,-0.232749342918396,-0.0978044867515564,-0.16240939497947693,-0.6333388090133667,-0.09608393907546997,0.26851576566696167,0.09433285146951675,0.6008829474449158,-0.11188943684101105,0.5766486525535583,-0.22230681777000427,-0.0866459310054779,0.2970278859138489,-0.049107715487480164,-0.48709744215011597,-0.006420341320335865,-0.2078578919172287,-0.007511543575674295,-0.15339137613773346,-0.3572499752044678,0.9494335055351257,-0.024570461362600327,-0.3416535556316376,0.09507812559604645,-0.01285772304981947,-0.1381419450044632,0.1412017047405243,0.35593923926353455,-0.15858082473278046,0.33808955550193787,0.5071969032287598,-0.02518305741250515,0.07478848844766617,-0.44707077741622925,-0.2996538579463959,-0.1859481930732727,0.024259740486741066,-0.1757756918668747,-0.16219627857208252,0.19120100140571594,-0.018070228397846222,0.1536121815443039,-0.203020378947258,0.8816472291946411,0.04201006516814232,-0.19857515394687653,-0.09887339919805527,0.06357000023126602,0.32309943437576294,0.20069870352745056,0.06316576153039932,0.30939817428588867,0.0052765607833862305,0.12225215137004852,0.06857310980558395,0.13305222988128662,-0.9608854055404663,-0.3549709916114807,-0.04941687732934952,-0.11125928163528442,0.12613895535469055,0.1365254521369934,-0.21690285205841064,-0.5385189056396484,0.2587500214576721,0.08949492871761322,-0.22565612196922302,-0.03140471130609512,-0.17617467045783997,0.4129992127418518,-0.5403259992599487,0.015732211992144585,-0.19152221083641052,-0.10006250441074371,-0.19809582829475403,0.014268959872424603,0.061481595039367676,-0.005209317896515131,0.2686540186405182,-0.02107660472393036,0.0443396233022213,0.20926082134246826,-0.25811415910720825,0.15851590037345886,0.003766933921724558
CID000003929,45,0.0006616115570068359,-0.26584935188293457,-0.6242191791534424,0.12902581691741943,0.3512798249721527,-0.21149086952209473,-0.1631973683834076,-0.5895845293998718,-0.19337430596351624,-0.07054043561220169,0.3235742449760437,0.12443588674068451,-0.037842415273189545,0.13420918583869934,0.07295218855142593,0.34337368607521057,0.40810999274253845,0.34048599004745483,-0.051967889070510864,0.12300195544958115,-0.09858284890651703,0.038149841129779816,0.4715011715888977,-0.0654786080121994,-0.4977542459964752,-0.7779761552810669,-0.94219571352005,0.05357900261878967,0.10983265936374664,-0.03511941432952881,0.7405028939247131,0.0684717521071434,-0.09016328305006027,0.4772047996520996,-0.05030754208564758,0.23977454006671906,1.0907261371612549,0.029160182923078537,0.09208935499191284,0.11255977302789688,0.058680277317762375,0.47801151871681213,-0.4515591561794281,-0.14591529965400696,0.08312773704528809,0.04607488587498665,0.615431010723114,-0.29347556829452515,-0.6058522462844849,-0.09888652712106705,-0.3653903901576996,0.30011630058288574,0.25859811902046204,-0.3471929728984833,0.00047954320325516164,-0.22135886549949646,-0.19515462219715118,0.6778897047042847,0.11854686588048935,-0.07247862964868546,-0.05315347760915756,-0.1924014687538147,0.06673190742731094,0.7275576591491699,0.14742600917816162,0.16429640352725983,-0.26383206248283386,-0.008747685700654984,-0.07661871612071991,0.163016676902771,-0.5784811973571777,0.1880033314228058,-0.6167494654655457,0.5609028935432434,0.07739665359258652,0.13765911757946014,0.6236903071403503,0.12403758615255356,0.4038691520690918,-0.023908918723464012,-0.2174299955368042,-0.315933495759964,0.07707671076059341,-0.19730715453624725,-0.05853753164410591,0.27353453636169434,-0.18456009030342102,-0.31676387786865234,-0.016876811161637306,0.2262086570262909,-0.2369496375322342,-0.12435747683048248,-0.09265915304422379,0.09579133987426758,0.1462075561285019,-0.21604223549365997,-0.050589870661497116,0.2483634054660797,-0.0038259488064795732,-0.9246630668640137,0.05141448974609375,-0.3476795554161072,0.04891569912433624,-0.07643605768680573,0.37114736437797546,-0.16256269812583923,1.1458978652954102,-0.21044406294822693,0.15905778110027313,-0.03335925564169884,-0.16465236246585846,0.08808831870555878,0.14477001130580902,-0.06470359861850739,0.4282107949256897,-0.41605043411254883,-0.4774492681026459,0.18508103489875793,-0.034758321940898895,0.2262338399887085,-0.09608550369739532,-0.29048284888267517,0.08457605540752411,0.029931511729955673,-0.15894876420497894,0.09276972711086273,0.15582987666130066,0.0026368736289441586,-0.24101558327674866,0.12208516895771027,-0.807812511920929,-0.336240291595459,0.2794175148010254,0.010618794709444046,0.1680387258529663,0.777836263179779,0.013037133030593395,-0.12539857625961304,0.24638772010803223,-0.3321612775325775,-0.19475512206554413,-0.03249744325876236,0.005999105982482433,0.19526049494743347,0.04428940266370773,-0.07608845084905624,-0.13298353552818298,0.14504531025886536,-0.10964949429035187,-0.12633304297924042,0.20937207341194153,0.022585738450288773,-0.49867677688598633,-0.7848730683326721,0.39264997839927673,-0.19583654403686523,0.19754965603351593,0.02329704724252224,-0.42064937949180603,-0.00939401425421238,-0.02418065071105957,0.2959439754486084,-0.9430230855941772,0.005085989832878113,-0.4249895513057709,0.14039090275764465,-0.02788195013999939,-0.18490935862064362,0.8359434008598328,-0.5887446403503418,-0.22162728011608124,-0.10532642900943756,-0.05513207986950874,-0.08231183141469955,-0.6576692461967468,-0.2821653187274933,0.3874451518058777,0.08935707062482834,0.5541137456893921,-0.19347737729549408,0.8024816513061523,-0.11874906718730927,0.09269890934228897,0.6410648226737976,-0.11339616775512695,-0.3420582115650177,-0.08518801629543304,-0.11478259414434433,-0.2783452868461609,-0.17227330803871155,-0.45399394631385803,1.2033030986785889,-0.1136014461517334,-0.466172993183136,0.1704816073179245,0.01337074302136898,0.034619852900505066,0.17554473876953125,0.7049030065536499,-0.02376018837094307,0.4042477607727051,0.43485942482948303,-0.11084393411874771,0.5144485235214233,-0.4010469317436218,-0.29927927255630493,-0.07188194990158081,0.05923275277018547,-0.12084914743900299,-0.016064662486314774,-0.1843377947807312,-0.09065499156713486,-0.19770798087120056,-0.25491076707839966,0.8363639116287231,0.16729620099067688,-0.00040808916673995554,-0.3557240068912506,-0.07287351787090302,0.1201174259185791,0.2131567895412445,0.17700104415416718,0.15790490806102753,-0.021424531936645508,0.156248539686203,0.10415525734424591,0.01592085137963295,-0.5408068299293518,-0.19394990801811218,-0.16037483513355255,-0.17857593297958374,0.1328812688589096,0.17359879612922668,-0.3111569285392761,-0.5638905763626099,0.26129457354545593,-0.014390002004802227,-0.23769071698188782,-0.030629198998212814,-0.0460776761174202,0.8073270916938782,-0.3726258873939514,-0.2295205146074295,-0.26927801966667175,0.019572680816054344,-0.23250608146190643,-0.05778876692056656,0.2810116410255432,0.056060802191495895,0.22309112548828125,0.12222310155630112,0.04586686193943024,0.36266154050827026,-0.06400352716445923,0.18594396114349365,0.12735028564929962
CID000051263,46,-0.01493561826646328,-0.03149393945932388,-0.47301816940307617,-0.027923360466957092,0.4320450723171234,-0.1665968894958496,-0.06670491397380829,-1.0558487176895142,-0.18645063042640686,0.05342260003089905,0.28506094217300415,0.045368097722530365,0.04149649292230606,-0.12988512217998505,-0.11104708909988403,0.206447035074234,0.0707562267780304,-0.0020273029804229736,-0.13052615523338318,0.06727643311023712,-0.33507683873176575,0.005282620899379253,0.5535786747932434,-0.100302554666996,-0.7206581830978394,-0.7474232912063599,-0.15757641196250916,-0.15480773150920868,0.16442441940307617,-0.14695756137371063,0.9497224688529968,0.01455069798976183,-0.04684533551335335,0.26908984780311584,-0.22278209030628204,0.1796841323375702,0.2513628602027893,-0.3365812599658966,-0.20637348294258118,0.028415929526090622,-0.13117113709449768,0.17711059749126434,-0.3273985981941223,0.017686327919363976,0.056410036981105804,0.1488417685031891,0.6037115454673767,-0.04948960244655609,-0.40741533041000366,-0.06445907056331635,-0.6391499042510986,0.3059420883655548,0.34279850125312805,-0.2658563554286957,0.11110439151525497,-0.26566001772880554,-0.22092752158641815,0.45930418372154236,-0.2148929387331009,-0.11872705072164536,0.08938988298177719,-0.19266517460346222,0.1377713978290558,0.7871206402778625,0.20200566947460175,0.3166525959968567,-0.18544833362102509,0.2687428295612335,-0.0038240135181695223,-0.08810535073280334,-0.9799847602844238,0.2205163687467575,-0.36748626828193665,0.40488559007644653,0.19773472845554352,0.4105149805545807,0.3083157241344452,0.38512471318244934,0.7626756429672241,0.129566490650177,-0.2913143038749695,-0.3338678479194641,-0.020994143560528755,-0.04220711067318916,0.3034836947917938,0.3658003807067871,-0.42656469345092773,-0.0948667824268341,-0.119356170296669,0.21665465831756592,-0.19073078036308289,-0.041634511202573776,-0.13311100006103516,0.20620325207710266,0.06412674486637115,-0.21115243434906006,-0.45315366983413696,0.168339803814888,-0.24662165343761444,-0.6416559815406799,-0.09608466178178787,-0.14433696866035461,0.014148533344268799,0.10514982044696808,-0.041761066764593124,-0.11081290245056152,0.9126858711242676,-0.15540087223052979,0.3054872453212738,-0.28142452239990234,-0.001244962215423584,0.11135987937450409,0.21486568450927734,-0.36976689100265503,0.18282008171081543,-0.42686232924461365,-0.1619938313961029,-0.10869381576776505,-0.07504831254482269,0.19842824339866638,-0.26217228174209595,-0.3197663128376007,0.09429562836885452,0.0469275526702404,-0.021120842546224594,0.044014859944581985,0.10612340271472931,0.034104038029909134,-0.16885468363761902,0.07628491520881653,-0.6714733839035034,-0.16744382679462433,0.4691619873046875,0.1511276811361313,0.07830417156219482,0.5924056768417358,-0.030921155586838722,-0.17542323470115662,0.27436575293540955,-0.030420562252402306,-0.10240894556045532,-0.3495423495769501,0.18895164132118225,0.18760369718074799,0.159933403134346,0.03139021247625351,-0.15889140963554382,0.12751036882400513,0.21685989201068878,-0.07608945667743683,0.38513368368148804,-0.16592712700366974,-0.4680923819541931,-0.6294671893119812,0.7015876770019531,-0.3113061189651489,0.11765718460083008,-0.004942920058965683,-0.29843631386756897,0.034352339804172516,-0.09628255665302277,-0.07570952922105789,-0.8396302461624146,0.10135053098201752,-0.632923424243927,-0.15241754055023193,0.03850535303354263,-0.00571428332477808,0.4595770835876465,-0.6776798963546753,-0.18496641516685486,-0.31050506234169006,-0.20636355876922607,-0.18506315350532532,-0.48903805017471313,-0.08977864682674408,0.7864284515380859,0.10800542682409286,0.4972129464149475,-0.18660268187522888,0.6694274544715881,-0.13619780540466309,-0.171444833278656,0.7237988710403442,-0.11063273996114731,-1.0655715465545654,-0.42849403619766235,-0.22031447291374207,0.03448807820677757,-0.07436750084161758,-0.41876277327537537,0.7407958507537842,-0.07846549153327942,-0.46014970541000366,-0.04551028832793236,0.17324182391166687,-0.08850986510515213,-0.015297062695026398,0.20038414001464844,-0.13260379433631897,0.4635978639125824,0.38001900911331177,-0.030491162091493607,-0.01864718273282051,-0.5659233331680298,-0.20428958535194397,-0.23369546234607697,0.1857265830039978,0.2904859781265259,0.17674694955348969,0.29842597246170044,0.036222510039806366,0.12272987514734268,-0.23901769518852234,0.6621143221855164,0.12642361223697662,-0.11861181259155273,-0.33218103647232056,0.08977145701646805,0.07235212624073029,0.2834068536758423,0.16258221864700317,0.21452021598815918,0.09507829695940018,-0.06339391320943832,0.027156855911016464,-0.06797925382852554,-0.6744169592857361,-0.18946874141693115,-0.07011346518993378,0.06063103675842285,0.16037686169147491,0.12075652182102203,-0.29392480850219727,-0.45423465967178345,0.42596355080604553,0.1514265090227127,-0.047345370054244995,0.006305116228759289,-0.12607768177986145,0.623184323310852,-0.39168912172317505,0.009523552842438221,-0.40080690383911133,-0.15457695722579956,-0.4353064000606537,0.002779121743515134,-0.03170652315020561,-0.1466759741306305,0.3625901937484741,0.06266369670629501,-0.08453234285116196,0.06802934408187866,0.05020357295870781,0.09941325336694717,-0.18030036985874176
CID000065999,47,0.3208627700805664,-0.5250440835952759,-0.9927651286125183,-0.0962902158498764,0.27142053842544556,-0.2621440887451172,0.08907411992549896,-0.9098256230354309,0.023874223232269287,-0.4465487003326416,0.5275721549987793,0.08574513345956802,-0.16152068972587585,-0.027108430862426758,0.03193076699972153,0.2838239073753357,0.38053107261657715,0.12517741322517395,-0.053063780069351196,-0.2304868996143341,-0.10640975087881088,0.1328558325767517,0.25758183002471924,-0.12610392272472382,-1.4340484142303467,-1.0267760753631592,-0.28190621733665466,0.04593433067202568,0.017367029562592506,-0.0636947900056839,0.7258118987083435,-0.0012550890678539872,0.2520579397678375,0.153967022895813,0.008991112001240253,-0.09693798422813416,0.5477843880653381,0.08368071168661118,0.2672649025917053,0.07380305230617523,0.24115514755249023,0.5191493034362793,-0.09493754804134369,-0.21476814150810242,-0.098194919526577,-0.07518864423036575,1.0951581001281738,-0.17357461154460907,-0.6729549169540405,0.15915048122406006,-0.8644671440124512,-0.2654009163379669,0.4419499933719635,-0.2795628309249878,0.021187584847211838,-0.06814473867416382,0.03109925054013729,1.1484229564666748,-0.34410884976387024,0.16435782611370087,-0.10372649133205414,0.05291992425918579,0.08493565022945404,0.44105762243270874,0.20265445113182068,0.5633975267410278,0.3721129298210144,-0.22097325325012207,0.03438109531998634,0.05695367604494095,-0.3471084535121918,-0.012696122750639915,-0.3646015524864197,0.39759889245033264,-0.1502244472503662,-0.11555624008178711,0.3284533619880676,0.07906775921583176,0.5784317851066589,0.30903252959251404,0.01953836902976036,-0.6416420936584473,0.0925624668598175,0.03867032378911972,0.4103049337863922,0.012761873193085194,-0.7857927680015564,-0.048329539597034454,-0.2336052656173706,0.25772160291671753,-0.18302112817764282,-0.30535489320755005,-0.3670516908168793,0.11006437242031097,0.19630809128284454,0.18752911686897278,-0.006317752413451672,0.2861943542957306,-0.13032415509223938,-1.9133647680282593,-0.16352002322673798,0.10300076007843018,-0.0009563833591528237,-0.17093989253044128,-0.016120942309498787,-0.2466573715209961,0.7021172642707825,0.08559103310108185,0.0007100820657797158,0.05783696845173836,0.2875654101371765,0.057164065539836884,0.04473435506224632,-0.8599772453308105,0.08341354876756668,-0.38941359519958496,-0.0803150087594986,0.1569162905216217,0.29019755125045776,0.1527164876461029,-0.22494494915008545,-0.3405081629753113,-0.19687806069850922,0.11750130355358124,0.33620381355285645,-0.015988901257514954,0.19818910956382751,-0.04022117331624031,-0.20634159445762634,0.3991908133029938,-0.5993845462799072,0.07017448544502258,0.075382761657238,0.028958791866898537,-0.06271247565746307,0.5783425569534302,0.0879753977060318,0.0712708905339241,0.41404610872268677,-0.23001456260681152,0.09648147970438004,-0.05090203136205673,0.09710319340229034,0.09593133628368378,-0.10183413326740265,0.10699768364429474,-0.2125958502292633,0.5653801560401917,-0.14841583371162415,-0.3386901617050171,0.7981045842170715,-0.28015005588531494,-0.3467705249786377,-0.9724937677383423,0.9391852617263794,0.19006691873073578,0.26298612356185913,0.31030091643333435,-0.8891605138778687,0.2154858410358429,-0.10585413873195648,0.022343087941408157,-1.1767935752868652,0.06615782529115677,-0.6425267457962036,0.21426093578338623,-0.17358732223510742,-0.1350480020046234,1.3542028665542603,-0.5896810293197632,-0.20036594569683075,0.08336687833070755,-0.14413666725158691,0.2125997543334961,-0.5828162431716919,-0.2763473391532898,0.2673231065273285,-0.09604218602180481,0.5512586236000061,0.6029087901115417,0.21883365511894226,-0.003617331385612488,-0.0530753917992115,1.0230711698532104,0.0038916529156267643,-0.08076508343219757,-0.406284898519516,0.008988166227936745,-0.2281716763973236,-0.15945425629615784,-0.28555649518966675,1.6293001174926758,-0.1595097780227661,-0.10959514230489731,-0.3607223927974701,-0.30987852811813354,-0.16444191336631775,0.21814027428627014,1.6500173807144165,-0.16971024870872498,0.813446044921875,0.2513006031513214,0.07855699956417084,1.4194637537002563,-0.396161288022995,0.25141406059265137,-0.5549226403236389,0.11505036056041718,0.02244851551949978,0.3044404089450836,-0.016348877921700478,-0.03943851590156555,0.14059008657932281,-0.09552676975727081,0.3407629132270813,0.27420464158058167,-0.45935168862342834,-0.2466602772474289,-0.02352566085755825,-0.05537686496973038,-0.038353413343429565,0.10431899130344391,0.003360617207363248,-0.3170824944972992,-0.07915930449962616,0.48984089493751526,0.00020862222299911082,-0.37100425362586975,-0.10878868401050568,0.1960533708333969,0.14887580275535583,0.019891824573278427,0.20563623309135437,-0.13442814350128174,-0.8558173179626465,0.2162589579820633,0.11027780920267105,0.05837748199701309,-0.29585298895835876,-0.06871733069419861,1.4775006771087646,-0.30314192175865173,-0.012590786442160606,-0.49217838048934937,-0.24213874340057373,-0.6562935709953308,-0.22966723144054413,-0.17500922083854675,-0.045234471559524536,0.4854225218296051,0.09067460894584656,0.1119375079870224,0.026564383879303932,0.04054218530654907,0.4376610219478607,-0.02641518972814083
CID000083786,48,0.20102277398109436,-0.2171626091003418,-0.7348958253860474,0.0795312374830246,0.6379852294921875,0.08143389970064163,-0.13922186195850372,-1.1075186729431152,-0.3237980306148529,-0.1331394910812378,0.289783775806427,0.17139869928359985,0.053280435502529144,-0.05315045639872551,0.21215176582336426,-0.03542941063642502,0.19482403993606567,0.02046874724328518,-0.2807222902774811,0.1550067812204361,0.16888482868671417,0.24744927883148193,0.39436161518096924,0.1397601217031479,-0.625759482383728,-0.6651598811149597,-0.5055116415023804,0.054352663457393646,-0.13256621360778809,-0.27117103338241577,0.8280741572380066,-0.08170296251773834,-0.10259828716516495,0.5195496678352356,-0.27286210656166077,0.17767854034900665,0.8387042284011841,-0.0888524129986763,-0.09609769284725189,-0.020552009344100952,-0.16264685988426208,0.3065096139907837,-0.21222920715808868,-0.05212894827127457,-0.04114891216158867,-0.11898799240589142,0.7804972529411316,-0.27473998069763184,-0.40509945154190063,0.13503150641918182,-0.9979747533798218,0.23611398041248322,0.39932042360305786,-0.07073470950126648,0.3763015568256378,-0.09982410818338394,-0.25817662477493286,0.7938766479492188,0.26448673009872437,0.13033422827720642,-0.10418323427438736,-0.2768535017967224,-0.04528320953249931,0.5869890451431274,0.09407992660999298,0.38285964727401733,-0.3892166018486023,-0.14506420493125916,-0.2046213150024414,-0.009569978341460228,-0.5636393427848816,0.3099462389945984,-0.8543297052383423,0.4572153687477112,0.13270783424377441,0.07139180600643158,0.42196083068847656,0.1660563051700592,1.0740236043930054,0.0965723767876625,-0.1109042763710022,-0.5229697227478027,-0.04700424149632454,-0.01025437656790018,0.019646013155579567,0.3600010573863983,-0.2548357844352722,-0.3157273828983307,0.16566415131092072,0.1850639134645462,-0.08899746090173721,-0.25756365060806274,-0.1760178655385971,-0.06821347773075104,0.04678431153297424,-0.1561487466096878,0.12217605113983154,0.260812371969223,-0.08127424865961075,-0.9183136820793152,0.0063151209615170956,-0.20601508021354675,0.11906030029058456,-0.09597808122634888,0.20084264874458313,-0.14474722743034363,0.9744774699211121,-0.31159836053848267,0.2803027927875519,-0.037436507642269135,-0.13258960843086243,0.17174652218818665,0.2810940444469452,-0.5064012408256531,0.12512585520744324,-0.11719949543476105,-0.6247206926345825,0.01985434629023075,-0.03830711171030998,0.22573526203632355,-0.5395251512527466,-0.4978516101837158,0.23876526951789856,-0.01273724902421236,-0.10104344040155411,-0.09378138929605484,0.3821271061897278,-0.23961567878723145,-0.28322964906692505,0.2481876164674759,-0.7745312452316284,-0.19791561365127563,0.4879124164581299,0.2004440724849701,-0.03789055719971657,0.6717386245727539,0.2055797278881073,0.22410288453102112,0.3000246584415436,-0.2350378930568695,-0.10581468045711517,-0.27077654004096985,0.25958746671676636,0.360080748796463,-0.015946045517921448,0.29484307765960693,-0.12750652432441711,0.11925854533910751,-0.4066721796989441,-0.07013866305351257,0.5368796586990356,-0.061478741466999054,-0.45582589507102966,-0.7590051889419556,0.6657682657241821,-0.20512597262859344,0.25227224826812744,0.26083338260650635,-0.5133315324783325,0.06272152811288834,0.05620727688074112,0.3290163278579712,-1.0811867713928223,0.16535328328609467,-0.458547979593277,-0.16114921867847443,0.030337655916810036,-0.13310527801513672,0.7965136766433716,-0.5978080034255981,-0.1683918684720993,-0.043793775141239166,0.028436535969376564,0.03358272463083267,-0.7574895620346069,-0.16315819323062897,0.9095466732978821,-0.04589540883898735,0.531684935092926,-0.08059030026197433,0.43146437406539917,-0.2756337523460388,-0.2837478518486023,0.6747809648513794,0.03644737973809242,-0.5489079356193542,0.13731105625629425,-0.059607915580272675,-0.35462087392807007,-0.19607312977313995,-0.5186178684234619,1.3177616596221924,-0.05384337902069092,-0.3894461691379547,0.12219496816396713,-0.07791028171777725,0.14525717496871948,0.15409362316131592,0.5245038866996765,-0.2220134735107422,0.5772116184234619,-0.010918259620666504,-0.16382215917110443,0.39052051305770874,-0.33147698640823364,-0.04645850136876106,-0.1522238552570343,0.1494610607624054,-0.12498323619365692,0.001022636890411377,-0.07545943558216095,-0.016980614513158798,-0.20967157185077667,-0.25078099966049194,0.8331727981567383,0.31430959701538086,0.1425761729478836,-0.24438941478729248,-0.2904284596443176,0.17585624754428864,0.10083107650279999,0.11143311113119125,0.1773749142885208,-0.004662257619202137,0.33195093274116516,0.05420853570103645,-0.01630176045000553,-0.7284192442893982,-0.17069612443447113,-0.11538040637969971,-0.26987436413764954,0.17212152481079102,0.019188648089766502,-0.20603498816490173,-0.648574948310852,0.1935805082321167,0.10008826106786728,0.02477894350886345,0.2239554226398468,-0.19055919349193573,0.9453953504562378,-0.25729748606681824,0.04666860029101372,-0.07001166045665741,-0.09388325363397598,-0.31942540407180786,0.006736308336257935,0.37590429186820984,-0.39920979738235474,0.3704793453216553,0.40250247716903687,-0.032581254839897156,0.1370084136724472,-0.11032696813344955,0.2875574231147766,0.22874946892261505
CID000002524,49,0.13204190135002136,0.0855112299323082,-0.4279157221317291,0.11225008964538574,0.3356238901615143,-0.29625338315963745,0.024526085704565048,-0.4111252725124359,0.023909971117973328,-0.3086225390434265,0.3856483995914459,0.09318826347589493,-0.02587107941508293,0.08906389772891998,0.1813274323940277,0.008294996805489063,0.36825495958328247,0.11829362064599991,-0.328622430562973,0.07157380878925323,0.14924301207065582,0.1791093647480011,0.30293288826942444,0.16865387558937073,-0.5311866402626038,-0.8222413063049316,-0.5880932807922363,-0.1948280781507492,0.3459571897983551,-0.10308245569467545,1.0036784410476685,-0.10967674106359482,0.013862776570022106,0.2592850923538208,-0.01958017610013485,0.08099200576543808,0.6800796985626221,-0.09655102342367172,-0.04471207782626152,0.14100797474384308,-0.20589327812194824,0.46948084235191345,-0.2579623758792877,-0.16057439148426056,-0.11127860844135284,-0.10300779342651367,0.4419744908809662,-0.34947624802589417,-0.9050477147102356,-0.005459337029606104,-0.6314271688461304,0.11147080361843109,0.3610909581184387,-0.13333483040332794,0.174606055021286,-0.0816265121102333,-0.2251412570476532,0.5882263779640198,0.2840535044670105,-0.0628858208656311,0.08482065051794052,-0.25132593512535095,0.1287918984889984,0.6675529479980469,0.08752433210611343,0.6136978268623352,-0.07254786789417267,-0.16993345320224762,0.05328797549009323,-0.03894095867872238,-0.8540157079696655,0.2647247314453125,-0.36264243721961975,0.16685572266578674,0.0383794866502285,0.24755176901817322,0.5575266480445862,0.2895877957344055,0.6211690306663513,-0.24846062064170837,-0.08496831357479095,-0.3592182993888855,-0.13804855942726135,0.004378855228424072,0.10127011686563492,0.32586559653282166,0.01820717193186283,-0.1481291651725769,0.08974801003932953,0.04965095594525337,0.1999998390674591,-0.18780918419361115,-0.2757008969783783,0.04066184535622597,0.22265782952308655,-0.1209351196885109,-0.0635843425989151,0.10526271909475327,0.13108158111572266,-0.43063101172447205,-0.15959103405475616,-0.38227415084838867,0.14379552006721497,-0.0484778955578804,0.10668677091598511,-0.20612624287605286,0.6877676248550415,0.18825455009937286,0.4030836522579193,-0.09956898540258408,0.027454381808638573,0.1120249405503273,0.49741116166114807,-0.6180859804153442,0.0854310616850853,-0.093623086810112,-0.24717459082603455,0.29482734203338623,0.0055890558287501335,0.11162535101175308,-0.22500228881835938,-0.2963540852069855,-0.16152609884738922,0.28099319338798523,-0.0464249923825264,0.17798401415348053,0.3244708180427551,0.44676846265792847,-0.2955856919288635,-0.017667332664132118,-0.700639009475708,-0.13521382212638855,0.49520358443260193,0.17262126505374908,-0.1645747572183609,0.7348276376724243,0.05656446889042854,0.14338842034339905,0.24048638343811035,-0.005054569337517023,-0.004521640948951244,0.0461592972278595,0.22367918491363525,-0.05388783663511276,0.09395298361778259,-0.11369065940380096,-0.43259215354919434,0.13024911284446716,-0.273296594619751,0.004783543758094311,0.6511895656585693,-0.03213532641530037,-0.5552750825881958,-0.6986261010169983,0.4414377212524414,-0.22508487105369568,0.13856196403503418,0.1126345619559288,-0.3630737066268921,0.06823627650737762,0.060810256749391556,0.1634237915277481,-0.8831454515457153,0.035010963678359985,-0.5060646533966064,-0.15281590819358826,0.018592659384012222,-0.19010886549949646,0.561428427696228,-0.4913555979728699,-0.23714950680732727,-0.051622819155454636,0.007956137880682945,-0.041195109486579895,-0.4249414801597595,-0.426866352558136,0.16808363795280457,-0.03654184192419052,0.506698489189148,0.032635413110256195,0.4808829724788666,-0.08829983323812485,-0.22812660038471222,0.3975079655647278,-0.10564353317022324,-0.37832754850387573,0.31247392296791077,-0.21837356686592102,-0.27382975816726685,-0.2975362241268158,-0.37204816937446594,0.7313772439956665,0.02866130694746971,-0.15406128764152527,-0.04655126482248306,-0.058829087764024734,-0.07745771110057831,0.0009143665665760636,0.10718037933111191,-0.26490887999534607,0.6171874403953552,0.090875044465065,-0.16045428812503815,0.330023854970932,-0.3900311291217804,0.08830848336219788,-0.1672043353319168,-0.24948325753211975,-0.21190321445465088,0.0635434091091156,0.08800670504570007,-0.004435110837221146,0.08769296109676361,-0.256020724773407,1.1579606533050537,0.14993895590305328,0.03952675312757492,-0.17651338875293732,-0.17079946398735046,0.1944926232099533,-0.04672553762793541,0.1747300624847412,0.19720876216888428,-0.01292304415255785,-0.10782258212566376,0.17663398385047913,0.09180860221385956,-1.009568452835083,-0.10469476133584976,-0.2580116391181946,0.025203635916113853,-0.06306271255016327,-0.06803932785987854,-0.20066983997821808,-0.7965399026870728,0.2507736086845398,0.3302451968193054,0.13396424055099487,-0.2685377299785614,0.009983592666685581,0.3253939747810364,-0.3453110456466675,0.04355843365192413,-0.18330827355384827,-0.2307477742433548,-0.30631208419799805,-0.14271163940429688,-0.08698923140764236,-0.05486569553613663,0.2661370635032654,-0.0027877255342900753,0.20954842865467072,0.11297877132892609,-0.22803804278373718,0.41517919301986694,-0.4422640800476074
CID000003405,50,0.12168242782354355,-0.2616332173347473,-0.5883287191390991,-0.0590859055519104,0.2666325569152832,-0.19159646332263947,-0.06345503032207489,-0.3507978320121765,-0.26145216822624207,-0.00474963802844286,0.3321476876735687,0.00737686175853014,-0.021668691188097,-0.100227490067482,0.009722387418150902,0.2742460370063782,0.38461223244667053,0.08188480138778687,-0.26930564641952515,0.26317739486694336,-0.33989226818084717,0.11427228152751923,0.4975665211677551,0.012631287798285484,-0.5605103373527527,-0.7064104080200195,-0.47545894980430603,0.17174746096134186,0.05457118898630142,0.07730801403522491,0.4558887481689453,0.2411433905363083,-0.017886489629745483,0.25037437677383423,-0.22683262825012207,0.0950252115726471,0.6949318051338196,-0.16966703534126282,-0.06481967121362686,0.1352413445711136,-0.04484587162733078,0.48106488585472107,-0.3826278746128082,-0.06115592643618584,0.06421326100826263,0.16838321089744568,0.6449359655380249,-0.12972542643547058,-0.582054615020752,0.005097696091979742,-0.6597555875778198,0.14028804004192352,0.3766513168811798,-0.07299678027629852,0.03581615164875984,-0.3104461133480072,-0.13422270119190216,0.676760196685791,-0.22842803597450256,-0.1990499496459961,-0.08199623972177505,-0.23744721710681915,-0.052984319627285004,0.51827073097229,0.09102918207645416,0.19596198201179504,-0.21981117129325867,-0.06063532084226608,-0.16806238889694214,0.09909767657518387,-0.47774070501327515,0.11057956516742706,-0.5092280507087708,0.5593717098236084,-0.036924395710229874,0.08324805647134781,0.44576525688171387,0.1391206532716751,0.5236844420433044,-0.0858083963394165,-0.04888131096959114,-0.17118248343467712,0.2532978653907776,-0.15097756683826447,0.2687642574310303,0.3432326018810272,-0.24597954750061035,0.07608215510845184,-0.07383857667446136,0.05798740312457085,-0.14736172556877136,-0.1909579485654831,-0.08587650209665298,0.044488370418548584,0.25317099690437317,-0.0013784647453576326,-0.2071147859096527,0.22383001446723938,0.020965997129678726,-0.7740339636802673,-0.10082477331161499,-0.0227399542927742,0.1255900114774704,-0.013879505917429924,0.20287200808525085,0.008664539083838463,0.8297837972640991,0.08115137368440628,0.17288874089717865,-0.05843597650527954,-0.1978186070919037,-0.004083448089659214,0.27296292781829834,-0.21193678677082062,0.30986887216567993,-0.2706518769264221,-0.3565070629119873,-0.03485165908932686,-0.23923468589782715,-0.10290370881557465,-0.0815071165561676,-0.2961777150630951,0.12822869420051575,-0.031133223325014114,-0.14938637614250183,0.1344437599182129,0.15713883936405182,0.020850148051977158,-0.29861539602279663,0.24001574516296387,-0.6167823672294617,-0.13522562384605408,0.34186220169067383,0.1437222957611084,0.08025847375392914,0.7510119080543518,0.2662700116634369,-0.19266873598098755,0.15876367688179016,-0.05909927934408188,-0.1256730854511261,-0.20833316445350647,0.08859772235155106,0.2353074997663498,0.14871515333652496,-0.05266764760017395,-0.4315761625766754,-0.16323931515216827,0.14514131844043732,-0.017875585705041885,0.29934996366500854,-0.026405025273561478,-0.4140939712524414,-0.5880174040794373,0.4534675180912018,-0.010150200687348843,0.2471119910478592,-0.06531544029712677,-0.48256245255470276,-0.1476556956768036,-0.16398485004901886,0.04258515685796738,-0.8496672511100769,0.03854615241289139,-0.4230443835258484,-0.05543109029531479,-0.01345960795879364,-0.15624463558197021,0.7130365371704102,-0.5045789480209351,-0.25379231572151184,-0.2085374891757965,0.01877453178167343,-0.23852810263633728,-0.5167559385299683,-0.05812443420290947,0.3043067157268524,0.22412696480751038,0.5033496022224426,0.09456844627857208,0.40775465965270996,-0.19743169844150543,-0.05226404219865799,0.3898851275444031,-0.06104705482721329,-0.3884696364402771,-0.19748854637145996,-0.20865371823310852,0.0003702700196299702,-0.0732942745089531,-0.4781675338745117,1.0450439453125,-0.056292951107025146,-0.4003008306026459,0.1748674213886261,-0.030566060915589333,-0.06937495619058609,0.017430169507861137,0.5105983018875122,-0.13773703575134277,0.416877806186676,0.4681720733642578,-0.06807924062013626,0.33711495995521545,-0.44334086775779724,-0.27457156777381897,-0.27150553464889526,0.009286658838391304,-0.08276091516017914,-0.2232469618320465,0.09335590898990631,-0.15913715958595276,0.17321017384529114,-0.20142285525798798,0.6428394317626953,-0.09712950885295868,-0.08647868782281876,-0.18837685883045197,0.03438436985015869,0.3477473855018616,0.2543500065803528,0.06587772071361542,0.3113343417644501,-0.18661078810691833,0.07687415182590485,0.1810789555311203,0.06259231269359589,-0.576391339302063,-0.35962778329849243,0.015165023505687714,-0.11090773344039917,0.1659231185913086,0.11885557323694229,-0.1732267588376999,-0.47022223472595215,0.3019323945045471,0.04903214052319527,-0.19416704773902893,-0.0020014257170259953,-0.10813789069652557,0.3596431612968445,-0.3219967782497406,-0.03375192731618881,-0.15727022290229797,0.06324481964111328,-0.3960021734237671,0.1681426465511322,-0.07048918306827545,-0.04926422983407974,0.3169827163219452,0.09177935868501663,0.04975227639079094,0.2831083834171295,-0.05544789880514145,0.16581827402114868,0.10714449733495712
CID000667490,51,-0.2269401103258133,-0.26223325729370117,-0.7511895895004272,0.5447188019752502,0.1443273425102234,-0.14344362914562225,-0.2595488727092743,-0.31389060616493225,0.2642163336277008,-0.0006204366800375283,0.22211822867393494,0.1436235010623932,0.15337762236595154,-0.0717400312423706,0.04741448909044266,0.2712332606315613,0.6978353261947632,0.22960594296455383,-0.48023301362991333,0.062189508229494095,-0.04849841073155403,0.205449178814888,0.5572081208229065,0.042478419840335846,-0.7198401689529419,-0.734941840171814,-0.7934067845344543,-0.36231863498687744,0.03501259535551071,0.07502062618732452,0.8112552762031555,-0.13513605296611786,0.10076204687356949,0.40469303727149963,-0.3245876133441925,0.17609211802482605,0.7976211309432983,-0.08923876285552979,0.14832015335559845,-0.07131943106651306,-0.39371421933174133,0.8031706809997559,-0.2902170717716217,-0.37313133478164673,0.040460195392370224,-0.06861083209514618,0.7454317808151245,-0.12618964910507202,-0.47023820877075195,-0.03121742233633995,-0.7699869275093079,0.18440251052379608,0.3836970031261444,0.06997957080602646,0.15924151241779327,-0.41443556547164917,-0.2278919667005539,0.6585553884506226,0.42591696977615356,0.09575748443603516,-0.060320623219013214,-0.5069712400436401,0.13145920634269714,0.8694906234741211,0.02507225051522255,0.464373916387558,-0.21875274181365967,-0.010480779223144054,-0.07595720887184143,0.04595664143562317,-0.5529548525810242,0.2164880335330963,-0.5481959581375122,0.33163705468177795,0.051406435668468475,0.5765753984451294,0.6071258783340454,0.013796543702483177,0.9473339915275574,0.05158750340342522,0.01173066534101963,-0.22373223304748535,0.23023629188537598,-0.003934867680072784,0.6621054410934448,0.31120356917381287,-0.2984789311885834,-0.34194615483283997,-0.11642094701528549,0.045210011303424835,-0.018419306725263596,0.29354047775268555,-0.31487196683883667,-0.09576933830976486,0.10690739005804062,0.07054062932729721,-0.07450740039348602,0.3055885136127472,-0.13757719099521637,-1.020802617073059,-0.24049636721611023,-0.09056258201599121,0.1358748972415924,0.043166931718587875,0.012015311978757381,-0.21223822236061096,0.730487048625946,-0.06644219905138016,-0.003668131772428751,-0.015217703767120838,0.08425966650247574,0.1696590632200241,0.29207462072372437,-0.5916227102279663,0.3454259932041168,-0.4784777760505676,-0.2964553236961365,-0.024941276758909225,-0.026089418679475784,0.20894455909729004,-0.10095833241939545,-0.24537293612957,-0.08859465271234512,-0.22326719760894775,-0.38149815797805786,0.1893182098865509,0.34372562170028687,-0.10729889571666718,0.09689363092184067,0.12140277773141861,-0.932559609413147,-0.6934611797332764,0.21455135941505432,0.2921443581581116,0.08668585121631622,0.884345531463623,-0.09462922066450119,-0.15916413068771362,0.5178018808364868,-0.31078094244003296,-0.31607696413993835,-0.29529494047164917,0.23212654888629913,0.21149834990501404,-0.02836671844124794,-0.3106914460659027,-0.42854589223861694,0.08655592054128647,-0.1265369951725006,0.09822524338960648,0.5247550010681152,-0.13491518795490265,-0.9242240190505981,-0.504656195640564,0.5558972954750061,-0.12638835608959198,-0.07428892701864243,-0.10626838356256485,-0.46877092123031616,0.06398071348667145,-0.0391269288957119,-0.24013356864452362,-1.3749330043792725,0.08198957145214081,-0.5251325964927673,-0.12334058433771133,-0.26521414518356323,-0.008763725869357586,0.8602234125137329,-0.38595160841941833,-0.25408726930618286,-0.14130768179893494,-0.23475408554077148,-0.03887961059808731,-1.01979398727417,0.005306541919708252,0.6146338582038879,0.10260824859142303,0.5606368184089661,0.3371468186378479,0.4722635746002197,-0.40157350897789,-0.2477981150150299,0.7707997560501099,-0.1300712376832962,-0.7831783294677734,-0.016485020518302917,0.013015398755669594,-0.13161590695381165,-0.20078173279762268,0.04387366399168968,0.785132110118866,0.143012136220932,-0.42056289315223694,0.08829750865697861,0.06624733656644821,-0.20589204132556915,-0.07607470452785492,0.9377943277359009,-0.26473918557167053,0.2526450753211975,0.09934713691473007,0.1267922967672348,0.2891557514667511,-0.37369006872177124,0.0033017576206475496,-0.22920747101306915,-0.03460906818509102,-0.16323170065879822,-0.18425607681274414,-0.11365339905023575,-0.07284148037433624,0.5233865976333618,-0.3116818368434906,1.139836072921753,0.22949282824993134,-0.13880136609077454,0.08811681717634201,0.20376908779144287,-0.18581461906433105,0.005149350967258215,0.3055237829685211,-0.13378910720348358,-0.04697112739086151,-0.07550572603940964,0.17721746861934662,-0.12427208572626114,-0.7687709331512451,-0.152866929769516,0.09802262485027313,-0.19783838093280792,-0.07333149760961533,0.02443004585802555,-0.35291868448257446,-0.8177725076675415,-0.0828157514333725,0.026038050651550293,-0.19174759089946747,-0.17059819400310516,0.010686129331588745,1.1125249862670898,-0.3232862055301666,-0.24740071594715118,-0.4034810960292816,-0.10731979459524155,-0.5837612748146057,0.0720006674528122,-0.23594000935554504,-0.2002728432416916,0.3605484664440155,-0.04175763949751854,0.03677677363157272,0.45390766859054565,-0.2343859225511551,0.18064141273498535,0.18246884644031525
CID000003062,52,-0.32482224702835083,-0.2692183554172516,-0.9021008610725403,0.48986515402793884,0.29665374755859375,-0.25669199228286743,-0.14689970016479492,-0.43447384238243103,-0.052197717130184174,-0.362837016582489,0.3110571503639221,-0.1657860279083252,-0.18176978826522827,-0.08625331521034241,-0.16069257259368896,-0.16711732745170593,0.3086485266685486,0.1794756054878235,-0.5655180215835571,-0.4313434660434723,-0.2070351094007492,-0.15072177350521088,0.7508258819580078,0.06575153768062592,-0.7921308279037476,-0.9150789976119995,-1.0006263256072998,0.044416554272174835,0.1708213984966278,-0.2901543974876404,1.1403110027313232,-0.14319440722465515,0.14493128657341003,0.33278965950012207,-0.3002401888370514,-0.07669218629598618,0.5857058763504028,-0.3274262845516205,0.2688247561454773,-0.07800547778606415,-0.38056862354278564,0.43660926818847656,-0.6564881801605225,0.020899426192045212,0.0631767064332962,-0.27794793248176575,0.3897715210914612,0.0344066247344017,-0.4948274493217468,0.1425425112247467,-0.6939881443977356,0.11515039205551147,0.7353075742721558,-0.5386067032814026,-0.2205066978931427,-0.5046144723892212,-0.13148650527000427,0.6215598583221436,0.021355241537094116,0.2697019577026367,-0.2864011526107788,-0.22504588961601257,-0.05344262719154358,1.3823678493499756,-0.07483075559139252,0.37844324111938477,0.12575405836105347,-0.012692156247794628,0.057210277765989304,0.0527985580265522,-1.1309988498687744,0.18421319127082825,-0.5420211553573608,0.28013700246810913,0.04831705614924431,0.39074385166168213,0.2649247348308563,0.26130038499832153,0.7537037134170532,-0.08258534967899323,0.17995963990688324,-0.23962748050689697,0.19063329696655273,-0.11271478980779648,0.07553093880414963,0.08649856597185135,-0.1497945636510849,-0.07871850579977036,0.1983296424150467,0.37650004029273987,0.06669153273105621,0.06320081651210785,-0.27235788106918335,-0.06182989478111267,0.16295182704925537,-0.10869204998016357,-0.09486560523509979,0.03263072669506073,-0.21021588146686554,-0.823053240776062,-0.26038822531700134,0.10081496089696884,0.045230284333229065,-0.3247920572757721,0.06266120821237564,-0.49942225217819214,0.5184337496757507,-0.17605459690093994,-0.06998638808727264,0.059016160666942596,-0.10965172946453094,-0.32372915744781494,0.552067756652832,-0.3564872741699219,0.03425707668066025,-0.42010384798049927,-0.4525064527988434,0.19821038842201233,-0.1476815789937973,0.2311115264892578,-0.047970034182071686,0.005175477359443903,-0.2028883993625641,-0.0018440186977386475,0.207418292760849,0.2424253523349762,0.06149669364094734,0.34905755519866943,0.22503599524497986,0.3419131636619568,-0.736339271068573,-0.6260358095169067,0.37301963567733765,-0.09495651721954346,0.23197384178638458,0.7678292393684387,0.00251426687464118,-0.018661892041563988,0.4460129737854004,0.3159050941467285,0.05971328169107437,0.07711692154407501,-0.01977905072271824,-0.13640126585960388,0.07267195731401443,-0.1496664136648178,-0.37439805269241333,0.3041008412837982,0.19517762959003448,-0.1507706344127655,0.29052358865737915,0.15580184757709503,-0.7353925704956055,-0.5748751163482666,0.24599981307983398,0.22803792357444763,-0.2806306481361389,0.20236659049987793,-0.4995659291744232,0.36475104093551636,-0.1548105925321579,0.14424562454223633,-0.9688732028007507,0.26536619663238525,-0.4865616261959076,-0.26281341910362244,-0.36064571142196655,0.0314812958240509,0.7800836563110352,-0.30581459403038025,-0.26847216486930847,0.13672567903995514,-0.5188921093940735,0.19279900193214417,-0.413118451833725,0.04387981817126274,0.47789621353149414,-0.06677402555942535,0.6158282160758972,0.362369567155838,0.47706514596939087,0.1229865700006485,-0.05326826497912407,0.31239503622055054,-0.22507791221141815,-0.46961355209350586,-0.042033690959215164,0.14564885199069977,-0.26740995049476624,-0.2777079939842224,-0.3751390874385834,0.6087783575057983,0.07181553542613983,-0.553956151008606,-0.1051533967256546,-0.181245356798172,0.12243640422821045,0.03559606149792671,0.129230335354805,-0.25442084670066833,0.5802597999572754,0.3832767605781555,0.07203054428100586,0.3253439962863922,-0.7410210371017456,-0.035053785890340805,-0.3164050877094269,0.053701914846897125,-0.24350178241729736,-0.24057433009147644,0.11710469424724579,-0.06605087220668793,0.1177499070763588,0.006103691644966602,1.1056792736053467,-0.046319976449012756,0.33405739068984985,-0.38592180609703064,-0.1530541479587555,-0.11979025602340698,0.3079851269721985,-0.09266376495361328,-0.02998392842710018,-0.1722601354122162,-0.10692791640758514,-0.10415899753570557,-0.21865114569664001,-0.9783223271369934,-0.19106096029281616,0.25441616773605347,-0.029589390382170677,0.14614836871623993,0.0279802568256855,-0.3562474250793457,-1.1561692953109741,0.16266955435276031,0.027406740933656693,-0.022912513464689255,0.24345891177654266,0.2102729082107544,0.7771095037460327,-0.45258617401123047,0.032111234962940216,-0.4630289673805237,0.05984923988580704,-0.1872791051864624,0.05000714212656021,0.23774376511573792,-0.02894972637295723,0.09475543349981308,-0.09829495847225189,0.2042292058467865,-0.20357155799865723,-0.1792544573545456,0.04401519149541855,-0.24418756365776062
CID000071616,53,0.22612535953521729,-0.617103636264801,-1.133056879043579,-0.11251185834407806,0.4441254138946533,-0.20220115780830383,0.10789898782968521,-0.9453086853027344,0.12980230152606964,-0.3964502215385437,0.6184240579605103,0.2973422408103943,0.006856375373899937,0.16856856644153595,-0.04493390768766403,0.23597189784049988,0.2944723963737488,0.047385673969984055,-0.11913104355335236,-0.3963232934474945,-0.09372557699680328,0.2104320079088211,0.26766765117645264,-0.21423852443695068,-1.634629487991333,-1.175136923789978,-0.4902958869934082,0.1446971893310547,-0.15309159457683563,-0.12268314510583878,0.8427289724349976,-0.126234233379364,0.06701767444610596,0.1640418916940689,-0.10710843652486801,-0.10815811157226562,0.47565174102783203,0.06035848706960678,0.3106594979763031,0.082131527364254,0.18006625771522522,0.329360693693161,0.008132556453347206,-0.2265637367963791,0.04005177691578865,-0.09210427105426788,1.092777132987976,-0.36982694268226624,-0.7327906489372253,0.077627032995224,-1.3615148067474365,-0.030430614948272705,0.5817822217941284,-0.229107066988945,0.02545369789004326,-0.20157258212566376,0.06563756614923477,1.2597497701644897,-0.41473588347435,0.26293617486953735,-0.2792133688926697,-0.03369561955332756,-0.16445350646972656,0.5046822428703308,0.3989355266094208,0.6901155710220337,0.23666398227214813,-0.31284141540527344,0.04628191143274307,0.02036532573401928,-0.2746359705924988,0.07935327291488647,-0.4543658196926117,0.5024550557136536,-0.13473254442214966,-0.01628781482577324,0.19819580018520355,0.04775121062994003,1.0679283142089844,0.19715969264507294,-0.2594447135925293,-0.7256048917770386,0.010413510724902153,-0.08729968965053558,0.344772070646286,0.1859939843416214,-0.7628253102302551,-0.005660134367644787,-0.13762167096138,0.014462143182754517,-0.07671147584915161,-0.3804221749305725,-0.40677157044410706,0.4556654095649719,0.10131676495075226,0.05151818320155144,-0.30643337965011597,0.37719792127609253,0.05617418885231018,-2.1330254077911377,-0.3063353896141052,-0.033668942749500275,-0.10513816028833389,-0.19780784845352173,0.13542775809764862,-0.14001519978046417,1.1813459396362305,-0.023290451616048813,0.08307687938213348,0.17283771932125092,0.12798911333084106,0.20049305260181427,0.21904078125953674,-1.0301073789596558,0.19472014904022217,-0.3824717700481415,-0.14913645386695862,0.2152889519929886,0.21145495772361755,0.2018250972032547,-0.23947377502918243,-0.3155091106891632,-0.18970699608325958,-0.009492489509284496,0.14163635671138763,0.03245089575648308,0.3878660202026367,-0.05554435774683952,-0.30014654994010925,0.4055446684360504,-0.5968581438064575,0.27850425243377686,0.26565060019493103,0.14741554856300354,-0.25886470079421997,0.5682235956192017,-0.04965680092573166,0.1176699548959732,0.42447391152381897,-0.3928768038749695,0.18242527544498444,0.04677274450659752,0.152136892080307,0.11246802657842636,-0.041069503873586655,0.09717638790607452,-0.3275740146636963,0.8704248666763306,-0.09354840964078903,-0.13538557291030884,0.8510117530822754,-0.2830665111541748,-0.5331347584724426,-0.8910870552062988,0.8415295481681824,0.1421484798192978,0.3565702438354492,0.3056108355522156,-0.8152111172676086,0.34872421622276306,-0.1204456239938736,-0.02531171403825283,-1.3023974895477295,-0.17416484653949738,-0.5110152959823608,0.13251730799674988,-0.24293828010559082,-0.14542032778263092,1.3763771057128906,-0.5590940713882446,-0.13883543014526367,-0.12424041330814362,0.03184199333190918,0.2771013677120209,-0.6229677200317383,-0.3630579113960266,0.3739846646785736,-0.10751999914646149,0.4857432246208191,0.4412442743778229,0.16092288494110107,-0.13444405794143677,-0.0533360056579113,0.9679322242736816,0.05210334062576294,-0.259571373462677,-0.42262396216392517,0.0028945424128323793,-0.4383230209350586,-0.24007101356983185,-0.49153560400009155,1.8892452716827393,-0.2383606731891632,-0.08533132821321487,-0.2978191375732422,-0.3645040988922119,-0.35464149713516235,0.15285852551460266,1.729077935218811,-0.1856802999973297,0.7937314510345459,0.4612042307853699,0.00016805827908683568,1.3702701330184937,-0.4032531678676605,0.3369223177433014,-0.4930942952632904,-0.01828782632946968,-0.16551777720451355,0.3283329904079437,-0.3827607333660126,-0.22753210365772247,0.17326776683330536,-0.15011994540691376,0.6322516202926636,0.32410407066345215,-0.3877266049385071,-0.11345982551574707,0.007856523618102074,0.006732544396072626,-0.13294419646263123,0.33791473507881165,-0.0023193359375,-0.16517534852027893,-0.08940043300390244,0.3893018364906311,0.19870556890964508,-0.36361920833587646,-0.3029364049434662,0.09036962687969208,0.20118899643421173,-0.04893340915441513,0.27194350957870483,-0.13701936602592468,-0.7737356424331665,0.16963110864162445,0.09105920046567917,-0.13716626167297363,-0.14367766678333282,-0.10968524217605591,1.7771965265274048,-0.22535495460033417,-0.07285420596599579,-0.5937339663505554,-0.04361279308795929,-0.4580633044242859,-0.12483622878789902,0.010187303647398949,0.07349850237369537,0.45553699135780334,0.12945103645324707,0.16287562251091003,0.03837765380740166,-0.1173577532172203,0.4834560453891754,0.03154987469315529
CID000004091,54,0.09749109297990799,-0.09566768258810043,-0.6077014207839966,0.2552010416984558,0.4371786117553711,0.0016603156691417098,-0.03475426509976387,-0.614309549331665,-0.11893691122531891,-0.5083491802215576,0.3897421956062317,0.08659009635448456,-0.07589103281497955,0.003569567110389471,0.0839938372373581,-0.1436091959476471,0.8188349008560181,0.08789750933647156,-0.21151582896709442,-0.07380574196577072,-0.14894430339336395,0.014628064818680286,0.5529900789260864,0.08781632035970688,-0.41642123460769653,-0.5874527096748352,-0.3822622299194336,-0.08325015008449554,0.18239200115203857,-0.25780874490737915,0.7153103947639465,0.03686978667974472,-0.09738413989543915,0.47437915205955505,-0.042593419551849365,0.10542311519384384,1.3260983228683472,-0.07177627086639404,-0.0673469677567482,-0.04150278866291046,0.05163910984992981,0.7811115980148315,-0.6000356674194336,-0.1995248794555664,-0.015635555610060692,0.13851697742938995,0.6644109487533569,-0.15872526168823242,-0.7143723964691162,0.07833147048950195,-0.18671971559524536,0.3400210738182068,0.3201735317707062,-0.1295250654220581,0.022082358598709106,-0.2318703681230545,-0.14041344821453094,0.7073294520378113,0.17937162518501282,-0.08138249069452286,-0.000673401344101876,-0.16667215526103973,-0.0621526762843132,0.6511282324790955,-0.07246613502502441,0.2995806336402893,0.10227980464696884,-0.12960048019886017,0.11933143436908722,0.08368846774101257,-0.9134801626205444,0.16404986381530762,-0.5547511577606201,0.35408955812454224,0.2941935062408447,0.5910996198654175,0.9428737759590149,0.38756924867630005,0.26817786693573,0.2436823844909668,-0.09352868795394897,-0.21904294192790985,-0.06341154873371124,-0.10150495916604996,0.16232024133205414,0.15001989901065826,-0.39351600408554077,0.42309269309043884,0.07583574205636978,0.3003326654434204,-0.04299077391624451,-0.1742934137582779,-0.13105788826942444,0.17637312412261963,-0.04957089573144913,-0.052135467529296875,0.10521159321069717,0.00911687035113573,-0.06566207110881805,-0.5513553619384766,0.1348150074481964,-0.13928362727165222,0.2051478624343872,-0.09633521735668182,0.07780681550502777,-0.04748699441552162,0.6498888731002808,-0.3888723850250244,0.07818762212991714,-0.03023998811841011,-0.19005152583122253,-0.20751114189624786,0.7588931322097778,-0.10400384664535522,0.1651463657617569,-0.37443238496780396,-0.3339042663574219,0.12433316558599472,-0.08498965948820114,0.5127515196800232,0.017535189166665077,-0.22341671586036682,0.2165493220090866,0.12108471244573593,-0.15413829684257507,0.1831873208284378,0.1032567024230957,-0.32777196168899536,-0.04000527784228325,-0.03849729895591736,-0.3734021782875061,-0.3664686679840088,0.4369838237762451,0.01411694847047329,0.13846582174301147,0.5887701511383057,0.06555241346359253,0.22700221836566925,0.5623250007629395,-0.19568030536174774,-0.04910925403237343,-0.26245951652526855,0.04293407127261162,-0.2784538269042969,-0.010424417443573475,-0.09778807312250137,-0.2283191680908203,0.31623226404190063,-0.05231999605894089,-0.024806737899780273,0.18690574169158936,0.027031326666474342,-0.7542189359664917,-0.7790108919143677,0.4293716847896576,-0.24005389213562012,0.286001056432724,0.17669880390167236,-0.3534044325351715,0.11943118274211884,0.050385426729917526,-0.05056479573249817,-0.8481181859970093,0.18092739582061768,-0.32041096687316895,0.01969151198863983,0.06277389824390411,0.09485463798046112,0.8292856216430664,-0.3387065827846527,-0.2556217610836029,-0.09306231141090393,0.13880795240402222,-0.2918314039707184,-0.7217491865158081,-0.2703027129173279,0.2849273979663849,0.0024034350644797087,0.42656150460243225,-0.03564860299229622,0.7526957392692566,-0.056311480700969696,0.05680527538061142,0.5365804433822632,0.07544930279254913,-0.20855998992919922,-0.06874875724315643,-0.1689692735671997,-0.5315824747085571,-0.40578383207321167,-0.3151395916938782,0.788061261177063,0.1784520447254181,-0.48576784133911133,-0.17922677099704742,0.033675938844680786,-0.18326248228549957,-0.1649283468723297,0.17121422290802002,0.06225813552737236,0.27416738867759705,0.1328587532043457,0.2683156132698059,-0.07290267944335938,-0.3766639828681946,0.08953429013490677,-0.33179032802581787,0.17962738871574402,-0.05755424499511719,-0.053362905979156494,-0.08885464817285538,0.003946417476981878,0.07942967116832733,-0.03438539057970047,0.5615683197975159,-0.268023818731308,-0.04871045798063278,-0.23633608222007751,-0.14461396634578705,-0.07277289777994156,0.12399418652057648,0.26031050086021423,-0.13595446944236755,0.09530764818191528,-0.0006503343465737998,-0.018718628212809563,-0.1398136168718338,-0.6800949573516846,-0.026467502117156982,-0.03633924573659897,-0.09476388990879059,0.14355584979057312,0.19666370749473572,0.13568627834320068,-0.7003757953643799,-0.17366622388362885,-0.03389996662735939,0.006304135080426931,0.11466324329376221,0.12653280794620514,0.7139697074890137,-0.4762960970401764,-0.0612097792327404,-0.47963038086891174,-0.10811096429824829,-0.08815748989582062,0.01735968515276909,0.3765031397342682,-0.04321041330695152,0.23754644393920898,0.21098558604717255,0.05216934159398079,0.40080833435058594,-0.4065428674221039,0.19978483021259308,0.26237115263938904
CID000005090,55,0.10173668712377548,-0.25949668884277344,-0.5130566954612732,0.25273317098617554,0.37151747941970825,-0.0983995869755745,-0.11231668293476105,-0.5103409886360168,-0.2779116630554199,-0.13229988515377045,0.21746237576007843,0.08486167341470718,-0.11016620695590973,0.05133705213665962,0.12513239681720734,0.05124860256910324,0.37441548705101013,0.08673761785030365,-0.1698458194732666,0.20210516452789307,-0.08124390989542007,0.06345970928668976,0.5215746760368347,-0.0014361456269398332,-0.41120100021362305,-0.5858481526374817,-0.23887643218040466,0.08598567545413971,0.011263484135270119,-0.022170323878526688,0.40694117546081543,0.0877787247300148,-0.11359363794326782,0.3796306252479553,-0.026647429913282394,0.23515638709068298,1.176363229751587,-0.08397255092859268,0.06195656582713127,0.06230282783508301,0.04499145969748497,0.48168715834617615,-0.43550437688827515,0.013843333348631859,-0.04564971476793289,0.05333082750439644,0.5062165260314941,-0.2537214159965515,-0.4638492465019226,-0.018546629697084427,-0.29951056838035583,0.194158673286438,0.3315959572792053,-0.30158036947250366,0.2696273922920227,-0.13069376349449158,-0.35786300897598267,0.4540680944919586,0.048100825399160385,-0.10634341090917587,0.04911336302757263,-0.16443437337875366,-0.00694389920681715,0.6312432885169983,0.04165780544281006,0.1303844302892685,-0.28439074754714966,-0.1226024180650711,0.01523387711495161,0.028873741626739502,-0.548829972743988,0.15730825066566467,-0.6483355760574341,0.5142317414283752,0.08061358332633972,0.4106983542442322,0.5463137626647949,0.14364799857139587,0.3120642900466919,-0.04710814356803894,0.012456662952899933,-0.14444230496883392,0.0180042777210474,0.011528748087584972,0.12072975933551788,0.2944108247756958,-0.21535027027130127,-0.07008175551891327,0.03292595595121384,0.14678855240345,-0.2172422707080841,0.03188575059175491,-0.07701315730810165,0.04671715945005417,0.1469651609659195,0.0290905199944973,-0.08176715672016144,0.21669718623161316,-0.09375026822090149,-0.630675733089447,0.016814131289720535,-0.12189580500125885,0.03272279351949692,0.06906889379024506,0.20797331631183624,-0.058004021644592285,0.7686070203781128,-0.09747837483882904,0.23041382431983948,-0.08395324647426605,-0.09696636348962784,0.06076006963849068,0.17872042953968048,-0.06678061187267303,0.12330009788274765,-0.35331034660339355,-0.29926949739456177,0.024026643484830856,-0.18690679967403412,0.0717497244477272,-0.24773994088172913,-0.3252473473548889,0.20964770019054413,0.12021932750940323,0.03648209199309349,0.05438803881406784,0.19554340839385986,-0.07564231753349304,-0.3412212133407593,0.2452983558177948,-0.5266910195350647,-0.4535137712955475,0.3601985573768616,0.010292661376297474,0.0014466628199443221,0.6013743281364441,0.13870275020599365,-0.02813701704144478,0.17838115990161896,-0.1554146260023117,-0.016170162707567215,-0.2329496592283249,0.01854199729859829,0.029723484069108963,0.013619279488921165,0.10164445638656616,-0.16020908951759338,-0.0047438545152544975,-0.11198024451732635,-0.09250662475824356,0.11541271209716797,-0.12425168603658676,-0.36592376232147217,-0.5060059428215027,0.5523313879966736,-0.19269278645515442,0.20454740524291992,0.10657111555337906,-0.33102479577064514,-0.04999098181724548,-0.06596875935792923,0.1746351271867752,-0.8857133984565735,0.076498843729496,-0.319816529750824,0.049902237951755524,0.03392685577273369,-0.18500325083732605,0.5422490239143372,-0.4440193772315979,-0.14237326383590698,-0.035089749842882156,0.029832065105438232,-0.037294596433639526,-0.4316421449184418,-0.23139238357543945,0.3320634365081787,0.07069171220064163,0.5605961084365845,-0.20196537673473358,0.6906878352165222,-0.10906918346881866,-0.14544714987277985,0.38870173692703247,-0.058795105665922165,-0.3552224040031433,-0.159336656332016,-0.17936185002326965,-0.21873407065868378,-0.14291951060295105,-0.19604401290416718,0.8120689392089844,-0.06859218329191208,-0.5626586675643921,0.06986682116985321,-0.052934981882572174,-0.03455987200140953,0.18394047021865845,0.30151402950286865,-0.002168136416003108,0.23214001953601837,0.38870659470558167,-0.1113278865814209,0.006681925151497126,-0.3776940107345581,-0.31847289204597473,-0.22723893821239471,0.04475993663072586,-0.1420496255159378,-0.1334531307220459,-0.1289699822664261,0.0075244903564453125,-0.12373604625463486,-0.2713187336921692,0.4806036949157715,-0.09917481243610382,0.026918524876236916,-0.24324628710746765,0.021617397665977478,-0.13266752660274506,0.2628156542778015,0.07866980880498886,0.20827428996562958,-0.08531451225280762,0.08895181864500046,0.047249309718608856,-0.040857087820768356,-0.5929694175720215,-0.1667359620332718,-0.05602572485804558,-0.11825452744960785,0.06130928918719292,0.09527993947267532,-0.16795805096626282,-0.49036961793899536,-0.036372702568769455,0.18082033097743988,-0.12683507800102234,0.08084253966808319,-0.09548573195934296,0.6052287817001343,-0.3407779335975647,0.07817588746547699,-0.2629629671573639,-0.14254972338676453,-0.2771420180797577,0.1001213788986206,0.13659174740314484,-0.12236930429935455,0.31487399339675903,0.3462162911891937,0.13844610750675201,0.22590216994285583,-0.14499914646148682,0.08944404870271683,0.08677160739898682
CID000004170,60,0.17644266784191132,-0.11260106414556503,-0.6747511625289917,0.04114234820008278,0.3085189461708069,-0.3249908685684204,0.03357516974210739,-0.6414135098457336,0.04189319908618927,-0.35340553522109985,0.4185604453086853,0.16464780271053314,0.0007544055697508156,0.04634953662753105,0.26665788888931274,0.2716861069202423,0.0861530676484108,0.10011103004217148,-0.2527354061603546,-0.09299342334270477,0.24943241477012634,-0.09952972829341888,0.2473575621843338,0.05053826421499252,-0.9234854578971863,-0.5708882808685303,-0.3078176975250244,-0.20727351307868958,0.0729726254940033,0.2029583752155304,0.3540341258049011,-0.006210881285369396,0.11524395644664764,0.1994456946849823,0.045749273151159286,-0.0030695884488523006,0.3225046694278717,0.027457082644104958,0.055307209491729736,0.027204591780900955,0.22661857306957245,0.22423608601093292,-0.25080400705337524,-0.2392069548368454,-0.09536980092525482,-0.0774214118719101,0.7861952781677246,-0.10511825233697891,-0.5463165044784546,-0.1154082864522934,-0.8172532320022583,0.01566304638981819,0.43678098917007446,-0.24242882430553436,-0.06293939054012299,-0.1720435917377472,-0.0184380654245615,0.852717399597168,0.0958801656961441,-0.048947639763355255,0.16319073736667633,-0.07883331179618835,0.16052758693695068,0.3263065814971924,0.07174739986658096,0.5162802338600159,0.03263063356280327,0.02781003713607788,-0.1565334051847458,0.02109946683049202,-0.2229921519756317,0.2578619718551636,-0.13784515857696533,0.44801443815231323,-0.1395142376422882,0.25724366307258606,0.15435972809791565,0.28909575939178467,0.508831799030304,0.1268434375524521,0.023427676409482956,-0.3377407193183899,0.13258638978004456,0.2013956755399704,0.3299987316131592,0.06851006299257278,-0.370781809091568,0.0018431901698932052,-0.15114983916282654,0.07753374427556992,-0.05699474737048149,-0.04074105620384216,-0.3022439777851105,0.18404598534107208,-0.04642925783991814,0.1297794133424759,0.12932614982128143,0.09684985876083374,-0.04619136080145836,-1.1648714542388916,-0.22541014850139618,0.08735939115285873,0.21641704440116882,-0.17146459221839905,0.03782643750309944,-0.153352290391922,0.536002516746521,0.20692625641822815,0.07983161509037018,-0.15460194647312164,0.17621605098247528,0.015031126327812672,0.0894034132361412,-0.7216222286224365,-0.03309043496847153,-0.3449977934360504,-0.3074679672718048,0.02801608480513096,0.10123308002948761,-0.23348955810070038,-0.18334122002124786,-0.3588607609272003,0.24255648255348206,0.21198010444641113,0.21950069069862366,0.13353218138217926,0.10275093466043472,-0.05977504700422287,-0.08335506170988083,0.13136780261993408,-0.4425293505191803,0.04694414138793945,0.27410346269607544,0.2923586368560791,-0.01265038549900055,0.5296570658683777,0.11884541809558868,0.18016795814037323,0.29952698945999146,-0.13294953107833862,-0.10197959095239639,0.0033133327960968018,0.3532845675945282,0.2993096709251404,0.11133036762475967,0.1291876584291458,-0.46967965364456177,0.2121553122997284,-0.47345176339149475,-0.15425284206867218,0.7090327143669128,-0.16165582835674286,-0.2405819445848465,-0.6486201882362366,0.4699483811855316,-0.07232475280761719,0.009737738408148289,0.07083573192358017,-0.614362895488739,0.15577176213264465,-0.13844498991966248,-0.12104938179254532,-0.8841376304626465,-0.05844086408615112,-0.48040828108787537,0.007904025726020336,0.15808585286140442,0.004413782153278589,0.9721381068229675,-0.6791316270828247,-0.1271691620349884,0.09539073705673218,0.11382728815078735,0.23946520686149597,-0.2880411744117737,-0.25945645570755005,0.17293600738048553,0.0647469013929367,0.5448091626167297,0.23363497853279114,0.5194734334945679,-0.06074530631303787,0.03076533041894436,0.6370028853416443,-0.09990288317203522,-0.14063000679016113,0.042881205677986145,-0.21294553577899933,-0.12490661442279816,-0.15771698951721191,-0.2622838020324707,1.2069813013076782,0.0026211985386908054,-0.271476686000824,-0.014608001336455345,-0.17177078127861023,-0.2674177289009094,0.0811505913734436,1.1148074865341187,-0.36818116903305054,0.7282734513282776,0.2819269597530365,-0.06058654189109802,0.787028431892395,-0.5296995639801025,-0.10658381879329681,-0.38923880457878113,-0.061055053025484085,-0.19406673312187195,0.06821995228528976,-0.09773693233728409,0.0764060765504837,0.11602816730737686,-0.21307823061943054,0.46169978380203247,0.1366547793149948,-0.30140140652656555,-0.10227982699871063,-0.0073603070341050625,-0.026727303862571716,0.038680560886859894,0.1487990766763687,-0.13172459602355957,-0.2567431330680847,0.07238557189702988,0.15651778876781464,0.09442523866891861,-0.25519710779190063,-0.27222317457199097,0.1596396565437317,0.10471413284540176,0.006390986032783985,0.21797844767570496,-0.28242766857147217,-0.603624701499939,0.14176638424396515,0.05279621481895447,-0.0821433961391449,-0.12805458903312683,-0.0908641517162323,1.0421721935272217,-0.2579271197319031,0.019910838454961777,-0.5172560214996338,-0.01725860685110092,-0.4040280878543854,-0.10002414882183075,-0.3798148036003113,-0.018622267991304398,0.5257812142372131,0.13505850732326508,0.11554010212421417,-0.01822023093700409,-0.1182914599776268,0.10566677898168564,0.01505221426486969
CID000005095,61,0.035659924149513245,-0.08118468523025513,-0.4882473945617676,0.24382996559143066,0.3184880018234253,-0.21428044140338898,-0.12542669475078583,-0.287051260471344,-0.17564573884010315,0.11039359867572784,0.28032904863357544,0.0006714641931466758,-0.02734176255762577,-0.03774747624993324,-0.08818693459033966,0.15660372376441956,0.3614690601825714,-0.030299872159957886,-0.332372784614563,-0.07601280510425568,-0.14484918117523193,-0.1402842253446579,0.5375657677650452,0.1777999848127365,-0.2696000039577484,-0.369782954454422,-0.016092360019683838,-0.20603851974010468,0.24260489642620087,8.583068620282575e-07,0.2435048520565033,-0.0029583186842501163,0.01772332936525345,0.2613189220428467,-0.2498270571231842,0.2064829170703888,0.8761163949966431,-0.00749761238694191,0.13982833921909332,0.09498017281293869,-0.14471334218978882,0.5405311584472656,-0.3454075753688812,-0.3351995348930359,0.048019640147686005,0.2319791615009308,0.43899840116500854,-0.20846624672412872,-0.537503182888031,-0.06124432012438774,-0.8453654050827026,0.09299943596124649,0.3430188298225403,-0.09328631311655045,0.4219840168952942,-0.20667032897472382,-0.40643587708473206,0.6083184480667114,0.014680549502372742,-0.14785417914390564,0.04590589553117752,-0.2195470780134201,0.3268257975578308,0.6448664665222168,0.10102691501379013,0.3286711573600769,-0.22925753891468048,0.01015528291463852,0.1204717606306076,-0.012951439246535301,-0.9603670239448547,0.05004419758915901,-0.590304970741272,0.3742799460887909,0.04567043110728264,0.5338953733444214,0.3770543038845062,0.12811996042728424,0.5624725222587585,-0.07962438464164734,-0.13376620411872864,-0.26972800493240356,-0.032404545694589615,-0.030157674103975296,-0.024312634021043777,0.28714698553085327,-0.31505724787712097,-0.02632676064968109,0.05212423950433731,-0.006684985943138599,-0.20734763145446777,0.023855023086071014,-0.1488492339849472,-0.08059985935688019,0.03838508576154709,0.011401547119021416,-0.16135850548744202,0.2417968064546585,-0.21628212928771973,-0.44132548570632935,-0.04336162656545639,-0.22586193680763245,0.16269484162330627,0.02598489448428154,0.21417677402496338,-0.1892806440591812,0.36648523807525635,0.12012255191802979,0.26155853271484375,-0.14754262566566467,0.01688850298523903,0.22621718049049377,0.3374321758747101,-0.49386921525001526,0.06159589812159538,-0.2261977195739746,-0.1879953294992447,-0.057300686836242676,-0.3313141167163849,0.029637057334184647,-0.10142161697149277,-0.2827233672142029,-0.01132233440876007,0.26041632890701294,-0.03917986527085304,-0.022387316450476646,0.09405834972858429,-0.030977461487054825,-0.18589863181114197,0.16311249136924744,-0.5180301666259766,-0.3412742018699646,0.3448431193828583,0.16233249008655548,0.02444091998040676,0.7420429587364197,-0.08722390979528427,-0.14574463665485382,0.2046143263578415,-0.0732489675283432,-0.05169036239385605,-0.18307213485240936,0.08271079510450363,0.1302425116300583,0.04194452613592148,0.061561696231365204,-0.20825938880443573,0.2103787362575531,-0.019489711150527,-0.21770541369915009,0.4252798557281494,-0.08685354888439178,-0.6546446681022644,-0.5859619379043579,0.7017742395401001,-0.32991063594818115,-0.005772327538579702,-0.04026647284626961,-0.545173704624176,-0.12414322048425674,-0.010614955797791481,0.12098518759012222,-0.5903640985488892,0.04280262440443039,-0.42255812883377075,-0.19323548674583435,0.012245831079781055,-0.1777411699295044,0.25502219796180725,-0.5334889888763428,-0.19941259920597076,-0.23670744895935059,-0.11724438518285751,-0.24527044594287872,-0.4900592863559723,-0.1835194230079651,0.2817302942276001,0.13907326757907867,0.4388246536254883,-0.04225725680589676,0.4940860867500305,-0.10238567739725113,-0.2702195942401886,0.1381421536207199,-0.2436123788356781,-0.2778368294239044,-0.16296625137329102,-0.4029265344142914,-0.09870362281799316,-0.2412586212158203,-0.05356813222169876,0.5376694202423096,-0.01855478622019291,-0.23626866936683655,-0.033732570707798004,-0.009017044678330421,-0.10748779773712158,0.2033650130033493,0.18066664040088654,-0.005601066164672375,0.33993402123451233,0.3066137433052063,0.008918535895645618,-0.08743647485971451,-0.41586834192276,-0.32517769932746887,-0.4286065995693207,-0.08914273977279663,0.10861513763666153,-0.02260860800743103,-0.025405412539839745,0.05187024548649788,-0.02729458548128605,-0.31980353593826294,0.4973413944244385,-0.12103517353534698,-0.14027895033359528,-0.03761273995041847,0.11726586520671844,0.07234500348567963,0.26194828748703003,-0.10367473214864731,0.14381882548332214,-0.16525384783744812,0.03994838520884514,0.09231193363666534,-0.0745956227183342,-0.8696004748344421,-0.16896316409111023,-0.03892187029123306,0.026956385001540184,0.05460874363780022,0.03740258887410164,-0.4176216125488281,-0.6096824407577515,0.04132992401719093,0.1511564999818802,-0.04386473447084427,-0.024838197976350784,-0.18502230942249298,0.22629210352897644,-0.3272287845611572,0.08393850922584534,-0.20830997824668884,-0.17303885519504547,-0.3479824960231781,-0.03448043391108513,-0.0792156308889389,-0.0762542337179184,0.3232974112033844,0.19411173462867737,0.11207638680934906,0.21971234679222107,0.014971861615777016,0.0122306440025568,-0.011988133192062378
CID000005291,62,0.041071899235248566,-0.2265692502260208,-0.4699147641658783,-0.04772385582327843,0.3202398717403412,-0.19554010033607483,-0.08454190194606781,-0.3310435116291046,-0.24882490932941437,0.12250926345586777,0.3398706018924713,-0.016635190695524216,-0.07737778127193451,0.0004972874885424972,-0.00992571096867323,0.27509382367134094,0.29939645528793335,0.056424401700496674,-0.19541871547698975,0.14507928490638733,-0.19003555178642273,-0.013989733532071114,0.5468624234199524,-0.0027619092725217342,-0.3275274932384491,-0.6806919574737549,-0.3808869421482086,-0.07702842354774475,0.1635744273662567,0.16192929446697235,0.4610985815525055,0.09741474688053131,-0.12747617065906525,0.3321385085582733,-0.24203690886497498,0.09910939633846283,0.7098832130432129,-0.14883224666118622,0.02498261258006096,0.011743271723389626,-0.1696777194738388,0.4369955062866211,-0.4325689375400543,0.06950618326663971,-0.00500075239688158,0.1553671807050705,0.5885016918182373,-0.05849602073431015,-0.5915190577507019,-0.03643760830163956,-0.35002976655960083,0.2332964390516281,0.3132590353488922,-0.17253579199314117,0.07667043805122375,-0.4120785593986511,-0.281992107629776,0.5208057165145874,-0.059354256838560104,-0.16666150093078613,0.11108291149139404,-0.2508702874183655,0.013498286716639996,0.6604647636413574,0.13367591798305511,0.11678282916545868,-0.22886204719543457,-0.0627407506108284,-0.09304112195968628,0.10090319067239761,-0.696196436882019,0.11878583580255508,-0.4845050275325775,0.493464857339859,-0.04875340312719345,0.27142786979675293,0.3891446590423584,0.3084564208984375,0.412912517786026,-0.04759392887353897,-0.07520223408937454,-0.16515211760997772,-0.011937803588807583,-0.062191206961870193,0.21233883500099182,0.36491894721984863,-0.10590006411075592,-0.05805559828877449,-0.13644108176231384,0.11228648573160172,-0.10249711573123932,-0.0002250045508844778,-0.017617981880903244,0.09996414184570312,0.16640861332416534,-0.10140211880207062,-0.2627883851528168,0.23404352366924286,0.010350590571761131,-0.4862751066684723,-0.0107879638671875,-0.09257562458515167,0.0830540731549263,0.01611732505261898,0.17124666273593903,-0.10435273498296738,0.7215344905853271,0.1223735585808754,0.16953888535499573,-0.14055268466472626,-0.11025100946426392,0.15613213181495667,0.2949082553386688,-0.05085831880569458,0.22786851227283478,-0.2016812264919281,-0.30181974172592163,0.09427763521671295,-0.12021353095769882,-0.0731378048658371,-0.08123918622732162,-0.3517691493034363,0.0008263379568234086,0.08618961274623871,-0.10989941656589508,0.1842985451221466,0.14561036229133606,0.07934513688087463,-0.25727948546409607,0.23580002784729004,-0.6118148565292358,-0.16358979046344757,0.40395718812942505,0.12391002476215363,0.11950372159481049,0.677262008190155,0.19382056593894958,-0.21820226311683655,0.20056560635566711,-0.07650764286518097,-0.20289453864097595,-0.18913514912128448,0.13073357939720154,0.31608304381370544,0.18391266465187073,-0.10686425864696503,-0.34195059537887573,-0.12022523581981659,0.05839695408940315,-0.04324093833565712,0.16269174218177795,-0.04481062293052673,-0.5452477335929871,-0.5310612320899963,0.4175013601779938,-0.2389197051525116,0.13895699381828308,-0.18690498173236847,-0.34767094254493713,-0.05333167314529419,-0.14368972182273865,-0.02631811425089836,-0.7030037045478821,-0.007777056191116571,-0.39209505915641785,-0.004607410170137882,-0.04360975697636604,-0.05665402486920357,0.5004210472106934,-0.5387240648269653,-0.08548663556575775,-0.17772415280342102,-0.07258854061365128,-0.14421305060386658,-0.5081213116645813,-0.10186372697353363,0.2932688593864441,0.20061656832695007,0.5360473394393921,-0.12384898960590363,0.7708255648612976,-0.25235751271247864,-0.05656827613711357,0.14387290179729462,-0.10512173175811768,-0.45126286149024963,-0.07253564894199371,-0.2560946047306061,0.07100995630025864,-0.0784691721200943,-0.3589603006839752,0.8042270541191101,-0.07287825644016266,-0.45321521162986755,0.08107592910528183,-0.0391138419508934,-0.12419161945581436,0.11744742095470428,0.26894688606262207,-0.04264222830533981,0.3508148491382599,0.42211681604385376,-0.12105020135641098,0.09724283963441849,-0.475932776927948,-0.4219675660133362,-0.15470799803733826,0.013427011668682098,-0.03650778904557228,-0.1726187765598297,0.13316185772418976,-0.00019184351549483836,0.11124815046787262,-0.19889777898788452,0.7890558838844299,-0.07726959139108658,-0.12739655375480652,-0.2720659077167511,0.014236566610634327,0.1453859508037567,0.3118913173675537,0.019710201770067215,0.2372981607913971,-0.10766416788101196,-0.004932847805321217,0.09386123716831207,0.059071701020002365,-0.6853233575820923,-0.28689849376678467,-0.06344760954380035,-0.06647884845733643,0.11236055195331573,0.16075998544692993,-0.27200785279273987,-0.5000881552696228,0.33583611249923706,0.0809316486120224,-0.21596412360668182,0.001250147121027112,-0.185197114944458,0.2915031313896179,-0.37473264336586,-0.04627768322825432,-0.1779196411371231,-0.01742393895983696,-0.19985267519950867,0.015903592109680176,-0.03893608972430229,-0.010115387849509716,0.3265746235847473,-0.005571060813963413,0.08266612887382507,0.18352307379245758,-0.15616297721862793,0.0666765421628952,-0.04351172223687172
CID000019090,63,0.012473009526729584,-0.11047327518463135,-0.45183348655700684,0.31866103410720825,0.1763734370470047,-0.2642403841018677,0.10994841158390045,0.009234527125954628,-0.07248558849096298,-0.43056124448776245,0.3174200654029846,-0.1865072399377823,-0.10865896940231323,-0.056283630430698395,0.18963757157325745,0.15251503884792328,0.2191803902387619,-0.2190844714641571,-0.6510863304138184,0.23112086951732635,-0.26823732256889343,0.12480807304382324,0.5326732397079468,-0.0863414853811264,-0.5539306998252869,-0.5645865201950073,-0.2714782655239105,-0.030580025166273117,0.335536926984787,-0.10859198868274689,0.5137943625450134,0.18429610133171082,-0.14280065894126892,-0.13578639924526215,-0.11162187159061432,0.01899581030011177,0.22284546494483948,-0.2391911745071411,-0.0184974055737257,0.013756418600678444,-0.12820422649383545,0.15586787462234497,-0.182428240776062,-0.399474173784256,0.17552213370800018,-0.007566609885543585,0.24745392799377441,-0.123292937874794,-0.7105334401130676,-0.039100032299757004,-0.5469325184822083,-0.04573003202676773,0.6394702792167664,-0.3536348342895508,-0.09389613568782806,-0.5482550859451294,-0.14267072081565857,0.6596028208732605,0.02056623436510563,-0.17708227038383484,0.07717164605855942,-0.016626495867967606,0.269657164812088,0.46044325828552246,-0.09712067246437073,0.7204945683479309,-0.09752894192934036,0.04026270657777786,0.033486999571323395,0.19529768824577332,-0.6610313653945923,0.11704428493976593,-0.39188650250434875,0.07720647752285004,0.10225483030080795,0.29757755994796753,0.18536950647830963,0.07989736646413803,0.3335075080394745,0.05553155019879341,-0.032898642122745514,0.025409454479813576,0.057819634675979614,-0.04621916264295578,-0.016305040568113327,0.07476793229579926,-0.122201107442379,0.24821534752845764,0.039946943521499634,-0.19493593275547028,-0.007308936212211847,0.2557317316532135,-0.38934922218322754,0.031318794935941696,0.07191145420074463,0.021247729659080505,0.06811124086380005,-0.054527122527360916,-0.018200349062681198,-0.48314133286476135,-0.04046269506216049,-0.10424356162548065,-0.1093929260969162,-0.27133554220199585,0.06120772287249565,-0.28077763319015503,0.30059924721717834,0.24280717968940735,-0.13885492086410522,0.10338880866765976,0.08073481172323227,-0.15685971081256866,0.4464658796787262,-0.7332639694213867,0.2338370382785797,-0.2502358555793762,0.1322086900472641,0.25850188732147217,0.06707089394330978,-0.1216973215341568,-0.24244415760040283,-0.2087891548871994,-0.030799204483628273,0.20702782273292542,-0.11518778651952744,0.3793523907661438,-0.11100029945373535,0.07478000223636627,0.20375409722328186,0.22667939960956573,-0.5239228010177612,-0.27245020866394043,0.3213363289833069,0.16003550589084625,-0.09118644893169403,0.8068946599960327,-0.11207850277423859,0.2659529745578766,0.2627611458301544,0.08534225076436996,0.028041532263159752,-0.04290056601166725,0.3953375220298767,0.14543186128139496,0.17264331877231598,0.12102466821670532,-0.35506922006607056,0.0049699097871780396,0.044068269431591034,-0.028177017346024513,0.720242977142334,-0.08569023758172989,-0.5370334386825562,-0.36940091848373413,0.3672289252281189,-0.02126617357134819,-0.26946336030960083,0.07946816086769104,-0.31403636932373047,-0.04424036294221878,0.012312861159443855,-0.25667282938957214,-0.8450890779495239,0.046735238283872604,-0.4065609574317932,-0.23715002834796906,-0.0549003966152668,-0.13059717416763306,0.7167898416519165,-0.484326034784317,-0.5064923167228699,0.12909170985221863,0.09594649076461792,-0.036754053086042404,-0.1707603931427002,-0.21221771836280823,0.012489723972976208,-0.258118599653244,0.595601499080658,0.12537959218025208,0.42184218764305115,0.20185081660747528,-0.034595075994729996,0.06651352345943451,-0.22157728672027588,-0.15090647339820862,-0.15034666657447815,-0.32659876346588135,0.218974307179451,0.10967040061950684,0.14230462908744812,0.5940400958061218,0.109580397605896,-0.2562045156955719,-0.0036654218565672636,-0.11770597845315933,-0.0645742416381836,-0.06146828085184097,0.08152391016483307,0.023797255009412766,0.2741379141807556,-0.043517593294382095,0.196446031332016,0.27019962668418884,-0.7146856188774109,-0.3923257291316986,-0.5663706660270691,0.002211484359577298,-0.06255420297384262,-0.3333345055580139,-0.31073567271232605,0.060840558260679245,-0.09402267634868622,0.0038518072105944157,0.8322830200195312,-0.0638369768857956,0.09578359127044678,0.12336379289627075,0.1656382977962494,-0.052217353135347366,0.23846086859703064,0.12872996926307678,0.018393199890851974,-0.1740541011095047,-0.06985741853713989,0.11048970371484756,-0.09450219571590424,-0.42604151368141174,-0.004431464709341526,-0.11974575370550156,0.10072652250528336,0.06543614715337753,-0.10922324657440186,-0.18427243828773499,-0.6233888268470764,-0.11312613636255264,-0.18668028712272644,0.14267495274543762,0.18477150797843933,0.09931671619415283,0.2811911702156067,-0.4946317672729492,-0.06573044508695602,-0.2941363751888275,-0.1693516969680786,-0.021599363535642624,-0.035681284964084625,-0.24415118992328644,-0.33173832297325134,0.2762947678565979,0.10734868049621582,0.22966310381889343,-0.15514332056045532,-0.4490963816642761,-0.14271371066570282,-0.07196921110153198
CID000002802,64,0.1265925168991089,-0.0658995509147644,-0.33413806557655334,0.39030295610427856,0.25888165831565857,-0.1602759212255478,0.05326899141073227,-0.34814611077308655,0.06160532310605049,0.1267434060573578,0.127909854054451,-0.013196433894336224,-0.10405540466308594,-0.08228350430727005,-0.1381431221961975,0.14000557363033295,-0.051369309425354004,0.23815646767616272,-0.31971976161003113,0.013377976603806019,-0.1327359527349472,-0.14543619751930237,0.6443002820014954,0.0324096754193306,-0.22559718787670135,-0.4680541455745697,0.05294835567474365,-0.4116642475128174,0.2399027794599533,-0.017670582979917526,0.5867621302604675,-0.02950305864214897,-0.10568694025278091,0.09615534543991089,-0.20933718979358673,0.23804998397827148,0.02616659365594387,-0.13779106736183167,0.15309588611125946,0.15905015170574188,-0.10773859918117523,0.12726089358329773,-0.4450644552707672,0.21762093901634216,0.09284713864326477,-0.014377227053046227,0.30281418561935425,-0.08488013595342636,-0.3069227635860443,0.050211258232593536,-0.22359970211982727,0.16046909987926483,0.6227192282676697,-0.3650347590446472,0.07886766642332077,-0.1844121813774109,-0.1101604476571083,0.5364094972610474,0.2303391396999359,-0.24919839203357697,0.00031403900356963277,-0.11008963733911514,-0.058050788938999176,0.8612784147262573,0.022132927551865578,0.464796781539917,-0.16997644305229187,0.03306930512189865,-0.042509645223617554,0.22258177399635315,-0.7563602328300476,0.0013476151507347822,-0.5790355801582336,0.15721704065799713,-0.010744966566562653,0.4546566903591156,0.3373569846153259,0.07722252607345581,0.26226338744163513,-0.03655057027935982,0.1014271154999733,-0.05507548898458481,0.012839218601584435,-0.015256094746291637,0.15900614857673645,0.18592862784862518,-0.6023448705673218,-0.2922568619251251,-0.24034333229064941,-0.04868903011083603,-0.1721421778202057,0.11583815515041351,-0.33323895931243896,-0.20730526745319366,0.14746996760368347,-0.11218006908893585,-0.11844204366207123,0.3249081075191498,-0.03320683538913727,-0.42451244592666626,0.07092581689357758,0.07333483546972275,-0.09890611469745636,-0.003525119973346591,0.09748784452676773,-0.04828166961669922,0.38731998205184937,0.31539130210876465,0.05915192514657974,-0.10471563041210175,0.16726775467395782,-0.10968043655157089,0.29373985528945923,-0.1758255809545517,0.05451160669326782,-0.09167490154504776,0.027203654870390892,-0.010063874535262585,-0.15023908019065857,0.2447395771741867,-0.26177263259887695,-0.40824437141418457,-0.030967071652412415,0.23322121798992157,0.11191646754741669,-0.007795494981110096,0.0566132590174675,0.11983524262905121,-0.04659893363714218,0.08837540447711945,-0.6754805445671082,-0.45357561111450195,0.23228581249713898,0.1111617311835289,-0.07167067378759384,0.5979626178741455,-0.2466958463191986,-0.28719836473464966,0.19830287992954254,-0.11226723343133926,-0.19088046252727509,-0.025093749165534973,-0.156192809343338,0.21467165648937225,0.3802698254585266,-0.18320374190807343,-0.1473139524459839,-0.11728636920452118,-0.051504336297512054,-0.1751750409603119,0.4276987612247467,0.0023263096809387207,-0.8486288189888,-0.7988834977149963,0.8609999418258667,-0.27103543281555176,-0.19926154613494873,0.01399733405560255,-0.3016081750392914,0.007106340024620295,-0.12585075199604034,-0.10852273553609848,-0.4915112853050232,0.18200545012950897,-0.5665292739868164,-0.24488630890846252,-0.16443605720996857,-0.15985672175884247,0.592819333076477,-0.7112516164779663,-0.35524722933769226,-0.12346678972244263,-0.026621300727128983,0.03314872831106186,-0.4828376770019531,-0.012426495552062988,0.5031940937042236,0.09156908094882965,0.5471629500389099,0.013647139072418213,0.5430917143821716,-0.0173671692609787,-0.11347121000289917,0.16270065307617188,-0.168672576546669,-0.308576762676239,0.12921689450740814,-0.21845874190330505,-0.2308359146118164,-0.1312164068222046,-0.17721937596797943,0.4733548164367676,0.05664563179016113,-0.5470618605613708,0.036620739847421646,-0.005875703878700733,-0.04615115374326706,0.12371041625738144,0.0765702873468399,0.039329659193754196,0.06815904378890991,-0.08875441551208496,0.0428008995950222,-0.05798971652984619,-0.625823974609375,-0.40379685163497925,-0.30899709463119507,-0.08373047411441803,0.004327935166656971,-0.2590622305870056,0.04550015181303024,0.14504005014896393,0.07062816619873047,-0.17273850739002228,0.34532949328422546,0.12434890121221542,-0.1402447521686554,-0.00956015381962061,0.14675888419151306,-0.09871657192707062,0.40968379378318787,-0.04578493908047676,0.24193823337554932,-0.03487256169319153,-0.04374487325549126,0.15397317707538605,-0.023601461201906204,-0.7459874153137207,-0.0742531269788742,0.1301061362028122,0.16142520308494568,0.0128833819180727,-0.02374742552638054,-0.1338544338941574,-0.6534880995750427,0.11873030662536621,0.15451355278491974,0.013356788083910942,0.08752772957086563,-0.07763385772705078,0.40724873542785645,-0.5466945767402649,-0.09436852484941483,-0.16773778200149536,-0.13413693010807037,-0.5806828141212463,0.09941115975379944,0.21247048676013947,-0.14443808794021606,0.508092999458313,0.1514124572277069,0.19094222784042358,-0.029089052230119705,-0.030734766274690628,0.1500483602285385,-0.1314631700515747
CID000004900,65,-0.009886419400572777,0.08907162398099899,-0.3854185938835144,0.487163782119751,0.09278352558612823,-0.47942742705345154,0.29861319065093994,-0.22392261028289795,0.13747628033161163,-0.4078180193901062,0.13134539127349854,-0.03922212868928909,-0.12591484189033508,-0.04481583833694458,0.128729909658432,0.24389593303203583,0.18507644534111023,-0.32806211709976196,-0.28358322381973267,0.06752131879329681,-0.07272376120090485,0.23405012488365173,0.43542590737342834,-0.03581015765666962,-0.42280834913253784,-0.5734123587608337,-0.47548118233680725,-0.1864810287952423,0.18227306008338928,0.08236946910619736,0.2953762710094452,0.216342493891716,0.0652664303779602,-0.06839559972286224,-0.0884006917476654,0.20460668206214905,0.09646255522966385,-0.2840052843093872,-0.0007205397123470902,-0.02457309141755104,-0.34400415420532227,0.21948309242725372,-0.373177707195282,-0.31716182827949524,0.13680656254291534,-0.09605343639850616,0.35500550270080566,-0.19622328877449036,-0.7654763460159302,-0.063773974776268,-0.688991904258728,-0.0549585334956646,0.5795356035232544,-0.37578850984573364,-0.09826900064945221,-0.4890720844268799,-0.28562217950820923,0.822708249092102,0.05568241328001022,-0.11512090265750885,-0.05118759721517563,-0.12257137149572372,0.37853097915649414,0.5056852102279663,0.05700436979532242,0.5575248003005981,0.19701442122459412,-0.11249233782291412,0.10222090780735016,0.00901615060865879,-0.8206268548965454,0.2603609263896942,-0.5134671926498413,0.42115768790245056,-0.03276849165558815,0.37331146001815796,0.4938787519931793,0.3534447252750397,0.619674801826477,0.0937153548002243,-0.05266306549310684,-0.2711355984210968,0.0971127524971962,-0.18101856112480164,-0.07809267938137054,0.09890767186880112,0.04402874410152435,0.14285536110401154,-0.06737426668405533,0.1814139038324356,-0.18372158706188202,0.09029856324195862,-0.2643303871154785,0.06080318242311478,0.12626484036445618,0.0774221122264862,0.00029770733090117574,0.16509947180747986,0.027759071439504623,-0.441272109746933,-0.02520168200135231,0.16953571140766144,-0.18134400248527527,-0.20195706188678741,0.05959233641624451,-0.34722524881362915,0.4642099440097809,0.2666186988353729,-0.015395039692521095,-0.06709349155426025,0.12011808156967163,-0.13064000010490417,0.31696826219558716,-0.890623927116394,-0.02363607846200466,-0.1948363184928894,-0.05171836540102959,0.17514891922473907,0.04660705476999283,-0.16165979206562042,-0.12806034088134766,-0.24020835757255554,0.21715250611305237,0.2635875344276428,-0.13738425076007843,0.2754531502723694,-0.17824220657348633,-0.019985930994153023,-0.022982781752943993,0.11426521837711334,-0.4473140239715576,-0.3598324954509735,0.4170500338077545,0.11325588077306747,-0.17840251326560974,0.647011399269104,-0.15765801072120667,0.25876790285110474,0.1558254212141037,0.030968084931373596,0.05718303471803665,-0.0005091995117254555,0.11434712260961533,0.3191778063774109,0.1907387375831604,0.14701113104820251,-0.08914627134799957,0.03862863406538963,-0.1114269495010376,-0.06063033267855644,0.7946081161499023,-0.2227446734905243,-0.5441855192184448,-0.32016944885253906,0.21512313187122345,0.02573336660861969,-0.1159653291106224,-0.055243588984012604,-0.5821807980537415,-0.11071807146072388,0.10347525030374527,-0.29103678464889526,-0.6791015863418579,0.16492146253585815,-0.46152693033218384,-0.28981250524520874,-0.07999389618635178,0.0496673509478569,0.5364980101585388,-0.5152708888053894,-0.4326865077018738,0.16839861869812012,0.06989012658596039,0.09559550136327744,-0.21702277660369873,-0.2499820441007614,-0.0732278823852539,0.03168848901987076,0.5218901038169861,0.18770328164100647,0.3975285589694977,0.29997292160987854,-0.03798931837081909,-0.0704076737165451,-0.13850994408130646,-0.05789836496114731,-0.06197934225201607,-0.22022072970867157,-0.0169866643846035,-0.09953004121780396,0.12636156380176544,0.45957422256469727,-0.13591521978378296,-0.3516837954521179,-0.16804954409599304,-0.12239500135183334,-0.10328960418701172,0.06856544315814972,-0.009524795226752758,0.08918605744838715,0.15256710350513458,0.21140801906585693,0.09880296140909195,0.0959051102399826,-0.4080336093902588,-0.20417876541614532,-0.38747161626815796,0.07498075067996979,0.04781410098075867,-0.06686931848526001,0.05610262230038643,-0.08256931602954865,-0.18225020170211792,0.039260827004909515,0.758243203163147,0.017909234389662743,-0.06353680789470673,-0.10434116423130035,0.0034343437291681767,-0.006705430336296558,0.2684311270713806,0.057111211121082306,-0.04383186995983124,-0.14341875910758972,-0.010414453223347664,0.1774815171957016,-0.04807566851377487,-0.4107968807220459,0.01175982691347599,0.07868553698062897,0.18917538225650787,0.0033801787067204714,0.07648643106222153,-0.15264080464839935,-0.4470584988594055,0.08477959036827087,0.23371060192584991,0.08213771879673004,0.08431420475244522,0.31088462471961975,0.2930392920970917,-0.35507458448410034,0.09133205562829971,-0.32784929871559143,0.013844308443367481,-0.1509682834148407,0.047757286578416824,-0.3705064654350281,-0.14568956196308136,0.31941306591033936,0.12595686316490173,0.2336978167295456,0.11325778067111969,-0.3859717845916748,-0.2410660982131958,0.059518374502658844
CID000002803,66,0.04794051870703697,-0.4011002480983734,-0.7040837407112122,0.3437211811542511,0.4310528635978699,0.1888565719127655,-0.0808291807770729,-0.7341865301132202,-0.2931385040283203,-0.3375249207019806,0.0011245846981182694,0.08500619232654572,-0.17016860842704773,-0.09165967255830765,-0.0022388100624084473,0.0070900083519518375,0.5449252128601074,0.046495504677295685,-0.35535213351249695,0.13645286858081818,-0.18006718158721924,0.028579141944646835,0.49905142188072205,0.13898023962974548,-0.6215425133705139,-0.6118546724319458,-0.3912840485572815,0.1459985077381134,0.06866873800754547,0.10459069907665253,0.8220627903938293,-0.025755751878023148,-0.08713417500257492,0.3674982190132141,-0.3619751036167145,0.16170664131641388,1.3761268854141235,-0.24994197487831116,-0.011212398298084736,0.016025085002183914,-0.33176279067993164,0.7356817126274109,-0.19642874598503113,-0.003349968697875738,0.09408500045537949,0.1217002421617508,0.730623185634613,-0.06353197991847992,-0.4818781316280365,0.10603432357311249,-0.2723374664783478,0.2375953644514084,0.31493431329727173,-0.20661404728889465,0.33610233664512634,-0.24380214512348175,-0.34334832429885864,0.7063682079315186,-0.10971643775701523,-0.1654355674982071,-0.1746882200241089,-0.25519323348999023,-0.12669230997562408,0.8014138340950012,0.17975027859210968,0.2627357840538025,-0.08273301273584366,0.011148306541144848,0.0372096411883831,-0.04354914277791977,-0.6040442585945129,0.14677198231220245,-0.9456031918525696,0.3869561553001404,0.018548062071204185,0.2510065734386444,0.6612871885299683,0.11846226453781128,0.4838012158870697,0.0014629274373874068,0.06784749031066895,-0.29790911078453064,-0.0817449614405632,-0.14209714531898499,0.24167969822883606,0.22842085361480713,-0.4848794937133789,-0.13197533786296844,-0.14831586182117462,-0.0078277587890625,-0.34581759572029114,-0.12964144349098206,-0.11275522410869598,0.05897938087582588,0.003471326781436801,-0.0768110379576683,-0.08601181209087372,0.22666797041893005,-0.10196185111999512,-0.8054957389831543,-0.05521749332547188,0.057346194982528687,0.1490526795387268,-0.19370999932289124,0.3329099118709564,0.01968831941485405,0.966057300567627,-0.14494168758392334,0.26502901315689087,0.09226104617118835,0.11049066483974457,-0.05427610129117966,0.3633023202419281,-0.33862072229385376,0.15929099917411804,-0.29636773467063904,-0.3077560365200043,0.10664591938257217,-0.1934041678905487,0.3162227272987366,-0.3385869264602661,-0.1442163586616516,0.04839707538485527,-0.005468606948852539,-0.007075832691043615,-0.15519902110099792,0.27834856510162354,-0.12014102935791016,-0.1558108627796173,0.41550493240356445,-0.7650388479232788,-0.5532806515693665,0.35261479020118713,0.1978822648525238,0.07370056211948395,0.7329956293106079,0.01966165378689766,0.004480996634811163,0.12322690337896347,-0.021532434970140457,0.020666150376200676,-0.27185648679733276,-0.016895582899451256,-0.06414768844842911,0.09771309792995453,-0.0032285272609442472,-0.3697884678840637,0.17284826934337616,-0.06910349428653717,-0.1520456075668335,0.3585355579853058,-0.11991758644580841,-0.6008889079093933,-0.7275604009628296,0.7302752733230591,-0.16565187275409698,0.2113814353942871,0.10798566043376923,-0.3076417148113251,0.009147119708359241,-0.11608634889125824,0.1411876529455185,-1.110396385192871,0.05727021023631096,-0.38591116666793823,-0.20211055874824524,0.08860611915588379,-0.2813134789466858,0.49338048696517944,-0.3911478519439697,-0.2648887038230896,0.013129728846251965,0.13669638335704803,-0.09755784273147583,-0.5724135041236877,-0.10026073455810547,0.4062110483646393,0.005385412368923426,0.5905638933181763,-0.05332031100988388,0.4615205228328705,-0.13362814486026764,-0.23273909091949463,0.6843482851982117,0.08155567944049835,-0.43454766273498535,-0.34565269947052,-0.16616007685661316,-0.4568948745727539,-0.15347552299499512,-0.3253561854362488,1.0227187871932983,-0.08959753811359406,-0.5085679888725281,-0.0664544552564621,0.06338967382907867,0.08781217038631439,0.12096922099590302,0.5186179876327515,-0.026546072214841843,0.2809651792049408,0.33896252512931824,-0.2114383727312088,0.17912384867668152,-0.23501873016357422,-0.2115432322025299,-0.17378288507461548,0.1524607241153717,-0.04882702976465225,-0.09863578528165817,-0.33593496680259705,0.008119696751236916,-0.16337306797504425,-0.4125496447086334,0.5565648078918457,0.1591455042362213,-0.04514963924884796,-0.20402781665325165,0.023383712396025658,-0.05158861353993416,0.173674076795578,0.061032794415950775,0.17362597584724426,-0.12965190410614014,0.08435429632663727,0.22649931907653809,0.07988284528255463,-0.8193437457084656,-0.00869894027709961,0.08497975766658783,-0.2038590908050537,0.376986563205719,0.06430014967918396,-0.015742415562272072,-0.5624743700027466,0.1784375011920929,0.00449087331071496,-0.04218057543039322,-0.21473607420921326,0.08149240911006927,0.8516157269477844,-0.2790553569793701,0.22340860962867737,-0.19848719239234924,-0.21184630692005157,-0.30952349305152893,0.2990421652793884,0.28255921602249146,-0.21580974757671356,0.21642062067985535,0.328970730304718,0.038704805076122284,0.10916022211313248,-0.07268287986516953,0.3733062148094177,0.06524313986301422
CID000003365,67,0.07918975502252579,-0.2133297622203827,-0.5619825124740601,0.13699357211589813,0.3233892619609833,-0.1546827107667923,-0.12412504851818085,-0.5751575231552124,-0.17517997324466705,-0.12619569897651672,0.37558427453041077,0.1294509917497635,-0.10194727033376694,0.1402018517255783,0.08538423478603363,0.09883284568786621,0.3660987615585327,0.03907560184597969,-0.17203383147716522,0.1623561829328537,-0.20292825996875763,-0.03645829111337662,0.3915557563304901,0.0585307851433754,-0.49941134452819824,-0.6291776299476624,-0.4076944887638092,0.0161270909011364,0.05465810373425484,-0.09814909845590591,0.44284287095069885,-0.032154329121112823,-0.20280680060386658,0.230718731880188,-0.2622286379337311,0.1862349510192871,0.6562349796295166,-0.17986468970775604,0.027264971286058426,-0.0033137083519250154,-0.08930555731058121,0.3434491753578186,-0.18658451735973358,-0.1464962214231491,-0.045956242829561234,-0.0023658990394324064,0.6133043766021729,-0.22078260779380798,-0.6478036642074585,-0.025360748171806335,-0.7950461506843567,0.3795858323574066,0.3560360074043274,-0.0964852124452591,0.25631946325302124,-0.3037899434566498,-0.3440731167793274,0.7192028760910034,-0.06813863664865494,-0.019673645496368408,0.05795103311538696,-0.21142128109931946,0.14996016025543213,0.6924127340316772,0.13601329922676086,0.29331302642822266,-0.2104785144329071,0.03208042308688164,0.08933477848768234,-0.04197791963815689,-0.4936133027076721,0.07864885777235031,-0.5564355850219727,0.6343877911567688,-0.01652831770479679,0.33245849609375,0.3857734799385071,0.37978798151016235,0.5475560426712036,-0.059503186494112015,-0.007769214920699596,-0.202112078666687,0.07560733705759048,0.012743149884045124,0.21857687830924988,0.2722683548927307,-0.17457814514636993,-0.05404909700155258,0.01746908389031887,0.11533121019601822,-0.20046302676200867,-0.08066669851541519,-0.19396273791790009,0.09993591904640198,0.01431535929441452,-0.06380922347307205,-0.10778550803661346,0.16055285930633545,0.010708928108215332,-0.6461483240127563,-0.011529999785125256,-0.11578510701656342,0.13816551864147186,-0.15121133625507355,0.16429205238819122,-0.18884967267513275,0.7451053261756897,0.04944504424929619,0.2004357874393463,-0.04062502086162567,0.001140421605668962,0.002564299153164029,0.2191181629896164,-0.39606818556785583,0.18827004730701447,-0.34564894437789917,-0.3395707607269287,0.021133651956915855,-0.17891044914722443,0.010816842317581177,-0.2906917333602905,-0.316932737827301,0.15675875544548035,0.09558402001857758,-0.09393258392810822,0.0296370480209589,0.20544329285621643,-0.057960640639066696,-0.09815043210983276,0.12622055411338806,-0.5483313798904419,-0.20470371842384338,0.31921204924583435,0.2822889983654022,0.09485699236392975,0.5757573843002319,0.10409519821405411,0.00862924475222826,0.24568381905555725,-0.13479554653167725,-0.16402879357337952,-0.16882777214050293,0.208461195230484,0.11386735737323761,0.16577927768230438,-0.044558942317962646,-0.15579791367053986,0.12653636932373047,0.01957632228732109,0.01665276661515236,0.41840237379074097,-0.13916261494159698,-0.2887386083602905,-0.5644829869270325,0.44172725081443787,-0.3115156590938568,0.15146946907043457,0.04766508936882019,-0.40916743874549866,-0.06512732058763504,-0.0548810251057148,-0.07610832154750824,-0.6901748776435852,0.02618747018277645,-0.35200071334838867,-0.008062687702476978,0.0012890637153759599,-0.04094328358769417,0.5274707078933716,-0.3974842131137848,-0.29807230830192566,-0.18917235732078552,-0.07985858619213104,-0.09348027408123016,-0.5367864966392517,-0.2595950663089752,0.3308083117008209,0.12926116585731506,0.40237632393836975,-0.15845614671707153,0.44787120819091797,-0.15988247096538544,-0.202195405960083,0.4081657826900482,-0.04686398431658745,-0.30450350046157837,-0.061566710472106934,-0.17628520727157593,-0.1830999255180359,0.02837737463414669,-0.3704860806465149,0.8381697535514832,0.04607584327459335,-0.39127713441848755,-0.05282990261912346,-0.03789965808391571,-0.0671168714761734,0.09814305603504181,0.5219202637672424,-0.022942205891013145,0.42341795563697815,0.5742383003234863,-0.21465334296226501,0.09998771548271179,-0.3949459493160248,-0.276078462600708,-0.25112685561180115,-0.06361180543899536,-0.10608097165822983,-0.08049740642309189,0.08929844200611115,0.0017527223099023104,-0.0169723741710186,-0.14898715913295746,0.7183340787887573,-0.05734209343791008,0.07422403991222382,-0.21773891150951385,0.057645827531814575,0.05912059545516968,0.18131592869758606,0.1411396712064743,0.19145682454109192,0.005900544114410877,-0.05040465667843819,0.041936229914426804,0.010932564735412598,-0.5933476686477661,-0.2800986170768738,0.08423464745283127,-0.03731587529182434,0.30094629526138306,0.09387156367301941,-0.18470868468284607,-0.5278699398040771,0.1597370058298111,0.06941436976194382,-0.10468240082263947,-0.02348976954817772,-0.07360514253377914,0.6185015439987183,-0.2932804822921753,0.06048445776104927,-0.2660970985889435,-0.05406569689512253,-0.16279876232147217,0.12560835480690002,-0.10895554721355438,-0.11538521200418472,0.2546805739402771,0.18739041686058044,-0.03133203089237213,0.21643634140491486,-0.13220703601837158,0.15950371325016022,0.05967216566205025
CID000000942,68,0.11062274873256683,-0.35016289353370667,-0.62237149477005,0.0431152880191803,0.45454221963882446,0.07640626281499863,-0.18282535672187805,-0.5551792979240417,-0.25737905502319336,-0.11148633807897568,0.1336902230978012,0.04656730964779854,-0.09795624762773514,0.021453892812132835,-0.14308378100395203,0.2283351719379425,0.2261240929365158,0.15399335324764252,-0.31831613183021545,0.1480918824672699,-0.25034016370773315,0.0514417365193367,0.5661367774009705,0.0844629779458046,-0.3605685234069824,-0.7635220289230347,-0.7010577917098999,0.011642837896943092,0.21576480567455292,0.2587589621543884,1.1085227727890015,-0.02404809556901455,-0.12924465537071228,0.6861429214477539,-0.45616477727890015,-0.012302905321121216,1.0195060968399048,-0.0738871693611145,0.007187051232904196,0.09423606097698212,-0.2979905605316162,0.37074556946754456,-0.2762267589569092,0.10016529262065887,0.05166733264923096,-0.010194125585258007,0.7318035364151001,-0.16929619014263153,-0.439714252948761,0.05901495739817619,-0.3405558466911316,0.12951624393463135,0.4509194493293762,-0.2543843388557434,0.2261984795331955,-0.4472411274909973,-0.27188101410865784,0.6989283561706543,0.0666489452123642,-0.11722155660390854,-0.15840879082679749,-0.15103796124458313,-0.18333543837070465,0.8847435116767883,0.15358522534370422,0.4110477566719055,-0.10430024564266205,-0.07654605805873871,-0.07888997346162796,-0.0019392311805859208,-0.723173201084137,0.1863500326871872,-1.0347459316253662,0.335235059261322,0.20449969172477722,0.0973694920539856,0.3811286985874176,0.06976446509361267,0.4617399275302887,0.12613090872764587,0.03176915645599365,-0.22416584193706512,0.0274355411529541,-0.13733136653900146,0.26364484429359436,0.33172357082366943,-0.436041921377182,-0.20766405761241913,-0.17676179111003876,0.08624299615621567,-0.1892985999584198,0.06548650562763214,-0.1615077257156372,-0.0008269053068943322,0.022348452359437943,-0.18022382259368896,-0.09965679794549942,0.212409108877182,-0.012774890288710594,-0.6683489084243774,-0.03434698283672333,-0.03628519922494888,0.055788617581129074,-0.15754064917564392,0.3527948260307312,-0.009336909279227257,1.0547088384628296,0.0747464969754219,0.1250290721654892,-0.08989383280277252,0.0747608095407486,0.023319348692893982,0.4302690625190735,-0.2974322438240051,0.2638593018054962,-0.15084770321846008,-0.4191347062587738,0.3059368431568146,-0.16884393990039825,0.1941542774438858,-0.27756819128990173,-0.277858167886734,0.041996706277132034,-0.05985519289970398,-0.09625644981861115,-0.07608290761709213,0.30491289496421814,-0.0990925282239914,-0.177558034658432,0.2642691135406494,-0.8698301315307617,-0.2828623652458191,0.4037856459617615,0.3739248216152191,0.22077646851539612,1.0723706483840942,0.19406482577323914,-0.16659720242023468,0.30806979537010193,-0.025470441207289696,-0.0786122977733612,-0.24565298855304718,-0.060939740389585495,0.1896582543849945,0.10932528972625732,-0.03706775978207588,-0.38059425354003906,-0.011605310253798962,0.04318194091320038,-0.046232920140028,0.43265223503112793,0.03554441034793854,-0.8062558174133301,-0.6413484811782837,0.539561927318573,-0.28329145908355713,0.06956043094396591,0.14315417408943176,-0.2482336014509201,-0.03793294355273247,-0.0964839980006218,0.3083247244358063,-0.9872425198554993,-0.21487069129943848,-0.39395326375961304,0.03505225107073784,-0.025252774357795715,-0.2647760510444641,0.6520970463752747,-0.5996993184089661,-0.3523450195789337,-0.14676997065544128,0.02841545082628727,-0.023258516564965248,-0.7500125169754028,-0.15224120020866394,0.4681241512298584,-0.005521013401448727,0.7135145664215088,0.14135205745697021,0.49784937500953674,-0.15148288011550903,-0.2207910120487213,0.5269859433174133,-0.02365294098854065,-0.5160512924194336,-0.006926774978637695,-0.07408857345581055,-0.3667391240596771,0.09832139313220978,-0.4208945631980896,0.9672210812568665,-0.11331464350223541,-0.38514280319213867,0.0532696358859539,0.01844407059252262,0.07768324762582779,0.10724083334207535,0.5156367421150208,-0.07985805720090866,0.2509763240814209,0.17399100959300995,-0.006758424453437328,0.3057647943496704,-0.4584757387638092,-0.4003526270389557,-0.1059831827878952,0.22517931461334229,-0.13756078481674194,-0.22743980586528778,-0.2835014760494232,-0.03187679126858711,-0.07603012770414352,-0.3194974362850189,0.7653158903121948,0.32016849517822266,-0.06389841437339783,-0.302475243806839,-0.13239891827106476,-0.03314143419265747,0.038798969238996506,-0.03559768199920654,0.12050311267375946,-0.0829101949930191,0.04025651514530182,0.08444921672344208,-0.050912998616695404,-0.9938285946846008,-0.1424066722393036,0.014738470315933228,-0.15868838131427765,0.3399673402309418,0.0574088990688324,-0.09498400241136551,-0.5319721102714539,0.1983453631401062,0.050378940999507904,-0.04530786722898483,-0.23217220604419708,-0.010155792348086834,0.6295006275177002,-0.4063282907009125,0.03940708562731743,-0.16477414965629578,-0.14851130545139313,-0.09914058446884155,0.28193339705467224,0.2621365487575531,-0.07883996516466141,0.22679075598716736,0.3332425653934479,-0.021964870393276215,0.18318358063697815,-0.1849202662706375,0.44245344400405884,0.07244359701871872
CID000062924,69,-0.0373622290790081,0.13860653340816498,-0.4369423985481262,0.19584541022777557,-0.06520646810531616,-0.4892232418060303,0.2222617119550705,-0.46776527166366577,0.1795186996459961,-0.610378623008728,0.39499586820602417,0.23633816838264465,0.2803850471973419,-0.10248623788356781,0.10050725936889648,0.22697970271110535,-0.022248994559049606,-0.18999890983104706,-0.3772152066230774,-0.53621906042099,0.11407339572906494,-0.08623445779085159,0.6031727194786072,-0.2679033875465393,-0.6436755657196045,-1.122961163520813,-1.0708353519439697,-0.09039178490638733,0.09329158067703247,-0.39069613814353943,1.0698200464248657,0.07871322333812714,-0.05303344875574112,0.20145156979560852,-0.440288245677948,0.12694630026817322,0.09192658215761185,-0.27054134011268616,0.13227282464504242,-0.051155366003513336,-0.8477678298950195,0.09157896786928177,-0.5982098579406738,-0.2974552512168884,0.12728260457515717,-0.04900556057691574,0.38882049918174744,0.1426619589328766,-1.0185496807098389,-0.017798390239477158,-0.7543985843658447,-0.23240423202514648,0.5497519373893738,-0.3340316414833069,0.027859631925821304,-0.8685581088066101,0.16615049540996552,1.206359624862671,0.24736158549785614,0.35870879888534546,-0.25872117280960083,-0.24061357975006104,0.2534710466861725,0.8918994665145874,0.3589654862880707,0.6742700338363647,0.17835938930511475,0.09868607670068741,0.24180035293102264,0.023571830242872238,-0.9646226763725281,0.16537676751613617,-0.46897491812705994,0.32926103472709656,-0.11307813227176666,0.3750048279762268,0.4063168466091156,0.6942775249481201,0.7145453691482544,0.07111455500125885,-0.28328174352645874,-0.35878482460975647,0.01516678649932146,0.11859872192144394,0.05878092721104622,-0.05257309228181839,0.10882417112588882,-0.21631470322608948,-0.2667047381401062,0.10849185287952423,0.04415569826960564,0.026533687487244606,-0.37078750133514404,0.07038961350917816,0.005829955451190472,-0.09141852706670761,0.23028060793876648,0.4072588384151459,0.15783165395259857,-0.3599482774734497,0.006175009999424219,0.2396005392074585,-0.37077581882476807,-0.28239792585372925,-0.1999354511499405,-0.7194775342941284,0.9192919731140137,-0.13067343831062317,-0.13000352680683136,0.13377244770526886,0.11899852752685547,0.24680928885936737,0.5178208351135254,-0.7684057950973511,-0.349833220243454,-0.01410832442343235,-0.2919859290122986,0.5093477964401245,0.015259673818945885,0.4526190161705017,-0.2859550416469574,-0.19851942360401154,0.23616890609264374,-0.02344687469303608,0.18178610503673553,0.29704684019088745,-0.049917228519916534,-0.1222887635231018,-0.009272785857319832,-0.018243566155433655,-1.047551155090332,-0.23998364806175232,0.19439712166786194,-0.012342223897576332,-0.11548344790935516,0.6404837369918823,-0.12991100549697876,0.21614673733711243,0.41373172402381897,-0.20253098011016846,0.007732516620308161,-0.16902807354927063,0.34575656056404114,0.24374794960021973,0.22984638810157776,0.09364907443523407,-0.04965711012482643,0.5411459803581238,-0.19438007473945618,-0.09820996224880219,0.7522789239883423,-0.46940746903419495,-0.42000824213027954,-0.4671849310398102,-0.030263107270002365,0.15335425734519958,-0.12209047377109528,0.520399808883667,-0.47799697518348694,-0.11765438318252563,0.14519746601581573,-0.05616074055433273,-0.8518713116645813,0.1299872249364853,-0.5232269167900085,-0.26207441091537476,-0.26640528440475464,0.10974613577127457,0.44409051537513733,-0.4628148078918457,-0.29798784852027893,-0.23416414856910706,-0.01999760791659355,0.13850021362304688,-0.4169932007789612,0.1440736949443817,-0.05327547341585159,0.20000140368938446,0.6143840551376343,0.5066416263580322,0.4423444867134094,0.02726885676383972,-0.04221213608980179,-0.26481932401657104,0.19272997975349426,-0.11736468970775604,0.16448907554149628,0.0008332490688189864,-0.32990485429763794,-0.3022826015949249,-0.2933894693851471,0.6210946440696716,-0.45181235671043396,-0.35546639561653137,-0.15571342408657074,0.0729716494679451,-0.005546129308640957,-0.03535952419042587,0.05850793048739433,-0.0942140743136406,0.5146129727363586,0.14481478929519653,0.15884968638420105,0.10307828336954117,-0.4668446183204651,0.17078320682048798,-0.4113045632839203,-0.06885537505149841,0.06030695512890816,0.009113368578255177,0.045634083449840546,-0.016735471785068512,-0.03737398236989975,0.20443637669086456,1.0956298112869263,0.25892481207847595,-0.2777835726737976,-0.029998332262039185,0.0069379983469843864,-0.025658931583166122,0.2126765251159668,-0.11576823145151138,-0.004535435698926449,0.023715803399682045,0.1944444179534912,0.42992907762527466,0.06215652823448181,-1.251817226409912,-0.10975603759288788,0.2534666657447815,0.3692379593849182,0.15568067133426666,0.02169845439493656,-0.4128856062889099,-0.5732423067092896,0.08993097394704819,0.12521281838417053,-0.0911610797047615,0.23943689465522766,-0.09837516397237778,0.2932702898979187,-0.3999427855014801,0.3638545870780945,-0.08920250833034515,0.09672778844833374,-0.06656311452388763,0.04246290773153305,0.02686498500406742,-0.2743118405342102,0.3401827812194824,0.1520431935787201,0.08992189913988113,-0.2237055003643036,-0.47478818893432617,0.1562061756849289,0.04894592612981796
CID000001065,70,0.0920834094285965,-0.1972799152135849,-0.7385463714599609,0.10185326635837555,0.5013895630836487,-0.12646666169166565,0.0860813707113266,-0.6392507553100586,0.057493411004543304,0.16512387990951538,0.4453120827674866,-0.10087708383798599,-0.06406961381435394,-0.09410985559225082,-0.12098465859889984,0.42507362365722656,0.7687665820121765,-0.2010674923658371,-0.5765840411186218,0.058427970856428146,-0.49803486466407776,-0.05912826210260391,0.6399317979812622,-0.26058366894721985,-0.6632580161094666,-0.6317803263664246,-0.14388731122016907,-0.40313100814819336,0.20384152233600616,0.21604862809181213,0.8832312822341919,-0.15344610810279846,-0.005955696105957031,0.3043362498283386,-0.7231590747833252,0.07115130126476288,0.5731836557388306,-0.0007594794151373208,0.25810015201568604,-0.03771091625094414,-0.7261713147163391,0.9174987077713013,-0.3331989645957947,0.008387178182601929,0.10652929544448853,0.010010367259383202,0.6128895878791809,-0.07983618974685669,-0.7791951298713684,0.11164318025112152,-0.5374580025672913,0.44845905900001526,0.3538224399089813,-0.09116022288799286,0.4158269464969635,-0.6824883818626404,-0.013185200281441212,0.6786543130874634,-0.1301550567150116,0.12777157127857208,0.011389602907001972,-0.3701748549938202,0.0910358801484108,1.0075346231460571,0.3813698887825012,0.36041930317878723,-0.27304330468177795,-0.06812556833028793,-0.03575365990400314,0.3328601121902466,-0.9561357498168945,-0.0003731999604497105,-0.783119797706604,0.297442764043808,0.027029115706682205,0.21268317103385925,0.7019322514533997,0.3983493447303772,0.5468763113021851,0.04817184805870056,-0.055803753435611725,-0.3712071478366852,0.11389718949794769,-0.07368737459182739,0.17538955807685852,0.25383520126342773,-0.5538803935050964,-0.39111801981925964,-0.6246943473815918,0.05088755488395691,-0.2455175668001175,0.25175896286964417,-0.11436723172664642,0.1261856108903885,-0.03135097026824951,-0.5214794874191284,-0.26777857542037964,0.46614256501197815,0.023027654737234116,-0.827073872089386,-0.2750369906425476,-0.044682733714580536,0.1438416689634323,-0.30509427189826965,0.09108264744281769,-0.42025628685951233,0.3932274281978607,0.04814162477850914,0.18677441775798798,-0.16948893666267395,0.19736428558826447,0.2271863967180252,0.9369136095046997,-0.3089537024497986,0.2841648459434509,-0.18912962079048157,-0.1247568354010582,0.07068205624818802,-0.2787151038646698,0.18813088536262512,-0.35471683740615845,-0.2831348776817322,-0.029878277331590652,0.038374364376068115,0.33107513189315796,-0.009588345885276794,0.3314889669418335,-0.08688489347696304,-0.07485289871692657,0.21921510994434357,-0.8131210207939148,-0.05210372060537338,0.515225887298584,0.3604547381401062,0.09038814902305603,0.6337703466415405,0.1282341182231903,-0.48192906379699707,0.348898708820343,-0.10969249159097672,-0.05737569183111191,-0.3134552836418152,-0.0861448422074318,0.5896098613739014,0.057112015783786774,0.09420830756425858,-0.7629485130310059,0.1988925188779831,0.28240615129470825,0.03972766548395157,0.48410749435424805,-0.3228374421596527,-0.6264249086380005,-1.3893529176712036,1.1480649709701538,-0.40278226137161255,0.010548661462962627,-0.14769220352172852,-0.5142796635627747,-0.23536324501037598,0.11016158014535904,-0.430248498916626,-0.725244402885437,0.11685599386692047,-0.5285441279411316,-0.010800257325172424,-0.20302383601665497,-0.05391253903508186,0.3137513995170593,-0.36172550916671753,-0.13251367211341858,-0.22242112457752228,-0.022045958787202835,0.017923805862665176,-0.8190903663635254,-0.07033316045999527,0.4212597906589508,0.0016642988193780184,0.5165985822677612,-0.06768350303173065,0.44413870573043823,-0.01143257599323988,-0.50455242395401,0.22648432850837708,0.04836554452776909,-0.5650142431259155,-0.0025524795055389404,-0.2579987645149231,-0.030219247564673424,-0.15486669540405273,-0.5055751800537109,1.0383994579315186,-0.14126791059970856,-0.36802881956100464,0.016025470569729805,-0.2729901671409607,-0.2642022967338562,-0.23128683865070343,0.18054887652397156,0.2154984027147293,0.33624446392059326,-0.0360151082277298,0.01897045597434044,0.401568740606308,-0.36522239446640015,0.07298758625984192,-0.28632375597953796,0.08476517349481583,0.1327437162399292,-0.040106404572725296,-0.04400806874036789,-0.12819452583789825,0.16076773405075073,-0.08460769802331924,0.7593469023704529,0.38702458143234253,-0.4528377652168274,-0.2541862726211548,0.1406044065952301,0.04632693901658058,0.17756220698356628,0.08395722508430481,0.07771662622690201,0.13909441232681274,-0.3145672678947449,0.02378958836197853,0.002454435918480158,-0.9474722743034363,-0.3670561909675598,0.04554436355829239,0.10462458431720734,0.2603985667228699,0.17000335454940796,-0.3241690397262573,-1.0520787239074707,0.4033011496067047,0.006597335450351238,-0.13069859147071838,-0.10677695274353027,-0.5204395651817322,0.3328862190246582,-0.3266509175300598,-0.05247349664568901,-0.26712673902511597,-0.34511667490005493,-0.29660990834236145,0.02254938706755638,0.04541415721178055,-0.32234907150268555,0.34244200587272644,-0.2342720478773117,0.06450843811035156,-0.3544646203517914,-0.18893176317214966,0.37394919991493225,-0.05160322040319443
CID000005512,71,0.14278054237365723,-0.11468169838190079,-0.691628634929657,0.1605263352394104,0.4255011975765228,-0.00898239016532898,-0.16656695306301117,-0.7365230321884155,-0.11063816398382187,-0.2453584223985672,0.28364333510398865,0.1027238592505455,-0.10397014766931534,0.05399329215288162,-0.013418053276836872,0.05658147856593132,0.2908549904823303,0.10424651950597763,-0.35460981726646423,0.12762446701526642,-0.15969249606132507,-0.11285195499658585,0.3567100167274475,0.07203679531812668,-0.29827579855918884,-0.5994868278503418,-0.3141978085041046,-0.1402503252029419,0.3515356481075287,-0.1239098533987999,0.9043456315994263,0.09044864773750305,-0.1241544708609581,0.6193832159042358,-0.29553741216659546,0.07649102061986923,0.6577187776565552,-0.1739344745874405,-0.0038659037090837955,0.060123879462480545,-0.44593295454978943,0.2073831856250763,-0.19151736795902252,0.08194086700677872,0.025199392810463905,0.06516315042972565,0.5956810712814331,-0.029518257826566696,-0.4394027590751648,0.10191778838634491,-0.8973363041877747,0.13207484781742096,0.44750937819480896,-0.2778867185115814,0.24117398262023926,-0.28460055589675903,-0.13180463016033173,0.7440706491470337,0.26323556900024414,-0.12737706303596497,0.1640264391899109,-0.14139510691165924,0.008105960674583912,0.8810660243034363,-0.017329856753349304,0.4675911068916321,-0.14962852001190186,-0.04718763381242752,0.0709601491689682,0.02049761638045311,-0.7816848754882812,0.11066649854183197,-0.8006599545478821,0.37460148334503174,0.09838481992483139,0.4409467577934265,0.2741597592830658,0.1697508841753006,0.9430935978889465,0.1386142075061798,0.05180913209915161,-0.24165964126586914,0.10516142845153809,-0.19820348918437958,0.19639118015766144,0.297624409198761,-0.5765031576156616,0.208963543176651,-0.0047172075137495995,0.11617249250411987,-0.16762229800224304,0.10442032665014267,-0.3967292904853821,0.011201508343219757,0.013331040740013123,-0.14240239560604095,-0.15639068186283112,0.13815997540950775,-0.015877753496170044,-0.7076611518859863,0.019731154665350914,-0.1405317336320877,-0.07943932712078094,-0.1865536868572235,0.3168623745441437,-0.1903086006641388,0.8330230712890625,0.041690558195114136,0.16586649417877197,-0.016325298696756363,-0.08870738744735718,-0.057206351310014725,0.5596762895584106,-0.5210810899734497,0.20780988037586212,-0.2505097985267639,-0.4335406720638275,0.19392862915992737,-0.046547096222639084,0.3166988492012024,-0.3767063617706299,-0.3241811990737915,0.06048394367098808,0.041926413774490356,-0.0845421850681305,-0.04670602083206177,0.27262282371520996,-0.04263032227754593,-0.22250840067863464,0.03882329910993576,-0.5115522146224976,-0.3276762068271637,0.3282591700553894,0.27851805090904236,0.09706385433673859,0.8674163818359375,0.2772250473499298,-0.04598235338926315,0.3449932634830475,-0.028585296124219894,0.03563141077756882,-0.3043215572834015,0.048517145216464996,0.004232489969581366,-0.08071957528591156,0.0017161645228043199,-0.2813357710838318,0.05089492350816727,0.04379843547940254,-0.051130879670381546,0.6044136881828308,-0.08889986574649811,-0.6894963979721069,-0.77522212266922,0.7121365666389465,-0.37384429574012756,0.06753669679164886,0.17145130038261414,-0.357244610786438,-0.10260967165231705,-0.07629448920488358,0.30792349576950073,-0.9029487371444702,-0.09943367540836334,-0.39556923508644104,-0.027967268601059914,-0.03162584453821182,-0.07468058913946152,0.3048170506954193,-0.48436036705970764,-0.3862721920013428,-0.13317546248435974,0.048057761043310165,-0.1522672474384308,-0.6639508008956909,-0.15900680422782898,0.553276538848877,0.08817808330059052,0.4468498229980469,0.10175247490406036,0.32699066400527954,-0.03808320313692093,-0.31942543387413025,0.5169306397438049,0.0568988211452961,-0.4764261245727539,-0.055907122790813446,-0.24955329298973083,-0.15837709605693817,-0.19655191898345947,-0.48684993386268616,0.8273995518684387,0.14714136719703674,-0.3145468831062317,0.12187181413173676,-0.2171524316072464,-0.13391226530075073,0.132647305727005,0.3266669809818268,-0.004423671867698431,0.38823726773262024,0.10551632940769196,0.03108219802379608,0.10501893609762192,-0.36955323815345764,-0.212739035487175,-0.28826823830604553,0.0804295539855957,-0.19809524714946747,-0.061676423996686935,-0.14844577014446259,-0.012910248711705208,-0.10728303343057632,-0.28302431106567383,0.4531434178352356,-0.15945443511009216,0.07059840112924576,-0.38258376717567444,-0.04487530142068863,-0.12276909500360489,0.015890371054410934,-0.021261200308799744,0.20545315742492676,0.03491463512182236,-0.03592954948544502,-0.0010617219377309084,0.031181827187538147,-1.013897180557251,-0.08960199356079102,-0.06532975286245346,0.06880106031894684,0.36790263652801514,0.13074029982089996,-0.2525479197502136,-0.6557860374450684,0.05689692497253418,0.18458634614944458,-0.03718108683824539,0.13931851089000702,-0.15593700110912323,0.677960216999054,-0.24864859879016876,-0.028328750282526016,-0.3797329068183899,-0.1256144791841507,-0.1499306708574295,0.12595903873443604,0.10092072188854218,-0.16062352061271667,0.3568107783794403,0.26547443866729736,0.002325740410014987,0.24855411052703857,-0.1808154582977295,0.32760947942733765,0.023070812225341797
CID000041781,74,0.08484610915184021,-0.1913016140460968,-0.5078917145729065,0.04196818917989731,0.3248414397239685,-0.102643683552742,-0.06466370820999146,-0.5695996284484863,-0.16178615391254425,0.04771945998072624,0.4136269986629486,0.15326371788978577,-0.01706855371594429,0.049685098230838776,-0.0037164450623095036,0.29761403799057007,0.471144437789917,0.10939007997512817,-0.2078147679567337,0.22380535304546356,-0.21102073788642883,0.010906201787292957,0.4373675286769867,-0.06121714040637016,-0.3364112377166748,-0.7290607690811157,-0.6573816537857056,0.007756984326988459,0.029260868206620216,-0.019490092992782593,0.5332294702529907,0.0698794275522232,-0.16942818462848663,0.30531492829322815,-0.26681169867515564,0.1413533240556717,0.7803874015808105,-0.14246125519275665,-0.024074871093034744,0.07946765422821045,-0.13338926434516907,0.5191332101821899,-0.38776788115501404,0.0032054842449724674,-0.06482132524251938,0.06825476884841919,0.6583250164985657,-0.14518865942955017,-0.512885332107544,-0.00990169309079647,-0.34332266449928284,0.30734434723854065,0.3015294373035431,-0.21046952903270721,0.2322322428226471,-0.3809456527233124,-0.2773604393005371,0.5963951349258423,0.006368407513946295,-0.09364495426416397,0.07324866205453873,-0.35074931383132935,0.020677600055933,0.7819541692733765,0.12071938812732697,0.14272068440914154,-0.23920221626758575,-0.01695498824119568,-0.048161763697862625,0.13111956417560577,-0.5519527196884155,0.18505817651748657,-0.5654301643371582,0.5559171438217163,0.06673254072666168,0.2724130153656006,0.5397950410842896,0.4105142652988434,0.4785131514072418,0.028242360800504684,-0.09280373901128769,-0.2624938488006592,0.035288579761981964,-0.08043928444385529,0.28313127160072327,0.35170692205429077,-0.08272311091423035,-0.08620046079158783,-0.09929897636175156,0.11809947341680527,-0.23157396912574768,-0.05328495427966118,-0.04472022503614426,0.09860129654407501,0.09156905114650726,-0.14100518822669983,-0.23761072754859924,0.2748190462589264,-0.016066845506429672,-0.6113856434822083,-0.10287263244390488,-0.16054703295230865,0.10929165780544281,-0.05921288579702377,0.1810813844203949,-0.1393824815750122,0.8721803426742554,-0.08409669250249863,0.24220260977745056,-0.14114804565906525,-0.11507852375507355,0.062453560531139374,0.33805134892463684,-0.06644545495510101,0.2587995231151581,-0.34030064940452576,-0.48583731055259705,0.021205898374319077,-0.08174844831228256,0.02447984740138054,-0.23580095171928406,-0.3279340863227844,0.0910126343369484,0.1566433310508728,-0.11449547857046127,0.09139863401651382,0.2983938157558441,0.013560259714722633,-0.23414094746112823,0.21042633056640625,-0.6944794058799744,-0.24827060103416443,0.3435590863227844,0.17577537894248962,0.11700098216533661,0.7336150407791138,0.1426907777786255,-0.2123355120420456,0.3129580020904541,-0.24385710060596466,-0.14422385394573212,-0.1849214881658554,0.034266095608472824,0.2209928035736084,0.16683527827262878,-0.02418382838368416,-0.3182733952999115,-0.05230913683772087,0.04728061705827713,0.03579895943403244,0.1926247924566269,-0.0995921716094017,-0.5762983560562134,-0.7378696799278259,0.3699909746646881,-0.2813081443309784,0.2887328863143921,0.027494143694639206,-0.5591789484024048,-0.11474791914224625,-0.016605501994490623,-0.08069130033254623,-0.8097454309463501,0.001407969044521451,-0.40069952607154846,0.08656778931617737,0.015782829374074936,-0.1273840367794037,0.6282638311386108,-0.49295035004615784,-0.15885482728481293,-0.16975460946559906,-0.10173995792865753,-0.13589000701904297,-0.7592740058898926,-0.2308592051267624,0.3857569098472595,0.08864784985780716,0.4870283007621765,-0.1423971951007843,0.631285548210144,-0.13283829391002655,-0.19491586089134216,0.3867536187171936,-0.016848932951688766,-0.47458165884017944,-0.00829140841960907,-0.18703779578208923,-0.12298659235239029,-0.07250291109085083,-0.4223577380180359,0.9604118466377258,-0.017075583338737488,-0.4577987790107727,0.10553379356861115,-0.08734650909900665,-0.11788608878850937,0.10087750107049942,0.4527205526828766,-0.05715076997876167,0.3865703344345093,0.37854743003845215,-0.16396716237068176,0.12516149878501892,-0.3735082149505615,-0.3368661403656006,-0.06907032430171967,0.09553852677345276,-0.07139166444540024,-0.10753092914819717,0.12758314609527588,0.02297792211174965,0.07066492736339569,-0.15569880604743958,0.8804876208305359,-0.01932581514120102,-0.030089933425188065,-0.31306174397468567,0.052031539380550385,0.16372987627983093,0.2680872976779938,0.05220649391412735,0.143459752202034,-0.02679206058382988,-0.018446486443281174,0.060747407376766205,0.03632412850856781,-0.7558575868606567,-0.27481159567832947,0.03140227869153023,-0.14983120560646057,0.20338129997253418,0.10088364034891129,-0.20631089806556702,-0.5145828127861023,0.2417687475681305,0.04953695088624954,-0.22984366118907928,-0.047782719135284424,-0.11578574031591415,0.5957145690917969,-0.31529170274734497,0.008655333891510963,-0.2714511454105377,0.0862552672624588,-0.18494978547096252,0.07840398699045181,0.0413535013794899,-0.07706993818283081,0.2485659420490265,0.06097722798585892,0.11546868085861206,0.20643648505210876,-0.23758959770202637,0.24155323207378387,0.03952633589506149
CID000005039,75,0.1350065916776657,-0.27765077352523804,-0.6801189184188843,0.14181677997112274,0.5642131567001343,0.07559238374233246,-0.14628849923610687,-0.9160868525505066,-0.32774004340171814,-0.05135423690080643,0.18140466511249542,0.013256698846817017,0.028852220624685287,-0.12581251561641693,-0.005488974042236805,0.030201012268662453,0.388878732919693,0.040390294045209885,-0.24397554993629456,0.25834882259368896,-0.20633342862129211,0.13614632189273834,0.3711296319961548,0.143512561917305,-0.5049412250518799,-0.779398500919342,-0.592509388923645,0.274557888507843,-0.11435018479824066,-0.12192486226558685,0.7790239453315735,0.11834001541137695,-0.12847872078418732,0.5942705869674683,-0.2676422595977783,0.254158079624176,1.4672484397888184,-0.16044029593467712,0.026639152318239212,0.0772838220000267,-0.05307383090257645,0.5804871916770935,-0.21950897574424744,-0.1782982051372528,-0.07754616439342499,-0.0374407097697258,0.7095791697502136,-0.20181386172771454,-0.42079073190689087,0.09939984977245331,-0.67103111743927,0.19632934033870697,0.35429665446281433,-0.13543032109737396,0.22874462604522705,-0.23735956847667694,-0.29207485914230347,0.6257590055465698,0.06747779995203018,0.006532969884574413,-0.20939645171165466,-0.23567286133766174,-0.07955466210842133,0.6194502711296082,0.05884591490030289,0.3301151990890503,-0.18946538865566254,-0.22413881123065948,-0.17162659764289856,0.12762144207954407,-0.5760281085968018,0.11362648010253906,-0.7813823223114014,0.5037673115730286,0.03231620788574219,0.11169616878032684,0.6450235247612,0.07241472601890564,0.6112641096115112,0.08764267712831497,-0.07341209799051285,-0.55489581823349,0.15513262152671814,-0.06596022844314575,-0.08055072277784348,0.35594239830970764,-0.30234572291374207,-0.27717822790145874,0.014715972356498241,0.1591644138097763,-0.15940317511558533,-0.28122803568840027,-0.15538537502288818,0.01228799857199192,0.15428990125656128,-0.01897694543004036,0.16293726861476898,0.1552361100912094,0.011639440432190895,-0.9470500946044922,-0.14990746974945068,-0.15225644409656525,0.2013614922761917,-0.15426678955554962,0.24491584300994873,-0.11904412508010864,1.0321061611175537,-0.36978015303611755,0.2252538651227951,0.0008611947414465249,-0.03901646286249161,0.09328578412532806,0.20214104652404785,-0.38474807143211365,0.12025462090969086,-0.3374711871147156,-0.5433811545372009,-0.050660111010074615,-0.08875217288732529,0.21690607070922852,-0.36787861585617065,-0.27983805537223816,0.1223674863576889,0.03688088804483414,-0.12788665294647217,-0.08104211091995239,0.38463252782821655,-0.10955508053302765,-0.1699514240026474,0.33869466185569763,-0.7254475355148315,-0.24047152698040009,0.44784897565841675,0.0689048171043396,0.007433096878230572,0.6738799810409546,0.3181140124797821,0.03446304053068161,0.19879694283008575,-0.12956303358078003,-0.16271142661571503,-0.29648610949516296,0.17415466904640198,0.2477734535932541,0.03469381853938103,0.17622938752174377,-0.1862742304801941,0.10215882211923599,-0.022816505283117294,-0.17979440093040466,0.3552475571632385,-0.10835430771112442,-0.5153029561042786,-0.6666721105575562,0.6378474235534668,-0.06105654686689377,0.45565134286880493,0.27167314291000366,-0.4267245829105377,-0.05266367271542549,-0.033511240035295486,0.3241027295589447,-0.9947649836540222,0.17479835450649261,-0.3285718858242035,-0.15169447660446167,0.08589228987693787,-0.2103811800479889,0.8030353784561157,-0.3959823250770569,-0.2197193205356598,-0.07989551872015,0.08326573669910431,-0.041515156626701355,-0.7476626634597778,-0.2081117182970047,0.8541988134384155,-0.04222843796014786,0.5532925128936768,0.034328676760196686,0.37222251296043396,-0.39736947417259216,-0.12128283083438873,0.6088799238204956,0.015698477625846863,-0.5562169551849365,0.01520334742963314,-0.07932591438293457,-0.36267024278640747,-0.14206145703792572,-0.45559948682785034,1.169032096862793,0.004772844258695841,-0.3176264762878418,0.14990916848182678,-0.12284419685602188,0.13564981520175934,0.21650910377502441,0.6463780403137207,-0.04150472953915596,0.48384031653404236,0.19892719388008118,-0.1245301216840744,0.2181061953306198,-0.21996411681175232,-0.11938464641571045,-0.09693723917007446,0.10776595026254654,-0.1953747719526291,0.04334961622953415,-0.05826373025774956,-0.019582293927669525,-0.2912880778312683,-0.2799869775772095,0.7080551385879517,0.16508539021015167,0.1221168264746666,-0.2550549805164337,-0.15147946774959564,0.20773983001708984,0.009319139644503593,0.03098922409117222,0.18893182277679443,-0.07950732111930847,0.35419338941574097,-0.09534212201833725,0.11764319986104965,-0.7138612270355225,-0.2746310234069824,-0.10521070659160614,-0.28990793228149414,0.22021427750587463,0.18698346614837646,-0.20841331779956818,-0.5522781610488892,0.18575835227966309,0.136659175157547,-0.04123852029442787,0.014111915603280067,-0.11427366733551025,0.917944610118866,-0.286204069852829,0.15339885652065277,-0.21094653010368347,-0.1624932885169983,-0.33877164125442505,0.19524314999580383,0.19959992170333862,-0.25193649530410767,0.23101787269115448,0.23353323340415955,-0.03565933555364609,0.3637256920337677,-0.011981062591075897,0.3277312219142914,0.2920289933681488
CID000004679,76,-0.0362095832824707,-0.22025248408317566,-0.3770015239715576,0.12130904197692871,0.3273106813430786,-0.3511088490486145,-0.024881109595298767,-0.18849053978919983,-0.18889646232128143,0.08680355548858643,0.18638405203819275,0.08729653060436249,-0.019542371854186058,-0.0039132460951805115,-0.026774268597364426,0.23341810703277588,-0.05380319431424141,0.08576404303312302,-0.10360823571681976,0.14827503263950348,-0.0004041910287924111,0.19353771209716797,0.641252875328064,0.14924173057079315,-0.2666659951210022,-0.6023932695388794,-0.3188477158546448,-0.07074173539876938,0.12110886722803116,0.2202853262424469,0.40874823927879333,0.10518105328083038,-0.07163870334625244,0.38744616508483887,-0.18010278046131134,0.004171781707555056,0.36106711626052856,-0.13308203220367432,0.013844886794686317,-0.002985107945278287,0.0646461695432663,0.09441079199314117,-0.3771052658557892,0.15867534279823303,0.01631833240389824,0.06747309863567352,0.3746386170387268,-0.14973010122776031,-0.4547935128211975,-0.02047884091734886,-0.3049524426460266,0.07096071541309357,0.6005871295928955,-0.196630597114563,0.1678437441587448,-0.330494225025177,-0.09120269119739532,0.3557550311088562,0.04862958937883377,-0.20559129118919373,0.015004515647888184,-0.12482704967260361,0.12094060331583023,0.5031977295875549,0.11455769836902618,0.37251704931259155,-0.1704651266336441,-0.17031939327716827,-0.010164627805352211,0.03670787811279297,-0.5813820362091064,0.19842591881752014,-0.37584662437438965,0.5295337438583374,-0.021181371062994003,0.22221818566322327,0.20736639201641083,0.11719270795583725,0.34788572788238525,0.06867806613445282,0.04422939568758011,-0.07267183810472488,0.08221454173326492,-0.059852324426174164,0.04946375638246536,0.2614128887653351,0.012179523706436157,-0.002504047704860568,-0.14896565675735474,0.0908767431974411,-0.004043883178383112,-0.01803608238697052,-0.2157220095396042,0.10275717079639435,0.10559217631816864,-0.06169566512107849,-0.05508456379175186,0.20414619147777557,0.005342081189155579,-0.3789525628089905,-0.10017000138759613,-0.19528838992118835,0.1760212779045105,-0.036552079021930695,0.16430892050266266,-0.0748208686709404,0.6158242225646973,0.18054743111133575,0.1817771941423416,-0.13028554618358612,-0.0018233716255053878,0.10780297219753265,0.14145776629447937,-0.03806329518556595,0.18967315554618835,-0.2741551995277405,-0.23459658026695251,0.022491859272122383,0.008248564787209034,-0.041595034301280975,-0.22330836951732635,-0.3624170422554016,0.067682184278965,0.08122116327285767,0.09567564725875854,0.18059201538562775,-0.03842783346772194,0.07659652084112167,-0.14821156859397888,0.25356096029281616,-0.5507062077522278,-0.24386480450630188,0.3338235020637512,0.1281076967716217,-0.012285378761589527,0.7404462695121765,0.10232186317443848,-0.1575154811143875,0.14856143295764923,-0.007900310680270195,-0.021228445693850517,-0.13535156846046448,0.0720600038766861,0.2992092967033386,0.27105072140693665,0.008545455522835255,-0.23299062252044678,-0.20892421901226044,-0.1556820571422577,0.010481597855687141,0.3153191804885864,0.08267032355070114,-0.5158414244651794,-0.3990626931190491,0.2882488965988159,-0.19391165673732758,0.03029470145702362,-0.1253453940153122,-0.3029322028160095,-0.09357919543981552,-0.12712638080120087,0.06570541113615036,-0.6568875312805176,-0.04505804926156998,-0.4177709221839905,0.009467006660997868,-0.06399308890104294,-0.03689279407262802,0.6235148310661316,-0.6395515203475952,-0.2947571873664856,-0.1721051037311554,-0.06626571714878082,-0.049814123660326004,-0.3204598128795624,-0.10032646358013153,0.14879164099693298,0.11982685327529907,0.5868207812309265,-0.03618359938263893,0.5782497525215149,-0.0758904442191124,-0.09472665935754776,0.16563698649406433,-0.03631452098488808,-0.42438387870788574,0.04820144921541214,-0.3140426576137543,0.010780024342238903,-0.02717522345483303,-0.16032306849956512,0.7076784372329712,-0.038174279034137726,-0.514280378818512,0.12688645720481873,-0.10821225494146347,0.01823480799794197,0.1858239620923996,0.24164824187755585,-0.2060440331697464,0.154558926820755,0.4318885803222656,-0.09039618074893951,0.1639009267091751,-0.5823138952255249,-0.4966636300086975,-0.26182255148887634,0.02124330960214138,-0.12116213142871857,-0.1524687260389328,0.030775267630815506,0.020307231694459915,-0.05294165760278702,-0.15507781505584717,0.7250990271568298,-0.02445000596344471,-0.06243624538183212,-0.17369620501995087,-0.08509232848882675,0.159753680229187,0.2917976975440979,-0.06352818012237549,0.1322392374277115,-0.16589441895484924,0.179010808467865,0.07528332620859146,0.024293145164847374,-0.5737499594688416,-0.24468538165092468,-0.08111061155796051,-0.15005260705947876,0.11668170988559723,0.12991923093795776,-0.22897131741046906,-0.3739006519317627,0.1062965840101242,0.1606113761663437,-0.11352856457233429,-0.05243116617202759,-0.07542473077774048,0.27471923828125,-0.49601078033447266,-0.036879438906908035,-0.17446686327457428,-0.09458409249782562,-0.3090185523033142,0.03569070249795914,0.0570744164288044,-0.0266271885484457,0.25964534282684326,0.08392278850078583,0.14020608365535736,0.04478597640991211,-0.16967736184597015,0.0188959538936615,0.004364351741969585
CID000005523,77,0.07873252034187317,0.009632283821702003,-0.2638377249240875,0.11974076181650162,0.2959541380405426,-0.20508332550525665,-0.09030482918024063,0.03079294040799141,0.3022465407848358,-0.02671654149889946,0.3220020830631256,0.050153691321611404,-0.1534312665462494,-0.029868751764297485,0.1878713071346283,0.17923814058303833,0.39027494192123413,-0.11504556238651276,-0.22507961094379425,0.2923332154750824,-0.01921970769762993,-0.050777919590473175,0.5565441846847534,0.11762414127588272,-0.15787748992443085,-0.33522137999534607,-0.06729389727115631,-0.586497962474823,0.49740713834762573,-0.1089123860001564,0.5288654565811157,0.09379168599843979,-0.03603464737534523,-0.024189183488488197,-0.6517881155014038,0.05616392567753792,0.4796973764896393,-0.07357610762119293,-0.016815021634101868,-0.21228809654712677,-0.39956581592559814,0.5011531114578247,-0.3978757858276367,0.031133275479078293,-0.05106009170413017,0.1236838549375534,0.5320286750793457,0.08179978281259537,-0.5003925561904907,-0.07221736013889313,-0.43500685691833496,0.28463947772979736,0.46471500396728516,-0.17813488841056824,0.06527344882488251,-0.5186141133308411,-0.2352798730134964,0.7403654456138611,0.1521541178226471,-0.2828565239906311,0.3141854703426361,0.07640869915485382,-0.004697613418102264,0.5748981237411499,0.12150939553976059,0.44700437784194946,0.1682479828596115,0.06827143579721451,0.0469101257622242,-0.012803817167878151,-0.6501380205154419,0.148982435464859,-0.5423575639724731,0.25076594948768616,-0.16918641328811646,0.4800168573856354,0.45960766077041626,0.48557883501052856,0.37859851121902466,-0.060658764094114304,-0.04993151128292084,0.048085592687129974,0.0835103839635849,0.026741836220026016,0.2580338418483734,0.2833942770957947,-0.24433839321136475,0.22388944029808044,0.10423938930034637,0.02372199483215809,0.03202309086918831,0.016125094145536423,-0.1398734748363495,0.06280016899108887,0.02098057046532631,-0.15252912044525146,-0.19188269972801208,0.2866906523704529,0.0808282271027565,-0.16138212382793427,-0.017606744542717934,-0.04476793482899666,-0.14073847234249115,-0.30562105774879456,-0.11269738525152206,-0.33180922269821167,0.36535879969596863,0.1568002849817276,0.05824785307049751,0.040757663547992706,-0.10652818530797958,-0.12870262563228607,0.6880298852920532,-0.45910578966140747,0.09816424548625946,-0.16246291995048523,-0.050453949719667435,-0.08182798326015472,0.021188918501138687,0.0019658803939819336,-0.06084440276026726,-0.3731960654258728,0.1908368617296219,0.17934414744377136,-0.20509877800941467,0.10365482419729233,0.15503773093223572,0.03860466182231903,-0.0016286462778225541,-0.0776277408003807,-0.4865171015262604,-0.11617040634155273,0.3898776173591614,0.0978904440999031,0.08102426677942276,0.7317663431167603,0.09988842904567719,-0.279030442237854,0.323892742395401,0.019710389897227287,-0.18432366847991943,0.013988124206662178,0.29396480321884155,0.16785535216331482,0.23432783782482147,0.043276939541101456,-0.18314678966999054,0.014790448360145092,-0.12424948066473007,-0.04619155451655388,0.4612259864807129,0.05857924744486809,-0.7351821660995483,-0.7878834009170532,0.6971113085746765,-0.7217918634414673,-0.41010627150535583,-0.02871451899409294,-0.31432825326919556,-0.07037781178951263,-0.07743077725172043,-0.15647217631340027,-0.335453599691391,0.1525992453098297,-0.49534696340560913,0.02826089784502983,0.035197045654058456,0.0959877222776413,0.3237592875957489,-0.4782376289367676,-0.2938479483127594,0.16155436635017395,-0.15382251143455505,-0.26120665669441223,-0.6252225041389465,0.07992646843194962,0.3520941734313965,-0.05360111594200134,0.47509831190109253,-0.08030669391155243,0.7338800430297852,0.055904410779476166,0.028649840503931046,-0.0834503024816513,-0.0882738009095192,-0.05245639756321907,0.1802435666322708,-0.4529978334903717,-0.07566384971141815,0.09868068993091583,-0.2710980474948883,0.46062055230140686,-0.028216594830155373,-0.45799142122268677,-0.20079505443572998,0.02680394984781742,-0.08657386153936386,0.005712178535759449,0.00747075816616416,-0.053854770958423615,0.12999726831912994,0.18153630197048187,-0.2087835818529129,-0.13595503568649292,-0.5885860323905945,-0.41911759972572327,-0.3494056165218353,-0.0565330870449543,0.2290286272764206,-0.18404772877693176,0.036088280379772186,0.010073387064039707,0.1675906777381897,-0.09490782767534256,0.6014885306358337,-0.13859298825263977,0.034155767410993576,-0.20540234446525574,-0.11788533627986908,-0.00612297048792243,0.2566758096218109,0.15449556708335876,0.1103375107049942,0.02810000255703926,-0.19339023530483246,0.09637336432933807,-0.02210772968828678,-0.8358050584793091,-0.0678524598479271,-0.05118380859494209,0.03923904895782471,0.2137881964445114,0.012013877741992474,-0.2419794350862503,-0.5895364880561829,-0.029717955738306046,-0.05710484832525253,0.101376011967659,-0.012387707829475403,0.04066834971308708,0.18886825442314148,-0.43102917075157166,3.9172729884739965e-05,-0.14784380793571472,-0.09660889953374863,-0.3561376929283142,-0.07611589133739471,-0.17890366911888123,0.04440964013338089,0.3000810742378235,0.0582774393260479,0.12601850926876068,0.1490534245967865,-0.17745228111743927,-0.16336151957511902,0.09823974967002869
CID000002520,78,-0.04284626245498657,-0.3322911858558655,-0.6390318274497986,-0.10498495399951935,0.6307460069656372,-0.3247842788696289,0.04785614460706711,-1.0811761617660522,-0.28999096155166626,-0.2433619499206543,0.48271799087524414,0.10178682953119278,-0.20444026589393616,-0.3409819006919861,0.09055642783641815,-0.013129780068993568,0.5523492693901062,-0.2310733050107956,0.05055401474237442,0.3898468315601349,-0.39700329303741455,-0.0510086789727211,0.2989814877510071,-0.12868931889533997,-0.6327136754989624,-0.6659802198410034,-0.22587966918945312,-0.28098952770233154,0.37456992268562317,-0.25126105546951294,1.315385103225708,-0.016351614147424698,-0.116704061627388,0.03861468657851219,-0.49347954988479614,-0.010495491325855255,0.4110678732395172,-0.4573113024234772,-0.044847384095191956,-0.04725188761949539,-0.9787129163742065,0.4561863839626312,-0.14107468724250793,-0.17607708275318146,0.07663007080554962,0.08306591957807541,0.8541854023933411,0.180363267660141,-0.38928061723709106,-0.2521348297595978,-0.920316219329834,0.5805479288101196,0.20403432846069336,-0.10066044330596924,0.057848669588565826,-0.31175071001052856,-0.11340312659740448,0.5507843494415283,-0.4029267430305481,-0.16990125179290771,-0.13355585932731628,-0.3103904724121094,0.09842675924301147,0.9686504602432251,0.18392543494701385,0.6343661546707153,0.24931804835796356,0.0021656067110598087,0.16532239317893982,0.11245451122522354,-1.1187137365341187,0.06964278221130371,-0.9184057116508484,0.34106069803237915,0.11165355145931244,0.46681278944015503,0.6236673593521118,0.296519935131073,0.7374404668807983,0.28192201256752014,-0.16339457035064697,-0.23892037570476532,-0.1376018226146698,-0.1789621114730835,0.4161399006843567,0.08778993785381317,-0.8947705030441284,0.14272917807102203,-0.15385937690734863,0.394787073135376,0.09789853543043137,0.12129171937704086,-0.12869121134281158,-0.007232334464788437,0.1294069141149521,-0.14652520418167114,0.006831116043031216,0.26163560152053833,-0.12688221037387848,-0.7821210026741028,-0.5402884483337402,0.11496581137180328,0.04243624582886696,-0.20764370262622833,-0.33054521679878235,-0.5676206350326538,0.8772753477096558,-0.4074724614620209,0.21731646358966827,0.2449917048215866,-0.13420435786247253,0.33780062198638916,0.9264532327651978,-0.943618655204773,0.1641204059123993,-0.10417677462100983,-0.30238038301467896,0.12909644842147827,-0.11437670886516571,0.15596987307071686,-0.10930230468511581,-0.20332327485084534,-0.061623524874448776,0.10575094074010849,-0.1311417818069458,0.058061324059963226,0.24652259051799774,0.19778311252593994,-0.1100759282708168,0.34771251678466797,-0.8625532388687134,-0.14807014167308807,0.555365800857544,-0.00530816288664937,0.02839805744588375,0.7034480571746826,0.29556453227996826,-0.100682832300663,0.21698327362537384,-0.03313872963190079,0.02290961518883705,-0.1269543468952179,0.14085231721401215,-0.13719519972801208,-0.02268132194876671,0.35342568159103394,-0.006047576665878296,-0.07306383550167084,0.2747798562049866,-0.18787908554077148,0.7476685047149658,-0.1822354793548584,-1.0764998197555542,-1.111210584640503,0.941460907459259,-0.3052879869937897,-0.001615637564100325,0.15878789126873016,-0.34285855293273926,0.06597847491502762,-0.051756590604782104,0.01620238460600376,-1.0344984531402588,-0.12471608072519302,-0.6371928453445435,-0.41657811403274536,-0.009847255423665047,-0.15972670912742615,0.3098205327987671,-0.47910967469215393,-0.18193230032920837,-0.09311132878065109,0.14255663752555847,-0.13317246735095978,-0.6222538352012634,0.2654006779193878,0.8993287086486816,-0.24418377876281738,0.40983453392982483,0.019609980285167694,0.39245790243148804,-0.18385086953639984,-0.3206959664821625,0.5165935754776001,0.10817612707614899,-1.2115180492401123,-0.506343424320221,-0.2935527265071869,-0.2682653069496155,-0.2934969961643219,-0.6278282403945923,0.9085217714309692,-0.12303340435028076,-0.15287791192531586,-0.1852567195892334,-0.20159921050071716,-0.27227216958999634,-0.16647031903266907,0.18918520212173462,-0.06191037967801094,0.5970824956893921,0.100533127784729,0.10708720982074738,-0.01595008745789528,-0.3901577591896057,-0.03626910597085953,-0.3620094656944275,0.09505902230739594,0.16354221105575562,-0.14614561200141907,0.19226235151290894,-0.0627838522195816,0.26377129554748535,-0.26664143800735474,0.7756053805351257,-0.12638819217681885,-0.3860587477684021,-0.47271037101745605,-0.04284954071044922,-0.035369809716939926,-0.129685178399086,0.05274439975619316,0.3545537292957306,0.1757436841726303,-0.012762787751853466,0.5226703882217407,0.16085663437843323,-1.100101113319397,-0.4440993368625641,0.13227245211601257,0.10198430716991425,0.3797399401664734,-0.2047002613544464,-0.5065640211105347,-0.8950523138046265,0.280691921710968,0.12792935967445374,0.10401520878076553,0.209232360124588,-0.07557078450918198,0.5316075682640076,-0.258057177066803,-0.28808361291885376,-0.40251263976097107,-0.07311862707138062,-0.44054096937179565,0.08532427251338959,-0.11574818938970566,0.06673772633075714,0.3220506012439728,0.024905959144234657,-0.05861400440335274,-0.046257782727479935,-0.003916874527931213,0.24175512790679932,-0.05285391956567764
CID000005038,79,-0.016250187531113625,-0.05784980207681656,-0.5181605815887451,0.09200091660022736,0.2220221757888794,-0.03796810284256935,-0.06633857637643814,-0.4271854758262634,-0.187351256608963,0.14547353982925415,0.32940441370010376,-0.020140022039413452,-0.07772716879844666,-0.24320438504219055,-0.10080345720052719,-0.03556029871106148,0.21935856342315674,-0.04310707747936249,-0.31025761365890503,0.14500917494297028,-0.057301051914691925,0.17566147446632385,0.2665153443813324,0.11015932261943817,-0.5794421434402466,-0.6169186234474182,-0.17183372378349304,-0.29413262009620667,-0.012948840856552124,-0.4029965400695801,0.5929330587387085,-0.14009705185890198,-0.05385153368115425,0.18226858973503113,-0.0800505131483078,0.021649103611707687,0.17163041234016418,-0.14332401752471924,0.08329601585865021,0.20865008234977722,-0.2850111126899719,0.30874475836753845,-0.1342315375804901,-0.08504684269428253,-1.087188684323337e-05,-0.07424840331077576,0.5242379903793335,-0.011666911654174328,-0.42546480894088745,0.11132089793682098,-0.9652076959609985,0.5638391971588135,0.5210381746292114,-0.1724768429994583,0.056237004697322845,-0.39552056789398193,-0.06251589953899384,0.8225070834159851,0.07962246239185333,-0.06828434765338898,-0.19918663799762726,-0.19901300966739655,0.21506960690021515,0.7800754904747009,0.05915779992938042,0.6241686344146729,-0.3212496042251587,-0.10692097991704941,-0.08652602136135101,-0.08272543549537659,-0.709091067314148,0.13358047604560852,-0.23197510838508606,0.37235140800476074,-0.07354617118835449,0.5740329027175903,0.363681435585022,-0.03151179105043411,0.7643885016441345,0.007027128245681524,0.13746222853660583,-0.3484869599342346,-0.002574547426775098,-0.20416827499866486,0.11869821697473526,0.37805455923080444,-0.12289587408304214,0.06236746907234192,-0.20700892806053162,0.18401148915290833,-0.0889849066734314,0.07923568785190582,-0.16307656466960907,-0.09147936850786209,0.0377778597176075,-0.21008193492889404,-0.1269158571958542,0.39573898911476135,-0.17774175107479095,-0.7353348731994629,-0.22975656390190125,-0.029795045033097267,0.18262271583080292,0.02865138277411461,0.2906792461872101,-0.18304339051246643,0.5623218417167664,0.17549189925193787,0.13647639751434326,-0.01783538982272148,0.012244939804077148,-0.016480540856719017,0.5625045895576477,-0.7164457440376282,0.24690282344818115,-0.1275981366634369,0.06966432183980942,-0.05259218066930771,-0.10095064342021942,0.061098612844944,-0.36178794503211975,-0.23311567306518555,0.2108653038740158,-0.029874086380004883,-0.030547495931386948,0.2802814543247223,0.21879160404205322,0.05131136626005173,-0.02947404608130455,0.34985044598579407,-0.6882404088973999,-0.027098024263978004,0.28474199771881104,0.2044835388660431,0.15021958947181702,0.685448944568634,0.01810118556022644,-0.32446765899658203,0.1652754545211792,0.0573766715824604,0.07941088080406189,-0.03915097191929817,0.10067789256572723,-0.01162807084619999,0.22330141067504883,-0.09003850817680359,-0.27874141931533813,0.20768623054027557,-0.07958749681711197,-0.0025997452903538942,0.8557568788528442,-0.12148325145244598,-0.5312258005142212,-0.5504719018936157,0.45369043946266174,-0.16324785351753235,-0.024400170892477036,0.2615646719932556,-0.5864410400390625,-0.03868844360113144,0.06842560321092606,0.03986382484436035,-1.0314916372299194,0.1266700178384781,-0.4960204064846039,-0.11432155221700668,-0.061710573732852936,-0.03927955776453018,0.4615474343299866,-0.5089156031608582,-0.19303986430168152,-0.05391453579068184,-0.15201623737812042,0.0037086368538439274,-0.6769064664840698,-0.06501032412052155,0.40365251898765564,-0.022773798555135727,0.47453251481056213,-0.26532837748527527,0.27217212319374084,-0.1885630339384079,-0.18512357771396637,0.2718620300292969,-0.11732842028141022,-0.3667505383491516,0.028416981920599937,-0.25141555070877075,0.001041530049405992,-0.2784865200519562,-0.22955641150474548,0.6426993608474731,-0.03992445021867752,-0.17124249041080475,0.2544839680194855,-0.14508166909217834,-0.029889117926359177,0.11600130796432495,0.45438069105148315,-0.12492649257183075,0.4259577691555023,0.12352485954761505,-0.23171484470367432,-0.06888984888792038,-0.2863338887691498,-0.046667903661727905,-0.2972832918167114,0.08314517885446548,-0.08955901861190796,0.13378939032554626,-0.014335584826767445,-0.1128653883934021,-0.17027518153190613,-0.3434649109840393,0.9062385559082031,0.13616929948329926,-0.11233139038085938,0.007956164889037609,0.04414410516619682,-0.035229720175266266,0.25625866651535034,-0.19885432720184326,0.03673630580306053,-0.00024019480042625219,-0.2603358328342438,0.16402794420719147,-0.007522177882492542,-0.7864668369293213,-0.05031309276819229,-0.00342213804833591,-0.17198434472084045,-0.05535965412855148,0.19576336443424225,-0.2348117083311081,-0.7547591924667358,0.19991813600063324,0.0025413469411432743,-0.10766637325286865,0.007507081143558025,-0.04809890314936638,0.6226522326469421,-0.3809053301811218,-0.3188454508781433,-0.21699953079223633,-0.15642407536506653,-0.4777972102165222,-0.022567206993699074,-0.14459221065044403,-0.23835575580596924,0.22048787772655487,0.27914339303970337,-0.25904521346092224,0.10704092681407928,-0.248800128698349,0.052033938467502594,-0.2831640839576721
CID000005035,80,0.16505613923072815,-0.25473904609680176,-0.6066690683364868,-0.07941627502441406,0.3020501732826233,-0.229275181889534,-0.10541771352291107,-0.6090985536575317,-0.1377611756324768,-0.14093123376369476,0.3555452525615692,0.10221622884273529,-0.01313782949000597,-0.06523509323596954,0.030268574133515358,0.3684660792350769,0.12548217177391052,0.04516865685582161,-0.31888559460639954,0.1573336124420166,-0.09816453605890274,-0.041866887360811234,0.4242785573005676,-0.03303075209259987,-0.7315614223480225,-0.7605100870132446,-0.24049706757068634,-0.043988894671201706,0.14940479397773743,0.07680422067642212,0.45510417222976685,0.06535365432500839,0.04034937173128128,0.2570785880088806,-0.19502779841423035,-0.042043834924697876,0.23908448219299316,-0.1729668378829956,-0.032467056065797806,-0.04461048170924187,-0.07590895891189575,0.20203065872192383,-0.15327386558055878,-0.14187434315681458,-0.04097943753004074,0.03662646561861038,0.7349052429199219,-0.09490808099508286,-0.5812243819236755,-0.009004630148410797,-0.6103664636611938,0.06144753098487854,0.4312138557434082,-0.23658612370491028,0.021374434232711792,-0.28513938188552856,-0.14392687380313873,0.8271468281745911,-0.1204707995057106,-0.10663431882858276,0.03834857791662216,-0.1888582706451416,-0.03547075763344765,0.5860382318496704,0.14306214451789856,0.41011500358581543,-0.01988995634019375,0.040707189589738846,-0.11444153636693954,0.060806334018707275,-0.44748955965042114,0.2057068645954132,-0.34738436341285706,0.5058090686798096,-0.052595168352127075,0.19068309664726257,0.13870973885059357,0.33234184980392456,0.4990305006504059,-0.043900199234485626,-0.05299883335828781,-0.3126649260520935,0.11106214672327042,-0.02195439487695694,0.41872233152389526,0.24909701943397522,-0.3870222270488739,0.008537465706467628,-0.05879318714141846,0.04588834196329117,-0.06965169310569763,-0.14360232651233673,-0.21986663341522217,0.24732306599617004,0.025635680183768272,0.031876254826784134,-0.26082566380500793,0.33409640192985535,0.04071462154388428,-0.8399564623832703,-0.04484470561146736,-0.19966551661491394,0.12266991287469864,-0.06595751643180847,0.016371140256524086,-0.07601562142372131,0.6557908058166504,0.07905282825231552,0.27333134412765503,-0.14766748249530792,0.11073198169469833,0.08001171797513962,0.21757635474205017,-0.4360906183719635,0.2510077953338623,-0.14636294543743134,-0.2696100175380707,0.10572943836450577,-0.13780133426189423,-0.16355237364768982,-0.27185678482055664,-0.30080828070640564,0.0053733959794044495,0.1623091846704483,-0.06393590569496155,0.04375913739204407,0.1868143081665039,0.09218696504831314,-0.3460341691970825,0.14914269745349884,-0.5658844709396362,-0.00012933611287735403,0.29680460691452026,0.19162461161613464,0.03799661248922348,0.6283431649208069,0.08504317700862885,-0.054400485008955,0.21134869754314423,-0.027281885966658592,-0.16706347465515137,-0.19638049602508545,0.3222033381462097,0.4285324513912201,0.10724687576293945,0.025646761059761047,-0.47137880325317383,0.059266459196805954,0.015736812725663185,-0.05724109336733818,0.5536158084869385,-0.22587502002716064,-0.4630134105682373,-0.6585959196090698,0.47785264253616333,-0.05737144872546196,0.11732010543346405,-0.08739211410284042,-0.4674752354621887,0.043145932257175446,-0.2275579422712326,-0.15512913465499878,-0.8332594633102417,-0.043247126042842865,-0.5056437253952026,-0.041467539966106415,0.06362028419971466,-0.08674363046884537,0.7133225798606873,-0.642600953578949,-0.2343955934047699,-0.0689447820186615,-0.03332335501909256,-0.07192937284708023,-0.4156429171562195,-0.09674912691116333,0.20406487584114075,0.17515544593334198,0.5880081653594971,-0.04140501841902733,0.44609159231185913,-0.10159234702587128,-0.060270361602306366,0.4957018792629242,-0.045203112065792084,-0.27590781450271606,-0.11357629299163818,-0.23407605290412903,0.006150493863970041,-0.1385785937309265,-0.40187352895736694,1.031937837600708,0.03351786732673645,-0.37718096375465393,-0.1315089911222458,-0.06728994846343994,-0.24031242728233337,0.053686898201704025,0.7048609256744385,-0.19103790819644928,0.5861362814903259,0.3742590844631195,-0.11997254937887192,0.434136301279068,-0.5237969160079956,-0.11363311856985092,-0.30166512727737427,-0.015180853195488453,-0.06213255971670151,-0.05456680804491043,0.23340198397636414,-0.008187967352569103,0.1519789695739746,-0.1543593406677246,0.6498910784721375,0.05869724601507187,-0.21001248061656952,-0.27451634407043457,0.04813886433839798,0.1996392160654068,0.12251992523670197,0.17959468066692352,0.10880737006664276,-0.1561572104692459,-0.033443354070186615,0.30751243233680725,0.14000025391578674,-0.6140368580818176,-0.34819990396499634,-0.13690821826457977,0.03418215736746788,0.07241080701351166,0.15041926503181458,-0.2958192527294159,-0.5191880464553833,0.3363165557384491,0.10076048225164413,-0.10155729204416275,-0.10640370845794678,-0.18008479475975037,0.5617831945419312,-0.3473171293735504,-0.07786671817302704,-0.17977721989154816,-0.01870732195675373,-0.2703811526298523,0.025848109275102615,-0.21132151782512665,-0.005150961689651012,0.3784181475639343,-0.0473531037569046,0.04201507568359375,0.18200072646141052,-0.14670750498771667,0.23293766379356384,-0.029899844899773598
CID000005426,83,0.1623784601688385,-0.09617777168750763,-0.5677549242973328,0.198927640914917,0.3766971528530121,-0.22109003365039825,-0.15154233574867249,-0.4170546531677246,-0.13533207774162292,-0.04306911677122116,0.32734233140945435,0.007312396075576544,0.00302751362323761,-0.00531874131411314,0.025629600510001183,0.1484752893447876,0.11024831235408783,0.18932130932807922,-0.12668409943580627,0.16381016373634338,-0.1736302524805069,0.06177452951669693,0.4165756106376648,0.01402395498007536,-0.591943621635437,-0.7746798992156982,-0.5688000917434692,0.23097233474254608,0.04454450681805611,0.10859379917383194,0.523343563079834,0.11073277145624161,-0.1646813452243805,0.5440360903739929,-0.1429465115070343,0.10491814464330673,0.5951943397521973,-0.13520406186580658,0.1249537244439125,0.1973031461238861,-0.0387529656291008,0.16769158840179443,-0.309406578540802,-0.04282392933964729,-0.03556708246469498,0.09055408090353012,0.6131423711776733,-0.2681308090686798,-0.5425115823745728,-0.04353609308600426,-0.6949124336242676,0.22662504017353058,0.6153010129928589,-0.2512742578983307,0.16913871467113495,-0.15363968908786774,-0.30511537194252014,0.5465052127838135,0.052541546523571014,-0.06421307474374771,-0.02435901388525963,-0.19413462281227112,0.14391586184501648,0.6532546877861023,0.002186181489378214,0.28042730689048767,-0.22055895626544952,-0.13427573442459106,-0.06523671746253967,0.09881290048360825,-0.3825307786464691,0.17156407237052917,-0.5642037391662598,0.7373283505439758,0.27482348680496216,0.21828114986419678,0.2614006996154785,0.013125416822731495,0.9244988560676575,0.06252064555883408,-0.1428816020488739,-0.21070906519889832,0.12679719924926758,0.0019657991360872984,0.03961794823408127,0.4170919358730316,-0.19978618621826172,-0.034982144832611084,0.028287529945373535,-0.029340893030166626,-0.26644808053970337,-0.09749919176101685,-0.16937872767448425,-0.012323146685957909,0.16964244842529297,-0.005778920836746693,-0.003329408820718527,0.2087084800004959,0.03537123277783394,-0.8124409914016724,-0.025634044781327248,-0.23133370280265808,0.1022690087556839,0.08391745388507843,0.1484018713235855,-0.007944166660308838,0.9278473854064941,0.020066533237695694,0.2501277029514313,-0.1509561687707901,-0.04258105903863907,0.0007768839714117348,0.2472953051328659,-0.35812506079673767,0.30121955275535583,-0.3836830258369446,-0.3418191969394684,-0.04363180324435234,-0.10200513899326324,0.13378103077411652,-0.23766466975212097,-0.4111054539680481,0.10467567294836044,0.10208207368850708,-0.18328070640563965,0.01380949653685093,0.22710974514484406,-0.07790730893611908,-0.31819263100624084,0.13485251367092133,-0.5923315286636353,-0.32153624296188354,0.3426995575428009,0.28938227891921997,0.10579528659582138,0.9031826853752136,0.23401102423667908,-0.1152893677353859,0.31099697947502136,-0.04181579872965813,-0.2077980935573578,-0.2176157534122467,0.07124985754489899,0.04790845513343811,0.10007064044475555,-0.09200537204742432,-0.33229735493659973,-0.05325985699892044,-0.06434866786003113,-0.07097508013248444,0.3935295641422272,-0.10359497368335724,-0.4209667146205902,-0.49975961446762085,0.45398396253585815,-0.050311993807554245,0.24262766540050507,-0.02149178460240364,-0.475015789270401,-0.11536009609699249,0.021996527910232544,0.22738489508628845,-0.8664718866348267,-0.1029604822397232,-0.4356776177883148,-0.032021064311265945,-0.049707986414432526,-0.21833331882953644,0.680499255657196,-0.556187093257904,-0.4406515955924988,-0.16350647807121277,-0.07577814906835556,-0.046230170875787735,-0.535525381565094,-0.34669607877731323,0.3276977241039276,0.07870548963546753,0.3985650837421417,-0.07903064042329788,0.376613587141037,-0.1443750411272049,-0.20084509253501892,0.4961976408958435,-0.11941484361886978,-0.4148712158203125,-0.009905259124934673,-0.21237865090370178,-0.26418596506118774,-0.039337411522865295,-0.4240597188472748,0.9300058484077454,0.0714465007185936,-0.4073004126548767,0.15957018733024597,-0.04453253000974655,0.029708698391914368,0.1949283331632614,0.6254602670669556,-0.11046566069126129,0.39586174488067627,0.5457726716995239,-0.022880923002958298,0.331708163022995,-0.46990132331848145,-0.3294793963432312,-0.0616321787238121,0.10275483131408691,-0.030767440795898438,-0.1961067020893097,-0.20741286873817444,0.06465355306863785,-0.1913524866104126,-0.22793801128864288,0.6795485615730286,-0.05939778685569763,0.017252782359719276,-0.14880362153053284,0.05187411978840828,0.19338452816009521,0.2740916609764099,-0.006495156791061163,0.13233700394630432,-0.20346808433532715,0.1372145563364029,0.14621111750602722,-0.0750989243388176,-0.4920618534088135,-0.2520112693309784,-0.10927633941173553,-0.24898633360862732,0.11142156273126602,-0.02742854878306389,-0.1023477166891098,-0.4924807548522949,0.2514221668243408,0.1270006150007248,-0.1877405047416687,-0.03457709401845932,-0.006789678242057562,0.6320515275001526,-0.27812278270721436,0.05881781503558159,-0.25244417786598206,0.023082416504621506,-0.3065648674964905,0.08493480086326599,0.1628199815750122,-0.1068781390786171,0.3115556836128235,0.2207389622926712,0.08407916128635406,0.27726590633392334,-0.12151944637298584,0.28774765133857727,0.06824374943971634
CID000002662,84,0.017283637076616287,-0.1748112589120865,-0.44572368264198303,-0.054334260523319244,0.2992401421070099,-0.1700233519077301,-0.10802505165338516,-0.32856160402297974,-0.2765841782093048,0.12874266505241394,0.29418614506721497,0.012777666561305523,-0.08538264036178589,-0.004096090793609619,-0.0037604928947985172,0.2903231680393219,0.4282453656196594,0.034638889133930206,-0.15607412159442902,0.23395569622516632,-0.19791823625564575,-0.038019031286239624,0.5344096422195435,-0.035948194563388824,-0.30306774377822876,-0.6599933505058289,-0.39950740337371826,-0.07749535143375397,0.10830321162939072,0.13524892926216125,0.4235689640045166,0.1388101875782013,-0.09269246459007263,0.426417738199234,-0.21551139652729034,0.06373094022274017,1.0150916576385498,-0.19921095669269562,0.045736171305179596,-0.02242681384086609,-0.15420155227184296,0.5973548889160156,-0.3703234791755676,0.082419253885746,0.0064728097058832645,0.10205604881048203,0.5819194912910461,-0.06375490128993988,-0.5857000946998596,0.004873806145042181,-0.32707855105400085,0.1977299153804779,0.25287097692489624,-0.1424953043460846,0.10434798151254654,-0.43965521454811096,-0.2167418897151947,0.5399923920631409,-0.04407719522714615,-0.2073696404695511,0.08601262420415878,-0.2702595591545105,0.003898774040862918,0.6297274827957153,0.1297660619020462,0.12772706151008606,-0.22024568915367126,-0.08716263622045517,-0.026295999065041542,0.08062151819467545,-0.6429867148399353,0.14872309565544128,-0.4492430090904236,0.5514951944351196,-0.0726802870631218,0.2730177938938141,0.5215707421302795,0.37921053171157837,0.4181899130344391,-0.021211206912994385,-0.028020506724715233,-0.15778197348117828,0.052276842296123505,-0.0524449348449707,0.21264171600341797,0.3736344575881958,-0.06531079858541489,-0.06371799111366272,-0.18374115228652954,0.036984916776418686,-0.11511079967021942,-0.05371640995144844,-0.032972581684589386,0.13309212028980255,0.16927917301654816,-0.10519103705883026,-0.25401002168655396,0.15159392356872559,0.012286725454032421,-0.46543368697166443,-0.04023990035057068,-0.08040730655193329,0.11500592529773712,-0.02629738487303257,0.2078908234834671,-0.10016802698373795,0.6936505436897278,0.103047214448452,0.2474575936794281,-0.1578671634197235,-0.034906595945358276,0.19264884293079376,0.28809791803359985,-0.06712058186531067,0.23337742686271667,-0.24544987082481384,-0.28471559286117554,0.08448115736246109,-0.06256808340549469,-0.08190487325191498,-0.09950462728738785,-0.3726549744606018,0.0332241952419281,0.0750199556350708,-0.07527810335159302,0.20279541611671448,0.07105425000190735,0.10516972839832306,-0.22471880912780762,0.19394215941429138,-0.6137034893035889,-0.14574889838695526,0.40069469809532166,0.0819762721657753,0.09440828859806061,0.7206935286521912,0.19297465682029724,-0.22383108735084534,0.1906501203775406,-0.0069170789793133736,-0.19661447405815125,-0.2069212943315506,0.14428968727588654,0.29108065366744995,0.13703639805316925,-0.09377148747444153,-0.2983010411262512,-0.16735774278640747,0.05472015216946602,-0.03765337914228439,0.1694343388080597,-0.07965277135372162,-0.5378173589706421,-0.5272029638290405,0.3469793200492859,-0.23487047851085663,0.18045182526111603,-0.14103972911834717,-0.33879226446151733,-0.05933176726102829,-0.14270085096359253,-0.0519808828830719,-0.6496850252151489,-0.007611414883285761,-0.35487082600593567,-0.03776804357767105,-0.03566522151231766,-0.06744445115327835,0.5142723321914673,-0.4480327069759369,-0.07210854440927505,-0.18356549739837646,-0.07557190209627151,-0.18469616770744324,-0.5074887871742249,-0.058069467544555664,0.2760722041130066,0.17217019200325012,0.5073167681694031,-0.08054802566766739,0.6793951392173767,-0.25210484862327576,-0.10398050397634506,0.14592590928077698,-0.02515506185591221,-0.4310266971588135,-0.03672356531023979,-0.24524632096290588,-0.038129162043333054,-0.10343710333108902,-0.3606521189212799,0.8261319398880005,-0.06215306371450424,-0.4380306601524353,0.10412482917308807,-0.026184672489762306,-0.09226663410663605,0.09956488013267517,0.26545900106430054,-0.07075928151607513,0.30630868673324585,0.4861857295036316,-0.1330198049545288,0.0861925557255745,-0.3540409207344055,-0.27777427434921265,-0.1577124297618866,-0.007997125387191772,-0.08697054535150528,-0.15230408310890198,0.15834124386310577,-0.02848908305168152,0.12558825314044952,-0.21353940665721893,0.7668718099594116,-0.0013173401821404696,-0.16259220242500305,-0.20930413901805878,0.04784909635782242,0.14340610802173615,0.2684604227542877,0.02845761738717556,0.2506086230278015,-0.04804154857993126,0.024970009922981262,0.07097942382097244,0.13636794686317444,-0.7112640142440796,-0.3122594356536865,-0.08548945188522339,-0.06665156036615372,0.18972131609916687,0.16580253839492798,-0.25962135195732117,-0.47221097350120544,0.24305188655853271,0.10892151296138763,-0.22413261234760284,-0.03315577283501625,-0.158396914601326,0.28785181045532227,-0.386010080575943,0.015195277519524097,-0.195886492729187,0.007431007921695709,-0.20506763458251953,0.04605783149600029,-0.08235852420330048,-0.05132049322128296,0.3056960701942444,-0.028462087735533714,0.0321391336619854,0.17053678631782532,-0.1923614889383316,0.06211385875940323,0.01680022105574608
CID000004873,85,0.12102004140615463,-0.4835699200630188,-1.0024516582489014,0.09400709718465805,0.16746489703655243,0.11143995821475983,-0.05504457280039787,-0.42355209589004517,-0.03171718865633011,0.0005604922771453857,0.19769279658794403,0.024805301800370216,-0.1353960782289505,0.07378467172384262,0.1287495195865631,0.4170265197753906,0.35428231954574585,-0.13115033507347107,-0.46585559844970703,-0.10475534200668335,-0.01878715679049492,-0.1368342787027359,0.4133075773715973,0.015232101082801819,-1.0857800245285034,-0.5045929551124573,-0.3268622159957886,-0.2007443904876709,0.05112694576382637,0.06991163641214371,0.9177464246749878,-0.05067340284585953,-0.03170911967754364,-0.05344771593809128,-0.3722471296787262,0.15450355410575867,0.3412749171257019,-0.14295276999473572,-0.027063656598329544,0.029010668396949768,-0.11846520751714706,0.4818452298641205,-0.1735914647579193,-0.17902281880378723,0.13354094326496124,-0.0348169170320034,0.8194271326065063,-0.5062636137008667,-0.33822306990623474,-0.07418448477983475,-0.6849948763847351,0.4111817479133606,0.6552996635437012,0.060218505561351776,0.13036693632602692,-0.28426456451416016,-0.17929276823997498,1.0478065013885498,0.27667471766471863,-0.2009855955839157,0.16057802736759186,-0.0033753872849047184,-0.10813768208026886,0.5514205694198608,0.029756367206573486,0.7719857692718506,0.009732181206345558,-0.04235408827662468,-0.10577528178691864,0.010028539225459099,-0.9302403330802917,-0.08226275444030762,-0.3820117115974426,0.43139785528182983,-0.20212003588676453,0.5678474307060242,0.5370844602584839,-0.007553598377853632,0.10090520232915878,-0.10700319707393646,-0.04001893475651741,-0.24930115044116974,-0.00769618758931756,-0.1888723522424698,0.03611483797430992,0.15514349937438965,-0.5143731236457825,0.09118213504552841,-0.22484040260314941,-0.009602420032024384,0.2418980598449707,0.04659276455640793,-0.2855897545814514,-0.08870980888605118,0.21970243752002716,-0.12052728980779648,-0.24236464500427246,-0.03946728631854057,0.2276342362165451,-0.6406689882278442,-0.0607355535030365,-0.10604538023471832,-0.09253488481044769,-0.34929269552230835,0.0758412703871727,-0.3325939476490021,0.46601563692092896,0.10181345790624619,-0.0017188548808917403,0.05632581561803818,0.25101035833358765,-0.1550983488559723,0.5215856432914734,-0.8059899210929871,0.21813392639160156,-0.25839999318122864,-0.3054218292236328,-0.32796570658683777,0.1275019645690918,0.3748495578765869,-0.2233165055513382,-0.10161832720041275,0.2645584046840668,0.001316174864768982,-0.25252771377563477,-0.10595748573541641,0.3220946192741394,-0.4269818663597107,0.0053362250328063965,0.3535802662372589,-0.42724210023880005,-0.13079462945461273,0.32247287034988403,0.09648004919290543,0.13210169970989227,0.5991538763046265,-0.04022258520126343,-0.45299142599105835,0.1467410773038864,-0.11355370283126831,0.08871836960315704,0.1409037709236145,0.145844966173172,0.027868524193763733,0.2807576060295105,-0.11250386387109756,-0.5237657427787781,0.5050037503242493,-0.34619560837745667,-0.4018428921699524,0.8422442674636841,0.03987846523523331,-0.5881205797195435,-0.8814185857772827,0.8434876203536987,-0.1229587197303772,-0.07857755571603775,-0.1696484386920929,-0.5514917373657227,0.14331713318824768,-0.2129286229610443,-0.28543463349342346,-0.8448638916015625,0.011545988731086254,-0.5186522603034973,-0.23602283000946045,0.14821460843086243,0.08087490499019623,0.7656339406967163,-0.6006858944892883,-0.37883588671684265,0.06468957662582397,0.10305378586053848,0.10438454151153564,-0.6707044839859009,-0.4473891854286194,0.4809611439704895,0.10891213268041611,0.6678427457809448,-0.015471130609512329,0.4208686351776123,-0.09247370064258575,-0.08578132092952728,0.6958826780319214,-0.22098803520202637,-0.3277705907821655,0.0540492907166481,-0.10298659652471542,0.009866568259894848,-0.1024913564324379,-0.19456680119037628,0.7715216875076294,-0.04815168306231499,-0.22216098010540009,-0.13851740956306458,-0.15058963000774384,-0.08097696304321289,-0.035460375249385834,0.4073668420314789,0.06238739565014839,0.550990641117096,0.47867900133132935,-0.2904070019721985,-0.15440209209918976,-0.5052516460418701,-0.09613176435232162,-0.47826290130615234,-0.15930244326591492,-0.013576964847743511,-0.034957993775606155,-0.071869395673275,0.01971268281340599,0.007661092095077038,-0.2284288853406906,0.6885392069816589,0.13478517532348633,-0.10205511748790741,0.12579332292079926,-0.31958359479904175,0.14476142823696136,0.24113626778125763,-0.1810969114303589,0.3155224919319153,-0.08199627697467804,-0.2895808219909668,0.043766967952251434,0.12332005798816681,-0.914413571357727,0.022415315732359886,0.04180411249399185,0.06259047985076904,0.21970006823539734,-0.010088318958878517,-0.28982359170913696,-0.7416605949401855,0.0032787607051432133,-0.04786493629217148,0.09022055566310883,-0.23668698966503143,0.2737007737159729,0.5385045409202576,-0.507460355758667,-0.31144312024116516,-0.27700042724609375,-0.05039019510149956,-0.8356744050979614,-0.09314282238483429,0.08846410363912582,-0.18396027386188507,0.18699495494365692,0.3043439984321594,0.14791300892829895,0.22109341621398926,0.12354574352502823,0.213387131690979,0.3535851240158081
CID000005556,86,0.021288806572556496,-0.18323490023612976,-0.36212748289108276,0.1901235580444336,0.3880435824394226,-0.20059771835803986,0.045142099261283875,-0.5278416872024536,-0.27045440673828125,0.17182573676109314,0.4602414071559906,-0.03794943541288376,-0.0805535763502121,-0.08116386830806732,-0.020351359620690346,0.04883472993969917,0.35636594891548157,0.11394816637039185,-0.15904536843299866,0.21697035431861877,-0.2529001832008362,0.08681412041187286,0.629848062992096,-0.004321339074522257,-0.39121392369270325,-0.6123801469802856,-0.5070489645004272,-0.1959799975156784,0.1758192479610443,-0.019947011023759842,0.8357499837875366,0.08988580852746964,-0.1144777163863182,0.26591652631759644,-0.30248403549194336,0.04760708659887314,0.7230320572853088,-0.1638316810131073,0.0604732446372509,0.12465248256921768,-0.16468364000320435,0.4729999899864197,-0.48666849732398987,0.07962916046380997,-0.07284878194332123,0.09725362062454224,0.590688169002533,-0.0010602936381474137,-0.6198277473449707,0.048264503479003906,-0.3636651039123535,0.191575825214386,0.2920248210430145,-0.18803024291992188,0.17028406262397766,-0.46443015336990356,-0.13075678050518036,0.47077280282974243,0.09726458787918091,-0.017897700890898705,0.03678862378001213,-0.3858681321144104,-0.0718250498175621,0.8047176599502563,0.1987309455871582,0.06668465584516525,-0.15294578671455383,-0.045005910098552704,-0.03477730602025986,0.06378307193517685,-0.8250308036804199,0.1955018937587738,-0.5477193593978882,0.4084123969078064,-0.1451454907655716,0.3622153401374817,0.6503003239631653,0.37581151723861694,0.5088950991630554,-0.12793691456317902,-0.007736892905086279,-0.1367901861667633,0.06633840501308441,-0.09959018975496292,0.29891932010650635,0.24830885231494904,-0.10074882209300995,-0.11216835677623749,-0.06734693795442581,0.13972879946231842,-0.07880785316228867,-0.07301132380962372,0.12645530700683594,0.12000670284032822,0.2252582609653473,-0.3279907703399658,-0.26903727650642395,0.1650315672159195,-0.049806974828243256,-0.4559786319732666,-0.09780456870794296,-0.022880779579281807,0.032016292214393616,0.08067077398300171,0.2868592143058777,-0.08264806121587753,0.8188400268554688,0.06962139904499054,0.13131174445152283,-0.04709271341562271,-0.008516019210219383,0.13669604063034058,0.19495773315429688,-0.06855146586894989,0.19702968001365662,-0.23576676845550537,-0.324165403842926,0.08076906204223633,-0.02681894227862358,0.15134482085704803,-0.12950663268566132,-0.22422389686107635,0.0337643101811409,0.16218386590480804,-0.10169149935245514,0.10825171321630478,0.2321336567401886,0.24321112036705017,-0.16104379296302795,0.25224292278289795,-0.6947594881057739,-0.35723572969436646,0.5192161798477173,0.22716975212097168,0.017573755234479904,0.7175167798995972,0.1663077026605606,-0.33263295888900757,0.3656274378299713,-0.020351821556687355,-0.026719069108366966,-0.20764915645122528,0.07973501086235046,0.17602506279945374,0.17500516772270203,-0.16855564713478088,-0.35159358382225037,-0.11530856788158417,0.06342099606990814,0.10913805663585663,0.1946248710155487,-0.11128909885883331,-0.7402676939964294,-0.6747341156005859,0.25111618638038635,-0.2772992253303528,0.11613650619983673,-0.023095369338989258,-0.2248883694410324,-0.06987576931715012,-0.08803893625736237,-0.06900002807378769,-0.6139642000198364,0.02506103180348873,-0.4577256739139557,-0.05571572855114937,-0.014146486297249794,-0.1436617076396942,0.6241381764411926,-0.56668621301651,-0.12421344220638275,-0.3010329008102417,-0.1297217458486557,-0.1529853641986847,-0.7515783309936523,-0.05520521476864815,0.3835585415363312,0.12235860526561737,0.6211239695549011,0.009986680932343006,0.800723671913147,-0.23639166355133057,-0.20634348690509796,0.20609712600708008,-0.008315308019518852,-0.6105073690414429,0.1787446290254593,-0.1731322556734085,-0.1422492414712906,-0.15258324146270752,-0.5010611414909363,0.8838279843330383,-0.18897920846939087,-0.4430410861968994,0.15709766745567322,0.11132874339818954,-0.1655491292476654,0.10785214602947235,0.14492285251617432,-0.12985864281654358,0.42424073815345764,0.38488879799842834,-0.19541135430335999,0.14128698408603668,-0.4872337281703949,-0.18706057965755463,-0.14501675963401794,-0.06279657036066055,-0.08844461292028427,-0.28986650705337524,0.15457428991794586,-0.05942400172352791,0.30049920082092285,-0.13473227620124817,0.7914429306983948,0.1725471168756485,-0.11625629663467407,-0.40208691358566284,-0.03432217985391617,0.19620127975940704,0.3876185417175293,0.031979870051145554,0.3129097521305084,-0.045349616557359695,-0.014380061998963356,0.15641264617443085,0.06657698005437851,-0.7701281309127808,-0.2507230341434479,0.1297522783279419,-0.04200150817632675,-0.0004747420607600361,0.15942563116550446,-0.13667485117912292,-0.5202009081840515,0.32813721895217896,-0.03165654465556145,-0.1231742724776268,-0.031786855310201645,-0.0816001147031784,0.5725215673446655,-0.38292545080184937,-0.15668076276779175,-0.3037640154361725,0.0064794449135661125,-0.2557239234447479,-0.057024795562028885,0.11097337305545807,0.019794408231973648,0.19562186300754547,0.023104986175894737,0.1047995537519455,0.02192244492471218,-0.10285357385873795,0.2093328982591629,-0.09893781691789627
CID000006691,87,0.10012505203485489,-0.2672607898712158,-0.5250322818756104,-0.0043655335903167725,0.3066168427467346,-0.19365811347961426,-0.10442131757736206,-0.39865273237228394,-0.24328789114952087,0.24002614617347717,0.336502343416214,0.009674705564975739,-0.03930786997079849,-0.05494412034749985,-0.09909796714782715,0.3171258568763733,0.31632059812545776,0.04124440625309944,-0.17534227669239044,0.17584672570228577,-0.17762556672096252,-0.09977884590625763,0.48705142736434937,-0.06087024137377739,-0.41887742280960083,-0.6438654065132141,-0.45461931824684143,-0.09078536927700043,0.05566270276904106,0.06075461953878403,0.4304684102535248,0.10816214233636856,-0.009326868690550327,0.37279412150382996,-0.2268357276916504,0.031066587194800377,0.7388288378715515,-0.17059879004955292,0.08014554530382156,-0.046250179409980774,-0.14964157342910767,0.440256267786026,-0.30918633937835693,-0.02551373280584812,-0.02616129443049431,0.11861979961395264,0.6404499411582947,-0.031085556373000145,-0.5726414322853088,0.049804020673036575,-0.5224840641021729,0.3292309045791626,0.28591054677963257,-0.16355571150779724,0.059128034859895706,-0.34260278940200806,-0.14788630604743958,0.6017580032348633,-0.07414247840642929,-0.11689846217632294,0.08553506433963776,-0.23010185360908508,0.059536248445510864,0.691193699836731,0.07939913868904114,0.2291010618209839,-0.1870938241481781,-0.1301480382680893,0.03635217621922493,0.08787224441766739,-0.6535801291465759,0.1985512673854828,-0.4066324830055237,0.5130117535591125,-0.1194487065076828,0.3257151246070862,0.4327903687953949,0.31106361746788025,0.42894259095191956,0.027454007416963577,-0.09993135929107666,-0.21881799399852753,0.1656232327222824,0.017496058717370033,0.13308395445346832,0.36649876832962036,-0.04974525794386864,-0.14293131232261658,-0.18591028451919556,0.005411001853644848,-0.20244047045707703,-0.12274501472711563,-0.051679085940122604,0.10815846920013428,0.18103089928627014,-0.12619011104106903,-0.23237395286560059,0.1654941290616989,-0.04347150772809982,-0.5658776164054871,-0.03467009589076042,-0.20508034527301788,0.17677877843379974,-0.037004657089710236,0.15550784766674042,-0.03423462063074112,0.714515209197998,0.006065403111279011,0.2958151400089264,-0.14618350565433502,-0.114995077252388,0.27227264642715454,0.38891834020614624,-0.24386432766914368,0.2644135057926178,-0.33297595381736755,-0.32965442538261414,0.004865407012403011,-0.10712321847677231,-0.1245526522397995,-0.15784837305545807,-0.36690837144851685,0.052375078201293945,0.09884651750326157,-0.12646952271461487,0.16400574147701263,0.1467185914516449,0.15677431225776672,-0.3091610372066498,0.23286072909832,-0.6672970652580261,-0.09997813403606415,0.3575368821620941,0.16884541511535645,0.08526833355426788,0.7004870176315308,0.2879798114299774,-0.3461538851261139,0.18063421547412872,0.08031053841114044,-0.23906350135803223,-0.2237953394651413,0.15384145081043243,0.2935534119606018,0.22330716252326965,-0.03770142421126366,-0.3778495192527771,0.01923130825161934,0.08106915652751923,-0.10768890380859375,0.3537611663341522,-0.07727240025997162,-0.5915473699569702,-0.6695272326469421,0.34103432297706604,-0.2402130365371704,0.2914443612098694,-0.0027641947381198406,-0.41499608755111694,-0.044301748275756836,-0.13859324157238007,0.0025921999476850033,-0.7689982652664185,0.03515913337469101,-0.4112725853919983,-0.02265797182917595,-0.042115550488233566,-0.04786204919219017,0.5932328104972839,-0.502604067325592,-0.16586355865001678,-0.1795436441898346,-0.048112399876117706,-0.17854750156402588,-0.5079551935195923,-0.01733170635998249,0.41172394156455994,0.17528744041919708,0.5099493265151978,-0.09916207194328308,0.5783600211143494,-0.18420915305614471,-0.10108776390552521,0.3455219864845276,-0.053461991250514984,-0.4592139720916748,-0.017687367275357246,-0.2593126893043518,0.018659627065062523,-0.08843826502561569,-0.30516594648361206,0.8398789167404175,0.0008273556595668197,-0.36695271730422974,0.0663950964808464,-0.14835573732852936,-0.1351531594991684,0.13672715425491333,0.36753058433532715,-0.19669435918331146,0.4355557858943939,0.46356695890426636,-0.16048882901668549,0.055551134049892426,-0.459231436252594,-0.3254542648792267,-0.24431446194648743,-0.05504273623228073,-0.05815284699201584,-0.1422334462404251,0.23454204201698303,0.0780339390039444,0.0670919343829155,-0.2598060071468353,0.8587411046028137,0.07306692004203796,-0.18416431546211243,-0.19797416031360626,0.03920496255159378,0.24432909488677979,0.2422018051147461,0.034931670874357224,0.2695413827896118,-0.04934552311897278,0.07342406362295151,0.02778320014476776,0.13083960115909576,-0.7495003938674927,-0.28751498460769653,-0.1144341230392456,-0.11725280433893204,0.20745138823986053,0.11350838094949722,-0.22381344437599182,-0.5235854983329773,0.2856418490409851,0.16645291447639465,-0.2636505365371704,-0.03579006716609001,-0.14178869128227234,0.3665907680988312,-0.34928661584854126,-0.08647213876247406,-0.25431010127067566,0.0675974041223526,-0.39285939931869507,0.08251022547483444,-0.047103021293878555,0.02033890411257744,0.29196828603744507,0.029994791373610497,0.03380036726593971,0.23545093834400177,-0.15683558583259583,0.18109169602394104,-0.021963607519865036
CID000002666,90,-0.15119048953056335,-0.5036510229110718,-1.3836748600006104,-0.0874103456735611,0.31795090436935425,0.015746241435408592,0.050674181431531906,-0.8153035044670105,-0.0785580426454544,-0.300677090883255,0.5330368280410767,0.05628117918968201,-0.1804082691669464,-0.36969372630119324,-0.16119396686553955,0.19516317546367645,1.5314000844955444,0.03860853984951973,-0.5114895105361938,-0.2690017521381378,-0.4130076766014099,-0.05983526632189751,0.47948628664016724,-0.21755783259868622,-0.8346723318099976,-1.380028486251831,-0.8356931805610657,-0.1673123985528946,-0.011766800656914711,0.19166547060012817,1.98219895362854,0.38296449184417725,-0.04451809078454971,-0.5414749383926392,-0.17015060782432556,-0.29692378640174866,0.5287030935287476,-0.3474087119102478,0.391569048166275,-0.4562576413154602,-0.38790345191955566,1.9737704992294312,-0.6405820846557617,-0.3678540587425232,-0.01594357378780842,-0.02846113219857216,1.1034356355667114,0.230238676071167,-0.8725664019584656,0.09872225672006607,-0.5517858862876892,0.040899284183979034,0.01044643484055996,-0.13979694247245789,0.4458240568637848,-1.0114644765853882,0.036049939692020416,0.6260896325111389,-0.41118431091308594,0.34675806760787964,0.2891620993614197,-0.008168274536728859,-0.022945143282413483,1.003924012184143,-0.3197725713253021,0.1658414900302887,-0.11710743606090546,0.05957222729921341,-0.17986997961997986,0.24322152137756348,-1.1239292621612549,0.30886563658714294,-1.0778768062591553,-0.0413992740213871,-0.1199803575873375,0.49107375741004944,1.607460379600525,0.6888303160667419,1.0229920148849487,-0.11897941678762436,-0.20980504155158997,-0.23389121890068054,-0.619086742401123,0.17457544803619385,-0.19415625929832458,-0.0401538610458374,-0.18191757798194885,-0.6750743985176086,0.008468538522720337,0.6999033093452454,-0.32283711433410645,0.055510491132736206,-0.23527976870536804,0.0017392992740496993,-0.03955930471420288,-0.485551655292511,0.28311997652053833,0.2926561236381531,0.01245494931936264,-0.8797680139541626,-0.1660061776638031,-0.21235689520835876,-0.012998118996620178,-0.344140887260437,-0.025129735469818115,-0.19012442231178284,1.0712001323699951,-0.2635729908943176,0.04105878248810768,0.2845757007598877,-0.12256002426147461,0.08145659416913986,0.26785019040107727,-0.5272287726402283,-0.03643369674682617,-0.2687223553657532,-0.3126348853111267,0.1743667721748352,-0.11816122382879257,0.43848615884780884,-0.14199478924274445,-0.039917945861816406,-0.009373506531119347,-0.062322068959474564,0.38739123940467834,0.049708735197782516,0.3866419792175293,0.20701532065868378,0.3189331889152527,0.7026211023330688,-0.725104570388794,0.21310639381408691,0.056742049753665924,0.39185214042663574,-0.234637051820755,0.7903814315795898,-0.23896130919456482,0.05879697948694229,0.7296196222305298,0.10159864276647568,0.02772493101656437,-0.20795536041259766,-0.14736156165599823,0.057071179151535034,0.22460977733135223,0.13861384987831116,-0.08223654329776764,0.3377130329608917,0.5973902940750122,0.034537650644779205,0.24717310070991516,-0.4343460500240326,-0.8574113845825195,-1.3299534320831299,0.6408804655075073,0.22974076867103577,-0.1567542999982834,-0.1533985584974289,-0.14736002683639526,-0.024374734610319138,-0.06192110851407051,-0.21624593436717987,-1.1123355627059937,-0.22493338584899902,-1.0142614841461182,-0.34732067584991455,-0.21201086044311523,0.28612762689590454,0.9425126910209656,-0.12370884418487549,-0.12784087657928467,-0.23495180904865265,-0.11258242279291153,0.2609418034553528,-0.9250499606132507,-0.10318203270435333,0.33093371987342834,0.035988397896289825,0.6531186699867249,0.6500686407089233,0.8960460424423218,-0.050985775887966156,-0.35441872477531433,-0.10500514507293701,0.19747492671012878,-0.7061364054679871,-0.4785324037075043,0.15514303743839264,0.02451685629785061,-0.11944688856601715,-0.9716235995292664,1.095672607421875,-0.011223748326301575,-0.43628987669944763,-0.030361074954271317,-0.11249862611293793,-0.03381187468767166,0.19966351985931396,0.1820826530456543,0.0134699996560812,0.38311344385147095,-0.11057683080434799,-0.34867730736732483,0.26805511116981506,-0.1651511788368225,0.4311917722225189,0.06916821002960205,0.3020230531692505,0.18151047825813293,-0.40934237837791443,0.7988417148590088,0.0803619772195816,-0.034562427550554276,0.2704867124557495,0.9902394413948059,0.8658627271652222,-0.15197809040546417,-0.848608672618866,0.2042069137096405,0.10162077099084854,0.1448972523212433,-0.2041204869747162,-0.13360188901424408,0.0120307058095932,0.30819737911224365,0.05799349024891853,0.06355471909046173,-1.5157790184020996,-0.2087605893611908,-0.1970447599887848,0.2299536168575287,0.22446434199810028,-0.006937992759048939,-0.24764828383922577,-0.9030321836471558,0.18298113346099854,-0.27454936504364014,-0.0848410576581955,-0.18249455094337463,0.010926520451903343,1.2966891527175903,-0.3771171569824219,0.1723695546388626,-0.29691484570503235,-0.399039626121521,-0.46783876419067383,0.08089431375265121,0.3176088035106659,-0.26888057589530945,0.0693591758608818,0.20732632279396057,-0.18491175770759583,-0.03276925906538963,0.10173064470291138,0.5414409637451172,-0.2767339050769806
CID000002749,91,0.09987317025661469,-0.4625170826911926,-0.7868295311927795,-0.0804143100976944,0.39251115918159485,-0.18047329783439636,0.01419595442712307,-0.6621611714363098,-0.1134914979338646,-0.08271662145853043,0.3210364878177643,0.176813006401062,-0.07512512058019638,-0.1297837793827057,-0.09045688062906265,0.3997500538825989,0.23473462462425232,0.18015985190868378,-0.18748246133327484,0.05013774707913399,-0.29413843154907227,0.008461381308734417,0.2923951745033264,-0.11964776366949081,-0.8279910087585449,-1.1240664720535278,-0.563095211982727,0.03856943920254707,-0.003670325968414545,0.03873090818524361,0.7110211849212646,0.07988683134317398,-0.010191380977630615,0.45041805505752563,-0.19619175791740417,-0.11300120502710342,0.5146800875663757,-0.10035479068756104,-0.006082492880523205,0.19562122225761414,-0.11319540441036224,0.2172725647687912,-0.17418959736824036,-0.18686753511428833,0.06685211509466171,-0.17343536019325256,0.6247885823249817,-0.39726120233535767,-0.5301364660263062,-0.025623280555009842,-0.8254110217094421,0.15363174676895142,0.5827268958091736,-0.42504578828811646,0.14835871756076813,-0.21405115723609924,0.06557589769363403,0.6544330716133118,-0.11872279644012451,0.0017334222793579102,-0.2719248831272125,-0.07767318189144135,-0.24890410900115967,0.6259715557098389,0.289606511592865,0.4090956151485443,0.05212034657597542,-0.19112859666347504,-0.18846707046031952,0.04659464955329895,-0.5178894996643066,0.21290774643421173,-0.32289791107177734,0.4738582670688629,-0.07590033113956451,-0.005170366261154413,0.183700293302536,0.1418057382106781,0.8210129737854004,-0.039484549313783646,-0.09487026929855347,-0.5543058514595032,0.16621133685112,-0.11494968086481094,0.007559242658317089,0.28579631447792053,-0.43828874826431274,-0.07962554693222046,-0.11971734464168549,0.07398736476898193,-0.19136282801628113,-0.32387179136276245,-0.2729029059410095,0.19899985194206238,0.12216870486736298,-0.18181630969047546,-0.18117575347423553,0.510405957698822,0.08242790400981903,-1.2210336923599243,-0.09593814611434937,-0.2140069454908371,0.09121965616941452,-0.0052604274824261665,0.09117342531681061,0.05274345725774765,1.0305795669555664,0.04942101240158081,0.19615626335144043,0.10267932713031769,-0.08830929547548294,0.07355578243732452,0.3422262966632843,-0.5679262280464172,0.23753945529460907,-0.2474595606327057,-0.3270936608314514,0.12407352030277252,-0.02326091192662716,0.1558370143175125,-0.43038469552993774,-0.3297569453716278,-0.06418467313051224,0.13352158665657043,-0.14034461975097656,0.04972612485289574,0.18166914582252502,0.1313306838274002,-0.3672099709510803,0.3749445080757141,-0.6303848624229431,0.027027908712625504,0.4137301445007324,0.3008919656276703,-0.1693660318851471,0.8238401412963867,0.03170045092701912,-0.08038143813610077,0.25870296359062195,-0.1351412534713745,0.029049789533019066,-0.21515655517578125,0.11036167293787003,0.38758131861686707,0.10251693427562714,-0.019677912816405296,-0.37278133630752563,0.31774622201919556,0.15893645584583282,-0.040509965270757675,0.5742514133453369,-0.25324341654777527,-0.6190342903137207,-0.8000609278678894,0.4635251462459564,0.019891958683729172,0.2784251570701599,-0.05697264149785042,-0.5437715649604797,0.04853847250342369,-0.17413680255413055,0.26287946105003357,-1.1276661157608032,-0.18929460644721985,-0.45729246735572815,-0.06919513642787933,0.21549579501152039,-0.15084387362003326,0.9099612236022949,-0.574405312538147,-0.3274560272693634,-0.10323180258274078,0.08168377727270126,0.041111595928668976,-0.3532007336616516,-0.33410072326660156,0.33932432532310486,0.032307885587215424,0.6069642901420593,-0.06341572105884552,0.28868481516838074,-0.15611815452575684,-0.3248828947544098,0.766751766204834,0.1176573634147644,-0.4485093951225281,-0.16220375895500183,-0.09792975336313248,-0.24149258434772491,-0.24889370799064636,-0.38096651434898376,1.2565381526947021,-0.15981893241405487,-0.3011285662651062,0.012720373459160328,-0.24470660090446472,-0.2302742451429367,0.05468500778079033,0.7356642484664917,-0.2836519479751587,0.6269959211349487,0.39148595929145813,0.021438609808683395,0.7035278081893921,-0.4164856970310211,0.2542255222797394,-0.21773895621299744,0.014318960718810558,-0.2263070046901703,0.05601280927658081,-0.0028087496757507324,-0.2500019669532776,-0.08328116685152054,-0.19779708981513977,0.7969300150871277,0.350137323141098,-0.17688632011413574,-0.2622717022895813,-0.013461673632264137,0.31073373556137085,0.11788030713796616,0.11390290409326553,0.20469602942466736,0.04223506897687912,0.17812493443489075,0.3743060231208801,0.2002706229686737,-0.7179667353630066,-0.301152765750885,-0.2023790329694748,-0.0036976307164877653,-0.15026256442070007,0.12735287845134735,-0.21668581664562225,-0.5823560953140259,0.2628519833087921,0.017503419890999794,0.05862460657954216,-0.10064907371997833,-0.12379219383001328,0.9768557548522949,-0.2598956823348999,-0.17503270506858826,-0.28732386231422424,0.03005879558622837,-0.35709911584854126,0.033504270017147064,0.1012783795595169,-0.016640042886137962,0.2729397416114807,0.023569809272885323,0.18231205642223358,0.33238571882247925,-0.20372898876667023,0.4001113474369049,0.1705334484577179
CID000004411,92,0.2815406918525696,-0.11628133058547974,-0.7989194393157959,-0.03942340612411499,0.5210222601890564,-0.10458977520465851,0.06243811920285225,-0.9611871838569641,-0.14001253247261047,0.11372417211532593,0.6934606432914734,0.10586102306842804,-0.13616976141929626,-0.19139721989631653,-0.029623311012983322,0.3712192177772522,0.8318669199943542,-0.3223602771759033,-0.15258800983428955,0.14159582555294037,-0.11214109510183334,0.023758601397275925,0.4645755887031555,0.03278468921780586,-0.5597140192985535,-0.8026381731033325,-0.6600660085678101,-0.45170146226882935,0.30399125814437866,-0.4565025269985199,0.5080258846282959,0.0012917991261929274,-0.27515459060668945,-0.0059026554226875305,-0.47931671142578125,-0.011820751242339611,0.6260480880737305,-0.3008659780025482,0.1371605396270752,-0.30188167095184326,-1.0923339128494263,0.6054221987724304,-0.4342021346092224,-0.1294926255941391,0.08694658428430557,0.0021194755099713802,0.7283413410186768,0.05079416558146477,-0.5367562174797058,0.081666499376297,-0.7309402227401733,0.5563428401947021,0.38355815410614014,-0.28187739849090576,0.2499670535326004,-0.5312181711196899,0.24523834884166718,1.1644566059112549,-0.05349434167146683,-0.014772417955100536,-0.11874113231897354,-0.29163724184036255,-0.15495195984840393,1.1244099140167236,0.07707144320011139,0.40668249130249023,0.03613526374101639,0.2811998128890991,0.13412056863307953,0.1867605745792389,-1.0200453996658325,0.14883068203926086,-0.5245147943496704,0.557635486125946,-0.2937090992927551,0.4245087504386902,0.3665224313735962,0.42937177419662476,0.4049588739871979,0.0006453752284869552,-0.2037462294101715,-0.5517216920852661,0.03332867473363876,0.30513298511505127,0.40097150206565857,0.081951804459095,-0.2808128893375397,0.07042334973812103,-0.43690142035484314,0.13018889725208282,0.10299064964056015,0.09438963234424591,-0.08938045799732208,-0.09234156459569931,-0.04122282937169075,-0.140076145529747,-0.0801522508263588,0.3414039611816406,-0.11538271605968475,-1.0940860509872437,-0.05150386691093445,-0.17162257432937622,-0.03717072680592537,-0.3256899416446686,0.07836105674505234,-0.472080796957016,0.48308858275413513,0.27148550748825073,0.09613732248544693,-0.004463285207748413,-0.046692170202732086,-0.03398141637444496,1.3824536800384521,-0.6313982605934143,0.15417975187301636,-0.43550044298171997,-0.3880172371864319,-0.007345515303313732,-0.025739382952451706,0.31222397089004517,-0.4425756335258484,-0.11507657915353775,0.011462995782494545,0.1273563802242279,-0.06149224564433098,0.10758718103170395,0.3556899428367615,-0.029119372367858887,-0.23411007225513458,-0.02596810832619667,-0.4530006945133209,0.08330796658992767,0.48680272698402405,0.30214065313339233,0.19690676033496857,0.4821706712245941,0.2996775209903717,-0.5529807806015015,0.7063485383987427,-0.15567748248577118,-0.01129084825515747,-0.33958643674850464,0.1352289617061615,0.33026260137557983,-0.11598310619592667,0.1314300000667572,-0.3621334433555603,-0.0576101653277874,-0.0007523923995904624,0.07705329358577728,0.6091093420982361,-0.05580136924982071,-0.9405956268310547,-1.1423617601394653,0.567135214805603,-0.5468911528587341,0.14659859240055084,0.17666074633598328,-0.8755159378051758,0.002442454220727086,0.1780841052532196,-0.478663831949234,-1.162990689277649,0.08598639070987701,-0.5141054391860962,-0.396910697221756,-0.12930914759635925,0.21922481060028076,0.11073122918605804,-0.41219058632850647,-0.11746112257242203,-0.11226681619882584,0.08211202919483185,-0.11854372918605804,-0.9751696586608887,-0.12493014335632324,0.6879231333732605,0.06676944345235825,0.6041492223739624,-0.08210024982690811,0.3446294963359833,0.09122522175312042,-0.35476571321487427,0.3456954061985016,0.25036823749542236,-0.41809186339378357,0.0340556800365448,-0.08325616270303726,-0.03861524537205696,-0.026502173393964767,-0.5937000513076782,0.5990281701087952,-0.04446335881948471,-0.3052048981189728,-0.09384381026029587,-0.12096822261810303,-0.1917857825756073,-0.08854186534881592,0.11867179721593857,0.08245299756526947,0.8398174047470093,0.17552845180034637,-0.29865211248397827,0.10592542588710785,-0.4947572648525238,-0.14826825261116028,-0.335348516702652,-0.07997860014438629,0.32558199763298035,0.13109228014945984,0.08229658752679825,0.14411954581737518,0.2687053680419922,-0.09785894304513931,1.1220433712005615,0.13954725861549377,-0.33958739042282104,-0.30823633074760437,-0.19667114317417145,0.009689712896943092,0.32018062472343445,-0.2227882593870163,0.004801386501640081,-0.06399915367364883,-0.18632426857948303,0.11733639240264893,0.057429712265729904,-0.6901183128356934,-0.02033606730401516,-0.018652599304914474,0.20513243973255157,0.3274248540401459,0.20630387961864471,-0.4715810716152191,-1.1002463102340698,0.1860332190990448,-0.04893646389245987,0.16587816178798676,-0.00199735164642334,-0.20202045142650604,0.37196505069732666,-0.4123869836330414,-0.10324987024068832,-0.5038751363754272,0.01048695482313633,-0.304349422454834,-0.08248219639062881,-0.049863334745168686,-0.31372150778770447,0.2973056435585022,-0.05213478207588196,-0.014394080266356468,0.01584985852241516,-0.2724953293800354,0.2456197440624237,0.13871505856513977
CID000004748,93,-0.03195728734135628,-0.21700851619243622,-0.3660973906517029,0.29636186361312866,0.3318702280521393,-0.2733195424079895,-0.15045008063316345,-0.2775186002254486,-0.2017461061477661,0.12998764216899872,0.18302734196186066,0.04881269484758377,-0.023162085562944412,-0.008489109575748444,-0.07578925788402557,0.0959198996424675,0.23404845595359802,-0.03190401569008827,-0.3541186451911926,0.293677419424057,-0.15546974539756775,0.0015212178695946932,0.7014511823654175,0.02975093200802803,-0.30147793889045715,-0.43428534269332886,0.15766580402851105,-0.11069214344024658,0.23797759413719177,-0.09117528051137924,0.4465566575527191,0.056869618594646454,-0.062214501202106476,0.3400723338127136,-0.46436095237731934,0.1983349621295929,0.34989070892333984,-0.02242802083492279,0.05352474004030228,0.13253942131996155,-0.26486438512802124,0.4712425172328949,-0.33067983388900757,-0.058127302676439285,-0.08701994270086288,0.0970548689365387,0.48365625739097595,-0.13676278293132782,-0.534793496131897,0.08788682520389557,-0.26600152254104614,-0.027576643973588943,0.36824607849121094,-0.16505900025367737,0.07379613816738129,-0.232496976852417,-0.2092473804950714,0.6231616735458374,0.28172844648361206,-0.16405537724494934,0.0466466061770916,-0.0874294862151146,0.11612482368946075,0.7039192318916321,0.004741349723190069,0.47995486855506897,-0.1558447927236557,0.09956111758947372,-0.006031722761690617,0.07110218703746796,-0.648795485496521,0.1278199404478073,-0.7316130995750427,0.5336118936538696,-0.1002516970038414,0.46614956855773926,0.4331357479095459,0.2117430418729782,0.35604235529899597,0.03680475056171417,-0.07666392624378204,-0.15383048355579376,-0.09007830917835236,-0.05806862190365791,-0.12186948210000992,0.3767995238304138,-0.806749701499939,-0.09414596855640411,-0.04598469287157059,0.04422253370285034,-0.0867268368601799,0.044953685253858566,-0.32245662808418274,-0.08321710675954819,0.24243012070655823,-0.02020234242081642,-0.13353988528251648,0.09134257584810257,-0.1251470148563385,-0.3407195508480072,-0.024551203474402428,-0.36038675904273987,0.13508905470371246,-0.12078344821929932,0.1860698014497757,-0.17109790444374084,0.5308725833892822,0.1225999966263771,0.1847417652606964,-0.13034430146217346,-0.12586204707622528,-0.03245125338435173,0.11606912314891815,-0.053918130695819855,0.03320259600877762,-0.1979650855064392,-0.22395968437194824,-0.07789631932973862,-0.1330820620059967,0.15585482120513916,-0.16040313243865967,-0.3905511200428009,0.08544669300317764,0.20108036696910858,0.19292917847633362,-0.10345236212015152,0.14252056181430817,0.1327025443315506,-0.16310593485832214,0.18034003674983978,-0.5804954767227173,-0.4150829315185547,0.20796489715576172,0.16912707686424255,-0.008640244603157043,0.6984482407569885,0.20856554806232452,-0.2223033905029297,0.06634045392274857,-0.057492874562740326,-0.1593368947505951,-0.028354424983263016,-0.034824494272470474,0.12874434888362885,0.27089613676071167,0.08712687343358994,-0.28510868549346924,-0.13550125062465668,-0.10173974186182022,-0.060734301805496216,0.37818199396133423,-0.025196794420480728,-0.5667409896850586,-0.8649626970291138,0.8517776727676392,-0.2006440907716751,-0.07157637178897858,0.03278912976384163,-0.31365057826042175,-0.07534618675708771,-0.08984621614217758,-0.06913328915834427,-0.5869179368019104,0.033821262419223785,-0.5525665283203125,-0.06614335626363754,0.009334185160696507,-0.19807539880275726,0.3287718594074249,-0.6030711531639099,-0.2744734287261963,-0.13547323644161224,-0.04017391800880432,-0.13996125757694244,-0.35321009159088135,-0.13271772861480713,0.3893562853336334,0.29044657945632935,0.7508734464645386,0.05180634185671806,0.5164631605148315,0.043990474194288254,0.05077236890792847,0.2775939106941223,-0.2147865742444992,-0.26433199644088745,-0.020907795056700706,-0.398135781288147,-0.13021039962768555,-0.09369797259569168,-0.047761742025613785,0.48823195695877075,-0.008987453766167164,-0.49163079261779785,0.04050154238939285,0.02938915230333805,0.04722782224416733,0.05012667179107666,0.2670368254184723,-0.22022691369056702,0.06165279075503349,0.30394184589385986,-0.1903569996356964,-0.0556420162320137,-0.4706902503967285,-0.3927280008792877,-0.24132975935935974,-0.09584261476993561,0.1450301557779312,-0.13253657519817352,-0.02600198984146118,0.08571942150592804,-0.30737733840942383,-0.37499773502349854,0.2924710810184479,0.030609363690018654,-0.0414804145693779,-0.003073668573051691,-0.034227099269628525,0.09942474961280823,0.23578305542469025,-0.039284735918045044,0.2569501996040344,-0.08943279087543488,-0.012235132046043873,0.017858698964118958,-0.16895873844623566,-0.7167490124702454,-0.13943003118038177,-0.11542399972677231,-0.1072639599442482,0.18106022477149963,0.0700715184211731,-0.384617418050766,-0.4681393504142761,0.03258560597896576,0.25320011377334595,-0.10118107497692108,0.028125960379838943,-0.1090209037065506,0.4863246977329254,-0.4878270626068115,0.055713165551424026,-0.21987953782081604,-0.19685834646224976,-0.4445454180240631,0.09458781778812408,0.09822536259889603,-0.13283896446228027,0.36436301469802856,0.1569610983133316,0.2341817170381546,-0.030564019456505775,0.10094766318798065,-0.015452703461050987,-0.14857664704322815
CID000005533,94,0.054903119802474976,-0.20101690292358398,-0.49879950284957886,-0.06164176017045975,0.3229964077472687,-0.16592827439308167,-0.08158373832702637,-0.32546767592430115,-0.2150331437587738,0.10994640737771988,0.3461112082004547,-0.025209873914718628,-0.011711213737726212,-0.06581427901983261,-0.03869608789682388,0.3141052722930908,0.18689310550689697,0.05408390611410141,-0.21014440059661865,0.18766392767429352,-0.13401466608047485,-0.022658532485365868,0.6026353240013123,0.04298607259988785,-0.30996251106262207,-0.6723935008049011,-0.40636563301086426,-0.09774383157491684,0.22656579315662384,0.15671493113040924,0.5546558499336243,0.06687500327825546,-0.08278722316026688,0.2960871160030365,-0.32027626037597656,0.08355028927326202,0.44089287519454956,-0.20733074843883514,0.05851808935403824,0.03603757545351982,-0.27729418873786926,0.27541089057922363,-0.3627874255180359,0.05244087055325508,0.004988727159798145,0.2591952085494995,0.6710529923439026,-0.039096806198358536,-0.5401922464370728,-0.0645609125494957,-0.3766137957572937,0.1848997324705124,0.4192848801612854,-0.20620965957641602,0.08453391492366791,-0.4837116301059723,-0.27599239349365234,0.5996918678283691,-0.04307455196976662,-0.17981630563735962,0.12328694760799408,-0.176935613155365,-0.006671714596450329,0.6950725317001343,0.1436501443386078,0.13141964375972748,-0.19883212447166443,-0.06754884868860245,-0.06802503764629364,0.11934337764978409,-0.727131187915802,0.12874627113342285,-0.5715003609657288,0.42842990159988403,-0.07139275968074799,0.27907049655914307,0.27820858359336853,0.24276170134544373,0.4277675151824951,-0.11294660717248917,-0.046605903655290604,-0.10162951052188873,-0.050960831344127655,-0.07240147143602371,0.2535490393638611,0.3597371578216553,-0.1550975739955902,-0.09600432962179184,-0.15188780426979065,0.08815130591392517,-0.11448909342288971,-0.06742808222770691,-0.17514243721961975,0.06971321254968643,0.12889261543750763,-0.1450578272342682,-0.23208549618721008,0.3047294020652771,0.09631825983524323,-0.5052188038825989,-0.0837198942899704,-0.11993879079818726,0.10465137660503387,0.012829512357711792,0.14329330623149872,-0.14247974753379822,0.7843778729438782,0.15630754828453064,0.1455988883972168,-0.13022290170192719,-0.10642866790294647,0.09923318773508072,0.3669254779815674,-0.024141162633895874,0.21480020880699158,-0.20045073330402374,-0.28558558225631714,0.09590597450733185,-0.14734098315238953,0.009707564488053322,-0.08911524713039398,-0.3377792537212372,-0.04082174226641655,0.05786013603210449,-0.15620513260364532,0.13179545104503632,0.2008269727230072,0.026888567954301834,-0.2811904847621918,0.16611798107624054,-0.6287601590156555,-0.14503386616706848,0.3868444561958313,0.19239898025989532,0.11266651004552841,0.7261584997177124,0.24396519362926483,-0.15124569833278656,0.15708725154399872,-0.028969699516892433,-0.21274709701538086,-0.2028081715106964,0.1441328525543213,0.3880529999732971,0.22997458279132843,-0.08217374980449677,-0.4039042890071869,-0.11461295932531357,0.05736223980784416,-0.08553175628185272,0.1595384180545807,-0.014890262857079506,-0.6852335333824158,-0.6454141139984131,0.47075995802879333,-0.25083380937576294,0.10703001171350479,-0.24071164429187775,-0.3433988690376282,-0.02116430550813675,-0.12140955030918121,-0.06089178845286369,-0.7347022891044617,0.024332815781235695,-0.46228131651878357,-0.0972704142332077,-0.07096263021230698,-0.09054471552371979,0.48399513959884644,-0.6232226490974426,-0.2541671395301819,-0.21642228960990906,-0.11125849187374115,-0.21327421069145203,-0.5173262357711792,-0.10567709058523178,0.33581456542015076,0.19144484400749207,0.5345489382743835,-0.0971178486943245,0.6652699112892151,-0.2587564289569855,-0.07384362071752548,0.12695761024951935,-0.13408328592777252,-0.45624297857284546,-0.11382635682821274,-0.33431321382522583,0.06005888432264328,-0.03822869807481766,-0.4469144940376282,0.8228017687797546,-0.08760680258274078,-0.5509966015815735,0.052641611546278,-0.0788237676024437,-0.07623924314975739,0.13529649376869202,0.2751750648021698,-0.0758758932352066,0.3485865592956543,0.379081130027771,-0.1450575292110443,0.12474532425403595,-0.5599113702774048,-0.4624320864677429,-0.1830899566411972,-0.011258864775300026,0.007864783518016338,-0.20933897793293,0.12450859695672989,-0.004849079065024853,0.19452272355556488,-0.19428309798240662,0.7941194176673889,-0.002818665001541376,-0.11313290894031525,-0.31587889790534973,0.016383450478315353,0.2067965269088745,0.3646010458469391,-0.003006488084793091,0.17931991815567017,-0.169942706823349,0.024278759956359863,0.10069677978754044,0.10193981975317001,-0.7472030520439148,-0.220232754945755,-0.027523886412382126,-0.11414496600627899,0.12993083894252777,0.15840378403663635,-0.31938233971595764,-0.5248512029647827,0.447200208902359,0.11313609033823013,-0.1857522875070572,-0.037728410214185715,-0.16359098255634308,0.33678194880485535,-0.40370863676071167,-0.026263680309057236,-0.159187451004982,-0.03545539826154709,-0.19286036491394043,0.0092081930488348,-0.03240625932812691,0.019816115498542786,0.2759978175163269,0.006251019425690174,0.12274345010519028,0.2004813402891159,-0.1385163813829422,0.11300452053546906,-0.009914432652294636
CID004475485,95,0.20490512251853943,-0.221928209066391,-0.6928002238273621,0.15278778970241547,0.3676098883152008,-0.22971078753471375,0.10470689833164215,-0.6274390816688538,-0.040505848824977875,-0.29692894220352173,0.3825875222682953,0.11643676459789276,-0.05408822372555733,0.04486771672964096,-0.05206746980547905,0.2501656711101532,0.18713586032390594,0.1829155683517456,-0.26746752858161926,-0.0966082215309143,-0.06666137278079987,0.0791441947221756,0.18639077246189117,0.023978644981980324,-0.9731079339981079,-0.8173953890800476,-0.21125531196594238,0.045529693365097046,0.09749296307563782,0.1197950690984726,0.5087755918502808,-0.06825574487447739,0.1959826797246933,0.28848132491111755,-0.042695552110672,0.01719365268945694,0.29672372341156006,-0.06628459692001343,0.18858297169208527,0.040083304047584534,0.2021765410900116,0.2572065591812134,-0.05279183387756348,-0.18926724791526794,-0.037929948419332504,0.011472883634269238,0.6917625069618225,-0.3867589831352234,-0.5795358419418335,0.10012936592102051,-1.0505588054656982,-0.11033500730991364,0.4433656334877014,-0.2093658447265625,-0.04328316077589989,-0.09631842374801636,-0.013602575287222862,0.7307543158531189,-0.08099271357059479,-0.08252866566181183,-0.2574969530105591,-0.0730564147233963,-0.09102962911128998,0.3815283477306366,0.15096239745616913,0.5036643743515015,0.07091923803091049,-0.009097944013774395,-0.09408871829509735,0.13603396713733673,-0.36583366990089417,0.053737837821245193,-0.3225093483924866,0.5069810152053833,-0.127384215593338,0.264138400554657,0.10390663146972656,0.09705096483230591,0.7150993943214417,0.16161124408245087,-0.04347739741206169,-0.4422689974308014,0.0891873762011528,-0.0665091723203659,0.2050502747297287,0.21000075340270996,-0.5616288781166077,-0.11646537482738495,-0.008940828032791615,-0.047204919159412384,-0.2799828350543976,-0.17705011367797852,-0.2330790013074875,0.12507233023643494,0.19688758254051208,0.14635029435157776,-0.20105063915252686,0.32421067357063293,-0.0804218202829361,-1.2630358934402466,-0.15714044868946075,-0.19242875277996063,0.04260484129190445,-0.12070069462060928,0.15844067931175232,0.06362651288509369,0.8221275210380554,0.05382831022143364,0.17068693041801453,0.08054578304290771,0.13112671673297882,0.13590964674949646,0.03336307033896446,-0.7760929465293884,0.1973421275615692,-0.3032190799713135,-0.10645266622304916,0.1146385669708252,-0.069016233086586,0.08766307681798935,-0.13128048181533813,-0.27515244483947754,0.07647762447595596,0.2008698284626007,0.09981077164411545,-0.03378850966691971,0.2596665024757385,0.05511398985981941,-0.25797802209854126,0.10983823239803314,-0.5487638711929321,-0.1488037407398224,0.23653241991996765,0.3031918406486511,-0.10221640020608902,0.5404847860336304,-0.03735410049557686,0.08062563836574554,0.23415827751159668,-0.1817728579044342,-0.012041374109685421,-0.03804831951856613,0.23176594078540802,0.34687134623527527,0.04208986088633537,0.005505119450390339,-0.37886273860931396,0.32353276014328003,-0.08240939676761627,-0.06214917451143265,0.838096022605896,-0.22451570630073547,-0.3388379216194153,-0.5933374166488647,0.6380958557128906,0.14643093943595886,0.03679095208644867,0.07816396653652191,-0.4058381915092468,0.08965171873569489,-0.10825534909963608,-0.1000370979309082,-0.9569190144538879,0.017086880281567574,-0.3972100615501404,0.12160905450582504,-0.013391581363976002,-0.17476296424865723,0.952573299407959,-0.5892598628997803,-0.24648995697498322,-0.03763943910598755,0.015010034665465355,0.06518490612506866,-0.30350616574287415,-0.46790480613708496,0.19337090849876404,0.019557124003767967,0.5481716394424438,0.27013975381851196,0.17811958491802216,-0.15811391174793243,0.014457407407462597,0.6879741549491882,-0.1604255884885788,-0.34437087178230286,-0.09538082778453827,-0.23144201934337616,-0.13446642458438873,-0.14493680000305176,-0.378834068775177,1.21274995803833,-0.0754765123128891,-0.02165457047522068,-0.006256203167140484,-0.15166474878787994,-0.1906665712594986,0.036389343440532684,1.056082844734192,-0.06261412799358368,0.5184510946273804,0.4181998372077942,-0.05555806681513786,0.6132068634033203,-0.42226123809814453,0.11375591903924942,-0.38868725299835205,-0.0056271799840033054,-0.21976864337921143,0.03992297127842903,-0.05019565671682358,-0.004106387495994568,-0.04982679337263107,-0.24299852550029755,0.4606042504310608,0.07793059200048447,-0.1362428218126297,-0.0353865846991539,0.14857788383960724,0.09785358607769012,0.006432903464883566,0.04630446434020996,0.17573119699954987,-0.2849653363227844,-0.15975342690944672,0.37730416655540466,0.02665995992720127,-0.37328699231147766,-0.14212961494922638,-0.05222354084253311,0.11418260633945465,-0.0034204304683953524,0.27165716886520386,-0.24932751059532166,-0.5030916929244995,0.11980932950973511,0.12069986015558243,-0.07106496393680573,-0.11862315237522125,-0.11838944256305695,1.0341013669967651,-0.25694748759269714,-0.019207436591386795,-0.34708866477012634,-0.18951627612113953,-0.5054742693901062,-0.06087442487478256,-0.11417081207036972,-0.02054184302687645,0.3925478160381317,0.22600626945495605,0.19859769940376282,0.07673696428537369,-0.04026405140757561,0.41026267409324646,-0.15185494720935822
CID000003016,96,0.2013988047838211,-0.10897614061832428,-0.3516341745853424,0.41508761048316956,0.25856414437294006,-0.13612902164459229,0.029746174812316895,-0.336611807346344,0.05795085430145264,0.15122181177139282,0.1366012990474701,-0.009682664647698402,-0.07406580448150635,-0.0820232704281807,-0.15420444309711456,0.1676800549030304,-0.0033870041370391846,0.2505071759223938,-0.29843467473983765,-0.03625652194023132,-0.1410123109817505,-0.1276337206363678,0.6391459703445435,0.02632962539792061,-0.25400182604789734,-0.4566231369972229,0.038571614772081375,-0.37681224942207336,0.22892513871192932,-0.05398960039019585,0.5823923945426941,-0.03647139295935631,-0.16161468625068665,0.1193401962518692,-0.23251290619373322,0.25113731622695923,0.03857002407312393,-0.12858298420906067,0.09389255940914154,0.1467093527317047,-0.06247233226895332,0.27497807145118713,-0.4019700586795807,0.2465849220752716,0.1017855852842331,-0.0035621323622763157,0.3129364848136902,-0.1290164440870285,-0.3438143730163574,0.05304456874728203,-0.24936123192310333,0.15842188894748688,0.6271787881851196,-0.37454479932785034,0.030305812135338783,-0.2061796635389328,-0.11658511310815811,0.5404844880104065,0.2836560904979706,-0.23834295570850372,0.005372080020606518,-0.09904959052801132,-0.0910809114575386,0.8400713801383972,0.0016671940684318542,0.470918744802475,-0.18336692452430725,0.016483034938573837,-0.042481206357479095,0.17489376664161682,-0.7704801559448242,-0.023902779445052147,-0.6040676832199097,0.15717753767967224,-0.07194411754608154,0.45531725883483887,0.3049032688140869,0.04131355136632919,0.2703477144241333,-0.029291223734617233,0.12202472984790802,-0.10659673064947128,0.06685128062963486,-0.024332767352461815,0.17829492688179016,0.18501929938793182,-0.5777690410614014,-0.26766932010650635,-0.25352728366851807,-0.035789091140031815,-0.10931842029094696,0.07879749685525894,-0.31425172090530396,-0.19485963881015778,0.1617296040058136,-0.15343445539474487,-0.12539179623126984,0.2839720845222473,-0.03311231732368469,-0.44368547201156616,0.055787403136491776,0.04961509630084038,-0.03843649476766586,0.025452593341469765,0.07952024042606354,-0.07335750013589859,0.4221177101135254,0.287113755941391,0.06107987090945244,-0.13151267170906067,0.18434016406536102,-0.11309687048196793,0.30683737993240356,-0.17363885045051575,0.008866613730788231,-0.04181680828332901,0.0023754655849188566,-0.033956706523895264,-0.11671553552150726,0.2231895923614502,-0.2606028616428375,-0.40788254141807556,-0.057861290872097015,0.17877446115016937,0.139252707362175,-0.00665745884180069,0.07510209828615189,0.12417349964380264,-0.08607260882854462,0.11280746757984161,-0.6971855163574219,-0.46632376313209534,0.2092859297990799,0.11442074924707413,-0.09144432842731476,0.6695241928100586,-0.19415315985679626,-0.28816163539886475,0.19522736966609955,-0.10651109367609024,-0.19448289275169373,-0.016742590814828873,-0.2029992789030075,0.23796243965625763,0.39614880084991455,-0.14137905836105347,-0.1563940793275833,-0.06866700947284698,-0.02625591680407524,-0.1030956506729126,0.41291871666908264,-0.021160483360290527,-0.8652025461196899,-0.805868923664093,0.8509063720703125,-0.24983856081962585,-0.1627684384584427,0.04165317118167877,-0.32628652453422546,0.0538870207965374,-0.1270347684621811,-0.07491518557071686,-0.4824965000152588,0.18482835590839386,-0.6060482859611511,-0.22763553261756897,-0.15546655654907227,-0.17786721885204315,0.6081846952438354,-0.6697715520858765,-0.3432328999042511,-0.13371142745018005,0.019054684787988663,-0.013283690437674522,-0.4797693192958832,-0.028045261278748512,0.466322124004364,0.10933691263198853,0.5912449955940247,0.011527443304657936,0.5308541655540466,0.04211161285638809,-0.13380536437034607,0.16871824860572815,-0.17529800534248352,-0.2868146598339081,0.1887138932943344,-0.22199055552482605,-0.2395675629377365,-0.11491803079843521,-0.18933628499507904,0.4711936116218567,0.008432901464402676,-0.5365310907363892,0.03635365515947342,0.026636794209480286,-0.029779206961393356,0.11075471341609955,0.06977929174900055,0.06307558715343475,0.08180522918701172,-0.0357874371111393,0.044265784323215485,-0.06486773490905762,-0.6287425756454468,-0.4058210253715515,-0.31274083256721497,-0.10822977125644684,-0.021516073495149612,-0.22231635451316833,0.0316384956240654,0.16632011532783508,0.09323428571224213,-0.15320655703544617,0.3391132950782776,0.0992419570684433,-0.1611369103193283,-0.019291069358587265,0.08833128958940506,-0.05966830998659134,0.3734666109085083,-0.050253164023160934,0.28734785318374634,-0.009402197785675526,-0.042195938527584076,0.14719966053962708,-0.028841104358434677,-0.7962568998336792,-0.08331124484539032,0.10720346122980118,0.10924049466848373,0.019741082563996315,-0.014206403866410255,-0.14438991248607635,-0.6406043171882629,0.11616124957799911,0.18797452747821808,0.030961614102125168,0.04322412610054016,-0.10657570511102676,0.4106462597846985,-0.522235631942749,-0.08514197170734406,-0.12062595039606094,-0.10214565694332123,-0.6077698469161987,0.09474511444568634,0.22783493995666504,-0.180935800075531,0.4495006501674652,0.15050581097602844,0.1071699857711792,-0.005140575114637613,-0.02931898459792137,0.1556645780801773,-0.12327015399932861
CID000003379,97,-0.12821561098098755,-0.41952046751976013,-0.8008456230163574,0.1734616756439209,0.028311360627412796,-0.4228507876396179,-0.14094194769859314,-0.45359674096107483,0.16121569275856018,-0.6378949880599976,0.6786543726921082,0.04447062686085701,0.21219590306282043,0.005975581705570221,-0.20946791768074036,0.2480366975069046,0.27422380447387695,0.2753666937351227,-0.6218529343605042,-0.7640148401260376,-0.14225128293037415,-0.18063423037528992,0.4615207612514496,-0.1309305727481842,-0.7353607416152954,-1.3464741706848145,-1.3346397876739502,0.0725821927189827,0.19482095539569855,-0.596549391746521,1.4039759635925293,-0.1581924706697464,-0.051428355276584625,0.458474725484848,-0.5634770393371582,-0.23171424865722656,0.2748055160045624,-0.4256831705570221,0.31238776445388794,-0.001280391588807106,-1.0654093027114868,0.30053240060806274,-0.5100772976875305,-0.33938512206077576,0.2476664036512375,-0.26060423254966736,0.6535905003547668,0.5108711123466492,-0.8662558794021606,0.08363549411296844,-1.0663055181503296,-0.11069907993078232,0.4734271168708801,-0.4663124680519104,-0.3914288878440857,-1.0514684915542603,0.17042052745819092,1.2197015285491943,0.22945041954517365,0.4626644551753998,-0.513674795627594,-0.40899795293807983,0.037067413330078125,1.4264593124389648,0.052777983248233795,0.5990502834320068,0.05773606151342392,0.04999601095914841,0.12426596879959106,0.050672031939029694,-1.4905951023101807,0.2395685464143753,-0.5873020887374878,0.32106128334999084,-0.29704347252845764,0.2622210383415222,0.33984944224357605,0.39595282077789307,0.782262921333313,-0.031515318900346756,-0.1427517682313919,-0.29396572709083557,-0.09551185369491577,0.09283754974603653,-0.0772494226694107,-0.1113625168800354,0.0387067012488842,-0.04293755441904068,0.035759784281253815,0.1812821328639984,0.24266500771045685,0.056757330894470215,-0.3047599494457245,0.2513694763183594,0.004631658550351858,-0.08753016591072083,-0.054216157644987106,0.21269457042217255,-0.1064169630408287,-0.5544919967651367,-0.30841362476348877,0.1346438229084015,-0.05849713087081909,-0.35521671175956726,-0.4431719183921814,-0.7865394949913025,0.8129383325576782,-0.3659234941005707,-0.27307844161987305,0.251808762550354,-0.21015362441539764,0.22813931107521057,0.7823001146316528,-0.9537138938903809,-0.3124280273914337,0.08333351463079453,-0.5529311895370483,0.5933189988136292,-0.09790046513080597,0.46440306305885315,-0.26929301023483276,-0.052838731557130814,-0.07238922268152237,-0.24078217148780823,0.3542269170284271,0.1991211622953415,0.1433783769607544,0.33168211579322815,0.19628076255321503,0.5280941724777222,-1.1962203979492188,-0.27156686782836914,0.17586150765419006,-0.16514870524406433,0.14644058048725128,0.7721210718154907,-0.31861379742622375,0.16717053949832916,0.6213554739952087,0.11161203682422638,0.12145879119634628,-0.1706932634115219,0.1454312801361084,0.11409574747085571,0.0875636488199234,-0.1385866105556488,-0.23244138062000275,0.5956821441650391,0.1050565242767334,0.056082360446453094,0.8071526288986206,-0.3368232846260071,-0.7319909930229187,-0.6436547636985779,0.12905672192573547,0.0965750440955162,-0.2728983759880066,0.46372777223587036,-0.5516679286956787,0.028124649077653885,-0.009162358939647675,0.153666153550148,-1.0893421173095703,0.052561402320861816,-0.5662606954574585,-0.416109174489975,-0.5050339698791504,0.06442560255527496,0.4476933479309082,-0.31848931312561035,-0.18787512183189392,-0.23981693387031555,-0.4777585566043854,0.31011971831321716,-0.6756294369697571,0.394186794757843,0.3069254457950592,-0.032845787703990936,0.6220855116844177,0.7191900014877319,0.42404913902282715,9.370371844852343e-05,0.4345284402370453,-0.1978585124015808,-0.021924365311861038,-0.29484885931015015,-0.0852370634675026,0.11847685277462006,-0.5178757905960083,-0.48807889223098755,-0.3356640934944153,0.8392755389213562,-0.25825977325439453,-0.26698368787765503,-0.05021938681602478,-0.1409517228603363,0.07150962948799133,-0.11741713434457779,-0.0072998241521418095,-0.4914930760860443,0.45017725229263306,0.19797471165657043,0.15188363194465637,0.42385226488113403,-0.5553846955299377,0.15617573261260986,-0.4997921586036682,-0.05575568228960037,-0.05445123836398125,-0.259706974029541,-0.07680920511484146,-0.16099302470684052,-0.17465569078922272,0.04509839415550232,1.3832809925079346,0.01606486365199089,0.0959925428032875,-0.2210935354232788,-0.15922698378562927,-0.22547511756420135,0.031245911493897438,-0.05375392362475395,0.1096097007393837,0.07210306823253632,0.017782533541321754,0.07902732491493225,-0.2621796429157257,-1.7190420627593994,-0.32832932472229004,0.33205825090408325,0.036027174443006516,0.4024169445037842,-0.21097715198993683,-0.539765477180481,-1.0320661067962646,0.1960631161928177,-0.1445433795452118,-0.13894715905189514,0.3461640775203705,-0.37802645564079285,0.48805704712867737,-0.3082793653011322,0.36123359203338623,-0.005792525596916676,0.17434576153755188,0.0673118382692337,0.10954272747039795,0.32252615690231323,-0.17420312762260437,0.1618543565273285,-0.12087013572454453,0.06312856823205948,-0.40382617712020874,-0.3830738961696625,0.3616531789302826,-0.25290900468826294
CID000005719,100,0.04245571792125702,-0.2519524395465851,-0.436577171087265,-0.005426186136901379,0.3158210813999176,-0.1915523111820221,-0.05955691263079643,-0.3269484341144562,-0.2368278056383133,0.09252559393644333,0.3094720244407654,-0.016116278246045113,-0.06432757526636124,-0.025621715933084488,-0.01922461949288845,0.2989533543586731,0.3103618323802948,0.04184763878583908,-0.19232289493083954,0.18390308320522308,-0.18004271388053894,-0.03850967809557915,0.5471519827842712,-0.012438771314918995,-0.30873697996139526,-0.6587468385696411,-0.39019253849983215,-0.07431504130363464,0.14774015545845032,0.1455661654472351,0.4359045624732971,0.10005780309438705,-0.10690399259328842,0.34962671995162964,-0.233962744474411,0.08072631061077118,0.731866180896759,-0.1401989609003067,0.02295834571123123,0.06356534361839294,-0.14487139880657196,0.42361849546432495,-0.43324121832847595,0.04432467371225357,-0.035054221749305725,0.1927281618118286,0.5880029797554016,-0.05035216361284256,-0.5837342739105225,-0.06391789019107819,-0.35249063372612,0.24969518184661865,0.31044119596481323,-0.17798103392124176,0.057620465755462646,-0.34585481882095337,-0.2512112259864807,0.518182635307312,-0.06899134814739227,-0.12405212223529816,0.1269875019788742,-0.2262439727783203,0.046789031475782394,0.6767727136611938,0.13048811256885529,0.1278790384531021,-0.21135100722312927,-0.06689274311065674,0.008786046877503395,0.103086456656456,-0.7153754830360413,0.10649404674768448,-0.47227048873901367,0.48747748136520386,-0.10616610199213028,0.27653226256370544,0.3948573172092438,0.31936532258987427,0.4254922866821289,-0.056493889540433884,-0.044118400663137436,-0.1469169408082962,0.015517905354499817,-0.07490348815917969,0.2166471928358078,0.36162978410720825,-0.09401674568653107,-0.10083658993244171,-0.13737839460372925,0.08217211812734604,-0.12303092330694199,-0.03021773137152195,-0.03318081051111221,0.10152800381183624,0.16523584723472595,-0.1257290542125702,-0.23963113129138947,0.23476386070251465,0.031661152839660645,-0.5096254348754883,-0.06949308514595032,-0.14638251066207886,0.1528831422328949,-0.043430596590042114,0.20280084013938904,-0.10490522533655167,0.728643536567688,0.12671713531017303,0.20212963223457336,-0.1190694198012352,-0.09698693454265594,0.10498170554637909,0.24043142795562744,-0.05134081095457077,0.19010642170906067,-0.28196579217910767,-0.2764422595500946,0.07954348623752594,-0.1442074477672577,-0.02472297102212906,-0.09160052239894867,-0.35148173570632935,-0.020802075043320656,0.1420334279537201,-0.1257946789264679,0.17059534788131714,0.1401127129793167,0.08540032058954239,-0.22102610766887665,0.2324816733598709,-0.6202495694160461,-0.15277177095413208,0.39074382185935974,0.11208222061395645,0.07612500339746475,0.6491111516952515,0.1780475676059723,-0.16639067232608795,0.1726771891117096,-0.05716618150472641,-0.19911672174930573,-0.17955416440963745,0.11682526022195816,0.33268219232559204,0.18359573185443878,-0.08832987397909164,-0.3406505286693573,-0.09031334519386292,0.038457922637462616,-0.04577488452196121,0.17114827036857605,-0.07246648520231247,-0.537705659866333,-0.5535135269165039,0.38625314831733704,-0.22775821387767792,0.18709224462509155,-0.18212147057056427,-0.33789950609207153,-0.05183257535099983,-0.12760794162750244,-0.03395520895719528,-0.6971601247787476,-0.011201774701476097,-0.412156879901886,-0.03378786891698837,-0.037788063287734985,-0.11924233287572861,0.5133964419364929,-0.5445387363433838,-0.07736100256443024,-0.1879754662513733,-0.059035420417785645,-0.16595090925693512,-0.47355788946151733,-0.08056323230266571,0.31740421056747437,0.21311214566230774,0.5341287851333618,-0.1255902349948883,0.7303965091705322,-0.2600153982639313,-0.028184708207845688,0.1767377108335495,-0.10778798907995224,-0.453291118144989,-0.08301203697919846,-0.2902933955192566,0.09916135668754578,-0.06939864158630371,-0.3649490773677826,0.8159871101379395,-0.07968249171972275,-0.45027437806129456,0.08862915635108948,-0.08490980416536331,-0.11543980985879898,0.12581183016300201,0.2787092626094818,-0.07136715948581696,0.32988181710243225,0.46631184220314026,-0.1337197721004486,0.08876360952854156,-0.4841787815093994,-0.41716670989990234,-0.17697076499462128,0.023994754999876022,-0.06675601750612259,-0.17980891466140747,0.12658295035362244,0.03251844644546509,0.11602608114480972,-0.221622496843338,0.7741907835006714,-0.03432682529091835,-0.134409099817276,-0.2500843107700348,0.037094295024871826,0.1882895827293396,0.29798728227615356,0.052860647439956665,0.2507416307926178,-0.11352600157260895,0.05654662847518921,0.1008574515581131,0.0972641259431839,-0.6581479907035828,-0.31194859743118286,-0.06191826984286308,-0.09481773525476456,0.15488897264003754,0.15244263410568237,-0.3077211380004883,-0.4669235646724701,0.35086289048194885,0.08033514022827148,-0.2400006502866745,-0.002315870253369212,-0.17262312769889832,0.30782681703567505,-0.38596123456954956,-0.008053511381149292,-0.22553133964538574,-0.014523309655487537,-0.24586184322834015,0.002480871509760618,0.008454933762550354,0.007790458854287863,0.3180200159549713,0.034353237599134445,0.11850903183221817,0.22716529667377472,-0.15764722228050232,0.06865453720092773,0.01153233926743269
CID000003440,101,0.047424063086509705,-0.2686558663845062,-0.45958414673805237,0.009703786112368107,0.31632816791534424,-0.201420396566391,-0.08749423176050186,-0.3126969635486603,-0.17100301384925842,0.10099701583385468,0.3224654793739319,0.010871326550841331,-0.037273846566677094,-0.013868418522179127,0.013832363300025463,0.24104797840118408,0.17810265719890594,0.028879988938570023,-0.20099158585071564,0.14240232110023499,-0.12684890627861023,-0.018718397244811058,0.5688660144805908,0.01798037625849247,-0.3313941955566406,-0.680949330329895,-0.45682597160339355,-0.09670847654342651,0.17340517044067383,0.16686442494392395,0.4661845266819,0.07006635516881943,-0.11388101428747177,0.28410691022872925,-0.27134647965431213,0.10981235653162003,0.4515857696533203,-0.1036737710237503,0.038285523653030396,0.07544616609811783,-0.20238390564918518,0.27817386388778687,-0.42214107513427734,0.08107957988977432,-0.017879053950309753,0.1224648505449295,0.6556625366210938,-0.08799639344215393,-0.568120002746582,-0.03326909616589546,-0.3482375144958496,0.32325395941734314,0.44223490357398987,-0.18771633505821228,0.07259681820869446,-0.39311084151268005,-0.3206479847431183,0.5261974334716797,-0.059995390474796295,-0.0877390131354332,0.08043285459280014,-0.23597308993339539,0.07568439096212387,0.7186933159828186,0.11269856989383698,0.1332380473613739,-0.17247053980827332,-0.06179901212453842,-0.07325134426355362,0.1072431355714798,-0.7117289304733276,0.1680612564086914,-0.45075249671936035,0.47596320509910583,-0.029649335891008377,0.2635870575904846,0.2787354588508606,0.2532879710197449,0.4185663163661957,-0.0767727792263031,-0.08113888651132584,-0.13006846606731415,-0.002860005246475339,-0.11597774177789688,0.24797296524047852,0.3441820740699768,-0.09445933252573013,-0.06011083722114563,-0.1312674582004547,0.14775817096233368,-0.13821661472320557,-0.03679289668798447,-0.05698249489068985,0.10083526372909546,0.11103291809558868,-0.10446224361658096,-0.26123207807540894,0.31074467301368713,0.028080135583877563,-0.5207692384719849,-0.08375386893749237,-0.1644335687160492,0.12616534531116486,-0.011051619425415993,0.15232960879802704,-0.1677478849887848,0.729712724685669,0.15320658683776855,0.1635323017835617,-0.10029278695583344,-0.18072131276130676,0.07527603954076767,0.34957075119018555,-0.06654736399650574,0.24538366496562958,-0.2627439498901367,-0.33504465222358704,0.035581059753894806,-0.12365823984146118,-0.06650745868682861,-0.12226734310388565,-0.35506749153137207,-0.050843946635723114,0.0785878449678421,-0.1740466058254242,0.17897959053516388,0.19112072885036469,0.13088861107826233,-0.23646827042102814,0.2810748219490051,-0.6310110688209534,-0.15260592103004456,0.33851975202560425,0.19759587943553925,0.13827559351921082,0.6624239087104797,0.2079535275697708,-0.22342972457408905,0.1913122981786728,-0.07321637868881226,-0.22824983298778534,-0.14954639971256256,0.17984230816364288,0.2862527370452881,0.25445571541786194,-0.08095743507146835,-0.35243821144104004,-0.05852602794766426,-0.02128061093389988,-0.028515946120023727,0.1748359501361847,-0.032730989158153534,-0.6067618131637573,-0.5542412996292114,0.37969398498535156,-0.25188595056533813,0.16128678619861603,-0.24961547553539276,-0.34457921981811523,-0.055835723876953125,-0.11016096919775009,-0.05502394586801529,-0.778596818447113,-0.004825317766517401,-0.4311888813972473,-0.016534913331270218,-0.06601063162088394,-0.10540859401226044,0.44836369156837463,-0.5942408442497253,-0.24956290423870087,-0.12024593353271484,-0.04869662597775459,-0.08700210601091385,-0.5538485646247864,-0.11941411346197128,0.33944791555404663,0.19837801158428192,0.5085908770561218,-0.15767665207386017,0.6820693016052246,-0.2356189489364624,-0.05927535146474838,0.1695542335510254,-0.16727463901042938,-0.4686317443847656,-0.08315862715244293,-0.24346809089183807,0.10634718090295792,-0.07730431854724884,-0.35915032029151917,0.763664186000824,-0.061614979058504105,-0.5448835492134094,0.12224128097295761,-0.06678587943315506,-0.07973881810903549,0.1272667944431305,0.31570661067962646,-0.1287497580051422,0.38116320967674255,0.4147200584411621,-0.13557302951812744,0.10120262950658798,-0.5526330471038818,-0.5090559124946594,-0.14447320997714996,0.04048395901918411,-0.004488448612391949,-0.2006927728652954,0.12090244144201279,0.006916010286659002,0.16488340497016907,-0.17064246535301208,0.8853047490119934,-0.03518392890691757,-0.17223581671714783,-0.3228015601634979,0.037745244801044464,0.23987019062042236,0.42264777421951294,0.041235752403736115,0.20594386756420135,-0.13277196884155273,-0.035576194524765015,0.1564534604549408,0.02906813845038414,-0.7003464102745056,-0.2611089050769806,-0.06227974221110344,-0.10158942639827728,0.10963068902492523,0.1464003622531891,-0.26991450786590576,-0.5156335830688477,0.3683018088340759,0.041357722133398056,-0.22840097546577454,0.06484606117010117,-0.15319672226905823,0.28313711285591125,-0.4266115725040436,-0.09818632900714874,-0.22137531638145447,0.01496916450560093,-0.22758698463439941,-0.0011085495352745056,-0.052808333188295364,-0.02294239029288292,0.3243039846420288,0.020542260259389877,0.11222735792398453,0.2270563542842865,-0.1946098804473877,0.08886019140481949,-0.00460579851642251
CID000003325,102,0.07824772596359253,-0.170792356133461,-0.6346916556358337,0.24719440937042236,0.35382845997810364,-0.06881523877382278,-0.21554580330848694,-0.6363796591758728,-0.14233528077602386,-0.03373942896723747,0.25403040647506714,0.15303464233875275,0.009675162844359875,0.04073549062013626,0.06911908090114594,0.1744837462902069,0.3216518759727478,0.05796827748417854,-0.12734323740005493,0.15096214413642883,-0.11682401597499847,0.031244998797774315,0.5474526286125183,-0.05744319036602974,-0.4827074408531189,-0.6840965151786804,-0.5890201330184937,0.2849003076553345,-0.016917884349822998,-0.05411503463983536,0.5407665967941284,0.04779573529958725,0.02298331819474697,0.576876163482666,-0.1008358746767044,0.19060645997524261,1.1721030473709106,-0.18522194027900696,0.06689044088125229,0.01379087008535862,0.07386217266321182,0.6810069680213928,-0.4148024916648865,0.02550673484802246,-0.06886895000934601,0.06848961859941483,0.6615926027297974,-0.23286065459251404,-0.3408936858177185,-0.027671391144394875,-0.3162969946861267,0.1327439248561859,0.276202917098999,-0.22928765416145325,0.28488582372665405,-0.21456380188465118,-0.30872899293899536,0.4091104567050934,-0.013103599660098553,-0.03373038023710251,-0.08542267978191376,-0.1962497979402542,-0.12376842647790909,0.6343593597412109,0.027920197695493698,0.1232261210680008,-0.14876970648765564,-0.2173236906528473,0.025286143645644188,0.07023650407791138,-0.5458377003669739,0.27578556537628174,-0.6253272891044617,0.49850210547447205,0.05646078661084175,0.376343309879303,0.7764018177986145,0.20094773173332214,0.3863617181777954,0.08590082079172134,-0.06662604957818985,-0.1821337193250656,0.16035127639770508,-0.052589405328035355,0.08391280472278595,0.3804715573787689,-0.08917143195867538,-0.06969825178384781,-0.06799416244029999,0.10594171285629272,-0.21578332781791687,-0.07599137723445892,-0.04222916439175606,0.02134963497519493,0.06887205690145493,-0.00030218958272598684,-0.014189636334776878,0.2469373494386673,-0.07110878080129623,-0.7469496726989746,0.033728353679180145,-0.22788524627685547,0.08109676837921143,0.04571405053138733,0.25616130232810974,0.03703636676073074,0.9773648381233215,-0.18586108088493347,0.33629992604255676,-0.09737890958786011,-0.19055166840553284,-0.009526592679321766,0.18000458180904388,-0.05246235057711601,0.17729289829730988,-0.42340439558029175,-0.394437313079834,-0.01424979418516159,-0.1324075162410736,0.13678082823753357,-0.26348191499710083,-0.22683043777942657,0.2548357844352722,0.026717331260442734,-0.11213506758213043,0.0022656440269201994,0.38103312253952026,0.01775054633617401,-0.3438657224178314,0.26910433173179626,-0.6351964473724365,-0.4587600827217102,0.31038251519203186,0.11951933056116104,0.08579559624195099,0.7384264469146729,0.1894739717245102,-0.12862041592597961,0.17422430217266083,-0.16411180794239044,-0.08273281157016754,-0.15995123982429504,0.014669114723801613,0.14528848230838776,0.13039833307266235,0.04648463800549507,-0.18808136880397797,-0.06332184374332428,-0.04600108042359352,-0.10867144167423248,0.12640054523944855,-0.17192292213439941,-0.5056758522987366,-0.596036434173584,0.487922728061676,-0.1695050299167633,0.3621850907802582,0.07430112361907959,-0.40984615683555603,-0.08295855671167374,-0.05477796867489815,0.3899659514427185,-1.088773488998413,0.1503906548023224,-0.34130340814590454,-0.008841733448207378,-0.08393736183643341,-0.0797119140625,0.7092099189758301,-0.38903433084487915,-0.20354723930358887,-0.05638536065816879,-0.008439847268164158,-0.12757305800914764,-0.6863619685173035,-0.153572216629982,0.4576229155063629,0.16680853068828583,0.5216077566146851,-0.08241599798202515,0.5759798288345337,-0.1322190910577774,-0.20131143927574158,0.4751245081424713,-0.023271704092621803,-0.5625166296958923,-0.15996913611888885,-0.08516287803649902,-0.331370085477829,-0.11080684512853622,-0.34231340885162354,1.0835860967636108,0.02273624762892723,-0.4736121594905853,0.14114990830421448,-0.17777353525161743,-0.0032406747341156006,0.1332925707101822,0.4499695301055908,-0.12838402390480042,0.3143742084503174,0.3687726855278015,-0.08161278069019318,0.12087980657815933,-0.26323848962783813,-0.17774498462677002,-0.1566547155380249,0.0432685948908329,-0.0494772307574749,-0.11513678729534149,-0.09429323673248291,-0.015507352538406849,-0.10937193781137466,-0.35976627469062805,0.7489396929740906,0.0290084145963192,-0.0932653397321701,-0.3227872848510742,-0.013182166032493114,0.04909897968173027,0.22271573543548584,-0.0034924685023725033,0.08436540514230728,-0.22413083910942078,0.14777496457099915,0.07633112370967865,0.01328062079846859,-0.6853781342506409,-0.2089778184890747,-0.12282566726207733,-0.11903859674930573,0.06732349097728729,-0.04419759660959244,-0.07682888209819794,-0.5156483054161072,0.022713806480169296,0.09963624179363251,-0.1662103831768036,0.1207079291343689,0.030524659901857376,0.8872133493423462,-0.2740984261035919,0.04699491709470749,-0.32649141550064087,-0.04951898381114006,-0.2623968720436096,0.10752551257610321,0.09425842016935349,-0.12104036659002304,0.20523306727409363,0.2878943085670471,0.01792857050895691,0.23504891991615295,-0.08664365857839584,0.24118778109550476,0.10628082603216171
CID000003403,103,0.12942203879356384,-0.44256171584129333,-0.8850404024124146,0.041224509477615356,0.5120002627372742,-0.25360408425331116,0.12276514619588852,-0.9594348669052124,-0.13980762660503387,-0.2921685576438904,0.6158774495124817,0.22360308468341827,-0.014650451950728893,0.03472452238202095,-0.01833251118659973,0.19721293449401855,0.4468490481376648,0.15785890817642212,-0.08936464041471481,-0.14650294184684753,-0.16345372796058655,0.16453710198402405,0.2434699535369873,0.13471278548240662,-1.0132256746292114,-0.821353554725647,-0.40620675683021545,0.09056299179792404,0.08716414868831635,-0.106309674680233,0.6805930137634277,-0.1823205202817917,0.14050056040287018,0.47829586267471313,-0.1513611078262329,-0.10708657652139664,0.6340707540512085,-0.11583896726369858,0.28299281001091003,0.0011987208854407072,-0.08058095723390579,0.5567184686660767,-0.020485417917370796,-0.2982405126094818,0.06704244017601013,0.01978156715631485,0.8960129618644714,-0.341249942779541,-0.7356496453285217,0.023948222398757935,-0.9472475051879883,0.07658179849386215,0.421720415353775,-0.17304842174053192,0.31015825271606445,-0.25298959016799927,0.12279646098613739,0.9957536458969116,-0.10621174424886703,0.08751735836267471,-0.11669266223907471,-0.2103944569826126,0.07650013267993927,0.6955136656761169,0.12332294881343842,0.4009159505367279,0.0895758867263794,0.0020522058475762606,-0.10551824420690536,0.1395806521177292,-0.3712778389453888,0.13074244558811188,-0.53267502784729,0.2933146357536316,-0.12709364295005798,0.01632823795080185,0.23044872283935547,0.12592044472694397,1.0008007287979126,0.08968781679868698,0.06979936361312866,-0.588018000125885,0.03819048032164574,-0.05252038314938545,0.1739310771226883,0.15254834294319153,-0.6104492545127869,-0.28859594464302063,-0.12428373098373413,-0.11542227119207382,-0.23091967403888702,-0.4067983627319336,-0.273214191198349,0.08582717925310135,0.14241346716880798,0.1011657565832138,-0.09007556736469269,0.3511783480644226,-0.0924481600522995,-1.4691898822784424,-0.23431095480918884,-0.04885869473218918,0.19170036911964417,-0.15328440070152283,0.1311829388141632,-0.12410803139209747,0.7696532011032104,0.06666158139705658,0.21365471184253693,0.010267580859363079,0.35071367025375366,0.30698996782302856,0.2202085554599762,-0.6141847968101501,0.18131574988365173,-0.08859963715076447,-0.18484391272068024,0.4269076883792877,0.07189510762691498,0.19870153069496155,-0.22940056025981903,-0.29289180040359497,0.05151158571243286,0.2171836644411087,0.40023595094680786,-0.11814071983098984,0.45528388023376465,-0.1198580414056778,-0.2773926258087158,0.45254501700401306,-0.7574419975280762,0.06297997385263443,0.42477521300315857,0.21288034319877625,-0.16671478748321533,0.8217148780822754,0.06965808570384979,0.05673900991678238,0.40586405992507935,-0.3646828830242157,-0.06373067945241928,-0.0811159759759903,0.00890803337097168,0.34521594643592834,-0.06521691381931305,0.09560191631317139,-0.19240985810756683,0.34881681203842163,-0.010427096858620644,-0.05156788229942322,0.7362741231918335,-0.10048897564411163,-0.3637249767780304,-1.0512992143630981,0.7975300550460815,0.07338280230760574,0.1019616574048996,0.35677945613861084,-0.5188486576080322,0.16026124358177185,-0.09326867759227753,0.06057335063815117,-0.8867658376693726,-0.025642285123467445,-0.5401567220687866,0.07055167853832245,-0.008296800777316093,-0.08982422202825546,1.0390689373016357,-0.5561837553977966,-0.11597783863544464,-0.18251901865005493,0.013201162219047546,0.2020915001630783,-0.37900519371032715,-0.43400368094444275,0.28920048475265503,-0.0260274950414896,0.5488181114196777,0.04995758458971977,0.2577906847000122,-0.21501152217388153,-0.27481281757354736,0.9027620553970337,-0.05242227762937546,-0.1798088103532791,-0.0919744148850441,-0.04563351720571518,-0.32002338767051697,-0.36325782537460327,-0.5434249639511108,1.4597904682159424,-0.057835645973682404,-0.09494167566299438,-0.02393539622426033,-0.20630812644958496,-0.1269446313381195,0.0382034070789814,1.303101897239685,-0.25820401310920715,0.725170373916626,0.2302592247724533,-0.014964446425437927,1.1948354244232178,-0.3444543778896332,0.444430410861969,-0.28833678364753723,-0.07276896387338638,-0.27433663606643677,0.22839145362377167,-0.2654348313808441,0.021364297717809677,-0.011890125460922718,-0.25481876730918884,0.4863017499446869,0.39416471123695374,-0.25139760971069336,0.044356584548950195,0.05582939460873604,0.18795788288116455,-0.06001940369606018,0.015696600079536438,0.11300592124462128,-0.29108837246894836,-0.21855251491069794,0.5004862546920776,0.06873476505279541,-0.48082202672958374,-0.13714317977428436,0.0013556123012676835,0.11799287796020508,0.12706375122070312,0.2178068906068802,-0.30185601115226746,-0.7386969923973083,0.31852036714553833,0.19243724644184113,-0.03143566846847534,-0.22903123497962952,-0.29818224906921387,1.141998291015625,-0.2714608609676361,-0.034239720553159714,-0.25844651460647583,-0.1533249169588089,-0.4201391637325287,0.061568938195705414,0.08155383169651031,-0.04082539677619934,0.5174045562744141,0.1341533362865448,0.11447638273239136,-0.10532275587320328,0.02339177206158638,0.510259747505188,-0.06780701875686646
CID000002118,104,0.07406878471374512,-0.17472998797893524,-0.410820871591568,0.19667553901672363,0.37183400988578796,-0.10912138223648071,0.07222287356853485,-0.5663740038871765,-0.21531622111797333,0.19060009717941284,0.46950966119766235,-0.03811173513531685,-0.09222088754177094,-0.008454312570393085,-0.04921934753656387,0.05011727660894394,0.18143954873085022,0.07027600705623627,-0.21494540572166443,0.25635427236557007,-0.26573437452316284,0.042078904807567596,0.5207160711288452,-0.03352508321404457,-0.38583967089653015,-0.6703227758407593,-0.4880906045436859,-0.17703962326049805,0.14867930114269257,-0.056165628135204315,0.8891829252243042,0.1547083556652069,-0.12228790670633316,0.26454442739486694,-0.3155108094215393,0.06237602233886719,0.5138955116271973,-0.1822321116924286,0.0683109238743782,0.12269733101129532,-0.11915115267038345,0.2871508002281189,-0.4130648970603943,0.05848466232419014,-0.11997918039560318,0.10389228910207748,0.6019911170005798,-0.015790525823831558,-0.6084232330322266,0.037099193781614304,-0.389669805765152,0.2854767441749573,0.40503424406051636,-0.3162911534309387,0.17197354137897491,-0.3913363516330719,-0.18598556518554688,0.43525105714797974,0.1301502287387848,0.008057701401412487,0.018093818798661232,-0.31933730840682983,-0.09056149423122406,0.8215800523757935,0.1862354874610901,0.19090303778648376,-0.14712266623973846,-0.0057504503056406975,-0.04671035334467888,0.020874451845884323,-0.8004493713378906,0.21663153171539307,-0.5877417325973511,0.37914013862609863,-0.09107683598995209,0.28954386711120605,0.47985610365867615,0.3331994414329529,0.5503534078598022,-0.1566038429737091,0.02119690552353859,-0.09352079033851624,0.02869781292974949,-0.11697717756032944,0.3382645547389984,0.26421135663986206,-0.10728831589221954,-0.13325071334838867,-0.06403066217899323,0.11549611389636993,-0.07788856327533722,0.007693552877753973,0.0641937404870987,0.08743017166852951,0.18770301342010498,-0.3393372893333435,-0.2042536735534668,0.22387531399726868,-0.010687601752579212,-0.49224624037742615,-0.07967191934585571,-0.05016344040632248,0.05402752757072449,0.08400215953588486,0.29120445251464844,-0.117296501994133,0.8297456502914429,0.1278175562620163,0.11473224312067032,-0.06088211387395859,-0.0625169426202774,0.1370440423488617,0.2051246613264084,-0.3533000349998474,0.20997866988182068,-0.30247047543525696,-0.3254205584526062,0.07556158304214478,-0.016280317679047585,0.24865874648094177,-0.16914880275726318,-0.19531351327896118,0.030082672834396362,0.09836752712726593,-0.07921240478754044,0.11370426416397095,0.33938777446746826,0.2536933720111847,-0.1871006190776825,0.2369152009487152,-0.6762255430221558,-0.3923768997192383,0.4760759770870209,0.2803729474544525,0.057182759046554565,0.6687838435173035,0.19307342171669006,-0.33841121196746826,0.34079304337501526,-0.002728629857301712,-0.013073727488517761,-0.15021435916423798,-0.02165595255792141,0.16784551739692688,0.23003816604614258,-0.19025540351867676,-0.40757831931114197,-0.11242593824863434,0.03874238207936287,0.11720927059650421,0.3621394634246826,-0.05233798548579216,-0.7095398902893066,-0.6740565299987793,0.30171680450439453,-0.2936709523200989,0.09524841606616974,-0.023673439398407936,-0.19015063345432281,-0.15157830715179443,-0.0654950961470604,-0.009887385182082653,-0.6215353012084961,0.026332315057516098,-0.4662531018257141,-0.1224488615989685,0.006050749681890011,-0.15643344819545746,0.724898636341095,-0.6354893445968628,-0.18203218281269073,-0.205007404088974,-0.10362033545970917,-0.1652100384235382,-0.7979528307914734,-0.0631733387708664,0.4435151517391205,0.11093141883611679,0.6921423673629761,-0.07153110951185226,0.7036412954330444,-0.16512691974639893,-0.19433365762233734,0.22605028748512268,0.004572771489620209,-0.6513704061508179,0.14504177868366241,-0.1950516700744629,-0.17604856193065643,-0.1131867915391922,-0.583979606628418,0.8675508499145508,-0.15855678915977478,-0.3655467629432678,0.17049697041511536,0.12348587810993195,-0.06864026933908463,0.038052525371313095,0.17736755311489105,-0.18682879209518433,0.4338200092315674,0.3544836938381195,-0.1877930909395218,0.14195095002651215,-0.5601117014884949,-0.2397882491350174,-0.16633941233158112,-0.020466860383749008,-0.08743196725845337,-0.35810860991477966,0.12244647741317749,-0.06629518419504166,0.384704053401947,-0.20675060153007507,0.8146554827690125,0.2279302179813385,-0.058368198573589325,-0.41422024369239807,-0.03526950627565384,0.15239086747169495,0.35517463088035583,0.1064433604478836,0.3690997064113617,-0.060971688479185104,-0.019054602831602097,0.22101202607154846,0.05691570043563843,-0.8200953602790833,-0.27713459730148315,0.07770964503288269,-0.0903034657239914,0.00766989728435874,0.16299161314964294,-0.07679115235805511,-0.5403842926025391,0.3206762373447418,-0.07337092608213425,-0.1226024180650711,-0.0515567772090435,-0.0855717808008194,0.5818479657173157,-0.34758591651916504,-0.1487395465373993,-0.327078640460968,-0.013994676060974598,-0.30978161096572876,-0.059819452464580536,0.0823533684015274,-0.005457267165184021,0.1973990499973297,0.0138127775862813,0.022512760013341904,0.05513354390859604,-0.1353081911802292,0.2908474802970886,-0.09834892302751541
CID000003382,105,-0.2316453903913498,-0.15139570832252502,-0.8602851033210754,0.33540597558021545,0.17435675859451294,-0.503575325012207,0.02216320112347603,-0.6034001111984253,0.12851130962371826,-0.5263414978981018,0.4146200120449066,0.11520306766033173,0.21311458945274353,-0.1498332917690277,-0.25664523243904114,0.019707266241312027,0.16881239414215088,0.22089619934558868,-0.45159539580345154,-0.8433387875556946,-0.08333756029605865,-0.005880492739379406,0.42266684770584106,-0.09844936430454254,-0.7131984829902649,-1.3813583850860596,-1.4487420320510864,-0.19545143842697144,0.1386016309261322,-0.6850800514221191,1.3386244773864746,-0.051135845482349396,0.11121537536382675,0.4812709391117096,-0.6209490895271301,0.03510717302560806,0.2626577317714691,-0.4025999903678894,0.44825607538223267,-0.004398887511342764,-1.1221240758895874,0.3919562101364136,-0.5985571146011353,-0.3356541693210602,0.18797150254249573,-0.288316935300827,0.5528072714805603,0.2368236482143402,-0.7862916588783264,0.07504543662071228,-1.1847028732299805,-0.06910916417837143,0.28978055715560913,-0.39048272371292114,-0.21783070266246796,-0.8603650331497192,0.10168993473052979,1.3266363143920898,0.1689251959323883,0.5194156169891357,-0.606368899345398,-0.34717798233032227,0.2798120379447937,1.509324312210083,0.20251107215881348,0.41957688331604004,0.25533708930015564,0.035825978964567184,0.07936503738164902,-0.05046167969703674,-1.5159456729888916,0.4363941550254822,-0.6690028309822083,0.5073825120925903,-0.24352240562438965,0.28164637088775635,0.65535569190979,0.7940071821212769,1.298333764076233,-0.3170436918735504,-0.24891778826713562,-0.48489418625831604,0.12237358093261719,0.07292037457227707,-0.17575550079345703,-0.011192839592695236,0.06206522509455681,-0.006768548395484686,0.13015076518058777,0.27260786294937134,0.2005251944065094,-0.11565694957971573,-0.22266355156898499,-0.05101175978779793,0.1206878200173378,-0.2781503200531006,0.06312455236911774,0.27228498458862305,-0.04378794878721237,-0.5503973960876465,-0.21228738129138947,0.3073481023311615,-0.33366644382476807,-0.39913132786750793,-0.2482103854417801,-0.7716172933578491,0.5949872732162476,-0.1637769490480423,-0.3343976140022278,0.13572758436203003,-0.19757118821144104,0.27545538544654846,0.6679750680923462,-0.9511795043945312,-0.19573739171028137,0.15792281925678253,-0.41583508253097534,0.5827613472938538,-0.020504390820860863,0.2794347405433655,-0.254766583442688,-0.008501911535859108,-0.1588737815618515,-0.18705099821090698,0.27413100004196167,0.11755893379449844,0.06815645098686218,0.29823756217956543,0.21791696548461914,0.3673645555973053,-1.1456096172332764,-0.28912055492401123,0.4534112513065338,-0.0034031749237328768,0.023870307952165604,0.7857697010040283,-0.2443358451128006,0.1656661033630371,0.38130345940589905,0.061621952801942825,-0.11025204509496689,-0.1928318291902542,0.021848618984222412,0.1966652125120163,0.08152391761541367,-0.11675000190734863,-0.10851620137691498,0.7209814786911011,-0.1564575731754303,-0.051086388528347015,0.8623536229133606,-0.35387375950813293,-0.8463073968887329,-0.6239804029464722,0.13095752894878387,0.1743224859237671,-0.2303500473499298,0.7944769263267517,-0.6145564317703247,-0.12148301303386688,0.01379922591149807,0.15244801342487335,-0.8900076746940613,0.024231767281889915,-0.6519840955734253,-0.41064295172691345,-0.49201783537864685,0.019790658727288246,0.34376177191734314,-0.34762364625930786,-0.04165114834904671,-0.40783101320266724,-0.39956972002983093,0.20805230736732483,-0.617106556892395,0.24794229865074158,0.3679389953613281,0.1501927673816681,0.6479109525680542,0.408721923828125,0.5491821765899658,0.09936605393886566,0.2492353469133377,-0.21136310696601868,0.18459434807300568,-0.23587746918201447,-0.0640338808298111,0.11186124384403229,-0.5984353423118591,-0.5167421102523804,-0.09998039901256561,0.6253146529197693,-0.3281906843185425,-0.25286275148391724,-0.16805481910705566,-0.08471639454364777,0.033151861280202866,-0.02448495663702488,-0.04426085948944092,-0.4499446749687195,0.700832188129425,0.2416776716709137,0.07677978277206421,0.4248577952384949,-0.4114587903022766,0.553813099861145,-0.36689263582229614,-0.24366798996925354,-0.00027084947214461863,-0.027773786336183548,0.0007461964851245284,-0.06839665025472641,-0.2307816445827484,-0.05291774868965149,1.2534377574920654,0.18471558392047882,-0.055250246077775955,-0.251072496175766,-0.15395446121692657,-0.007992970757186413,0.052545178681612015,-0.26551634073257446,0.05212312936782837,0.29086819291114807,0.1780874878168106,0.1586926281452179,-0.2012733519077301,-1.5940006971359253,-0.35791441798210144,0.43215101957321167,0.2993842661380768,0.2312231808900833,-0.09697053581476212,-0.555324912071228,-1.289793610572815,0.3659548759460449,-0.07022808492183685,-0.1161031499505043,0.35589390993118286,-0.16770990192890167,0.4634789824485779,-0.17850330471992493,0.2842145264148712,-0.04833643138408661,0.11217775195837021,-0.05313519760966301,0.05292404443025589,0.09391146898269653,-0.323891818523407,0.20583800971508026,-0.31849056482315063,-0.17645153403282166,-0.2768135666847229,-0.3562694489955902,0.17359142005443573,-0.27550026774406433
CID000003463,106,0.1868698000907898,-0.14293056726455688,-0.7980104088783264,0.12911143898963928,0.44860658049583435,0.1223049908876419,-0.15260407328605652,-0.7962252497673035,-0.06854034960269928,0.469475656747818,0.49536070227622986,-0.2937382459640503,-0.296101450920105,0.02274596132338047,-0.08012229949235916,0.2412421703338623,0.1489078551530838,-0.045250341296195984,-0.6471527814865112,-0.06377723067998886,-0.18864692747592926,0.23454828560352325,0.5024169087409973,0.03875816613435745,-0.9393391609191895,-0.9043487310409546,-0.8610116243362427,-0.27991342544555664,0.38840752840042114,-0.6192321181297302,0.8575087785720825,0.031133834272623062,0.055655550211668015,0.2388140857219696,-0.9325636029243469,0.07812340557575226,0.6136820912361145,-0.3033578097820282,-0.015006447210907936,-0.3081710636615753,-0.7932604551315308,0.5964885354042053,-0.5298446416854858,-0.394980251789093,-0.10698623955249786,-0.053082942962646484,0.8081002235412598,-0.27619990706443787,-0.4018832743167877,-0.09946442395448685,-1.5811842679977417,0.7403269410133362,0.8082650303840637,-0.2524039149284363,-0.07093551009893417,-0.20372769236564636,0.051335353404283524,1.1370129585266113,0.45065298676490784,0.20965008437633514,-0.21205851435661316,-0.3601919412612915,-0.2899664342403412,1.2449333667755127,-0.1608678549528122,0.5578473806381226,0.1538013517856598,0.1322326958179474,-0.09538142383098602,0.10259868949651718,-1.2971354722976685,0.22324740886688232,-0.5617572665214539,0.3285345435142517,-0.33876585960388184,0.36633002758026123,0.2985745072364807,-0.000926750130020082,0.9998347163200378,-0.008502686396241188,-0.2439555823802948,-0.5851396918296814,0.04203019291162491,0.06813808530569077,-0.020085209980607033,0.32941311597824097,-0.594958484172821,-0.03016960620880127,-0.013766837306320667,-0.013095235452055931,-0.008371466770768166,-0.36830461025238037,-0.31559425592422485,-0.0966704711318016,-0.19746628403663635,-0.2613537907600403,-0.08657844364643097,0.5453402400016785,0.008365203626453876,-0.8590372800827026,-0.1618790179491043,0.24033811688423157,0.02676064893603325,-0.32996684312820435,0.13469263911247253,-0.14544740319252014,0.6517223119735718,0.017273196950554848,0.13334417343139648,0.05787085369229317,-0.08697124570608139,0.35714995861053467,1.7060844898223877,-1.0391085147857666,0.1701892614364624,-0.19322514533996582,-0.3189465403556824,-0.032407455146312714,-0.10319942235946655,0.3372563123703003,-0.4154287874698639,-0.439589262008667,-0.3176388442516327,0.03153042495250702,-0.3010377287864685,0.049906034022569656,0.46920642256736755,0.10234446823596954,-0.2882072329521179,0.1719059944152832,-0.7269711494445801,0.05111893266439438,0.4772014021873474,0.16677510738372803,0.03545119985938072,0.6434080600738525,0.0922347828745842,-0.7970505356788635,0.6664415597915649,0.603840708732605,0.1593257635831833,0.01058121956884861,0.3129080832004547,0.10898222774267197,-0.1286158561706543,0.15184879302978516,-0.7754217386245728,0.4190146327018738,0.1878351867198944,-0.0715079978108406,0.6812502145767212,-0.05735660716891289,-1.1310449838638306,-0.9564988017082214,0.4894852638244629,-0.39107465744018555,-0.05473939701914787,0.6106733083724976,-1.0282456874847412,-0.11367690563201904,-0.02745099738240242,0.4197094440460205,-0.9561647176742554,0.20430245995521545,-0.6550046801567078,-0.23098285496234894,0.1519642174243927,0.08628872781991959,0.6380190849304199,-0.3313029408454895,-0.22448639571666718,-0.2091960459947586,-0.12574487924575806,0.029827987775206566,-0.9202486872673035,-0.061890698969364166,0.6702183485031128,-0.04307864233851433,0.32097262144088745,0.173752099275589,0.08252470195293427,-0.17922921478748322,-0.14694377779960632,0.968413233757019,-0.15350571274757385,-0.4498809278011322,0.2650875449180603,0.2975795567035675,-0.310656875371933,-0.4470301568508148,-0.17003436386585236,0.7113815546035767,0.18864840269088745,-0.3877635598182678,-0.38187986612319946,0.07352308928966522,0.026575785130262375,-0.0257994644343853,0.3964162766933441,0.032533198595047,0.7820824384689331,0.18271414935588837,-0.3662899434566498,0.29580166935920715,-0.5614610314369202,-0.0556177981197834,-0.33258703351020813,-0.08617854863405228,0.01961291953921318,-0.08094896376132965,0.1032145619392395,0.10192786157131195,-0.0834963247179985,-0.07977400720119476,1.355013132095337,0.21255998313426971,-0.14807769656181335,0.0667070746421814,-0.07498550415039062,0.12568852305412292,0.22251662611961365,-0.17612233757972717,-0.11732844263315201,0.20923058688640594,-0.18224334716796875,0.32174044847488403,0.15487195551395416,-1.364906668663025,-0.04540671780705452,0.2520361542701721,-0.020213520154356956,0.4511002004146576,0.06535092741250992,-0.10236354172229767,-1.2201210260391235,0.18303105235099792,-0.03336099535226822,-0.0419917106628418,0.22114281356334686,-0.36582744121551514,0.24374285340309143,-0.1977233588695526,-0.13652834296226501,-0.20294658839702606,0.08621788024902344,-0.3622828423976898,0.10939006507396698,-0.006900489330291748,-0.1217038631439209,0.279790997505188,-0.029922401532530785,-0.010372623801231384,0.2579807937145233,-0.2883448004722595,0.46438851952552795,-0.07443796098232269
CID000004510,107,0.12049665302038193,-0.07915443181991577,-0.5381228923797607,0.16643977165222168,0.4770389497280121,-0.04184570536017418,0.0819835290312767,-0.8027507066726685,-0.15575504302978516,-0.21732918918132782,0.21450749039649963,0.21100087463855743,-0.10366497933864594,-0.14696796238422394,0.11640415340662003,0.0818166732788086,0.23464247584342957,-0.018177371472120285,-0.2585211396217346,-0.09302345663309097,-0.16794757544994354,0.03566649556159973,0.505935788154602,-0.026393795385956764,-0.44939368963241577,-0.5240693688392639,-0.3236125111579895,-0.07643644511699677,-0.028102582320570946,-0.2048657387495041,0.7165240049362183,0.015330605208873749,0.006885312497615814,0.34300777316093445,-0.33714038133621216,0.2693677544593811,0.8772934675216675,-0.07908815145492554,0.06923780590295792,0.12431923300027847,-0.2518891394138336,0.2651689052581787,-0.601071834564209,-0.06210515648126602,-0.06669960916042328,0.07691137492656708,0.5857753157615662,-0.2796587646007538,-0.40516799688339233,-0.00698952516540885,-0.5392953157424927,0.217308908700943,0.3489205241203308,-0.27549290657043457,0.10198614746332169,-0.28264421224594116,-0.26250284910202026,0.49988818168640137,0.00383163383230567,0.058816663920879364,-0.1020815372467041,-0.1081986054778099,0.19068732857704163,0.6787186861038208,0.2216811180114746,0.11323659121990204,-0.10140369832515717,-0.15908107161521912,0.009390266612172127,0.021679291501641273,-0.6817808747291565,0.24733981490135193,-0.5535120964050293,0.41791725158691406,0.13495184481143951,0.5118869543075562,0.7047836184501648,0.2139570415019989,0.4655207693576813,-0.10906483232975006,-0.034203458577394485,-0.3870789706707001,0.1729775220155716,-0.016607236117124557,0.03009384498000145,0.23288960754871368,-0.6722559332847595,-0.14579656720161438,-0.08711257576942444,0.16181430220603943,-0.34242457151412964,-0.05069458484649658,-0.04903917759656906,0.023554321378469467,0.0715334340929985,-0.034657418727874756,0.09058302640914917,0.17884424328804016,-0.06854480504989624,-0.7186809778213501,-0.011739736422896385,0.007714289240539074,0.02841889299452305,-0.10850173234939575,0.25306838750839233,-0.20670530200004578,0.6747701168060303,-0.2837452292442322,0.2178439348936081,0.10741133987903595,-0.2661237120628357,-0.0055466280318796635,0.33645811676979065,-0.37061792612075806,0.03661871701478958,-0.3067861497402191,-0.2819918692111969,-0.06031828373670578,-0.2743324339389801,0.19190022349357605,-0.06347163766622543,-0.2614448070526123,0.007269763853400946,-0.06254921853542328,0.20750980079174042,0.1653498113155365,0.16754670441150665,-0.04802335053682327,-0.304433673620224,0.13275226950645447,-0.659298300743103,-0.5186529159545898,0.3160015642642975,0.07291258126497269,-0.08763115108013153,0.44295793771743774,0.11746090650558472,-0.07109484821557999,0.23068897426128387,-0.09752064943313599,0.0441947840154171,-0.34370046854019165,0.12708315253257751,-0.0061004250310361385,0.05711787939071655,0.04232078045606613,-0.20195098221302032,0.25701138377189636,-0.05633826181292534,-0.0478188581764698,0.4065732955932617,-0.1978864222764969,-0.47945594787597656,-0.8067594766616821,0.729578971862793,-0.3418055772781372,0.3262113928794861,0.30101603269577026,-0.34343528747558594,-0.1328972727060318,-0.09328360855579376,0.30768296122550964,-0.8957931399345398,0.2413504421710968,-0.3436574339866638,0.07554437220096588,-0.1470358818769455,-0.2016512155532837,0.5137370228767395,-0.5114538073539734,-0.252058744430542,-0.11451278626918793,-0.12225135415792465,-0.19314062595367432,-0.7221786975860596,-0.3191044330596924,0.49740272760391235,-0.04557980224490166,0.4386637806892395,-0.19744543731212616,0.6160520911216736,-0.23512761294841766,0.005691749043762684,0.34570586681365967,0.010298281908035278,-0.5164330005645752,-0.1604263037443161,-0.1681278645992279,-0.2981281876564026,0.04865872859954834,-0.10837004333734512,0.8638396263122559,-0.3764626383781433,-0.40854358673095703,0.08481544256210327,-0.05499180033802986,-0.06670179963111877,0.03871971741318703,0.26783233880996704,0.06996441632509232,0.5024169087409973,0.21538576483726501,-0.0021121338941156864,-0.14002622663974762,-0.48668473958969116,-0.10777167975902557,-0.3110182583332062,-0.23640473186969757,-0.030174266546964645,0.13167886435985565,-0.09063969552516937,0.11666779220104218,-0.3970625102519989,-0.18720945715904236,0.46605220437049866,-0.022926688194274902,-0.031205516308546066,-0.2397843897342682,0.01299984473735094,-0.08774877339601517,0.25018423795700073,0.06473684310913086,0.1940905898809433,0.0036815882194787264,0.1802692860364914,-0.029166042804718018,0.030374448746442795,-0.6365198493003845,-0.2117316722869873,0.12222043424844742,0.00019590556621551514,0.29779326915740967,0.06018603593111038,-0.21441057324409485,-0.6088770031929016,0.09748192876577377,0.18967650830745697,0.12257853895425797,0.1938660740852356,0.02864920161664486,0.5145494937896729,-0.4763213098049164,0.0019133470486849546,-0.26390692591667175,-0.19473789632320404,-0.18039491772651672,0.3521556854248047,0.14274099469184875,-0.02217661216855049,0.3621186316013336,0.10606260597705841,-0.03580467030405998,-0.13883566856384277,-0.12717296183109283,0.2649427056312561,-0.12013491243124008
CID000004058,108,0.12545228004455566,-0.1579822599887848,-0.5061964988708496,0.3776423931121826,0.307079017162323,-0.11314606666564941,0.1124228835105896,-0.44313740730285645,-0.11808399856090546,-0.20896682143211365,0.1515754759311676,0.008258032612502575,-0.16458812355995178,-0.017536956816911697,-0.06039700657129288,-0.1069333553314209,0.2791784107685089,0.13216353952884674,-0.29279014468193054,-0.07464953511953354,-0.11059682071208954,0.08594386279582977,0.8037229776382446,0.022682050243020058,-0.40432772040367126,-0.6234208345413208,0.14257146418094635,-0.16516311466693878,0.2135271579027176,0.0021811798214912415,0.7348501086235046,0.049340419471263885,0.0029876865446567535,0.17508867383003235,-0.1214655414223671,0.15253685414791107,0.5429009795188904,-0.21583148837089539,0.2659291625022888,0.15681466460227966,-0.24892079830169678,0.5045731663703918,-0.5592585206031799,-0.003803931176662445,0.015596931800246239,-0.10571279376745224,0.3891485631465912,-0.2742294371128082,-0.5123776197433472,0.1533760130405426,-0.28903764486312866,0.18972328305244446,0.5086832046508789,-0.17532414197921753,0.27680283784866333,-0.33113422989845276,-0.2110702246427536,0.52220618724823,-0.11609677970409393,-0.14791280031204224,0.17814338207244873,-0.22258260846138,0.2723490595817566,0.6730986833572388,0.21186324954032898,0.10533349215984344,-0.06966747343540192,-0.00024841277627274394,-0.005157276056706905,0.09374047815799713,-0.8697052001953125,0.10804011672735214,-0.6068543791770935,0.2777760624885559,0.047052327543497086,0.5614349246025085,0.4688495695590973,0.19393497705459595,0.4402705729007721,-0.12115131318569183,0.055837370455265045,-0.21432602405548096,-0.038134846836328506,0.1329260915517807,0.2215324342250824,0.28983190655708313,-0.39974546432495117,0.16774097084999084,-0.03829558193683624,-0.043250393122434616,0.06079850345849991,-0.0034771740902215242,-0.01700163260102272,-0.1001555323600769,0.10263432562351227,-0.09920091181993484,0.05351652950048447,0.18526563048362732,-0.05009451508522034,-0.5282799005508423,0.03176785632967949,0.09124933183193207,-0.07643324136734009,0.2236078679561615,0.029063154011964798,-0.1917492300271988,0.5586032271385193,0.08916942775249481,0.15203039348125458,0.14253301918506622,-0.024348199367523193,-0.06740044802427292,0.3361949026584625,-0.009726475924253464,0.12415395677089691,-0.15937045216560364,0.023052934557199478,-0.013202974572777748,-0.1810535341501236,0.1691756695508957,-0.0373343899846077,-0.18169966340065002,0.12171725928783417,0.20352116227149963,0.20434193313121796,0.07924041152000427,-0.06508735567331314,0.22542405128479004,-0.10141965001821518,0.3117308020591736,-0.5591953992843628,-0.22235283255577087,0.34306424856185913,0.016519270837306976,-0.20337752997875214,0.7731055021286011,0.014038873836398125,0.12289442121982574,0.14699557423591614,-0.05528108403086662,-0.05571789667010307,0.0185223501175642,0.20807254314422607,-0.023619292303919792,0.2232043296098709,-0.07077838480472565,-0.19409111142158508,0.037339407950639725,-0.026631992310285568,0.057517100125551224,0.12395943701267242,-0.13070687651634216,-0.4107179045677185,-0.5129461884498596,0.9121923446655273,-0.19352369010448456,-0.07554757595062256,-0.03022110089659691,-0.23199963569641113,-0.23710742592811584,-0.11635315418243408,0.03508153557777405,-0.6500998735427856,0.21927300095558167,-0.40010517835617065,-0.07423970848321915,-0.12673941254615784,-0.15438073873519897,0.3542215824127197,-0.6190434694290161,-0.13156285881996155,-0.1150110587477684,-0.003949266392737627,-0.03321074694395065,-0.4512764513492584,-0.3251616358757019,0.24949081242084503,0.10647473484277725,0.6027221083641052,-0.061859238892793655,0.9247192144393921,-0.19495129585266113,-0.36334115266799927,0.31594398617744446,-0.14209367334842682,-0.35332223773002625,-0.20001721382141113,-0.26108115911483765,-0.09069837629795074,-0.17018263041973114,-0.048982247710227966,0.5773462057113647,-0.16352479159832,-0.6037092804908752,0.07185937464237213,0.09755165129899979,-0.11377708613872528,0.08594723045825958,-0.006305865943431854,-0.0921911746263504,0.1076686829328537,0.2301165610551834,-0.011946087703108788,-0.034333743155002594,-0.6686103940010071,-0.4175620675086975,-0.09306882321834564,-0.2793182134628296,-0.32286518812179565,-0.03061191737651825,-0.20714902877807617,-0.03865227848291397,0.1951434463262558,-0.28881239891052246,0.37533825635910034,-0.22846117615699768,-0.15322081744670868,-0.037367843091487885,-0.1870708167552948,-0.12262682616710663,0.577816367149353,-0.05917299911379814,0.14134427905082703,-0.08450881391763687,0.06986992061138153,0.10183308273553848,-0.04391597956418991,-0.6883364319801331,-0.1242218166589737,-0.029732590541243553,0.12061705440282822,-0.0310765840113163,-0.0011195316910743713,-0.28133174777030945,-0.5423580408096313,0.060183487832546234,-0.01383605320006609,-0.0705895870923996,-0.04100702330470085,0.014777746982872486,0.5426267385482788,-0.4114033281803131,-0.060304202139377594,-0.22470808029174805,-0.3538244366645813,-0.4815119206905365,-0.1503254920244217,0.20862503349781036,-0.06870324164628983,0.30958589911460876,0.2065979540348053,0.16688114404678345,-0.18275079131126404,-0.17139679193496704,0.058034658432006836,-0.17167197167873383
CID000004171,109,0.3366503119468689,0.1553991734981537,-0.632514238357544,-0.07880448549985886,0.43174466490745544,-0.15172109007835388,-0.08579665422439575,-0.5607894659042358,-0.3330925703048706,0.24008169770240784,0.5526654124259949,0.07430745661258698,-0.01732673868536949,-0.06653598695993423,0.08315218985080719,0.33553990721702576,0.7708824872970581,-0.07398556172847748,-0.1799372136592865,0.1680895835161209,-0.21733419597148895,0.09326833486557007,0.7083305716514587,0.08043241500854492,-0.4320296347141266,-0.6354323625564575,-0.48031648993492126,-0.45098304748535156,0.4498692452907562,-0.2639991044998169,0.41014060378074646,0.05637074634432793,-0.0758514329791069,-0.15401187539100647,-0.3468875288963318,0.12729036808013916,0.8385721445083618,-0.16052618622779846,-0.0842939168214798,-0.3689657747745514,-0.5799078941345215,0.8085850477218628,-0.534450888633728,-0.07670953124761581,-0.06523382663726807,-0.0628654733300209,0.6871020793914795,0.024787724018096924,-0.6360210180282593,-0.0011162698501721025,-0.31442445516586304,0.2618468105792999,0.45890846848487854,-0.2625288665294647,0.014643719419836998,-0.5134040117263794,-0.0030788076110184193,1.1168051958084106,0.12047901004552841,-0.21351508796215057,-0.07298317551612854,-0.47575902938842773,-0.11999765783548355,0.7717849612236023,0.01794746145606041,0.43343043327331543,0.03934285044670105,0.16199460625648499,-0.010471721179783344,0.181354358792305,-1.046631932258606,0.1089806780219078,-0.6452118754386902,0.26756441593170166,-0.16851691901683807,0.46266621351242065,0.4995250105857849,0.3515506982803345,0.23419347405433655,-0.16177767515182495,-0.34994110465049744,-0.3004257380962372,-0.04052102565765381,0.058998920023441315,0.3300839364528656,0.11264016479253769,-0.17705412209033966,0.01149414386600256,-0.15329378843307495,0.08265755325555801,-0.09649215638637543,0.10843430459499359,-0.14801447093486786,-0.03953515365719795,-0.2174653261899948,0.017754819244146347,-0.15507419407367706,0.3338302671909332,-0.20311713218688965,-0.6140890121459961,-0.25033214688301086,-0.1075376495718956,-0.14788946509361267,-0.12688812613487244,0.07601986825466156,-0.40729719400405884,0.49283021688461304,0.28882288932800293,0.07378242909908295,-0.10531256347894669,-0.12339719384908676,0.043326158076524734,0.9686740636825562,-0.26775556802749634,-0.06835997849702835,-0.16966265439987183,-0.016817906871438026,-0.18005594611167908,-0.08553306758403778,0.12605205178260803,-0.10933683812618256,-0.19751164317131042,0.15651261806488037,0.16305144131183624,-0.19255907833576202,0.30418911576271057,0.2698478698730469,-0.017687881365418434,-0.3063114285469055,-0.0032018020283430815,-0.3892015814781189,0.15488901734352112,0.3769223988056183,0.11484970152378082,0.2409162074327469,0.5280541181564331,-0.021193668246269226,-0.4950401186943054,0.53291255235672,-0.1515800654888153,-0.17822596430778503,-0.1048830971121788,0.10603354126214981,0.2532278299331665,0.05985785275697708,0.022734548896551132,-0.26451143622398376,-0.047672949731349945,0.11371052265167236,-0.027824372053146362,0.3472250699996948,-0.036264725029468536,-0.8096407055854797,-0.7424343824386597,0.5044689178466797,-0.49843621253967285,-0.15344472229480743,0.1737164705991745,-0.7537434697151184,0.01285321731120348,0.13202211260795593,-0.3854219615459442,-0.7063246965408325,0.023003315553069115,-0.5909329056739807,-0.25554078817367554,0.01200333796441555,0.20344288647174835,0.2348141372203827,-0.36070695519447327,-0.2722682058811188,-0.0005426190909929574,-0.09738411009311676,-0.137813001871109,-0.789760947227478,0.06137645244598389,0.42295971512794495,-0.12450937181711197,0.6530129909515381,0.20720982551574707,0.40441593527793884,-0.02576962113380432,-0.0957571268081665,0.061377644538879395,-0.021367551758885384,-0.050414226949214935,0.043176982551813126,-0.22108802199363708,-0.28176790475845337,-0.4529457092285156,-0.40164637565612793,0.6163686513900757,-0.07802197337150574,-0.35433337092399597,-0.2515624761581421,0.07443755865097046,0.006542938761413097,-0.03635166212916374,0.1664104461669922,0.01659778133034706,0.380597323179245,0.1560300886631012,-0.35946884751319885,-0.0004068881389684975,-0.38557618856430054,-0.2507188320159912,-0.21092268824577332,-0.10066390037536621,0.18256309628486633,-0.2040993869304657,0.3972722887992859,0.07928930222988129,0.2902563810348511,-0.09347857534885406,0.880739688873291,0.12324704974889755,-0.14526796340942383,-0.3708030879497528,-0.05267507582902908,-0.007665210869163275,0.34628307819366455,0.009747381322085857,-0.05073528364300728,-0.10821352899074554,-0.2615512013435364,0.1673879325389862,-0.059240736067295074,-0.9683837890625,-0.16385237872600555,0.13432829082012177,0.11952729523181915,0.09153537452220917,0.17659224569797516,-0.5444206595420837,-0.7766326069831848,0.16736817359924316,-0.009295421652495861,-0.020236920565366745,-0.05366016551852226,-0.17653468251228333,0.1329570710659027,-0.5955736041069031,-0.01358149666339159,-0.23261919617652893,-0.17697420716285706,-0.2822284400463104,0.13051095604896545,-0.010991988703608513,-0.12294583022594452,0.24674531817436218,-0.06364355236291885,-0.10753114521503448,0.04736445099115372,-0.321709007024765,0.20695717632770538,0.11914831399917603
CID000005647,110,-0.046226270496845245,-0.4648820459842682,-0.4645110070705414,0.1781744658946991,0.3388400375843048,-0.02100617252290249,-0.21464678645133972,-0.22456884384155273,-0.12250876426696777,0.16821861267089844,0.21762537956237793,0.034477971494197845,0.037581879645586014,-0.09046334028244019,0.04113183915615082,0.16086021065711975,0.279649555683136,0.2189711630344391,-0.3624918460845947,0.18413221836090088,-0.32852011919021606,0.23990416526794434,0.3899347186088562,0.10451637208461761,-0.8043822050094604,-0.8097373843193054,-1.138197660446167,-0.11220105737447739,0.0031419277656823397,0.08266197890043259,0.8094625473022461,0.2525586485862732,0.06406248360872269,0.2966073453426361,-0.3563937544822693,0.11288881301879883,0.3664899468421936,-0.13740907609462738,0.1904538869857788,-0.023828595876693726,0.11792633682489395,0.4401719570159912,-0.3585628867149353,-0.3277122378349304,0.09550204873085022,-0.10414648056030273,0.6981803178787231,-0.007267689798027277,-0.5581920742988586,-0.09789592772722244,-0.8181091547012329,0.26083213090896606,0.32852187752723694,-0.20442326366901398,0.1824655830860138,-0.12776169180870056,-0.19905008375644684,0.39097681641578674,0.46878376603126526,0.19366517663002014,-0.16437938809394836,-0.4619426131248474,-0.08731198310852051,0.8074973225593567,0.04815279319882393,0.30748122930526733,-0.060520004481077194,-0.1095983237028122,-0.10914621502161026,0.17407961189746857,-0.46291857957839966,0.1461150050163269,-0.470795214176178,0.5829315185546875,0.09762786328792572,0.4677346646785736,0.4925830364227295,0.16867560148239136,0.7752455472946167,-0.04343848302960396,0.2002602368593216,-0.4429257810115814,0.06854736804962158,-0.036326684057712555,0.25120943784713745,0.23824886977672577,-0.02824859879910946,-0.40457040071487427,-0.0823422521352768,-0.0027055740356445312,-0.15443484485149384,0.05400250107049942,0.11746784299612045,-0.11735861003398895,0.16798986494541168,-0.1531672179698944,-0.2365068942308426,0.2773863971233368,-0.05386817455291748,-1.1769275665283203,-0.13411924242973328,-0.03604657202959061,0.12355145066976547,0.013718405738472939,0.2155766487121582,0.010837623849511147,0.9282187223434448,-0.024520527571439743,0.09925296157598495,0.19597503542900085,0.1886734962463379,0.13451160490512848,0.12166205793619156,-0.5390909314155579,0.08304303139448166,-0.5432964563369751,-0.2847292423248291,0.3845433294773102,0.01993386074900627,0.2850874066352844,-0.2681054472923279,-0.2450469732284546,0.10320664942264557,-0.14877918362617493,-0.1765296906232834,-0.14556118845939636,0.351909339427948,-0.05384264513850212,-0.10032826662063599,0.22043518722057343,-1.0753787755966187,-0.3214120864868164,0.38175010681152344,0.12845629453659058,0.03152933716773987,1.1430209875106812,-0.018434220924973488,-0.15429475903511047,0.20559808611869812,-0.00376759166829288,-0.21202223002910614,-0.3340822160243988,0.01883552595973015,0.2498270720243454,-0.008010191842913628,-0.10627869516611099,-0.3990682363510132,-0.043839115649461746,0.07090152055025101,0.1183977872133255,0.6213277578353882,0.18011239171028137,-0.500428318977356,-0.5786841511726379,0.10697362571954727,0.016806235536932945,0.12015137821435928,0.016904443502426147,-0.4223141074180603,-0.13711349666118622,-0.12709221243858337,0.13872209191322327,-0.9513816833496094,0.10248377174139023,-0.5328848958015442,-0.013485223054885864,-0.3041963577270508,-0.03710048645734787,1.1161150932312012,-0.6097131967544556,-0.05489503592252731,-0.11452245712280273,-0.06856521219015121,0.08234687894582748,-0.7612856030464172,-0.015194800682365894,0.4699961543083191,0.14901785552501678,0.4474661350250244,-0.05713816359639168,0.7115700840950012,-0.24811682105064392,-0.2419561892747879,0.7695838809013367,-0.011566022410988808,-0.9316948652267456,0.35486751794815063,-0.05110215023159981,-0.16734708845615387,-0.39660531282424927,-0.394881933927536,0.8786008954048157,-0.01646634191274643,-0.357643187046051,-0.034932851791381836,0.08385445177555084,-0.07697427272796631,-0.028381001204252243,0.9584072232246399,-0.09324385225772858,0.23190489411354065,0.45968684554100037,0.024966329336166382,0.24825449287891388,-0.48994001746177673,0.024482738226652145,-0.25651392340660095,0.05435846000909805,-0.24968786537647247,0.05998506024479866,0.2070658653974533,-0.16790004074573517,0.16105398535728455,-0.33929678797721863,1.1248304843902588,0.46197599172592163,-0.22149398922920227,-0.2054867297410965,0.08575975894927979,-0.02744579315185547,0.3544532060623169,0.04859757050871849,0.008134257979691029,-0.04731921851634979,-0.22634939849376678,0.28450289368629456,-0.05449313670396805,-0.596072793006897,-0.05382152646780014,-0.012631651945412159,-0.1085004061460495,-0.10162603855133057,0.1616140604019165,-0.09226534515619278,-0.515977680683136,0.10259576141834259,0.07570577412843704,-0.11116902530193329,-0.20092567801475525,0.16398885846138,1.130556344985962,-0.3702094256877899,-0.12260124832391739,-0.41657891869544983,-0.19482021033763885,-0.21170572936534882,-0.04364783689379692,0.13156810402870178,0.002548346295952797,0.33160310983657837,0.37844759225845337,0.20479178428649902,0.25457918643951416,0.11674676835536957,0.42861685156822205,0.12447364628314972
CID000003308,111,0.1459064483642578,-0.8277260661125183,-1.5691920518875122,-0.4217757284641266,0.7059535980224609,-0.21978096663951874,-0.024276522919535637,-0.9960694313049316,-0.12885379791259766,-0.4139018952846527,0.6844791173934937,0.3361230492591858,-0.008337417617440224,-0.1480591595172882,-0.2447102814912796,0.1201997771859169,0.34231626987457275,-0.0793083906173706,0.17110542953014374,-0.2019401490688324,-0.7514370679855347,0.05638514831662178,0.6267089247703552,-0.1041075810790062,-1.8066189289093018,-1.3483161926269531,-0.42964115738868713,0.09536734223365784,0.07697144895792007,-0.46744173765182495,1.290836215019226,-0.29753202199935913,-0.1579803228378296,0.35101890563964844,-0.7406231760978699,-0.28548577427864075,0.425153911113739,-0.012584282085299492,0.3969748020172119,-0.015636438503861427,-0.26669546961784363,0.29310423135757446,-0.3135237693786621,-0.40929317474365234,0.3076494336128235,-0.12565931677818298,1.0739699602127075,-0.5268261432647705,-0.7354270815849304,0.19148056209087372,-0.9568011164665222,0.36557427048683167,0.6134185194969177,-0.3226833939552307,0.588390052318573,-0.6395148038864136,0.24723124504089355,1.4540084600448608,-0.07238239049911499,0.42513394355773926,-0.1576291173696518,-0.04518501088023186,-0.1193123608827591,1.2339695692062378,0.3608454763889313,0.7054987549781799,0.3274521231651306,-0.12373292446136475,-0.0009301714599132538,0.1086190938949585,-0.9300944209098816,0.24899420142173767,-0.6950075030326843,0.24794407188892365,-0.1562550663948059,-0.21958020329475403,0.13676656782627106,-0.03292975574731827,1.1862819194793701,0.08534573018550873,0.04348412901163101,-0.694085955619812,-0.16002294421195984,0.1501818150281906,0.35445713996887207,0.13272738456726074,-1.0288714170455933,0.05782650038599968,-0.06864027678966522,0.13886335492134094,-0.3559507429599762,-0.5743499994277954,-0.5165903568267822,0.43018680810928345,0.019726157188415527,-0.14406917989253998,0.015063179656863213,0.44864988327026367,0.21834532916545868,-1.8654186725616455,-0.43461790680885315,0.07837499678134918,0.0724693089723587,-0.4954034686088562,0.11591498553752899,-0.390999972820282,0.8548101186752319,-0.3749799430370331,-0.05891347676515579,0.12216392904520035,0.3582771420478821,0.46090179681777954,0.833062469959259,-1.0442965030670166,0.26652783155441284,-0.0698036178946495,-0.2100946009159088,0.3565666079521179,0.4230585992336273,0.16497963666915894,-0.14687804877758026,0.15656211972236633,-0.39218512177467346,-0.042918648570775986,0.2833491861820221,-0.04662059247493744,0.56866854429245,-0.13746827840805054,-0.3464968800544739,0.5410301685333252,-0.7176780104637146,0.5485103726387024,0.3728383779525757,0.014581715688109398,-0.0025951608549803495,0.9128406643867493,0.20554952323436737,-0.01051485538482666,0.5931230783462524,-0.5381671190261841,-0.04513219743967056,-0.2726113200187683,0.03507880121469498,0.1970939189195633,-0.1804315596818924,0.038466714322566986,-0.1282542645931244,0.8658647537231445,0.49628156423568726,-0.1352939009666443,0.9960533380508423,-0.31709033250808716,-1.3440742492675781,-1.6377614736557007,1.1599794626235962,0.05291926860809326,0.20386190712451935,0.4933690130710602,-0.9732620120048523,0.5000278949737549,-0.030049849301576614,0.4954214096069336,-1.3413097858428955,-0.14792868494987488,-0.6204995512962341,-0.009691223502159119,-0.25916001200675964,0.007702692411839962,1.3084511756896973,-0.644858717918396,-0.028222043067216873,-0.08187957853078842,0.025096893310546875,0.35936787724494934,-0.7711259126663208,-0.5594362020492554,0.603887677192688,-0.06321990489959717,0.6418861150741577,0.1218973845243454,0.3278287947177887,-0.24072980880737305,-0.6817349791526794,1.2199790477752686,-0.027844196185469627,-0.513761043548584,-0.39203229546546936,0.3584373891353607,-0.42087021470069885,-0.4030500054359436,-0.5902993679046631,1.6187944412231445,-0.1952584683895111,-0.1320207417011261,-0.2423705756664276,-0.2683027684688568,-0.2035866677761078,0.13444943726062775,1.591134786605835,-0.09992291033267975,0.9659208059310913,0.3848849833011627,-0.04662314057350159,1.4298346042633057,-0.38814064860343933,0.5855548977851868,-0.39788633584976196,0.0502215214073658,0.010935461148619652,0.4264668822288513,-0.8902220726013184,-0.23201707005500793,0.051699280738830566,0.03857831284403801,0.8873825073242188,0.39498621225357056,-0.4106413722038269,-0.1072867289185524,0.04970967024564743,0.049492765218019485,-0.00918533094227314,0.16759708523750305,0.11470745503902435,-0.1686989963054657,-0.08677913248538971,0.4964533746242523,0.22095493972301483,-1.2381144762039185,-0.10486648231744766,-0.054175425320863724,-0.09165376424789429,0.40780210494995117,0.5633038878440857,-0.535860002040863,-1.6517159938812256,0.23358583450317383,-0.054756082594394684,-0.03135626018047333,-0.10824181139469147,-0.4263168275356293,1.4347347021102905,-0.37534818053245544,-0.17085392773151398,-0.3969484567642212,-0.061195723712444305,-0.6155944466590881,0.027061140164732933,0.09596724808216095,0.32954832911491394,0.08436694741249084,-0.054852522909641266,0.007194152567535639,0.3613383173942566,-0.12563708424568176,0.7171722650527954,0.06320808827877045
CID000004173,112,0.05479129031300545,-0.19876310229301453,-0.5419463515281677,0.2782832086086273,0.34356439113616943,-0.10667093098163605,-0.1526613086462021,-0.5947149991989136,-0.1847054809331894,-0.0827983170747757,0.21682684123516083,0.10473018884658813,-0.08354751765727997,0.03826642036437988,0.07224969565868378,0.18172483146190643,0.39662739634513855,0.04713129997253418,-0.1056915745139122,0.18099160492420197,-0.0979105681180954,0.08090503513813019,0.4582337439060211,-0.026187529787421227,-0.46484360098838806,-0.6719082593917847,-0.5780748128890991,0.23438923060894012,-0.09388984739780426,-0.03238443657755852,0.503150463104248,0.07442913204431534,-0.03889819234609604,0.6134064793586731,-0.07702784985303879,0.22295573353767395,1.5048596858978271,-0.19056788086891174,0.03895888850092888,0.1680712252855301,0.07182388752698898,0.5926367044448853,-0.3862493634223938,0.010141858831048012,-0.05362250655889511,0.05323299020528793,0.5663570165634155,-0.2877792418003082,-0.3540031313896179,-0.02795485593378544,-0.3143066465854645,0.15084777772426605,0.2737240791320801,-0.2677619755268097,0.2627141773700714,-0.1737295687198639,-0.2934446930885315,0.4121895432472229,-0.013018622994422913,-0.10446947813034058,-0.07666938006877899,-0.22726400196552277,-0.08396494388580322,0.6176937222480774,0.02969757840037346,0.1264038383960724,-0.1448458731174469,-0.2055509388446808,0.02568265236914158,0.0487820990383625,-0.538779616355896,0.23166099190711975,-0.6045119166374207,0.5227063894271851,0.0010771394008770585,0.3567673861980438,0.716069221496582,0.18574932217597961,0.3500937819480896,0.0350438728928566,0.037416812032461166,-0.16541650891304016,0.1471882462501526,0.004620229359716177,0.10374321788549423,0.3636767566204071,-0.10832931846380234,-0.1306651532649994,-0.09484665095806122,0.10044310986995697,-0.20779991149902344,-0.07467304170131683,-0.05399429798126221,0.02860117331147194,0.147966668009758,-0.03664456307888031,0.01403108797967434,0.21562285721302032,-0.02980470098555088,-0.7562922239303589,-0.057197362184524536,-0.21107718348503113,0.18058441579341888,0.00316293234936893,0.3011901080608368,0.029360389336943626,0.9481169581413269,-0.12276776880025864,0.3353320360183716,-0.07269486784934998,-0.10704775899648666,-0.013351000845432281,0.157405287027359,-0.05524604395031929,0.16787132620811462,-0.4496048092842102,-0.38245058059692383,-0.03432298079133034,-0.11293216049671173,0.18501311540603638,-0.23251023888587952,-0.29999202489852905,0.20585528016090393,0.08893628418445587,-0.07435568422079086,0.02042734995484352,0.2708790898323059,0.008947709575295448,-0.32415053248405457,0.25322407484054565,-0.6390181183815002,-0.47817301750183105,0.319835901260376,0.09074819087982178,0.06728150695562363,0.6925356388092041,0.20975053310394287,-0.12224987894296646,0.18917128443717957,-0.14243315160274506,-0.04689029976725578,-0.20453548431396484,-0.016153007745742798,0.13456718623638153,0.004214449319988489,0.019722798839211464,-0.17044678330421448,-0.03208143264055252,-0.06209070608019829,-0.05718328431248665,0.13264696300029755,-0.1826082020998001,-0.46343889832496643,-0.5768459439277649,0.4463752210140228,-0.12745556235313416,0.4268900454044342,0.05307375267148018,-0.3808114230632782,-0.052213601768016815,-0.03395087644457817,0.3288055956363678,-1.0221878290176392,0.09944511950016022,-0.26745063066482544,-0.0016819521551951766,-0.026651065796613693,-0.2591401934623718,0.6798324584960938,-0.37854450941085815,-0.17547044157981873,-0.036791808903217316,0.030631789937615395,-0.12023647874593735,-0.5673487782478333,-0.17407655715942383,0.43514037132263184,0.12936046719551086,0.4806453287601471,-0.05251581594347954,0.5429496765136719,-0.1297965943813324,-0.17723412811756134,0.4880111813545227,0.025471532717347145,-0.5380522012710571,-0.1654796600341797,-0.13429181277751923,-0.35898786783218384,-0.10101830959320068,-0.3241748809814453,1.046514868736267,-0.029027670621871948,-0.4580800533294678,0.10840866714715958,-0.13489624857902527,0.0443333238363266,0.14705583453178406,0.4194270074367523,-0.13564440608024597,0.28626561164855957,0.40210598707199097,-0.12021945416927338,0.09424056112766266,-0.2760208249092102,-0.1874297559261322,-0.16462209820747375,0.06632669270038605,-0.12872211635112762,-0.1629197597503662,-0.12614598870277405,-0.017258422449231148,-0.08989737182855606,-0.3433406949043274,0.6965899467468262,0.011973628774285316,-0.08463086932897568,-0.257021427154541,0.006243602838367224,0.0512520894408226,0.16757425665855408,0.0326911024749279,0.15522100031375885,-0.09775619208812714,0.15774129331111908,0.047675006091594696,0.06374993175268173,-0.6186849474906921,-0.21855735778808594,-0.08377809822559357,-0.224699467420578,0.1284356415271759,0.00034773797960951924,-0.08827457576990128,-0.48049432039260864,-0.04500262439250946,0.12867987155914307,-0.1623345911502838,0.10315053164958954,0.031527839601039886,0.8365522623062134,-0.29731887578964233,0.11500728130340576,-0.34651193022727966,-0.03173794224858284,-0.3410070538520813,0.12455932050943375,0.14081688225269318,-0.10016262531280518,0.22905845940113068,0.3334573209285736,0.055553220212459564,0.2770701050758362,-0.11090729385614395,0.18564492464065552,0.12199250608682632
CID000000450,113,-0.24912938475608826,-0.6051110625267029,-0.6205118894577026,-0.18082569539546967,0.6357911229133606,-0.15604211390018463,0.22453856468200684,-0.3602283298969269,-0.08645445108413696,-0.0008202493190765381,0.7152567505836487,0.04776250571012497,-0.0680239200592041,-0.3558191657066345,0.21289503574371338,0.3005121350288391,0.17503301799297333,-0.1664382666349411,-0.18767890334129333,0.7750608325004578,-0.3330841064453125,0.4942851960659027,0.40898260474205017,0.05662074685096741,-0.7426633834838867,-0.9178980588912964,-0.323890745639801,-0.1482326239347458,0.22233708202838898,-0.041948091238737106,1.4342193603515625,0.04248971492052078,0.14124397933483124,0.14414140582084656,-1.0981395244598389,0.01896127685904503,0.47045859694480896,-0.39764517545700073,0.0782163143157959,-0.2763233780860901,-1.2616896629333496,0.6930493116378784,-0.27248135209083557,-0.29206162691116333,-0.10058814287185669,-0.05815861374139786,0.854028046131134,0.08745674788951874,-0.5710011124610901,-0.03692873194813728,-0.9323803186416626,0.28569087386131287,0.4581521451473236,-0.09917603433132172,0.1472436487674713,-0.22226110100746155,0.019786739721894264,0.4200586676597595,-0.15647637844085693,-0.07317469269037247,-0.010523701086640358,-0.33850935101509094,0.29614129662513733,1.0134159326553345,0.2373999059200287,0.4305737614631653,0.17987363040447235,-0.09733934700489044,-0.06760159134864807,-0.021339653059840202,-0.6944595575332642,0.18618127703666687,-0.9447773694992065,0.6156644225120544,-0.15696991980075836,0.12551186978816986,0.8423059582710266,0.5076697468757629,0.5782360434532166,0.37678390741348267,-0.10352405160665512,-0.31252938508987427,0.12850283086299896,0.11027923971414566,0.060558341443538666,0.10107742249965668,-1.2237402200698853,0.1603802591562271,0.13468500971794128,0.09776091575622559,0.07776287198066711,0.009772365912795067,-0.2774975299835205,0.09503283351659775,-0.18334843218326569,-0.06932185590267181,0.01575920544564724,0.3687674403190613,0.2022533118724823,-1.0683685541152954,-0.34286609292030334,0.08530740439891815,0.07232038676738739,-0.4682719111442566,-0.15606948733329773,-0.4160730838775635,0.5412873029708862,-0.018983425572514534,0.028520282357931137,0.17707613110542297,-0.12393312156200409,0.33182236552238464,1.0339758396148682,-0.9247602224349976,-0.02835252322256565,-0.1896982043981552,-0.238638237118721,0.4454873502254486,-0.0047586169093847275,0.11623711884021759,-0.2925933599472046,-0.28383398056030273,-0.45360079407691956,-0.020763779059052467,0.17962796986103058,0.08083134889602661,0.29226526618003845,0.05127458646893501,-0.13673539459705353,0.5111693143844604,-0.9043677449226379,0.12095353752374649,0.5486236810684204,0.17845425009727478,-0.15250682830810547,1.1436870098114014,0.20878002047538757,-0.45616644620895386,0.5417062044143677,0.06209062412381172,-0.08243662863969803,-0.3332611918449402,0.3570593297481537,0.25326770544052124,-0.06379570811986923,0.09531494975090027,-0.4588547348976135,-0.41996335983276367,0.10224161297082901,0.11840391159057617,0.7115465998649597,-0.03732021525502205,-1.2316831350326538,-1.2320020198822021,1.13347589969635,-0.17040212452411652,-0.1103789210319519,0.14745640754699707,-0.5015633702278137,-0.17307837307453156,-0.0855526328086853,0.37766140699386597,-0.7812159657478333,-0.004620799329131842,-0.6423127055168152,-0.2429531365633011,-0.011676719412207603,0.10586650669574738,0.21633048355579376,-0.4492262303829193,-0.1516406387090683,0.008040271699428558,-0.09732496738433838,0.03027898445725441,-0.731352686882019,0.1782076060771942,0.6499314308166504,-0.07326014339923859,0.46680784225463867,0.44171661138534546,0.4522171914577484,-0.042431630194187164,-0.26640596985816956,0.723176896572113,0.0314488522708416,-1.1225546598434448,-0.3395155966281891,-0.30906182527542114,0.013948865234851837,-0.24494728446006775,-0.06130736321210861,1.137961745262146,-0.16324463486671448,-0.37981048226356506,0.04809904843568802,-0.0546710379421711,-0.16909287869930267,-0.04645390063524246,0.7898392677307129,-0.2879067063331604,0.4920051693916321,0.5341930389404297,-0.05993684381246567,0.38320598006248474,-0.5506382584571838,0.07001383602619171,-0.4992508292198181,-0.1672867089509964,-0.02605254016816616,-0.0077848853543400764,-0.025922317057847977,0.1373182237148285,0.1805904656648636,-0.20747169852256775,0.6985754370689392,0.02136906608939171,-0.10352252423763275,-0.025506123900413513,-0.10456641763448715,0.21794810891151428,-0.03938483074307442,-0.04546894505620003,0.03913671895861626,-0.07325025647878647,0.13054782152175903,0.39330118894577026,0.09935219585895538,-0.7716284394264221,-0.41076382994651794,0.12350203841924667,0.19473738968372345,0.5672725439071655,-0.12637370824813843,-0.30275145173072815,-1.0689345598220825,-0.2656148076057434,-0.09235306084156036,-0.1471749246120453,0.2890552282333374,-0.41170400381088257,0.3422808051109314,-0.27721232175827026,-0.19188706576824188,-0.14460919797420502,-0.200880765914917,-0.1751532256603241,-0.1157107949256897,-0.17147168517112732,-0.26080864667892456,0.25514936447143555,-0.22484545409679413,-0.030515987426042557,-0.39570629596710205,-0.1160610169172287,0.30215853452682495,0.02925325557589531
CID000060854,114,0.07066448032855988,-0.19039179384708405,-0.3844483196735382,0.03439774364233017,0.3999696671962738,-0.24493518471717834,0.03978899493813515,-0.3087749779224396,-0.32063567638397217,0.10252758115530014,0.4472232758998871,-0.02419084496796131,-0.0635911077260971,-0.07172442972660065,-0.030924255028367043,0.2476242035627365,0.44003620743751526,0.05717133730649948,-0.04812123626470566,0.05676397681236267,-0.09090586006641388,-0.047790251672267914,0.4346006512641907,-0.007123282644897699,-0.21193988621234894,-0.6478790044784546,-0.36483579874038696,-0.2839881181716919,0.3032175600528717,0.1984413117170334,0.45151853561401367,0.05124268680810928,-0.06416131556034088,0.263485312461853,-0.28063347935676575,0.11727888882160187,0.593942403793335,-0.14009693264961243,-0.0111483009532094,0.07237697392702103,-0.2539026141166687,0.48892468214035034,-0.447270929813385,0.08881083130836487,0.014232732355594635,0.2039727419614792,0.5415064692497253,0.03661515563726425,-0.5895721316337585,-0.06553355604410172,-0.3679555058479309,0.2401830404996872,0.3227187693119049,-0.2088516652584076,0.014670598320662975,-0.37446561455726624,-0.17844147980213165,0.36443644762039185,-0.07138150930404663,-0.016073640435934067,0.10794812440872192,-0.17258405685424805,0.08516840636730194,0.6406166553497314,0.15635888278484344,0.15855495631694794,-0.14223897457122803,0.0024296760093420744,-0.04197484254837036,0.10155968368053436,-0.7398489713668823,0.06317470222711563,-0.4442485272884369,0.35015901923179626,-0.0520847924053669,0.30352991819381714,0.3842740058898926,0.33566343784332275,0.4563126564025879,-0.061639368534088135,-0.05879657715559006,-0.21507680416107178,0.008751663379371166,-0.08905156701803207,0.16005249321460724,0.35245469212532043,-0.049001146107912064,-0.08887408673763275,-0.15777957439422607,0.12322821468114853,-0.06718926131725311,-0.07717975229024887,0.08753181993961334,0.04242987930774689,0.1542930006980896,-0.2724305987358093,-0.31686607003211975,0.2547079920768738,0.06826414912939072,-0.44996708631515503,-0.007351300213485956,-0.10953102260828018,0.014180963858962059,-0.04201153665781021,0.2609269618988037,-0.1505471020936966,0.6604970693588257,0.12892451882362366,0.08706645667552948,-0.12487123161554337,-0.09798518568277359,0.12446779012680054,0.4253923296928406,-0.11108990013599396,0.21122555434703827,-0.19547054171562195,-0.26652202010154724,0.059266675263643265,-0.21491262316703796,-0.02735794149339199,-0.02611885406076908,-0.3528737723827362,-0.0004470378044061363,0.1182655543088913,-0.015831325203180313,0.20050767064094543,0.23974458873271942,0.12463869154453278,-0.2592233121395111,0.18935994803905487,-0.5965356826782227,-0.15245339274406433,0.4166855216026306,0.32660457491874695,0.09029930830001831,0.7013257741928101,0.10767761617898941,-0.24645645916461945,0.3018701672554016,-0.10327418893575668,-0.15520036220550537,-0.2243153601884842,0.15744246542453766,0.33523309230804443,0.2111937701702118,-0.06294558197259903,-0.24844491481781006,0.06888939440250397,0.015008131973445415,-0.04723286256194115,0.3524099886417389,-0.043978430330753326,-0.5266981720924377,-0.587281346321106,0.34892651438713074,-0.3812412917613983,0.06950719654560089,-0.23327438533306122,-0.2887031137943268,-0.09942807257175446,-0.08994658291339874,-0.0794258862733841,-0.5927568674087524,0.08593690395355225,-0.41731029748916626,0.008649883791804314,-0.00949057936668396,-0.13167507946491241,0.481883704662323,-0.5202945470809937,-0.05622469633817673,-0.23209097981452942,-0.033917833119630814,-0.1788637638092041,-0.5679959058761597,-0.11132632195949554,0.28666821122169495,0.12575528025627136,0.5357180833816528,-0.16476315259933472,0.7650296092033386,-0.2449423372745514,-0.027313530445098877,0.07872243225574493,-0.08803834021091461,-0.45799916982650757,-0.0341363251209259,-0.34026503562927246,0.15497763454914093,-0.017610538750886917,-0.43534865975379944,0.8089324831962585,-0.16002805531024933,-0.2690199017524719,0.07783971726894379,-0.03201041370630264,-0.1356125921010971,0.02358648180961609,0.1456686407327652,-0.022672507911920547,0.3301142454147339,0.2828180193901062,-0.0419415645301342,0.10920671373605728,-0.48478278517723083,-0.2912212014198303,-0.18153482675552368,0.05231553316116333,0.12195737659931183,-0.11102347075939178,-0.007121887989342213,-0.0004671454371418804,0.06034953519701958,-0.23863916099071503,0.7876895666122437,0.02978483960032463,-0.13322319090366364,-0.32312190532684326,-0.00853719376027584,0.21721771359443665,0.29209721088409424,0.02258332446217537,0.19506306946277618,-0.06156736612319946,-0.11758961528539658,0.041486192494630814,0.10889289528131485,-0.6604596376419067,-0.2896670401096344,-0.11410112679004669,0.08763029426336288,0.07647034525871277,0.16390547156333923,-0.29271379113197327,-0.4979678988456726,0.3495100140571594,0.03545702248811722,-0.1619293987751007,-0.020271455869078636,-0.2007269561290741,0.2091607302427292,-0.443577378988266,-0.07259225100278854,-0.17743411660194397,0.05469721555709839,-0.20277607440948486,0.0016943812370300293,0.02328963577747345,0.06900379806756973,0.31043073534965515,0.0286042932420969,0.005997611675411463,-0.021902715787291527,-0.24751897156238556,0.13033437728881836,-0.10461964458227158
CID000002895,117,-0.02083590440452099,-0.21621127426624298,-0.48926883935928345,0.22676114737987518,0.3725849986076355,-0.01819515973329544,-0.06831033527851105,-0.5565761923789978,-0.20510761439800262,-0.16348008811473846,0.1322852075099945,0.06841851770877838,0.043791513890028,-0.1071283370256424,0.05056082457304001,0.05302505940198898,0.35576388239860535,0.06626792252063751,-0.28387051820755005,0.3158223628997803,0.031062137335538864,0.04148366302251816,0.4367679953575134,-0.08709771931171417,-0.4544454514980316,-0.5610499978065491,-0.27364248037338257,0.11516447365283966,0.11926605552434921,-0.03262028843164444,0.632275402545929,-0.016768133267760277,-0.09597396850585938,0.37188202142715454,-0.12714163959026337,0.27245572209358215,0.8169616460800171,-0.030066903680562973,-0.06089118868112564,0.08231367915868759,-0.19492356479167938,0.4235381484031677,-0.2484317272901535,-0.02844354510307312,-0.09709455072879791,0.1791815459728241,0.5592343211174011,-0.3178439736366272,-0.5375924110412598,-0.0034897327423095703,-0.6015157103538513,0.08350539207458496,0.3965480923652649,-0.23697276413440704,0.27990299463272095,-0.4690309464931488,-0.27869912981987,0.6623557209968567,-0.13059160113334656,-0.03148400038480759,-0.10521931946277618,-0.22351452708244324,-0.035543330013751984,0.7357125282287598,-0.046626798808574677,0.2204635888338089,-0.2650124132633209,-0.12560200691223145,0.01572260446846485,-0.1785356104373932,-0.584194540977478,0.16815827786922455,-0.6840454339981079,0.5574954748153687,0.19638855755329132,0.5156188011169434,0.6492601037025452,0.1606961339712143,0.4474535882472992,-0.04839944466948509,-0.01607443392276764,-0.17356064915657043,0.14143189787864685,-0.07358549535274506,0.33079928159713745,0.2047807276248932,-0.26206666231155396,-0.05419876053929329,-0.033388473093509674,0.22142848372459412,-0.2839294373989105,0.08540546894073486,-0.2457953691482544,-0.04601338878273964,0.10335947573184967,0.011275861412286758,0.02199321612715721,0.3878166079521179,-0.20931942760944366,-0.6241728067398071,0.05088340491056442,-0.07835729420185089,-0.010487288236618042,0.08067481219768524,0.16942207515239716,-0.29199251532554626,0.7501057386398315,-0.1466023176908493,0.30044206976890564,-0.14109131693840027,0.03496408462524414,0.07479269802570343,0.4490188956260681,-0.29119881987571716,0.22068829834461212,-0.22451066970825195,-0.1845969259738922,0.12912516295909882,-0.08110962808132172,0.20236673951148987,-0.3451572060585022,-0.3365451693534851,0.06635680049657822,0.11485610902309418,-0.09215788543224335,0.01276214700192213,0.35977691411972046,-0.08773393929004669,-0.382974773645401,0.2624634802341461,-0.66004878282547,-0.5048578977584839,0.3149474263191223,0.16127340495586395,0.020538877695798874,0.8315156102180481,0.0812806487083435,-0.07269906997680664,0.17575320601463318,-0.05857323482632637,0.0243793036788702,-0.3043995499610901,-0.011334550566971302,0.052952855825424194,0.13364282250404358,0.06857416778802872,-0.26059430837631226,-0.007461862172931433,-0.23707707226276398,-0.12367536127567291,0.3169957101345062,-0.2194470912218094,-0.7557955384254456,-0.6964537501335144,0.6215322017669678,-0.14419443905353546,0.00555498618632555,0.07398142665624619,-0.4656805396080017,-0.07576198875904083,-0.0031731664203107357,0.12676408886909485,-0.9064415097236633,0.24743099510669708,-0.4361492991447449,0.043428801000118256,-0.04441797360777855,-0.146937757730484,0.5323053598403931,-0.49713826179504395,-0.3735167980194092,-0.009572982788085938,0.09286215156316757,-0.16438038647174835,-0.5752371549606323,-0.25016480684280396,0.35676974058151245,0.0052293436601758,0.5230607986450195,0.06491690874099731,0.4428718090057373,-0.056870438158512115,-0.16423015296459198,0.36314573884010315,-0.10520152747631073,-0.4153187870979309,-0.18396100401878357,-0.12355341017246246,-0.3267776072025299,-0.1039436087012291,-0.1690598577260971,0.8296669125556946,0.04331508278846741,-0.5981127023696899,0.08500757813453674,0.021234180778265,-0.0729542151093483,0.4078676104545593,0.37775275111198425,-0.09472279995679855,0.2625040113925934,0.2826795279979706,-0.03948008269071579,-0.039865605533123016,-0.3483718931674957,-0.18202640116214752,-0.2103259116411209,0.0014430463779717684,0.058166004717350006,-0.07194558531045914,-0.12244746834039688,-0.00399680295959115,0.023147424682974815,-0.19722847640514374,0.6471245288848877,-0.0169724989682436,-0.03739446401596069,-0.33622604608535767,0.14266332983970642,-0.12524394690990448,0.1815013438463211,0.02270733192563057,0.09046151489019394,-0.0432090163230896,0.13960696756839752,0.19652220606803894,-0.04009076952934265,-0.7249139547348022,-0.04869283735752106,0.019681967794895172,-0.032238248735666275,0.1487581580877304,-0.01571374200284481,-0.24922046065330505,-0.5646981000900269,0.07951183617115021,0.07971291244029999,0.00566009571775794,-0.11109884083271027,-0.11084796488285065,0.6556723713874817,-0.374696284532547,-0.05980144813656807,-0.11224670708179474,-0.12477993965148926,-0.08820758014917374,0.12937800586223602,0.16106891632080078,-0.2583056092262268,0.3170050382614136,0.2311263531446457,0.05102619528770447,0.24297299981117249,-0.22139406204223633,0.27378302812576294,0.14772656559944153
CID000005650,118,-0.1068534255027771,-0.19244690239429474,-0.4974709153175354,-0.11047692596912384,0.3229340612888336,-0.29154062271118164,-0.00019244663417339325,-0.30954763293266296,-0.1169193759560585,0.1520896553993225,0.49163350462913513,0.03461550548672676,-0.10092761367559433,-0.12463366985321045,0.01769196055829525,0.2714952528476715,0.40790700912475586,-0.17239074409008026,-0.1955699622631073,0.11439351737499237,-0.2130385935306549,-0.005376030690968037,0.5100735425949097,0.08891942352056503,-0.39928165078163147,-0.7689534425735474,-0.3546217381954193,-0.14890693128108978,0.13986991345882416,0.13584938645362854,0.45437416434288025,0.10997112095355988,-0.061927009373903275,0.40074023604393005,-0.40590032935142517,0.07335609197616577,0.6000224351882935,-0.12639394402503967,0.02554699406027794,-0.01698063686490059,-0.27512428164482117,0.4371311664581299,-0.3747652471065521,-0.049477268010377884,-0.1047905683517456,0.134845569729805,0.6569280624389648,-0.0629313588142395,-0.5726628303527832,-0.02433490753173828,-0.507308840751648,0.17477138340473175,0.34370580315589905,-0.1465674489736557,0.23414644598960876,-0.39218491315841675,-0.1838970184326172,0.533786416053772,0.0791914165019989,-0.06294702738523483,0.08824700862169266,-0.23378042876720428,0.23242679238319397,0.6715899109840393,0.13031360507011414,0.2262732982635498,-0.15872922539710999,-0.014335190877318382,0.009899403899908066,-0.06028478220105171,-0.6152886152267456,0.19156885147094727,-0.3944184184074402,0.6021524667739868,-0.03611182048916817,0.33877071738243103,0.46350425481796265,0.45779356360435486,0.3784942328929901,-0.04269816726446152,-0.07663454860448837,-0.15100151300430298,0.027138371020555496,-0.006140767131000757,-0.038353078067302704,0.38184866309165955,-0.11624635756015778,-0.1469242125749588,-0.11421754211187363,0.07792909443378448,-0.13201496005058289,-0.16997751593589783,-0.05212624743580818,0.11416937410831451,0.11452127993106842,-0.21315371990203857,-0.31403598189353943,0.17708748579025269,0.05509984493255615,-0.6345698833465576,-0.038742225617170334,-0.19649963080883026,0.21493077278137207,-0.17753781378269196,0.18073879182338715,-0.19667354226112366,0.6636740565299988,0.15329210460186005,0.18426524102687836,-0.11676879972219467,-0.1818048059940338,0.005173883400857449,0.365585595369339,-0.3116757869720459,0.09593448042869568,-0.14509837329387665,-0.36565741896629333,0.006390976719558239,-0.019514698535203934,-0.16010190546512604,-0.03233588859438896,-0.2635447084903717,-0.022245248779654503,-0.03187711909413338,0.05100705102086067,0.10961195081472397,0.1898726522922516,0.08020700514316559,-0.07959931343793869,0.20726391673088074,-0.7129718065261841,0.03396674245595932,0.36111775040626526,0.2473827302455902,0.09370400756597519,0.9246075749397278,0.21113574504852295,-0.31674879789352417,0.2764741778373718,0.06032358482480049,-0.29613104462623596,-0.32417646050453186,0.24318668246269226,0.3318422734737396,0.10658784955739975,-0.09154130518436432,-0.2997530996799469,-0.13881970942020416,0.018211333081126213,0.086403027176857,0.28237226605415344,-0.08181379735469818,-0.4612162709236145,-0.6167809367179871,0.4879332482814789,-0.30260252952575684,0.1549665480852127,-0.21215860545635223,-0.4656738340854645,-0.13574108481407166,-0.07712849229574203,0.04599349945783615,-0.6960481405258179,0.025721680372953415,-0.3765811324119568,-0.006978294346481562,-0.024696338921785355,-0.10002933442592621,0.3587445914745331,-0.49797019362449646,-0.07128511369228363,-0.1661405861377716,-0.15096929669380188,-0.2333446741104126,-0.504347026348114,-0.09352544695138931,0.322570264339447,0.2650187313556671,0.5269299745559692,0.04698949307203293,0.6256359815597534,-0.18542130291461945,-0.2400016337633133,0.3052242696285248,-0.07995181530714035,-0.5101916790008545,-0.012544172815978527,-0.22895300388336182,-0.08697183430194855,-0.07066382467746735,-0.5105419754981995,0.881550669670105,0.00012915433035232127,-0.3461211323738098,0.1374458372592926,-0.09595003724098206,-0.1087067723274231,-0.025868166238069534,0.5135163068771362,-0.2501588463783264,0.46048274636268616,0.4872421622276306,-0.10652164369821548,0.17837771773338318,-0.4226683974266052,-0.35155612230300903,-0.2564069330692291,-0.20521381497383118,-0.024681221693754196,-0.11452877521514893,0.1359260082244873,0.03749352693557739,-0.06162058189511299,-0.21895074844360352,0.7813597917556763,-0.0935778021812439,-0.03535187989473343,-0.2368149310350418,0.05542226508259773,0.22880955040454865,0.20019498467445374,-0.1603337973356247,0.13987433910369873,-0.0585695281624794,-0.18394415080547333,0.08181966841220856,0.15586774051189423,-0.6216919422149658,-0.2278604954481125,-0.10413700342178345,0.015601282939314842,0.21651418507099152,0.11337554454803467,-0.3052670359611511,-0.5230580568313599,0.08632902801036835,0.06763358414173126,-0.17516911029815674,0.028620218858122826,-0.1346975862979889,0.2947491705417633,-0.3711630702018738,-0.00936416070908308,-0.2027914822101593,-0.05853164196014404,-0.28864145278930664,-0.05595559999346733,-0.19387885928153992,-0.02863709256052971,0.23843760788440704,-0.13925299048423767,-0.1498607099056244,-0.16572359204292297,-0.15851937234401703,0.20761597156524658,-0.06118267774581909
CID000028112,119,0.05320079252123833,-0.24171455204486847,-0.6201789379119873,0.21216480433940887,0.2603897452354431,-0.4407922625541687,-0.0058086165226995945,-0.25426408648490906,0.14130951464176178,-0.06255737692117691,0.04805690795183182,0.028880786150693893,0.023207969963550568,-0.03821156919002533,0.39193353056907654,0.29147976636886597,0.2789855897426605,-0.12813137471675873,-0.03989986330270767,0.268119752407074,0.1156378984451294,0.1454881876707077,0.38177111744880676,0.0006480127340182662,-0.7768921852111816,-0.4351671636104584,-0.16845592856407166,-0.43039312958717346,0.22537215054035187,0.17548462748527527,0.5444693565368652,-0.039428673684597015,-0.02172108367085457,0.12379984557628632,-0.1773894727230072,0.0515422448515892,0.4868103563785553,-0.191151425242424,-0.00504110474139452,-0.12777087092399597,-0.4396260678768158,0.46469616889953613,-0.21162736415863037,-0.1394386887550354,0.12561064958572388,-0.03806743025779724,0.5615372061729431,-0.16084246337413788,-0.34107837080955505,-0.15072569251060486,-0.664007306098938,0.21165332198143005,0.6764572858810425,-0.0749090313911438,-0.028813129290938377,-0.17638377845287323,0.029841214418411255,0.6532866358757019,0.12899866700172424,-0.2695910930633545,0.19849936664104462,0.13749217987060547,-0.05160785838961601,0.6184765100479126,0.08551906049251556,0.6572648286819458,-0.04053475707769394,0.16887716948986053,-0.17742405831813812,-0.06238562986254692,-0.5821470618247986,0.06317813694477081,-0.2637183666229248,0.5517898797988892,-0.051485877484083176,0.5792251229286194,0.33724668622016907,0.014413202181458473,0.33641523122787476,0.025373857468366623,-0.07075685262680054,-0.04031476750969887,-0.036584317684173584,0.017454996705055237,-0.02364492416381836,0.12031222879886627,-0.20617499947547913,0.14446872472763062,-0.07660197466611862,-0.27609699964523315,0.028198260813951492,0.0791226327419281,-0.25951841473579407,-0.06374441087245941,0.10220476239919662,0.03287198394536972,0.15147480368614197,0.32897892594337463,0.13236746191978455,-0.515254557132721,0.01614456996321678,-0.05064103752374649,0.012212546542286873,-0.2940259575843811,0.03628549724817276,-0.20179776847362518,0.41070055961608887,0.06935180723667145,-0.01397036574780941,-0.09370092302560806,0.13064143061637878,-0.1393623799085617,0.37737616896629333,-0.6577882766723633,0.003632637904956937,-0.4017382562160492,0.007258990313857794,-0.025837142020463943,0.19022460281848907,0.034811265766620636,-0.3038051724433899,-0.22729215025901794,0.04690815508365631,-0.16624538600444794,-0.1946461796760559,0.04619152843952179,0.15758958458900452,-0.36987265944480896,-0.07046495378017426,0.14152544736862183,-0.41939234733581543,-0.2366773784160614,0.3414188325405121,0.19577555358409882,-0.06532493978738785,0.472512423992157,0.01643889583647251,-0.15468105673789978,0.08881957083940506,-0.13754373788833618,-0.015675533562898636,-0.021425941959023476,0.31329378485679626,0.19714196026325226,0.17386843264102936,0.08648155629634857,-0.15304113924503326,0.14129582047462463,-0.49032625555992126,-0.13102786242961884,0.8893860578536987,-0.0030331716407090425,-0.47666096687316895,-0.6453584432601929,0.7415310144424438,-0.29089200496673584,-0.23989740014076233,-0.19643011689186096,-0.459505170583725,0.025168389081954956,-0.07741060853004456,-0.030551720410585403,-0.8636466264724731,0.020404186099767685,-0.41215619444847107,-0.18137392401695251,0.07918635755777359,0.12050028890371323,0.3140326738357544,-0.4501350522041321,-0.374539852142334,0.17396704852581024,-0.13008710741996765,0.15217754244804382,-0.4353853166103363,-0.12954667210578918,0.34550371766090393,0.06595180183649063,0.5125967860221863,-0.15511827170848846,0.32423800230026245,-0.19778844714164734,-0.035579584538936615,0.45239144563674927,-0.06475166976451874,-0.2408227175474167,-0.015100887045264244,-0.27652308344841003,-0.07826696336269379,0.03895975649356842,-0.28384527564048767,0.5207983255386353,-0.013766735792160034,-0.3051568567752838,-0.038586221635341644,0.066245898604393,0.23098492622375488,-0.010171359404921532,0.24488811194896698,-0.0413980595767498,0.4487622380256653,0.5884039998054504,-0.10543966293334961,-0.12198641151189804,-0.511611819267273,-0.12122861295938492,-0.4449583888053894,-0.04038100689649582,0.11516721546649933,-0.1309218555688858,-0.22165390849113464,-0.0724630206823349,-0.081388458609581,-0.12751813232898712,0.7479182481765747,0.1340225636959076,-0.14235083758831024,0.12223831564188004,-0.017361536622047424,0.06650280952453613,0.21947309374809265,-0.17853422462940216,0.09334491193294525,-0.29388290643692017,0.13499560952186584,0.11884977668523788,0.07368580251932144,-0.48531851172447205,-0.20959433913230896,-0.10948258638381958,0.0398087278008461,0.2181977927684784,-0.14464271068572998,-0.17247465252876282,-0.4327627718448639,-0.15936890244483948,-0.055853985249996185,0.11312127113342285,-0.22486385703086853,0.32746219635009766,0.31330642104148865,-0.4939350187778473,-0.06714534759521484,-0.23517532646656036,-0.16488607227802277,-0.4543549120426178,-0.059098679572343826,0.12076199054718018,-0.3731694221496582,0.31641751527786255,-0.04407661035656929,-0.07288498431444168,0.25571534037590027,-0.08992891758680344,0.13242223858833313,0.3296282887458801
CID000004927,122,-0.02675715647637844,-0.15420114994049072,-0.28368228673934937,0.3082558214664459,0.36261993646621704,-0.3065527081489563,-0.00753199914470315,-0.23867666721343994,-0.1537986695766449,0.1320289820432663,0.18696942925453186,0.014972424134612083,-0.08804308623075485,-0.1543823778629303,0.009004215709865093,0.15089590847492218,0.27085041999816895,-0.014224782586097717,-0.3525957465171814,0.15660786628723145,-0.10885646194219589,0.003811055328696966,0.6969879865646362,0.03521477058529854,-0.18018943071365356,-0.4511748254299164,0.09255075454711914,-0.27353498339653015,0.32912734150886536,-0.13800188899040222,0.6044769883155823,0.13848969340324402,-0.03127973526716232,0.29675233364105225,-0.5963408350944519,0.20782408118247986,0.4117632806301117,-0.006077575497329235,0.07642988860607147,0.1570689082145691,-0.4266778826713562,0.5030511617660522,-0.36956503987312317,-0.053877342492341995,0.05693326145410538,0.07542406022548676,0.45903244614601135,-0.11166910082101822,-0.5210368037223816,0.03163586184382439,-0.2878125011920929,0.05809938162565231,0.4460810720920563,-0.28492456674575806,0.1517615169286728,-0.22889690101146698,-0.14585328102111816,0.6192123889923096,0.2203454077243805,-0.13413667678833008,0.05200163647532463,-0.16787788271903992,0.07574515044689178,0.849581241607666,0.014083852991461754,0.3683662414550781,-0.14218221604824066,0.14515352249145508,-0.02738300897181034,0.1053503006696701,-0.7016345858573914,0.095585897564888,-0.7764334678649902,0.4443831443786621,-0.12842243909835815,0.5911142230033875,0.4532589912414551,0.2438621073961258,0.39222627878189087,0.0715010017156601,-0.07661556452512741,-0.2795240879058838,0.0037745952140539885,-0.07658164948225021,-0.07433392107486725,0.3182210326194763,-0.908165454864502,-0.2314618080854416,-0.04026458412408829,0.01572263427078724,-0.10151402652263641,0.016035711392760277,-0.30575284361839294,-0.11702354997396469,0.26513946056365967,-0.08082766830921173,-0.19157811999320984,0.14321503043174744,-0.08292027562856674,-0.2930200397968292,-0.08390967547893524,-0.27491405606269836,0.1397159844636917,-0.14942924678325653,0.12562295794487,-0.225934237241745,0.5409296154975891,-0.00168505753390491,0.1177741289138794,-0.13785098493099213,-0.09059081971645355,-0.11035408824682236,0.11545845121145248,-0.05559315159916878,-0.005699581000953913,-0.2311425507068634,-0.12542247772216797,0.0744221955537796,-0.15895873308181763,0.2083047330379486,-0.07580844312906265,-0.29401108622550964,0.013565674424171448,0.1875752955675125,0.1532473862171173,-0.07039552927017212,0.28500446677207947,0.09956134110689163,-0.08014823496341705,0.1313992142677307,-0.7193479537963867,-0.4107872545719147,0.22281694412231445,0.18747159838676453,-0.12186644971370697,0.7544916868209839,0.3220832347869873,-0.37188786268234253,0.07609687745571136,-0.08263640850782394,-0.08616611361503601,-0.25343891978263855,0.014079025015234947,0.19231072068214417,0.3543426990509033,0.0059216259978711605,-0.3867555260658264,0.0037997185718268156,-0.12866541743278503,-0.05141361802816391,0.3289324641227722,-0.02305634692311287,-0.8019053339958191,-0.9740913510322571,0.9446630477905273,-0.260370671749115,-0.1113775223493576,0.04608570411801338,-0.28307777643203735,-0.35124942660331726,-0.08578687161207199,0.02736329659819603,-0.4957799017429352,0.041796647012233734,-0.46580928564071655,-0.07716787606477737,0.10127844661474228,-0.2606654465198517,0.323170006275177,-0.596484899520874,-0.31127530336380005,-0.28028857707977295,-0.0688457190990448,-0.14837868511676788,-0.5784925222396851,-0.15434563159942627,0.42258936166763306,0.18244066834449768,0.6783331632614136,0.018302300944924355,0.5440669655799866,0.11800515651702881,0.04218728467822075,0.20838704705238342,-0.16160988807678223,-0.19880688190460205,-0.03254837542772293,-0.48123183846473694,-0.14306111633777618,-0.19279369711875916,-0.07258111238479614,0.4931224286556244,-0.08488829433917999,-0.5370113253593445,0.09139905869960785,0.09876930713653564,-0.06151580810546875,-0.005073499865829945,0.12159378826618195,-0.0922725647687912,0.05104091018438339,0.1817631721496582,-0.10356501489877701,-0.15431112051010132,-0.47438937425613403,-0.25329774618148804,-0.28435665369033813,-0.009757718071341515,0.12063290178775787,-0.05157345533370972,-0.02844115160405636,0.06185588240623474,-0.25646597146987915,-0.2912904620170593,0.39167600870132446,0.2728848457336426,0.03701123222708702,0.060366660356521606,-0.11313177645206451,0.12679792940616608,0.3942418098449707,0.053882159292697906,0.36063152551651,-0.01664433255791664,-0.18828456103801727,0.04397762939333916,-0.18253855407238007,-0.8854436874389648,-0.09145010262727737,-0.04157309979200363,-0.08831459283828735,0.14386768639087677,0.06382118165493011,-0.3437657952308655,-0.5232642889022827,0.19422419369220734,0.1686158925294876,-0.04276716336607933,0.059833794832229614,0.03817661106586456,0.5289583802223206,-0.5496037006378174,-0.009890774264931679,-0.22377583384513855,-0.15180620551109314,-0.49210643768310547,0.19256988167762756,0.12336117029190063,0.018347036093473434,0.28293681144714355,0.15477244555950165,0.2387220412492752,-0.10661840438842773,0.0948866456747055,0.11445502936840057,-0.18901871144771576
CID000003784,123,0.3754628598690033,-0.10284191370010376,-0.6631015539169312,-0.014629974961280823,0.22700724005699158,-0.3679019808769226,0.04874067381024361,-0.6351450681686401,-0.18939653038978577,-0.0016147017013281584,0.39540886878967285,-0.014837292954325676,-0.01863311603665352,-0.05387654900550842,0.11097109317779541,0.23711490631103516,0.2714877724647522,-0.03399762138724327,-0.06574127078056335,-0.03379254415631294,0.0191526859998703,0.2382010668516159,0.6522268652915955,0.05496300011873245,-1.0871407985687256,-0.8274303674697876,-0.19004325568675995,-0.16053180396556854,0.15811844170093536,-0.146188423037529,0.6299469470977783,0.056334614753723145,0.2718345820903778,-0.09063725173473358,8.25196475489065e-05,0.10912875831127167,0.333539754152298,0.09063056111335754,-0.17429551482200623,-0.1775185614824295,-0.04912123829126358,0.2967264950275421,-0.16606345772743225,-0.2525799870491028,-0.18519611656665802,-0.08894094079732895,0.536119818687439,-0.20058627426624298,-0.41441234946250916,0.02832134999334812,-0.5370441675186157,0.31315168738365173,0.8491271734237671,-0.28644299507141113,0.022701099514961243,-0.2225768268108368,-0.10987327992916107,0.7858599424362183,0.22857806086540222,-0.07476408779621124,-0.17925192415714264,-0.1326836198568344,-0.04174037650227547,0.596731960773468,0.3107270300388336,0.278620183467865,0.0016632408369332552,-0.12548907101154327,-0.15943554043769836,0.0454634353518486,-0.5580770373344421,0.13292869925498962,-0.6093789339065552,0.2814953327178955,-0.06471430510282516,0.5634990930557251,0.2812313437461853,0.09404278546571732,0.32039695978164673,0.1553686559200287,0.15141549706459045,-0.5929388999938965,-0.06112063676118851,-0.1324499547481537,0.13704024255275726,0.16785301268100739,-0.4213618338108063,0.07674134522676468,0.01543649472296238,-0.1627877652645111,-0.04779251664876938,0.17264384031295776,-0.3681638538837433,0.28317147493362427,-0.0005677491426467896,-0.04301531985402107,0.05136547237634659,0.40996068716049194,0.07773904502391815,-1.050983190536499,-0.11641907691955566,-0.0853293314576149,-0.16310426592826843,0.007675680331885815,0.04277384281158447,-0.07518001645803452,0.7151017785072327,-0.28018689155578613,-0.053502846509218216,0.1498154252767563,0.07587749511003494,-0.1192266196012497,0.5879288911819458,-0.44876354932785034,-0.03247620910406113,-0.4030378460884094,-0.25054001808166504,-0.08095572143793106,-0.04550781846046448,0.04593614861369133,-0.3347727954387665,-0.10336345434188843,0.30931907892227173,-0.10790258646011353,-0.05544023960828781,0.22108104825019836,0.15290424227714539,0.1158304363489151,-0.27206769585609436,-0.007413810584694147,-0.6232227087020874,0.1984100639820099,0.28688639402389526,0.1563388854265213,-0.0646515041589737,0.36454012989997864,0.08794818818569183,-0.3468867838382721,0.23527011275291443,-0.029605846852064133,-0.18894554674625397,-0.1825847625732422,0.3881003260612488,0.11968956887722015,0.07568033039569855,0.0825573056936264,-0.2535140812397003,0.3237689435482025,-0.06278315931558609,-0.07292535156011581,0.39216649532318115,-0.29977118968963623,-0.670246958732605,-0.8531182408332825,0.7610859870910645,0.005707737989723682,0.11822368949651718,0.11967669427394867,-0.75050288438797,0.16754239797592163,-0.1890176236629486,-0.08441336452960968,-1.2301080226898193,-0.013780328445136547,-0.6035179495811462,-0.0702449306845665,0.17107979953289032,-0.02293616533279419,1.0377967357635498,-0.528549075126648,-0.8211855888366699,-0.08078406751155853,0.023224541917443275,0.2268485128879547,-0.4890812933444977,-0.25032633543014526,0.5565477609634399,-0.0396856926381588,0.5609027147293091,-0.026148522272706032,0.17185617983341217,0.22478191554546356,-0.0832652747631073,0.7262128591537476,-0.13857507705688477,-0.406613826751709,0.06322957575321198,-0.17719343304634094,-0.0640072226524353,-0.26336440443992615,-0.43270283937454224,1.0644593238830566,-0.07833725214004517,-0.7261201739311218,-0.13960085809230804,-0.13669553399085999,-0.180716872215271,-0.10919936001300812,0.7181760668754578,-0.34449201822280884,0.7629247903823853,0.2769638001918793,-0.06809090077877045,0.06578606367111206,-0.6291206479072571,0.210740327835083,-0.4632934629917145,-0.1047329530119896,-0.21185734868049622,0.2022794783115387,0.026496877893805504,-0.11989422142505646,-0.02003501169383526,-0.07086997479200363,0.9521948099136353,0.027639353647828102,-0.2842225432395935,0.050908781588077545,-0.12900635600090027,0.053740911185741425,0.48739537596702576,0.11890096962451935,-0.151508629322052,-0.007953787222504616,0.1313067376613617,0.3631351590156555,0.132450133562088,-0.6621272563934326,-0.4787348210811615,0.025687381625175476,-0.018126461654901505,-0.30457741022109985,0.15714000165462494,-0.2789887487888336,-0.6488306522369385,-0.0946769267320633,-0.06385888904333115,0.029622524976730347,0.12321840226650238,0.055877041071653366,0.7780303955078125,-0.3734866976737976,-0.17591693997383118,-0.4774252772331238,-0.06385799497365952,-0.7372217178344727,0.19634994864463806,-0.14129501581192017,-0.26102322340011597,0.29938340187072754,0.39777088165283203,-0.1095215231180191,0.3195004463195801,-0.21627283096313477,0.2429913580417633,-0.03704097494482994
CID000005402,124,0.08819730579853058,-0.24778148531913757,-0.5232500433921814,0.16165217757225037,0.39781585335731506,-0.157321959733963,-0.15435954928398132,-0.5847005248069763,-0.0279545821249485,-0.47226032614707947,0.2691388726234436,0.26464375853538513,-0.0507219135761261,0.30858224630355835,0.060658443719148636,0.12139265239238739,0.008307220414280891,0.2099425494670868,-0.3373481035232544,0.10645478963851929,0.33569520711898804,-0.16100257635116577,0.3521125316619873,0.29107773303985596,-0.6470414400100708,-0.6832155585289001,-0.4593561291694641,0.07015037536621094,0.18715620040893555,-0.4610399603843689,1.0412249565124512,0.0024793981574475765,-0.17905375361442566,0.5928490161895752,-0.5267757177352905,0.19356898963451385,0.3819710612297058,-0.0058673955500125885,0.12178021669387817,0.12044306844472885,-0.6309627890586853,0.17185668647289276,-0.07413522154092789,-0.04369094595313072,-0.11782793700695038,-0.004930398426949978,0.55540531873703,0.06438380479812622,-0.6627964973449707,-0.1215023398399353,-0.8725510835647583,0.12033498287200928,0.6222841739654541,-0.26602834463119507,0.37194401025772095,-0.10847963392734528,-0.15526394546031952,0.5071426630020142,0.13940899074077606,0.08585218340158463,0.02869531512260437,-0.41581541299819946,0.24112634360790253,1.0250593423843384,0.0455993227660656,0.6897619366645813,-0.1886741816997528,0.11392553895711899,-0.06940678507089615,0.11215250194072723,-0.7566310167312622,0.11823888123035431,-0.7669918537139893,0.34767773747444153,0.09201368689537048,0.3384811282157898,0.2496049851179123,0.037556566298007965,0.8476400375366211,-0.04315517097711563,-0.06785502284765244,-0.305576890707016,-0.03373761475086212,-0.08247456699609756,0.043985117226839066,0.33553236722946167,-0.35343870520591736,-0.07757438719272614,0.0032547875307500362,-0.08990828692913055,-0.236344575881958,-0.2178327590227127,-0.475913941860199,-0.21638557314872742,0.22419309616088867,-0.08818215876817703,0.13308297097682953,0.2750139534473419,-0.19243724644184113,-0.5137037038803101,-0.03478670492768288,-0.1910805106163025,0.27721211314201355,-0.07008141279220581,0.34641221165657043,-0.08869032561779022,0.9392505884170532,0.2383478879928589,0.08376234769821167,-0.04715407267212868,0.05608697980642319,0.1387770175933838,0.7493662238121033,-0.7001177072525024,0.2697179913520813,-0.06940697878599167,-0.22467012703418732,0.32781702280044556,-0.1824154108762741,0.3941774368286133,-0.3521203398704529,-0.49322909116744995,0.07634240388870239,-0.0494396947324276,-0.036925967782735825,0.13199317455291748,0.21736030280590057,-0.07737018167972565,-0.2754642367362976,0.2678183615207672,-0.8489792943000793,-0.2927537262439728,0.4105239510536194,0.23400990664958954,-0.00042637885781005025,0.9171749353408813,-0.02351151406764984,0.17053769528865814,0.26747339963912964,-0.24316737055778503,-0.14131668210029602,0.00462937681004405,0.08691586554050446,-0.020367708057165146,0.07744095474481583,-0.02062905579805374,-0.27509790658950806,0.13503199815750122,-0.45772868394851685,-0.27868765592575073,0.8395645022392273,0.17338848114013672,-0.4991096556186676,-0.7134124040603638,0.5357447862625122,-0.18354874849319458,-0.09674127399921417,0.36551302671432495,-0.4686872959136963,-0.07887407392263412,-0.12008790671825409,0.2937857508659363,-0.654456615447998,0.09119522571563721,-0.4257339537143707,0.029774228110909462,-0.08616534620523453,-0.0075899758376181126,0.16839377582073212,-0.42562705278396606,-0.4145672917366028,-0.05588186904788017,-0.062459856271743774,-0.09046768397092819,-0.6032981872558594,-0.06513924896717072,0.23309822380542755,0.15901383757591248,0.5388031005859375,0.06711997836828232,0.20977208018302917,-0.03484871983528137,-0.15226209163665771,0.6912018656730652,-0.09755889326334,-0.6219478845596313,-0.0642235279083252,-0.06842420250177383,-0.2670426666736603,-0.1607941836118698,-0.2815527319908142,0.7537169456481934,-0.06675007194280624,-0.35540571808815,-0.05174555256962776,0.054501473903656006,0.0660443976521492,-0.010527056641876698,0.3416132628917694,-0.021832600235939026,0.44111114740371704,0.24196882545948029,-0.052592772990465164,0.36863213777542114,-0.45076480507850647,0.10253646224737167,-0.2715522348880768,-0.16960346698760986,-0.0507967583835125,0.015950266271829605,-0.11271192133426666,0.08725972473621368,-0.1569977104663849,-0.10867321491241455,0.7149158120155334,-0.0629214495420456,0.018133779987692833,-0.07416039705276489,0.004542350769042969,0.09532192349433899,0.06396402418613434,-0.0552838072180748,0.13875755667686462,-0.2363022267818451,0.07757312059402466,0.18023639917373657,-0.14019671082496643,-1.1205995082855225,-0.08791907131671906,-0.07600973546504974,-0.19831515848636627,0.24310532212257385,0.12331239879131317,-0.26344841718673706,-0.6361293792724609,0.04607660695910454,0.12935927510261536,-0.1195702999830246,0.08337457478046417,-0.13274674117565155,0.38534682989120483,-0.33258306980133057,-0.10118426382541656,-0.0642441138625145,-0.04539114609360695,-0.31271031498908997,0.09913847595453262,0.2966684103012085,-0.22238509356975555,0.5841573476791382,0.1132371798157692,-0.03731711953878403,-0.04063981771469116,-0.14529839158058167,0.471665620803833,0.08324924856424332
CID000005732,125,0.04245572164654732,-0.2519524395465851,-0.436577171087265,-0.005426198244094849,0.3158210813999176,-0.1915523111820221,-0.059556908905506134,-0.3269484043121338,-0.2368278056383133,0.09252559393644333,0.309471994638443,-0.016116274520754814,-0.06432757526636124,-0.025621715933084488,-0.01922461949288845,0.2989533543586731,0.3103618323802948,0.041847627609968185,-0.19232289493083954,0.18390308320522308,-0.18004271388053894,-0.03850967809557915,0.5471519827842712,-0.012438774108886719,-0.30873697996139526,-0.6587468385696411,-0.39019250869750977,-0.07431504130363464,0.14774015545845032,0.1455661654472351,0.4359045922756195,0.10005780309438705,-0.10690398514270782,0.34962671995162964,-0.233962744474411,0.08072631061077118,0.731866180896759,-0.1401989609003067,0.02295834571123123,0.06356535851955414,-0.14487139880657196,0.42361849546432495,-0.43324121832847595,0.04432467371225357,-0.035054221749305725,0.1927281618118286,0.5880029797554016,-0.05035216361284256,-0.5837342739105225,-0.06391789019107819,-0.3524906635284424,0.24969515204429626,0.31044119596481323,-0.17798104882240295,0.057620465755462646,-0.34585481882095337,-0.2512112259864807,0.518182635307312,-0.06899134814739227,-0.12405212223529816,0.1269875168800354,-0.2262439727783203,0.046789031475782394,0.6767727136611938,0.13048811256885529,0.1278790384531021,-0.21135099232196808,-0.06689272820949554,0.00878605805337429,0.103086456656456,-0.7153754830360413,0.10649405419826508,-0.47227048873901367,0.48747748136520386,-0.10616610199213028,0.27653226256370544,0.39485734701156616,0.31936532258987427,0.4254922866821289,-0.056493889540433884,-0.04411840811371803,-0.1469169408082962,0.015517905354499817,-0.07490349560976028,0.2166471928358078,0.36162978410720825,-0.09401674568653107,-0.10083657503128052,-0.13737837970256805,0.08217211812734604,-0.12303092330694199,-0.030217725783586502,-0.03318081051111221,0.10152802616357803,0.16523584723472595,-0.12572906911373138,-0.23963113129138947,0.23476386070251465,0.031661149114370346,-0.5096254348754883,-0.06949307769536972,-0.14638249576091766,0.1528831422328949,-0.04343060031533241,0.20280084013938904,-0.10490522533655167,0.728643536567688,0.12671715021133423,0.20212963223457336,-0.1190694198012352,-0.09698693454265594,0.10498170554637909,0.24043142795562744,-0.05134081840515137,0.19010639190673828,-0.28196579217910767,-0.276442289352417,0.07954349368810654,-0.1442074477672577,-0.024722976610064507,-0.09160050004720688,-0.35148173570632935,-0.020802075043320656,0.1420334130525589,-0.1257946789264679,0.17059534788131714,0.1401127129793167,0.08540032058954239,-0.22102613747119904,0.2324816733598709,-0.6202495694160461,-0.15277177095413208,0.39074379205703735,0.11208220571279526,0.07612502574920654,0.6491111516952515,0.17804758250713348,-0.16639067232608795,0.1726771891117096,-0.05716618150472641,-0.19911673665046692,-0.17955417931079865,0.11682524532079697,0.33268219232559204,0.18359573185443878,-0.08832986652851105,-0.3406505286693573,-0.09031334519386292,0.038457922637462616,-0.04577488452196121,0.17114827036857605,-0.07246647775173187,-0.537705659866333,-0.5535134673118591,0.3862531781196594,-0.22775821387767792,0.18709224462509155,-0.18212147057056427,-0.3378995358943939,-0.05183257907629013,-0.12760792672634125,-0.03395520895719528,-0.6971601247787476,-0.01120176911354065,-0.4121569097042084,-0.03378786891698837,-0.03778805583715439,-0.11924233287572861,0.5133964419364929,-0.5445387363433838,-0.07736101746559143,-0.18797548115253448,-0.059035420417785645,-0.16595090925693512,-0.47355788946151733,-0.08056323230266571,0.31740421056747437,0.21311211585998535,0.5341287851333618,-0.1255902200937271,0.730396568775177,-0.2600153684616089,-0.028184715658426285,0.1767377108335495,-0.10778798162937164,-0.453291118144989,-0.08301202952861786,-0.2902933955192566,0.09916134178638458,-0.06939864158630371,-0.3649490773677826,0.8159871101379395,-0.07968249171972275,-0.45027440786361694,0.08862915635108948,-0.08490980416536331,-0.11543980985879898,0.12581183016300201,0.2787092924118042,-0.07136715948581696,0.32988181710243225,0.46631184220314026,-0.1337197721004486,0.08876360952854156,-0.4841788411140442,-0.41716670989990234,-0.17697075009346008,0.02399476245045662,-0.06675601750612259,-0.17980891466140747,0.12658295035362244,0.03251844644546509,0.11602608859539032,-0.22162246704101562,0.7741907835006714,-0.03432682529091835,-0.1344091147184372,-0.2500843107700348,0.03709428757429123,0.188289612531662,0.29798728227615356,0.05286065489053726,0.2507416307926178,-0.11352598667144775,0.056546617299318314,0.1008574515581131,0.0972641184926033,-0.6581480503082275,-0.31194859743118286,-0.06191826984286308,-0.09481773525476456,0.15488895773887634,0.15244266390800476,-0.3077211081981659,-0.4669235646724701,0.35086292028427124,0.08033515512943268,-0.2400006502866745,-0.0023158732801675797,-0.1726231575012207,0.30782681703567505,-0.38596123456954956,-0.008053514175117016,-0.22553133964538574,-0.014523297548294067,-0.24586184322834015,0.002480871509760618,0.008454928174614906,0.007790464907884598,0.3180200159549713,0.03435324877500534,0.11850905418395996,0.22716529667377472,-0.15764720737934113,0.06865453720092773,0.011532333679497242
CID000003958,126,0.2034902572631836,-0.12170574814081192,-0.3589532971382141,0.28207385540008545,0.2344631403684616,-0.037306323647499084,-0.02407197095453739,-0.4112706780433655,0.04375958442687988,0.17172062397003174,0.2423439472913742,-0.10513081401586533,-0.11364302784204483,-0.09348274022340775,-0.20064237713813782,0.18508270382881165,0.234004408121109,0.1741657704114914,-0.20305831730365753,0.038157664239406586,-0.4049065113067627,-0.1867039054632187,0.6659510135650635,-0.027077611535787582,-0.23851311206817627,-0.4816185534000397,-0.05508532002568245,-0.4396214485168457,0.3538838326931,-0.11144524812698364,0.6270305514335632,0.03360851854085922,-0.1096373200416565,-0.04013439267873764,-0.33859309554100037,0.26717203855514526,0.11841193586587906,-0.2309103012084961,0.09249483048915863,0.11212821304798126,-0.25855427980422974,0.5842161774635315,-0.352422297000885,0.18720944225788116,0.097458615899086,0.02001378871500492,0.4636863172054291,0.018739910796284676,-0.44097623229026794,0.04285921901464462,-0.0883600041270256,0.21990442276000977,0.41572871804237366,-0.34842783212661743,-0.0564480796456337,-0.34979280829429626,-0.16366785764694214,0.7378877401351929,0.08428317308425903,-0.23269757628440857,0.0208670012652874,-0.10524608939886093,-0.11552313715219498,0.8927052617073059,0.05478024482727051,0.39149361848831177,-0.04964213818311691,0.11418791860342026,-0.027403932064771652,0.24593262374401093,-0.8440760374069214,-0.08491019904613495,-0.6392877697944641,0.0992908924818039,-0.13001036643981934,0.43855470418930054,0.5947818756103516,0.26123568415641785,0.10272318124771118,-0.0415993258357048,0.041041869670152664,-0.08414997905492783,-0.03368561342358589,-0.09308521449565887,0.2510680854320526,0.2662687599658966,-0.638789176940918,-0.2228352278470993,-0.2995350956916809,0.01639837957918644,-0.10651183128356934,-0.0003441929875407368,-0.2722145915031433,-0.2361942082643509,0.11490869522094727,-0.14465878903865814,-0.34550657868385315,0.30398741364479065,0.03271539509296417,-0.48814788460731506,0.046982843428850174,0.07865874469280243,-0.13410454988479614,0.006652229931205511,0.05253288149833679,-0.09470507502555847,0.5043145418167114,0.17311331629753113,0.07101337611675262,-0.10975892841815948,0.13822372257709503,-0.10540179908275604,0.3497109115123749,-0.09713257849216461,0.05684836953878403,-0.03274960070848465,0.0032680928707122803,0.029635179787874222,-0.14402735233306885,0.2296479046344757,-0.15420837700366974,-0.28610941767692566,-0.03277982026338577,0.19264419376850128,0.005680727772414684,0.048418886959552765,0.14849619567394257,0.12418889999389648,-0.05976603552699089,0.053362954407930374,-0.7492092847824097,-0.3406667709350586,0.2622660994529724,0.0084062609821558,-0.01646440103650093,0.5945585370063782,-0.17383448779582977,-0.35413703322410583,0.2568872570991516,-0.10284578800201416,-0.2347712218761444,-0.04003312438726425,-0.20414936542510986,0.2800410985946655,0.42436322569847107,-0.09661023318767548,-0.10559269040822983,-0.0167193952947855,0.23839986324310303,-0.12513872981071472,0.35763272643089294,-0.00028805731562897563,-0.8733879923820496,-0.8953371047973633,0.8150628805160522,-0.3450542986392975,-0.16233956813812256,0.0035962224937975407,-0.24080173671245575,0.06547631323337555,-0.0780143290758133,-0.19525572657585144,-0.42940086126327515,0.1770867556333542,-0.6301099061965942,-0.3101179599761963,-0.18659216165542603,-0.19041414558887482,0.5386173725128174,-0.6118170619010925,-0.2495470941066742,-0.1475866585969925,-0.061186473816633224,-0.06816956400871277,-0.6500071883201599,0.12202151119709015,0.5029195547103882,0.12556175887584686,0.6156212091445923,0.02644512616097927,0.6379269957542419,-0.025352519005537033,-0.02304316684603691,0.06313277035951614,-0.13878236711025238,-0.21170267462730408,0.022359466180205345,-0.15512245893478394,-0.13778546452522278,-0.08763538300991058,-0.4324442446231842,0.5080305933952332,-0.005462175700813532,-0.52335125207901,-0.2073334902524948,0.07611308246850967,-0.12251701205968857,-0.02865784801542759,0.05231233313679695,0.12909919023513794,0.1565946638584137,-0.05853203684091568,-0.09514906257390976,-0.10311559587717056,-0.5091317892074585,-0.2922053337097168,-0.31516164541244507,-0.046412087976932526,0.09099338948726654,-0.28446435928344727,0.24754171073436737,0.16821645200252533,0.2150534838438034,-0.13574108481407166,0.40104809403419495,0.0664062574505806,-0.210946723818779,-0.10695630311965942,0.08229321986436844,-0.01722724363207817,0.32929131388664246,0.018322831019759178,0.312272310256958,0.07527544349431992,-0.2137525975704193,0.19007587432861328,0.0034211515448987484,-0.8051527738571167,-0.13447371125221252,0.14498376846313477,0.2490907460451126,0.09556879103183746,-0.013908261433243752,-0.1331605166196823,-0.6522681713104248,0.1771295815706253,0.13626384735107422,-0.013942377641797066,0.08239933848381042,-0.1317225843667984,0.3826885223388672,-0.5722165703773499,-0.10259707272052765,-0.1568998396396637,-0.09138856828212738,-0.49550238251686096,0.08158285915851593,0.1752283275127411,-0.06307850033044815,0.43137627840042114,0.0968337208032608,0.10320410877466202,0.032741207629442215,-0.06248636171221733,0.1312987357378006,-0.13136908411979675
CID000005487,127,0.0697365552186966,-0.29032471776008606,-0.47440606355667114,0.15602180361747742,0.3792889714241028,-0.20342600345611572,-0.05224979668855667,-0.37571728229522705,-0.19867679476737976,0.03021058440208435,0.2906043529510498,0.1279580146074295,-0.10660870373249054,0.11390861123800278,0.024664685130119324,0.182138592004776,0.0715004950761795,0.143250972032547,-0.17561189830303192,0.17507866024971008,-0.08735199272632599,0.1408357173204422,0.48982101678848267,0.060497842729091644,-0.29415056109428406,-0.6839177012443542,-0.518303632736206,0.01847156323492527,0.1336328685283661,0.1453772783279419,0.548084557056427,0.038161106407642365,-0.16990308463573456,0.4434371888637543,-0.1654394418001175,0.0979498028755188,0.5341081619262695,-0.09354981780052185,0.008883954957127571,0.15935929119586945,-0.011482417583465576,0.4081891179084778,-0.4948217272758484,0.07904143631458282,-0.10017389059066772,0.11886894702911377,0.519899845123291,-0.19717398285865784,-0.40790611505508423,-0.07248245179653168,-0.33009782433509827,0.18643489480018616,0.3880884051322937,-0.2571716606616974,0.2397894412279129,-0.24761930108070374,-0.33160117268562317,0.35881727933883667,0.13694532215595245,-0.10139951854944229,0.07927025854587555,-0.19711121916770935,0.08532021194696426,0.633449912071228,0.0020355700980871916,0.09832225739955902,-0.19198279082775116,-0.172338604927063,-0.07962625473737717,0.07310216873884201,-0.5643347501754761,0.1522538810968399,-0.6626638174057007,0.5542181730270386,0.08261861652135849,0.3013669550418854,0.4434185028076172,0.21123532950878143,0.38734960556030273,-0.006991347763687372,-0.057018913328647614,-0.16763585805892944,0.06006235629320145,-0.13112366199493408,0.11626654863357544,0.31853431463241577,-0.09686382114887238,-0.05560413748025894,0.011288708075881004,0.1402708739042282,-0.19918332993984222,-0.03806520625948906,-0.050676751881837845,0.05272049456834793,0.09396147727966309,-0.08785738050937653,-0.01947871409356594,0.2592048943042755,-0.014458445832133293,-0.5296481847763062,0.0486924983561039,-0.14210030436515808,0.07853786647319794,0.00361999380402267,0.2448042929172516,-0.08542205393314362,0.8452539443969727,-0.07913263142108917,0.1776355654001236,-0.12013301998376846,-0.10902013629674911,0.05882712081074715,0.20542053878307343,-0.021910440176725388,0.22571341693401337,-0.3124428391456604,-0.36687368154525757,0.06909269094467163,-0.07740280777215958,0.12830252945423126,-0.2112261801958084,-0.3253166079521179,0.10006394237279892,0.11246880143880844,-0.003081485629081726,0.11252741515636444,0.24859337508678436,-0.05605457350611687,-0.307117760181427,0.24913868308067322,-0.586402952671051,-0.3478893041610718,0.33631014823913574,0.13672040402889252,0.04574359208345413,0.7278749942779541,0.2138008326292038,-0.1248256117105484,0.2567461431026459,-0.18141789734363556,-0.0792122334241867,-0.13599011301994324,-0.004188752267509699,0.17844149470329285,0.27257734537124634,-0.0555468313395977,-0.24822291731834412,-0.08088831603527069,-0.13227316737174988,0.03695283085107803,0.12229903042316437,-0.01970379613339901,-0.5311607122421265,-0.5254571437835693,0.4288623332977295,-0.2293955385684967,0.13848057389259338,-0.040816713124513626,-0.39193135499954224,-0.08980482071638107,-0.04951120540499687,0.1714593768119812,-0.8129771947860718,-0.020409196615219116,-0.4015105366706848,0.10643605887889862,0.03292778879404068,-0.1190735250711441,0.6311839818954468,-0.6012681126594543,-0.15987733006477356,-0.11529648303985596,0.03204597160220146,-0.11987211555242538,-0.5354979634284973,-0.30661216378211975,0.34111088514328003,0.113001249730587,0.5447986125946045,-0.14235350489616394,0.7983925938606262,-0.16853764653205872,-0.14181093871593475,0.37903475761413574,-0.1742875576019287,-0.526157021522522,0.034877363592386246,-0.24452242255210876,-0.06215029954910278,-0.023443976417183876,-0.21050210297107697,0.8677619099617004,0.011539635248482227,-0.5280622839927673,0.10842962563037872,-0.16956408321857452,-0.009005451574921608,0.2110760509967804,0.3808595538139343,-0.0829637348651886,0.2183925211429596,0.4213048815727234,-0.037574294954538345,0.11373037099838257,-0.5177926421165466,-0.4838079512119293,-0.1522977203130722,-0.04048864543437958,-0.15083926916122437,-0.163292795419693,-0.10326381772756577,0.008123370818793774,-0.10748235881328583,-0.1769227683544159,0.7607946395874023,-0.12216468900442123,0.039917998015880585,-0.2591005861759186,0.048685222864151,0.049338918179273605,0.33175942301750183,0.04278748482465744,0.0915086418390274,-0.09904160350561142,0.1190914660692215,0.027761364355683327,-0.016062578186392784,-0.6362056136131287,-0.19729608297348022,-0.028136497363448143,-0.17641426622867584,0.05471709370613098,0.09160681813955307,-0.2358866184949875,-0.5006697177886963,0.10899734497070312,0.10524191707372665,-0.23576655983924866,-0.02282654494047165,-0.04371087998151779,0.5622562170028687,-0.33928996324539185,-0.03188973292708397,-0.23641793429851532,-0.07091236859560013,-0.21802890300750732,0.0265659186989069,0.19223617017269135,-0.04552175849676132,0.21974244713783264,0.17252245545387268,0.12786166369915009,0.222224622964859,-0.19184675812721252,0.16873875260353088,0.04491107538342476
CID000002022,128,-0.08998127281665802,-0.4568370282649994,-0.5995002388954163,0.40416520833969116,0.18804311752319336,-0.06539419293403625,-0.18633222579956055,-0.11578275263309479,0.23393115401268005,-0.001893869019113481,0.27775153517723083,0.026303717866539955,0.07216676324605942,-0.13968823850154877,0.16504333913326263,0.14838340878486633,0.43730640411376953,0.28921374678611755,-0.46188172698020935,0.1337084174156189,-0.18998798727989197,0.4518563151359558,0.38373738527297974,0.05895575135946274,-0.8356507420539856,-0.7586063146591187,-1.0599310398101807,-0.3233874440193176,0.06562606990337372,0.1456381380558014,0.8163838386535645,0.0012605905067175627,0.07682820409536362,0.22629670798778534,-0.3926067352294922,0.11962586641311646,0.6564759612083435,-0.08573989570140839,0.20347917079925537,-0.06676071882247925,-0.2730417847633362,0.7114588618278503,-0.36176806688308716,-0.5663877725601196,0.03349977731704712,-0.20583310723304749,0.8095448613166809,-0.012569673359394073,-0.44698280096054077,-0.08932869136333466,-0.8235923647880554,0.2506650388240814,0.3722291886806488,0.014846635051071644,0.19338741898536682,-0.2512974143028259,-0.27266985177993774,0.5321515798568726,0.5587894320487976,0.22154328227043152,-0.1460963487625122,-0.5319957137107849,0.04107505828142166,0.8382951021194458,0.03780794516205788,0.3598884046077728,-0.0817577987909317,-0.012323526665568352,-0.22833451628684998,0.11184220016002655,-0.4994276463985443,0.18525640666484833,-0.5359096527099609,0.3775223195552826,0.1802937090396881,0.6052740812301636,0.6669304966926575,0.21700938045978546,0.8271538615226746,0.0896272212266922,0.13279008865356445,-0.3040318489074707,0.11933030933141708,0.006428060121834278,0.38437122106552124,0.3149692416191101,-0.24483640491962433,-0.4037199020385742,0.0005330562707968056,-0.002158423885703087,-0.020303739234805107,0.3487171232700348,-0.02860199846327305,-0.21229775249958038,0.13199768960475922,-0.14494529366493225,-0.018761973828077316,0.32282060384750366,0.01943092793226242,-1.1702911853790283,-0.224450945854187,-0.1406617909669876,0.21301841735839844,-0.09433922916650772,0.05224285274744034,-0.12577271461486816,0.8878480792045593,0.050722796469926834,0.02272791974246502,0.19274720549583435,0.2836466431617737,-0.10039211809635162,0.16325950622558594,-0.7904648780822754,0.05348982289433479,-0.5359123349189758,-0.31625986099243164,0.17147910594940186,0.1396102011203766,0.3660154342651367,-0.07055684924125671,-0.2524518370628357,0.0799674242734909,-0.2837049961090088,-0.26104629039764404,-0.06528933346271515,0.3354473114013672,-0.1337531954050064,-0.0046520354226231575,0.03435651212930679,-1.0379785299301147,-0.5494990348815918,0.359064519405365,0.2729412615299225,-0.057510823011398315,1.0734634399414062,-0.0961204245686531,-0.0517115481197834,0.5282144546508789,-0.23298299312591553,-0.26627248525619507,-0.3914363384246826,0.21753959357738495,0.14394044876098633,0.03772330284118652,-0.0744919627904892,-0.4461906850337982,0.12372906506061554,-0.11637518554925919,0.3617265820503235,0.6722465753555298,0.014337536878883839,-0.7354400753974915,-0.5374100208282471,0.3837433457374573,-0.056443870067596436,-0.08098368346691132,-0.10434381663799286,-0.48347344994544983,0.09594269096851349,-0.08838808536529541,-0.005108973477035761,-1.1069186925888062,0.10888626426458359,-0.4570147395133972,-0.09934870153665543,-0.2807033658027649,0.07679124176502228,1.0106017589569092,-0.4544305205345154,-0.10544504970312119,-0.024453651160001755,-0.16044357419013977,0.095007985830307,-1.0287668704986572,0.0973551869392395,0.5143902897834778,0.04491397738456726,0.6023615002632141,0.24022002518177032,0.6889141201972961,-0.3190462291240692,-0.2548438012599945,0.9692788124084473,0.014397178776562214,-0.9886558651924133,0.1810838133096695,0.053610920906066895,-0.26423436403274536,-0.2439097911119461,-0.2006605565547943,0.8460142016410828,0.037741634994745255,-0.3157578408718109,-0.10216221958398819,0.08214600384235382,-0.1444011628627777,-0.11264876276254654,0.9968591928482056,-0.21925406157970428,0.26869410276412964,0.273380845785141,0.08164574205875397,0.2788645029067993,-0.44514942169189453,0.13466939330101013,-0.3342215120792389,-0.04378503933548927,-0.19775277376174927,-0.1030249148607254,0.22509703040122986,-0.12206064164638519,0.3491356074810028,-0.38518109917640686,1.1799778938293457,0.40998363494873047,-0.0813206285238266,-0.07962212711572647,0.1408410668373108,-0.260612428188324,0.1227954626083374,0.23010459542274475,-0.048551756888628006,0.04701375216245651,-0.06203572079539299,0.2398076057434082,-0.05043179541826248,-0.6543043851852417,-0.022529032081365585,-0.10479380935430527,-0.14038650691509247,-0.07216612994670868,0.015084328129887581,-0.1628585308790207,-0.7266529202461243,-0.045566290616989136,0.03609196096658707,-0.08644615113735199,-0.28296858072280884,0.210433691740036,1.3382210731506348,-0.3277195990085602,-0.1710587590932846,-0.5420929193496704,-0.16662678122520447,-0.46135011315345764,-0.056711483746767044,-0.06785044074058533,0.017093613743782043,0.34112226963043213,0.18596751987934113,0.13688379526138306,0.3160379230976105,-0.12068848311901093,0.20759399235248566,0.21607241034507751
CID000003345,129,0.009557467885315418,0.11742313206195831,-0.7472269535064697,0.24955423176288605,0.48340511322021484,-0.17671918869018555,-0.08373766392469406,-1.6685678958892822,-0.2206302136182785,-0.2629905343055725,0.33991217613220215,0.092931367456913,-0.06955228745937347,-0.139003723859787,-0.09324642270803452,0.09302335977554321,0.42169827222824097,0.30297860503196716,0.042863354086875916,-0.030262812972068787,-0.31409594416618347,-0.10258178412914276,0.36819547414779663,-0.16931025683879852,-1.166611909866333,-0.7628399729728699,-0.423086017370224,-0.048728637397289276,0.26550841331481934,-0.42362889647483826,1.2613445520401,-0.057520609349012375,-0.04701431840658188,0.4794725775718689,0.01251989882439375,0.32350650429725647,0.7557210922241211,-0.2573387026786804,-0.03856269270181656,0.0966760441660881,-0.31395772099494934,0.33352234959602356,-0.17890565097332,-0.1776953637599945,0.11998143047094345,0.17628085613250732,0.6940709352493286,-0.25398319959640503,-0.38817542791366577,-0.12648996710777283,-1.1031124591827393,0.42494791746139526,0.2641865611076355,-0.2868672013282776,0.16782133281230927,-0.014720797538757324,-0.05932243913412094,0.5960248708724976,-0.18520739674568176,0.005058092065155506,-0.08835341781377792,-0.1599815934896469,0.2061639130115509,1.0379743576049805,0.1396307349205017,0.47960740327835083,-0.15304872393608093,0.42681780457496643,0.019888464361429214,0.002310520503669977,-1.2139842510223389,0.08807127177715302,-0.4032142758369446,0.422299861907959,0.08063429594039917,0.435239315032959,0.3337242305278778,0.03757534176111221,0.9815508723258972,0.11019456386566162,-0.47819432616233826,-0.5090125799179077,-0.03229881450533867,-0.18255501985549927,0.22420525550842285,0.29163217544555664,-0.6842702031135559,-0.4396369457244873,-0.011972886510193348,0.36685147881507874,-0.3129538595676422,-0.07905798405408859,-0.2796437442302704,0.1498088389635086,0.18719501793384552,-0.23417910933494568,-0.21452996134757996,0.26961058378219604,-0.26617518067359924,-1.2339179515838623,0.030194973573088646,-0.24039311707019806,-0.14354535937309265,-0.08760423213243484,0.04911542311310768,-0.33490675687789917,1.2582412958145142,-0.41063037514686584,0.18957850337028503,-0.03782179206609726,-0.14381717145442963,0.08182511478662491,0.11022267490625381,-0.7404542565345764,0.2778699994087219,-0.6602546572685242,-0.3918035626411438,-0.0783146396279335,0.07956161350011826,0.6502266526222229,-0.3186042606830597,-0.14877602458000183,0.10611709207296371,0.03046131134033203,-0.06599683314561844,-0.13578490912914276,0.044905729591846466,0.006616285536438227,-0.11136801540851593,-0.13183853030204773,-0.7817739248275757,-0.4233900010585785,0.3926638960838318,-0.05066431313753128,0.12288282811641693,0.5572998523712158,-0.12027245759963989,0.006966219749301672,0.3502602279186249,-0.23548991978168488,-0.13069075345993042,-0.22233769297599792,0.1706288456916809,-0.032092735171318054,-0.16355076432228088,-0.1024509072303772,0.11995315551757812,0.40318840742111206,0.1963457465171814,-0.2907078266143799,0.7468568682670593,-0.12642130255699158,-0.45625534653663635,-0.9578625559806824,0.8812748193740845,-0.21257159113883972,0.16039599478244781,0.18022675812244415,-0.3747359812259674,0.1578950583934784,-0.052377693355083466,0.3103416860103607,-1.269827127456665,0.08187250792980194,-0.6890562772750854,-0.18237261474132538,-0.046868208795785904,-0.1653238981962204,0.49098068475723267,-0.5371540188789368,-0.2396990805864334,-0.2681323289871216,-0.14498700201511383,-0.2368888407945633,-0.6056310534477234,-0.26287680864334106,1.050288438796997,0.22909609973430634,0.48617106676101685,-0.2302759885787964,0.491473525762558,-0.06324855238199234,-0.21613463759422302,1.4488146305084229,-0.032406050711870193,-1.344374179840088,-0.6149267554283142,-0.08072850108146667,-0.18982601165771484,-0.1427004635334015,-0.4881661534309387,0.9292818307876587,-0.15331019461154938,-0.2856993079185486,0.08971605449914932,0.1567872017621994,-0.02440144494175911,-0.12422537803649902,0.5455673933029175,-0.016646822914481163,0.8208349347114563,0.202352836728096,-0.08503470569849014,0.26582637429237366,-0.43437057733535767,-0.09033331274986267,-0.2619815468788147,0.2071521282196045,0.28376200795173645,0.44886597990989685,-0.07158617675304413,-0.12663550674915314,0.01460334938019514,-0.41014742851257324,0.6963549852371216,0.3242175579071045,-0.009004893712699413,-0.4085008502006531,0.08285415172576904,-0.01662277616560459,0.02918444201350212,0.08321814239025116,0.25417008996009827,0.14859960973262787,0.0997062548995018,0.08626560866832733,0.01790425181388855,-0.5475254058837891,0.005378412082791328,-0.20656318962574005,0.1399039626121521,0.19466423988342285,0.14016512036323547,-0.4944995045661926,-0.67353355884552,0.4690871238708496,0.1607796847820282,0.04334389418363571,0.08485202491283417,-0.0011149555211886764,1.4399888515472412,-0.2927532196044922,-0.09246466308832169,-0.7023294568061829,-0.24281546473503113,-0.5359569787979126,-0.19210566580295563,0.1440618336200714,-0.12329666316509247,0.3042992949485779,0.07573439180850983,-0.0734269767999649,0.03545146435499191,0.3681469261646271,0.09012558311223984,-0.1921367347240448
CID000003878,130,0.059274643659591675,-0.4221494793891907,-0.6072859168052673,0.11419609934091568,0.4237741529941559,-0.18444159626960754,-0.14480331540107727,-0.6213921904563904,-0.3302447199821472,0.009950906038284302,0.3480679392814636,0.21656528115272522,-0.06300950050354004,-0.11573822796344757,0.004668587353080511,0.12249591201543808,0.13135239481925964,0.04583773761987686,-0.16426651179790497,0.0644693523645401,-0.13063453137874603,0.10593493282794952,0.4062787890434265,-0.014410726726055145,-0.6680267453193665,-0.8403024673461914,-0.6248413920402527,0.23532147705554962,-0.012056726031005383,-0.13176243007183075,0.8797628283500671,-0.04899849742650986,-0.017262939363718033,0.4122539162635803,-0.33762848377227783,0.0906209722161293,0.8700608015060425,-0.20957544445991516,0.06261419504880905,0.11753487586975098,-0.19131110608577728,0.2659158706665039,-0.35295405983924866,-0.015890123322606087,-0.1611258089542389,-0.04215070605278015,0.5896291732788086,-0.1510818898677826,-0.26256731152534485,-0.0767936110496521,-0.6087405681610107,0.1366139054298401,0.3303346335887909,-0.18459339439868927,0.4602774679660797,-0.1620054543018341,-0.19211263954639435,0.5617985129356384,0.1522221863269806,0.006120431236922741,-0.2011154443025589,-0.20223121345043182,0.024652188643813133,0.7616825699806213,0.1670369952917099,0.08662223070859909,-0.1376080960035324,-0.26301223039627075,-0.11474914848804474,0.21628424525260925,-0.6686974763870239,0.23236508667469025,-0.7001701593399048,0.490729957818985,-0.10504379123449326,0.3209837079048157,0.5467073321342468,0.18897846341133118,0.766631007194519,0.05320345237851143,0.19587667286396027,-0.30774202942848206,0.10718637704849243,-0.11747460067272186,0.07261858880519867,0.30862003564834595,-0.24536895751953125,-0.14978709816932678,-0.06458871066570282,0.06001941114664078,-0.10259842872619629,-0.10639023780822754,-0.08793709427118301,0.20820097625255585,0.10621426999568939,-0.15492121875286102,0.1695273518562317,0.2977505028247833,-0.10318012535572052,-0.814720630645752,0.0032995641231536865,-0.22220902144908905,0.3049010932445526,0.04558651149272919,0.3005925714969635,-0.0803120955824852,0.8554421663284302,-0.2281533181667328,0.33526483178138733,0.04659783095121384,-0.05513397604227066,0.07497004419565201,0.28338783979415894,-0.16976486146450043,0.154501274228096,-0.3659079074859619,-0.5903093814849854,0.052096836268901825,-0.16218556463718414,0.07825497537851334,-0.52403724193573,-0.2849594056606293,0.31074342131614685,0.050654809921979904,-0.12454292923212051,-0.005561447236686945,0.3974018692970276,0.10676894336938858,-0.35496240854263306,0.4153538644313812,-0.8128088116645813,-0.3624112010002136,0.37032434344291687,0.18094386160373688,-0.019154341891407967,0.8105264902114868,0.2771593928337097,-0.15011875331401825,0.18667884171009064,-0.11973820626735687,-0.09472194314002991,-0.3440993130207062,-0.03447699546813965,0.20906488597393036,0.03197621926665306,0.03424259275197983,-0.22633786499500275,0.10068529844284058,-0.10791619122028351,-0.14261043071746826,0.2350318878889084,-0.13675381243228912,-0.6956719160079956,-0.8464263677597046,0.42984312772750854,-0.0888773575425148,0.3672109544277191,0.10847242176532745,-0.4464645981788635,0.029426569119095802,-0.22073712944984436,0.33681780099868774,-1.0332505702972412,0.06961482763290405,-0.35907772183418274,0.03179109841585159,0.0036453097127377987,-0.2962990701198578,0.6040293574333191,-0.5775216817855835,-0.16763465106487274,-0.12689490616321564,0.0470353402197361,-0.08331771194934845,-0.5142675638198853,-0.27322185039520264,0.6345959901809692,0.16556471586227417,0.5186854004859924,0.04645296931266785,0.6305743455886841,-0.16359111666679382,-0.258490651845932,0.7270066142082214,0.12219524383544922,-0.5230744481086731,0.061609912663698196,-0.10572688281536102,-0.2792929708957672,-0.11949660629034042,-0.3157854676246643,1.0197060108184814,-0.12566260993480682,-0.4236535131931305,0.12523779273033142,-0.18956202268600464,-0.00817167479544878,-0.03174537792801857,0.5040785670280457,-0.11874563992023468,0.4316512942314148,0.3828621506690979,-0.32778650522232056,0.28801867365837097,-0.4719213545322418,-0.3633233308792114,-0.11261775344610214,0.11227719485759735,-0.25266867876052856,-0.01948356442153454,-0.0263807512819767,-0.07538978010416031,-0.2986736297607422,-0.16516581177711487,0.8519972562789917,0.12983770668506622,0.0023402005899697542,-0.1775144785642624,-0.09625798463821411,-0.007507741451263428,0.11408369243144989,0.10159860551357269,0.08348598331212997,-0.037540845572948456,0.3151434063911438,-0.050641320645809174,0.06979526579380035,-0.8063548803329468,-0.22123229503631592,-0.10893537849187851,-0.2980559468269348,0.07794153690338135,0.20699071884155273,-0.23533716797828674,-0.6884698867797852,0.11831965297460556,0.16294711828231812,-0.057218365371227264,0.017771219834685326,0.019652029499411583,0.9001156091690063,-0.36847132444381714,0.165092334151268,-0.333517849445343,-0.01790252886712551,-0.37118250131607056,0.0824488028883934,0.08503202348947525,-0.20566606521606445,0.208544060587883,0.34467989206314087,0.09791367501020432,0.3210121989250183,-0.17566804587841034,0.30599698424339294,-0.05145373195409775
CID000005358,131,0.1587320864200592,0.004567039664834738,-0.4784528315067291,0.21718427538871765,0.5418567061424255,-0.04836582392454147,0.08755753189325333,-0.6807370185852051,-0.05083813518285751,-0.7676380276679993,0.6510141491889954,0.18246109783649445,-0.336395263671875,0.07408326864242554,-0.3891516327857971,0.2477830946445465,0.19194677472114563,0.2071395367383957,-0.6657389998435974,0.3355042338371277,0.37309587001800537,0.10625128448009491,0.4709261357784271,0.2043207585811615,-0.7971562743186951,-0.9416119456291199,-0.397972047328949,-0.5191895365715027,0.6472119092941284,-0.4547712206840515,2.1978073120117188,-0.05891312286257744,0.0652957335114479,0.77512127161026,-1.1004889011383057,0.062022507190704346,0.49365633726119995,-0.009554272517561913,0.23740017414093018,-0.13487184047698975,-1.2795031070709229,0.20865578949451447,-0.28980985283851624,-0.06592107564210892,0.05438932031393051,0.004458406008780003,0.6411893963813782,-0.09797301143407822,-1.173553705215454,-0.039985291659832,-1.0600507259368896,-0.0725027471780777,0.9572815895080566,-0.13750822842121124,0.3693195581436157,-0.16892370581626892,-0.07892023026943207,0.7747329473495483,-0.09516005218029022,0.13192692399024963,0.015151629224419594,-0.3266896605491638,0.0019166842103004456,1.4181253910064697,0.13094142079353333,1.028923511505127,0.03141146898269653,-0.0942489430308342,-0.12914738059043884,0.1129220500588417,-1.3127238750457764,0.043761540204286575,-1.1787490844726562,-0.14577440917491913,-0.046833451837301254,0.20594465732574463,0.4078209400177002,-0.13957743346691132,1.0190272331237793,-0.011703272350132465,-0.16824766993522644,-0.3566895127296448,0.018059587106108665,-0.06681952625513077,0.025263894349336624,0.12335523217916489,-1.3912935256958008,-0.11903436481952667,-0.26574474573135376,-0.04410134628415108,0.01615544781088829,0.08377845585346222,-0.7167187929153442,0.04709509760141373,0.10635526478290558,-0.20098033547401428,-0.10127780586481094,0.30543503165245056,-0.005008275620639324,-0.6327508687973022,-0.26880723237991333,-0.022590715438127518,0.047099556773900986,-0.09275928139686584,0.30864042043685913,-0.4202994406223297,1.1061087846755981,0.14912667870521545,-0.22660470008850098,0.07497991621494293,0.1933574676513672,0.3789391815662384,1.46666419506073,-1.0085290670394897,0.027474790811538696,-0.29651397466659546,0.05515711382031441,0.6168196201324463,-0.02365151047706604,0.5921445488929749,-0.1719193011522293,-0.503227174282074,-0.1467633694410324,-0.13128229975700378,-0.11876340955495834,0.3806910812854767,0.3920941948890686,-0.16422569751739502,-0.25895288586616516,0.04032911732792854,-1.2300158739089966,0.02171424962580204,0.388080894947052,-0.07695330679416656,-0.08771415054798126,1.0763490200042725,0.165840744972229,0.2835891544818878,0.47651800513267517,-0.09399756044149399,-0.011057388968765736,0.018742244690656662,-0.051118671894073486,0.17243888974189758,-0.053977519273757935,0.0039670104160904884,-0.7599306702613831,0.12150955200195312,-0.4635132849216461,-0.21741464734077454,1.0757839679718018,0.2993020713329315,-1.1271040439605713,-1.1549217700958252,0.8861960172653198,-0.44899195432662964,-0.4592216908931732,0.6609210968017578,-0.17984509468078613,0.014944465830922127,-0.08355535566806793,0.48282045125961304,-0.5709779858589172,0.21375711262226105,-0.5863187909126282,-0.05744291469454765,-0.17367951571941376,0.08883226662874222,0.1109497919678688,-0.36718612909317017,-0.3225635886192322,-0.07672591507434845,0.09083011001348495,-0.047748733311891556,-0.8045716285705566,-0.03977952152490616,0.1111656054854393,0.14847953617572784,0.6269131898880005,0.7351160645484924,0.208614781498909,0.06327121704816818,-0.34372207522392273,0.6885547637939453,-0.1273423731327057,-0.8562631607055664,-0.4130159914493561,-0.21908783912658691,0.02956346794962883,-0.15395724773406982,-0.37656909227371216,0.6244117617607117,-0.1302037537097931,-0.2319888174533844,-0.08010093867778778,0.11710580438375473,0.11346487700939178,-0.099809430539608,0.0869579091668129,0.06606828421354294,0.2176831215620041,-0.2044147253036499,-0.1286027431488037,0.5908170938491821,-0.5943658947944641,0.08979177474975586,-0.4634537100791931,-0.1774175614118576,0.33184176683425903,-0.051909685134887695,0.16860130429267883,-0.08205463737249374,-0.12198859453201294,-0.04670717567205429,0.5002044439315796,0.23618154227733612,-0.2500535249710083,-0.05464988946914673,-0.019222291186451912,-0.14532868564128876,0.16990618407726288,0.22620971500873566,0.027925100177526474,-0.26440876722335815,-0.25623244047164917,0.09276566654443741,0.04485480114817619,-1.4406987428665161,-0.45382338762283325,-0.04927374795079231,-0.027298197150230408,0.08684277534484863,0.13438516855239868,-0.3525930643081665,-0.8819785118103027,0.2517237961292267,0.07011004537343979,0.06588323414325714,-0.05056804418563843,-0.43114224076271057,0.19289568066596985,-0.3309268355369568,0.033664822578430176,-0.16940565407276154,-0.2002037763595581,-0.19977594912052155,-0.14571961760520935,0.26077571511268616,-0.1444961130619049,0.6445831656455994,-0.274265855550766,-0.08376926183700562,-0.12256471812725067,-0.10345063358545303,0.4295966625213623,0.23824985325336456
CID000002656,132,0.07613810151815414,-0.5507059693336487,-1.2553385496139526,-0.028300177305936813,0.40164679288864136,-0.20720534026622772,0.08996977657079697,-0.6223440766334534,-0.19056180119514465,-0.46207037568092346,0.31889909505844116,0.15004487335681915,0.08874954283237457,-0.6536833643913269,-0.09857648611068726,0.3435041010379791,0.9292339086532593,0.09912006556987762,-0.4034963548183441,-0.43333426117897034,-0.1397615373134613,0.037120770663022995,0.5471328496932983,-0.41961511969566345,-1.4606201648712158,-1.5059758424758911,-0.8436061143875122,0.21060457825660706,0.05010860413312912,-0.00782594084739685,1.607684850692749,0.14280284941196442,0.4339561462402344,-0.1266593635082245,-0.13385117053985596,-0.3823942542076111,0.24445250630378723,-0.36641550064086914,0.04371035844087601,-0.3253670334815979,-0.40385523438453674,1.3328019380569458,-0.4500141143798828,-0.8922074437141418,0.021723592653870583,-0.3332480788230896,0.7580682039260864,-0.16650168597698212,-0.7596601843833923,0.14678961038589478,-0.8702683448791504,0.20735271275043488,0.2685333788394928,-0.29749464988708496,0.1629805862903595,-0.8014794588088989,0.0769534707069397,0.9036157727241516,-0.3314785361289978,0.366044819355011,-0.20835456252098083,-0.20400261878967285,0.036806490272283554,0.9807705879211426,0.06234441325068474,0.22481703758239746,0.19176416099071503,0.1985892951488495,-0.21671953797340393,-0.10027825832366943,-0.9016027450561523,-0.07090828567743301,-0.9844725728034973,0.2625530958175659,-0.16767524182796478,0.474574476480484,0.8138391375541687,0.4760916233062744,0.9641371965408325,-0.17741823196411133,-0.09260483086109161,-0.3928937315940857,0.13214941322803497,0.09734520316123962,0.18392843008041382,-0.004935325589030981,-0.5891890525817871,-0.2875742018222809,0.10413496196269989,0.38398194313049316,-0.35026997327804565,0.058803439140319824,-0.4005354940891266,0.3194897174835205,-0.16310110688209534,0.00436188280582428,-0.12139509618282318,0.49841704964637756,-0.05693467706441879,-1.0649616718292236,-0.0932513102889061,-0.12721124291419983,0.19200538098812103,-0.45481356978416443,-0.23295481503009796,-0.0709553211927414,1.3033249378204346,0.07642164081335068,-0.17125365138053894,0.14201879501342773,0.11457765102386475,-0.11368668079376221,0.11122231185436249,-0.7052941918373108,0.2731695771217346,-0.35635697841644287,-0.5836025476455688,0.19138142466545105,-0.20388972759246826,0.440328985452652,-0.30292198061943054,-0.04200862720608711,0.08054138720035553,0.12202658504247665,0.12207696586847305,-0.27100417017936707,0.08718305826187134,0.036030206829309464,-0.04667884111404419,0.7112780809402466,-0.7838661074638367,-0.049916304647922516,0.2634762227535248,0.23349659144878387,-0.12199326604604721,0.8085727691650391,-0.06874866038560867,0.28735047578811646,0.3139849603176117,0.02172388881444931,-0.3073671758174896,-0.20425114035606384,0.28666776418685913,0.366635262966156,0.31612271070480347,0.013075483962893486,-0.3383016288280487,0.4814480245113373,0.10289888083934784,-0.2616702616214752,0.5212768912315369,-0.5077770352363586,-0.6815281510353088,-1.1648213863372803,0.439075767993927,0.34129929542541504,-0.10087637603282928,0.1554614156484604,-0.07186195999383926,-0.09532111883163452,-0.1735316663980484,-0.1949460208415985,-1.104286789894104,-0.3120660185813904,-0.9013769030570984,-0.2380506545305252,-0.03662929683923721,0.2628166973590851,0.8853070139884949,-0.10426769405603409,-0.18851050734519958,-0.18820738792419434,-0.02303588204085827,-0.004734069108963013,-0.6891211867332458,-0.067583367228508,0.5366535782814026,0.24650490283966064,0.636619508266449,0.05799078941345215,0.46871915459632874,-0.21442976593971252,-0.2978329360485077,0.6179970502853394,0.32765498757362366,-0.5908377766609192,-0.4285357594490051,0.06484083086252213,-0.49667301774024963,-0.43662261962890625,-0.7746164798736572,1.1777245998382568,-0.3271608352661133,-0.4036935865879059,-0.25559186935424805,0.14789076149463654,-0.2797737121582031,0.24884967505931854,0.6380214095115662,0.03290193900465965,0.4960147440433502,0.26771241426467896,-0.19869191944599152,0.45778465270996094,-0.12788328528404236,0.28099143505096436,-0.1299196481704712,0.18349458277225494,-0.03376780077815056,-0.28129786252975464,0.530845582485199,-0.04088803753256798,0.15923447906970978,0.12155419588088989,0.950655460357666,0.44534197449684143,-0.1057262048125267,-0.36931541562080383,0.05986203998327255,0.13259710371494293,0.1523922085762024,0.3348805904388428,0.026732182130217552,-0.2859291732311249,0.007687975652515888,0.4862547516822815,-0.05287401005625725,-1.2144601345062256,0.016744762659072876,-0.1085209995508194,0.23347850143909454,0.18611305952072144,-0.18450935184955597,-0.057743072509765625,-0.677902102470398,0.2908807396888733,-0.3338510990142822,0.022341269999742508,-0.03715860843658447,0.24495132267475128,1.9019931554794312,-0.37392282485961914,-0.0321592353284359,-0.2742251455783844,0.03018117882311344,-0.4421653151512146,0.22817304730415344,0.19506385922431946,-0.3749927282333374,0.13770945370197296,0.2040819227695465,0.039172619581222534,0.17029914259910583,0.26851886510849,0.12085844576358795,0.033377453684806824
CID000005391,133,0.16144806146621704,-0.10912840068340302,-0.3560905456542969,0.44759678840637207,0.2595643401145935,-0.13642849028110504,0.021207964047789574,-0.34523090720176697,0.08630140870809555,0.13216474652290344,0.11518597602844238,0.04309074208140373,-0.06376323103904724,-0.10797560214996338,-0.14971840381622314,0.14294084906578064,-0.018117187544703484,0.2551068365573883,-0.28182899951934814,-0.023228734731674194,-0.1547728180885315,-0.14257682859897614,0.7029567956924438,0.003977081272751093,-0.23717904090881348,-0.4849225878715515,0.046751417219638824,-0.3803665041923523,0.23170241713523865,-0.0301243606954813,0.6047654151916504,-0.038117051124572754,-0.11220290511846542,0.13167446851730347,-0.2547153830528259,0.20342695713043213,0.046385087072849274,-0.11821849644184113,0.11601889133453369,0.15802089869976044,-0.07798083871603012,0.38308724761009216,-0.5155254602432251,0.18534307181835175,0.11691679805517197,-0.00924007035791874,0.29533928632736206,-0.037590932101011276,-0.34419241547584534,0.036440521478652954,-0.21452400088310242,0.14217332005500793,0.5384082198143005,-0.3886294960975647,0.08065234869718552,-0.1815069019794464,-0.04881015792489052,0.531498908996582,0.2662971317768097,-0.26277247071266174,0.06084095686674118,-0.09151707589626312,-0.06134692579507828,0.8335119485855103,-0.015567380003631115,0.3076028823852539,-0.14790137112140656,0.04111994057893753,-0.0628141313791275,0.20960767567157745,-0.7878183126449585,-0.007804150227457285,-0.59386146068573,0.16297653317451477,-0.06836427748203278,0.43415841460227966,0.514924168586731,0.14995306730270386,0.2553280293941498,-0.04295318201184273,0.07944084703922272,-0.1041707992553711,0.0827309861779213,-0.045690424740314484,0.17955604195594788,0.15828771889209747,-0.5882959961891174,-0.2994389533996582,-0.27923673391342163,-0.023773765191435814,-0.094267338514328,0.05691863223910332,-0.25106462836265564,-0.22083377838134766,0.13983440399169922,-0.15210525691509247,-0.11431684345006943,0.27937477827072144,0.00663324911147356,-0.42065364122390747,0.06457380950450897,0.057058870792388916,-0.030938033014535904,0.006641721818596125,0.0884246900677681,-0.032275013625621796,0.3997083604335785,0.305666983127594,0.05225036293268204,-0.13013383746147156,0.1356591433286667,-0.07320062816143036,0.2853603661060333,-0.03845161572098732,0.0048201680183410645,-0.036970384418964386,-0.018473714590072632,-0.03501695394515991,-0.06277914345264435,0.25043728947639465,-0.1982835829257965,-0.34088993072509766,0.028869379311800003,0.238210991024971,0.06438522040843964,0.020416516810655594,0.0785621628165245,0.08811406791210175,-0.06109179928898811,0.1187310442328453,-0.6647874712944031,-0.5098163485527039,0.23995594680309296,0.045858077704906464,-0.07116447389125824,0.5955780744552612,-0.2107766568660736,-0.28222233057022095,0.20129172503948212,-0.13210269808769226,-0.19317619502544403,-0.047541629523038864,-0.2059464454650879,0.24555055797100067,0.4581381380558014,-0.19633130729198456,-0.1394714117050171,-0.11346318572759628,-0.030550073832273483,-0.1604808270931244,0.25843220949172974,-0.025404106825590134,-0.8647449612617493,-0.7891532182693481,0.8846209645271301,-0.2826535105705261,-0.15536049008369446,0.030436480417847633,-0.3034512400627136,0.05478661134839058,-0.07622615247964859,-0.06251410394906998,-0.49450182914733887,0.19101324677467346,-0.5935020446777344,-0.24557414650917053,-0.09106297045946121,-0.1880500465631485,0.6200512051582336,-0.6755107641220093,-0.27347680926322937,-0.20380087196826935,-0.012670600786805153,0.02366219088435173,-0.4756682813167572,0.007770442869514227,0.48129186034202576,0.09198115020990372,0.5042458772659302,0.027724038809537888,0.6602078080177307,0.017174366861581802,-0.17328651249408722,0.1779729276895523,-0.1918497085571289,-0.28458335995674133,0.16208547353744507,-0.2141416072845459,-0.2393886297941208,-0.15151919424533844,-0.19912835955619812,0.49448665976524353,0.01413929183036089,-0.6015318632125854,0.025656064972281456,0.04389823600649834,-0.004027825780212879,0.06843769550323486,0.06001406908035278,0.0038720429874956608,0.09899170696735382,-0.10514994710683823,0.03499763458967209,-0.0685543641448021,-0.5769896507263184,-0.34919339418411255,-0.314916729927063,-0.14380207657814026,0.017749661579728127,-0.24258661270141602,0.07600932568311691,0.13531622290611267,0.0936034694314003,-0.148957297205925,0.35835179686546326,0.09457558393478394,-0.13712696731090546,-0.042330436408519745,0.06502683460712433,-0.08944070339202881,0.450989305973053,-0.03968032822012901,0.29532188177108765,-0.0013358533615246415,-0.08107495307922363,0.11680714786052704,-0.0415523499250412,-0.7720838785171509,-0.11421080678701401,0.11340026557445526,0.09369926154613495,0.0067836507223546505,-0.05464833974838257,-0.10100778192281723,-0.6546657085418701,0.08018552511930466,0.17638783156871796,0.012219501659274101,0.12995991110801697,-0.13670726120471954,0.42090123891830444,-0.5318854451179504,-0.07318205386400223,-0.12664785981178284,-0.11967555433511734,-0.593669056892395,0.10677023231983185,0.2534955143928528,-0.13351479172706604,0.4582346975803375,0.18948695063591003,0.16373859345912933,0.017821872606873512,-0.05513216182589531,0.14127469062805176,-0.12583185732364655
CID000004946,136,0.13005676865577698,-0.03210065886378288,-0.5079144239425659,-0.03102036751806736,0.3756447434425354,-0.26590850949287415,0.07471096515655518,-0.5932143926620483,-0.01084738690406084,-0.027418917044997215,0.45732975006103516,0.29007869958877563,0.005294694099575281,-0.13661691546440125,0.29643353819847107,0.2635424733161926,0.7031415700912476,0.017279019579291344,-0.19893328845500946,0.1697690188884735,-0.1209033727645874,-0.04272003844380379,0.6683107614517212,0.07682979851961136,-0.5661810040473938,-0.5434532761573792,-0.28658735752105713,-0.3259068727493286,0.13265593349933624,-0.10929501056671143,0.2768888473510742,0.03985287994146347,-0.22232253849506378,0.08119021356105804,-0.17395295202732086,0.11243357509374619,0.5418658256530762,-0.10429835319519043,-0.18070654571056366,-0.06250305473804474,-0.2952483296394348,0.6910148859024048,-0.20482885837554932,-0.19785268604755402,-0.037545692175626755,0.23445089161396027,0.7380126714706421,-0.023862488567829132,-0.40885311365127563,0.06452208012342453,-0.3987649083137512,0.5022655129432678,0.46104317903518677,-0.2758573293685913,0.04893151670694351,-0.4394776225090027,-0.04896876960992813,1.1732895374298096,-0.024409383535385132,-0.1292073279619217,-0.05344190448522568,-0.2556852400302887,0.09557686746120453,0.7742108106613159,-0.058355946093797684,0.4670425355434418,-0.0337175652384758,0.03506438806653023,0.09011690318584442,0.18283557891845703,-0.7399502992630005,0.11300067603588104,-0.3364982008934021,0.5269520282745361,0.1271114945411682,0.40613308548927307,0.525417685508728,0.29109805822372437,0.4256085455417633,-0.08889907598495483,-0.19270548224449158,-0.18475016951560974,-0.030005374923348427,0.27970758080482483,0.287769079208374,0.10360942780971527,-0.16034874320030212,0.11449827998876572,-0.3350279927253723,0.006760370917618275,-0.13819965720176697,0.16955319046974182,-0.35571950674057007,-0.07646213471889496,-0.09279822558164597,0.059347283095121384,-0.20499172806739807,0.11558936536312103,-0.059491951018571854,-0.504646360874176,-0.11647236347198486,-0.15442974865436554,-0.149551123380661,-0.039645493030548096,0.027580702677369118,-0.3795471787452698,0.38702529668807983,0.21109502017498016,-0.05873361974954605,-0.10114908218383789,-0.07945926487445831,-0.09670859575271606,0.9046368598937988,-0.2541501522064209,0.07681514322757721,-0.2291359007358551,-0.3330618739128113,-0.26922115683555603,0.028513073921203613,-0.16061455011367798,-0.31691774725914,-0.2589885890483856,-0.024462396278977394,0.05993679165840149,-0.17340818047523499,0.33482134342193604,-0.010787439532577991,0.009660843759775162,-0.19059239327907562,0.23046953976154327,-0.5151799917221069,-0.00013576149649452418,0.34418240189552307,0.13748832046985626,0.21477608382701874,0.574207603931427,0.06819100677967072,-0.2117387354373932,0.35529953241348267,-0.32828041911125183,-0.10294761508703232,-0.19106563925743103,0.4215320646762848,0.06379789859056473,0.11731375753879547,-0.13191774487495422,-0.1946246325969696,-0.08888949453830719,-0.07067865878343582,-0.040654256939888,0.42631983757019043,-0.08546517044305801,-0.514440655708313,-0.8467282056808472,0.6191210746765137,-0.3579058349132538,0.074989452958107,-0.06441029906272888,-0.9502193331718445,-0.017149347811937332,0.10936695337295532,-0.41825050115585327,-0.9037410616874695,0.002094277646392584,-0.5436179637908936,-0.13923150300979614,-0.017984850332140923,0.05649514123797417,0.394186407327652,-0.35706090927124023,-0.4991658627986908,-0.0015196561580523849,0.007196989841759205,-0.20120994746685028,-0.7006829977035522,-0.024063343182206154,0.5227347612380981,0.0794346034526825,0.5725846886634827,-0.15428023040294647,0.2906479239463806,0.1510043442249298,-0.09153743833303452,0.2588197588920593,0.08517082035541534,-0.08999477326869965,-0.1194697767496109,-0.2839753031730652,0.00876515544950962,-0.21906545758247375,-0.30845844745635986,0.5310134887695312,0.027569839730858803,-0.45004257559776306,0.007471728138625622,-0.05322398617863655,-0.17389361560344696,-0.18948403000831604,0.3021620213985443,-0.06094282865524292,0.5797775983810425,0.17096634209156036,-0.014546315185725689,-0.015630628913640976,-0.1800798922777176,-0.19338446855545044,-0.24141499400138855,-0.11649398505687714,0.32224389910697937,-0.045221902430057526,0.03576858714222908,0.0794222503900528,0.25736334919929504,-0.17588365077972412,0.6941436529159546,-0.19718243181705475,-0.2568710446357727,-0.14545167982578278,0.05269422009587288,-0.01646607555449009,0.13184571266174316,-0.11906085908412933,-0.027835171669721603,-0.11421549320220947,-0.0574641115963459,0.05842839553952217,0.04266461730003357,-0.8207073211669922,-0.045597661286592484,0.024293215945363045,0.24682915210723877,0.24851174652576447,0.013355983421206474,-0.45896920561790466,-0.6742316484451294,-0.02839566394686699,-0.15919943153858185,0.0808376669883728,-0.05839746445417404,-0.14901785552501678,0.2177310734987259,-0.40943628549575806,-0.06919847428798676,-0.22751343250274658,0.013062347657978535,-0.5574125051498413,-0.07626067101955414,-0.18989160656929016,-0.3756484389305115,0.25179579854011536,-0.1257084757089615,-0.07881440967321396,0.17150035500526428,-0.30913376808166504,0.02989947237074375,-0.04398171231150627
CID000060865,137,-0.05041543394327164,-0.198495551943779,-0.3717319369316101,0.024104759097099304,0.25707414746284485,-0.21241092681884766,0.018772095441818237,-0.4099462926387787,-0.16935664415359497,0.02687334083020687,0.1898149847984314,0.11834178119897842,-0.0354858934879303,-0.03031281568109989,0.055001914501190186,0.10943770408630371,0.30755695700645447,-0.06085975095629692,-0.21695728600025177,0.3038964867591858,0.10483475029468536,0.016523294150829315,0.6035155057907104,0.06075183302164078,-0.3323626220226288,-0.5013770461082458,0.04407747462391853,-0.24271705746650696,0.2753823399543762,0.056277234107255936,0.3808850646018982,-0.03150046616792679,-0.12752191722393036,0.19329333305358887,-0.2592468559741974,0.06287463754415512,0.3343926668167114,-0.10662326961755753,-0.014883393421769142,-0.11377418041229248,-0.4084816575050354,0.5735763907432556,-0.3593258857727051,0.15232428908348083,-0.062477998435497284,0.16560836136341095,0.5608603358268738,-0.1235390156507492,-0.6001715064048767,0.01791144348680973,-0.3408873677253723,0.1424141526222229,0.2830634117126465,-0.13230280578136444,0.11594275385141373,-0.5477634072303772,-0.19383010268211365,0.7266181707382202,-0.2046324461698532,-0.16167613863945007,0.1923394352197647,-0.20931847393512726,0.1488785296678543,0.7700124979019165,0.0348445400595665,0.1308322697877884,-0.26221662759780884,0.04985259473323822,-0.020431822165846825,-0.19604463875293732,-0.6175689697265625,0.17284278571605682,-0.49595338106155396,0.5097175240516663,0.01985512301325798,0.45423540472984314,0.6977035403251648,0.5454286336898804,0.34762564301490784,-0.030769377946853638,-0.09044560045003891,-0.08129246532917023,0.029610563069581985,0.024680234491825104,0.31744590401649475,0.2962462306022644,-0.1906970590353012,0.05306929349899292,-0.11084841191768646,0.1098007783293724,-0.05331653356552124,0.09714342653751373,-0.1759604960680008,0.1082899197936058,0.06202181428670883,-0.09802889078855515,-0.14544661343097687,0.21956539154052734,-0.1085047572851181,-0.3341529667377472,-0.016978319734334946,-0.10263068974018097,0.1168319582939148,-0.055044569075107574,0.1322416216135025,-0.34066241979599,0.42332834005355835,0.15194587409496307,0.17675796151161194,-0.22699877619743347,0.004258856177330017,0.09727491438388824,0.5392964482307434,-0.07535222917795181,0.20181314647197723,-0.006923535373061895,0.0007680803537368774,0.21404889225959778,-0.1095133051276207,-0.06826410442590714,-0.17590031027793884,-0.44759073853492737,-0.11005301773548126,0.15014678239822388,-0.060952506959438324,0.2079116851091385,0.15167470276355743,0.09794782102108002,-0.18153232336044312,0.19850972294807434,-0.593687891960144,-0.21487745642662048,0.3242955803871155,0.23774521052837372,0.020661214366555214,0.6809993982315063,0.020967036485671997,-0.11746490001678467,0.08856001496315002,0.010403664782643318,-0.13476432859897614,-0.12163253873586655,0.19546404480934143,0.24000497162342072,0.3459037244319916,-0.07335109263658524,-0.1922185719013214,-0.16471056640148163,-0.23719307780265808,-0.04174712672829628,0.21941474080085754,-0.06332559883594513,-0.6029646992683411,-0.6327208876609802,0.5966564416885376,-0.33684617280960083,-0.181937113404274,-0.15049496293067932,-0.3764774799346924,-0.03471315652132034,-0.05202259495854378,-0.13015945255756378,-0.5738605260848999,0.07981504499912262,-0.5568643808364868,-0.07412239164113998,-0.1916867345571518,0.044620901346206665,0.20673859119415283,-0.5582190155982971,-0.19588348269462585,-0.14586935937404633,-0.10962960869073868,-0.23402877151966095,-0.3946205973625183,-0.18021389842033386,0.16933082044124603,0.16974230110645294,0.5282121896743774,-0.01177356205880642,0.7071331739425659,-0.05880207568407059,-0.09787686914205551,0.09810195118188858,-0.12230534851551056,-0.313585102558136,-0.14644554257392883,-0.33603930473327637,-0.08271373063325882,-0.028960268944501877,-0.1992240697145462,0.5376956462860107,0.024049177765846252,-0.594146728515625,0.03908637538552284,-0.04005212336778641,-0.12911763787269592,0.2361442595720291,0.20162424445152283,-0.10571549087762833,0.28787893056869507,0.34417837858200073,-0.10913427174091339,-0.06255904585123062,-0.3423420190811157,-0.21931593120098114,-0.15460720658302307,-0.07397745549678802,0.1404915601015091,-0.1832316368818283,0.17072387039661407,0.0984014943242073,0.18609780073165894,-0.16308605670928955,0.673582911491394,-0.12647853791713715,-0.10969090461730957,-0.2135285586118698,0.0836719423532486,-0.009159508161246777,0.35554489493370056,-0.003281171666458249,0.18422342836856842,-0.026292789727449417,-0.1090443953871727,0.15269963443279266,-0.016993936151266098,-0.6346935033798218,-0.09904992580413818,0.03505011275410652,0.047743313014507294,0.24808935821056366,0.10216943174600601,-0.3131304085254669,-0.5917551517486572,0.21816810965538025,0.015018096193671227,-0.06117866188287735,-0.09767721593379974,-0.2297327071428299,0.12091223150491714,-0.4843519330024719,-0.04920463636517525,-0.005837640259414911,-0.15436933934688568,-0.06575094163417816,0.021144311875104904,-0.1516404002904892,-0.19726631045341492,0.44379931688308716,-0.08951117843389511,-0.011817608959972858,0.02968495525419712,-0.2203928679227829,-0.011704596690833569,-0.13052625954151154
CID000001302,138,0.05860822647809982,-0.17283512651920319,-0.5348982214927673,0.21252498030662537,0.4099258482456207,-0.17397555708885193,0.04625701159238815,-0.5423363447189331,0.17889462411403656,-0.19586913287639618,0.36991190910339355,0.18369771540164948,-0.07949823886156082,-0.16272373497486115,-0.15466241538524628,0.0190192349255085,-0.06830814480781555,0.08177109062671661,-0.2898094356060028,-0.01373833417892456,-0.3028394877910614,0.04039682820439339,0.6864157915115356,0.17323222756385803,-0.4826134741306305,-0.7784553170204163,-0.13111254572868347,-0.23262178897857666,0.2849794924259186,-0.05482284352183342,1.0478562116622925,0.14687791466712952,0.07640809565782547,0.14728017151355743,-0.11929464340209961,0.029512912034988403,0.12432736158370972,0.007829171605408192,-0.08813200145959854,0.032748572528362274,-0.1920238733291626,0.1347099244594574,-0.7750815153121948,-0.07524579018354416,0.12659727036952972,0.00026046857237815857,0.6094114184379578,-0.31404536962509155,-0.9384469985961914,0.06049934774637222,-0.3194497227668762,-0.07343179732561111,0.6368793249130249,0.034139491617679596,0.12160460650920868,-0.44508689641952515,-0.10023951530456543,0.6662173271179199,-0.31505486369132996,-0.17387202382087708,0.1633346974849701,-0.14968398213386536,0.28043699264526367,0.616556704044342,0.14425402879714966,0.2707909345626831,0.08203130215406418,-0.14358851313591003,0.027208348736166954,0.12455041706562042,-1.0420231819152832,0.16050520539283752,-0.6994357705116272,0.29615291953086853,-0.021303538233041763,0.35192689299583435,0.2150619775056839,0.13491138815879822,0.3473624587059021,0.12750092148780823,0.06711815297603607,-0.09378594160079956,-0.11766105890274048,0.1323893815279007,0.3318232297897339,0.1485438048839569,-0.4081198573112488,0.1218266487121582,0.027011621743440628,0.09981270879507065,0.031269751489162445,0.011210381984710693,-0.20798464119434357,0.09950017929077148,0.14104565978050232,-0.0068114399909973145,0.008881044574081898,0.28361958265304565,-0.07419267296791077,-0.4983174204826355,-0.019547436386346817,-0.19936344027519226,0.14987948536872864,-0.10476448386907578,0.07514745742082596,-0.2151554375886917,0.5650308728218079,-0.13622531294822693,0.056751202791929245,0.0079436544328928,-0.1215507984161377,0.02158021368086338,0.4525063633918762,-0.31621628999710083,0.09754776954650879,-0.11809573322534561,0.03249736502766609,0.31937822699546814,-0.2153744250535965,0.4994240403175354,0.1374136060476303,-0.2444755733013153,-0.056379713118076324,0.10640547424554825,-0.06762410700321198,0.13846328854560852,-0.0071867406368255615,-0.07754138857126236,-0.09630778431892395,0.23243165016174316,-0.5302315354347229,-0.1347806453704834,0.34880489110946655,-0.10001097619533539,-0.04925490915775299,0.41150063276290894,0.18148118257522583,0.11512293666601181,0.37877780199050903,-0.2703198194503784,-0.1395346224308014,-0.14349766075611115,-0.10665948688983917,-0.005203354172408581,0.2467866837978363,-0.10800881683826447,-0.30653709173202515,0.15591450035572052,0.12425720691680908,0.03668338805437088,0.32707151770591736,-0.011817673221230507,-0.7625758051872253,-0.6288101077079773,0.6601869463920593,-0.2242830991744995,-0.11583545058965683,0.06031445413827896,-0.26655179262161255,-0.09560458362102509,0.005008345935493708,0.18317098915576935,-0.7686933875083923,0.17952711880207062,-0.5086445212364197,-0.08423064649105072,-0.13649460673332214,-0.12386216223239899,0.66014564037323,-0.689472496509552,-0.2957827150821686,-0.1261591613292694,-0.0669531375169754,-0.06227586790919304,-0.585968554019928,-0.3632177710533142,-0.09456853568553925,0.03398668020963669,0.7131056785583496,0.09332611411809921,0.7273876070976257,-0.27137500047683716,0.09093334525823593,0.11483589559793472,-0.10125575214624405,-0.3605053424835205,-0.34384360909461975,-0.27064111828804016,0.025681376457214355,-0.21396076679229736,0.03271555155515671,0.6659709811210632,-0.13064046204090118,-0.6474254727363586,-0.06394900381565094,-0.029543286189436913,0.042481884360313416,-0.031162559986114502,0.05667083337903023,0.028464192524552345,0.17878228425979614,0.03258354216814041,0.04599114879965782,0.02266765758395195,-0.8184503316879272,-0.5141428709030151,-0.34490254521369934,-0.0924413651227951,-0.23136207461357117,-0.0853620320558548,-0.25579071044921875,0.15671655535697937,0.18427911400794983,-0.12310953438282013,0.4380982518196106,-0.0091321412473917,-0.04713202267885208,-0.003661972936242819,-0.1356036365032196,-0.014333367347717285,0.4557932913303375,0.17578935623168945,0.2070513665676117,-0.06820143759250641,-0.06304575502872467,0.20786146819591522,-0.1457424759864807,-0.8207669258117676,-0.08707814663648605,-0.20658746361732483,-0.04019287973642349,0.10853233188390732,0.061653949320316315,-0.13987883925437927,-0.549379289150238,0.383068710565567,0.05256732180714607,-0.07811129093170166,0.03827966749668121,0.03493739292025566,0.3933119773864746,-0.4339230954647064,-0.05945083498954773,-0.07056723535060883,-0.32421034574508667,-0.16196659207344055,0.049999404698610306,0.459351122379303,0.18617144227027893,0.29491665959358215,-0.06003100425004959,0.028610650449991226,0.044835370033979416,-0.23623041808605194,0.1521655023097992,-0.06671977788209915
CID000002678,139,0.021451903507113457,-0.08265586942434311,-0.8671343922615051,0.2504410147666931,0.4473101496696472,-0.018213661387562752,0.021305013447999954,-1.0147122144699097,-0.1316230595111847,-0.049902498722076416,0.2795946002006531,-0.053835947066545486,-0.07569791376590729,-0.05164296552538872,0.02641616389155388,0.059647124260663986,0.18934044241905212,0.21880777180194855,-0.013827463611960411,0.12001293897628784,0.053956545889377594,0.24737004935741425,0.6523764133453369,0.22679853439331055,-0.6436951756477356,-0.8993374109268188,-0.533923864364624,0.3089519441127777,-0.19474270939826965,-0.006487333681434393,0.9730055928230286,0.16620810329914093,0.06978080421686172,0.5230998396873474,-0.3578893542289734,0.17420777678489685,1.0438714027404785,-0.16809041798114777,0.19968047738075256,0.07877205312252045,-0.47308364510536194,0.244561105966568,-0.5866432785987854,0.23135559260845184,-0.10280890762805939,0.00260750949382782,0.7777628898620605,-0.4317701756954193,-0.2696022093296051,-0.02120315097272396,-0.31531062722206116,0.3258941173553467,0.5147994756698608,-0.07941937446594238,0.40512245893478394,-0.3049997389316559,-0.3511297404766083,0.5918083786964417,0.014643159694969654,0.0067768217995762825,-0.45297011733055115,-0.18478809297084808,0.16339802742004395,0.7119328379631042,-0.11827131360769272,0.24408650398254395,0.11358124017715454,-0.1518656462430954,0.06199263408780098,0.25723031163215637,-0.6680286526679993,0.23115864396095276,-0.8162676095962524,0.45804256200790405,0.14982369542121887,0.37176814675331116,0.3856063783168793,-0.03814712166786194,0.38343799114227295,0.03141818195581436,0.0865587443113327,-0.4403071403503418,0.08880339562892914,0.05422196909785271,-0.10130064189434052,0.35655635595321655,-0.43973803520202637,-0.028330838307738304,-0.0040464699268341064,0.08659137785434723,-0.4740583002567291,-0.04914878308773041,-0.05637866258621216,0.0642344206571579,0.1422693282365799,-0.057536572217941284,0.02750331722199917,0.3096197545528412,0.03367312625050545,-1.0370136499404907,-0.044861339032649994,-0.07470598816871643,0.19065013527870178,-0.1281299591064453,0.2306758612394333,-0.18278874456882477,1.0196365118026733,-0.41826266050338745,0.3624522089958191,-0.08079279959201813,-0.0310919638723135,-0.14274729788303375,0.388290137052536,-0.15586885809898376,0.21124139428138733,-0.34286999702453613,-0.3909284472465515,0.01070453505963087,0.059520602226257324,0.4436611533164978,-0.21214398741722107,-0.2973179221153259,0.26168274879455566,-0.05862969160079956,-0.26353469491004944,-0.06447882950305939,0.3190630078315735,-0.20673520863056183,-0.24063757061958313,0.16486003994941711,-0.6986004114151001,-0.20828215777873993,0.3081844747066498,0.06797120720148087,-0.12299631536006927,0.6591349840164185,0.3821744918823242,-0.24284610152244568,0.1812029331922531,-0.08402280509471893,-0.265495240688324,-0.2960456311702728,0.19466722011566162,0.030207151547074318,0.03201187402009964,-0.16144123673439026,-0.1058027371764183,0.12116695940494537,-0.14447028934955597,0.14667782187461853,0.33022281527519226,0.0214918851852417,-0.8440979719161987,-0.6821231245994568,0.7555409669876099,-0.059401195496320724,0.36701422929763794,0.08593189716339111,-0.5289927124977112,0.01773463934659958,-0.07413528114557266,0.2918499708175659,-0.9927209615707397,0.08765368163585663,-0.32759585976600647,0.03604558855295181,-0.19776365160942078,-0.14916367828845978,0.5390914678573608,-0.5965358018875122,-0.24195130169391632,0.10504817962646484,-0.010620379820466042,-0.05443941801786423,-0.680995762348175,-0.21704187989234924,0.7339978218078613,-0.0041975839994847775,0.49809423089027405,-0.1864578127861023,0.47116637229919434,-0.30220848321914673,-0.24655690789222717,0.6310650110244751,0.01914913021028042,-0.5756858587265015,-0.14960069954395294,0.0403861328959465,-0.22427530586719513,-0.09529027342796326,-0.3826478123664856,1.1362351179122925,0.1105673536658287,-0.42382341623306274,-0.002278712345287204,-0.12115981429815292,-0.022996285930275917,0.07659945636987686,0.5976701974868774,-0.13905930519104004,0.5397212505340576,0.21320930123329163,0.01667666994035244,0.11657150089740753,-0.4271929860115051,-0.33017462491989136,-0.08330230414867401,-0.03716176375746727,-0.2980816960334778,-0.13505442440509796,-0.07038098573684692,0.07781791687011719,-0.34132060408592224,-0.18973474204540253,0.8274854421615601,0.05149795860052109,-0.13409748673439026,-0.16300827264785767,0.2489965260028839,0.11582843959331512,0.34367018938064575,0.09802863001823425,0.1324051022529602,-0.24408242106437683,0.2114868462085724,-0.015183672308921814,0.08193845301866531,-0.7383030652999878,-0.20823082327842712,0.05369960144162178,-0.2695503830909729,0.1811121702194214,0.10289887338876724,-0.2411092221736908,-0.6628953814506531,0.22778311371803284,0.09700369089841843,-0.1882566213607788,-0.026821274310350418,0.11967755854129791,0.8933361172676086,-0.4107638895511627,0.33115631341934204,-0.23797206580638885,-0.08904366195201874,-0.5504276752471924,0.0813131332397461,0.46607112884521484,-0.19331994652748108,0.1531304568052292,0.17103883624076843,0.07414642721414566,0.4555109441280365,0.044722747057676315,0.28716379404067993,0.17648345232009888
CID000004634,140,0.015304213389754295,-0.21165180206298828,-0.5769838094711304,0.043804578483104706,0.4226803779602051,-0.11228988319635391,0.07450640201568604,-0.48557180166244507,-0.05032160133123398,0.019997578114271164,0.40652698278427124,-0.1460646241903305,-0.11539681255817413,-0.19663235545158386,-0.030036062002182007,0.1042419895529747,0.3234701156616211,-0.06573718786239624,-0.2865995764732361,0.05722611024975777,-0.38085201382637024,-0.0017490256577730179,0.43767446279525757,-0.03443961590528488,-0.4642409682273865,-0.9254187345504761,-0.2628614008426666,-0.0681639164686203,0.1733502298593521,-0.021449405699968338,1.2253482341766357,0.27404850721359253,-0.03155898302793503,0.3201315999031067,-0.5762576460838318,0.23182412981987,0.7561346888542175,-0.09950945526361465,0.3262084126472473,0.07990486919879913,-0.43352651596069336,0.4671429991722107,-0.4810631275177002,-0.13009701669216156,-0.10778796672821045,0.08355903625488281,0.6334627866744995,-0.170089989900589,-0.529134213924408,0.02971549704670906,-0.5315303206443787,0.21532197296619415,0.45679640769958496,-0.0982036218047142,0.12875987589359283,-0.4568052887916565,-0.14417926967144012,0.552087128162384,0.023790797218680382,0.04378543049097061,0.0547356903553009,-0.22176781296730042,0.012405311688780785,0.9040446281433105,0.21518775820732117,0.22587910294532776,-0.03645698353648186,0.052698343992233276,-0.04418187588453293,0.08680594712495804,-0.9428979158401489,0.24202153086662292,-0.6811943054199219,0.4397580027580261,-0.16426266729831696,0.5062943696975708,0.453833669424057,0.19374965131282806,0.49776679277420044,-0.20155782997608185,-0.0629514679312706,-0.1652732789516449,-0.10469724237918854,0.09893672168254852,0.14231546223163605,0.40600863099098206,-0.3913378417491913,-0.21220242977142334,-0.10935709625482559,-0.014532518573105335,-0.11264890432357788,-0.20822396874427795,0.1891825795173645,-0.12739680707454681,0.19373521208763123,-0.32487520575523376,-0.2704581022262573,0.3754923641681671,0.18266652524471283,-0.7499476671218872,-0.15600229799747467,-0.06981698423624039,0.052544303238391876,-0.10424084961414337,0.08466999232769012,-0.12771347165107727,0.8324655294418335,0.17090702056884766,0.23028936982154846,0.08503612130880356,-0.05958845093846321,-0.12858738005161285,0.3129517436027527,-0.4328540861606598,0.08593710511922836,-0.2201692759990692,-0.3823202848434448,0.1547662615776062,-0.09386757016181946,0.20809611678123474,0.27832597494125366,-0.2296430617570877,0.05079749971628189,0.01979716494679451,-0.03800462558865547,-0.006993135903030634,0.13534978032112122,0.13913114368915558,0.0053650676272809505,0.28259122371673584,-0.9228875041007996,-0.02726188860833645,0.5008394122123718,0.07493636012077332,0.011284870095551014,0.854090690612793,0.32223767042160034,-0.3522740304470062,0.38246020674705505,0.02743125893175602,-0.2956714630126953,-0.27607783675193787,0.20085039734840393,0.2167089879512787,0.055794358253479004,-0.1739441156387329,-0.3941456377506256,0.03684500604867935,0.10942397266626358,0.12802983820438385,0.42953625321388245,-0.1539650708436966,-0.6397820711135864,-0.7495752573013306,0.9944161176681519,-0.23451261222362518,0.11380145698785782,-0.16983743011951447,-0.2052140235900879,-0.20456388592720032,-0.17928087711334229,0.03484369069337845,-0.8234794735908508,0.20422378182411194,-0.36197882890701294,0.04977796599268913,-0.21081332862377167,-0.27829164266586304,0.3305021822452545,-0.4430094361305237,-0.09564471989870071,0.12396113574504852,-0.1281982660293579,-0.17887833714485168,-0.7751797437667847,-0.29589614272117615,0.4612760543823242,0.1839100867509842,0.6807531118392944,0.17740783095359802,0.5480242967605591,-0.35668841004371643,-0.2911481559276581,0.3236533999443054,0.07824386656284332,-0.5611097812652588,-0.1518183946609497,-0.09525886923074722,-0.3019692301750183,-0.029404452070593834,-0.46147051453590393,0.9564008712768555,-0.2482471466064453,-0.19144314527511597,0.21657347679138184,0.06659934669733047,-0.22216317057609558,-0.09947864711284637,0.38103988766670227,-0.18555399775505066,0.33564493060112,0.366686075925827,-0.1033567562699318,0.051422446966171265,-0.4668883681297302,-0.24005670845508575,-0.18642447888851166,-0.3087117373943329,-0.2536303997039795,-0.21482372283935547,0.0044353678822517395,-0.0750165805220604,0.1736873835325241,-0.2817464768886566,0.5756263136863708,0.12281610071659088,-0.027939576655626297,-0.19132950901985168,-0.014715157449245453,0.19933900237083435,0.24809861183166504,-0.20483450591564178,0.26346784830093384,0.12864556908607483,-0.14678087830543518,0.10746242851018906,0.17775674164295197,-0.8348795175552368,-0.25997573137283325,-0.13056322932243347,0.10490276664495468,-0.009500977583229542,0.02146989479660988,-0.23665252327919006,-0.654571533203125,0.390653133392334,-0.008055556565523148,-0.11178575456142426,-0.12905344367027283,-0.082442507147789,0.6869906187057495,-0.2840755581855774,-0.10927686840295792,-0.28689059615135193,-0.0015174865256994963,-0.3700050711631775,-0.04142684116959572,0.28434133529663086,0.270114004611969,0.17897406220436096,0.07067935168743134,-0.09846682846546173,-0.15295961499214172,-0.10452479124069214,0.21161362528800964,-0.0672617107629776
CID000125889,141,0.00045011044130660594,-0.16051128506660461,-0.782580554485321,-0.01878497004508972,0.3705894351005554,-0.2383798360824585,-0.09909538924694061,-0.3380277752876282,-0.10395835340023041,0.21195164322853088,0.39507654309272766,0.12372948229312897,-0.528975784778595,0.13395407795906067,-0.07971535623073578,0.16303999722003937,0.39464113116264343,0.052816085517406464,-0.015306448563933372,-0.21386709809303284,0.0852084532380104,0.12068575620651245,0.4801499843597412,-0.08351920545101166,-0.7441074252128601,-1.0041117668151855,-0.7683848738670349,-0.09821485728025436,0.061640165746212006,-0.0611407645046711,1.1762089729309082,0.3259228467941284,0.126244455575943,0.09596192091703415,-1.1363391876220703,0.13696956634521484,0.8258142471313477,-0.43460822105407715,-0.012102186679840088,-0.06636965274810791,-0.6212658286094666,0.6671389937400818,-0.5481735467910767,-0.48669853806495667,-0.07055319100618362,-0.4075431823730469,0.5318502187728882,-0.30761536955833435,-0.5695691704750061,-0.027026722207665443,-0.6171061992645264,0.25749292969703674,0.25485414266586304,-0.20157890021800995,0.5003370642662048,0.1368602216243744,-0.13843326270580292,0.7877935767173767,0.38938841223716736,0.04754377529025078,0.07970281690359116,-0.14773407578468323,0.09412829577922821,1.0398943424224854,0.30394142866134644,0.24772615730762482,0.03761504963040352,-0.0066294195130467415,0.19224822521209717,0.05816204473376274,-0.5085309743881226,0.31907057762145996,-1.0494403839111328,0.41604286432266235,0.20720867812633514,0.24589309096336365,1.062918782234192,0.5952321887016296,0.46871986985206604,-0.016082946211099625,-0.04311112314462662,-0.0451052188873291,-0.21687738597393036,-0.15474912524223328,-0.5060747861862183,0.13755488395690918,-0.4297483563423157,0.19257161021232605,-0.1789970099925995,0.10574605315923691,-0.26985397934913635,-0.2523120939731598,-0.31613868474960327,0.18254610896110535,-0.053847186267375946,-0.6843115091323853,-0.12835530936717987,0.18244965374469757,0.0590633749961853,-1.011080026626587,-0.0927102118730545,-0.08931393921375275,0.13886220753192902,-0.03585882857441902,0.1849312037229538,-0.4745974540710449,1.0644601583480835,-0.3829783499240875,0.08600515127182007,0.09424636512994766,-0.14736886322498322,-0.059527408331632614,0.16411201655864716,-0.8028645515441895,0.17491601407527924,-0.3640475869178772,-0.8017476797103882,0.15660341084003448,0.021124940365552902,0.26246219873428345,0.25105541944503784,-0.343838632106781,0.40253132581710815,-0.019438486546278,-0.16157841682434082,-0.21810224652290344,0.38288649916648865,0.14050383865833282,0.041334159672260284,0.1986873596906662,-0.5956254005432129,0.03416135162115097,0.55527263879776,0.0875844806432724,0.22630533576011658,1.0447347164154053,0.36931899189949036,-0.2702823281288147,0.47248536348342896,-0.08638791739940643,0.20521216094493866,-0.16921189427375793,0.13855895400047302,-0.08733151853084564,0.1522817462682724,0.14879992604255676,0.05530538409948349,0.43695467710494995,-0.21828146278858185,-0.11370104551315308,0.5261693596839905,-0.2018963098526001,-0.8699303865432739,-1.2090208530426025,0.6430585980415344,-0.18201814591884613,-0.03168021887540817,0.1439579725265503,-0.5461652874946594,-0.14732161164283752,-0.038766130805015564,0.17135313153266907,-0.5249369144439697,0.03378365561366081,-0.45170554518699646,-0.25422948598861694,0.04091396927833557,0.1248001679778099,0.5847784876823425,-0.7064135074615479,0.027782177552580833,0.009018766693770885,0.11003302037715912,0.19524557888507843,-0.7659534215927124,-0.34088850021362305,0.753531277179718,0.0012874722015112638,0.748762309551239,0.15873929858207703,0.8124375343322754,-0.0720093846321106,-0.32661813497543335,1.1632734537124634,0.10779641568660736,-0.5793749690055847,0.07923135906457901,0.05180758237838745,-0.1457413136959076,-0.137730672955513,-0.329799085855484,1.2840278148651123,-0.20174269378185272,-0.36041662096977234,0.3346775770187378,0.17551693320274353,-0.07903020828962326,-0.008540308102965355,0.674115777015686,-0.14032116532325745,0.42177265882492065,0.10090310871601105,-0.11451150476932526,0.6942291855812073,-0.715695858001709,0.08814242482185364,-0.2656387686729431,-0.20164863765239716,-0.0287689920514822,-0.1963355541229248,-0.19594469666481018,-0.13732868432998657,-0.4574531018733978,-0.07531967014074326,0.7511472105979919,-0.07843131572008133,0.061846666038036346,-0.48372021317481995,0.024743294343352318,0.09483806788921356,-0.04934169724583626,0.20259180665016174,-0.07735463231801987,0.32610493898391724,0.0802060216665268,0.17031733691692352,0.12454744428396225,-1.0743414163589478,-0.2939954400062561,0.07483513653278351,-0.04921757057309151,-0.020799314603209496,0.34101346135139465,-0.2446671426296234,-0.6558611989021301,-0.3736236095428467,0.04647719860076904,-0.08105695247650146,0.07424839586019516,-0.025395656004548073,1.0408587455749512,-0.38491466641426086,-0.20431537926197052,-0.42961573600769043,-0.04934818670153618,-0.22351543605327606,-0.32553890347480774,0.14559346437454224,0.054709602147340775,0.20060844719409943,0.5150737166404724,-0.3248007595539093,0.028651738539338112,0.13935458660125732,0.16290061175823212,-0.14879624545574188
CID000002771,148,0.03175560012459755,-0.13122335076332092,-0.4189298748970032,-0.17280781269073486,0.3131556212902069,-0.07134854793548584,-0.0812210738658905,-0.682744026184082,-0.24855010211467743,0.04525478556752205,0.25512805581092834,0.10679862648248672,-0.022316547110676765,-0.11636742204427719,-0.051292598247528076,0.4057505130767822,0.6914964914321899,0.002713903784751892,-0.30311086773872375,0.2273164540529251,-0.37424466013908386,-0.125143364071846,0.587283730506897,-0.10749615728855133,-0.41892117261886597,-0.5779429078102112,-0.5300807952880859,-0.013153612613677979,0.05759469419717789,-0.0478830561041832,0.6274024844169617,0.14783036708831787,-0.017217446118593216,0.3819708824157715,-0.4950478971004486,0.1179991364479065,1.127532958984375,-0.14294025301933289,0.03946872428059578,0.1220066100358963,-0.45642662048339844,0.7275744676589966,-0.40589866042137146,-0.02730138599872589,-0.025784796103835106,0.12362682819366455,0.6939642429351807,-0.15348395705223083,-0.5820368528366089,0.07538297027349472,-0.43051400780677795,0.11114834249019623,0.2511240541934967,-0.2530140280723572,0.030419018119573593,-0.42250561714172363,0.006885091308504343,0.6160711050033569,-0.10776618868112564,-0.060874663293361664,-0.0727464109659195,-0.2827874422073364,0.009475082159042358,0.7432671785354614,0.1792745292186737,0.17502863705158234,-0.25923389196395874,-0.06346266716718674,-0.05053437501192093,0.15932674705982208,-0.6821246147155762,0.16926370561122894,-0.5215275287628174,0.4767898917198181,0.042617835104465485,0.21135754883289337,0.6693606972694397,0.3149840831756592,0.5876225233078003,-0.10095374286174774,-0.08716084063053131,-0.3332241177558899,0.18098530173301697,-0.09799836575984955,0.143101304769516,0.36954760551452637,-0.5288327932357788,-0.12725690007209778,-0.3035193085670471,-0.04150330275297165,-0.30324986577033997,-0.05572716146707535,-0.04914374649524689,0.14955268800258636,0.20515672862529755,-0.037400178611278534,-0.22995813190937042,0.29970234632492065,-0.017131198197603226,-0.6458660364151001,-0.10773451626300812,-0.0754249095916748,0.0429987832903862,-0.13061752915382385,0.2587091326713562,-0.12560832500457764,0.7574173808097839,-0.01084222923964262,0.20140810310840607,-0.06858785450458527,-0.28867751359939575,0.20014071464538574,0.3411664366722107,-0.21575787663459778,0.18119201064109802,-0.26391172409057617,-0.4763905107975006,-0.10571698099374771,-0.12245441973209381,0.0762348398566246,-0.11897269636392593,-0.37046676874160767,-0.12637999653816223,0.13420867919921875,-0.04846261441707611,0.14246755838394165,0.0807495042681694,0.05207467079162598,-0.21331918239593506,0.13338486850261688,-0.7030585408210754,-0.21358728408813477,0.4220736622810364,0.10007067024707794,0.13180258870124817,0.7275570631027222,0.15907564759254456,-0.13411246240139008,0.17781475186347961,-0.14611968398094177,-0.12213759124279022,-0.22508113086223602,0.0918368324637413,0.31351861357688904,0.042907603085041046,-0.028026515617966652,-0.39674046635627747,-0.004648893605917692,0.17882132530212402,-0.15342284739017487,0.3501640856266022,-0.17084920406341553,-0.6187629699707031,-0.8726786375045776,0.39784595370292664,-0.20303404331207275,0.3612418472766876,-0.002878687810152769,-0.5101622343063354,-0.1522466242313385,-0.12017641216516495,-0.025019269436597824,-0.8360077738761902,0.025452125817537308,-0.44661945104599,-0.008359892293810844,-0.09769946336746216,-0.2578131854534149,0.4438784718513489,-0.42757648229599,-0.13709807395935059,-0.22741785645484924,-0.16723917424678802,-0.2415257692337036,-0.6634404063224792,-0.21434876322746277,0.47286930680274963,0.04677855223417282,0.5164737105369568,-0.021311651915311813,0.5206238031387329,-0.20587876439094543,-0.01469032745808363,0.31378811597824097,0.07004653662443161,-0.5463821291923523,-0.14695525169372559,-0.31605106592178345,-0.08152599632740021,-0.04838714748620987,-0.41956791281700134,0.8644132614135742,-0.28469425439834595,-0.3227002024650574,0.17371055483818054,-0.1836157739162445,-0.06010996550321579,0.06298184394836426,0.36264413595199585,-0.033795516937971115,0.42082804441452026,0.3143943250179291,-0.030218571424484253,0.1008659154176712,-0.2615753412246704,-0.12403903901576996,-0.09774859249591827,0.004832454025745392,0.0035613924264907837,-0.0026595175731927156,0.1427716314792633,0.11976347863674164,-0.03851047903299332,-0.20011934638023376,0.6220566034317017,0.08658840507268906,-0.1996258944272995,-0.12632283568382263,0.11385669559240341,0.2004869431257248,0.044847600162029266,0.0896153673529625,0.2815329432487488,-0.1464075744152069,0.18725618720054626,0.1620728224515915,0.06031651049852371,-0.7382246851921082,-0.42355912923812866,0.05511067062616348,-0.04539336636662483,0.28443819284439087,0.12234415858983994,-0.2996205985546112,-0.46363574266433716,0.33589616417884827,0.1410236358642578,-0.19288544356822968,0.08288777619600296,-0.14835280179977417,0.3544953167438507,-0.3538428843021393,0.0003120303153991699,-0.2049192488193512,0.17800411581993103,-0.26716023683547974,0.17417266964912415,0.0588429756462574,-0.042789526283741,0.36306828260421753,-0.15313580632209778,0.1583358496427536,0.06408977508544922,-0.015993596985936165,0.18742385506629944,0.04885859414935112
CID000003640,149,0.06406266987323761,-0.15106120705604553,-0.3884503245353699,0.45674848556518555,0.14914710819721222,-0.4182642102241516,0.14200064539909363,0.040821440517902374,-0.05765809491276741,-0.51589035987854,0.2554756999015808,-0.2125224620103836,-0.1276441514492035,0.03140057250857353,0.1680024266242981,0.15508845448493958,0.1894567757844925,-0.3050946295261383,-0.5645440816879272,0.08943181484937668,-0.2214452028274536,0.1793757677078247,0.5298226475715637,-0.08984662592411041,-0.42381802201271057,-0.5086593627929688,-0.28099244832992554,0.022057201713323593,0.2555440068244934,-0.08159323036670685,0.4094070494174957,0.2554734945297241,-0.06444790959358215,-0.040811531245708466,-0.04921496659517288,0.027752483263611794,0.15834368765354156,-0.23845894634723663,-0.02618720568716526,0.023418551310896873,-0.016525495797395706,0.27065539360046387,-0.15846732258796692,-0.45824527740478516,0.23207926750183105,-0.023319629952311516,0.24093112349510193,-0.1636737883090973,-0.7627236843109131,-0.04313398525118828,-0.46368879079818726,-0.10810164362192154,0.5760722160339355,-0.34116944670677185,-0.0857473686337471,-0.5630885362625122,-0.1929503232240677,0.48035889863967896,-0.04490429162979126,-0.19292499125003815,0.02327648177742958,-0.06229521706700325,0.3146846294403076,0.5087121725082397,-0.054258741438388824,0.7212632894515991,-0.02172674611210823,-0.13795176148414612,0.0691937580704689,0.11703381687402725,-0.725867509841919,0.2299341857433319,-0.4615531861782074,0.25199323892593384,-0.05827002599835396,0.29800447821617126,0.37257665395736694,0.10876146703958511,0.23365192115306854,0.07257120311260223,-0.021487751975655556,0.004691718611866236,-0.010450479574501514,-0.10247746855020523,0.022214917466044426,0.0813349261879921,-0.009631958790123463,0.2443002462387085,0.025823235511779785,-0.1696954220533371,-0.04083512723445892,0.1933399736881256,-0.3522185683250427,0.08437449485063553,0.12872150540351868,0.08566045761108398,-0.08238698542118073,-0.010164638049900532,-0.05666061490774155,-0.40818077325820923,-0.056059084832668304,-0.04044982045888901,-0.22568896412849426,-0.176151841878891,0.2128976285457611,-0.3534073233604431,0.33809369802474976,0.2995673418045044,-0.15635451674461365,0.08407961577177048,0.07945277541875839,-0.20478419959545135,0.43435150384902954,-0.7598576545715332,0.0639859288930893,-0.18222776055335999,0.07505648583173752,0.18327374756336212,0.10203826427459717,-0.17642655968666077,-0.1148063987493515,-0.1965421587228775,0.20090508460998535,0.1058787927031517,-0.04072563722729683,0.24367909133434296,-0.1918356716632843,0.1556202471256256,0.09444968402385712,0.29668039083480835,-0.47021180391311646,-0.37544703483581543,0.3295342028141022,0.06811374425888062,-0.030401920899748802,0.7338849306106567,-0.13941293954849243,0.37912091612815857,0.23386068642139435,0.17448639869689941,0.13339227437973022,-0.017149507999420166,0.258760929107666,0.11902713775634766,0.277505099773407,0.09651881456375122,-0.2518468499183655,0.01862742379307747,0.0445183590054512,0.02026657946407795,0.7753334045410156,-0.13940587639808655,-0.5185094475746155,-0.3258247673511505,0.32327544689178467,0.10347429662942886,-0.15392957627773285,0.08244137465953827,-0.3384350538253784,-0.15535037219524384,0.05410028621554375,-0.22447946667671204,-0.7739685773849487,0.02241831086575985,-0.4387999475002289,-0.26105356216430664,-0.04212106019258499,-0.04474126547574997,0.7866582274436951,-0.578598141670227,-0.572673499584198,0.10426346957683563,0.09517215192317963,0.08988237380981445,-0.124069944024086,-0.22125446796417236,0.041950903832912445,-0.2190438210964203,0.5974769592285156,0.2148500382900238,0.33969753980636597,0.2578015625476837,0.029908722266554832,-0.09947095066308975,-0.2542398273944855,-0.18742099404335022,-0.17714670300483704,-0.3925631046295166,0.17210359871387482,0.0549081452190876,0.20695579051971436,0.5390669703483582,0.0624467134475708,-0.22323687374591827,0.022065144032239914,-0.11501362174749374,-0.03297455608844757,-0.08159877359867096,0.048382602632045746,-0.17550185322761536,0.07675504684448242,0.09562884271144867,0.1288968026638031,0.09699051082134247,-0.4890602231025696,-0.32259806990623474,-0.527021050453186,0.07080455869436264,-0.026238515973091125,-0.18879032135009766,-0.10362905263900757,0.06510821729898453,-0.1170181855559349,0.07258281856775284,0.8402177691459656,0.016707265749573708,0.044437818229198456,0.22258000075817108,0.03441891074180603,-0.05600115656852722,0.21115005016326904,0.1022210344672203,0.013170601800084114,-0.19329814612865448,-0.08575718104839325,0.1713797152042389,-0.0797024518251419,-0.4833613336086273,-0.05224640294909477,-0.10094696283340454,0.21230068802833557,0.06593666225671768,-0.0022479414474219084,-0.20090189576148987,-0.4664456248283386,-0.15826061367988586,-0.058817826211452484,0.07231659442186356,0.07328442484140396,0.15330331027507782,0.22110363841056824,-0.4781263768672943,-0.05542374774813652,-0.23717424273490906,-0.17140798270702362,-0.14308516681194305,0.10387672483921051,-0.341195285320282,-0.21693623065948486,0.2911118268966675,0.14271405339241028,0.13847434520721436,-0.09305237978696823,-0.3927381634712219,-0.15010690689086914,0.014070853590965271
CID000000444,152,0.1875194013118744,-0.31666263937950134,-0.8145706057548523,0.146260604262352,0.5636787414550781,0.1870596706867218,-0.19070793688297272,-0.9024163484573364,-0.2581008970737457,-0.22262339293956757,0.11493899673223495,0.18146918714046478,-0.14401927590370178,-0.007505357265472412,-0.15764814615249634,-0.03943939134478569,0.5739052295684814,0.14434590935707092,-0.5957622528076172,0.024094220250844955,-0.3192003071308136,-0.08479274809360504,0.5697925686836243,0.1833040416240692,-0.4447818696498871,-0.7172147035598755,-0.306856632232666,-0.1485733687877655,0.3104323744773865,0.05115200951695442,1.5647300481796265,-0.09427926689386368,-0.3242499828338623,0.6011548638343811,-0.9223675727844238,0.024222727864980698,1.0259217023849487,-0.1333860456943512,-0.15153656899929047,0.07777966558933258,-0.9226855039596558,0.7149966359138489,-0.1690535545349121,0.011742373928427696,0.03815458342432976,-0.07821468263864517,0.7066858410835266,-0.11931516975164413,-0.38405123353004456,0.09779839217662811,-0.6128289699554443,0.2351020872592926,0.3015577793121338,-0.18137995898723602,0.0699671059846878,-0.3138769268989563,-0.10830310732126236,0.9961613416671753,0.2599521279335022,-0.18363964557647705,-0.15265175700187683,-0.22679376602172852,-0.11560425907373428,1.0824108123779297,0.242479607462883,0.5045225620269775,0.10988909006118774,0.07288718968629837,0.010168378241360188,-0.13787727057933807,-0.9739462733268738,0.1429291069507599,-1.274162769317627,0.292236864566803,0.10950671136379242,0.16048434376716614,0.6317768692970276,-0.043523456901311874,0.6326640844345093,0.13261105120182037,-0.015790101140737534,-0.45207181572914124,-0.1070689931511879,-0.13202068209648132,0.37156593799591064,0.16310712695121765,-0.9309476017951965,-0.09510701894760132,-0.1392906904220581,-0.12338241189718246,-0.17292670905590057,0.010306566953659058,-0.23175343871116638,0.019220178946852684,0.09128433465957642,-0.22550170123577118,0.10790829360485077,0.1687806248664856,-0.06815927475690842,-0.8052047491073608,-0.13607463240623474,0.10077200829982758,-0.007030843757092953,-0.20622821152210236,0.35917454957962036,-0.07101167738437653,0.945756733417511,0.06901708990335464,0.1647418737411499,-0.021649962291121483,-0.00022676885419059545,0.013047492131590843,0.808027446269989,-0.47956013679504395,0.18243953585624695,-0.08755174279212952,-0.41906729340553284,0.24622058868408203,-0.17341893911361694,0.43401604890823364,-0.29936501383781433,-0.1882685273885727,-0.01170490961521864,-0.02186892367899418,0.07733527570962906,-0.2234286069869995,0.4194137454032898,-0.22187848389148712,-0.019183415919542313,0.4068879187107086,-0.905522346496582,-0.3516358733177185,0.42085155844688416,0.29157906770706177,0.2542690634727478,1.0549781322479248,0.29407933354377747,-0.0613933727145195,0.33459800481796265,-0.13351961970329285,-0.04293087497353554,-0.27558764815330505,-0.02697480283677578,0.024633025750517845,-0.05691869184374809,-0.10963001102209091,-0.5422593951225281,0.25564536452293396,0.03574957698583603,-0.16454993188381195,0.5980121493339539,0.04002859443426132,-0.923724353313446,-1.1603552103042603,1.0258409976959229,-0.4190104007720947,-0.059109438210725784,0.16016457974910736,-0.24490861594676971,-0.03793011233210564,-0.15465308725833893,0.10114927589893341,-0.9630966186523438,-0.028611693531274796,-0.46252188086509705,-0.12795963883399963,0.21496422588825226,-0.2873685657978058,0.28836607933044434,-0.5870341062545776,-0.26223719120025635,-0.1556442230939865,0.01596839353442192,-0.12634940445423126,-0.797565758228302,-0.28434085845947266,0.7192135453224182,0.15870091319084167,0.5942195057868958,0.07287794351577759,0.36054590344429016,-0.07364204525947571,-0.20246753096580505,0.904608428478241,0.09570281207561493,-0.6455225348472595,0.02886757254600525,-0.03724239021539688,-0.4116322100162506,-0.01483757235109806,-0.5319839119911194,0.8767949938774109,-0.12831999361515045,-0.36346322298049927,-0.08562692254781723,0.0901186466217041,0.03871230036020279,0.09917088598012924,0.5412675142288208,0.04921203851699829,0.5048919320106506,0.08572524040937424,-0.170624241232872,0.31888002157211304,-0.24869894981384277,-0.22040939331054688,-0.1290803998708725,0.16387924551963806,-0.07743687927722931,0.048849742859601974,-0.5338817834854126,-0.11760354042053223,-0.1245594248175621,-0.325784295797348,0.5359998345375061,0.05628019571304321,-0.05199966952204704,-0.2738973796367645,-0.17551274597644806,-0.09335775673389435,0.06173504516482353,-0.19170837104320526,0.18986937403678894,-0.011171221733093262,0.0551176443696022,0.12001971900463104,0.13050179183483124,-1.318332314491272,-0.14005514979362488,0.0774964690208435,0.0062348125502467155,0.3363731801509857,0.048602234572172165,-0.1898270547389984,-0.8294207453727722,0.34644120931625366,-0.005967825651168823,0.018439006060361862,-0.10418876260519028,0.08502610772848129,0.8216317892074585,-0.3548617959022522,0.24366232752799988,-0.24257144331932068,-0.34346774220466614,-0.21067273616790771,0.06416942924261093,0.3237636983394623,-0.022951874881982803,0.34654074907302856,0.3401852250099182,0.10990385711193085,-0.0193332489579916,-0.19880583882331848,0.5234965085983276,-0.010845494456589222
CID000024011,153,0.23990467190742493,-0.1641474813222885,-0.75823974609375,0.1687757968902588,0.4392288625240326,-0.12364963442087173,-0.1282620131969452,-0.358161985874176,-0.49353036284446716,-0.004041397478431463,0.10050396621227264,0.234164759516716,0.0812140554189682,-0.11658433824777603,-0.18663567304611206,0.43158990144729614,0.4490637183189392,-0.3200550675392151,-0.6305338740348816,0.056988827884197235,-0.3301890790462494,0.15967096388339996,0.6303914785385132,0.03907274082303047,-0.9844391942024231,-0.9124385714530945,0.031248977407813072,-0.4259682297706604,0.1243099719285965,-0.33166584372520447,1.1188781261444092,-0.05778167396783829,-0.13901695609092712,0.6892544627189636,-0.6650477647781372,0.05262327194213867,1.0602710247039795,-0.06252142041921616,-0.1357177197933197,0.019398074597120285,-0.9293433427810669,0.768537163734436,-0.5809987783432007,-0.3682796061038971,0.07317644357681274,-0.18592724204063416,0.6128268241882324,0.036694712936878204,-0.38269901275634766,-0.12246444076299667,-0.69322669506073,0.2058197259902954,0.36372795701026917,-0.10994604974985123,-0.040783800184726715,-0.1561693549156189,-0.11562104523181915,1.115898847579956,-0.12960554659366608,-0.03145036846399307,-0.3648187518119812,-0.05234353616833687,0.11878035962581635,0.8311816453933716,0.10783860832452774,0.06857690960168839,0.0565074197947979,-0.07522761821746826,-0.046380333602428436,0.07129685580730438,-1.20556640625,0.35059699416160583,-0.9315582513809204,0.2533111274242401,-0.27080732583999634,0.5463972091674805,1.2077893018722534,0.11282209306955338,0.7452726364135742,-0.0851641520857811,-0.03840694949030876,-0.35986676812171936,-0.28979048132896423,-0.3469906747341156,-0.0631752461194992,-0.0005961168790236115,-1.064421534538269,0.17712827026844025,0.0008689284441061318,0.18061546981334686,0.02071036398410797,0.15796247124671936,0.03879549726843834,-0.09037172794342041,0.29494667053222656,-0.4352608621120453,0.08003358542919159,0.17640070617198944,0.015804458409547806,-0.7943840026855469,-0.10811717808246613,-0.26838570833206177,-0.06323167681694031,-0.05405838042497635,0.0336732491850853,-0.1870306432247162,0.6823114156723022,0.10639555752277374,0.1408105343580246,-0.10736026614904404,0.24275222420692444,0.03172992169857025,1.029559850692749,-0.31879132986068726,0.03628876805305481,-0.20058949291706085,-0.28457286953926086,-0.1756066083908081,0.2690344452857971,0.26365354657173157,-0.06537517160177231,-0.3655651807785034,0.0767228901386261,0.05500634387135506,0.22661805152893066,0.22512602806091309,0.10432694107294083,-0.2085280418395996,-0.07534629851579666,0.1486455202102661,-0.8243350982666016,-0.3168749213218689,0.3578614592552185,0.15916238725185394,-0.0051167369820177555,0.7655584216117859,-0.01776024140417576,-0.0351601243019104,0.36176592111587524,-0.25141966342926025,-0.2651830315589905,-0.0791146531701088,0.08131255209445953,0.11473377048969269,0.1856878250837326,0.3518986105918884,-0.47401291131973267,0.4474867880344391,-0.020742172375321388,-0.10975541919469833,0.2561197876930237,0.06083180382847786,-1.066227912902832,-1.2384989261627197,1.2498576641082764,-0.4302392601966858,-0.22037164866924286,0.32193103432655334,-0.6164816617965698,0.1381373405456543,0.2232610285282135,0.03569319471716881,-0.7103015184402466,0.014997782185673714,-0.4605301022529602,-0.23242399096488953,0.1075618639588356,-0.1270366609096527,0.4056294560432434,-0.6903279423713684,0.003748977091163397,-0.07161641120910645,-0.13525211811065674,0.032346781343221664,-0.708117663860321,-0.012799849733710289,0.7309696674346924,0.00957933533936739,0.4970160126686096,0.22679674625396729,0.7283161282539368,-0.19392810761928558,-0.030946338549256325,0.7419417500495911,0.04852471873164177,-0.4739512503147125,-0.16640184819698334,-0.14912967383861542,-0.24190053343772888,-0.05840824916958809,-0.3290155529975891,1.2272765636444092,0.0004070281866006553,-0.647465705871582,-0.051007021218538284,0.038370538502931595,-0.0640922412276268,-0.08440160751342773,0.40415826439857483,-0.11531922966241837,0.2557724416255951,0.048198845237493515,-0.10312986373901367,0.07386071234941483,-0.3810121715068817,-0.027718713507056236,-0.03723182529211044,-0.08156342804431915,0.012660359963774681,-0.10566554218530655,0.04311736300587654,-0.3534848988056183,-0.2745075225830078,-0.08052890002727509,0.2677420973777771,0.03419520705938339,-0.3237476050853729,0.03287963196635246,-0.17266260087490082,-0.0437065027654171,0.42128267884254456,-0.17464037239551544,0.11912678182125092,0.18755179643630981,0.030274808406829834,0.17516009509563446,-0.013395547866821289,-1.1080090999603271,-0.21797458827495575,-0.32245072722435,-0.06680639833211899,-0.03057275339961052,0.0451054647564888,-0.2611413896083832,-0.8224784135818481,0.18404662609100342,0.12988439202308655,0.12838514149188995,-0.2659037113189697,0.12406221777200699,0.9300985336303711,-0.24074259400367737,0.037917859852313995,-0.20883917808532715,-0.020877515897154808,-0.5414201617240906,-0.15341293811798096,0.19921238720417023,-0.20482119917869568,0.37082812190055847,0.13565075397491455,0.23272792994976044,-0.11309902369976044,-0.25393348932266235,0.14277589321136475,0.053844619542360306
CID000002171,154,-0.20223012566566467,-0.5721904039382935,-1.1755175590515137,0.3651549220085144,-0.19228823482990265,-0.18560895323753357,-0.22445976734161377,-0.9184677004814148,0.0714043527841568,-0.4012271761894226,0.4313177466392517,0.18668414652347565,0.2445833683013916,-0.4327980875968933,-0.15065571665763855,0.27270761132240295,1.3668044805526733,-0.07817193120718002,-0.24956746399402618,-0.24624042212963104,-0.4636962413787842,0.2473047524690628,0.9643217921257019,-0.014817541465163231,-1.5276904106140137,-1.4085301160812378,-1.2342065572738647,-0.0476333387196064,0.07583602517843246,0.303801953792572,1.9218648672103882,0.34622347354888916,-0.060132283717393875,0.00035953521728515625,-0.1356334686279297,0.2673972547054291,0.7854500412940979,-0.1898108571767807,0.17762529850006104,-0.2229231297969818,-0.587110698223114,1.7777059078216553,-0.5172128081321716,-0.21491822600364685,-0.08852894604206085,-0.116669200360775,0.700446605682373,0.03818817809224129,-0.6102514266967773,0.1587681770324707,-0.16932593286037445,-0.4192145764827728,0.3013961911201477,-0.23309409618377686,0.579903244972229,-1.0143144130706787,-0.05665341764688492,0.6819748878479004,-0.046663250774145126,-0.15840467810630798,0.25614455342292786,-0.013534381985664368,-0.11226256191730499,0.9353938102722168,0.19674596190452576,0.6068064570426941,0.2401437759399414,-0.12547710537910461,-0.10260490328073502,0.03754319250583649,-0.963118851184845,0.40285205841064453,-1.0261261463165283,0.08359929174184799,0.13221988081932068,0.5898169875144958,1.3422977924346924,0.2104809284210205,0.7604049444198608,0.3723001778125763,-0.047509972006082535,-0.20169556140899658,-0.585647463798523,-0.48060646653175354,-0.4517451822757721,-0.010134565643966198,-0.3120582699775696,-0.4970768988132477,-0.14134469628334045,0.41051211953163147,0.24523405730724335,-0.10839927196502686,-0.2682007849216461,-0.19952982664108276,0.29177722334861755,-0.14180029928684235,0.17644956707954407,0.3630509376525879,0.04588078707456589,-1.4707398414611816,-0.05488952249288559,-0.006600016262382269,0.23502154648303986,-0.30622702836990356,-0.049228452146053314,-0.2972271144390106,1.169844388961792,0.03498626872897148,0.15685057640075684,0.07116936147212982,-0.18646474182605743,0.04258360341191292,0.38076886534690857,-0.32884714007377625,-0.14917685091495514,-0.41507673263549805,-0.42242032289505005,0.19079382717609406,0.012045541778206825,0.5894626379013062,-0.16526371240615845,-0.13643762469291687,0.11080028861761093,0.09923334419727325,-0.034195564687252045,0.2609902024269104,0.36864036321640015,0.3431338667869568,0.2931292951107025,0.35137587785720825,-0.8858081698417664,0.04140634462237358,0.1967596709728241,0.24674615263938904,0.09469364583492279,0.8807098269462585,-0.4638160765171051,0.2682158946990967,0.5443216562271118,-0.10009963810443878,-0.24083726108074188,-0.5960713624954224,-0.047682009637355804,0.1750207394361496,0.41885605454444885,0.2287246286869049,-0.1447053849697113,0.605000376701355,0.3184489607810974,0.03588416427373886,0.1420125663280487,-0.28728705644607544,-0.8114848136901855,-0.8402393460273743,0.30223315954208374,0.17994794249534607,-0.09695355594158173,0.11945692449808121,-0.4186592996120453,-0.06229082867503166,0.03984389454126358,-0.17154231667518616,-1.298004388809204,0.5614542961120605,-0.8989715576171875,-0.19388896226882935,-0.14001451432704926,0.09939790517091751,0.9016667604446411,-0.3501927852630615,-0.23811420798301697,-0.29637837409973145,0.05039824917912483,0.22121791541576385,-0.901709258556366,-0.1995336413383484,0.1253146529197693,0.03257128968834877,0.6537614464759827,1.1712217330932617,0.7716501951217651,0.02079767733812332,-0.5412620306015015,0.45778894424438477,0.05263381078839302,-0.9606736302375793,-0.34570178389549255,0.08278468996286392,0.12475673854351044,0.13198810815811157,-0.4384597837924957,1.1329786777496338,-0.08030205219984055,-0.5546296238899231,-0.19582809507846832,-0.26041990518569946,0.056086547672748566,0.26300108432769775,0.6780915856361389,-0.5119112133979797,0.2823256254196167,0.025689255446195602,-0.016635898500680923,0.15958890318870544,-0.20801976323127747,0.1935037076473236,-0.3426409363746643,0.39662083983421326,-0.009882679209113121,-0.25400930643081665,0.2777612805366516,-0.40614399313926697,-0.4576650559902191,0.03177458792924881,1.0398609638214111,0.5455423593521118,-0.09747852385044098,-0.047075964510440826,0.048578716814517975,-0.09618707746267319,0.21078722178936005,-0.32578524947166443,0.526814877986908,-0.3773346543312073,0.29592376947402954,0.24036827683448792,0.16427579522132874,-1.0233421325683594,-0.2283763438463211,0.020159995183348656,-0.01974623277783394,0.19668033719062805,0.0847296342253685,-0.27734068036079407,-0.7166534662246704,0.07200580835342407,0.10813216120004654,0.13501954078674316,-0.02045585587620735,0.05752769857645035,1.8142086267471313,-0.5211957097053528,-0.10445461422204971,-0.7483493685722351,-0.46268853545188904,-0.14442679286003113,0.028165051713585854,0.051805563271045685,-0.020155344158411026,-0.0030708431731909513,0.19827640056610107,-0.21547818183898926,-0.22995209693908691,0.21304798126220703,0.3671511113643646,-0.3362121880054474
CID000054808,155,-0.27386897802352905,-0.3459915220737457,-0.928528904914856,0.3797492980957031,0.26981309056282043,-0.3060649335384369,-0.17912551760673523,-0.2764248251914978,-0.07169361412525177,-0.5742838978767395,0.3902422785758972,-0.14065241813659668,0.17284753918647766,-0.08241315186023712,-0.2222227156162262,-0.1547679603099823,0.21047481894493103,0.32919618487358093,-0.874355673789978,-0.7111566066741943,-0.4036875367164612,-0.08640119433403015,0.7985804080963135,-0.11559776961803436,-0.6379671096801758,-1.041426420211792,-1.0636382102966309,0.13339611887931824,0.10651230812072754,-0.7133079171180725,1.1636062860488892,-0.06355257332324982,-0.11347265541553497,0.2524678111076355,-0.4250524938106537,-0.15356342494487762,0.3356706202030182,-0.38512688875198364,0.4113026559352875,0.13847744464874268,-0.6199242472648621,0.29946884512901306,-0.5561920404434204,-0.3057591915130615,0.29865384101867676,-0.3525097370147705,0.3827996850013733,0.2237447202205658,-0.6520441770553589,0.09228743612766266,-0.5178945064544678,0.059865932911634445,0.40408509969711304,-0.2383323609828949,-0.2850951850414276,-0.762231171131134,0.1109345406293869,0.8050141334533691,0.14802215993404388,0.4237091541290283,-0.27056941390037537,-0.25755491852760315,0.2978399693965912,1.274776816368103,0.009809744544327259,0.5760320425033569,0.001676583313383162,0.03796736150979996,-0.032439880073070526,0.16569887101650238,-1.2757433652877808,0.43137606978416443,-0.5478670001029968,0.30223900079727173,-0.03506053611636162,0.2508827745914459,0.3963569700717926,0.6268435716629028,0.8227733373641968,-0.31414279341697693,-0.1309194266796112,-0.23433789610862732,-0.04809926450252533,0.06805511564016342,-0.159581258893013,-0.04035931080579758,-0.06318695843219757,0.043386220932006836,0.2242942750453949,-0.0832839235663414,0.1526867300271988,0.10713928937911987,-0.22736740112304688,0.14292511343955994,0.0981665700674057,-0.25778859853744507,0.11798714101314545,0.17934302985668182,-0.1267845183610916,-0.7066477537155151,-0.3132381737232208,-0.02752831019461155,-0.133454829454422,-0.43255290389060974,-0.1749708354473114,-0.687757134437561,0.3448891043663025,0.03639527037739754,-0.49976104497909546,0.09016499668359756,-0.11349992454051971,0.03917933627963066,0.5566868185997009,-0.2727046608924866,0.11417265981435776,-0.03297342732548714,-0.16798135638237,0.46278780698776245,-0.10308685153722763,0.27160197496414185,-0.20043282210826874,-0.02707076072692871,-0.1377418041229248,-0.0172444935888052,0.28360670804977417,0.14737610518932343,0.08765547722578049,0.4560777544975281,0.4314821660518646,0.35163241624832153,-0.8876848220825195,-0.3133201003074646,0.3100181221961975,-0.05609431117773056,0.13378950953483582,0.8247888684272766,-0.22900357842445374,0.33823293447494507,0.4131881296634674,0.1691966950893402,-0.04418572038412094,-0.006508782505989075,-0.013181297108530998,-0.09470139443874359,0.10763406753540039,-0.19151441752910614,-0.4821808934211731,0.5855548977851868,0.09395603090524673,0.011958110146224499,0.5055227279663086,-0.14051450788974762,-0.7898660898208618,-0.6469599008560181,0.22618961334228516,0.23511584103107452,-0.17521466314792633,0.7222929000854492,-0.3878302574157715,0.03898753225803375,0.08853571861982346,-0.031091535463929176,-1.0194536447525024,-0.2080576866865158,-0.6442388296127319,-0.331826388835907,-0.4894196391105652,-0.23995192348957062,0.7322074174880981,-0.41311079263687134,-0.2046869546175003,-0.34658199548721313,-0.3586108088493347,0.19414877891540527,-0.4678570628166199,0.1899484395980835,0.53907710313797,-0.1859777718782425,0.8182834386825562,0.2196618616580963,0.7090817093849182,-0.06303540617227554,0.16109414398670197,-0.0491972379386425,0.021048465743660927,-0.28595826029777527,-0.07047533988952637,0.07217265665531158,-0.09243924915790558,-0.32747358083724976,-0.11270050704479218,0.7539320588111877,-0.06944373995065689,-0.39333075284957886,0.018895650282502174,-0.12751632928848267,0.05058300495147705,-0.18725807964801788,0.040672581642866135,-0.457763671875,0.6051181554794312,0.199955016374588,0.15837129950523376,0.45910653471946716,-0.754696249961853,-0.02710653468966484,-0.34578046202659607,-0.23401319980621338,-0.18811765313148499,-0.2583320736885071,-0.41988077759742737,-0.02287217415869236,-0.1290600597858429,0.003565564751625061,1.139953851699829,0.09370636940002441,0.02807438373565674,0.01146401185542345,0.06164048984646797,-0.15186595916748047,0.20418119430541992,-0.019659828394651413,0.09286801517009735,0.26403483748435974,0.029536783695220947,0.11334226280450821,-0.18311789631843567,-1.1759787797927856,-0.3037857413291931,0.23906894028186798,0.15039010345935822,0.32507461309432983,-0.19457991421222687,-0.44588011503219604,-1.3134276866912842,0.11806465685367584,-0.4416666030883789,-0.10455598682165146,0.3243125081062317,-0.34488192200660706,0.45073333382606506,-0.5265655517578125,0.0529082790017128,-0.1757597178220749,-0.10986063629388809,-0.20034685730934143,0.0910460576415062,0.23827557265758514,-0.28907009959220886,0.2086510956287384,-0.1334025263786316,0.0040468694642186165,-0.40750330686569214,-0.34107810258865356,0.1591608077287674,-0.39550021290779114
CID000005040,158,0.16118642687797546,-0.20362362265586853,-1.0117099285125732,0.1033967137336731,0.40392717719078064,-0.26457834243774414,-0.07561339437961578,-0.7656478881835938,0.026915187016129494,-0.5256245136260986,0.44931167364120483,-0.11047377437353134,-0.08071105927228928,0.03224767744541168,0.08784327656030655,0.2132994383573532,0.1279030293226242,-0.11150078475475311,-0.4476345181465149,-0.3991073668003082,0.00021870135969948024,-0.19590307772159576,0.24211856722831726,0.24071960151195526,-0.9953463673591614,-0.8960200548171997,-0.6410478353500366,-0.0579678937792778,0.08736009895801544,-0.06088031455874443,1.017195463180542,-0.0773959755897522,0.20947661995887756,0.16981931030750275,-0.21055524051189423,0.0252156350761652,0.3709718585014343,-0.11640244722366333,-0.08033596724271774,-0.07822858542203903,0.14767464995384216,0.2662627100944519,-0.17785006761550903,-0.08741326630115509,0.0345340296626091,-0.036340825259685516,0.815769374370575,-0.3298409581184387,-0.7137882113456726,-0.07938361912965775,-1.155167818069458,-0.22155006229877472,0.6498674750328064,-0.2507731318473816,-0.1455390900373459,-0.3445863425731659,0.029755765572190285,0.9607016444206238,-0.18376165628433228,0.07280737906694412,-0.09728960692882538,-0.12416832149028778,-0.039902426302433014,0.4938901364803314,0.08452929556369781,0.6722182035446167,0.18171951174736023,0.0005002528196200728,-0.13382646441459656,0.06279227137565613,-0.4444206655025482,0.055345647037029266,-0.31652528047561646,0.3311459422111511,-0.02059568464756012,0.14920206367969513,0.03622141852974892,0.12542854249477386,1.1632258892059326,0.05774525925517082,-0.08698823302984238,-0.4288561940193176,0.25419318675994873,0.16208484768867493,0.24112586677074432,0.16992470622062683,-0.4099337160587311,-0.2373138666152954,-0.012561440467834473,0.13787351548671722,0.011967653408646584,-0.1801108419895172,-0.38126516342163086,-0.16964489221572876,0.13181622326374054,0.09545613825321198,0.027056753635406494,-0.06318869441747665,-0.019707506522536278,-1.283440351486206,-0.19197091460227966,0.1251591145992279,0.017794305458664894,-0.2727992534637451,0.1662558764219284,-0.24010403454303741,0.7624581456184387,0.2725006639957428,0.049031686037778854,-0.13383984565734863,0.13149048388004303,0.0021207332611083984,0.3337007164955139,-1.011692762374878,0.04227402061223984,-0.34395331144332886,-0.36023634672164917,0.26417261362075806,-0.05001329630613327,-0.08563429862260818,-0.2840615212917328,-0.22308942675590515,0.20462366938591003,0.015129486098885536,0.23528823256492615,-0.044165417551994324,0.10646472126245499,-0.06775571405887604,-0.21686840057373047,0.15283098816871643,-0.47368574142456055,0.07068274915218353,0.28334474563598633,0.06655372679233551,0.03288225084543228,0.5625807046890259,0.17630667984485626,0.27506163716316223,0.4827176630496979,0.11667852103710175,0.019123483449220657,0.06970614939928055,0.14669018983840942,0.13939180970191956,-0.11633382737636566,0.12088632583618164,-0.4666924476623535,0.6361278295516968,-0.10377301275730133,-0.43197840452194214,0.9068220257759094,-0.009898778051137924,-0.42854928970336914,-0.6263656616210938,0.42242708802223206,0.14367763698101044,0.15379834175109863,0.3288361430168152,-0.35991406440734863,0.28619223833084106,-0.1506614238023758,-0.09167515486478806,-0.8132508993148804,0.29471057653427124,-0.5053743124008179,-0.015458169393241405,0.04990582913160324,0.06528827548027039,1.1532237529754639,-0.6306700706481934,-0.11337530612945557,0.12829187512397766,0.025628363713622093,0.1476525217294693,-0.4790213108062744,-0.4841601252555847,0.23148873448371887,0.08102311193943024,0.5140270590782166,0.4595165252685547,0.1442692130804062,-0.1993904560804367,0.10885943472385406,0.7839488983154297,-0.13871145248413086,-0.29654377698898315,-0.11187402904033661,-0.14617733657360077,-0.2810717225074768,-0.30365416407585144,-0.5447294116020203,1.3340036869049072,0.12095551192760468,-0.10943879932165146,-0.19097192585468292,-0.036188505589962006,-0.13092462718486786,0.10559968650341034,1.2520588636398315,-0.11308147758245468,0.8025102615356445,0.28832802176475525,0.030158644542098045,0.9414373636245728,-0.5346386432647705,0.2856881022453308,-0.3696722686290741,-0.04872577637434006,-0.11356814205646515,0.05289924144744873,0.09869012981653214,0.07428085058927536,0.09590023010969162,-0.13989165425300598,0.8369295001029968,0.4470541477203369,-0.08633705228567123,-0.2615469992160797,-0.2282041311264038,0.06972457468509674,0.0025549426209181547,-0.10079866647720337,-0.11206916719675064,-0.3645302653312683,0.07386939227581024,0.3176352381706238,0.056080080568790436,-0.7266556620597839,-0.2954549193382263,0.13406267762184143,0.2051045149564743,0.0823604092001915,0.33803993463516235,-0.18769322335720062,-0.8070821762084961,0.4147487282752991,0.10995795577764511,-0.12527643144130707,-0.137516051530838,0.004313546698540449,1.2255481481552124,-0.2863503098487854,-0.013167011551558971,-0.4568769037723541,0.08505553752183914,-0.11122934520244598,-0.06260593235492706,-0.176908940076828,-0.1566539704799652,0.3262683153152466,0.10826921463012695,0.07924588769674301,-0.08931219577789307,-0.11642225086688995,0.23591656982898712,-0.02644013799726963
CID000005077,159,0.13706520199775696,-0.1514740139245987,-0.49024567008018494,0.10676629841327667,0.3271002471446991,-0.047147370874881744,-0.04700441658496857,-0.5673880577087402,-0.1903005838394165,-0.07727741450071335,0.32423675060272217,0.2100481539964676,-0.05598769709467888,0.027235548943281174,-0.023170921951532364,0.22407522797584534,0.5415884852409363,0.04701550677418709,-0.29476889967918396,0.3032075762748718,-0.17343832552433014,-0.08679965138435364,0.47610220313072205,-0.039610154926776886,-0.31664979457855225,-0.6064082980155945,-0.4044552445411682,-0.05043529346585274,0.00779038667678833,-0.15598447620868683,0.4153827130794525,0.0428280271589756,-0.17609195411205292,0.21797075867652893,-0.16094514727592468,0.13144470751285553,0.8033567667007446,-0.12183795869350433,-0.052721910178661346,-0.018345989286899567,-0.15983842313289642,0.5546470880508423,-0.3093262314796448,-0.043109696358442307,-0.08040624856948853,0.10672008991241455,0.6038358807563782,-0.12335614114999771,-0.5042518973350525,0.03677184134721756,-0.3035847246646881,0.364349901676178,0.3818422853946686,-0.17579232156276703,0.22227723896503448,-0.31964704394340515,-0.28264880180358887,0.6402859687805176,0.01425507664680481,-0.06718180328607559,0.05228017643094063,-0.3095798194408417,0.1712646186351776,0.8107646703720093,0.07099686563014984,0.15626664459705353,-0.23479771614074707,0.06509105116128922,0.05658343434333801,0.12619148194789886,-0.5594803094863892,0.10656263679265976,-0.49873247742652893,0.5972949266433716,0.10919050872325897,0.3476552367210388,0.4893048405647278,0.3451201319694519,0.46181654930114746,0.003204470034688711,-0.0637391209602356,-0.28148993849754333,0.014697800390422344,-0.014151843264698982,0.3331535756587982,0.3013002872467041,-0.11107877641916275,-0.04736638814210892,-0.06195230036973953,0.044785868376493454,-0.1850576102733612,-0.032066453248262405,-0.11559022963047028,0.13032874464988708,0.030333930626511574,-0.07645827531814575,-0.22509272396564484,0.1875762641429901,-0.053549934178590775,-0.5169581770896912,-0.06319560110569,-0.1597517430782318,0.049232542514801025,-0.07054177671670914,0.19146648049354553,-0.21789684891700745,0.6521891355514526,-0.09760130941867828,0.23335473239421844,-0.1260700523853302,0.007977619767189026,0.04632312431931496,0.34094589948654175,-0.079838328063488,0.22080090641975403,-0.39960092306137085,-0.4171256124973297,-0.003163853194564581,-0.09926871210336685,-0.021456582471728325,-0.1917904019355774,-0.30123171210289,0.09298555552959442,0.19736096262931824,-0.02042551338672638,0.12165021896362305,0.18011566996574402,0.0033824562560766935,-0.19882754981517792,0.16976813971996307,-0.6076536178588867,-0.22832949459552765,0.28839951753616333,0.011484170332551003,0.03845369443297386,0.6200120449066162,0.030668463557958603,-0.055238138884305954,0.2677535116672516,-0.2521708607673645,-0.08086995780467987,-0.21214695274829865,0.06043366342782974,0.16140232980251312,0.14537259936332703,0.01659817062318325,-0.334215372800827,-0.015369708649814129,0.021743446588516235,-0.008467994630336761,0.18718400597572327,-0.11376841366291046,-0.4599975049495697,-0.7008053064346313,0.4225938320159912,-0.28367286920547485,0.19215048849582672,0.12623731791973114,-0.5657603144645691,-0.06427928805351257,0.019101740792393684,-0.23186740279197693,-0.7770047187805176,-0.005374950356781483,-0.43173345923423767,0.043475449085235596,0.023526929318904877,-0.09647731482982635,0.5420528650283813,-0.44152751564979553,-0.28639712929725647,-0.14659854769706726,-0.03687094897031784,-0.12669122219085693,-0.6528657078742981,-0.2681170403957367,0.36784520745277405,0.06566935777664185,0.5032998919487,-0.26930081844329834,0.44477564096450806,-0.059487055987119675,-0.1911260336637497,0.34974345564842224,-0.006157239433377981,-0.33483996987342834,0.000915603362955153,-0.14026913046836853,-0.08388303220272064,-0.09410358965396881,-0.275973379611969,0.7583832740783691,0.030418038368225098,-0.5760445594787598,0.04600553959608078,-0.03874075785279274,-0.19560298323631287,0.02801852859556675,0.3706953823566437,0.07093452662229538,0.3557261526584625,0.4001677930355072,-0.13804320991039276,0.005986496806144714,-0.345520555973053,-0.3043087124824524,-0.13647177815437317,0.05024174600839615,-0.054243527352809906,-0.014647540636360645,0.08866927027702332,0.028535982593894005,0.13185833394527435,-0.16912557184696198,0.7408758401870728,-0.04314349219202995,-0.011238527484238148,-0.20267128944396973,0.08506287634372711,0.037408605217933655,0.4129604399204254,0.10056809335947037,0.14992879331111908,0.029109308496117592,-0.034592099487781525,0.06303363293409348,0.04883004352450371,-0.7368842959403992,-0.1927819699048996,0.04245034232735634,-0.03443299978971481,0.24012355506420135,0.11863623559474945,-0.24776506423950195,-0.50411057472229,0.1721385270357132,0.026208247989416122,-0.18164703249931335,-0.019879894331097603,-0.09623904526233673,0.4941648542881012,-0.35322126746177673,0.03838548809289932,-0.31388625502586365,0.01686202362179756,-0.18241378664970398,0.07971212267875671,-0.013359916396439075,-0.10840743780136108,0.24198861420154572,0.06119631975889206,0.17052999138832092,0.16410857439041138,-0.2707677483558655,0.1120247021317482,0.04821249097585678
CID000002083,160,0.183543398976326,-0.16705670952796936,-0.7157479524612427,0.15333499014377594,0.44573545455932617,0.12844161689281464,-0.0037843778263777494,-0.7471218705177307,-0.43019700050354004,-0.30065494775772095,0.23346617817878723,-0.12162093073129654,-0.18358144164085388,-0.18356473743915558,-0.15865923464298248,0.10134007781744003,0.554206907749176,0.1282593309879303,-0.5562866926193237,0.08740659803152084,-0.04740654677152634,-0.1397412121295929,0.4645153880119324,0.19503697752952576,-0.41043567657470703,-0.5351563692092896,-0.22338633239269257,-0.2431279718875885,0.4992193281650543,-0.02675587311387062,0.9853872060775757,0.07514575123786926,0.02651882730424404,0.7085474729537964,-0.4091675281524658,-0.0890679806470871,0.9962369203567505,-0.1778210550546646,0.18035030364990234,-0.041045017540454865,-0.8058659434318542,0.5141971707344055,-0.1948319375514984,0.1083003506064415,0.19960133731365204,0.10589295625686646,0.5947498083114624,0.20830456912517548,-0.6252597570419312,0.14454840123653412,-0.6033541560173035,-0.02872977778315544,0.41576823592185974,-0.17941710352897644,0.17793917655944824,-0.4420226514339447,0.01055611576884985,0.6616361141204834,0.13819599151611328,-0.08595909923315048,0.028881430625915527,-0.14257092773914337,-0.03400314599275589,0.9609750509262085,0.10931674391031265,0.48497262597084045,0.06315436214208603,0.0895993709564209,-0.08891551196575165,-0.04608413577079773,-0.984998881816864,0.02938736602663994,-0.8980295062065125,0.22152526676654816,0.11409710347652435,0.5921584963798523,0.31858357787132263,0.05708279460668564,0.7985014915466309,0.07178054749965668,-0.017064988613128662,-0.41677308082580566,0.0013066544197499752,-0.32209983468055725,0.4061192572116852,0.3412819504737854,-0.7425405979156494,0.008549069985747337,-0.1293405145406723,0.004634696990251541,-0.08930353820323944,0.03878233581781387,-0.1199057549238205,-0.08396053314208984,-0.020718106999993324,-0.28692102432250977,-0.0901726707816124,0.15987780690193176,-0.08905526995658875,-0.6167939305305481,0.10571924597024918,0.13717179000377655,0.03461728245019913,-0.46838754415512085,0.2431497573852539,-0.21831774711608887,0.7221927046775818,0.14020219445228577,0.06630506366491318,0.09795095026493073,0.037289176136255264,-0.0894036740064621,0.5481601357460022,-0.47826433181762695,0.05319055914878845,-0.11666528135538101,-0.2957540452480316,0.18269312381744385,-0.28676819801330566,0.41023650765419006,-0.3619828522205353,-0.1581772267818451,0.0798339992761612,0.08292744308710098,0.028873538598418236,-0.025698667392134666,0.33023348450660706,-0.12666696310043335,-0.103365957736969,0.24702546000480652,-0.6555572748184204,-0.39861392974853516,0.391720175743103,0.4826872944831848,0.14325112104415894,0.9526537656784058,0.2550898492336273,0.05128328874707222,0.32757696509361267,0.0354357585310936,0.11251360177993774,-0.353465735912323,0.1550949364900589,0.32692116498947144,-0.08889637887477875,-0.19729986786842346,-0.4735840857028961,0.100703164935112,-0.03737863898277283,-0.14502805471420288,0.6725995540618896,0.037152938544750214,-0.8146368265151978,-0.8969752192497253,0.8200623393058777,-0.38951221108436584,0.038296230137348175,0.11344645917415619,-0.2885303497314453,-0.1447843760251999,-0.22407427430152893,0.2105971872806549,-1.0333460569381714,-0.1469525247812271,-0.4359561800956726,-0.20460005104541779,-0.24670210480690002,-0.12084256112575531,0.18015380203723907,-0.358734130859375,-0.28413137793540955,-0.18504159152507782,0.11268806457519531,-0.27813097834587097,-0.682193398475647,0.0484200082719326,0.4849804937839508,0.046376246958971024,0.5617713928222656,0.052969932556152344,0.4314308166503906,-0.18014788627624512,-0.22912518680095673,0.5377840399742126,0.06323885917663574,-0.5777776837348938,-0.10640187561511993,-0.3099740147590637,-0.12642456591129303,-0.03901716321706772,-0.4338954985141754,0.8041202425956726,-0.13834138214588165,-0.276856005191803,-0.095395527780056,-0.11830166727304459,-0.05453750491142273,0.020996276289224625,0.18356230854988098,0.1137244924902916,0.38990217447280884,0.007839243859052658,0.13433881103992462,-0.07685177028179169,-0.35391339659690857,-0.22539134323596954,-0.22577115893363953,0.15152668952941895,0.17407388985157013,0.0644603744149208,-0.4026622772216797,-0.10880504548549652,0.030148491263389587,-0.2837318778038025,0.6138448715209961,0.18665146827697754,-0.15203909575939178,-0.22696121037006378,-0.15910175442695618,-0.10639605671167374,0.01032966934144497,-0.26347383856773376,0.11691564321517944,-0.09089545905590057,-0.15758733451366425,-0.019879663363099098,-0.07201729714870453,-1.159712314605713,0.05113986134529114,0.12504541873931885,0.04643449932336807,0.3724035918712616,0.053507428616285324,-0.21994838118553162,-0.704605221748352,0.2756194472312927,0.134128600358963,0.12839093804359436,-0.18174205720424652,0.02063921093940735,0.6088749170303345,-0.459723562002182,0.10218660533428192,-0.39396366477012634,-0.22594475746154785,-0.241846963763237,0.22089263796806335,0.16256284713745117,-0.06743015348911285,0.3708873987197876,0.36757761240005493,0.11901035159826279,-0.06213004142045975,-0.17596448957920074,0.4468212127685547,-0.09437517821788788
CID000002375,161,0.032667893916368484,-0.2255520522594452,-0.44496187567710876,-0.036779142916202545,0.35284388065338135,-0.2402844876050949,-0.05667007714509964,-0.35128822922706604,-0.2215975970029831,0.1278184950351715,0.38973018527030945,0.027174795046448708,-0.039284203201532364,-0.06554107367992401,-0.038857780396938324,0.3058698773384094,0.415043443441391,0.02022908441722393,-0.17814907431602478,0.12167324125766754,-0.15758787095546722,-0.016383226960897446,0.5419573783874512,0.02905714139342308,-0.31225916743278503,-0.6770727634429932,-0.37507015466690063,-0.08369965851306915,0.20183801651000977,0.19063489139080048,0.44357800483703613,0.07443147897720337,-0.09160842001438141,0.35897451639175415,-0.23696129024028778,0.0575287863612175,0.6143751740455627,-0.10384589433670044,0.021199118345975876,0.04836144298315048,-0.15739114582538605,0.45680347084999084,-0.4256775975227356,0.020997697487473488,-0.0036699995398521423,0.20029592514038086,0.5936141014099121,-0.029921218752861023,-0.6037832498550415,-0.06865368038415909,-0.36630091071128845,0.20510467886924744,0.31353455781936646,-0.2222995012998581,0.08992305397987366,-0.3793103098869324,-0.22649498283863068,0.512260913848877,-0.06886281818151474,-0.07110054790973663,0.10667736828327179,-0.23107020556926727,0.04811146855354309,0.6606987118721008,0.11870262771844864,0.11851296573877335,-0.19874019920825958,-0.06746702641248703,-0.048267729580402374,0.08630738407373428,-0.7153110504150391,0.12112195789813995,-0.48726338148117065,0.49284476041793823,-0.03109889104962349,0.2901023030281067,0.39203158020973206,0.32551121711730957,0.4468063414096832,-0.062334559857845306,-0.1065417155623436,-0.1589808613061905,0.020354654639959335,-0.058200497180223465,0.18470944464206696,0.3564378321170807,-0.10076012462377548,-0.05610557645559311,-0.14472733438014984,0.1322631984949112,-0.14518626034259796,-0.027975007891654968,0.002055713441222906,0.06948482245206833,0.13241292536258698,-0.13245424628257751,-0.2696087658405304,0.2625381648540497,0.0064362348057329655,-0.5156575441360474,-0.03202591463923454,-0.1196913868188858,0.10480821132659912,-0.025590240955352783,0.20334844291210175,-0.1323445439338684,0.7235298156738281,0.12752367556095123,0.1737048327922821,-0.12383252382278442,-0.1353277564048767,0.10898105055093765,0.27776986360549927,-0.05162952095270157,0.2093292474746704,-0.22571036219596863,-0.31187763810157776,0.04062599688768387,-0.18120010197162628,-0.04118064045906067,-0.10654113441705704,-0.3376072347164154,-0.003193201031535864,0.06709380447864532,-0.08110420405864716,0.1696399301290512,0.1900596171617508,0.054537784308195114,-0.24595873057842255,0.22853000462055206,-0.6134217977523804,-0.14247214794158936,0.3803146481513977,0.304426372051239,0.12728337943553925,0.689687967300415,0.12739786505699158,-0.21832795441150665,0.24433431029319763,-0.08778859674930573,-0.2011660635471344,-0.2445361614227295,0.14281527698040009,0.35556262731552124,0.19970615208148956,-0.07585714012384415,-0.3209979832172394,-0.11176183074712753,0.04192742332816124,-0.02140064910054207,0.18104255199432373,-0.06824220716953278,-0.5422132611274719,-0.5552939772605896,0.4172423481941223,-0.26865342259407043,0.17447614669799805,-0.21669046580791473,-0.3679776191711426,-0.058803338557481766,-0.11473361402750015,-0.09372834116220474,-0.7088350057601929,0.025193730369210243,-0.4440525472164154,0.022229274734854698,-0.06399799138307571,-0.0940847247838974,0.5026978254318237,-0.5540835857391357,-0.10651998221874237,-0.1983949840068817,-0.09754633158445358,-0.17548377811908722,-0.489751398563385,-0.08171022683382034,0.31683847308158875,0.1800159513950348,0.5472904443740845,-0.1428479254245758,0.7658818960189819,-0.20331180095672607,-0.0659928023815155,0.14231352508068085,-0.11194579303264618,-0.44783028960227966,-0.07120374590158463,-0.3274627923965454,0.11973778903484344,-0.05066143721342087,-0.45964449644088745,0.8254541158676147,-0.04575299099087715,-0.4203776717185974,0.07435649633407593,-0.08276344835758209,-0.1372879445552826,0.08803163468837738,0.2716248631477356,-0.08097314089536667,0.35208582878112793,0.40224629640579224,-0.08426937460899353,0.0923834964632988,-0.4764096140861511,-0.4323600232601166,-0.1801588088274002,0.02464660070836544,0.05789991468191147,-0.16598467528820038,0.0533614456653595,0.04683796688914299,0.08015253394842148,-0.2016545981168747,0.7832469344139099,-0.06827394664287567,-0.1712358295917511,-0.2831006646156311,0.014115649275481701,0.1938679963350296,0.29571467638015747,0.015421140007674694,0.18350648880004883,-0.16598066687583923,-0.009010744281113148,0.09652325510978699,0.08831962198019028,-0.6296932101249695,-0.29084351658821106,-0.07183632254600525,-0.05684864521026611,0.11951391398906708,0.16354849934577942,-0.3331845700740814,-0.4620794653892517,0.3050524592399597,0.08409994840621948,-0.20198650658130646,0.013861417770385742,-0.18202444911003113,0.2911005914211273,-0.38941293954849243,-0.07416626065969467,-0.20962457358837128,0.014795690774917603,-0.22684507071971893,-0.021909484639763832,0.00894213654100895,-0.005795404314994812,0.30542871356010437,0.007587258704006672,0.05071820691227913,0.12819141149520874,-0.18265093863010406,0.1355178952217102,-0.012287437915802002
CID006398525,162,0.06284210830926895,0.17913933098316193,-0.4873879849910736,0.1553725004196167,0.15121965110301971,-0.10267961025238037,-0.020008515566587448,-0.6101064085960388,0.01531586330384016,0.08629273623228073,0.15430237352848053,0.29948124289512634,-0.06547444313764572,-0.08364786207675934,-0.013122303411364555,0.020663827657699585,0.23668868839740753,0.09714453667402267,-0.19307072460651398,-0.1506681591272354,-0.22231730818748474,-0.04004295542836189,0.16813698410987854,0.1929859071969986,-0.6798496842384338,-0.6593133211135864,0.0028522550128400326,-0.11268498003482819,-0.13736248016357422,-0.2198362648487091,0.8259579539299011,0.01951374113559723,-0.0018756464123725891,0.0846257209777832,-0.23307660222053528,0.2312353104352951,0.996021568775177,-0.14795123040676117,-0.22813823819160461,-0.06194350868463516,-0.11283855140209198,0.4550822675228119,-0.18518303334712982,0.1633863002061844,0.09894154965877533,-0.10476294904947281,0.5408923625946045,0.01631423458456993,-0.25358694791793823,-0.06584830582141876,-0.782139003276825,0.22138667106628418,0.23682188987731934,-0.12101510912179947,0.42462357878685,-0.13711245357990265,-0.18962565064430237,0.30103275179862976,-0.13569003343582153,-0.028156915679574013,-0.23640629649162292,-0.029437119141221046,0.1275690346956253,0.9801614880561829,-0.057011354714632034,0.48943430185317993,-0.17406417429447174,0.06485585123300552,-0.16035641729831696,0.07214988023042679,-0.8326336741447449,-0.007114998064935207,-0.4373995363712311,0.359656423330307,0.07611696422100067,0.6387633681297302,0.38448578119277954,0.19674649834632874,0.8562755584716797,0.05642864108085632,0.043138597160577774,-0.16910919547080994,0.19748739898204803,-0.022441137582063675,0.14063134789466858,0.23009660840034485,-0.22252027690410614,-0.17806220054626465,-0.11193766444921494,-0.08548665046691895,-0.15602071583271027,-0.05296889692544937,-0.06803598999977112,0.138218492269516,-0.07291680574417114,0.09828777611255646,-0.2376387119293213,0.4699097275733948,0.05004936456680298,-0.8289987444877625,-0.29398247599601746,-0.04781673848628998,0.23433522880077362,-0.12412726879119873,0.045664235949516296,-0.15150026977062225,0.7798987627029419,-0.03797728940844536,0.29476121068000793,0.08351681381464005,-0.08565722405910492,-0.09231521189212799,0.12273762375116348,-0.7218307256698608,0.01696815714240074,-0.3510661721229553,-0.03256790712475777,-0.19079753756523132,-0.060072898864746094,0.4510990083217621,-0.12740382552146912,-0.22029156982898712,0.27495986223220825,0.162715345621109,0.1804613620042801,-0.00560334324836731,0.006472730543464422,-0.0333876833319664,-0.2259945571422577,-0.04679114371538162,-0.6663364768028259,-0.3554317355155945,0.20772810280323029,0.22254669666290283,-0.04689893499016762,0.7363425493240356,-0.0463167242705822,-0.3537989854812622,0.10096876323223114,-0.0719078928232193,0.006342568900436163,-0.0583009347319603,-0.11986042559146881,0.07007598131895065,0.14372925460338593,-0.05559122562408447,-0.24405591189861298,0.07862992584705353,0.12559108436107635,-0.1435547173023224,0.8559991121292114,-0.032545607537031174,-0.4834556579589844,-0.6200453042984009,0.6310860514640808,-0.0764070525765419,0.12153825908899307,0.09373430162668228,-0.3434506058692932,-0.0875205472111702,0.019422078505158424,0.3588603138923645,-0.6143311858177185,0.21250522136688232,-0.2504767179489136,-0.0498088002204895,0.02085251361131668,-0.008717505261301994,0.5851427316665649,-0.4202573299407959,-0.17232508957386017,-0.1597229540348053,-0.22402556240558624,0.11816819757223129,-0.4264233112335205,0.01261780597269535,0.6646195650100708,0.003201547311618924,0.4572678208351135,0.06699363887310028,0.36785390973091125,-0.13312271237373352,-0.37155669927597046,0.564874529838562,-0.18403711915016174,-0.6969510316848755,-0.17462125420570374,-0.023237604647874832,-0.49033746123313904,0.0422627255320549,-0.3758830428123474,0.6198858618736267,0.06416021287441254,-0.20400890707969666,0.01912880875170231,0.010644917376339436,-0.011567145586013794,0.04592473804950714,0.31530752778053284,-0.12032397836446762,0.3787432014942169,0.2278887927532196,-0.11930356919765472,-0.13718892633914948,-0.37429648637771606,0.04717009514570236,-0.22862842679023743,0.13641376793384552,-0.2067527323961258,-0.056273482739925385,0.1119621992111206,0.09350050985813141,0.0853092223405838,-0.21211878955364227,0.6222847104072571,-0.014801415614783764,-0.19511476159095764,0.0639757290482521,0.07440485060214996,0.21683934330940247,-0.0903511717915535,0.1748645007610321,0.1341574341058731,-0.36231040954589844,-0.23944759368896484,0.33477625250816345,-0.12351242452859879,-0.636446475982666,-0.2923010289669037,0.03934910148382187,-0.033357877284288406,-0.0002570897340774536,-0.02459288202226162,-0.18591268360614777,-0.5514276027679443,0.07742786407470703,0.21385371685028076,0.02929016388952732,-0.11333973705768585,-0.004537337925285101,0.7768037915229797,-0.31968897581100464,-0.017351673915982246,-0.347757488489151,-0.4242784082889557,-0.5654278993606567,-0.10991837084293365,0.3502892255783081,-0.12368080765008926,0.21507200598716736,0.35730883479118347,0.23575779795646667,-0.10303859412670135,0.11925800889730453,0.1439148634672165,-0.07206946611404419
CID000002801,163,0.13509291410446167,-0.3856605887413025,-0.5083612203598022,-0.0828883945941925,0.46046680212020874,-0.059856753796339035,0.14095452427864075,-0.4723796844482422,-0.2573654055595398,0.1833740770816803,0.21858246624469757,-0.18559597432613373,-0.26729339361190796,-0.14313915371894836,0.04101094603538513,0.30325832962989807,0.42542099952697754,-0.06182945519685745,-0.41740503907203674,0.2745271325111389,-0.2869717478752136,-0.08870372921228409,0.5053732395172119,0.017681648954749107,-0.2844880223274231,-0.5554694533348083,-0.327350378036499,-0.3780730664730072,0.3731945753097534,-0.17820897698402405,0.6786690950393677,0.07243387401103973,-0.1256837397813797,0.07690247148275375,-0.5591473579406738,0.143514022231102,0.6112502813339233,-0.134505495429039,0.03403244540095329,0.18088582158088684,-0.38288265466690063,0.4705759584903717,-0.4694608151912689,-0.12000580132007599,0.038026001304388046,0.16119295358657837,0.7509117126464844,-0.048157818615436554,-0.6384103894233704,-0.04779718816280365,-0.41528502106666565,0.2002430409193039,0.22197315096855164,-0.35300952196121216,-0.22975745797157288,-0.36907893419265747,-0.17910531163215637,0.8098967671394348,0.27022451162338257,-0.14575396478176117,0.16778352856636047,0.00042468588799238205,-0.26585060358047485,0.8982349634170532,-0.025282585993409157,0.20960144698619843,-0.290271133184433,-0.11972402036190033,0.11180124431848526,0.012131254188716412,-0.7368711233139038,-0.1758521944284439,-0.5389857888221741,0.20306256413459778,0.07019398361444473,0.2940369248390198,0.3900381922721863,0.1386082023382187,0.4098096489906311,-0.11056673526763916,-0.1313103437423706,-0.06003506854176521,-0.21705710887908936,0.09808763861656189,0.12297309935092926,0.26547515392303467,-0.6248936653137207,-0.15262112021446228,0.12692350149154663,-0.03844141215085983,-0.22118711471557617,-0.063374362885952,0.09973517060279846,0.07446448504924774,0.24339476227760315,-0.16832034289836884,-0.17878134548664093,0.36843591928482056,0.03465764969587326,-0.4452744126319885,-0.2378479242324829,-0.11455179750919342,0.054415248334407806,0.08816669136285782,0.1665268838405609,-0.3610720634460449,0.7476937770843506,-0.01179000549018383,0.01654019206762314,-0.0680004358291626,-0.06799956411123276,0.16287624835968018,0.546390950679779,-0.26292234659194946,0.08647685497999191,-0.1447746306657791,-0.2566034495830536,0.029466498643159866,-0.27697545289993286,0.27381786704063416,0.0469849519431591,-0.254103422164917,-0.11639247089624405,0.12704750895500183,0.05873539298772812,0.2145819365978241,0.2876906991004944,-0.099587082862854,-0.23990854620933533,0.3886251151561737,-0.7296297550201416,0.04882171005010605,0.32675495743751526,0.17366310954093933,0.004268923308700323,0.7467061281204224,0.0011188474018126726,-0.32240810990333557,0.12317516654729843,-0.1005464643239975,-0.0979749783873558,-0.23696871101856232,0.11507523059844971,0.2095564603805542,0.16914890706539154,0.1643516570329666,-0.610326886177063,0.17470614612102509,0.14555545151233673,-0.09889641404151917,0.43293142318725586,-0.1629554033279419,-0.911719799041748,-1.1512548923492432,0.4738292694091797,-0.4388691484928131,-0.22648878395557404,0.008916628547012806,-0.4359363913536072,-0.18016240000724792,0.02738014981150627,-0.02998068928718567,-0.6452409029006958,0.04644506797194481,-0.49249035120010376,-0.10430324077606201,0.08031483739614487,-0.24528321623802185,0.3356882929801941,-0.5758781433105469,0.06202833727002144,-0.2750411927700043,0.028461644425988197,-0.20938995480537415,-0.7947896122932434,0.014178420417010784,0.5107075572013855,0.021920761093497276,0.5309303402900696,-0.09324946254491806,0.899350643157959,-0.16919048130512238,0.19401180744171143,0.1510629951953888,0.04097149521112442,-0.4131152629852295,0.06362781673669815,-0.41047683358192444,0.19783587753772736,0.06465965509414673,-0.7362735867500305,0.7005099058151245,0.13433526456356049,-0.302799791097641,-0.12563201785087585,-0.044289056211709976,-0.04219836741685867,0.08851338177919388,0.28187260031700134,0.17614486813545227,0.41814541816711426,0.18336118757724762,-0.1015050858259201,0.08990176767110825,-0.5181601643562317,-0.4141436517238617,-0.18986332416534424,0.015416641719639301,0.139093279838562,-0.28380972146987915,0.07928170263767242,0.015457098372280598,0.07289998233318329,-0.2916802763938904,0.6413472890853882,0.11831644922494888,0.06630107760429382,-0.03062797524034977,0.06927692890167236,0.22919419407844543,0.2983149588108063,0.20955297350883484,0.35758915543556213,-0.1188928633928299,0.11010098457336426,0.38426831364631653,0.00620113592594862,-1.078664779663086,-0.24869012832641602,-0.14617100358009338,-0.048515815287828445,0.04109009727835655,0.09306472539901733,-0.32305726408958435,-0.5317440032958984,0.3341112732887268,-0.07695586234331131,-0.131035715341568,0.014639073982834816,-0.2640102803707123,0.33584392070770264,-0.4171299338340759,0.0005280047771520913,-0.06623778492212296,-0.027964334934949875,-0.30779746174812317,0.12766660749912262,0.12875911593437195,0.12654203176498413,0.2660437226295471,0.09614326059818268,0.06133819743990898,0.06366263329982758,-0.20314212143421173,0.21896600723266602,0.15218880772590637
CID005311297,164,0.07425530254840851,-0.37201884388923645,-0.5135526061058044,-0.05380035191774368,0.39354345202445984,-0.15654177963733673,-0.12495160102844238,-0.4532087743282318,-0.33940964937210083,0.13930824398994446,0.34113720059394836,0.11187086999416351,-0.0530538335442543,-0.1869739145040512,-0.12748752534389496,0.2583373785018921,0.438882052898407,0.050386179238557816,-0.26142197847366333,0.08119255304336548,-0.27395346760749817,-0.005369967315346003,0.5073038339614868,-0.006673905067145824,-0.5732467770576477,-0.8346004486083984,-0.5178425312042236,-0.020151287317276,0.1624041497707367,0.03550233691930771,0.7799062728881836,-0.01525463443249464,-0.03485632315278053,0.2553256154060364,-0.4572269320487976,0.02833433821797371,0.5290175676345825,-0.26863113045692444,0.03876388445496559,0.11907295882701874,-0.4188774526119232,0.5534738302230835,-0.28089606761932373,-0.033011019229888916,-0.13648279011249542,-0.013766666874289513,0.630170464515686,0.06262542307376862,-0.4063047766685486,-0.06237480789422989,-0.6413074135780334,0.14428594708442688,0.27566099166870117,-0.06875158846378326,0.2854922413825989,-0.4208894371986389,-0.035943858325481415,0.7066463232040405,0.017787326127290726,-0.11726965755224228,-0.0854492336511612,-0.24162378907203674,0.12341215461492538,0.7776177525520325,0.2876378893852234,0.08948643505573273,-0.09259660542011261,-0.15659883618354797,-0.11489512771368027,0.21743126213550568,-0.8285484313964844,0.18097904324531555,-0.5780173540115356,0.4611218571662903,-0.14495043456554413,0.24199573695659637,0.5175660848617554,0.2633890211582184,0.8005102276802063,0.060739196836948395,0.13599061965942383,-0.2543579936027527,0.06485950946807861,-0.12605570256710052,0.17379286885261536,0.3854984641075134,-0.19209793210029602,-0.040702659636735916,-0.09277535229921341,-0.01880618929862976,0.011131116189062595,-0.07498292624950409,-0.04169027879834175,0.1930396854877472,0.1292041838169098,-0.2304568588733673,-0.02497396431863308,0.2820930778980255,-0.0604296438395977,-0.6598101854324341,-0.04965116083621979,-0.20171025395393372,0.2397502213716507,0.11128606647253036,0.27223965525627136,-0.14638939499855042,0.6715236902236938,0.04814961925148964,0.276632159948349,-0.009038163349032402,-0.05696425586938858,0.12623843550682068,0.42616575956344604,-0.1780187338590622,0.2569839060306549,-0.15622630715370178,-0.4271033704280853,0.10654792934656143,-0.2237122803926468,-0.05770749971270561,-0.4030068814754486,-0.2931672930717468,0.0752224251627922,0.0817032977938652,-0.2356400489807129,0.12208698689937592,0.28658542037010193,0.17193260788917542,-0.29382044076919556,0.3579555153846741,-0.8671011924743652,-0.10825864970684052,0.43945175409317017,0.15851470828056335,0.027435779571533203,0.8609827160835266,0.16379457712173462,-0.10520292818546295,0.13423706591129303,-0.02626514993607998,-0.23071256279945374,-0.28269997239112854,0.05211027339100838,0.39657026529312134,0.1357572376728058,-0.11647583544254303,-0.40416043996810913,0.05732221528887749,0.057241011410951614,-0.17637094855308533,0.290739506483078,-0.08175733685493469,-0.7580611109733582,-0.8723374605178833,0.3352912962436676,-0.15783271193504333,0.17534686625003815,-0.12692365050315857,-0.47704944014549255,0.03597236052155495,-0.2855774760246277,-0.05751214548945427,-0.8016220927238464,-0.012599034234881401,-0.5069273710250854,-0.04575880244374275,-0.055015869438648224,-0.23445720970630646,0.48061782121658325,-0.5372689962387085,-0.0955931544303894,-0.2887485921382904,-0.08454074710607529,-0.1618226021528244,-0.466557115316391,-0.10687468945980072,0.5905792117118835,0.22847799956798553,0.469458669424057,0.14203962683677673,0.6552316546440125,-0.24834251403808594,-0.21457314491271973,0.44271212816238403,0.04155583307147026,-0.44307082891464233,0.07515332847833633,-0.22698423266410828,0.03959951549768448,-0.1442757546901703,-0.3965034484863281,0.8211641311645508,-0.17152372002601624,-0.3714637756347656,0.05512373521924019,-0.08733353018760681,-0.04271730035543442,-0.08147318661212921,0.37574341893196106,-0.14290456473827362,0.4978002607822418,0.42258328199386597,-0.29336613416671753,0.3178409934043884,-0.4509442448616028,-0.36018845438957214,-0.08332059532403946,0.09721924364566803,-0.20962314307689667,-0.0506187304854393,0.1807919442653656,-0.07836697995662689,-0.06988601386547089,-0.19037124514579773,0.9301088452339172,0.04285237938165665,-0.13786661624908447,-0.17555522918701172,-0.13827723264694214,0.095597043633461,0.16435661911964417,0.10060133785009384,0.13760988414287567,-0.0658472403883934,0.2227066308259964,0.06537973880767822,0.17707359790802002,-0.8907089233398438,-0.33907538652420044,-0.15744593739509583,-0.1397794485092163,0.10995958745479584,0.2817050814628601,-0.3548218011856079,-0.6658453345298767,0.4593598246574402,0.07690981775522232,-0.09252871572971344,0.01935438998043537,0.007650840096175671,0.4154120087623596,-0.3743939697742462,0.00960872508585453,-0.23009410500526428,-0.04275958612561226,-0.3552231788635254,0.009937417693436146,-0.0190192349255085,-0.14135679602622986,0.30030831694602966,0.04286767542362213,0.09914690256118774,0.2910568118095398,-0.16170044243335724,0.2368057519197464,-0.14186862111091614
CID000005645,165,0.333839476108551,-0.3047228455543518,-0.490226686000824,0.17459841072559357,0.5376148223876953,-0.19808164238929749,0.016878236085176468,-0.19064520299434662,0.017632756382226944,-0.14024889469146729,0.3356609344482422,0.003644973738119006,-0.15606625378131866,-0.13730284571647644,0.0563199408352375,0.06830627471208572,0.1749710589647293,0.03355548158288002,-0.3348303437232971,0.07722824811935425,-0.041049085557460785,0.2627015709877014,0.3709661364555359,0.08723635971546173,-0.3893125653266907,-0.8703867197036743,-0.36019277572631836,-0.3059754967689514,0.4081197679042816,-0.1508418619632721,0.685456395149231,0.14112992584705353,-0.0483626089990139,0.3888380825519562,-0.519130289554596,0.2525171637535095,0.4158781170845032,-0.19099536538124084,8.794628229225054e-05,0.18424417078495026,-0.4808593690395355,0.13838854432106018,-0.15004004538059235,-0.1078331470489502,0.02585199475288391,-0.112764872610569,0.599766731262207,-0.2757345139980316,-0.3172668516635895,0.02115812338888645,-0.7377312779426575,-0.04885721951723099,0.5500815510749817,-0.12923087179660797,0.42670130729675293,-0.24678726494312286,-0.1589805632829666,0.5202911496162415,0.17274627089500427,0.20294122397899628,0.14090844988822937,8.983015868579969e-05,0.2503921687602997,0.8905258178710938,0.35325396060943604,0.3352810740470886,-0.13479816913604736,0.07479019463062286,-0.03481563925743103,-0.0192763302475214,-0.7060872316360474,0.07018706202507019,-0.8239852786064148,0.2627038359642029,0.13753971457481384,0.22505879402160645,0.4021918773651123,0.20157435536384583,0.570393443107605,0.1642419695854187,-0.1753152310848236,-0.13194605708122253,-0.08930237591266632,0.08869116753339767,-0.1863684505224228,0.178481787443161,-0.36055055260658264,-0.17056047916412354,0.0348469540476799,0.03499136120080948,-0.12315952777862549,-0.12090972810983658,-0.26141026616096497,-0.056933484971523285,0.011533373966813087,-0.3242940306663513,-0.09985057264566422,0.3211567997932434,0.12470375001430511,-0.6856347322463989,0.06674619019031525,-0.13310973346233368,0.1893511712551117,-0.18729642033576965,0.15444348752498627,-0.17517387866973877,0.8212634325027466,-0.051492054015398026,0.19741949439048767,-0.019031573086977005,-0.17263919115066528,-0.16785624623298645,0.39438992738723755,-0.6168869137763977,0.2191212922334671,-0.1030203104019165,-0.3484017550945282,0.3746947646141052,-0.20298194885253906,0.09207195788621902,-0.16791847348213196,-0.3050159513950348,0.10822679847478867,0.1764216423034668,0.1393955647945404,0.11500144004821777,0.4442380964756012,0.12945738434791565,-0.26111119985580444,0.3149760365486145,-0.9306305646896362,-0.25606682896614075,0.5097197890281677,0.12613490223884583,-0.07285425066947937,1.2315428256988525,0.1838514804840088,-0.1684217005968094,0.2815804183483124,0.08856785297393799,-0.14731831848621368,-0.3058486878871918,0.17309288680553436,0.13508005440235138,0.144205242395401,0.0790637880563736,-0.37895870208740234,0.07500853389501572,-0.017548609524965286,0.19296985864639282,0.4640495777130127,0.021878397092223167,-0.6247435808181763,-0.758482813835144,0.7029899954795837,-0.47346025705337524,-0.2547706067562103,0.0940077006816864,-0.41137829422950745,-0.09621089696884155,-0.10172715038061142,0.4829579293727875,-0.5784732103347778,0.23857423663139343,-0.37601661682128906,0.03781954571604729,0.1584041267633438,-0.32828816771507263,0.3050021529197693,-0.48587146401405334,-0.4164816737174988,-0.012454562820494175,-0.2360367774963379,-0.018996240571141243,-0.599524974822998,-0.4516943097114563,0.35518959164619446,0.03200184553861618,0.4734688699245453,0.2894213795661926,0.33734771609306335,-0.053274549543857574,-0.4369540810585022,0.5429419279098511,0.06441725790500641,-0.445610374212265,0.05584459379315376,0.09780727326869965,-0.3439783453941345,0.04549292474985123,-0.32605037093162537,0.8707305788993835,-0.17458900809288025,-0.3728734850883484,-0.04809240251779556,0.03508324921131134,-0.057326823472976685,0.11555375903844833,0.4275668263435364,-0.15149955451488495,0.13960538804531097,0.17717412114143372,-0.0010723717277869582,0.4147350788116455,-0.46946048736572266,0.007188308052718639,-0.2211240530014038,-0.1123785525560379,-0.017702359706163406,-0.21807880699634552,-0.06995532661676407,-0.09136125445365906,-0.4290132522583008,-0.18726718425750732,0.5533019304275513,0.1867016851902008,0.3124837279319763,-0.24276652932167053,-0.026343081146478653,0.2915591597557068,0.19201400876045227,-0.011331622488796711,0.031960491091012955,0.025544095784425735,-0.03186541050672531,0.1956792175769806,-0.09481450170278549,-0.8903287649154663,-0.0848853662610054,0.11349113285541534,0.018747776746749878,0.13977864384651184,0.09341273456811905,-0.21666038036346436,-0.7771031856536865,0.005380363203585148,-0.056850604712963104,0.006266115698963404,0.15247352421283722,0.002120244549587369,0.6457480192184448,-0.3164948523044586,-0.09608076512813568,-0.21393942832946777,-0.13287559151649475,-0.1742197871208191,0.026799609884619713,0.10202594101428986,-0.06472208350896835,0.23691484332084656,0.14868398010730743,0.14200381934642792,-0.14738130569458008,-0.3026176393032074,0.37143391370773315,-0.1254403293132782
CID000060831,166,0.27820736169815063,-0.2703939974308014,-0.6898149847984314,0.0960349291563034,0.3983556926250458,0.053545452654361725,0.0674421638250351,-1.127272367477417,0.01860969327390194,-0.018110673874616623,0.5670111775398254,-0.012587112374603748,0.027241390198469162,-0.17889001965522766,-0.35910874605178833,0.4316696524620056,0.15581126511096954,-0.06540708243846893,-0.4037320613861084,-0.0660276859998703,-0.11600513756275177,0.014567798003554344,0.43394970893859863,-0.021669289097189903,-0.7515520453453064,-0.8028543591499329,-0.1983300894498825,-0.18506018817424774,-0.05473516136407852,-0.2989846467971802,0.9356299638748169,0.015892673283815384,-0.06099240854382515,0.2226809710264206,-0.2238558828830719,0.0552859790623188,0.2670518457889557,-0.162797212600708,-0.16577857732772827,-0.057891540229320526,-0.5336602926254272,0.31718572974205017,-0.22771663963794708,-0.05476134270429611,-0.12321121990680695,0.11375932395458221,0.6646111011505127,-0.2254009246826172,-0.6233999729156494,0.04924583435058594,-0.6020750999450684,0.5959188342094421,0.541560709476471,0.10406132787466049,0.17323938012123108,-0.2245418280363083,-0.11828607320785522,0.603598952293396,-0.21869690716266632,0.15554764866828918,0.1568104326725006,-0.48116111755371094,-0.03506513684988022,1.1274888515472412,0.1332687884569168,0.4837116301059723,0.07964055985212326,-0.002286942210048437,-0.020452704280614853,0.07864680886268616,-0.9786421656608582,0.02191184088587761,-0.3860999643802643,0.4014158844947815,0.05710233002901077,0.633592426776886,0.18717411160469055,0.2501683831214905,0.45953625440597534,-0.032591331750154495,-0.08260681480169296,-0.25685423612594604,-0.20528331398963928,0.0005739390617236495,0.2941349148750305,0.3222426176071167,-0.5301691889762878,-0.005701911635696888,-0.01067932229489088,-0.22553396224975586,-0.1564105749130249,-0.08590522408485413,-0.2921604514122009,0.005626976490020752,0.03553645685315132,-0.34947383403778076,-0.27909356355667114,0.2511028051376343,0.09648998826742172,-0.7410496473312378,-0.015861917287111282,-0.09735391288995743,0.12752476334571838,-0.20131225883960724,-0.11428713798522949,-0.13690990209579468,0.6632649898529053,-0.027760077267885208,0.032531190663576126,0.06690733134746552,-0.0523260161280632,0.0844230204820633,0.38904231786727905,-0.5225337743759155,0.1438690721988678,-0.3847643733024597,-0.1050855964422226,-0.016468595713377,-0.13802602887153625,0.11693048477172852,-0.20542128384113312,-0.18086524307727814,0.2605077922344208,0.11985313892364502,-0.1645173579454422,0.013185804709792137,0.22843191027641296,-0.020238589495420456,-0.25799617171287537,0.40840521454811096,-0.8640023469924927,0.02747063711285591,0.4288472533226013,0.1634095013141632,-0.13238798081874847,0.5676376223564148,0.03036688268184662,-0.08770841360092163,0.37218719720840454,0.11892069876194,-0.15379640460014343,-0.19179624319076538,0.016144979745149612,0.40896257758140564,0.17232264578342438,-0.02116880752146244,-0.40966516733169556,0.3992335796356201,0.06565149128437042,0.049881719052791595,0.6847041845321655,-0.04472275823354721,-0.5745994448661804,-0.7265204787254333,0.6279754638671875,-0.14590248465538025,0.18530166149139404,0.1401032954454422,-0.38310226798057556,-0.13027551770210266,0.10076165199279785,0.11800584942102432,-0.9087344408035278,0.23486539721488953,-0.484607994556427,0.053421638906002045,0.002623343374580145,-0.12471326440572739,0.38094738125801086,-0.5615111589431763,-0.1958138644695282,-0.23380324244499207,-0.13309520483016968,-0.18134789168834686,-0.7570518255233765,-0.44030624628067017,0.5824559926986694,0.09413773566484451,0.6691694259643555,-0.3362773060798645,0.5217710733413696,-0.2798563241958618,-0.20400777459144592,0.7030381560325623,-0.045415498316287994,-0.6589733362197876,-0.2566925287246704,-0.0636030063033104,0.005176397506147623,-0.2549157738685608,-0.5330203771591187,0.8077842593193054,-0.15250036120414734,-0.32735344767570496,-0.01127835176885128,-0.054493993520736694,-0.19384291768074036,-0.18572206795215607,0.08889622241258621,0.043986186385154724,0.5674639344215393,0.3149535059928894,-0.011409489437937737,0.00969226099550724,-0.6876939535140991,-0.16323526203632355,-0.38160189986228943,-0.18961288034915924,0.15406706929206848,-0.06336411833763123,0.008163267746567726,-0.007905011996626854,0.11836361885070801,-0.24075622856616974,0.6658623814582825,0.02444852888584137,-0.005356976296752691,0.16677266359329224,-0.0038490057922899723,0.12751969695091248,0.3138962984085083,0.10190799087285995,0.3220675587654114,0.1894831359386444,-0.25268471240997314,0.16733816266059875,0.18018165230751038,-0.8491727709770203,-0.1616501361131668,-0.0789581760764122,-0.05052564665675163,0.1486467719078064,0.0948374792933464,-0.2854461669921875,-0.6885116100311279,0.24930305778980255,0.0641070082783699,-0.1888197809457779,-0.007037629839032888,-0.07044452428817749,0.9517480134963989,-0.3845230042934418,-0.0486418791115284,-0.4793103337287903,-0.13422711193561554,-0.5356793999671936,-0.060274429619312286,0.11507464945316315,-0.134013831615448,0.22488272190093994,0.16537457704544067,-0.031134789809584618,0.08728516846895218,-0.08137806504964828,0.13240663707256317,-0.025455927476286888
CID000002609,167,-0.12734079360961914,-0.3713005483150482,-1.2525001764297485,-0.16104431450366974,0.3526962697505951,-0.08240210264921188,-0.047199759632349014,-0.7318955659866333,-0.1829400360584259,-0.347905695438385,0.45179614424705505,0.03056582808494568,-0.14623026549816132,-0.42336687445640564,-0.058534711599349976,0.15330038964748383,1.5677704811096191,0.22972115874290466,-0.5182655453681946,-0.30791041254997253,-0.3182711601257324,-0.09489795565605164,0.487604558467865,-0.18298785388469696,-0.7221120595932007,-1.3096343278884888,-0.7595399618148804,-0.16201283037662506,-0.13742923736572266,0.24841733276844025,1.6480367183685303,0.4430721402168274,-0.13735952973365784,-0.3700558543205261,-0.11423138529062271,-0.2923300862312317,0.48190316557884216,-0.33878034353256226,0.2481376677751541,-0.484397828578949,-0.3944547474384308,1.851539969444275,-0.611031174659729,-0.3983227014541626,-0.040647242218256,-0.08408734947443008,1.0460197925567627,0.26213017106056213,-0.8786071538925171,0.06300516426563263,-0.537711501121521,0.08614426851272583,0.01040705293416977,-0.12664863467216492,0.35998427867889404,-0.9910831451416016,0.06691185384988785,0.6888323426246643,-0.4036290645599365,0.2707445025444031,0.25604063272476196,0.13877174258232117,0.03244845196604729,0.8796437978744507,-0.2706734240055084,0.150575190782547,-0.053063131868839264,0.07303177565336227,-0.11631252616643906,0.1401738077402115,-1.023603916168213,0.2592775523662567,-1.0122156143188477,0.09017995744943619,-0.2811155915260315,0.4678551256656647,1.598390817642212,0.7361103892326355,0.9569476842880249,-0.0947573333978653,-0.22136259078979492,0.0020999491680413485,-0.4977007508277893,0.08835605531930923,-0.07613661140203476,-0.08770730346441269,-0.2039775550365448,-0.5812178254127502,0.04056752473115921,0.5647435188293457,-0.30193978548049927,0.002223546849563718,-0.26730889081954956,-0.14273998141288757,-0.11977599561214447,-0.40174776315689087,0.28651100397109985,0.22069332003593445,0.07051193714141846,-0.8346239328384399,-0.14660479128360748,-0.2886134684085846,0.0973639264702797,-0.3474055826663971,0.01479716319590807,-0.128054678440094,0.9800464510917664,-0.17524336278438568,-0.09492938965559006,0.24552631378173828,-0.15949460864067078,0.04740048572421074,0.29127082228660583,-0.49509158730506897,-0.11887912452220917,-0.10461817681789398,-0.2533879578113556,0.21924462914466858,-0.06490103900432587,0.4191551208496094,-0.09446980804204941,-0.06501848250627518,0.02926640585064888,-0.10742844641208649,0.3322616517543793,-0.07067529857158661,0.2904176115989685,0.28747934103012085,0.2810540795326233,0.6230310201644897,-0.7337945699691772,0.2703845500946045,0.06955768167972565,0.30706340074539185,-0.09652956575155258,0.754152774810791,-0.2486424446105957,0.08234985172748566,0.6252634525299072,0.04230600595474243,-0.08457450568675995,-0.2859524190425873,-0.10406152158975601,-0.0493813082575798,0.3334951400756836,-0.07438518106937408,-0.10649657249450684,0.28821495175361633,0.4560392498970032,0.021808361634612083,0.2535910904407501,-0.39385277032852173,-0.7340492606163025,-1.2301733493804932,0.5965477228164673,0.1537352353334427,-0.0557917058467865,-0.1755605936050415,-0.1367371529340744,-0.06512012332677841,-0.03916739672422409,-0.18525266647338867,-1.1369341611862183,-0.17171096801757812,-0.9696577191352844,-0.2787538170814514,-0.14434057474136353,0.3338887095451355,0.8356935381889343,-0.1849917471408844,-0.11260268837213516,-0.2941321134567261,-0.12209594249725342,0.32633787393569946,-0.8364936113357544,-0.09432467073202133,0.3009403645992279,-0.019897185266017914,0.6734349131584167,0.5078518986701965,0.8783928751945496,-0.07071761786937714,-0.3667554557323456,-0.21963544189929962,0.09924514591693878,-0.5769650340080261,-0.48969006538391113,0.13716544210910797,-0.0025143746752291918,-0.1016484871506691,-0.841052234172821,1.0378901958465576,-0.06474924832582474,-0.38282617926597595,-0.14201872050762177,-0.10317657887935638,-0.10158035904169083,0.17517462372779846,0.19671261310577393,0.03257473558187485,0.3474901020526886,0.019365299493074417,-0.4450017809867859,0.2286677062511444,-0.18788178265094757,0.41109782457351685,-0.051077526062726974,0.30720221996307373,0.16570891439914703,-0.5953155755996704,0.7738162875175476,0.056472085416316986,0.0676799938082695,0.27654406428337097,0.907672107219696,0.8153160214424133,-0.17490269243717194,-0.6744656562805176,0.16200056672096252,0.0509500578045845,0.11989201605319977,-0.33166393637657166,-0.18627431988716125,0.006618910934776068,0.2521093487739563,-0.06124094873666763,0.03724716603755951,-1.3945714235305786,-0.2142706662416458,-0.2728953957557678,0.13759739696979523,0.2633674144744873,0.041129451245069504,-0.19438810646533966,-0.7787929773330688,0.23206064105033875,-0.2620180547237396,-0.08921579271554947,-0.06995398551225662,0.010186100378632545,1.0183899402618408,-0.4155365824699402,0.23256993293762207,-0.17451593279838562,-0.3513096570968628,-0.2941848337650299,0.12665089964866638,0.36416563391685486,-0.2077295333147049,0.26561737060546875,0.24472539126873016,-0.1881711781024933,0.08499528467655182,0.07972472906112671,0.4922793507575989,-0.2431844025850296
CID000124087,168,-0.015452739782631397,-0.20424409210681915,-0.3819887936115265,-0.01308820117264986,0.3188597857952118,-0.16041548550128937,0.08462165296077728,-0.38749873638153076,-0.2993812561035156,0.09963295608758926,0.2582649290561676,-0.00810292363166809,0.03619871288537979,-0.18901382386684418,-0.012247423641383648,0.24925100803375244,0.39269015192985535,0.008791780099272728,-0.0843266099691391,0.309512197971344,-0.0013680517440661788,0.04948406293988228,0.6274906396865845,-0.07109430432319641,-0.2641117572784424,-0.5403415560722351,-0.26904624700546265,-0.4335795044898987,0.31109482049942017,0.14156712591648102,0.5816547274589539,0.02775486744940281,-0.0027396262157708406,0.21157009899616241,-0.32775741815567017,0.0713777095079422,0.4146578907966614,-0.25208956003189087,-0.050390422344207764,-0.047590792179107666,-0.2642579674720764,0.37139004468917847,-0.6385246515274048,0.15805765986442566,-0.021447215229272842,0.1603342741727829,0.6438060402870178,-0.07690072804689407,-0.6507056951522827,0.060025472193956375,-0.3329876959323883,0.18981170654296875,0.4580662250518799,-0.2168745994567871,0.03630058094859123,-0.4673391878604889,-0.10301803052425385,0.6288709044456482,-0.20062163472175598,-0.09807129949331284,0.0873391181230545,-0.3216110169887543,0.048262666910886765,0.8348721265792847,0.21828489005565643,0.09270107746124268,-0.30223724246025085,-0.06795397400856018,-0.02052776888012886,-0.1707351952791214,-0.6166986227035522,0.19569095969200134,-0.5845023393630981,0.39631131291389465,0.11179311573505402,0.3593779504299164,0.32696887850761414,0.3460243046283722,0.41716647148132324,-0.12935057282447815,-0.18235327303409576,-0.20556354522705078,0.06376831233501434,0.010979321785271168,0.30091723799705505,0.22710657119750977,-0.015847573056817055,-0.10791443288326263,-0.026467278599739075,0.09049089252948761,-0.07278881222009659,-0.05923471972346306,-0.03385581448674202,0.14303052425384521,0.05131678655743599,-0.24948179721832275,-0.32607895135879517,0.33748945593833923,-0.12232379615306854,-0.3678630292415619,0.0120393056422472,-0.045720793306827545,0.04710110276937485,-0.07921282947063446,0.05351338908076286,-0.32368916273117065,0.4786900579929352,0.08173441886901855,0.1645834743976593,-0.16111834347248077,0.01971283182501793,0.16049449145793915,0.4751298427581787,-0.037353016436100006,0.16046872735023499,-0.0016319483984261751,-0.04421177878975868,0.1685568243265152,-0.021257709711790085,-0.04134821891784668,-0.13482260704040527,-0.3401288092136383,0.002241566777229309,0.16079381108283997,-0.0275203175842762,0.293323278427124,0.2081793248653412,0.15876372158527374,-0.32940953969955444,0.20845429599285126,-0.5884063839912415,-0.1264529526233673,0.42655855417251587,0.2376823127269745,-0.00853884220123291,0.7669047117233276,0.09536246210336685,-0.17332100868225098,0.19188202917575836,0.0345742329955101,-0.16074375808238983,-0.3096524178981781,0.15758726000785828,0.3519141376018524,0.2074480801820755,-0.05041844770312309,-0.1499035656452179,0.07072821259498596,-0.1489684134721756,-0.066965751349926,0.21611233055591583,-0.0522279366850853,-0.6954728960990906,-0.7203781604766846,0.2924102246761322,-0.4160436689853668,-0.16028809547424316,-0.20270633697509766,-0.3783673048019409,-0.0391143299639225,-0.0689413920044899,-0.08489946275949478,-0.4905000329017639,0.14184939861297607,-0.4709399342536926,-0.20118427276611328,0.012112051248550415,-0.059426866471767426,0.6020275950431824,-0.5472059845924377,-0.1518792062997818,-0.29764753580093384,-0.057398729026317596,-0.25367605686187744,-0.5744900107383728,-0.07800651341676712,0.2769743502140045,0.03129250556230545,0.5052002668380737,0.0407223179936409,0.7722482085227966,-0.1430528163909912,-0.04176553338766098,0.05214245989918709,-0.005619504954665899,-0.434551864862442,-0.08325348794460297,-0.3220427334308624,-0.07743959128856659,-0.12953950464725494,-0.3678610324859619,0.6064769625663757,-0.15169331431388855,-0.5812817811965942,0.022920046001672745,-0.0017941773403435946,-0.06684763729572296,0.29928886890411377,0.17276565730571747,-0.010518399998545647,0.3453931212425232,0.227882981300354,-0.13720807433128357,-0.05477605015039444,-0.5171768069267273,-0.4631999135017395,-0.22448253631591797,-0.03677556663751602,0.2104261815547943,-0.20575150847434998,0.41290283203125,0.038033533841371536,0.14691679179668427,-0.21119360625743866,0.893001914024353,0.16060003638267517,-0.025366270914673805,-0.27622514963150024,0.027469411492347717,0.01320897601544857,0.48383745551109314,0.07476869225502014,0.23384907841682434,0.04013942554593086,-0.060701899230480194,0.2660825252532959,-0.05115418881177902,-0.7276919484138489,-0.28434354066848755,-0.012676650658249855,0.028022557497024536,0.1827833503484726,-0.02727143093943596,-0.32205304503440857,-0.5980069041252136,0.5147930383682251,0.040144678205251694,-0.02796027995646,-0.05416310951113701,-0.11798437684774399,0.21183030307292938,-0.5735569596290588,-0.09548330307006836,-0.08751527965068817,-0.09486367553472519,-0.08328808844089508,-0.022466840222477913,-0.13922791182994843,-0.18416418135166168,0.3554295003414154,0.06818436831235886,0.10329504311084747,-0.017550388351082802,-0.28958064317703247,0.06880922615528107,-0.11564203351736069
CID000003043,169,-0.15037105977535248,-0.037114910781383514,-0.6061643362045288,0.21035754680633545,0.14305976033210754,-0.14929017424583435,-0.02031814120709896,-0.30327698588371277,0.3523842692375183,-0.40489083528518677,0.5059911012649536,0.0705510601401329,-0.0563822016119957,-0.06823039799928665,0.12931577861309052,0.036399997770786285,0.442319393157959,0.14875586330890656,-0.2702943682670593,-0.1723088026046753,-0.17337965965270996,0.03147204965353012,0.4633294641971588,-0.07339496910572052,-1.7616980075836182,-0.7912170886993408,-1.3479876518249512,-0.07383479177951813,-0.14932754635810852,0.20214815437793732,0.8265138864517212,0.11322259902954102,0.16312679648399353,0.6190381050109863,-0.3239562213420868,-0.07430966198444366,1.034012794494629,0.05315794795751572,0.010087907314300537,-0.06880651414394379,0.10078927129507065,0.7602764368057251,-0.4946206212043762,-0.23966717720031738,-0.11718006432056427,-0.09114204347133636,0.8975264430046082,0.050713419914245605,-0.4040016233921051,-0.11299319565296173,-0.7652497291564941,0.5572854280471802,0.4768412709236145,-0.22810058295726776,0.2531209886074066,-0.2689472734928131,-0.142632395029068,0.7082674503326416,0.8275302052497864,0.361238956451416,0.22401157021522522,-0.32151156663894653,0.2324237823486328,0.4309501051902771,-0.008031144738197327,0.38073214888572693,0.006377182900905609,-0.15079933404922485,-0.1441790908575058,0.20118872821331024,-0.2949693202972412,-0.17188327014446259,-0.532063901424408,0.6386082768440247,0.1739143580198288,0.3480788767337799,0.49287280440330505,0.08937017619609833,0.7038384675979614,-0.1228422150015831,0.004241062793880701,-0.32484033703804016,0.3157539367675781,-0.14780274033546448,0.42736363410949707,0.33501768112182617,-0.043740201741456985,0.0028856084682047367,-0.18292251229286194,-0.01111648976802826,-0.14583240449428558,0.014708371832966805,-0.16053247451782227,-0.15523889660835266,-0.14770789444446564,-0.01557966135442257,-0.08954183012247086,-0.0645403116941452,-0.0226048044860363,-1.6340539455413818,-0.09934121370315552,0.15229806303977966,0.2173772156238556,-0.1137256771326065,-0.07559268176555634,-0.21761424839496613,1.3106434345245361,0.19374792277812958,0.021437278017401695,-0.029529595747590065,-0.0032162009738385677,-0.1325700283050537,0.26620155572891235,-0.7202747464179993,0.05154675990343094,-0.6884234547615051,-0.5000818371772766,0.20727458596229553,0.19335784018039703,0.3895694613456726,-0.2848093807697296,-0.21573898196220398,0.26659467816352844,0.09892574697732925,-0.04979934170842171,-0.09383751451969147,0.20872600376605988,0.07125280797481537,0.17739658057689667,0.008609267883002758,-0.7837534546852112,-0.2489885836839676,0.047731250524520874,0.0016443937784060836,0.06770314276218414,0.8111492395401001,-0.047250330448150635,0.2837243676185608,0.4614950120449066,0.1296662539243698,-0.2890363335609436,-0.18712763488292694,-0.17768137156963348,0.1739100217819214,0.0918654128909111,-0.2129621058702469,-0.1307630091905594,0.11355824768543243,0.2141915261745453,0.04314518719911575,0.5727678537368774,0.12917180359363556,-0.1921810805797577,-0.7789568305015564,0.10967342555522919,0.05962836742401123,0.19918793439865112,0.12725171446800232,-0.6352279782295227,0.09016992151737213,-0.16685545444488525,0.11671100556850433,-0.8790372610092163,0.07223982363939285,-0.34291383624076843,0.037187859416007996,0.012114482931792736,0.036675021052360535,1.2863298654556274,-0.3836042582988739,-0.20094344019889832,-0.017330719158053398,-0.0576164610683918,0.1002945676445961,-0.8416226506233215,0.11936262995004654,0.4402150511741638,0.11220477521419525,0.3796238303184509,-0.030752796679735184,0.5489044189453125,-0.1538735032081604,-0.32381072640419006,1.1329481601715088,-0.046638477593660355,-0.48398226499557495,0.6362718343734741,0.1485815793275833,-0.3855935037136078,-0.22009892761707306,-0.28302568197250366,1.6267837285995483,-0.0665486678481102,-0.3063385784626007,-0.17323699593544006,0.05634469911456108,0.008789733052253723,-0.21436278522014618,1.4355579614639282,0.12486596405506134,0.341147243976593,0.6352109313011169,0.08576802164316177,0.5459274053573608,-0.5584386587142944,-0.23625652492046356,-0.3063780665397644,-0.14401093125343323,-0.04101196303963661,0.08403195440769196,-0.07690994441509247,-0.24809172749519348,0.26149922609329224,-0.11090447753667831,1.061065435409546,0.11045391857624054,-0.2226603925228119,-0.03909669071435928,-0.1365254819393158,0.017688684165477753,0.024152293801307678,0.025829430669546127,-0.14464625716209412,-0.10188106447458267,-0.10315016657114029,-0.007983272895216942,-0.1352745145559311,-0.503848135471344,-0.06694464385509491,0.08517523109912872,-0.06492089480161667,0.009927826002240181,-0.08012155443429947,-0.13133713603019714,-0.5022724866867065,-0.02549636736512184,0.07610202580690384,-0.17372319102287292,-0.04293733090162277,0.39114320278167725,1.645570993423462,-0.2890940010547638,-0.11225979030132294,-0.6219738721847534,-0.04410821944475174,-0.32325538992881775,-0.07901127636432648,0.20594103634357452,-0.16705648601055145,0.3855658173561096,0.51201993227005,0.3108084201812744,0.14648093283176422,0.11246366798877716,0.09066622704267502,0.07535877078771591
CID000148192,170,0.15400725603103638,-0.24444305896759033,-0.656187891960144,-0.04714702069759369,0.3953808844089508,-0.14737974107265472,-0.006096005439758301,-0.8065696954727173,-0.07179441303014755,-0.14577671885490417,0.5544893741607666,0.13009628653526306,-0.04924537613987923,0.03549326956272125,0.028208594769239426,0.2977333664894104,0.33541634678840637,0.21343691647052765,-0.5283247828483582,0.060291837900877,-0.17386868596076965,-0.25449419021606445,0.24370405077934265,-0.06984402239322662,-0.8759247660636902,-0.7392703294754028,-0.6882344484329224,-0.25929567217826843,0.18222883343696594,-0.2256900817155838,0.8483372926712036,0.01209945697337389,-0.01214497722685337,0.15751907229423523,-0.6205289363861084,0.26668795943260193,0.43781718611717224,0.07349486649036407,-0.020767617970705032,0.04190148413181305,-0.15372426807880402,0.6248345971107483,-0.009106974117457867,-0.1038995012640953,0.2050032913684845,-0.05862158536911011,0.8522536158561707,0.016627302393317223,-0.76878422498703,-0.00013098046474624425,-0.900589644908905,-0.12577342987060547,0.3982550799846649,-0.13970983028411865,-0.02693694829940796,-0.22809001803398132,0.04697277396917343,0.6861683130264282,-0.07995759695768356,-0.03277664631605148,-0.07972696423530579,-0.1145293116569519,0.11584218591451645,0.6104236245155334,0.08489006012678146,0.6060010194778442,0.06459829956293106,0.03920998424291611,-0.0724826455116272,-0.02425168827176094,-0.38416269421577454,0.16001632809638977,-0.47114482522010803,0.37523412704467773,-0.23782968521118164,0.33479490876197815,0.3968494236469269,0.00822989922016859,0.7578226327896118,0.07767660915851593,-0.062304019927978516,-0.5488313436508179,0.19251444935798645,0.02544599212706089,0.04467716068029404,0.3559955358505249,-0.5505635142326355,-0.3207933008670807,-0.1735793501138687,-0.04929785802960396,-0.21433432400226593,-0.3352876901626587,-0.30132007598876953,0.02183876559138298,0.08399316668510437,-0.21899166703224182,-0.13469544053077698,0.14920277893543243,-0.1625288873910904,-1.3486255407333374,-0.45352211594581604,0.12974929809570312,0.18178066611289978,-0.11865433305501938,0.21844482421875,-0.2292994260787964,0.8424701690673828,0.03871551901102066,0.09569000452756882,-0.22836339473724365,-0.03337397426366806,0.13834592700004578,0.16457684338092804,-0.7457489967346191,0.15764959156513214,-0.26119986176490784,-0.42021065950393677,0.3308837413787842,0.016324501484632492,0.11499941349029541,-0.19836123287677765,-0.33381062746047974,-0.0584767647087574,0.18714715540409088,0.37390822172164917,-0.11805003881454468,0.3117198348045349,0.012394526973366737,-0.13108153641223907,0.3749816417694092,-1.02851402759552,0.14240938425064087,0.501376748085022,0.21204109489917755,-0.03448895364999771,0.7646728754043579,0.012544667348265648,-0.18016426265239716,0.3691290020942688,-0.2204969823360443,-0.1639324128627777,0.06175468489527702,0.08563417941331863,0.44683367013931274,0.08534137904644012,-0.07589409500360489,-0.6394327878952026,0.14330558478832245,-0.09218405187129974,-0.42275911569595337,1.1375850439071655,-0.15478557348251343,-0.38858625292778015,-0.8637740015983582,0.5790800452232361,-0.19684886932373047,0.15678735077381134,0.25086942315101624,-0.42330828309059143,0.11103834211826324,0.06562154740095139,-0.01788788102567196,-0.7072386741638184,0.2046869546175003,-0.5513048768043518,0.12851908802986145,0.02742638625204563,-0.1258644163608551,0.9092928767204285,-0.6314762234687805,-0.160415917634964,-0.18862126767635345,0.012683359906077385,0.08391603082418442,-0.5163832306861877,-0.022953134030103683,0.3733398914337158,-0.031549565494060516,0.4754733443260193,0.3249121308326721,0.28428521752357483,-0.26811543107032776,-0.03929813578724861,0.8545429110527039,0.14665499329566956,-0.5917911529541016,-0.09864883124828339,-0.17958787083625793,-0.18251582980155945,-0.22128966450691223,-0.7506202459335327,1.2001450061798096,-0.19411683082580566,-0.019588081166148186,-0.108118437230587,0.11289770901203156,-0.22366902232170105,0.05095481127500534,1.1175098419189453,-0.17219091951847076,0.6540506482124329,0.25709089636802673,-0.2388686239719391,0.5855562686920166,-0.28596749901771545,0.08128036558628082,-0.2626412510871887,0.0434979684650898,-0.03900410979986191,0.12977072596549988,0.03513684868812561,-0.10155389457941055,-0.013778145425021648,-0.19500401616096497,0.7516318559646606,0.33364757895469666,-0.31183159351348877,-0.10536901652812958,0.06299898028373718,0.17963474988937378,-0.11549676954746246,-0.04477216675877571,0.1530047506093979,-0.04094017297029495,-0.11414744704961777,0.2560109496116638,-0.0632265955209732,-0.6306077241897583,-0.20897510647773743,0.15182022750377655,0.15002448856830597,0.1707337647676468,0.448455274105072,-0.14647433161735535,-0.7961327433586121,0.43179288506507874,-0.06519670784473419,-0.2410750389099121,0.045467693358659744,-0.2204437255859375,1.1939717531204224,-0.36369648575782776,-0.07337697595357895,-0.36318060755729675,0.050592757761478424,-0.1942676305770874,0.013781450688838959,0.04716385528445244,-0.21979288756847382,0.4560752809047699,0.042334169149398804,0.021192774176597595,-0.18827010691165924,0.08155514299869537,0.4417211413383484,-0.2052191197872162
CID000001690,171,0.21596769988536835,-0.3423362374305725,-0.8014039993286133,0.08751916140317917,0.3271401524543762,-0.3141508102416992,0.14261503517627716,-0.7455374002456665,-0.028579557314515114,-0.4152878224849701,0.6244795322418213,0.2216295450925827,-0.013467135839164257,0.05172198265790939,0.014666503295302391,0.1866144835948944,0.17787520587444305,0.07417286932468414,-0.13299939036369324,-0.12982940673828125,-0.0772004947066307,0.21731619536876678,0.3204621970653534,-0.012106843292713165,-1.2041256427764893,-0.8402382731437683,-0.576628565788269,0.2152479588985443,0.1265801191329956,0.06008085608482361,0.7795661091804504,-0.13124482333660126,0.20156273245811462,0.296938419342041,-0.08593803644180298,-0.19857308268547058,0.3704288899898529,-0.05258999019861221,0.24198505282402039,-0.03715767338871956,0.028234850615262985,0.35085034370422363,-0.1182783842086792,-0.37921449542045593,-0.09369614720344543,0.054929960519075394,0.8950566053390503,-0.33594584465026855,-0.6237805485725403,-0.006412995047867298,-0.9265817403793335,0.04246000200510025,0.43517932295799255,-0.17379732429981232,0.23423345386981964,-0.3231618404388428,0.07410639524459839,1.1079010963439941,-0.12860675156116486,0.07347627729177475,-0.22891995310783386,-0.11734253168106079,-0.13487939536571503,0.4767366349697113,0.07089386880397797,0.4174719452857971,0.19717314839363098,0.06657189130783081,-0.12465707957744598,0.13554468750953674,-0.2023676633834839,0.12876467406749725,-0.5664816498756409,0.476889044046402,-0.1678341031074524,0.1490195244550705,0.2799001634120941,0.17805519700050354,0.8138881921768188,0.12188267707824707,0.007654746063053608,-0.3958243131637573,-0.10282669961452484,-0.09034280478954315,0.23434209823608398,0.10989022254943848,-0.5859768986701965,-0.20753952860832214,-0.07620846480131149,0.04576541855931282,-0.20269998908042908,-0.2448951005935669,-0.31187334656715393,0.19156907498836517,0.12134158611297607,0.22673848271369934,-0.07198160886764526,0.243747279047966,-0.015874702483415604,-1.5751293897628784,-0.14118452370166779,0.09445574134588242,0.022550394758582115,-0.23489820957183838,0.07245509326457977,-0.03851337730884552,0.9101964235305786,0.04358233883976936,0.042466677725315094,0.020611580461263657,0.21896085143089294,0.08427661657333374,0.17390093207359314,-0.8237244486808777,0.17878493666648865,-0.2578490376472473,-0.14526011049747467,0.19083711504936218,0.2085137814283371,0.2548149526119232,-0.1255657970905304,-0.29514259099960327,0.26447004079818726,0.08930208534002304,0.14485576748847961,-0.1742539405822754,0.30360719561576843,-0.08743724972009659,-0.2697182297706604,0.30602550506591797,-0.6453758478164673,0.021721184253692627,0.30035775899887085,0.02113177999854088,-0.09114997833967209,0.7208220362663269,-0.0625646710395813,0.04756658524274826,0.33306455612182617,-0.32362285256385803,-0.012334959581494331,-0.022145261988043785,0.11141117662191391,0.26268476247787476,0.05513418838381767,0.20083098113536835,-0.2760489583015442,0.45367708802223206,-0.07915808260440826,0.006271862890571356,0.718631386756897,-0.15956178307533264,-0.4029896855354309,-0.9584454298019409,0.6394529938697815,0.2507113516330719,0.13463720679283142,0.18317173421382904,-0.4072973132133484,0.26991280913352966,-0.024914098903536797,-0.06196843832731247,-0.9469620585441589,-0.03511229529976845,-0.5199466943740845,0.07448337972164154,0.08768385648727417,0.04313639923930168,1.2010529041290283,-0.6685301065444946,-0.2093404084444046,0.05796784162521362,0.025721272453665733,0.22792330384254456,-0.3753330409526825,-0.3899337649345398,0.29329365491867065,-0.14067919552326202,0.5445550680160522,0.2986326813697815,0.2880678176879883,-0.14252035319805145,-0.19890096783638,0.8840603828430176,-0.11021794378757477,-0.2064574509859085,-0.17722982168197632,-0.007518985774368048,-0.28354597091674805,-0.2913134694099426,-0.48195090889930725,1.4309594631195068,-0.13168446719646454,-0.11980684101581573,-0.10830499976873398,-0.20344261825084686,-0.08281029015779495,0.022441083565354347,1.4282987117767334,-0.25546616315841675,0.6628062129020691,0.377056360244751,-0.02869153954088688,1.1157255172729492,-0.48543110489845276,0.33724477887153625,-0.4073542654514313,-0.10735859721899033,-0.15896166861057281,0.18629279732704163,-0.2114412784576416,0.032308924943208694,0.09723587334156036,-0.20883938670158386,0.5618118047714233,0.3704001009464264,-0.3161246180534363,-0.05406244844198227,-0.06051940470933914,0.07531692087650299,-0.007235866971313953,0.13188789784908295,-0.045171234756708145,-0.4156433939933777,-0.14266690611839294,0.4374263882637024,0.18148919939994812,-0.2515604496002197,-0.11924977600574493,0.14156779646873474,0.06581998616456985,0.16415362060070038,0.2594785690307617,-0.1995430737733841,-0.6052249670028687,0.17291542887687683,0.07996664941310883,-0.06064922735095024,-0.20394495129585266,-0.041852451860904694,1.3562854528427124,-0.2895069718360901,0.002236139727756381,-0.48790234327316284,-0.08401715755462646,-0.4840746819972992,-0.11605627834796906,0.039728228002786636,-0.045307476073503494,0.5532000660896301,0.3262469172477722,0.10835033655166626,0.1140298992395401,0.03599041700363159,0.2900504767894745,-0.01147953886538744
CID000004053,172,-0.05335725098848343,-0.22493235766887665,-0.7738513350486755,-0.10807693004608154,0.5688790678977966,0.14045920968055725,-0.03665367513895035,-0.622123122215271,-0.2717178165912628,-0.35312098264694214,-0.003829553723335266,0.07979515939950943,-0.0871422290802002,0.007004049606621265,-0.18484757840633392,0.4651113450527191,0.7592293620109558,0.3021261394023895,-0.5764931440353394,0.0631503090262413,-0.27495047450065613,-0.032678164541721344,0.6225971579551697,0.11769802868366241,-0.5658274292945862,-0.6984936594963074,-0.5066179633140564,-0.4424916207790375,0.35758721828460693,-0.03195195272564888,1.2294516563415527,-0.1521340310573578,-0.06693673878908157,0.6559066772460938,-0.579460620880127,0.0893762931227684,1.2160975933074951,0.0007334202527999878,0.07287643849849701,0.07641208916902542,-0.8410255312919617,0.985058605670929,-0.22669920325279236,-0.07141081988811493,0.3801092505455017,-0.22281071543693542,0.7336546182632446,0.006154829170554876,-0.6818660497665405,0.09885682910680771,-0.5233959555625916,0.31511402130126953,0.2727924883365631,-0.24877610802650452,-0.2164287269115448,-0.436859130859375,0.07442852109670639,1.2860075235366821,0.3150635361671448,-0.2316245138645172,-0.018580859526991844,-0.20596273243427277,0.05654057115316391,1.0183074474334717,0.4909553527832031,0.27625709772109985,0.05917707830667496,0.20835578441619873,-0.16000458598136902,-0.03802796080708504,-0.8372050523757935,0.10269554704427719,-0.9288226366043091,0.11415555328130722,0.11846989393234253,0.22075910866260529,0.8790996670722961,0.07522407919168472,0.853653073310852,0.1626291573047638,0.18534263968467712,-0.5427147746086121,0.022678831592202187,-0.35986799001693726,0.2729840576648712,0.1918586939573288,-0.8245781064033508,-0.20847566425800323,-0.24486026167869568,0.025743549689650536,0.011892782524228096,-0.022182459011673927,-0.012036700733006,0.19619712233543396,-0.07242915779352188,-0.47382622957229614,-0.12471815198659897,0.07198251783847809,0.011171935126185417,-0.8989421725273132,-0.028053531423211098,-0.0762590616941452,-0.05450127273797989,-0.3793715834617615,0.6609014868736267,-0.3158988356590271,1.0098350048065186,0.19580866396427155,-0.06255647540092468,-0.006462914403527975,0.05314718931913376,-0.057117462158203125,0.8219773173332214,-0.2920852303504944,0.44501930475234985,-0.024332428351044655,-0.18008317053318024,0.5021583437919617,-0.08599374443292618,0.29698890447616577,-0.11585023254156113,-0.19861935079097748,0.003618324175477028,-0.15543681383132935,-0.04726985841989517,-0.030106857419013977,0.23487062752246857,-0.2065417319536209,0.10169587284326553,0.25859469175338745,-1.104313850402832,-0.07928834110498428,0.46621623635292053,0.233821839094162,0.07078945636749268,1.2435956001281738,0.01214397232979536,0.17815957963466644,0.2129245102405548,-0.13205699622631073,-0.2312053143978119,-0.19799545407295227,0.06385977566242218,0.4355006217956543,0.048673249781131744,-0.1383795440196991,-0.5619530081748962,0.30167847871780396,-0.041506022214889526,-0.3068089187145233,0.4352715015411377,0.1143423467874527,-0.9877629280090332,-1.2404115200042725,0.9568222165107727,-0.39884406328201294,-0.18335631489753723,0.176167830824852,-0.5991076231002808,0.1342630684375763,-0.24543455243110657,0.18329063057899475,-1.0865910053253174,0.03372655436396599,-0.5166295766830444,0.035628680139780045,-0.04456251114606857,-0.3612702488899231,0.48009663820266724,-0.5113495588302612,-0.365106463432312,-0.3198090195655823,-0.13991834223270416,-0.015194432809948921,-0.7543157339096069,0.050457753241062164,0.42646604776382446,0.008395005017518997,0.48503199219703674,-6.252527327887947e-06,0.5970112681388855,-0.15947267413139343,0.18739719688892365,0.7051702737808228,0.08705185353755951,-0.2009269744157791,-0.041206929832696915,-0.16399212181568146,-0.31307053565979004,-0.3984367251396179,-0.6345882415771484,1.1180922985076904,-0.4064086079597473,-0.48135071992874146,-0.1601226031780243,0.2870458960533142,0.09720632433891296,0.01731068082153797,0.6086894869804382,0.112942174077034,0.3091633915901184,0.17765456438064575,0.07570040225982666,0.3815538287162781,-0.3904699683189392,0.020774932578206062,-0.11031027138233185,0.25062400102615356,-0.2664867341518402,0.1321137398481369,-0.35796311497688293,-0.22218015789985657,-0.039685480296611786,-0.34955739974975586,0.6394386291503906,0.4057847857475281,-0.1936546266078949,-0.2084697037935257,-0.2689281105995178,0.040144436061382294,0.2269897758960724,0.14744225144386292,0.02177477814257145,0.18168392777442932,-0.2080899477005005,0.1273401826620102,0.010345232672989368,-1.3122994899749756,-0.041783202439546585,-0.16134747862815857,0.13422928750514984,0.5065584182739258,0.3145647644996643,-0.27916041016578674,-0.7577224969863892,0.49335813522338867,-0.16927269101142883,-0.0194992832839489,-0.21549570560455322,0.022021234035491943,0.4693126678466797,-0.33230701088905334,-0.14139056205749512,-0.11963119357824326,-0.41288885474205017,-0.19594693183898926,0.1602773666381836,0.28618842363357544,0.14332978427410126,0.33159059286117554,0.21382883191108704,0.022720949724316597,0.02664981223642826,-0.11093002557754517,0.5585212111473083,0.004397412296384573
CID000003367,173,-0.07224627584218979,-0.046170782297849655,-0.5304524898529053,0.19458842277526855,0.09200800955295563,-0.09801796078681946,-0.05500977486371994,-0.4005672037601471,0.14915315806865692,-0.4767683446407318,0.32050395011901855,0.05357460305094719,0.029240170493721962,-0.15555287897586823,-0.13651272654533386,0.0024939761497080326,0.33559349179267883,0.2605132460594177,-0.1978367567062378,0.022752905264496803,-0.42073196172714233,-0.13878324627876282,0.3627711236476898,-0.04682266712188721,-1.4508363008499146,-0.8986490368843079,-0.8692561984062195,-0.14920738339424133,-0.35480889678001404,-0.049566566944122314,1.2205896377563477,0.10259886085987091,0.17059633135795593,0.5638960599899292,-0.4670088291168213,-0.010242807678878307,1.521451473236084,0.13039720058441162,-0.1948353797197342,-0.019115623086690903,0.010123628191649914,1.179613471031189,-0.5095211267471313,-0.06191829591989517,-0.21534407138824463,-0.04266815632581711,0.8248586654663086,0.12304017692804337,-0.4616259038448334,-0.015661975368857384,-0.8314708471298218,0.12301681190729141,0.15567544102668762,-0.08666803687810898,0.47575950622558594,-0.17985132336616516,-0.012487223371863365,0.8634106516838074,0.48095473647117615,0.28860658407211304,-0.07649316638708115,-0.15882118046283722,0.12343952804803848,0.3612096905708313,0.25713151693344116,0.15279628336429596,0.16642209887504578,-0.3947523534297943,0.029196862131357193,0.19702565670013428,-0.598943829536438,-0.22931373119354248,-0.47026747465133667,0.4432324469089508,0.31616145372390747,0.023971091955900192,0.9008742570877075,0.07927185297012329,0.9737709164619446,-0.026758793741464615,-0.15131378173828125,-0.4291941523551941,0.1422320306301117,-0.08760388195514679,0.05034015700221062,0.20042458176612854,-0.22831206023693085,0.16085585951805115,-0.030255746096372604,0.2595129609107971,-0.2701720595359802,-0.48288780450820923,-0.17124919593334198,-0.1223081722855568,-0.11738868057727814,-0.06892992556095123,0.004425703547894955,0.023589644581079483,-0.06334295123815536,-1.519441843032837,0.016192134469747543,0.45505571365356445,0.029093926772475243,-0.1058851107954979,0.054148007184267044,-0.1326613575220108,0.9268523454666138,0.15766151249408722,0.10670685768127441,-0.06109269708395004,0.035190410912036896,-0.17223265767097473,0.28833359479904175,-0.4797517657279968,-0.02616296336054802,-0.4662414491176605,-0.4433225691318512,0.12006112188100815,0.056089043617248535,0.08661703765392303,-0.3564123809337616,-0.3765179216861725,-0.28075921535491943,0.24338236451148987,-0.07267022877931595,0.06666605919599533,0.169885516166687,0.14294344186782837,0.03169109299778938,0.18899133801460266,-0.8281855583190918,-0.08060647547245026,0.027907680720090866,0.06752382218837738,0.19337297976016998,1.09450364112854,0.047208789736032486,-0.0147238252684474,0.20186159014701843,0.12941524386405945,-0.03251209855079651,-0.16779127717018127,-0.16239939630031586,0.10680408775806427,0.20776143670082092,-0.3614189624786377,-0.09456689655780792,0.3083488643169403,0.4928556978702545,-0.2090284824371338,0.3679333031177521,0.0032786608207970858,-0.3514121174812317,-1.0353307723999023,0.41584721207618713,-0.08439496904611588,0.2177167683839798,-0.06044337898492813,-0.5012149810791016,0.062046509236097336,-0.18379580974578857,0.021435914561152458,-0.8601395487785339,0.17226991057395935,-0.23349487781524658,0.03275172784924507,0.2367595136165619,0.03824233636260033,1.3214144706726074,-0.2511887848377228,0.039154332131147385,-0.009698256850242615,-0.08778691291809082,0.03420525789260864,-0.6620870232582092,0.005092784762382507,0.3738442361354828,-0.062853142619133,0.27227315306663513,0.5496546626091003,0.5706373453140259,-0.11901044845581055,-0.6649474501609802,1.1093741655349731,0.11996276676654816,-0.45635557174682617,0.13465815782546997,0.057663947343826294,-0.32852110266685486,-0.21560649573802948,-0.20152373611927032,1.64932119846344,-0.07383577525615692,-0.1968265324831009,-0.11873326450586319,-0.20466622710227966,-0.09018148481845856,0.014213916845619678,1.2495524883270264,0.1407317817211151,0.44995054602622986,0.3734198808670044,0.34155112504959106,0.7061274647712708,-0.27274090051651,-0.03132980316877365,-0.25886431336402893,-0.06521675735712051,0.2976394295692444,0.23477277159690857,-0.26703178882598877,-0.06353960931301117,-0.046037428081035614,-0.028643310070037842,0.8765453100204468,0.10214139521121979,-0.08614139258861542,-0.09802033007144928,0.004484638571739197,0.38657352328300476,0.019714750349521637,-0.05500303581357002,0.08584430813789368,-0.10808975994586945,-0.11711015552282333,0.12764686346054077,-0.20321190357208252,-0.5322715044021606,-0.02365683950483799,0.3459438979625702,-0.015773752704262733,0.2355378121137619,0.14517460763454437,0.035682838410139084,-0.6793993711471558,0.1231326311826706,0.23667117953300476,0.011527585797011852,-0.023189913481473923,0.2448633462190628,1.6978302001953125,-0.10949786007404327,-0.12234070152044296,-0.5485584735870361,-0.02864094451069832,-0.46486806869506836,0.16620293259620667,-0.08021225035190582,-0.2977260947227478,0.3538428544998169,0.1546613723039627,0.38045233488082886,0.22505979239940643,0.12239789962768555,0.3838082551956177,0.056340985000133514
CID000002550,174,0.02489374205470085,-0.11242504417896271,-0.4763595163822174,0.1790243238210678,0.20405876636505127,-0.2766510248184204,-0.03534026816487312,-0.3201562464237213,-0.16421648859977722,0.22279676795005798,0.24774399399757385,0.05570807307958603,-0.07281598448753357,-0.08953061699867249,-0.04777194932103157,0.12028391659259796,0.0036633505951613188,-0.10675059258937836,-0.19653989374637604,-0.1481611728668213,0.0021208077669143677,0.18367907404899597,0.36581310629844666,0.05497872829437256,-0.41202840209007263,-0.45332351326942444,-0.14028970897197723,-0.3023979663848877,0.09013991057872772,-0.27774959802627563,0.2187049835920334,-0.24476730823516846,0.005549170076847076,0.12834784388542175,-0.08718855679035187,0.2561296820640564,0.39761319756507874,-0.07787439227104187,0.18016058206558228,0.20442548394203186,0.04639136791229248,0.2216140478849411,-0.3018357455730438,-0.011414885520935059,-0.08829770982265472,-0.14382527768611908,0.42156943678855896,-0.1627800613641739,-0.27760544419288635,0.10360220819711685,-0.7950769662857056,0.37099969387054443,0.4677385687828064,-0.29092949628829956,-0.12087033689022064,-0.22687959671020508,-0.046337973326444626,0.7056302428245544,0.051177240908145905,-0.15541115403175354,-0.08481757342815399,-0.11184316873550415,0.20067048072814941,0.6443848013877869,0.2112242430448532,0.5163233280181885,-0.22050324082374573,-0.10438470542430878,0.013384084217250347,-0.11629154533147812,-0.6805771589279175,0.1817740499973297,-0.14846070110797882,0.3594648241996765,-0.18914902210235596,0.5028960704803467,0.37303608655929565,0.10534866899251938,0.3152727484703064,0.10353691875934601,0.05018417909741402,-0.2511049211025238,-0.02727418579161167,0.023116732016205788,0.12908342480659485,0.4137895703315735,-0.04097982496023178,0.05342388153076172,-0.07257590442895889,-0.03993329405784607,0.13359422981739044,-0.024288523942232132,-0.048019248992204666,-0.08450829982757568,-0.054234765470027924,-0.12242835760116577,-0.06221973896026611,0.3730798363685608,-0.045188382267951965,-0.4840962290763855,-0.13591109216213226,-0.16792799532413483,0.15076956152915955,0.005053821951150894,0.29000264406204224,-0.14560166001319885,0.4657610058784485,0.21162018179893494,0.21982499957084656,-0.04379218444228172,-0.06764181703329086,-0.14868882298469543,0.3966238796710968,-0.5796810388565063,0.1742444783449173,-0.1426895558834076,0.06728645414113998,-0.23569650948047638,-0.021815158426761627,-0.005737585015594959,-0.25653642416000366,-0.313629150390625,-0.03203722462058067,-0.020624125376343727,0.10813724994659424,0.16449761390686035,0.15048149228096008,0.13320235908031464,-0.09250114858150482,0.18461591005325317,-0.5618450045585632,-0.2379302978515625,0.2377343624830246,0.2907879948616028,0.07190938293933868,0.7318189740180969,0.012566037476062775,-0.2801849842071533,0.09287423640489578,-0.0383528508245945,0.13213671743869781,0.07267902791500092,0.011947470717132092,0.016904018819332123,0.1381177306175232,0.03854073956608772,-0.2486152946949005,0.15971112251281738,-0.16629843413829803,-0.04957935959100723,0.7657128572463989,-0.05211912468075752,-0.3903031647205353,-0.5649559497833252,0.3589414954185486,-0.3279430568218231,0.02639525756239891,0.04844987392425537,-0.64901202917099,-0.016059020534157753,-0.07569748908281326,0.1099664717912674,-0.7477203607559204,0.20734448730945587,-0.35431796312332153,-0.06459139287471771,-0.2310778647661209,-0.04268580675125122,0.5942471027374268,-0.5479691624641418,-0.17448076605796814,-0.21957620978355408,-0.14364193379878998,0.0015635123709216714,-0.5287708044052124,-0.05903954431414604,0.3591998815536499,0.038028471171855927,0.41627225279808044,-0.15708163380622864,0.3444598317146301,-0.19003066420555115,0.0359443798661232,0.3165702521800995,-0.05127233266830444,-0.3071453869342804,-0.03048909641802311,-0.28365960717201233,-0.011172816157341003,-0.21484191715717316,-0.07086507976055145,0.6638543009757996,-0.0404694564640522,-0.19553060829639435,0.12940044701099396,-0.22931811213493347,-0.013700964860618114,0.1301693469285965,0.2123820036649704,-0.079636350274086,0.40985044836997986,0.28327125310897827,-0.22187671065330505,-0.09676191210746765,-0.445634126663208,-0.19969871640205383,-0.45045986771583557,0.050343357026576996,-0.06555785983800888,0.11079845577478409,-0.0154507365077734,-0.015631744638085365,0.023325065150856972,-0.3951537013053894,0.6932863593101501,0.026361430063843727,-0.01958373561501503,-0.008571013808250427,-0.17559221386909485,-0.007090126164257526,0.32825765013694763,-0.09872377663850784,0.10791236162185669,-0.0642324686050415,-0.1772240847349167,0.25880321860313416,-0.05201689153909683,-0.6258653402328491,-0.09341317415237427,-0.05647096037864685,-0.0366516038775444,-0.006671123206615448,0.117703378200531,-0.1264171004295349,-0.6288598775863647,-0.02097024954855442,0.20172691345214844,-0.052724145352840424,0.12758484482765198,0.019974948838353157,0.33671560883522034,-0.38954076170921326,-0.2549092471599579,-0.32036954164505005,-0.22824104130268097,-0.6061171293258667,0.04001223295927048,-0.06461839377880096,-0.17298907041549683,0.2913065552711487,0.12966288626194,-0.0675952285528183,0.049147166311740875,-0.19202031195163727,-0.05607594922184944,-0.1681240350008011
CID000004259,175,0.22320470213890076,-0.30219602584838867,-0.6460663080215454,0.03652501851320267,0.19842985272407532,-0.29885274171829224,0.25578656792640686,-0.4424827992916107,-0.2183471918106079,-0.39315223693847656,0.42531147599220276,0.14846104383468628,0.038115330040454865,0.09790455549955368,0.0356329008936882,0.14843466877937317,0.07020847499370575,-0.1379576027393341,-0.14448927342891693,-0.1000545397400856,-0.13263070583343506,0.1399216651916504,0.45832425355911255,0.20894019305706024,-1.0309884548187256,-0.7168481349945068,-0.24272651970386505,0.012468445114791393,0.10388976335525513,0.20892520248889923,0.5438423752784729,-0.03982343524694443,0.18237920105457306,-0.008345535025000572,0.012976517900824547,-0.1727418750524521,0.05449698120355606,-0.022015145048499107,0.006266020238399506,0.046424251049757004,0.22947630286216736,0.3405926823616028,-0.03929673135280609,-0.09535403549671173,-0.11050720512866974,-0.06241539865732193,0.6954876184463501,-0.33385413885116577,-0.73760586977005,0.004479342605918646,-0.7196071147918701,-0.18101558089256287,0.6651631593704224,-0.11661536991596222,-0.037164293229579926,-0.24169859290122986,-0.14227476716041565,0.8234763145446777,-0.10756214708089828,-0.14093872904777527,-0.11212341487407684,-0.019199879840016365,-0.10601335763931274,0.27520251274108887,0.0981326699256897,0.5152919292449951,0.20807619392871857,0.057131003588438034,-0.03454386442899704,0.13159264624118805,-0.26732438802719116,0.06334865093231201,-0.386686772108078,0.48780694603919983,-0.1314862221479416,0.27093467116355896,0.14650630950927734,0.15609878301620483,0.40266284346580505,0.14996694028377533,-0.2453584223985672,-0.14296449720859528,0.03184476122260094,-0.04356711730360985,0.30461570620536804,0.17995010316371918,-0.44419169425964355,0.08454690873622894,-0.01449815183877945,0.025146758183836937,-0.17514561116695404,-0.07788519561290741,-0.5126643180847168,0.16588358581066132,0.11243691295385361,0.3223387598991394,-0.188278466463089,0.1559763103723526,0.10729201138019562,-1.2298754453659058,-0.07805691659450531,-0.03679347038269043,-0.09319235384464264,-0.05163118988275528,0.06622855365276337,-0.08303248882293701,0.7032937407493591,-0.048425205051898956,-0.04376722499728203,0.07381357997655869,0.22298482060432434,3.3335389161948115e-05,-0.030616488307714462,-0.6753549575805664,0.0736611932516098,-0.3638722896575928,-0.010761784389615059,-0.008818700909614563,0.07327994704246521,0.07110020518302917,-0.11797437816858292,-0.25727730989456177,0.05785565823316574,0.03297797590494156,-0.14414307475090027,0.006165085826069117,0.11934921890497208,-0.040177714079618454,-0.07971296459436417,0.0028495043516159058,-0.3682970404624939,-0.0947996973991394,0.14475327730178833,0.05186432600021362,-0.12220549583435059,0.5421357750892639,-0.1058586835861206,0.0852290466427803,0.24373169243335724,-0.2926459014415741,-0.08017183840274811,0.05135101079940796,0.21001529693603516,0.18785767257213593,0.22500085830688477,0.18679958581924438,-0.28367549180984497,0.48614978790283203,0.03378049656748772,0.033699873834848404,0.7329912185668945,0.06432952731847763,-0.34448155760765076,-0.5222856998443604,0.5000709295272827,0.08907745778560638,-0.030022049322724342,-0.07556725293397903,-0.4147432744503021,0.16892965137958527,-0.03967013210058212,-0.12982407212257385,-0.991104781627655,-0.07497178763151169,-0.44694966077804565,0.13443417847156525,0.06539233773946762,-0.14655910432338715,1.2067099809646606,-0.6471768021583557,-0.5114503502845764,0.17228390276432037,0.08603595197200775,0.10422933101654053,-0.26598820090293884,-0.4054558277130127,0.06261475384235382,0.03369017690420151,0.5637763738632202,0.4942477345466614,0.19796611368656158,-0.037525057792663574,0.10951987653970718,0.469696044921875,-0.2570800185203552,-0.167545348405838,-0.21758809685707092,-0.2536884844303131,-0.18123914301395416,-0.1685982346534729,-0.10591070353984833,1.15142023563385,0.0305817611515522,-0.40057238936424255,-0.12182997167110443,-0.1681244671344757,-0.196187824010849,-0.06983423233032227,1.0121891498565674,-0.15609310567378998,0.3337574303150177,0.48036685585975647,-0.008391773328185081,0.5339642763137817,-0.5689243078231812,0.06095258146524429,-0.4558764100074768,-0.06741543114185333,0.015550995245575905,-0.10901866853237152,-0.004013955593109131,-0.00574201624840498,0.07263754308223724,-0.19549432396888733,0.5894164443016052,-0.02034347876906395,-0.1793815791606903,-0.0764610692858696,0.1231648176908493,-0.015530074015259743,0.1463364064693451,0.1192903071641922,-0.005470695439726114,-0.39681950211524963,-0.10940177738666534,0.3706441819667816,0.14819206297397614,-0.26039427518844604,-0.11263017356395721,0.1283164769411087,0.10064790397882462,-0.03907553851604462,0.18294629454612732,-0.23241838812828064,-0.4232305884361267,-0.0010583659168332815,-0.035725973546504974,-0.0031438693404197693,-0.13721735775470734,-0.06030058115720749,1.2206650972366333,-0.43917933106422424,0.010808022692799568,-0.4568982720375061,-0.09097859263420105,-0.6069615483283997,-0.1344933807849884,-0.2030082643032074,0.060521792620420456,0.4132334291934967,0.22933468222618103,0.15984641015529633,0.2647351920604706,-0.13084542751312256,0.17147919535636902,0.041733186691999435
CID000003821,176,-0.009630749933421612,-0.1839527189731598,-0.36124318838119507,0.15675196051597595,0.27945631742477417,-0.044627703726291656,-0.06068546697497368,-0.2506849467754364,-0.13951197266578674,0.16230261325836182,0.2316604107618332,-0.09476331621408463,-0.02935258112847805,-0.035814959555864334,-0.04875451326370239,0.2952062487602234,0.4234027862548828,0.24160726368427277,-0.33342820405960083,0.26002129912376404,-0.08097679913043976,0.10056672245264053,0.5734032988548279,0.0707649365067482,-0.29466983675956726,-0.6760359406471252,-0.3718879818916321,0.09102864563465118,0.10099752247333527,0.22276000678539276,0.5515846014022827,0.11635866016149521,-0.048837609589099884,0.5203642845153809,-0.2485114336013794,0.09179453551769257,0.8055120706558228,-0.19751150906085968,0.03132577985525131,0.10844697803258896,-0.01207704283297062,0.5280053019523621,-0.38965538144111633,0.002604509936645627,0.02874187007546425,0.02661747857928276,0.6804657578468323,-0.15484659373760223,-0.621009111404419,0.010310233570635319,-0.5318401455879211,-0.017933795228600502,0.5072307586669922,-0.19553473591804504,0.2076454907655716,-0.2631094455718994,-0.08246875554323196,0.40507349371910095,-0.01885436475276947,-0.2161058932542801,-0.13849091529846191,-0.13318626582622528,0.18942642211914062,0.5784035921096802,0.0901942253112793,0.25067850947380066,-0.15796495974063873,-0.20542335510253906,0.014083902351558208,-0.010119875892996788,-0.6145669221878052,0.11953030526638031,-0.6238723993301392,0.5412670373916626,0.061800241470336914,0.2989920973777771,0.443000465631485,0.05967426300048828,0.38466379046440125,0.08229406177997589,0.08859576284885406,-0.16113130748271942,0.20048323273658752,-0.1237332820892334,0.139152392745018,0.38231751322746277,-0.20693464577198029,0.037542201578617096,-0.025697698816657066,0.19448420405387878,-0.09820534288883209,0.005807338748127222,-0.04445652663707733,-0.06597788631916046,0.1864226758480072,-0.0685327798128128,-0.042648084461688995,0.13850775361061096,-0.06621053069829941,-0.6435931921005249,-0.13005134463310242,-0.20007160305976868,0.1609567552804947,0.0760030746459961,0.3247655928134918,-0.06340271234512329,0.7188467979431152,0.07800173759460449,0.09389784932136536,-0.030393516644835472,0.029304850846529007,0.23143044114112854,0.24264252185821533,-0.2986804246902466,0.251872718334198,-0.2397836148738861,-0.09157232940196991,0.004303778521716595,-0.10338938236236572,0.06916428357362747,-0.1971900463104248,-0.34988993406295776,0.020085439085960388,0.08952825516462326,-0.07548408210277557,0.11245713382959366,0.11506177484989166,-0.022125812247395515,-0.3187180459499359,0.2853813171386719,-0.7866358757019043,-0.2918983995914459,0.349276065826416,0.16542020440101624,-0.008063817396759987,0.8586474657058716,0.12728925049304962,-0.06416727602481842,0.2087411880493164,0.014238771982491016,-0.1050339937210083,-0.10608480870723724,0.12992286682128906,0.22198724746704102,0.17978991568088531,-0.20642194151878357,-0.3955436646938324,-0.20649519562721252,-0.09661007672548294,-0.05283140018582344,0.28459861874580383,-0.07322408258914948,-0.6569303274154663,-0.6199144124984741,0.40688496828079224,-0.11363299190998077,0.12823686003684998,-0.04855214059352875,-0.4849129319190979,-0.1077422946691513,-0.022858479991555214,-0.06789586693048477,-0.6260488629341125,-0.07419763505458832,-0.4225985109806061,-0.021688327193260193,-0.009950270876288414,-0.1926616132259369,0.6595736742019653,-0.46202483773231506,-0.270656019449234,-0.09988854080438614,-0.11310745775699615,-0.1829172819852829,-0.4016541838645935,-0.17710791528224945,0.2396874874830246,0.11379329115152359,0.5049254298210144,0.2043428122997284,0.49828043580055237,-0.17979255318641663,-0.09139253944158554,0.20460164546966553,-0.12031015008687973,-0.4773181974887848,-0.09142319858074188,-0.2872629761695862,-0.010572308674454689,-0.13666531443595886,-0.16573159396648407,0.8071826696395874,-0.032713890075683594,-0.4665784239768982,0.07670518010854721,-0.05292811244726181,0.07161852717399597,0.28241628408432007,0.4049984812736511,-0.17850261926651,0.19976718723773956,0.5508458614349365,0.06813574582338333,0.1771731674671173,-0.41468191146850586,-0.29791730642318726,-0.2250044345855713,-0.049048762768507004,-0.11525323241949081,-0.11244475841522217,-0.12965068221092224,-0.11210145801305771,-0.094129279255867,-0.41219988465309143,0.5187497138977051,-0.20175513625144958,-0.10120769590139389,-0.23070473968982697,-0.07553685456514359,0.14638826251029968,0.33376866579055786,-0.07887788116931915,0.16131718456745148,-0.2449905127286911,0.26211369037628174,0.112322136759758,0.0644984021782875,-0.6052785515785217,-0.33854350447654724,-0.1537594050168991,-0.18831457197666168,0.12969240546226501,0.2060517817735672,-0.26393088698387146,-0.41356849670410156,0.1335393488407135,0.10449949651956558,-0.15566349029541016,-0.0769711285829544,-0.05245015025138855,0.2930973172187805,-0.289613276720047,-0.031333088874816895,-0.1804151087999344,-0.29949623346328735,-0.23556514084339142,0.116500124335289,0.005199807696044445,-0.02039962075650692,0.3708069622516632,0.02640346623957157,0.057754866778850555,0.23006558418273926,-0.045571938157081604,0.17426499724388123,0.1679575890302658
CID000003488,177,0.12936235964298248,-0.23849710822105408,-0.5440533757209778,-0.0420486256480217,0.3151850402355194,-0.32309460639953613,0.14556719362735748,-0.3242441415786743,-0.09215099364519119,-0.0016751110088080168,0.1497407853603363,-0.1185934767127037,-0.05118083953857422,0.025931227952241898,-0.04837707430124283,0.06557004153728485,-0.03662632033228874,0.23919327557086945,-0.30428725481033325,0.05191255733370781,-0.06826826184988022,0.21813201904296875,0.4846608638763428,0.04495363309979439,-0.24886269867420197,-0.7002174258232117,-0.15446534752845764,-0.4256489872932434,0.07633654028177261,0.08180340379476547,0.5821005702018738,0.009679948911070824,0.02129499241709709,0.20485568046569824,-0.23294968903064728,0.061863578855991364,0.1664688140153885,-0.2135433852672577,0.19601872563362122,0.0450432114303112,-0.25797125697135925,-0.07474099099636078,-0.5723454356193542,0.2537008821964264,0.025670800358057022,-0.15227940678596497,0.3756803572177887,-0.04510107263922691,-0.562656819820404,0.0732569620013237,-0.5823851227760315,0.2892586290836334,0.4177168309688568,-0.11082647740840912,0.23501138389110565,-0.37690019607543945,0.08767736703157425,0.7208601832389832,0.316400408744812,-0.08501356095075607,0.46873873472213745,-0.23599174618721008,0.24191386997699738,1.0047438144683838,-0.007316124625504017,0.24401071667671204,-0.1645810306072235,0.1526462286710739,-0.13266903162002563,-0.11558163166046143,-0.5098294019699097,0.10861770063638687,-0.4144013524055481,0.3107070326805115,0.22498838603496552,0.5005641579627991,0.15913766622543335,0.4590187966823578,0.7080639600753784,0.12824894487857819,0.14984574913978577,-0.33264902234077454,0.09594357013702393,-0.16511830687522888,0.014062434434890747,0.26645106077194214,-0.0390482023358345,0.018469037488102913,-0.06309620290994644,0.12583787739276886,0.0012092881370335817,0.13781586289405823,-0.10995247215032578,0.1667402982711792,-0.09772847592830658,-0.2597864866256714,-0.14952552318572998,0.2714461386203766,0.17632800340652466,-0.5276734232902527,0.0706704631447792,-0.016334429383277893,0.15048512816429138,-0.0031235814094543457,0.3494807183742523,-0.17536190152168274,0.4695464074611664,-0.2313617467880249,0.04054437577724457,-0.03042282722890377,0.1102617159485817,0.13098399341106415,0.5039287209510803,-0.44681572914123535,0.09749925881624222,-0.08823371678590775,-0.1274077147245407,0.06733499467372894,0.00566189456731081,-0.267952561378479,-0.19715027511119843,-0.24706783890724182,0.10391583293676376,0.033028848469257355,0.06425561010837555,0.06642291694879532,0.19469566643238068,0.059328801929950714,-0.35024863481521606,0.308286190032959,-0.5113585591316223,-0.20890097320079803,0.39290207624435425,0.3404536843299866,-0.12856003642082214,0.8145316243171692,0.16029758751392365,-0.13072730600833893,0.22610695660114288,0.05963706225156784,0.11031363159418106,-0.16626174747943878,0.04933314025402069,0.008385074324905872,0.2477502077817917,-0.11235396564006805,-0.4685829281806946,0.12101451307535172,0.000473870342830196,0.07427003234624863,0.5196177363395691,-0.06824354827404022,-0.7795490026473999,-0.8057088851928711,0.6906842589378357,-0.43419313430786133,0.08056342601776123,-0.08928266912698746,-0.6610519289970398,0.0720999464392662,-0.24190032482147217,0.1239025816321373,-0.9366970062255859,-0.0236685611307621,-0.3859291672706604,0.07516071200370789,-0.19218917191028595,0.009921933524310589,0.49558600783348083,-0.667174756526947,-0.2073386162519455,-0.2306746542453766,-0.11046550422906876,0.0801989734172821,-0.5660117864608765,-0.1289181113243103,0.4761238992214203,0.07094135135412216,0.4303894639015198,-0.2501995861530304,0.8583208322525024,-0.2672126293182373,-0.2353709191083908,0.22126023471355438,-0.039491161704063416,-0.30210915207862854,0.12303294986486435,-0.3489590287208557,-0.0392470546066761,-0.2997184097766876,-0.12011002004146576,0.7536444664001465,0.007351933512836695,-0.5370612740516663,0.03699268400669098,-0.0191645585000515,0.020659610629081726,0.37995949387550354,0.30388960242271423,0.17406953871250153,0.5414241552352905,0.15665583312511444,0.22044961154460907,-0.05494042485952377,-0.7950307726860046,-0.2647952735424042,-0.31148841977119446,0.130278080701828,-0.21544881165027618,-0.056979455053806305,-0.032761894166469574,-0.08148115873336792,-0.04623373597860336,-0.20228484272956848,0.837513267993927,0.15208664536476135,-0.11511193215847015,-0.2265409529209137,-0.02776954509317875,0.20154793560504913,0.5283709764480591,0.04550448805093765,0.13787688314914703,-0.16791272163391113,0.01530187763273716,0.05944587662816048,-0.01347268559038639,-0.9559910893440247,-0.07213115692138672,-0.030256951227784157,-0.20845171809196472,0.23319876194000244,0.1256038397550583,-0.15024863183498383,-0.8461253046989441,0.1231943815946579,0.0017874035984277725,0.09197615087032318,-0.16560187935829163,-0.2713642418384552,0.24030478298664093,-0.41295304894447327,-0.13384118676185608,0.02364041842520237,-0.23900501430034637,-0.4857563376426697,0.08785587549209595,-0.13663992285728455,0.07013646513223648,0.15966163575649261,0.196393221616745,0.00013430416584014893,0.05536285787820816,-0.32683613896369934,0.22073093056678772,-0.07988861948251724
CID000005372,178,0.13317802548408508,-0.2049752175807953,-0.9643769264221191,0.09000475704669952,0.32293808460235596,-0.2450472116470337,0.017686933279037476,-0.7128111720085144,0.013573813252151012,-0.4090006947517395,0.43309324979782104,-0.048090238124132156,-0.24544303119182587,-0.07700974494218826,0.25466132164001465,0.05851476639509201,0.14599838852882385,-0.06730416417121887,-0.4925888180732727,-0.14695574343204498,0.06325362622737885,-0.26940852403640747,0.2768441438674927,0.2272365540266037,-1.0550992488861084,-0.908425509929657,-0.5252691507339478,0.27926838397979736,-0.0013849616516381502,-0.07881250232458115,1.0146409273147583,-0.028060629963874817,0.23819275200366974,0.2000596523284912,-0.12034990638494492,0.09661547839641571,0.31410303711891174,-0.180154949426651,-0.06217048317193985,-0.0015556983416900039,0.1398281306028366,0.35383573174476624,-0.13768579065799713,-0.12178446352481842,0.11578349024057388,-0.050322048366069794,0.6547384858131409,-0.2732488512992859,-0.695672333240509,-0.18224796652793884,-0.9120584726333618,-0.060505252331495285,0.47917884588241577,-0.09957925975322723,-0.12205711752176285,-0.33352670073509216,-0.10724052041769028,0.9331854581832886,-0.15411192178726196,0.01757829263806343,-0.07752557098865509,-0.11451633274555206,-0.16644582152366638,0.5521306991577148,0.02946164272725582,0.7174131274223328,0.41940125823020935,0.04714485630393028,-0.16658422350883484,0.07271672040224075,-0.39134353399276733,0.01794639602303505,-0.28194183111190796,0.38931626081466675,-0.05157905071973801,0.19955343008041382,0.23803095519542694,0.15638941526412964,0.9908536076545715,-0.12929704785346985,-0.018216324970126152,-0.38574451208114624,0.2960537075996399,0.23938114941120148,0.20638272166252136,0.1302671730518341,-0.49445709586143494,-0.2173973023891449,-0.05263645201921463,0.14354778826236725,0.12821140885353088,-0.19090673327445984,-0.47279778122901917,-0.10360375791788101,0.1622888743877411,0.29645347595214844,0.031009268015623093,0.004616597667336464,0.05667557194828987,-1.2034614086151123,-0.12859393656253815,0.17819395661354065,-0.014370071701705456,-0.3025805652141571,0.10373161733150482,-0.2922408878803253,0.6695718765258789,0.2856382429599762,0.10260941088199615,-0.17372764647006989,0.14378079771995544,-0.06160476803779602,0.28822189569473267,-0.8744659423828125,-0.045577168464660645,-0.4376083314418793,-0.34599488973617554,0.17289307713508606,-0.057806361466646194,-0.11791764199733734,-0.40578263998031616,-0.1614874005317688,0.07740301638841629,0.0018110781675204635,-9.298324812334613e-07,-0.17220015823841095,-0.006099724676460028,0.013953691348433495,-0.19552095234394073,0.1845415085554123,-0.43899887800216675,0.16333499550819397,0.28093376755714417,0.09518690407276154,-0.13244612514972687,0.7089829444885254,0.08266624063253403,0.037888724356889725,0.4473228454589844,0.02887486293911934,0.02864522859454155,-0.14247576892375946,0.2014811486005783,0.022803550586104393,-0.027077313512563705,0.18573148548603058,-0.5465478897094727,0.5570693016052246,-0.1664639413356781,-0.4646584987640381,0.8222376108169556,-0.036530815064907074,-0.40441054105758667,-0.6142406463623047,0.5367991924285889,0.3345475196838379,0.2233482301235199,0.2885507643222809,-0.5280460119247437,0.15845759212970734,-0.06899185478687286,-0.10192839801311493,-0.9099230766296387,0.24763643741607666,-0.4758434295654297,-0.04670283943414688,0.07249007374048233,-0.031888432800769806,1.1103127002716064,-0.6308687925338745,-0.29011815786361694,0.15517105162143707,0.0190553180873394,0.19265207648277283,-0.417855441570282,-0.4024154543876648,0.1457664519548416,0.08385731279850006,0.5802953839302063,0.39785048365592957,0.31733888387680054,-0.15652072429656982,0.03441079333424568,0.7456137537956238,-0.18943972885608673,-0.2850725054740906,-0.24924345314502716,-0.06907843053340912,-0.21778349578380585,-0.3865187466144562,-0.5187388062477112,1.241452932357788,0.11256749927997589,-0.16604408621788025,-0.34702879190444946,-0.11099079996347427,0.030541855841875076,-0.010372966527938843,1.1392838954925537,-0.1516057401895523,0.8290920257568359,0.30027222633361816,0.041222844272851944,0.8944694399833679,-0.5247081518173218,0.33490175008773804,-0.31563135981559753,-0.10235528647899628,-0.08282996714115143,0.05852176621556282,0.18921612203121185,0.16289827227592468,0.043188244104385376,-0.15335199236869812,0.817496120929718,0.5015274286270142,-0.1765633076429367,-0.32614320516586304,-0.22757653892040253,0.13464632630348206,-0.13290035724639893,-0.037900350987911224,-0.05706111341714859,-0.327434241771698,0.19413308799266815,0.2889940142631531,0.16476279497146606,-0.7610166668891907,-0.2929878830909729,0.06326936930418015,0.21874627470970154,0.14310172200202942,0.12879744172096252,-0.14590470492839813,-0.8382818102836609,0.35359781980514526,0.11969460546970367,-0.07546380162239075,-0.17535126209259033,-0.13476063311100006,0.9456990361213684,-0.37260591983795166,0.11388669162988663,-0.43622177839279175,0.06595057249069214,-0.2263171225786209,-0.06498131901025772,-0.22068321704864502,-0.24546563625335693,0.29725199937820435,0.011890021152794361,0.07971195876598358,0.12357572466135025,-0.039556458592414856,0.18692918121814728,-0.030325230211019516
CID000003780,179,-0.028447773307561874,-0.1255914568901062,-0.5537636876106262,0.2985716462135315,0.40636593103408813,-0.1580577790737152,0.06866782903671265,-0.6260954141616821,-0.0839114636182785,-0.146982342004776,0.20475558936595917,0.18471956253051758,-0.11341575533151627,0.09356461465358734,0.18537983298301697,-0.017454886808991432,0.13780814409255981,0.05250784754753113,-0.1977056860923767,0.13710977137088776,-0.11506086587905884,0.08717843145132065,0.42752495408058167,0.11285064369440079,-0.5517112016677856,-0.6439589858055115,-0.15116645395755768,0.1444624364376068,-0.10538723319768906,-0.09571897238492966,0.3733372986316681,-0.0439537949860096,-0.07943284511566162,0.3003018796443939,-0.12339083105325699,0.3274517059326172,0.8554685711860657,-0.06905701011419296,0.10756118595600128,-0.030560839921236038,0.010176015086472034,0.28414687514305115,-0.22681227326393127,-0.1313135325908661,-0.08735315501689911,-0.014965752139687538,0.4897972047328949,-0.26583948731422424,-0.45937925577163696,-0.058801304548978806,-0.6551864743232727,0.25670236349105835,0.4767826497554779,-0.2196936309337616,0.42355647683143616,-0.16378536820411682,-0.4375092089176178,0.5166927576065063,-0.018519826233386993,0.034251581877470016,0.02203032746911049,-0.11398057639598846,0.08984549343585968,0.682234525680542,0.04845043271780014,0.2993859350681305,-0.13436053693294525,-0.08258436620235443,0.060396887362003326,-0.008320052176713943,-0.47108393907546997,0.09253905713558197,-0.5128560066223145,0.6057873964309692,0.0677649974822998,0.4742431640625,0.3927907645702362,0.17072264850139618,0.3255052864551544,-0.020811986178159714,0.001221630023792386,-0.1744796335697174,0.16384223103523254,0.07297615706920624,0.07957309484481812,0.2544764578342438,-0.23984727263450623,-0.013868662528693676,0.028981458395719528,0.3313919007778168,-0.2250177562236786,0.005513754673302174,-0.3951660990715027,0.00914266798645258,0.06786896288394928,0.011079097166657448,0.005761295557022095,0.11725984513759613,-0.08086933195590973,-0.8102329969406128,-0.0984390377998352,-0.1850113719701767,0.10040769726037979,-0.0036284588277339935,0.18333914875984192,-0.18511900305747986,0.8235166668891907,-0.14010503888130188,0.21417665481567383,0.027846261858940125,-0.17721228301525116,-0.1652746945619583,0.135379821062088,-0.43819528818130493,0.06014701724052429,-0.3842848241329193,-0.27771681547164917,-0.11635315418243408,-0.2584468722343445,0.054362524300813675,-0.2750050723552704,-0.11260118335485458,0.14714305102825165,0.0874018520116806,0.13930514454841614,0.04303618520498276,0.16301992535591125,-0.038399405777454376,-0.18220427632331848,0.23840348422527313,-0.5705551505088806,-0.5363091230392456,0.2748257517814636,0.19228574633598328,-0.10423588752746582,0.6669921875,0.14635780453681946,-0.08400748670101166,0.1829102635383606,-0.17043977975845337,-0.011776809580624104,-0.20424246788024902,0.05829944461584091,-0.037561871111392975,0.10687398910522461,0.07297249138355255,-0.09122766554355621,-0.1036742702126503,-0.10711918026208878,-0.037022411823272705,0.3187376856803894,-0.11191874742507935,-0.30444246530532837,-0.5340648889541626,0.6419126987457275,-0.09621872007846832,0.2806655466556549,0.14776138961315155,-0.48276156187057495,-0.0012282900279387832,-0.07191608846187592,0.3000640273094177,-0.8571150898933411,0.1584450900554657,-0.27311182022094727,0.0197979174554348,-0.08565808832645416,-0.061306994408369064,0.47496479749679565,-0.40933507680892944,-0.4639197289943695,0.07182510942220688,-0.15945051610469818,-0.009451703168451786,-0.5205415487289429,-0.21171359717845917,0.3705061674118042,0.024719078093767166,0.46878910064697266,-0.15214058756828308,0.3127906620502472,-0.08828233927488327,-0.32235273718833923,0.4049522280693054,-0.04574378579854965,-0.37495067715644836,-0.20979014039039612,-0.09999898821115494,-0.416836678981781,0.033356644213199615,-0.2577688694000244,0.833459198474884,-0.03550950437784195,-0.5392204523086548,-0.04963015392422676,-0.058777619153261185,-0.0017085879808291793,0.09581707417964935,0.5331844091415405,-0.06112566590309143,0.45416468381881714,0.45545440912246704,-0.1453237533569336,0.045135822147130966,-0.3734261393547058,-0.27127206325531006,-0.28474199771881104,0.12265180051326752,-0.0310022234916687,-0.04909402132034302,0.038215652108192444,0.025708895176649094,-0.2214047610759735,-0.2646813988685608,0.44354233145713806,-0.23904487490653992,0.040197718888521194,-0.2828710675239563,-0.08034227788448334,-0.07051104307174683,0.10533834993839264,0.06440861523151398,0.062349818646907806,-0.13138623535633087,-0.016327297315001488,-0.04126900061964989,-0.015464919619262218,-0.5127126574516296,-0.09055822342634201,-0.0038276389241218567,-0.12571284174919128,0.1858108788728714,0.07182896882295609,-0.15051421523094177,-0.5508242249488831,-0.24258586764335632,0.2587510645389557,0.051672447472810745,0.07654578983783722,0.05998409911990166,0.7884656190872192,-0.24156729876995087,0.04988184943795204,-0.26470884680747986,-0.23622408509254456,-0.3367564380168915,0.11796312034130096,-0.07994774729013443,-0.13801133632659912,0.1386300027370453,0.27330437302589417,0.09393319487571716,0.08249467611312866,-0.19270290434360504,0.15504422783851624,0.009340407326817513
CID000027661,184,-0.0019444575300440192,-0.10798750072717667,-0.5377224683761597,0.34029000997543335,0.40670260787010193,-0.11066041141748428,0.061363328248262405,-0.652212917804718,-0.1329924315214157,-0.11588384956121445,0.2299279421567917,0.18904507160186768,-0.10270484536886215,0.12155189365148544,0.14000572264194489,-0.024317871779203415,0.13245531916618347,0.07712436467409134,-0.24388618767261505,0.07822848856449127,-0.10641497373580933,0.053531281650066376,0.5528568029403687,0.1001906543970108,-0.5558666586875916,-0.6425239443778992,-0.223623588681221,0.12053810060024261,-0.03550751134753227,-0.08741115033626556,0.3509315848350525,-0.03677985072135925,-0.0866369977593422,0.39049091935157776,-0.13846659660339355,0.3224366307258606,0.8916686773300171,-0.15864205360412598,0.1171955093741417,-0.05238489434123039,-0.0007664143922738731,0.3148444592952728,-0.41370901465415955,-0.05469765141606331,-0.025949329137802124,0.016112172976136208,0.553471565246582,-0.2506084144115448,-0.4552084505558014,-0.07553353905677795,-0.48082786798477173,0.2716289460659027,0.48420262336730957,-0.20716437697410583,0.4274637699127197,-0.13158437609672546,-0.4455025792121887,0.5558499693870544,-0.09160353243350983,0.030988216400146484,0.028196845203638077,-0.06071842834353447,0.135020449757576,0.7032343745231628,0.03434007242321968,0.2147861272096634,-0.20576806366443634,-0.10594399273395538,-0.014621312730014324,-0.007739258464425802,-0.5369203090667725,0.127354234457016,-0.49438348412513733,0.5298864245414734,0.04894053190946579,0.4716082215309143,0.38562268018722534,0.15095701813697815,0.33111220598220825,-0.008761798962950706,0.09634298086166382,-0.17603904008865356,0.10502980649471283,0.06102623790502548,0.10901419818401337,0.2707502245903015,-0.2787836194038391,-0.034245096147060394,0.009316982701420784,0.30884695053100586,-0.29498836398124695,-0.10385457426309586,-0.2799537479877472,-0.04037507623434067,0.05582968145608902,0.0063931941986083984,-0.0026296316646039486,0.08267700672149658,-0.12369145452976227,-0.7974355816841125,-0.07061165571212769,-0.14299698173999786,0.1064995750784874,-0.047718342393636703,0.1174582988023758,-0.22595317661762238,0.8127568364143372,-0.18360862135887146,0.2225426733493805,-0.01713181473314762,-0.15682163834571838,-0.09182368218898773,0.1648292988538742,-0.2583347260951996,-0.005850983317941427,-0.4129830002784729,-0.2993695139884949,-0.14322903752326965,-0.2400044947862625,0.06578280031681061,-0.26498329639434814,-0.03923572972416878,0.1416487693786621,0.11118124425411224,0.10362236201763153,0.04237132892012596,0.24327890574932098,0.0037774175871163607,-0.20637133717536926,0.24661092460155487,-0.5644968748092651,-0.553510844707489,0.25584283471107483,0.1497175395488739,-0.06803230941295624,0.6749921441078186,0.10980372130870819,-0.16470660269260406,0.1813807189464569,-0.1760651022195816,0.002877007471397519,-0.19918420910835266,0.0660802349448204,-0.07155344635248184,0.1047193855047226,0.07895882427692413,-0.13636209070682526,-0.05344603210687637,-0.10910069942474365,-0.08139209449291229,0.22575512528419495,-0.14464327692985535,-0.3221781551837921,-0.5020086169242859,0.6898678541183472,-0.12919823825359344,0.2988879084587097,0.18678036332130432,-0.5071878433227539,0.012629061937332153,-0.08917442709207535,0.27632150053977966,-0.9076896905899048,0.20863580703735352,-0.2997613549232483,-0.024999156594276428,-0.12414868175983429,-0.0722007229924202,0.46702367067337036,-0.4332968294620514,-0.3681497871875763,0.0034616361372172832,-0.17434458434581757,-0.0517304465174675,-0.5771631598472595,-0.2511124014854431,0.38514524698257446,0.07197533547878265,0.49107247591018677,-0.17922016978263855,0.4196121096611023,-0.10206903517246246,-0.37723252177238464,0.4328608512878418,-0.10036255419254303,-0.4214802384376526,-0.2538711428642273,-0.018554922193288803,-0.3380967974662781,0.042677126824855804,-0.2833161950111389,0.8729802966117859,-0.033415138721466064,-0.6195852756500244,0.032846998423337936,-0.10115811973810196,0.03670201078057289,0.08426187932491302,0.519618034362793,-0.07064078748226166,0.4676554203033447,0.408731073141098,-0.17770497500896454,0.03160015493631363,-0.43589872121810913,-0.34557467699050903,-0.19868877530097961,0.0390268936753273,-0.07642094790935516,-0.03326207771897316,0.03301617130637169,0.06078541278839111,-0.20594453811645508,-0.27692827582359314,0.4731120467185974,-0.2440144270658493,-0.039049047976732254,-0.3321479558944702,-0.053013402968645096,-0.030468294396996498,0.21097537875175476,0.04878754913806915,0.0994114875793457,-0.12539613246917725,-0.026707494631409645,-0.05362623929977417,-0.021764855831861496,-0.5568467378616333,-0.12497194856405258,0.010571004822850227,-0.12306960672140121,0.2080913782119751,0.06708872318267822,-0.11178524792194366,-0.5266228318214417,-0.1731482744216919,0.2521038055419922,0.03424485772848129,0.051606543362140656,-0.007599168922752142,0.8497197031974792,-0.3028005361557007,0.09855793416500092,-0.3291192352771759,-0.22085662186145782,-0.340412437915802,0.07014299929141998,-0.08527877181768417,-0.15733471512794495,0.12125692516565323,0.27484744787216187,0.1104234904050827,0.10931273549795151,-0.18753542006015778,0.2027931660413742,-0.04520628973841667
CID000003032,187,0.10719963163137436,-0.2200014293193817,-0.5701040029525757,0.25288984179496765,0.3808760643005371,0.0597606897354126,-0.12600986659526825,-0.5532161593437195,-0.19064989686012268,-0.10872580856084824,0.2273402214050293,0.13171060383319855,-0.08995772898197174,0.09323860704898834,0.14557184278964996,0.04464664310216904,0.6972985863685608,0.18176421523094177,-0.25293296575546265,0.1653488576412201,-0.18855784833431244,0.07689911872148514,0.5468822717666626,0.009733477607369423,-0.4783359169960022,-0.5372788310050964,-0.11663442850112915,-0.0145338773727417,0.0013605266576632857,-0.12165892124176025,0.45217591524124146,-0.003395658452063799,-0.05838872864842415,0.3164137303829193,-0.20909276604652405,0.30906301736831665,1.2874130010604858,-0.06297944486141205,0.0796588882803917,0.0277960654348135,-0.03853948414325714,0.9592424631118774,-0.2698517143726349,0.08168131113052368,-0.08029548078775406,-0.025933336466550827,0.5719330906867981,-0.365858793258667,-0.3984828591346741,0.029043978080153465,-0.3035133183002472,0.1684485673904419,0.1978936344385147,-0.22176429629325867,0.3992502689361572,-0.21319560706615448,-0.24706153571605682,0.7447752356529236,0.16971229016780853,-0.15377143025398254,0.09677830338478088,-0.17015835642814636,-0.021770503371953964,0.6164306402206421,0.05337666720151901,0.11816805601119995,-0.20271912217140198,-0.09992718696594238,-0.018143409863114357,-0.018491581082344055,-0.5737056136131287,0.17993946373462677,-0.6899131536483765,0.48787766695022583,-0.0063327900134027,0.5043967962265015,0.8801603317260742,0.22439828515052795,0.3255594074726105,-0.024969279766082764,-0.0013353247195482254,-0.15490832924842834,0.018802525475621223,0.05698947235941887,0.12273337692022324,0.39985981583595276,-0.3594593405723572,-0.08740793168544769,0.0279998742043972,0.18719765543937683,-0.21106500923633575,0.023362915962934494,-0.10210935026407242,-0.02381405234336853,0.18082907795906067,0.0022648584563285112,-0.14087840914726257,0.08227302879095078,-0.04972759634256363,-0.6114351153373718,-0.07569220662117004,-0.14288398623466492,0.035599298775196075,0.01664695516228676,0.1890600323677063,-0.19043298065662384,0.7020989656448364,-0.06296974420547485,0.31025540828704834,-0.06991735845804214,-0.10948792845010757,0.0884515643119812,0.37240076065063477,-0.05936440825462341,0.21624305844306946,-0.2590506374835968,-0.2318011224269867,-0.06524137407541275,-0.15165910124778748,0.08623143285512924,-0.2398228645324707,-0.2906973659992218,0.22244234383106232,0.13480797410011292,0.1627366989850998,0.04626099765300751,0.17738215625286102,-0.1772984117269516,-0.2512010931968689,0.2264740914106369,-0.5450835227966309,-0.4332509934902191,0.3858681917190552,0.011899715289473534,-0.04152617231011391,0.6872406601905823,0.06931038945913315,-0.06902692466974258,0.218867227435112,-0.0976937785744667,-0.17600908875465393,-0.1456865519285202,0.08719438314437866,0.0033435137011110783,0.05582630634307861,-0.03312915191054344,-0.17713601887226105,0.06946732848882675,-0.0645163282752037,-0.09259156882762909,0.1246868148446083,-0.09258870780467987,-0.3354777991771698,-0.6910248398780823,0.6688495874404907,-0.29585734009742737,0.17662587761878967,0.2467484027147293,-0.3791404664516449,0.06575212627649307,-0.1461646854877472,0.04913661628961563,-0.7503811120986938,0.13259264826774597,-0.3711473345756531,0.10059580951929092,-0.05228910967707634,-0.20520174503326416,0.48108285665512085,-0.27212873101234436,-0.18079593777656555,-0.09568275511264801,-0.026559006422758102,-0.06803946197032928,-0.5017679929733276,-0.33102947473526,0.3834754526615143,0.12895596027374268,0.4582791328430176,-0.06102529168128967,0.6195794939994812,-0.12423931062221527,-0.35385623574256897,0.3466528356075287,0.02791348658502102,-0.24874356389045715,-0.1623164415359497,-0.17737464606761932,-0.371139258146286,-0.19409307837486267,-0.1953456997871399,0.806865394115448,-0.1069839596748352,-0.5232546925544739,0.015509434044361115,-0.01878957450389862,0.0563020333647728,0.0851534903049469,0.29522210359573364,-0.060576677322387695,0.1856781244277954,0.40688976645469666,-0.214348703622818,-0.05423019453883171,-0.16185538470745087,-0.08463208377361298,-0.16723047196865082,-0.11967438459396362,-0.15968899428844452,-0.0669591873884201,-0.18712370097637177,-0.011058123782277107,-0.21395912766456604,-0.3590192496776581,0.4128020405769348,-0.0644695982336998,-0.04596184939146042,-0.17947986721992493,-0.01745787262916565,-0.22475405037403107,0.23758473992347717,-0.04769528657197952,0.23058021068572998,-0.06170474365353584,-0.07021524757146835,-0.09046538174152374,0.06485658884048462,-0.6244503259658813,-0.09398387372493744,-0.06915391981601715,-0.042627595365047455,0.23345530033111572,0.1157294288277626,-0.20430532097816467,-0.6381354331970215,-0.1967359483242035,0.22892335057258606,-0.14156058430671692,0.09654929488897324,-0.04354164004325867,0.5035244226455688,-0.3547264039516449,0.10299722105264664,-0.2356835901737213,-0.25199946761131287,-0.4367120862007141,0.11297649145126343,0.0396215096116066,-0.16469408571720123,0.3339669108390808,0.37951382994651794,0.11127986013889313,0.02354590967297554,-0.174215167760849,0.12190556526184082,0.09211625903844833
CID000004943,188,0.109246626496315,-0.24983136355876923,-0.8644021153450012,0.18180152773857117,0.5686159729957581,0.2494431436061859,-0.2741639316082001,-0.8013744354248047,-0.26012295484542847,-0.19156405329704285,0.14957372844219208,0.11742155253887177,-0.04383089020848274,0.08040694147348404,-0.03654247522354126,0.02961895987391472,0.4764043688774109,0.05190256983041763,-0.5616448521614075,-0.04389370232820511,-0.1930994838476181,0.08908193558454514,0.6976597905158997,0.1159173995256424,-0.6489022374153137,-0.6428653001785278,-0.2562127709388733,0.1334616094827652,0.08972489833831787,-0.06810776889324188,1.1870009899139404,-0.07432987540960312,-0.20001356303691864,0.671882688999176,-0.6288007497787476,0.12300994247198105,1.4426041841506958,-0.005563349928706884,-0.08088772743940353,0.1016145795583725,-0.5901232957839966,0.694719135761261,-0.3027333915233612,0.061116307973861694,0.09461144357919693,-0.01748744025826454,0.7209484577178955,-0.2598344683647156,-0.3558782935142517,0.08933155983686447,-0.30302783846855164,0.37932851910591125,0.3915432095527649,-0.1800953596830368,0.11695650964975357,-0.13849277794361115,-0.2861035168170929,1.0108672380447388,0.057456810027360916,-0.03269742801785469,-0.30905967950820923,-0.2224292755126953,-0.12008965015411377,1.0430805683135986,0.05273493379354477,0.3072499632835388,-0.06295231729745865,-0.02018703892827034,0.034913115203380585,-0.051234714686870575,-0.6710116267204285,0.19159644842147827,-1.0760095119476318,0.2842424213886261,0.10178462415933609,0.34571418166160583,0.7692142724990845,0.09239178895950317,0.48180967569351196,0.046021413058042526,0.07107744365930557,-0.4326055943965912,0.003049313323572278,-0.1243908554315567,0.06449288129806519,0.2533249855041504,-0.8761798739433289,-0.23689976334571838,-0.15767472982406616,-0.1636212021112442,-0.2731209695339203,-0.22197918593883514,-0.1989404410123825,0.0813368707895279,0.008678155019879341,-0.03459743410348892,0.015214068815112114,0.27335482835769653,-0.029397141188383102,-0.7160638570785522,-0.0870729312300682,-0.02427619695663452,0.07901903986930847,-0.2175622433423996,0.31764596700668335,-0.01296765822917223,0.970866858959198,0.027469348162412643,0.1561804711818695,-0.06474427133798599,-0.04813074320554733,-0.1757725179195404,0.7208121418952942,-0.14046403765678406,0.23305635154247284,-0.20416517555713654,-0.38055258989334106,0.20598375797271729,-0.2496936321258545,0.3076542317867279,-0.4583231806755066,-0.1711125522851944,-0.0010514885652810335,-0.11648247390985489,0.04146584868431091,-0.23134681582450867,0.36697763204574585,-0.1828104555606842,-0.09652896225452423,0.26773324608802795,-0.7589202523231506,-0.3958902955055237,0.3942292630672455,0.2607830762863159,0.17490383982658386,0.9687513113021851,0.1767120659351349,-0.1557895988225937,0.3683364987373352,-0.0050948322750627995,-0.011078782379627228,-0.28867167234420776,0.07552917301654816,0.08527335524559021,0.009874117560684681,0.038534022867679596,-0.474749892950058,0.25313615798950195,-0.05828744173049927,-0.11669305711984634,0.2946358025074005,-0.07908456027507782,-0.7841084003448486,-0.9738608598709106,0.9735763669013977,-0.2544693350791931,0.06314828991889954,0.19890257716178894,-0.24348196387290955,0.005160109605640173,-0.12722475826740265,0.3801320195198059,-1.1310065984725952,0.0221791360527277,-0.39562636613845825,0.041738804429769516,0.09797874838113785,-0.35607221722602844,0.5343865156173706,-0.5096353888511658,-0.37401312589645386,-0.09841679036617279,-0.011342858895659447,-0.038904815912246704,-0.5868216753005981,-0.21873560547828674,0.4879066050052643,0.06943567097187042,0.5261533260345459,0.03047521784901619,0.4421873986721039,-0.08368925750255585,-0.1274704486131668,0.8127933740615845,0.1011078953742981,-0.3776267468929291,-0.13715921342372894,0.008823531679809093,-0.6139701008796692,-0.15391461551189423,-0.4322505593299866,0.8939808011054993,-0.0251321904361248,-0.5704923272132874,-0.046980924904346466,0.12211419641971588,0.03279922157526016,-0.0011963009601458907,0.6233116388320923,0.09753778576850891,0.3795621991157532,0.15428736805915833,-0.14596669375896454,0.11375138908624649,-0.2853715419769287,-0.16208498179912567,-0.1554594337940216,0.12886998057365417,-0.008785593323409557,-0.09701675921678543,-0.292264848947525,-0.060167789459228516,-0.31918489933013916,-0.2615894377231598,0.4714270532131195,0.1844998300075531,-0.058562327176332474,-0.028409138321876526,-0.12090498208999634,-0.08117546886205673,0.14076773822307587,0.003499399870634079,0.09299920499324799,-0.05944623798131943,-0.05817122384905815,0.10861734300851822,0.021210504695773125,-1.2164709568023682,0.06419233232736588,0.01966312900185585,-0.05680805444717407,0.35729074478149414,0.06427495181560516,-0.02394546940922737,-0.730187177658081,0.09482987225055695,0.0004072420415468514,-0.03415493294596672,0.00740775465965271,0.10428528487682343,0.7460231184959412,-0.4408366084098816,0.27801811695098877,-0.22404006123542786,-0.27676087617874146,-0.14389680325984955,0.19636860489845276,0.22918999195098877,-0.14844097197055817,0.1929771453142166,0.3399463891983032,0.03541458770632744,0.06654138118028641,-0.18555514514446259,0.5084311366081238,0.01499616913497448
CID000163742,189,0.24226947128772736,0.020199814811348915,-0.7453781962394714,0.026288023218512535,0.11013138294219971,-0.18860390782356262,-0.11604434251785278,-0.7783462405204773,-0.06557416915893555,-0.3665136396884918,0.38256964087486267,0.17098180949687958,-0.030165022239089012,0.025731300935149193,-0.08142503350973129,0.24756331741809845,0.20464789867401123,0.09638248383998871,-0.2672633230686188,-0.2547891139984131,-0.1722927987575531,0.05880912393331528,0.05655992031097412,0.16707372665405273,-0.9714428782463074,-0.8040764927864075,-0.17769379913806915,-0.049398068338632584,0.018549177795648575,-0.08227714151144028,0.8225106000900269,0.013371407985687256,0.19264985620975494,0.061714671552181244,-0.08517815172672272,0.05638543888926506,0.7779952883720398,-0.087706558406353,-0.06800908595323563,0.04610447213053703,0.15302066504955292,0.3450983762741089,0.08902570605278015,-0.177460715174675,0.0446971170604229,-0.13515543937683105,0.8867937326431274,-0.15316788852214813,-0.45633387565612793,0.07206375896930695,-1.0183250904083252,-0.0004152834299020469,0.386688768863678,-0.2407265156507492,0.061005234718322754,-0.08258789777755737,-0.046132463961839676,0.7181738615036011,-0.11250375211238861,-0.08031558990478516,-0.4045140743255615,0.02327541448175907,-0.030826378613710403,0.6770448684692383,0.008177983574569225,0.6514375805854797,-0.04149850830435753,0.08080821484327316,-0.24721553921699524,0.24944734573364258,-0.4930207133293152,-0.07255331426858902,-0.3903255760669708,0.41589266061782837,-0.014788967557251453,0.2774103283882141,0.2190302163362503,0.1050267219543457,0.8415242433547974,0.13950128853321075,-0.045223597437143326,-0.4371841847896576,0.34487977623939514,-0.040517352521419525,0.21077768504619598,0.14836592972278595,-0.49357348680496216,-0.2286681830883026,-0.1315734088420868,0.012887713499367237,-0.249119371175766,-0.18960067629814148,-0.20382265746593475,0.23888853192329407,0.0658111646771431,0.13938747346401215,-0.1472747027873993,0.43292298913002014,0.0928858071565628,-1.2854915857315063,-0.21604089438915253,-0.0509590208530426,0.24869076907634735,-0.11476607620716095,-0.01749246194958687,-0.06582150608301163,0.8088930249214172,-0.0841735228896141,0.19678933918476105,-0.03053056076169014,0.1596388816833496,-0.008640649728477001,0.06649602949619293,-0.8322784304618835,0.11790060997009277,-0.30166488885879517,-0.20139071345329285,0.15569321811199188,0.01848055049777031,0.24182648956775665,-0.26403898000717163,-0.16446247696876526,0.28377971053123474,0.2552780508995056,0.24327309429645538,-0.07093851268291473,0.04490771144628525,-0.024796688929200172,-0.37799787521362305,-0.003905183169990778,-0.6531573534011841,-0.17992697656154633,0.062012672424316406,0.1872917115688324,0.05478392913937569,0.5179985761642456,0.04202311486005783,-0.014329719357192516,0.35474324226379395,-0.13103385269641876,-0.13333049416542053,0.04109693691134453,0.10677878558635712,0.27053236961364746,-0.058378469198942184,0.034953221678733826,-0.4473820626735687,0.38252678513526917,0.025856707245111465,-0.06497865170240402,0.9916168451309204,-0.2886475920677185,-0.385081946849823,-0.7095037698745728,0.6368775367736816,0.1270112842321396,0.08491574227809906,0.13636428117752075,-0.3631741404533386,0.046348076313734055,-0.08018939942121506,0.1606728434562683,-0.8783941268920898,0.07465360313653946,-0.30135300755500793,0.07625798881053925,0.06952546536922455,-0.0631294921040535,0.9562534093856812,-0.5322225093841553,-0.2582665681838989,-0.11527594178915024,-0.024501565843820572,0.09465493261814117,-0.3060600757598877,-0.11785899102687836,0.5068389177322388,0.0596042275428772,0.4911649823188782,0.26667696237564087,0.0394134446978569,-0.07101056724786758,-0.030266324058175087,0.7976447343826294,-0.05957214906811714,-0.48334836959838867,-0.16214212775230408,-0.08316505700349808,-0.39133667945861816,-0.056563783437013626,-0.3472263813018799,1.0601234436035156,0.13214370608329773,-0.05148736760020256,0.018549853935837746,0.019036978483200073,-0.21052882075309753,-0.0220562182366848,0.9920997619628906,-0.07818382233381271,0.5372827649116516,0.19437912106513977,-0.03753601759672165,0.5026358366012573,-0.367301881313324,0.3469924330711365,-0.31499889492988586,0.08904193341732025,-0.17027448117733002,0.10161050409078598,-0.005726942326873541,0.046005669981241226,-0.02916133403778076,-0.241864874958992,0.5542962551116943,0.22682154178619385,-0.3222365975379944,0.06029593199491501,0.17731143534183502,0.2919755280017853,-0.23194754123687744,0.2133086919784546,0.1440637856721878,-0.37815019488334656,-0.16619542241096497,0.49977976083755493,-0.017646124586462975,-0.4944513738155365,-0.17552001774311066,0.00882487278431654,-0.021832671016454697,0.04054156690835953,0.10806550830602646,-0.26380306482315063,-0.5899759531021118,0.2289101630449295,0.075564444065094,-0.06671499460935593,-0.2143343985080719,-0.15754754841327667,1.3092626333236694,-0.3150486350059509,-0.07606242597103119,-0.41380444169044495,-0.173213392496109,-0.39077597856521606,-0.1166224479675293,0.1456240564584732,-0.17939621210098267,0.3235654830932617,0.22934427857398987,0.2895621955394745,-0.07811283320188522,0.13340377807617188,0.33514365553855896,0.013536321930587292
CID000123620,190,0.010472886264324188,0.07676881551742554,-0.38749638199806213,0.4169418215751648,0.08490539342164993,-0.44296568632125854,0.2685496509075165,-0.24513737857341766,0.12494006007909775,-0.36328965425491333,0.1180552989244461,-0.11779997497797012,-0.07187562435865402,-0.03548305109143257,0.10517193377017975,0.208910271525383,0.1836540699005127,-0.3737252354621887,-0.249553844332695,0.016252435743808746,0.019296178594231606,0.18464307487010956,0.5566439628601074,-0.04761933535337448,-0.45853862166404724,-0.6004611253738403,-0.5819045901298523,-0.127282977104187,0.1706920564174652,0.10221607983112335,0.37605905532836914,0.20654138922691345,0.04010748490691185,-0.09621009230613708,-0.07629420608282089,0.15281939506530762,0.12711279094219208,-0.3291332721710205,0.1457337886095047,0.01782631315290928,-0.2989368438720703,0.226009339094162,-0.35890981554985046,-0.37007325887680054,0.11465637385845184,-0.10179407894611359,0.2846066951751709,-0.06652665883302689,-0.8287652134895325,-0.06856615841388702,-0.7085234522819519,-0.05623861029744148,0.6711563467979431,-0.29756876826286316,0.011371145024895668,-0.4445350766181946,-0.13095641136169434,0.8667510747909546,0.0829855352640152,-0.08482430875301361,-0.04044967517256737,-0.15943339467048645,0.2780826687812805,0.47410479187965393,0.11207804828882217,0.6655453443527222,0.1661357879638672,-0.08297330141067505,0.13067397475242615,-0.036312006413936615,-0.7447751760482788,0.2558935582637787,-0.5036678314208984,0.40090250968933105,0.12243666499853134,0.32434237003326416,0.5003495216369629,0.36296647787094116,0.3765207529067993,0.11160401254892349,-0.10270055383443832,-0.23649188876152039,0.0899173766374588,-0.16255442798137665,-0.024103661999106407,0.09337906539440155,0.023409847170114517,0.0996641293168068,-0.12635281682014465,0.21319162845611572,-0.1805533915758133,0.02136172167956829,-0.29050683975219727,-0.01157197542488575,0.10102935135364532,-0.0313258171081543,0.07540561258792877,0.26958197355270386,0.015734519809484482,-0.46656227111816406,0.07558436691761017,0.15276207029819489,-0.17592434585094452,-0.10874484479427338,0.12065394967794418,-0.3992657959461212,0.580224871635437,0.20257696509361267,-0.06800573319196701,-0.06081999093294144,0.1531718522310257,-0.06609587371349335,0.268629252910614,-0.6697481274604797,-0.03529967740178108,-0.28686970472335815,-0.06774282455444336,0.16798481345176697,-0.02501000091433525,-0.03217028081417084,-0.1912267506122589,-0.2575629949569702,0.21795162558555603,0.23613539338111877,-0.1313534677028656,0.3638283908367157,-0.15283484756946564,-0.09068088978528976,-0.03391744941473007,0.0866638794541359,-0.5233279466629028,-0.3499557673931122,0.3619249761104584,0.058908164501190186,-0.16200509667396545,0.6121550798416138,-0.0995679646730423,0.23657891154289246,0.17784574627876282,0.017695432528853416,0.03734058886766434,0.06174395605921745,0.1162012368440628,0.3076414465904236,0.20324154198169708,0.14305606484413147,-0.09358936548233032,0.10156895965337753,-0.1816786527633667,-0.03781237453222275,0.6667352914810181,-0.22165660560131073,-0.5044817328453064,-0.33280983567237854,0.13104787468910217,0.0557505264878273,-0.1673651486635208,0.006737205199897289,-0.5357587337493896,-0.055268965661525726,0.15891298651695251,-0.4144445061683655,-0.7125635743141174,0.11442884057760239,-0.5260939598083496,-0.3523891568183899,-0.1951833814382553,0.005475219804793596,0.5862237215042114,-0.46507471799850464,-0.4325036406517029,0.08998830616474152,-0.005926963873207569,0.08971138298511505,-0.17454126477241516,-0.17069949209690094,-0.08262129127979279,0.018552135676145554,0.538496196269989,0.28379058837890625,0.3980455696582794,0.1794397383928299,-0.1988435685634613,-0.0330842062830925,-0.054131895303726196,0.025019073858857155,0.05496711656451225,-0.22314877808094025,0.024142947047948837,-0.0583779513835907,0.1012410968542099,0.44645825028419495,-0.1667662113904953,-0.3881738483905792,-0.061706703156232834,-0.11275664716959,-0.013353727757930756,0.06335671246051788,0.0397484116256237,0.08474929630756378,0.2515918016433716,0.24804791808128357,0.17562372982501984,0.09164551645517349,-0.4429628252983093,-0.19005873799324036,-0.39589962363243103,0.08911967277526855,0.04828750342130661,-0.05166799947619438,0.09050677716732025,-0.052016813308000565,-0.15239061415195465,0.015670916065573692,0.7752967476844788,0.06914655864238739,-0.12563931941986084,-0.07991083711385727,0.09890075773000717,-0.07964659482240677,0.24683575332164764,0.06417123973369598,-0.03645312041044235,-0.15835607051849365,0.020030584186315536,0.25694170594215393,-0.027942677959799767,-0.3889453411102295,0.013071959838271141,0.06813446432352066,0.14158236980438232,-0.044394783675670624,0.09464184194803238,-0.1644384264945984,-0.42797479033470154,0.11964861303567886,0.09359615296125412,0.02585870586335659,0.1288650929927826,0.32023853063583374,0.2744342088699341,-0.43168678879737854,0.12486793845891953,-0.37968364357948303,-0.010614912025630474,-0.18509621918201447,0.08103647828102112,-0.2708910405635834,-0.11755535751581192,0.43562573194503784,0.12664136290550232,0.19440855085849762,0.13521094620227814,-0.3861544132232666,-0.18165552616119385,0.09297190606594086
CID000005002,191,0.023032765835523605,-0.14291390776634216,-0.4304421842098236,0.004015159793198109,0.2674322724342346,-0.14200302958488464,-0.025607338175177574,-0.3847828507423401,-0.1849520355463028,0.1125839501619339,0.3003314137458801,0.05086402967572212,-0.00693676620721817,-0.01969956047832966,-0.043555088341236115,0.3675824701786041,0.5166724920272827,0.0812111645936966,-0.26874712109565735,0.23231928050518036,-0.16701015830039978,-0.06724323332309723,0.5168813467025757,-0.08390774577856064,-0.3147124648094177,-0.6493116021156311,-0.44171684980392456,-0.06369943171739578,0.04603438079357147,0.08211997896432877,0.3779105842113495,0.10120148956775665,-0.08705167472362518,0.3383226692676544,-0.22042474150657654,0.08947824686765671,0.8704260587692261,-0.1555182933807373,0.014559534378349781,0.035427745431661606,-0.15015888214111328,0.6126363277435303,-0.38973018527030945,0.030405104160308838,-0.013075241819024086,0.09344325959682465,0.5817921757698059,-0.07445380091667175,-0.5533214211463928,0.022127453237771988,-0.33256903290748596,0.23678283393383026,0.25608354806900024,-0.20123204588890076,0.1532517820596695,-0.39291706681251526,-0.17687813937664032,0.5551971197128296,-0.037402644753456116,-0.18482884764671326,0.11217527091503143,-0.3248935043811798,0.07367152720689774,0.7153187990188599,0.14734427630901337,0.1501733809709549,-0.24380269646644592,-0.013411561958491802,0.0063702939078211784,0.12562182545661926,-0.6311684250831604,0.14085045456886292,-0.38814184069633484,0.4923730492591858,-0.08255504071712494,0.2831641137599945,0.5549861192703247,0.4375440180301666,0.45458945631980896,-0.003319899784401059,-0.02373514510691166,-0.20310410857200623,0.06347807496786118,-0.06694553792476654,0.3030908703804016,0.3424353301525116,-0.06220667436718941,-0.08439123630523682,-0.18345297873020172,0.059637367725372314,-0.14266283810138702,-0.0027401670813560486,-0.04502709582448006,0.12190248817205429,0.1507514864206314,-0.1306302398443222,-0.287942111492157,0.215589240193367,-0.010883042588829994,-0.5250675678253174,-0.13454286754131317,-0.1463211178779602,0.12799805402755737,-0.08474896848201752,0.20641866326332092,-0.12355544418096542,0.6747848987579346,0.10810922086238861,0.2217872440814972,-0.13590165972709656,-0.10695674270391464,0.1465192586183548,0.2994379997253418,-0.08034591376781464,0.1931736171245575,-0.3055202066898346,-0.3095390200614929,-0.01804879680275917,-0.0734943300485611,-0.06898122280836105,-0.18731246888637543,-0.3560992181301117,0.018033001571893692,0.20086057484149933,-0.08033516258001328,0.14146186411380768,0.1208314448595047,0.11663544178009033,-0.15939068794250488,0.2228427678346634,-0.6323943138122559,-0.18779808282852173,0.3467574119567871,0.11675481498241425,0.06716173887252808,0.7077352404594421,0.08586044609546661,-0.2035989761352539,0.17409619688987732,-0.13663789629936218,-0.14764949679374695,-0.15800532698631287,0.09711076319217682,0.33780235052108765,0.1603194773197174,-0.07838300615549088,-0.36808472871780396,-0.1206711158156395,0.0251176655292511,-0.038200147449970245,0.19245898723602295,-0.13003268837928772,-0.5848900675773621,-0.6600706577301025,0.36662429571151733,-0.21491631865501404,0.21711190044879913,-0.11748864501714706,-0.5247353315353394,-0.09809111803770065,-0.0842999517917633,-0.15901720523834229,-0.7381600141525269,-0.004708787892013788,-0.41625434160232544,-0.006369860377162695,-0.028830569237470627,-0.15286684036254883,0.5551366806030273,-0.46164289116859436,-0.07771740853786469,-0.20166321098804474,-0.1104472428560257,-0.16064447164535522,-0.5454373359680176,-0.09159232676029205,0.2886762320995331,0.12916609644889832,0.5067553520202637,-0.11277693510055542,0.6486331224441528,-0.18086114525794983,-0.1188197135925293,0.22519025206565857,-0.05315385013818741,-0.44940799474716187,-0.05254298448562622,-0.29487454891204834,0.022439870983362198,-0.12391223758459091,-0.288428395986557,0.8273385167121887,-0.06244314834475517,-0.4609130024909973,0.1244269460439682,-0.11162541061639786,-0.105157770216465,0.07735336571931839,0.31918227672576904,-0.06374306976795197,0.33280283212661743,0.40551844239234924,-0.1399829238653183,0.05891275405883789,-0.3542730510234833,-0.2923302948474884,-0.13719752430915833,0.08558892458677292,-0.0785759836435318,-0.12568876147270203,0.17955124378204346,0.02945072017610073,0.19518877565860748,-0.20167121291160583,0.7849133014678955,0.020846500992774963,-0.13508901000022888,-0.21880412101745605,0.04628957062959671,0.20154264569282532,0.26902055740356445,0.029856160283088684,0.21135345101356506,-0.06950343400239944,0.01552408654242754,0.07629941403865814,0.0848156288266182,-0.7364944219589233,-0.31004148721694946,-0.070317342877388,-0.1034635528922081,0.20641620457172394,0.14937233924865723,-0.25851666927337646,-0.4502670168876648,0.26174625754356384,0.07930973917245865,-0.24266454577445984,-0.03517373278737068,-0.18813496828079224,0.336675763130188,-0.3451477587223053,0.037148695439100266,-0.24326658248901367,0.025856059044599533,-0.2775036692619324,0.03478331118822098,-0.07894810289144516,-0.08390136063098907,0.3040909171104431,-0.011746034026145935,0.1430295705795288,0.15685008466243744,-0.17482514679431915,0.13046355545520782,0.02209881879389286
CID000004856,192,0.34124985337257385,-0.2165975570678711,-0.7419666647911072,-0.00158940558321774,0.32073545455932617,-0.3061832785606384,0.18671227991580963,-0.7626993656158447,0.14076951146125793,-0.40395888686180115,0.4792349934577942,0.15740372240543365,-0.07826775312423706,0.03394909203052521,0.08495752513408661,0.3076069951057434,0.14111511409282684,0.10260583460330963,-0.3339384198188782,-0.05558757111430168,0.06616882979869843,-0.03151072934269905,0.3416603207588196,-0.1315557211637497,-1.094868540763855,-0.717207133769989,-0.42106908559799194,-0.057752858847379684,0.20759478211402893,-0.024121928960084915,0.750760555267334,0.10933665186166763,0.16804654896259308,0.21225950121879578,-0.20604486763477325,0.02856358326971531,0.3531442880630493,0.058973945677280426,0.1852608621120453,-0.02649768628180027,0.19382089376449585,0.4378117620944977,-0.3095110058784485,-0.18499046564102173,0.1566603034734726,-0.006450776010751724,0.901079535484314,-0.23726105690002441,-0.6366272568702698,0.04854054003953934,-0.8170334696769714,-0.2976180911064148,0.5957059860229492,-0.17586013674736023,-0.015126461163163185,-0.2896828055381775,-0.05165712907910347,0.8381195068359375,-0.07776863873004913,-0.11152501404285431,-0.22662079334259033,0.09583981335163116,-0.00745010981336236,0.327859491109848,0.06787703186273575,0.4541751444339752,0.26379936933517456,-0.04024637117981911,-0.024141667410731316,0.05785895138978958,-0.3538391590118408,0.10630305111408234,-0.42076030373573303,0.42513513565063477,-0.2834494709968567,0.22447362542152405,0.28293102979660034,-0.02787802740931511,0.5313003659248352,0.11637832969427109,-0.06974448263645172,-0.355660080909729,0.09352336078882217,0.039970625191926956,0.1709240972995758,0.2282232940196991,-0.8131334185600281,-0.08188975602388382,-0.07194320857524872,0.05472046881914139,-0.2302442491054535,-0.1878538429737091,-0.3057044744491577,0.24703606963157654,0.08729846775531769,0.22087888419628143,0.03695477172732353,0.08468572795391083,-0.025149423629045486,-1.5021177530288696,-0.2871966063976288,0.1297878473997116,0.026779990643262863,-0.25515928864479065,0.12217960506677628,-0.08125568181276321,0.8835443258285522,-0.07573404163122177,-0.021634304895997047,-0.032224349677562714,0.05932527035474777,0.13591112196445465,0.15975280106067657,-0.7478415369987488,0.1714053899049759,-0.2964197099208832,-0.21894244849681854,0.09425119310617447,0.29060935974121094,0.21760399639606476,-0.06698501855134964,-0.28928789496421814,0.046256761997938156,0.11661406606435776,0.20291456580162048,0.0035904408432543278,0.2089904546737671,-0.027173668146133423,-0.20860648155212402,0.09012183547019958,-0.445030152797699,0.058189719915390015,0.30264797806739807,0.07548840343952179,-0.18458379805088043,0.5281816720962524,-0.06819573044776917,0.009387493133544922,0.3489590287208557,-0.24853456020355225,0.02506561018526554,0.0860280841588974,0.12015104293823242,0.347871333360672,0.08365266025066376,0.21594169735908508,-0.49146953225135803,0.4135354459285736,-0.25536760687828064,-0.2546458840370178,0.7574223875999451,-0.21325936913490295,-0.45347166061401367,-0.8522945642471313,0.6809846758842468,0.053787071257829666,0.006139212753623724,0.26677384972572327,-0.4647212028503418,0.1524275541305542,0.040027447044849396,-0.030815016478300095,-0.889528751373291,0.017362486571073532,-0.49772968888282776,0.13088691234588623,-0.033916641026735306,-0.1340407431125641,1.1811976432800293,-0.6696966886520386,-0.28948909044265747,0.07073761522769928,0.06493083387613297,0.23796872794628143,-0.3617960810661316,-0.34227848052978516,0.27534133195877075,-0.09781268239021301,0.5242390036582947,0.4748378396034241,0.3402630686759949,-0.1153203472495079,0.09371577948331833,0.8576310276985168,-0.19704070687294006,-0.35022541880607605,-0.20253829658031464,-0.22435739636421204,-0.18346068263053894,-0.13767185807228088,-0.44133812189102173,1.37388014793396,-0.09323351085186005,-0.21133236587047577,-0.09838767349720001,-0.1269197016954422,-0.23326757550239563,0.032664552330970764,1.2710379362106323,-0.26397716999053955,0.5359693765640259,0.35397377610206604,-0.1923496276140213,0.8872770071029663,-0.5170535445213318,0.08989621698856354,-0.39486777782440186,0.019432637840509415,-0.07032174617052078,0.03041245974600315,-0.10023225843906403,0.036639049649238586,0.011427748017013073,-0.20519740879535675,0.37857162952423096,0.14929190278053284,-0.3168318271636963,-0.16282929480075836,0.06977127492427826,-0.10909025371074677,0.04502953961491585,0.11428002268075943,-0.1343725174665451,-0.3033108711242676,-0.0020821690559387207,0.3623669445514679,0.0900222584605217,-0.3870602548122406,-0.2624238431453705,0.1532779484987259,0.1866898238658905,0.011479848995804787,0.460610955953598,-0.2527230679988861,-0.6373751163482666,0.022093165665864944,-0.09818919748067856,-0.2188435047864914,-0.15193447470664978,-0.18952247500419617,1.2726457118988037,-0.32696738839149475,0.07363405078649521,-0.46972376108169556,-0.05217155069112778,-0.5019704103469849,-0.1639135479927063,-0.09498206526041031,0.0902772769331932,0.46887117624282837,0.24166443943977356,0.04475431889295578,0.045250050723552704,-0.1286432445049286,0.3328297734260559,0.04587392136454582
CID000002249,193,0.33360204100608826,0.024244368076324463,-0.5900481939315796,-0.1515379250049591,0.44637027382850647,-0.23388555645942688,-0.011444109492003918,-0.6550941467285156,-0.0933709368109703,0.18025366961956024,0.5901253819465637,-0.03937450796365738,-0.10656069219112396,-0.1484641134738922,0.12449021637439728,0.29932841658592224,0.4863664507865906,0.053264401853084564,-0.18367215991020203,0.1784937083721161,-0.3276771306991577,0.06083759665489197,0.7791693210601807,0.08890777826309204,-0.5027672648429871,-0.5767431259155273,-0.4796040952205658,-0.45025935769081116,0.3789494037628174,-0.3431647717952728,0.4363776743412018,0.040877871215343475,-0.15233571827411652,-0.08099403232336044,-0.4044245779514313,0.15295812487602234,0.7119786739349365,-0.2163805067539215,-0.19218316674232483,-0.26614445447921753,-0.544796884059906,0.615515410900116,-0.5426363348960876,-0.041819483041763306,-0.08058690279722214,0.13297691941261292,0.7255488634109497,0.0446275994181633,-0.5432748794555664,0.011319971643388271,-0.2780821621417999,0.2865057587623596,0.549256443977356,-0.29676130414009094,-0.09328155964612961,-0.46439123153686523,0.12176265567541122,1.3444403409957886,0.11803718656301498,-0.31637758016586304,-0.01702178455889225,-0.368774950504303,-0.17261849343776703,0.7773711085319519,-0.036237932741642,0.5790508389472961,0.12502184510231018,0.1973271518945694,0.004028980620205402,0.21232521533966064,-1.0246063470840454,0.0689665824174881,-0.6326801180839539,0.25725775957107544,-0.09918566048145294,0.4319133758544922,0.3944982886314392,0.2676006853580475,0.1903240829706192,-0.19412651658058167,-0.38347911834716797,-0.3867807984352112,-0.060318171977996826,0.1582043468952179,0.4031692445278168,0.16278411448001862,-0.2108064889907837,-0.007104224059730768,-0.2258203774690628,0.04387130215764046,-0.015865705907344818,0.12392972409725189,-0.1785704344511032,-0.07331220805644989,-0.19095000624656677,-0.15557070076465607,-0.14109431207180023,0.26497524976730347,-0.16382309794425964,-0.6582814455032349,-0.2335396707057953,-0.1567978709936142,-0.14527365565299988,-0.12019520998001099,-0.01038757897913456,-0.4504226744174957,0.5360317826271057,0.1767396330833435,0.04006274417042732,-0.11215861141681671,-0.09864388406276703,0.007342860102653503,1.0559765100479126,-0.2415519654750824,-0.044742975383996964,-0.23472633957862854,-0.276385635137558,-0.16216029226779938,0.1556452512741089,0.08724399656057358,-0.21196147799491882,-0.1307486593723297,0.0960107296705246,0.07047122716903687,-0.19534891843795776,0.3452198803424835,0.2088201493024826,0.17203503847122192,-0.29803788661956787,0.13103683292865753,-0.5813159346580505,0.22252953052520752,0.4120212495326996,-0.031288206577301025,0.11990173161029816,0.5349308252334595,0.10526029020547867,-0.5161486864089966,0.5165504217147827,-0.04931607097387314,-0.04600610211491585,-0.08412674814462662,0.12129640579223633,0.09936238825321198,0.05053289979696274,-0.11323006451129913,-0.29825860261917114,-0.008289575576782227,0.18652887642383575,-0.07982992380857468,0.37476852536201477,0.0014979153638705611,-0.7904975414276123,-0.9411171674728394,0.5433855056762695,-0.47477179765701294,-0.10031411796808243,0.1558319330215454,-0.8832892179489136,-0.01185647863894701,0.16993781924247742,-0.28602179884910583,-0.7968887090682983,0.059931181371212006,-0.5721526741981506,-0.3023272454738617,0.07201623916625977,0.10830657184123993,0.37267035245895386,-0.44882088899612427,-0.33543533086776733,-0.0442890003323555,-0.07523516565561295,-0.16989709436893463,-0.8625272512435913,0.019561540335416794,0.5041854977607727,-0.04479048401117325,0.6767381429672241,0.2341141253709793,0.30566927790641785,0.05003632232546806,-0.02551233395934105,0.20451641082763672,0.12613308429718018,-0.015456992201507092,0.04710428789258003,-0.180434912443161,-0.23302578926086426,-0.37260186672210693,-0.36285334825515747,0.5963338017463684,-0.059780269861221313,-0.35394802689552307,-0.17758160829544067,0.09889310598373413,0.0018409974873065948,-0.08060277998447418,0.1561310589313507,0.027074789628386497,0.4930535852909088,0.1091669350862503,-0.27415329217910767,-0.03645644336938858,-0.37021416425704956,-0.2593177556991577,-0.18499590456485748,-0.1994629204273224,0.25389915704727173,-0.09797067940235138,0.34788674116134644,0.03050956502556801,0.33077937364578247,-0.12573471665382385,0.8230764269828796,0.11960165202617645,-0.13672055304050446,-0.34212368726730347,-0.05167941004037857,-0.049112312495708466,0.3797968029975891,-0.05325329303741455,0.03143058717250824,0.059163473546504974,-0.19275259971618652,0.10906388610601425,-0.06549473851919174,-1.049426794052124,-0.08669249713420868,0.16007845103740692,0.15676812827587128,0.10614095628261566,-0.018381793051958084,-0.5709355473518372,-0.8401896357536316,0.09911153465509415,-0.1688736379146576,-0.016043037176132202,0.0029673785902559757,-0.14477847516536713,0.17107804119586945,-0.6110522150993347,0.0321040153503418,-0.21029694378376007,-0.02606668695807457,-0.38397645950317383,0.08228226006031036,-0.05903712660074234,-0.2043646275997162,0.19002889096736908,-0.11364314705133438,-0.15998323261737823,0.1104380339384079,-0.24133464694023132,0.13751867413520813,-0.03960157558321953
CID000003419,194,0.06286423653364182,-0.18786127865314484,-0.42892393469810486,0.030388230457901955,0.2633264660835266,-0.12274887412786484,0.06238202378153801,-0.40322524309158325,-0.27582675218582153,0.1730000525712967,0.4304046034812927,0.03246709704399109,-0.007910424843430519,-0.15604890882968903,-0.07220026105642319,0.19830170273780823,0.34603452682495117,0.08625982701778412,-0.2841062545776367,0.08839206397533417,-0.11709959805011749,0.008056740276515484,0.4370432496070862,-0.007360315416008234,-0.4483075737953186,-0.5973514318466187,-0.2855042815208435,-0.3288135826587677,0.13794025778770447,-0.18056419491767883,0.40742024779319763,-0.07987724989652634,-0.20211729407310486,-0.027790090069174767,-0.190211683511734,0.2378581464290619,0.2821444272994995,-0.08982430398464203,-0.0348995216190815,0.015357613563537598,-0.14143121242523193,0.368894100189209,-0.4188426434993744,0.1261698305606842,-0.06559787690639496,-0.02785758674144745,0.5975617170333862,-0.04321158304810524,-0.44870319962501526,0.008453773334622383,-0.3871053159236908,0.5861174464225769,0.36538973450660706,-0.27302807569503784,0.06808105856180191,-0.3632904887199402,-0.12122482061386108,0.6553710699081421,0.03083674982190132,-0.08077381551265717,0.24441008269786835,-0.24632525444030762,0.1067032590508461,0.8357371091842651,0.30799564719200134,0.3816145062446594,-0.2935910224914551,0.11816313117742538,-0.032500557601451874,0.0720382034778595,-0.7575408220291138,0.06633683294057846,-0.22905707359313965,0.29647356271743774,-0.09881286323070526,0.45822566747665405,0.30279141664505005,0.32046908140182495,0.4273414611816406,-0.0633862093091011,0.027538079768419266,-0.2466696798801422,-0.2056463062763214,-0.04157329350709915,0.32550904154777527,0.35766780376434326,-0.057712554931640625,-0.013618452474474907,-0.16521070897579193,0.09362010657787323,0.05924365669488907,-0.005868598818778992,-0.02435745671391487,-0.00046771764755249023,0.11039416491985321,-0.13199079036712646,-0.37142905592918396,0.481584370136261,-0.05946793407201767,-0.4319249987602234,-0.11366157233715057,-0.10378217697143555,0.01657223142683506,-0.08651919662952423,0.24467793107032776,-0.23677881062030792,0.49955177307128906,0.13267472386360168,0.17557425796985626,-0.028378725051879883,-0.13816724717617035,0.00337659427896142,0.39249688386917114,-0.21737830340862274,0.18688443303108215,-0.23316740989685059,-0.11949750036001205,-0.05012594908475876,-0.11649005115032196,-0.08867768943309784,-0.22004809975624084,-0.2373790442943573,-0.05892428010702133,0.17649224400520325,-0.08625157922506332,0.1434398591518402,0.24312368035316467,0.10017795860767365,-0.1105618104338646,0.28673064708709717,-0.6185452342033386,-0.1295982450246811,0.39565759897232056,0.18905699253082275,0.08942090719938278,0.6812201738357544,0.04717443510890007,-0.1762678176164627,0.18894359469413757,-0.11375334113836288,0.02875916287302971,-0.050570059567689896,0.0911516398191452,0.18346667289733887,0.16453152894973755,-0.03182268887758255,-0.3957451283931732,0.10040702670812607,-0.05675853043794632,0.020658353343605995,0.5200709104537964,-0.022160928696393967,-0.6053141355514526,-0.6834861040115356,0.3901735246181488,-0.3437754511833191,0.10475970804691315,-0.04778289049863815,-0.626370370388031,-0.09937817603349686,-0.09286369383335114,-0.2648581266403198,-0.7871793508529663,0.15996471047401428,-0.45727449655532837,-0.023423220962285995,-0.0502803809940815,-0.027381205931305885,0.5423852205276489,-0.5820523500442505,-0.03642592951655388,-0.22690041363239288,-0.08337189257144928,0.025728702545166016,-0.678154706954956,-0.12448783963918686,0.3552700877189636,0.03136240318417549,0.5622254014015198,-0.2971656322479248,0.6889781951904297,-0.2286941111087799,-0.0946359857916832,0.17595627903938293,-0.01459879707545042,-0.38695043325424194,-0.08835164457559586,-0.3376716077327728,0.2306523621082306,-0.16170504689216614,-0.3201432228088379,0.6862470507621765,-0.1607096940279007,-0.3242025375366211,0.09359584748744965,-0.12420918792486191,-0.24464817345142365,0.04724591225385666,0.23219570517539978,0.0640023723244667,0.5122532248497009,0.22938700020313263,-0.17518997192382812,-0.10159575939178467,-0.5237632989883423,-0.3537808060646057,-0.22539332509040833,0.0599927194416523,-0.028331926092505455,0.0678233951330185,0.13632100820541382,0.036639221012592316,0.14162889122962952,-0.2565436363220215,0.855494499206543,0.09564591199159622,-0.0974854975938797,-0.22630524635314941,-0.0474390909075737,0.12188193947076797,0.3419193625450134,0.0029587210156023502,0.22142422199249268,-0.023930707946419716,-0.20704209804534912,0.162506103515625,-0.08752304315567017,-0.8789920806884766,-0.22961226105690002,0.05604015663266182,-0.006392654962837696,0.07012823224067688,0.1974974274635315,-0.30266720056533813,-0.6337321996688843,0.2877546548843384,0.2004404515028,-0.06563656032085419,0.05527673289179802,-0.22158578038215637,0.31498226523399353,-0.4709242880344391,-0.21554294228553772,-0.2641295790672302,-0.07021796703338623,-0.39732101559638977,0.03925687447190285,-0.038009800016880035,-0.020013347268104553,0.3139171004295349,0.02826015278697014,0.15187522768974304,0.11815854161977768,-0.2799486219882965,0.11760898679494858,-0.17616073787212372
CID000002141,195,0.1697029173374176,-0.3346872925758362,-0.5760666728019714,0.25876063108444214,0.6324607133865356,0.10870586335659027,-0.09952286630868912,-0.7530931234359741,-0.2694382667541504,-0.03140904754400253,0.132533997297287,0.14992113411426544,0.024236734956502914,-0.1435977816581726,0.032189853489398956,-0.16622701287269592,0.4511736035346985,0.026404093950986862,-0.27152523398399353,0.2587125897407532,-0.04339363053441048,0.08590789139270782,0.4157010018825531,0.05739152431488037,-0.3121603727340698,-0.6181961297988892,-0.2541349530220032,-0.3079623579978943,0.1449374109506607,-0.18813404440879822,0.6794939041137695,0.09634258598089218,-0.19071392714977264,0.31717270612716675,-0.45989665389060974,0.2311561405658722,1.0883219242095947,0.02594086527824402,0.08369835466146469,-0.04827291518449783,-0.3124240040779114,0.7747851610183716,-0.2965541481971741,0.08462058007717133,0.027396809309720993,-0.119327113032341,0.6674965023994446,-0.10497555881738663,-0.22323396801948547,0.12027499824762344,-0.41926702857017517,0.13126173615455627,0.2859783470630646,-0.04483530670404434,0.10116551071405411,-0.3516339063644409,-0.19840511679649353,0.7970911264419556,0.17435339093208313,0.01698039099574089,-0.14550234377384186,-0.2460341900587082,0.035112958401441574,0.7715097069740295,-0.0364050567150116,0.30255383253097534,-0.0055246734991669655,0.06959015130996704,-0.26107320189476013,0.095977783203125,-0.676210343837738,0.06857751309871674,-0.9273905754089355,0.3341372609138489,0.2525167465209961,0.2559214234352112,0.6836977005004883,0.2732025980949402,0.4912664294242859,0.17289164662361145,-0.026587044820189476,-0.5878196954727173,0.009261143393814564,-0.058318085968494415,-0.16052186489105225,0.28785765171051025,-0.31297415494918823,-0.20010900497436523,0.31672731041908264,-0.006431507878005505,0.10291912406682968,-0.26846522092819214,-0.03829745948314667,-0.005508053116500378,-0.07054316997528076,-0.030543411150574684,0.09463299810886383,0.2689104676246643,0.08477091044187546,-0.5152520537376404,-0.1654387265443802,-0.04055529460310936,0.13646838068962097,-0.1804448515176773,0.014249968342483044,-0.3141827881336212,0.6592155694961548,-0.3297281861305237,0.1275131106376648,-0.04282320290803909,0.11392631381750107,0.05573657155036926,0.6047163605690002,-0.2513302266597748,-0.09726247936487198,-0.015751268714666367,-0.38149377703666687,0.07389862835407257,-0.11111368983983994,0.10022825002670288,-0.421586811542511,-0.2920225262641907,0.04374849796295166,0.04086340218782425,-0.11624900996685028,0.14108173549175262,0.4079045355319977,-0.2137962281703949,-0.005288449581712484,0.31299394369125366,-0.7467918395996094,-0.1416647881269455,0.46207207441329956,-0.026629019528627396,-0.08467233180999756,0.7475622892379761,0.17881134152412415,-0.058743834495544434,0.31816366314888,-0.18937994539737701,-0.048938196152448654,-0.24784302711486816,0.1394445151090622,0.228289395570755,0.16975459456443787,0.16033002734184265,-0.20076899230480194,0.2828156352043152,-0.18985503911972046,-0.1809448003768921,0.42032694816589355,0.11481831222772598,-0.6374403238296509,-0.7427054643630981,0.7580169439315796,-0.5401440858840942,-0.1456354409456253,0.17585167288780212,-0.4888293147087097,-0.09123135358095169,0.21054300665855408,0.27401795983314514,-0.7359048128128052,0.21370749175548553,-0.42084282636642456,-0.14730435609817505,0.022517135366797447,0.009746258147060871,0.5456700325012207,-0.3493611514568329,-0.24882252514362335,-0.08839984238147736,0.06628330796957016,0.019592616707086563,-0.8066786527633667,-0.21562239527702332,0.8100221753120422,-0.06529650837182999,0.5173579454421997,0.10714999586343765,0.5160340070724487,-0.19334520399570465,-0.1513543576002121,0.4261813759803772,-0.10999585688114166,-0.4013858735561371,0.10980243980884552,-0.06825493276119232,-0.5102293491363525,-0.12812888622283936,-0.26001447439193726,0.7671247720718384,0.023512473329901695,-0.2688602805137634,0.06986336410045624,-0.0016362785827368498,0.13257358968257904,0.11501245200634003,0.32599732279777527,0.10089089721441269,0.36238545179367065,-0.09065160900354385,0.05601155757904053,0.04348020628094673,-0.21676555275917053,-0.007807987742125988,-0.0828513652086258,0.13435295224189758,-0.1739843338727951,0.1126280277967453,-0.021117065101861954,0.008774696849286556,-0.2259736955165863,-0.16233381628990173,0.5902721285820007,0.2630256414413452,0.30375897884368896,-0.0992526188492775,-0.3914259970188141,-0.033999063074588776,0.2692330777645111,0.06474004685878754,0.18522731959819794,0.07440190017223358,0.15458020567893982,0.01731131784617901,-0.133962482213974,-0.8432428240776062,-0.030003130435943604,0.05090297386050224,-0.043182749301195145,0.09439297765493393,0.034733086824417114,-0.2650524973869324,-0.6785716414451599,0.10131208598613739,0.014084557071328163,0.043681152164936066,-0.046452224254608154,-0.043551184237003326,0.451163113117218,-0.34169405698776245,0.10440760850906372,-0.01230426412075758,-0.30463963747024536,-0.3792838454246521,0.11030064523220062,0.17237736284732819,-0.3360723555088043,0.2147442102432251,0.04944286495447159,0.0010524600511416793,0.10415514558553696,-0.22415781021118164,0.18570010364055634,0.22635984420776367
CID005311039,196,0.13545644283294678,0.015849759802222252,-0.5089264512062073,-0.17736460268497467,0.4465469419956207,-0.15631411969661713,0.04381892830133438,-0.774196982383728,-0.07529884576797485,-0.3242144286632538,0.3988281786441803,-0.09981073439121246,-0.14338615536689758,-0.08561421185731888,-0.06673412024974823,0.10906100273132324,0.306952565908432,0.0005622804164886475,-0.47870635986328125,0.15457752346992493,-0.3694542944431305,0.12540891766548157,0.3926795721054077,-0.1856836974620819,-0.842538058757782,-0.721401035785675,-0.07563725858926773,-0.41527849435806274,0.28562992811203003,-0.3091858923435211,0.9128414988517761,0.032550401985645294,-0.04821197688579559,0.18351206183433533,-0.561149001121521,0.153804212808609,0.2522660195827484,-0.06004353240132332,0.03044893778860569,-0.09811241179704666,-0.5817616581916809,0.2767217457294464,-0.3564700186252594,-0.13988466560840607,0.11004313081502914,0.026641014963388443,0.6308600902557373,-0.012626740150153637,-0.7761784195899963,0.09886608272790909,-0.8143722414970398,0.4440869390964508,0.6125309467315674,-0.03762906789779663,0.05300714820623398,-0.19087406992912292,-0.05477461218833923,0.8440736532211304,0.3096153140068054,0.16875389218330383,-0.2156130075454712,-0.06302036345005035,-0.05838581174612045,0.9061732292175293,0.18331073224544525,0.4311946928501129,-0.09707070887088776,-0.024707598611712456,0.004047269932925701,0.05653095245361328,-0.8785339593887329,0.10984112322330475,-0.48524779081344604,0.156162828207016,-0.05169590562582016,0.5271493792533875,0.33895933628082275,0.20830579102039337,0.638782799243927,-0.06751570105552673,-0.06598377227783203,-0.2502812445163727,0.015218088403344154,0.1611787974834442,0.21203796565532684,0.5422142744064331,-0.9056295156478882,-0.14171580970287323,-0.24540820717811584,0.09644573926925659,-0.21449685096740723,-0.1783980429172516,-0.22615818679332733,0.03470437601208687,0.0016884207725524902,-0.3018829822540283,-0.28964710235595703,0.30652812123298645,0.04228901118040085,-0.7829344272613525,-0.2472713738679886,0.017671238631010056,0.20878379046916962,-0.05820769816637039,0.17166677117347717,-0.30779263377189636,0.757401704788208,-0.04999997094273567,0.11215338855981827,-0.013909831643104553,-0.06988521665334702,-0.09373064339160919,0.5578276515007019,-0.6699646711349487,0.3514140546321869,-0.14288181066513062,-0.23616227507591248,0.11768008768558502,0.10553338378667831,0.17262430489063263,-0.2095228135585785,-0.34538963437080383,-0.191310852766037,0.07751172035932541,0.12951497733592987,0.07617981731891632,0.2688606083393097,0.20693664252758026,-0.036421999335289,0.2036350518465042,-0.6959903836250305,0.12002842128276825,0.5572799444198608,0.036630358546972275,-0.008133888244628906,0.7224522233009338,0.2868378758430481,-0.09973476082086563,0.28701871633529663,0.026279902085661888,-0.1923760175704956,-0.119193434715271,0.24222402274608612,0.12216655164957047,0.09911932051181793,-0.15020015835762024,-0.6276284456253052,-0.008011817932128906,0.25064271688461304,-0.003905176417902112,0.7756113409996033,-0.3131789565086365,-0.6049734950065613,-0.9371681213378906,0.9914767146110535,-0.2763689160346985,0.024475613608956337,0.1942741572856903,-0.42603468894958496,-0.08200100809335709,-0.014839505776762962,0.027757883071899414,-0.8231617212295532,0.2310808151960373,-0.5748578310012817,-0.14463241398334503,0.00847817026078701,-0.048497505486011505,0.2646936774253845,-0.5475620031356812,-0.010696528479456902,-0.5791951417922974,-0.031026829034090042,-0.22945177555084229,-0.63226717710495,0.07484374940395355,0.376554012298584,0.04677128046751022,0.42419490218162537,-0.16443070769309998,0.44107168912887573,-0.33731240034103394,-0.26707255840301514,0.7891324162483215,0.11057491600513458,-0.7072365880012512,0.011865442618727684,-0.16679465770721436,-0.14826355874538422,-0.1823737919330597,-0.6356045007705688,0.6535667181015015,-0.13146358728408813,-0.2276645004749298,0.13268446922302246,0.0674315094947815,-0.27692121267318726,-0.15935561060905457,0.2594043016433716,0.05147949978709221,0.5174691081047058,0.23739349842071533,-0.03218282386660576,0.09291678667068481,-0.5175812840461731,-0.0556478425860405,-0.23942343890666962,-0.011826911941170692,0.05811942368745804,0.07343155145645142,-0.03149326890707016,0.06506136804819107,0.18029887974262238,-0.2894754111766815,0.5516761541366577,0.2515718340873718,-0.19595515727996826,-0.23210963606834412,0.17580652236938477,0.14527609944343567,0.3164779543876648,-0.12843091785907745,0.17359516024589539,-0.004331952426582575,-0.2774204611778259,0.2552224397659302,0.01127920113503933,-0.7821610569953918,-0.10793347656726837,-0.033106379210948944,-0.08407049626111984,0.21420657634735107,0.18361148238182068,-0.2808590531349182,-0.9549230337142944,0.3146054446697235,-0.21001188457012177,-0.14947427809238434,-0.08585085719823837,-0.13951651751995087,0.3347034156322479,-0.32981979846954346,-0.03300260379910469,-0.14025188982486725,-0.0012202501529827714,-0.26178163290023804,0.0670851469039917,-0.10504939407110214,-0.14187148213386536,0.31078383326530457,-0.09135736525058746,-0.21745853126049042,-0.06903323531150818,-0.07207217067480087,0.23108510673046112,-0.053861577063798904
CID000002812,197,0.014759361743927002,-0.17972023785114288,-0.530863344669342,0.22645094990730286,0.29984861612319946,-0.08357788622379303,-0.04684218391776085,-0.544193685054779,-0.1611795723438263,-0.030271822586655617,0.3897980749607086,0.08896887302398682,-0.07039427012205124,0.014064058661460876,0.017452025786042213,0.18694321811199188,0.11294128745794296,0.15348394215106964,-0.1285163313150406,0.2125387191772461,-0.10526050627231598,0.13714605569839478,0.41320234537124634,-0.07079918682575226,-0.4247835576534271,-0.8213908076286316,-0.6331733465194702,0.22221970558166504,-0.015484893694519997,0.11743124574422836,0.6790963411331177,0.07781979441642761,-0.07635094225406647,0.43041086196899414,-0.13753387331962585,0.16906633973121643,0.8619500994682312,-0.048898134380578995,0.03933088481426239,0.11547315120697021,0.11667466163635254,0.4592509865760803,-0.3962920904159546,0.08693701028823853,-0.06102459505200386,0.1632969081401825,0.6115249395370483,-0.23621150851249695,-0.39340710639953613,0.011071679182350636,-0.47196802496910095,0.1078229695558548,0.31788861751556396,-0.26211661100387573,0.3088347911834717,-0.2675238251686096,-0.3147564232349396,0.42093586921691895,0.11254806816577911,-0.01547617930918932,-0.1480872929096222,-0.19773420691490173,-0.2525503933429718,0.5984305143356323,0.05139996483922005,0.12788791954517365,-0.15898917615413666,-0.21488237380981445,-0.008177725598216057,0.06073781102895737,-0.5350022315979004,0.2869325280189514,-0.6643210053443909,0.5809231400489807,0.11421433836221695,0.4039888381958008,0.687665581703186,0.17990131676197052,0.525538980960846,0.0003221258521080017,-0.07284827530384064,-0.12611351907253265,0.03730802610516548,-0.11050324141979218,0.13621073961257935,0.3496708273887634,-0.17290151119232178,-0.16024155914783478,-0.05663163214921951,0.17524418234825134,-0.23015227913856506,-0.08335711807012558,-0.04725116491317749,0.09176810085773468,0.1650339663028717,-0.07142877578735352,-0.0785091295838356,0.2343086451292038,-0.012564483098685741,-0.7866390943527222,-0.02809366025030613,-0.14748558402061462,-0.03998025134205818,0.0110090933740139,0.24922218918800354,0.10177133232355118,1.134127140045166,-0.12472574412822723,0.2803511917591095,0.0065936921164393425,-0.1458529829978943,0.03729364648461342,0.2741398215293884,-0.16202141344547272,0.18705174326896667,-0.4054225981235504,-0.3872012495994568,-0.028004545718431473,-0.09979980438947678,0.22821566462516785,-0.2785295844078064,-0.25017213821411133,0.14760735630989075,-0.03422672301530838,-0.08885848522186279,0.00786294974386692,0.342478483915329,0.039423830807209015,-0.35471975803375244,0.23909063637256622,-0.6627697944641113,-0.41159695386886597,0.31130141019821167,0.23664703965187073,0.05139593407511711,0.7427358627319336,0.07813817262649536,-0.25713926553726196,0.2777290940284729,-0.17528703808784485,-0.03618033230304718,-0.17868131399154663,0.010953277349472046,0.08745117485523224,0.20733408629894257,0.0315181203186512,-0.23928265273571014,-0.03781547397375107,-0.02016538940370083,0.028460707515478134,0.210985466837883,-0.17450380325317383,-0.582748532295227,-0.5928084254264832,0.45164981484413147,-0.1293652057647705,0.3347988724708557,0.051365502178668976,-0.3329007029533386,-0.07161839306354523,-0.03390542417764664,0.2152022421360016,-0.9599801301956177,0.1588391214609146,-0.30874544382095337,0.06827389448881149,0.002180060837417841,-0.16780364513397217,0.8250194787979126,-0.49459439516067505,-0.2176506221294403,-0.08912881463766098,0.00959424115717411,-0.11076215654611588,-0.6197369694709778,-0.2284410446882248,0.4677651822566986,0.00902132224291563,0.5099303126335144,-0.025286894291639328,0.614845335483551,-0.21442076563835144,-0.18414291739463806,0.41114816069602966,-0.08033423870801926,-0.6197643280029297,-0.045802921056747437,-0.13291160762310028,-0.30429941415786743,-0.09948311746120453,-0.44191402196884155,1.1049119234085083,-0.07960588485002518,-0.36011821031570435,0.11172890663146973,-0.15349125862121582,-0.04553670808672905,0.1773376762866974,0.42564231157302856,-0.14212368428707123,0.3213377594947815,0.4340902864933014,-0.0912969559431076,0.11987169086933136,-0.3512011170387268,-0.21498222649097443,-0.16665945947170258,0.05502244085073471,-0.1840912401676178,-0.16872812807559967,-0.17774806916713715,-0.048239123076200485,-0.14868053793907166,-0.2974410653114319,0.8326730728149414,0.0032134042121469975,-0.11487692594528198,-0.3346330523490906,-0.04825957491993904,0.07945715636014938,0.1553724706172943,0.0668521523475647,0.1739726960659027,-0.13874325156211853,0.16056524217128754,-0.010107246227562428,0.023125942796468735,-0.5752725005149841,-0.20734545588493347,-0.06317519396543503,-0.23841437697410583,0.07184254378080368,0.11917593330144882,-0.09865109622478485,-0.46290573477745056,-0.039308879524469376,0.16234339773654938,-0.18759535253047943,0.03102940320968628,0.007209557108581066,0.8111480474472046,-0.3275771737098694,0.09183864295482635,-0.3298622965812683,-0.04859139770269394,-0.3722933232784271,0.08998490869998932,0.23001956939697266,-0.1168787032365799,0.21889731287956238,0.31192806363105774,0.0067113726399838924,0.2649553418159485,-0.19340205192565918,0.25637638568878174,0.058374930173158646
CID000005152,198,0.1979556679725647,-0.13956595957279205,-0.6468619108200073,0.04395545646548271,0.42505207657814026,0.12288597971200943,-0.1222374215722084,-0.6521036624908447,-0.3894135355949402,-0.3834642767906189,0.33947545289993286,-0.12195096164941788,-0.1485886126756668,-0.2297477275133133,0.12242060899734497,0.18190596997737885,0.9236069917678833,-0.018088122829794884,-0.439826637506485,0.19193881750106812,0.042116679251194,-0.24968993663787842,0.5768369436264038,0.13293448090553284,-0.4907008111476898,-0.42733389139175415,-0.2584276497364044,-0.3320980668067932,0.5071002840995789,0.017289703711867332,0.9585140347480774,0.05104393884539604,-0.08669336140155792,0.575781524181366,-0.421377569437027,-0.11345533281564713,1.2591545581817627,-0.17288008332252502,0.04029783606529236,-0.10535876452922821,-0.8248212933540344,0.838051974773407,-0.32606491446495056,-0.08047036826610565,0.12230630218982697,0.1560930460691452,0.733559250831604,0.3440813422203064,-0.5976983308792114,0.06737339496612549,-0.5105507969856262,0.21105611324310303,0.3171575963497162,-0.023641765117645264,0.008729303255677223,-0.5155636072158813,0.02204805612564087,0.889593243598938,0.06847734749317169,-0.12991388142108917,0.16827860474586487,-0.1548069715499878,-0.20273876190185547,0.9100936055183411,0.0802987739443779,0.30461373925209045,0.024451646953821182,0.16269008815288544,-0.030713360756635666,-0.10987021774053574,-0.911821722984314,-0.005808387883007526,-0.9143439531326294,0.2734445333480835,0.1324608474969864,0.645356297492981,0.522513747215271,0.20723119378089905,0.78254234790802,0.13483795523643494,-0.08984401077032089,-0.2834640443325043,-0.13400022685527802,-0.21453559398651123,0.5558615326881409,0.30060863494873047,-0.6394496560096741,0.09677135944366455,-0.14318431913852692,0.021955985575914383,0.04341593384742737,0.07968814671039581,-0.03943788260221481,0.054613061249256134,-0.09390663355588913,-0.24900832772254944,-0.11717625707387924,0.15429054200649261,0.011814316734671593,-0.5672994256019592,0.08412668853998184,0.2611725926399231,-0.05195430666208267,-0.5260745882987976,0.0828700065612793,-0.28307437896728516,0.692915141582489,0.21896353363990784,-0.010759091004729271,0.06773386895656586,0.02499033883213997,-0.2492811232805252,0.6780859231948853,-0.397549569606781,0.10674828290939331,-0.14477357268333435,-0.3308037519454956,0.049759455025196075,-0.2924482822418213,0.3055979609489441,-0.33006560802459717,-0.21326574683189392,0.1631770133972168,0.047355473041534424,-0.13838127255439758,0.06063152477145195,0.26026177406311035,-0.10902849584817886,0.03232504427433014,0.1333903968334198,-0.6264122128486633,-0.29228100180625916,0.43807530403137207,0.39817386865615845,0.3285064101219177,0.9005807638168335,0.2591624855995178,0.019645988941192627,0.36818575859069824,0.04320017620921135,-0.007130301091820002,-0.3870689868927002,0.4356364607810974,0.3053971827030182,-0.055908821523189545,-0.09586239606142044,-0.4402101933956146,0.012943672947585583,-0.12184654176235199,-0.19820299744606018,0.3907049596309662,-0.037428613752126694,-0.727349042892456,-0.8637178540229797,0.7825770378112793,-0.483346551656723,0.0277025755494833,0.0028169453144073486,-0.2924707233905792,-0.02188439480960369,-0.12000484764575958,-0.05927117541432381,-0.9942863583564758,-0.1872091144323349,-0.403714120388031,-0.18802759051322937,-0.14885763823986053,-0.05632706359028816,0.19020596146583557,-0.3060234785079956,-0.15600568056106567,-0.12174034118652344,0.20785841345787048,-0.24794650077819824,-0.7716103792190552,0.18886707723140717,0.4904329776763916,0.09426841139793396,0.48298922181129456,0.08825445175170898,0.5467630624771118,-0.1466992348432541,-0.18734349310398102,0.4334455132484436,0.1538083553314209,-0.4521559178829193,-0.07969211786985397,-0.36337247490882874,-0.017898786813020706,0.009559985250234604,-0.6517689228057861,0.7937610745429993,-0.1645531952381134,-0.3573106825351715,-0.07199136167764664,0.02354501746594906,-0.26650333404541016,-0.04178215190768242,0.18613354861736298,0.11580754816532135,0.40530186891555786,0.038062285631895065,0.07610204815864563,-0.16209392249584198,-0.25870460271835327,-0.2274748980998993,-0.21112599968910217,0.267299622297287,0.35013294219970703,-0.06427161395549774,-0.25224047899246216,-0.05415080115199089,0.2311762273311615,-0.20379948616027832,0.7025578618049622,0.11215300858020782,-0.1886454075574875,-0.33292022347450256,-0.1991049200296402,-0.1287456452846527,0.09855179488658905,-0.07835663855075836,0.04375854879617691,-0.09456620365381241,-0.199739009141922,0.059226859360933304,0.12585404515266418,-1.124500036239624,0.020650148391723633,0.24751117825508118,0.12124425172805786,0.4404650628566742,0.0159755852073431,-0.26907968521118164,-0.5750150680541992,0.27821001410484314,0.02118496224284172,0.12558913230895996,-0.1704029142856598,0.19669799506664276,0.590645968914032,-0.3841097354888916,-0.0007626086589880288,-0.4743495583534241,-0.05316473916172981,-0.2592085301876068,0.212850883603096,0.03262897953391075,-0.052600957453250885,0.42994484305381775,0.32978105545043945,0.10073703527450562,0.014067977666854858,-0.33730968832969666,0.24415068328380585,-0.046285539865493774
CID000004740,201,-0.08341546356678009,-0.3206087350845337,-0.6993330717086792,0.40415018796920776,0.3243449628353119,-0.07729075103998184,-0.20127718150615692,-0.3849841058254242,0.045262597501277924,0.3136478364467621,0.33114713430404663,-0.06192465499043465,0.08454404771327972,-0.12831281125545502,-0.1438969224691391,0.3275114595890045,0.5095221996307373,0.3346478044986725,-0.42878541350364685,0.002355016767978668,-0.32643482089042664,0.4172382354736328,0.3674347996711731,0.09754107147455215,-0.44126462936401367,-0.9868296384811401,-0.9826696515083313,-0.38860249519348145,0.029141748324036598,-0.042866356670856476,1.0533583164215088,0.0834479033946991,0.023065272718667984,0.6037331819534302,-0.5617027282714844,0.13802239298820496,1.0646003484725952,-0.19380077719688416,0.26125791668891907,-0.010129856877028942,-0.4292300343513489,0.8277379274368286,-0.3952158987522125,-0.2892708480358124,0.07503695040941238,-0.10505662113428116,0.7507614493370056,-0.09859525412321091,-0.4540793001651764,-0.08179672807455063,-0.6816261410713196,0.09171281009912491,0.2388053685426712,-0.06012824922800064,0.14352141320705414,-0.3565850853919983,-0.11592099815607071,0.3744027018547058,0.33073750138282776,0.05842865630984306,-0.2277049720287323,-0.4174761176109314,0.06996863335371017,0.907580554485321,0.08679894357919693,0.23160672187805176,-0.127300426363945,-0.008734399452805519,-0.10934953391551971,0.16486254334449768,-0.645545244216919,0.21393465995788574,-0.5799676179885864,0.1655205935239792,-0.0038086711429059505,0.4283691942691803,0.6053317785263062,0.1653205007314682,0.8693377375602722,0.03366149589419365,0.16251106560230255,-0.5487741231918335,0.23223714530467987,-0.11495611816644669,0.3946521282196045,0.395134299993515,-0.2642785906791687,-0.4373297691345215,-0.1841578483581543,0.027443677186965942,-0.06399540603160858,0.015901874750852585,0.0810641348361969,-0.15190158784389496,0.20232848823070526,-0.22714059054851532,-0.12355498224496841,0.44897061586380005,-0.03327924758195877,-1.0866371393203735,-0.18476083874702454,-0.22044584155082703,0.2854704260826111,0.03857230022549629,0.2480861246585846,-0.14371073246002197,0.8754221796989441,-0.2990941107273102,0.10052776336669922,0.04313400387763977,0.2175474911928177,0.1361706405878067,0.053747303783893585,-0.44725942611694336,0.23326274752616882,-0.39267468452453613,-0.4188418388366699,0.18348348140716553,0.0944121778011322,0.22350025177001953,-0.05588379502296448,-0.20280322432518005,-0.06142798066139221,-0.18488845229148865,-0.11819970607757568,0.041989438235759735,0.42196887731552124,0.007900374010205269,-0.13790875673294067,0.1492919772863388,-1.0021311044692993,-0.6222966313362122,0.38394102454185486,0.26998239755630493,0.030161667615175247,0.9524585604667664,0.16135148704051971,-0.3409804403781891,0.5010858774185181,-0.1347203254699707,-0.18409284949302673,-0.33213570713996887,-0.1099541038274765,0.2835731506347656,0.01328477542847395,-0.22201022505760193,-0.46165338158607483,0.15108837187290192,0.07640586793422699,0.27145159244537354,0.4866635799407959,-0.02533177100121975,-1.0296300649642944,-0.6118261814117432,0.41395244002342224,-0.14387109875679016,0.11928174644708633,0.04274647310376167,-0.2884686589241028,-0.0695657879114151,-0.1219017282128334,0.09648215025663376,-1.0403735637664795,0.1648007482290268,-0.3869832754135132,-0.11383713781833649,-0.2858714759349823,-0.030484367161989212,1.0128415822982788,-0.4662666916847229,0.041806988418102264,-0.23378369212150574,-0.20779165625572205,-0.10915253311395645,-1.09525728225708,0.006626039743423462,0.6253840923309326,0.0558285117149353,0.5797144174575806,0.23238107562065125,0.6883054971694946,-0.4755892753601074,-0.24277862906455994,0.8253418803215027,0.023252161219716072,-1.0852628946304321,0.0638241171836853,0.025316765531897545,-0.034149859100580215,-0.05018676072359085,-0.1448177993297577,1.0430482625961304,0.046507880091667175,-0.2728006839752197,-0.00856623612344265,0.08476875722408295,-0.17534245550632477,0.07996099442243576,0.7888395190238953,-0.2767811417579651,0.2561604976654053,0.11601774394512177,0.030312979593873024,0.29272451996803284,-0.39732640981674194,0.10500631481409073,-0.14122633635997772,-0.07993966341018677,-0.3417655825614929,0.07970640063285828,0.18161864578723907,-0.06800007075071335,0.33466464281082153,-0.35368913412094116,1.2254884243011475,0.4380934238433838,-0.12876483798027039,-0.12821516394615173,0.2107081413269043,0.20030835270881653,0.09248743206262589,0.22616596519947052,0.015541953966021538,-0.006959253456443548,-0.04991023987531662,0.16710114479064941,-0.07496693730354309,-0.8367117047309875,-0.11038361489772797,-0.14607398211956024,-0.25962626934051514,-0.11301307380199432,0.20262160897254944,-0.3990015387535095,-0.8293766975402832,0.23835687339305878,0.0714816302061081,-0.07340829074382782,-0.2532438337802887,-0.08307525515556335,1.2210983037948608,-0.3209353983402252,-0.12790033221244812,-0.362708181142807,-0.13686521351337433,-0.3550354838371277,0.07217394560575485,-0.06163126230239868,0.11267437040805817,0.1574845165014267,-0.032071303576231,0.0681275874376297,0.22874584794044495,-0.11306498944759369,0.3775957226753235,0.1349996030330658
CID000002786,204,0.21454879641532898,-0.1497115194797516,-1.073671579360962,0.08207987993955612,0.37321749329566956,-0.19210603833198547,0.006973546929657459,-1.2723534107208252,-0.17880989611148834,-0.2003491222858429,0.6357733607292175,-0.17178130149841309,-0.03267902135848999,0.006166592240333557,-0.47061508893966675,0.2799253463745117,-0.016113102436065674,0.09760962426662445,-0.17308689653873444,-0.3922977149486542,-0.1899653822183609,0.06897033751010895,0.3518149256706238,0.14383384585380554,-0.8573664426803589,-0.9724105000495911,-0.1996537744998932,-0.07851488888263702,-0.014827102422714233,-0.16806748509407043,0.8162762522697449,0.02497672475874424,0.10987131297588348,0.4329302906990051,-0.156956747174263,0.08662509173154831,0.13874690234661102,-0.17279238998889923,-0.051295019686222076,-0.2796737849712372,-0.12233921140432358,0.04071187600493431,-0.07110466063022614,-0.15075814723968506,-0.09582342952489853,-0.007828116416931152,0.7339438199996948,-0.472623348236084,-0.6149599552154541,-0.03835460543632507,-1.0978103876113892,0.12837758660316467,0.638988196849823,-0.1722104549407959,0.01446753740310669,-0.2447710931301117,-0.07303310185670853,0.4484267234802246,-0.30449944734573364,0.0975966602563858,-0.15777377784252167,-0.29593518376350403,0.016372468322515488,0.9383829832077026,0.01177741214632988,0.476686954498291,-0.05747299641370773,0.16558411717414856,-0.04486682638525963,0.07379323244094849,-0.659260094165802,0.12722435593605042,-0.23702332377433777,0.35788336396217346,0.05181699991226196,0.6302148699760437,0.09100247919559479,0.38045403361320496,0.9807008504867554,-0.023599425330758095,-0.0570274293422699,-0.6075649261474609,0.1421109288930893,0.014485152438282967,0.27729201316833496,0.14493556320667267,-0.5154823660850525,-0.27849146723747253,-0.035720281302928925,-0.029493724927306175,-0.18651577830314636,-0.09064239263534546,-0.27356192469596863,0.0927225649356842,0.046911150217056274,-0.0728970617055893,-0.11792923510074615,0.35257914662361145,0.062294114381074905,-0.9934590458869934,-0.13869698345661163,-0.30980923771858215,0.164310485124588,-0.23679888248443604,-0.0421358123421669,-0.06964516639709473,0.5986371040344238,0.10959897190332413,0.1326896846294403,-0.029471630230545998,0.17055897414684296,0.19568787515163422,0.1590961366891861,-0.657806396484375,0.13703009486198425,-0.26720744371414185,-0.016188744455575943,0.21298126876354218,-0.14200903475284576,-0.04335009679198265,-0.3846701681613922,-0.03006751462817192,0.17318564653396606,0.17875388264656067,0.24455614387989044,0.040637508034706116,0.2024654895067215,-0.1172344908118248,-0.4339534342288971,0.26032039523124695,-0.5588632822036743,-0.08624885976314545,0.33333128690719604,0.28564372658729553,-0.13614791631698608,0.542620062828064,0.155596524477005,0.09709164500236511,0.551063060760498,0.15174636244773865,-0.032806992530822754,-0.10741095244884491,0.132292240858078,0.4931325912475586,0.018363725394010544,-0.09274067729711533,-0.13264162838459015,0.5593035221099854,0.07811862230300903,-0.09358958899974823,0.8340423703193665,-0.10931171476840973,-0.7108536958694458,-0.6279116868972778,0.6861419677734375,-0.018491452559828758,0.19038644433021545,0.14515888690948486,-0.41789618134498596,-0.17312148213386536,-0.11179860681295395,0.017555374652147293,-1.1021920442581177,0.33068007230758667,-0.47945088148117065,0.05138206481933594,0.03972576931118965,0.060361675918102264,0.8434799909591675,-0.5889957547187805,-0.2400795966386795,-0.23397216200828552,0.09885932505130768,-0.1800140142440796,-0.4805392324924469,-0.5849081873893738,0.4975011944770813,0.001412373734638095,0.4960363805294037,0.10618889331817627,0.24465160071849823,-0.1840047389268875,-0.05979597568511963,0.8520544767379761,-0.04422859102487564,-0.882244884967804,-0.37837377190589905,-0.0639050304889679,-0.24615350365638733,-0.24013900756835938,-0.33193686604499817,1.0328644514083862,0.10637309402227402,-0.16537341475486755,0.03497703745961189,0.01699128746986389,-0.15179023146629333,-0.20924322307109833,0.8048465847969055,-0.07916281372308731,0.6574306488037109,0.24024829268455505,0.07955293357372284,0.3265760838985443,-0.6668599843978882,0.07197948545217514,-0.3914174437522888,-0.04186781123280525,-0.053673528134822845,0.09383775293827057,0.13680988550186157,-0.13590626418590546,0.011791929602622986,-0.22248315811157227,0.7284773588180542,0.35473400354385376,-0.2316785305738449,-0.06135448068380356,0.13595512509346008,0.2600998282432556,0.004477763082832098,0.07102595269680023,0.134322851896286,-0.20668749511241913,-0.12184002250432968,0.20706124603748322,0.20469674468040466,-0.9035844802856445,-0.04085971787571907,-0.11564433574676514,-0.013278419151902199,0.01912032440304756,0.26096051931381226,-0.18874457478523254,-0.7419329285621643,0.175871342420578,0.1148982048034668,-0.19389203190803528,-0.0831076130270958,-0.23086722195148468,1.4468863010406494,-0.3086863160133362,-0.24980807304382324,-0.47269368171691895,-0.3204021453857422,-0.3001663088798523,-0.07357268780469894,-0.3538237512111664,-0.21931974589824677,0.237352654337883,0.041837722063064575,0.1316279172897339,-0.1498536318540573,-0.10583032667636871,0.3320854902267456,-0.07421170175075531
CID000002092,207,-0.04424649849534035,-0.2217339277267456,-0.6785928010940552,-0.08766628801822662,0.43013542890548706,-0.13504625856876373,-0.09397207200527191,-0.4583590626716614,-0.055232226848602295,0.12167944759130478,0.23068764805793762,0.00562912505120039,-0.08651726692914963,-0.031745731830596924,0.20241308212280273,0.20466463267803192,0.24965421855449677,0.09221996366977692,-0.06405923515558243,0.11110947281122208,-0.32020801305770874,-0.00504115829244256,0.4186481833457947,-0.07382182776927948,-0.6314360499382019,-0.5540950894355774,-0.16630586981773376,-0.2083723247051239,0.29807624220848083,-0.09601052105426788,0.2242494821548462,0.009856367483735085,-0.09044866263866425,-0.0707932859659195,-0.18257561326026917,0.21527507901191711,0.19939610362052917,-0.13034555315971375,-0.0013963676756247878,-0.0593448206782341,-0.1944189816713333,0.45762118697166443,-0.2411615401506424,0.06003202125430107,0.01646737940609455,0.038102805614471436,0.6160520315170288,0.05499647930264473,-0.49161291122436523,0.10860929638147354,-0.7440289258956909,0.48917824029922485,0.36955878138542175,-0.047212619334459305,0.040574777871370316,-0.33094891905784607,-0.11692021042108536,0.9086267352104187,0.06053643673658371,0.061045609414577484,0.033892691135406494,-0.06594933569431305,0.052973419427871704,0.7601414918899536,0.27072232961654663,0.5166954398155212,-0.058566153049468994,0.20808365941047668,-0.1135530024766922,0.09265507012605667,-0.563825249671936,-0.032555919140577316,-0.405146062374115,0.48283424973487854,0.06958387047052383,0.21740826964378357,0.5965582728385925,0.3484969437122345,0.8826147317886353,0.053751278668642044,-0.15028934180736542,-0.2757449746131897,0.0003252446767874062,0.043380044400691986,0.1918572187423706,0.4024401605129242,-0.30362969636917114,-0.028300847858190536,-0.11664537340402603,-0.059330035001039505,-0.08365543186664581,-0.10430087894201279,-0.06901837885379791,-0.06894560158252716,0.2629411816596985,-0.13413403928279877,-0.22791211307048798,0.2715003788471222,-0.012600746937096119,-0.6243707537651062,-0.19355392456054688,-0.1840134710073471,0.15328006446361542,-0.16777801513671875,-0.1261337697505951,-0.3012703061103821,0.45314082503318787,0.111089788377285,0.17953157424926758,-0.09707619994878769,0.08024158328771591,0.09484648704528809,0.6481391787528992,-0.5307137966156006,0.10770120471715927,-0.11096090078353882,-0.27154844999313354,-0.11759641021490097,-0.2299845963716507,-0.1407802402973175,-0.23290923237800598,-0.30064910650253296,-0.10056795924901962,-0.038494519889354706,-0.11149491369724274,0.1853606253862381,0.1487753540277481,0.08432570844888687,-0.1144939661026001,0.27523142099380493,-0.5262227654457092,-0.014178234152495861,0.5584987998008728,0.2877773940563202,0.10747706890106201,0.6437309980392456,0.015269788913428783,-0.2954123616218567,0.3475767970085144,-0.04165220260620117,-0.2758139967918396,-0.20438702404499054,0.3586142659187317,0.1061936616897583,0.33962351083755493,-0.2060445249080658,-0.31877002120018005,0.22788269817829132,-0.005150062032043934,-0.10830964148044586,0.7256956100463867,-0.24193215370178223,-0.33129870891571045,-0.732221782207489,0.6157903671264648,-0.3030456006526947,-0.07743626832962036,0.009791761636734009,-0.9430803060531616,-0.05757496505975723,-0.022368887439370155,0.0030021213460713625,-0.85302734375,0.2056853473186493,-0.4521411955356598,-0.049881551414728165,-0.006954663433134556,-0.09091760218143463,0.6180278062820435,-0.4202601909637451,-0.0882696881890297,-0.23339805006980896,-0.22725947201251984,-0.148368701338768,-0.5607627034187317,0.07980537414550781,0.4766489863395691,0.12659762799739838,0.4039921760559082,-0.2098751813173294,0.44590798020362854,-0.34474843740463257,-0.1782330572605133,0.34154215455055237,-0.08556721359491348,-0.22232413291931152,-0.06616530567407608,-0.2930101454257965,-0.390147864818573,-0.023363132029771805,-0.38434070348739624,0.6930012702941895,-0.20925860106945038,-0.3413549065589905,0.06503541767597198,-0.031857915222644806,-0.19324108958244324,-0.0384526364505291,0.39561694860458374,0.051367878913879395,0.7621040344238281,0.3842468559741974,-0.15343335270881653,0.287140816450119,-0.3661108613014221,-0.029522866010665894,-0.1864517331123352,0.16282349824905396,0.1792709082365036,-0.19592007994651794,-0.10808267444372177,-0.14438846707344055,0.13312360644340515,-0.3751199543476105,0.6432415246963501,0.0029220629949122667,-0.2227904349565506,0.05403090640902519,-0.13873529434204102,0.18022775650024414,0.13061098754405975,0.04777998849749565,0.5222181081771851,-0.1161433681845665,-0.021051952615380287,0.24472598731517792,-0.018454065546393394,-0.7478737831115723,-0.27957481145858765,-0.044023603200912476,0.04463093355298042,0.16278362274169922,-0.0028876294381916523,-0.302548348903656,-0.800139307975769,0.34027570486068726,-0.05225547030568123,-0.0792355090379715,-0.008643182925879955,-0.030672794207930565,0.083451047539711,-0.34072422981262207,-0.09192235767841339,-0.14758078753948212,-0.11482169479131699,-0.4153386950492859,0.1389845609664917,-0.2612546682357788,-0.1962224543094635,0.2506154477596283,-0.05939601734280586,0.01873769983649254,0.21041853725910187,-0.2616025507450104,0.16324344277381897,0.008068148978054523
CID000003890,208,0.017563920468091965,-0.13357973098754883,-0.5656227469444275,0.13093718886375427,0.22644993662834167,-0.1345313936471939,0.06721965968608856,-0.3994305729866028,-0.07609258592128754,0.03617468476295471,0.15525689721107483,-0.09634146094322205,-0.12235301733016968,0.06705109030008316,-0.040913306176662445,0.058029524981975555,0.10222551971673965,0.031232118606567383,-0.41394147276878357,0.28551310300827026,-0.21547341346740723,0.14013175666332245,0.4075539708137512,0.08640062808990479,-0.44437235593795776,-0.8815089464187622,-0.14652998745441437,-0.1337135285139084,0.06998352706432343,0.12512896955013275,0.3112635910511017,0.09199602901935577,-0.04474877566099167,0.3419354259967804,-0.41903209686279297,0.194979727268219,0.4084793031215668,-0.277413547039032,0.04744822904467583,0.021045617759227753,-0.2786995768547058,0.17641261219978333,-0.20821025967597961,-0.19810383021831512,-0.004729830659925938,-0.017541401088237762,0.6567696332931519,-0.08023069053888321,-0.7547658681869507,0.07286965101957321,-1.0893315076828003,0.27200713753700256,0.4815630316734314,-0.2530326843261719,0.4134093225002289,-0.328080952167511,-0.20160135626792908,0.7590503692626953,-0.04262559488415718,-0.0720059722661972,0.15144659578800201,-0.28810304403305054,0.23350103199481964,0.7051974534988403,0.19141927361488342,0.5400347709655762,-0.22449079155921936,-0.03991784527897835,0.22058391571044922,-0.11965645849704742,-0.7033513188362122,0.08145064115524292,-0.3083711266517639,0.6507135629653931,0.09171637147665024,0.164437934756279,0.42483049631118774,0.2815098762512207,0.8374711275100708,0.0921446830034256,-0.11212216317653656,-0.19639179110527039,-0.009759709239006042,0.006196384783834219,0.05421748757362366,0.29312455654144287,-0.23822805285453796,0.1677192896604538,0.05246220901608467,-0.11532125622034073,-0.12460760772228241,-0.09752078354358673,-0.28364071249961853,0.009755413047969341,0.07933662831783295,-0.12959077954292297,-0.24655580520629883,0.18993182480335236,0.02436526119709015,-0.7363791465759277,-0.06126530095934868,-0.2573398947715759,0.18313966691493988,-0.060248035937547684,0.2274903804063797,-0.19818322360515594,0.5627521872520447,0.21680180728435516,0.005087091121822596,-0.11111972481012344,-0.09821943938732147,0.025294121354818344,0.5112329721450806,-0.8047610521316528,0.024399204179644585,-0.19098743796348572,-0.13132494688034058,0.07371294498443604,0.008116113021969795,0.031790874898433685,-0.16246691346168518,-0.18635867536067963,-0.1042243018746376,0.03454192355275154,-0.09623996913433075,0.13152644038200378,0.23753809928894043,0.1792813241481781,-0.13951539993286133,0.23349201679229736,-0.6652421951293945,-0.1232089176774025,0.3016222417354584,0.24142849445343018,-0.06396762281656265,0.8273612260818481,0.19276991486549377,-0.21752479672431946,0.09268622100353241,0.22384364902973175,-0.12350918352603912,-0.14615586400032043,0.19670969247817993,0.16079959273338318,0.13901498913764954,-0.08618078380823135,-0.3869585394859314,-0.12576709687709808,0.0012053220998495817,0.029108315706253052,0.533439040184021,-0.1373406946659088,-0.5108497738838196,-0.45597878098487854,0.5996562242507935,-0.3189099133014679,-0.008904857560992241,-0.1073809415102005,-0.7691177725791931,-0.10523827373981476,-0.11245926469564438,0.13556459546089172,-0.5581278204917908,0.09095202386379242,-0.4727421700954437,-0.005687369499355555,-0.05351211875677109,-0.17748211324214935,0.3613296151161194,-0.5593301057815552,-0.14107286930084229,-0.02367653325200081,-0.23619163036346436,-0.02814362943172455,-0.33416420221328735,-0.17918196320533752,0.17384831607341766,0.12020021677017212,0.40301817655563354,0.04955169931054115,0.3389679789543152,-0.04297115281224251,-0.3772849440574646,0.36764198541641235,-0.21622972190380096,-0.33259645104408264,-0.15530997514724731,-0.12336722761392593,-0.3527902662754059,-0.3035792112350464,-0.1735643446445465,0.7885028123855591,-0.13018910586833954,-0.2832563519477844,0.28289204835891724,-0.07973051071166992,-0.03942796215415001,0.0967787504196167,0.5030240416526794,-0.16433914005756378,0.5458182096481323,0.6548059582710266,0.026288408786058426,0.3707728981971741,-0.311638206243515,-0.1433781534433365,-0.2870573401451111,-0.048727162182331085,-0.12026552855968475,-0.0946861132979393,-0.11846639961004257,0.013173945248126984,-0.08112882077693939,-0.38410502672195435,0.5525999069213867,-0.20655986666679382,0.14213833212852478,0.0838102325797081,-0.02030148170888424,0.1413467824459076,0.05657582730054855,-0.13679364323616028,0.24666109681129456,-0.08144297450780869,-0.04893270879983902,0.16070879995822906,-0.011877107433974743,-0.6275961995124817,-0.32329556345939636,-0.07838491350412369,0.008630117401480675,0.06252811849117279,0.12402834743261337,-0.3338131606578827,-0.5488027334213257,0.10991046577692032,0.16693070530891418,-0.1573587954044342,0.08706294000148773,-0.052694451063871384,0.23888535797595978,-0.20351919531822205,-0.026582058519124985,-0.23765456676483154,-0.2705512046813965,-0.3328540623188019,-0.053349561989307404,-0.14504918456077576,-0.0011947613675147295,0.251730740070343,0.04669152945280075,-0.08970411121845245,0.22567375004291534,-0.19655227661132812,0.2537216544151306,-0.04605565592646599
CID000003003,209,-0.07757808268070221,0.29985278844833374,-0.4146243929862976,0.23847489058971405,-0.036346811801195145,-0.4671829640865326,0.2352125197649002,-0.4649549424648285,0.10517976433038712,-0.5637807846069336,0.29711538553237915,0.17356272041797638,0.20715312659740448,-0.04592614620923996,0.02377335913479328,0.16173133254051208,-0.03443477302789688,-0.2506086826324463,-0.2452012002468109,-0.5289360284805298,0.12343200296163559,-0.09246122092008591,0.5036501884460449,-0.2276800125837326,-0.5442410707473755,-1.011781930923462,-0.9939886331558228,-0.1462448537349701,0.07491964846849442,-0.34324803948402405,0.9390703439712524,-0.0035123974084854126,-0.02138480171561241,0.13803884387016296,-0.3987233340740204,0.15709246695041656,0.09824799746274948,-0.24214711785316467,0.21764425933361053,-2.136826515197754e-05,-0.7970800399780273,-0.05076834559440613,-0.49787598848342896,-0.2829536497592926,0.06592441350221634,-0.05217144638299942,0.39303264021873474,0.09168791770935059,-0.7887775897979736,-0.02846539579331875,-0.9480332136154175,-0.1645456701517105,0.662727952003479,-0.26032721996307373,0.10255758464336395,-0.7290887832641602,0.07758484780788422,1.093696117401123,0.23908266425132751,0.29251545667648315,-0.2774897813796997,-0.2446262538433075,0.28109169006347656,0.7685374021530151,0.35933804512023926,0.7065836787223816,0.25167569518089294,0.1661718636751175,0.13047689199447632,0.050459034740924835,-0.9056106805801392,0.27025720477104187,-0.5107964277267456,0.308260977268219,0.036063529551029205,0.36051878333091736,0.21607236564159393,0.5460730791091919,0.898352324962616,-0.06639142334461212,-0.35955700278282166,-0.31819844245910645,0.17139217257499695,0.10614168643951416,-0.04285243898630142,-0.0010925561655312777,0.15534980595111847,-0.20834508538246155,-0.29079174995422363,0.1430412232875824,0.08647744357585907,-0.01830301806330681,-0.37883979082107544,0.0309193916618824,-0.06560629606246948,-0.03865247219800949,0.28167757391929626,0.3472319543361664,0.15761932730674744,-0.3953065574169159,0.0514780692756176,0.3101420998573303,-0.3272631764411926,-0.2954518795013428,-0.19401805102825165,-0.5788458585739136,0.7991045713424683,-0.06369642913341522,-0.12575873732566833,0.05706446245312691,0.0010252386564388871,0.15278492867946625,0.33660459518432617,-0.9589992761611938,-0.24893136322498322,-0.06765477359294891,-0.15422578155994415,0.3982890248298645,-0.02761249803006649,0.3513898253440857,-0.27803272008895874,-0.14527645707130432,0.1693132370710373,0.10477973520755768,0.19691172242164612,0.37936869263648987,-0.08437105268239975,-0.10173575580120087,0.021418970078229904,-0.1781105250120163,-0.9780918955802917,-0.2714383006095886,0.3360821604728699,0.08041495084762573,-0.17913776636123657,0.5956917405128479,-0.11131385713815689,0.2234431505203247,0.28314709663391113,-0.10166709125041962,-0.07772023975849152,-0.09505003690719604,0.3138190805912018,0.2379530370235443,0.148544043302536,0.13423272967338562,0.01891789399087429,0.46630778908729553,-0.24087075889110565,-0.07994825392961502,0.9395431280136108,-0.4564739763736725,-0.39512020349502563,-0.3541630804538727,-0.03541804105043411,0.09702776372432709,-0.10960136353969574,0.4549795091152191,-0.405259370803833,-0.10410036146640778,0.08232508599758148,-0.07340818643569946,-0.7678979635238647,0.16332313418388367,-0.4875248968601227,-0.2672184407711029,-0.31287074089050293,0.023948747664690018,0.33780306577682495,-0.4339851438999176,-0.38795822858810425,-0.09316395223140717,-0.055158473551273346,0.10626009851694107,-0.2985090911388397,0.039016615599393845,0.039538539946079254,0.17844510078430176,0.5726743936538696,0.33850952982902527,0.2522951662540436,-0.02060607075691223,-0.0510869026184082,-0.2293936014175415,0.10195551067590714,-0.01706613413989544,0.08617428690195084,-0.042802393436431885,-0.21687154471874237,-0.2742210924625397,-0.016552144661545753,0.5286248922348022,-0.3628772795200348,-0.2772296965122223,-0.2092134952545166,0.0864236131310463,-0.0743200033903122,0.02766367234289646,-0.00933901034295559,-0.05644547939300537,0.48503461480140686,0.06496842205524445,0.14902269840240479,0.09478487819433212,-0.5387977361679077,-0.034690819680690765,-0.3940209746360779,-0.14305010437965393,0.04242674633860588,-0.0046786353923380375,0.02330918237566948,-0.021789532154798508,-0.0573238842189312,0.07481473684310913,1.0319018363952637,0.27080991864204407,-0.3304852843284607,-0.10077311098575592,-0.11517678201198578,-0.09830440580844879,0.10611357539892197,-0.12859167158603668,-0.017491435632109642,-0.01509791612625122,0.21235772967338562,0.3717431426048279,0.03344302251935005,-0.9534180760383606,-0.07240218669176102,0.3078997731208801,0.32016921043395996,0.1394938826560974,-0.07844077050685883,-0.33092179894447327,-0.5949021577835083,0.16199661791324615,0.09082834422588348,-0.0949859768152237,0.19393205642700195,0.012480353936553001,0.3087691366672516,-0.35283082723617554,0.39999473094940186,-0.14318987727165222,0.004183253739029169,-0.1592293232679367,-0.0318322591483593,0.03007190302014351,-0.21028535068035126,0.36824357509613037,0.21402892470359802,0.15018799901008606,-0.20699822902679443,-0.4611026644706726,0.11247606575489044,0.01274404488503933
CID000003385,210,0.19567939639091492,-0.4102814793586731,-0.7646975517272949,0.11368675529956818,0.5889606475830078,-0.10494862496852875,-0.26733264327049255,-1.0713181495666504,-0.40922680497169495,-0.04463052749633789,0.35095590353012085,0.16558243334293365,-0.07054850459098816,-0.3177904486656189,-0.09035159647464752,-0.061847489327192307,0.18580584228038788,-0.055693577975034714,-0.12725234031677246,0.006665457971394062,-0.38359057903289795,0.2142076939344406,0.47480687499046326,0.11176898330450058,-0.9899405241012573,-0.9562351107597351,-0.8169559240341187,0.25520846247673035,-0.017429636791348457,-0.2968965470790863,1.1055192947387695,-0.04364101216197014,0.010598001070320606,0.35203632712364197,-0.5273925065994263,0.22772526741027832,1.1058274507522583,-0.16359107196331024,0.0057411761954426765,0.1328766644001007,-0.3151237368583679,0.40396648645401,-0.38034525513648987,-0.06637807190418243,-0.11562094837427139,-0.14740577340126038,0.7643234133720398,-0.11729104816913605,-0.1921839714050293,0.02590806409716606,-0.7325071096420288,0.2125890552997589,0.3201531767845154,-0.009582889266312122,0.41721922159194946,-0.14369359612464905,-0.10977862775325775,0.7556725740432739,0.2813897728919983,0.18511775135993958,-0.3507166802883148,-0.23726896941661835,0.11105623096227646,0.8215361833572388,0.10615406930446625,0.1922019124031067,-0.06493990123271942,-0.3930513858795166,-0.29506438970565796,0.2678215503692627,-0.7585429549217224,0.2274458408355713,-0.9212926030158997,0.33067163825035095,-0.07071992009878159,0.14763851463794708,0.6695115566253662,0.0819486752152443,0.8983578681945801,0.05723569542169571,0.0797920897603035,-0.6883004903793335,0.2442035675048828,-0.1516033560037613,-0.18921826779842377,0.26966795325279236,-0.3919447660446167,-0.3972720503807068,0.07968620210886002,-0.007216036319732666,-0.08561339229345322,-0.21284496784210205,-0.1452544629573822,0.07945255935192108,0.07703103125095367,-0.170584574341774,0.38289207220077515,0.22388966381549835,-0.07644146680831909,-1.1762949228286743,-0.1483602076768875,-0.3216898739337921,0.2722051739692688,-0.09522408992052078,0.17320184409618378,-0.18129006028175354,1.1762157678604126,-0.3937259316444397,0.3359963297843933,0.05692370980978012,-0.012136762961745262,0.030433138832449913,0.36864668130874634,-0.3494654595851898,0.17200154066085815,-0.25843802094459534,-0.753798246383667,0.10651767253875732,-0.19648461043834686,0.3391904830932617,-0.6787647008895874,-0.24171991646289825,0.310258686542511,0.09162498265504837,-0.10384958982467651,-0.14183421432971954,0.5245349407196045,-0.07963653653860092,-0.1835288405418396,0.3925022482872009,-0.9919434785842896,-0.22456637024879456,0.4047028124332428,0.04424094408750534,-0.0396997444331646,0.7825996279716492,0.457286536693573,0.06405851989984512,0.30580934882164,-0.31139829754829407,-0.20254163444042206,-0.34823593497276306,0.0759996697306633,0.3221673369407654,-0.08160607516765594,0.140333354473114,-0.08950164169073105,0.22090129554271698,0.11782877147197723,-0.17633125185966492,0.4242350161075592,-0.05035392567515373,-0.624158501625061,-0.8719069361686707,0.6289041638374329,-0.057744644582271576,0.345136821269989,0.21894478797912598,-0.4134722352027893,0.07406454533338547,-0.16470184922218323,0.44527968764305115,-1.1279325485229492,0.1037212610244751,-0.40707463026046753,-0.14206767082214355,0.12382916361093521,-0.29563018679618835,0.7705802917480469,-0.5924201011657715,-0.2182396948337555,-0.07890204340219498,0.040640704333782196,-0.03476887568831444,-0.8149465322494507,-0.2817356288433075,1.1990127563476562,0.10330518335103989,0.5039263963699341,0.10549087822437286,0.36903300881385803,-0.3431621789932251,-0.18374785780906677,1.0650314092636108,0.22361533343791962,-0.6414279937744141,0.1388835608959198,0.023523112758994102,-0.5221101641654968,-0.12480621039867401,-0.42795735597610474,1.1276350021362305,-0.07624522596597672,-0.39349260926246643,0.14330783486366272,-0.3463755249977112,0.1400686502456665,-0.19082117080688477,0.8947269320487976,-0.13479486107826233,0.7274271249771118,0.03850942105054855,-0.25780001282691956,0.3783087134361267,-0.28036466240882874,-0.06750179827213287,-0.007800769992172718,0.09015874564647675,-0.2635042071342468,0.15207171440124512,-0.010893027298152447,-0.046657003462314606,-0.5057313442230225,-0.07976597547531128,0.9614847898483276,0.2766970992088318,0.16991658508777618,-0.003550425171852112,-0.269449919462204,-0.007875144481658936,-0.04478219151496887,0.05690852552652359,0.14137312769889832,0.026829322800040245,0.4169067442417145,-0.2351965457201004,0.08577002584934235,-0.942022979259491,-0.2625475525856018,-0.2612396478652954,-0.24355538189411163,0.10084205865859985,0.11536373198032379,-0.22162358462810516,-0.7567239999771118,0.26515936851501465,0.14626577496528625,0.023274939507246017,-0.019266407936811447,-0.05379138141870499,1.3912737369537354,-0.31375059485435486,0.1968322992324829,-0.31067585945129395,-0.16526636481285095,-0.4821951389312744,0.1369466483592987,0.27794140577316284,-0.5539494156837463,0.17360803484916687,0.355798602104187,0.043612949550151825,0.21840934455394745,-0.01597084105014801,0.4160241484642029,0.12960073351860046
CID000034312,211,0.05054869130253792,-0.36649832129478455,-0.5817149877548218,0.04972490668296814,0.39665237069129944,-0.12475943565368652,0.09211856126785278,-0.4051336348056793,-0.12373144924640656,0.22494074702262878,0.0858737975358963,-0.08524532616138458,-0.19802631437778473,-0.07464176416397095,-0.028120320290327072,0.21279005706310272,0.284741073846817,-0.08367247134447098,-0.5108088254928589,0.21826617419719696,-0.14029864966869354,0.03527957946062088,0.6356475353240967,0.13858847320079803,-0.3477441668510437,-0.521468460559845,-0.19314303994178772,-0.24077491462230682,0.23880186676979065,-0.165385439991951,0.6828479170799255,0.05351514741778374,-0.17164598405361176,0.09596550464630127,-0.5420793890953064,0.07445777952671051,0.2821066081523895,-0.0834183320403099,0.02015896514058113,0.16451258957386017,-0.23355229198932648,0.36319151520729065,-0.4820038676261902,-0.07023780792951584,0.03502591699361801,0.13071459531784058,0.6786300539970398,-0.1877060830593109,-0.5132445693016052,-0.0018265165854245424,-0.38220950961112976,0.04246823117136955,0.341016948223114,-0.4057897925376892,-0.11884208768606186,-0.30927303433418274,-0.23977942764759064,0.7504997849464417,0.3958163559436798,-0.23140950500965118,0.12314137071371078,0.07842119038105011,-0.1590295284986496,0.8214654922485352,-0.09924016147851944,0.2909773290157318,-0.2974728047847748,-0.174824059009552,0.11230412870645523,-0.10574953258037567,-0.7081166505813599,-0.10313297808170319,-0.573823094367981,0.25223562121391296,0.1835537850856781,0.2618039548397064,0.33684679865837097,-0.010631999000906944,0.34540608525276184,-0.04377914220094681,-0.12403275072574615,-0.0067575895227491856,-0.1654253900051117,0.07980436086654663,0.04939967393875122,0.2659912407398224,-0.6928372383117676,-0.08634006977081299,0.23521962761878967,0.03924711421132088,-0.26845645904541016,0.01576957479119301,-0.0786619558930397,0.05942835658788681,0.16377410292625427,-0.056570518761873245,-0.0005741149070672691,0.3789199888706207,-0.00833867210894823,-0.4505031108856201,-0.21717047691345215,-0.1479816734790802,0.07981045544147491,0.1499718427658081,0.10834679752588272,-0.27101778984069824,0.7170654535293579,-0.017823923379182816,0.03585131838917732,-0.09372106939554214,-0.06935060024261475,0.2500893473625183,0.4741117060184479,-0.2668575346469879,0.06070717051625252,-0.10846010595560074,-0.304656982421875,-0.09992749989032745,-0.15442118048667908,0.27522462606430054,-0.08624590188264847,-0.27598175406455994,-0.08676871657371521,0.08210261166095734,0.07403471320867538,0.12464971840381622,0.25904232263565063,-0.11855003982782364,-0.2317754030227661,0.47962063550949097,-0.640701174736023,-0.13780853152275085,0.22222557663917542,0.1928669512271881,-0.03198499605059624,0.7627851366996765,-0.03912871330976486,-0.3068525791168213,0.048453859984874725,-0.17051853239536285,-0.028371721506118774,-0.15328393876552582,0.029119689017534256,0.1307321935892105,0.20068931579589844,0.2159537374973297,-0.5698596239089966,0.08269860595464706,0.026845425367355347,-0.0833553895354271,0.3984842002391815,-0.12665602564811707,-0.9651609659194946,-1.0893443822860718,0.6001379489898682,-0.3266910910606384,-0.2489788979291916,0.08171819895505905,-0.44135960936546326,-0.15505164861679077,0.06434620916843414,0.0585186667740345,-0.6960465312004089,-0.0356362946331501,-0.5958718061447144,-0.06620300561189651,0.030900368466973305,-0.20888681709766388,0.4072384834289551,-0.6735774278640747,-0.07515382021665573,-0.13257667422294617,-0.00215146248228848,-0.1915087252855301,-0.6318209171295166,-0.12234481424093246,0.4151725172996521,0.01384736318141222,0.5519780516624451,-0.020043497905135155,0.8964532017707825,-0.029149632900953293,0.1904016137123108,0.23750562965869904,-0.13964799046516418,-0.45357656478881836,0.09836496412754059,-0.40026625990867615,0.15227290987968445,0.029497724026441574,-0.46539074182510376,0.6280630230903625,0.2706224322319031,-0.4475313723087311,-0.08187265694141388,-0.11100399494171143,0.09497138857841492,0.2818664610385895,0.3610323965549469,0.05656975507736206,0.28359371423721313,0.10489781200885773,-0.01757821999490261,0.19148476421833038,-0.5587610006332397,-0.57795649766922,-0.22326472401618958,0.042136527597904205,0.04196593910455704,-0.26608866453170776,-0.07658220827579498,0.018440300598740578,-0.015506481751799583,-0.30965685844421387,0.5159047842025757,-0.009897774085402489,0.08988825231790543,-0.009303808212280273,0.06753251701593399,0.12848272919654846,0.3070973753929138,0.1331581175327301,0.19278652966022491,-0.24624666571617126,0.27317315340042114,0.43732380867004395,-0.11024364084005356,-0.9784355163574219,-0.15060588717460632,-0.1803129017353058,-0.1582147181034088,0.029001886025071144,0.07374894618988037,-0.25343209505081177,-0.5688979029655457,0.15850858390331268,-0.010383868589997292,-0.13100139796733856,0.0499221496284008,-0.25698161125183105,0.4229479432106018,-0.40545931458473206,0.0605962760746479,-0.009294566698372364,-0.16824829578399658,-0.4411908984184265,0.07307418435811996,0.20098240673542023,-0.03211282938718796,0.2836403548717499,0.19028213620185852,0.07525485008955002,0.1254299432039261,-0.046579957008361816,0.21446958184242249,0.13503196835517883
CID000005203,214,0.020919837057590485,-0.1947607696056366,-0.5265331268310547,-0.011913898400962353,0.4600145220756531,-0.07750484347343445,-0.14975900948047638,-0.7936519384384155,-0.24126391112804413,-0.09757278859615326,0.2571846544742584,0.211094930768013,-0.07638254016637802,-0.08298871666193008,0.07920978963375092,0.14828482270240784,0.2890322804450989,0.00355946714989841,-0.18763527274131775,0.13771876692771912,-0.29793688654899597,0.13882383704185486,0.5487145185470581,0.003934247884899378,-0.4959213137626648,-0.6213583946228027,-0.5802394151687622,0.1927807629108429,-0.005067163612693548,-0.050330232828855515,0.8346819877624512,0.09265446662902832,-0.056150056421756744,0.4597752094268799,-0.5152173042297363,0.17285093665122986,1.145754337310791,-0.15399642288684845,0.09331098943948746,0.11286623775959015,-0.37261316180229187,0.38148418068885803,-0.3787916302680969,0.06241815164685249,-0.06483535468578339,0.13306404650211334,0.6650950312614441,-0.3024420440196991,-0.40983372926712036,0.02653924562036991,-0.416972815990448,0.05127697065472603,0.4723754823207855,-0.28122347593307495,0.26069527864456177,-0.25244981050491333,-0.1347714364528656,0.5356879830360413,0.0019734755624085665,0.06949089467525482,-0.18181219696998596,-0.1892993152141571,-0.09458061307668686,0.6255154609680176,0.11192414909601212,0.15609219670295715,-0.20825639367103577,-0.2554169297218323,-0.05586426332592964,0.1091107577085495,-0.5507082939147949,0.22139206528663635,-0.7464767694473267,0.5043164491653442,0.17594997584819794,0.2507780194282532,0.5954104065895081,0.09211619198322296,0.541071355342865,-0.1487703025341034,-0.08503375947475433,-0.29848819971084595,0.1877099573612213,-0.02429850772023201,0.007491439580917358,0.33857184648513794,-0.6320309638977051,-0.07662507146596909,-0.2665168046951294,0.15939900279045105,-0.37557452917099,-0.09213750064373016,-0.14540597796440125,0.11016201972961426,0.15294769406318665,0.013062447309494019,0.09370630979537964,0.29463455080986023,-0.03889486566185951,-0.8049198389053345,-0.023212403059005737,-0.086728535592556,0.039179712533950806,-0.0862705260515213,0.2875995934009552,-0.050934575498104095,1.0215575695037842,-0.29463979601860046,0.26444295048713684,0.017869051545858383,-0.3168489336967468,0.08366426080465317,0.3732021450996399,-0.20289623737335205,0.1820942908525467,-0.30108562111854553,-0.4753008782863617,-0.07415035367012024,-0.10618603229522705,0.27723222970962524,-0.2546842098236084,-0.34283918142318726,0.07444880902767181,-0.057226359844207764,0.03434176370501518,-0.01358379703015089,0.26356980204582214,-0.050561290234327316,-0.3544459939002991,0.17962126433849335,-0.7040475606918335,-0.44825100898742676,0.4057382047176361,0.18492218852043152,0.11884348094463348,0.8577144742012024,0.3342359662055969,-0.132579043507576,0.31571438908576965,-0.11018939316272736,-0.03454042598605156,-0.2957388758659363,0.05930491164326668,0.062437884509563446,-0.008761122822761536,0.08422978222370148,-0.25170156359672546,0.0879678800702095,0.04384411498904228,-0.11112238466739655,0.3044983446598053,-0.14191970229148865,-0.6080603003501892,-0.8522278666496277,0.5595030784606934,-0.18175376951694489,0.47423893213272095,0.13380247354507446,-0.34238386154174805,-0.06786007434129715,-0.09849663078784943,0.3654789328575134,-0.9197314381599426,0.1622413694858551,-0.33563458919525146,0.04450870305299759,-0.09292741119861603,-0.2585234045982361,0.5120792984962463,-0.5233575701713562,-0.4078442454338074,-0.13909125328063965,-0.05360885709524155,-0.1731247454881668,-0.7111151218414307,-0.31243252754211426,0.5465937852859497,-0.022398147732019424,0.5390795469284058,0.0168914757668972,0.46990686655044556,-0.2505337595939636,-0.1372491866350174,0.5456880331039429,0.1110222339630127,-0.6139370799064636,-0.12294924259185791,-0.21298544108867645,-0.42136844992637634,0.0097567830234766,-0.4162748456001282,1.0362257957458496,-0.26757746934890747,-0.44524240493774414,0.20381292700767517,-0.19284871220588684,0.054468512535095215,0.19193071126937866,0.454235315322876,-0.11276346445083618,0.335438072681427,0.312046080827713,-0.024061882868409157,0.15219160914421082,-0.3901541233062744,-0.18549881875514984,-0.12365714460611343,-0.09319400787353516,-0.024265944957733154,-0.0043523176573216915,-0.14089597761631012,0.1057262271642685,-0.30927738547325134,-0.2249092161655426,0.5344501733779907,-0.02066560834646225,-0.1585288792848587,-0.2772352695465088,0.10130959749221802,0.0511738546192646,0.1174558624625206,0.0982828363776207,0.20998632907867432,-0.11870162189006805,0.34003159403800964,0.06265939772129059,0.012218606658279896,-0.6232035160064697,-0.3143099546432495,0.12800076603889465,-0.17554357647895813,0.23547346889972687,0.08688978105783463,-0.1874423772096634,-0.5399528741836548,0.04194742441177368,0.18946903944015503,-0.14485864341259003,0.15803968906402588,-0.03255132585763931,0.7830251455307007,-0.37062540650367737,0.05703386664390564,-0.1992623507976532,0.03163282200694084,-0.26058870553970337,0.2647726833820343,0.21130618453025818,-0.08297180384397507,0.3090127110481262,0.10821322351694107,0.034546077251434326,0.13173867762088776,0.02912304922938347,0.24126870930194855,0.07092618942260742
CID000002477,215,0.04279683902859688,-0.22396668791770935,-0.6283534169197083,0.29927167296409607,0.35497570037841797,-0.09717123955488205,-0.09226876497268677,-0.550033450126648,-0.13948383927345276,-0.2021646946668625,0.1910933405160904,0.17502924799919128,-0.12720437347888947,0.042461950331926346,0.2419068068265915,-0.002759285271167755,0.19357888400554657,0.05887125805020332,-0.2235388308763504,0.11542239040136337,-0.0070296404883265495,0.09117786586284637,0.31340426206588745,0.09142209589481354,-0.47505444288253784,-0.5776448249816895,-0.12817099690437317,0.10340611636638641,-0.0217286329716444,-0.11210539191961288,0.2756543755531311,0.03128858655691147,-0.02190330997109413,0.21828699111938477,-0.1422467678785324,0.3072505593299866,0.8831428289413452,-0.07734031975269318,0.0823855996131897,0.020546134561300278,-0.007573187351226807,0.2879820466041565,-0.18315783143043518,-0.18587514758110046,-0.073555588722229,-0.007362532429397106,0.481039434671402,-0.2217087298631668,-0.4667745530605316,0.08141772449016571,-0.7669976353645325,0.20950353145599365,0.4515003263950348,-0.18768709897994995,0.21710053086280823,-0.04793018847703934,-0.3850621283054352,0.602308452129364,0.1347438544034958,-0.06729265302419662,-0.0905919224023819,-0.16077223420143127,0.14251689612865448,0.5664201974868774,0.025370772927999496,0.4004310071468353,-0.18770954012870789,-0.10754750669002533,0.07780119776725769,0.07378210872411728,-0.48041510581970215,0.07791517674922943,-0.5781062245368958,0.677245020866394,0.05842265486717224,0.38735637068748474,0.4523807466030121,0.09732530266046524,0.3600061237812042,-0.042176708579063416,-0.04386863857507706,-0.19162273406982422,0.06999874114990234,0.11147747188806534,0.10185933113098145,0.26825687289237976,-0.27689599990844727,-0.012568013742566109,0.05176326632499695,0.05364737659692764,-0.23953862488269806,-0.05843381956219673,-0.23719164729118347,0.0082375044003129,0.1296873390674591,-0.01777065172791481,0.02788972295820713,0.14207568764686584,-0.03025866113603115,-0.6982617974281311,-0.12385687977075577,-0.14083907008171082,0.15516725182533264,-0.03953158110380173,0.15647278726100922,-0.18866696953773499,0.7051185965538025,-0.013290127739310265,0.22531981766223907,-0.03605126589536667,-0.02180686593055725,-0.07644196599721909,0.2717461585998535,-0.5948892831802368,0.12050335109233856,-0.30827051401138306,-0.22062179446220398,-0.19594734907150269,-0.18367639183998108,0.048275064677000046,-0.34924423694610596,-0.31612059473991394,0.2266950160264969,0.007117117755115032,0.05071396753191948,-0.0036314427852630615,0.21684379875659943,-0.005411478690803051,-0.24438710510730743,0.260056734085083,-0.5098766088485718,-0.3903253972530365,0.29114195704460144,0.24819357693195343,-0.022977767512202263,0.6759478449821472,0.06171668693423271,-0.009449228644371033,0.17981000244617462,-0.12623070180416107,-0.04761621728539467,-0.2637782692909241,0.12696334719657898,-0.0959465503692627,0.07649236917495728,0.11964640766382217,-0.13135816156864166,0.0967465192079544,-0.17788587510585785,-0.1073564887046814,0.539875864982605,-0.2161196768283844,-0.26908209919929504,-0.6307395696640015,0.5920385718345642,-0.20519311726093292,0.2408345639705658,0.1456838846206665,-0.5079023838043213,-0.10673804581165314,-0.09672480821609497,0.2530992329120636,-0.7985231280326843,0.20309209823608398,-0.2572409510612488,-0.016203807666897774,0.03279591724276543,-0.18942470848560333,0.41316652297973633,-0.40057897567749023,-0.31215670704841614,0.008075123652815819,-0.060915976762771606,-0.13806267082691193,-0.4418855607509613,-0.22952482104301453,0.31245747208595276,0.10078088939189911,0.5182979702949524,-0.06578926742076874,0.30038583278656006,-0.16779527068138123,-0.12619568407535553,0.42519456148147583,-0.08516942709684372,-0.2921604514122009,-0.06384079903364182,-0.13434182107448578,-0.42037177085876465,-0.1495530903339386,-0.12928608059883118,0.8591324090957642,-0.0036656782031059265,-0.3402635157108307,0.06352163106203079,-0.12118997424840927,0.01738579012453556,0.12927615642547607,0.4151356816291809,0.0028607905842363834,0.2998431622982025,0.5583168268203735,-0.17720656096935272,0.0890616923570633,-0.3850449323654175,-0.2335408478975296,-0.40385565161705017,0.02310698665678501,-0.0488705113530159,-0.09882428497076035,-0.15637317299842834,0.025300031527876854,-0.1920853555202484,-0.28229478001594543,0.41664838790893555,-0.16845248639583588,0.08548317104578018,-0.14131952822208405,-0.03974413126707077,-0.08986789733171463,0.11459936201572418,0.04063495248556137,0.2124161422252655,-0.11407516151666641,0.09089066088199615,0.10903527587652206,-0.03129897266626358,-0.5204837322235107,-0.11895929276943207,-0.00849184300750494,-0.10568773746490479,0.14426825940608978,0.06860320270061493,-0.09729266911745071,-0.6035887598991394,-0.13483302295207977,0.20777544379234314,-0.13443806767463684,0.09734468162059784,-0.0104597806930542,0.6012517213821411,-0.2712933421134949,0.13424141705036163,-0.3103695213794708,-0.22310873866081238,-0.38832107186317444,0.2227383404970169,-0.030371272936463356,-0.2222020924091339,0.2791365683078766,0.3317999243736267,0.00885009951889515,0.24648554623126984,-0.1284720003604889,0.12244851887226105,0.06114404648542404
CID000032797,216,-0.07598336040973663,0.2998550534248352,-0.4371720254421234,0.30125874280929565,-0.05117237567901611,-0.5212869048118591,0.2441786527633667,-0.4390772879123688,0.07215635478496552,-0.5497722029685974,0.3187856078147888,0.1505633294582367,0.20235034823417664,-0.03535918891429901,0.02619646117091179,0.1308635175228119,-0.05174877494573593,-0.21866922080516815,-0.24855169653892517,-0.4957657754421234,0.10129400342702866,-0.06504379957914352,0.5941870212554932,-0.2444072961807251,-0.514144241809845,-0.9049791097640991,-0.8660752177238464,-0.1348717361688614,0.05354873463511467,-0.33616846799850464,0.8451452255249023,0.0576203353703022,-0.004099303390830755,0.16282984614372253,-0.37598687410354614,0.21136648952960968,0.08744083344936371,-0.2334209680557251,0.15894246101379395,0.014077168889343739,-0.714673638343811,0.06460435688495636,-0.5626932978630066,-0.2067367136478424,0.03456755355000496,-0.07695794105529785,0.4019559919834137,0.006086587905883789,-0.6637091040611267,-0.06042308732867241,-0.6862473487854004,-0.14960041642189026,0.5445160865783691,-0.27366331219673157,-0.01503891684114933,-0.6809573173522949,0.05000428482890129,1.0783710479736328,0.1698317676782608,0.26330333948135376,-0.2568433880805969,-0.26982581615448,0.34666329622268677,0.7175289988517761,0.31105729937553406,0.5938273072242737,0.20736856758594513,0.11328224837779999,0.12180646508932114,0.047748249024152756,-0.8387241363525391,0.28617221117019653,-0.48636215925216675,0.3546367883682251,-0.06594790518283844,0.32889044284820557,0.43494710326194763,0.5949746370315552,0.8128995895385742,-0.05034564808011055,-0.29160362482070923,-0.34277838468551636,0.17418067157268524,0.1210666298866272,-0.06833808124065399,0.016683140769600868,0.1665559560060501,-0.16746389865875244,-0.20032665133476257,0.15703746676445007,0.11105586588382721,-0.038258809596300125,-0.3394457995891571,0.02007509395480156,-0.06263571977615356,-0.0501360222697258,0.2661225199699402,0.2971877455711365,0.1479252576828003,-0.4188697338104248,0.004737485200166702,0.32491663098335266,-0.39423418045043945,-0.32341426610946655,-0.1893642395734787,-0.49705472588539124,0.7065708637237549,-0.045912306755781174,-0.057153843343257904,0.06833571195602417,-0.0007471084827557206,0.1077248603105545,0.24104103446006775,-0.7423951625823975,-0.24403777718544006,-0.09492002427577972,-0.16727980971336365,0.3249697983264923,0.044637300074100494,0.3216172158718109,-0.23798441886901855,-0.17741793394088745,0.2423330843448639,0.057189106941223145,0.2357742041349411,0.27739250659942627,-0.1418529748916626,-0.0737173855304718,0.00627503078430891,-0.1471366435289383,-0.8971803784370422,-0.2905309200286865,0.33725839853286743,0.025350410491228104,-0.1830824762582779,0.5829133987426758,-0.09399257600307465,0.22772201895713806,0.2848820090293884,-0.08364524692296982,-0.07021357119083405,-0.16278330981731415,0.2855994701385498,0.2220536768436432,0.1935897171497345,0.10675312578678131,0.01771930418908596,0.37853506207466125,-0.20004084706306458,-0.08577427268028259,0.7878336906433105,-0.430544912815094,-0.3717342019081116,-0.3550214171409607,0.016257992014288902,0.11029238998889923,-0.13103821873664856,0.3833644986152649,-0.40714508295059204,-0.19301432371139526,0.04992488771677017,-0.083371102809906,-0.7307041883468628,0.14951865375041962,-0.48174285888671875,-0.20822539925575256,-0.267817884683609,0.003078204346820712,0.37882229685783386,-0.49713334441185,-0.3590186834335327,-0.1051696166396141,0.04640547186136246,0.10120924562215805,-0.2550343871116638,0.014210494235157967,0.08573528379201889,0.20586445927619934,0.5888440012931824,0.21318724751472473,0.3667828142642975,0.03314835950732231,0.07152585685253143,-0.23106470704078674,0.06355883926153183,-0.0446578748524189,0.01344025693833828,-0.06034756824374199,-0.17212878167629242,-0.28415948152542114,0.047344498336315155,0.5392702221870422,-0.3231726586818695,-0.3603551387786865,-0.23944421112537384,0.1239229068160057,-0.08864565938711166,0.008674979209899902,-0.012180847115814686,-0.08355643600225449,0.36830392479896545,0.10152079164981842,0.0619492344558239,0.08060995489358902,-0.4969630241394043,-0.0060488819144666195,-0.3287789821624756,-0.1491185575723648,0.022693436592817307,-0.013127314858138561,-0.00017650127119850367,0.016166308894753456,-0.14682769775390625,0.06325320154428482,0.9174705743789673,0.28876152634620667,-0.3072856068611145,-0.10534578561782837,-0.14915812015533447,-0.10516653954982758,0.18235349655151367,-0.18240340054035187,-0.0227990560233593,-0.016075242310762405,0.14939026534557343,0.36334753036499023,0.009114664979279041,-0.8118497729301453,-0.06329157203435898,0.36995837092399597,0.39891108870506287,0.11926144361495972,-0.028788506984710693,-0.3007030487060547,-0.577864944934845,0.09764289855957031,0.17415639758110046,-0.056812018156051636,0.17807239294052124,0.027052640914916992,0.3125448226928711,-0.42110419273376465,0.3489254117012024,-0.215987890958786,0.026274949312210083,-0.24467352032661438,-0.02526434138417244,0.03079214133322239,-0.22528119385242462,0.3011995553970337,0.22453837096691132,0.08775313198566437,-0.21289530396461487,-0.4186360836029053,-0.022401416674256325,-0.014469390735030174
CID000000143,219,0.20996060967445374,-0.1916162371635437,-0.7082074880599976,0.018451130017638206,0.2530388832092285,-0.310973197221756,0.13944947719573975,-0.8155194520950317,-0.02475975826382637,-0.39562055468559265,0.4712808132171631,0.09732762724161148,-0.06239021569490433,0.08156652003526688,0.08967691659927368,0.26260820031166077,0.10030367225408554,0.2075287103652954,-0.3002380132675171,-0.2247161865234375,0.15802116692066193,-0.040830470621585846,0.27784958481788635,0.02139485813677311,-0.7985261082649231,-0.6799964308738708,-0.29500800371170044,-0.11587759107351303,0.0782349556684494,0.04264522343873978,0.40231141448020935,0.0983087345957756,0.16043204069137573,0.2626611888408661,-0.01760849542915821,0.028710752725601196,0.3375510275363922,-0.03334350511431694,0.13608820736408234,0.030940543860197067,0.1164529100060463,0.27334803342819214,-0.22086815536022186,-0.05353210121393204,-0.009947676211595535,-0.015609745867550373,0.733862042427063,-0.0660933330655098,-0.6774781942367554,-0.054312754422426224,-0.8298817873001099,-0.1312953531742096,0.4594138264656067,-0.20283906161785126,0.019120579585433006,-0.12926562130451202,0.13363012671470642,0.7775571346282959,-0.02100064605474472,-0.04545288532972336,-0.003914037253707647,-0.10897606611251831,0.2500665485858917,0.377731055021286,0.13684090971946716,0.41221490502357483,0.08049550652503967,0.028677547350525856,-0.19372867047786713,0.04475972801446915,-0.19544127583503723,0.18236812949180603,-0.2334131896495819,0.36005085706710815,-0.14875361323356628,0.09725894033908844,0.13418199121952057,0.24985401332378387,0.6385596394538879,-0.053442083299160004,0.04060550406575203,-0.5832670331001282,0.2122342884540558,0.03837811201810837,0.1829046905040741,0.1478334367275238,-0.4568464756011963,-0.12332580238580704,-0.16256365180015564,0.0063217198476195335,-0.12852032482624054,-0.254371702671051,-0.20729824900627136,0.07495089620351791,0.13104310631752014,0.011412814259529114,-0.10171578824520111,0.2204165905714035,-0.15871255099773407,-1.2607972621917725,-0.23461559414863586,-0.003666609525680542,0.2866089344024658,-0.14928516745567322,0.056474726647138596,-0.031033068895339966,0.6368408203125,0.01148985605686903,0.11614954471588135,-0.11501641571521759,0.18202920258045197,0.0590578131377697,0.08291380107402802,-0.5714357495307922,0.15428531169891357,-0.12951332330703735,-0.2550412714481354,0.26828718185424805,-0.015856977552175522,-0.12067197263240814,-0.14301368594169617,-0.3826340138912201,0.19141872227191925,0.226687952876091,0.3781488835811615,0.07576451450586319,0.13805195689201355,-0.02556965872645378,-0.2245921641588211,0.2141621857881546,-0.5794354677200317,0.06608353555202484,0.20005342364311218,0.2277839481830597,-0.16971054673194885,0.6022293567657471,0.12579964101314545,0.2861183285713196,0.3222968578338623,-0.1861869990825653,-0.033881958574056625,0.05497698858380318,0.14365050196647644,0.3367958962917328,0.05551215261220932,0.012743351049721241,-0.3910537362098694,0.3103905916213989,-0.3500460088253021,-0.1659800261259079,0.6974928975105286,-0.11745412647724152,-0.3001106381416321,-0.6545235514640808,0.50105881690979,-0.02026703581213951,0.04432174563407898,0.13651777803897858,-0.535847544670105,-0.07090244442224503,-0.23380303382873535,-0.034453608095645905,-0.8243257403373718,-0.048677995800971985,-0.4621763229370117,0.022444915026426315,0.05174756050109863,-0.11547833681106567,0.8903778195381165,-0.6145986318588257,-0.1694071739912033,-0.1734546720981598,0.03124890848994255,0.1039280891418457,-0.24179427325725555,-0.32110533118247986,0.18336673080921173,0.06814859807491302,0.49687689542770386,0.16134072840213776,0.39787381887435913,-0.14100408554077148,-0.049665894359350204,0.7145744562149048,-0.018873538821935654,-0.23461782932281494,0.050575338304042816,-0.2715076804161072,-0.1896391659975052,-0.16037876904010773,-0.20681491494178772,1.298119306564331,0.010886168107390404,-0.28280168771743774,-0.09352235496044159,-0.08624543249607086,-0.23186638951301575,0.04663882032036781,1.106084942817688,-0.2669484615325928,0.6688090562820435,0.27431824803352356,-0.02893168292939663,0.9200752973556519,-0.537007212638855,0.09860171377658844,-0.36450400948524475,-0.1857733428478241,-0.17692403495311737,0.18888331949710846,0.059341542422771454,-0.038449518382549286,-0.09862379729747772,-0.19531598687171936,0.4604734778404236,0.18741656839847565,-0.2576909065246582,-0.09070540964603424,0.03360140323638916,0.11222455650568008,0.11124119907617569,0.09213143587112427,0.06794019043445587,-0.15096957981586456,-0.09527470171451569,0.2933565378189087,-0.05778008699417114,-0.32622724771499634,-0.2547368109226227,0.04868759587407112,0.055907346308231354,-0.01621563360095024,0.19208666682243347,-0.13058872520923615,-0.6435571312904358,0.20748253166675568,0.10245092958211899,-0.12802641093730927,-0.14853808283805847,-0.17960324883460999,0.9907450675964355,-0.3659340739250183,-0.023279134184122086,-0.32419732213020325,-0.15328490734100342,-0.27072542905807495,-0.0011115849483758211,-0.16884323954582214,0.026911204680800438,0.5292828679084778,0.15151086449623108,0.14786002039909363,-0.2080964744091034,-0.12605218589305878,0.25830793380737305,-0.10447843372821808
CID000004595,220,0.2106303721666336,-0.4706217348575592,-1.0454370975494385,-0.12665081024169922,0.5590210556983948,-0.23394329845905304,0.10606994479894638,-0.7272801399230957,-0.023773549124598503,-0.2870607376098633,0.5595192313194275,0.2242904007434845,-0.09275691956281662,0.02054980769753456,0.048650018870830536,0.28375357389450073,0.3133808970451355,-0.021502142772078514,-0.3169023394584656,0.195723757147789,-0.12524892389774323,0.21286508440971375,0.4296421408653259,-0.2829766273498535,-1.3514859676361084,-1.0688855648040771,-0.3290035128593445,-0.006097751669585705,0.21221236884593964,-0.15804655849933624,1.1011730432510376,-0.02061813697218895,0.009902320802211761,0.28845736384391785,-0.5038564205169678,-0.0012424588203430176,0.5099206566810608,0.12815111875534058,0.24522154033184052,0.09826762974262238,-0.09184839576482773,0.4261178970336914,-0.32297483086586,-0.19242599606513977,0.22546179592609406,0.07600190490484238,0.8583256602287292,-0.5742111802101135,-0.6405553221702576,0.13106128573417664,-0.8643784523010254,0.06512346863746643,0.5088220834732056,-0.19965963065624237,0.3158208727836609,-0.6458786725997925,-0.05949397012591362,1.1663763523101807,-0.3978600800037384,-0.04903533309698105,-0.26789695024490356,0.06271746754646301,-0.28327587246894836,0.7493205666542053,0.3123847544193268,0.5023211240768433,0.37725117802619934,-0.2678069472312927,0.04227205365896225,-0.1899700164794922,-0.5874955058097839,0.056967027485370636,-0.5947975516319275,0.4286263585090637,-0.16846653819084167,0.08039683103561401,0.3688005805015564,0.08480807393789291,0.71504145860672,0.2688960134983063,-0.1547333151102066,-0.27980005741119385,-0.09710123389959335,-0.17406871914863586,0.370082288980484,0.20631065964698792,-0.9002236127853394,-0.038869887590408325,0.03758052736520767,0.20434248447418213,-0.1914827525615692,-0.2969854474067688,-0.26065459847450256,0.3617890477180481,-0.003913423512130976,0.12779705226421356,-0.15483999252319336,0.349104642868042,0.21797747910022736,-1.5980589389801025,-0.21966370940208435,-0.04136863350868225,-0.1257907897233963,-0.3042159080505371,-0.06328266113996506,-0.4010092616081238,0.9278038144111633,-0.1415988951921463,0.03433360159397125,0.10053125768899918,0.0787915289402008,0.18342100083827972,0.5086714625358582,-0.778906524181366,0.3079923987388611,-0.200260728597641,-0.03737572580575943,0.20090346038341522,0.3181755840778351,0.35049036145210266,-0.32702523469924927,-0.08672895282506943,-0.38063618540763855,0.08871541917324066,-0.040726322680711746,0.08430196344852448,0.3708573579788208,0.04500458762049675,-0.287773460149765,0.22050337493419647,-0.4690884053707123,0.12579213082790375,0.40165361762046814,0.022770201787352562,-0.3060489892959595,0.5768061280250549,-0.1707535833120346,-0.21960313618183136,0.19886311888694763,-0.28443196415901184,0.10904457420110703,0.012526032514870167,0.08045177161693573,0.2358398139476776,0.005188467912375927,0.05994396656751633,-0.5203060507774353,0.4733559191226959,0.049767136573791504,-0.2088148295879364,0.66693115234375,-0.39501455426216125,-1.1017824411392212,-1.0391358137130737,1.0139092206954956,0.05294244736433029,-0.0030098974239081144,0.24090571701526642,-0.7955937385559082,0.31631946563720703,-0.20855402946472168,0.08742564171552658,-1.1952389478683472,-0.16467225551605225,-0.4959299564361572,0.15665344893932343,-0.14764724671840668,-0.10900001227855682,1.281648874282837,-0.5492361783981323,-0.18647482991218567,-0.17381782829761505,0.0855066329240799,0.10634573549032211,-0.6092426776885986,-0.3593035340309143,0.3273676931858063,-0.090907521545887,0.6247017979621887,0.28171464800834656,0.42174553871154785,-0.029973596334457397,-0.24671415984630585,0.7626224756240845,0.008192464709281921,-0.48607581853866577,-0.5804048180580139,-0.1253676563501358,-0.3152250349521637,-0.15319444239139557,-0.4721522927284241,1.302263855934143,-0.21413347125053406,-0.24313035607337952,-0.27773457765579224,-0.2398916780948639,-0.2168145626783371,0.08145467191934586,1.1236106157302856,-0.07164524495601654,0.5658926367759705,0.38982874155044556,-0.022001046687364578,0.9384835958480835,-0.5286217927932739,0.17500123381614685,-0.4212970733642578,0.09607484936714172,-0.1714540272951126,-0.041058801114559174,-0.5276912450790405,-0.21587388217449188,0.23027236759662628,-0.07890311628580093,0.7867274880409241,0.18048226833343506,-0.3217388987541199,-0.4108141362667084,0.1115364208817482,0.01092672348022461,0.11791374534368515,0.22568726539611816,0.03903164714574814,-0.2051805704832077,-0.0606531985104084,0.30885130167007446,0.318705290555954,-0.8325754404067993,-0.2006359100341797,-0.10951089859008789,0.09527848660945892,-0.062042929232120514,0.3222309947013855,-0.39951083064079285,-0.8538659811019897,0.03575846180319786,-0.13831090927124023,-0.06196104362607002,-0.05564624071121216,-0.20634010434150696,1.1401393413543701,-0.21535010635852814,-0.19991829991340637,-0.4380185008049011,-0.1804717481136322,-0.4542844891548157,-0.10288287699222565,0.10165870189666748,0.009782185778021812,0.24383112788200378,-0.05478327348828316,0.1233186274766922,0.2531479001045227,-0.37817972898483276,0.5057169198989868,0.153935045003891
CID000003957,221,0.019668811932206154,-0.22608372569084167,-0.4409880042076111,0.034040264785289764,0.27845972776412964,-0.25280138850212097,0.10333962738513947,-0.4106329083442688,-0.18350934982299805,-0.07251420617103577,0.29847973585128784,0.10457923263311386,-0.020076364278793335,-0.17542652785778046,0.09082720428705215,0.17182956635951996,0.38162165880203247,-0.045136261731386185,-0.20357854664325714,0.15749488770961761,0.06443150341510773,0.05187929794192314,0.44795599579811096,-0.030379468575119972,-0.47076553106307983,-0.5403441786766052,-0.19437551498413086,-0.3215366303920746,0.3246091604232788,0.14175856113433838,0.5194786787033081,-0.059811145067214966,0.11746630817651749,0.12197451293468475,-0.3226718604564667,0.036291010677814484,0.36382901668548584,-0.2672986388206482,-0.06110543757677078,-0.12409099191427231,-0.2745160460472107,0.3772321939468384,-0.3411938548088074,-0.011712824925780296,-0.03192230686545372,0.1426244080066681,0.6503969430923462,-0.07595684379339218,-0.7041448354721069,0.07242356985807419,-0.6469289660453796,0.2096189260482788,0.39676302671432495,-0.22504286468029022,0.11757077276706696,-0.461940199136734,-0.14138412475585938,0.814853847026825,-0.23137907683849335,-0.07513226568698883,0.09447857737541199,-0.2579314112663269,0.07201886177062988,0.7590280771255493,0.10876530408859253,0.2522094249725342,-0.208414226770401,0.01612524874508381,-0.07259023934602737,-0.15135356783866882,-0.6391527652740479,0.14805103838443756,-0.5449468493461609,0.3523225784301758,0.019678466022014618,0.3815527558326721,0.31757134199142456,0.3737744092941284,0.6872676014900208,-0.02069428563117981,-0.13994495570659637,-0.2544810473918915,0.03709610551595688,0.06085545942187309,0.3480067849159241,0.23433801531791687,-0.08596239238977432,-0.19128239154815674,-0.034663401544094086,0.14167889952659607,-0.06910908967256546,-0.03465762361884117,-0.12291209399700165,0.08340764790773392,0.00957227312028408,-0.184535413980484,-0.2584303021430969,0.3272837996482849,-0.11023227870464325,-0.4896695017814636,-0.07505499571561813,-0.025277044624090195,0.06383700668811798,-0.13596679270267487,0.016641106456518173,-0.34245795011520386,0.4727633595466614,0.22316691279411316,0.1770918220281601,-0.2230222523212433,0.01572522521018982,0.10449381172657013,0.4887259006500244,-0.3467259407043457,0.12532439827919006,0.037214476615190506,-0.0011099902912974358,0.1668299287557602,-0.049956776201725006,-0.06776402145624161,-0.11649395525455475,-0.3841882646083832,-0.010379987768828869,0.18454168736934662,-0.09838555753231049,0.23809456825256348,0.2157856523990631,0.1784016191959381,-0.3191571831703186,0.2546834945678711,-0.5703262090682983,-0.07794071733951569,0.3459955155849457,0.30428797006607056,-0.1168697327375412,0.7335743308067322,0.12560847401618958,-0.0452096126973629,0.18523892760276794,-0.06294660270214081,-0.19119000434875488,-0.25833022594451904,0.25985413789749146,0.2871702313423157,0.13345655798912048,-0.016905035823583603,-0.20052054524421692,0.15145327150821686,-0.15550224483013153,1.7496942746220157e-05,0.48741230368614197,-0.09637279808521271,-0.6162585020065308,-0.7468535304069519,0.36338502168655396,-0.3282046318054199,-0.23289522528648376,-0.23838970065116882,-0.3952934741973877,-0.008238911628723145,-0.12866513431072235,0.01265726424753666,-0.5316565632820129,0.12581466138362885,-0.4448889195919037,-0.19091199338436127,-0.013713181018829346,0.017133697867393494,0.5163466334342957,-0.47364458441734314,-0.2004450112581253,-0.2645379602909088,-0.07623805105686188,-0.30510884523391724,-0.5405004024505615,-0.05668272450566292,0.2583441734313965,0.08045624941587448,0.4199056625366211,0.10449125617742538,0.593492329120636,-0.10466639697551727,-0.07464160025119781,0.17739680409431458,0.035374004393815994,-0.4130991995334625,-0.14201559126377106,-0.3278290033340454,-0.12840299308300018,-0.12019579112529755,-0.3308277726173401,0.6076582670211792,-0.13139919936656952,-0.3447374999523163,-0.0716957300901413,-0.03899987414479256,-0.1069251075387001,0.2070493996143341,0.28368592262268066,-0.00017198939167428762,0.4446212351322174,0.24846115708351135,-0.20354428887367249,-0.02699405513703823,-0.43214407563209534,-0.24579624831676483,-0.2723619043827057,-0.0738256424665451,0.1586180031299591,-0.18766707181930542,0.3671710789203644,0.055303268134593964,0.14409802854061127,-0.19891227781772614,0.8514140844345093,0.10354313999414444,-0.052553124725818634,-0.2274322211742401,0.0781882256269455,0.042084697633981705,0.29729369282722473,0.020305855199694633,0.11738951504230499,0.14924146234989166,-0.06941581517457962,0.3267083168029785,-0.1361694633960724,-0.6981391906738281,-0.31934428215026855,-0.015001974999904633,0.13863973319530487,0.20560121536254883,0.04056626930832863,-0.3585358262062073,-0.6715702414512634,0.46968087553977966,0.12161923944950104,-0.0193704254925251,-0.1337508261203766,-0.1660064160823822,0.2194225788116455,-0.45790642499923706,-0.08723510801792145,-0.12336162477731705,-0.18363165855407715,-0.03959762677550316,0.03213301673531532,-0.23816749453544617,-0.10430081188678741,0.4150918126106262,0.07902731001377106,0.05678466707468033,-0.07274112850427628,-0.3186712861061096,0.09459836781024933,-0.19665873050689697
CID000004054,222,0.19984470307826996,-0.43484821915626526,-0.6039103269577026,0.12371734529733658,0.2811783254146576,-0.18990473449230194,-0.09514333307743073,-0.28648799657821655,0.05964558199048042,-0.0032252497039735317,-0.006119032856076956,0.30609461665153503,-0.07506565004587173,-0.12870757281780243,0.39260992407798767,0.004226028453558683,0.5427700281143188,0.09252994507551193,-0.1611553430557251,0.039486564695835114,0.07949231564998627,0.1018543392419815,0.37198954820632935,0.11919596046209335,-0.7128781080245972,-0.6477164030075073,-0.45806169509887695,-0.10848651826381683,0.15703383088111877,0.06268151849508286,0.8660250902175903,-0.11037223041057587,-0.17519298195838928,0.3464842736721039,-0.3088531196117401,-0.034009795635938644,0.9070435762405396,-0.06807293742895126,-0.08431480079889297,0.05226140096783638,-0.15515434741973877,0.6594341397285461,-0.28556469082832336,0.07148594409227371,-0.034791868180036545,-0.046769533306360245,0.4837307333946228,-0.17275574803352356,-0.5262717008590698,-0.044775888323783875,-0.6091679334640503,0.5848600268363953,0.4191100001335144,-0.12617388367652893,0.2770921587944031,-0.32921674847602844,-0.20861446857452393,0.6748226881027222,0.2410639226436615,-0.27802300453186035,-0.016630174592137337,-0.1305726021528244,0.03804586082696915,0.9663602709770203,-0.16033302247524261,0.43315237760543823,-0.27540722489356995,-0.10672323405742645,0.11562739312648773,0.0728001743555069,-0.6743041276931763,0.28792500495910645,-0.520583987236023,0.3071085810661316,0.22403950989246368,0.5730596780776978,0.6620486974716187,0.09720464050769806,0.7335010170936584,0.13137665390968323,-0.12088020145893097,-0.05423525720834732,-0.13023316860198975,-0.10362841188907623,0.05910014361143112,0.0531289279460907,-0.4274287819862366,0.08941876143217087,0.20264296233654022,0.09149138629436493,-0.2245270013809204,0.15938374400138855,-0.2727988362312317,0.00034268497256562114,0.03822418674826622,-0.0851365402340889,0.1055125966668129,0.14135092496871948,-0.0345715694129467,-0.5681954622268677,-0.16274318099021912,0.02778969705104828,0.04887373000383377,0.004312464501708746,0.020899193361401558,-0.23060691356658936,0.7490054368972778,0.11832807958126068,0.166910320520401,-0.10037896782159805,-0.16756398975849152,-0.16580508649349213,0.9487267732620239,-0.4219115674495697,0.220159649848938,-0.35900288820266724,-0.2343582659959793,-0.08783175051212311,-0.08891496062278748,-0.10732574760913849,-0.15626907348632812,-0.5374237298965454,0.21585455536842346,0.07955937087535858,-0.319344699382782,0.19371064007282257,0.23598988354206085,0.01056871097534895,-0.0581875815987587,0.41150030493736267,-0.5756822824478149,-0.2088191956281662,0.29223161935806274,0.19052192568778992,0.15719255805015564,0.9658627510070801,-0.033827848732471466,-0.16627109050750732,0.22175244987010956,-0.18134751915931702,-0.021966783329844475,-0.40132856369018555,0.2954665422439575,-0.06671363115310669,0.06455018371343613,0.15808480978012085,-0.10891740024089813,0.0025992095470428467,-0.24750351905822754,-0.004545980598777533,0.5432186722755432,-0.23881474137306213,-0.4253090023994446,-0.8520146608352661,0.6762272119522095,-0.4192487597465515,-0.26603472232818604,-0.11085401475429535,-0.47497162222862244,0.03163045644760132,0.10645069181919098,0.07222925126552582,-0.8239818811416626,-0.0006182670476846397,-0.4207143187522888,-0.11326910555362701,0.1905815154314041,0.021894266828894615,0.527035653591156,-0.37736886739730835,-0.24201147258281708,0.04897953197360039,0.013245096430182457,-0.13698700070381165,-0.5630062222480774,-0.2993444502353668,0.271742045879364,0.05757937580347061,0.4125439524650574,-0.048298366367816925,0.5739035606384277,0.024559419602155685,-0.273739755153656,0.5990910530090332,0.06920893490314484,-0.35161566734313965,-0.0341445691883564,-0.25416088104248047,-0.30440548062324524,-0.09097033739089966,-0.24014028906822205,0.6754929423332214,0.2326238453388214,-0.3083203434944153,0.1490803062915802,0.004207879304885864,-0.059151582419872284,0.2662005126476288,0.24689975380897522,-0.1034437045454979,0.36266419291496277,0.20443129539489746,0.01751330867409706,0.04990122467279434,-0.31293952465057373,-0.25467202067375183,-0.1641547828912735,0.0768086165189743,-0.007341998629271984,-0.2878699004650116,-0.27826127409935,-0.13915935158729553,-0.10872262716293335,-0.17043377459049225,0.37383002042770386,-0.1360948234796524,0.06132455915212631,-0.21898317337036133,0.05440887063741684,-0.2260967493057251,-0.016713019460439682,0.1818189024925232,-0.15098001062870026,-0.19024702906608582,0.2090679407119751,0.20137539505958557,0.10781272500753403,-0.630414605140686,-0.22716864943504333,0.2125486582517624,-0.09821291267871857,0.027501827105879784,-0.037202563136816025,-0.24122770130634308,-0.5622613430023193,0.03391005098819733,0.09774620831012726,-0.04572264477610588,-0.032280076295137405,0.07217079401016235,0.5483526587486267,-0.24240274727344513,-0.020594462752342224,-0.3296772241592407,-0.17341020703315735,-0.328659325838089,0.024437006562948227,-0.05313969776034355,-0.281271755695343,0.12233151495456696,0.21316292881965637,-0.038472242653369904,0.3996768593788147,-0.3222659230232239,0.13239525258541107,0.06882523000240326
CID000004543,225,-0.09733490645885468,-0.12916414439678192,-0.4856117367744446,0.14382660388946533,0.22150573134422302,-0.17868277430534363,0.06331613659858704,-0.3193407654762268,-0.002523821545764804,0.005504284054040909,0.0782221257686615,0.01260373555123806,0.13554851710796356,-0.17285673320293427,-0.053732626140117645,0.0800480991601944,0.15988019108772278,-0.014268252067267895,-0.36559608578681946,0.12848584353923798,0.02518325112760067,-0.02151288464665413,0.5301759839057922,0.09303957223892212,-0.37336039543151855,-0.45968762040138245,-0.12334509938955307,-0.16163277626037598,0.35152944922447205,0.08538427203893661,0.5525213479995728,-0.05844169855117798,-0.0481858104467392,0.23829951882362366,-0.3128715455532074,0.14447155594825745,0.27396640181541443,-0.10153796523809433,0.06386693567037582,0.10985307395458221,-0.35421812534332275,0.411451518535614,-0.5123395323753357,-0.06160090118646622,-0.04915853589773178,0.2242470681667328,0.527411162853241,-0.1717522144317627,-0.7695938348770142,0.08456999063491821,-0.7737306356430054,-0.01145474798977375,0.4333651661872864,-0.1618489772081375,0.17185728251934052,-0.719291090965271,-0.22621087729930878,0.7569714188575745,-0.31411805748939514,-0.12394330650568008,-0.16918712854385376,-0.0985734686255455,0.18444028496742249,0.7724722623825073,-0.06068155914545059,0.3017813563346863,-0.1826535165309906,-0.10939893871545792,-0.0010577350622043014,-0.23977112770080566,-0.7761332988739014,0.14665766060352325,-0.5763940215110779,0.4572209417819977,0.0883011668920517,0.4401049017906189,0.6047550439834595,0.16126224398612976,0.6722556948661804,-0.09181135147809982,-0.07385914027690887,-0.1583816111087799,0.11643072217702866,-0.0398036353290081,0.2826640009880066,0.19460417330265045,-0.14728116989135742,-0.06750356405973434,0.011004816740751266,0.12118007987737656,-0.22837884724140167,0.10088660567998886,-0.1004413366317749,-0.10227501392364502,-0.006156817078590393,-0.07775086164474487,-0.1518351137638092,0.2710661292076111,-0.1407116949558258,-0.3590756356716156,-0.04987111687660217,-0.008480936288833618,-0.1965242624282837,-0.009730793535709381,-0.05403698608279228,-0.41418981552124023,0.3541010022163391,0.3230878710746765,0.22431087493896484,-0.1867191046476364,-0.08219335973262787,0.1046929806470871,0.5526788830757141,-0.3920571208000183,0.11632139980792999,0.05789986252784729,0.023862291127443314,0.13250383734703064,0.008437573909759521,0.009022211655974388,-0.17895004153251648,-0.29487138986587524,-0.11744745820760727,0.05451587587594986,-0.10727643966674805,0.2674803137779236,0.1256784200668335,0.14008429646492004,-0.2499982863664627,0.2993120551109314,-0.502855122089386,-0.37138259410858154,0.25572165846824646,0.12641803920269012,-0.08266766369342804,0.8590744137763977,0.02090652659535408,-0.09516579657793045,0.10667359828948975,0.019507979974150658,-0.0755782276391983,-0.32062289118766785,0.014118161983788013,0.22284993529319763,0.23649629950523376,0.039554279297590256,-0.13022354245185852,0.011548447422683239,-0.07515469193458557,-0.12582793831825256,0.49258095026016235,-0.02231394127011299,-0.757910430431366,-0.6840443015098572,0.551702082157135,-0.2435048520565033,-0.446155846118927,-0.18521280586719513,-0.40430012345314026,-0.06713434308767319,0.03332435339689255,0.11831170320510864,-0.569386899471283,0.06332333385944366,-0.5375868082046509,-0.12259656190872192,-0.1625482141971588,-0.09123023599386215,0.5012174844741821,-0.6007589101791382,-0.18280212581157684,-0.19675090909004211,0.037667129188776016,-0.2021590918302536,-0.42560967803001404,-0.23927369713783264,0.16742226481437683,0.05100554972887039,0.43400534987449646,0.25891169905662537,0.4928240180015564,-0.1442779302597046,-0.046890102326869965,0.049812596291303635,-0.2290293276309967,-0.42577415704727173,-0.3527645170688629,-0.21614691615104675,-0.2831791043281555,-0.09946831315755844,0.04981173202395439,0.5269211530685425,0.05089287832379341,-0.4260716438293457,0.06673967838287354,-0.0708884447813034,-0.10743554681539536,0.24286632239818573,0.25937899947166443,-0.047247130423784256,0.2660420835018158,0.2437020242214203,-0.023600000888109207,-0.01855880580842495,-0.36155757308006287,-0.35277336835861206,-0.3368050158023834,-0.08210309594869614,0.04828476160764694,-0.2076740711927414,0.13882283866405487,0.02139989472925663,0.11755359172821045,-0.22810359299182892,0.6881943941116333,-0.1794998198747635,-0.07106371223926544,-0.1039760559797287,0.21651680767536163,-0.09191425144672394,0.31288769841194153,-0.08733198791742325,0.04508821293711662,-0.04743710905313492,0.11383117735385895,0.29367220401763916,-0.12958167493343353,-0.7070438861846924,-0.08884526044130325,-0.12848126888275146,0.25559768080711365,0.18692654371261597,-0.05895522981882095,-0.4460960328578949,-0.5499746203422546,0.2735036015510559,0.027784263715147972,-0.08218341320753098,-0.1448058933019638,-0.1143694743514061,0.20305752754211426,-0.380777508020401,-0.08466343581676483,0.02745780348777771,-0.2695775628089905,-0.0980602353811264,0.022500835359096527,-0.18357697129249573,-0.3142644464969635,0.2921164631843567,0.01817731000483036,-0.022507797926664352,0.03678745776414871,-0.19199341535568237,0.10997752845287323,-0.13316719233989716
CID000004599,226,-0.03432489559054375,-0.045558054000139236,-0.3885681927204132,0.1898202747106552,0.24669358134269714,-0.3054298460483551,-0.004114672541618347,-0.18468117713928223,-0.14358144998550415,-0.03275608271360397,0.09632790088653564,0.03705986216664314,-0.07623882591724396,-0.012805777601897717,0.01157389860600233,0.09694143384695053,0.021551717072725296,-0.010872183367609978,-0.2972318232059479,0.12883338332176208,-0.07840685546398163,0.1147644966840744,0.4637225568294525,-0.05629323795437813,-0.5370368957519531,-0.7288138270378113,-0.169548898935318,-0.11548808962106705,0.0784691795706749,0.1713302880525589,0.41078081727027893,0.03944317623972893,-0.09250317513942719,0.36480823159217834,-0.24066264927387238,0.1527559459209442,0.33677810430526733,-0.10803117603063583,-0.0004726767656393349,-0.015608653426170349,-0.0815446749329567,0.15467046201229095,-0.18140995502471924,-0.18019221723079681,-0.0354095920920372,0.05441608279943466,0.3913760185241699,-0.12879678606987,-0.4338661730289459,0.003158098552376032,-0.7740130424499512,-0.08636220544576645,0.4843313694000244,-0.24045078456401825,0.11714412271976471,-0.17458000779151917,-0.29665377736091614,0.4152544438838959,0.08563579618930817,-0.19853636622428894,0.08447525650262833,-0.16920523345470428,0.3458090126514435,0.6270836591720581,0.04407550022006035,0.6025333404541016,-0.16724750399589539,0.13117003440856934,0.014304852113127708,-0.15289641916751862,-0.5506295561790466,0.13497479259967804,-0.45245981216430664,0.5406932830810547,0.05114584416151047,0.44049301743507385,0.43303149938583374,0.21967487037181854,0.5906344652175903,-0.016135847195982933,-0.031863488256931305,-0.03887465223670006,0.13597387075424194,0.14960160851478577,-0.09288616478443146,0.2962746024131775,-0.11273606866598129,-0.13314495980739594,0.15745015442371368,0.01322453748434782,-0.1270182728767395,0.07727254927158356,-0.36414065957069397,-0.0027391910552978516,-0.06369965523481369,-0.07141847908496857,-0.19282937049865723,0.17419596016407013,-0.040270425379276276,-0.6224188804626465,-0.09926141798496246,-0.12761248648166656,0.10970892012119293,0.008170157670974731,0.09335742890834808,-0.15586891770362854,0.6128048300743103,0.14567340910434723,0.26901039481163025,-0.1471003144979477,-0.05686529725790024,-0.1474313735961914,0.04083136096596718,-0.5941317677497864,0.0003993447753600776,-0.29153943061828613,-0.19386695325374603,0.07757540792226791,-0.020362207666039467,-0.040141861885786057,0.0009068094077520072,-0.23947682976722717,0.06732311844825745,0.058663029223680496,0.08044536411762238,0.022015810012817383,0.04735052213072777,0.06412073969841003,-0.10730701684951782,0.1970497965812683,-0.6280719637870789,-0.3432581424713135,0.30792033672332764,0.05664774775505066,-0.032411206513643265,0.9107314348220825,0.164042130112648,0.004230166785418987,0.1060643345117569,0.022511405870318413,-0.07439980655908585,-0.06654451042413712,0.18742947280406952,0.17625948786735535,0.11766626685857773,-0.04891597852110863,-0.32993897795677185,-0.02447023056447506,-0.14221759140491486,0.08929996192455292,0.5049437284469604,-0.17301751673221588,-0.31666502356529236,-0.525481641292572,0.4507714807987213,-0.04212363809347153,0.023195166140794754,-0.29929426312446594,-0.31616732478141785,-0.10208620876073837,-0.03508815914392471,0.12395071983337402,-0.6916865706443787,0.03688822686672211,-0.3949362635612488,0.06287868320941925,-0.006470206193625927,-0.008409911766648293,0.40043210983276367,-0.5428497195243835,-0.2566062808036804,0.020424770191311836,-0.11123275756835938,-0.07423029839992523,-0.33454805612564087,-0.2408819943666458,0.1675792634487152,0.14344242215156555,0.5206230878829956,0.16151341795921326,0.37810274958610535,0.01708245649933815,-0.14545994997024536,0.3707353472709656,-0.24307961761951447,-0.430156409740448,0.02406545728445053,-0.1704358607530594,-0.2815852761268616,-0.07106467336416245,-0.13429024815559387,0.5773080587387085,-0.017384007573127747,-0.3288460373878479,0.032708991318941116,0.06836380064487457,-0.028560036793351173,0.15943707525730133,0.5334262847900391,-0.24394702911376953,0.2308255434036255,0.5471596121788025,0.012265090830624104,0.13734716176986694,-0.4299023747444153,-0.16449813544750214,-0.423789918422699,-0.15647758543491364,-0.1446901261806488,-0.08347178250551224,-0.01934906467795372,0.024555865675210953,-0.17797836661338806,-0.19524410367012024,0.7244828939437866,0.09051372110843658,0.19503822922706604,-0.06334725022315979,0.05590837076306343,-0.018346350640058517,0.16125747561454773,-0.07154015451669693,0.038838889449834824,-0.03899209201335907,-0.0691881999373436,0.20813974738121033,-0.061542998999357224,-0.5005883574485779,-0.10034210979938507,-0.21789617836475372,0.08662886917591095,0.005469283554702997,0.11986663192510605,-0.2898775339126587,-0.36368444561958313,0.1187942773103714,0.16756470501422882,-0.10535445064306259,0.049096137285232544,0.15807321667671204,0.5598945021629333,-0.3397313058376312,-5.672760380548425e-05,-0.35791823267936707,-0.2536948323249817,-0.3786436915397644,-0.04960627481341362,-0.08297008275985718,0.00158692745026201,0.1845993846654892,0.15547813475131989,-0.026928316801786423,-0.06598267704248428,-0.07289369404315948,0.10385522991418839,-0.09911386668682098
CID000003042,227,0.09434251487255096,-0.27802345156669617,-0.5224094986915588,0.3082045316696167,0.3391610085964203,-0.15800917148590088,0.12629467248916626,-0.7981584668159485,-0.21538832783699036,-0.2758823335170746,0.7030133008956909,-0.2374548614025116,-0.03565719723701477,-0.19727067649364471,0.002247373340651393,0.1652553379535675,-0.00726337730884552,-0.35504215955734253,-0.45979127287864685,-0.0024132728576660156,-0.22905687987804413,0.1885916143655777,0.4120279848575592,0.13831114768981934,-0.9980714917182922,-0.8929438591003418,-0.33587321639060974,0.017976930364966393,-0.13027441501617432,-0.2099509984254837,0.9850643873214722,0.07165956497192383,-0.22336724400520325,0.08349647372961044,-0.2077876329421997,0.10770265012979507,0.14151202142238617,-0.22651374340057373,0.024128640070557594,-0.10870271921157837,-0.2437390834093094,-0.005574870854616165,-0.20028090476989746,-0.6013206243515015,0.028704892843961716,0.17943881452083588,0.45843449234962463,-0.31366509199142456,-0.3591563403606415,-0.0016276652459055185,-1.2017202377319336,0.7063851356506348,0.5519310235977173,-0.14234879612922668,0.06577658653259277,-0.15754865109920502,-0.04585054889321327,0.3501063287258148,-0.03912340849637985,0.03254718333482742,0.25464802980422974,-0.3584766983985901,0.08375996351242065,1.0701172351837158,-0.028725966811180115,0.5266795754432678,-0.2517557740211487,-0.08594390004873276,-0.0363694466650486,0.18714119493961334,-0.7282973527908325,0.11673139035701752,-0.3326287269592285,0.34534063935279846,0.2696422040462494,0.8873570561408997,0.16807880997657776,0.2926490008831024,0.5853428244590759,0.045586563646793365,-0.12978674471378326,-0.06887711584568024,-0.012033969163894653,0.01383883785456419,-0.18459607660770416,0.1386188566684723,-0.29560062289237976,-0.2110607922077179,0.09358508884906769,-0.35517001152038574,0.08545155823230743,-0.015192026272416115,-0.3363351821899414,0.17372362315654755,-0.03149320185184479,-0.29486581683158875,0.027576159685850143,0.3066266179084778,0.02961372397840023,-0.9188744425773621,-0.19140182435512543,-0.3896944224834442,0.047743238508701324,-0.24566058814525604,-0.02753787860274315,-0.236175537109375,0.5729331374168396,0.3056645095348358,-0.18962343037128448,0.18402409553527832,-0.0946798250079155,-0.15412035584449768,0.5135109424591064,-1.021457552909851,-0.02386983297765255,-0.3304160237312317,0.13848039507865906,0.1075650006532669,0.04107728973031044,0.10641231387853622,-0.24624185264110565,-0.2118886262178421,0.10590235888957977,0.17000290751457214,-0.06098880618810654,0.08479838818311691,0.22910749912261963,-0.030776668339967728,-0.018465017899870872,0.401022732257843,-0.8687823414802551,-0.13904894888401031,0.3622257709503174,0.3230631947517395,-0.0933007299900055,0.9007323384284973,0.0890403762459755,-0.007494330406188965,0.574652373790741,0.2849089205265045,0.01008790172636509,-0.2159702479839325,0.34978771209716797,0.33385929465293884,0.07142132520675659,0.1391175091266632,-0.4074541926383972,0.19873905181884766,0.06342628598213196,0.008599567227065563,0.8173428773880005,-0.012021643109619617,-0.4423900544643402,-0.6192280650138855,0.5971537828445435,-0.11841899156570435,0.17062906920909882,0.13047869503498077,-0.44824203848838806,-0.19592981040477753,0.2092791497707367,0.15302997827529907,-1.1576634645462036,0.1308765709400177,-0.3830685615539551,-0.07746043056249619,0.038973063230514526,-0.23622186481952667,0.7980378866195679,-0.6173468828201294,-0.3196345269680023,-0.23160424828529358,0.06528860330581665,-0.1309191882610321,-0.28794220089912415,-0.42031899094581604,0.8256001472473145,-0.04435683414340019,0.4928351938724518,0.04725091531872749,0.5213045477867126,-0.0200791098177433,-0.2864246368408203,0.9293375015258789,-0.23203620314598083,-0.9110225439071655,-0.36683017015457153,-0.04215845465660095,-0.12978091835975647,-0.1761060655117035,-0.29399532079696655,0.6820508241653442,0.021120984107255936,-0.23986287415027618,0.25214093923568726,-0.18009960651397705,0.013928687199950218,-0.22381103038787842,0.4509495198726654,-0.3367440104484558,0.6454590559005737,0.08351442962884903,0.07292792946100235,0.15981855988502502,-0.7054432034492493,0.05916769057512283,-0.5179792046546936,-0.10636132955551147,-0.011003738269209862,-0.26374363899230957,-0.0703217163681984,-0.03738773614168167,-0.21826854348182678,-0.1246158629655838,0.7529212832450867,0.3635958731174469,0.10455860197544098,0.1470639705657959,-0.013155713677406311,-0.025806447491049767,0.2433057725429535,0.11040447652339935,0.013528287410736084,0.15194156765937805,0.006855437066406012,0.1619832068681717,0.08388680219650269,-0.6295197010040283,-0.21183697879314423,-0.30936193466186523,0.040638379752635956,0.02919113077223301,-0.0724940076470375,-0.22680068016052246,-0.673485279083252,-0.11331669241189957,-0.15523378551006317,-0.11728648096323013,0.13232003152370453,0.19307562708854675,1.2029893398284912,-0.2529663145542145,-0.07851855456829071,-0.6039036512374878,-0.47509217262268066,-0.6195653676986694,-0.05588846281170845,0.10018005222082138,-0.30730754137039185,0.1622990518808365,0.08006076514720917,0.1061902791261673,-0.08131513744592667,-0.16827771067619324,0.2568315267562866,0.020241204649209976
CID000003516,228,0.11016695201396942,-0.24586835503578186,-0.4957260191440582,0.18983516097068787,0.3899911940097809,-0.18331670761108398,0.011778163723647594,-0.5615487098693848,-0.13476577401161194,-0.061143677681684494,0.2642485797405243,0.30692732334136963,-0.09456366300582886,0.06016538664698601,-0.1091240793466568,0.08143732696771622,0.5048012137413025,0.14521858096122742,-0.3250696659088135,0.12415866553783417,0.0638483315706253,-0.03971352055668831,0.4689507484436035,0.08412915468215942,-0.34400397539138794,-0.5084995627403259,-0.22028085589408875,-0.07005412876605988,0.08287063986063004,-0.16113200783729553,0.45542436838150024,-0.02547360397875309,-0.12628865242004395,0.20346751809120178,-0.10315915197134018,0.08173409104347229,0.5792668461799622,-0.11692637205123901,-0.020437713712453842,-0.06320349872112274,-0.16978077590465546,0.45329245924949646,-0.2187475711107254,-0.1838676631450653,-0.014250993728637695,-0.05433311313390732,0.4537619948387146,-0.21809911727905273,-0.3908079266548157,0.0831550881266594,-0.5884075164794922,0.4061052203178406,0.6324862241744995,-0.26944926381111145,0.36075150966644287,-0.3278026580810547,-0.2479315996170044,0.4901079535484314,0.13488945364952087,-0.15553708374500275,-0.17869752645492554,-0.335790753364563,0.19595304131507874,0.878294825553894,-0.16001537442207336,0.32007521390914917,-0.09858030825853348,0.018787438049912453,-0.038655124604701996,0.1384660303592682,-0.6333531141281128,0.16126713156700134,-0.4553660750389099,0.6000956892967224,0.19210462272167206,0.44065603613853455,0.38912245631217957,0.03283882886171341,0.45318716764450073,-0.022648435086011887,-0.10342304408550262,-0.25965791940689087,0.09798191487789154,-0.0848919004201889,0.28559181094169617,0.11958752572536469,-0.13199634850025177,0.0692879930138588,0.044811755418777466,-0.060274653136730194,-0.15549837052822113,0.09176365286111832,-0.2598237991333008,-0.09031552076339722,-0.0037192299496382475,-0.17157146334648132,-0.18544837832450867,0.2220228612422943,-0.10976936668157578,-0.5263644456863403,-0.02090897411108017,-0.2200372964143753,0.01709306612610817,0.015261979773640633,0.07134336233139038,-0.31305018067359924,0.514295220375061,0.04565390944480896,0.1639198660850525,-0.13626806437969208,-0.032271724194288254,-0.028542280197143555,0.5948952436447144,-0.21175165474414825,0.09418774396181107,-0.23123112320899963,-0.24464917182922363,-0.04332209378480911,-0.10391338914632797,-0.02919643186032772,-0.13929882645606995,-0.22273758053779602,0.09261258691549301,0.1144566684961319,-0.07122079282999039,0.10123491287231445,0.09456389397382736,-0.0832892507314682,-0.23503820598125458,0.3407396078109741,-0.5351053476333618,-0.3306576609611511,0.18397720158100128,0.22944965958595276,-0.03151928633451462,0.673008382320404,-0.011743469163775444,-0.10387344658374786,0.26357725262641907,-0.326612651348114,0.019335340708494186,-0.11347611248493195,0.028970548883080482,-0.027819763869047165,0.0648101195693016,-0.03606037050485611,-0.3131411373615265,0.06939516961574554,-0.05095871165394783,-0.023269042372703552,0.40486907958984375,-0.062315814197063446,-0.4995175302028656,-0.5830010771751404,0.6207727789878845,-0.3107849955558777,-0.05668829008936882,0.169504314661026,-0.5183252096176147,-0.055570363998413086,0.07821063697338104,-0.15423274040222168,-0.8637377619743347,-0.01791744865477085,-0.4683018624782562,-0.00354086235165596,0.04558514803647995,0.049964599311351776,0.44112807512283325,-0.5272377133369446,-0.5928099751472473,-0.13573768734931946,-0.13678932189941406,-0.08240775763988495,-0.5447462201118469,-0.39516711235046387,0.33208581805229187,-0.04841981083154678,0.4795779287815094,-0.32916978001594543,0.14136041700839996,0.05358137935400009,-0.35728397965431213,0.3639639914035797,-0.054043661803007126,-0.38254162669181824,-0.004430403001606464,-0.12489193677902222,-0.11019585281610489,-0.18575838208198547,-0.08221365511417389,0.6081832647323608,0.11310150474309921,-0.5020254850387573,0.024844858795404434,-0.11144004017114639,-0.07683305442333221,-0.07830927520990372,0.40482354164123535,0.017329391092061996,0.42105454206466675,0.15330013632774353,-0.08593370020389557,0.004763668868690729,-0.24847117066383362,-0.32175689935684204,-0.22911100089550018,-0.006194319576025009,0.04444661736488342,-0.02193411812186241,-0.25886955857276917,-0.025920983403921127,0.05290113016963005,-0.22116653621196747,0.630544126033783,-0.25175490975379944,0.031519241631031036,0.042093101888895035,-0.003432017518207431,-0.08790872991085052,0.3433353006839752,-0.17062535881996155,0.13458101451396942,0.02359290048480034,-0.15716952085494995,-0.08844352513551712,-0.11975668370723724,-0.7019017338752747,-0.02378527820110321,-0.01822527125477791,0.10912983119487762,0.0883263349533081,0.008155416697263718,-0.31367823481559753,-0.5979464650154114,-0.03499752655625343,0.07283787429332733,-0.11356756836175919,0.024255048483610153,-0.0014189898502081633,0.3484451174736023,-0.3757576048374176,0.042074039578437805,-0.2970951199531555,-0.16806404292583466,-0.2271520346403122,0.03140765801072121,-0.03763476759195328,-0.09696841239929199,0.17154166102409363,0.02066383883357048,0.06629738211631775,0.18952272832393646,-0.2656833231449127,0.17903585731983185,0.03681531548500061
CID000003962,229,-0.44392409920692444,-0.28731295466423035,-1.0532557964324951,0.3078862726688385,0.34372997283935547,-0.3470291495323181,-0.33565476536750793,-0.4995070993900299,-0.3345908522605896,-0.2279241383075714,0.507622241973877,-0.16639649868011475,-0.10639524459838867,-0.15846507251262665,-0.2178536355495453,-0.3396746516227722,0.4208599627017975,0.16117802262306213,-0.5237281322479248,-0.5664193034172058,-0.29038354754447937,-0.14786675572395325,0.49218234419822693,0.051349349319934845,-0.8707935214042664,-1.118274450302124,-1.1930742263793945,0.08299911767244339,0.0987674817442894,-0.6034231185913086,1.2596486806869507,-0.2789585590362549,0.08264390379190445,0.4798765182495117,-0.3464934825897217,-0.2184700071811676,0.9592965245246887,-0.42705899477005005,0.5442385673522949,0.001487559056840837,-0.30036312341690063,0.6067115664482117,-0.22650232911109924,-0.23923638463020325,0.42774033546447754,-0.18618223071098328,0.3039819598197937,-0.16623957455158234,-0.3338465690612793,0.20698530972003937,-1.104414939880371,0.2958032488822937,0.4535762369632721,-0.37083569169044495,-0.34730303287506104,-0.4534219801425934,0.21663066744804382,0.7117229700088501,-0.144559845328331,0.20871397852897644,-0.3495731055736542,-0.33895641565322876,0.036063265055418015,1.7698475122451782,-0.1143433004617691,0.5175832509994507,0.02621018886566162,-0.09870080649852753,-0.029404157772660255,0.19319097697734833,-1.0282948017120361,0.13659927248954773,-0.4779474139213562,0.1875937283039093,0.1571144461631775,0.3491085171699524,0.5567854046821594,0.14961378276348114,0.9519135355949402,-0.15049178898334503,-0.0024271912407130003,-0.26048415899276733,0.30432215332984924,0.003760212566703558,-0.08629534393548965,0.061591602861881256,-0.09047187119722366,-0.1500757932662964,0.29073962569236755,0.037835657596588135,0.23773916065692902,-0.15796563029289246,-0.32088086009025574,-0.04923553764820099,0.04616684839129448,-0.22372391819953918,-0.12783482670783997,-0.0206573735922575,-0.3209789991378784,-0.9873067140579224,-0.23324938118457794,-0.06760556250810623,-0.06415954232215881,-0.26420632004737854,0.1667887568473816,-0.6633323431015015,0.385666161775589,-0.140300452709198,-0.20876769721508026,0.05368203669786453,-0.1365475356578827,-0.19551119208335876,0.9011400938034058,-0.6172791123390198,0.03780448064208031,-0.22658224403858185,-0.11778591573238373,0.4045936167240143,-0.032001715153455734,0.17442862689495087,-0.18431812524795532,-0.08629395067691803,-0.11868977546691895,-0.17571918666362762,0.2500132918357849,0.1186697706580162,0.11764807999134064,0.26532691717147827,0.38339653611183167,0.48049283027648926,-0.8947253227233887,-0.43839240074157715,0.3103578984737396,-0.020051348954439163,0.3129478096961975,0.8042550086975098,0.06550019234418869,-0.07403945177793503,0.4887559413909912,0.26533591747283936,0.08258595317602158,-0.006562340073287487,0.028760477900505066,-0.024068837985396385,-0.09918719530105591,-0.15063224732875824,-0.5406023263931274,0.5622413754463196,0.26462891697883606,-0.16446681320667267,0.5981874465942383,-0.03089434839785099,-0.7299051284790039,-0.898307204246521,0.2420881688594818,0.18811902403831482,-0.003213781164959073,0.8092684745788574,-0.5015625357627869,0.21634459495544434,0.1504192054271698,0.20995041728019714,-1.129036545753479,0.014915667474269867,-0.4832252860069275,-0.16525425016880035,-0.48062095046043396,-0.150105282664299,1.0036547183990479,-0.21482893824577332,-0.10507253557443619,-0.3423718810081482,-0.37415751814842224,0.11679389327764511,-0.3554891049861908,-0.2799428105354309,0.7584226131439209,-0.24788443744182587,0.5425468683242798,0.19754737615585327,0.5991800427436829,-0.08761874586343765,0.21842136979103088,0.47017866373062134,0.11892160028219223,-0.5153628587722778,-0.15455487370491028,0.1503496617078781,-0.3532067537307739,-0.5077373385429382,-0.3247423768043518,0.5114075541496277,0.03554631397128105,-0.17061546444892883,-0.11075474321842194,-0.18706199526786804,0.25076496601104736,-0.05546586588025093,0.3574942350387573,-0.4267244338989258,0.914030909538269,0.24566273391246796,0.3082676827907562,0.41981178522109985,-0.5932168960571289,0.27661973237991333,-0.4924362301826477,-0.008564025163650513,0.028005516156554222,-0.28367146849632263,0.02171354368329048,-0.01501100230962038,-0.1820763200521469,0.02231309935450554,1.4803740978240967,0.269317626953125,0.3808824121952057,-0.014152467250823975,-0.018617909401655197,-0.07043428719043732,-0.008673315867781639,-0.1691015660762787,-0.04281780123710632,0.09070073068141937,-0.04489345848560333,-0.11501641571521759,-0.23119261860847473,-1.13230299949646,-0.3219042122364044,-0.02206486463546753,0.08079603314399719,0.13113658130168915,0.00429847976192832,-0.4462679326534271,-1.443575143814087,0.20739781856536865,-0.24195678532123566,-0.012620304711163044,0.32243722677230835,0.05569835752248764,0.7200125455856323,-0.38403862714767456,-0.018504532054066658,-0.31018367409706116,-0.14081236720085144,-0.21652741730213165,0.14925093948841095,0.3095844089984894,-0.21426567435264587,0.09279836714267731,-0.03329738229513168,0.012271320447325706,-0.21372155845165253,-0.24218949675559998,0.20503416657447815,-0.09723754972219467
CID000060852,230,0.0009263713145628572,-0.24430808424949646,-0.6328309774398804,0.19472895562648773,0.44836196303367615,-0.19074268639087677,-0.1735895872116089,-0.6945513486862183,-0.1634669005870819,-0.17603060603141785,0.28891557455062866,0.0807185247540474,-0.1057232990860939,0.03081933781504631,0.2607971131801605,0.028660695999860764,0.28544196486473083,0.21113117039203644,-0.19578096270561218,0.38380110263824463,-0.05359690636396408,0.19129833579063416,0.605426013469696,0.006782102398574352,-0.548088788986206,-0.6421500444412231,-0.4058229327201843,0.21954259276390076,-0.05386439710855484,-0.06712789833545685,0.6101201176643372,0.09315614402294159,-0.15702980756759644,0.2801350951194763,-0.027100693434476852,0.3050478398799896,0.8859015703201294,-0.003535773605108261,0.12464044243097305,0.08781107515096664,0.07409317791461945,0.3792104125022888,-0.34179311990737915,-0.014966696500778198,-0.0048272861167788506,0.0027497783303260803,0.6115306615829468,-0.35196277499198914,-0.4947374761104584,0.014836663380265236,-0.24188748002052307,0.3812921345233917,0.3911939561367035,-0.1686578094959259,0.4216894507408142,-0.10934571176767349,-0.28559601306915283,0.7128781080245972,0.1722957044839859,-0.0839262381196022,0.0540432445704937,-0.21778735518455505,-0.0802406445145607,0.6142733097076416,0.07168551534414291,0.27090179920196533,-0.1302848607301712,-0.06981275230646133,0.012911108322441578,0.02850962243974209,-0.6404139995574951,0.20005473494529724,-0.4546402096748352,0.46967482566833496,0.12328606843948364,0.29451388120651245,0.5973602533340454,0.23785774409770966,0.40942201018333435,0.05121747776865959,-0.008780954405665398,-0.07614637166261673,0.2322896271944046,-0.031167885288596153,0.24605782330036163,0.32048821449279785,-0.2127644121646881,0.059400953352451324,0.08837328851222992,0.26792797446250916,-0.26174792647361755,-0.03453925997018814,-0.20186515152454376,0.09397164732217789,0.07399511337280273,0.1263396441936493,-0.09797187894582748,0.2946484088897705,-0.0964214950799942,-0.8174291849136353,0.04116876795887947,-0.10815165191888809,0.1133449450135231,0.04521986097097397,0.17489425837993622,-0.03341497853398323,0.7659449577331543,-0.17195339500904083,0.3238077759742737,-0.04067673161625862,-0.13563720881938934,-0.03133184835314751,0.2907450497150421,-0.07332482933998108,0.06137894466519356,-0.25774747133255005,-0.25605812668800354,-0.05700541287660599,-0.18944916129112244,0.2006715089082718,-0.5256337523460388,-0.29723745584487915,0.14881247282028198,0.20662951469421387,-0.02009219489991665,0.12555180490016937,0.330366313457489,0.006252466235309839,-0.22702129185199738,0.21845027804374695,-0.5998924970626831,-0.4102276861667633,0.3142150342464447,0.08317121863365173,0.04699794203042984,0.6378755569458008,0.12991945445537567,-0.013422735035419464,0.2518443465232849,-0.17743314802646637,0.056277912110090256,-0.23658350110054016,0.2152029573917389,-0.022529471665620804,0.032787200063467026,-0.00520652811974287,-0.19549505412578583,-0.14192737638950348,-0.15241572260856628,0.04588321968913078,0.19156774878501892,-0.1442706286907196,-0.40255460143089294,-0.6884104609489441,0.5177350640296936,-0.08002107590436935,0.21785502135753632,0.08869822323322296,-0.383161723613739,-0.04935896024107933,-0.007151789031922817,0.02658659592270851,-1.2062081098556519,0.22710950672626495,-0.3970678150653839,0.018950628116726875,0.01586678996682167,-0.27315086126327515,0.6866686940193176,-0.5236888527870178,-0.2580804228782654,-0.10966938734054565,-0.03628688305616379,-0.0356210395693779,-0.5191651582717896,-0.3355683386325836,0.29028430581092834,0.05807105824351311,0.6042396426200867,-0.1845548450946808,0.6570796370506287,-0.1273718774318695,-0.29630422592163086,0.5409492254257202,-0.10023172944784164,-0.2631900906562805,-0.007926622405648232,-0.16993394494056702,-0.39684274792671204,-0.14905118942260742,-0.27807968854904175,0.9052344560623169,-0.062070466578006744,-0.5763164758682251,0.1169920414686203,-0.13479910790920258,-0.04982917755842209,0.1604650467634201,0.34614068269729614,-0.09817443042993546,0.394464910030365,0.21879884600639343,-0.08935404568910599,0.24350078403949738,-0.4249587059020996,-0.3018542230129242,-0.19011035561561584,0.14212454855442047,-0.051167406141757965,-0.1419641524553299,-0.08346974849700928,0.002310916082933545,-0.05972067266702652,-0.29421740770339966,0.49436020851135254,-0.06721766293048859,0.027037572115659714,-0.2981123626232147,0.11840555816888809,-0.04489550739526749,0.19281399250030518,0.1296156644821167,0.07914121448993683,-0.24354319274425507,0.024678003042936325,0.12989409267902374,-0.12768802046775818,-0.5482003688812256,-0.1490301489830017,0.03053465485572815,-0.20378069579601288,0.1842639297246933,0.07440679520368576,-0.13028651475906372,-0.5504928827285767,-0.008618071675300598,0.17897479236125946,0.021626465022563934,-0.10634199529886246,-0.012245142832398415,0.6818307638168335,-0.40848785638809204,0.217879056930542,-0.19343715906143188,-0.1668403446674347,-0.3224264085292816,0.2421119213104248,0.17240779101848602,-0.3164457082748413,0.21352164447307587,0.3077946603298187,0.16825047135353088,0.3070424199104309,-0.24626317620277405,0.2266889065504074,-0.005991960875689983
CID000002250,233,0.22371141612529755,-0.4588909149169922,-0.7920316457748413,-0.006367089692503214,0.24284271895885468,-0.2730610966682434,0.19772914052009583,-0.8579932451248169,-0.04914209991693497,-0.41959062218666077,0.694362998008728,0.2183220088481903,-0.1544208824634552,-0.022049393504858017,-0.11784420162439346,0.21551890671253204,0.24928613007068634,0.12825752794742584,-0.09106869995594025,-0.060447048395872116,-0.2727803885936737,0.18535523116588593,0.17186510562896729,-0.07658360153436661,-1.2157814502716064,-1.1130194664001465,-0.5774440765380859,0.12661603093147278,0.07983756065368652,-0.07395639270544052,0.933668315410614,-0.04204229265451431,0.2158307135105133,0.27353984117507935,-0.1269122064113617,-0.24723558127880096,0.42329320311546326,0.01474696397781372,0.1595110446214676,-0.09190671145915985,-0.13267245888710022,0.4005483090877533,-0.009062433615326881,-0.2705337703227997,-0.1882796585559845,-0.01038634218275547,1.0432847738265991,-0.3423164188861847,-0.648713231086731,0.08546227961778641,-1.0084251165390015,0.035529185086488724,0.432935893535614,-0.1503063440322876,0.16858947277069092,-0.2841007709503174,0.15916848182678223,1.0353524684906006,-0.15226604044437408,0.20445945858955383,-0.14562192559242249,-0.02304786443710327,-0.08333061635494232,0.5861342549324036,0.16239504516124725,0.44859299063682556,0.3071746230125427,-0.11539359390735626,0.004391297698020935,0.10485042631626129,-0.5134091377258301,0.010061422362923622,-0.5943392515182495,0.3731277585029602,-0.05606713145971298,0.036654189229011536,0.10092025995254517,0.09514225274324417,1.0337207317352295,0.22774656116962433,0.03272091597318649,-0.4778607487678528,-0.03455237299203873,-0.11828694492578506,0.2395308017730713,0.05477098375558853,-0.5954523682594299,-0.2607499957084656,-0.13693538308143616,0.23797008395195007,-0.32908400893211365,-0.3610597252845764,-0.3456711173057556,0.1395973265171051,0.10240326821804047,0.1257874071598053,-0.11414176225662231,0.23923254013061523,-0.07121900469064713,-1.6185258626937866,-0.090266153216362,0.17627787590026855,0.01345565915107727,-0.22803983092308044,0.09143228828907013,-0.01512817107141018,0.8656360507011414,0.10261480510234833,-0.05121217295527458,0.032806482166051865,0.37697911262512207,0.18872025609016418,0.2471904456615448,-0.873582661151886,0.10421942174434662,-0.23779788613319397,-0.22205309569835663,0.29529255628585815,0.2860255241394043,0.36480557918548584,-0.26594164967536926,-0.3190251290798187,-0.028544139117002487,0.029704520478844643,0.1984563022851944,-0.14244337379932404,0.25372233986854553,-0.049808211624622345,-0.23695525527000427,0.4769233167171478,-0.725700855255127,0.03280308097600937,0.23564501106739044,0.10677637904882431,-0.0730578824877739,0.7648292183876038,-0.1696861833333969,-0.07304011285305023,0.43523019552230835,-0.2621256709098816,0.019719529896974564,-0.07215993106365204,0.028817111626267433,0.1744268238544464,-0.011462879367172718,0.1227654367685318,-0.18833348155021667,0.37314873933792114,0.12376759946346283,-0.03382396697998047,0.7361302375793457,-0.1861109733581543,-0.49061527848243713,-1.1529308557510376,0.6874256730079651,0.23583535850048065,0.1774352490901947,0.22698178887367249,-0.622930645942688,0.18908584117889404,-0.10762739181518555,-0.04247572273015976,-1.1036194562911987,0.03304368257522583,-0.5337914228439331,0.07662592828273773,0.029865194112062454,0.12320762872695923,1.1954185962677002,-0.5991161465644836,-0.29384827613830566,0.12248893082141876,-0.15112939476966858,0.30250242352485657,-0.49305957555770874,-0.5070987939834595,0.38231635093688965,-0.2142387330532074,0.49237459897994995,0.35819536447525024,0.12684419751167297,-0.13408388197422028,-0.14408691227436066,0.93122798204422,0.023416316136717796,-0.2252351939678192,-0.23028548061847687,0.056099940091371536,-0.2985760271549225,-0.25400876998901367,-0.6225542426109314,1.502699851989746,-0.14180216193199158,-0.008584434166550636,-0.2807601988315582,-0.3410724103450775,-0.08160917460918427,0.09074503928422928,1.364501953125,-0.178987056016922,0.8430204391479492,0.21025772392749786,0.16439993679523468,1.3094788789749146,-0.5230759382247925,0.42156729102134705,-0.44733190536499023,0.05442319065332413,-0.05241271108388901,0.1969432830810547,-0.23208436369895935,0.0028227835427969694,-0.0025289952754974365,-0.13757076859474182,0.6276529431343079,0.4660962224006653,-0.3572659194469452,-0.14146287739276886,-0.08456607908010483,0.050820477306842804,0.021505076438188553,0.16054144501686096,0.01726078987121582,-0.3740028738975525,-0.1834917962551117,0.46359148621559143,0.07616951316595078,-0.46878689527511597,-0.10299666225910187,0.23327822983264923,0.10844238102436066,0.2058561146259308,0.26709264516830444,-0.11085279285907745,-0.7725517153739929,0.2599380612373352,0.08890221267938614,0.07496082037687302,-0.32027488946914673,-0.21368494629859924,1.343727946281433,-0.2265719175338745,0.03142682462930679,-0.382786363363266,-0.1798398494720459,-0.5762770771980286,-0.13687674701213837,-0.014642953872680664,-0.17275193333625793,0.5785847306251526,0.17796657979488373,0.07488475739955902,0.1595541387796402,-0.03483850508928299,0.5040389895439148,0.023497700691223145
CID000002891,236,0.22371141612529755,-0.4588909149169922,-0.7920315861701965,-0.006367098540067673,0.24284271895885468,-0.273061066865921,0.19772914052009583,-0.8579932451248169,-0.049142103642225266,-0.41959062218666077,0.694362998008728,0.2183220088481903,-0.1544208824634552,-0.02204940654337406,-0.11784420162439346,0.21551886200904846,0.24928613007068634,0.12825752794742584,-0.09106869995594025,-0.06044705957174301,-0.2727803885936737,0.18535524606704712,0.1718650907278061,-0.0765836089849472,-1.2157814502716064,-1.1130194664001465,-0.5774440765380859,0.12661603093147278,0.07983757555484772,-0.07395639270544052,0.933668315410614,-0.04204229637980461,0.2158307135105133,0.27353984117507935,-0.1269122064113617,-0.24723558127880096,0.42329320311546326,0.014746969565749168,0.1595110446214676,-0.09190671145915985,-0.1326724886894226,0.4005483090877533,-0.009062439203262329,-0.2705337703227997,-0.1882796585559845,-0.01038634218275547,1.0432848930358887,-0.3423164188861847,-0.648713231086731,0.08546227961778641,-1.0084251165390015,0.035529185086488724,0.4329359531402588,-0.1503063440322876,0.1685894876718521,-0.2841007709503174,0.15916848182678223,1.0353524684906006,-0.15226604044437408,0.20445945858955383,-0.14562192559242249,-0.02304786443710327,-0.08333061635494232,0.5861343145370483,0.16239504516124725,0.44859299063682556,0.3071746230125427,-0.11539359390735626,0.004391309805214405,0.10485042631626129,-0.5134091377258301,0.0100614158436656,-0.5943392515182495,0.3731277883052826,-0.05606713891029358,0.03665418550372124,0.10092025995254517,0.09514226019382477,1.0337207317352295,0.22774653136730194,0.03272091597318649,-0.4778607487678528,-0.03455235809087753,-0.11828695237636566,0.2395308017730713,0.054770976305007935,-0.5954523086547852,-0.2607499957084656,-0.13693538308143616,0.2379699945449829,-0.32908400893211365,-0.3610597550868988,-0.3456711173057556,0.1395973265171051,0.10240326821804047,0.1257874220609665,-0.1141417846083641,0.23923256993293762,-0.07121898978948593,-1.6185258626937866,-0.090266153216362,0.17627789080142975,0.013455656357109547,-0.22803983092308044,0.09143228828907013,-0.01512817107141018,0.8656359910964966,0.10261480510234833,-0.05121217295527458,0.03280648961663246,0.37697911262512207,0.188720241189003,0.2471904456615448,-0.873582661151886,0.10421943664550781,-0.23779785633087158,-0.22205309569835663,0.29529255628585815,0.2860255241394043,0.36480557918548584,-0.2659416198730469,-0.3190251588821411,-0.028544139117002487,0.02970452606678009,0.1984562873840332,-0.14244337379932404,0.25372233986854553,-0.04980820044875145,-0.23695531487464905,0.47692328691482544,-0.725700855255127,0.032803088426589966,0.23564501106739044,0.10677637904882431,-0.0730578824877739,0.7648292183876038,-0.1696861833333969,-0.07304010540246964,0.43523019552230835,-0.2621256709098816,0.019719529896974564,-0.07215993106365204,0.02881712280213833,0.1744268238544464,-0.01146288774907589,0.1227654367685318,-0.18833348155021667,0.37314873933792114,0.12376761436462402,-0.03382396697998047,0.7361302971839905,-0.18611100316047668,-0.49061527848243713,-1.1529308557510376,0.6874256730079651,0.23583535850048065,0.1774352490901947,0.22698178887367249,-0.622930645942688,0.18908584117889404,-0.10762739181518555,-0.04247572273015976,-1.1036194562911987,0.03304367512464523,-0.5337914824485779,0.07662592828273773,0.029865194112062454,0.12320762872695923,1.1954184770584106,-0.5991161465644836,-0.2938482165336609,0.12248891592025757,-0.15112939476966858,0.30250245332717896,-0.49305954575538635,-0.5070987939834595,0.38231635093688965,-0.2142387330532074,0.49237459897994995,0.35819536447525024,0.12684418261051178,-0.13408388197422028,-0.14408689737319946,0.93122798204422,0.023416316136717796,-0.2252351939678192,-0.23028548061847687,0.056099940091371536,-0.2985759973526001,-0.25400876998901367,-0.6225542426109314,1.502699851989746,-0.14180214703083038,-0.008584430441260338,-0.28076013922691345,-0.3410723805427551,-0.08160918951034546,0.09074504673480988,1.364501953125,-0.1789870411157608,0.8430204391479492,0.21025767922401428,0.16439995169639587,1.3094788789749146,-0.5230759382247925,0.42156729102134705,-0.447331964969635,0.05442319065332413,-0.05241269990801811,0.1969432830810547,-0.23208436369895935,0.0028227835427969694,-0.002528992248699069,-0.13757076859474182,0.6276528835296631,0.4660962224006653,-0.3572659492492676,-0.14146284759044647,-0.08456607162952423,0.05082046985626221,0.021505068987607956,0.16054145991802216,0.01726079359650612,-0.3740028440952301,-0.1834917962551117,0.46359148621559143,0.07616950571537018,-0.46878689527511597,-0.10299666970968246,0.23327824473381042,0.10844238102436066,0.2058561146259308,0.26709264516830444,-0.11085279285907745,-0.7725517153739929,0.2599380612373352,0.08890222012996674,0.07496082782745361,-0.32027482986450195,-0.21368494629859924,1.343727946281433,-0.2265719175338745,0.03142682462930679,-0.3827863335609436,-0.1798398494720459,-0.5762770771980286,-0.13687673211097717,-0.014642929658293724,-0.17275193333625793,0.5785846710205078,0.17796657979488373,0.07488477230072021,0.159554123878479,-0.03483849763870239,0.5040389895439148,0.023497700691223145
CID000010631,237,0.18776197731494904,-0.2586437165737152,-0.46808308362960815,0.26797837018966675,0.3657601475715637,-0.28566333651542664,0.014430087991058826,0.1946765035390854,-0.130685493350029,-0.39996978640556335,0.29998400807380676,-0.25718262791633606,-0.15088140964508057,-0.005354180932044983,0.12220147997140884,0.1262550950050354,0.14049574732780457,-0.32433176040649414,-0.6104936599731445,-0.10126242786645889,-0.1895928978919983,0.02890344336628914,0.8293166160583496,-0.11370036751031876,-0.5914198160171509,-0.6606324911117554,-0.2517278790473938,-0.0158295389264822,0.49016833305358887,-0.20859578251838684,0.7473060488700867,0.07097113877534866,-0.08473118394613266,0.21201913058757782,-0.2476179301738739,0.030780920758843422,0.2513602674007416,-0.3165521025657654,0.062294673174619675,0.15527155995368958,-0.26608049869537354,-0.011424532160162926,-0.05004574730992317,-0.192494198679924,0.2850094437599182,-0.05653015524148941,0.3726094961166382,-0.1692153662443161,-0.48057761788368225,0.06250698864459991,-0.1543208807706833,-0.06665660440921783,0.8152397871017456,-0.09624049067497253,0.026866327971220016,-0.5120660662651062,-0.054755471646785736,0.5765565037727356,0.10821454226970673,0.08086918294429779,0.1911897361278534,-0.017280329018831253,0.2422863245010376,0.5873481035232544,0.07973034679889679,0.774419903755188,-0.101431705057621,-0.03565024957060814,-0.04339535906910896,0.16821344196796417,-0.8404546976089478,0.148910254240036,-0.649722695350647,-0.023491252213716507,0.13000933825969696,0.0919107049703598,-0.016981828957796097,0.013096541166305542,0.04976658523082733,0.21195903420448303,-0.19241470098495483,-0.03337071090936661,-0.0698791891336441,0.0014125481247901917,-0.12961897253990173,0.038122911006212234,-0.3095148801803589,-0.050288766622543335,-0.10527795553207397,0.04967343807220459,0.028162043541669846,0.060424722731113434,-0.5121413469314575,0.009744100272655487,0.008169526234269142,-0.03688115254044533,0.22734299302101135,0.17340202629566193,0.08815506100654602,-0.6397189497947693,-0.06411930173635483,-0.15607371926307678,-0.08697814494371414,-0.28847748041152954,0.0747593566775322,-0.3050326704978943,0.5903769731521606,0.18413908779621124,0.0576787069439888,0.21726424992084503,-0.1266101896762848,-0.23826570808887482,0.331357479095459,-0.35495203733444214,0.1975991427898407,-0.11444683372974396,-0.005632591433823109,0.35881978273391724,-0.09948674589395523,-0.0508006326854229,-0.2094990760087967,-0.23749908804893494,0.25646746158599854,0.32315927743911743,0.09744204580783844,0.21912619471549988,0.07187142223119736,0.10865437984466553,0.02244851551949978,0.27353161573410034,-0.7622931599617004,-0.3110652565956116,0.46781954169273376,0.04778645560145378,-0.10142163932323456,0.9482930898666382,0.06537716090679169,0.2604741156101227,0.29526758193969727,0.2095065861940384,0.07525955140590668,-0.03660222515463829,0.3610745966434479,0.15178737044334412,0.20843496918678284,0.10139844566583633,-0.4645042419433594,0.062208425253629684,0.1465568095445633,0.061171747744083405,0.5354100465774536,0.010269793681800365,-0.6206381320953369,-0.5449360609054565,0.5597692131996155,-0.0811699777841568,-0.43878835439682007,0.23868724703788757,-0.29444828629493713,0.056177277117967606,0.0638619139790535,0.1157546192407608,-0.7502727508544922,0.14530900120735168,-0.47080475091934204,-0.19325442612171173,-0.009845015592873096,-0.3090631365776062,0.6332059502601624,-0.5376010537147522,-0.842732310295105,0.100347138941288,0.03263523429632187,-0.10259281098842621,-0.17886152863502502,-0.2976238429546356,0.285554975271225,-0.20358332991600037,0.7117952108383179,0.2722366452217102,0.3143509030342102,0.004435947630554438,-0.11713632196187973,0.04594602435827255,-0.07820986956357956,-0.11896693706512451,-0.06853723526000977,0.011102993972599506,0.33642295002937317,-0.10401378571987152,0.04662196710705757,0.676214873790741,0.06731685250997543,-0.4759882986545563,-0.20239417254924774,0.003758806036785245,-0.027379795908927917,-0.16995194554328918,0.06833420693874359,-0.12501242756843567,0.12148366868495941,-0.023684609681367874,0.1370859444141388,0.38190194964408875,-0.8303969502449036,-0.44180458784103394,-0.4472174048423767,0.07922390848398209,0.1272711455821991,-0.4035549759864807,-0.19325144588947296,-0.07888402789831161,-0.24071113765239716,0.012256911024451256,0.7578279972076416,0.29715046286582947,0.0058847516775131226,0.005103075411170721,0.10069354623556137,0.04920307546854019,0.26354506611824036,0.059335820376873016,-0.0300171859562397,-0.16467027366161346,0.13394783437252045,0.23732709884643555,-0.11935685575008392,-0.7041595578193665,0.057142794132232666,0.011749660596251488,0.2082069218158722,0.21249327063560486,0.06693601608276367,-0.07000686228275299,-0.6899932622909546,-0.28128334879875183,-0.14381037652492523,0.2050926685333252,0.14948046207427979,0.09686420112848282,0.3890114724636078,-0.6630769968032837,-0.12048640102148056,-0.29143404960632324,-0.13402870297431946,-0.1692540943622589,0.09149967133998871,-0.07415298372507095,-0.24977564811706543,0.2515127956867218,0.27357572317123413,0.4219054579734802,-0.140945702791214,-0.3025133013725281,0.10051079094409943,-0.056151289492845535
CID000003075,238,0.14022427797317505,-0.42452287673950195,-0.7976452112197876,0.06873907148838043,0.16225214302539825,-0.237267404794693,0.20896562933921814,-0.7724164724349976,-0.018893558531999588,-0.349149227142334,0.6714028120040894,0.2244003713130951,-0.17885559797286987,-0.12263462692499161,-0.06984255462884903,0.20509696006774902,0.20310501754283905,0.13924726843833923,-0.13757456839084625,0.05332161858677864,-0.20504546165466309,0.09368957579135895,0.21526500582695007,-0.1198105588555336,-1.0463488101959229,-1.0830650329589844,-0.49846845865249634,0.12438567727804184,0.14458058774471283,-0.03805812448263168,0.9743932485580444,-0.02514079213142395,0.19433458149433136,0.3279185891151428,-0.1386186182498932,-0.2391103059053421,0.410026490688324,0.05322233587503433,0.17596851289272308,-0.12028197944164276,-0.13492931425571442,0.5732404589653015,-0.13566584885120392,-0.2582194209098816,-0.1177138239145279,-0.032613273710012436,0.9247795939445496,-0.25600865483283997,-0.5647416114807129,0.11124157905578613,-0.7694607973098755,0.11728894710540771,0.3611023426055908,-0.1387464702129364,0.23398670554161072,-0.3580499291419983,0.05981246381998062,0.9792927503585815,-0.1202327236533165,0.21379323303699493,-0.10897956788539886,-0.030620533972978592,-0.13170647621154785,0.6541147232055664,0.1015481948852539,0.36731699109077454,0.3957856297492981,-0.13874492049217224,0.018188446760177612,0.07409684360027313,-0.6076552867889404,0.03678836300969124,-0.5752820372581482,0.38844162225723267,-0.06140747666358948,0.07418446987867355,0.33690473437309265,0.1401519626379013,0.8462727665901184,0.11087819188833237,0.08214215934276581,-0.3326059579849243,-0.1328583061695099,-0.11858181655406952,0.24958321452140808,0.03834199160337448,-0.5710824728012085,-0.22065527737140656,-0.08943460881710052,0.18029077351093292,-0.21203267574310303,-0.292602002620697,-0.30840808153152466,0.16803933680057526,0.03898458555340767,0.1324589103460312,-0.05888661742210388,0.29111984372138977,0.038792360574007034,-1.3388316631317139,0.0008864849805831909,0.18662488460540771,-0.16138175129890442,-0.20999760925769806,0.0716974139213562,-0.01937369629740715,0.7575699090957642,0.1594475656747818,-0.06478419899940491,0.08760373294353485,0.4095115661621094,0.11842413991689682,0.33471694588661194,-0.7821950316429138,0.08898601680994034,-0.18510690331459045,-0.20918008685112,0.22689609229564667,0.23867520689964294,0.3580143451690674,-0.29603666067123413,-0.30397355556488037,-0.13549447059631348,0.039115093648433685,0.12989911437034607,-0.1138153076171875,0.23709335923194885,-0.012185931205749512,-0.19289296865463257,0.45938605070114136,-0.6458030939102173,0.04192865639925003,0.19545164704322815,0.08355207741260529,-0.07713554054498672,0.7936397790908813,-0.27412858605384827,-0.19563743472099304,0.38661128282546997,-0.25813379883766174,0.015040027908980846,-0.1421518623828888,0.01684454269707203,0.17291465401649475,0.16216063499450684,0.11671580374240875,-0.2328106164932251,0.25179237127304077,0.12851135432720184,-0.04860740154981613,0.6267104148864746,-0.1758042573928833,-0.506434977054596,-1.1565024852752686,0.7097636461257935,0.19686076045036316,0.13669034838676453,0.14894253015518188,-0.571628987789154,0.17846481502056122,-0.13438181579113007,0.004974589683115482,-1.062156319618225,0.037577856332063675,-0.5835477709770203,0.030624855309724808,0.04427899047732353,0.14149785041809082,1.1483806371688843,-0.5724954009056091,-0.3384740352630615,0.1518409699201584,-0.12451658397912979,0.33099421858787537,-0.4827865660190582,-0.3974560499191284,0.35447797179222107,-0.16051623225212097,0.5572298169136047,0.20922037959098816,0.3205742835998535,-0.11123448610305786,-0.20050561428070068,0.7938211560249329,-0.07374230027198792,-0.20688970386981964,-0.20562604069709778,0.10039754211902618,-0.24532470107078552,-0.27006402611732483,-0.5587254166603088,1.3045828342437744,-0.11744710057973862,-0.06756468117237091,-0.3854424059391022,-0.3632604479789734,-0.05571603775024414,0.08049531280994415,1.0188628435134888,-0.2504339814186096,0.8274914622306824,0.22489409148693085,0.15645331144332886,1.14124596118927,-0.5376040935516357,0.43993034958839417,-0.4114754796028137,-0.0005210734088905156,-0.1031913161277771,0.08942794799804688,-0.24287238717079163,0.018153389915823936,0.04651854187250137,-0.11314721405506134,0.7116731405258179,0.43470850586891174,-0.3423086404800415,-0.17920514941215515,-0.13984325528144836,0.05279000848531723,0.06846027076244354,0.12291699647903442,-0.037617508322000504,-0.3164137005805969,-0.09800329059362411,0.410942405462265,0.1451495885848999,-0.5092073678970337,-0.13529005646705627,0.13114990293979645,0.19263382256031036,0.19140934944152832,0.24587659537792206,-0.10020798444747925,-0.763727605342865,0.1858901083469391,0.05765740945935249,0.08103549480438232,-0.4119870066642761,-0.15649619698524475,0.9823586344718933,-0.2571457326412201,0.06259572505950928,-0.3341619372367859,-0.18057279288768768,-0.6120938062667847,-0.12232010066509247,0.02806341089308262,-0.12235404551029205,0.5135102272033691,0.06673408299684525,0.012486773543059826,0.16755159199237823,-0.14293642342090607,0.4144083857536316,0.07078657299280167
CID000005073,239,0.37857598066329956,-0.34859561920166016,-0.8358094096183777,-0.0602373369038105,0.47051066160202026,-0.3886028230190277,-0.024297071620821953,-0.6596061587333679,0.07875523716211319,-0.4253122806549072,0.5151845216751099,0.09041108191013336,-0.1459997147321701,0.018536845222115517,0.01669834740459919,0.3314968943595886,0.06262552738189697,-0.11113158613443375,-0.28565678000450134,-0.07053574919700623,-0.06969529390335083,0.08024802803993225,0.3556307852268219,-0.20696933567523956,-1.374685287475586,-0.862537682056427,-0.22019550204277039,-0.03412548825144768,0.159032940864563,-0.2169620543718338,0.9846577644348145,-0.11905983835458755,0.1625758856534958,0.24169187247753143,-0.5615124702453613,0.04061259329319,0.24845433235168457,0.050417762249708176,0.19595065712928772,0.07366885244846344,0.1306942105293274,0.16452348232269287,-0.09638593345880508,-0.24331311881542206,0.19469602406024933,0.11857076734304428,0.9443389773368835,-0.37767642736434937,-0.5320813059806824,0.2219211608171463,-1.166369080543518,-0.3075380027294159,0.5402593016624451,-0.1183556541800499,0.04104764014482498,-0.25239402055740356,0.04649753496050835,1.116297960281372,-0.1445770263671875,-0.022303447127342224,-0.2445613443851471,0.07600988447666168,-0.12435507774353027,0.45029646158218384,0.020762190222740173,0.6000092029571533,0.19517605006694794,-0.11876453459262848,-0.021547405049204826,-0.004653549287468195,-0.41588717699050903,0.0342286117374897,-0.6335123777389526,0.5293041467666626,-0.28725147247314453,0.20539911091327667,0.21515166759490967,0.029588991776108742,0.8645544052124023,0.28549128770828247,-0.06884030997753143,-0.4923029839992523,0.07765896618366241,0.055104441940784454,0.2998376488685608,0.21915097534656525,-1.1024706363677979,-0.06051365286111832,-0.1142473816871643,0.016368458047509193,-0.1249193325638771,-0.17246708273887634,-0.294522225856781,0.3827883005142212,0.13868974149227142,0.11374056339263916,0.050599467009305954,0.21154376864433289,0.06289698928594589,-1.6984760761260986,-0.19720599055290222,0.07262580096721649,-0.07057209312915802,-0.39590469002723694,0.1623624861240387,-0.19551357626914978,0.9825822710990906,-0.011572962626814842,-0.03570342808961868,0.08919136226177216,0.13719019293785095,0.13641683757305145,0.08260269463062286,-1.0447587966918945,0.3450043201446533,-0.39562585949897766,-0.08274282515048981,0.09434749186038971,0.31001386046409607,0.4172213673591614,-0.16142503917217255,-0.23000165820121765,-0.07883837819099426,0.026661019772291183,0.31678926944732666,-0.021508026868104935,0.396777868270874,0.056703727692365646,-0.3068411946296692,0.05529647320508957,-0.503790020942688,-0.015383601188659668,0.25603023171424866,0.016445685178041458,-0.10355935990810394,0.497427374124527,0.09975648671388626,-0.13895779848098755,0.3478713631629944,-0.3327036499977112,0.09859082847833633,0.08993081003427505,0.19232264161109924,0.28120696544647217,-0.11711762100458145,0.15609124302864075,-0.5157809257507324,0.5016551613807678,-0.10531236231327057,-0.3448253571987152,0.9714199304580688,-0.3379012942314148,-0.8042088747024536,-1.0766057968139648,1.0624686479568481,0.11837933212518692,0.058834560215473175,0.4135282635688782,-0.5666919946670532,0.2516195476055145,-0.05873803421854973,0.13330356776714325,-1.00165593624115,0.11428777873516083,-0.5168392658233643,0.1987425684928894,-0.21137745678424835,-0.26919156312942505,1.2346104383468628,-0.7278019189834595,-0.2586144804954529,-0.025036180391907692,0.03250308334827423,0.006327812559902668,-0.6723043322563171,-0.3466731607913971,0.41210246086120605,-0.015367279760539532,0.5016534924507141,0.7096831798553467,0.22976532578468323,-0.19038070738315582,0.006634801626205444,1.0239231586456299,-0.06052454188466072,-0.36219242215156555,-0.349174439907074,-0.14254078269004822,-0.3756960928440094,-0.0636831745505333,-0.3504253923892975,1.3674705028533936,-0.08230270445346832,-0.05217977240681648,-0.16811904311180115,-0.12621740996837616,-0.27321451902389526,0.06656037271022797,1.4006613492965698,-0.046496327966451645,0.3813175559043884,0.3840896487236023,-0.16439373791217804,0.8650965690612793,-0.46493321657180786,0.29767823219299316,-0.45393791794776917,0.12768352031707764,-0.10213563591241837,0.14829090237617493,-0.22647865116596222,0.0423615388572216,0.08899730443954468,-0.18852221965789795,0.43303829431533813,0.1319103091955185,-0.35529643297195435,-0.15539948642253876,0.12355009466409683,-0.013880526646971703,-0.042393822222948074,0.15123654901981354,0.02732030674815178,-0.34315958619117737,-0.06145371124148369,0.3620195984840393,0.13275717198848724,-0.519611120223999,-0.21054911613464355,0.08839229494333267,0.027674192562699318,0.05506172031164169,0.44906845688819885,-0.3198598623275757,-0.705025851726532,-0.034918103367090225,-0.005227553658187389,-0.17229005694389343,-0.11360621452331543,-0.1209544688463211,1.4918029308319092,-0.2557084262371063,-0.1564074158668518,-0.6061367392539978,-0.023277541622519493,-0.5569478869438171,-0.2123737782239914,0.06679274886846542,0.11651484668254852,0.4194449484348297,0.1493348628282547,0.10201579332351685,-0.017111560329794884,0.031107783317565918,0.5011793375015259,-0.06872357428073883
CID000004594,244,0.011034583672881126,-0.23726579546928406,-0.36437931656837463,0.12917569279670715,0.28585660457611084,-0.33639708161354065,-0.06406191736459732,-0.18954868614673615,-0.15178832411766052,0.11289876699447632,0.18731477856636047,0.0837918072938919,-0.020906979218125343,0.023026540875434875,-0.018592536449432373,0.2401619255542755,-0.03994361683726311,0.09534193575382233,-0.1345730572938919,0.17728443443775177,0.012721741572022438,0.1785767525434494,0.6526302695274353,0.19846844673156738,-0.26741430163383484,-0.5909603238105774,-0.326924592256546,-0.04410696029663086,0.09215874969959259,0.1770446002483368,0.39677783846855164,0.05305660888552666,-0.05606795474886894,0.3889980614185333,-0.18073280155658722,0.015040487051010132,0.3631092309951782,-0.12625737488269806,0.0664990246295929,0.039016831666231155,0.0660901814699173,0.09607957303524017,-0.39051559567451477,0.19125673174858093,0.009584838524460793,0.08409390598535538,0.3973851203918457,-0.13647378981113434,-0.47706007957458496,0.02878660336136818,-0.29535621404647827,0.043161652982234955,0.6158280372619629,-0.22984914481639862,0.08724669367074966,-0.30823177099227905,-0.12986496090888977,0.37514376640319824,0.05496419221162796,-0.21449828147888184,0.02156759239733219,-0.1473805010318756,0.14020700752735138,0.5215778946876526,0.1313319206237793,0.43213963508605957,-0.17878825962543488,-0.18715134263038635,-0.04334910959005356,0.03130165487527847,-0.5887318253517151,0.20509076118469238,-0.38950803875923157,0.5477165579795837,-0.004798997659236193,0.2518400549888611,0.20818734169006348,0.10279130935668945,0.36538803577423096,0.05639263242483139,0.0678616613149643,-0.06800143420696259,0.11424346268177032,-0.05639687925577164,0.03946264833211899,0.2725554406642914,-0.0032814263831824064,0.0195271335542202,-0.14350777864456177,0.07005449384450912,-0.026319872587919235,0.0190020389854908,-0.18691658973693848,0.09023410081863403,0.12483735382556915,-0.004103302955627441,-0.0836089476943016,0.19855189323425293,-0.036319684237241745,-0.40254664421081543,-0.1288127452135086,-0.18497240543365479,0.15060177445411682,-0.02985016629099846,0.17576828598976135,-0.05975029990077019,0.598629891872406,0.1864318549633026,0.20751169323921204,-0.12530653178691864,0.028059521690011024,0.055569522082805634,0.15551945567131042,-0.02173217013478279,0.18558019399642944,-0.2228316068649292,-0.16996555030345917,0.05807621031999588,0.018898125737905502,-0.019363809376955032,-0.22384433448314667,-0.35109513998031616,0.06311219930648804,0.09602368623018265,0.09691675007343292,0.17320850491523743,-0.05904135853052139,0.07515473663806915,-0.1894160807132721,0.29739105701446533,-0.5530422925949097,-0.3020084500312805,0.3232932686805725,0.12251417338848114,0.019069448113441467,0.7605450749397278,0.09575682133436203,-0.15587666630744934,0.1135801300406456,-0.009128108620643616,-0.03884104639291763,-0.0956583023071289,0.11108096688985825,0.30689746141433716,0.26177579164505005,-0.018643761053681374,-0.2459195852279663,-0.23507407307624817,-0.12279286235570908,0.009994295425713062,0.31886979937553406,0.10937826335430145,-0.5216857194900513,-0.4121246933937073,0.2850516438484192,-0.17916667461395264,0.04568807780742645,-0.09712541103363037,-0.31188398599624634,-0.04848485812544823,-0.10536328703165054,0.06985731422901154,-0.6747801899909973,-0.0057845949195325375,-0.4443538188934326,0.05630269646644592,-0.11000005900859833,-0.08995375037193298,0.6038330793380737,-0.650816798210144,-0.29253649711608887,-0.15107424557209015,-0.07150135934352875,-0.06636220216751099,-0.3330347537994385,-0.12028652429580688,0.16191443800926208,0.08210524171590805,0.5600733757019043,-0.03915170580148697,0.5915514826774597,-0.09372304379940033,-0.0474829263985157,0.15224400162696838,-0.08879213035106659,-0.4454273581504822,0.07238415628671646,-0.35493385791778564,0.006751475390046835,-0.05802568048238754,-0.10776461660861969,0.7243691086769104,0.0025216639041900635,-0.4741783142089844,0.13143357634544373,-0.12266433238983154,0.013199592009186745,0.1673295497894287,0.2371562421321869,-0.15053889155387878,0.19220289587974548,0.4729858338832855,-0.04978066310286522,0.1301983892917633,-0.5730255842208862,-0.5094636082649231,-0.27668726444244385,0.01114615611732006,-0.12805762887001038,-0.14800630509853363,0.01602945290505886,0.03157808631658554,-0.017970142886042595,-0.12612314522266388,0.7400012016296387,-0.0491398461163044,-0.0781673714518547,-0.1410786360502243,-0.08095087856054306,0.14846408367156982,0.2771415710449219,-0.046001777052879333,0.148602694272995,-0.17253592610359192,0.153128981590271,0.05566505342721939,0.006637697108089924,-0.5560192465782166,-0.21003666520118713,-0.08325943350791931,-0.13144777715206146,0.11097238212823868,0.1313100904226303,-0.1814722716808319,-0.40261512994766235,0.1287335455417633,0.12952788174152374,-0.10370804369449615,-0.04769057035446167,-0.034869011491537094,0.2595815658569336,-0.5189604163169861,-0.023444637656211853,-0.16126693785190582,-0.0861891433596611,-0.3125172257423401,0.033051878213882446,0.03271211311221123,-0.06262148171663284,0.2254718840122223,0.0843137726187706,0.1572382003068924,0.016851162537932396,-0.18652023375034332,0.019868116825819016,-0.02497335895895958
CID000060184,245,0.010444222018122673,-0.16953229904174805,-0.39232784509658813,0.12418566644191742,0.26325327157974243,-0.25101056694984436,-0.034240614622831345,-0.2410193383693695,-0.25323957204818726,0.10454633086919785,0.2496284544467926,0.03260388970375061,-0.1389007866382599,-0.13928626477718353,-0.01687535271048546,0.0529404878616333,0.12563422322273254,0.04968657344579697,-0.21675725281238556,-0.035300035029649734,0.06199958175420761,0.09890906512737274,0.4544934332370758,0.07019000500440598,-0.3504427969455719,-0.4685046076774597,-0.13803403079509735,-0.3565799593925476,0.1598248928785324,-0.24669377505779266,0.2197614163160324,-0.14268848299980164,-0.003984183073043823,0.02399250864982605,-0.12490947544574738,0.2085852324962616,0.06434349715709686,-0.0031998096965253353,0.09890098869800568,0.12508957087993622,0.06773962080478668,0.4048425257205963,-0.40539151430130005,0.17328529059886932,-0.07096212357282639,-0.17795144021511078,0.43848752975463867,-0.1646265834569931,-0.28288722038269043,0.03899703174829483,-0.5503724813461304,0.48390665650367737,0.3869698643684387,-0.24748973548412323,-0.013995969668030739,-0.19106844067573547,-0.08130721002817154,0.7102680206298828,0.07592105120420456,-0.08197153359651566,0.03179387003183365,-0.07799111306667328,0.1951766163110733,0.5511864423751831,0.2007063627243042,0.4250824451446533,-0.17732682824134827,-0.15190529823303223,0.04659106582403183,-0.08194410800933838,-0.6173950433731079,0.11560960114002228,-0.24634285271167755,0.4305223822593689,-0.05596940591931343,0.5106447339057922,0.5729666948318481,0.16903439164161682,0.280249685049057,-0.029284179210662842,0.06048165634274483,-0.20591962337493896,-0.15618744492530823,0.039803072810173035,0.13363170623779297,0.3791128695011139,-0.051224805414676666,0.09540211409330368,-0.07685820758342743,0.041287943720817566,0.05604301765561104,-0.04008076712489128,-0.05289442464709282,-0.18019552528858185,0.03292826563119888,-0.13577406108379364,-0.07317210733890533,0.32759201526641846,-0.04600521922111511,-0.42332154512405396,-0.12790675461292267,-0.13574554026126862,0.16495582461357117,-0.05034876987338066,0.15869569778442383,-0.19225648045539856,0.48747605085372925,0.21518616378307343,0.24777808785438538,0.03732055798172951,-0.12262320518493652,-0.1154421716928482,0.2607888877391815,-0.37494125962257385,0.15767090022563934,-0.17140424251556396,-0.027385681867599487,-0.16391202807426453,-0.10948415845632553,0.09306742995977402,-0.26394930481910706,-0.29264649748802185,0.16752029955387115,-0.09142139554023743,0.13858962059020996,0.19299283623695374,0.0689212828874588,0.13273578882217407,-0.06401941925287247,0.23951394855976105,-0.5744459629058838,-0.20027120411396027,0.26271724700927734,0.0904705598950386,0.02695479430258274,0.700706958770752,0.060193151235580444,-0.18883070349693298,0.09673317521810532,0.06805304437875748,0.11388184130191803,-0.0077949524857103825,0.050163161009550095,-0.06186440587043762,0.30220866203308105,-0.00760934641584754,-0.18880999088287354,0.11804495006799698,-0.24483446776866913,-0.0469510443508625,0.6189355254173279,-0.057552583515644073,-0.3269842267036438,-0.522905707359314,0.3106968402862549,-0.3522711396217346,-0.005408027675002813,0.03103095293045044,-0.5030670762062073,-0.07460840046405792,-0.10708453506231308,-0.05714498832821846,-0.721611738204956,0.2254147082567215,-0.47344642877578735,-0.010318350978195667,-0.13818800449371338,-0.039542894810438156,0.5357159376144409,-0.5665505528450012,-0.09740985929965973,-0.1855693757534027,-0.08682633936405182,0.04018796235322952,-0.4878045618534088,-0.04502062126994133,0.3171958327293396,-0.01927563175559044,0.5373557209968567,-0.21144947409629822,0.5022517442703247,-0.22455546259880066,-0.049563951790332794,0.1971248984336853,-0.08906729519367218,-0.20205220580101013,0.04559681937098503,-0.22759398818016052,-0.020883899182081223,-0.1828354001045227,-0.09482985734939575,0.6053875684738159,-0.08590191602706909,-0.2439379245042801,0.12752236425876617,-0.29291993379592896,-0.010220043361186981,0.04340573400259018,0.16652901470661163,-0.08428871631622314,0.3584670126438141,0.2735143303871155,-0.1805964857339859,-0.062295980751514435,-0.3931410610675812,-0.150621235370636,-0.4094962477684021,0.029899531975388527,-0.11588071286678314,0.08141282945871353,-0.002507710363715887,0.04451970010995865,-0.051064956933259964,-0.30978813767433167,0.7022486329078674,0.035549670457839966,-0.035951968282461166,0.0051703015342354774,-0.07805045694112778,-0.056753866374492645,0.39412060379981995,-0.22414657473564148,0.16927020251750946,-0.05222223326563835,-0.13297979533672333,0.2378080189228058,-0.10979578644037247,-0.5761310458183289,-0.07805345952510834,-0.09294383227825165,-0.0884983092546463,0.06058155745267868,0.0940719023346901,-0.1757861226797104,-0.532219409942627,0.048397064208984375,0.2997574210166931,-0.07676219940185547,0.07208799570798874,-0.003482045140117407,0.20942792296409607,-0.48689550161361694,-0.16677558422088623,-0.3359280228614807,-0.2029203176498413,-0.5750690698623657,0.004737374372780323,0.038559239357709885,-0.1327458769083023,0.25319743156433105,0.3125905990600586,-0.13645799458026886,-0.06809617578983307,-0.2395106554031372,-0.1033409982919693,-0.26428136229515076
CID000197712,246,0.08034148067235947,-0.448751837015152,-0.5310522317886353,-0.06371019780635834,0.3713127374649048,-0.24982354044914246,-0.12606589496135712,-0.4458645284175873,-0.3450874388217926,0.14366063475608826,0.3758834898471832,0.06891729682683945,-0.04306291788816452,-0.150233194231987,-0.09274061024188995,0.27526959776878357,0.18177944421768188,0.002972084330394864,-0.2324470728635788,0.02363961935043335,-0.24886679649353027,-0.047558944672346115,0.49798017740249634,-0.011766457930207253,-0.5664092898368835,-0.8074461817741394,-0.509810209274292,0.012029957957565784,0.21184659004211426,-0.012001288123428822,0.787420392036438,-0.03904566913843155,-0.04363599419593811,0.2286795675754547,-0.4113582670688629,0.04912952333688736,0.428947776556015,-0.19942918419837952,0.04320632293820381,0.12792043387889862,-0.36715689301490784,0.2654339671134949,-0.365069180727005,-0.07042386382818222,-0.10576353222131729,0.060854922980070114,0.6248382329940796,0.03936515003442764,-0.43585652112960815,-0.10009324550628662,-0.6402876377105713,0.2031208574771881,0.32332733273506165,-0.10024659335613251,0.18064548075199127,-0.30328211188316345,-0.15342415869235992,0.6555992960929871,-0.006271648220717907,-0.05105685070157051,-0.1110808402299881,-0.21015504002571106,0.10644638538360596,0.8231485486030579,0.22507861256599426,0.09154818952083588,-0.16530883312225342,-0.14456088840961456,-0.14314791560173035,0.2776587903499603,-0.8757303357124329,0.12063590437173843,-0.584764838218689,0.40219825506210327,-0.20930270850658417,0.23803572356700897,0.34639570116996765,0.2336416244506836,0.7852875590324402,-0.004849612712860107,0.10539623349905014,-0.27657419443130493,0.011516277678310871,-0.16375501453876495,0.13090269267559052,0.3425713777542114,-0.21890708804130554,-0.13272760808467865,-0.10857957601547241,-0.04371005296707153,0.010791528038680553,-0.09168197214603424,-0.05204375833272934,0.19650974869728088,0.1417883336544037,-0.193192720413208,-0.056715227663517,0.33452191948890686,-0.054715536534786224,-0.6444270610809326,-0.006167721934616566,-0.21123722195625305,0.2421518862247467,0.06509826332330704,0.24998199939727783,-0.12609365582466125,0.6647742390632629,0.048616476356983185,0.22353796660900116,-0.005287838168442249,-0.08440414071083069,0.10255100578069687,0.34619003534317017,-0.14869607985019684,0.16826173663139343,-0.22477610409259796,-0.48085179924964905,0.11904884874820709,-0.25701600313186646,-0.0308146420866251,-0.32414478063583374,-0.3314313292503357,0.06587624549865723,0.12858930230140686,-0.24615569412708282,0.1221359372138977,0.2884003818035126,0.2037452757358551,-0.2823907136917114,0.38196882605552673,-0.8105223774909973,-0.11270789057016373,0.41117969155311584,0.160053551197052,0.06200456619262695,0.7423208951950073,0.2120990753173828,-0.1715312898159027,0.1163514107465744,-0.10455292463302612,-0.21952462196350098,-0.2785644829273224,0.0348043330013752,0.4330748915672302,0.14366741478443146,-0.0880841314792633,-0.39062899351119995,0.07656717300415039,0.05492492765188217,-0.17469088733196259,0.27467113733291626,-0.06325281411409378,-0.7129951119422913,-0.8282734155654907,0.3631971478462219,-0.12337139993906021,0.1865476667881012,-0.15297991037368774,-0.40946298837661743,0.04790293052792549,-0.2699253559112549,0.06380299478769302,-0.8701335787773132,-0.02671831287443638,-0.4795604646205902,-0.03516102582216263,-0.07296846807003021,-0.25561609864234924,0.45585769414901733,-0.6392916440963745,-0.07609738409519196,-0.23428842425346375,-0.032808270305395126,-0.13585278391838074,-0.432594358921051,-0.14401109516620636,0.5729700326919556,0.26205354928970337,0.5343818664550781,0.0006590724224224687,0.6966527700424194,-0.23240050673484802,-0.07740221917629242,0.4538051187992096,-0.01909949816763401,-0.448309987783432,0.026851266622543335,-0.22512686252593994,0.09949465095996857,-0.1055700033903122,-0.40552258491516113,0.8286806344985962,-0.1557941734790802,-0.37236276268959045,0.09041603654623032,-0.173832967877388,-0.11812067031860352,-0.08888866752386093,0.3730804920196533,-0.05488499999046326,0.5262693762779236,0.3798111379146576,-0.31418246030807495,0.3048831522464752,-0.5660991072654724,-0.47642144560813904,-0.10459752380847931,0.1244443878531456,-0.15445499122142792,-0.07596231997013092,0.20153860747814178,-0.04535425454378128,-0.08877812325954437,-0.12849228084087372,0.9273358583450317,0.08849082142114639,-0.08231238275766373,-0.12226717174053192,-0.09952907264232635,0.15079525113105774,0.18484164774417877,0.11225767433643341,0.1845581829547882,-0.11533840745687485,0.19392292201519012,0.07547739148139954,0.07782081514596939,-0.8578351736068726,-0.3220514953136444,-0.1382853239774704,-0.12670156359672546,0.04749995470046997,0.25852498412132263,-0.364549458026886,-0.657004714012146,0.5020278692245483,0.09490379691123962,-0.11107349395751953,0.012815366499125957,-0.08311143517494202,0.44387784600257874,-0.3987806439399719,0.018124733120203018,-0.26549845933914185,0.024322684854269028,-0.3310577869415283,-0.022486835718154907,2.0170211428194307e-05,-0.0993695929646492,0.2976144850254059,0.0950622409582138,0.15964308381080627,0.3439691662788391,-0.1430927813053131,0.1887112855911255,-0.15714022517204285
CID000005267,247,-0.014013814739882946,-0.07879228889942169,-0.6466786861419678,0.2756810188293457,0.0199020616710186,-0.4291073679924011,0.275751531124115,-0.04823565483093262,-0.1692216694355011,-0.2138047218322754,0.3532385528087616,-0.4037451148033142,-0.07518275827169418,-0.05499640852212906,0.17535917460918427,0.06670962274074554,0.1651778668165207,-0.2770981192588806,-0.39071258902549744,-0.2687653601169586,-0.3319876790046692,0.0841272622346878,0.6504753828048706,-0.07230857759714127,-0.846781849861145,-0.7602155804634094,-0.3858764171600342,0.05278833582997322,0.07366148382425308,-0.446979820728302,0.8172222375869751,0.06964265555143356,-0.12575361132621765,0.2601044178009033,-0.2807038724422455,0.141624316573143,0.18486477434635162,-0.22868704795837402,0.19977474212646484,0.09685273468494415,-0.56865394115448,0.061083950102329254,-0.2065974771976471,-0.5126888155937195,0.24980680644512177,-0.2227332890033722,0.4443422257900238,-0.2632061243057251,-0.4409591555595398,0.1383204460144043,-0.6354857087135315,0.2017461508512497,0.7139052152633667,-0.10748229920864105,-0.2985776364803314,-0.6503984928131104,0.12532906234264374,0.8653270602226257,0.11993622779846191,0.3024168610572815,0.19620704650878906,-0.23924076557159424,0.12201336771249771,1.1306781768798828,0.038854874670505524,0.6643625497817993,-0.1045461893081665,-0.37878066301345825,0.10361742973327637,0.1884719580411911,-0.7318030595779419,0.28502508997917175,-0.7489985227584839,-0.004644346423447132,-0.08324052393436432,0.059362899512052536,0.2278783619403839,0.05608568340539932,0.4957846701145172,0.31577783823013306,-0.058394838124513626,-0.3599308729171753,0.07361804693937302,-0.21509580314159393,-0.27390772104263306,0.13381841778755188,-0.33177807927131653,-0.07287513464689255,0.23688247799873352,-0.24177822470664978,0.1575528085231781,-0.09642141312360764,-0.4693748354911804,0.24427664279937744,-0.04806813225150108,-0.2238152027130127,0.3340217173099518,0.033265452831983566,-0.07040917873382568,-0.8149291276931763,0.08350294083356857,-0.15678063035011292,-0.12484512478113174,-0.5315960645675659,-0.16764983534812927,-0.6276421546936035,0.4854864478111267,0.0009823704604059458,-0.41323670744895935,0.05093693733215332,-0.11896540969610214,-0.3158988356590271,0.5516403913497925,-0.6568998694419861,0.03486054763197899,-0.04014461115002632,-0.09994471818208694,0.3877038061618805,-0.07443583756685257,0.0009626209503039718,-0.31223928928375244,-0.24618181586265564,0.07991109788417816,0.1058586835861206,-0.002270922064781189,0.23123924434185028,0.18185734748840332,-0.027007734403014183,0.08040938526391983,0.17848944664001465,-0.9568649530410767,-0.2498854100704193,0.2507861256599426,0.21034546196460724,-0.17111900448799133,1.0942151546478271,0.22560305893421173,-0.021733438596129417,0.5697340965270996,0.3331560492515564,0.07106104493141174,-0.30116724967956543,0.26449617743492126,0.03375732898712158,0.06525769084692001,0.060204099863767624,-0.397131085395813,0.21948222815990448,0.17935803532600403,-0.1944648176431656,0.7222097516059875,-0.1471569985151291,-0.6607285737991333,-0.699820876121521,0.6690056920051575,0.010730886831879616,-0.00873565673828125,0.45177945494651794,-0.6549397110939026,-0.01815410889685154,0.34145835041999817,0.04800437018275261,-0.956407368183136,0.10201742500066757,-0.6384990811347961,-0.14976900815963745,-0.18514665961265564,-0.16023047268390656,0.6976577043533325,-0.5813709497451782,-0.6383216381072998,-0.28805381059646606,0.22038634121418,0.18702365458011627,-0.10918144881725311,-0.27254533767700195,0.5197635293006897,-0.20072400569915771,0.591323971748352,0.16035914421081543,0.43842658400535583,-0.21705293655395508,0.13219313323497772,0.09825055301189423,-0.014372065663337708,-0.05806092172861099,0.035221654921770096,0.06144328787922859,0.154570534825325,-0.08212314546108246,-0.12309960275888443,0.9000846743583679,-0.0648883655667305,-0.4079590439796448,-0.06063980981707573,-0.385732501745224,0.14112849533557892,0.04424791410565376,0.417508065700531,-0.3495582938194275,0.3814639747142792,-0.09816936403512955,-0.026356041431427002,0.6420723795890808,-0.9320721626281738,-0.11481036990880966,-0.4850539565086365,0.2554141879081726,-0.04020721837878227,-0.11141183227300644,-0.1672964096069336,-0.09129591286182404,-0.21575579047203064,0.01306992582976818,0.846444308757782,0.2943388521671295,0.1284523755311966,0.18013539910316467,-0.10204450786113739,-0.014757558703422546,0.1419319361448288,0.3278508186340332,0.0061479778960347176,-0.07083332538604736,0.2947341799736023,0.1333043873310089,-0.18299154937267303,-0.7931501865386963,-0.07318978011608124,-0.07030771672725677,0.15715456008911133,0.46421194076538086,-0.13875512778759003,-0.3096955716609955,-1.0443350076675415,-0.15671856701374054,-0.2670857012271881,-0.0011825293768197298,0.2256838083267212,0.25793808698654175,0.41704806685447693,-0.4556432366371155,-0.10241551697254181,-0.2613593637943268,-0.40577229857444763,-0.3327808380126953,0.07281117141246796,0.1962440311908722,-0.2964097857475281,0.3042581081390381,0.001932528568431735,0.27354782819747925,-0.06006200984120369,-0.3623371720314026,0.35847315192222595,0.04514797776937485
CID000003222,250,-0.109202541410923,-0.11744537204504013,-0.49197492003440857,0.040236636996269226,0.21674542129039764,-0.046412523835897446,0.00023946314468048513,-0.3111996054649353,-0.20676502585411072,0.15139707922935486,0.29297906160354614,0.020356174558401108,-0.11753741651773453,-0.1830102950334549,-0.07336053252220154,0.1136731281876564,0.19408568739891052,-0.09194762259721756,-0.3532567620277405,0.17536859214305878,-0.060170769691467285,0.14402055740356445,0.27067384123802185,0.05283140391111374,-0.38538309931755066,-0.588641881942749,-0.020862730219960213,-0.42772120237350464,0.11494364589452744,-0.37449759244918823,0.42811280488967896,-0.1226852536201477,-0.004273229744285345,0.043468888849020004,-0.11968407779932022,0.1040772944688797,0.112333282828331,-0.08714056015014648,0.13386909663677216,0.20705318450927734,-0.21768531203269958,0.2658514082431793,-0.06128706410527229,-0.1277850866317749,-0.08465602248907089,-0.16680072247982025,0.5192657113075256,-0.03344545513391495,-0.3692566752433777,0.12653884291648865,-1.0199861526489258,0.48494666814804077,0.5899890065193176,-0.211656853556633,-0.1324925422668457,-0.4141181409358978,-0.16316983103752136,0.798206627368927,0.0630808025598526,-0.08160976320505142,-0.21835152804851532,-0.14063212275505066,0.19718210399150848,0.6994726657867432,0.07198087871074677,0.7529722452163696,-0.23391561210155487,-0.11324656009674072,0.024622958153486252,0.012978668324649334,-0.7653167843818665,0.09318624436855316,-0.2817484736442566,0.3586030900478363,-0.16171813011169434,0.5273317098617554,0.18721941113471985,-0.15028974413871765,0.5289364457130432,0.061676256358623505,0.06712523102760315,-0.28751423954963684,0.02558697760105133,-0.13448722660541534,0.16161447763442993,0.38390615582466125,-0.1268567144870758,0.13097825646400452,-0.18598835170269012,0.09141293913125992,-0.024648139253258705,0.034344352781772614,-0.19525040686130524,-0.11815094947814941,0.04474855586886406,-0.3198649287223816,-0.04700179770588875,0.37662914395332336,-0.12480465322732925,-0.5137806534767151,-0.2864159643650055,-0.11898279190063477,0.1285785585641861,0.021700406447052956,0.18343156576156616,-0.29542455077171326,0.425864040851593,0.30598515272140503,0.18348176777362823,-0.08399899303913116,-0.0964832752943039,-0.07301556318998337,0.5941497683525085,-0.8009171485900879,0.2618570029735565,-0.09918925166130066,0.12478335201740265,-0.13658785820007324,-0.05033672973513603,0.011105218902230263,-0.38878950476646423,-0.3091632127761841,0.04172863811254501,-0.17473021149635315,-0.006953769829124212,0.2963561415672302,0.1141325831413269,0.07640060037374496,-0.0017487608129158616,0.30881667137145996,-0.5497071743011475,-0.05161536857485771,0.21122980117797852,0.21787700057029724,0.08028848469257355,0.7346237897872925,0.07796327769756317,-0.4133380949497223,0.14316090941429138,0.10226376354694366,0.18501342833042145,0.03905873745679855,0.06831642240285873,0.04288647696375847,0.12694525718688965,0.042897019535303116,-0.27986234426498413,0.10801832377910614,-0.10131367295980453,-0.05575063079595566,1.0115957260131836,-0.036349818110466,-0.5406041145324707,-0.5879255533218384,0.5452584028244019,-0.31843191385269165,-0.04312564805150032,0.16687753796577454,-0.593847930431366,-0.07008610665798187,-0.039249204099178314,-0.011307649314403534,-0.8253121376037598,0.1974458247423172,-0.396800696849823,-0.11095710098743439,-0.10472887754440308,0.00048582404269836843,0.4740529954433441,-0.43901628255844116,-0.2939491271972656,-0.09442093223333359,-0.11078566312789917,0.08499027788639069,-0.7186287045478821,-0.04908789321780205,0.3425063490867615,-0.03041822277009487,0.4817184805870056,-0.21018154919147491,0.09468977153301239,-0.3490476906299591,-0.03007080778479576,0.2253233641386032,-0.14657048881053925,-0.3162840008735657,0.05356099084019661,-0.28000691533088684,0.0323445200920105,-0.24817204475402832,-0.09538830071687698,0.6525812149047852,-0.00040509627433493733,-0.03460467606782913,0.2084871232509613,-0.23163774609565735,-0.037724658846855164,0.024027694016695023,0.2983852028846741,-0.10720356553792953,0.3502131998538971,0.1662028580904007,-0.2398988902568817,-0.07029000669717789,-0.4086613655090332,-0.16464930772781372,-0.4164975583553314,0.1200883537530899,-0.10954655706882477,0.17592479288578033,0.0212386604398489,-0.07072185724973679,-0.031617190688848495,-0.3595154881477356,0.7917813062667847,0.0016356020933017135,-0.09500287473201752,-0.06490111351013184,-0.03357996046543121,-0.061420638114213943,0.15664160251617432,-0.2326582670211792,0.058420609682798386,0.041969768702983856,-0.07888025045394897,0.10943607240915298,0.000903141510207206,-0.7589380145072937,-0.06813947856426239,-0.0624065175652504,-0.06855423748493195,-0.047879867255687714,0.16827477514743805,-0.20043699443340302,-0.7562940716743469,0.13418090343475342,0.14714539051055908,-0.16649581491947174,0.06982804834842682,-0.04230055212974548,0.22724035382270813,-0.4165884852409363,-0.3132196068763733,-0.2754853367805481,-0.17396679520606995,-0.5458850860595703,0.057495903223752975,-0.13838687539100647,-0.2591937780380249,0.21124649047851562,0.17298206686973572,-0.17494401335716248,0.09269778430461884,-0.35012802481651306,0.03911691904067993,-0.2806364893913269
CID000002576,251,0.199222594499588,-0.014713373966515064,-0.6681715250015259,0.20801548659801483,0.5524635314941406,-0.008866745047271252,-0.11417776346206665,-1.0689079761505127,-0.3283545970916748,-0.13835003972053528,0.13072817027568817,0.23676788806915283,0.09673778712749481,-0.2426653802394867,-0.06674571335315704,0.11456815898418427,0.2279677838087082,-0.06283034384250641,-0.35148897767066956,0.1173597201704979,-0.11771398782730103,0.09759361296892166,0.5761648416519165,0.019313642755150795,-0.6727506518363953,-0.7855154275894165,-0.42410707473754883,0.0981433242559433,-0.04863559454679489,-0.20445242524147034,0.8164518475532532,-0.03731619939208031,-0.16046734154224396,0.5874215960502625,-0.2815159261226654,0.24659471213817596,1.2008984088897705,-0.14315038919448853,-0.0611698143184185,0.009033018723130226,-0.1544962376356125,0.47324809432029724,-0.3256951570510864,0.062258683145046234,-0.07573124766349792,-0.08294323831796646,0.8043369054794312,-0.30060961842536926,-0.2845551669597626,0.1994374394416809,-0.4433845579624176,0.18599461019039154,0.42984920740127563,-0.23438520729541779,0.24622225761413574,-0.23303623497486115,-0.1818213015794754,0.6088083982467651,-0.005497032310813665,0.020281678065657616,-0.12784002721309662,-0.23735952377319336,-0.06014527007937431,0.782058596611023,0.10741972923278809,0.23026151955127716,-0.25300416350364685,-0.16730794310569763,-0.2633655369281769,-0.03984612226486206,-0.5622437596321106,0.32265642285346985,-0.859485924243927,0.3504020571708679,0.021577343344688416,0.28992247581481934,0.5753844380378723,0.18803906440734863,0.6175731420516968,0.07031522691249847,-0.11336411535739899,-0.3752352297306061,0.2183304727077484,-0.04205460846424103,-0.15367653965950012,0.3102611005306244,-0.40553027391433716,-0.2519264817237854,0.21579048037528992,0.07807810604572296,0.01874704286456108,-0.2150154411792755,-0.12962737679481506,0.15512332320213318,0.014418544247746468,-0.04295814037322998,0.1007746011018753,0.19804313778877258,-0.13947360217571259,-0.8008095622062683,-0.025080913677811623,-0.1862347424030304,0.20197443664073944,-0.08014297485351562,0.10043676197528839,0.025393718853592873,1.0244066715240479,-0.36097854375839233,0.23803932964801788,-0.12161014974117279,-0.05260226130485535,0.06051330640912056,0.42134612798690796,-0.20066475868225098,0.16547620296478271,-0.1806449294090271,-0.35810452699661255,-0.07719144970178604,-0.16912798583507538,0.23225274682044983,-0.44470661878585815,-0.389773428440094,0.11608018726110458,0.051810722798109055,-0.01063711941242218,-0.13024035096168518,0.6190124750137329,-0.05464526265859604,-0.14669488370418549,0.20845577120780945,-0.7448368072509766,-0.32105356454849243,0.4053124785423279,0.1783711165189743,-0.09541487693786621,0.659726619720459,0.19994232058525085,0.021979689598083496,0.11953804641962051,-0.2592442035675049,-0.11151404678821564,-0.3303402066230774,0.17775306105613708,0.2942262291908264,-0.0434604287147522,0.25052112340927124,-0.25525403022766113,0.15373672544956207,-0.019018596038222313,-0.2872784733772278,0.29183048009872437,-0.14908404648303986,-0.6057655215263367,-0.7742627859115601,0.784349799156189,-0.21534118056297302,0.290977418422699,0.2136707603931427,-0.5097416043281555,0.028507042676210403,0.1161724179983139,0.27227938175201416,-1.0953136682510376,0.2334989607334137,-0.3419276475906372,-0.13789230585098267,0.060057383030653,-0.18343980610370636,0.7507140040397644,-0.4940652847290039,-0.3389132022857666,-0.0041080801747739315,0.0003824487212114036,0.07376603037118912,-0.8497284054756165,-0.25178664922714233,0.9062508344650269,-0.032099176198244095,0.5014570951461792,0.022145390510559082,0.5112067461013794,-0.22264084219932556,-0.10448136180639267,0.6373718976974487,0.1366167962551117,-0.6258461475372314,-0.12037680298089981,-0.09791406244039536,-0.3839453160762787,-0.18427565693855286,-0.5508424043655396,1.105582594871521,-0.04907424375414848,-0.5785080194473267,0.10524662584066391,-0.1721191257238388,0.234242245554924,0.1996908187866211,0.5727976560592651,-0.19940030574798584,0.47654977440834045,-0.035675786435604095,-0.20773759484291077,0.09192077070474625,-0.343094140291214,-0.13451945781707764,-0.1143641471862793,0.1023530513048172,-0.11416208744049072,-0.06232171133160591,-0.21239908039569855,-0.05786972492933273,-0.3718433380126953,-0.176836296916008,0.7002819776535034,0.266803503036499,0.2171565592288971,-0.20815058052539825,-0.2252769023180008,0.11356888711452484,0.2772039771080017,0.166105717420578,0.11620281636714935,-0.0007365286583080888,0.21327488124370575,-0.011872762814164162,0.09217686206102371,-0.7755237817764282,-0.22843816876411438,-0.1548084020614624,-0.3001493811607361,0.08385388553142548,0.06238769739866257,-0.06603686511516571,-0.578424334526062,0.06609512865543365,0.09244067966938019,0.1128070130944252,0.1527012139558792,-0.11220787465572357,0.9315276145935059,-0.35323721170425415,0.11861719936132431,-0.05199476331472397,-0.2584250867366791,-0.545044481754303,0.03978610411286354,0.1874772310256958,-0.21856574714183807,0.30099067091941833,0.2792288064956665,-0.0948387011885643,0.2205181121826172,-0.06679244339466095,0.33955544233322144,0.13004212081432343
CID000002462,254,-0.19286097586154938,-0.584396481513977,-0.9793363809585571,0.18917199969291687,0.29202044010162354,-0.35084933042526245,-0.2000630646944046,-0.45973914861679077,0.06916097551584244,-0.6412577629089355,0.7226850390434265,-0.10578515380620956,0.194428950548172,-0.1679372489452362,-0.2737143635749817,0.10687543451786041,0.018114561215043068,0.2751833498477936,-0.9604808688163757,-0.7018993496894836,-0.5091439485549927,-0.18450088798999786,0.6955553293228149,-0.18963584303855896,-0.8086609840393066,-1.311082363128662,-1.2362689971923828,0.20103028416633606,0.0491383895277977,-0.7254136204719543,1.3415547609329224,-0.05248790979385376,-0.10878582298755646,0.2702058255672455,-0.5503367185592651,-0.17778179049491882,0.2267601042985916,-0.4881584644317627,0.4108368754386902,0.08955191820859909,-0.9867494702339172,0.11570719629526138,-0.6522184610366821,-0.5074350833892822,0.33508652448654175,-0.3478495180606842,0.5409979224205017,0.3781764507293701,-0.973591148853302,0.06385935842990875,-0.7608820199966431,0.14380666613578796,0.3427429497241974,-0.3140373229980469,-0.38868364691734314,-1.045006513595581,0.2163408100605011,1.0683867931365967,0.15912513434886932,0.49955645203590393,-0.3024688959121704,-0.3391660153865814,0.09845314919948578,1.4533817768096924,-0.06919654458761215,0.5409234762191772,-0.07014693319797516,-0.04368462786078453,-0.052111655473709106,0.12141285091638565,-1.4735392332077026,0.35299283266067505,-0.5403700470924377,0.3893471360206604,-0.1674056351184845,0.19539594650268555,0.2676425576210022,0.7458237409591675,0.8751252889633179,-0.226568341255188,-0.10458040237426758,-0.3181696832180023,-0.07142777740955353,0.05692093446850777,-0.2231730967760086,0.014577766880393028,-0.04917997121810913,-0.06962744891643524,0.264393150806427,-0.04041166231036186,0.17398355901241302,0.20348358154296875,-0.22818568348884583,0.17973889410495758,0.17844989895820618,-0.313768208026886,0.0891251340508461,0.28684088587760925,-0.06856097280979156,-0.8266677856445312,-0.43682312965393066,-0.13412600755691528,0.06376969069242477,-0.5214868783950806,-0.2756269574165344,-0.8692628741264343,0.6922396421432495,-0.06285344064235687,-0.4970557689666748,0.16688881814479828,-0.049699317663908005,0.13298527896404266,0.7830773591995239,-0.5217286348342896,0.006000283174216747,0.013976430520415306,-0.49754124879837036,0.6843220591545105,-0.08498290926218033,0.35884445905685425,-0.40001216530799866,-0.016719307750463486,-0.1140010803937912,-0.11244864761829376,0.2866908609867096,0.11700154840946198,0.3060682415962219,0.47601351141929626,0.3391038775444031,0.6459332704544067,-1.0642509460449219,-0.21675364673137665,0.22116562724113464,-0.06519854068756104,0.18893170356750488,0.8339266777038574,-0.30812859535217285,0.275341659784317,0.7144810557365417,0.1618884652853012,0.08970223367214203,-0.06972477585077286,-0.08510042726993561,0.08104600757360458,0.05829266831278801,-0.22185687720775604,-0.5596634149551392,0.6723831295967102,0.24438974261283875,-0.09236302226781845,0.569280743598938,-0.2981722950935364,-0.9174320101737976,-0.7615238428115845,0.2124067097902298,0.18111614882946014,-0.13534337282180786,0.6925733089447021,-0.579433023929596,0.14924457669258118,0.16245567798614502,0.07853712141513824,-1.1416826248168945,-0.12719818949699402,-0.6231804490089417,-0.4507285952568054,-0.4782625138759613,-0.17665918171405792,0.7217243909835815,-0.5496482849121094,-0.11521358788013458,-0.5021339654922485,-0.4396381974220276,0.26907601952552795,-0.7599983811378479,0.2946878969669342,0.5079056024551392,-0.1963897943496704,0.7278631925582886,0.349744975566864,0.8499971628189087,-0.04086264222860336,0.2639250159263611,-0.10671744495630264,0.19938144087791443,-0.3128754496574402,-0.15528127551078796,0.1896335333585739,-0.20690932869911194,-0.4142273962497711,-0.444714218378067,1.012233018875122,-0.07339215278625488,-0.36939921975135803,0.0291543360799551,-0.25152644515037537,0.07616271078586578,-0.15687516331672668,0.10780064761638641,-0.3644220232963562,0.7336550951004028,0.25661781430244446,0.12198019027709961,0.6001909971237183,-0.8319669961929321,0.0023247958160936832,-0.46156540513038635,-0.2306973934173584,-0.16941304504871368,-0.33130717277526855,-0.5074414014816284,-0.12494738399982452,-0.2674579322338104,0.056443918496370316,1.3840618133544922,0.1272263526916504,0.0424971766769886,-0.017382269725203514,0.03457759693264961,-0.18481358885765076,0.2607700228691101,-0.004819056950509548,0.14415934681892395,0.30263692140579224,0.05039786174893379,0.07919622212648392,-0.20652452111244202,-1.578950047492981,-0.43452614545822144,0.21660161018371582,-0.03289841115474701,0.46132761240005493,-0.19605299830436707,-0.47974616289138794,-1.3280847072601318,0.0766509547829628,-0.41008472442626953,-0.11175566911697388,0.2662871181964874,-0.4562734067440033,0.5491516590118408,-0.392933189868927,0.054178543388843536,-0.0491911843419075,0.09845304489135742,0.026781165972352028,0.06377682834863663,0.3801100254058838,-0.42081671953201294,0.14978894591331482,-0.151231586933136,0.04129219800233841,-0.44089946150779724,-0.419592946767807,0.36148983240127563,-0.4820854067802429
CID000176168,255,0.00806409865617752,-0.22944676876068115,-0.8801685571670532,0.23224325478076935,0.46216893196105957,-0.1294080913066864,-0.4754796624183655,-0.6346181631088257,-0.19517548382282257,0.007860896177589893,0.5033023953437805,0.25313183665275574,-0.47702425718307495,-0.12692782282829285,-0.01728329062461853,0.47830525040626526,0.3783199191093445,-0.1289878487586975,-0.04146390035748482,-0.2707286477088928,-0.04268331080675125,0.051247067749500275,0.36783093214035034,-0.148405522108078,-1.384892463684082,-1.1013092994689941,-0.9766324162483215,-0.14708194136619568,0.12983982264995575,-0.365584135055542,1.315277099609375,0.015023157000541687,-0.006156712770462036,0.22421860694885254,-0.7583171129226685,0.41915446519851685,1.4010043144226074,-0.20607849955558777,-0.041502974927425385,0.14949679374694824,-1.0241037607192993,0.7442366480827332,-0.5280632376670837,-0.21634908020496368,-0.15963201224803925,-0.14072509109973907,0.6186026334762573,-0.38084301352500916,-0.3834066390991211,-0.1970658004283905,-0.6072796583175659,0.7113239169120789,0.30435144901275635,0.016730379313230515,-0.2444121092557907,0.14326365292072296,0.0062296451069414616,0.9150680303573608,0.7150524854660034,0.023844227194786072,-0.1726180911064148,-0.23908957839012146,0.21337926387786865,1.2161037921905518,0.5251787304878235,0.25010794401168823,0.1296558380126953,-0.4476346969604492,0.015123521909117699,0.2709810435771942,-0.5205023884773254,0.7130931615829468,-1.0137693881988525,0.22367481887340546,0.1906488686800003,0.2698127031326294,0.9632551074028015,0.5098270177841187,0.7945652008056641,-0.2270435392856598,0.15997470915317535,-0.17388826608657837,-0.24872374534606934,-0.359317809343338,0.03242851048707962,0.13370411098003387,-0.552062451839447,-0.33778151869773865,-0.17346544563770294,0.24800150096416473,-0.1895333230495453,0.11352632939815521,-0.2276151478290558,0.20368346571922302,-0.15908299386501312,-0.7665736079216003,-0.13446924090385437,0.34441936016082764,-0.27413836121559143,-1.482801079750061,-0.166431725025177,-0.2740239202976227,-0.054114680737257004,-0.2286798506975174,0.12121456861495972,-0.2800489664077759,1.2460635900497437,-0.4262172281742096,0.2064332216978073,-0.23565968871116638,0.38553234934806824,-0.3057982623577118,0.2894393503665924,-0.6946946978569031,0.329722136259079,-0.6000573635101318,-1.1125160455703735,0.27643316984176636,0.009819725528359413,0.5470206141471863,-0.08311339467763901,-0.39911121129989624,0.44419947266578674,0.03587792068719864,0.14624431729316711,-0.24606840312480927,0.37602418661117554,-0.0677497461438179,0.08077478408813477,0.20541007816791534,-1.0023541450500488,-0.27299195528030396,0.647122859954834,0.4027780592441559,0.3270954489707947,0.9392030835151672,0.3979496359825134,-0.08387493342161179,0.6670327186584473,-0.5460232496261597,0.1536409556865692,-0.0016050062840804458,0.04738365858793259,0.02708831988275051,0.03914126008749008,0.27578428387641907,0.008014190010726452,0.3060837686061859,-0.20909425616264343,-0.3554667532444,0.5564730167388916,-0.33908164501190186,-1.0166800022125244,-1.5678313970565796,0.6575655937194824,-0.20685327053070068,-0.11808647215366364,0.35662320256233215,-0.6606074571609497,0.14676852524280548,0.060461919754743576,0.24060527980327606,-1.0063539743423462,0.06165875121951103,-0.34186697006225586,-0.2374374121427536,-0.0393122062087059,-0.128972128033638,0.5585618019104004,-0.7160980701446533,0.01746080256998539,-0.054075855761766434,0.1946372538805008,-0.09121692925691605,-0.956449031829834,-0.6971191167831421,1.4195903539657593,-0.032684288918972015,0.481578528881073,-0.24845436215400696,0.7297040224075317,-0.12387564033269882,0.027718668803572655,1.3890984058380127,0.22593240439891815,-0.8304535746574402,0.3578973412513733,0.001668545650318265,-0.38137298822402954,-0.030194517225027084,-0.5331370234489441,1.6067521572113037,-0.6153122186660767,-0.45978158712387085,0.05953659862279892,-0.28951308131217957,-0.05623979493975639,-0.028139129281044006,1.2694543600082397,-0.4789848327636719,0.9004610180854797,-0.07669447362422943,0.08016788214445114,0.6267780065536499,-0.6161378622055054,0.2646239399909973,-0.0036275952588766813,-0.4124651849269867,-0.22888536751270294,-0.18608227372169495,-0.18435578048229218,-0.4567764401435852,-0.07976843416690826,-0.18477141857147217,0.9808942675590515,0.5197942852973938,-0.32275062799453735,-0.3214069604873657,-0.0488886795938015,-0.03414172679185867,-0.12311027199029922,0.24455761909484863,-0.17125952243804932,0.45016640424728394,-0.03651520609855652,0.24553422629833221,-0.17346230149269104,-1.6978490352630615,-0.22987504303455353,-0.0526527538895607,0.038304395973682404,-0.006611662916839123,0.35668498277664185,-0.1583136022090912,-0.8511571884155273,0.29673871397972107,0.21773843467235565,-0.057675134390592575,-0.18014712631702423,0.25542932748794556,1.9960845708847046,-0.16747985780239105,-0.1838909387588501,-0.5501538515090942,0.42671966552734375,-0.3146400451660156,-0.10966457426548004,0.5963016152381897,-0.24625010788440704,0.33197110891342163,0.4495004713535309,-0.12843529880046844,-0.24819770455360413,0.08368367701768875,0.3524453341960907,0.06953881680965424
CID000002658,256,0.11097855865955353,-0.45882558822631836,-1.1249055862426758,-0.13757342100143433,0.36727577447891235,-0.11320842802524567,0.18802590668201447,-0.7561025619506836,-0.17684109508991241,-0.5023611783981323,0.43521562218666077,0.23232845962047577,0.030429188162088394,-0.6280553936958313,-0.2586100697517395,0.2763870060443878,1.2777836322784424,0.12436991930007935,-0.288459837436676,-0.44527801871299744,-0.34143513441085815,0.1410331279039383,0.6712384223937988,-0.3838992416858673,-1.3217127323150635,-1.6219743490219116,-0.7849479913711548,0.18282753229141235,-0.009132592007517815,0.1243184432387352,1.9750133752822876,0.12254564464092255,0.27406588196754456,-0.0568164587020874,-0.16600196063518524,-0.4371337890625,0.41345706582069397,-0.47311320900917053,0.01432847697287798,-0.2999858558177948,-0.6671236157417297,1.785991907119751,-0.5337803959846497,-0.788748562335968,0.14178088307380676,-0.39520883560180664,0.8408795595169067,-0.24809619784355164,-0.8380216360092163,0.12967272102832794,-0.7109084129333496,0.1366499662399292,0.07051856070756912,-0.3602970540523529,0.3413391709327698,-0.9315476417541504,0.13320714235305786,0.7824429273605347,-0.31254273653030396,0.31418973207473755,-0.214687317609787,-0.14551092684268951,0.09688027203083038,1.1146154403686523,-0.03828352689743042,0.0904291421175003,0.08390171825885773,0.09763245284557343,-0.1601291000843048,-0.2590520679950714,-1.1192893981933594,-0.06083520129323006,-1.1101486682891846,0.3932024836540222,-0.12497375905513763,0.6915270090103149,1.30721116065979,0.5437772870063782,0.950659453868866,-0.33714672923088074,-0.21334438025951385,-0.19306544959545135,0.01491988729685545,0.26568251848220825,0.19428858160972595,0.027894308790564537,-0.5218099355697632,-0.3707546293735504,0.0862792506814003,0.37465327978134155,-0.24510915577411652,0.05085347220301628,-0.2668387293815613,0.3096969723701477,-0.20985010266304016,-0.19083788990974426,0.049721620976924896,0.3867492079734802,-0.10974721610546112,-1.0105780363082886,-0.10588165372610092,-0.14414682984352112,0.24164517223834991,-0.522258996963501,-0.2810959815979004,-0.20012745261192322,1.4634454250335693,0.19341418147087097,-0.28723710775375366,0.11448904126882553,0.03775789588689804,-0.3190149962902069,0.23422887921333313,-0.4326915740966797,0.2209673821926117,-0.3627190887928009,-0.6002378463745117,0.26218539476394653,-0.22786135971546173,0.7835150361061096,-0.3012440502643585,0.03798244521021843,0.0756634771823883,-0.03349807485938072,0.25182247161865234,-0.21294637024402618,0.18632987141609192,0.13506470620632172,0.04834761470556259,0.6900280117988586,-0.9090756177902222,0.08969153463840485,0.42144519090652466,0.2163178026676178,-0.15730300545692444,0.9360345602035522,-0.15083062648773193,0.34803318977355957,0.40214404463768005,-0.03367403894662857,-0.3909817337989807,-0.4163464903831482,0.08557917177677155,0.300563782453537,0.4133731722831726,0.052845995873212814,-0.23716159164905548,0.34361380338668823,0.34428316354751587,-0.28591278195381165,0.2382257729768753,-0.49697446823120117,-0.8761609196662903,-1.2996113300323486,0.5221697688102722,0.25084736943244934,-0.04796075075864792,0.1022697314620018,0.02677486278116703,-0.3196638524532318,-0.06899972259998322,-0.19536592066287994,-1.1162965297698975,-0.2535729706287384,-0.9241503477096558,-0.3541441857814789,-0.12189419567584991,0.31516265869140625,0.701065719127655,-0.06658980250358582,-0.08191671222448349,-0.31232187151908875,-0.1601700335741043,0.061343468725681305,-0.8713210225105286,-0.11724648624658585,0.5681878924369812,0.055292509496212006,0.6072871685028076,0.19536113739013672,0.71964031457901,-0.11645159870386124,-0.5447280406951904,0.5649482011795044,0.4212544560432434,-0.9706814885139465,-0.6305273771286011,0.21464785933494568,-0.44796523451805115,-0.3131321966648102,-0.8490376472473145,1.1581975221633911,-0.2091892957687378,-0.39967989921569824,-0.14080841839313507,0.07455281913280487,-0.166997030377388,0.44070857763290405,0.480128675699234,0.01943645440042019,0.3290981650352478,0.37572669982910156,-0.3711308538913727,0.3700687885284424,-0.005584998521953821,0.2650664448738098,0.058242011815309525,0.07938776910305023,0.027458181604743004,-0.4372291564941406,0.5488751530647278,0.13160832226276398,0.27413615584373474,0.26080524921417236,0.9380003213882446,0.7046307325363159,0.012636998668313026,-0.2757111191749573,0.010814337059855461,0.14473825693130493,0.2958725094795227,0.3133164346218109,0.013162195682525635,-0.25973573327064514,0.11438214778900146,0.37214136123657227,-0.21135547757148743,-1.3913710117340088,-0.040125519037246704,-0.09447447955608368,0.18364045023918152,0.37697237730026245,-0.29421770572662354,-0.15902650356292725,-0.7254382967948914,0.22047004103660583,-0.4180273115634918,0.020868906751275063,-0.0448991134762764,0.3246588110923767,2.1673946380615234,-0.5646136999130249,0.14786003530025482,-0.29962509870529175,0.08767135441303253,-0.24948111176490784,0.19461265206336975,0.37848398089408875,-0.45745712518692017,0.10175802558660507,0.16127893328666687,-0.14184381067752838,0.06410104036331177,0.18035808205604553,0.13086643815040588,0.029194850474596024
CID000068740,257,-0.02893800660967827,-0.2533108592033386,-0.6842288970947266,0.1534787267446518,0.4607570171356201,-0.1348227560520172,-0.20242273807525635,-0.6995742321014404,-0.18853430449962616,-0.13723039627075195,0.3514341711997986,0.01592147722840309,-0.11053256690502167,-0.003136074636131525,0.21093635261058807,0.09738864004611969,0.3690834939479828,0.23677420616149902,-0.17739875614643097,0.36207324266433716,-0.13365459442138672,0.1345544308423996,0.5203108787536621,0.025045448914170265,-0.5437098145484924,-0.7171330451965332,-0.6326414346694946,0.34912779927253723,-0.0857362374663353,-0.02635977230966091,0.7603805065155029,0.14391593635082245,-0.14190104603767395,0.42245182394981384,-0.06851306557655334,0.3015109896659851,1.1706273555755615,-0.004504165146499872,0.15287315845489502,0.17351309955120087,0.08481993526220322,0.508696436882019,-0.30004560947418213,-0.05330675095319748,-0.04615999013185501,0.0531482994556427,0.6751102209091187,-0.33089208602905273,-0.49180665612220764,-0.021726667881011963,-0.2659381330013275,0.4097960591316223,0.365509569644928,-0.11943437159061432,0.39943769574165344,-0.1608702540397644,-0.3205537796020508,0.6782045960426331,0.1538774073123932,-0.10108780860900879,-0.10480823367834091,-0.27286243438720703,-0.12628623843193054,0.5947251915931702,0.04144012928009033,0.2655552625656128,-0.05516861006617546,-0.12567584216594696,0.002470932900905609,0.13629646599292755,-0.6970439553260803,0.17147308588027954,-0.46764063835144043,0.477480411529541,0.05253467708826065,0.21389222145080566,0.6873407363891602,0.15069979429244995,0.431140273809433,0.08937153220176697,-0.0021695331670343876,-0.1280091106891632,0.23665864765644073,-0.08795823156833649,0.24056944251060486,0.35379558801651,-0.19112074375152588,-0.0020679295994341373,-0.052273768931627274,0.2902551293373108,-0.3523190915584564,-0.07085786759853363,-0.188827782869339,0.008639794774353504,0.1271819770336151,0.10179851949214935,-0.034770868718624115,0.28110116720199585,-0.050829727202653885,-0.9247598648071289,0.015156102366745472,-0.12202788889408112,0.14701154828071594,0.014575311914086342,0.21334798634052277,0.0003347635210957378,0.9363499879837036,-0.22604234516620636,0.3300849199295044,-0.0025859735906124115,-0.14108768105506897,-0.03199765831232071,0.30428341031074524,-0.07772842794656754,0.11610440909862518,-0.3177780508995056,-0.373530775308609,-0.0531168095767498,-0.12641067802906036,0.29097047448158264,-0.44039708375930786,-0.28321573138237,0.14005610346794128,0.17632043361663818,-0.11324644088745117,0.13081535696983337,0.31714925169944763,0.004973053932189941,-0.22718939185142517,0.2585379183292389,-0.6795330047607422,-0.37531226873397827,0.29629698395729065,0.01660684496164322,0.11459887027740479,0.6698576807975769,0.21685266494750977,-0.11711449921131134,0.314460426568985,-0.18516507744789124,0.0013578772777691483,-0.2487352341413498,0.15083178877830505,0.029300909489393234,0.028075803071260452,-0.08417940884828568,-0.2444290667772293,-0.14376185834407806,-0.08005397766828537,0.03999198228120804,0.17846456170082092,-0.13320878148078918,-0.4906094968318939,-0.6970294117927551,0.5146951675415039,0.006689183413982391,0.36983007192611694,0.06117555499076843,-0.36478960514068604,-0.056838084012269974,-0.02682444080710411,0.12519177794456482,-1.281735897064209,0.20716778934001923,-0.36929044127464294,0.04628673568367958,0.001329571008682251,-0.30569833517074585,0.8080281019210815,-0.4593738913536072,-0.2660074532032013,-0.10932266712188721,0.034069884568452835,-0.08971945196390152,-0.6060866117477417,-0.33241692185401917,0.34293660521507263,0.10519055277109146,0.6002448797225952,-0.09082327783107758,0.5249818563461304,-0.24311891198158264,-0.28264176845550537,0.5757191181182861,-0.09104248136281967,-0.3690204620361328,0.006486809346824884,-0.09525270760059357,-0.39632391929626465,-0.1366722285747528,-0.3079903721809387,1.071489691734314,-0.07346224784851074,-0.4652658998966217,0.17117518186569214,-0.12563303112983704,-0.07345989346504211,0.11896387487649918,0.439069926738739,-0.11285503953695297,0.4062088131904602,0.2405966818332672,-0.07876762747764587,0.3222484290599823,-0.3509064316749573,-0.24207691848278046,-0.1497526913881302,0.1552775353193283,-0.08648721873760223,-0.1598110795021057,-0.11133972555398941,-0.035323258489370346,-0.04658813402056694,-0.3341464400291443,0.627044677734375,-0.05177800729870796,-0.06013920158147812,-0.31650516390800476,0.19742313027381897,0.06724719703197479,0.09440308809280396,0.027873586863279343,0.0568590983748436,-0.25004300475120544,0.08829110860824585,0.07431699335575104,-0.020722325891256332,-0.5586816072463989,-0.16026727855205536,0.02289147675037384,-0.24941697716712952,0.23262366652488708,0.07761192321777344,-0.15142619609832764,-0.5547314882278442,0.07517845928668976,0.1487669050693512,-0.056531887501478195,-0.1577955186367035,0.0037759640254080296,0.80894535779953,-0.37078800797462463,0.22817263007164001,-0.26086413860321045,-0.07146400213241577,-0.30951985716819763,0.24114826321601868,0.2471783608198166,-0.26299089193344116,0.18585039675235748,0.2753625810146332,0.15983182191848755,0.34953969717025757,-0.21669714152812958,0.28083890676498413,0.03830396384000778
CID000002955,260,0.04861636832356453,-0.14313584566116333,-0.5476455688476562,0.2644670009613037,0.41102296113967896,-0.15417876839637756,-0.07696489989757538,-0.5374287366867065,-0.28257623314857483,-0.2216838151216507,0.3964007496833801,0.07987313717603683,-0.027130398899316788,-0.15243548154830933,0.045296408236026764,0.06601718813180923,0.2963949143886566,0.12749673426151276,-0.1729237139225006,0.1374664157629013,-0.190083310008049,0.1894301325082779,0.3442543148994446,0.016908328980207443,-0.6050618886947632,-0.7106819152832031,-0.47413167357444763,0.17150437831878662,0.05554844066500664,-0.16764846444129944,0.5232620239257812,0.012797531671822071,0.007622235920280218,0.5139181613922119,-0.228718563914299,0.22761258482933044,1.1630675792694092,-0.06071915477514267,-0.007005034480243921,0.1883186548948288,0.02384127676486969,0.48332875967025757,-0.12713581323623657,0.12024728953838348,-0.054513972252607346,0.09568016231060028,0.48803773522377014,-0.3275255560874939,-0.5845556855201721,-0.004766943398863077,-0.45857781171798706,0.04597478732466698,0.41838279366493225,-0.16297028958797455,0.30704376101493835,-0.3168504238128662,-0.2953225374221802,0.5058562755584717,0.039198312908411026,-0.01749527081847191,-0.14113575220108032,-0.22347807884216309,-0.04202879220247269,0.5684635043144226,0.0810687392950058,0.5673021078109741,0.05059370398521423,-0.2028081715106964,0.04713881388306618,0.10303183645009995,-0.49971142411231995,0.0492888018488884,-0.6566537618637085,0.6276422739028931,-0.08910061419010162,0.4238552451133728,0.4991969168186188,-0.003304739249870181,0.3378879427909851,-0.03472529351711273,0.011793339625000954,-0.010250991210341454,0.07297097146511078,-0.056212376803159714,0.09886988252401352,0.258282870054245,-0.2093522846698761,-0.08195003122091293,-0.02122114971280098,0.20730476081371307,-0.32833200693130493,-0.06503763049840927,-0.3060618042945862,0.050944723188877106,0.22172386944293976,0.08465807139873505,-0.023074328899383545,0.196461021900177,-0.046139270067214966,-1.0300763845443726,-0.11249329894781113,-0.29535600543022156,0.1851833313703537,-0.15920422971248627,0.2824361324310303,-0.13102857768535614,0.9766188859939575,-0.1672593653202057,0.4087740480899811,-0.011327770538628101,-0.09864187985658646,-0.03704697638750076,0.1698373258113861,-0.2216004580259323,0.25206029415130615,-0.30657580494880676,-0.4101007878780365,-0.006687943823635578,-0.15631011128425598,0.22094473242759705,-0.2493758201599121,-0.289429247379303,0.18421712517738342,0.04110313951969147,-0.04881536588072777,0.09330969303846359,0.1223234310746193,-0.1748206913471222,-0.22002708911895752,0.23191985487937927,-0.7097306847572327,-0.4548155665397644,0.27975887060165405,0.030294198542833328,-0.029783207923173904,0.805999755859375,0.022939033806324005,-0.06636841595172882,0.3961281180381775,-0.17299078404903412,-0.2344820499420166,-0.24561798572540283,0.018018240109086037,0.0189046710729599,0.00750711839646101,-0.01187368854880333,-0.10288677364587784,-0.040052514523267746,-0.05369295924901962,0.085948146879673,0.6765369772911072,-0.09519065171480179,-0.3017358183860779,-0.6365379691123962,0.5918024182319641,-0.14364108443260193,0.2985329031944275,0.14514926075935364,-0.30328044295310974,-0.04052627086639404,-0.07745059579610825,0.19278165698051453,-0.8557683825492859,0.12662279605865479,-0.3814402222633362,0.06603250652551651,0.0965871587395668,-0.3081649839878082,0.6360596418380737,-0.34258532524108887,-0.39848023653030396,0.06201120465993881,0.061592698097229004,-0.12938359379768372,-0.5163434743881226,-0.22621245682239532,0.35113614797592163,0.006109087727963924,0.5551263689994812,0.16038450598716736,0.16512449085712433,-0.23975875973701477,-0.1915932446718216,0.3058614432811737,0.09873798489570618,-0.6117733716964722,-0.1333111822605133,-0.017027676105499268,-0.32683950662612915,-0.11136023700237274,-0.3879513144493103,1.123254656791687,-0.13425463438034058,-0.23631462454795837,0.13733452558517456,-0.16919472813606262,-0.07871241867542267,0.11599721014499664,0.5396417379379272,-0.09894262999296188,0.24439916014671326,0.47470664978027344,-0.2008170783519745,0.10362428426742554,-0.2228298932313919,-0.10428513586521149,-0.3447791337966919,-0.005412280559539795,-0.04426594451069832,-0.289139986038208,-0.15270037949085236,-0.029014404863119125,-0.34069013595581055,-0.23802383244037628,0.6900805830955505,-0.07755829393863678,0.06428234279155731,-0.29636529088020325,0.14541326463222504,0.05206305533647537,-0.028062963858246803,0.013505594804883003,0.2623082101345062,-0.06394529342651367,0.03637836128473282,-0.12854580581188202,0.20534522831439972,-0.49763375520706177,-0.11120124161243439,-0.14703603088855743,-0.18480202555656433,0.33181193470954895,0.14778733253479004,-0.21982745826244354,-0.5033583641052246,-0.03027508221566677,0.20661894977092743,-0.13811951875686646,0.05957099795341492,-0.028152402490377426,1.0216933488845825,-0.4643484055995941,0.10795183479785919,-0.24702970683574677,-0.19038696587085724,-0.3820731043815613,0.1293826401233673,0.11854644864797592,-0.240341454744339,0.2815677523612976,0.3370119035243988,-0.005276286043226719,0.17545552551746368,-0.22380931675434113,0.09557604044675827,0.19682060182094574
CID000003324,261,-0.04765382409095764,-0.31311291456222534,-0.24406389892101288,0.07400466501712799,0.31789034605026245,-0.11834502220153809,0.003657200839370489,0.07066021859645844,-0.14644238352775574,0.10842716693878174,0.33499521017074585,0.07396502047777176,-0.045561935752630234,-0.04567023739218712,0.22962284088134766,0.028973978012800217,0.4162757396697998,0.13174033164978027,-0.39941897988319397,0.3604886829853058,-0.15969283878803253,0.05089176818728447,0.3136530816555023,0.0795600414276123,-1.0775222778320312,-0.5708927512168884,-1.5575597286224365,-0.178816020488739,-0.18112444877624512,0.1676001399755478,0.9251418113708496,0.2083156853914261,0.02594028040766716,0.3265364468097687,-0.7804017066955566,0.059034865349531174,0.5299726724624634,0.11215623468160629,-0.11783665418624878,0.0023830856662243605,0.3522563576698303,0.5260958671569824,-0.3078486919403076,-0.38430100679397583,-0.09066559374332428,-0.09010037779808044,0.514942467212677,0.06421033293008804,-0.6298846006393433,-0.050369519740343094,-0.9518936276435852,0.4304111897945404,0.36459586024284363,-0.04896657168865204,0.14886200428009033,-0.13583427667617798,-0.22757968306541443,0.3035709857940674,0.9422663450241089,0.16943499445915222,0.14460334181785583,-0.6692134141921997,-0.08243128657341003,0.5927506685256958,-0.009935644455254078,0.4276764988899231,-0.23898077011108398,-0.23089155554771423,-0.06476396322250366,0.014853047206997871,-0.07745422422885895,-0.009489515796303749,-0.5310941934585571,0.6192722916603088,0.09215251356363297,0.3676682412624359,0.5122243165969849,0.04373224824666977,1.0729765892028809,-0.09691081941127777,0.07630874961614609,-0.300092875957489,0.008701431564986706,0.16278211772441864,0.18260042369365692,0.22541745007038116,0.1358605921268463,-0.15634989738464355,0.1410788744688034,-0.03220684453845024,0.009760645218193531,0.04981406778097153,-0.06968097388744354,-0.07709670066833496,0.07652276009321213,0.026133328676223755,0.019242268055677414,0.16470927000045776,-0.04768269509077072,-1.133408784866333,-0.21991300582885742,0.06374436616897583,0.21190187335014343,-0.1598813831806183,0.0605650320649147,-0.027570217847824097,0.7001374959945679,0.3660127818584442,0.06434368342161179,0.10772814601659775,0.07943106442689896,0.05206027626991272,0.1405714750289917,-1.021209955215454,0.008088869042694569,-0.523814857006073,-0.34065157175064087,0.14252975583076477,0.016454830765724182,0.2761107087135315,-0.14930613338947296,-0.43544983863830566,0.09746654331684113,-0.08499495685100555,-0.2027706801891327,-0.2336335927248001,0.2664327025413513,-0.027415355667471886,0.043347857892513275,0.11034206300973892,-1.3024293184280396,-0.16644920408725739,0.3610256314277649,0.22272484004497528,-0.11650282144546509,1.2790864706039429,-0.10377524793148041,-0.36591973900794983,0.1988406628370285,-0.10174046456813812,-0.21511924266815186,-0.21792039275169373,0.2779718041419983,0.10906318575143814,-0.08020582795143127,-0.14100894331932068,-0.38251885771751404,-0.15186890959739685,0.25426942110061646,0.07478652894496918,0.7532305121421814,0.1516026109457016,-0.37556225061416626,-0.4426528811454773,-0.032552096992731094,-0.043145619332790375,0.19329261779785156,-0.07714691013097763,-0.4135252833366394,-0.12109486758708954,-0.15246018767356873,0.015170356258749962,-0.4972456991672516,-0.04206593334674835,-0.38141176104545593,0.014270074665546417,0.016467591747641563,0.07612379640340805,1.2544903755187988,-0.3468504846096039,-0.08081422746181488,-0.0959128737449646,-0.02921288274228573,0.2330913543701172,-0.6227566003799438,0.041781436651945114,0.2471173107624054,-0.001788747264072299,0.4301193654537201,0.06255528330802917,0.49952736496925354,-0.08927665650844574,-0.2757117748260498,0.9415620565414429,-0.053135037422180176,-1.0726051330566406,0.598742663860321,-0.02677321434020996,-0.20780985057353973,-0.4323232173919678,-0.3496280014514923,0.7827990055084229,-0.07615042477846146,-0.15931780636310577,0.14536325633525848,-0.06470119208097458,0.07020115107297897,-0.07692937552928925,1.524994969367981,0.07728550583124161,0.17826147377490997,0.3766043186187744,0.16413924098014832,0.4454330801963806,-0.4499123692512512,-0.11406254768371582,-0.2816905379295349,-0.18002967536449432,0.0259660966694355,-0.08096101880073547,0.21889881789684296,-0.027410920709371567,0.21735401451587677,-0.32183998823165894,1.308353066444397,0.29522696137428284,0.03084583580493927,-0.06021314859390259,0.0011441201204434037,0.02515358291566372,0.15361909568309784,0.10013037919998169,-0.02324698306620121,-0.09534619748592377,-0.0709453672170639,0.14070841670036316,-0.0005603969329968095,-0.4045349061489105,-0.24805307388305664,0.04956842213869095,-0.0916077271103859,0.2013375461101532,0.15443667769432068,-0.07155264914035797,-0.5092707872390747,-0.09694276750087738,0.10481103509664536,-0.07604429870843887,-0.03375020623207092,0.22922754287719727,1.2591263055801392,-0.23041412234306335,-0.2416812628507614,-0.6276642084121704,-0.01993759348988533,-0.35642072558403015,0.00900244154036045,-0.043861061334609985,-0.05897541716694832,0.44681471586227417,0.2695332169532776,0.3472670614719391,0.2833237946033478,0.08061084896326065,0.21274372935295105,0.09517104923725128
CID000004513,262,0.1614270955324173,-0.28269538283348083,-0.7019197344779968,0.09425051510334015,0.5895193219184875,0.033939629793167114,-0.20714016258716583,-0.9309350848197937,-0.31937000155448914,0.024942804127931595,0.21622273325920105,0.1117941290140152,0.11767260730266571,-0.1455046832561493,0.015889286994934082,0.03578522801399231,0.2881290018558502,0.03065968118607998,-0.17453350126743317,0.22117643058300018,-0.1973736435174942,0.15351280570030212,0.5589833855628967,0.014345789328217506,-0.5032747983932495,-0.7736681699752808,-0.6039158701896667,0.2290331870317459,-0.0013115473557263613,-0.08401349931955338,0.7749897837638855,0.08924712985754013,-0.08807399868965149,0.5533631443977356,-0.28420358896255493,0.1693023443222046,1.1133264303207397,-0.13690216839313507,0.04881103336811066,-0.06976430118083954,-0.08932957798242569,0.6899475455284119,-0.374335914850235,0.004195937421172857,-0.09282878041267395,-0.004519534297287464,0.7755157351493835,-0.14450159668922424,-0.331878662109375,0.11339859664440155,-0.4666348397731781,0.14497210085391998,0.28653204441070557,-0.16720661520957947,0.24239519238471985,-0.27732300758361816,-0.23966531455516815,0.5613148212432861,0.09459128230810165,0.07181446254253387,-0.08705705404281616,-0.22442755103111267,-0.21670392155647278,0.6528742909431458,0.05461990833282471,0.22831889986991882,-0.2183753252029419,-0.2319774180650711,-0.175838902592659,0.10026217997074127,-0.5982918739318848,0.24157488346099854,-0.8413194417953491,0.44986218214035034,0.0846271961927414,0.17766468226909637,0.7413655519485474,0.1969584822654724,0.6149265170097351,0.14021603763103485,-0.16146834194660187,-0.5023068189620972,0.15916311740875244,-0.12821096181869507,-0.1262572705745697,0.4101523458957672,-0.22949767112731934,-0.2285904884338379,0.049154121428728104,0.1289103776216507,-0.10403658449649811,-0.23082299530506134,-0.0762898400425911,0.04936080053448677,0.05994700640439987,-0.04326033964753151,0.0655602365732193,0.27184492349624634,0.009047227911651134,-0.8645908236503601,-0.07085413485765457,-0.18442967534065247,0.1056486964225769,-0.09080193191766739,0.17214712500572205,-0.09305128455162048,1.08869206905365,-0.4298649728298187,0.2754274308681488,-0.0654662624001503,-0.1776292324066162,0.09476032108068466,0.24136576056480408,-0.19093826413154602,0.11417552083730698,-0.26326847076416016,-0.5273457169532776,0.028107862919569016,-0.10756252706050873,0.1616174429655075,-0.4326491355895996,-0.2661372721195221,0.19460169970989227,-0.0053867558017373085,-0.10899684578180313,-0.061601608991622925,0.5130740404129028,-0.10224262624979019,-0.21899089217185974,0.3302381634712219,-0.740389347076416,-0.25191473960876465,0.4989561438560486,0.10865776240825653,-0.00027614235295914114,0.7556629776954651,0.3051513731479645,-0.007958972826600075,0.18354514241218567,-0.15291175246238708,-0.19011512398719788,-0.25395238399505615,0.17311516404151917,0.26732921600341797,0.11935083568096161,0.2658706307411194,-0.13928009569644928,0.07404647767543793,-0.04504062607884407,-0.1949813812971115,0.2572229206562042,-0.09964124113321304,-0.5613932013511658,-0.6867285966873169,0.6122770309448242,-0.20395927131175995,0.36460214853286743,0.2519739270210266,-0.4026256501674652,-0.08052276819944382,-0.03852962702512741,0.41636866331100464,-1.0188943147659302,0.18806469440460205,-0.4048682749271393,-0.15077491104602814,0.033346883952617645,-0.030715834349393845,0.7898432612419128,-0.45296764373779297,-0.17866332828998566,-0.11770743131637573,-0.007074721157550812,-0.05511500686407089,-0.8522675633430481,-0.13420061767101288,0.8623111844062805,0.017796272411942482,0.6021708250045776,-0.053571052849292755,0.5821977853775024,-0.37530845403671265,-0.1504872590303421,0.6060643196105957,0.01798691228032112,-0.5877023339271545,0.019902760162949562,-0.07190060615539551,-0.3649812638759613,-0.17955541610717773,-0.5242687463760376,1.1649452447891235,0.019829099997878075,-0.42566758394241333,0.1926846206188202,-0.199946790933609,0.11300017684698105,0.21488690376281738,0.550700306892395,-0.09757956117391586,0.43807530403137207,0.12918448448181152,-0.11826290935277939,0.15998908877372742,-0.21642020344734192,-0.13743820786476135,-0.05991687625646591,0.08802618831396103,-0.16185639798641205,0.035505764186382294,-0.03766103461384773,-0.01660185307264328,-0.31574779748916626,-0.25384482741355896,0.7675427198410034,0.23522016406059265,0.07227618992328644,-0.3299839198589325,-0.2164478600025177,0.158736914396286,0.12723830342292786,0.009572705253958702,0.1175670400261879,-0.17058789730072021,0.31484565138816833,-0.032456886023283005,0.056335173547267914,-0.8141080737113953,-0.27728110551834106,-0.18282246589660645,-0.2126656025648117,0.14633724093437195,0.08488702774047852,-0.20871929824352264,-0.5697177648544312,0.2227253019809723,0.10117727518081665,-0.06218462064862251,0.06990017741918564,-0.105158731341362,0.9015393257141113,-0.29648667573928833,0.09459926187992096,-0.13570921123027802,-0.17619088292121887,-0.30972951650619507,0.12090249359607697,0.25069934129714966,-0.2822517454624176,0.22344903647899628,0.21266207098960876,-0.04301002249121666,0.2371949702501297,-0.04065519571304321,0.3453393578529358,0.24951934814453125
CID000003702,263,0.03929392248392105,-0.20596489310264587,-0.4874342083930969,-0.013694304041564465,0.3108137547969818,-0.1643061339855194,-0.09692307561635971,-0.33864498138427734,-0.18931713700294495,0.016493795439600945,0.2777155041694641,0.017418432980775833,-0.009571848437190056,-0.03993649780750275,0.00047685057506896555,0.288552463054657,0.23737676441669464,0.04213222116231918,-0.29951348900794983,0.1539425551891327,-0.13742484152317047,-0.003090438200160861,0.47451251745224,0.04305678606033325,-0.29631128907203674,-0.6807585954666138,-0.4914235472679138,-0.1147562637925148,0.1652354747056961,0.06978410482406616,0.5223236083984375,0.10839434713125229,-0.06515210121870041,0.3961794078350067,-0.39243823289871216,0.06083524227142334,0.4794657230377197,-0.15202122926712036,0.054096318781375885,0.02684987708926201,-0.28677061200141907,0.28444692492485046,-0.30304640531539917,0.13209332525730133,0.028630366548895836,0.037920426577329636,0.6811637878417969,0.033902715891599655,-0.663597047328949,0.06768669188022614,-0.48663511872291565,0.2073981761932373,0.4663031995296478,-0.19059154391288757,0.09289796650409698,-0.4917336404323578,-0.2494608461856842,0.6957508325576782,0.04982153698801994,-0.14036321640014648,0.11904380470514297,-0.2466433346271515,0.03299181908369064,0.6870638132095337,0.14000993967056274,0.19791701436042786,-0.06138454005122185,-0.06069409102201462,-0.12045501172542572,0.0912611335515976,-0.6486917734146118,0.22677382826805115,-0.4542187750339508,0.4828569293022156,0.02924334444105625,0.3187781870365143,0.28890421986579895,0.25834959745407104,0.6878358125686646,0.0038824803195893764,0.018016647547483444,-0.14672541618347168,0.054166942834854126,-0.1981915384531021,0.30483537912368774,0.3721572458744049,-0.19668683409690857,0.09509281814098358,-0.1389642059803009,0.10939165204763412,-0.11920821666717529,-0.0454724058508873,-0.11102955043315887,0.14711853861808777,0.05778380483388901,-0.16992056369781494,-0.33096635341644287,0.20783348381519318,0.04204763472080231,-0.5641069412231445,-0.056156497448682785,-0.13321994245052338,0.19510409235954285,-0.08276088535785675,0.2180541455745697,-0.15550699830055237,0.7151402235031128,0.10684027522802353,0.18020176887512207,-0.07574562728404999,-0.16909530758857727,0.08016537129878998,0.5166496634483337,-0.225950688123703,0.2949056327342987,-0.25049081444740295,-0.34266459941864014,0.07804004848003387,-0.03815145418047905,0.01469422597438097,-0.16450420022010803,-0.3651779890060425,0.001818372285924852,-0.014475527219474316,-0.1880377233028412,0.1721833497285843,0.1905514895915985,0.12315543740987778,-0.22959141433238983,0.23643295466899872,-0.6667214632034302,-0.16963554918766022,0.3777088522911072,0.2727029621601105,0.13357767462730408,0.8101814985275269,0.23541148006916046,-0.13027918338775635,0.22085896134376526,-0.04769057780504227,-0.2516404092311859,-0.23843833804130554,0.2525598108768463,0.3499550223350525,0.2159270942211151,-0.10960672795772552,-0.45328187942504883,-0.060336679220199585,-0.012103390879929066,-0.02208014205098152,0.2902461290359497,-0.06011415272951126,-0.7191534638404846,-0.6939040422439575,0.47596120834350586,-0.27438125014305115,0.27690479159355164,-0.12796302139759064,-0.39879781007766724,-0.04021451622247696,-0.15253596007823944,0.009498673491179943,-0.7340525984764099,0.008942279033362865,-0.41442084312438965,0.028101515024900436,-0.13368946313858032,-0.06619855016469955,0.4290274977684021,-0.537524402141571,-0.3319346308708191,-0.11066138744354248,-0.05599785968661308,-0.13970622420310974,-0.6755630970001221,-0.016302768141031265,0.32426658272743225,0.12502582371234894,0.4288650155067444,-0.08687499165534973,0.5559726357460022,-0.2328215092420578,-0.10200007259845734,0.1743098795413971,-0.11608992516994476,-0.40082964301109314,-0.062048424035310745,-0.27288779616355896,0.09752748906612396,-0.2473956048488617,-0.5131926536560059,0.9279305338859558,-0.06507180631160736,-0.5033602714538574,0.041678257286548615,-0.09061570465564728,-0.10657994449138641,0.13621383905410767,0.33394646644592285,-0.10514801740646362,0.34537437558174133,0.3854902386665344,-0.055219464004039764,0.10043475776910782,-0.5075652003288269,-0.3542531728744507,-0.12802299857139587,0.10331647098064423,-0.08394680172204971,-0.13510677218437195,0.18646056950092316,-0.05517418310046196,0.20648470520973206,-0.1323125660419464,0.8260860443115234,-0.031962405890226364,-0.17296846210956573,-0.28935033082962036,0.007346159312874079,0.2884369492530823,0.35510891675949097,0.052166424691677094,0.16819699108600616,-0.0795917734503746,-0.1281912624835968,0.08299555629491806,-0.012666648253798485,-0.8525306582450867,-0.2542000710964203,-0.07631095498800278,-0.1953715980052948,0.2593150734901428,0.1639888733625412,-0.1667613983154297,-0.5638081431388855,0.35514888167381287,0.04206608980894089,-0.2157175987958908,0.05324384570121765,-0.19063858687877655,0.2610722780227661,-0.3619048297405243,-0.12381371110677719,-0.18853481113910675,-0.009715838357806206,-0.22030095756053925,0.0931631550192833,-0.018416810780763626,-0.06347112357616425,0.33143940567970276,0.0436677411198616,0.03219767287373543,0.23168794810771942,-0.2585671544075012,0.23146310448646545,0.006459312047809362
CID000005672,264,0.1600855588912964,-0.41102296113967896,-0.7095625400543213,0.007370308041572571,0.18360483646392822,-0.3084935247898102,0.22970816493034363,-0.8618837594985962,-0.10453733056783676,-0.41682490706443787,0.7233878374099731,0.23539939522743225,-0.2306346893310547,-0.06382463872432709,-0.16041803359985352,0.23455893993377686,0.23244671523571014,0.08849956095218658,-0.018139900639653206,-0.06727985292673111,-0.22648665308952332,0.18302670121192932,0.2398657351732254,-0.029096797108650208,-1.051142692565918,-1.0453097820281982,-0.6059795618057251,0.04170772433280945,0.06836650520563126,0.0036939859855920076,0.9670109748840332,-0.05372856184840202,0.11753573268651962,0.30241233110427856,-0.1486099362373352,-0.22179004549980164,0.4262053966522217,0.03443337231874466,0.18615290522575378,-0.10316523164510727,-0.1352812796831131,0.5531339645385742,-0.10614112764596939,-0.2415541410446167,-0.13797041773796082,0.02491019293665886,1.034651517868042,-0.33913472294807434,-0.6124218702316284,0.11827902495861053,-0.9143218994140625,0.062431346625089645,0.3614274859428406,-0.13134007155895233,0.1937287300825119,-0.34189170598983765,0.12705178558826447,1.005750298500061,-0.04423504322767258,0.27745357155799866,-0.11479131132364273,-0.05045900493860245,-0.015972260385751724,0.6480716466903687,0.1691909283399582,0.33688145875930786,0.28417572379112244,-0.17771485447883606,0.007117879576981068,0.14084725081920624,-0.5754950642585754,0.049877505749464035,-0.620502769947052,0.41200295090675354,-0.009129965677857399,0.05648384243249893,0.338540256023407,0.1643986701965332,1.0191863775253296,0.17407765984535217,0.030171144753694534,-0.39846858382225037,-0.06667713820934296,-0.08961769193410873,0.24929861724376678,0.02970447577536106,-0.4628661274909973,-0.30554646253585815,-0.18338122963905334,0.2435944378376007,-0.2928101122379303,-0.3011602759361267,-0.24247774481773376,0.16791778802871704,0.11107902228832245,0.02639056369662285,-0.051726747304201126,0.15958775579929352,-0.08578020334243774,-1.4798028469085693,-0.01698668673634529,0.23436503112316132,-0.11978042125701904,-0.22995229065418243,0.0814085453748703,-0.026874596253037453,0.8485311269760132,0.1138588935136795,-0.028492962941527367,0.09074115008115768,0.3626984655857086,0.148228719830513,0.3543563783168793,-0.7043153643608093,0.008956576697528362,-0.23860874772071838,-0.1527763307094574,0.28834599256515503,0.28678587079048157,0.395372211933136,-0.19081899523735046,-0.3099321126937866,-0.03395949676632881,0.0007934629684314132,0.1722724437713623,-0.07955540716648102,0.2915566861629486,-0.04776317626237869,-0.18708039820194244,0.481151819229126,-0.7221028208732605,0.0559428408741951,0.2013568878173828,0.10440768301486969,-0.06085633486509323,0.7593382000923157,-0.12411625683307648,-0.03469078987836838,0.4360482096672058,-0.320298433303833,0.024679625406861305,-0.07938788831233978,-0.045745737850666046,0.16636767983436584,0.10768811404705048,0.13574807345867157,-0.11807475984096527,0.36536967754364014,0.16275271773338318,-0.028322851285338402,0.575165867805481,-0.14410634338855743,-0.5251266360282898,-1.1840400695800781,0.6159910559654236,0.14921031892299652,0.17301195859909058,0.21906259655952454,-0.5890427231788635,0.14827926456928253,-0.021353214979171753,-0.009423341602087021,-1.0281590223312378,0.06933591514825821,-0.5621228218078613,0.021102646365761757,0.012695608660578728,0.1678418219089508,1.1596535444259644,-0.5584002733230591,-0.23795399069786072,0.02170768566429615,-0.13207277655601501,0.2962580919265747,-0.4967835545539856,-0.5129810571670532,0.45401984453201294,-0.22343194484710693,0.4862459599971771,0.322571337223053,0.2869965732097626,-0.13351655006408691,-0.11023378372192383,0.8669106364250183,-0.08535200357437134,-0.2545402944087982,-0.14184041321277618,0.10156209766864777,-0.2842549979686737,-0.28126364946365356,-0.5409160256385803,1.4519367218017578,-0.16558316349983215,-0.03840574994683266,-0.20843055844306946,-0.4112994074821472,-0.0851660966873169,0.08647264540195465,1.2260459661483765,-0.1859663873910904,0.7612913250923157,0.2836032509803772,0.13406476378440857,1.2109849452972412,-0.4625479578971863,0.452403724193573,-0.3868836760520935,0.03389947488903999,-0.08731713145971298,0.1847207397222519,-0.2863021194934845,0.017047543078660965,0.020442772656679153,-0.1533517688512802,0.6981759071350098,0.5018799304962158,-0.36850622296333313,-0.17301376163959503,-0.131034255027771,-0.0015313320327550173,0.06715649366378784,0.16613489389419556,0.06474453210830688,-0.26758864521980286,-0.1478710174560547,0.3923727869987488,0.012102419510483742,-0.4809275269508362,-0.019634593278169632,0.2599695324897766,0.17061488330364227,0.24855463206768036,0.3073655962944031,-0.15944258868694305,-0.7385813593864441,0.19775792956352234,0.131626695394516,0.11313734203577042,-0.36585766077041626,-0.1425308883190155,1.2477890253067017,-0.2596903145313263,0.08400078117847443,-0.4177166521549225,-0.20823529362678528,-0.5849581956863403,-0.12898573279380798,0.048609811812639236,-0.09003417938947678,0.5272480249404907,0.19073697924613953,0.006756226532161236,0.19350245594978333,-0.10751481354236603,0.46554693579673767,0.011908715590834618
CID000001983,265,-0.02333228848874569,-0.09444218128919601,-0.8351787328720093,0.23730440437793732,0.3852832615375519,-0.17202956974506378,0.030426274985074997,-0.906243622303009,0.2582944929599762,-0.5151932239532471,0.43248099088668823,0.025987857952713966,-0.003725349437445402,-0.20243830978870392,0.17566582560539246,0.28348809480667114,0.5050732493400574,0.2821112275123596,-0.33525538444519043,-0.30512186884880066,-0.14164772629737854,0.12059296667575836,0.583579421043396,0.10679566860198975,-1.2976630926132202,-0.5619465112686157,-0.6802278757095337,-0.09360642731189728,0.24051222205162048,0.16250194609165192,0.874049186706543,-0.10612809658050537,-0.13013997673988342,0.12534122169017792,0.03619711473584175,0.2985847294330597,0.4687107503414154,0.020778751000761986,0.04482319578528404,0.06548336893320084,0.026061058044433594,0.4478064179420471,-0.739625871181488,0.0705205425620079,0.2381555289030075,0.08554800599813461,0.7340454459190369,-0.2679022252559662,-0.6414785981178284,0.02375190332531929,-0.5079790353775024,0.6725100874900818,0.48626837134361267,-0.17813174426555634,0.10540485382080078,-0.19975560903549194,-0.029749397188425064,0.7784397006034851,-0.12433735281229019,-0.18648502230644226,0.06873069703578949,-0.38059478998184204,0.09561730176210403,0.721814751625061,0.24920479953289032,0.1309165060520172,-0.2706908881664276,0.26280683279037476,-0.09710270166397095,0.303542822599411,-1.0805244445800781,-0.12344074249267578,-0.4098678231239319,0.2510046660900116,0.058429084718227386,0.2821579575538635,0.7248084545135498,0.14042928814888,0.5897569060325623,-0.09860745817422867,-0.04826361685991287,-0.4756767749786377,0.002598527120426297,-0.04297548159956932,0.06482531130313873,0.11530213057994843,-0.4529576897621155,-0.04790683835744858,-0.13023807108402252,0.018888654187321663,-0.1389264166355133,-0.05693478509783745,-0.012809631414711475,0.060268282890319824,-0.09193494915962219,-0.1757248193025589,-0.2798686921596527,0.15225745737552643,-0.09157626330852509,-1.1476047039031982,0.09275183826684952,-0.1510792225599289,0.13624002039432526,-0.2605864107608795,0.2507120966911316,-0.05205773562192917,1.0781394243240356,-0.17138801515102386,0.02932327426970005,0.20964762568473816,0.01036673691123724,-0.21324960887432098,0.3144077658653259,-0.24121110141277313,0.4251524806022644,-0.2868978679180145,-0.09470473974943161,0.11036568880081177,0.04467466473579407,0.14878657460212708,-0.07986830174922943,-0.14906266331672668,0.16004429757595062,0.062177956104278564,-0.12030959129333496,0.08975125849246979,0.21899287402629852,-0.050958000123500824,-0.11447874456644058,0.14055928587913513,-0.7409957647323608,-0.2947818636894226,0.28806883096694946,-0.061476610600948334,0.05237254500389099,0.6266238689422607,-0.1936483234167099,0.1853293925523758,0.2106606662273407,-0.29519838094711304,-0.01733281835913658,-0.06621760129928589,0.18657487630844116,0.1692849099636078,0.13733401894569397,-0.19605188071727753,-0.3744797110557556,0.6285170316696167,-0.11391596496105194,-0.18889620900154114,0.2830936312675476,0.033752214163541794,-0.5410670042037964,-0.7506672739982605,0.7094217538833618,-0.06055537611246109,0.021412789821624756,-0.3015519976615906,-0.6836561560630798,-0.03167599439620972,0.055581819266080856,-0.0696755051612854,-1.331588625907898,0.12999308109283447,-0.58078932762146,-0.16442283987998962,-0.01222248189151287,0.0901467353105545,0.9188557863235474,-0.6556450128555298,-0.2817859947681427,0.1254781186580658,-0.03648988530039787,-0.0011267170775681734,-0.7607597708702087,-0.19112278521060944,0.42423495650291443,0.11098702251911163,0.515310525894165,-0.14369215071201324,0.9669710993766785,0.03027896210551262,-0.08029389381408691,0.9354646801948547,-0.07264066487550735,-0.6148017048835754,-0.3787383437156677,-0.3057335615158081,-0.30327436327934265,-0.3461906909942627,-0.21051955223083496,1.0082534551620483,-0.14365939795970917,-0.527898907661438,0.07215017080307007,0.2579737603664398,-0.0046626729890704155,0.008394393138587475,0.6234897375106812,0.30405932664871216,0.706795334815979,-0.02184854820370674,0.013362029567360878,0.502873420715332,-0.6195864677429199,-0.2520158886909485,-0.21110741794109344,-0.06742996722459793,-0.14412830770015717,-0.005397474858909845,0.008679094724357128,-0.18541359901428223,0.025932420045137405,-0.44860416650772095,0.8284088969230652,0.18903610110282898,0.010492397472262383,-0.21517905592918396,-0.04811074584722519,0.04245871305465698,0.6482808589935303,0.1714290976524353,-0.06449761986732483,-0.08092973381280899,-0.17016908526420593,0.28302833437919617,-0.05814695358276367,-0.6001645922660828,0.08549173176288605,-0.046019479632377625,-0.16352073848247528,0.4229125380516052,0.39790433645248413,-0.053691595792770386,-0.617644727230072,0.2848323583602905,-0.1939748376607895,-0.009734136052429676,-0.08295151591300964,0.128325954079628,0.9957773089408875,-0.381471186876297,-0.5732548832893372,-0.33819320797920227,-0.2097688615322113,-0.4796577990055084,-0.2813809812068939,0.2061820775270462,-0.03270513564348221,0.3249152898788452,0.2673981785774231,0.046970635652542114,0.028882991522550583,0.055156998336315155,-0.05359962582588196,0.03655507415533066
CID000002269,266,0.18943549692630768,0.14824342727661133,-0.6316285729408264,0.2161901891231537,-0.002762532327324152,-0.08057061582803726,-0.005602292716503143,-0.5741654634475708,-0.10095617920160294,-0.09304996579885483,0.29977330565452576,0.1011977419257164,-0.24819746613502502,-0.2573219835758209,-0.3080878257751465,0.25810325145721436,0.28176671266555786,0.004663348197937012,-0.22477182745933533,-0.28207138180732727,-0.21914443373680115,-0.05997397378087044,0.4230005145072937,0.07033485174179077,-0.9041040539741516,-0.8936842679977417,-0.7313777208328247,-0.07475104182958603,-0.25563907623291016,0.10627654939889908,1.4421038627624512,0.04946918040513992,-0.05113595724105835,0.08739261329174042,-0.0951596200466156,0.03597644716501236,0.6335598826408386,-0.1209372729063034,-0.02914125844836235,-0.22283223271369934,-0.04648681730031967,0.32480287551879883,-0.22337612509727478,-0.10303523391485214,-0.032758165150880814,-0.02100268378853798,0.5373972058296204,-0.14879746735095978,-0.209598571062088,-0.04297763854265213,-0.8016454577445984,0.18095865845680237,0.43812647461891174,-0.04315851628780365,-0.0020539581310003996,-0.42507416009902954,-0.31833094358444214,0.36821669340133667,-0.37204769253730774,-0.09663204848766327,0.03254995495080948,-0.34937018156051636,-0.026058947667479515,0.8143121600151062,-0.2925986349582672,0.6185839176177979,-0.015462443232536316,0.2536340355873108,-0.09789150953292847,0.1570122241973877,-0.8479875326156616,-0.13612642884254456,-0.6782370805740356,0.4244309365749359,0.2336006611585617,0.7915536165237427,0.508440375328064,0.19063429534435272,0.9200488924980164,0.1870233714580536,0.01607302390038967,-0.007862480357289314,0.23307891190052032,0.2158319503068924,-0.03259578347206116,0.15233349800109863,-0.05846386030316353,-0.390864759683609,0.19812624156475067,-0.0035053133033216,-0.18676933646202087,0.08945263922214508,-0.33587223291397095,0.09510920196771622,-0.3290037512779236,0.1138373389840126,-0.10519780963659286,0.23041030764579773,0.10480578988790512,-1.0229566097259521,-0.15656939148902893,0.10261638462543488,0.08478105068206787,-0.2044592797756195,-0.194881871342659,-0.1966337412595749,1.2151801586151123,0.014369678683578968,0.1450783908367157,0.26376229524612427,0.1182887926697731,-0.05120238661766052,0.050009410828351974,-0.734519362449646,0.03863266855478287,-0.6350739002227783,-0.36606666445732117,0.040088217705488205,0.13237082958221436,0.45509305596351624,-0.1375778168439865,-0.0956403911113739,0.4955947995185852,-0.03803056478500366,0.04584662243723869,-0.013800093904137611,-0.0747164934873581,-0.15752887725830078,-0.18194523453712463,-0.09430983662605286,-0.6970802545547485,-0.31254562735557556,0.06419707834720612,0.07982873916625977,-0.06633328646421432,0.7325339913368225,-0.19550839066505432,-0.10857243835926056,0.3814849555492401,0.07781409472227097,0.11308731883764267,-0.04980361461639404,-0.08488677442073822,0.0894961878657341,0.1766752451658249,-0.006702001206576824,-0.1729428470134735,0.31399136781692505,0.200927734375,-0.06317342817783356,0.6913071870803833,-0.17417941987514496,-0.8131122589111328,-0.5432518720626831,0.27609777450561523,0.0531567707657814,0.25249233841896057,-0.07907544076442719,-0.14707621932029724,-0.044210512191057205,0.2097194939851761,0.06104431301355362,-0.9246110916137695,0.37515348196029663,-0.4253084659576416,0.01717231050133705,-0.22161337733268738,0.2301214039325714,0.7479926347732544,-0.38384634256362915,-0.36503174901008606,-0.016876086592674255,0.031125333160161972,0.00510373106226325,-0.5439109802246094,-0.09617172181606293,0.81446772813797,-0.050331395119428635,0.6070243716239929,0.5925766825675964,0.47332945466041565,-0.13651776313781738,0.01981149986386299,0.4269441068172455,-0.20337411761283875,-1.1340242624282837,-0.3836267292499542,0.08392727375030518,-0.3746681809425354,-0.20454838871955872,-0.47435522079467773,0.650528609752655,0.13868348300457,-0.38357940316200256,-0.07598831504583359,0.22833199799060822,-0.07660827040672302,-0.09928014129400253,0.46160373091697693,-0.150386780500412,0.19626685976982117,0.27660053968429565,0.09060977399349213,-0.16871777176856995,-0.6443479657173157,0.15125282108783722,-0.24249672889709473,0.22880320250988007,0.10106950998306274,-0.0889449268579483,0.03845701366662979,0.06948844343423843,-0.05458984524011612,-0.22945158183574677,1.2763080596923828,0.3982427716255188,0.022682467475533485,0.17360226809978485,-0.006610371172428131,0.14895427227020264,0.10290137678384781,0.2539851665496826,-0.19378140568733215,-0.31142327189445496,0.14653614163398743,0.46987390518188477,-0.04317545145750046,-0.6269866228103638,-0.12584243714809418,-0.02624993957579136,0.22064092755317688,0.07624112069606781,-0.045065753161907196,-0.4055556356906891,-0.3265121877193451,0.11889934539794922,-0.02334326133131981,-0.1596646010875702,-0.29193800687789917,-0.08617732673883438,1.5701227188110352,-0.49779874086380005,-0.12033329159021378,-0.712273895740509,-0.2105446755886078,-0.3914077877998352,-0.23253373801708221,0.1255832314491272,-0.22086235880851746,0.08766521513462067,0.4578584134578705,0.08063448965549469,-0.10414741188287735,0.011431843042373657,-0.07963145524263382,0.15310883522033691
CID000002308,267,0.014262723736464977,-0.03951838240027428,-0.2604126036167145,0.40074342489242554,0.01264809351414442,-0.49386948347091675,0.23128506541252136,0.03081391379237175,0.13759516179561615,-0.39328283071517944,0.015168820507824421,-0.06796030700206757,-0.056643832474946976,-0.0039997948333621025,0.19329890608787537,0.1566752940416336,-0.05163142830133438,-0.15817229449748993,-0.2592655122280121,0.16643473505973816,0.12003521621227264,0.11207189410924911,0.4238501489162445,-0.019162775948643684,-0.3498537242412567,-0.38023459911346436,-0.25450456142425537,-0.09711804240942001,0.22661523520946503,0.21914012730121613,0.3535057008266449,0.2688511908054352,-0.1169666200876236,-0.035894908010959625,0.022694207727909088,-0.006436534225940704,-0.022443879395723343,-0.1637789011001587,0.016839783638715744,-0.03837933391332626,-0.07067293673753738,0.06674785912036896,-0.23103845119476318,-0.4208562970161438,0.12864825129508972,-0.0021695122122764587,0.27253061532974243,-0.07937603443861008,-0.7691934108734131,-0.07118310034275055,-0.7854942083358765,-0.06464900076389313,0.6998682022094727,-0.2722727060317993,0.07934760302305222,-0.4057040214538574,-0.30513080954551697,0.5191114544868469,0.2110331952571869,-0.2028033435344696,0.10844208300113678,-0.11469727754592896,0.24527235329151154,0.3493250012397766,0.0035085142590105534,0.7805749177932739,0.08965546637773514,-0.044623445719480515,0.16208408772945404,0.10269453376531601,-0.5087271928787231,0.05970294028520584,-0.39316821098327637,0.4277355670928955,-0.009136587381362915,0.3279210925102234,0.17726179957389832,0.01492405403405428,0.2632083296775818,0.05726439878344536,-0.10473138093948364,0.020159829407930374,-0.12897075712680817,-0.12520822882652283,0.049988411366939545,0.08757966756820679,0.012228635139763355,0.21148629486560822,-0.11514787375926971,0.06367921829223633,-0.07537204772233963,0.21086116135120392,-0.3387775123119354,0.12766417860984802,0.02532411552965641,0.27952611446380615,-0.06253902614116669,0.04164286330342293,-0.03439287841320038,-0.31991374492645264,-0.07519595324993134,0.06949464976787567,-0.14174893498420715,-0.044283557683229446,0.028929835185408592,-0.34568241238594055,0.35583576560020447,0.2867162227630615,-0.18284408748149872,0.01945437863469124,0.13056392967700958,-0.2510938048362732,0.27276933193206787,-0.9768732190132141,0.011508914642035961,-0.22548337280750275,0.04760197922587395,-0.0006196916219778359,-0.04564465209841728,-0.12097620964050293,0.01255093701183796,-0.22439074516296387,0.2700435519218445,0.28186845779418945,-0.10257120430469513,0.331328809261322,-0.2885327935218811,0.06715258210897446,0.02507000043988228,0.01879456825554371,-0.2974293828010559,-0.334654301404953,0.26265984773635864,0.0011484477436169982,-0.06008727476000786,0.5433061718940735,-0.0752195194363594,0.24124260246753693,0.08869874477386475,0.07268644869327545,0.11649204790592194,0.012051960453391075,0.3333229124546051,0.1281159371137619,0.300929456949234,0.05864288657903671,-0.15751054883003235,0.018366284668445587,-0.17383936047554016,-0.024019110947847366,0.8879711031913757,-0.10884710401296616,-0.27578240633010864,-0.15671047568321228,0.2833579480648041,-0.0055674659088253975,-0.17627385258674622,-0.24762003123760223,-0.18396958708763123,-0.20538091659545898,0.06521584838628769,-0.17709843814373016,-0.63194739818573,0.06511066854000092,-0.4390321671962738,-0.21741032600402832,-0.09634339809417725,0.09972814470529556,0.5292956233024597,-0.5448766946792603,-0.5899125337600708,0.23473915457725525,0.02438134327530861,0.10834375768899918,-0.1606227159500122,-0.05174434930086136,-0.17715446650981903,-0.04093398526310921,0.5048728585243225,0.29724642634391785,0.19797676801681519,0.1974523961544037,-0.12722347676753998,-0.06273766607046127,-0.30889803171157837,0.012429928407073021,0.13725753128528595,-0.35582199692726135,0.13495562970638275,-0.03765001893043518,0.1473657190799713,0.43426722288131714,-0.018973922356963158,-0.28892868757247925,-0.011655375361442566,-0.08110662549734116,-0.01144060306251049,-0.00010954141907859594,-0.00026787520619109273,-0.004127304069697857,0.017557978630065918,0.30087950825691223,0.08276218175888062,-0.0727110356092453,-0.5503466129302979,-0.42541512846946716,-0.5107923150062561,0.09484629333019257,-0.024008125066757202,-0.1697748601436615,-0.030369216576218605,-0.040996041148900986,-0.006220011506229639,0.005506913177669048,0.6378310918807983,-0.10554631054401398,0.003247670130804181,0.06657221168279648,-0.014833802357316017,-0.015924543142318726,0.19421501457691193,0.04764162749052048,-0.06459920108318329,-0.35131582617759705,-0.06740887463092804,0.12063980102539062,-0.036925576627254486,-0.3462795615196228,0.05021800845861435,0.02097046934068203,0.22271665930747986,0.0061997100710868835,0.0344548337161541,-0.22292950749397278,-0.26377442479133606,-0.0813000351190567,-0.06423530727624893,-0.02548745833337307,0.07397548109292984,0.24640417098999023,0.15884429216384888,-0.3923642039299011,0.08080272376537323,-0.2981160879135132,-0.042798079550266266,-0.19534707069396973,0.06480558216571808,-0.34073781967163086,0.010611246339976788,0.4242839813232422,0.2142987698316574,0.3570319712162018,0.05554642528295517,-0.3781578540802002,-0.13731196522712708,0.09723316878080368
CID000004603,268,0.04421151056885719,-0.2260456532239914,-0.5011986494064331,0.16536426544189453,0.330453097820282,-0.16910971701145172,-0.07533593475818634,-0.40568190813064575,-0.15871533751487732,0.04279247671365738,0.2563835382461548,0.0807720273733139,-0.08321341127157211,0.11559374630451202,0.016556639224290848,0.15840645134449005,0.19959861040115356,0.11685912311077118,-0.16918185353279114,0.23149816691875458,-0.09324079751968384,0.07516883313655853,0.41283684968948364,0.07282880693674088,-0.25590530037879944,-0.7157792448997498,-0.5427890419960022,0.11892225593328476,0.010289210826158524,0.05380891636013985,0.5440014004707336,0.10486114025115967,-0.0934232622385025,0.5082464218139648,-0.18210184574127197,0.10025771707296371,0.8726582527160645,-0.14981001615524292,0.032211318612098694,0.08388164639472961,0.08167170733213425,0.2900429368019104,-0.3643932342529297,-0.04851264879107475,-0.029488619416952133,0.010254276916384697,0.5239967107772827,-0.23500244319438934,-0.5344579219818115,-0.0395282581448555,-0.5248070359230042,0.15704357624053955,0.41064542531967163,-0.21472597122192383,0.26988598704338074,-0.24954254925251007,-0.2698390781879425,0.4498436450958252,0.08666692674160004,-0.14159736037254333,0.013826176524162292,-0.16855666041374207,0.1398371011018753,0.5919633507728577,0.08571074157953262,0.22286131978034973,-0.22014960646629333,-0.15882834792137146,0.0008755147573538125,0.044267941266298294,-0.5093636512756348,0.14836254715919495,-0.5748351812362671,0.6354609131813049,0.06533829867839813,0.2238965779542923,0.4167410433292389,0.24256260693073273,0.42598485946655273,0.02642366662621498,-0.009595056995749474,-0.22724290192127228,0.12316541373729706,-0.0834626629948616,0.07840083539485931,0.29660314321517944,-0.10506752878427505,-0.07356487214565277,-0.02714991569519043,0.10971151292324066,-0.24417643249034882,-0.1017688736319542,-0.1290602833032608,0.09758017212152481,0.11472232639789581,-0.04669162258505821,0.009437126107513905,0.12350652366876602,-0.04556695744395256,-0.5991747379302979,-0.023584898561239243,-0.15834347903728485,0.20588287711143494,-0.03706073388457298,0.2809237539768219,-0.06349223107099533,0.8012345433235168,-0.05638710409402847,0.22149381041526794,-0.10434253513813019,0.018885260447859764,0.11023060232400894,0.1432318538427353,-0.22535458207130432,0.20650756359100342,-0.39974647760391235,-0.3816099166870117,0.027525002136826515,-0.02349761687219143,0.06124382093548775,-0.20452561974525452,-0.3366718888282776,0.11414115130901337,0.07829121500253677,-0.04061930999159813,0.09454689919948578,0.18318049609661102,0.016482435166835785,-0.23622819781303406,0.23963841795921326,-0.5840505361557007,-0.3272952139377594,0.2979610860347748,0.1896153688430786,0.02451920509338379,0.7329784631729126,0.20896108448505402,-0.09701845794916153,0.24433939158916473,-0.07066429406404495,-0.09561318904161453,-0.15816080570220947,0.05844555050134659,0.1179131492972374,0.17143024504184723,-0.04513244330883026,-0.2045060396194458,-0.1132965087890625,-0.08536884933710098,0.013909541070461273,0.2284749448299408,-0.04714689031243324,-0.5116011500358582,-0.5357445478439331,0.3462289273738861,-0.1831265687942505,0.23694387078285217,0.04795870929956436,-0.3894745409488678,-0.10593871027231216,-0.07005170732736588,0.1308458149433136,-0.7234521508216858,0.008736670017242432,-0.3191900849342346,0.06391291320323944,0.03605867177248001,-0.09305524826049805,0.7039275169372559,-0.5282834768295288,-0.23247173428535461,-0.1111375242471695,-0.03099292889237404,-0.11837558448314667,-0.5284695625305176,-0.31916913390159607,0.29393869638442993,0.06588254868984222,0.48991259932518005,-0.03252048045396805,0.5974993109703064,-0.1406172811985016,-0.18881425261497498,0.3629184663295746,-0.09817024320363998,-0.47428685426712036,0.042121537029743195,-0.20799128711223602,-0.2089163362979889,-0.019548827782273293,-0.21792693436145782,0.9319497346878052,0.02789079025387764,-0.423288494348526,0.14752966165542603,-0.08265406638383865,0.030184149742126465,0.2436923086643219,0.47906509041786194,-0.11035358905792236,0.2510966658592224,0.5248517990112305,-0.06427252292633057,0.23624590039253235,-0.4586898386478424,-0.3633130192756653,-0.18755373358726501,-0.015731021761894226,-0.1480293571949005,-0.09779980778694153,-0.02469383366405964,-0.013170553371310234,-0.12745605409145355,-0.23906096816062927,0.7095481753349304,-0.0512523353099823,0.04986307770013809,-0.21851377189159393,0.03566252440214157,0.11431878805160522,0.27755141258239746,0.05512714385986328,0.13490048050880432,-0.09559612721204758,0.1972000151872635,-0.0034335546661168337,0.007473671343177557,-0.5706416368484497,-0.25965404510498047,-0.01538161188364029,-0.216866135597229,0.13140329718589783,0.16576460003852844,-0.16900315880775452,-0.481303870677948,0.06705620139837265,0.14515817165374756,-0.18990519642829895,-0.06890321522951126,-0.06333142518997192,0.633874237537384,-0.33698734641075134,0.051063716411590576,-0.29064223170280457,-0.06558127701282501,-0.18315336108207703,0.11648730933666229,0.013675177469849586,-0.05859098583459854,0.22925150394439697,0.16682767868041992,0.03969063609838486,0.281566321849823,-0.17920391261577606,0.1960718035697937,0.14037898182868958
CID000000598,269,0.014178636483848095,-0.20442187786102295,-0.6706364750862122,0.1470145434141159,0.32268470525741577,-0.11495603621006012,-0.0755808874964714,-0.41441282629966736,0.16042660176753998,-0.35783642530441284,0.49607524275779724,0.08012077957391739,-0.0258987657725811,-0.16014115512371063,0.17734244465827942,0.23277266323566437,0.7501029968261719,0.014833783730864525,-0.11160045862197876,0.19312816858291626,0.007072758860886097,-0.13948270678520203,0.4151226580142975,-0.07257958501577377,-0.8704123497009277,-0.44795742630958557,-0.6622717380523682,-0.015052738599479198,0.17134375870227814,-0.09733165055513382,0.7840811610221863,-0.09287281334400177,-0.08129933476448059,0.04055669158697128,-0.410663366317749,0.23969285190105438,0.7198265790939331,-0.2316884547472,-0.02190670743584633,0.06367470324039459,-0.42193323373794556,0.6939023733139038,-0.2884148359298706,0.09517969191074371,-0.06953784078359604,-0.15997788310050964,0.7545405626296997,-0.31663280725479126,-0.6841930747032166,0.012970738112926483,-0.8115173578262329,0.4115201532840729,0.40973013639450073,0.05925220251083374,-0.09479232132434845,-0.4079321324825287,-0.0870339572429657,1.1391425132751465,0.3166711926460266,-0.12717539072036743,0.029400283470749855,-0.19201676547527313,0.2020864486694336,0.5153194665908813,0.41885462403297424,0.3592554032802582,0.018489938229322433,0.013917381875216961,0.04069504141807556,0.1878417730331421,-0.7329776883125305,0.22892601788043976,-0.5162967443466187,0.3422655463218689,-0.11690962314605713,0.15789535641670227,0.5695487260818481,0.07293728739023209,0.8456390500068665,-0.047028668224811554,0.07334008812904358,-0.022274648770689964,-0.005135727114975452,-0.027773762121796608,0.08166442811489105,0.3078680634498596,-0.19225627183914185,-0.11614726483821869,0.0879702940583229,-0.15211275219917297,0.034706830978393555,-0.024057451635599136,0.10709395259618759,-0.12437991052865982,-0.11577204614877701,0.0009704142576083541,-0.21330249309539795,0.4706884026527405,0.0553211085498333,-1.047527551651001,-0.024462392553687096,-0.05743694305419922,0.12459568679332733,-0.22329740226268768,0.2659755349159241,-0.3366926908493042,0.6972326040267944,-0.04278817027807236,-0.03459440544247627,-0.15288157761096954,-0.1073983684182167,-0.4009536802768707,0.531444787979126,-0.592692494392395,-0.011820392683148384,-0.18255311250686646,-0.35205960273742676,0.13926810026168823,-0.01576997898519039,0.4860921800136566,-0.20021244883537292,-0.29517802596092224,0.33908337354660034,-0.05187332630157471,-0.1673259139060974,0.12425895035266876,0.12198977172374725,-0.08685316145420074,-0.21082213521003723,0.25214332342147827,-0.6032843589782715,-0.15413494408130646,0.38148874044418335,0.015072735957801342,0.03904203325510025,0.8830965161323547,-0.10276391357183456,0.22535066306591034,0.23006661236286163,-0.16994372010231018,-0.13675493001937866,-0.1857479065656662,0.07821782678365707,0.5232897996902466,-0.0669688731431961,-0.18926165997982025,-0.17807333171367645,-0.03034186363220215,-0.02206430956721306,-0.14114005863666534,0.45179787278175354,-0.10261056572198868,-0.5992029905319214,-0.920629620552063,0.49915117025375366,-0.15097865462303162,-0.11511208862066269,-0.16945044696331024,-0.4637690484523773,0.1651129424571991,0.2161070853471756,-0.12141706794500351,-0.828179657459259,0.2261790931224823,-0.491284042596817,-0.15153953433036804,-0.08091691881418228,0.13403914868831635,0.6676569581031799,-0.290589302778244,-0.20457378029823303,0.10166016966104507,-0.08606664091348648,0.03049282729625702,-0.6633342504501343,-0.10652495920658112,0.4246528148651123,0.21363790333271027,0.42725783586502075,0.11208862066268921,0.2003498077392578,-0.06526488065719604,-0.025807788595557213,0.5439517498016357,0.012876419350504875,-0.046889372169971466,0.019364526495337486,-0.15156623721122742,-0.25096315145492554,-0.12491770833730698,-0.18137244880199432,1.2266103029251099,-0.2737000584602356,-0.2809138596057892,-0.10291747003793716,-0.07929177582263947,-0.006322282366454601,-0.10209977626800537,0.7555529475212097,-0.1523282825946808,0.5935865640640259,0.1784181147813797,-0.09705384075641632,0.41857442259788513,-0.4136689603328705,-0.007277566008269787,-0.26299506425857544,-0.0363406278192997,-0.12559595704078674,-0.1843527853488922,0.10694519430398941,-0.109280526638031,-0.005482824053615332,-0.3554575741291046,0.8700723648071289,0.11044099181890488,-0.08872158825397491,0.13167040050029755,-0.050325118005275726,0.15518763661384583,0.46227726340293884,0.14834411442279816,0.002821478294208646,-0.23741309344768524,-0.2035524845123291,0.3968404233455658,0.11003585159778595,-0.7666935920715332,0.01318823080509901,0.14708057045936584,0.014356805011630058,0.3272048830986023,0.2760840654373169,-0.21979443728923798,-0.44612622261047363,0.21296055614948273,-0.0205240361392498,-0.020048748701810837,0.19106869399547577,0.24549135565757751,1.0474202632904053,-0.3162866234779358,-0.04754161462187767,-0.30605146288871765,-0.016774874180555344,-0.145236074924469,0.0028402984607964754,0.25961950421333313,-0.1953369677066803,0.5215446949005127,0.456918865442276,-0.05474913865327835,0.032886892557144165,-0.12296263873577118,-0.1758246123790741,-0.09073521941900253
CID000060877,270,0.07172174751758575,-0.01892600581049919,-0.48348546028137207,0.2732318937778473,0.21534912288188934,-0.024740809574723244,-0.10202626138925552,-0.2634475827217102,-0.16441059112548828,0.031912900507450104,0.11402150243520737,0.10415048897266388,-0.012111121788620949,-0.037629060447216034,0.03824753314256668,0.2565861642360687,0.1170855164527893,0.24607153236865997,-0.288276731967926,0.32163602113723755,-0.1370128095149994,0.004319862928241491,0.6565629839897156,0.0987328290939331,-0.6851410865783691,-0.5099643468856812,-0.19635213911533356,0.18740150332450867,-0.05780516937375069,0.08083932846784592,0.26624661684036255,0.07375375926494598,-0.03626812994480133,0.34148740768432617,-0.046468619257211685,0.08028610050678253,0.7358201146125793,-0.1569662243127823,0.0900978147983551,0.06557787209749222,0.09974322468042374,0.30691105127334595,-0.48409590125083923,0.02331414446234703,0.03152494877576828,0.08675333112478256,0.4535750448703766,-0.11014702171087265,-0.5213358998298645,-0.12417809665203094,-0.5489262938499451,0.013548171147704124,0.4554648995399475,-0.31020602583885193,0.3158281743526459,-0.11122055351734161,-0.17485398054122925,0.6903131008148193,0.06112825125455856,-0.2004304826259613,0.11123309284448624,-0.1870799958705902,0.11706702411174774,0.4823512136936188,0.08650548756122589,0.25391316413879395,-0.16183112561702728,-0.06581712514162064,0.015014462172985077,-0.021541854366660118,-0.43227046728134155,0.11325781047344208,-0.34399473667144775,0.5295742750167847,0.17538943886756897,0.1813218593597412,0.27558183670043945,0.2538908123970032,0.4422203600406647,-0.0010233297944068909,0.061689168214797974,-0.23212775588035583,0.22090038657188416,0.07286398112773895,0.10346108675003052,0.19669701159000397,-0.30511152744293213,-0.09298274666070938,-0.0033452436327934265,0.04621478170156479,-0.08622560650110245,-0.07113560289144516,-0.14266781508922577,0.19559040665626526,0.127903550863266,0.19919493794441223,-0.13402311503887177,0.1860419064760208,-0.12568213045597076,-0.7083731889724731,-0.03638672083616257,-0.11180825531482697,0.1336667835712433,0.04398469254374504,0.2949763834476471,-0.0032869845163077116,0.5168184041976929,0.16112396121025085,0.19332394003868103,-0.14636754989624023,0.022644035518169403,0.0632089376449585,0.11450368165969849,-0.26173466444015503,0.10392656177282333,-0.40334567427635193,-0.13885276019573212,-0.06446440517902374,-0.09428378194570541,-0.10930277407169342,-0.24816171824932098,-0.42372965812683105,-0.050512056797742844,0.11535980552434921,-0.10409583896398544,0.0009352415800094604,0.10578684508800507,0.12874168157577515,-0.2318640649318695,0.07798076421022415,-0.5697298049926758,-0.3020567297935486,0.26814356446266174,0.10134927183389664,0.003006362821906805,0.7608177661895752,-0.022653236985206604,-0.06467131525278091,0.03700583055615425,-0.015165060758590698,0.015755224972963333,-0.13173922896385193,0.2087389975786209,0.17525522410869598,0.10106717050075531,-0.09713684022426605,-0.40072011947631836,-0.12543052434921265,-0.11658958345651627,-0.14964152872562408,0.2969750165939331,-0.06636063754558563,-0.32434457540512085,-0.49776744842529297,0.5807627439498901,0.06426966190338135,0.06518537551164627,-0.0949840173125267,-0.37063685059547424,-0.02652488276362419,-0.023991232737898827,0.048296719789505005,-0.745505690574646,0.05647788196802139,-0.41625887155532837,-0.12364796549081802,-0.12057961523532867,-0.16719713807106018,0.7501877546310425,-0.5352147817611694,-0.1321522444486618,-0.07673491537570953,-0.11116272211074829,-0.16161435842514038,-0.27417439222335815,-0.07887905836105347,0.10191277414560318,0.048864949494600296,0.5271523594856262,-0.014442038722336292,0.6822221279144287,-0.0018670440185815096,-0.24816536903381348,0.49252408742904663,-0.19768664240837097,-0.30272775888442993,-0.1278717815876007,-0.379690557718277,-0.037533849477767944,-0.20054388046264648,-0.06443752348423004,0.7193803787231445,0.027512675151228905,-0.5024980306625366,0.13032254576683044,0.044150203466415405,-0.0458969920873642,0.17292538285255432,0.593321681022644,-0.10132928192615509,0.24589674174785614,0.3633987307548523,0.02002902887761593,0.28795573115348816,-0.5150731205940247,-0.3634139895439148,-0.3386922776699066,-0.008998185396194458,-0.20891621708869934,0.010738017037510872,0.0026128501631319523,0.1533525288105011,-0.013157295994460583,-0.18428905308246613,0.48678359389305115,-0.009018272161483765,0.0067820302210748196,-0.08750834316015244,-0.10418359190225601,0.1293042153120041,0.30583345890045166,0.04258496314287186,0.3058561086654663,-0.3731626570224762,0.05785844475030899,0.16888630390167236,-0.11891263723373413,-0.522579550743103,-0.16748635470867157,-0.10082248598337173,-0.10785283893346786,0.03189697861671448,0.21080359816551208,-0.07101394981145859,-0.43991613388061523,0.05349711701273918,0.17564204335212708,-0.00984983704984188,0.12090287357568741,-0.18434707820415497,0.5691044926643372,-0.3373384177684784,-0.05817515775561333,-0.23391814529895782,-0.1992693394422531,-0.3774593770503998,0.023348618298768997,-0.039416782557964325,-0.13279469311237335,0.3841676115989685,0.21093547344207764,0.08518809825181961,0.24126844108104706,0.09733445942401886,0.1605571061372757,-0.026011209934949875
CID000000581,271,0.047725338488817215,-0.0965016707777977,-0.5141721963882446,0.19646143913269043,0.21081367135047913,-0.11426742374897003,-0.011096438392996788,-0.4420085847377777,-0.12178491055965424,0.05451158806681633,0.3058508336544037,0.07318063080310822,-0.06370717287063599,-0.1457728147506714,0.134327694773674,0.043291740119457245,0.34428471326828003,-0.20995505154132843,-0.06188642978668213,-0.009328329935669899,-0.025492500513792038,0.08908790349960327,0.2785797715187073,-0.044668786227703094,-0.47563451528549194,-0.5218143463134766,-0.29518020153045654,-0.23571021854877472,0.03670094162225723,-0.10589326918125153,0.4477527141571045,-0.27756065130233765,-0.1183207631111145,0.1465383768081665,0.03838775306940079,0.2358756810426712,0.5692213177680969,0.0699603259563446,0.09242518991231918,0.17937150597572327,0.14508123695850372,0.48884811997413635,-0.3157050907611847,-0.006834198720753193,-0.19994835555553436,-0.03430928289890289,0.5142304301261902,-0.012270258739590645,-0.33820438385009766,-0.0040596649050712585,-0.4953586161136627,0.5453978776931763,0.485964298248291,-0.20384438335895538,0.10840687900781631,-0.3445083796977997,-0.19756940007209778,0.7824175953865051,0.11837667226791382,-0.09756600856781006,0.014152477495372295,-0.10193238407373428,0.17304855585098267,0.7281609177589417,0.28335028886795044,0.5340241193771362,-0.17280909419059753,-0.1206037625670433,0.09272070229053497,-0.1314590573310852,-0.7152787446975708,0.18403185904026031,-0.34175223112106323,0.41329866647720337,-0.0776151716709137,0.5054265260696411,0.6958169937133789,0.03971102833747864,0.2530638873577118,0.03285829722881317,0.04236164316534996,-0.14946070313453674,-0.1984862983226776,0.04079459607601166,0.25880786776542664,0.3994346559047699,0.05292703956365585,0.07296841591596603,0.05726330354809761,0.19815495610237122,0.046862173825502396,-0.014477419666945934,-0.08080456405878067,-0.07822796702384949,-0.029286175966262817,0.009681749157607555,0.08929004520177841,0.1754816174507141,-0.1258225440979004,-0.638093113899231,-0.12218532711267471,-0.14407451450824738,-0.02768641710281372,-0.04102673381567001,0.06629195064306259,-0.2693246304988861,0.6621307134628296,0.035396508872509,0.11187140643596649,-0.10171904414892197,0.10851281881332397,-0.1940600872039795,0.4544483721256256,-0.6829454302787781,0.10992255061864853,-0.1882038712501526,-0.17944291234016418,-0.19176876544952393,-0.09822063148021698,0.14767634868621826,-0.29704827070236206,-0.18020395934581757,0.20057973265647888,-0.10215292125940323,-0.0641053169965744,0.33941176533699036,0.13150261342525482,0.08810587227344513,0.06709648668766022,0.06135348230600357,-0.5638343095779419,-0.3111468553543091,0.1785125434398651,0.17485477030277252,0.14301785826683044,0.5969344973564148,0.014916974119842052,-0.24776563048362732,0.29110875725746155,-0.05277053266763687,0.05063707381486893,-0.1345021277666092,0.1406773030757904,-0.19579824805259705,0.12165156751871109,0.15674054622650146,-0.044846657663583755,0.1730053424835205,-0.07600165158510208,0.047711409628391266,0.6641144156455994,-0.10691192001104355,-0.4550536572933197,-0.623026430606842,0.4660778045654297,-0.34613585472106934,-0.0170297734439373,0.09021259844303131,-0.7037076354026794,0.09077306091785431,0.043280892074108124,0.007625658996403217,-0.9227240681648254,0.12393943220376968,-0.43393248319625854,0.06892848759889603,-0.13448843359947205,0.14020344614982605,0.6978439092636108,-0.5060597658157349,-0.30975207686424255,0.04679865762591362,-0.019404586404561996,0.04415549710392952,-0.6734322309494019,-0.018081530928611755,0.4659188389778137,-0.07534348964691162,0.5682302713394165,-0.09844838827848434,0.35149386525154114,-0.10858313739299774,-0.12706536054611206,0.4316647946834564,-0.04338566213846207,-0.18440033495426178,0.03581889718770981,-0.2342562973499298,-0.17746536433696747,-0.0652185007929802,-0.20670001208782196,0.6892704367637634,-0.11573588848114014,-0.16161711513996124,0.09375958889722824,-0.19422192871570587,-0.12876053154468536,0.1049092635512352,0.304573118686676,-0.16062094271183014,0.27236101031303406,0.18462693691253662,-0.3222779929637909,-0.04712098091840744,-0.3435969352722168,-0.18292149901390076,-0.32650238275527954,-0.011910987086594105,-0.039232559502124786,0.05235131457448006,-0.1265585720539093,0.02885330282151699,-0.09488844126462936,-0.34442442655563354,0.9710327982902527,0.12296207994222641,0.10092014074325562,-0.18677246570587158,-0.047813545912504196,-0.11230336129665375,0.23224763572216034,-0.14326894283294678,0.03259934484958649,-0.009136727079749107,-0.10818580538034439,0.01685064285993576,0.0744209811091423,-0.6353046894073486,-0.16515879333019257,0.07241439074277878,-0.12164528667926788,0.12935321033000946,0.10441404581069946,-0.2593786120414734,-0.5996640920639038,-0.11333227157592773,-0.012712079100310802,-0.23277492821216583,-0.06333979964256287,0.07986517250537872,0.8692978024482727,-0.3277326226234436,-0.11178578436374664,-0.38056424260139465,-0.06031022220849991,-0.5802704691886902,0.024613941088318825,0.019112976267933846,-0.2662729322910309,0.11753107607364655,0.3175784945487976,-0.14880533516407013,0.1733980029821396,-0.3499966859817505,-0.0903305932879448,-0.07612989842891693
CID000087177,272,0.010420975275337696,0.0918622612953186,-0.4837779104709625,0.3095174729824066,-0.11455556005239487,-0.27081504464149475,-0.13433541357517242,-0.3897128105163574,-0.06082967668771744,-0.0716707855463028,0.12224116176366806,0.25367262959480286,-0.10890032351016998,-0.14978060126304626,0.016020309180021286,-0.06965800374746323,0.448469877243042,-0.05344916135072708,-0.1787201315164566,-0.0614694282412529,-0.14563317596912384,0.03891636058688164,0.33531302213668823,-0.00431910902261734,-0.9217551946640015,-0.6949489712715149,-0.2956448197364807,-0.18438896536827087,-0.06313972175121307,-0.05721135064959526,1.2935547828674316,-0.08888452500104904,-0.013972912915050983,0.22771255671977997,-0.18888695538043976,0.08731923997402191,1.1795001029968262,-0.24831843376159668,-0.2621777653694153,-0.28903287649154663,-0.20393744111061096,0.8400232195854187,-0.3524807393550873,-0.1134766936302185,0.03327944502234459,-0.10478277504444122,0.620109498500824,-0.08077399432659149,-0.21637549996376038,0.0589965283870697,-0.5364221930503845,0.09713111817836761,0.280483603477478,0.0011848211288452148,0.3548997640609741,-0.5889996290206909,-0.23069556057453156,0.45926517248153687,-0.2175031453371048,-0.05556737631559372,-0.05677752569317818,0.16661374270915985,-0.029334014281630516,0.8879550695419312,-0.1493583470582962,0.45054879784584045,0.03436615318059921,0.1556115448474884,0.032161496579647064,0.10868797451257706,-0.6773225665092468,-0.058822352439165115,-0.6428207159042358,0.4004775881767273,-0.04812031239271164,0.6601852178573608,0.8637720346450806,0.2846439480781555,0.42990508675575256,0.14061547815799713,-0.08994562923908234,0.04850685968995094,-0.044864166527986526,-0.0006398415425792336,0.10702270269393921,0.05138702318072319,0.01865496300160885,-0.32547301054000854,-0.10183165222406387,0.074445940554142,-0.1729535460472107,0.06470302492380142,-0.14448823034763336,0.24576857686042786,-0.16620434820652008,0.10089603811502457,-0.1426478624343872,0.412788063287735,0.1581619828939438,-0.9073663949966431,-0.26860660314559937,0.10725109279155731,0.07672391086816788,-0.24974429607391357,0.05823979526758194,-0.34156274795532227,0.9791747331619263,-0.1843469738960266,0.3258388936519623,0.005326400510966778,-0.057526133954524994,-0.34668049216270447,-0.015242251567542553,-0.630127489566803,0.07668738067150116,-0.3722800612449646,-0.15834474563598633,-0.10384879261255264,0.11428169906139374,0.43138638138771057,-0.10321619361639023,0.01660202071070671,0.5190969705581665,0.18242183327674866,0.18183159828186035,0.11367340385913849,-0.042643968015909195,-0.203179270029068,-0.044748637825250626,0.009273204021155834,-0.6255586743354797,-0.5911808013916016,0.16171309351921082,-0.037613727152347565,0.056291211396455765,0.7496985197067261,-0.17829354107379913,-0.20645520091056824,0.23746708035469055,-0.06396672129631042,0.028441304340958595,-0.04631863906979561,-0.18777331709861755,-0.05841881036758423,0.13387539982795715,0.07810114324092865,-0.21827435493469238,0.0959615558385849,0.07621189206838608,-0.07003116607666016,0.5774502754211426,-0.05974099040031433,-0.46527910232543945,-0.6868094205856323,0.5489973425865173,-0.033259619027376175,0.06977678835391998,-0.0508652999997139,-0.13953594863414764,0.10245165973901749,0.1730015128850937,0.1971150040626526,-0.6664048433303833,0.20425324141979218,-0.2552354633808136,-0.11786718666553497,0.0883551687002182,0.298129677772522,0.7545862793922424,-0.3833268880844116,-0.2815152406692505,0.2359713613986969,-0.0717838853597641,0.1541147232055664,-0.5955924391746521,-0.05280128866434097,0.6145874261856079,-0.06316624581813812,0.5151092410087585,0.369750440120697,0.5590624213218689,-0.09410823881626129,-0.39477741718292236,0.31187692284584045,-0.13117937743663788,-0.670707106590271,-0.21668919920921326,0.02504068613052368,-0.3021920323371887,0.2477809637784958,-0.2389463484287262,0.47554874420166016,-0.018403634428977966,-0.31034040451049805,-0.11023882776498795,0.21957023441791534,-0.022162869572639465,0.014586040750145912,0.4775823652744293,-0.08587968349456787,0.2729035019874573,0.23003871738910675,-0.14508843421936035,-0.14034417271614075,-0.3204791843891144,0.15695664286613464,-0.370099812746048,0.22852201759815216,0.08803893625736237,-0.07062108814716339,-0.07557235658168793,-0.011755724437534809,-0.0302369836717844,-0.038563814014196396,1.099824070930481,0.15424026548862457,-0.14270885288715363,0.09722505509853363,0.10697535425424576,0.05340834707021713,0.041147638112306595,0.29136091470718384,0.043909747153520584,-0.36698371171951294,-0.06055183336138725,0.531417191028595,-0.01676674745976925,-0.5614640116691589,-0.07521108537912369,-0.20447075366973877,0.10381636768579483,0.18553394079208374,0.1138717532157898,-0.3232434093952179,-0.46607881784439087,-0.11789298057556152,0.1340799629688263,0.02679380215704441,-0.03557683154940605,0.3412160277366638,1.8297970294952393,-0.3905774652957916,-0.1612813025712967,-0.47942599654197693,-0.26214075088500977,-0.4303932189941406,-0.29122117161750793,0.367992103099823,-0.15082809329032898,0.035075075924396515,0.5142558813095093,0.27714893221855164,-0.0672726258635521,-0.0465526282787323,-0.04624765366315842,0.09096725285053253
CID000003158,275,-0.05178385227918625,-0.11146233975887299,-0.37394315004348755,0.1082906723022461,0.21260865032672882,-0.14844970405101776,0.029457872733473778,-0.25330492854118347,-0.25277572870254517,-0.02198774553835392,0.03227095678448677,0.0567355751991272,0.030366849154233932,-0.054756879806518555,-0.09771691262722015,0.11376795917749405,0.28602826595306396,0.020244276151061058,-0.3264712393283844,0.304126113653183,0.0667770504951477,-0.01331509929150343,0.5302609801292419,-0.018564853817224503,-0.2618257403373718,-0.5347961783409119,-0.0903577208518982,-0.0912262499332428,0.18425364792346954,0.11981438100337982,0.47907161712646484,0.004738089628517628,-0.06190204620361328,0.4150029718875885,-0.13773460686206818,0.1416536271572113,0.5525178909301758,-0.04952963441610336,-0.007405616343021393,0.009737360291182995,-0.221434086561203,0.5408200025558472,-0.25726091861724854,0.0800173282623291,-0.06585961580276489,0.12426086515188217,0.44805702567100525,-0.25357943773269653,-0.6101423501968384,0.01579802855849266,-0.5678929090499878,0.016253691166639328,0.38339871168136597,-0.17631253600120544,0.1908651888370514,-0.5630791783332825,-0.10238020122051239,0.557768702507019,-0.15184903144836426,-0.16792041063308716,0.08472305536270142,-0.19014224410057068,0.21929094195365906,0.6488161087036133,-0.0026867478154599667,0.21259360015392303,-0.2685568332672119,-0.17340722680091858,-0.012521566823124886,-0.10209283977746964,-0.6871748566627502,0.10553151369094849,-0.49361342191696167,0.5385883450508118,0.028070157393813133,0.46989479660987854,0.4905366003513336,0.24821972846984863,0.46739110350608826,-0.0006151102716103196,0.0012763447593897581,-0.13882000744342804,0.14723381400108337,-0.04872571676969528,0.27020683884620667,0.1787637323141098,-0.15214607119560242,-0.041732870042324066,-0.06487599015235901,0.04429807513952255,-0.17483720183372498,0.18760815262794495,-0.2920385003089905,0.057614654302597046,0.024375444278120995,-0.04066929966211319,-0.04728003218770027,0.24365195631980896,-0.16515561938285828,-0.3033472001552582,0.06570975482463837,-0.07801145315170288,0.032898470759391785,0.03730395436286926,0.16671891510486603,-0.27579718828201294,0.4039946496486664,0.16509422659873962,0.2154124528169632,-0.20730940997600555,0.10800178349018097,0.17908541858196259,0.41039639711380005,-0.2609631419181824,0.1902027279138565,-0.0911952331662178,-0.05042032152414322,0.16588187217712402,0.012994742020964622,-0.011952733621001244,-0.24221673607826233,-0.44287657737731934,-0.08841685950756073,0.14015817642211914,-0.0020331679843366146,0.1712467223405838,0.10876192897558212,0.08085109293460846,-0.23251374065876007,0.15181449055671692,-0.51335608959198,-0.3605028986930847,0.19522610306739807,0.10786820948123932,-0.08221703767776489,0.80084627866745,-0.018003948032855988,-0.04180184751749039,0.05858632177114487,0.025310536846518517,-0.017610562965273857,-0.18441078066825867,0.037304848432540894,0.20190651714801788,0.26556408405303955,-0.08153798431158066,-0.30140936374664307,-0.0935472697019577,-0.21568699181079865,-0.09580843895673752,0.3129449188709259,-0.04753924906253815,-0.7442755103111267,-0.5601176023483276,0.47628775238990784,-0.14231443405151367,-0.18773861229419708,-0.1472235769033432,-0.4109087884426117,-0.0843994989991188,-0.020671473816037178,-0.06978975236415863,-0.6890180110931396,0.10469979047775269,-0.47512975335121155,-0.04431663826107979,-0.07272128015756607,-0.06398525089025497,0.43337541818618774,-0.4958375096321106,-0.26523786783218384,-0.08246530592441559,0.06557932496070862,-0.1266137808561325,-0.36595624685287476,-0.23451407253742218,0.18878869712352753,0.07048468291759491,0.5182541012763977,0.03906632214784622,0.5667897462844849,-0.04410369321703911,-0.1292068213224411,0.11852762848138809,-0.20982012152671814,-0.4073043763637543,-0.12782247364521027,-0.25741615891456604,-0.0728847086429596,-0.11061538755893707,0.06264781951904297,0.529643177986145,0.10984381288290024,-0.5723803639411926,0.06263521313667297,-0.07841919362545013,-0.08330651372671127,0.32162144780158997,0.1739042103290558,-0.07388494163751602,0.15761175751686096,0.3455747067928314,-0.022040478885173798,-0.023926448076963425,-0.41255372762680054,-0.30149534344673157,-0.26774612069129944,-0.09022311866283417,0.021951500326395035,-0.08130620419979095,0.010936671867966652,0.003104954957962036,0.11352299153804779,-0.14187398552894592,0.6105098724365234,-0.005551563110202551,-0.042644817382097244,-0.1725202202796936,0.12607555091381073,-0.059010427445173264,0.3487555682659149,0.041218001395463943,0.08430583775043488,-0.07275831699371338,0.15272419154644012,0.1736433207988739,0.017428752034902573,-0.694538950920105,-0.07095633447170258,-0.10724638402462006,0.032633066177368164,0.16296622157096863,0.08767928928136826,-0.3195851445198059,-0.5495947599411011,0.1393675059080124,0.04398705065250397,-0.06093849614262581,-0.16167140007019043,-0.12719577550888062,0.25034788250923157,-0.4265729784965515,-0.0473414808511734,-0.026053685694932938,-0.1596893072128296,-0.07047467678785324,0.029986128211021423,-0.06087544560432434,-0.23272201418876648,0.4072476923465729,0.025615325197577477,0.11973221600055695,0.10453878343105316,-0.21428970992565155,0.11654821783304214,0.033960919827222824
CID000004666,276,0.25220030546188354,-0.17037144303321838,-0.6727689504623413,0.03799343854188919,0.022581005468964577,-0.2826959490776062,0.1570715606212616,-0.7712856531143188,0.0395745113492012,-0.5028218030929565,0.5307012796401978,0.06193692609667778,-0.17404578626155853,-0.06625102460384369,0.016416866332292557,0.3442554175853729,0.1329611986875534,0.17866602540016174,-0.20735344290733337,-0.032200030982494354,-0.01650233194231987,-0.07297210395336151,0.17249205708503723,-0.14229467511177063,-1.0358285903930664,-0.9710245132446289,-0.41242772340774536,-0.015218129381537437,0.13625776767730713,0.14470133185386658,0.7361921668052673,0.08954686671495438,0.17912308871746063,0.1266629844903946,0.05972300097346306,-0.08501369506120682,0.34965044260025024,0.14450405538082123,-0.022131284698843956,-0.04176080599427223,0.12817025184631348,0.5620861053466797,-0.12009233236312866,-0.18184725940227509,-0.16994574666023254,-0.01150155533105135,1.0089185237884521,-0.09501694142818451,-0.6704612374305725,0.04782559722661972,-0.85845947265625,-0.21392741799354553,0.28395113348960876,-0.21166618168354034,-0.20287033915519714,-0.18345840275287628,0.050257790833711624,0.8528855443000793,-0.055062662810087204,-0.004443683661520481,-0.16889922320842743,0.13369368016719818,-0.07472101598978043,0.2738342881202698,0.15555422008037567,0.4198470711708069,0.3722775876522064,-0.1525997519493103,-0.03359243646264076,0.06377683579921722,-0.4205191135406494,0.04867466539144516,-0.2923949062824249,0.42212826013565063,-0.0436626560986042,0.07506878674030304,0.5286538004875183,0.19934043288230896,0.6274701356887817,0.191380113363266,-0.08196721971035004,-0.4452331066131592,0.0922001451253891,-0.06864700466394424,0.18631160259246826,-0.00027452409267425537,-0.5499501824378967,-0.11986017227172852,-0.201155424118042,0.37611645460128784,-0.24774189293384552,-0.22355559468269348,-0.27421247959136963,0.14019088447093964,0.11616668850183487,0.18101252615451813,-0.059771012514829636,0.057355958968400955,-0.1581440269947052,-1.5000169277191162,-0.07356982678174973,0.18689417839050293,-0.07576777786016464,-0.06450564414262772,0.06492672115564346,0.10375867784023285,0.7282876968383789,0.12673157453536987,-0.04335448890924454,-0.013372066430747509,0.22070176899433136,-0.0273398719727993,0.2135002166032791,-0.797353208065033,-0.09019319713115692,-0.3275039792060852,-0.177638977766037,0.1203114241361618,0.17642763257026672,0.06518568098545074,-0.21142277121543884,-0.323917418718338,-0.06784547865390778,0.07322719693183899,0.1406644731760025,-0.029231607913970947,-0.009600834921002388,0.07420265674591064,-0.19988584518432617,0.2079601287841797,-0.5244265198707581,0.04642634093761444,0.012037609703838825,0.1785733997821808,-0.0031614266335964203,0.5545498728752136,-0.198040172457695,0.03497286140918732,0.3818054795265198,-0.1338348239660263,0.04766098037362099,-0.015456432476639748,0.21085543930530548,0.21326836943626404,0.17980679869651794,0.05231127142906189,-0.3865220248699188,0.3214731812477112,-0.0699184313416481,-0.17163382470607758,0.7117058038711548,-0.22226615250110626,-0.3591267168521881,-0.8107085227966309,0.5630311369895935,0.1945658177137375,0.07713670283555984,0.05438169091939926,-0.6582814455032349,0.06057782098650932,-0.13010191917419434,-0.19122730195522308,-1.0584137439727783,0.09956234693527222,-0.4682393968105316,0.11113657802343369,0.1294116973876953,0.0888788253068924,1.146742582321167,-0.6144483685493469,-0.20619070529937744,0.14484462141990662,-0.07607248425483704,0.23201513290405273,-0.38309842348098755,-0.34117501974105835,0.23101381957530975,-0.1665223389863968,0.5258313417434692,0.44706234335899353,0.377064049243927,-0.09294365346431732,0.15469172596931458,0.7787078619003296,-0.07902626693248749,-0.1946525126695633,-0.17439094185829163,-0.10465530306100845,-0.1769641637802124,-0.1070617213845253,-0.4419802129268646,1.4265785217285156,-0.1470082849264145,-0.08935113996267319,-0.3018510937690735,-0.25027477741241455,-0.21600420773029327,0.09146051108837128,1.1923071146011353,-0.16518054902553558,0.8593257665634155,0.2398063689470291,0.15885786712169647,1.0739729404449463,-0.36110830307006836,0.2856648862361908,-0.5054588317871094,0.046284269541502,-0.004649349953979254,0.11682610213756561,0.006057775113731623,-0.06025070697069168,-0.02137310430407524,-0.1200953871011734,0.5005621910095215,0.2678949534893036,-0.495687335729599,-0.2991654574871063,-0.049558453261852264,-0.0014526986051350832,-0.06820623576641083,0.24512454867362976,0.005369603633880615,-0.34334492683410645,-0.0049814446829259396,0.24916139245033264,-0.06530939787626266,-0.2894224524497986,-0.07481933385133743,0.1974334418773651,0.13560478389263153,-0.01964147575199604,0.2710520327091217,-0.016078254207968712,-0.6696828603744507,0.06186974048614502,0.11546798050403595,0.0022066584788262844,-0.1850990206003189,-0.08280423283576965,1.217612862586975,-0.26925408840179443,0.0330362468957901,-0.47916942834854126,-0.1692463457584381,-0.5532218813896179,-0.20333334803581238,-0.29621005058288574,-0.14559724926948547,0.4852725863456726,0.08438368886709213,0.042944349348545074,0.1846640557050705,-0.06760295480489731,0.3115538954734802,-0.029550591483712196
CID000002713,277,-0.05267196148633957,-0.34293749928474426,-0.768165647983551,0.11717575788497925,0.4224143922328949,-0.060461707413196564,0.034478794783353806,-0.5715155005455017,-0.23343166708946228,0.15178251266479492,0.13255389034748077,0.18927258253097534,-0.2183109074831009,0.02442866563796997,0.10539382696151733,0.23912179470062256,0.36840492486953735,-0.05739303305745125,-0.2877334952354431,0.05974828079342842,-0.3253352642059326,0.059651292860507965,0.538001537322998,-0.060651231557130814,-0.9676648378372192,-0.34626442193984985,-0.2628301680088043,-0.09032107889652252,-0.0016943573718890548,-0.16843123733997345,0.453779935836792,0.15364879369735718,0.1309569776058197,0.31326836347579956,-0.2560555338859558,0.17153801023960114,1.1779981851577759,-0.10410787910223007,0.04215802997350693,0.0836174264550209,-0.22330915927886963,1.114715576171875,-0.40603819489479065,-0.18133124709129333,0.011088970117270947,0.11540976911783218,0.7010744214057922,-0.1855849176645279,-0.43799036741256714,-0.12723827362060547,-0.25512218475341797,0.2942787706851959,0.1348828375339508,-0.12634286284446716,0.4153594970703125,-0.3315264880657196,-0.14772644639015198,1.268951177597046,0.185393288731575,0.029828201979398727,0.11485807597637177,-0.03182440251111984,-0.02081192657351494,0.7714595198631287,0.03482478857040405,0.25049614906311035,0.029919475317001343,0.010140401311218739,0.06355535984039307,-0.12602825462818146,-0.7375544309616089,0.2495894879102707,-0.3394784927368164,0.3975107967853546,0.058231692761182785,0.36099880933761597,1.0724700689315796,0.35947486758232117,0.4582269787788391,-0.10322006046772003,-0.08781854063272476,-0.11508417129516602,0.1468067616224289,0.030574996024370193,0.06034807488322258,0.20587019622325897,-0.25717347860336304,-0.06786089390516281,-0.17212612926959991,0.13641667366027832,-0.2430812567472458,-0.1483387053012848,-0.12466473877429962,-0.2751777172088623,0.1419866979122162,-0.2212604284286499,0.06612145900726318,-0.04266298562288284,0.03337004408240318,-0.8279117345809937,-0.05664845556020737,0.008772667497396469,0.1291883885860443,-0.09157878160476685,0.18180856108665466,-0.12650468945503235,0.6660466194152832,0.1044195145368576,0.262228786945343,-0.06120075657963753,-0.09867005050182343,0.1729607880115509,0.43720006942749023,-0.18259425461292267,0.11649088561534882,-0.3056049346923828,-0.3263738751411438,-0.023633945733308792,-0.2895807921886444,0.12244150787591934,-0.4074072241783142,-0.19377091526985168,-0.10154112428426743,-0.00936978030949831,0.032066889107227325,-0.01535257138311863,0.03361804783344269,-0.013306429609656334,-0.09267980605363846,0.4283706545829773,-0.5089000463485718,-0.2019401490688324,0.49465832114219666,0.09761710464954376,-0.18479053676128387,0.7155265808105469,-0.17456844449043274,-0.4820529818534851,0.21367886662483215,-0.26376742124557495,0.02514907717704773,-0.12345463037490845,0.08500702679157257,0.08601867407560349,0.25330889225006104,0.11697597801685333,-0.3791472315788269,0.11457747220993042,0.02700285241007805,-0.0819493904709816,0.200099378824234,-0.1734178066253662,-0.470573365688324,-0.9231588244438171,0.8417253494262695,-0.13284870982170105,0.18594300746917725,0.18505868315696716,-0.7370145916938782,-0.16510312259197235,-0.234953373670578,0.12750673294067383,-0.9979336857795715,0.17602060735225677,-0.4521673321723938,-0.18294605612754822,-0.0015104614431038499,-0.15934039652347565,0.2418922483921051,-0.29875025153160095,-0.02254953607916832,-0.11598088592290878,0.15404175221920013,-0.15492230653762817,-0.38531139492988586,-0.16809816658496857,0.5226172208786011,-0.016390789300203323,0.7814332842826843,-0.12425766885280609,0.750508725643158,-0.1705867350101471,-0.3412129282951355,0.6223269104957581,-0.22347986698150635,-0.17080453038215637,-0.19976595044136047,-0.20706407725811005,-0.2448088675737381,-0.015029865317046642,-0.44985055923461914,0.8233202695846558,0.0001555264025228098,-0.5268109440803528,-0.09308701753616333,-0.1398463100194931,-0.01361561007797718,0.13433536887168884,0.31878629326820374,-0.2216629981994629,0.6205580830574036,0.48838895559310913,-0.04139417037367821,0.12476315349340439,-0.2186596691608429,-0.08342917263507843,-0.15638980269432068,-0.13749045133590698,0.04410383850336075,-0.07102377712726593,-0.276724249124527,-0.08102703094482422,0.0014544405275955796,-0.3855116665363312,0.6211174726486206,-0.13146300613880157,-0.1707848608493805,0.0854034498333931,0.06580907106399536,-0.07405778020620346,0.02180492877960205,-0.2541923224925995,0.2589704394340515,-0.07273920625448227,0.09501078724861145,-0.18480953574180603,0.10614106804132462,-0.7790898084640503,-0.029175972566008568,-0.06394462287425995,0.02667437493801117,0.1555849313735962,0.010920613072812557,-0.2105237990617752,-0.726799726486206,0.06018005684018135,0.17278261482715607,-0.08496927469968796,0.09812485426664352,-0.1850149929523468,0.4447448253631592,-0.34776848554611206,0.0065032183192670345,-0.21527409553527832,-0.17588500678539276,-0.35054314136505127,0.1446247547864914,0.07812235504388809,-0.2817562222480774,0.17195573449134827,0.006737506482750177,-0.04277418181300163,0.18582168221473694,-0.028224974870681763,0.2647813856601715,0.07654616981744766
CID000004601,278,0.21409444510936737,-0.0834650993347168,-0.7199020385742188,0.36492905020713806,0.4739253520965576,0.12060906738042831,-0.05178150534629822,-1.095705509185791,-0.2567439675331116,-0.24277181923389435,0.191130131483078,0.19299082458019257,0.10030607134103775,-0.04656841605901718,-0.0011118188267573714,-0.06560595333576202,0.6130780577659607,0.02302631363272667,-0.3772038519382477,0.07709643989801407,-0.049767594784498215,0.10957050323486328,0.5032962560653687,0.06771782785654068,-0.6860991716384888,-0.5795050859451294,-0.3351672887802124,0.11076543480157852,-0.10491083562374115,-0.35943523049354553,0.5635120272636414,-0.09932222962379456,-0.12134144455194473,0.4748046398162842,-0.1991734802722931,0.37612003087997437,1.5402467250823975,-0.11812619119882584,0.002235239837318659,0.058606673032045364,-0.26978856325149536,1.0583577156066895,-0.19894690811634064,-0.06572355329990387,-0.1210448369383812,0.0019743621814996004,0.6567542552947998,-0.23189647495746613,-0.3082945644855499,0.2077687680721283,-0.4295356273651123,0.27309030294418335,0.14896604418754578,-0.15005409717559814,0.29391980171203613,-0.2166113406419754,-0.19397327303886414,0.6183608770370483,-0.02775835432112217,-0.00875169038772583,-0.07321219146251678,-0.33126145601272583,0.04073087126016617,0.8211587071418762,0.03405477851629257,0.21339039504528046,-0.2175639122724533,-0.07870207726955414,-0.1706085205078125,0.04506547376513481,-0.6321321725845337,0.17222318053245544,-0.6398050785064697,0.33206650614738464,-0.0009885817999020219,0.4003298282623291,0.989875316619873,0.34970036149024963,0.5119799375534058,0.19026222825050354,-0.07422453910112381,-0.6636222004890442,0.16690045595169067,0.01633322611451149,0.07341320812702179,0.34348639845848083,-0.35600218176841736,-0.19482941925525665,0.14204837381839752,0.08733190596103668,-0.026534199714660645,-0.16500648856163025,-0.09799814224243164,0.03810107335448265,0.008842271752655506,0.017364468425512314,0.12585017085075378,0.24843084812164307,-0.029323861002922058,-0.8529709577560425,-0.09632831066846848,-0.15051287412643433,0.13169367611408234,-0.1582786738872528,0.07526348531246185,-0.21231397986412048,0.8161236643791199,-0.41996437311172485,0.22854745388031006,-0.03491588681936264,-0.09943278878927231,-0.08794369548559189,0.27844950556755066,-0.21210446953773499,-0.028202075511217117,-0.2970331609249115,-0.4532388746738434,-0.15728658437728882,-0.1763685643672943,0.19232399761676788,-0.4532378613948822,-0.26062583923339844,0.1887533962726593,0.34420880675315857,-0.03346337005496025,-0.14024204015731812,0.46927565336227417,-0.17916235327720642,-0.07414431124925613,0.30039769411087036,-0.6787583231925964,-0.4699014127254486,0.33826449513435364,-0.018464652821421623,-0.03767094388604164,0.5344302654266357,0.12139467149972916,0.21198992431163788,0.17107988893985748,-0.3272072970867157,-0.11530276387929916,-0.16237559914588928,0.13342927396297455,0.30221694707870483,0.007757031824439764,0.09934745728969574,-0.16026732325553894,0.19480015337467194,-0.10863344371318817,-0.1846267431974411,0.30481868982315063,-0.1383267045021057,-0.35854846239089966,-0.7824803590774536,0.7709237337112427,-0.15446332097053528,0.26730406284332275,0.3336107134819031,-0.5742841958999634,-0.006899401545524597,0.005894520785659552,0.2717021703720093,-1.131807565689087,0.14312466979026794,-0.30686771869659424,-0.20501582324504852,-0.0034730881452560425,-0.22560369968414307,0.5046735405921936,-0.26235368847846985,-0.14598652720451355,0.03967536613345146,0.0363897867500782,-0.08440735191106796,-0.7540923357009888,-0.20980700850486755,0.8355076909065247,0.03195374086499214,0.4619857668876648,-0.12721885740756989,0.4145457148551941,-0.21432578563690186,-0.18372182548046112,0.702873945236206,0.07491917908191681,-0.5625707507133484,-0.12771132588386536,-0.10408500581979752,-0.5245503187179565,-0.13897281885147095,-0.19423191249370575,0.9237486720085144,0.10804560035467148,-0.48540061712265015,0.08215095847845078,-0.2516629099845886,0.105990931391716,0.06652645021677017,0.4869784712791443,-0.0016683184076100588,0.5670701265335083,-0.0365595668554306,-0.1667332500219345,-0.08658363670110703,-0.040571775287389755,0.04755617305636406,-0.025468045845627785,0.17650985717773438,-0.05278945714235306,0.12492184340953827,-0.10900666564702988,0.10885123908519745,-0.13986991345882416,-0.21457190811634064,0.6981061697006226,0.029326245188713074,0.09097079187631607,-0.1863948404788971,-0.19412390887737274,0.05113937333226204,0.04312214255332947,0.01885921135544777,0.00154066679533571,-0.027009153738617897,0.07819806784391403,-0.028616880998015404,-0.019854936748743057,-0.7700363397598267,-0.099034383893013,-0.053786467760801315,-0.15309938788414001,0.14110343158245087,0.08704391121864319,-0.17942586541175842,-0.6488713026046753,-0.05181661993265152,0.07554658502340317,0.029892753809690475,0.11176443099975586,0.008164137601852417,0.9126885533332825,-0.25229138135910034,0.2258574217557907,-0.3122774064540863,-0.2514379024505615,-0.44263988733291626,0.11427805572748184,0.0953570082783699,-0.3751806914806366,0.27679863572120667,0.28501129150390625,0.2060977667570114,0.15045799314975739,0.02820027992129326,0.1637444794178009,0.1439579427242279
CID000002267,279,-0.003334860550239682,-0.17986883223056793,-0.44981473684310913,-0.09577368944883347,0.3289482593536377,-0.1812780648469925,0.04644876718521118,-0.35207104682922363,-0.14771991968154907,0.15086492896080017,0.4106844365596771,0.038032274693250656,-0.005120676942169666,-0.07072380930185318,-0.016801804304122925,0.34616512060165405,0.39017635583877563,-0.03297076001763344,-0.33611148595809937,0.2618696391582489,-0.26026996970176697,0.05454139783978462,0.45983991026878357,-0.03976926580071449,-0.400260865688324,-0.8462756872177124,-0.49500909447669983,-0.06800554692745209,-0.0010451674461364746,0.12581995129585266,0.49571579694747925,0.15750235319137573,-0.10831178724765778,0.29292282462120056,-0.42920440435409546,0.12368176132440567,0.5851771831512451,-0.17652544379234314,-0.0313434898853302,0.018393736332654953,-0.22864946722984314,0.44767552614212036,-0.33055347204208374,-0.06594188511371613,-0.040034692734479904,0.05410771816968918,0.6451463103294373,-0.0548880398273468,-0.5292128324508667,0.011597913689911366,-0.4921908378601074,0.17434938251972198,0.32924884557724,-0.2012818604707718,0.2212076485157013,-0.372020423412323,-0.15572671592235565,0.5172362327575684,0.10137549787759781,-0.1155109852552414,0.12135088443756104,-0.3329188823699951,0.13819250464439392,0.7556803822517395,0.2256620228290558,0.2496890276670456,-0.24289731681346893,-0.005059456918388605,-0.03453044965863228,0.049450863152742386,-0.5942444801330566,0.16276521980762482,-0.3858608305454254,0.5775712132453918,-0.04182085767388344,0.2705126702785492,0.49921050667762756,0.4836191236972809,0.4216803014278412,-0.0204854104667902,-0.08854415267705917,-0.2239219695329666,0.06120595335960388,-0.04035801813006401,0.20332121849060059,0.3584563732147217,-0.10526325553655624,-0.10609278827905655,-0.1265004277229309,0.07495797425508499,-0.1472841203212738,-0.0841626301407814,-0.06163138896226883,0.15383829176425934,0.14444929361343384,-0.21827873587608337,-0.3445934057235718,0.29320573806762695,0.03902480751276016,-0.707910418510437,-0.14853118360042572,-0.21636466681957245,0.16917121410369873,-0.09300442039966583,0.1537223756313324,-0.09312445670366287,0.7145135402679443,0.11644680798053741,0.17998000979423523,-0.12135489284992218,-0.1905677616596222,0.04758349433541298,0.3493461608886719,-0.3089539408683777,0.18063397705554962,-0.25786709785461426,-0.38852596282958984,0.011159723624587059,0.010195694863796234,-0.09753777831792831,-0.08975612372159958,-0.29027023911476135,-0.05538876727223396,0.12632611393928528,-0.0807616114616394,0.04866575449705124,0.2410038262605667,0.14973679184913635,-0.1203678622841835,0.25716131925582886,-0.7740954160690308,-0.05444500967860222,0.4168244004249573,0.11691439151763916,0.0917000100016594,0.9440823793411255,0.16298741102218628,-0.3374404311180115,0.23343446850776672,-0.08920149505138397,-0.21629182994365692,-0.23327739536762238,0.1706705242395401,0.3529313802719116,0.09736355394124985,-0.05587068200111389,-0.48701271414756775,-0.12056191265583038,0.08169813454151154,0.06358958780765533,0.2776435315608978,-0.11927847564220428,-0.634029746055603,-0.7225074768066406,0.42257824540138245,-0.1958874613046646,0.23048600554466248,-0.2313467562198639,-0.5936198234558105,-0.16568206250667572,-0.04196896404027939,-0.050942905247211456,-0.767260730266571,0.025492053478956223,-0.4064716398715973,0.019202033057808876,0.015724804252386093,-0.17089888453483582,0.5065538883209229,-0.529096782207489,-0.06477561593055725,-0.1168491467833519,-0.1753716766834259,-0.1198597326874733,-0.5946301221847534,-0.11074497550725937,0.35207831859588623,0.17326098680496216,0.5487055778503418,0.0628424733877182,0.5862979888916016,-0.19603873789310455,-0.1741369366645813,0.42021870613098145,-0.08210335671901703,-0.585282027721405,0.0366344228386879,-0.22230224311351776,-0.09001439064741135,-0.10727802664041519,-0.37848106026649475,0.9506766200065613,-0.047956060618162155,-0.3939475119113922,0.20923182368278503,-0.09022504091262817,-0.09711827337741852,0.055681873112916946,0.5728107690811157,-0.16530518233776093,0.40919631719589233,0.4456782937049866,-0.09974219650030136,0.20235446095466614,-0.41822299361228943,-0.289498507976532,-0.19518862664699554,-0.027380460873246193,-0.0981670543551445,-0.09148131310939789,0.23626641929149628,0.024500513449311256,0.15989843010902405,-0.20219194889068604,0.7910526990890503,0.023397214710712433,-0.01145983301103115,-0.29263225197792053,0.022225966677069664,0.2810281813144684,0.2191825658082962,-0.031685419380664825,0.15805429220199585,-0.05851931497454643,-0.08077625930309296,0.1398819535970688,0.12933111190795898,-0.7068302035331726,-0.30438604950904846,-0.10425987094640732,-0.10187965631484985,0.15139611065387726,0.13649038970470428,-0.24815984070301056,-0.49211448431015015,0.2525685727596283,0.018372468650341034,-0.23991353809833527,0.019140994176268578,-0.16484345495700836,0.4233892858028412,-0.3056504428386688,-0.01836276426911354,-0.25725728273391724,0.01248382031917572,-0.31192246079444885,-0.02118946984410286,-0.08549519628286362,0.000925385975278914,0.25530487298965454,-0.11975482851266861,0.06027398630976677,0.020430777221918106,-0.1162770539522171,0.24748015403747559,-0.047222040593624115
CID000003386,280,0.06642957776784897,0.10432199388742447,-0.5230218768119812,0.12099669873714447,0.3898044228553772,-0.13870903849601746,0.05406995490193367,-0.3973907232284546,-0.15494942665100098,-0.0946517363190651,0.40294361114501953,0.08471094071865082,-0.07361389696598053,-0.07468430697917938,-0.07857439666986465,0.20239479839801788,0.6276424527168274,0.1590329259634018,-0.28545981645584106,0.058218859136104584,-0.003974811639636755,-0.2115897238254547,0.35784754157066345,0.002843377646058798,-0.2740982472896576,-0.4658454954624176,-0.07170391082763672,-0.3506419062614441,0.2370271384716034,-0.0206006970256567,0.39380425214767456,-0.10153083503246307,0.039470888674259186,0.13823989033699036,-0.3279842138290405,0.09827947616577148,0.7219528555870056,-0.04367605969309807,0.05008768290281296,-0.07975409924983978,-0.43562087416648865,0.7124561071395874,-0.21232052147388458,-0.15138180553913116,-0.08026987314224243,0.19075942039489746,0.40325164794921875,-0.05138514190912247,-0.6037571430206299,0.053446196019649506,-0.812780499458313,0.27051424980163574,0.3974354565143585,-0.24426570534706116,0.21233686804771423,-0.3491952121257782,-0.08870361745357513,0.6209810972213745,0.00448879599571228,-0.05024399608373642,0.06718704849481583,-0.2301361858844757,0.25716158747673035,0.7838776707649231,0.07552275061607361,0.21178312599658966,-0.0730329379439354,0.1050775796175003,-0.019008908420801163,0.07161694765090942,-0.8171154260635376,0.03373472020030022,-0.4085947871208191,0.35116344690322876,0.0225345678627491,0.4531528055667877,0.5336191654205322,0.42315778136253357,0.5620343685150146,-0.02373076044023037,-0.09757676720619202,-0.37018948793411255,0.10305597633123398,-0.021793898195028305,0.41559022665023804,0.27700096368789673,-0.1710575371980667,0.04744614288210869,-0.12994477152824402,0.06800167262554169,-0.08315225690603256,-0.05115978792309761,-0.013750815764069557,0.0470806360244751,-0.015378785319626331,-0.16395288705825806,-0.18770934641361237,0.2057706117630005,-0.05880112200975418,-0.39344972372055054,-0.01830042526125908,-0.007892237976193428,-0.023681575432419777,-0.16590037941932678,0.042979855090379715,-0.3864930272102356,0.41603049635887146,0.06645815819501877,0.12194772064685822,-0.10867534577846527,-0.0248645581305027,0.045788392424583435,0.4465523362159729,-0.43828335404396057,0.059520281851291656,-0.18175072968006134,-0.14301298558712006,0.033630721271038055,-0.17394323647022247,-0.10684363543987274,-0.13495931029319763,-0.285902202129364,0.09315862506628036,0.24553434550762177,0.06504093110561371,0.08695630729198456,0.16540567576885223,0.10952536761760712,-0.10872906446456909,0.18299755454063416,-0.5593013763427734,-0.19919927418231964,0.32034629583358765,0.2287382185459137,-0.04569113999605179,0.7419341802597046,-0.13199903070926666,-0.05331473797559738,0.3190898895263672,-0.1153772845864296,-0.15069015324115753,-0.1689421683549881,0.11772288382053375,0.34328246116638184,0.1382046937942505,-0.2159750908613205,-0.2499765157699585,0.15035413205623627,-0.08378925919532776,-0.11466654390096664,0.41428080201148987,-0.0641234964132309,-0.4861522316932678,-0.6988165378570557,0.5989736914634705,-0.5106953978538513,-0.11797013133764267,-0.06436789035797119,-0.45632773637771606,-0.09663017839193344,-0.08386139571666718,-0.22642219066619873,-0.5045005083084106,0.06753237545490265,-0.3628225326538086,-0.010499924421310425,-0.07813981175422668,0.009478484280407429,0.1964314877986908,-0.27124670147895813,-0.27841973304748535,-0.1882951259613037,-0.013170510530471802,-0.1898847371339798,-0.5517905950546265,-0.10735850036144257,0.21131864190101624,0.09840233623981476,0.4153655469417572,-0.19000577926635742,0.35668736696243286,-0.15224237740039825,-0.23232507705688477,0.17446844279766083,0.047751836478710175,-0.24385038018226624,-0.08652221411466599,-0.24720856547355652,-0.08944838494062424,-0.10174010694026947,-0.13141505420207977,0.6357631087303162,-0.006989275570958853,-0.40346282720565796,-0.008162876591086388,-0.08381123840808868,-0.20277778804302216,-0.17584477365016937,0.07567979395389557,0.06039659306406975,0.3287551999092102,0.27957257628440857,-0.025159817188978195,-0.11880204826593399,-0.21161308884620667,-0.10081002861261368,-0.30230796337127686,0.03858529031276703,0.08348468691110611,0.08125604689121246,0.05534263700246811,0.01961204968392849,0.29393768310546875,-0.17621104419231415,0.6678928732872009,-0.07765118777751923,-0.14620673656463623,-0.13128116726875305,0.0393751785159111,0.09516679495573044,0.31147781014442444,-0.023411346599459648,0.06773810088634491,0.024452876299619675,-0.1572146862745285,0.0398695282638073,0.05619616433978081,-0.773504376411438,-0.19832590222358704,0.06161508709192276,0.14946690201759338,0.1625988781452179,0.18772128224372864,-0.3245627284049988,-0.5545952320098877,0.15112337470054626,0.10380393266677856,-0.151851087808609,-0.055539000779390335,-0.12278766930103302,0.19755998253822327,-0.32045626640319824,0.10288230329751968,-0.297377347946167,-0.12401475757360458,-0.10206480324268341,0.05095474049448967,-0.15397998690605164,-0.08968578279018402,0.32360100746154785,-0.06413049250841141,0.09903021901845932,-0.2323150336742401,-0.20220446586608887,0.04485808685421944,-0.2038288116455078
CID000002435,281,0.08644884824752808,-0.38898152112960815,-0.5584499835968018,0.12217917293310165,0.382180780172348,-0.07815994322299957,-0.12650278210639954,-0.5798054337501526,-0.140541672706604,-0.0638989806175232,0.3676484525203705,0.06341172754764557,-0.07732415199279785,-0.002098762895911932,0.06939967721700668,0.1988067924976349,0.4980905055999756,0.09509823471307755,-0.12863075733184814,0.09576739370822906,-0.33496689796447754,-0.00728795537725091,0.46711674332618713,0.02128506824374199,-0.49600666761398315,-0.7300482988357544,-0.6738680601119995,0.05042804405093193,0.2192506045103073,0.17792490124702454,0.6599377989768982,0.10054200887680054,-0.19709017872810364,0.26319265365600586,-0.21655964851379395,0.15824083983898163,0.7274758219718933,-0.14349040389060974,-0.057688452303409576,0.15334554016590118,-0.14246442914009094,0.590747058391571,-0.38932910561561584,-0.05412929505109787,-0.004805427975952625,0.2078370600938797,0.7600715756416321,-0.050641994923353195,-0.5621824860572815,-0.061656404286623,-0.34604793787002563,0.29359084367752075,0.28064924478530884,-0.21089625358581543,0.13397882878780365,-0.29343917965888977,-0.29957425594329834,0.5787242650985718,-0.12828633189201355,-0.10540133714675903,-0.0018818557728081942,-0.27271610498428345,-0.10517612844705582,0.7639166712760925,0.06330456584692001,0.11833572387695312,-0.23049533367156982,-0.013110953383147717,-0.0012008637422695756,0.1449095904827118,-0.6511107087135315,0.08777005970478058,-0.7054111361503601,0.531997799873352,0.022616207599639893,0.1510942280292511,0.5047112107276917,0.27013903856277466,0.42310088872909546,-0.03194727748632431,-0.09483017772436142,-0.22778499126434326,-0.012784959748387337,-0.09660252928733826,0.15043434500694275,0.42772358655929565,-0.13247932493686676,-0.1424993872642517,0.015441680327057838,0.10971792787313461,-0.2925868332386017,-0.14652495086193085,-0.020367994904518127,-0.009728590957820415,0.09494525194168091,-0.028792986646294594,-0.31197965145111084,0.3314535319805145,0.03908563405275345,-0.7750816345214844,-0.10879340022802353,-0.15918613970279694,0.12768806517124176,-0.020964685827493668,0.2217387855052948,0.03488197922706604,1.0543407201766968,-0.08426918089389801,0.2018427550792694,-0.019378772005438805,-0.12787587940692902,-0.1346922218799591,0.23606209456920624,-0.039993781596422195,0.28937968611717224,-0.34684762358665466,-0.47392600774765015,0.1366158127784729,-0.19350090622901917,0.16692127287387848,-0.10408035665750504,-0.2491387128829956,0.0009211540454998612,0.06423451006412506,-0.20829622447490692,0.062350042164325714,0.3914145529270172,0.015633249655365944,-0.29176193475723267,0.25124362111091614,-0.7184368371963501,-0.30154189467430115,0.3880856931209564,0.14942924678325653,0.1681635081768036,0.6625548601150513,0.14818620681762695,-0.14523085951805115,0.3132360875606537,-0.1285938173532486,-0.14672216773033142,-0.20296737551689148,-0.003164052963256836,0.12360261380672455,0.21045871078968048,-0.008114499039947987,-0.28751140832901,0.09616271406412125,0.165050208568573,-0.019594436511397362,0.17888817191123962,-0.07732070982456207,-0.49308282136917114,-0.6177994608879089,0.4641636312007904,-0.23163461685180664,0.258592426776886,-0.17457032203674316,-0.3706967830657959,-0.10072080045938492,-0.0054142833687365055,0.048326361924409866,-0.9288686513900757,-0.014194195158779621,-0.47396183013916016,0.026711057871580124,0.0369374081492424,-0.10991804301738739,0.5797162055969238,-0.49002107977867126,-0.17983834445476532,-0.10856202989816666,-0.04640555381774902,-0.1844426691532135,-0.6830933690071106,-0.14191576838493347,0.4460800290107727,0.10011210292577744,0.5187294483184814,-0.08050832897424698,0.6697735786437988,-0.15694744884967804,-0.16791068017482758,0.4045242369174957,-0.03141598030924797,-0.4332612454891205,-0.18026922643184662,-0.18219435214996338,-0.09631185233592987,-0.10725842416286469,-0.600422739982605,1.0495927333831787,-0.019994711503386497,-0.4161921441555023,0.04741572588682175,0.016287654638290405,-0.13280422985553741,0.14231014251708984,0.4046657681465149,-0.0532010979950428,0.4475528597831726,0.42618507146835327,-0.2001636028289795,0.2588229775428772,-0.38807106018066406,-0.3383922874927521,-0.10967298597097397,0.07281428575515747,-0.08500200510025024,-0.1905999481678009,0.06510349363088608,0.013647129759192467,-0.09118328988552094,-0.34138014912605286,0.818649172782898,0.00038786529330536723,0.024452824145555496,-0.3939369022846222,0.0764206051826477,0.154936283826828,0.33933430910110474,0.09139153361320496,0.24479496479034424,-0.19436658918857574,-0.01395858358591795,0.1982022225856781,0.04017822444438934,-0.6553537249565125,-0.275045782327652,0.01570752263069153,-0.15277346968650818,0.18390828371047974,0.12496367841959,-0.13779625296592712,-0.4534589350223541,0.4262213706970215,-0.032900940626859665,-0.22903673350811005,0.0023450807202607393,0.03271135687828064,0.6585753560066223,-0.2613963484764099,-0.13286569714546204,-0.24649234116077423,0.07767389714717865,-0.23171992599964142,0.06625261157751083,0.2639431357383728,-0.04467245936393738,0.2631719708442688,0.07525116205215454,0.030085107311606407,0.26384127140045166,-0.11352725327014923,0.2600845396518707,-0.0010425031650811434
CID000004253,282,0.3086985647678375,-0.024720175191760063,-0.5391702055931091,0.14538605511188507,0.44519010186195374,-0.13383296132087708,-0.044455207884311676,-0.5691758394241333,-0.3647385239601135,-0.2951086163520813,0.3942869305610657,0.007228654809296131,-0.016845721751451492,-0.1616523563861847,-0.015902116894721985,0.6038905382156372,0.2832725942134857,-0.15321335196495056,-0.3301442861557007,0.06865689903497696,-0.36534741520881653,0.03286639600992203,0.8331917524337769,-0.010199281387031078,-1.0294067859649658,-0.8111169934272766,-0.20061345398426056,-0.1519434005022049,0.2547147870063782,0.13272616267204285,1.0367543697357178,0.0787370577454567,0.06600403040647507,0.10722266137599945,-0.5044914484024048,0.10933836549520493,0.3574070632457733,-0.29877692461013794,-0.20963701605796814,0.01089712418615818,-0.3579700291156769,0.28979748487472534,-0.29644981026649475,-0.187327578663826,-0.017860138788819313,-0.21355096995830536,0.8316283226013184,-0.1340543031692505,-0.34763723611831665,0.015134585089981556,-0.43137556314468384,0.04075655713677406,0.7632990479469299,-0.0023601888678967953,-0.10408753156661987,-0.06011638045310974,0.020169321447610855,0.775657594203949,-0.14572572708129883,-0.28620538115501404,-0.022892272099852562,-0.13061024248600006,0.14035102725028992,0.6992228627204895,0.16044560074806213,0.4440641403198242,0.10646388679742813,0.06150450184941292,-0.2166026085615158,-0.01237013190984726,-0.5039552450180054,0.2188585251569748,-0.778767466545105,0.19329193234443665,0.0338297002017498,0.018630500882864,0.19461596012115479,0.24630120396614075,0.32998421788215637,-0.007758799009025097,0.09551702439785004,-0.1477195769548416,0.06864223629236221,0.041099078953266144,0.09402929246425629,0.21014443039894104,-0.8225682973861694,0.03881718963384628,0.018047552555799484,-0.14458952844142914,0.1010495200753212,-0.09037716686725616,-0.6467431783676147,0.2436523139476776,-0.023619454354047775,0.08315131813287735,0.23925232887268066,0.33714571595191956,0.13777336478233337,-1.351139783859253,-0.012698590755462646,-0.07649019360542297,0.005975024309009314,-0.18561987578868866,-0.06497238576412201,-0.1366729438304901,1.0208581686019897,0.044054947793483734,-0.020203430205583572,-0.09923283010721207,-0.04839801415801048,-0.2975839078426361,0.38970911502838135,-0.3286822438240051,0.3240085542201996,-0.3393741250038147,0.013025978580117226,-0.26381224393844604,0.11819156259298325,0.4496989846229553,-0.5018805265426636,-0.45367926359176636,0.01658119261264801,0.3408694863319397,-0.1949172168970108,-0.08652763068675995,0.14091524481773376,0.08837225288152695,-0.13329795002937317,0.005506042391061783,-0.9485116004943848,-0.1979495733976364,0.28216299414634705,-0.003681980073451996,-0.238277405500412,0.7381433248519897,0.09236249327659607,-0.09165772795677185,0.4912194311618805,0.10455787181854248,0.163814976811409,-0.28825005888938904,0.07289828360080719,0.4091290831565857,0.09037802368402481,0.19863153994083405,-0.33529871702194214,0.3617071211338043,0.36563295125961304,-0.030087430030107498,0.2888789772987366,-0.3659248650074005,-0.6447157859802246,-0.9119205474853516,0.7911432981491089,-0.056904129683971405,-0.15863454341888428,-0.04249006509780884,-0.5142790675163269,0.32213714718818665,0.0020998059771955013,-0.09686905890703201,-0.9195130467414856,0.060329727828502655,-0.6558599472045898,-0.11874663829803467,0.4248184561729431,-0.23558196425437927,0.7492673397064209,-0.6886950135231018,-0.8080708384513855,0.2335655242204666,-0.06782617419958115,0.1226639524102211,-0.5736411809921265,-0.15605060756206512,0.5193296670913696,-0.07002340257167816,0.7397485971450806,0.24297074973583221,0.35003232955932617,-0.18024179339408875,-0.03695530816912651,0.9245612025260925,0.20231521129608154,-0.3134644329547882,-0.30549201369285583,-0.2823205292224884,-0.13531605899333954,-0.14768056571483612,0.01557767391204834,1.0066999197006226,-0.09476099163293839,-0.8507905006408691,-0.16888728737831116,0.04319349303841591,-0.1576676070690155,-0.17220109701156616,0.693715512752533,-0.3654572069644928,0.2866480350494385,0.06716344505548477,0.12777747213840485,0.5355967283248901,-0.6470947265625,-0.026713019236922264,-0.3975886106491089,-0.07325013726949692,-0.17235969007015228,-0.10179958492517471,0.550426721572876,0.0898636132478714,-0.11823870986700058,-0.25513577461242676,0.3492715656757355,0.15623852610588074,-0.2460433691740036,-0.0006571016274392605,-0.17255493998527527,0.1772741973400116,0.4174422323703766,-0.03759032487869263,0.0600980743765831,-0.0822250097990036,0.15837465226650238,0.5393547415733337,0.06552634388208389,-0.4854775071144104,-0.16745874285697937,-0.15510809421539307,0.15139436721801758,0.00768855819478631,0.14553655683994293,-0.15982431173324585,-0.568809449672699,-0.04250442981719971,-0.11801667511463165,0.05904526636004448,-0.0011260270839557052,0.2595088481903076,1.0974998474121094,-0.3947417140007019,-0.22297248244285583,-0.4400576949119568,-0.3794745206832886,-0.6283422708511353,0.15024502575397491,-0.13760942220687866,-0.17760738730430603,0.5974396467208862,-0.04717365279793739,0.019157206639647484,0.18955770134925842,0.17593695223331451,0.17484243214130402,-0.04265114665031433
CID000003476,283,0.16319411993026733,-0.2858934998512268,-0.6287506818771362,-0.026603439822793007,0.3371141850948334,-0.34827691316604614,0.12043972313404083,-0.3895863890647888,-0.07312019169330597,-0.03886590525507927,0.15519598126411438,-0.009294182062149048,-0.047573428601026535,0.14272372424602509,-0.09901674091815948,-0.06477535516023636,-0.027450507506728172,0.11682926118373871,-0.41992610692977905,-0.0010094940662384033,-0.14243361353874207,0.1945372074842453,0.5400649905204773,0.048172589391469955,-0.39395612478256226,-0.711359977722168,0.013199654407799244,-0.33242136240005493,-0.01075637899339199,0.10620597749948502,0.46450477838516235,0.0026377500034868717,-0.03874572366476059,0.215111643075943,-0.24712078273296356,0.09258829057216644,0.1285392940044403,-0.07556353509426117,0.15006078779697418,0.10469068586826324,-0.3253548741340637,-0.1034756526350975,-0.5044129490852356,0.18067191541194916,-0.023726811632514,-0.04536259546875954,0.39438456296920776,-0.04153583198785782,-0.6639901399612427,0.033539533615112305,-0.6238209009170532,0.3491989076137543,0.33322951197624207,-0.11250996589660645,0.32693493366241455,-0.3160400986671448,-0.028055202215909958,0.8488550186157227,0.2641889154911041,-0.08458393812179565,0.485484778881073,-0.16360807418823242,0.32996895909309387,1.0553243160247803,-0.15096327662467957,0.33251041173934937,-0.1441061794757843,0.12064516544342041,-0.11703880876302719,-0.06893379986286163,-0.6045849323272705,0.10662569850683212,-0.38232511281967163,0.3391525149345398,0.17924176156520844,0.4593702256679535,0.1276530921459198,0.43806689977645874,0.6614647507667542,0.10486149787902832,0.10936697572469711,-0.34631964564323425,0.007747532334178686,-0.1394726037979126,0.0006350934272632003,0.26907554268836975,-0.21873649954795837,-0.03194883465766907,0.006386272609233856,0.2017284333705902,-0.04125158116221428,0.3166239857673645,-0.21931877732276917,0.057253897190093994,-0.0793849378824234,-0.21154335141181946,-0.04691925644874573,0.2624780535697937,0.17530304193496704,-0.5709084868431091,-0.007619471754878759,-0.10357795655727386,0.1838327795267105,-0.033729296177625656,0.2193574458360672,-0.18533150851726532,0.49507302045822144,-0.13504597544670105,-0.019802462309598923,-0.05731864646077156,-0.0157381109893322,0.10459639877080917,0.5049130916595459,-0.46124473214149475,0.037938106805086136,-0.07834969460964203,-0.1486479789018631,0.09623904526233673,0.0370015874505043,-0.29085463285446167,-0.2148354947566986,-0.1979248821735382,0.026549547910690308,0.0937882736325264,0.08279949426651001,3.492087125778198e-05,0.24749784171581268,0.024190127849578857,-0.3140317499637604,0.3869630992412567,-0.48672574758529663,-0.24448680877685547,0.3314991295337677,0.376631498336792,-0.1937643587589264,0.6708654165267944,0.15013615787029266,-0.06366106867790222,0.21486732363700867,-0.10940048843622208,0.003253445029258728,-0.056731171905994415,0.07504774630069733,-0.006930241826921701,0.177072674036026,-0.09853744506835938,-0.4640781879425049,0.03212001174688339,0.09600544720888138,0.027327388525009155,0.5256710052490234,-0.1010311096906662,-0.7087079882621765,-0.7736911177635193,0.8660076856613159,-0.3540371060371399,0.09736274182796478,-0.11199440062046051,-0.6543450355529785,0.12366871535778046,-0.2292722463607788,0.17275986075401306,-1.010494589805603,-0.07043273746967316,-0.3920741677284241,0.1333644688129425,-0.22570915520191193,0.024188581854104996,0.33453333377838135,-0.7213911414146423,-0.13335207104682922,-0.17258863151073456,-0.10926051437854767,0.06801363080739975,-0.47072353959083557,-0.17443576455116272,0.41958633065223694,0.21769949793815613,0.5300800204277039,-0.2506444752216339,0.880486011505127,-0.21536533534526825,-0.2137807160615921,0.2791612446308136,-0.13796527683734894,-0.29972466826438904,0.030837422236800194,-0.34276914596557617,-0.07199683785438538,-0.1934424787759781,-0.06081343814730644,0.6962790489196777,0.1492529809474945,-0.53648841381073,-0.06621255725622177,-0.1371045559644699,0.07437442243099213,0.31358200311660767,0.403272807598114,0.04679309204220772,0.5851404070854187,0.25346288084983826,0.1505281925201416,-0.029274100437760353,-0.8160890340805054,-0.4261553883552551,-0.37844541668891907,0.11308111995458603,-0.1505809873342514,-0.010698480531573296,-0.06776987016201019,-0.008465677499771118,-0.0883106142282486,-0.17922720313072205,0.7659075856208801,-0.07161854207515717,-0.04323073476552963,-0.30646347999572754,-0.013646909967064857,0.09776095300912857,0.3872907757759094,-0.013156494125723839,0.07297609746456146,-0.20991328358650208,0.04081447795033455,0.07729613780975342,-0.0764106959104538,-0.857194721698761,-0.04939592629671097,0.00012806504673790187,-0.22634315490722656,0.19028836488723755,0.1285671442747116,-0.13102474808692932,-0.9279248118400574,0.07150091975927353,-0.00034735799999907613,-0.03661937639117241,-0.14075639843940735,-0.3970004916191101,0.25241273641586304,-0.3287978768348694,-0.11441777646541595,0.019774263724684715,-0.36390987038612366,-0.42301663756370544,-0.034749262034893036,-0.19270335137844086,-0.06966967135667801,0.1656111478805542,0.14418990910053253,0.04610804468393326,0.09734218567609787,-0.16857527196407318,0.14691537618637085,-0.09487458318471909
CID000130881,284,0.20873093605041504,-0.43588757514953613,-0.9172267913818359,-0.021325668320059776,0.3331470191478729,-0.2328590452671051,0.1241835206747055,-0.7255305051803589,0.21761491894721985,-0.34630799293518066,0.47504258155822754,0.29184356331825256,0.025110572576522827,0.127833753824234,0.010509955696761608,0.1686730682849884,0.21283510327339172,0.20405881106853485,-0.2491150200366974,-0.11226651817560196,-0.0515584871172905,-0.012827274389564991,0.2519579529762268,-0.14459767937660217,-1.0613921880722046,-0.9465795755386353,-0.4457775950431824,-0.0333377905189991,0.020420074462890625,0.0735255628824234,0.5803375244140625,0.03177327662706375,0.11687135696411133,0.27418309450149536,-0.09101538360118866,-0.0650097206234932,0.3247205913066864,0.05947655439376831,0.263292521238327,0.01977412961423397,0.15247726440429688,0.29657211899757385,-0.2478446513414383,-0.2157139778137207,0.024801138788461685,-0.09661449491977692,0.8195046186447144,-0.3999360501766205,-0.6144319176673889,-0.01825587823987007,-1.0375697612762451,0.004030847456306219,0.6721481084823608,-0.33456069231033325,-0.0703384131193161,-0.26055869460105896,0.039820797741413116,0.9630181193351746,-0.16109012067317963,0.030566733330488205,-0.3497963547706604,0.07151828706264496,-0.2597491145133972,0.3814738392829895,0.15941444039344788,0.5266021490097046,0.3097061514854431,-0.16063998639583588,0.039465468376874924,0.10141346603631973,-0.30363354086875916,0.05813521891832352,-0.24421067535877228,0.5255125164985657,-0.12709160149097443,0.11438564956188202,0.09040797501802444,-0.05142635107040405,0.7020783424377441,0.05887240916490555,-0.320169061422348,-0.5041767358779907,0.005597779061645269,-0.0507788248360157,0.1113152727484703,0.15523593127727509,-0.5518944263458252,0.08867844194173813,0.027913767844438553,0.11341261863708496,-0.2647298276424408,-0.2011164128780365,-0.33088088035583496,0.3337157666683197,0.05031638592481613,0.16681809723377228,-0.22917625308036804,0.2847595810890198,-0.002486592624336481,-1.4644067287445068,-0.2675393521785736,-0.010548964142799377,-0.018810462206602097,-0.19781216979026794,0.13609711825847626,0.002657784614712,0.8771945238113403,0.005629063583910465,0.06499183177947998,0.046831462532281876,-0.02274172380566597,0.10962609201669693,0.3143082559108734,-0.9290634989738464,0.0596882700920105,-0.26069357991218567,-0.26975980401039124,-0.030772292986512184,0.15693727135658264,0.04265338182449341,-0.22414278984069824,-0.2983362376689911,0.09647063910961151,0.08664900064468384,0.004218054004013538,0.06040892004966736,0.12529009580612183,-0.09884168207645416,-0.21262328326702118,0.2662419080734253,-0.43265777826309204,0.1381133496761322,0.33018290996551514,0.1158166378736496,-0.17509734630584717,0.5640184879302979,-0.13751837611198425,0.09576106816530228,0.30712416768074036,-0.33542293310165405,0.0014532208442687988,0.048863597214221954,0.22453582286834717,0.20984570682048798,0.1409173160791397,0.05894741415977478,-0.4155077040195465,0.5399826765060425,-0.13321848213672638,-0.18869492411613464,0.7932647466659546,-0.236638143658638,-0.4500389099121094,-0.7824468016624451,0.6057142615318298,0.05119531601667404,0.1760951280593872,0.13760673999786377,-0.6482675671577454,0.2517565190792084,-0.0418233796954155,-0.08514164388179779,-1.086997389793396,-0.2309790551662445,-0.4332866072654724,0.07085097581148148,0.028790662065148354,-0.01788259670138359,1.1709753274917603,-0.5965703129768372,-0.27111682295799255,0.12615135312080383,0.07885243743658066,0.27505922317504883,-0.3529444634914398,-0.4743179678916931,0.32913899421691895,-0.08532612025737762,0.5415778160095215,0.3356474041938782,0.20030657947063446,-0.08010353147983551,0.03773168474435806,0.7213843464851379,-0.052126407623291016,-0.19339284300804138,-0.14902779459953308,-0.12458233535289764,-0.20660221576690674,-0.19805684685707092,-0.5259689092636108,1.3809738159179688,-0.11937975883483887,-0.14152631163597107,-0.23195068538188934,-0.2562370002269745,-0.27137744426727295,0.04438925161957741,1.3052282333374023,-0.18832550942897797,0.7694630026817322,0.4336950182914734,-0.05069848150014877,0.963634192943573,-0.4666271209716797,0.0924740806221962,-0.49398890137672424,-0.09633225202560425,-0.003888852894306183,0.2169758528470993,-0.1936250478029251,-0.13184212148189545,0.045320458710193634,-0.12642285227775574,0.5639092326164246,0.21101514995098114,-0.21701474487781525,-0.13857343792915344,0.06151546910405159,-0.024570414796471596,0.036252718418836594,0.23895509541034698,-0.0475965216755867,-0.19358813762664795,-0.03816508501768112,0.3637984097003937,0.1904691457748413,-0.4032563269138336,-0.21363338828086853,0.15137815475463867,0.1796613484621048,0.06889642775058746,0.3492242693901062,-0.1373862326145172,-0.6545408368110657,0.05720319598913193,-0.044111523777246475,-0.09934035688638687,-0.06432399898767471,-0.1525174379348755,1.2006709575653076,-0.2710108160972595,0.032264336943626404,-0.5088009238243103,-0.01622462272644043,-0.5207439064979553,-0.19095921516418457,-0.1591254025697708,-0.01775308884680271,0.40655723214149475,0.18266774713993073,0.2320116013288498,0.26368802785873413,-0.25674664974212646,0.3049241304397583,0.153835266828537
CID000003348,285,0.020308032631874084,-0.06269745528697968,-0.46412092447280884,-0.005348381586372852,0.39799317717552185,-0.13382717967033386,-0.09779877960681915,-0.5520455241203308,-0.14744308590888977,-0.0409420020878315,0.14936742186546326,0.13925863802433014,-0.1352621614933014,-0.08452625572681427,-0.0032054311595857143,0.0909411683678627,0.4894852042198181,0.03677317500114441,-0.32169830799102783,0.11134792864322662,-0.2023954689502716,0.043569501489400864,0.6929531097412109,0.007135649677366018,-0.4352208971977234,-0.5739346146583557,-0.2030622512102127,-0.028038162738084793,0.12685704231262207,0.15035948157310486,0.7696512341499329,0.15137214958667755,0.04761156067252159,0.38215500116348267,-0.4888940751552582,0.1340738981962204,0.9074727892875671,-0.05612575262784958,0.13838474452495575,0.10454393923282623,-0.48842185735702515,0.6617007851600647,-0.5502023696899414,0.14323942363262177,-0.048551224172115326,-0.011811199598014355,0.5632894039154053,-0.2379966527223587,-0.5582219362258911,0.05608983710408211,-0.3737459182739258,-0.09778715670108795,0.38155776262283325,-0.13334950804710388,0.2123853713274002,-0.4713866114616394,0.0814162865281105,0.4763239920139313,-0.06401296705007553,-0.17701205611228943,-0.025282492861151695,-0.13731609284877777,0.13390323519706726,0.5696890950202942,0.2081085741519928,0.1189044862985611,-0.12830188870429993,-0.11086487770080566,-0.16313914954662323,0.035683322697877884,-0.6858576536178589,0.19642776250839233,-0.6913175582885742,0.5441809892654419,0.04898872226476669,0.2934347689151764,0.6120284795761108,0.0996410995721817,0.46713787317276,-0.017214979976415634,0.07146935164928436,-0.17592987418174744,0.1607237160205841,-0.011810499243438244,-0.03770473971962929,0.36695417761802673,-0.5817211866378784,0.0016634255880489945,-0.16264696419239044,0.01257243286818266,-0.2691332697868347,0.12235116958618164,-0.04800120368599892,0.07459808140993118,0.19166302680969238,0.034165412187576294,-0.005103561095893383,0.23712432384490967,0.03282275050878525,-0.522969126701355,-0.05370520427823067,-0.05309108644723892,0.06729119271039963,-0.014500933699309826,0.2447940558195114,-0.14535021781921387,0.6512280702590942,0.16781774163246155,0.14119037985801697,-0.043917275965213776,-0.23752716183662415,0.205752894282341,0.3295155167579651,-0.19431376457214355,0.1914978325366974,-0.028352713212370872,-0.34353235363960266,-0.017628300935029984,-0.12832415103912354,0.12222306430339813,-0.05194166302680969,-0.37151050567626953,-0.14205826818943024,0.020829416811466217,0.037251509726047516,0.14929665625095367,-0.02666705846786499,-0.058518338948488235,-0.3019504249095917,0.10878882557153702,-0.6424671411514282,-0.3579906225204468,0.4355863928794861,0.10570880025625229,0.06007194519042969,0.7282688617706299,0.22688809037208557,0.06211090087890625,0.2001919448375702,-0.0028578764759004116,-0.13552038371562958,-0.19773298501968384,0.09779909253120422,0.08264061063528061,0.06953306496143341,-0.10836973041296005,-0.29113075137138367,-0.053862858563661575,0.01606052927672863,-0.11214058101177216,0.2965467870235443,-0.0849982276558876,-0.5139586925506592,-0.6587175726890564,0.6260454058647156,-0.2534753680229187,0.08785529434680939,-0.040827713906764984,-0.3119503855705261,-0.09120262414216995,-0.2802618443965912,0.16941265761852264,-0.7296438217163086,0.005368098616600037,-0.4207424521446228,0.0061605870723724365,-0.14679604768753052,-0.11398520320653915,0.2983338236808777,-0.4805372655391693,-0.2761037349700928,-0.11564774811267853,-0.22906813025474548,-0.12658849358558655,-0.46160823106765747,-0.32339975237846375,0.2682856023311615,0.08721508085727692,0.5198372602462769,0.1824493259191513,0.59250408411026,-0.220526784658432,-0.19075721502304077,0.17154373228549957,0.030473720282316208,-0.5090279579162598,-0.14820685982704163,-0.3022364675998688,-0.17429032921791077,-0.04486202448606491,-0.10126036405563354,0.6749559640884399,-0.3272808790206909,-0.4419921934604645,0.13276100158691406,-0.09130095690488815,0.09023568779230118,0.08474801480770111,0.28404271602630615,-0.161762535572052,0.19418427348136902,0.3812190890312195,0.01344808004796505,0.05795985460281372,-0.36709529161453247,-0.2777917981147766,-0.1767849177122116,-0.18076656758785248,-0.13625241816043854,-0.08178216964006424,-0.1416090726852417,0.0892125815153122,-0.2661810517311096,-0.27723899483680725,0.43976259231567383,-0.16412754356861115,-0.14622890949249268,-0.08198899030685425,0.07145063579082489,-0.08451948314905167,0.17512865364551544,-0.049527864903211594,0.20258228480815887,-0.15383006632328033,0.22724518179893494,0.08910702168941498,0.05675764009356499,-0.5454016923904419,-0.27026259899139404,-0.020881785079836845,-0.05467147380113602,0.1460069715976715,0.15245038270950317,-0.3119197487831116,-0.5200628042221069,0.181552916765213,0.15862223505973816,-0.14169616997241974,0.10071957111358643,-0.016175489872694016,0.2938911020755768,-0.3495074510574341,-0.002090557711198926,-0.05481705814599991,-0.06797844916582108,-0.2950406074523926,0.1261286437511444,0.11231787502765656,0.012209823355078697,0.4091312885284424,-0.09925717860460281,0.06882892549037933,-0.07574097067117691,0.020660359412431717,0.10935410112142563,-0.0179907139390707
CID000001775,286,0.032768748700618744,-0.5282911062240601,-0.700194239616394,0.2102779895067215,0.46393293142318726,-0.19821631908416748,-0.20163533091545105,-0.7109794020652771,-0.36755865812301636,-0.0058363499119877815,0.40080007910728455,0.015256404876708984,-0.2509290277957916,-0.058321405202150345,-0.0756116658449173,0.17208793759346008,0.18151049315929413,0.023483389988541603,-0.08574414998292923,0.10069376230239868,-0.10640168190002441,-0.043188732117414474,0.3739509582519531,-0.08173190802335739,-0.5740838050842285,-0.7634569406509399,-0.6134172677993774,0.142892986536026,0.10622739791870117,-0.04513709992170334,0.7610504031181335,0.188131645321846,-0.2379245012998581,0.42170509696006775,-0.2166641652584076,0.11584237962961197,0.5732173919677734,-0.05687696486711502,-0.016750464215874672,0.22218289971351624,-0.16912363469600677,0.1511136293411255,-0.3780995011329651,-0.08632055670022964,-0.04882001876831055,0.15716800093650818,0.6567702293395996,-0.13064245879650116,-0.2263830006122589,-0.09515422582626343,-0.7956109642982483,0.018175192177295685,0.4348487854003906,-0.2769349217414856,0.3387288451194763,-0.11124657094478607,-0.16580238938331604,0.3590703010559082,0.2193589210510254,-0.0564204566180706,-0.12157933413982391,-0.20111040771007538,0.09263861924409866,0.7274351119995117,0.016523152589797974,0.30125078558921814,-0.18096855282783508,-0.12184665352106094,0.011543633416295052,0.12122698128223419,-0.8336746096611023,0.1734839528799057,-0.8375471234321594,0.6642142534255981,0.05578608438372612,0.5349822044372559,0.22499100863933563,0.022187471389770508,0.5108000040054321,-0.0791046991944313,-0.11224548518657684,-0.3237847685813904,0.0497177354991436,-0.1717909276485443,0.12062983214855194,0.28460243344306946,-0.23281720280647278,-0.052164673805236816,-0.09380070120096207,0.19091489911079407,-0.26051637530326843,0.024451646953821182,-0.11315504461526871,-0.0026606619358062744,0.22620117664337158,-0.22920231521129608,-0.06425491720438004,0.3470381200313568,-0.11695679277181625,-0.8916540145874023,-0.07449091970920563,-0.22065469622612,0.08416037261486053,8.33585872896947e-05,0.1652011275291443,-0.009444797411561012,1.151031732559204,0.030023973435163498,0.2736133337020874,-0.0750022754073143,-0.11900708824396133,0.05706220120191574,0.13348159193992615,-0.41682833433151245,0.22692663967609406,-0.4498066008090973,-0.6325840353965759,-0.07602954655885696,-0.05101143568754196,0.4673337936401367,-0.1718136966228485,-0.26967501640319824,0.21595367789268494,0.1550929695367813,-0.09196288883686066,-0.08630470186471939,0.35080140829086304,0.002942647086456418,-0.3830319941043854,0.4353489875793457,-0.550704836845398,-0.3972828686237335,0.422789990901947,0.23823198676109314,0.19888433814048767,0.7863714098930359,0.2910461723804474,-0.1608065664768219,0.4397493004798889,-0.09849140048027039,-0.021120136603713036,-0.18001289665699005,0.011053645983338356,0.1143120527267456,-0.04361577704548836,0.11070655286312103,-0.16301777958869934,0.02476111799478531,-0.0054441941902041435,-0.1026783362030983,0.3766825199127197,-0.101254403591156,-0.6134568452835083,-0.7259408235549927,0.5466724634170532,-0.17543351650238037,0.3490273654460907,0.07165219634771347,-0.35439532995224,-0.1036362275481224,0.02891639992594719,0.3283289968967438,-1.0142114162445068,-0.03828086331486702,-0.41231289505958557,0.0711243599653244,-0.013608256354928017,-0.23944337666034698,0.6817883253097534,-0.5587056875228882,-0.19960728287696838,-0.22803214192390442,0.11437445878982544,-0.15202084183692932,-0.6556227207183838,-0.2720930278301239,0.6670476198196411,0.223822683095932,0.525098443031311,0.07432544231414795,0.5716552138328552,-0.1625508815050125,-0.30610549449920654,0.8165547251701355,-0.010988069698214531,-0.8759730458259583,0.08194805681705475,-0.1030324250459671,-0.2269524782896042,-0.015907034277915955,-0.4245966076850891,1.0952064990997314,-0.04293990135192871,-0.3467445969581604,0.20573177933692932,-0.22859518229961395,-0.04019252955913544,0.19157499074935913,0.3586306571960449,-0.21197156608104706,0.4303872585296631,0.2799620032310486,-0.14578762650489807,0.11231867969036102,-0.47801414132118225,-0.3996700346469879,-0.22033825516700745,0.004430413246154785,-0.08895736932754517,-0.078811414539814,-0.024321909993886948,-0.004732000641524792,-0.242105633020401,-0.29764893651008606,0.7927695512771606,-0.04721909016370773,0.0032440065406262875,-0.5470999479293823,0.05057002976536751,-0.0014186262851580977,0.20757779479026794,-0.08661656826734543,0.24256137013435364,-0.1092800498008728,0.13680677115917206,0.10928089916706085,0.013906535692512989,-0.7997888326644897,-0.22091248631477356,-0.05699572712182999,-0.15667609870433807,0.03753923624753952,0.05596620589494705,-0.206671804189682,-0.5143588185310364,0.24978061020374298,0.24662506580352783,-0.18158690631389618,0.0005617499118670821,0.021274615079164505,0.9755640029907227,-0.2837793827056885,-0.07821531593799591,-0.40274471044540405,-0.02591162919998169,-0.33194440603256226,0.024113021790981293,0.46360936760902405,-0.0318254679441452,0.21725866198539734,0.42450183629989624,0.1724153459072113,0.25065097212791443,0.07805441319942474,0.3030798137187958,-0.0005177974817343056
CID000003410,287,0.09548385441303253,-0.1890660524368286,-0.6535884141921997,0.04325031861662865,0.4392598271369934,0.2392798662185669,0.01523011364042759,-0.5573380589485168,-0.32572537660598755,-0.31094905734062195,0.26873326301574707,-0.11111736297607422,-0.12065038830041885,-0.08618346601724625,-0.11559247970581055,0.1533760130405426,0.8350558280944824,0.10224981606006622,-0.5176288485527039,0.022135550156235695,-0.1615828424692154,-0.1287117898464203,0.5627816915512085,0.17287366092205048,-0.3209240734577179,-0.5088845491409302,-0.2523593008518219,-0.24006810784339905,0.4738643765449524,-0.024998050183057785,0.8739177584648132,-0.046666353940963745,-0.0014053985942155123,0.6324096322059631,-0.5143128037452698,-0.017323555424809456,1.3098952770233154,-0.08123783022165298,0.06560764461755753,-0.024427104741334915,-0.6352916955947876,0.8471488952636719,-0.1713007390499115,0.09982498735189438,0.13514640927314758,0.0942910760641098,0.7071326971054077,0.12246064841747284,-0.7785704731941223,0.2354135513305664,-0.4598086476325989,0.2177239954471588,0.33533403277397156,-0.1355234682559967,-0.000696109258569777,-0.4290185570716858,-0.09055950492620468,1.0327789783477783,-0.11744529008865356,-0.15017881989479065,0.07437312602996826,-0.19733962416648865,-0.069776251912117,0.9386460185050964,0.33313167095184326,0.2705243229866028,0.03167400881648064,0.03602005913853645,-0.045630551874637604,0.0808761939406395,-0.9268814325332642,-0.018428567796945572,-0.8246013522148132,0.10947617143392563,0.040170636028051376,0.37139981985092163,0.5945345163345337,0.20477597415447235,0.7398576736450195,0.07011188566684723,0.1696416586637497,-0.35347652435302734,0.013178694061934948,-0.23425881564617157,0.3781251907348633,0.30022960901260376,-0.6072207093238831,0.015215123072266579,-0.27259987592697144,-0.20964345335960388,-0.10831111669540405,-0.11432536691427231,0.0082732317969203,-0.044087667018175125,-0.12482725083827972,-0.21989277005195618,-0.4128783643245697,0.12519967555999756,0.013804769143462181,-0.5767163038253784,0.04210125654935837,0.1036701425909996,0.1181439608335495,-0.31054607033729553,0.26442140340805054,-0.19217728078365326,0.7202919721603394,0.14729520678520203,0.004220017697662115,-0.014975612983107567,0.10535474866628647,-0.14400643110275269,0.5661498308181763,-0.2568901479244232,0.14401176571846008,-0.09195603430271149,-0.16057680547237396,0.3170766234397888,-0.34609466791152954,0.25713858008384705,-0.2009364366531372,-0.2716332972049713,0.06600707769393921,0.10129828751087189,0.015195578336715698,0.015810906887054443,0.24127359688282013,-0.09705153852701187,0.02357315830886364,0.20536497235298157,-0.8019407987594604,-0.1956225037574768,0.4552290439605713,0.3556360602378845,0.12402711063623428,0.9588096737861633,0.17122487723827362,0.07336850464344025,0.33743783831596375,0.0026067853905260563,-0.07030932605266571,-0.2888425886631012,0.08853980153799057,0.4056119918823242,-0.027109313756227493,-0.2503076195716858,-0.5888888239860535,0.11265881359577179,0.012864056043326855,-0.18726414442062378,0.4051857888698578,0.027417918667197227,-0.7031863927841187,-0.8554800748825073,0.7170659899711609,-0.3736886978149414,-0.03695742040872574,0.09139026701450348,-0.2134827822446823,0.05409572646021843,-0.14549799263477325,0.028814654797315598,-0.7785946130752563,-0.14947400987148285,-0.37830811738967896,-0.07264822721481323,-0.0673397034406662,-0.20072515308856964,0.1747814118862152,-0.33288103342056274,-0.21288509666919708,-0.07014745473861694,0.02260649763047695,-0.24458923935890198,-0.664220929145813,0.09660525619983673,0.33403363823890686,0.06663119047880173,0.5295715928077698,-0.04663532227277756,0.3489595949649811,-0.23750559985637665,-0.0652899295091629,0.33821067214012146,0.043845660984516144,-0.2167859822511673,-0.30832451581954956,-0.36161673069000244,-0.2270173579454422,-0.15727296471595764,-0.5050612688064575,0.9010562896728516,-0.29145699739456177,-0.3184219300746918,-0.12130365520715714,0.04655551537871361,-0.07047959417104721,-0.11173949390649796,0.22430996596813202,0.1616719514131546,0.3200019299983978,0.0894898772239685,-0.006035417318344116,0.023552339524030685,-0.28470852971076965,-0.005424809642136097,-0.14061710238456726,0.20036359131336212,-0.011601006612181664,-0.09512049704790115,-0.21396692097187042,-0.10495968908071518,0.16584806144237518,-0.31368884444236755,0.6287683844566345,0.1476137936115265,-0.15038339793682098,0.027243811637163162,-0.06585688889026642,0.10967715829610825,0.11946545541286469,0.003973259124904871,0.02631654217839241,0.020070204511284828,-0.40163278579711914,0.16042624413967133,-0.007863146252930164,-1.13901686668396,-0.10586035251617432,0.06966694444417953,0.07236336171627045,0.5045703053474426,0.19270972907543182,-0.14136001467704773,-0.5468923449516296,0.33479100465774536,-0.0025875226128846407,-0.015624789521098137,-0.19367364048957825,-0.07712031155824661,0.2911129295825958,-0.4468502104282379,0.02654889225959778,-0.25039106607437134,-0.1870473325252533,-0.13637509942054749,0.26361894607543945,0.2309890240430832,-0.09343273192644119,0.40380755066871643,0.3104642927646637,0.09850434958934784,-0.09036172926425934,-0.2738993763923645,0.3196620047092438,-0.11201293766498566
CID000004159,288,-0.06029820442199707,-0.0002893984201364219,-0.4638558030128479,0.3837207853794098,0.19781532883644104,-0.4250966012477875,0.2704088091850281,-0.21627846360206604,-0.01845346763730049,-0.48920688033103943,0.3308250904083252,-0.18988469243049622,-0.15649394690990448,-0.055410414934158325,0.15446802973747253,0.1558590531349182,0.15522103011608124,-0.3730155825614929,-0.41250625252723694,0.005333343055099249,-0.34307798743247986,0.17237628996372223,0.6035496592521667,-0.08611860126256943,-0.5741860866546631,-0.7783592939376831,-0.5267693996429443,-0.02245267666876316,0.15720023214817047,-0.13774174451828003,0.45940345525741577,0.25007086992263794,0.019943926483392715,-0.037388257682323456,-0.15849412977695465,0.2108423411846161,0.2272707223892212,-0.3457449972629547,0.11716560274362564,0.07414264976978302,-0.2784298062324524,0.21204030513763428,-0.2618996500968933,-0.4577624201774597,0.19333629310131073,-0.03530321270227432,0.2599779963493347,-0.24309897422790527,-0.7932940721511841,-0.061452604830265045,-0.5868808031082153,-0.018241768702864647,0.4749775826931,-0.4044346809387207,-0.13340233266353607,-0.5375056266784668,-0.10559363663196564,0.8318711519241333,-0.09594348818063736,-0.03447002172470093,-0.05055760219693184,-0.16974788904190063,0.3431156277656555,0.6373518705368042,-0.004495853092521429,0.6718142032623291,0.05089704319834709,-0.1791439801454544,0.07658495754003525,0.08821802586317062,-0.8605961799621582,0.3530506491661072,-0.48136982321739197,0.2706212103366852,0.1542017161846161,0.23883509635925293,0.5412139892578125,0.46571630239486694,0.6023198366165161,0.011045649647712708,-0.06905576586723328,-0.21866218745708466,0.21075458824634552,-0.13033798336982727,-0.10618849098682404,0.12784351408481598,0.05128682777285576,0.06016504764556885,0.07000649720430374,0.044492289423942566,-0.09216946363449097,0.006491488311439753,-0.3101482093334198,-0.04618621990084648,0.1270388662815094,-0.09443376958370209,0.0981391966342926,0.17617955803871155,-0.0036028712056577206,-0.5360007286071777,-0.005755385849624872,0.07718554139137268,-0.23355844616889954,-0.2370353639125824,0.18254919350147247,-0.38195282220840454,0.47595077753067017,0.2937864065170288,-0.12480540573596954,0.03932035341858864,0.11874137818813324,-0.09235963970422745,0.46582746505737305,-0.6311198472976685,0.08605866134166718,-0.21081240475177765,-0.0003674358013086021,0.30016130208969116,0.06666286289691925,-0.15711960196495056,-0.22948697209358215,-0.2810076177120209,0.12711253762245178,0.12983980774879456,-0.02612396515905857,0.20243683457374573,-0.12709030508995056,-0.01035868376493454,0.104357048869133,0.29141467809677124,-0.6283057928085327,-0.3044339716434479,0.4132780432701111,0.12938594818115234,-0.14856316149234772,0.7174493670463562,-0.16906189918518066,0.3573285937309265,0.30871468782424927,0.15605860948562622,0.1279490888118744,-0.06994099915027618,0.12602977454662323,0.2741788327693939,0.1476791501045227,0.08747071027755737,-0.14501790702342987,0.1372717320919037,0.05273504927754402,-0.10933665931224823,0.7278425097465515,-0.19568416476249695,-0.606141984462738,-0.3809782564640045,0.20526976883411407,0.13030557334423065,-0.08711601793766022,0.30201464891433716,-0.5341011881828308,-0.1144399642944336,0.1865147203207016,-0.27837786078453064,-0.7114492654800415,0.08047813177108765,-0.49303826689720154,-0.3354601263999939,-0.11535561084747314,-0.12351807206869125,0.7785757184028625,-0.5651551485061646,-0.35716724395751953,-0.09197618812322617,0.10387198626995087,0.007654278073459864,-0.09050160646438599,-0.2612842619419098,0.14496512711048126,-0.07279688119888306,0.554337739944458,0.16614678502082825,0.618574857711792,0.26604172587394714,-0.05243484303355217,-0.05450275540351868,0.02506350353360176,-0.09371654689311981,-0.20123276114463806,-0.1918421983718872,0.14459949731826782,-0.03745555505156517,0.1198035478591919,0.5283151865005493,0.013001522049307823,-0.2539157569408417,-0.049902427941560745,-0.09813207387924194,-0.04350719228386879,-0.031605981290340424,0.0993390902876854,-0.054571427404880524,0.3849010765552521,0.1285763382911682,0.21616005897521973,0.27651649713516235,-0.46665048599243164,-0.18017947673797607,-0.4055982530117035,-0.0017912208568304777,0.02112904191017151,-0.09937707334756851,-0.12435648590326309,-0.020105253905057907,-0.2839791774749756,0.046124331653118134,0.9827443361282349,0.17687614262104034,-0.038660865277051926,0.023843994364142418,0.11257684230804443,-0.007740429136902094,0.1836717426776886,0.04764656350016594,-0.02793530747294426,0.004037588369101286,0.04249153286218643,0.2753791809082031,-0.061738260090351105,-0.5150269865989685,-0.07721034437417984,-0.00173855759203434,0.14815816283226013,0.005710809491574764,0.053001224994659424,-0.14483237266540527,-0.5405337810516357,-0.03503560647368431,0.05005388334393501,0.19200047850608826,0.13795728981494904,0.23564378917217255,0.24562843143939972,-0.3979620933532715,0.014252228662371635,-0.26396793127059937,-0.16575588285923004,-0.11839115619659424,0.0744408369064331,-0.26790255308151245,-0.342202752828598,0.25878557562828064,0.08894582092761993,0.07345188409090042,-0.02501034177839756,-0.39492958784103394,-0.1908632218837738,0.039324723184108734
CID000004819,291,0.035019271075725555,-0.24509254097938538,-0.539354145526886,0.20886865258216858,0.3812175393104553,-0.10586972534656525,-0.1291908323764801,-0.5217472314834595,-0.17648828029632568,-0.04485858604311943,0.2495623379945755,0.0241609625518322,-0.059566933661699295,0.04011474922299385,0.11124813556671143,0.13412801921367645,0.3164079189300537,0.1339465081691742,-0.12978389859199524,0.22754009068012238,-0.11489324271678925,0.08835352212190628,0.39043155312538147,0.047144703567028046,-0.410160630941391,-0.6900379657745361,-0.5233229398727417,0.2603093683719635,-0.06398985534906387,-0.00017268657393287867,0.5240281820297241,0.12555620074272156,-0.04246648773550987,0.5203107595443726,-0.11799488216638565,0.21830491721630096,1.202566146850586,-0.139631986618042,0.05500325560569763,0.103911854326725,0.12840789556503296,0.4138118624687195,-0.34285807609558105,-0.09952735900878906,-0.04059482365846634,0.03584306687116623,0.56385737657547,-0.2560647428035736,-0.4995081424713135,-0.0460786446928978,-0.5171868205070496,0.15058083832263947,0.3771452307701111,-0.27223771810531616,0.30313485860824585,-0.15235964953899384,-0.31179600954055786,0.484590619802475,0.04630029574036598,-0.09510110318660736,-0.09360560029745102,-0.1728908121585846,-0.023153120651841164,0.5560885667800903,0.06980220973491669,0.22656269371509552,-0.19900371134281158,-0.1898273527622223,0.050601232796907425,0.06662432849407196,-0.4718457758426666,0.15052193403244019,-0.6174052953720093,0.5828561186790466,0.0450202152132988,0.26951879262924194,0.5700499415397644,0.11174460500478745,0.3899555206298828,-0.0010343194007873535,0.015852000564336777,-0.20102114975452423,0.14418557286262512,-0.031033504754304886,0.08847488462924957,0.3180808424949646,-0.17789311707019806,-0.0986398309469223,-0.0599919855594635,0.18608878552913666,-0.2632300555706024,-0.11746524274349213,-0.1110326275229454,0.0060439747758209705,0.18081043660640717,0.0020358830224722624,0.007818576879799366,0.12963014841079712,-0.05493300408124924,-0.7913779616355896,-0.0807085707783699,-0.1724434196949005,0.1774766892194748,-0.004505836870521307,0.2769719958305359,-0.022980330511927605,0.9380108118057251,-0.11516273021697998,0.2808731198310852,-0.036250628530979156,-0.09813337028026581,0.06064605712890625,0.1151503175497055,-0.24898472428321838,0.17280063033103943,-0.44350212812423706,-0.37594369053840637,-0.056659210473299026,-0.11229515075683594,0.141635000705719,-0.27069300413131714,-0.28512224555015564,0.20429623126983643,0.04445108026266098,-0.0585017204284668,-0.009254729375243187,0.2197345495223999,-0.0077822161838412285,-0.3144252598285675,0.28862816095352173,-0.6222314834594727,-0.4118812680244446,0.3329651951789856,0.15198025107383728,0.05089252069592476,0.7117559313774109,0.23532232642173767,-0.11220703274011612,0.2143823206424713,-0.0865805596113205,-0.05161283537745476,-0.2312362641096115,0.057754792273044586,0.053511351346969604,0.08911174535751343,0.025871271267533302,-0.16219207644462585,-0.0673951581120491,-0.08260227739810944,-0.0700175017118454,0.2277282476425171,-0.15900900959968567,-0.4475560188293457,-0.5527328848838806,0.4712425172328949,-0.10444917529821396,0.3822461664676666,0.11477150022983551,-0.3838614523410797,-0.07789430022239685,-0.06441818177700043,0.26773732900619507,-0.8936656713485718,0.12851177155971527,-0.29949867725372314,0.039490506052970886,0.012594250030815601,-0.22149261832237244,0.6967304944992065,-0.4235524535179138,-0.23915116488933563,-0.05763694643974304,0.02493804134428501,-0.10781766474246979,-0.5219483375549316,-0.2179916352033615,0.36849626898765564,0.033166784793138504,0.5290066599845886,-0.012089605443179607,0.4962737560272217,-0.16756975650787354,-0.19183865189552307,0.44986605644226074,-0.013312315568327904,-0.4448135495185852,-0.11356721818447113,-0.1531083732843399,-0.3025701642036438,-0.08213859796524048,-0.3364933133125305,1.0544798374176025,-0.06388305127620697,-0.4014415740966797,0.1369718313217163,-0.09560324251651764,0.021663060411810875,0.1822972148656845,0.5095115900039673,-0.08951181918382645,0.2870090901851654,0.47920355200767517,-0.11980286985635757,0.18922516703605652,-0.33444303274154663,-0.24184349179267883,-0.21704402565956116,0.07717905938625336,-0.11258896440267563,-0.13265857100486755,-0.09188349545001984,-0.023342913016676903,-0.17265650629997253,-0.3313167691230774,0.5890101194381714,-0.03403564915060997,-0.008124982938170433,-0.2691780924797058,-0.0044684382155537605,0.0837310329079628,0.15189847350120544,0.03320266306400299,0.19749578833580017,-0.13642288744449615,0.20677785575389862,-0.00638070423156023,0.024356219917535782,-0.54961758852005,-0.2550901174545288,-0.03590691089630127,-0.23289644718170166,0.1310252845287323,0.10007734596729279,-0.11790990829467773,-0.4520754814147949,-0.012192701920866966,0.20027117431163788,-0.17193546891212463,0.004623228218406439,-0.04363689199090004,0.7842391133308411,-0.30547648668289185,0.10050098598003387,-0.3183247447013855,-0.07397755980491638,-0.28278136253356934,0.187978133559227,0.08641494810581207,-0.1183939129114151,0.24353794753551483,0.32032233476638794,0.014089914038777351,0.30641305446624756,-0.10906188189983368,0.2198193520307541,0.14614173769950867
CID000000271,292,-0.12639227509498596,-0.19035957753658295,-0.6011606454849243,0.2551172077655792,0.09558840095996857,-0.3366125822067261,0.06214200332760811,-0.1808488667011261,-0.14846226572990417,-0.19230006635189056,0.16209231317043304,0.05043964833021164,-0.13886210322380066,0.05486109107732773,0.20035409927368164,0.24741911888122559,0.4338844418525696,-0.0053621456027030945,0.02396760880947113,0.27410706877708435,0.10974584519863129,0.1504463255405426,0.47264784574508667,-0.0726582258939743,-0.6698439121246338,-0.34268754720687866,-0.07294159382581711,-0.270304411649704,0.2743290662765503,0.3733569383621216,0.5677052140235901,0.16737812757492065,-0.045576564967632294,0.3273864984512329,-0.0984281599521637,0.1478184163570404,0.821220874786377,-0.010125258937478065,-0.014841076917946339,-0.0439063161611557,-0.08265499770641327,0.4961434006690979,-0.31856459379196167,-0.2708461880683899,0.02055433951318264,0.08594004064798355,0.48357969522476196,-0.23461630940437317,-0.4843514859676361,-0.006606786511838436,-0.6815995573997498,0.1166573017835617,0.524135172367096,-0.04722072184085846,0.041538357734680176,-0.211177796125412,-0.13676026463508606,0.6328531503677368,0.051802076399326324,-0.43561258912086487,0.4049857556819916,-0.06142783910036087,0.053958646953105927,0.3797438442707062,0.06578834354877472,0.6023892760276794,-0.017504308372735977,-0.0019498601322993636,-0.05735112354159355,-0.0664890855550766,-0.5898803472518921,0.08847822993993759,-0.3931242823600769,0.42991310358047485,-0.049002569168806076,0.552803099155426,0.4273056983947754,0.075633205473423,0.032036036252975464,-0.01069740392267704,-0.09801782667636871,0.09843654185533524,0.0790192037820816,-0.04303329065442085,0.025548851117491722,0.03309875354170799,-0.19782736897468567,0.3020288348197937,-0.06713594496250153,-0.12664909660816193,0.18590110540390015,0.14956387877464294,-0.1701160967350006,-0.24052694439888,0.14523491263389587,-0.0309077650308609,0.0406792126595974,0.07803606986999512,0.015249723568558693,-0.4860142767429352,-0.08102673292160034,-0.027737688273191452,-0.10007630288600922,-0.3874278664588928,-0.048587776720523834,-0.2090056836605072,0.339777410030365,0.1848992556333542,-0.019175328314304352,-0.043220553547143936,0.10849864780902863,-0.10031872987747192,0.10499558597803116,-0.5880757570266724,-0.011850547976791859,-0.29785603284835815,-0.1309524029493332,-0.013437594287097454,0.06873547285795212,-0.0099107027053833,-0.24969370663166046,-0.16988623142242432,0.1276017129421234,-0.16790442168712616,-0.1479596197605133,0.19460749626159668,0.042292624711990356,-0.23233969509601593,-0.0038515483029186726,0.15998587012290955,-0.31166866421699524,-0.36355966329574585,0.2196396142244339,-0.03627888113260269,0.07634229212999344,0.5744311809539795,-0.031046971678733826,0.045756660401821136,-0.007255499251186848,-0.09083012491464615,-0.032843366265296936,0.12078915536403656,0.1630232185125351,0.002098564989864826,0.051336515694856644,-0.18059669435024261,0.012270115315914154,0.08663353323936462,-0.38755708932876587,-0.17010755836963654,0.6608890295028687,-0.04436611011624336,-0.4619632661342621,-0.5042463541030884,0.5545017123222351,-0.21993932127952576,-0.2867478132247925,-0.1612004190683365,-0.20686237514019012,-0.015184855088591576,-0.184666708111763,-0.11146505922079086,-0.6028030514717102,-0.1401885747909546,-0.3140174150466919,-0.09938815236091614,0.07265605032444,0.14092330634593964,0.4762972295284271,-0.31747788190841675,-0.25489261746406555,0.05265467241406441,-0.026030784472823143,-0.02936672605574131,-0.3938122093677521,-0.25145062804222107,0.22272436320781708,-0.07955850660800934,0.5830081105232239,-0.05500585958361626,0.5672358274459839,-0.048447851091623306,-0.0045764027163386345,0.30115562677383423,-0.20139582455158234,-0.16707761585712433,-0.0512535460293293,-0.2986631393432617,-0.03688838705420494,-0.046121835708618164,0.03581904619932175,0.5070508122444153,-0.057215917855501175,-0.3045138716697693,-0.026352819055318832,0.046734295785427094,0.13325388729572296,0.02319324016571045,0.16336382925510406,-0.008285073563456535,0.21278533339500427,0.4431454539299011,-0.15726779401302338,-0.16662169992923737,-0.5380134582519531,-0.1550581455230713,-0.5023714303970337,-0.017400778830051422,0.15569797158241272,-0.26762712001800537,-0.02395855449140072,0.05041469261050224,-0.025901321321725845,-0.09602738916873932,0.5484145283699036,-0.21945500373840332,-0.051614485681056976,0.1294153481721878,-0.20008273422718048,-0.03639451414346695,0.21474623680114746,-0.18287785351276398,0.17334836721420288,-0.14411170780658722,0.009123878553509712,0.07710636407136917,-0.0417623333632946,-0.42214053869247437,-0.13735121488571167,-0.12967756390571594,0.06247438117861748,0.2705914080142975,-0.0565357506275177,-0.0002482414129190147,-0.4663977026939392,-0.1780855357646942,-0.0447247251868248,0.13668695092201233,-0.11192362010478973,0.26132598519325256,0.3080921173095703,-0.3997960686683655,-0.08967451751232147,-0.37563231587409973,-0.0934799388051033,-0.3062731921672821,-0.053150106221437454,0.02564488723874092,-0.37852200865745544,0.23879137635231018,0.08461286127567291,0.058790743350982666,0.1192697286605835,-0.13256657123565674,-0.0256658848375082,0.2711827754974365
CID005353980,295,0.10940074920654297,-0.22451786696910858,-0.5449951887130737,-0.03933282569050789,0.41440877318382263,-0.16906003654003143,-0.1759694218635559,-0.6163452863693237,-0.2753649652004242,0.04522799700498581,0.39300665259361267,0.1758720576763153,-0.11631224304437637,0.042978014796972275,-0.07393552362918854,0.27299052476882935,0.22434154152870178,-0.02010498382151127,-0.12220356613397598,0.29600244760513306,-0.14266552031040192,0.12291514873504639,0.3852878510951996,-0.0783861055970192,-0.4306252896785736,-0.805529773235321,-0.8380419015884399,0.0716739296913147,0.08871986716985703,-0.06576089560985565,0.8497081995010376,0.06678891181945801,-0.19500887393951416,0.296256959438324,-0.3665798008441925,0.10380063951015472,0.6400812268257141,-0.14530712366104126,0.09090948104858398,0.13995179533958435,-0.308832585811615,0.3733908534049988,-0.35467755794525146,0.14306096732616425,-0.06531834602355957,0.025998681783676147,0.8932901620864868,-0.14772848784923553,-0.696204423904419,0.03544735163450241,-0.5692905187606812,0.3213311731815338,0.3775046765804291,-0.15363940596580505,0.017123227939009666,-0.29529330134391785,-0.20617499947547913,0.824643611907959,0.05987836793065071,0.06392820179462433,-0.03820599988102913,-0.17907433211803436,0.040562704205513,0.7605140209197998,0.20464976131916046,0.21555092930793762,-0.2511517405509949,-0.12693727016448975,0.003087791847065091,0.12569549679756165,-0.7354266047477722,0.15507706999778748,-0.7707265615463257,0.5931874513626099,-0.0589834563434124,0.2498416155576706,0.40005606412887573,0.30725759267807007,0.6800176501274109,-0.061214279383420944,-0.08237423747777939,-0.26826754212379456,0.07923877984285355,-0.14529871940612793,0.11055676639080048,0.40109091997146606,-0.02310527116060257,-0.15081088244915009,-0.020350009202957153,0.2562611699104309,-0.1997441053390503,-0.2373182326555252,-0.09639162570238113,0.13732942938804626,0.10418784618377686,-0.16725781559944153,-0.15193486213684082,0.3500409722328186,0.089856818318367,-0.587727963924408,-0.02555180713534355,-0.24502316117286682,0.12954212725162506,0.009720677509903908,0.21034082770347595,-0.07208182662725449,1.0654510259628296,-0.14606793224811554,0.23698444664478302,-0.08940353989601135,-0.10389311611652374,0.06050388142466545,0.410465806722641,-0.18964193761348724,0.168000727891922,-0.3171953558921814,-0.5536674857139587,0.1668730527162552,-0.04589896276593208,0.2893599271774292,-0.24464337527751923,-0.33626335859298706,0.04350217059254646,0.032189760357141495,-0.2665337026119232,0.21517646312713623,0.2842519283294678,0.09672357141971588,-0.3003459572792053,0.1796324998140335,-0.8197072744369507,-0.1408790796995163,0.3961772918701172,0.21996597945690155,0.12563757598400116,0.7998796105384827,0.21459642052650452,-0.19304028153419495,0.3545498251914978,-0.13362514972686768,-0.06316839903593063,-0.3287530839443207,0.021971482783555984,0.2764696478843689,0.1361057460308075,0.0426093265414238,-0.2944819927215576,-0.10676517337560654,-0.031276702880859375,0.025851020589470863,0.2976875603199005,-0.03460892662405968,-0.625280499458313,-0.8593155145645142,0.3562755286693573,-0.23320189118385315,0.2412448674440384,0.046917058527469635,-0.42565345764160156,-0.03649736940860748,0.008723345585167408,0.08639206737279892,-0.8336790800094604,0.046476930379867554,-0.3926245868206024,0.09282822906970978,-0.0463453009724617,-0.06020243093371391,0.6314231753349304,-0.5365983247756958,-0.161474347114563,-0.027023661881685257,-0.0433659553527832,-0.13465289771556854,-0.8913625478744507,-0.23165111243724823,0.3555994927883148,0.13811619579792023,0.4643906056880951,-0.06300407648086548,0.5266594290733337,-0.21103183925151825,-0.0006950080278329551,0.4370681643486023,-0.02719525620341301,-0.44857460260391235,0.03556254878640175,-0.126239612698555,-0.25252383947372437,0.03757333755493164,-0.5384074449539185,1.3080377578735352,-0.13031034171581268,-0.3683108687400818,0.12330164760351181,-0.0009706318378448486,-0.059787798672914505,0.15525825321674347,0.46233558654785156,-0.10091640800237656,0.4657062888145447,0.3259889781475067,-0.29852765798568726,0.26707178354263306,-0.4369279742240906,-0.208411306142807,-0.07752322405576706,-0.027857545763254166,-0.05787752941250801,-0.04611580818891525,0.10781504958868027,-0.13290227949619293,-0.15587803721427917,-0.1285802274942398,1.1721084117889404,0.05383901670575142,-0.01811007782816887,-0.4977652430534363,0.06988252699375153,0.21668918430805206,0.2715454697608948,0.05217505618929863,0.26396462321281433,0.0457913838326931,0.10083967447280884,0.18628279864788055,0.12208505719900131,-0.9827117919921875,-0.19872942566871643,0.013069826178252697,-0.17972928285598755,0.16262218356132507,0.15201961994171143,-0.23447947204113007,-0.6465102434158325,0.3367447853088379,-0.015584638342261314,-0.20980563759803772,-0.06850256025791168,-0.06155628710985184,0.7950161099433899,-0.34055083990097046,0.08827383071184158,-0.22346973419189453,0.18522515892982483,-0.11478877067565918,-0.02350260317325592,0.21262970566749573,0.01777726039290428,0.20148327946662903,0.0015173554420471191,0.04064022749662399,0.2817901074886322,-0.3096057176589966,0.3275049328804016,0.01727343164384365
CID000003255,296,0.1244058832526207,0.16019605100154877,-0.4857327938079834,0.2698453962802887,-0.029989710077643394,-0.16056083142757416,-0.034156739711761475,-0.22739486396312714,0.001513770199380815,-0.1317353993654251,0.17325572669506073,0.11071256548166275,-0.1525605469942093,-0.16700752079486847,-0.19100996851921082,0.08607891947031021,0.5325966477394104,-0.03472885861992836,-0.23960909247398376,-0.15074995160102844,-0.15391626954078674,0.04058274254202843,0.2510477900505066,-0.009374204091727734,-0.7112501859664917,-0.8335007429122925,-0.6956913471221924,-0.030050914734601974,-0.14688079059123993,0.23044128715991974,1.2889258861541748,0.11383875459432602,-0.08409477770328522,-0.006086015608161688,-0.11735321581363678,0.09465260803699493,0.7218396067619324,-0.20141509175300598,0.0019918023608624935,-0.11562824249267578,0.1136881485581398,0.47130218148231506,-0.1619545966386795,-0.06911776959896088,-0.015322049148380756,-0.07913526892662048,0.490100234746933,-0.019160890951752663,-0.2307753562927246,-0.08218484371900558,-1.0506000518798828,-0.03823566064238548,0.3651873469352722,0.06359998881816864,0.014617669396102428,-0.4628778398036957,-0.19354213774204254,0.3413873314857483,-0.28408268094062805,-0.1619330793619156,0.040572214871644974,-0.2382848560810089,0.04749373719096184,0.7055162787437439,-0.15478309988975525,0.5916135311126709,0.1144692450761795,0.2558683156967163,-0.06363093107938766,0.10549024492502213,-0.7159073948860168,-0.12382650375366211,-0.6714125871658325,0.4039475917816162,0.205642968416214,0.643927812576294,0.47119808197021484,0.16778764128684998,1.0645477771759033,0.10895410925149918,0.020101256668567657,0.02058815397322178,0.3089139461517334,0.29071110486984253,-0.11327821016311646,0.1672063171863556,0.06920482218265533,-0.3696959912776947,0.09409373998641968,-0.012523817829787731,-0.08238384872674942,0.0787954330444336,-0.3181019723415375,0.21388714015483856,-0.22981277108192444,0.2218644618988037,-0.07531365752220154,0.2601456642150879,-0.005658603273332119,-0.9068914651870728,-0.1532750427722931,0.12097100913524628,0.053864020854234695,-0.22793260216712952,-0.1221635565161705,-0.23887693881988525,1.1334965229034424,0.19762997329235077,0.16628095507621765,0.17994150519371033,0.04898761585354805,-0.13457082211971283,0.05905637890100479,-0.8734207153320312,0.03469918295741081,-0.5346587896347046,-0.27052196860313416,0.06966289132833481,0.07152289152145386,0.42022666335105896,-0.07593749463558197,-0.1613766998052597,0.3988952040672302,-0.10199981927871704,0.04019550234079361,-0.02148059383034706,-0.09040367603302002,-0.044461656361818314,-0.11454270780086517,-0.13546885550022125,-0.6630419492721558,-0.44561967253685,0.004444932099431753,0.10348339378833771,-0.06204316020011902,0.8120686411857605,-0.2819000780582428,-0.08766286075115204,0.33228248357772827,-0.003921019844710827,0.027072370052337646,0.012202143669128418,-0.0070876628160476685,-0.006623041816055775,0.1405012607574463,-0.003734804689884186,-0.1875264048576355,0.22144131362438202,0.18175920844078064,0.03461587429046631,0.7452641129493713,-0.2344740331172943,-0.7584198713302612,-0.5688563585281372,0.2517504394054413,0.027603963389992714,0.1385471522808075,-0.18476422131061554,-0.19197897613048553,-0.07469786703586578,0.22205989062786102,-0.11204017698764801,-0.6977335810661316,0.22025856375694275,-0.4742773175239563,-0.039054591208696365,-0.24043051898479462,0.10408971458673477,0.7606546878814697,-0.29678547382354736,-0.3325822651386261,-0.11158661544322968,-0.00869659148156643,0.1708676517009735,-0.4589013457298279,0.03371264785528183,0.6725359559059143,-0.06373602151870728,0.48066791892051697,0.6524521708488464,0.3640340566635132,-0.19002263247966766,0.015217090025544167,0.22060830891132355,-0.16791096329689026,-0.963227391242981,-0.2682253420352936,0.016147995367646217,-0.3139271140098572,-0.17903710901737213,-0.23846685886383057,0.7129724621772766,0.024905478581786156,-0.2242232859134674,-0.16272175312042236,0.22834400832653046,-0.0775156170129776,-0.09332078695297241,0.4495410919189453,-0.18628525733947754,0.051095642149448395,0.364814430475235,0.02108135260641575,-0.13932879269123077,-0.5474088788032532,0.006885695271193981,-0.22159835696220398,0.15212170779705048,0.05846833065152168,-0.10097761452198029,-0.05330240726470947,0.20355835556983948,-0.1306423842906952,-0.2538120746612549,1.224805474281311,0.3000357151031494,-0.010664994828402996,0.16762889921665192,0.01588108018040657,0.1755913496017456,0.026270437985658646,0.2105977088212967,-0.08987335860729218,-0.3475513458251953,0.13459895551204681,0.43638134002685547,-0.136514812707901,-0.5376392602920532,-0.21777167916297913,0.12647095322608948,0.1972280740737915,0.025498468428850174,-0.053510963916778564,-0.358633428812027,-0.346442312002182,0.14807119965553284,-0.0014657691353932023,-0.045655734837055206,-0.22677847743034363,-0.002814090345054865,1.353318214416504,-0.4008159041404724,-0.09058819711208344,-0.5771244764328003,-0.2483334243297577,-0.2589196562767029,-0.2206425666809082,0.08533971011638641,-0.14794957637786865,0.11740101873874664,0.4416687488555908,0.11345835775136948,-0.0244611743837595,0.048081934452056885,-0.0985548347234726,0.09938996285200119
CID000002554,297,0.08891469985246658,-0.4302156865596771,-0.6396659016609192,0.026366081088781357,0.3544043302536011,0.050425220280885696,0.06514483690261841,-0.44616788625717163,-0.15672196447849274,0.2155448943376541,0.15744082629680634,-0.06415329873561859,-0.23841390013694763,-0.012494334951043129,-0.01893746852874756,0.28872913122177124,0.29462188482284546,-0.006998664233833551,-0.6525837182998657,0.11450673639774323,-0.310245156288147,-0.1508387327194214,0.5222114324569702,0.09162229299545288,-0.38672226667404175,-0.4064304828643799,-0.062010087072849274,-0.25132042169570923,0.35246339440345764,-0.33499449491500854,0.7718513607978821,-0.01400445681065321,-0.08270622789859772,0.13366153836250305,-0.7145435810089111,0.21467754244804382,0.5604491233825684,-0.047005217522382736,0.055452894419431686,0.18952251970767975,-0.3338998556137085,0.4806343913078308,-0.23744532465934753,-0.2073323279619217,0.023489082232117653,0.14121629297733307,0.7217978239059448,-0.28398722410202026,-0.4641764163970947,-0.012964271008968353,-0.5632907152175903,0.1194939836859703,0.3211382031440735,-0.2926444113254547,-0.1100129708647728,-0.2371881753206253,-0.28568607568740845,1.0800117254257202,0.4677780270576477,-0.21488869190216064,0.054825734347105026,0.031593985855579376,-0.1572575867176056,0.8455172777175903,-0.20537135004997253,0.40365010499954224,-0.3013235032558441,-0.1694193184375763,0.11668815463781357,0.0029570013284683228,-0.8878806829452515,-0.1870669573545456,-0.606655478477478,0.16395436227321625,-0.04757263511419296,0.41483503580093384,0.4007081091403961,-0.022123418748378754,0.3325112760066986,-0.08547104895114899,-0.08636896312236786,-0.048166800290346146,-0.28441131114959717,0.10644342750310898,0.07278286665678024,0.30059728026390076,-0.9155715703964233,-0.23866617679595947,0.12821972370147705,0.021449681371450424,-0.3088458180427551,-0.010496482253074646,-0.17835693061351776,-0.004999286029487848,0.2043314427137375,-0.020631078630685806,-0.11079563945531845,0.25470566749572754,0.010184693150222301,-0.43376439809799194,-0.23071911931037903,-0.21249417960643768,0.07520061731338501,0.022354817017912865,0.1893434077501297,-0.42085161805152893,0.6398898363113403,0.05209580808877945,0.015673238784074783,-0.07283692061901093,-0.04254210740327835,0.24388161301612854,0.6357909440994263,-0.46871161460876465,0.09124486148357391,-0.17818525433540344,-0.30923980474472046,-0.16426344215869904,-0.10357125103473663,0.36690062284469604,0.12426593154668808,-0.2489587813615799,-0.09934012591838837,0.1750403493642807,0.1538720428943634,0.12986835837364197,0.2014029324054718,-0.21932652592658997,-0.14410428702831268,0.4839576780796051,-0.6131166219711304,-0.06378307193517685,0.19574670493602753,0.1433737576007843,-0.06831435859203339,0.7807615995407104,-0.11446186155080795,-0.3923805356025696,0.13305075466632843,-0.1746748387813568,-0.1727272868156433,-0.09051497280597687,0.11923585087060928,0.1940663605928421,0.20888979732990265,0.045311879366636276,-0.6790276765823364,0.24183282256126404,0.1601906716823578,-0.16829955577850342,0.5508891940116882,-0.1489514410495758,-0.8594303131103516,-1.2362558841705322,0.8112303018569946,-0.35391420125961304,-0.2567998170852661,0.15245598554611206,-0.48373475670814514,-0.033247314393520355,0.009681081399321556,0.07081014662981033,-0.6417702436447144,0.0428876094520092,-0.5526810884475708,-0.05104460567235947,-0.025540512055158615,-0.3399399220943451,0.35168227553367615,-0.5646986961364746,-0.12021833658218384,-0.11855151504278183,0.07448479533195496,-0.16721537709236145,-0.6943967938423157,-0.24290260672569275,0.5259247422218323,0.18353958427906036,0.5230394601821899,0.010743709281086922,0.6521564722061157,-0.12678828835487366,0.13778874278068542,0.22956931591033936,-0.09874069690704346,-0.3701520264148712,0.083792544901371,-0.36385151743888855,0.10930440574884415,0.02581108547747135,-0.4103613793849945,0.6342718005180359,0.2539111375808716,-0.3095044493675232,-0.08461619913578033,-0.15040183067321777,0.08967085182666779,0.025163546204566956,0.36315909028053284,0.1168256625533104,0.26842761039733887,0.12954182922840118,-0.10867717117071152,0.06565160304307938,-0.46457362174987793,-0.3639848232269287,-0.29315638542175293,-0.12464656680822372,0.009487214498221874,-0.22918495535850525,-0.09733158349990845,0.09173685312271118,-0.07090042531490326,-0.38596639037132263,0.4173462390899658,0.025458205491304398,0.06876905262470245,0.1584835946559906,0.15490879118442535,0.1373305767774582,0.22201403975486755,0.054204296320676804,0.24289675056934357,-0.20826482772827148,0.08457385003566742,0.19296756386756897,-0.0184774212539196,-1.0190566778182983,-0.018348339945077896,-0.22189947962760925,-0.051270920783281326,0.17240777611732483,0.11399181932210922,-0.37767237424850464,-0.7061252593994141,0.04477781057357788,0.03963419795036316,-0.19037288427352905,0.012064834125339985,-0.30778491497039795,0.3409593403339386,-0.3974476754665375,0.12598714232444763,-0.10116453468799591,-0.1442437469959259,-0.5643740892410278,0.0829271525144577,0.1076754480600357,0.03526666387915611,0.2826034128665924,0.23318395018577576,0.11420981585979462,0.014685708098113537,-0.037455517798662186,0.24729299545288086,0.2425103485584259
CID000002617,298,-0.19371135532855988,-0.6130405068397522,-1.3524296283721924,-0.19677017629146576,0.45750847458839417,-0.1202048808336258,0.13825121521949768,-0.9373716115951538,-0.00806659460067749,-0.15932050347328186,0.6866613626480103,0.08524195104837418,-0.10019499063491821,-0.5250881314277649,-0.2759336233139038,0.3237230181694031,1.3077986240386963,-0.046974800527095795,-0.5107386112213135,-0.5389748811721802,-0.44521158933639526,-0.03866250067949295,0.5985515117645264,-0.4591814875602722,-0.9712054133415222,-1.695946455001831,-0.9712370038032532,-0.034464966505765915,-0.12979216873645782,0.12680581212043762,1.9419819116592407,0.30802440643310547,0.1679590940475464,-0.2261008769273758,-0.1278919279575348,-0.4661235809326172,0.5342544317245483,-0.5096147060394287,0.3665190637111664,-0.5282241702079773,-0.7703362703323364,1.9434772729873657,-0.7826509475708008,-0.6434117555618286,-0.0314958319067955,-0.27829477190971375,0.995064377784729,0.02061464823782444,-0.7858334183692932,0.003589409636333585,-0.7110028266906738,0.10578461736440659,0.14350828528404236,-0.261566698551178,0.31400495767593384,-0.9636438488960266,0.27812090516090393,0.858558177947998,-0.3936055302619934,0.6057478189468384,-0.047238539904356,0.002425756771117449,0.16811981797218323,1.1953880786895752,-0.2612326443195343,0.21464762091636658,-0.02666359581053257,0.16344377398490906,-0.32321104407310486,-0.06958721578121185,-1.2610948085784912,0.26253563165664673,-1.3091869354248047,0.11061588674783707,-0.14601069688796997,0.48281192779541016,1.526153802871704,0.6851744651794434,1.2833654880523682,-0.17036661505699158,-0.3457809090614319,-0.26788467168807983,-0.42127910256385803,0.11655154079198837,-0.20985643565654755,-0.04802447557449341,-0.44281190633773804,-0.5877454876899719,0.05568274110555649,0.6357501149177551,-0.14038924872875214,-0.10591902583837509,-0.4694322645664215,0.20525717735290527,-0.18741312623023987,-0.4570654034614563,0.09325478225946426,0.5349319577217102,-0.07685734331607819,-1.0203468799591064,-0.2212086170911789,-0.3719303011894226,0.4020718038082123,-0.5792495608329773,-0.2818804383277893,-0.3441251218318939,1.2354850769042969,-0.06493756175041199,-0.20323476195335388,0.19018830358982086,0.043618202209472656,-0.007837402634322643,0.27318358421325684,-0.5700197815895081,0.08848442882299423,-0.16807541251182556,-0.5449308156967163,0.41063910722732544,-0.2778472900390625,0.5796674489974976,-0.17436683177947998,0.20656974613666534,-0.3044459819793701,-0.03310026600956917,0.3058288097381592,-0.11290955543518066,0.16313718259334564,0.27454468607902527,0.3089914321899414,0.8520510792732239,-1.037139892578125,0.28461185097694397,0.15737542510032654,0.4187987744808197,-0.14796218276023865,0.8249891996383667,-0.23279762268066406,0.09483160823583603,0.7268463373184204,0.010595021769404411,-0.18003520369529724,-0.27318012714385986,-0.04694576933979988,0.20198173820972443,0.2501099705696106,0.2420148104429245,-0.1772448569536209,0.5191748738288879,0.5959717035293579,0.0020266175270080566,0.32790040969848633,-0.6033359169960022,-1.0810840129852295,-1.491514801979065,0.49848800897598267,0.2323121577501297,-0.1278558373451233,0.10903575271368027,-0.11621447652578354,-0.14287224411964417,-0.1523079127073288,-0.247858926653862,-1.1060101985931396,-0.33690473437309265,-0.9590897560119629,-0.4734158515930176,-0.2922024726867676,0.27799803018569946,0.7002657651901245,-0.1319342702627182,-0.08337946236133575,-0.4886106550693512,-0.15736088156700134,0.21529677510261536,-0.955687403678894,-0.15083053708076477,0.6549566388130188,0.15032829344272614,0.6883900165557861,0.4390713572502136,0.7325317859649658,-0.10295139253139496,-0.23628278076648712,0.21769413352012634,0.2753314673900604,-0.7959431409835815,-0.5123432874679565,0.26267170906066895,-0.40520167350769043,-0.04369790107011795,-0.9613432884216309,1.359336256980896,-0.1601705402135849,-0.42450904846191406,-0.13730458915233612,-0.029970252886414528,0.012078920379281044,0.2925650477409363,0.32569336891174316,0.025555795058608055,0.36933907866477966,0.027781376615166664,-0.4002278745174408,0.4372712969779968,-0.09770020097494125,0.5493869185447693,0.09631289541721344,0.28484800457954407,0.1854977160692215,-0.5177892446517944,0.8140562176704407,0.0865563154220581,0.020461035892367363,0.2433966100215912,1.0444839000701904,0.926622748374939,-0.12412905693054199,-0.48043709993362427,0.010022437199950218,0.3694695830345154,0.09188530594110489,0.06978313624858856,-0.06904713809490204,0.003941754810512066,0.16474226117134094,0.14065568149089813,-0.028286108747124672,-1.6595102548599243,-0.04766241833567619,-0.3236371874809265,-0.0518864281475544,0.5046061873435974,-0.34273773431777954,-0.26073914766311646,-1.0551321506500244,0.39101094007492065,-0.4387759268283844,0.09270278364419937,-0.05788547545671463,0.04533205181360245,1.525519847869873,-0.4730032980442047,0.06036794185638428,-0.18177226185798645,-0.26016131043434143,-0.2982172966003418,0.21142475306987762,0.3370670676231384,-0.33152857422828674,0.07453310489654541,-0.01920163631439209,-0.19798749685287476,0.19148077070713043,0.07093850523233414,0.38631463050842285,-0.248627707362175
CID000054688,299,0.09224456548690796,0.24025872349739075,-0.5341819524765015,0.25587090849876404,-0.06573819369077682,-0.08571569621562958,-0.022321272641420364,-0.2659970223903656,-0.029091984033584595,-0.10440826416015625,0.12852445244789124,0.0753265842795372,-0.15820267796516418,-0.23100748658180237,-0.13661935925483704,0.11837504804134369,0.531001627445221,-0.07310289144515991,-0.24402816593647003,-0.21453671157360077,-0.1850837767124176,0.01894683763384819,0.32875746488571167,0.014175871387124062,-0.7299425601959229,-0.8538961410522461,-0.6389052271842957,-0.035637278109788895,-0.21893170475959778,0.23837442696094513,1.3680797815322876,0.10543916374444962,-0.07268631458282471,0.010224232450127602,-0.148200124502182,-0.05431555584073067,0.7093170285224915,-0.18856802582740784,-0.02604336477816105,-0.1783711016178131,-0.009940117597579956,0.5266799926757812,-0.307122141122818,-0.006649368908256292,0.02799655869603157,-0.07143780589103699,0.4841703474521637,0.022974833846092224,-0.23704907298088074,-0.0533234179019928,-0.8299113512039185,-0.0442386120557785,0.2668738067150116,-0.043433163315057755,0.006570111960172653,-0.4791295528411865,-0.21976438164710999,0.38421934843063354,-0.29358214139938354,-0.14877480268478394,0.020205017179250717,-0.3313739001750946,0.03925337269902229,0.6985858082771301,-0.13939446210861206,0.5302461385726929,0.08511179685592651,0.22673439979553223,-0.016689080744981766,0.1261688619852066,-0.7816828489303589,-0.09908144176006317,-0.6952564120292664,0.44974803924560547,0.16647854447364807,0.6189373731613159,0.6484434604644775,0.2683195471763611,1.0298618078231812,0.12627004086971283,-0.03652649745345116,-0.014764172025024891,0.24977044761180878,0.2931433618068695,-0.08711840957403183,0.15756337344646454,0.11481968313455582,-0.4003724455833435,0.08219374716281891,-0.010863246396183968,-0.07021783292293549,0.08460485935211182,-0.23809675872325897,0.10675720125436783,-0.2339015007019043,0.22251427173614502,-0.12474087625741959,0.2932913899421692,0.03150982782244682,-0.9323604702949524,-0.16515186429023743,0.1495753675699234,0.14133822917938232,-0.20877011120319366,-0.09572260081768036,-0.27398744225502014,1.1456283330917358,0.2155797928571701,0.20422105491161346,0.19766941666603088,0.04190117120742798,-0.1535068154335022,0.08490137755870819,-0.660255491733551,0.031970612704753876,-0.5760660767555237,-0.25521618127822876,0.06382931768894196,0.0681864395737648,0.46028488874435425,-0.0804290622472763,-0.16068550944328308,0.36680206656455994,-0.07895319908857346,-0.026961442083120346,-0.03572766110301018,-0.02865336462855339,-0.12004667520523071,-0.0945093110203743,-0.15026448667049408,-0.6611851453781128,-0.39023613929748535,0.02546142414212227,0.06649430841207504,-0.053358327597379684,0.768035888671875,-0.3139384984970093,-0.07351884245872498,0.261384516954422,0.02302178367972374,-0.0020346820820122957,0.021611547097563744,-0.052219174802303314,0.024307817220687866,0.1867344081401825,0.0024033174850046635,-0.1902446448802948,0.2719692289829254,0.16399720311164856,-0.035227082669734955,0.6055930852890015,-0.1825253665447235,-0.7627565860748291,-0.5708070993423462,0.32635217905044556,0.04219852760434151,0.12579131126403809,-0.16852465271949768,-0.1581653207540512,-0.06784754246473312,0.22470024228096008,-0.11174900829792023,-0.7374431490898132,0.18401488661766052,-0.4524292051792145,-0.03634905070066452,-0.2713821828365326,0.21106286346912384,0.7059341669082642,-0.3677326440811157,-0.2536585330963135,-0.10071004927158356,-0.009672041051089764,0.1200796589255333,-0.4565034806728363,-0.03804190829396248,0.6343110203742981,-0.05977175384759903,0.5163309574127197,0.6721499562263489,0.5268305540084839,-0.14699730277061462,0.032613981515169144,0.22481921315193176,-0.13040503859519958,-0.9504283666610718,-0.2719038128852844,0.05376948043704033,-0.2756361961364746,-0.18428142368793488,-0.32182589173316956,0.6652370691299438,0.04961136728525162,-0.32320666313171387,-0.14280681312084198,0.273273766040802,-0.06656446307897568,-0.038229115307331085,0.4489342272281647,-0.17156648635864258,0.05276172608137131,0.3328723609447479,-0.007793405558913946,-0.11082971096038818,-0.5307403802871704,0.02274966612458229,-0.1561025083065033,0.17276707291603088,0.08226799964904785,-0.07807407528162003,-0.07938800752162933,0.2083662450313568,-0.10813166946172714,-0.2632374167442322,1.3106963634490967,0.3463948667049408,-0.08102206885814667,0.1598210483789444,-0.010413704439997673,0.10794879496097565,0.15674182772636414,0.22432109713554382,-0.11425541341304779,-0.35897529125213623,0.16402168571949005,0.49371251463890076,-0.03155476972460747,-0.5674076080322266,-0.1903349757194519,0.1884782463312149,0.1319740116596222,0.06066981703042984,-0.011470082215964794,-0.41143736243247986,-0.3114958703517914,0.1787705272436142,-0.007667949888855219,-0.05176828056573868,-0.2891189157962799,0.02290712669491768,1.3504043817520142,-0.46158450841903687,-0.10869600623846054,-0.6067148447036743,-0.22116699814796448,-0.2781546711921692,-0.17344041168689728,0.14094071090221405,-0.13744178414344788,0.11938886344432831,0.40987420082092285,0.10735386610031128,0.02156614139676094,0.030712712556123734,-0.09463443607091904,0.08828173577785492
CID000004614,300,0.06751386821269989,-0.31187427043914795,-0.5118588805198669,0.22639112174510956,0.3983765244483948,-0.1246933788061142,-0.10991986095905304,-0.5043407678604126,-0.23685555160045624,-0.07366859912872314,0.2712218165397644,0.032782308757305145,-0.07894481718540192,0.0069047571159899235,0.09778223931789398,0.1377800703048706,0.31540361046791077,0.1164841279387474,-0.11320128291845322,0.17536093294620514,-0.11522302776575089,0.08080259710550308,0.4691340923309326,-0.005214889533817768,-0.40156084299087524,-0.6658521294593811,-0.4900820255279541,0.19151237607002258,-0.004547291900962591,0.04419214278459549,0.5259575843811035,0.11144141852855682,-0.08830984681844711,0.48054495453834534,-0.0986296758055687,0.20720669627189636,1.1796321868896484,-0.07368437200784683,0.05832751840353012,0.17257054150104523,0.07758111506700516,0.4361693859100342,-0.4629032611846924,0.002505306852981448,-0.08457022905349731,0.12395453453063965,0.5552189946174622,-0.23645952343940735,-0.44132906198501587,-0.0781325101852417,-0.329886794090271,0.1959776133298874,0.3351917564868927,-0.3151654899120331,0.24763092398643494,-0.11995339393615723,-0.33569613099098206,0.41040515899658203,0.039133571088314056,-0.07037307322025299,-0.015638066455721855,-0.18407681584358215,-0.06529904901981354,0.6157935857772827,0.03974403068423271,0.12656699120998383,-0.21218478679656982,-0.17204442620277405,0.0433305948972702,0.08846808224916458,-0.5824500918388367,0.16042165458202362,-0.6704453229904175,0.5055874586105347,0.009161978960037231,0.3247513175010681,0.5578201413154602,0.10886736214160919,0.3492174744606018,-0.021777337417006493,0.017404403537511826,-0.15857747197151184,0.060333698987960815,-0.05189736559987068,0.09092280268669128,0.335604727268219,-0.17330773174762726,-0.1398441195487976,-0.056882333010435104,0.1823195368051529,-0.25780683755874634,-0.02333802916109562,-0.05394311994314194,-0.009905247017741203,0.18083544075489044,-0.03728925436735153,-0.03276249021291733,0.2506222128868103,-0.022502610459923744,-0.7502297759056091,-0.06551633775234222,-0.1947779357433319,0.14275909960269928,0.018849525600671768,0.2452845573425293,-0.01682746782898903,0.9696769714355469,-0.12002582848072052,0.2607209086418152,-0.042479388415813446,-0.15886971354484558,0.01536163967102766,0.13818399608135223,-0.05668150633573532,0.14602728188037872,-0.4226783215999603,-0.37819522619247437,0.012506586499512196,-0.15856891870498657,0.17690464854240417,-0.2295455038547516,-0.3173177242279053,0.18720750510692596,0.1106630340218544,-0.054510634392499924,0.027899522334337234,0.24470338225364685,-0.05298188328742981,-0.34072309732437134,0.29410845041275024,-0.6269362568855286,-0.43417930603027344,0.36292764544487,0.06839816272258759,0.03771675378084183,0.6547110676765442,0.22667255997657776,-0.11132341623306274,0.2185509204864502,-0.15082314610481262,-0.058383237570524216,-0.22551055252552032,-0.02370019629597664,0.0927506536245346,0.051526058465242386,0.05843191593885422,-0.17452797293663025,0.0030994967091828585,-0.08839838206768036,-0.07011785358190536,0.11998673528432846,-0.1334923952817917,-0.4526382088661194,-0.5472670793533325,0.49634504318237305,-0.15208634734153748,0.3595324158668518,0.05590580031275749,-0.3212438225746155,-0.06248968094587326,-0.059578996151685715,0.29505443572998047,-0.9299629330635071,0.07189968228340149,-0.3256337344646454,0.06439419835805893,0.01730096898972988,-0.24530203640460968,0.6584467887878418,-0.47312918305397034,-0.1627855747938156,-0.057504139840602875,0.045197270810604095,-0.09336436539888382,-0.4960862994194031,-0.20765981078147888,0.39008694887161255,0.10724829137325287,0.5601679682731628,-0.11168259382247925,0.6414052248001099,-0.18790650367736816,-0.12647731602191925,0.4571102559566498,-0.04725971072912216,-0.4675758481025696,-0.15279501676559448,-0.17226985096931458,-0.20671191811561584,-0.10317306220531464,-0.3086378574371338,0.9907504916191101,-0.0990520566701889,-0.4789011478424072,0.12778015434741974,-0.1161612868309021,-0.017388155683875084,0.18156227469444275,0.3954924941062927,-0.08515181392431259,0.24029627442359924,0.41671234369277954,-0.12679187953472137,0.09623472392559052,-0.38873058557510376,-0.3338349461555481,-0.1970653235912323,0.08520110696554184,-0.1577351987361908,-0.18354514241218567,-0.14586591720581055,0.004392153117805719,-0.14890369772911072,-0.30403992533683777,0.6083775162696838,-0.04884014278650284,-0.04070315137505531,-0.29038023948669434,0.01993457041680813,0.030619937926530838,0.20430389046669006,0.02465023286640644,0.19155588746070862,-0.12921378016471863,0.18076899647712708,0.02469932660460472,0.020261147990822792,-0.5667529702186584,-0.22249099612236023,-0.0572844073176384,-0.2266860008239746,0.09654854238033295,0.06382571160793304,-0.1834295243024826,-0.461840957403183,0.056146346032619476,0.15792949497699738,-0.20493364334106445,0.05154149979352951,-0.06360481679439545,0.7347455620765686,-0.3210044205188751,0.08746723085641861,-0.3115713596343994,-0.06951089948415756,-0.3186895251274109,0.09312601387500763,0.24312427639961243,-0.06881745159626007,0.27966058254241943,0.3608068525791168,0.13038063049316406,0.27346575260162354,-0.12135925143957138,0.16600967943668365,0.12257170677185059
CID000005544,301,-0.01978995092213154,0.18796932697296143,-0.4257432520389557,0.2008991539478302,-0.076116181910038,-0.5332943201065063,0.2321566343307495,-0.4538450837135315,0.16543486714363098,-0.578019917011261,0.4037661552429199,0.23689734935760498,0.31115537881851196,-0.1512925922870636,0.03675449639558792,0.18676134943962097,-0.04794328659772873,-0.20431677997112274,-0.350280225276947,-0.5330042839050293,0.1184866651892662,-0.0835813581943512,0.6103880405426025,-0.273312509059906,-0.6457387208938599,-1.095816969871521,-1.083093523979187,-0.09001221507787704,0.13297583162784576,-0.35467419028282166,1.0933961868286133,0.10935302078723907,-0.0007031053537502885,0.1691887378692627,-0.40511593222618103,0.15603266656398773,0.11503994464874268,-0.2398996353149414,0.19766971468925476,0.03992956131696701,-0.8425312042236328,0.08484233915805817,-0.5751446485519409,-0.3481041193008423,0.06950255483388901,-0.06972451508045197,0.3407996594905853,0.17405380308628082,-0.9707522392272949,0.002554315375164151,-0.9556068181991577,-0.2296745479106903,0.5759218335151672,-0.3066156804561615,0.05459564924240112,-0.9086464047431946,0.1886211335659027,1.249027132987976,0.22805003821849823,0.36943474411964417,-0.261949360370636,-0.251065731048584,0.22705943882465363,0.8784631490707397,0.34771937131881714,0.6134082078933716,0.16519419848918915,0.08467001467943192,0.2010091096162796,-0.034950949251651764,-0.9804034233093262,0.12875604629516602,-0.4820767343044281,0.3219969570636749,-0.028428759425878525,0.3430499732494354,0.40990179777145386,0.6718959212303162,0.8637305498123169,0.04220425337553024,-0.2765483558177948,-0.31561416387557983,0.09038220345973969,0.13238532841205597,0.07507909834384918,-0.041872538626194,0.10517372936010361,-0.20518700778484344,-0.26033347845077515,0.12848642468452454,0.10318680852651596,0.0408160500228405,-0.3502722382545471,-0.0037160038482397795,-0.022610671818256378,-0.1406172513961792,0.3193986713886261,0.41926175355911255,0.12820066511631012,-0.3886473476886749,0.04797856882214546,0.2498662769794464,-0.35324010252952576,-0.2863065302371979,-0.1725231409072876,-0.7019603252410889,0.8895055055618286,-0.1349995881319046,-0.10874582827091217,0.13757269084453583,0.12935778498649597,0.27357783913612366,0.5026101469993591,-0.7293293476104736,-0.3378065228462219,-0.04471207410097122,-0.3205520510673523,0.4381968379020691,0.016981065273284912,0.4731939435005188,-0.3071703612804413,-0.19310660660266876,0.2089475393295288,-0.0876370519399643,0.19559551775455475,0.3357047140598297,-0.050736475735902786,-0.1480943262577057,-0.0003478258731774986,-0.028114598244428635,-1.0420615673065186,-0.2595066428184509,0.22561109066009521,0.022936677560210228,-0.11736848205327988,0.6414874196052551,-0.12197776138782501,0.19524013996124268,0.4451412558555603,-0.18904827535152435,0.002023708075284958,-0.20594270527362823,0.3169981837272644,0.21299390494823456,0.24547934532165527,0.028127457946538925,0.020162809640169144,0.5125689506530762,-0.21544723212718964,-0.12404018640518188,0.7199724316596985,-0.4734516143798828,-0.4276346266269684,-0.46576255559921265,-0.04526247829198837,0.12653888761997223,-0.12443332374095917,0.5142396688461304,-0.4463435113430023,-0.153424471616745,0.13207493722438812,-0.060476161539554596,-0.7870784997940063,0.13437139987945557,-0.5574412941932678,-0.26767420768737793,-0.2980094850063324,-0.002824917435646057,0.44381704926490784,-0.4696119725704193,-0.3060266375541687,-0.3880584239959717,-0.04994792491197586,0.12348373234272003,-0.40380769968032837,0.19992539286613464,-0.028703350573778152,0.21868166327476501,0.5253254175186157,0.48633623123168945,0.43637633323669434,-0.01737525686621666,-0.06839166581630707,-0.26411300897598267,0.23691153526306152,-0.08272632211446762,0.16678741574287415,-0.006778293754905462,-0.35536903142929077,-0.306780070066452,-0.2693105936050415,0.6249909400939941,-0.393074095249176,-0.36321821808815,-0.14773014187812805,0.10206571966409683,-0.02607186697423458,0.005004450213164091,0.05557478591799736,-0.07183656841516495,0.5194315314292908,0.1605466902256012,0.15191948413848877,0.10648304224014282,-0.48473700881004333,0.13818076252937317,-0.41111016273498535,-0.11237611621618271,0.04449446126818657,-0.01901640184223652,-0.004866304807364941,0.004181997384876013,-0.04144482687115669,0.1977621614933014,1.0432937145233154,0.28769710659980774,-0.2917342483997345,-0.04019135981798172,-0.05728999525308609,-0.05971353501081467,0.21166923642158508,-0.17451362311840057,-0.037051256746053696,0.03404975309967995,0.20082512497901917,0.4451713562011719,0.07462169229984283,-1.1992218494415283,-0.11496376991271973,0.26734238862991333,0.3057402968406677,0.11362200975418091,0.07781647145748138,-0.4263184070587158,-0.6003743410110474,0.08270265907049179,0.15047821402549744,-0.05290381237864494,0.22853586077690125,-0.07542944699525833,0.2808995246887207,-0.3766937851905823,0.37726691365242004,-0.10822199285030365,0.07179263979196548,-0.11169900745153427,0.041932035237550735,0.06227397173643112,-0.2636875510215759,0.33243903517723083,0.13557419180870056,0.012810510583221912,-0.20857131481170654,-0.4852822422981262,0.09896679222583771,0.03252045437693596
CID000002907,302,0.17432768642902374,-0.3098929226398468,-0.6409242153167725,0.12548260390758514,0.6103302240371704,0.07118385285139084,-0.15394939482212067,-0.9656627774238586,-0.34080061316490173,-0.19337865710258484,0.14231161773204803,0.1620740443468094,0.0678490623831749,-0.15027852356433868,0.06429283320903778,-0.06688953191041946,0.29891237616539,-0.05533944442868233,-0.27089887857437134,0.3057073950767517,-0.01546506304293871,0.20805415511131287,0.4568112790584564,0.14397694170475006,-0.6731074452400208,-0.6938555836677551,-0.39009910821914673,0.10971815884113312,-0.1186588853597641,-0.18498724699020386,0.6026643514633179,0.06577098369598389,-0.15710720419883728,0.491037517786026,-0.21255898475646973,0.22029951214790344,1.2051093578338623,-0.10233055055141449,-0.029422501102089882,0.01072577852755785,-0.0899709016084671,0.4925571084022522,-0.43442434072494507,0.0338866263628006,-0.0943380743265152,-0.02405926026403904,0.6988425254821777,-0.23828482627868652,-0.3400108516216278,0.11658333241939545,-0.4661112427711487,0.14750777184963226,0.3889923095703125,-0.2262726128101349,0.23517589271068573,-0.16317720711231232,-0.16582243144512177,0.754362940788269,0.16414609551429749,0.09275083243846893,-0.025483543053269386,-0.17449970543384552,-0.08464018255472183,0.6380730271339417,0.07137826830148697,0.25839802622795105,-0.23969221115112305,-0.2578195035457611,-0.0966494232416153,0.018081363290548325,-0.5276103019714355,0.1988627165555954,-0.7672567367553711,0.4761278033256531,0.0677352100610733,0.14443087577819824,0.5489261746406555,0.1746210753917694,0.5756157040596008,0.020807867869734764,-0.019043345004320145,-0.5409147143363953,0.05641350895166397,-0.007023713085800409,0.027779007330536842,0.35649293661117554,-0.3893253803253174,-0.3000182509422302,0.08545635640621185,0.05497334152460098,-0.0798802524805069,-0.20711246132850647,-0.08349873870611191,0.09754331409931183,0.1038912758231163,-0.037302110344171524,0.1088760644197464,0.24076959490776062,0.0009678542846813798,-1.0107146501541138,-0.12596848607063293,-0.15124952793121338,0.23814041912555695,-0.17096556723117828,0.2119160145521164,-0.13780325651168823,0.9596956968307495,-0.36480918526649475,0.2876908779144287,-0.06205097585916519,-0.11197634041309357,0.11378028243780136,0.17656978964805603,-0.20768031477928162,0.07946418225765228,-0.2574576735496521,-0.5112026929855347,-0.04493100196123123,-0.18820352852344513,0.15916942059993744,-0.4585507810115814,-0.3644450306892395,0.23705728352069855,0.08332372456789017,0.012113126926124096,-0.15245358645915985,0.4308178424835205,-0.15946821868419647,-0.16418272256851196,0.27977102994918823,-0.6549374461174011,-0.2049093246459961,0.5258216857910156,0.08673351258039474,-0.07107367366552353,0.6285269260406494,0.20865373313426971,0.14166803658008575,0.1806219518184662,-0.15902291238307953,-0.17088201642036438,-0.2931816875934601,0.21714670956134796,0.18388386070728302,-0.038510847836732864,0.31623220443725586,-0.17470885813236237,0.23806579411029816,-0.21429817378520966,-0.13921992480754852,0.2951918840408325,-0.09235533326864243,-0.41567832231521606,-0.7180719375610352,0.6336262822151184,-0.16987678408622742,0.3345681130886078,0.35822147130966187,-0.4640650749206543,-0.05881590396165848,-0.04108545929193497,0.27196192741394043,-1.068977952003479,0.2088472545146942,-0.36688122153282166,-0.12135330587625504,0.14937976002693176,-0.19725994765758514,0.7615383267402649,-0.4844009280204773,-0.14615583419799805,-0.019463535398244858,0.022072898223996162,0.026978513225913048,-0.6483666300773621,-0.22921928763389587,0.8242179751396179,-0.08298580348491669,0.5975991487503052,-0.06213540956377983,0.6361934542655945,-0.34943920373916626,-0.1211664229631424,0.7423789501190186,0.10554244369268417,-0.45271509885787964,0.005347788333892822,-0.14114147424697876,-0.2938288152217865,-0.16731762886047363,-0.46099963784217834,1.2353779077529907,0.00795611459761858,-0.5419614911079407,0.04749254509806633,-0.19755591452121735,0.1381809562444687,0.15664303302764893,0.7270809412002563,-0.0667707547545433,0.4433186650276184,0.12721963226795197,-0.2059987485408783,0.233011394739151,-0.3483090102672577,-0.1770845651626587,-0.12185196578502655,0.025275688618421555,-0.23958344757556915,0.10020878165960312,-0.15809467434883118,0.030109364539384842,-0.19502106308937073,-0.20304086804389954,0.5471616983413696,0.2496153563261032,0.08520428836345673,-0.16285786032676697,-0.2499329298734665,0.10228590667247772,0.12588539719581604,0.14521829783916473,0.215902179479599,-0.10003690421581268,0.33906054496765137,-0.00014491677575279027,0.05745812505483627,-0.7131699323654175,-0.1991402804851532,-0.11617922782897949,-0.28214922547340393,0.19845762848854065,0.17236289381980896,-0.2296941727399826,-0.5253870487213135,0.13744127750396729,0.11443612724542618,0.08580497652292252,0.055894285440444946,-0.19556736946105957,1.0023385286331177,-0.347838819026947,0.0763634592294693,-0.17049308121204376,-0.18465110659599304,-0.42527398467063904,0.1469310075044632,0.19537851214408875,-0.31116122007369995,0.2630273997783661,0.2903713583946228,-0.0096373800188303,0.26868802309036255,-0.050541091710329056,0.282454252243042,0.25869718194007874
CID000003652,303,0.08957602083683014,-0.3125975728034973,-0.811267077922821,0.10039899498224258,0.3236708343029022,-0.22334988415241241,-0.08621851354837418,-0.7577214241027832,-0.1122167557477951,-0.11033489555120468,0.43074092268943787,0.14899906516075134,-0.1255779266357422,0.1376301348209381,0.05836869031190872,0.11869730800390244,0.24192364513874054,0.15814949572086334,-0.020439261570572853,0.10222238302230835,-0.1857498288154602,0.08503014594316483,0.39607664942741394,-0.07247085869312286,-0.37901681661605835,-0.8996884226799011,-0.8719819784164429,0.21047458052635193,-0.03558269888162613,-0.12422581017017365,0.7315720319747925,0.031550951302051544,-0.10246612876653671,0.5834594964981079,-0.030911769717931747,0.1571495085954666,0.8926298022270203,-0.12068089097738266,0.13374784588813782,0.3146491050720215,0.048064664006233215,0.6042687892913818,-0.3034779131412506,-0.08451597392559052,-0.08466621488332748,-0.09739930182695389,0.8331887125968933,-0.3142211437225342,-0.4648037850856781,0.13247203826904297,-0.5348219275474548,0.2876535952091217,0.34155556559562683,-0.23877482116222382,0.14986804127693176,-0.17207050323486328,-0.13480739295482635,0.7360599040985107,0.21016493439674377,-0.03367551043629646,-0.12361910194158554,-0.08773121982812881,0.13592739403247833,0.6774829030036926,0.16758377850055695,0.3883301317691803,-0.12584097683429718,-0.16046392917633057,0.018262464553117752,0.17128852009773254,-0.6718140244483948,0.011781367473304272,-0.64069664478302,0.5970079898834229,0.1500321924686432,0.07427625358104706,0.6015468239784241,0.15153852105140686,0.622747540473938,0.0980895608663559,-0.07308129966259003,-0.20653235912322998,0.09119556099176407,-0.037219833582639694,0.17401883006095886,0.30410516262054443,-0.23236291110515594,-0.23962685465812683,-0.24132998287677765,0.14061185717582703,-0.18134015798568726,-0.16897672414779663,-0.1368177831172943,-0.0993184819817543,0.37357765436172485,0.0669349953532219,-0.035347916185855865,0.11115028709173203,0.022259581834077835,-0.8430216908454895,-0.20573988556861877,-0.11133022606372833,0.1355198323726654,-0.0352647490799427,0.050135355442762375,-0.1151706799864769,0.8508723974227905,-0.05466816946864128,0.3110051453113556,-0.21544905006885529,0.0852527916431427,0.09244503080844879,0.5770179033279419,-0.371712863445282,0.18534603714942932,-0.2739768624305725,-0.41582536697387695,0.0848996490240097,-0.06515776365995407,0.3035118579864502,-0.21206045150756836,-0.3698257505893707,0.08718574792146683,0.08268456906080246,-0.16832920908927917,0.09160707145929337,0.1671459674835205,0.10688436031341553,-0.19750717282295227,0.31206852197647095,-0.6015719175338745,-0.2719952166080475,0.2924821376800537,0.20108070969581604,-0.10898081958293915,0.5957683324813843,0.1674862504005432,0.0023225187323987484,0.5869495272636414,-0.2691357433795929,-0.1260821372270584,-0.19173826277256012,0.007675898261368275,-0.033584367483854294,0.10001833736896515,-0.1292944848537445,-0.058498598635196686,0.08857882767915726,-0.012556229718029499,0.01981922797858715,0.36962080001831055,-0.0629374086856842,-0.7017036080360413,-0.722502589225769,0.44598475098609924,-0.13591749966144562,0.2977967858314514,0.1460702121257782,-0.5246753692626953,-0.08517026901245117,-0.024154672399163246,0.4640734791755676,-1.1547142267227173,0.031714268028736115,-0.3208259046077728,0.11072641611099243,-0.1760621964931488,-0.31255120038986206,0.8609063029289246,-0.3676285445690155,-0.1472984105348587,-0.19812346994876862,-0.20465907454490662,-0.04871884733438492,-0.7782495021820068,-0.36427462100982666,0.4067351222038269,-0.038843560963869095,0.6451401710510254,-0.08747498691082001,0.5431188941001892,-0.09005062282085419,0.001868436811491847,0.5114621520042419,0.11702509969472885,-0.3576034903526306,0.010131674818694592,-0.060180217027664185,-0.4635109007358551,-0.01671653427183628,-0.25337210297584534,1.1861060857772827,-0.25606444478034973,-0.343172162771225,0.12896785140037537,-0.2867282032966614,-0.0743071436882019,0.0503351092338562,0.45058536529541016,-0.05423622205853462,0.3782103359699249,0.4714868664741516,-0.08895523846149445,0.505763053894043,-0.40190863609313965,-0.14960476756095886,-0.22648294270038605,0.03278973698616028,-0.017819568514823914,-0.2512959837913513,-0.2841799259185791,-0.05521272495388985,-0.1189412847161293,-0.2783760726451874,0.7697282433509827,0.15642096102237701,-0.1770540028810501,-0.19279512763023376,-0.019970644265413284,0.28025051951408386,0.12793199717998505,-0.06351270526647568,0.39693087339401245,-0.19468525052070618,0.07839823514223099,0.14172139763832092,-0.004613715223968029,-0.6777373552322388,-0.2783539891242981,0.13125048577785492,-0.04659755155444145,0.1987125277519226,-0.19971278309822083,-0.15305431187152863,-0.6632124185562134,0.32784658670425415,0.2090071141719818,-0.24667224287986755,-0.045701753348112106,-0.08424491435289383,0.572319507598877,-0.21742329001426697,0.05633179470896721,-0.23885326087474823,-0.10026220977306366,-0.157430037856102,0.016337988898158073,0.2093917429447174,-0.12073630094528198,0.280856192111969,0.11399851739406586,0.023299911990761757,0.30928030610084534,-0.14952288568019867,0.18390454351902008,0.02640673518180847
CID000002153,304,-0.17589443922042847,-0.19340035319328308,-0.8059099316596985,0.5098079442977905,0.09343882650136948,0.05916934460401535,-0.16163644194602966,-0.5440669655799866,0.1950463354587555,-0.19972394406795502,0.35580724477767944,0.027802754193544388,-0.09838542342185974,-0.015181449241936207,-0.07027896493673325,0.005244292318820953,0.34351927042007446,0.36793333292007446,-0.4047253727912903,-0.020580023527145386,-0.10291163623332977,0.3806253671646118,0.46290287375450134,0.03099200129508972,-0.6486538648605347,-0.7539792656898499,-0.405454158782959,-0.2721938490867615,0.06790639460086823,0.08320537954568863,0.7883771657943726,-0.08753764629364014,0.11572542041540146,0.49078911542892456,-0.0678313747048378,0.34641265869140625,0.776594877243042,-0.0983876958489418,0.30792444944381714,0.006213819142431021,-0.39194825291633606,0.45677733421325684,-0.1627662181854248,-0.34902191162109375,0.0272348765283823,-0.10829798132181168,0.7875300049781799,-0.30758947134017944,-0.448677122592926,-0.0685804933309555,-0.7319930791854858,0.01536628045141697,0.5276305675506592,0.05976800248026848,0.15694355964660645,-0.2563777267932892,-0.3391837477684021,0.7671242952346802,0.13942667841911316,0.07714623212814331,-0.08192546665668488,-0.2938307523727417,0.3873153626918793,0.7908020615577698,0.06993125379085541,0.6186189651489258,-0.1583576202392578,-0.06934933364391327,-0.0743037685751915,0.09110508114099503,-0.6651284694671631,0.38780224323272705,-0.478942334651947,0.394165575504303,0.09776632487773895,0.43446430563926697,0.29945096373558044,0.1594810038805008,0.7968852519989014,-0.08443618565797806,-0.033391762524843216,-0.19620764255523682,0.14619091153144836,-0.01727188378572464,0.48569411039352417,0.35529929399490356,-0.3898088335990906,-0.3541436791419983,0.13941195607185364,0.10653157532215118,-0.14281795918941498,0.22692005336284637,-0.3770180344581604,-0.2709416151046753,0.045935019850730896,-0.23272176086902618,-0.18668672442436218,0.2823387086391449,-0.02924918197095394,-0.9025406837463379,4.296004590287339e-06,-0.42963799834251404,0.4081462323665619,0.035060904920101166,0.12408411502838135,-0.13937075436115265,0.8842512369155884,-0.012721240520477295,0.15178751945495605,-0.006720870733261108,0.003787454916164279,-0.04285397008061409,0.1331235021352768,-0.681156575679779,0.08995988219976425,-0.38127070665359497,-0.2633892297744751,0.016382325440645218,0.050879061222076416,0.2810348868370056,-0.06943006813526154,-0.3337540626525879,0.12909424304962158,-0.08568840473890305,-0.13467387855052948,0.026291776448488235,0.15448114275932312,-0.08794175088405609,-0.09042294323444366,0.15222415328025818,-0.728410005569458,-0.6769021153450012,0.1504434496164322,0.21429415047168732,-0.16324535012245178,0.6513428688049316,-0.03136911243200302,0.16430291533470154,0.5558711886405945,-0.24797478318214417,-0.02029990963637829,-0.20960688591003418,0.17065735161304474,0.20254595577716827,0.11994998157024384,-0.14244291186332703,-0.3660680651664734,-0.12163780629634857,-0.22686782479286194,0.27985233068466187,0.573142409324646,-0.1053609848022461,-0.6243193745613098,-0.46434465050697327,0.6024368405342102,-0.07446567714214325,-0.010019001550972462,-0.0778513252735138,-0.4267445504665375,0.0716429129242897,-0.12426149845123291,0.10746476799249649,-1.2100398540496826,0.3079395294189453,-0.43953388929367065,-0.143436461687088,-0.4531431794166565,-0.07578758895397186,0.516237735748291,-0.3761914372444153,-0.3970333933830261,-0.0098240552470088,-0.2749355435371399,-0.0494319424033165,-0.811050295829773,-0.08351414650678635,0.5434093475341797,0.033124398440122604,0.5913730263710022,0.2664446234703064,0.32282277941703796,-0.3637339472770691,-0.10102341324090958,0.6871875524520874,-0.08530918508768082,-0.52358078956604,-0.05466727539896965,0.06027519702911377,-0.07564602047204971,-0.08763126283884048,-0.12970037758350372,0.9465122222900391,0.049711279571056366,-0.2951495349407196,-0.03554654121398926,0.03446173667907715,-0.08266453444957733,-0.07202738523483276,0.4526515007019043,-0.3902367055416107,0.4282761216163635,0.26981958746910095,-0.17206774652004242,0.35832592844963074,-0.5087844133377075,0.007211553864181042,-0.36004382371902466,-0.15750528872013092,-0.16412322223186493,-0.21388761699199677,0.05369028449058533,-0.0007690131897106767,0.2189003974199295,-0.39284998178482056,0.9599274396896362,0.19694754481315613,0.11359506845474243,-0.1287079006433487,0.23728351294994354,-0.08769208192825317,0.006834684405475855,0.10847606509923935,0.048806674778461456,-0.07769601047039032,0.02658756636083126,0.2621428668498993,-0.027765337377786636,-0.6296337842941284,-0.004767389036715031,-0.2294391393661499,-0.29684191942214966,-0.04267435148358345,-0.026358971372246742,-0.1148211732506752,-0.7017697095870972,0.16289052367210388,0.15856531262397766,-0.17712178826332092,0.16894790530204773,0.0675170049071312,1.0706136226654053,-0.3622935712337494,0.07575327157974243,-0.43421831727027893,-0.27432534098625183,-0.4348873198032379,-0.17389309406280518,-0.002484577940776944,-0.09205566346645355,0.4329882562160492,0.2482902556657791,0.11666029691696167,0.08110980689525604,-0.05833796411752701,0.1962050348520279,-0.003659748937934637
CID000008953,309,0.0900707095861435,-0.17651084065437317,-0.8103014826774597,0.21079131960868835,0.3996947407722473,-0.09917651116847992,-0.4253714680671692,-0.5661110281944275,-0.2318335324525833,0.22730326652526855,0.4502267837524414,0.12366926670074463,-0.514414370059967,-0.1493067443370819,0.009119367226958275,0.4112068712711334,0.39765068888664246,-0.25081363320350647,-0.20320527255535126,-0.23102697730064392,0.049474455416202545,0.06849779188632965,0.478501558303833,-0.10004439204931259,-1.1911194324493408,-1.0494472980499268,-0.8056031465530396,-0.20104217529296875,0.060136258602142334,-0.258375346660614,1.2287871837615967,0.06424816697835922,0.061216890811920166,0.2591607868671417,-0.7898989915847778,0.32349687814712524,1.3970105648040771,-0.26430433988571167,-0.053907811641693115,0.07558836042881012,-1.2106242179870605,0.800439178943634,-0.6437641978263855,-0.11773903667926788,-0.1940889060497284,-0.12596113979816437,0.6216062903404236,-0.45188021659851074,-0.3285713493824005,-0.1378062516450882,-0.710788369178772,0.6444961428642273,0.15729431807994843,0.1251947581768036,-0.09917380660772324,0.16270600259304047,-0.020932456478476524,0.904391884803772,0.67707359790802,0.0004659831465687603,-0.270352840423584,-0.1494523584842682,0.12153246253728867,1.2109843492507935,0.5517825484275818,0.16772864758968353,0.016489826142787933,-0.5806149840354919,0.12500260770320892,0.1722649484872818,-0.644316554069519,0.6731618642807007,-1.1091679334640503,0.23554623126983643,0.06470684707164764,0.37292468547821045,1.2408552169799805,0.6378540992736816,1.0432912111282349,-0.3066370487213135,0.08179347962141037,-0.1676914095878601,-0.09457013010978699,-0.38220328092575073,0.10958854109048843,0.05397163704037666,-0.412651002407074,-0.3273754119873047,-0.16471070051193237,0.23444855213165283,-0.2283729612827301,0.079988494515419,-0.23977048695087433,0.22575919330120087,-0.15691736340522766,-0.8605872988700867,-0.1766137033700943,0.2849801778793335,-0.1625860631465912,-1.0176801681518555,-0.13456934690475464,-0.3650693893432617,-0.06803613156080246,-0.12016979604959488,0.007492251694202423,-0.2939760088920593,1.1952584981918335,-0.2888948321342468,0.2519771456718445,-0.2259894609451294,0.2861008644104004,-0.08757014572620392,0.44760051369667053,-0.4415811002254486,0.28870394825935364,-0.4170868992805481,-1.1296128034591675,0.046884529292583466,0.03419772535562515,0.47661811113357544,0.12235406786203384,-0.41296228766441345,0.3097077012062073,0.016516009345650673,-0.040529798716306686,-0.21298155188560486,0.3579441010951996,-0.04719021916389465,-0.020921554416418076,0.12284617125988007,-1.070873498916626,-0.2598666846752167,0.5991717576980591,0.3406229019165039,0.2987107038497925,0.8101004362106323,0.46070432662963867,-0.34313446283340454,0.6530638337135315,-0.5389485955238342,0.26975518465042114,0.02253584936261177,0.041697908192873,-0.26756376028060913,0.13886980712413788,0.2645648121833801,-0.14649158716201782,0.32707127928733826,-0.30398115515708923,-0.3279716968536377,0.4187132716178894,-0.28348425030708313,-1.1009494066238403,-1.7437225580215454,0.8531084060668945,-0.3160170614719391,-0.09275660663843155,0.19889260828495026,-0.7446737289428711,0.02064099721610546,0.12517091631889343,0.21860773861408234,-1.0181070566177368,0.02398967370390892,-0.3783923089504242,-0.3649487793445587,0.00027507691993378103,-0.14683489501476288,0.4311380386352539,-0.9386857748031616,0.08349005877971649,-0.16510215401649475,0.20140857994556427,-0.05950242280960083,-0.9818910360336304,-0.5967980027198792,1.5359102487564087,0.012599701061844826,0.40164002776145935,-0.2269555628299713,0.8403307795524597,-0.18041342496871948,-0.11700868606567383,1.1078789234161377,0.17519764602184296,-0.908164381980896,0.5335692763328552,0.003873789217323065,-0.35832756757736206,0.05941373109817505,-0.6671182513237,1.365568995475769,-0.6398760080337524,-0.5195698142051697,0.2324972152709961,-0.40264374017715454,-0.12996923923492432,-0.11059866845607758,0.9573443531990051,-0.38981908559799194,0.7119318246841431,-0.14130976796150208,-0.09628914296627045,0.5574567914009094,-0.5067434310913086,0.2876747250556946,0.10345923900604248,-0.4346679747104645,-0.18315929174423218,-0.20731551945209503,-0.29198595881462097,-0.3847646713256836,0.05212165787816048,-0.08768212795257568,1.236994743347168,0.49886178970336914,-0.19519737362861633,-0.45120030641555786,0.019295478239655495,-0.0823630690574646,-0.11828212440013885,0.2246527224779129,-0.2089112550020218,0.6555400490760803,-0.04617311805486679,0.06024784967303276,-0.21686871349811554,-1.785292387008667,-0.252065509557724,-0.19040629267692566,0.13817404210567474,-0.11967642605304718,0.17259393632411957,-0.15208964049816132,-0.9068527221679688,0.2137054204940796,0.10335393249988556,-0.04415614902973175,-0.17590945959091187,0.08973382413387299,1.6511592864990234,-0.22029975056648254,-0.18854306638240814,-0.4344139099121094,0.3947342336177826,-0.3834518790245056,-0.09669294208288193,0.5351607203483582,-0.11644898355007172,0.3226141631603241,0.28919368982315063,-0.14978662133216858,-0.09438465535640717,-0.08304543793201447,0.41381216049194336,0.02680538035929203
CID000000937,310,0.19334663450717926,-0.31797248125076294,-0.7710936069488525,0.052793003618717194,0.6467690467834473,0.3080006241798401,-0.15279781818389893,-1.043555736541748,-0.43466639518737793,-0.217573881149292,0.03354150429368019,0.07440660893917084,-0.03664438799023628,-0.20046591758728027,-0.09881529211997986,0.0326257161796093,0.4202720522880554,-0.017103426158428192,-0.4522566795349121,0.24582448601722717,-0.23498554527759552,0.09386613219976425,0.6394344568252563,0.16491830348968506,-0.5475311875343323,-0.7147760987281799,-0.451465904712677,0.07127074897289276,0.06293170154094696,-0.060660164803266525,1.1090325117111206,-0.0299919955432415,-0.19027481973171234,0.7096275091171265,-0.50035560131073,0.08167888224124908,1.596357822418213,-0.14856581389904022,-0.027081603184342384,-0.006611859891563654,-0.48322805762290955,0.6848567724227905,-0.19055113196372986,-0.02531827613711357,0.004944703076034784,-0.04918811842799187,0.7833107709884644,-0.1472535878419876,-0.3201679587364197,0.22358901798725128,-0.4506230354309082,0.18406665325164795,0.35072606801986694,-0.12432631105184555,0.1663840115070343,-0.32045310735702515,-0.26033028960227966,0.892228901386261,0.08205556124448776,0.01215450745075941,-0.15228977799415588,-0.21188625693321228,-0.23538747429847717,0.94829922914505,0.21042609214782715,0.41067203879356384,-0.132985919713974,-0.13842692971229553,-0.17825499176979065,-0.0009803492575883865,-0.7113823294639587,0.15453079342842102,-1.1399235725402832,0.23760589957237244,0.17377212643623352,0.10185176134109497,0.6254466772079468,0.09834226965904236,0.7050527334213257,0.16732415556907654,0.006141155958175659,-0.5621081590652466,0.0721491128206253,-0.13769225776195526,0.05639530345797539,0.3151950240135193,-0.655730664730072,-0.3451080322265625,-0.08400492370128632,0.017314672470092773,-0.10119010508060455,-0.1781568080186844,-0.20431280136108398,0.08214743435382843,-0.02099486254155636,-0.14353477954864502,0.07324930280447006,0.19455586373806,0.005857750773429871,-0.8424074053764343,-0.10442416369915009,-0.0049157897010445595,0.07393177598714828,-0.31219735741615295,0.2805172801017761,-0.1389717161655426,1.057932734489441,-0.22183403372764587,0.13469892740249634,-0.00744596729055047,0.1019911915063858,-0.0033053949009627104,0.4308847486972809,-0.25831693410873413,0.1423780918121338,-0.1575961858034134,-0.48040610551834106,0.16670143604278564,-0.21301858127117157,0.26294630765914917,-0.5458632111549377,-0.2770279049873352,0.05756285786628723,-0.039618611335754395,-0.043230973184108734,-0.22641058266162872,0.430326372385025,-0.24108898639678955,-0.03137093782424927,0.31346026062965393,-0.8803450465202332,-0.2293540984392166,0.4941195547580719,0.19235263764858246,0.06890551000833511,0.8411256670951843,0.30688589811325073,0.03058357909321785,0.21239888668060303,-0.05853390693664551,-0.06611502915620804,-0.3764861524105072,0.1372465044260025,0.29098376631736755,-0.042106740176677704,0.23191098868846893,-0.3485659956932068,0.17169582843780518,-0.03357381373643875,-0.2606375515460968,0.36525243520736694,-0.041958488523960114,-0.7119007110595703,-0.8127408027648926,0.8600063323974609,-0.2276206761598587,0.21407409012317657,0.3637373745441437,-0.3261893689632416,0.04299632087349892,-0.08664269745349884,0.29534366726875305,-1.1304075717926025,-0.014951241202652454,-0.4043903946876526,-0.2234552800655365,0.1407550573348999,-0.29840120673179626,0.5991511344909668,-0.47797447443008423,-0.2598169445991516,-0.14500796794891357,0.13871943950653076,0.0421275720000267,-0.7900339365005493,-0.11676327884197235,0.9733756184577942,-0.08801673352718353,0.6661363840103149,0.025966588407754898,0.44682493805885315,-0.3447309732437134,-0.06854613125324249,0.7617454528808594,0.15162745118141174,-0.4999784827232361,-0.03374812752008438,-0.09266135841608047,-0.458029568195343,-0.06410624086856842,-0.4895431399345398,1.03538179397583,-0.1256435215473175,-0.45646852254867554,0.013622229918837547,-0.0007689066114835441,0.16990971565246582,0.20178775489330292,0.6122772097587585,0.021228797733783722,0.41204753518104553,-0.02666034735739231,-0.07577422261238098,0.1316746175289154,-0.2691287100315094,-0.16738291084766388,-0.033341292291879654,0.23699021339416504,-0.1885567009449005,0.0076635852456092834,-0.2796472907066345,-0.01400283258408308,-0.24286003410816193,-0.3017939329147339,0.6352237462997437,0.394347220659256,0.08182939887046814,-0.24794630706310272,-0.25903159379959106,0.020193373784422874,-0.060391586273908615,0.062085747718811035,0.14712929725646973,0.0019359115976840258,0.1706523299217224,0.021475430577993393,0.10973026603460312,-1.1331998109817505,-0.10235314071178436,-0.017200129106640816,-0.15956935286521912,0.422363817691803,0.10137160122394562,-0.1594122350215912,-0.6247327327728271,0.2430754452943802,0.009799465537071228,0.12997326254844666,-0.13183550536632538,-0.07650081813335419,0.8800600171089172,-0.3944026827812195,0.22876973450183868,-0.11639728397130966,-0.2902732491493225,-0.2964666485786438,0.2967256009578705,0.32758668065071106,-0.2965497076511383,0.2612082064151764,0.3620683252811432,-0.009156723506748676,0.2049221694469452,-0.061314117163419724,0.4347671568393707,0.20268845558166504
CID000054454,311,-0.010051736608147621,-0.05818038061261177,-0.6266926527023315,0.3526698052883148,0.15003298223018646,-0.2697247862815857,0.0936945453286171,-0.1789698600769043,-0.06397151947021484,-0.09170793741941452,0.4877096116542816,-0.09453629702329636,0.05031247064471245,-0.2149374932050705,0.15489840507507324,0.043581701815128326,0.027983879670500755,-0.2596302628517151,-0.2425953447818756,0.016807138919830322,0.16678486764431,0.11888136714696884,0.593881368637085,0.14234647154808044,-0.6218321323394775,-0.6276698112487793,-0.517848551273346,-0.10126399993896484,0.028784310445189476,0.20666122436523438,0.5423141717910767,0.09298082441091537,-0.0987548977136612,-0.01710338518023491,-0.23172979056835175,-0.020115427672863007,0.3868575990200043,-0.19473235309123993,-0.0359051451086998,-0.09206477552652359,-0.3120534420013428,0.1803663671016693,-0.19730614125728607,-0.09451963752508163,-0.036019742488861084,-0.02956431545317173,0.26092529296875,-0.07527831941843033,-0.6150943636894226,0.16767284274101257,-0.6345363855361938,0.24671392142772675,0.9836910367012024,-0.24622699618339539,0.10476335138082504,-0.19584210216999054,-0.1411759853363037,0.5637454390525818,0.07066278159618378,-0.05769085884094238,-0.0032909573055803776,-0.3275226950645447,0.2406424731016159,0.9653976559638977,0.05836506560444832,0.7331106066703796,-0.04010959714651108,-0.035956911742687225,0.10686973482370377,-0.1790909469127655,-0.49644097685813904,0.13231709599494934,-0.33820128440856934,0.5272247791290283,0.07742581516504288,0.44451767206192017,0.27049848437309265,-0.06933741271495819,0.2538045048713684,0.18970999121665955,-0.11556730419397354,-0.07565878331661224,-0.0241001695394516,-0.2635592818260193,-0.23527264595031738,0.157516747713089,-0.016652071848511696,-0.07142641395330429,-0.038322173058986664,0.19484899938106537,-0.04543643444776535,-0.05938972160220146,-0.438516229391098,0.017465127632021904,-0.05570748448371887,0.19082674384117126,-0.15192222595214844,0.1568084955215454,0.011199751868844032,-0.7378811836242676,-0.07202403247356415,-0.20647311210632324,0.18606850504875183,-0.12146490812301636,0.12186839431524277,-0.3138759732246399,0.4739247262477875,-0.023756643757224083,0.14622817933559418,0.07833804935216904,0.10612165927886963,-0.44904571771621704,0.4981718063354492,-0.7947403788566589,-0.04168953001499176,-0.3004898428916931,-0.044044606387615204,0.07929620891809464,0.13668546080589294,0.03251420333981514,0.11004068702459335,-0.17580658197402954,0.07183770835399628,0.09576646983623505,-0.069127656519413,0.3163129985332489,0.06482259184122086,0.1175897866487503,-0.017594648525118828,-0.08608342707157135,-0.6136566400527954,-0.28612250089645386,0.14554934203624725,0.10746663808822632,-0.005983547307550907,0.8042141795158386,0.21458518505096436,-0.3430897295475006,0.47362494468688965,0.05750822275876999,-0.077418252825737,-0.09718365967273712,0.37519702315330505,0.19416077435016632,0.12269330024719238,0.046400219202041626,-0.41791582107543945,0.007944464683532715,-0.14279718697071075,-0.06453485041856766,0.6374300122261047,0.010771947912871838,-0.34680354595184326,-0.6167548298835754,0.3095458149909973,-0.04630802199244499,-0.10096777975559235,-0.24972239136695862,-0.6579577326774597,0.049469735473394394,0.09235674887895584,0.0837140902876854,-0.8860607147216797,0.05812513083219528,-0.4410898685455322,-0.02542980946600437,0.03028925135731697,-0.04711563140153885,0.4870372712612152,-0.5182269811630249,-0.6715434193611145,0.152699813246727,-0.019579123705625534,0.006737417075783014,-0.1712149828672409,-0.08172400295734406,0.23744992911815643,-0.16911551356315613,0.6220125555992126,0.2563902735710144,0.11214716732501984,-0.06391420215368271,-0.22949326038360596,0.4600718915462494,-0.23638638854026794,-0.22498635947704315,-0.007946029305458069,0.01744111441075802,-0.27680715918540955,-0.35599642992019653,-0.08030281215906143,0.50629723072052,-0.05760263651609421,-0.38710153102874756,-0.008752995170652866,-0.13448551297187805,-0.0375891737639904,0.05651388317346573,0.40959200263023376,-0.1239103451371193,0.47643452882766724,0.523150622844696,0.05191517993807793,0.003397642867639661,-0.5691750645637512,-0.2275708168745041,-0.46556633710861206,-0.0849934071302414,-0.077297143638134,-0.11057714372873306,0.15502797067165375,0.037024009972810745,0.05514290928840637,0.01788383349776268,0.942883312702179,0.020417019724845886,0.12595392763614655,-0.17359599471092224,-0.04652830958366394,0.061196453869342804,0.24248042702674866,-0.05298442766070366,-0.05664767697453499,-0.3267367482185364,-0.2881231904029846,-0.0007085725665092468,0.09190921485424042,-0.5011458396911621,-0.027122538536787033,-0.19869573414325714,0.08566759526729584,-0.04799611121416092,-0.005806136876344681,-0.24826578795909882,-0.7471804022789001,-0.17040026187896729,0.0026230751536786556,-0.10134818404912949,-0.12880994379520416,0.45199424028396606,0.4313419759273529,-0.47921282052993774,-0.09740699827671051,-0.584561824798584,-0.23034027218818665,-0.49442070722579956,0.04700852185487747,-0.23390249907970428,0.08801796287298203,0.1491151750087738,0.1185372844338417,0.05066389963030815,0.03514201566576958,-0.2005067765712738,0.1692965030670166,0.08682410418987274
CID000104741,314,-0.04748527333140373,-0.1849038451910019,-0.44039565324783325,0.049412745982408524,0.41921526193618774,-0.12059835344552994,0.047884367406368256,-0.28505825996398926,-0.09937423467636108,0.01365880947560072,0.5205345153808594,-0.0040013776160776615,-0.1063275933265686,-0.01828213408589363,0.09369532763957977,0.3140104413032532,0.6683505773544312,-0.21222373843193054,-0.2583536207675934,0.22507235407829285,0.020967207849025726,0.058510713279247284,0.3724994361400604,0.20858058333396912,-0.3194715082645416,-0.7207245230674744,-0.31640625,-0.45178937911987305,0.15279950201511383,-0.08387713134288788,0.3500678837299347,0.20944657921791077,0.06738582998514175,0.1998787522315979,-0.3412182331085205,0.09348227083683014,0.8170912861824036,-0.17214570939540863,0.07981343567371368,-0.15271298587322235,-0.5678534507751465,0.7110925912857056,-0.2571091055870056,-0.11977024376392365,-0.06663359701633453,0.01704435795545578,0.5798386335372925,-0.06893233954906464,-0.49829259514808655,0.011208019219338894,-0.7243785262107849,0.3878844380378723,0.19150736927986145,-0.18416647613048553,0.20586195588111877,-0.3300688862800598,-0.15833501517772675,0.6088219285011292,0.016612190753221512,-0.06832869350910187,0.13060417771339417,-0.10642237961292267,0.24576818943023682,0.9700343012809753,0.18336960673332214,0.24340860545635223,-0.06505026668310165,0.1939203292131424,-0.048208050429821014,-0.046793315559625626,-0.6846421957015991,0.17535804212093353,-0.45388418436050415,0.5307692289352417,-0.31469863653182983,0.41084223985671997,0.6285424828529358,0.5924547910690308,0.37591609358787537,-0.020559052005410194,-0.08344101160764694,-0.1292838752269745,0.10882031917572021,0.11866988986730576,0.0018603354692459106,0.37386417388916016,-0.07516821473836899,-0.13235792517662048,-0.0675620585680008,-0.11676063388586044,0.022926583886146545,-0.19311141967773438,0.045236680656671524,-0.009201159700751305,0.14969594776630402,-0.16219845414161682,-0.33456674218177795,0.3512343168258667,0.09043572098016739,-0.7134837508201599,-0.07354092597961426,-0.05101431533694267,0.1441350281238556,-0.219258114695549,0.15981997549533844,-0.1277923285961151,0.38804030418395996,0.18750526010990143,0.14210955798625946,-0.043572135269641876,-0.11294571310281754,-0.09658714383840561,0.6121848821640015,-0.4867144525051117,0.06941212713718414,-0.17275521159172058,-0.06008678674697876,0.3171858787536621,-0.18134982883930206,-0.004609146621078253,-0.1120288148522377,-0.3407594561576843,-0.19548502564430237,0.14343979954719543,0.03019881621003151,0.1399810016155243,0.29110050201416016,0.2523397207260132,-0.04806941747665405,0.1114555150270462,-0.7179359793663025,-0.0339130274951458,0.488940566778183,0.10124852508306503,-0.08202876150608063,0.9339196085929871,0.27971893548965454,-0.22936387360095978,0.311628520488739,0.14781811833381653,-0.2553601562976837,-0.1843789517879486,0.21286575496196747,0.38077160716056824,-0.05500265210866928,-0.05240924283862114,-0.41702955961227417,0.006140127778053284,-0.1366930454969406,0.04445032402873039,0.43397340178489685,0.05690890550613403,-0.6785345673561096,-0.7706557512283325,0.4853697419166565,-0.3867245614528656,0.01721358671784401,-0.01486700214445591,-0.5136480927467346,-0.29035717248916626,-0.19911924004554749,0.0705975741147995,-0.7365260720252991,0.08485347777605057,-0.3643474578857422,-0.019878411665558815,-0.054051369428634644,-0.03651425987482071,0.14909927546977997,-0.3863789141178131,0.13074098527431488,-0.1652192920446396,-0.1731836050748825,-0.017075929790735245,-0.4708687365055084,-0.09735264629125595,0.3414159417152405,0.13526181876659393,0.3867324888706207,-0.08994872868061066,0.5634829998016357,-0.11110980808734894,-0.23404431343078613,0.2850745916366577,-0.1021200641989708,-0.379545122385025,0.0174117274582386,-0.19522781670093536,-0.11905648559331894,-0.018188083544373512,-0.26838475465774536,0.721400260925293,-0.03357584401965141,-0.24753887951374054,0.14306870102882385,0.06654813140630722,-0.08719862997531891,0.05880335718393326,0.3253137469291687,-0.19174441695213318,0.4968332350254059,0.5026017427444458,-0.2860710024833679,0.07999886572360992,-0.36803483963012695,-0.06525442749261856,-0.40435367822647095,-0.11451534926891327,-0.00594919640570879,-0.11313214153051376,0.11741481721401215,0.08896596729755402,-0.0684327706694603,-0.2150733470916748,0.786552906036377,0.030814656987786293,-0.0036331668961793184,-0.02783030830323696,-0.060121726244688034,0.16817793250083923,0.19386546313762665,-0.10780863463878632,0.2341197282075882,-0.06529737263917923,-0.1913325935602188,0.22870703041553497,0.1547001153230667,-0.6312537789344788,-0.16051262617111206,0.004762534983456135,0.22576770186424255,0.30400368571281433,0.01230804156512022,-0.22470322251319885,-0.7555583715438843,0.035202834755182266,-0.027890658006072044,-0.10471592843532562,0.11124591529369354,-0.20389437675476074,0.20819051563739777,-0.3258936405181885,0.06586754322052002,-0.1367214024066925,-0.1854369342327118,-0.2044980525970459,-0.08614242076873779,-0.04037768393754959,0.0037515878211706877,0.3324953615665436,-0.10716472566127777,0.05726150795817375,-0.08415655791759491,-0.20788200199604034,0.13778343796730042,-0.16670754551887512
CID000005514,315,-0.002853634301573038,0.013958054594695568,-0.4764396548271179,0.13171274960041046,0.13749292492866516,-0.132226824760437,-0.06976844370365143,-0.5061648488044739,-0.03932624310255051,0.07998230308294296,0.10468871891498566,0.2580036222934723,-0.04184488579630852,-0.013613534159958363,-0.16982872784137726,0.10299311578273773,0.0934143215417862,0.02050677500665188,-0.2740543484687805,0.14654622972011566,-0.2760029137134552,0.06630322337150574,0.3475704491138458,0.13993676006793976,-0.6228699088096619,-0.7053969502449036,-0.16399967670440674,-0.017780913040041924,-0.0882120281457901,-0.07431145012378693,0.8424188494682312,0.04131387546658516,-0.004268004093319178,0.11042126268148422,-0.21336717903614044,0.2099166363477707,0.7655943036079407,-0.12225868552923203,-0.12464817613363266,-0.058465998619794846,-0.054491423070430756,0.31295305490493774,-0.19704380631446838,0.014813411049544811,0.14239197969436646,-0.07798393815755844,0.6161199808120728,-0.12547899782657623,-0.3005489408969879,-0.0012910604709759355,-0.7550241947174072,0.08978857100009918,0.4069637358188629,-0.1929156631231308,0.3305903375148773,-0.23588809370994568,-0.27681058645248413,0.4589020609855652,-0.09783308953046799,-0.03479369357228279,-0.21229498088359833,-0.029873400926589966,-0.0014206409687176347,0.9753047823905945,-0.021895891055464745,0.5024226903915405,-0.17364712059497833,-0.03278956562280655,-0.16224709153175354,0.1895301342010498,-0.7791439294815063,-0.05157915875315666,-0.5128293037414551,0.5081999897956848,0.11697785556316376,0.40239888429641724,0.2366921454668045,0.0823054164648056,0.8627109527587891,0.0753474086523056,0.0431746169924736,-0.13217057287693024,0.31273141503334045,-0.033826570957899094,0.1262146234512329,0.2881104052066803,-0.20638582110404968,-0.2362808883190155,-0.11816811561584473,0.047505252063274384,-0.17566242814064026,-0.052784550935029984,-0.22430820763111115,0.3444485068321228,0.028682101517915726,0.0469810888171196,-0.25830355286598206,0.45277243852615356,-0.022303737699985504,-0.8111689686775208,-0.1488064080476761,-0.10152152925729752,0.19843682646751404,-0.024066513404250145,0.04077360779047012,-0.1678340584039688,0.8942476511001587,-0.08947820961475372,0.24181997776031494,-0.0345173254609108,-0.07856927067041397,-0.03486696630716324,0.07623641192913055,-0.5606056451797485,0.08408515155315399,-0.3700484335422516,-0.22459478676319122,-0.02683613821864128,0.03423517942428589,0.35595694184303284,-0.19662508368492126,-0.13906562328338623,0.16142988204956055,0.12551149725914001,0.12750692665576935,0.03672773763537407,0.005498233251273632,-0.03492829203605652,-0.26362910866737366,0.09341417998075485,-0.6877731084823608,-0.502905011177063,0.2295190393924713,0.24710723757743835,-0.01674722693860531,0.8085767030715942,-0.16325592994689941,-0.28470081090927124,0.20071546733379364,-0.07434525340795517,-0.053791530430316925,-0.038552425801754,-0.08945925533771515,0.06850789487361908,0.17391060292720795,0.06651048362255096,-0.4064501225948334,-0.12166838347911835,0.11869727075099945,-0.0764225572347641,0.6072984933853149,-0.1348511278629303,-0.5566333532333374,-0.6234403848648071,0.5028740167617798,-0.05922175571322441,0.1633830964565277,0.011817356571555138,-0.38596081733703613,0.028995489701628685,0.025275420397520065,0.277006059885025,-0.7507603764533997,0.1683005392551422,-0.3424440920352936,0.024301832541823387,-0.008189916610717773,-0.0071953535079956055,0.6775223016738892,-0.5747103691101074,-0.31197458505630493,-0.11190161854028702,-0.27533864974975586,0.08047949522733688,-0.4401615262031555,0.037712059915065765,0.6560909152030945,0.006146073341369629,0.48232585191726685,0.06979695707559586,0.36034807562828064,-0.12220926582813263,-0.2701607942581177,0.49704861640930176,-0.23507437109947205,-0.709057092666626,-0.11511389911174774,-0.047739140689373016,-0.34547942876815796,0.07358910143375397,-0.38612526655197144,0.6464748382568359,0.14063261449337006,-0.34450584650039673,0.032503947615623474,-0.0458211787045002,0.08246380090713501,0.10444827377796173,0.3868364691734314,-0.11586564779281616,0.28970712423324585,0.28895169496536255,-0.11729390919208527,0.026843443512916565,-0.5234023928642273,-0.1926192194223404,-0.09089139103889465,0.26478713750839233,-0.18031653761863708,-0.0069350870326161385,0.09226958453655243,0.09737413376569748,0.06350099295377731,-0.23404069244861603,0.6647815704345703,0.0915905013680458,-0.27258071303367615,-0.04565165191888809,0.008123072795569897,0.2813735008239746,-0.05411577969789505,0.30129361152648926,0.11517014354467392,-0.46169528365135193,-0.07148302346467972,0.39310115575790405,-0.0559736005961895,-0.640369176864624,-0.2629047930240631,-0.04132898896932602,-0.1999821960926056,0.07076896727085114,0.03982241079211235,-0.3178636431694031,-0.5443733930587769,0.125150665640831,0.19397196173667908,-0.06883550435304642,-0.08074731379747391,-0.033267661929130554,0.9012608528137207,-0.3148326873779297,-0.016062740236520767,-0.27656620740890503,-0.2390137016773224,-0.46649202704429626,-0.13912029564380646,0.36942195892333984,-0.2048296183347702,0.14936771988868713,0.2796157896518707,0.308732807636261,-0.025265807285904884,0.04888390749692917,0.2284432351589203,0.08172693103551865
CID005282226,318,-0.014564568176865578,-0.017830172553658485,-0.6862555742263794,0.022418778389692307,0.08176107704639435,-0.2075638324022293,0.09295143187046051,-0.47340279817581177,-0.05324195697903633,0.09441199898719788,0.4107469618320465,0.08120570331811905,0.16062697768211365,-0.07963009923696518,0.09937892854213715,0.20877501368522644,0.37537312507629395,-0.006138118915259838,-0.2011261284351349,0.15450419485569,0.14943405985832214,-0.008273160085082054,0.4367673993110657,-0.13848507404327393,-0.43375879526138306,-0.5537426471710205,-0.41595596075057983,-0.47121262550354004,0.08267054706811905,0.0949874296784401,0.05011884495615959,-0.07794223725795746,-0.13714617490768433,-0.09958229213953018,-0.21693606674671173,0.04540497809648514,0.55235356092453,-0.2839335501194,0.02292371168732643,-0.31188660860061646,-0.44683972001075745,0.49722009897232056,-0.4455723762512207,0.03203916922211647,0.12160754203796387,-0.0020258843433111906,0.4250992238521576,0.056152570992708206,-0.5461077094078064,0.13866296410560608,-0.7475312352180481,0.6483966112136841,0.6973169445991516,-0.08452216535806656,0.16294991970062256,-0.3763269782066345,-0.15349023044109344,0.9239471554756165,-0.15025898814201355,-0.09359978139400482,0.06952788680791855,-0.4117545187473297,0.09055131673812866,1.050225853919983,0.14125385880470276,0.29685789346694946,-0.19753792881965637,0.055356353521347046,-0.04181644320487976,0.03476746380329132,-0.6132291555404663,-0.10901214182376862,-0.15569037199020386,0.4656049609184265,0.029186252504587173,0.5421001315116882,0.43517541885375977,0.22672386467456818,0.6401051878929138,0.11131074279546738,-0.09544621407985687,-0.14649228751659393,0.09021763503551483,-0.22615619003772736,0.16523727774620056,0.1727779507637024,0.09705807268619537,0.28302493691444397,-0.0389731302857399,0.015060363337397575,-0.028474291786551476,0.06353951245546341,-0.16242331266403198,0.09749492257833481,-0.11856849491596222,-0.053753722459077835,-0.31523245573043823,0.11135827004909515,-0.14407259225845337,-0.41617637872695923,-0.0788184106349945,-0.15234769880771637,0.013620197772979736,-0.07804332673549652,-0.007355043198913336,-0.40469202399253845,0.24688918888568878,-0.022900104522705078,-0.012994212098419666,-0.04397590830922127,0.049513109028339386,-0.10895615816116333,0.8539990186691284,-0.5203857421875,-0.008084979839622974,-0.15741607546806335,-0.024512121453881264,-0.023834198713302612,0.07110711932182312,-0.22809664905071259,-0.08335251361131668,-0.23037242889404297,0.10582742840051651,0.06071930006146431,-0.11719496548175812,0.4540456235408783,0.1624750792980194,-0.020025135949254036,-0.02010411024093628,0.07477163523435593,-0.4655637741088867,-0.13208970427513123,0.07292503863573074,0.21403868496418,-0.02047358825802803,0.5058490633964539,0.2001720368862152,-0.39041954278945923,0.2833879292011261,-0.06653355807065964,-0.16506075859069824,-0.11860036849975586,0.32328739762306213,0.34220537543296814,0.2650814354419708,-0.14528515934944153,-0.37598738074302673,-0.007224337663501501,-0.10895740985870361,-0.04480226710438728,0.49604034423828125,-0.21477670967578888,-0.4588278830051422,-0.7034836411476135,0.33943793177604675,-0.5042030811309814,-0.007098783738911152,-0.030202925205230713,-0.9010719060897827,0.01355105359107256,-0.014068466611206532,-0.30233755707740784,-0.7420593500137329,0.04917839914560318,-0.48396167159080505,-0.05348142236471176,-0.10822153091430664,0.1431371122598648,0.3865395486354828,-0.4433584213256836,-0.23043890297412872,-0.24998602271080017,-0.08678906410932541,0.04326988011598587,-0.5182598829269409,-0.03446868807077408,0.26922962069511414,-0.031240785494446754,0.3578663468360901,-0.22613683342933655,0.43188199400901794,-0.12899711728096008,-0.23710915446281433,0.2374647557735443,-0.04220578074455261,-0.052391089498996735,-0.17552292346954346,-0.19644436240196228,-0.03216404467821121,-0.3441771864891052,-0.22636346518993378,0.3646058142185211,-0.18030443787574768,-0.37429648637771606,-0.01529586873948574,-0.08081286400556564,-0.2241259515285492,-0.007594592869281769,0.1983308494091034,0.14131994545459747,0.7066799402236938,0.49639829993247986,-0.06502676010131836,-0.2356952428817749,-0.5044900178909302,-0.3276028335094452,-0.27747586369514465,0.11912836879491806,0.08303601294755936,-0.1366352140903473,0.23989126086235046,-0.0006777912494726479,0.17538130283355713,-0.03373655304312706,1.0941002368927002,-0.19022007286548615,0.05854595825076103,0.02658567763864994,0.04344472289085388,0.05897141620516777,0.3018963932991028,-0.042882394045591354,0.041251398622989655,-0.07513166964054108,-0.27504071593284607,-0.06068187206983566,0.06090574339032173,-0.6449137926101685,-0.19905878603458405,-0.13341672718524933,0.1777256280183792,0.12814539670944214,0.04128372669219971,-0.28504979610443115,-0.7195002436637878,0.030667424201965332,-0.1843826174736023,-0.08710844814777374,-0.0104901734739542,0.08053137362003326,0.14239832758903503,-0.35184246301651,-0.17600594460964203,-0.3601990044116974,-0.13675236701965332,-0.2792676091194153,0.10917682945728302,-0.34927284717559814,-0.08010286092758179,0.22093024849891663,0.08356624096632004,0.08714500814676285,0.106686532497406,-0.5081215500831604,0.06636830419301987,0.17904818058013916
CID000003161,321,0.0843128189444542,-0.386985719203949,-0.8796394467353821,0.09812887012958527,0.2921578586101532,-0.23485681414604187,0.18670617043972015,-0.7669585943222046,-0.07583771646022797,-0.5696619153022766,0.7311564683914185,-0.19697248935699463,-0.024036237969994545,-0.04920654743909836,-0.2793457806110382,0.5411911010742188,0.0038574873469769955,0.20105361938476562,-0.48208698630332947,-0.4037844240665436,-0.31846699118614197,0.027057284489274025,0.37896400690078735,0.14459426701068878,-1.4104262590408325,-1.479850172996521,-0.5277153253555298,-0.06309167295694351,0.23286449909210205,0.05386432260274887,1.5661656856536865,-0.1508283168077469,0.15921276807785034,0.31587833166122437,-0.19338639080524445,0.045809779316186905,0.14189040660858154,-0.1598861813545227,0.13411769270896912,-0.15277822315692902,-0.13396775722503662,0.22854599356651306,-0.013047153130173683,-0.31168729066848755,-0.24690254032611847,-0.1912223845720291,0.801923394203186,-0.22617065906524658,-0.9688278436660767,0.026800131425261497,-0.9540876150131226,-0.1721804440021515,0.7528542280197144,-0.16546902060508728,0.10150988399982452,-0.6672705411911011,0.20519152283668518,1.155451774597168,-0.23453707993030548,0.06852684170007706,-0.10357747226953506,-0.12995629012584686,-0.1635034829378128,0.7154194116592407,0.11337467283010483,0.682525634765625,0.11493643373250961,-0.037138670682907104,-0.17628106474876404,0.1504872739315033,-0.3359902501106262,0.24867959320545197,-0.8167152404785156,0.28707820177078247,0.05924617126584053,0.21021988987922668,0.3461705148220062,0.28633415699005127,0.6206073760986328,-0.2799553871154785,-0.09630654752254486,-0.42612314224243164,-0.033810775727033615,0.20573577284812927,0.34967219829559326,0.15832582116127014,-0.3397306501865387,-0.2140350341796875,-0.32071205973625183,0.03159109130501747,-0.21110935509204865,-0.3361445963382721,-0.6215986013412476,0.1305229663848877,0.023466695100069046,0.03560848534107208,-0.010415276512503624,0.07612882554531097,0.1404971033334732,-1.206316351890564,-0.11206388473510742,0.13179132342338562,-0.19455447793006897,-0.23119862377643585,0.051398854702711105,-0.019745374098420143,1.6223427057266235,-0.20398736000061035,-0.23043112456798553,-0.052007175981998444,0.028548995032906532,0.2209039181470871,0.26789599657058716,-0.808093249797821,-0.18855933845043182,-0.45875343680381775,-0.6034882068634033,0.15122739970684052,0.08751039206981659,0.3549779951572418,-0.32913321256637573,-0.007772195152938366,0.1256347894668579,-0.1486474573612213,0.1771577000617981,0.12818197906017303,0.29384130239486694,-0.04585977643728256,-0.21496737003326416,0.26437026262283325,-0.6974538564682007,0.14155204594135284,0.0971606895327568,0.015181238763034344,-0.21469378471374512,0.6926640272140503,-0.037185829132795334,0.14288678765296936,0.49635711312294006,-0.12071140110492706,-0.1678999960422516,0.14466506242752075,-0.030033379793167114,0.43048685789108276,-0.003792488481849432,-0.09919731318950653,-0.4781742990016937,0.6744686961174011,0.3191680312156677,-0.07541269063949585,0.7688436508178711,-0.009029937908053398,-0.501933753490448,-0.808283805847168,0.8050630688667297,0.05179183930158615,-0.13195553421974182,0.1807931512594223,-0.399167001247406,0.2474401444196701,-0.19949336349964142,-0.111142098903656,-0.9882667660713196,-0.21386229991912842,-0.47466081380844116,-0.041912682354450226,0.11153487116098404,-0.008465873077511787,0.9020367860794067,-0.5091803669929504,-0.30401259660720825,-0.022525349631905556,0.2515343427658081,0.13234691321849823,-0.6724897623062134,-0.31066828966140747,0.2080872803926468,-0.1350695788860321,0.49075108766555786,0.5431733131408691,0.14354495704174042,-0.06987464427947998,-0.059153713285923004,0.5808327198028564,0.2111082524061203,-0.30030882358551025,-0.2936078906059265,-0.0505053885281086,-0.32637888193130493,-0.059297144412994385,-0.38994356989860535,1.377655267715454,-0.12316230684518814,-0.1314343959093094,-0.12094683945178986,-0.12994591891765594,-0.284985214471817,0.00697776535525918,1.165588617324829,-0.13918450474739075,0.3520478904247284,0.11265665292739868,0.1343384087085724,0.8031808137893677,-0.6559563279151917,0.10073031485080719,-0.5140511393547058,-0.11585880815982819,-0.20503437519073486,-0.15807212889194489,-0.03269001096487045,0.13634654879570007,0.025205275043845177,-0.20673951506614685,0.9818068742752075,0.5656354427337646,-0.5751391649246216,0.08013848960399628,0.02018643170595169,0.355074018239975,-0.01129084825515747,0.2685057520866394,0.16500099003314972,-0.2653128206729889,0.08104313164949417,0.15667776763439178,0.20609064400196075,-1.0025278329849243,0.03659684211015701,0.06077210232615471,0.2795025408267975,0.1122412234544754,0.41838398575782776,-0.257906436920166,-0.5091766119003296,-0.18535025417804718,-0.04427395015954971,-0.14925649762153625,0.015562030486762524,-0.28861308097839355,1.8139140605926514,-0.38444891571998596,0.16548921167850494,-0.6039630174636841,0.011744552291929722,-0.6046503782272339,-0.11610515415668488,0.14920315146446228,-0.17903372645378113,0.2353523075580597,0.18366068601608276,-0.1313878297805786,0.04741121828556061,-0.02381131611764431,0.29322153329849243,0.1950245201587677
CID000004409,322,0.10611311346292496,-0.18534906208515167,-0.7256534695625305,0.02277938649058342,0.5066640973091125,0.020946219563484192,-0.20190615952014923,-0.5712493062019348,-0.27819833159446716,-0.15862295031547546,0.1143435463309288,0.26112622022628784,-0.10376651585102081,0.05835871770977974,-0.05209674686193466,0.12041374295949936,0.514896810054779,-0.0265498124063015,-0.4459846019744873,0.06328962743282318,-0.2754881978034973,0.006383538246154785,0.5907095074653625,0.17584984004497528,-0.3158022165298462,-0.6016702651977539,-0.27343887090682983,-0.1247347816824913,0.3588530719280243,0.13249659538269043,1.0400210618972778,-0.05495452880859375,-0.22271040081977844,0.7110085487365723,-0.5544000864028931,0.05886155366897583,1.2618634700775146,0.004957955330610275,-0.06387419253587723,0.07959891110658646,-0.6771001815795898,0.7613186836242676,-0.14201846718788147,-0.09594468027353287,0.12841796875,-0.10341942310333252,0.6105883717536926,-0.18167541921138763,-0.5887430906295776,0.11699036508798599,-0.40170830488204956,0.11702163517475128,0.276603639125824,-0.18770994246006012,0.052014194428920746,-0.32108986377716064,-0.28041520714759827,0.9177114367485046,0.06050720065832138,-0.21362963318824768,-0.2501639425754547,-0.19216321408748627,0.03437255322933197,0.8736206889152527,0.1095505952835083,0.3673990070819855,-0.09238369762897491,0.01626727357506752,-0.11884097754955292,-0.06878450512886047,-0.7274211645126343,0.1905003935098648,-1.2049381732940674,0.3247726857662201,0.14550797641277313,0.2135762870311737,0.6983301043510437,0.11993004381656647,0.500396728515625,0.13941368460655212,0.041367605328559875,-0.3579939305782318,-0.061333321034908295,-0.10655747354030609,0.07476706802845001,0.21465131640434265,-0.7301594614982605,-0.07516694813966751,-0.20359472930431366,-0.18248431384563446,-0.24694101512432098,-0.017438368871808052,-0.2109152376651764,-0.0020009218715131283,-0.035328928381204605,-0.019048010930418968,-0.015099597163498402,0.1290854811668396,-0.06323226541280746,-0.5102866888046265,0.09234172850847244,0.05321048945188522,-0.07253699004650116,-0.14154638350009918,0.3537954092025757,-0.1036875993013382,0.8304407000541687,0.13447383046150208,0.060503773391246796,-0.09561289101839066,0.07814742624759674,-0.04478610306978226,0.6188481450080872,-0.3324342370033264,0.2101898193359375,-0.06239134073257446,-0.3468068242073059,0.28972941637039185,-0.17314846813678741,0.175823375582695,-0.2566811442375183,-0.3641842305660248,0.046364106237888336,-0.10802570730447769,0.14787457883358002,-0.03499874100089073,0.22144289314746857,-0.27358174324035645,-0.0608157142996788,0.2172865867614746,-0.7622016668319702,-0.24568955600261688,0.3142795264720917,0.31896480917930603,0.1464531272649765,1.0295209884643555,0.13886196911334991,-0.11822935193777084,0.3565652370452881,-0.24774441123008728,-0.11247913539409637,-0.3198148310184479,0.04785306006669998,0.200270414352417,0.07748011499643326,0.10180555284023285,-0.3360625207424164,0.08865809440612793,0.03006451204419136,-0.054393064230680466,0.41262760758399963,0.02333422377705574,-0.740683913230896,-0.8034850358963013,0.8199234008789062,-0.4187844395637512,-0.2020016461610794,0.11950787156820297,-0.25145548582077026,-0.012172077782452106,-0.09555502235889435,0.15757803618907928,-0.862108588218689,-0.08571480959653854,-0.3896856904029846,0.09391985088586807,0.11215907335281372,-0.28021612763404846,0.2678321301937103,-0.5080471038818359,-0.33620432019233704,-0.041748784482479095,-0.00547311594709754,-0.08489347249269485,-0.5695263743400574,-0.27061986923217773,0.2865046560764313,-0.04969383031129837,0.6076650619506836,-0.0007670670747756958,0.40852347016334534,-0.03398662060499191,-0.03465533256530762,0.5149393677711487,0.07756587862968445,-0.27722594141960144,-0.051900267601013184,-0.11339700222015381,-0.4481736123561859,-0.002212587045505643,-0.389615923166275,0.8313735723495483,-0.08976244926452637,-0.41969484090805054,-0.07019545137882233,0.12406785786151886,0.06855247169733047,0.025961438193917274,0.4494898319244385,0.05535932630300522,0.1874224841594696,0.17848868668079376,-0.05460672453045845,0.14514029026031494,-0.27229395508766174,-0.24130184948444366,-0.09304004162549973,0.09979280829429626,0.008629593066871166,-0.12013965845108032,-0.40443912148475647,-0.027665700763463974,-0.29103538393974304,-0.193049818277359,0.4269881844520569,0.08002142608165741,-0.09744124114513397,0.025083428248763084,-0.032911524176597595,-0.0917554721236229,0.06302310526371002,-0.0726533979177475,0.08503789454698563,-0.12927047908306122,-0.19264063239097595,0.0684932991862297,0.03441387042403221,-1.181934118270874,-0.031379230320453644,0.011630529537796974,0.0937761440873146,0.28908640146255493,0.09211226552724838,-0.13990852236747742,-0.6081419587135315,0.09560423344373703,0.039667822420597076,-0.07589702308177948,-0.203253835439682,0.06138060241937637,0.47845715284347534,-0.3346194326877594,0.1524689495563507,-0.14423680305480957,-0.27393457293510437,-0.07697921246290207,0.1762007474899292,0.18198439478874207,-0.09799849987030029,0.356937050819397,0.21354417502880096,0.01600891724228859,-0.09783010929822922,-0.2674868404865265,0.35393261909484863,0.023155946284532547
CID000077999,323,0.06656951457262039,-0.11631705611944199,-0.4901273846626282,0.04678157716989517,0.29341602325439453,-0.29457685351371765,-0.04584663361310959,-0.4045392870903015,-0.183775395154953,-0.06078839302062988,0.2938634753227234,0.09019522368907928,-0.05563579872250557,-0.03247230127453804,0.03452016040682793,0.20909306406974792,0.5219651460647583,-0.06907506287097931,-0.2753142714500427,0.08408541977405548,-0.06254545599222183,-0.09057045727968216,0.5732951164245605,0.08936409652233124,-0.30610066652297974,-0.5271786451339722,-0.01492810994386673,-0.27825695276260376,0.21061110496520996,-0.05663590505719185,0.2452664077281952,0.07537968456745148,-0.05363881587982178,0.36295223236083984,-0.30419254302978516,0.05449341982603073,0.6182855367660522,-0.13085871934890747,0.03441331908106804,-0.09332355111837387,-0.26436471939086914,0.4825919270515442,-0.1830672323703766,0.08494879305362701,0.05087731406092644,0.10466064512729645,0.5346310138702393,0.06147792190313339,-0.7346243262290955,0.0987343043088913,-0.4760477542877197,0.1635810136795044,0.3463294506072998,-0.14504104852676392,0.14661911129951477,-0.4190291464328766,-0.18943548202514648,0.8076820373535156,0.01610606163740158,-0.13036856055259705,0.23956160247325897,-0.168401837348938,0.22796836495399475,0.6694996953010559,0.09363073110580444,0.36468538641929626,-0.06810496747493744,0.03192896768450737,-0.0056048305705189705,-0.07078079134225845,-0.6255449056625366,0.15729260444641113,-0.40457218885421753,0.4824713170528412,-0.012751050293445587,0.5135942697525024,0.3866424262523651,0.4153505861759186,0.6299415230751038,-0.023158013820648193,0.05656822398304939,-0.18436062335968018,0.06524677574634552,-0.026400934904813766,0.18591658771038055,0.37077003717422485,-0.270546555519104,0.12149903923273087,-0.02732722833752632,0.011078068986535072,-0.08264507353305817,0.004502820782363415,-0.2592257857322693,0.09678211063146591,0.06587167084217072,-0.1406531035900116,-0.3321453630924225,0.09159372001886368,0.010205511935055256,-0.42208331823349,-0.005107496865093708,-0.0671660527586937,0.20845970511436462,-0.13512036204338074,0.19999337196350098,-0.21030814945697784,0.47764211893081665,0.15576878190040588,0.11431577056646347,-0.08085200190544128,-0.07881312072277069,0.09509198367595673,0.5239462852478027,-0.22258248925209045,0.12141697108745575,-0.15606260299682617,-0.12903136014938354,0.06015218049287796,-0.17546840012073517,-0.08954674005508423,-0.20338818430900574,-0.3358525335788727,0.02375302091240883,0.05352764576673508,0.07688677310943604,0.19594044983386993,0.11045465618371964,0.0729493498802185,-0.14122512936592102,0.1213240846991539,-0.5038024187088013,-0.17894263565540314,0.3281356394290924,0.26801636815071106,0.022446544840931892,0.6933566331863403,0.04512059688568115,0.05062422156333923,0.21084821224212646,-0.07133792340755463,-0.22475066781044006,-0.3013102412223816,0.29667434096336365,0.31043675541877747,0.1641910970211029,-0.011749488301575184,-0.3064800202846527,-0.042648158967494965,-0.04709170386195183,-0.035624999552965164,0.3482494652271271,-0.1507316678762436,-0.46568506956100464,-0.6325539350509644,0.6567186713218689,-0.35386255383491516,0.13394924998283386,-0.015323278494179249,-0.4469520151615143,-0.03505907207727432,-0.1891079992055893,-0.08361399918794632,-0.5489864349365234,0.01787501946091652,-0.4089602530002594,-0.00934514682739973,-0.1435231864452362,-0.038043033331632614,0.28033506870269775,-0.4385010302066803,-0.2432878017425537,-0.159092515707016,-0.11117178201675415,-0.20939835906028748,-0.4573574960231781,-0.006228774785995483,0.20480068027973175,0.13942761719226837,0.4427696764469147,-0.18290185928344727,0.5117568969726562,-0.07156184315681458,-0.11402901262044907,0.07761400192975998,-0.0709000825881958,-0.20924262702465057,-0.1626538783311844,-0.3444271683692932,0.06888400763273239,-0.25878486037254333,-0.4190794825553894,0.7234987020492554,-0.01639372669160366,-0.42647814750671387,-0.11255667358636856,-0.1375548392534256,-0.18536528944969177,0.08754494041204453,0.2096167504787445,0.02522817812860012,0.32049423456192017,0.43366169929504395,-0.07210037857294083,-0.05778157711029053,-0.3766533434391022,-0.19660954177379608,-0.25237661600112915,0.022700203582644463,-0.08785416185855865,-0.06452102214097977,0.08904807269573212,0.07783236354589462,0.049562789499759674,-0.15568599104881287,0.5399338006973267,-0.16107997298240662,-0.09387645870447159,-0.08576951175928116,0.052537500858306885,0.07965052127838135,0.18019507825374603,-0.01355068664997816,0.16920360922813416,-0.0830155462026596,-0.21190008521080017,0.006130947731435299,0.009171463549137115,-0.7368137240409851,-0.18675388395786285,-0.08196815103292465,-0.02310534194111824,0.30044955015182495,0.17953619360923767,-0.23719291388988495,-0.5592116713523865,0.11861459910869598,0.10672006756067276,-0.13941791653633118,0.03312559798359871,-0.23681429028511047,0.08473112434148788,-0.43157023191452026,-0.03970777243375778,-0.1533346176147461,-0.157351553440094,-0.2518712878227234,0.009069998748600483,-0.13257721066474915,-0.0954585000872612,0.3244999051094055,0.01576661504805088,-0.021832160651683807,0.01546182669699192,-0.2961392402648926,0.12082763016223907,-0.0281081460416317
CID000110634,324,0.24744752049446106,-0.3838162422180176,-0.7431027293205261,0.05879875272512436,0.33120593428611755,-0.30670982599258423,0.18146173655986786,-0.7523959875106812,-0.011318516917526722,-0.29311835765838623,0.5980637669563293,0.2194281816482544,-0.027338217943906784,0.048188064247369766,-0.0029314816929399967,0.15820667147636414,0.22194650769233704,0.059498131275177,-0.13177748024463654,-0.08158984035253525,-0.06058516353368759,0.20124487578868866,0.2324751317501068,-0.0009449839708395302,-1.0506664514541626,-0.8415048718452454,-0.6096988320350647,0.12108820676803589,0.14473608136177063,0.08985456079244614,0.7756416201591492,-0.12343772500753403,0.2190486490726471,0.22837428748607635,-0.11022573709487915,-0.14816288650035858,0.340239942073822,-0.08998515456914902,0.19468721747398376,-0.059588123112916946,-0.007608604617416859,0.33839234709739685,0.020145351067185402,-0.3423815071582794,-0.08514799177646637,0.03199801966547966,0.9161067008972168,-0.360548198223114,-0.6474138498306274,-0.006836335174739361,-0.9241966009140015,0.014877796173095703,0.5350498557090759,-0.17803002893924713,0.19416652619838715,-0.3525928556919098,0.016425978392362595,0.94842529296875,-0.10160540044307709,0.0647682324051857,-0.18966111540794373,-0.10752636194229126,-0.06841006875038147,0.49674367904663086,0.010836762376129627,0.5754225850105286,0.15029209852218628,-0.00791420042514801,-0.03865637630224228,0.11477243900299072,-0.27633750438690186,0.13209077715873718,-0.6075435876846313,0.427532821893692,-0.2147994339466095,0.17520776391029358,0.0940343588590622,0.049079496413469315,0.7662428617477417,0.11791639029979706,0.057588886469602585,-0.2921663224697113,-0.0207987017929554,-0.13278618454933167,0.22672827541828156,0.10773728042840958,-0.5170949101448059,-0.22152838110923767,-0.09761421382427216,0.017107617110013962,-0.2056657373905182,-0.16334110498428345,-0.35178279876708984,0.24544668197631836,0.13841134309768677,0.2868116497993469,-0.07136762142181396,0.19217407703399658,0.011400595307350159,-1.4753403663635254,-0.2148911952972412,0.06919616460800171,0.057018328458070755,-0.24014127254486084,0.09120096266269684,-0.10648516565561295,0.8640152215957642,0.042466990649700165,0.0372147262096405,0.028562750667333603,0.2337445318698883,0.11773784458637238,0.2325650453567505,-0.8984373211860657,0.12839964032173157,-0.24344146251678467,-0.16998615860939026,0.22891826927661896,0.2236829698085785,0.22650742530822754,-0.11312150955200195,-0.24901270866394043,0.22229671478271484,0.10052484273910522,0.17711332440376282,-0.10155530273914337,0.3277723491191864,-0.09377852827310562,-0.27134495973587036,0.29191675782203674,-0.6459266543388367,0.007536360528320074,0.33017539978027344,0.03495427221059799,-0.1636594831943512,0.6952449679374695,-0.09308932721614838,-0.03406975418329239,0.3469793498516083,-0.3554108738899231,-0.007443944923579693,0.006392812822014093,0.07788378745317459,0.30737078189849854,0.015201255679130554,0.18773815035820007,-0.2700558006763458,0.3668127954006195,-0.09935969114303589,0.0015681624645367265,0.9228442311286926,-0.08786360174417496,-0.4805234968662262,-0.9480312466621399,0.606528639793396,0.16683337092399597,0.15423548221588135,0.1905401647090912,-0.42490655183792114,0.27031654119491577,-0.05040936917066574,0.0065905689261853695,-0.9090219736099243,-0.03743399679660797,-0.473783403635025,0.028245840221643448,0.03840622305870056,0.021814679726958275,1.1134401559829712,-0.6147432327270508,-0.32888033986091614,0.10810405015945435,0.0026889622677117586,0.2764267325401306,-0.4177209436893463,-0.4166211187839508,0.2906874418258667,-0.17541983723640442,0.587880551815033,0.25220173597335815,0.14557436108589172,-0.19512349367141724,-0.11179468780755997,0.7868686318397522,-0.12902654707431793,-0.2177882194519043,-0.09892984479665756,-0.06914641708135605,-0.24669747054576874,-0.2342674285173416,-0.42353105545043945,1.3532829284667969,-0.06923695653676987,-0.01783321239054203,-0.13183905184268951,-0.2437119036912918,-0.09158215671777725,0.05384977534413338,1.3118939399719238,-0.29396718740463257,0.61368328332901,0.34924831986427307,-0.07663588225841522,1.0964282751083374,-0.5185200572013855,0.30198007822036743,-0.4377598762512207,-0.0414450503885746,-0.22717180848121643,0.07554835826158524,-0.2841617465019226,-0.0008350581047125161,0.06739527732133865,-0.19287917017936707,0.6386202573776245,0.3728722929954529,-0.2844194769859314,-0.04412971809506416,-0.03284154459834099,3.916025161743164e-05,-0.07093793898820877,0.19352085888385773,0.019968658685684204,-0.45914292335510254,-0.11222682893276215,0.42582446336746216,0.14509522914886475,-0.24661163985729218,-0.1944693773984909,0.09538412094116211,0.10770852863788605,0.15974274277687073,0.2539982199668884,-0.23623868823051453,-0.6485812664031982,0.16393160820007324,0.04447280615568161,0.0037917732261121273,-0.1716877520084381,-0.115644171833992,1.2163643836975098,-0.351370632648468,0.019973646849393845,-0.4355867803096771,-0.12197389453649521,-0.4420124888420105,-0.07714757323265076,0.015262770466506481,-0.01012806873768568,0.5720044374465942,0.2583884596824646,0.07333759218454361,0.06497342884540558,-0.030627286061644554,0.3437677025794983,0.007292127702385187
CID000054841,329,0.07482485473155975,0.043275944888591766,-0.48667654395103455,0.15816554427146912,0.4488533139228821,-0.17539764940738678,0.022314079105854034,-0.5086507797241211,-0.016384687274694443,0.025581512600183487,0.4363437294960022,0.09367028623819351,-0.0799536481499672,0.0677364245057106,-0.039160408079624176,0.133554607629776,0.582560122013092,0.07018345594406128,-0.22594909369945526,-0.06336185336112976,-0.020276332274079323,-0.02070888876914978,0.4241097867488861,-0.03273552283644676,-0.32663869857788086,-0.4930407404899597,-0.025687705725431442,-0.22620341181755066,0.13557380437850952,-0.08018995821475983,0.39162570238113403,-0.05029243230819702,-0.07419314235448837,0.0755385160446167,-0.19435155391693115,0.11406390368938446,0.47893571853637695,-0.08256480097770691,-0.004365092609077692,-0.0835634171962738,-0.2290540188550949,0.5085265636444092,-0.41530364751815796,-0.014403087086975574,0.0066169677302241325,0.1666727513074875,0.47141557931900024,-0.098954938352108,-0.4999796748161316,0.04518025368452072,-0.5386466979980469,0.42974716424942017,0.4213482439517975,-0.19604453444480896,0.27560490369796753,-0.3530963659286499,-0.11312446743249893,0.6658110618591309,-0.014110040850937366,-0.05518016964197159,0.041149429976940155,-0.27327626943588257,0.31964749097824097,0.8091384172439575,0.0015140175819396973,0.14662107825279236,-0.0729917362332344,0.09172746539115906,0.035241272300481796,0.1241346225142479,-0.6167390942573547,0.09230189025402069,-0.24404558539390564,0.37951967120170593,0.015767289325594902,0.5154913663864136,0.46394380927085876,0.4891224503517151,0.5282298922538757,-0.13760197162628174,-0.17824086546897888,-0.2918391525745392,0.14834430813789368,-0.03743750602006912,0.15587517619132996,0.26517874002456665,-0.1763339340686798,-0.10487797111272812,-0.08434293419122696,-0.0854535847902298,-0.15169216692447662,-0.08410173654556274,-0.03815757483243942,0.07264654338359833,0.04496297240257263,-0.12360747158527374,-0.2523718774318695,0.3161197304725647,0.005330500192940235,-0.3983699083328247,-0.06270920485258102,-0.12929266691207886,0.039825331419706345,-0.06378339976072311,0.11775777488946915,-0.2569362223148346,0.3810822069644928,0.11944206804037094,0.0822833925485611,-0.046425335109233856,-0.07219501584768295,0.01310276985168457,0.6189956665039062,-0.2564100921154022,0.1457822620868683,-0.15539716184139252,-0.13863129913806915,-0.014197242446243763,-0.1559467613697052,-0.11673543602228165,-0.15674568712711334,-0.2689383625984192,-0.09745267033576965,0.10375522077083588,0.04643366485834122,0.11291153728961945,0.12744267284870148,0.11991210281848907,-0.09290363639593124,0.06941471248865128,-0.4152226448059082,-0.18445372581481934,0.26732516288757324,0.37218403816223145,0.057878028601408005,0.6940036416053772,-0.13869807124137878,-0.1111895814538002,0.334153950214386,-0.05857653543353081,-0.05615168809890747,-0.08993285894393921,0.22463274002075195,0.15111000835895538,0.18160289525985718,-0.21867696940898895,-0.23244187235832214,0.09630118310451508,-0.12693394720554352,0.04515949264168739,0.36264005303382874,-0.1044277772307396,-0.4841442108154297,-0.7662217020988464,0.590030312538147,-0.3786429762840271,0.027243321761488914,-0.09996894747018814,-0.48525649309158325,-0.042801953852176666,-0.08610337227582932,-0.15101145207881927,-0.5874348282814026,0.07954047620296478,-0.4868698716163635,-0.04971493035554886,-0.12665517628192902,-0.07153066247701645,0.5150235891342163,-0.42691507935523987,-0.34390586614608765,-0.27516594529151917,-0.19415101408958435,-0.24775269627571106,-0.3689993619918823,-0.24497933685779572,0.24491986632347107,0.05010584741830826,0.3908906579017639,-0.2767670452594757,0.544113039970398,-0.03128291293978691,-0.3505105972290039,0.22789283096790314,-0.035768382251262665,-0.19175873696804047,-0.03227607533335686,-0.24583275616168976,-0.18869556486606598,-0.2671842575073242,-0.2332032173871994,0.49583396315574646,0.14632251858711243,-0.4446759819984436,-0.005739537067711353,-0.02671518363058567,-0.1932913064956665,-0.196896031498909,0.19057896733283997,0.12944714725017548,0.44334346055984497,0.22266404330730438,-0.008200915530323982,-0.08519478887319565,-0.3752656877040863,-0.11146771907806396,-0.3238239884376526,-0.11506623029708862,0.14532864093780518,-0.017054999247193336,0.1957688182592392,-0.023661579936742783,0.12804856896400452,-0.13079683482646942,0.5863161087036133,-0.04301009699702263,-0.05705457925796509,0.026543771848082542,-0.07470440119504929,0.03888312727212906,0.4893338084220886,0.05989440158009529,0.13480518758296967,0.02807007171213627,-0.11505689471960068,0.06385461986064911,0.06606515496969223,-0.6960594058036804,-0.09188473224639893,-0.08693196624517441,0.1481936275959015,0.15389367938041687,0.13854460418224335,-0.21349623799324036,-0.5981824398040771,0.08296273648738861,-0.022770483046770096,-0.012051401659846306,0.09906747192144394,-0.17714016139507294,0.1394912302494049,-0.4399298131465912,-0.01867738366127014,-0.22572407126426697,-0.10641781240701675,-0.23121976852416992,0.027654245495796204,-0.14967544376850128,-0.18465811014175415,0.23852531611919403,-0.1290312260389328,0.0526987724006176,-0.14263147115707397,-0.23384971916675568,0.13859012722969055,-0.18670281767845154
CID005329102,330,0.19667446613311768,-0.491705983877182,-0.9257414937019348,-0.0680738240480423,0.2021239995956421,-0.16646632552146912,0.1743369847536087,-0.83477783203125,0.15624703466892242,-0.403617799282074,0.5053556561470032,0.31458526849746704,-0.1304677426815033,0.04609719663858414,-0.1563357561826706,0.2327781468629837,0.2697320580482483,0.22005140781402588,-0.25943201780319214,-0.07840323448181152,-0.20531468093395233,-0.00011780559725593776,0.1270059049129486,-0.2219206839799881,-1.2443543672561646,-1.204732060432434,-0.47631826996803284,-0.02142328955233097,-0.0629001259803772,-0.09039640426635742,0.7496442198753357,0.07100065052509308,0.12436608225107193,0.2306871861219406,-0.11121134459972382,-0.13623425364494324,0.3954208493232727,0.13467034697532654,0.16608867049217224,0.0005322963115759194,-0.02048487588763237,0.3834221363067627,-0.10505954176187515,-0.15197208523750305,-0.1080084890127182,-0.17238037288188934,0.9786210060119629,-0.3931289315223694,-0.6347604990005493,0.08214813470840454,-1.1183216571807861,-0.05458538606762886,0.4858018457889557,-0.2767048180103302,-0.09294459223747253,-0.17611324787139893,0.08174405246973038,1.0594502687454224,-0.1943412721157074,0.16736605763435364,-0.30115431547164917,0.13528522849082947,-0.25391721725463867,0.47088322043418884,0.31204742193222046,0.5389124751091003,0.39315658807754517,-0.2918230891227722,0.1342436522245407,0.1232401579618454,-0.5537465810775757,-0.04668668657541275,-0.26137596368789673,0.4818026125431061,-0.002817296888679266,-0.03395622968673706,0.11081957817077637,0.010366179049015045,0.9482587575912476,0.18324150145053864,-0.26671555638313293,-0.6378223896026611,0.03740280494093895,-0.0730712041258812,0.14779655635356903,0.07831442356109619,-0.6028339266777039,-0.023523351177573204,0.009259209036827087,0.37285906076431274,-0.3957587778568268,-0.39154917001724243,-0.3736553192138672,0.2444450408220291,0.07863972336053848,0.05973050743341446,-0.31338006258010864,0.26712194085121155,-0.04982062801718712,-1.6626040935516357,-0.17694596946239471,0.07025887817144394,-0.06406065076589584,-0.15107889473438263,0.13038629293441772,0.03671445697546005,0.8574205636978149,0.048348069190979004,-0.04473073408007622,0.07637422531843185,0.10023166239261627,0.1530248373746872,0.2989096939563751,-0.9942278861999512,0.025397038087248802,-0.29056471586227417,-0.3061162829399109,0.08942462503910065,0.2622334957122803,0.14490953087806702,-0.32857751846313477,-0.3249479830265045,-0.15892700850963593,0.03534701466560364,-0.02648853324353695,-0.015063861384987831,0.09486858546733856,-0.04821654036641121,-0.19588249921798706,0.3835204243659973,-0.5350693464279175,0.16161705553531647,0.21225765347480774,0.22408083081245422,-0.15058660507202148,0.5948899984359741,-0.25431740283966064,-0.020729761570692062,0.3676498532295227,-0.23621229827404022,0.07112183421850204,-0.047934599220752716,0.14012350142002106,0.12959495186805725,0.10677981376647949,0.025865798816084862,-0.3824234902858734,0.5306804776191711,0.08291222900152206,-0.18909324705600739,0.8025442957878113,-0.32817429304122925,-0.5131080150604248,-0.968671977519989,0.659929096698761,0.1077599972486496,0.21836309134960175,0.14044088125228882,-0.8364511728286743,0.19426140189170837,-0.08006671071052551,-0.09806466102600098,-1.2756083011627197,-0.12924249470233917,-0.4734167158603668,0.05884828418493271,0.042837075889110565,0.08154435455799103,1.1961731910705566,-0.5562795996665955,-0.29316529631614685,0.16120989620685577,-0.05518563836812973,0.3614819645881653,-0.45771366357803345,-0.5493281483650208,0.4326057434082031,-0.19300055503845215,0.4801463186740875,0.44705113768577576,0.14652743935585022,-0.066339410841465,-0.018292242661118507,0.8830891847610474,0.03313015028834343,-0.2225111722946167,-0.2633398473262787,0.00633814325556159,-0.25606685876846313,-0.18566182255744934,-0.6433155536651611,1.5206105709075928,-0.20820903778076172,-0.028342798352241516,-0.3579035997390747,-0.36982831358909607,-0.2482263296842575,0.06842230260372162,1.3383725881576538,-0.10051541030406952,0.9739227294921875,0.3047662079334259,0.18337948620319366,1.2477387189865112,-0.45947152376174927,0.25309962034225464,-0.5254685878753662,0.020079022273421288,0.06966197490692139,0.2487429827451706,-0.1970418393611908,-0.16323313117027283,0.0033023536670953035,-0.07147999107837677,0.6166976094245911,0.3585363030433655,-0.25398826599121094,-0.28857851028442383,0.028270432725548744,0.004126444458961487,0.01781349815428257,0.2649734616279602,0.007339608855545521,-0.1612577736377716,-0.08289148658514023,0.36954179406166077,0.13663236796855927,-0.5557035207748413,-0.15443575382232666,0.23361285030841827,0.19789448380470276,0.10500781238079071,0.3272378444671631,-0.032786279916763306,-0.8177244067192078,0.1768716722726822,0.004794716835021973,0.01802927814424038,-0.18047958612442017,-0.24997353553771973,1.3620340824127197,-0.19417932629585266,0.0795922726392746,-0.42979031801223755,-0.07953274995088577,-0.5796617269515991,-0.2285313606262207,-0.1932113915681839,-0.1571066975593567,0.4232160449028015,0.10326679050922394,0.21416907012462616,0.3727947175502777,-0.23087851703166962,0.5085300803184509,0.14804846048355103
CID000059708,331,0.007194978184998035,0.1746954321861267,-0.3924480378627777,0.036132872104644775,0.2616148591041565,-0.33585330843925476,-0.02019713819026947,-0.7657289505004883,0.03676367923617363,-0.2434512823820114,0.3966861367225647,-0.14681476354599,-0.016529832035303116,-0.29612597823143005,-0.0885717049241066,0.12344618886709213,0.4846598207950592,-0.13639743626117706,-0.3199641704559326,-0.008543431758880615,-0.4115985929965973,0.49378275871276855,0.48697423934936523,-0.22965660691261292,-0.609032928943634,-0.4373528063297272,-0.14840653538703918,-0.3294687867164612,0.04867886006832123,-0.11642859131097794,0.7196270227432251,-0.053739435970783234,0.030222684144973755,0.16184267401695251,0.008551823906600475,0.0404273122549057,0.28662165999412537,-0.018113529309630394,0.0012381195556372404,0.035432688891887665,-0.12004711478948593,0.47121983766555786,-0.3820497691631317,-0.12155792862176895,-0.16230542957782745,-0.16051813960075378,0.5546518564224243,-0.0071867285296320915,-0.38960888981819153,0.10436717420816422,-0.7226004600524902,0.5379640460014343,0.4937307834625244,-0.1855846494436264,-0.04826999828219414,0.0015280842781066895,0.01167093776166439,0.5400794744491577,0.15642672777175903,0.09316149353981018,-0.17280042171478271,-0.18776728212833405,0.15167070925235748,0.6872228980064392,0.22753417491912842,0.46470707654953003,-0.16721053421497345,-0.07040158659219742,0.045315828174352646,0.048860203474760056,-0.9173552393913269,0.17176179587841034,-0.5301605463027954,0.16754181683063507,0.04037465155124664,0.9234091639518738,0.8023985028266907,0.20508542656898499,0.3589182198047638,-0.014744418673217297,0.008174312300980091,-0.3349577784538269,0.05390750616788864,-0.024592438712716103,0.07549397647380829,0.46412402391433716,-0.65989750623703,0.3216075003147125,-0.2026880979537964,0.09498916566371918,-0.06549835950136185,-0.022202160209417343,-0.16479375958442688,-0.15052242577075958,-0.027625447139143944,-0.2724452614784241,0.020993972197175026,0.19516685605049133,-0.0714048221707344,-0.7892415523529053,-0.07719647139310837,-0.026989713311195374,0.06006408855319023,0.11387106031179428,-0.01801992952823639,-0.07217249274253845,0.906110942363739,0.05264781787991524,0.22174163162708282,0.21956154704093933,-0.1270470917224884,-0.24747148156166077,0.2145729959011078,-0.6598656177520752,0.12702696025371552,-0.26879698038101196,0.013191068544983864,-0.3565601110458374,0.14040589332580566,0.23730437457561493,-0.33900707960128784,-0.3624584376811981,0.2823713421821594,-0.02880638837814331,0.2542714476585388,0.210188627243042,-0.12285156548023224,0.09409405291080475,0.020037610083818436,-0.06229235976934433,-0.6094033122062683,-0.07570252567529678,0.2675636410713196,-0.17356273531913757,-0.014636904001235962,0.48246949911117554,0.30296605825424194,0.007418118417263031,0.2301243096590042,0.08791396021842957,-0.02851039543747902,-0.20041124522686005,0.04522284120321274,-0.06431762874126434,0.09344515204429626,0.021659765392541885,-0.40210819244384766,0.10453338921070099,0.11836223304271698,0.1643694043159485,0.7851016521453857,-0.2604067921638489,-0.37063735723495483,-0.6135745644569397,0.7611346244812012,-0.19995777308940887,0.08539261668920517,0.2578366994857788,-0.4781096577644348,0.006263566669076681,-0.0525570884346962,-0.14787541329860687,-1.0163090229034424,0.14978575706481934,-0.6985892057418823,-0.09272678941488266,-0.17136670649051666,0.005944135598838329,0.6644827127456665,-0.5748032927513123,-0.1422152817249298,-0.17357297241687775,0.017142996191978455,0.006851172540336847,-0.3946506083011627,0.18335838615894318,0.584630012512207,-0.19843566417694092,0.5448734760284424,-0.09966091811656952,0.5527114272117615,-0.19099509716033936,0.01791670359671116,0.7642377614974976,-0.12242121994495392,-0.8061128854751587,-0.08049531280994415,-0.12529270350933075,0.09894917160272598,-0.31183475255966187,-0.09375027567148209,0.4787488579750061,-0.257195383310318,-0.24286460876464844,0.002169047249481082,-0.13056068122386932,0.035691626369953156,-0.11233780533075333,0.09693355858325958,0.020134150981903076,0.28700175881385803,0.025661621242761612,0.15625697374343872,-0.2763827443122864,-0.3733278512954712,0.08017706871032715,-0.40051764249801636,0.11548799276351929,0.034932494163513184,-0.023985695093870163,0.12397855520248413,0.016688521951436996,0.1333751380443573,-0.3768579661846161,0.4826178550720215,-0.003206408116966486,-0.02872404456138611,-0.1254163235425949,0.07751009613275528,0.07476406544446945,0.16022889316082,-0.2466195523738861,0.0784374326467514,0.009582018479704857,-0.04229322075843811,0.3144022822380066,0.04412368685007095,-0.28291055560112,-0.10045965760946274,-0.18762966990470886,-0.11472354084253311,0.18539169430732727,0.05793150141835213,-0.1289328634738922,-0.40052708983421326,-0.06064645200967789,-0.07622553408145905,0.16245609521865845,-0.0035694180987775326,0.13253594934940338,0.60647052526474,-0.37128275632858276,-0.24265238642692566,-0.4232029318809509,-0.2422129362821579,-0.7316083908081055,-0.13410764932632446,-0.007249367423355579,-0.3556602895259857,0.33177706599235535,0.42713722586631775,-0.12863115966320038,-0.24273213744163513,0.079370878636837,-0.2523656487464905,-0.02757895365357399
CID000004200,332,0.08911208063364029,-0.39108747243881226,-0.8270822763442993,-0.002644625259563327,0.1854391098022461,-0.21540169417858124,0.1722133457660675,-0.7528127431869507,-0.16927121579647064,-0.6271106600761414,0.6743148565292358,-0.11933030933141708,-0.10428156703710556,-0.03052818775177002,-0.2724059224128723,0.4392779469490051,0.047573983669281006,0.31254616379737854,-0.4939095377922058,-0.32493311166763306,-0.4701938033103943,0.09270534664392471,0.21386460959911346,0.13938263058662415,-1.4957215785980225,-1.57377028465271,-0.5386284589767456,-0.09932146966457367,0.1618739664554596,-0.014151239767670631,1.476629614830017,-0.05243123322725296,0.13582280278205872,0.24600927531719208,-0.20396992564201355,0.02331181801855564,0.16371425986289978,-0.001891487860120833,0.03470546752214432,-0.23311495780944824,-0.3972547650337219,0.17989656329154968,0.03615743666887283,-0.2019554078578949,-0.4034182131290436,-0.3033245801925659,0.9530657529830933,-0.3119228482246399,-0.7756787538528442,0.09495746344327927,-1.0266059637069702,-0.24763479828834534,0.5646854639053345,-0.19791190326213837,0.07529939711093903,-0.5475048422813416,0.2796521782875061,1.1499354839324951,-0.27982065081596375,0.14070390164852142,-0.19185329973697662,0.010204315185546875,-0.14936073124408722,0.7813116312026978,0.2542029321193695,0.6567016243934631,0.2237592488527298,-0.1758432686328888,-0.03716550022363663,0.13932840526103973,-0.6262523531913757,0.08645599335432053,-0.8430803418159485,0.2029763013124466,0.1928139626979828,0.06432636082172394,0.30999165773391724,0.27741843461990356,0.8140468597412109,-0.15102432668209076,-0.07904146611690521,-0.5643497705459595,0.06853081285953522,0.20552735030651093,0.3499440848827362,0.1469689905643463,-0.35127341747283936,-0.28315940499305725,-0.2918287515640259,0.29559755325317383,-0.3719078600406647,-0.4748176038265228,-0.5612543821334839,0.0759204775094986,-0.017641648650169373,-0.016955679282546043,-0.14626550674438477,0.03243281692266464,0.00607610959559679,-1.3581061363220215,-0.050687868148088455,0.18857023119926453,-0.18729268014431,-0.18889528512954712,0.028076965361833572,-0.1232643574476242,1.424749493598938,0.02079154923558235,-0.23300834000110626,-0.03437047451734543,0.06994673609733582,0.2596431374549866,0.2528657615184784,-0.9047044515609741,-0.10163383185863495,-0.3984431326389313,-0.62717205286026,0.10936473309993744,0.1963367909193039,0.43673714995384216,-0.3927076756954193,-0.06104744225740433,-0.07589274644851685,-0.16361062228679657,0.13815973699092865,0.07562941312789917,0.1473691165447235,0.010879618115723133,-0.12109820544719696,0.3918701410293579,-0.7702876329421997,0.10543902218341827,0.003379869507625699,0.07467731833457947,-0.19618424773216248,0.7761207222938538,-0.0799054503440857,0.10054218769073486,0.5158321261405945,0.056820500642061234,-0.12156447023153305,0.04143647477030754,-0.02679411508142948,0.17484179139137268,-0.054075490683317184,-0.33541005849838257,-0.41384679079055786,0.5940784811973572,0.43674880266189575,-0.11178801208734512,0.7696946263313293,0.016297001391649246,-0.5754603147506714,-0.9293320775032043,0.8043512105941772,0.04471641406416893,-0.13703113794326782,0.12207917869091034,-0.5988622903823853,0.2023063600063324,-0.3181148171424866,-0.15049850940704346,-1.1564924716949463,-0.10900597274303436,-0.4519779682159424,0.05062444880604744,0.048482730984687805,0.07312454283237457,0.7829080820083618,-0.5475702881813049,-0.2091696709394455,0.08841650187969208,0.03086773119866848,0.2168160378932953,-0.7804020643234253,-0.4973222315311432,0.33035382628440857,-0.2699715793132782,0.4134385585784912,0.7163423299789429,0.07024982571601868,0.0543748140335083,-0.1064850315451622,0.6566823720932007,0.3070181906223297,-0.29506388306617737,-0.44231462478637695,-0.06454749405384064,-0.3222748041152954,0.014724793843925,-0.471810907125473,1.497343897819519,-0.2382323294878006,-0.1100543886423111,-0.27066826820373535,-0.1653224676847458,-0.19784121215343475,0.011038151569664478,1.1907368898391724,-0.05885547399520874,0.5051442384719849,-0.0020090341567993164,0.3603655695915222,0.9765598177909851,-0.630113422870636,0.15482468903064728,-0.6183165311813354,-0.08423735946416855,-0.006231975741684437,-0.09998591244220734,0.05930985137820244,0.11496593803167343,-0.0954468622803688,-0.1231110468506813,0.8648589849472046,0.6981399655342102,-0.5054232478141785,-0.041746534407138824,-0.06498683989048004,0.3267673850059509,-0.02062245085835457,0.24967098236083984,0.12677718698978424,-0.21176914870738983,-0.01100431103259325,0.23091177642345428,0.057487357407808304,-1.0552825927734375,0.024187946692109108,0.17440840601921082,0.2980404794216156,0.19673697650432587,0.2437119036912918,-0.21316418051719666,-0.665535569190979,0.04903154447674751,-0.013803204521536827,-0.019322067499160767,-0.07089407742023468,-0.3662225604057312,1.8010833263397217,-0.300630658864975,0.11518494784832001,-0.45726293325424194,-0.07658788561820984,-0.6413752436637878,-0.1754121482372284,0.05153091624379158,-0.2821083068847656,0.34991729259490967,0.09817921370267868,-0.11236102879047394,0.17401237785816193,-0.030290525406599045,0.4331672787666321,0.1625203788280487
CID000002187,333,0.06079069525003433,-0.26756584644317627,-0.767708957195282,-0.020181793719530106,0.5501023530960083,0.22864548861980438,-0.16211310029029846,-0.6746816635131836,-0.24824194610118866,-0.15650597214698792,0.21347996592521667,0.03088996745646,-0.10539047420024872,-0.13488955795764923,-0.004851245786994696,0.2250220775604248,0.28073355555534363,0.11423103511333466,-0.39156419038772583,0.2231331765651703,-0.2793732285499573,0.06131783127784729,0.5529494285583496,0.14170876145362854,-0.5281319618225098,-0.7288135290145874,-0.6260710954666138,0.22810140252113342,0.16131344437599182,0.05666942149400711,1.056300163269043,-0.00831766426563263,-0.09791801124811172,0.7327948808670044,-0.43850454688072205,0.029014963656663895,1.313396692276001,-0.15626204013824463,-0.024845944717526436,0.09847070276737213,-0.340742290019989,0.48492440581321716,-0.39952462911605835,0.017361465841531754,0.019636427983641624,0.0736200362443924,0.7929280996322632,-0.21108122169971466,-0.44782668352127075,0.02275119349360466,-0.350558876991272,0.24395838379859924,0.47864633798599243,-0.17929522693157196,0.29326558113098145,-0.26153478026390076,-0.3451065123081207,0.8422108888626099,0.09398652613162994,-0.11594158411026001,-0.20322266221046448,-0.22709974646568298,-0.29769283533096313,0.8270694017410278,0.2820585370063782,0.2672194838523865,-0.04063226282596588,-0.11097033321857452,-0.047678299248218536,0.031652726233005524,-0.6157687902450562,0.16734863817691803,-0.9603840708732605,0.2349291294813156,0.1511540412902832,0.12703227996826172,0.4945827126502991,-0.010726066306233406,0.5331063866615295,0.1080688089132309,0.04242928698658943,-0.308472216129303,0.09964074939489365,-0.18488791584968567,0.24724046885967255,0.322760671377182,-0.6338082551956177,-0.14170631766319275,-0.3030121624469757,0.18150325119495392,-0.2801852524280548,-0.0751698836684227,-0.12023244053125381,-0.06962447613477707,0.024172764271497726,-0.08836960047483444,-0.02427549660205841,0.21758988499641418,-0.02384956181049347,-0.8084144592285156,-0.08605232834815979,-0.021230686455965042,0.05812063068151474,-0.15702591836452484,0.3072620928287506,0.00603374233469367,1.1676914691925049,0.0205575879663229,0.18300394713878632,0.03637585788965225,-0.06089920923113823,0.005674639251083136,0.45966678857803345,-0.129014253616333,0.22843894362449646,-0.29579514265060425,-0.45854178071022034,0.20665469765663147,-0.1857183873653412,0.2876355051994324,-0.3385140001773834,-0.23744936287403107,0.09318837523460388,-0.1080317273736,-0.11094199120998383,-0.15791575610637665,0.3271351456642151,-0.13261476159095764,-0.21522510051727295,0.2645661532878876,-0.8449400663375854,-0.35983142256736755,0.35301336646080017,0.27104121446609497,0.21599607169628143,1.0056097507476807,0.2809736132621765,-0.26700809597969055,0.2738671898841858,-0.0370522066950798,-0.02654869481921196,-0.36170563101768494,0.018644606694579124,0.14962583780288696,0.06559715420007706,-0.04102276638150215,-0.45457273721694946,-0.10063491761684418,0.02544080652296543,-0.17124705016613007,0.21840324997901917,-0.03593049198389053,-0.7200675010681152,-0.7405461668968201,0.8140451312065125,-0.12856844067573547,0.1826995313167572,0.2340405434370041,-0.33458518981933594,0.016892442479729652,-0.12412556260824203,0.3701861500740051,-1.1349140405654907,-0.061060331761837006,-0.356629878282547,-0.005353683140128851,0.039784036576747894,-0.29642486572265625,0.6043360233306885,-0.4932554364204407,-0.3010310232639313,-0.12267086654901505,0.16175438463687897,-0.061826638877391815,-0.7695087790489197,-0.1488122045993805,0.49719589948654175,0.08266666531562805,0.6278198957443237,0.09210263192653656,0.4442799985408783,-0.2812625765800476,-0.15557965636253357,0.7242108583450317,0.08875662088394165,-0.5216872096061707,-0.10779394954442978,-0.10840664058923721,-0.28819480538368225,0.04656887799501419,-0.4630378186702728,1.1163359880447388,-0.2414509803056717,-0.5237776041030884,-0.02151912823319435,-0.01040559634566307,0.0358317531645298,0.08134307712316513,0.6140243411064148,-0.08218460530042648,0.35667911171913147,0.16972854733467102,-0.02209605649113655,0.2923181653022766,-0.41355571150779724,-0.36214035749435425,-0.11359968036413193,0.1565128117799759,-0.0911022275686264,-0.14475396275520325,-0.3105561137199402,-0.10226523876190186,-0.09242171049118042,-0.34853219985961914,0.6325806379318237,0.1534944325685501,-0.1293931007385254,-0.4456685483455658,-0.07150336354970932,0.050016142427921295,0.13033652305603027,-0.12132494151592255,0.12891310453414917,-0.15632565319538116,0.050880469381809235,0.06776783615350723,0.09023759514093399,-0.9657980799674988,-0.10004540532827377,0.08119933307170868,-0.12573084235191345,0.36441391706466675,-0.032950665801763535,0.008415630087256432,-0.6163854598999023,0.19153937697410583,0.018961381167173386,-0.06556954979896545,-0.1217157393693924,-0.030280377715826035,0.8448635935783386,-0.35629892349243164,0.11645307391881943,-0.23750297725200653,-0.061323631554841995,-0.23174181580543518,0.2977127432823181,0.21942941844463348,-0.07789894938468933,0.25608161091804504,0.36831599473953247,-0.01496643852442503,0.15372344851493835,-0.11211641132831573,0.4417421817779541,0.026465926319360733
CID000003749,334,0.21209760010242462,-0.23108306527137756,-0.6129058599472046,-0.00031986235990189016,0.29148295521736145,-0.34535157680511475,0.022603224962949753,-0.5607713460922241,-0.10455276072025299,-0.22420278191566467,0.4657527804374695,-0.013517141342163086,-0.05357106402516365,-0.04677397757768631,0.11985112726688385,0.29844048619270325,0.10138150304555893,0.08166442066431046,-0.24661681056022644,-0.030324172228574753,0.0018578491872176528,-0.05633467435836792,0.2586166262626648,0.0062210471369326115,-0.6432126760482788,-0.6961562037467957,-0.07273097336292267,-0.1967928111553192,0.29459184408187866,0.043297179043293,0.37188130617141724,-0.025748465210199356,0.08386894315481186,0.10040563344955444,-0.1690530925989151,0.08584549278020859,0.15927982330322266,-0.1111852154135704,-0.005300143733620644,-0.09363573044538498,-0.0741647332906723,0.19155116379261017,-0.21634650230407715,-0.15207326412200928,-0.05734963342547417,0.03162633255124092,0.6281818747520447,-0.07023057341575623,-0.608286440372467,-0.00748269259929657,-0.674906849861145,0.18438014388084412,0.3835631012916565,-0.2541772425174713,-0.08885477483272552,-0.20734599232673645,-0.16059212386608124,0.7689676880836487,-0.10325531661510468,-0.06675536185503006,0.09704835712909698,-0.09956052154302597,0.06926615536212921,0.5721068382263184,0.15103255212306976,0.4166947901248932,0.03098178468644619,0.15696781873703003,-0.15354536473751068,0.07688773423433304,-0.5164173245429993,0.14635959267616272,-0.32115721702575684,0.3313051760196686,-0.09787557274103165,0.26114192605018616,0.13757634162902832,0.3573480248451233,0.4258245825767517,-0.12879596650600433,-0.015094466507434845,-0.33515068888664246,0.01180951576679945,-0.017273377627134323,0.34083980321884155,0.182646244764328,-0.3838562071323395,-0.026471206918358803,-0.015493815764784813,0.04902983829379082,-0.04185216501355171,-0.051636092364788055,-0.11140982806682587,0.12027870118618011,0.012570013292133808,-0.0046251998282969,-0.2079886645078659,0.36351731419563293,0.06596549600362778,-0.7674761414527893,-0.03559795022010803,-0.15530957281589508,0.0631270706653595,-0.11764676868915558,-0.010037211701273918,-0.16487368941307068,0.5609921216964722,0.19041606783866882,0.1312352865934372,-0.09110715985298157,0.12119951099157333,-0.03415675088763237,0.2591586410999298,-0.5817157030105591,0.1587592214345932,-0.1077834814786911,-0.1424281746149063,0.18538597226142883,-0.29914766550064087,-0.1989975869655609,-0.17849859595298767,-0.2863331437110901,0.022244133055210114,0.27529624104499817,0.04872521758079529,0.10210052877664566,0.1361015886068344,0.0938795804977417,-0.2761339247226715,0.14088566601276398,-0.4891270101070404,0.024476388469338417,0.24694685637950897,0.1830802857875824,-0.043492235243320465,0.5243663191795349,0.12222480773925781,0.033632393926382065,0.2500836253166199,-0.06025729700922966,-0.18144181370735168,-0.13371406495571136,0.31254225969314575,0.44036492705345154,0.14585071802139282,-0.041104353964328766,-0.3903719186782837,0.19564197957515717,-0.10783734172582626,-0.016005346551537514,0.6845298409461975,-0.1454896479845047,-0.3212225139141083,-0.6325187683105469,0.5428234338760376,-0.16338519752025604,-0.04845855385065079,-0.12321189790964127,-0.3812963664531708,0.008881671354174614,-0.27166080474853516,-0.0765472874045372,-0.7186924815177917,-0.01676400750875473,-0.43951019644737244,-0.037761323153972626,0.07585275173187256,0.0005431607132777572,0.5842617750167847,-0.5657899975776672,-0.20254412293434143,-0.051531244069337845,0.015421655960381031,0.009254162199795246,-0.32423651218414307,-0.18781328201293945,0.1114489808678627,0.1980755776166916,0.5709720253944397,-0.13552770018577576,0.47637686133384705,-0.10901384055614471,0.025996049866080284,0.3639259338378906,-0.03406510129570961,-0.20287129282951355,-0.14486992359161377,-0.28126513957977295,0.07365912199020386,-0.09808726608753204,-0.31364569067955017,0.9096058011054993,-0.07888861000537872,-0.2294706404209137,-0.15456849336624146,-0.06499013304710388,-0.25506386160850525,-0.01852681301534176,0.5711935758590698,-0.15770471096038818,0.62730473279953,0.3206125497817993,-0.08706368505954742,0.37018725275993347,-0.572066605091095,-0.06544037163257599,-0.35004132986068726,-0.10724979639053345,-0.052702534943819046,-0.08585213124752045,0.17662476003170013,0.01140043418854475,0.052980970591306686,-0.08411666005849838,0.5989428758621216,-0.01257377304136753,-0.11704274266958237,-0.2208791971206665,0.04602142423391342,0.18468181788921356,0.13194414973258972,0.09948728233575821,0.13148322701454163,-0.09736690670251846,-0.11325760185718536,0.2442857027053833,0.034883689135313034,-0.5413302183151245,-0.2715702950954437,-0.0807466208934784,0.21156689524650574,0.005901402328163385,0.15025950968265533,-0.3262692093849182,-0.5375587940216064,0.3577335476875305,0.028765100985765457,-0.06359407305717468,-0.10702066123485565,-0.21398892998695374,0.4529508948326111,-0.29852524399757385,-0.11266198009252548,-0.17404326796531677,-0.08292166143655777,-0.25950631499290466,0.03322504460811615,-0.2178955078125,0.11282680183649063,0.37656790018081665,-0.025835489854216576,0.08541922271251678,0.012240717187523842,-0.20917198061943054,0.11814987659454346,-0.12365712225437164
CID000001071,335,0.07022812217473984,0.019812684506177902,-0.4963091015815735,0.15437956154346466,0.2937847673892975,-0.1180887445807457,-0.05286528915166855,-0.5032845139503479,0.10556751489639282,-0.26892948150634766,0.2885804772377014,0.10258904844522476,-0.029188837856054306,-0.041062355041503906,0.20283980667591095,-0.016674796119332314,0.3911561369895935,0.13945291936397552,-0.4787723422050476,0.20765456557273865,0.18833515048027039,0.01709590293467045,0.21064798533916473,0.28814196586608887,-0.539554238319397,-0.7602490186691284,-0.29601556062698364,-0.21415190398693085,0.32551854848861694,-0.11127342283725739,0.8284856081008911,-0.12649425864219666,-0.0039435639046132565,0.1496049463748932,0.002542597008869052,-0.01497063972055912,0.297827810049057,-0.033119361847639084,-0.04453144967556,-0.1112804263830185,-0.30774447321891785,0.5460295677185059,-0.2910570502281189,-0.11242108047008514,-0.16440513730049133,-0.09944012016057968,0.5271833539009094,-0.19148048758506775,-0.7471688389778137,-0.13935966789722443,-0.9634853601455688,0.3571101427078247,0.4563634991645813,-0.17972922325134277,0.2538980543613434,-0.05658987909555435,-0.20239567756652832,0.7702836394309998,0.2696380615234375,-0.06955061107873917,0.07995420694351196,-0.027014806866645813,0.10987277328968048,0.5603110790252686,0.03185255080461502,0.5022961497306824,-0.09854459017515182,-0.09528331458568573,0.09916521608829498,-0.026442592963576317,-0.7956013083457947,0.14457091689109802,-0.42550310492515564,0.11782754957675934,-0.05594692379236221,0.3575812578201294,0.5015719532966614,0.09253580868244171,0.6820991039276123,-0.15810894966125488,0.09715704619884491,-0.3404882252216339,-0.07164200395345688,-0.015200937166810036,0.049423109740018845,0.2989431321620941,-0.20776315033435822,-0.16480913758277893,0.050982750952243805,0.0009328741580247879,-0.04672756791114807,-0.09299089759588242,-0.21439692378044128,-0.06413133442401886,0.21000082790851593,-0.13597004115581512,-0.06671404838562012,-0.09575533866882324,0.21150381863117218,-0.4134446978569031,0.007959079928696156,-0.4076022505760193,0.1215178370475769,-0.21638214588165283,0.07339368760585785,-0.09913341701030731,0.5762394666671753,0.18533392250537872,0.3119126558303833,0.023458300158381462,0.05390013009309769,0.059704117476940155,0.5843213796615601,-0.8124375343322754,-0.04926969110965729,-0.14882948994636536,-0.13944733142852783,0.28355658054351807,-0.038409993052482605,0.19746056199073792,-0.16575273871421814,-0.2947252690792084,-0.15935437381267548,0.14515092968940735,-0.1351233869791031,0.32598766684532166,0.27423563599586487,0.38171401619911194,-0.16285569965839386,0.05383662134408951,-0.6239835023880005,-0.03775843232870102,0.2445528209209442,0.05481019616127014,-0.2161748856306076,0.5795196294784546,0.07100575417280197,-0.05146311596035957,0.21604958176612854,-0.05983908101916313,-0.11619427055120468,-0.099045529961586,0.26818713545799255,-0.06776487082242966,0.13742926716804504,-0.21095843613147736,-0.49554046988487244,-0.02713768556714058,-0.39159655570983887,-0.014921501278877258,0.6316251754760742,0.0034988895058631897,-0.32586830854415894,-0.6113027930259705,0.5537225008010864,-0.11050858348608017,-0.0017782211070880294,-0.021035978570580482,-0.3559945821762085,0.07560570538043976,0.0032465695403516293,-0.0339314229786396,-1.000025987625122,-0.022390788421034813,-0.5633925199508667,-0.09044002741575241,-0.02154562994837761,-0.10270507633686066,0.42400074005126953,-0.4795868396759033,-0.18385373055934906,-0.08365479111671448,0.013539647683501244,-0.04836255684494972,-0.4779551029205322,-0.2676001787185669,0.18931844830513,-0.02175881527364254,0.4116903245449066,-0.12151869386434555,0.3297308683395386,-0.06077742576599121,-0.31991901993751526,0.3551131784915924,-0.23621733486652374,-0.28324565291404724,0.32425424456596375,-0.2234673798084259,-0.15157367289066315,-0.13007742166519165,-0.24787995219230652,0.6454671025276184,0.03281561657786369,-0.1944872885942459,0.05769738554954529,-0.09642358124256134,-0.07036861032247543,0.08455877006053925,0.14327232539653778,-0.07571274787187576,0.6343225240707397,-0.038911692798137665,-0.16409222781658173,0.20453278720378876,-0.4427546560764313,0.1547311544418335,-0.24825775623321533,-0.20366673171520233,-0.29883724451065063,-0.07795214653015137,0.12327016890048981,-0.002957609249278903,0.0453835055232048,-0.3010057210922241,0.9989179372787476,0.017834007740020752,0.04064693674445152,-0.08767763525247574,-0.05647851899266243,0.1860191375017166,0.09858807176351547,0.0038845003582537174,0.23447421193122864,-0.19603219628334045,-0.0788625031709671,0.051890529692173004,0.21706560254096985,-0.960954487323761,-0.11169662326574326,-0.3481481671333313,0.05603279545903206,-0.08268944174051285,-0.10020945221185684,-0.18600919842720032,-0.7928513288497925,0.23698213696479797,0.158590629696846,-0.048679277300834656,-0.1604485809803009,-0.06768640130758286,0.17950451374053955,-0.2042846381664276,-0.031978048384189606,-0.12341298907995224,-0.1652027666568756,-0.1754847764968872,-0.19074510037899017,0.07522204518318176,-0.018808797001838684,0.2657686173915863,-0.06261201947927475,0.15490272641181946,0.1276892125606537,-0.27194899320602417,0.3587130010128021,-0.38456499576568604
CID000002265,336,0.04855186492204666,-0.26084527373313904,-0.5593842267990112,0.10155272483825684,0.41617879271507263,-0.146477609872818,-0.09143040329217911,-0.4026516079902649,-0.2073657512664795,-0.011121523566544056,0.3810572028160095,0.05231767147779465,-0.10236364603042603,0.05274174362421036,0.0426594577729702,0.1330966204404831,0.24209193885326385,0.04687215015292168,-0.17456331849098206,0.24291320145130157,-0.12293851375579834,0.16103595495224,0.35051465034484863,0.026763450354337692,-0.3332522213459015,-0.8065041303634644,-0.6607199907302856,0.13818097114562988,-0.0603114478290081,0.023333638906478882,0.7975078821182251,0.16400417685508728,-0.09382577985525131,0.550955057144165,-0.2894372045993805,0.162278413772583,0.8725059628486633,-0.07508567720651627,-0.0076444088481366634,0.18344052135944366,0.016943175345659256,0.31082504987716675,-0.26522451639175415,-0.137517049908638,-0.08293115347623825,-0.004494956228882074,0.69174724817276,-0.25318875908851624,-0.5346928238868713,-0.07308654487133026,-0.6688228249549866,0.1010545939207077,0.36325496435165405,-0.2426864355802536,0.33432894945144653,-0.11839531362056732,-0.2020924836397171,0.5295568704605103,0.19472423195838928,-0.10922370105981827,-0.05556299537420273,-0.15996535122394562,0.19243821501731873,0.6062136888504028,0.1335035115480423,0.3536003828048706,-0.25819969177246094,-0.21695606410503387,0.07924363762140274,0.025752568617463112,-0.5167680978775024,0.2931343913078308,-0.7203044295310974,0.6824359893798828,0.06905270367860794,0.1657157689332962,0.443769633769989,0.21709132194519043,0.6183834671974182,-0.01788991317152977,-0.0979645699262619,-0.07964451611042023,0.022165842354297638,-0.08888261020183563,-0.00416519632562995,0.3676365911960602,-0.11470278352499008,-0.1684609055519104,-0.0041846903041005135,-0.014739717356860638,-0.2932775020599365,-0.20170673727989197,-0.09960468113422394,-0.03115183673799038,0.16504612565040588,-0.18804427981376648,-0.12981551885604858,0.23743557929992676,-0.000988304615020752,-0.8439447283744812,-0.04127097874879837,-0.34510642290115356,0.21754339337348938,0.012947484850883484,0.24382588267326355,-0.013348090462386608,0.9173706769943237,-0.08357321470975876,0.29397425055503845,-0.07324468344449997,-0.140361949801445,-0.033131193369627,0.17837807536125183,-0.454542875289917,0.15968479216098785,-0.35583019256591797,-0.49445024132728577,0.13432741165161133,0.061998188495635986,0.19955982267856598,-0.11843298375606537,-0.407003790140152,0.09080194681882858,0.01820162869989872,-0.06325872242450714,0.01577814295887947,0.18070144951343536,-0.05089963227510452,-0.28363195061683655,0.21627607941627502,-0.8067950010299683,-0.23445424437522888,0.4020231366157532,0.05850619822740555,0.043253343552351,0.9799782633781433,0.26921573281288147,-0.1440386027097702,0.3219471573829651,-0.07001126557588577,-0.1247263178229332,-0.2685350775718689,-0.02259153686463833,0.20115575194358826,-0.01818476989865303,0.0333288237452507,-0.24483433365821838,-0.1381755918264389,-0.16311869025230408,0.08447006344795227,0.3323743939399719,-0.058734238147735596,-0.4623749852180481,-0.5969055891036987,0.3386309742927551,-0.11711035668849945,0.3271702826023102,-0.0421387180685997,-0.3517542779445648,-0.10709689557552338,0.04390022158622742,0.34065157175064087,-0.8397396206855774,0.02017192915081978,-0.3122715353965759,0.10585439205169678,0.04555099457502365,-0.1970617175102234,0.7725744843482971,-0.5514034628868103,-0.17447754740715027,-0.016561757773160934,-0.06127361208200455,-0.15231753885746002,-0.5463802218437195,-0.23549416661262512,0.37999337911605835,0.1623069792985916,0.5020318031311035,0.16308042407035828,0.4238627552986145,-0.14552614092826843,-0.2730688452720642,0.5990716218948364,-0.059005819261074066,-0.5390481948852539,0.09473289549350739,-0.08829768747091293,-0.2882991433143616,-0.06044958904385567,-0.38699987530708313,1.1719425916671753,-0.025386666879057884,-0.31035545468330383,0.3086090683937073,-0.09727395325899124,0.09617900103330612,0.14818604290485382,0.6376274824142456,-0.34997671842575073,0.2549150288105011,0.5211840867996216,-0.0726114884018898,0.41743040084838867,-0.3758423328399658,-0.1691751480102539,-0.21848657727241516,-0.13404013216495514,-0.23587103188037872,-0.22364039719104767,-0.031245732679963112,-0.06427733600139618,-0.15202489495277405,-0.2884567677974701,0.7542542219161987,0.06416699290275574,0.08252759277820587,-0.16286511719226837,0.10041555017232895,0.22046618163585663,0.17810040712356567,-0.020605197176337242,0.14629939198493958,-0.10729540884494781,0.16166836023330688,0.15380637347698212,0.07041893899440765,-0.528641402721405,-0.24584662914276123,-0.17328284680843353,-0.1996692419052124,0.04380221292376518,0.034966494888067245,-0.18121016025543213,-0.4877049922943115,0.09975065290927887,0.07895533740520477,-0.20592424273490906,0.1623270958662033,0.02908143401145935,0.7422319650650024,-0.2561899423599243,-0.015321604907512665,-0.3115901052951813,0.003097513224929571,-0.231097012758255,-0.04338648170232773,0.26768237352371216,-0.006236004643142223,0.2857014536857605,0.19771833717823029,0.02425714209675789,0.07439827919006348,-0.15871921181678772,0.27792808413505554,0.1064830869436264
CID000003911,337,0.17776994407176971,0.01027731318026781,-0.6201320886611938,-0.1515648365020752,0.5746954083442688,-0.0678006187081337,-0.06786592304706573,-0.8251459002494812,-0.024986397475004196,-0.11302931606769562,0.6265267133712769,0.21821565926074982,0.0672425776720047,-0.055291056632995605,-0.026926135644316673,-0.0630883201956749,0.6979211568832397,-0.05672971159219742,-0.7533596754074097,0.22127661108970642,-0.7521781325340271,0.528528094291687,0.36914247274398804,-0.2986606955528259,-1.6546627283096313,-0.8503404855728149,-0.36996617913246155,-0.2002246379852295,0.08059846609830856,0.06393574178218842,1.7037538290023804,0.016853392124176025,0.11588804423809052,-0.02667943201959133,-0.7655940055847168,0.005857986398041248,0.33526164293289185,-0.08612589538097382,-0.21431787312030792,-0.08019565045833588,-0.6853345632553101,0.6072657704353333,-0.13753291964530945,-0.5242927670478821,0.23432858288288116,-0.2765967845916748,0.7737016081809998,-0.11657600104808807,-0.7727380990982056,0.18413817882537842,-1.4072599411010742,0.8198803067207336,0.6704697608947754,0.010770025663077831,0.2764519155025482,-0.18922773003578186,0.10387537628412247,0.9195100665092468,0.3724965453147888,0.10358492285013199,-0.19171909987926483,-0.1230476126074791,-0.09311140328645706,0.9851430058479309,-0.06714577972888947,0.6843639612197876,-0.051992714405059814,0.2553434669971466,-0.02602808177471161,-0.10295975208282471,-0.8605090379714966,0.19237354397773743,-0.8708450198173523,0.3309369683265686,-0.06275550276041031,0.9311938285827637,0.5792207717895508,0.03340720012784004,1.0889204740524292,0.003788721514865756,0.07235313206911087,-0.1352904886007309,-0.2838626801967621,0.14980509877204895,0.1080540269613266,0.5744146108627319,-1.0952848196029663,-0.005885258316993713,-0.42219486832618713,0.25333017110824585,-0.04792704060673714,0.14695867896080017,-0.29751086235046387,0.2145039588212967,0.017445072531700134,-0.31215232610702515,0.037327785044908524,0.6714717149734497,-0.08700426667928696,-1.4192302227020264,-0.31698110699653625,-0.02361268177628517,0.18829751014709473,0.03397132083773613,0.2548714280128479,-0.3265511393547058,0.952078640460968,-0.11119238287210464,0.1256607472896576,0.11029175668954849,0.14932191371917725,-0.2513926923274994,0.5096840858459473,-1.2722911834716797,0.4128419756889343,-0.33221691846847534,-0.07836366444826126,0.047654274851083755,0.47016820311546326,0.4722181260585785,-0.39268502593040466,-0.33641317486763,-0.2733003795146942,-0.055172163993120193,-0.1630660891532898,0.012114268727600574,0.25468361377716064,0.10571829229593277,0.11768686771392822,0.01080912072211504,-0.9181814193725586,0.17477354407310486,0.4818231463432312,0.13300681114196777,-0.09421262890100479,0.782699704170227,0.14204876124858856,-0.3689224123954773,0.4663897156715393,-0.30252212285995483,-0.07540734857320786,-0.0008285045623779297,0.0741330236196518,0.04418330267071724,0.052803099155426025,0.10591994225978851,-0.7563127279281616,0.11505887657403946,0.4781724810600281,0.18975983560085297,1.1321724653244019,-0.31144896149635315,-0.7605029344558716,-1.3662843704223633,1.3956983089447021,-0.12700054049491882,0.18967266380786896,0.006974256131798029,-0.35590893030166626,0.01713784970343113,0.16719448566436768,-0.04207240417599678,-1.1103413105010986,0.2624132037162781,-0.6540120840072632,-0.21369245648384094,0.17660094797611237,-0.03569767624139786,0.6652089357376099,-0.6421298980712891,-0.2263266146183014,-0.6021711826324463,0.22430245578289032,-0.07354757934808731,-0.8629560470581055,0.229094460606575,0.5823368430137634,-0.02792101539671421,0.4906238615512848,0.129464790225029,0.4492502212524414,-0.08078185468912125,-0.353800505399704,1.0035502910614014,0.11140451580286026,-0.9673848152160645,-0.1786867380142212,-0.11820115894079208,-0.40147289633750916,-0.34321829676628113,-0.7765601277351379,0.8709045648574829,-0.1396087408065796,-0.10937855392694473,0.09719589352607727,0.2610023617744446,-0.22538742423057556,-0.19991201162338257,0.5445066094398499,-0.09253586828708649,0.30638688802719116,0.2568069100379944,0.05911707878112793,0.04059099406003952,-0.54551100730896,0.24590632319450378,-0.44211140275001526,0.1325686275959015,-0.02579740807414055,-0.04220554977655411,-0.25202232599258423,0.09707073867321014,-0.043296415358781815,-0.30534490942955017,0.7380960583686829,0.2613864839076996,-0.28593936562538147,-0.38010522723197937,0.05604933574795723,0.07519595324993134,0.0018460601568222046,0.15508794784545898,0.17703840136528015,0.148312509059906,-0.031489573419094086,0.40728503465652466,-0.1732684075832367,-0.8143036961555481,-0.306378036737442,-0.0626305490732193,-0.04767965152859688,0.1551731377840042,0.2846401333808899,-0.24566015601158142,-1.245529294013977,0.31427818536758423,-0.15056239068508148,-0.09764368832111359,-0.17341096699237823,0.031923867762088776,1.2834022045135498,-0.11723528802394867,-0.39674806594848633,-0.3459915518760681,-0.07412645220756531,-0.6288635730743408,0.019151661545038223,0.15153759717941284,-0.3337269425392151,0.27242374420166016,-0.07389773428440094,-0.16856898367404938,0.14913678169250488,-0.051626332104206085,0.4437505304813385,0.19409075379371643
CID000005212,338,0.28778940439224243,-0.22653381526470184,-0.767555296421051,0.06794196367263794,0.28276950120925903,-0.1883937418460846,0.1636916697025299,-0.6886659860610962,0.08946406841278076,-0.33103054761886597,0.5208085179328918,0.087023064494133,-0.011937817558646202,-0.030265197157859802,0.03135298565030098,0.2659803032875061,0.1428731381893158,0.07680490612983704,-0.2868756651878357,-0.12018606811761856,-0.035385750234127045,-0.04226330667734146,0.23716437816619873,-0.035027943551540375,-0.9941697120666504,-0.795637309551239,-0.40141406655311584,-0.07085215300321579,0.16630670428276062,0.2499857395887375,0.6801595687866211,0.0010322615271434188,0.23475369811058044,0.2760620713233948,-0.05875862389802933,-0.0062874918803572655,0.31495803594589233,0.05319554731249809,0.11943763494491577,-0.018968787044286728,0.25053471326828003,0.44194263219833374,-0.144282266497612,-0.24790334701538086,-0.04657929018139839,0.00088539719581604,0.7931230664253235,-0.16605034470558167,-0.661479115486145,0.025958502665162086,-1.0772430896759033,-0.14973776042461395,0.4998934864997864,-0.1675451695919037,-0.08402927219867706,-0.24560756981372833,-0.13101384043693542,0.8897395133972168,-0.06952621787786484,-0.0855611190199852,-0.18032720685005188,-0.040444765239953995,-0.0984816774725914,0.27581238746643066,0.08048131316900253,0.4797739088535309,0.26517340540885925,-0.05958133935928345,-0.043073542416095734,0.17132344841957092,-0.3356724679470062,0.20885351300239563,-0.2718926966190338,0.5176604986190796,-0.22951623797416687,0.2052443027496338,0.3176754117012024,0.04519663006067276,0.6144714951515198,0.10228978097438812,-0.10471200942993164,-0.33954891562461853,0.09759186208248138,-0.12376890331506729,0.29303091764450073,0.12723655998706818,-0.5672345757484436,-0.10375378280878067,-0.08732198178768158,0.09272012114524841,-0.13218557834625244,-0.1573701947927475,-0.22183120250701904,0.20149961113929749,0.13808217644691467,0.1423942744731903,0.049226172268390656,0.1648956835269928,0.007064965553581715,-1.453575849533081,-0.14958396553993225,0.08617778867483139,-0.057842690497636795,-0.1181344985961914,0.11380930244922638,-0.009876862168312073,0.7830104231834412,0.035371825098991394,0.09871846437454224,0.08019669353961945,0.10860663652420044,0.11897087097167969,0.28731420636177063,-0.9102498888969421,0.047070447355508804,-0.31874167919158936,-0.11856602132320404,0.09706225991249084,0.12363716214895248,-0.028741851449012756,-0.10661680996417999,-0.2816004157066345,0.16587749123573303,0.13704761862754822,0.13359397649765015,0.05445709079504013,0.2294434756040573,-0.03150150552392006,-0.2579268515110016,0.07992652803659439,-0.4946482181549072,0.04532429203391075,0.21821732819080353,0.095295749604702,-0.1158258318901062,0.5825563669204712,-0.06069870665669441,0.11741629987955093,0.31491416692733765,-0.2565062642097473,0.04592655599117279,0.019864629954099655,0.11800555139780045,0.27611133456230164,0.16497012972831726,0.12117066234350204,-0.45129498839378357,0.4848483204841614,-0.0986628383398056,-0.18454627692699432,0.7666137218475342,-0.15655848383903503,-0.4099496006965637,-0.6472324728965759,0.6735057830810547,0.0029840886127203703,0.07375060021877289,0.11748518794775009,-0.4617983400821686,0.2046685516834259,0.0321369543671608,-0.0067198025062680244,-0.938731849193573,-0.05883530527353287,-0.47197094559669495,0.06943942606449127,0.09010215103626251,-0.09650911390781403,1.231160044670105,-0.639372706413269,-0.29181966185569763,0.1340692639350891,0.17584533989429474,0.25434598326683044,-0.33396539092063904,-0.30711063742637634,0.22494037449359894,-0.0750935822725296,0.5339657068252563,0.38776493072509766,0.3270932734012604,-0.20044974982738495,0.12679556012153625,0.7676445841789246,-0.25784778594970703,-0.2461765706539154,-0.07867206633090973,-0.16272398829460144,-0.1400829702615738,-0.21255317330360413,-0.3248819410800934,1.3569962978363037,-0.005432554055005312,-0.06541915982961655,-0.1647520810365677,-0.17815712094306946,-0.23456034064292908,0.02867583930492401,1.2494630813598633,-0.3162502646446228,0.6521073579788208,0.49903106689453125,-0.17596282064914703,0.890080451965332,-0.44998520612716675,0.1406792402267456,-0.4718627333641052,-0.0407489612698555,-0.15364089608192444,0.02962980791926384,-0.0063676415011286736,-0.11531075090169907,0.162281796336174,-0.2825322449207306,0.5040906667709351,0.14417961239814758,-0.2749637961387634,-0.19118769466876984,0.07176278531551361,0.0032969526946544647,-0.013967156410217285,0.13140352070331573,-0.018250491470098495,-0.24042832851409912,-0.008830602280795574,0.28231295943260193,0.1501944363117218,-0.20935006439685822,-0.22314190864562988,0.09616351872682571,0.18696211278438568,0.02082597091794014,0.3707038462162018,-0.1784197986125946,-0.6380025148391724,-0.023908276110887527,0.019830534234642982,-0.08708280324935913,-0.1988770067691803,0.006127634551376104,1.118802785873413,-0.2732039988040924,0.11202571541070938,-0.46219077706336975,-0.058032386004924774,-0.5799290537834167,-0.21339862048625946,-0.25709813833236694,0.09009336680173874,0.4399753212928772,0.2076798975467682,0.13819485902786255,0.03954758495092392,-0.16293756663799286,0.27619558572769165,-0.025609156116843224
CID000000159,339,-0.06813569366931915,-0.11207296699285507,-0.47958478331565857,0.1885639727115631,0.15123072266578674,-0.4165569245815277,0.04559968411922455,-0.20361635088920593,-0.04597066342830658,0.1509682834148407,0.2316804826259613,-0.13092035055160522,0.10571099817752838,-0.09589371830224991,0.2143137902021408,0.0490880124270916,-0.08727685362100601,-0.0898667722940445,-0.18724502623081207,0.12172050774097443,0.14543834328651428,0.27322399616241455,0.37898969650268555,-0.05750947445631027,-0.46074217557907104,-0.7296432256698608,-0.2892896234989166,-0.48928505182266235,0.05131034180521965,0.2985072433948517,0.09448747336864471,-0.06814814358949661,-0.13522008061408997,0.22988362610340118,-0.2586079239845276,0.024648437276482582,0.012049841694533825,-0.23703598976135254,-0.03440476581454277,-0.23318462073802948,-0.2360127866268158,0.02843143418431282,-0.34948116540908813,-0.14481313526630402,0.047836292535066605,-0.07126633822917938,0.40643754601478577,0.03411702439188957,-0.536602795124054,0.048523057252168655,-1.3016879558563232,0.5743947625160217,0.7355709075927734,-0.1520322859287262,0.19033068418502808,-0.2486623227596283,-0.047620128840208054,0.7822185754776001,0.1585935354232788,-0.11520355939865112,0.1333375871181488,-0.26616019010543823,0.15522749722003937,0.7008479833602905,0.12722866237163544,0.6292630434036255,-0.22244282066822052,-0.024199455976486206,0.06911410391330719,-0.17773959040641785,-0.5782333612442017,0.06607477366924286,-0.17468056082725525,0.57920902967453,0.18183553218841553,0.3506837487220764,0.32051947712898254,0.15659470856189728,0.9686661958694458,0.11559285968542099,-0.11450960487127304,-0.025084352120757103,0.0005654424312524498,-0.0316360779106617,-0.13187210261821747,0.214300274848938,0.02356242574751377,0.2785072922706604,-0.032200220972299576,-0.14423516392707825,0.03675279766321182,0.03467678278684616,-0.24355800449848175,-0.01768421195447445,0.024253185838460922,-0.22522076964378357,-0.16847267746925354,0.26663893461227417,0.08401288092136383,-0.4860825538635254,0.012111259624361992,-0.21423473954200745,0.14710961282253265,-0.1405344307422638,0.023943189531564713,-0.26670849323272705,0.3227633833885193,0.3368922770023346,0.052316684275865555,-0.04516597464680672,-0.12132284790277481,-0.228468656539917,0.8109198808670044,-0.9561859369277954,-0.11836595833301544,-0.020061329007148743,-0.030307192355394363,-0.006848814897239208,0.13440720736980438,-0.2350868284702301,-0.057565052062273026,-0.27655524015426636,-0.024857278913259506,0.003205820918083191,-0.03236088156700134,0.3812774419784546,0.07258417457342148,0.115201435983181,-0.016957124695181847,0.16132500767707825,-0.6083487272262573,-0.06915481388568878,0.1977401077747345,0.24409660696983337,0.05597629398107529,0.7625938653945923,0.30637890100479126,-0.30176371335983276,0.2590147852897644,0.159903883934021,-0.10741569101810455,-0.13515236973762512,0.5012519359588623,0.20617958903312683,0.15282215178012848,0.0026289434172213078,-0.35758399963378906,-0.04936501383781433,-0.2672308683395386,0.03413373604416847,0.6770828366279602,-0.11762626469135284,-0.39893925189971924,-0.4187668263912201,0.36023423075675964,-0.6038471460342407,-0.04503815621137619,-0.1854061633348465,-0.8830854296684265,-0.0486735962331295,0.00537997018545866,0.0785079225897789,-0.6243108510971069,0.05529935285449028,-0.5113162994384766,-0.019392965361475945,-0.03270956873893738,0.10237739980220795,0.37909793853759766,-0.6379455924034119,-0.25874048471450806,-0.05851554125547409,-0.07187263667583466,0.0017842702800408006,-0.29979151487350464,-0.009658968076109886,0.27358129620552063,0.030328845605254173,0.30861714482307434,-0.041743576526641846,0.2685665488243103,-0.08193625509738922,-0.30526790022850037,0.3800196647644043,-0.23303529620170593,-0.10756131261587143,0.07880690693855286,-0.1847023069858551,-0.3451211452484131,-0.3145861327648163,-0.20187807083129883,0.5185662508010864,-0.19254282116889954,-0.17796814441680908,0.21964053809642792,-0.021213237196207047,-0.02833968959748745,0.02208375371992588,0.35371407866477966,-0.15061959624290466,0.6375266909599304,0.5913451910018921,0.06788388639688492,0.11432473361492157,-0.4451529383659363,-0.11807386577129364,-0.3294469714164734,-0.04955703765153885,-0.06102185323834419,-0.1777387112379074,-0.20507805049419403,-0.01425807736814022,-0.0807076022028923,-0.22674302756786346,0.7908060550689697,-0.2384023219347,0.1302422285079956,0.22596780955791473,-0.1147540956735611,-0.05439040809869766,0.14950458705425262,-0.18593664467334747,0.13226135075092316,0.023489389568567276,-0.11039917171001434,0.18008537590503693,0.07491207122802734,-0.6148753762245178,-0.22688741981983185,-0.1444580852985382,0.06254924833774567,0.016434896737337112,-0.010994118638336658,-0.2560265064239502,-0.6022520065307617,0.12429606914520264,-0.10346224159002304,-0.16826900839805603,0.15327325463294983,0.24895887076854706,0.14748279750347137,-0.2301933467388153,-0.16580860316753387,-0.26316937804222107,-0.15812800824642181,-0.5240570306777954,-0.050628699362277985,-0.14106492698192596,0.08610709011554718,0.22811976075172424,0.04600309580564499,-0.07617507874965668,0.06656043231487274,-0.4502880573272705,0.1262407749891281,0.13802404701709747
CID000152945,340,0.16054537892341614,-0.09936897456645966,-0.6175049543380737,-0.15597517788410187,0.47021445631980896,-0.18823732435703278,0.09803130477666855,-1.0009253025054932,0.05280611664056778,-0.09581173211336136,0.5686646103858948,-0.034038882702589035,-0.1555878072977066,-0.14303714036941528,0.018306005746126175,0.15079978108406067,0.3286989629268646,0.004204791970551014,-0.19341325759887695,-0.18029460310935974,-0.4704854488372803,0.23591840267181396,0.5026515126228333,0.023050516843795776,-0.9474255442619324,-0.8027083277702332,0.017917532473802567,-0.28598523139953613,0.1268288493156433,0.12190458923578262,0.6848722100257874,-0.004010150674730539,-0.07203584909439087,0.06584831327199936,-0.19644609093666077,0.27489522099494934,0.31018486618995667,-0.20775644481182098,0.09475095570087433,0.034043289721012115,-0.22019381821155548,0.20488259196281433,-0.44623255729675293,0.09613759815692902,-0.04260949045419693,0.09413519501686096,0.5089109539985657,-0.1670159548521042,-0.7370078563690186,0.03168404847383499,-0.5684963464736938,0.732351541519165,0.10683240741491318,-0.21127644181251526,0.2399309128522873,-0.08383138477802277,-0.12446548044681549,0.6658183336257935,-0.11659824848175049,0.02561575546860695,0.04176951199769974,-0.47873812913894653,0.1176053062081337,1.0468436479568481,0.17183223366737366,0.10634630918502808,-0.180525004863739,0.11447391659021378,-0.0550851933658123,0.03130015730857849,-1.0079824924468994,0.053169965744018555,-0.4969882071018219,0.29504311084747314,-0.16053825616836548,0.4633791446685791,0.6093475818634033,0.5942679643630981,0.6232544183731079,-0.26393264532089233,-0.12073440849781036,-0.4340546131134033,-0.019311079755425453,0.13108249008655548,-0.08824914693832397,0.3025079667568207,-0.5928760170936584,0.062497448176145554,-0.29395589232444763,-0.09511129558086395,-0.0863916352391243,-0.04289477318525314,0.08439397066831589,-0.12303689867258072,0.0784844309091568,-0.3541479706764221,-0.16423413157463074,0.21548931300640106,0.02051212266087532,-0.8617731928825378,0.05210772901773453,0.1528165638446808,0.1985929310321808,0.02412870153784752,0.04163014516234398,-0.14600619673728943,0.7607172131538391,-0.13970467448234558,0.28738003969192505,0.08821208029985428,-0.016677532345056534,-0.10719908773899078,0.6597374081611633,-0.2982388436794281,0.15640398859977722,-0.16700297594070435,-0.12840639054775238,0.054616283625364304,-0.23331627249717712,-0.04788163676857948,-0.26516228914260864,-0.3212627172470093,-0.07687695324420929,0.1575099378824234,-0.0360790379345417,0.08983674645423889,0.24771380424499512,0.08900275081396103,-0.3137165606021881,0.19596795737743378,-0.698514997959137,0.030765974894165993,0.43617892265319824,0.2894258201122284,-0.16818168759346008,0.3628339171409607,0.21620169281959534,0.04045816510915756,0.35092833638191223,0.013082312420010567,0.047827936708927155,-0.2719482481479645,0.04879145324230194,0.09832428395748138,0.20350095629692078,-0.177287757396698,-0.38141918182373047,0.3307855725288391,0.2231713980436325,0.08222059905529022,0.4241054654121399,-0.05928881838917732,-0.31840983033180237,-0.5336791276931763,0.9825075268745422,-0.237361341714859,0.24148428440093994,-0.1811647117137909,-0.3271927535533905,-0.06291894614696503,-0.010969827882945538,-0.11813554912805557,-0.8000017404556274,0.20673935115337372,-0.5297340154647827,-0.1573324054479599,-0.24686381220817566,-0.03143877908587456,0.5102397799491882,-0.6402849555015564,0.001090753125026822,-0.16899558901786804,-0.07736649364233017,0.021454107016324997,-0.4760424494743347,-0.22796925902366638,0.4760713577270508,0.16266709566116333,0.5104354619979858,-0.3514198362827301,1.05978524684906,-0.2989427447319031,-0.1637744903564453,0.736768901348114,-0.02656571939587593,-0.7817711234092712,-0.16673219203948975,-0.24131986498832703,0.16894908249378204,-0.284302294254303,-0.5274922251701355,0.7693737745285034,-0.11878311634063721,-0.43577805161476135,-0.08233563601970673,-0.13186423480510712,-0.002252888632938266,0.07501209527254105,0.2609943449497223,0.1879395991563797,0.7114657163619995,0.1118793711066246,-0.12221584469079971,0.06847121566534042,-0.5675788521766663,-0.10533799231052399,-0.18165025115013123,-0.12368466705083847,0.001759600592777133,-0.016293039545416832,0.3402889668941498,0.025595584884285927,-0.06476880609989166,-0.2629539668560028,0.5086411237716675,-0.09602142870426178,-0.2293805629014969,-0.12190373241901398,-0.03068425878882408,0.16380496323108673,0.3354451656341553,-0.19067955017089844,0.1935945451259613,0.05130627006292343,-0.13257017731666565,0.2390020787715912,-0.05724789947271347,-0.715697705745697,-0.19916191697120667,0.14301690459251404,-0.01979927346110344,0.22559551894664764,0.2143974006175995,-0.24027888476848602,-0.8332049250602722,0.27855971455574036,0.02094079926609993,0.084498330950737,-0.04233836382627487,-0.06093403697013855,0.42059579491615295,-0.36640822887420654,-0.11672285944223404,-0.3078717589378357,-0.18908190727233887,-0.461224228143692,-0.21115224063396454,-0.08293791860342026,-0.08609890937805176,0.34369438886642456,0.18161249160766602,0.20430216193199158,-0.08539142459630966,0.051675379276275635,0.19836647808551788,-0.11177096515893936
CID000004168,341,0.22553260624408722,0.18844428658485413,-0.8260418176651001,0.02606690488755703,0.613111674785614,-0.25214654207229614,0.21286587417125702,-1.3290822505950928,-0.15829797089099884,0.11165404319763184,0.40908360481262207,-0.015409091487526894,-0.07361383736133575,-0.07182081788778305,-0.23167505860328674,0.32406148314476013,0.22704581916332245,0.1807456761598587,-0.4004735052585602,-0.2209961861371994,-0.41446107625961304,0.48651379346847534,0.591894805431366,0.18443940579891205,-0.6782056093215942,-0.8935480117797852,-0.17471672594547272,-0.22234204411506653,0.074431411921978,-0.045891933143138885,1.3950011730194092,0.09211590141057968,0.02023725025355816,0.355817586183548,-0.9705126881599426,0.2821207642555237,0.6788852214813232,-0.0579618401825428,0.12389703840017319,0.03037981316447258,-0.6568365693092346,0.3330114185810089,-0.36247745156288147,-0.07801740616559982,-0.20034196972846985,-0.228432297706604,0.7714028358459473,-0.3795197904109955,-0.3815377354621887,0.08849505335092545,-0.7209311723709106,0.16354358196258545,0.46686631441116333,-0.17084139585494995,-0.22639679908752441,-0.14900489151477814,0.11139671504497528,0.9847515225410461,0.20845870673656464,0.07675228267908096,-0.21505853533744812,-0.1205415353178978,0.6612823009490967,0.9340779185295105,-0.04053020104765892,0.6400911808013916,0.34566789865493774,0.17000731825828552,-0.03151869401335716,0.10081522166728973,-0.6506498456001282,0.34943297505378723,-0.6110430955886841,0.4500075876712799,-0.03311286121606827,0.6214820146560669,0.37868618965148926,0.19681188464164734,0.9450439214706421,-0.03939568251371384,0.17415574193000793,-0.8895686268806458,0.10101765394210815,-0.05697904899716377,-0.26571863889694214,0.3505326509475708,-1.3253350257873535,-0.2869916260242462,-0.10297815501689911,0.09526079893112183,-0.38857826590538025,0.012370169162750244,-0.05629385635256767,0.20067672431468964,0.22360248863697052,-0.2792932391166687,0.1984836459159851,0.5466104745864868,-0.0135049344971776,-1.0783405303955078,-0.14817237854003906,-0.19655832648277283,0.30203884840011597,-0.299601286649704,0.09924837201833725,-0.30637091398239136,0.717032790184021,-0.3266344964504242,0.1773003488779068,0.01966453716158867,0.16588106751441956,-0.1721561998128891,0.7882112860679626,-0.6314805746078491,0.0866013765335083,-0.2259228676557541,-0.4457460343837738,0.07197099924087524,0.1832878142595291,0.4349481463432312,-0.1830199956893921,-0.22978731989860535,-0.12877671420574188,0.041374750435352325,-0.07470535486936569,-0.2216772586107254,0.203839972615242,-0.05056489631533623,-0.04502731189131737,-0.14598695933818817,-0.7903646230697632,0.10799279063940048,0.3681453764438629,0.27409178018569946,-0.35007432103157043,0.6054223775863647,0.23201067745685577,-0.3058057427406311,0.15234069526195526,-0.026704028248786926,-0.1717839539051056,-0.13228674232959747,0.10999659448862076,0.41530218720436096,-0.024005576968193054,-0.07643882930278778,-0.4618024230003357,0.5960723161697388,0.1186971664428711,0.04540492594242096,0.7914078235626221,-0.049575041979551315,-1.026695966720581,-1.2928880453109741,0.8046778440475464,-0.14804652333259583,0.19174720346927643,0.05370606109499931,-0.6115627288818359,-0.03908999264240265,-0.06654741615056992,0.15286985039710999,-0.6934327483177185,0.15699076652526855,-0.4784010946750641,-0.027903158217668533,-0.023134510964155197,-0.14061954617500305,0.5478494167327881,-0.6904458403587341,-0.3181897699832916,-0.29332372546195984,0.09931618720293045,-0.09931112825870514,-0.7502897381782532,-0.18192043900489807,0.8038002848625183,0.05290345475077629,0.6084655523300171,0.11917106807231903,0.45674410462379456,-0.10950310528278351,0.2629721462726593,0.8300575017929077,0.026269158348441124,-0.5273082256317139,0.057172782719135284,-0.10807235538959503,-0.230118989944458,-0.27850016951560974,-0.09449762850999832,0.9082626104354858,0.0003802955034188926,-0.26942551136016846,-0.2956400215625763,-0.15655405819416046,-0.07088574767112732,0.004580950830131769,0.6496611833572388,-0.23856179416179657,0.7508476972579956,0.24805840849876404,-0.12748368084430695,0.20776167511940002,-0.6535986661911011,0.06421229988336563,-0.004216936416924,-0.15529942512512207,-0.23180976510047913,0.15085431933403015,0.09764666855335236,0.07582564651966095,-0.4977084994316101,-0.15735913813114166,0.6643679141998291,0.33470696210861206,-0.33081287145614624,-0.23169656097888947,0.0710940808057785,0.09677767753601074,0.22161555290222168,0.13142040371894836,0.11038657277822495,-0.19698473811149597,0.26014605164527893,0.5210597515106201,-0.11937205493450165,-0.8024447560310364,-0.24021489918231964,-0.11623656749725342,-0.1509619802236557,0.2908918261528015,0.16309288144111633,-0.4190853238105774,-1.0087053775787354,0.17085346579551697,-0.13307085633277893,-0.06326606869697571,-0.31208091974258423,-0.1151246428489685,0.6270664930343628,-0.3915340006351471,0.3400390148162842,-0.2976401448249817,-0.11159489303827286,-0.9900614023208618,-0.29394635558128357,0.2148442268371582,-0.19073502719402313,0.3030286431312561,-0.3139321506023407,0.08985818922519684,0.2177291214466095,0.1348273754119873,0.37981265783309937,0.10009819269180298
CID000002978,346,0.09399116784334183,-0.236024409532547,-0.30401068925857544,0.04672504588961601,0.2845858931541443,-0.18703332543373108,0.02419612929224968,-0.37265321612358093,-0.29485082626342773,-0.11071431636810303,0.4763508439064026,0.14600515365600586,-0.116227887570858,-0.03161507472395897,0.12029223144054413,0.34878426790237427,0.29630857706069946,-0.10181419551372528,-0.2207888662815094,0.2463342249393463,-0.3564968407154083,0.0403810553252697,0.7745407819747925,-0.05111156031489372,-0.6253951787948608,-0.45959991216659546,-0.29981356859207153,-0.4153371751308441,0.4233647286891937,-0.10540680587291718,0.8761738538742065,0.014800315722823143,-0.03503197804093361,0.17697946727275848,-0.8952025175094604,0.2955318093299866,0.6053533554077148,-0.21613630652427673,-0.06869540363550186,-0.24208489060401917,-0.7219629287719727,0.7431880235671997,-0.615770697593689,0.06529346853494644,-0.052903592586517334,0.055592916905879974,0.9846531748771667,0.24808688461780548,-0.462228387594223,-0.010172148235142231,-0.33668211102485657,0.3583492636680603,0.41188961267471313,0.09960436075925827,-0.22016529738903046,-0.21932072937488556,-0.12813952565193176,0.6818407773971558,-0.02610377036035061,-0.28097641468048096,0.2888357937335968,-0.15569265186786652,0.13432356715202332,0.8037537336349487,0.011887830682098866,0.1394384801387787,0.010075393132865429,0.02998220920562744,-0.1850033551454544,0.1411430537700653,-0.7268970012664795,0.14303159713745117,-0.6722925901412964,0.3136180341243744,-0.09069844335317612,0.3401866555213928,0.5780720114707947,0.5946650505065918,0.38577112555503845,0.017978370189666748,-0.08064969629049301,-0.01800968125462532,0.03362862393260002,0.011540847830474377,0.29696327447891235,0.3152446746826172,-0.7101524472236633,0.24015724658966064,0.19511786103248596,-0.19468513131141663,-0.006156450603157282,0.015463556163012981,-0.39742523431777954,0.2922893166542053,-0.08725757896900177,-0.1007012128829956,-0.13252390921115875,0.15711958706378937,0.2259492576122284,-0.5287564396858215,-0.18890006840229034,0.059114355593919754,-0.08940281718969345,-0.3392847776412964,0.07034754008054733,-0.32896238565444946,0.7157730460166931,0.09528501331806183,-0.13543494045734406,-0.26321345567703247,-0.12873151898384094,-0.044553689658641815,0.7511430978775024,0.04779117554426193,0.1829969882965088,-0.2368897646665573,-0.05020735412836075,-0.2571953237056732,0.07807014882564545,0.10154346376657486,-0.39859622716903687,-0.4277549684047699,0.019361421465873718,0.3401159942150116,-0.2064553052186966,0.21119920909404755,0.08642718940973282,-0.003994695842266083,-0.15475834906101227,0.22985973954200745,-0.7615987062454224,-0.16987891495227814,0.2512369751930237,-0.0032520443201065063,-0.10159362852573395,0.5653519630432129,0.16101625561714172,-0.34697824716567993,0.4163242280483246,0.0846453458070755,-0.0332963764667511,-0.15051370859146118,0.23260371387004852,0.22460150718688965,0.20513451099395752,-0.09709437936544418,-0.31680530309677124,0.029544543474912643,0.3347795903682709,0.04308781400322914,0.17266632616519928,-0.14020362496376038,-0.6547242999076843,-0.8153076171875,0.5870997309684753,-0.4335295557975769,-0.21630895137786865,-0.08347194641828537,-0.5059428811073303,0.09958089888095856,0.06462743133306503,-0.21059942245483398,-0.5114185214042664,0.3464726507663727,-0.574950098991394,-0.1264142096042633,0.07970160245895386,0.042948126792907715,0.31488871574401855,-0.3565705418586731,-0.4159604609012604,-0.003938943147659302,-0.1538405418395996,0.010515761561691761,-1.007237434387207,0.2397010326385498,0.45568904280662537,-0.041198767721652985,0.4832572340965271,0.09014829248189926,0.7196275591850281,-0.21241171658039093,0.11650760471820831,0.5404873490333557,0.12737944722175598,-0.5538650751113892,-0.1764417141675949,-0.36348986625671387,0.2123878449201584,-0.0205994825810194,-0.1902918517589569,0.589455783367157,0.06630510836839676,-0.8333765864372253,-0.1338457465171814,0.15281876921653748,-0.06863929331302643,-0.08040901273488998,0.23085017502307892,-0.09917888790369034,0.35473349690437317,0.1720701903104782,-0.09924931824207306,-0.15731343626976013,-0.6217606067657471,-0.34382766485214233,-0.2773563265800476,-0.16238310933113098,0.0202631838619709,-0.1482195407152176,0.3826711177825928,0.011356133036315441,0.11940312385559082,-0.05714026838541031,0.5999065637588501,-0.07794216275215149,-0.08153873682022095,0.11221198737621307,-0.05261007696390152,0.18154725432395935,0.4659237861633301,0.03486383706331253,0.15362167358398438,-0.03485681489109993,-0.0742497593164444,0.022951764985919,0.05783579498529434,-0.7001606225967407,-0.17071564495563507,0.06720875203609467,0.17096911370754242,0.347762793302536,0.15906834602355957,-0.2739282548427582,-0.567450225353241,0.06617558002471924,-0.1605689823627472,-0.1832873821258545,0.2656713128089905,-0.04586629197001457,0.49210649728775024,-0.5899920463562012,-0.12624108791351318,-0.3308815062046051,-0.15729819238185883,-0.4707506597042084,0.08200036734342575,-0.25942856073379517,-0.25343888998031616,0.49064207077026367,-0.032973773777484894,0.07332196831703186,0.17099562287330627,-0.11103274673223495,-0.11363716423511505,-0.08425801992416382
CID000005379,347,0.16681769490242004,-0.26749417185783386,-0.7880725860595703,0.05893661454319954,0.2690078020095825,-0.3965494632720947,0.1662716120481491,-0.28080934286117554,-0.11820508539676666,-0.4543152451515198,0.3732532560825348,0.2344176322221756,-0.09213391691446304,-0.1754048615694046,0.12629123032093048,0.20272211730480194,0.11457189172506332,-0.09516838937997818,-0.30391398072242737,-0.19155174493789673,-0.15891262888908386,0.10187111794948578,0.5541759729385376,0.09952418506145477,-1.032251000404358,-0.8485772013664246,-0.3465145230293274,0.10893597453832626,0.18314018845558167,0.08175978809595108,0.7334531545639038,0.04843089357018471,0.13244740664958954,0.16693949699401855,-0.16167180240154266,-0.17018002271652222,0.08589097112417221,-0.11043693125247955,0.07188279926776886,-0.03224712610244751,0.16785944998264313,0.4551529884338379,-0.13779830932617188,-0.2392260730266571,0.06189839914441109,-0.16382279992103577,0.5875381231307983,-0.2594732642173767,-0.48704975843429565,-0.006525819189846516,-0.7298275232315063,-0.20694370567798615,0.7313329577445984,-0.1387879103422165,0.20642177760601044,-0.2400180846452713,-0.10860228538513184,0.8255847096443176,-0.25526103377342224,-0.1916961818933487,-0.19791878759860992,-0.05235223099589348,-0.05732846260070801,0.4100666642189026,0.05942928045988083,0.45543408393859863,0.1393696367740631,0.11055529117584229,0.056314170360565186,0.164421945810318,-0.4781948924064636,-0.005677622742950916,-0.3645539879798889,0.4518114924430847,-0.2060665637254715,0.41961875557899475,0.21550185978412628,0.1380775272846222,0.5273407697677612,0.10454247146844864,-0.17640776932239532,-0.0991818755865097,0.1710953414440155,-0.029799174517393112,0.30806291103363037,0.15961095690727234,-0.38598889112472534,0.077804334461689,0.09833172708749771,-0.05818163603544235,-0.13520961999893188,0.024182822555303574,-0.4600907862186432,0.19035497307777405,0.0383092537522316,0.4052494466304779,-0.20431503653526306,0.0853041559457779,0.09406858682632446,-0.9847877621650696,-0.08113409578800201,-0.09875082969665527,-0.1786905974149704,-0.15199154615402222,-0.0213866475969553,-0.044189490377902985,0.8301299810409546,-0.02843708172440529,-0.03041824698448181,0.0665953978896141,0.0965995267033577,0.04303400591015816,0.0833653062582016,-0.5740872621536255,0.17248788475990295,-0.2964918613433838,-0.04527890682220459,-0.016931962221860886,0.038330670446157455,-0.018669014796614647,-0.31011962890625,-0.20120485126972198,0.04620940238237381,0.004314503166824579,-0.342445433139801,-0.044735122472047806,0.13417509198188782,0.0921759083867073,-0.003188337432220578,-0.08615640550851822,-0.261130154132843,-0.036126911640167236,0.1687127649784088,0.0476907417178154,-0.22956828773021698,0.6132800579071045,-0.222173810005188,-0.030507761985063553,0.21336202323436737,-0.27717164158821106,-0.12405246496200562,-0.19629399478435516,0.15657208859920502,0.1834772378206253,0.3145560920238495,0.19983221590518951,-0.251630038022995,0.4901863634586334,0.05665988475084305,0.07549329847097397,0.5467839241027832,0.01889064535498619,-0.4741550385951996,-0.5180000066757202,0.47792452573776245,0.134090393781662,0.04601048305630684,-0.12022750079631805,-0.46635517477989197,0.05817941576242447,-0.01783858612179756,0.1022820919752121,-0.9913697242736816,-0.1836557388305664,-0.49711599946022034,-0.0039006725419312716,0.03893285617232323,-0.12459580600261688,1.0938069820404053,-0.6640483736991882,-0.6448214650154114,0.08052553981542587,0.03759334236383438,0.10701648145914078,-0.3234936594963074,-0.2911691665649414,0.166555717587471,-0.005403929855674505,0.4983915686607361,0.38952040672302246,0.22078093886375427,0.1877903938293457,-0.12520021200180054,0.38393712043762207,-0.27003344893455505,-0.23066774010658264,-0.35861411690711975,-0.2706254720687866,-0.08597996085882187,-0.1496184915304184,0.022469043731689453,1.0083019733428955,0.058429013937711716,-0.5432949662208557,-0.11774740368127823,-0.03970753401517868,-0.04373205453157425,-0.1018281802535057,0.7045943140983582,-0.2580108046531677,0.36082035303115845,0.3698705732822418,-0.16683563590049744,0.38285312056541443,-0.5702547430992126,0.1595907062292099,-0.4466920793056488,0.014718268997967243,-0.13150522112846375,-0.1940893530845642,-0.02789885737001896,0.002573819365352392,0.15641570091247559,-0.1851350963115692,0.9533519744873047,-0.11646319925785065,-0.051533184945583344,-0.22065167129039764,0.04543890431523323,0.045481469482183456,0.27897846698760986,0.1610710322856903,-0.003074701875448227,-0.33612701296806335,-0.10932900756597519,0.22350645065307617,0.1949101686477661,-0.7638800740242004,-0.19058234989643097,0.05594200640916824,0.11993177235126495,-0.03864942863583565,0.046712685376405716,-0.24638672173023224,-0.6505183577537537,0.009279722347855568,-0.04072469472885132,-0.05440441891551018,-0.1961662471294403,-0.033972352743148804,0.9017580151557922,-0.4102253019809723,-0.0905708521604538,-0.3409050703048706,0.045271582901477814,-0.730290949344635,-0.06702345609664917,-0.1509692370891571,-0.13001719117164612,0.4019131660461426,0.1443038433790207,0.0786055400967598,0.3693045973777771,-0.15318815410137177,0.12904345989227295,-0.02791980281472206
CID000104865,348,0.2289818823337555,-0.24205036461353302,-0.6622483134269714,0.07105135917663574,0.0866103395819664,-0.29211118817329407,0.1946801245212555,-0.5227850675582886,-0.005349001381546259,-0.4392089247703552,0.5083507299423218,0.10643293708562851,-0.16519449651241302,-0.06893379986286163,-0.13522687554359436,0.3041735589504242,-0.07912907749414444,0.06562018394470215,-0.23706455528736115,0.04464143514633179,-0.10098125040531158,0.08004403859376907,0.2529500126838684,-0.14713075757026672,-1.070080041885376,-0.9880864024162292,-0.27211567759513855,-0.05540478229522705,0.11937469244003296,0.0835077166557312,0.7116137742996216,0.00026507378788664937,0.18912647664546967,0.16483113169670105,-0.0989278107881546,-0.15170589089393616,0.113106369972229,0.049930475652217865,0.04125931113958359,-0.12841902673244476,0.12514129281044006,0.23838385939598083,-0.23906883597373962,-0.0846976488828659,-0.23968970775604248,-0.03409861773252487,0.8661537170410156,-0.25984257459640503,-0.5379675030708313,0.18328040838241577,-0.8524478673934937,-0.09700458496809006,0.4294828474521637,-0.1417471021413803,-0.034181345254182816,-0.21724002063274384,-0.011443758383393288,0.805782675743103,-0.07465693354606628,0.0051642656326293945,-0.13014347851276398,0.05780335143208504,-0.127889484167099,0.3588082790374756,0.24944420158863068,0.3956751823425293,0.3337264657020569,-0.1670297384262085,0.006727790925651789,0.10580308735370636,-0.5499547123908997,0.001446026610210538,-0.30966028571128845,0.5297448039054871,-0.06481338292360306,0.17875148355960846,0.2049681842327118,0.310161292552948,0.6537574529647827,0.27114859223365784,-0.0976128876209259,-0.35322821140289307,0.029930049553513527,-0.035888850688934326,0.3187371492385864,-0.022467946633696556,-0.5516374707221985,0.03424452990293503,-0.03413115814328194,0.33662915229797363,-0.251701682806015,-0.14882028102874756,-0.23923031985759735,0.1738916039466858,0.07438221573829651,0.14142422378063202,-0.08909417688846588,0.19538581371307373,-0.010106181725859642,-1.2698237895965576,0.0436541847884655,0.10142491012811661,-0.1638326644897461,-0.20655521750450134,0.07469694316387177,0.0738031268119812,0.6209949254989624,0.11183130741119385,-0.07474733889102936,0.11549346148967743,0.2832908630371094,0.051759880036115646,0.2106204479932785,-0.7276238203048706,0.08686421811580658,-0.3437853753566742,-0.10178495943546295,0.06610164791345596,0.19961853325366974,0.08539919555187225,-0.17511120438575745,-0.34398970007896423,-0.09478189051151276,0.03786235302686691,0.008226421661674976,0.07199064642190933,0.10502944141626358,0.05477486178278923,-0.19060997664928436,0.15733841061592102,-0.43746089935302734,-0.12135572731494904,0.0111668286845088,0.16915301978588104,-0.03746010735630989,0.5068031549453735,-0.11581398546695709,-0.03299271687865257,0.32533401250839233,-0.09073660522699356,-0.028471440076828003,-0.06212214380502701,0.29503339529037476,0.2612980008125305,0.1862356960773468,-0.010612395592033863,-0.29843801259994507,0.2856915593147278,0.08952978998422623,-0.04421355202794075,0.6510457396507263,-0.2515077292919159,-0.4832325875759125,-0.7671710848808289,0.6349784731864929,0.14325356483459473,0.011737154796719551,0.012312544509768486,-0.5951079726219177,0.10514454543590546,-0.11575063318014145,-0.17604197561740875,-1.086597204208374,0.04516328126192093,-0.45732107758522034,0.07697462290525436,0.09884695708751678,0.100460484623909,1.1752790212631226,-0.6535347700119019,-0.2808915972709656,0.14970263838768005,-0.06354187428951263,0.1866261214017868,-0.40400925278663635,-0.48310500383377075,0.20017974078655243,-0.05191970616579056,0.4947361946105957,0.4781262278556824,0.37401580810546875,-0.09675254672765732,0.028282690793275833,0.6820272207260132,-0.11962082237005234,-0.29725155234336853,-0.15205931663513184,-0.10608801990747452,-0.06669510900974274,-0.12057669460773468,-0.30591294169425964,1.2151254415512085,-0.1021057590842247,-0.09580151736736298,-0.2670934200286865,-0.20822083950042725,-0.22033743560314178,0.0993378609418869,1.0323086977005005,-0.07778330892324448,0.6333252787590027,0.4004589915275574,0.10235629230737686,0.7517889738082886,-0.6068429946899414,0.0652911588549614,-0.5396984815597534,0.051505185663700104,0.04706043004989624,0.04490203037858009,-0.01983756758272648,0.013836687430739403,0.04326377809047699,-0.03830856829881668,0.5981165766716003,0.1282956600189209,-0.21460500359535217,-0.2911202609539032,0.032510630786418915,-0.011174632236361504,0.20306777954101562,0.12831401824951172,0.04502197355031967,-0.2567239999771118,-0.13282766938209534,0.2925180494785309,0.07233966886997223,-0.4295981824398041,-0.03160141035914421,0.1914709061384201,0.14564095437526703,0.10837642103433609,0.39135387539863586,-0.09036270529031754,-0.6411885619163513,-0.026466524228453636,0.04252124950289726,0.06697370857000351,-0.2719939649105072,-0.08195660263299942,1.1808793544769287,-0.3204687237739563,0.018555309623479843,-0.390333354473114,-0.2029833048582077,-0.6104640960693359,-0.19893869757652283,-0.3385169804096222,-0.07125326991081238,0.371257483959198,0.05506621673703194,0.12150081247091293,0.24350455403327942,-0.20409348607063293,0.33058977127075195,-0.05052252486348152
CID000002949,351,-0.030500520020723343,-0.19356271624565125,-0.4006234109401703,0.1395794153213501,0.2954779267311096,-0.3680534362792969,0.03275704011321068,-0.2015237808227539,-0.1181890144944191,0.0744175910949707,0.1946374475955963,-0.07509280741214752,-0.009741969406604767,-0.008271408267319202,-0.04240366071462631,0.23030205070972443,0.021124709397554398,-0.031057143583893776,-0.33584529161453247,0.1877555549144745,-0.18911147117614746,0.19473803043365479,0.6319069266319275,0.0009614623850211501,-0.3188355267047882,-0.7497836351394653,-0.47407108545303345,0.09040568768978119,0.008666234090924263,0.2220117151737213,0.48728036880493164,0.2664704918861389,-0.063684843480587,0.40980371832847595,-0.24865081906318665,0.12848733365535736,0.3705006539821625,-0.17071816325187683,0.035516977310180664,0.16851410269737244,0.013906392268836498,0.10168017446994781,-0.2719699740409851,-0.03249334543943405,0.006982110440731049,-0.007243886590003967,0.427213579416275,-0.06774213165044785,-0.44370001554489136,-0.010351275093853474,-0.4266456067562103,-0.07733611017465591,0.6572890877723694,-0.23444445431232452,0.16915199160575867,-0.3000960648059845,-0.12269425392150879,0.3168763518333435,0.2293599545955658,-0.13445284962654114,0.03485194966197014,-0.18049930036067963,0.19434607028961182,0.4784172475337982,0.16711769998073578,0.6085383296012878,-0.25428032875061035,-0.12484147399663925,0.015200098045170307,-0.0287046916782856,-0.5273100733757019,0.19326071441173553,-0.46615070104599,0.5735887289047241,0.08874692022800446,0.23698818683624268,0.22398678958415985,0.0702255442738533,0.28536367416381836,0.04287686571478844,-0.00223231571726501,-0.146651491522789,0.06705747544765472,-0.0913267582654953,-0.042378537356853485,0.2688339054584503,-0.08737350255250931,-0.09928488731384277,-0.12387963384389877,-0.023494815453886986,-0.20464015007019043,-0.09847129881381989,-0.24978868663311005,0.09639494866132736,0.14274862408638,-0.17400690913200378,-0.12410566955804825,0.19982334971427917,-0.0010411262046545744,-0.7051946520805359,-0.06408698111772537,-0.19982779026031494,0.1652442216873169,-0.0034966766834259033,0.1350400298833847,0.01700895093381405,0.7321528196334839,0.09601154923439026,0.20615796744823456,-0.06689213216304779,-0.0973600298166275,-0.018443375825881958,0.11193422228097916,-0.311016708612442,0.10496927797794342,-0.3098788857460022,-0.31277215480804443,0.06566274166107178,0.03211979568004608,0.08787824213504791,-0.03101831115782261,-0.26024284958839417,0.05749274417757988,0.03983830288052559,-5.4872034525033087e-05,0.11011247336864471,0.06106065958738327,0.1293686032295227,-0.1603659987449646,0.17985105514526367,-0.7050342559814453,-0.24019265174865723,0.4114271104335785,0.061179809272289276,0.012620219960808754,0.9400880932807922,0.23689493536949158,-0.19291256368160248,0.16798940300941467,0.05045550316572189,-0.12165924161672592,-0.16550208628177643,0.12506592273712158,0.19758132100105286,0.11349203437566757,-0.01697833463549614,-0.37563905119895935,-0.15422163903713226,0.0142635153606534,0.10981776565313339,0.38073375821113586,-0.06936986744403839,-0.5046013593673706,-0.463329017162323,0.2966824173927307,-0.005426800809800625,0.11244030296802521,-0.2896649241447449,-0.3732294738292694,-0.22160562872886658,-0.023720085620880127,0.11524506658315659,-0.834349513053894,0.06685265153646469,-0.41333499550819397,0.019495099782943726,-0.061218857765197754,-0.19970974326133728,0.6509712934494019,-0.5838733911514282,-0.37716785073280334,0.001692762947641313,-0.050014276057481766,-0.08149182796478271,-0.30927807092666626,-0.0555829182267189,0.22400355339050293,0.09680447727441788,0.6377239227294922,0.17791306972503662,0.30972743034362793,-0.19091589748859406,-0.16667965054512024,0.40221747756004333,-0.20817701518535614,-0.5101624131202698,0.11393286287784576,-0.24298195540905,-0.13654321432113647,-0.060904234647750854,-0.20702680945396423,0.8876878023147583,-0.03081248700618744,-0.38360482454299927,0.29070040583610535,-0.06183580309152603,0.023414617404341698,0.13112422823905945,0.45391908288002014,-0.1706967055797577,0.16429081559181213,0.4572893977165222,0.07620435208082199,0.2312202751636505,-0.5670636892318726,-0.3658043444156647,-0.2856079339981079,-0.026108747348189354,-0.25336432456970215,-0.10652969777584076,0.0016665116418153048,-0.025103885680437088,-0.08581900596618652,-0.187822163105011,0.6206537485122681,0.019151264801621437,-0.026790782809257507,-0.10711745172739029,0.012501840479671955,0.20430052280426025,0.16601642966270447,-0.0755053237080574,0.09751077741384506,-0.18339291214942932,0.006403547711670399,0.17590343952178955,0.08137740194797516,-0.45538216829299927,-0.18387845158576965,-0.12221245467662811,-0.12679776549339294,0.027954842895269394,0.07162556052207947,-0.16942092776298523,-0.3869648575782776,0.07945166528224945,0.14044104516506195,-0.1886790245771408,0.0454062819480896,-0.05172666162252426,0.4090392589569092,-0.5198021531105042,0.017382865771651268,-0.3172472417354584,-0.07534590363502502,-0.37340545654296875,-0.002800667891278863,0.10213909298181534,0.045656654983758926,0.28101062774658203,0.07081025093793869,0.07180789858102798,-0.020228898152709007,-0.08189160376787186,0.14566302299499512,-0.03906950354576111
CID000005472,352,0.1529635787010193,-0.19936057925224304,-0.4933423399925232,0.18341735005378723,0.27861738204956055,-0.12392847239971161,-0.01705806329846382,-0.6492104530334473,-0.18593673408031464,-0.007963897660374641,0.2339317798614502,0.28318899869918823,-0.1347084939479828,0.023370850831270218,-0.07140903174877167,0.14572256803512573,0.296434223651886,-0.037475816905498505,-0.19912156462669373,0.08364930748939514,-0.3435313105583191,-0.010099167935550213,0.6904463768005371,0.007442641071975231,-0.5675987601280212,-0.7092538475990295,-0.3394809365272522,-0.039911817759275436,0.07706886529922485,-0.08696039021015167,0.5213382840156555,-0.06687978655099869,-0.1388750523328781,0.22689375281333923,-0.2686498761177063,0.2210250198841095,0.4440246522426605,-0.15783222019672394,-0.048839520663022995,0.08916132152080536,-0.19047781825065613,0.4291077256202698,-0.33536988496780396,0.04962844401597977,-0.1186312809586525,-0.04828425124287605,0.6600316166877747,-0.25965794920921326,-0.42275506258010864,0.0751718133687973,-0.34350821375846863,0.2886214256286621,0.5084213018417358,-0.06156149506568909,0.20569363236427307,-0.10426519066095352,-0.06679356098175049,0.5993027091026306,0.1213972344994545,-0.1540605127811432,0.029855048283934593,-0.08603974431753159,0.17031502723693848,0.7535741925239563,0.04135969653725624,0.30069854855537415,-0.3861612379550934,-0.016971921548247337,-0.14231747388839722,-0.07139149308204651,-0.5954094529151917,0.2387579381465912,-0.6271193623542786,0.4921002984046936,0.18911221623420715,0.29708999395370483,0.5129542946815491,0.3480527997016907,0.4768695831298828,0.1292489469051361,0.09629496186971664,-0.17831124365329742,0.07663001865148544,-0.07698053121566772,-0.028486499562859535,0.45499497652053833,-0.42974406480789185,-0.1213006004691124,0.21476390957832336,-0.11993452161550522,-0.17440681159496307,0.0032292217947542667,-0.3656349778175354,-0.029569486156105995,0.14188624918460846,-0.08696897327899933,0.03119770810008049,0.30479496717453003,-0.03583738952875137,-0.8114030957221985,0.002550363540649414,-0.15467557311058044,0.08533341437578201,-0.0298323817551136,0.07281265407800674,-0.20144987106323242,0.8978459239006042,0.12168888002634048,0.20516976714134216,-0.018681485205888748,-0.14762194454669952,-0.12965995073318481,0.38892892003059387,-0.04047422856092453,0.2482980489730835,-0.4303262233734131,-0.1828514039516449,-0.23110869526863098,-0.11714480072259903,0.298894464969635,-0.421822726726532,-0.35067808628082275,0.0668194517493248,0.19994404911994934,-0.034468382596969604,-0.053229499608278275,0.19264602661132812,0.10618264973163605,-0.2626648545265198,0.08421629667282104,-0.7331153750419617,-0.452951043844223,0.25655025243759155,0.18349306285381317,-0.17539414763450623,0.6981223821640015,-0.010482048615813255,-0.1355331540107727,0.30450117588043213,-0.0808122381567955,0.0024919260758906603,-0.19104506075382233,-0.041154444217681885,0.07026895135641098,0.2392078936100006,0.1299457848072052,-0.17867565155029297,0.06197948381304741,0.28435757756233215,-0.030012767761945724,0.12611834704875946,-0.14235356450080872,-0.46833834052085876,-0.701309323310852,0.5432798862457275,-0.24039161205291748,0.08853231370449066,0.10717098414897919,-0.5071293115615845,0.05354304239153862,0.16488811373710632,0.11942946910858154,-0.7836027145385742,0.05583488941192627,-0.5175043344497681,-0.08413325250148773,0.13925758004188538,-0.17617455124855042,0.5045009851455688,-0.5560145378112793,-0.46809548139572144,-0.03660694882273674,-0.05664152652025223,-0.10446614027023315,-0.6780930161476135,-0.25929513573646545,0.5724731087684631,-0.019793618470430374,0.5591498613357544,-0.23424804210662842,0.5327835083007812,-0.09509997069835663,-0.32635262608528137,0.7643609642982483,0.13653458654880524,-0.43814221024513245,0.01950668729841709,-0.211834117770195,-0.29457029700279236,-0.0217438954859972,-0.2011243849992752,0.7476967573165894,0.041973598301410675,-0.7573143243789673,0.24241682887077332,-0.14836889505386353,-0.13406330347061157,0.09110449999570847,0.3961540162563324,-0.18786807358264923,0.3172186017036438,0.3295665979385376,0.037103068083524704,0.12858225405216217,-0.3952110707759857,-0.222051739692688,-0.1893400400876999,0.004968306515365839,-0.32683324813842773,-0.05061136558651924,0.19391311705112457,-0.09359815716743469,-0.2170996218919754,-0.3114723563194275,0.5929581522941589,0.0592183992266655,0.10922304540872574,-0.02991456352174282,-0.053492702543735504,-0.09928123652935028,0.4602334499359131,-0.19926925003528595,0.28517454862594604,0.0554780587553978,0.003885431680828333,0.27210503816604614,-0.004021584987640381,-0.6747921705245972,-0.13984568417072296,-0.029958248138427734,-0.02092607319355011,0.08237471431493759,-0.04683778062462807,-0.21516771614551544,-0.6263410449028015,0.02928720787167549,0.004801862873136997,-0.003297623246908188,-0.005769460462033749,0.1416262686252594,0.7949770092964172,-0.41553154587745667,-0.04925185814499855,-0.3250516951084137,-0.2664121389389038,-0.5358786582946777,0.1300278604030609,0.03138905018568039,-0.2656915485858917,0.25673016905784607,0.11599348485469818,0.1435140073299408,0.2577401101589203,-0.027411973103880882,0.11603935062885284,-0.1057223454117775
CID000091270,355,0.31688201427459717,-0.36347973346710205,-0.7162560224533081,-0.06573865562677383,0.3101060390472412,-0.30396324396133423,-0.05917026847600937,-0.6237079501152039,-0.021515432745218277,-0.29906436800956726,0.3463093638420105,0.1468396633863449,-0.25604695081710815,-0.26162582635879517,0.12904362380504608,0.3434484302997589,0.14247968792915344,-0.15598277747631073,-0.394437313079834,-0.07515738159418106,-0.22038105130195618,-0.03236136585474014,0.4274722933769226,-0.08152483403682709,-0.9205764532089233,-0.6853778958320618,-0.16723492741584778,-0.31752192974090576,0.4110190272331238,0.06009726598858833,0.8468834161758423,-0.013428161852061749,0.11403312534093857,0.11822359263896942,-0.6649538278579712,-0.07341667264699936,0.24603238701820374,0.06741651147603989,-0.013421760872006416,0.038488488644361496,-0.3221234679222107,0.2047748565673828,0.07377072423696518,-0.35664889216423035,0.15859130024909973,-0.14909790456295013,0.7452337145805359,-0.24782729148864746,-0.594183087348938,-0.01972329244017601,-0.9060994386672974,0.07812707871198654,0.8051813840866089,-0.1516467034816742,0.2500232458114624,-0.45071277022361755,-0.020945938304066658,0.6799873113632202,-0.07799374312162399,-0.1798144429922104,-0.21584144234657288,0.014672745950520039,0.08951868116855621,0.5963035821914673,0.03784447908401489,0.8075742721557617,0.1868920624256134,-0.08614089339971542,-0.13443738222122192,-0.2259010374546051,-0.49789899587631226,0.1770390123128891,-0.47570276260375977,0.44923797249794006,-0.26592928171157837,0.33046844601631165,0.1634395867586136,-0.021258395165205002,0.52399742603302,0.01050465740263462,0.17119714617729187,-0.2316729724407196,0.2648962140083313,0.14279837906360626,0.10158739238977432,0.251138299703598,-0.7986594438552856,-0.035401590168476105,-0.3496328592300415,0.10161890089511871,-0.1539865881204605,0.08449558913707733,-0.6107339262962341,0.0828341618180275,-0.030463237315416336,-0.15409883856773376,0.2651965022087097,0.3282124400138855,-0.016364600509405136,-1.2159082889556885,-0.23976878821849823,0.002806599484756589,0.142579585313797,-0.1149308830499649,-0.08529367297887802,-0.27281707525253296,0.636684000492096,0.07224951684474945,0.04320615530014038,0.03405766934156418,0.1354997456073761,-0.13013172149658203,0.6869200468063354,-0.8496640920639038,0.4169154763221741,-0.37882137298583984,-0.09539823234081268,-0.013511629775166512,0.05461212247610092,0.3181176483631134,-0.2698783874511719,-0.2480969876050949,-0.018595507368445396,0.18698103725910187,-0.01830771006643772,-0.04620155319571495,0.14428332448005676,-0.12055683135986328,-0.14985719323158264,0.194221630692482,-0.3633418679237366,-0.04316344112157822,0.39422476291656494,0.15210072696208954,0.015227626077830791,0.45105457305908203,-0.10679469257593155,-0.12417012453079224,0.37180036306381226,-0.15924780070781708,0.12138234078884125,-0.1997070014476776,0.041354190558195114,0.5200150012969971,0.17817477881908417,0.2621416449546814,-0.4100726246833801,0.4287719130516052,0.03156023472547531,-0.08119631558656693,0.9436476826667786,-0.2599906027317047,-0.5696568489074707,-0.9074796438217163,0.8279202580451965,-0.1928352415561676,-0.12699589133262634,-0.18479235470294952,-0.3262428641319275,0.22382521629333496,0.05635673925280571,0.11473822593688965,-0.8705037236213684,-0.05262414366006851,-0.44707241654396057,-0.15532612800598145,0.1403944045305252,-0.09699588268995285,0.5643454790115356,-0.6855296492576599,-0.6398090124130249,0.0911707654595375,0.35351914167404175,0.09184528887271881,-0.5138786435127258,-0.23274962604045868,0.18604345619678497,-0.024258185178041458,0.6688461303710938,0.20370730757713318,0.07618312537670135,-0.03750292956829071,-0.2710995078086853,0.7575469613075256,-0.04966232180595398,-0.367691308259964,-0.10477559268474579,-0.19710427522659302,-0.2736377716064453,-0.15144053101539612,-0.2697727680206299,0.927384078502655,-0.035578176379203796,-0.39319902658462524,-0.12840470671653748,-0.2838895916938782,-0.27782100439071655,0.05313243716955185,0.6588002443313599,-0.2645309567451477,0.36189359426498413,0.3491593301296234,-0.09168171137571335,0.5292200446128845,-0.5245412588119507,0.2443486452102661,-0.3740239441394806,0.04779119789600372,-0.17932775616645813,-0.03350367024540901,0.12381116300821304,0.029604095965623856,-0.007504123263061047,-0.0670291930437088,0.5892199873924255,0.14661094546318054,-0.4328888952732086,-0.16879108548164368,0.018984835594892502,-0.09581398218870163,-0.03555751591920853,-0.003767910646274686,-0.07677548378705978,0.08108179271221161,0.06093815714120865,0.33555150032043457,0.021594442427158356,-0.49174514412879944,-0.3020245432853699,-0.10124371945858002,0.042443908751010895,-0.0280274897813797,0.31446316838264465,-0.4011356830596924,-0.7932554483413696,0.022680984809994698,-0.0842859074473381,0.10500751435756683,-0.3325795829296112,0.01516452431678772,0.7336065173149109,-0.3611927628517151,-0.21826133131980896,-0.4901965260505676,-0.14975766837596893,-0.4696130156517029,0.05556149035692215,-0.11930304765701294,-0.0387929305434227,0.35516276955604553,-0.026308339089155197,-0.07180608808994293,0.16458269953727722,-0.10332164913415909,0.22226043045520782,0.15690423548221588
CID000004691,358,0.030251484364271164,-0.13455285131931305,-0.3208065629005432,0.06190520524978638,0.33051735162734985,-0.2421949803829193,0.04871759191155434,-0.3772527575492859,-0.1666511595249176,-0.06679397821426392,0.5012549161911011,0.04366878792643547,-0.07908840477466583,-0.008538645692169666,0.26947838068008423,0.3765562176704407,0.38495978713035583,0.02862255647778511,-0.21002790331840515,0.23729252815246582,-0.22472533583641052,0.05490453913807869,0.5744491219520569,-0.1452493667602539,-0.5390596985816956,-0.3816378712654114,-0.13148133456707,-0.3075190484523773,0.3987616300582886,0.07361660152673721,0.7779972553253174,-0.01663644053041935,-0.041295912116765976,0.12921571731567383,-0.6737549901008606,0.2795534133911133,0.471116840839386,-0.07834439724683762,-0.035558052361011505,-0.16692225635051727,-0.6644731760025024,0.9140275120735168,-0.47674626111984253,-0.035393498837947845,0.0307347122579813,0.05453537032008171,0.8406939506530762,0.17707091569900513,-0.655002236366272,-0.012945500202476978,-0.3317762017250061,0.2522771954536438,0.3270905315876007,-0.1271926611661911,0.04715825244784355,-0.31325072050094604,-0.19723108410835266,0.4894210398197174,-0.13253764808177948,-0.13424739241600037,0.1877399981021881,-0.3066381514072418,0.2262510061264038,0.7167938351631165,0.09221247583627701,0.06773644685745239,0.05221156030893326,-0.015500182285904884,-0.07694347202777863,0.03033185563981533,-0.5601116418838501,0.14657685160636902,-0.5573903918266296,0.4544895589351654,-0.17748485505580902,0.37793245911598206,0.7890539765357971,0.4985833168029785,0.33494579792022705,-0.01991519331932068,-0.12161491066217422,-0.11044232547283173,-0.05934938043355942,0.14209875464439392,0.26091092824935913,0.13687601685523987,-0.6477745175361633,0.32611170411109924,0.019011931493878365,-0.020388159900903702,-0.03270367532968521,0.16170428693294525,-0.3092000186443329,0.2791641354560852,-0.14781536161899567,-0.010943258181214333,-0.23736219108104706,0.09649697691202164,0.19065330922603607,-0.6667218208312988,-0.09969623386859894,0.02588602900505066,-0.17161285877227783,-0.33667680621147156,0.032417308539152145,-0.37689608335494995,0.5669047832489014,-0.024443116039037704,-0.1275465190410614,-0.18338194489479065,-0.11202876269817352,0.053202975541353226,0.6540818810462952,-0.2213079035282135,0.01055359560996294,-0.2318069487810135,-0.0836525410413742,-0.20917868614196777,-0.019449802115559578,-0.030317550525069237,-0.3947879672050476,-0.4181858003139496,0.06993646919727325,0.2333676815032959,-0.0051449672318995,0.23907499015331268,0.0824495181441307,-0.0681845024228096,-0.09370957314968109,0.24247674643993378,-0.6039183735847473,-0.1496996134519577,0.270337849855423,0.12483463436365128,-0.09294869005680084,0.6954835653305054,-0.1395135074853897,-0.1843491494655609,0.4818282723426819,-0.08457738906145096,0.05366802215576172,-0.1731877326965332,0.31638070940971375,0.2750926613807678,0.27970361709594727,-0.06927833706140518,-0.17344455420970917,-0.1484035700559616,0.08154068142175674,0.03704628348350525,0.34976083040237427,-0.20172688364982605,-0.45829200744628906,-0.7940462827682495,0.6709272265434265,-0.37748393416404724,-0.17038722336292267,-0.12445659935474396,-0.5582939386367798,0.006784546189010143,0.01832377351820469,-0.364280641078949,-0.5733619332313538,0.32271191477775574,-0.5890539288520813,0.04690248519182205,-0.0510760173201561,0.06881402432918549,0.23846249282360077,-0.38418832421302795,-0.4146689474582672,0.05286259576678276,-0.2176540344953537,5.20616777066607e-05,-0.7664645314216614,0.08958672732114792,0.20886290073394775,0.0530688650906086,0.5512585043907166,0.14730261266231537,0.6395564079284668,0.03021816350519657,-0.05236198753118515,0.4059476852416992,0.056789327412843704,-0.5912651419639587,-0.277455598115921,-0.412407785654068,0.31515592336654663,-0.12329443544149399,-0.07010234892368317,0.6132737398147583,0.0698436051607132,-0.7109091281890869,-0.16633109748363495,-0.02210245467722416,-0.1674080789089203,-0.14112821221351624,0.3626101613044739,-0.08156265318393707,0.2498994767665863,0.32619231939315796,-0.21758060157299042,-0.10730654001235962,-0.4592509865760803,-0.20242449641227722,-0.28461918234825134,-0.08697547018527985,0.12809522449970245,-0.0973183810710907,0.20149561762809753,0.20075538754463196,0.18371489644050598,0.04876696690917015,0.5234318971633911,-0.1634114682674408,-0.12829653918743134,-0.00030610858811996877,-0.012553298845887184,0.16743028163909912,0.40164557099342346,0.051795072853565216,0.04087981954216957,-0.19945326447486877,-0.09753547608852386,-0.06388238817453384,0.0545186884701252,-0.5504363179206848,-0.1720546931028366,0.012410235591232777,0.23698723316192627,0.33161383867263794,0.27934038639068604,-0.17926231026649475,-0.42977529764175415,-0.23379316926002502,-0.07229183614253998,-0.18272146582603455,0.2007458209991455,-0.1889839470386505,0.32374367117881775,-0.47380608320236206,-0.08386466652154922,-0.34069758653640747,-0.15243811905384064,-0.3042096495628357,0.04962892085313797,-0.268666535615921,-0.30449095368385315,0.42799338698387146,0.007123537361621857,-0.009272659197449684,-0.18316605687141418,-0.1844635009765625,-0.06569834053516388,-0.06207548826932907
CID000003121,359,0.05544498562812805,-0.23828157782554626,-0.6986023187637329,0.2072155773639679,0.1017555221915245,-0.19025035202503204,-0.0648278146982193,-0.2201085388660431,0.1294315606355667,0.04309290647506714,0.24537542462348938,0.19847960770130157,-0.3833879232406616,-0.06457963585853577,0.12200327217578888,-0.04099579527974129,0.5058422088623047,0.3127327263355255,0.1550891101360321,-0.15022996068000793,0.1262272596359253,-0.1675887107849121,0.2463715374469757,-0.10636390745639801,-0.8673030734062195,-0.8797462582588196,-1.0985764265060425,-0.18115732073783875,0.09390555322170258,0.04206465929746628,0.9394990801811218,0.10295907407999039,0.16611552238464355,0.290014386177063,-0.6493250131607056,0.022359799593687057,0.8571677207946777,-0.3868107795715332,-0.11993509531021118,-0.180995374917984,-0.6216893792152405,0.6914618611335754,-0.5665901899337769,-0.7024748921394348,-0.03878336399793625,-0.42127466201782227,0.41620007157325745,-0.43004170060157776,-0.6153141260147095,0.13935653865337372,-0.9515506625175476,0.8289657831192017,0.39205843210220337,-0.012013211846351624,0.6629034280776978,0.0013084292877465487,-0.34613192081451416,0.8268248438835144,-0.013946807011961937,0.3411988615989685,-0.0630226880311966,-0.3339022696018219,0.2046080380678177,1.2217439413070679,0.4961939752101898,0.3172740042209625,0.10593429952859879,0.04781882092356682,0.14917942881584167,0.23664811253547668,-0.5187799334526062,0.14074884355068207,-1.074385166168213,0.44280824065208435,0.025926005095243454,-0.012017816305160522,0.6997333765029907,0.3520948886871338,1.3326480388641357,0.13465680181980133,0.3036382794380188,-0.41894227266311646,-0.059114664793014526,-0.1362113505601883,-0.2342424839735031,0.1715860515832901,-0.2685280740261078,-0.0932377278804779,-0.12050791084766388,-0.021779531612992287,-0.36811450123786926,0.2329222708940506,-0.3838736116886139,0.0778140276670456,0.0015159010654315352,-0.41293588280677795,-0.07515866309404373,0.2101082056760788,0.06824985891580582,-1.1857737302780151,0.03832414746284485,0.13352791965007782,0.11608626693487167,-0.17731931805610657,0.4319562017917633,-0.4739294946193695,1.0955593585968018,0.13511566817760468,-0.03204889968037605,-0.15187302231788635,-0.06286102533340454,-0.14475813508033752,0.33825334906578064,-0.6426793932914734,-0.1229662299156189,-0.43148288130760193,-0.7905484437942505,0.22779715061187744,0.10017697513103485,0.048809923231601715,0.21701979637145996,-0.3812798857688904,0.2520717978477478,0.11042849719524384,-0.0727308988571167,-0.15955780446529388,0.333255410194397,0.049320269376039505,-0.039394229650497437,0.3251594603061676,-0.825145423412323,-0.05957929044961929,0.37881821393966675,0.24339985847473145,0.08553864061832428,1.0471606254577637,0.3508126735687256,0.08514813333749771,0.19279919564723969,-0.1999131143093109,-0.11499172449111938,-0.4103740155696869,0.21524301171302795,-0.2530774474143982,0.10147468000650406,-0.02035570703446865,0.2560771107673645,0.24679918587207794,-0.20418913662433624,-0.4558400511741638,0.7123661637306213,-0.3025917708873749,-0.6481207609176636,-1.1114680767059326,0.4437960982322693,-0.35398852825164795,-0.16125354170799255,-0.02685665711760521,-0.5017002820968628,0.0878513753414154,0.00484013557434082,0.06714164465665817,-0.5493671298027039,0.004932689480483532,-0.49150386452674866,-0.3423115015029907,-0.07721982896327972,0.10957784950733185,0.6662906408309937,-0.589664876461029,-0.15130458772182465,-0.28140074014663696,0.11569786071777344,0.2501656115055084,-0.5480958819389343,-0.5019674897193909,0.49891385436058044,-0.1411905437707901,0.5705543756484985,-0.23400965332984924,0.42291003465652466,-0.14260683953762054,-0.41663652658462524,1.0056828260421753,0.16896885633468628,-0.5785096883773804,-0.08952873945236206,0.12170147895812988,-0.5826520919799805,-0.19131341576576233,-0.3720138669013977,1.0719707012176514,-0.5384524464607239,-0.363985538482666,0.1038115993142128,0.0795273706316948,-0.2143867015838623,0.03678517788648605,0.6303620934486389,-0.0032126070000231266,0.7274389266967773,0.09639482200145721,-0.1642802506685257,0.9211713671684265,-0.5612030625343323,0.34892523288726807,-0.046418946236371994,0.12574335932731628,-0.27925774455070496,-0.21627655625343323,-0.32210254669189453,-0.201956108212471,-0.16920050978660583,-0.07270906120538712,0.7734837532043457,0.2873246371746063,0.020738113671541214,-0.2998913526535034,0.18796807527542114,0.12358478456735611,-0.09090366214513779,0.1676488220691681,-0.17290540039539337,0.18171095848083496,0.017985910177230835,0.2303360253572464,0.16781200468540192,-1.1106685400009155,-0.2013445347547531,0.2853984236717224,0.011473709717392921,0.18656206130981445,0.23561915755271912,-0.2995259761810303,-0.7520416975021362,0.07278311252593994,0.0692267045378685,-0.12856675684452057,0.09262865036725998,0.13781866431236267,1.054067850112915,-0.2491302490234375,0.07451730221509933,-0.34636083245277405,-0.020253580063581467,-0.06287101656198502,-0.33408212661743164,0.23904244601726532,0.057382889091968536,0.18175145983695984,0.3200228810310364,-0.11792373657226562,0.13698728382587433,0.0734199732542038,0.11737325042486191,-0.05911559984087944
CID000001134,360,0.001877987408079207,-0.001732641481794417,-0.48518258333206177,0.2269488275051117,0.19976752996444702,-0.00457821786403656,-0.15035802125930786,-0.37442025542259216,0.09947828948497772,-0.1542874127626419,0.009303802624344826,-0.018622245639562607,0.12630611658096313,-0.07939396053552628,0.058521948754787445,0.14691737294197083,0.18075117468833923,0.4349166452884674,-0.26094022393226624,0.23274943232536316,-0.21199917793273926,-0.2051028311252594,0.3977527618408203,0.12404592335224152,-0.9295676946640015,-0.6646029353141785,-0.5795658230781555,-0.012150106020271778,-0.36131665110588074,0.07310932874679565,0.6607331037521362,0.021748661994934082,-0.02064860239624977,0.30614298582077026,-0.48917680978775024,0.23649807274341583,0.946088433265686,-0.21384282410144806,0.20525476336479187,0.02025086060166359,0.14778295159339905,0.5290563702583313,-0.47061043977737427,0.0221380777657032,-0.010895529761910439,-0.07120493054389954,0.4834854006767273,-0.10262417793273926,-0.5354111194610596,-0.1431886851787567,-0.7199457883834839,-0.05396053194999695,0.27824321389198303,-0.2570127546787262,0.40323472023010254,-0.08548770099878311,-0.07573480904102325,0.7544401288032532,0.21154145896434784,0.0011262893676757812,0.15472421050071716,-0.18181751668453217,0.09503759443759918,0.3822813928127289,0.12239871174097061,0.37720128893852234,-0.015828588977456093,-0.07450461387634277,-0.14108450710773468,0.19957153499126434,-0.3404698967933655,0.07081269472837448,-0.34577301144599915,0.42495855689048767,0.15253889560699463,0.10593752562999725,0.434713214635849,0.21928313374519348,0.542988657951355,-0.06230635195970535,0.13260343670845032,-0.4376576542854309,0.31248414516448975,-0.17456896603107452,-0.17206363379955292,0.24383863806724548,-0.29657989740371704,-0.1195489913225174,-0.03204123675823212,0.0017744004726409912,-0.0485810786485672,-0.3099901080131531,-0.11629442125558853,-0.08009480684995651,-0.02892993949353695,0.024499082937836647,-0.09720419347286224,0.21912971138954163,0.09361398220062256,-1.2093976736068726,-0.06015293672680855,0.028736913576722145,0.15977390110492706,-0.10583390295505524,0.164392352104187,-0.22032296657562256,0.7513658404350281,0.058676112443208694,0.23645436763763428,-0.005583502352237701,-0.14011478424072266,0.08068840950727463,0.12562958896160126,-0.49350228905677795,-0.12610860168933868,-0.37257397174835205,-0.2961716055870056,0.14665009081363678,-0.1337866485118866,-0.11022164672613144,-0.40270155668258667,-0.45339497923851013,0.04275020211935043,0.16778069734573364,-0.02209618128836155,-0.09641356021165848,0.346769779920578,0.2508701682090759,-0.2135864496231079,-0.029350649565458298,-0.8260204195976257,-0.16057729721069336,0.15322425961494446,0.20344507694244385,0.11078564822673798,0.9281861186027527,-0.07392576336860657,-0.047740690410137177,-0.05168468505144119,0.1441141664981842,0.059548743069171906,-0.1046573668718338,0.09711943566799164,0.27671656012535095,0.20337459444999695,-0.2513754963874817,-0.19144223630428314,0.0754646509885788,0.02059999667108059,-0.3070485293865204,0.683606743812561,-0.04193821921944618,-0.2090756595134735,-0.8775021433830261,0.5310826301574707,-0.04878389835357666,0.22053122520446777,-0.09544824063777924,-0.2910361886024475,0.02471327781677246,-0.13463957607746124,0.2883746027946472,-0.516440749168396,0.2916357219219208,-0.3097752630710602,-0.12660536170005798,-0.12305483967065811,-0.12108943611383438,1.0941128730773926,-0.4378454089164734,-0.08096711337566376,-0.04728655889630318,-0.11217065155506134,-0.0340719111263752,-0.3870686888694763,-0.05775916576385498,0.07169966399669647,-0.03838324546813965,0.4425133764743805,0.3308887183666229,0.6487698554992676,-0.07084590196609497,-0.4193743169307709,0.8684924244880676,-0.007443052716553211,-0.47822752594947815,0.080428346991539,-0.3537744879722595,-0.25925737619400024,-0.14445272088050842,-0.23606261610984802,1.3581416606903076,-0.09420114755630493,-0.21610279381275177,0.0855749323964119,-0.029491689056158066,-0.10091139376163483,-0.022922569885849953,1.0612897872924805,-0.11168958991765976,0.26894411444664,0.3540669083595276,-0.0008408650755882263,0.5078272819519043,-0.37272214889526367,-0.1884160339832306,-0.3989037573337555,-0.11411915719509125,-0.16838499903678894,0.20729446411132812,0.02665228769183159,-0.0018574416171759367,-0.25724953413009644,-0.1921660155057907,0.723159670829773,-0.04738818481564522,0.007231846451759338,-0.005531498696655035,-0.14048907160758972,0.2572048306465149,0.0757976770401001,-0.22004488110542297,0.1681644171476364,-0.20129457116127014,-0.13793230056762695,0.15071269869804382,-0.039135295897722244,-0.42715176939964294,-0.04365139827132225,-0.071433886885643,-0.021475065499544144,0.1277461051940918,0.11068239063024521,-0.07323479652404785,-0.5242020487785339,0.31586623191833496,0.2427741289138794,0.1938711404800415,0.1560325175523758,-0.06672202050685883,1.1307635307312012,-0.26400986313819885,-0.033712517470121384,-0.320716917514801,-0.13327375054359436,-0.24400952458381653,0.2319432497024536,-0.15302018821239471,-0.14377528429031372,0.40959101915359497,0.29548579454421997,0.18962761759757996,-0.09719382226467133,0.2446376532316208,0.343616247177124,-0.09901626408100128
CID000003877,361,0.033349283039569855,-0.04733425751328468,-0.5471163988113403,0.15021827816963196,0.3480045795440674,-0.08681190013885498,-0.011657917872071266,-0.37405356764793396,-0.12788346409797668,-0.018844693899154663,0.32704728841781616,0.22286684811115265,-0.023580657318234444,0.038531795144081116,0.052187301218509674,0.21390540897846222,0.07988400757312775,0.2648267149925232,-0.41737285256385803,0.18513277173042297,-0.01132277213037014,0.011529665440320969,0.4903835356235504,0.2075086385011673,-0.6840813755989075,-0.6629316210746765,-0.5483834147453308,0.15552940964698792,-0.016538430005311966,-0.24471540749073029,0.8228287696838379,-0.104792520403862,0.014525124803185463,0.3200682997703552,-0.35119470953941345,0.2546500563621521,0.4312695860862732,-0.10514752566814423,0.26439589262008667,0.005582883954048157,0.0865306407213211,0.09838385879993439,-0.28469952940940857,0.10613447427749634,-0.039443712681531906,0.006859296467155218,0.632393479347229,-0.33772140741348267,-0.5795966982841492,-0.09884877502918243,-0.688591480255127,0.1836146116256714,0.4280737042427063,-0.33233004808425903,0.3861297369003296,-0.012801790609955788,0.0065458654426038265,0.7883241772651672,0.06474713236093521,-0.07105664163827896,0.08921358734369278,-0.2893279492855072,0.15950538218021393,0.657400906085968,0.20723311603069305,0.42161035537719727,-0.15538592636585236,-0.047099821269512177,0.00787587184458971,-0.011855611577630043,-0.5319536924362183,0.26120197772979736,-0.6330219507217407,0.5713567733764648,0.24527612328529358,0.24892441928386688,0.14410579204559326,0.2852795124053955,0.8307778239250183,-0.19348140060901642,-0.10370151698589325,-0.17609073221683502,0.16628484427928925,0.003187495516613126,0.04073244333267212,0.29281800985336304,-0.19368323683738708,-0.12600192427635193,-0.037327639758586884,0.003086954355239868,-0.24171797931194305,-0.16833257675170898,-0.18669810891151428,0.015405416488647461,0.09718207269906998,-0.16547200083732605,-0.20263418555259705,0.1289496123790741,-0.0962536633014679,-0.869951605796814,0.05150589346885681,-0.295119047164917,0.1402033269405365,0.1068422794342041,0.18570591509342194,-0.060831643640995026,0.7938440442085266,0.12047289311885834,0.2789745628833771,-0.07999230921268463,-0.014820428565144539,0.07138441503047943,0.18364682793617249,-0.4699768126010895,0.2043047696352005,-0.2998136281967163,-0.30872637033462524,0.08519699424505234,-0.03474240005016327,-0.016500050202012062,-0.3023587167263031,-0.48473048210144043,0.12138724327087402,0.1505853682756424,-0.3329610824584961,0.011069566011428833,0.16033105552196503,0.08577486127614975,-0.3153640031814575,0.20312459766864777,-0.7996844053268433,-0.28297871351242065,0.3840102553367615,0.13320109248161316,-0.015259316191077232,0.886567234992981,0.12890936434268951,-0.03561880439519882,0.2284822016954422,-0.12447253614664078,-0.15523400902748108,-0.17175975441932678,0.0808636024594307,0.2858646512031555,0.009220709092915058,-0.1492966115474701,-0.4238344728946686,-0.1605280041694641,-0.2193564623594284,-0.17982997000217438,0.627752959728241,-0.002325165318325162,-0.4789245128631592,-0.6334909200668335,0.4388720393180847,0.11636626720428467,0.13898709416389465,0.11373643577098846,-0.4607287049293518,0.11627717316150665,0.026377886533737183,0.139865443110466,-0.919405460357666,0.19118675589561462,-0.495098352432251,-0.10025111585855484,-0.3782649040222168,-0.09170390665531158,0.9531574249267578,-0.6301582455635071,-0.15412792563438416,-0.16782863438129425,-0.07624541223049164,-0.11897368729114532,-0.4956894814968109,-0.2022688388824463,0.21362188458442688,-0.004015421960502863,0.5911498069763184,0.1430329531431198,0.5111490488052368,0.049216918647289276,-0.2533785104751587,0.6662781834602356,-0.16525211930274963,-0.54332435131073,-0.028226736932992935,-0.22937318682670593,-0.01942342519760132,-0.3122870922088623,-0.0977330431342125,1.057286262512207,0.008115900680422783,-0.3435209393501282,0.21429891884326935,0.1041664108633995,0.014152509160339832,0.21425995230674744,0.7475480437278748,-0.3266182839870453,0.26085394620895386,0.34557047486305237,0.1543215960264206,0.32235297560691833,-0.546833336353302,-0.1965426206588745,-0.2929704487323761,-0.15254470705986023,-0.20480334758758545,-0.11599650233983994,-0.05608950927853584,-0.12175013870000839,-0.15522411465644836,-0.23410873115062714,0.8824492692947388,0.11221973598003387,-0.053787387907505035,0.014303970150649548,0.011482360772788525,0.3505703806877136,0.2146555483341217,-0.049401603639125824,0.21400073170661926,-0.058528441935777664,0.0832129716873169,0.17092068493366241,-0.03575705736875534,-0.7656091451644897,-0.2402103692293167,-0.25798436999320984,-0.16223089396953583,0.02747960016131401,-0.042864955961704254,-0.0729251578450203,-0.5508440136909485,0.08342111855745316,0.1980583369731903,0.1329876184463501,0.21375048160552979,-0.11043832451105118,0.8689645528793335,-0.42614954710006714,-0.06230134889483452,-0.15636679530143738,-0.13572779297828674,-0.2832442820072174,-0.11259572207927704,0.07514224946498871,-0.13370609283447266,0.36256110668182373,0.17290839552879333,0.1646876335144043,0.24055986106395721,-0.0179215669631958,0.22992286086082458,-0.13441790640354156
CID000000838,364,0.12012989819049835,-0.3476823568344116,-0.8126277923583984,0.03514103963971138,0.5103356838226318,0.021627917885780334,-0.1347498595714569,-0.7645520567893982,-0.28748276829719543,-0.22884829342365265,0.25635793805122375,-0.19062909483909607,-0.09798090159893036,-0.2040388286113739,0.01708885096013546,0.18267430365085602,0.3436271548271179,-0.05483580380678177,-0.25984615087509155,0.2820872664451599,-0.06463653594255447,-0.15458406507968903,0.8737987279891968,0.15283437073230743,-0.8407238125801086,-0.5939976572990417,-0.397378534078598,-0.3208775520324707,0.3350270688533783,-0.004850153811275959,0.9861618280410767,-0.059213899075984955,-0.029540861025452614,0.26448339223861694,-0.3085320293903351,-0.034990593791007996,0.7095290422439575,-0.19385194778442383,0.25292065739631653,0.0124980378895998,-0.8777386546134949,0.4507637917995453,-0.43009573221206665,-0.03343941643834114,0.2961225211620331,0.10599371045827866,0.8183106184005737,0.023898476734757423,-0.2906259000301361,-0.06497499346733093,-0.21048212051391602,0.33399564027786255,0.733026385307312,0.07821796834468842,0.29935210943222046,-0.5255874991416931,-0.10704395920038223,0.6531105041503906,0.08058503270149231,-0.0013922557700425386,-0.030179962515830994,-0.17397771775722504,-0.10548007488250732,0.9070383906364441,0.0538368821144104,0.5327169299125671,0.18754707276821136,0.034783534705638885,0.18188057839870453,-0.07019923627376556,-0.9823384284973145,-0.044394128024578094,-0.7107993364334106,0.25651881098747253,0.06503842771053314,0.6224019527435303,0.28041872382164,0.07465632259845734,0.30935874581336975,0.3118134140968323,0.08059346675872803,-0.37191537022590637,-0.02736598253250122,-0.19797909259796143,0.4674395024776459,0.373227596282959,-0.403925359249115,-0.014313059858977795,-0.00100813212338835,0.2806721329689026,0.025398585945367813,0.00537090003490448,-0.1625470221042633,0.005132186692208052,-0.1973588913679123,-0.1413673758506775,-0.006413271185010672,0.20900006592273712,0.016135316342115402,-0.472379595041275,-0.10917617380619049,-0.033320944756269455,0.030440691858530045,-0.6515774726867676,0.18603233993053436,-0.3734292685985565,0.7019833922386169,0.3058311939239502,0.077809639275074,-0.06441477686166763,0.1957254856824875,-0.1707761585712433,1.0377657413482666,-0.3044922947883606,0.018172776326537132,-0.1542655974626541,-0.3219571113586426,-0.056233130395412445,-0.0670398622751236,0.023659776896238327,-0.38399526476860046,-0.13268950581550598,-0.02404741570353508,-0.05486201494932175,-0.24224141240119934,0.05628373473882675,0.27273449301719666,-0.18757282197475433,-0.021329253911972046,0.42048534750938416,-0.5961993932723999,-0.1831928789615631,0.42499932646751404,0.30118560791015625,0.1380842924118042,0.8412772417068481,0.5671163201332092,-0.21537527441978455,0.42319291830062866,0.23002853989601135,0.05962216109037399,-0.323288232088089,0.1709287464618683,0.018336931243538857,0.09695158153772354,-0.04964787885546684,-0.27478665113449097,0.04296677187085152,-0.06920646131038666,-0.1871686726808548,0.571325957775116,0.05039622262120247,-0.921550452709198,-0.9647927284240723,0.6429270505905151,-0.45217567682266235,-0.03733908012509346,-0.027351757511496544,-0.7688438296318054,-0.057045985013246536,0.04300890490412712,-0.020362315699458122,-1.3370182514190674,-0.08070563524961472,-0.5884040594100952,-0.3760387897491455,-0.16836775839328766,-0.16714899241924286,0.3065432012081146,-0.4932376444339752,-0.5261903405189514,-0.21875348687171936,-0.0008124917512759566,-0.23893406987190247,-0.942604660987854,0.09522020816802979,0.5782100558280945,0.18262143433094025,0.6928594708442688,0.12949082255363464,0.4964694082736969,-0.21795082092285156,-0.3219497799873352,0.5850319266319275,0.14780361950397491,-0.7178828716278076,-0.08120708912611008,-0.0629797875881195,-0.2980765104293823,0.08096648007631302,-0.32201796770095825,0.6481491327285767,-0.14023816585540771,-0.4979688227176666,-0.2169789969921112,0.04931986704468727,-0.05699669197201729,0.032715994864702225,0.26112648844718933,0.08930856734514236,0.4280551075935364,0.12092320621013641,0.035514913499355316,-0.08048959821462631,-0.6887698769569397,-0.4265785813331604,-0.419921338558197,0.22925233840942383,0.23621153831481934,0.04563957080245018,-0.15827351808547974,-0.017783503979444504,0.23494486510753632,-0.41334837675094604,0.9298218488693237,0.3447771966457367,-0.1460496485233307,-0.500320315361023,-0.30852821469306946,-0.13890305161476135,0.3866059482097626,-0.26242661476135254,-0.09177552908658981,-0.09694501757621765,0.12998904287815094,0.10197682678699493,-0.07261750847101212,-1.223818302154541,0.08964202553033829,0.19974824786186218,0.1873297244310379,0.576647162437439,0.088069386780262,-0.2897491753101349,-0.9437090754508972,0.02453368902206421,-0.005442358553409576,0.24838176369667053,-0.2657029926776886,0.2863085865974426,0.5374965071678162,-0.6281077265739441,0.19231894612312317,-0.5217683911323547,-0.102779820561409,-0.49428778886795044,0.08232011646032333,-0.07266147434711456,0.00041047707782126963,0.3907361328601837,0.23309703171253204,0.1250547468662262,0.173585444688797,-0.30160704255104065,0.2906246781349182,-0.05985394865274429
CID000005596,369,0.23337653279304504,-0.20889177918434143,-0.6605647206306458,0.1362380087375641,0.3286816477775574,0.032957933843135834,-0.11570970714092255,-1.1737048625946045,-0.01138114184141159,-0.06486006826162338,0.5554676055908203,0.02415204606950283,0.034945566207170486,-0.10237584263086319,-0.4144030213356018,0.33593472838401794,0.09048902243375778,-0.038736067712306976,-0.3367786705493927,0.0052865236066281796,-0.13361796736717224,-0.06159358471632004,0.5293018817901611,0.031065892428159714,-0.7746585607528687,-0.7128710746765137,-0.11048376560211182,0.0075216530822217464,-0.02423672005534172,-0.2501522898674011,0.7663437128067017,0.06090535596013069,-0.04314562678337097,0.19736447930335999,-0.1453777253627777,0.17377452552318573,0.21713924407958984,-0.05751848220825195,-0.21751666069030762,-0.03135596588253975,-0.3446047306060791,0.2570239007472992,-0.14030513167381287,-0.28647658228874207,-0.10573836416006088,0.203150674700737,0.7183337211608887,-0.17359177768230438,-0.5982064008712769,0.04339885711669922,-0.7567470669746399,0.43568140268325806,0.5912048816680908,0.07917757332324982,0.20570571720600128,-0.18122141063213348,-0.336586594581604,0.5775514841079712,-0.3698733448982239,0.10515651851892471,0.06881146132946014,-0.4609774053096771,0.12168922275304794,0.9822044372558594,-0.04342721775174141,0.5222944617271423,-0.016762996092438698,-0.12812089920043945,0.10501430183649063,0.12157750129699707,-0.8779879808425903,-0.003653109073638916,-0.40266555547714233,0.4772750437259674,0.10722269862890244,0.6488209962844849,0.15148283541202545,0.07437475025653839,0.5252188444137573,0.002580970525741577,-0.09941718727350235,-0.19312885403633118,-0.17746689915657043,-0.08666481822729111,0.25498905777931213,0.28079551458358765,-0.5380455255508423,-0.016834866255521774,0.027202371507883072,-0.14229872822761536,-0.22508326172828674,-0.03446552902460098,-0.3890492916107178,-0.06847114861011505,0.02458951435983181,-0.12607547640800476,-0.2274211198091507,0.22765067219734192,-0.0397920086979866,-0.7632541656494141,-0.009987148456275463,-0.14763334393501282,0.027839308604598045,-0.09584186971187592,-0.05032174661755562,-0.1037268191576004,0.6870748996734619,0.15095928311347961,0.13563790917396545,0.06641825288534164,0.06222939491271973,-0.05206863209605217,0.1523629128932953,-0.4798159599304199,0.2902142405509949,-0.5170008540153503,-0.11337945610284805,-0.1505202054977417,-0.15453723073005676,0.13287296891212463,-0.20922040939331055,-0.17366240918636322,0.1968567818403244,0.16671709716320038,-0.04032478854060173,-0.016074931249022484,0.09091482311487198,0.02171478234231472,-0.3268352746963501,0.35656222701072693,-0.757509708404541,-0.1327056884765625,0.38673466444015503,0.07613848149776459,0.0720071941614151,0.5035959482192993,0.003808795241639018,-0.12889383733272552,0.38184526562690735,0.06345587968826294,-0.09336408972740173,-0.21120214462280273,0.07114913314580917,0.24427762627601624,0.16488341987133026,0.03991077095270157,-0.2756880223751068,0.27028027176856995,0.05554232746362686,-0.04803859069943428,0.6558181047439575,-0.11135134845972061,-0.3828715980052948,-0.5861137509346008,0.7277415990829468,-0.019605811685323715,0.2860861122608185,0.16578108072280884,-0.34489744901657104,-0.13612619042396545,0.06626404821872711,0.16488544642925262,-1.034263253211975,0.22059468924999237,-0.536965012550354,0.12357808649539948,-0.012826159596443176,-0.18270277976989746,0.4601377844810486,-0.5726245045661926,-0.2763616442680359,-0.24695833027362823,-0.0793243944644928,-0.2828778624534607,-0.577194094657898,-0.2720088064670563,0.5920122265815735,0.1528516262769699,0.6512261629104614,-0.2704624533653259,0.31549957394599915,-0.2089087963104248,-0.1727486550807953,0.6616741418838501,-0.16465619206428528,-0.6569105982780457,-0.4149070382118225,-0.08845566213130951,-0.01349601149559021,-0.2432381808757782,-0.4505956768989563,0.6651224493980408,0.020998964086174965,-0.3843761086463928,0.004072192125022411,-0.15190638601779938,-0.18852472305297852,-0.2213836908340454,0.2654514014720917,-0.015668487176299095,0.564376950263977,0.32966548204421997,-0.02337764762341976,0.011025035753846169,-0.6424480676651001,-0.21678125858306885,-0.38654834032058716,-0.09985078871250153,0.0439116396009922,-0.10801561176776886,0.00481277983635664,-0.1515713483095169,0.05578818917274475,-0.26009199023246765,0.5918227434158325,-0.06887679547071457,-0.03843053802847862,0.08854886889457703,0.000573962926864624,0.1062312126159668,0.21687397360801697,0.021073099225759506,0.1680256426334381,-0.13881078362464905,-0.13356688618659973,0.20901623368263245,0.08903250843286514,-0.6887569427490234,-0.18388476967811584,-0.03787963464856148,-0.028216183185577393,0.2909150719642639,0.07881761342287064,-0.2538685202598572,-0.5234730243682861,0.22887425124645233,0.09598501026630402,-0.25778913497924805,-0.07286130636930466,0.011876183561980724,0.9873024225234985,-0.34927287697792053,-0.10857607424259186,-0.5305800437927246,-0.1941385716199875,-0.5843876600265503,-0.052467525005340576,0.1323084682226181,-0.19381022453308105,0.16718359291553497,0.13425245881080627,0.0793931633234024,0.03742431849241257,-0.010771214962005615,0.09072727710008621,-0.11265166103839874
CID000002471,370,0.0726398378610611,-0.14127711951732635,-0.43087825179100037,0.04791233688592911,0.29417699575424194,-0.18597035109996796,0.023350797593593597,-0.4135096073150635,-0.17102155089378357,0.05302847549319267,0.34211602807044983,0.11734050512313843,0.007940278388559818,-0.03671225160360336,-0.051302243024110794,0.2965976893901825,0.5624825358390808,0.03705482557415962,-0.3474666476249695,0.1467810869216919,-0.09270066022872925,-0.06295029819011688,0.5768696069717407,-0.015123657882213593,-0.3335441052913666,-0.586387038230896,-0.1660739630460739,-0.17543046176433563,0.15537995100021362,0.07114346325397491,0.27890318632125854,0.013160084374248981,-0.11125139147043228,0.16996508836746216,-0.16989241540431976,0.11122580617666245,0.4664406180381775,-0.07044140249490738,-0.006348475813865662,-0.004051722586154938,-0.18593813478946686,0.5176026225090027,-0.4176854193210602,-0.019678425043821335,0.01570245996117592,0.12105941772460938,0.5444842576980591,-0.057881973683834076,-0.5939247012138367,0.008185839280486107,-0.3414152264595032,0.2423386573791504,0.3131512999534607,-0.26745107769966125,0.16082331538200378,-0.3433125615119934,-0.2087980955839157,0.5711286067962646,-0.05322100967168808,-0.08453008532524109,0.19759145379066467,-0.2660616934299469,0.17623938620090485,0.7617397308349609,0.13819463551044464,0.14477673172950745,-0.2945031225681305,0.05572604387998581,-0.043698154389858246,0.07171337306499481,-0.6698725819587708,0.11013589054346085,-0.4040524959564209,0.4423667788505554,0.030477970838546753,0.38619565963745117,0.4139406085014343,0.4186252951622009,0.4460527002811432,-0.06977406144142151,-0.10720409452915192,-0.19016781449317932,-0.010773537680506706,-0.009274972602725029,0.3049655556678772,0.2840448021888733,-0.13969853520393372,-0.007016471121460199,-0.05463089421391487,0.11938466876745224,-0.13217374682426453,0.07822498679161072,-0.03306882828474045,0.11491762101650238,0.08001495152711868,-0.09151364862918854,-0.35254549980163574,0.29260846972465515,-0.08798118680715561,-0.45573729276657104,-0.04399842023849487,-0.11272308975458145,0.007764068432152271,-0.0338224433362484,0.1645650416612625,-0.19690851867198944,0.5035942196846008,0.15513312816619873,0.11772739887237549,-0.1433408558368683,-0.14547455310821533,0.10824988037347794,0.3296463191509247,-0.07495395839214325,0.14639830589294434,-0.2164127081632614,-0.25777536630630493,-0.05038389563560486,-0.22046419978141785,-0.13341189920902252,-0.21254344284534454,-0.3289811611175537,0.004055785946547985,0.2024906873703003,0.004831450991332531,0.1347949206829071,0.19067685306072235,0.043343041092157364,-0.18112875521183014,0.20862050354480743,-0.5318673849105835,-0.2038557529449463,0.3236483335494995,0.281099408864975,0.06376674026250839,0.6233929395675659,-0.06768615543842316,-0.11490945518016815,0.18761064112186432,-0.2221008837223053,-0.10998799651861191,-0.2030593603849411,0.13787853717803955,0.3392571806907654,0.18508246541023254,-0.01725609600543976,-0.37646278738975525,-0.07291854918003082,-0.011256922967731953,-0.04433618113398552,0.1994931697845459,-0.10938143730163574,-0.5025716423988342,-0.6469005346298218,0.4928736686706543,-0.28930574655532837,0.05615125969052315,-0.14247408509254456,-0.5637016892433167,-0.08506400883197784,-0.06272248923778534,-0.3211840093135834,-0.7530604600906372,0.032695502042770386,-0.49961885809898376,0.03913549333810806,-0.04053744673728943,-0.11920829117298126,0.42736440896987915,-0.5385839343070984,-0.09171653538942337,-0.19407829642295837,-0.14778688549995422,-0.0953623503446579,-0.4632556438446045,-0.1389656662940979,0.2714189887046814,0.10045530647039413,0.5471571683883667,-0.26535964012145996,0.7844024896621704,-0.05323077365756035,-0.09980183839797974,0.15316934883594513,-0.15147998929023743,-0.3538581132888794,-0.09356479346752167,-0.38418304920196533,0.16828462481498718,-0.11088304221630096,-0.2748269736766815,0.6479791402816772,-0.015583214350044727,-0.5270175337791443,0.036745257675647736,-0.10497788339853287,-0.16735078394412994,0.06819833815097809,0.23136970400810242,0.009026765823364258,0.37042370438575745,0.2935733199119568,-0.07576851546764374,-0.024449124932289124,-0.4656052589416504,-0.43155398964881897,-0.18981751799583435,0.0777914896607399,0.08198003470897675,-0.08927736431360245,0.09146738052368164,0.10791011154651642,0.1749206781387329,-0.1570652574300766,0.673514723777771,-0.0964447632431984,-0.07611095160245895,-0.2454666644334793,0.014238936826586723,0.0887170284986496,0.35478660464286804,0.07083925604820251,0.16096968948841095,-0.1435432881116867,-0.11027383804321289,0.12439324706792831,-0.024350935593247414,-0.6811400651931763,-0.23287053406238556,-0.05540550872683525,0.014770835638046265,0.10096953064203262,0.17857253551483154,-0.31660839915275574,-0.4686642289161682,0.2312278300523758,0.07737903296947479,-0.14241990447044373,0.04114449769258499,-0.24364344775676727,0.21040770411491394,-0.3683241009712219,-0.06150417402386665,-0.20839624106884003,-0.039818085730075836,-0.25773361325263977,-0.026188641786575317,-0.09417997300624847,-0.09192809462547302,0.3390370011329651,0.009712724015116692,0.1696741282939911,0.06694114208221436,-0.18875446915626526,0.12730200588703156,-0.04278894141316414
CID000003658,371,-0.07063592225313187,-0.07160910218954086,-0.8652154803276062,0.2487984150648117,0.42562931776046753,-0.025258446112275124,-0.0006799862021580338,-0.9824696779251099,-0.1394539773464203,-0.06469037383794785,0.24409589171409607,-0.012290854938328266,-0.09439074248075485,-0.05502854660153389,0.024914855137467384,0.06434427946805954,0.3035123944282532,0.1920866221189499,0.003848609048873186,0.11640014499425888,0.03649414703249931,0.309744268655777,0.6067375540733337,0.2678481340408325,-0.6495572328567505,-0.8877833485603333,-0.5485541224479675,0.3186933994293213,-0.15304109454154968,0.012541735544800758,0.9207723736763,0.1691126823425293,0.037140097469091415,0.5320103168487549,-0.3367321491241455,0.23135271668434143,1.0301326513290405,-0.1268511563539505,0.17583060264587402,0.014994692988693714,-0.4777856767177582,0.49341708421707153,-0.5592175722122192,0.23395392298698425,-0.07914911210536957,-0.03635479137301445,0.7485340237617493,-0.3928512632846832,-0.26860299706459045,0.0002974480448756367,-0.3136739730834961,0.2993123531341553,0.4715939164161682,-0.11869776248931885,0.38086050748825073,-0.29131385684013367,-0.33204513788223267,0.631985068321228,-0.010515676811337471,0.03550856560468674,-0.4664720892906189,-0.2031998187303543,0.12043838202953339,0.6989975571632385,-0.07786127924919128,0.24071693420410156,0.10484234243631363,-0.13699617981910706,0.028916914016008377,0.23551762104034424,-0.6459725499153137,0.22082734107971191,-0.8023109436035156,0.4247680604457855,0.13396048545837402,0.3512149155139923,0.5445171594619751,-0.07342416793107986,0.39466381072998047,0.03781713545322418,0.0710437148809433,-0.43239229917526245,0.12380068004131317,0.018811505287885666,-0.05388684943318367,0.32638853788375854,-0.4117305278778076,0.0019502348732203245,0.02637344039976597,0.03435636684298515,-0.4373038709163666,-0.01647634245455265,-0.04392889887094498,0.09366600215435028,0.16359534859657288,-0.042856164276599884,0.07395190000534058,0.3062760531902313,0.0015213455772027373,-1.0236833095550537,-0.04007922485470772,-0.0003146514354739338,0.17451253533363342,-0.15669064223766327,0.24203923344612122,-0.11858068406581879,1.0062040090560913,-0.4374427795410156,0.33855462074279785,-0.06540436297655106,-0.015415847301483154,-0.1271291822195053,0.4332476258277893,-0.14451953768730164,0.19815178215503693,-0.34308117628097534,-0.4723230004310608,0.013067525811493397,0.082347571849823,0.4373668134212494,-0.270702600479126,-0.3346940577030182,0.26118701696395874,-0.11823301017284393,-0.294222891330719,-0.04731924831867218,0.3100959062576294,-0.22678181529045105,-0.20113888382911682,0.15680031478405,-0.6489686965942383,-0.1672239750623703,0.3072732090950012,0.04112827777862549,-0.14329169690608978,0.6864703893661499,0.3760469853878021,-0.21757033467292786,0.17202720046043396,-0.1409483402967453,-0.23687784373760223,-0.3284103274345398,0.16844424605369568,0.07560500502586365,0.08842200040817261,-0.16755089163780212,-0.09622003138065338,0.15505334734916687,-0.12497053295373917,0.20794391632080078,0.3306359052658081,0.08853144943714142,-0.8258374929428101,-0.6697863936424255,0.7084940671920776,-0.059014368802309036,0.3643485903739929,0.09724481403827667,-0.522232174873352,0.009733883664011955,-0.07764764130115509,0.3244365453720093,-0.9992771148681641,0.10248973220586777,-0.34031015634536743,0.05418361350893974,-0.11140136420726776,-0.09486955404281616,0.549045741558075,-0.5134437084197998,-0.23388881981372833,0.06146708130836487,-0.01828932762145996,-0.03345174714922905,-0.6876304745674133,-0.1609785258769989,0.7171558141708374,0.036063872277736664,0.5283166170120239,-0.18124030530452728,0.39505884051322937,-0.2852351665496826,-0.22629442811012268,0.627977192401886,0.0007262885337695479,-0.5772098302841187,-0.20487459003925323,0.07778076082468033,-0.2935265004634857,-0.09679196774959564,-0.37302637100219727,1.1361380815505981,0.05446609854698181,-0.39465171098709106,0.01023710984736681,-0.10980971157550812,0.0261677298694849,0.05580539628863335,0.5925289392471313,-0.08214464783668518,0.548995316028595,0.2017364203929901,-0.041842248290777206,0.13822147250175476,-0.32062387466430664,-0.16996657848358154,-0.08669628947973251,-0.05911487340927124,-0.29447275400161743,-0.16221743822097778,0.006013822741806507,0.0970740094780922,-0.3168519139289856,-0.1718204766511917,0.8106609582901001,0.05189328268170357,-0.12866564095020294,-0.17074330151081085,0.1989079862833023,0.0635845884680748,0.2763827443122864,0.12617294490337372,0.11364742368459702,-0.26909682154655457,0.20315197110176086,-0.0001476198376622051,0.05296128988265991,-0.7435734868049622,-0.16571496427059174,0.11119911819696426,-0.26238110661506653,0.24832138419151306,0.0936710387468338,-0.21908864378929138,-0.6673158407211304,0.18883919715881348,0.04732920974493027,-0.218302920460701,-0.09267821907997131,0.12356189638376236,0.8273299932479858,-0.3956093192100525,0.3006438612937927,-0.23788222670555115,-0.00840188842266798,-0.602256178855896,0.033569250255823135,0.41890430450439453,-0.21036963164806366,0.210860013961792,0.0961647778749466,0.056495457887649536,0.44231802225112915,-0.005378627218306065,0.2549479603767395,0.23851728439331055
CID000002585,372,0.03028533235192299,-0.055045872926712036,-0.5415799617767334,-0.06321598589420319,0.359594464302063,-0.2028721123933792,0.025505956262350082,-0.4191620349884033,-0.13261982798576355,0.09211865812540054,0.4261552393436432,0.0012985945213586092,-0.14334598183631897,-0.09848369657993317,0.11480331420898438,0.12579913437366486,0.7318847179412842,0.012292945757508278,-0.3088985085487366,0.09939391911029816,-0.24512481689453125,-0.10475847870111465,0.595361590385437,0.0007275998359546065,-0.5986484289169312,-0.40026575326919556,-0.04329992085695267,-0.3050850033760071,0.3474770486354828,0.058497536927461624,0.3071512281894684,-0.003076064633205533,-0.0031837106216698885,0.058554507791996,-0.3075055480003357,0.2010405957698822,0.7257310152053833,-0.2970702648162842,-0.10040853917598724,-0.21904253959655762,-0.2644355893135071,0.77411949634552,-0.34265607595443726,-0.05189119651913643,0.04208608716726303,0.12694410979747772,0.7415759563446045,0.09074923396110535,-0.5781660079956055,0.08944814652204514,-0.45796871185302734,0.44312992691993713,0.3524283766746521,-0.10625076293945312,0.1097615510225296,-0.5218102931976318,-0.14820721745491028,1.013720154762268,-0.09392447769641876,-0.09615389257669449,0.003566527273505926,-0.04630016162991524,0.11319021135568619,0.7568429708480835,0.04743582382798195,0.5093219876289368,0.09139034152030945,0.09091547131538391,-0.016676604747772217,0.10574302822351456,-0.5309462547302246,0.01975659839808941,-0.40864259004592896,0.3327997922897339,0.05301842838525772,0.34589883685112,0.772443950176239,0.45225876569747925,0.6173175573348999,0.018436599522829056,-0.233926922082901,-0.18611592054367065,0.01740204729139805,0.17734192311763763,0.3618133068084717,0.17257052659988403,-0.26219692826271057,0.17228856682777405,-0.20978495478630066,0.07588616758584976,0.10146065056324005,0.3659232258796692,-0.07064041495323181,-0.04403959587216377,0.13038648664951324,-0.12535372376441956,-0.2621718943119049,0.24037714302539825,-0.04361396282911301,-0.5865424275398254,-0.164435476064682,0.07539217174053192,0.024647247046232224,-0.19461758434772491,-0.18574506044387817,-0.3737282454967499,0.237303227186203,0.0291407760232687,-0.027185430750250816,-0.18532109260559082,0.0007167637231759727,0.05807597562670708,0.9219999313354492,-0.2336423695087433,0.13616397976875305,-0.1927899420261383,-0.3156793415546417,-0.33801549673080444,0.11248902976512909,-0.46610069274902344,-0.07847965508699417,-0.3082858622074127,-0.0376414880156517,-0.07340265810489655,-0.11135368049144745,0.26853054761886597,0.21553418040275574,-0.01947055011987686,0.007518657948821783,0.18922841548919678,-0.46254318952560425,0.013991502113640308,0.31014105677604675,0.12298069894313812,0.004791042301803827,0.5581397414207458,-0.0320722833275795,-0.303653746843338,0.3168030381202698,-0.02114175818860531,-0.09298710525035858,-0.06490868330001831,0.26719704270362854,0.1007634848356247,0.18321263790130615,-0.11255434900522232,-0.3846287131309509,0.1013677567243576,0.09704453498125076,-0.08845135569572449,0.39287951588630676,-0.043091632425785065,-0.42805853486061096,-0.771229088306427,0.8935769200325012,-0.3459591865539551,-0.016710078343749046,-0.1284262239933014,-0.9522263407707214,-0.015747565776109695,0.0673542469739914,-0.41347259283065796,-0.7669827938079834,0.11348410695791245,-0.48614558577537537,-0.12505099177360535,0.10316147655248642,-0.019872337579727173,0.6459710597991943,-0.36748120188713074,-0.10034467279911041,-0.14391972124576569,-0.12880165874958038,-0.1294287145137787,-0.8110501170158386,0.16318479180335999,0.36486920714378357,-0.054963983595371246,0.48148149251937866,0.031677134335041046,0.6191330552101135,0.020405765622854233,-0.0409829318523407,0.3264462351799011,0.010195555165410042,-0.1021961122751236,-0.14555653929710388,-0.4744589328765869,-0.06402437388896942,0.03643933683633804,-0.16325148940086365,0.5948982834815979,0.002734048757702112,-0.38624855875968933,-0.06022975966334343,0.009916678071022034,-0.29237183928489685,-0.17142078280448914,0.35577628016471863,-0.055110327899456024,0.49614983797073364,0.13775306940078735,-0.0022649511229246855,0.20239293575286865,-0.33294981718063354,-0.15055623650550842,-0.1917371302843094,0.10663847625255585,0.386507123708725,-0.14554527401924133,-0.07044665515422821,0.14333388209342957,0.2885640263557434,-0.09952046722173691,0.6627646684646606,-0.1995086520910263,-0.21803803741931915,-0.11716271936893463,-0.06524255126714706,-0.0812709778547287,0.18898484110832214,0.01837979629635811,0.17389534413814545,-0.023066094145178795,-0.16211868822574615,0.09326682984828949,-0.062443602830171585,-0.7095536589622498,-0.11498039960861206,0.16023212671279907,0.24569758772850037,0.2185029238462448,-0.04514966532588005,-0.3370799124240875,-0.8000332117080688,0.011256193742156029,-0.23368176817893982,0.05558224394917488,0.05473330616950989,-0.06275205314159393,0.17195971310138702,-0.4002193808555603,-0.13800504803657532,-0.2591798007488251,0.07876387983560562,-0.462368905544281,-0.1429784744977951,-0.5807784199714661,-0.10138688236474991,0.2758513391017914,-0.1257961541414261,0.03894640877842903,0.07647760212421417,-0.24344167113304138,0.11185099184513092,-0.011789839714765549
CID000003715,373,0.1451425999403,-0.46154874563217163,-0.9420061111450195,-0.04870167747139931,0.4649249017238617,-0.24310477077960968,-0.05478861182928085,-0.6037460565567017,-0.11501644551753998,-0.28531914949417114,0.6232959032058716,0.26071828603744507,-0.1618238389492035,0.05602405220270157,0.05566730350255966,0.14987745881080627,0.09721194207668304,-0.1509162336587906,-0.01412536483258009,-0.07611993700265884,-0.22129304707050323,0.41820231080055237,0.37790924310684204,-0.04568120092153549,-1.1638219356536865,-1.0280550718307495,-0.30813565850257874,0.2780364155769348,0.18600408732891083,0.08127571642398834,0.8753353953361511,-0.25675803422927856,0.14876756072044373,0.1377689093351364,-0.28478580713272095,-0.3663148283958435,0.23081591725349426,0.052367471158504486,0.3121139407157898,-0.04951467365026474,-0.005238448269665241,0.10377297550439835,0.10239386558532715,-0.28576427698135376,-0.11282803863286972,0.13800156116485596,0.8124372363090515,-0.34999901056289673,-0.7015740275382996,0.09515867382287979,-1.0039091110229492,0.11311957985162735,0.7010320425033569,-0.15370789170265198,0.3837197422981262,-0.4332120418548584,-0.047178175300359726,1.0300620794296265,-0.22208377718925476,-0.03556527942419052,-0.10548345744609833,-0.22807057201862335,-0.034397322684526443,0.717741847038269,0.10100102424621582,0.6624826788902283,0.27413466572761536,0.08148020505905151,-0.14342151582241058,-0.11189784109592438,-0.40507394075393677,0.03163357824087143,-0.841159462928772,0.42362555861473083,-0.1674310863018036,0.14943690598011017,0.034248266369104385,0.037748102098703384,0.9334139823913574,0.19008353352546692,0.14445725083351135,-0.2770416736602783,-0.17671041190624237,-0.11733223497867584,0.3958463668823242,0.25525012612342834,-0.6453069448471069,-0.07339552789926529,-0.2594154179096222,-0.09876032918691635,-0.03240733593702316,-0.07803569734096527,-0.40083879232406616,0.2579110562801361,0.09749341011047363,0.24420292675495148,0.03842257335782051,0.47676482796669006,0.10684740543365479,-1.4750217199325562,-0.07310347259044647,0.011076288297772408,0.009029656648635864,-0.2884964346885681,0.06846754997968674,-0.26944708824157715,0.7978543043136597,0.01731063984334469,0.12691882252693176,0.1880377233028412,0.4895865321159363,0.11775711923837662,0.39446789026260376,-0.9326888918876648,0.3677419126033783,-0.2269996702671051,0.12413716316223145,0.3132241368293762,0.2119201421737671,0.392642080783844,-0.19535863399505615,-0.26857680082321167,-0.10647759586572647,-0.04431853070855141,0.03005271591246128,-0.06326869130134583,0.4152895510196686,0.01763603650033474,-0.29139208793640137,0.3544117212295532,-0.6003047227859497,0.018482759594917297,0.2656412720680237,0.03500793129205704,0.021422069519758224,0.7022016048431396,-0.1905362606048584,-0.10775037854909897,0.3047821521759033,-0.474342405796051,0.14224377274513245,0.026199648156762123,0.07316186279058456,0.2540864646434784,0.006058591417968273,0.13899201154708862,-0.08048190921545029,0.516896665096283,0.0538395531475544,0.10397292673587799,0.9052735567092896,-0.19595345854759216,-0.6897249221801758,-0.9201400876045227,0.9632912874221802,0.16909247636795044,0.11711291968822479,0.0830177441239357,-0.4659760594367981,0.32971400022506714,-0.24499091506004333,0.14065781235694885,-0.9019063115119934,-0.057414330542087555,-0.5095885992050171,0.20404689013957977,-0.13070978224277496,-0.08712486177682877,1.144338846206665,-0.6718393564224243,-0.45339006185531616,0.02665061317384243,-0.02146305702626705,-0.005271011497825384,-0.6855008602142334,-0.23024892807006836,0.1290695071220398,-0.07289877533912659,0.5904089212417603,0.3384486734867096,0.018864160403609276,-0.09204310178756714,-0.26019376516342163,0.5854581594467163,-0.10303787142038345,-0.2417316883802414,-0.42599472403526306,-0.02294769324362278,-0.3666667342185974,-0.2524016499519348,-0.15150471031665802,1.2610446214675903,-0.12332211434841156,-0.12737831473350525,-0.37680140137672424,-0.21679086983203888,-0.05800088495016098,0.1576753407716751,1.0907118320465088,-0.16920751333236694,0.4554692804813385,0.3983194828033447,-0.025131244212388992,0.9783381223678589,-0.599293053150177,0.3261491358280182,-0.3994259238243103,0.06152604892849922,-0.34554749727249146,0.1261429488658905,-0.3898876905441284,-0.0005208536749705672,0.1225210428237915,-0.1680283546447754,0.782016932964325,0.1063479632139206,-0.4255480170249939,-0.06125073507428169,-0.019508887082338333,0.011292736046016216,-0.03446198254823685,0.16224126517772675,0.021471405401825905,-0.4271927773952484,-0.011791924946010113,0.5325363278388977,0.1693076342344284,-0.45371922850608826,-0.200898215174675,-0.07452989369630814,-0.047099240124225616,0.1274530440568924,0.22757092118263245,-0.4014646112918854,-0.7205312848091125,0.15693949162960052,0.16496695578098297,0.12442120164632797,-0.3466385006904602,-0.14656765758991241,0.9531497955322266,-0.350688636302948,-0.13183258473873138,-0.44055038690567017,-0.1674821674823761,-0.44650325179100037,-0.005145433358848095,0.116557776927948,0.1217740997672081,0.5324617624282837,0.12124965339899063,0.03709685057401657,0.090009406208992,-0.07967928797006607,0.3172309398651123,0.04430519416928291
CID000005401,374,-0.016479823738336563,-0.21443960070610046,-0.6653850674629211,-0.14075559377670288,0.43730926513671875,-0.009273749776184559,-0.16401897370815277,-0.4960164427757263,-0.20804090797901154,0.1619078814983368,0.2331133335828781,-0.011706138961017132,-0.017851734533905983,-0.051034003496170044,0.02972741425037384,0.20873956382274628,0.4542612135410309,0.16984646022319794,-0.19059383869171143,0.1653682291507721,-0.4004631042480469,-0.026125485077500343,0.4398174285888672,-0.034028708934783936,-0.6416816711425781,-0.5905579328536987,-0.3247237205505371,-0.13120462000370026,0.31391939520835876,-0.04529125243425369,0.3717045187950134,0.08954677730798721,-0.14380665123462677,0.06094644218683243,-0.2893575429916382,0.24368032813072205,0.5335713028907776,-0.24060264229774475,-0.005992609076201916,0.010803425684571266,-0.19244852662086487,0.6752513647079468,-0.27834415435791016,-0.007106435485184193,0.11326797306537628,0.09801937639713287,0.7538368105888367,0.010274255648255348,-0.5381540656089783,0.0622522346675396,-0.7298712134361267,0.5823203325271606,0.34317222237586975,-0.029414832592010498,0.07805371284484863,-0.37971556186676025,-0.1111646518111229,0.949439525604248,-0.028224879875779152,0.1479456126689911,-0.07555306702852249,0.01793072745203972,-0.05086352676153183,0.853255569934845,0.24810156226158142,0.4471363425254822,-0.09181872010231018,0.12967535853385925,-0.06422771513462067,0.15854716300964355,-0.5556526184082031,0.025240236893296242,-0.42605695128440857,0.42129912972450256,0.16722576320171356,0.17810501158237457,0.6801321506500244,0.3016097843647003,0.9222712516784668,0.06239209324121475,-0.2000720053911209,-0.33241426944732666,0.030427327379584312,0.031113769859075546,0.3073534071445465,0.35662761330604553,-0.32396507263183594,-0.026633882895112038,-0.10825622081756592,-0.015000147745013237,-0.10054048150777817,-0.1376446932554245,0.0055128722451627254,-0.015688546001911163,0.29021012783050537,-0.1975581794977188,-0.20675992965698242,0.3115510642528534,-0.11541029065847397,-0.7460495233535767,-0.15256032347679138,-0.16500762104988098,0.12103158235549927,-0.20076210796833038,-0.11226333677768707,-0.23702287673950195,0.5293629169464111,0.01067652739584446,0.2528929114341736,-0.17839910089969635,0.09802384674549103,0.1411316692829132,0.8145430684089661,-0.41561684012413025,0.25896090269088745,-0.16787955164909363,-0.3124944865703583,-0.09464022517204285,-0.2155461609363556,-0.11448188871145248,-0.17232604324817657,-0.28349560499191284,-0.16349907219409943,-0.13089293241500854,-0.24898095428943634,0.199814110994339,0.2447284460067749,0.0416911318898201,-0.154739648103714,0.26347655057907104,-0.5993850827217102,0.061832260340452194,0.5305135250091553,0.16928298771381378,0.13811220228672028,0.6764475107192993,-0.0474737323820591,-0.3471526503562927,0.30678591132164,-0.030923087149858475,-0.15307852625846863,-0.14494210481643677,0.23070237040519714,0.19541573524475098,0.3131836950778961,-0.20288455486297607,-0.4994417130947113,0.2760769724845886,0.08866672962903976,-0.15019914507865906,0.5558378100395203,-0.16588857769966125,-0.4435855448246002,-0.7116098403930664,0.6838892698287964,-0.23994958400726318,-0.02527894452214241,-0.09623035043478012,-0.9592603445053101,-0.03615241497755051,0.06433171778917313,-0.09047731757164001,-0.8483947515487671,0.18533459305763245,-0.5009013414382935,-0.1031416803598404,-0.006735173054039478,-0.17768080532550812,0.8047564625740051,-0.37292689085006714,-0.022877030074596405,-0.2810179591178894,-0.12338203191757202,-0.19739727675914764,-0.7511535882949829,0.141035258769989,0.615670919418335,0.055621881037950516,0.4266203045845032,-0.1493287980556488,0.5461186170578003,-0.3641415238380432,-0.19251936674118042,0.469196617603302,-0.0430104024708271,-0.261502742767334,-0.058515556156635284,-0.25911182165145874,-0.24813051521778107,0.08497213572263718,-0.4072228968143463,0.7637850642204285,-0.14442113041877747,-0.3474665582180023,0.08588624000549316,0.005459281615912914,-0.2593715488910675,-0.050565361976623535,0.45627039670944214,-0.036997195333242416,0.7602269649505615,0.2068261206150055,0.007376986555755138,0.36650052666664124,-0.32055801153182983,0.02703092060983181,-0.13769754767417908,0.2908387780189514,0.1972549706697464,-0.10517238080501556,0.001490771770477295,-0.09220222383737564,0.2400456964969635,-0.3701750338077545,0.7821757197380066,0.01770389825105667,-0.25765570998191833,-0.010854041203856468,-0.1205858364701271,0.207925945520401,0.15542013943195343,0.1435035616159439,0.47246360778808594,-0.1474187672138214,0.06401349604129791,0.28222012519836426,0.013950705528259277,-0.8044460415840149,-0.30436912178993225,-0.042002297937870026,0.05232790857553482,0.22542469203472137,0.05706360191106796,-0.2892022132873535,-0.8019791841506958,0.48007136583328247,-0.022856764495372772,0.004305359907448292,-0.050180066376924515,-0.019469985738396645,0.16475249826908112,-0.3578910231590271,-0.2524528503417969,-0.15686869621276855,-0.016840249300003052,-0.3986341953277588,0.15893766283988953,-0.24125871062278748,-0.15859916806221008,0.25528448820114136,-0.05076199769973755,0.01978546380996704,0.3020998537540436,-0.15290512144565582,0.3392987847328186,0.07698749005794525
CID000002764,375,0.14499136805534363,-0.3329581618309021,-0.9620037078857422,0.011070744134485722,0.3315923810005188,-0.36548441648483276,0.19422324001789093,-0.47612667083740234,-0.19889582693576813,-0.526170015335083,0.4109252095222473,0.1805647760629654,-0.09799239039421082,-0.13419266045093536,-0.07148410379886627,0.19238808751106262,0.09862954169511795,-0.04856380075216293,-0.3385622203350067,-0.3335176408290863,-0.2701827585697174,0.022414306178689003,0.45025140047073364,0.2553102970123291,-0.9913344383239746,-0.8389183282852173,-0.2398560792207718,0.06443072855472565,0.2729164659976959,-0.07701078802347183,0.7136030197143555,0.1001085489988327,0.13625051081180573,0.2638772130012512,-0.262094110250473,-0.1303112804889679,0.1841321885585785,-0.1970100998878479,0.1394994556903839,0.07108427584171295,-0.011514723300933838,0.2474123239517212,-0.018668394535779953,-0.1727391928434372,0.1258552372455597,-0.2624085545539856,0.6436821222305298,-0.23359668254852295,-0.6286142468452454,-0.04174493998289108,-0.672541618347168,-0.24059858918190002,0.7576489448547363,-0.26066526770591736,0.24668169021606445,-0.19703322649002075,-0.14223948121070862,0.855560302734375,-0.38254785537719727,-0.13675110042095184,-0.19293339550495148,-0.03051135316491127,0.20609302818775177,0.5885471105575562,0.11532463878393173,0.6478017568588257,0.18568027019500732,0.11756555736064911,-0.0036329240538179874,0.2010587900876999,-0.5493038892745972,-0.033062323927879333,-0.3853488564491272,0.3733265995979309,-0.27778327465057373,0.2928309440612793,0.01110056322067976,0.10489857196807861,0.4638191759586334,0.0557512529194355,-0.03784645348787308,-0.4096011221408844,0.23422202467918396,-0.01680203154683113,0.31142669916152954,0.1817416399717331,-0.5187714695930481,0.05021144822239876,0.05992180109024048,-0.04368523135781288,-0.20898625254631042,-0.1394798457622528,-0.5522734522819519,0.11187969148159027,0.10793912410736084,0.27408167719841003,-0.3148373067378998,0.13903316855430603,0.03615709766745567,-1.0423780679702759,-0.10521328449249268,-0.19806519150733948,-0.04445583000779152,-0.024649251252412796,-0.00027192235575057566,-0.10024438053369522,0.7666916251182556,-0.10329015552997589,0.026466960087418556,0.004121899604797363,0.053721100091934204,0.058619726449251175,0.012252184562385082,-0.6328245401382446,0.16857168078422546,-0.18432989716529846,-0.030515223741531372,0.20747792720794678,-3.5434961318969727e-05,0.03226253762841225,-0.33654385805130005,-0.1825815886259079,-0.09459991008043289,0.03350825980305672,-0.15327253937721252,-0.10100064426660538,0.24520233273506165,0.03559163212776184,-0.04155028238892555,0.04212523251771927,-0.3930323123931885,-0.006879167165607214,0.24864892661571503,0.04300614073872566,-0.3536806106567383,0.7086050510406494,-0.09963718801736832,0.027293968945741653,0.24461480975151062,-0.21576595306396484,-0.07855446636676788,-0.20419903099536896,-0.07612257450819016,0.3028927445411682,0.15960505604743958,0.11984279006719589,-0.24033160507678986,0.5831590890884399,0.16568192839622498,-0.05686835199594498,0.813073456287384,0.11743954569101334,-0.40401726961135864,-0.655768871307373,0.563428521156311,0.15002712607383728,0.061978794634342194,0.08779708296060562,-0.48930996656417847,-0.024170398712158203,-0.07368046045303345,0.29651618003845215,-0.9795860052108765,-0.2068844586610794,-0.5499368906021118,-0.05588436871767044,-0.07581581175327301,-0.28050631284713745,0.9342509508132935,-0.6632896065711975,-0.6477991938591003,0.03545563295483589,-0.013257384300231934,0.1099642962217331,-0.3421240746974945,-0.2868102192878723,0.13670584559440613,0.016778435558080673,0.5965228080749512,0.26019996404647827,0.08975634723901749,0.0927576869726181,-0.1676054447889328,0.5064517259597778,-0.24079275131225586,-0.1981002688407898,-0.4332283139228821,-0.14489611983299255,-0.0736335963010788,-0.1895357072353363,0.08630067110061646,1.0466227531433105,0.029486441984772682,-0.4990142285823822,-0.1424207091331482,-0.06360496580600739,-0.006868085358291864,-0.10311044752597809,0.7012896537780762,-0.23667804896831512,0.4607757031917572,0.40383267402648926,-0.25153499841690063,0.45328035950660706,-0.5663860440254211,0.21279840171337128,-0.45197319984436035,0.007121613714843988,-0.2627629041671753,-0.04845499247312546,-0.024119770154356956,0.002814318286255002,0.09815523773431778,-0.2222694605588913,0.7624688744544983,-0.019864147529006004,-0.016232287511229515,-0.17173971235752106,0.12743648886680603,0.176275834441185,0.19098256528377533,0.07395248115062714,0.08135245740413666,-0.2311570644378662,-0.24543090164661407,0.32950732111930847,0.05535171180963516,-0.8538557291030884,-0.1558459997177124,0.00954982079565525,0.133737713098526,-0.02321431413292885,-0.004147827625274658,-0.24810191988945007,-0.7875275015830994,0.06765878945589066,0.03764604777097702,-0.06996835768222809,-0.2154698669910431,-0.1009131446480751,0.8494185209274292,-0.4735828936100006,-0.04082142561674118,-0.2196691930294037,-0.04921460896730423,-0.6427767276763916,-0.009967762045562267,-0.09537167102098465,-0.03522196784615517,0.3456915616989136,0.008330052718520164,0.09623770415782928,0.1939373016357422,-0.013681483455002308,0.3638179302215576,-0.10537111759185791
CID000005538,376,0.15010188519954681,0.15665815770626068,-0.47169366478919983,0.17458924651145935,0.15921388566493988,-0.30598920583724976,0.07259248942136765,-0.3030768036842346,0.15532633662223816,-0.3614358901977539,0.3333240747451782,0.20837731659412384,-0.00751867238432169,-0.003097284585237503,0.2966096103191376,0.011318003758788109,0.6323541402816772,-0.012927919626235962,-0.4703143239021301,0.22601386904716492,0.19629612565040588,0.06354385614395142,0.3108673691749573,-0.008140454068779945,-0.5531843900680542,-0.6827458143234253,-0.5822376012802124,-0.25724607706069946,0.40732288360595703,-0.05925121158361435,0.8725011944770813,-0.11852282285690308,0.00533746462315321,0.07480033487081528,0.016556834802031517,-0.09882132709026337,0.748487651348114,-0.15804708003997803,-0.11373187601566315,-0.18861649930477142,-0.23865707218647003,0.6078015565872192,-0.49060097336769104,-0.4582250118255615,-0.16667577624320984,-0.2197922021150589,0.5144398212432861,-0.2486056089401245,-0.7813109159469604,-0.032983358949422836,-0.7630030512809753,0.3019551634788513,0.5159021615982056,-0.060469675809144974,0.18237188458442688,-0.18340972065925598,-0.29635924100875854,0.7182750701904297,0.2967301607131958,-0.18068917095661163,-0.029380645602941513,-0.011612534523010254,0.08683045208454132,0.4435749650001526,0.008532263338565826,0.36998602747917175,0.03142554312944412,-0.16134586930274963,0.05270140618085861,-0.04898645356297493,-0.8663641810417175,0.14052237570285797,-0.19487512111663818,0.15534134209156036,-0.09038783609867096,0.30357328057289124,0.6155365109443665,0.15658704936504364,0.3909377455711365,-0.2158058136701584,-0.06207548826932907,-0.2188653200864792,-0.19377407431602478,-0.08599088340997696,0.08557621389627457,0.22049760818481445,-0.14900244772434235,0.13306020200252533,0.04285360127687454,-0.079095259308815,0.12096722424030304,0.014753913506865501,-0.2652871310710907,0.033679407089948654,0.20291152596473694,-0.013406120240688324,0.0625288262963295,-0.10280521959066391,0.1601335108280182,-0.45053595304489136,-0.10180425643920898,-0.3981669545173645,0.004209236707538366,-0.2555214464664459,-0.03401818126440048,-0.1257711946964264,0.5168657898902893,0.16460271179676056,0.22039949893951416,-0.013247877359390259,0.06639295816421509,-0.08900100737810135,0.6715572476387024,-0.7309788465499878,-0.11660601943731308,-0.24498756229877472,-0.16563239693641663,0.12450673431158066,0.19218295812606812,0.004359981510788202,-0.11816990375518799,-0.2466682493686676,-0.1820036917924881,0.14457689225673676,-0.19613692164421082,0.3748958706855774,0.23888103663921356,0.384616881608963,-0.15204370021820068,-0.1083545908331871,-0.612190842628479,-0.04610472545027733,0.38273555040359497,0.04492141306400299,-0.19201776385307312,0.601309061050415,0.14525441825389862,0.11376352608203888,0.17715343832969666,-0.11538411676883698,-0.03316868096590042,0.058231841772794724,0.4111221730709076,-0.3091815114021301,0.15402086079120636,-0.10908875614404678,-0.42868056893348694,-0.02245503105223179,-0.36462265253067017,-0.08735813945531845,0.4580656886100769,-0.07447747886180878,-0.5089453458786011,-0.6156041622161865,0.5286284685134888,-0.1680220067501068,-0.017273634672164917,-0.04455404728651047,-0.3907521367073059,0.23682156205177307,0.05568651109933853,-0.17193743586540222,-1.0437045097351074,-0.08770216256380081,-0.5181090235710144,-0.2581462264060974,0.0010090544819831848,0.0198829248547554,0.6519426107406616,-0.4240538477897644,-0.35077983140945435,0.1421806514263153,0.10643647611141205,0.11224257946014404,-0.42811769247055054,-0.22731652855873108,0.05730640888214111,-0.16379091143608093,0.4378877580165863,-0.0827711671590805,0.44932693243026733,-0.02253863587975502,-0.22003209590911865,0.3463663160800934,-0.2796565592288971,-0.18112272024154663,0.3170262277126312,-0.2751144468784332,-0.022356823086738586,-0.24437689781188965,-0.3183937668800354,0.7048908472061157,0.12615585327148438,-0.3942529559135437,-0.10112521797418594,-0.07360951602458954,-0.044058240950107574,0.029605548828840256,0.11474750190973282,-0.1569751799106598,0.6880361437797546,0.0199497751891613,-0.2236815243959427,0.3490164875984192,-0.5334957838058472,-0.08595336973667145,-0.39921265840530396,-0.16959290206432343,-0.02239249460399151,-0.0708530992269516,0.10228365659713745,-0.0011640355223789811,0.2383413314819336,-0.09324140846729279,1.1009676456451416,-0.10930023342370987,0.011814134195446968,0.04665834456682205,-0.12470822036266327,0.0955289751291275,0.1466863602399826,0.17219839990139008,-0.03038037195801735,-0.3317669630050659,-0.050294894725084305,0.08745168894529343,0.32037419080734253,-0.8027336001396179,-0.04564980790019035,-0.30703356862068176,0.11839736998081207,-0.0017714470159262419,-0.15558362007141113,-0.15060889720916748,-0.9081101417541504,-0.011637645773589611,0.19044657051563263,0.10216112434864044,-0.2193055897951126,0.16283130645751953,0.32506102323532104,-0.3027847409248352,-0.013516807928681374,-0.2899606227874756,-0.12778738141059875,-0.22035713493824005,-0.3511378765106201,-0.1706274449825287,-0.03435918316245079,0.2276766300201416,-0.03695271164178848,0.25648733973503113,0.20235700905323029,-0.39370399713516235,0.14639361202716827,-0.35127004981040955
CID000004158,381,0.088900625705719,-0.20495572686195374,-0.5239827036857605,0.2187512218952179,0.3654021620750427,-0.0545438714325428,-0.029099274426698685,-0.403146892786026,0.012076741084456444,-0.002015226986259222,0.12516777217388153,0.12535640597343445,-0.08593043684959412,0.020115185528993607,0.01725499890744686,-0.0011215932900086045,0.3036171793937683,0.05569034814834595,-0.45399612188339233,0.10378196090459824,0.01690443605184555,0.22960805892944336,0.6839695572853088,0.03956202417612076,-0.44721755385398865,-0.6801987886428833,0.01773195154964924,-0.08883080631494522,0.26770859956741333,0.17230284214019775,0.7255245447158813,0.09600899368524551,-0.03656991571187973,0.2007337361574173,-0.14084282517433167,0.12935782968997955,0.48377513885498047,-0.05861351639032364,0.013873298652470112,0.05427730828523636,-0.31678977608680725,0.4582768380641937,-0.49827060103416443,0.30254048109054565,0.034857459366321564,-0.16719388961791992,0.5456703305244446,-0.22106918692588806,-0.5415330529212952,0.061328887939453125,-0.2656589448451996,0.13107644021511078,0.5460203886032104,-0.1439056098461151,0.3319408893585205,-0.39023229479789734,-0.11042027175426483,0.49493128061294556,-0.06746305525302887,-0.24476313591003418,0.30892664194107056,-0.18909908831119537,0.15716391801834106,0.7312847375869751,0.11232604086399078,0.2099943459033966,-0.12053053081035614,-0.1258629560470581,0.07942889630794525,-0.00021060206927359104,-0.6102005243301392,0.1531204730272293,-0.6123237609863281,0.3659299612045288,0.03674664348363876,0.47061339020729065,0.3682962954044342,0.08403239399194717,0.2798837721347809,0.01966951973736286,0.1093875914812088,-0.08154609799385071,-0.11930227279663086,0.07530412822961807,0.10931559652090073,0.261959433555603,-0.47994065284729004,0.11387817561626434,0.17525583505630493,0.0437774583697319,-0.08442048728466034,0.17477914690971375,-0.18764716386795044,-0.0005374550819396973,0.1917162835597992,0.050650469958782196,-0.06883659213781357,0.08914351463317871,-0.08372455835342407,-0.47502970695495605,-0.12347444146871567,-0.092939093708992,0.10359470546245575,0.1500672847032547,-0.009553993120789528,-0.16337332129478455,0.5494412779808044,0.171759232878685,0.11994455754756927,-0.0757155492901802,-0.03302237018942833,0.05952373892068863,0.42894595861434937,-0.1833205670118332,0.26817557215690613,-0.1534130573272705,-0.0961059182882309,0.055804140865802765,-0.17856259644031525,-0.07908185571432114,-0.09483270347118378,-0.27422234416007996,0.08526382595300674,0.18555839359760284,-0.03506416454911232,0.10779086500406265,0.04633648321032524,0.014687043614685535,-0.21088969707489014,0.3297731876373291,-0.633897066116333,-0.25398343801498413,0.3530504107475281,0.05533619970083237,0.028546184301376343,0.7759816646575928,-0.024615777656435966,-0.02058369480073452,0.17697177827358246,-0.04262375831604004,-0.10330569744110107,-0.15609896183013916,0.11038108915090561,-0.019300734624266624,0.10141219943761826,0.004739631898701191,-0.3273426592350006,0.04546725004911423,-0.1489565074443817,0.10908975452184677,0.3250148892402649,-0.10587769746780396,-0.382552832365036,-0.5646880269050598,0.7806559801101685,-0.21033617854118347,-0.16178493201732635,-0.08826260268688202,-0.27666229009628296,-0.13489510118961334,-0.01604442670941353,0.05701105669140816,-0.8241350054740906,-0.005381920840591192,-0.4233829081058502,0.02426972985267639,-0.055719196796417236,-0.06777750700712204,0.308138906955719,-0.5374985933303833,-0.18729853630065918,-0.05676158145070076,-0.15817847847938538,-0.0030672296416014433,-0.2672266960144043,-0.25299304723739624,0.12368106842041016,0.13469764590263367,0.6482977867126465,0.028122222051024437,0.7022902369499207,-0.2099650353193283,-0.30988410115242004,0.1655505895614624,-0.16560520231723785,-0.3162906765937805,-0.22723622620105743,-0.3188331127166748,-0.0028957664035260677,-0.16869643330574036,0.05790112167596817,0.5809539556503296,-0.042998213320970535,-0.5921506285667419,0.03721693158149719,-0.06581109017133713,0.05330319330096245,0.16152949631214142,0.09583968669176102,-0.10677610337734222,0.12719088792800903,0.2658049464225769,-0.0313463918864727,0.04218931868672371,-0.5359013676643372,-0.5236458778381348,-0.30747097730636597,-0.13400807976722717,-0.18331778049468994,-0.1394532322883606,-0.24088871479034424,-0.006192435510456562,0.02366221509873867,-0.3037693500518799,0.38420379161834717,-0.22452661395072937,-0.04729023203253746,-0.08188952505588531,-0.06317855417728424,-0.1696919947862625,0.36870497465133667,-0.04794463515281677,0.19138869643211365,-0.3087950348854065,0.029330894351005554,0.06540234386920929,0.024004822596907616,-0.5395264029502869,-0.1633945256471634,-0.045324720442295074,-0.0504378080368042,-0.035252898931503296,0.03199882060289383,-0.32961684465408325,-0.5194259881973267,0.17544019222259521,0.12112128734588623,-0.19785882532596588,-0.0276421457529068,0.013048233464360237,0.2990914285182953,-0.3911622166633606,-0.01468136627227068,-0.2018127143383026,-0.2855418920516968,-0.374300479888916,0.040670622140169144,0.03481050208210945,-0.05396910756826401,0.2866015136241913,0.08650268614292145,0.12249036133289337,0.0633971095085144,-0.17123493552207947,0.10110761970281601,-0.02477855607867241
CID000004212,382,0.05494730919599533,-0.6720593571662903,-0.6270466446876526,0.07502879947423935,0.3896932005882263,-0.11330816894769669,0.18285465240478516,-0.507522463798523,-0.5593996047973633,0.1365768313407898,0.5448011755943298,0.13088473677635193,0.010365576483309269,-0.25521212816238403,-0.04717181995511055,0.18161843717098236,0.060398876667022705,-0.02015804871916771,-0.40287643671035767,-0.20400865375995636,-0.17661890387535095,-0.014830303378403187,0.44646137952804565,0.0020358413457870483,-0.6237320303916931,-0.8220387697219849,-0.2704590857028961,-0.09437846392393112,0.1318051666021347,-0.23311588168144226,1.054719090461731,-0.2258223593235016,0.06385616213083267,0.1619550883769989,-0.871550440788269,0.06940014660358429,0.14392003417015076,-0.07422398030757904,0.19822292029857635,0.012374067679047585,-0.323859304189682,0.05793074518442154,-0.3729230761528015,0.010300671681761742,-0.1456574648618698,-0.12961164116859436,0.5207845568656921,-0.13728539645671844,-0.5008569359779358,-0.08238577842712402,-0.8799728155136108,0.1382865458726883,0.47740882635116577,-0.2146199494600296,0.283755898475647,-0.1404075175523758,0.08251623064279556,0.6311382055282593,0.16884620487689972,0.07758639007806778,-0.3068169057369232,-0.30524834990501404,0.2867444157600403,0.9435585141181946,0.029173070564866066,0.3014231324195862,-0.2278662472963333,-0.07705048471689224,-0.1446181684732437,0.255219429731369,-1.102896809577942,0.26523688435554504,-0.7541624903678894,0.38547998666763306,-0.08505130559206009,0.2745221257209778,0.1414954662322998,0.09464506804943085,1.0177011489868164,-0.06607796251773834,0.05631298944354057,-0.3711163401603699,0.13996769487857819,-0.1910017430782318,0.14506356418132782,0.2813493311405182,-0.48411065340042114,0.004166332073509693,0.0658058375120163,-0.27136510610580444,0.03217638283967972,-0.02549411728978157,-0.1755148023366928,0.3450828492641449,0.17936620116233826,-0.2793075144290924,0.0634855180978775,0.2658385634422302,-0.116743303835392,-0.7204513549804688,0.16874465346336365,-0.2569742798805237,0.2651364505290985,0.21171359717845917,0.3262105882167816,-0.03206901624798775,0.4991390109062195,-0.02351142093539238,0.1807890087366104,0.01678810641169548,0.02486519329249859,0.11622581630945206,0.47694501280784607,-0.3305985629558563,0.11369935423135757,-0.17238909006118774,-0.40307244658470154,0.21186789870262146,-0.17737066745758057,0.21071866154670715,-0.32487744092941284,-0.372370183467865,0.2117776870727539,0.18186317384243011,-0.029271090403199196,0.12612035870552063,0.2196342498064041,0.10355742275714874,-0.13105358183383942,0.6005204916000366,-0.6404136419296265,-0.23244769871234894,0.4177733361721039,0.1640770584344864,-0.2210833728313446,0.6897136569023132,0.28798818588256836,-0.041537828743457794,0.17454829812049866,-0.11369459331035614,-0.22968372702598572,-0.30364280939102173,-0.07920431345701218,0.408606618642807,0.0794961005449295,-0.00672462722286582,-0.3517211377620697,0.29916176199913025,-0.07567223161458969,-0.2831926941871643,0.5343750715255737,-0.007617918308824301,-0.7849821448326111,-0.9672985076904297,0.5845094919204712,-0.23250965774059296,0.07697399705648422,0.1879984736442566,-0.5063265562057495,0.11341460049152374,-0.22714963555335999,0.012653755955398083,-0.8822298049926758,-0.13963767886161804,-0.473640114068985,-0.13182449340820312,-0.17871129512786865,-0.31084147095680237,0.5716059803962708,-0.71391761302948,-0.049871016293764114,-0.22157779335975647,-0.04883822426199913,-0.007375095970928669,-0.43088388442993164,-0.3163561224937439,0.5552574396133423,0.015504628419876099,0.590968906879425,0.09209803491830826,0.6234238743782043,-0.027541810646653175,-0.13197888433933258,0.6932328939437866,-0.06912289559841156,-0.60789555311203,0.028897244483232498,-0.2408699244260788,0.004453843925148249,-0.34805384278297424,-0.06986963748931885,0.958703875541687,0.05752255395054817,-0.3656482994556427,0.07086198776960373,-0.16376793384552002,-0.0035820368211716413,-0.004022717475891113,0.31405362486839294,-0.2124418020248413,0.44787198305130005,0.22755451500415802,-0.0993204265832901,0.42613983154296875,-0.6675730347633362,-0.3407745957374573,-0.1909894049167633,0.019384533166885376,-0.2241257131099701,0.013107103295624256,0.22267551720142365,-0.043344538658857346,-0.022807884961366653,-0.11575665324926376,0.7975622415542603,-0.0024725913535803556,-0.05950765684247017,0.16571438312530518,-0.0751911848783493,0.13811156153678894,0.16476160287857056,0.1377170830965042,0.0901409462094307,0.04853644222021103,0.2607155740261078,0.05190344527363777,-0.055460501462221146,-1.0848731994628906,-0.25401970744132996,-0.19221869111061096,-0.12552432715892792,-0.18254613876342773,0.3720036447048187,-0.19491001963615417,-0.8369100689888,0.2546796202659607,0.16050218045711517,-0.032277487218379974,0.13878746330738068,-0.10869614779949188,0.49539661407470703,-0.5065415501594543,0.08854036033153534,-0.1698269546031952,-0.23480403423309326,-0.39582306146621704,-0.1224532350897789,0.19665656983852386,-0.18036821484565735,0.34905871748924255,0.22526586055755615,0.16483986377716064,0.12883220613002777,-0.05749483034014702,0.22547677159309387,-0.14781741797924042
CID000123631,384,0.014233353547751904,-0.11980439722537994,-0.6569968461990356,-0.15532821416854858,0.37664127349853516,-0.07836899906396866,-0.04256478697061539,-0.4780697226524353,-0.08524791151285172,0.037707436829805374,0.3395858705043793,0.06315907090902328,-0.12649200856685638,-0.039198629558086395,0.17922815680503845,0.09535001218318939,0.3715054392814636,0.14929433166980743,-0.24542450904846191,0.04513419792056084,-0.3419342637062073,0.04731904715299606,0.41891956329345703,0.04848145693540573,-0.6524053812026978,-0.5253193974494934,-0.18481704592704773,-0.30592474341392517,0.31146010756492615,0.06262032687664032,0.2141578495502472,0.03434443473815918,-0.20997858047485352,-0.03635428473353386,-0.3510270118713379,0.25651174783706665,0.4840460419654846,-0.21086373925209045,-0.020954860374331474,-0.12080223858356476,-0.37481242418289185,0.6633638739585876,-0.2529488205909729,0.07294891774654388,0.032918259501457214,0.21042045950889587,0.6825062036514282,0.09877440333366394,-0.49854665994644165,0.07918615639209747,-0.5833157896995544,0.727482259273529,0.30603671073913574,0.09543190896511078,0.029026811942458153,-0.3387705683708191,-0.1290411353111267,0.7856119275093079,0.1507103145122528,0.15214788913726807,0.0657152533531189,-0.06802909076213837,0.07281017303466797,0.9245179891586304,0.1406731903553009,0.4251963198184967,-0.022790251299738884,0.1017472892999649,-0.10811885446310043,0.1049303263425827,-0.6069566011428833,0.06580089777708054,-0.3659721314907074,0.4699993133544922,0.07291978597640991,0.3302520215511322,0.6911837458610535,0.45815926790237427,0.6684335470199585,-0.019157880917191505,-0.14124968647956848,-0.35007983446121216,-0.06056156009435654,0.14266552031040192,0.294417142868042,0.37622886896133423,-0.2305709570646286,-0.006388521287590265,-0.09177570790052414,-0.06122078746557236,-0.18583178520202637,-0.10243566334247589,-0.07353349030017853,-4.479884955799207e-05,0.21446800231933594,-0.2983909249305725,-0.1586339771747589,0.3682721257209778,-0.02841605246067047,-0.5506948828697205,-0.11151622235774994,-0.11829937994480133,0.23164165019989014,-0.34798529744148254,-0.12571337819099426,-0.35575324296951294,0.4056514799594879,-0.031004205346107483,0.18760065734386444,-0.1578671783208847,0.13877074420452118,0.06159070134162903,0.9526480436325073,-0.42889896035194397,0.2763892114162445,-0.056212037801742554,-0.2356678545475006,-0.06748359650373459,-0.2709495425224304,-0.21124175190925598,-0.16858169436454773,-0.2549598217010498,-0.11621806770563126,-0.09158417582511902,-0.23949456214904785,0.31062862277030945,0.2402970790863037,0.1827671378850937,-0.06667663156986237,0.23710918426513672,-0.5820983648300171,0.19276481866836548,0.5504162311553955,0.2392110824584961,0.054232485592365265,0.6226746439933777,-0.10220569372177124,-0.2826481759548187,0.3728705644607544,0.029627075418829918,-0.2175053060054779,-0.23100070655345917,0.331691175699234,0.19539383053779602,0.29942771792411804,-0.21800121665000916,-0.42865991592407227,0.28960129618644714,0.012754839845001698,-0.022660721093416214,0.6266933679580688,-0.21209104359149933,-0.4092474579811096,-0.7533800005912781,0.6243578195571899,-0.3851676881313324,-0.10264261811971664,-0.184986412525177,-0.9986650347709656,-0.05250578001141548,0.0028725354932248592,-0.06563733518123627,-0.7320747971534729,0.2317419946193695,-0.4564734399318695,-0.16653917729854584,-0.028120551258325577,-0.05992020294070244,0.44098907709121704,-0.4347294867038727,-0.10588660091161728,-0.1870890110731125,-0.1803574562072754,-0.31325238943099976,-0.706508994102478,0.09352626651525497,0.5562218427658081,0.21910281479358673,0.5063914656639099,-0.18606352806091309,0.5885814428329468,-0.41737666726112366,-0.13833537697792053,0.3278310298919678,-0.01172411534935236,-0.28709128499031067,0.10091829299926758,-0.22649617493152618,-0.2818071246147156,0.05877140909433365,-0.21388347446918488,0.6555539965629578,-0.05648086220026016,-0.3665161728858948,0.07127942144870758,-0.06865840405225754,-0.2902889847755432,-0.051656365394592285,0.36530452966690063,-0.044671691954135895,0.7925430536270142,0.3053077757358551,-0.04481552168726921,0.1708877831697464,-0.2848536968231201,-0.05965549871325493,-0.20181575417518616,0.10119128227233887,0.2728666365146637,-0.0890020877122879,-0.0028357296250760555,-0.04558127000927925,0.15542230010032654,-0.32624906301498413,0.900252640247345,-0.027737468481063843,-0.16059382259845734,0.04656187444925308,-0.021167686209082603,0.08086305856704712,0.19166839122772217,0.08710731565952301,0.38413548469543457,-0.022126654163002968,-0.07014550268650055,0.2111784666776657,0.05024610832333565,-0.8649535179138184,-0.22639182209968567,0.03110964223742485,0.026243288069963455,0.2943035960197449,0.09021807461977005,-0.32358497381210327,-0.9277421832084656,0.2891201078891754,-0.14282840490341187,0.02816339209675789,-0.01975894533097744,-0.01086455024778843,0.07378009706735611,-0.42981868982315063,-0.18583250045776367,-0.09597203880548477,-0.11912126839160919,-0.4073542058467865,0.28612300753593445,-0.4186922013759613,-0.18862266838550568,0.26175859570503235,-0.08827082067728043,-0.012545138597488403,0.1998809427022934,-0.27183976769447327,0.20911899209022522,-0.054513029754161835
CID000216326,386,0.06180568411946297,-0.05160800367593765,-0.5714575052261353,0.07000100612640381,0.3272208571434021,-0.2900484800338745,-0.05292023345828056,-0.2065373957157135,-0.18847370147705078,0.07342120260000229,0.33344119787216187,-0.06189247965812683,-0.03471077233552933,-0.021343067288398743,-0.008456183597445488,0.18529263138771057,-0.013875097036361694,0.12496137619018555,-0.25744113326072693,0.10436038672924042,-0.08609379827976227,0.029363960027694702,0.46470314264297485,0.031318239867687225,-0.587488055229187,-0.6980283856391907,-0.29604408144950867,0.13315457105636597,0.12895473837852478,0.24048802256584167,0.41156864166259766,0.04376772791147232,-0.12829825282096863,0.4659181535243988,-0.19932647049427032,0.054056622087955475,0.3434595465660095,-0.05766961723566055,-0.0021874532103538513,0.12653858959674835,-0.09137425571680069,0.0664050430059433,-0.42301973700523376,0.1028062105178833,0.00896398164331913,0.14454680681228638,0.5524623394012451,-0.17445579171180725,-0.5582035779953003,-0.08150429278612137,-0.5567418336868286,0.15015360713005066,0.5089045763015747,-0.24994809925556183,0.17495295405387878,-0.22830791771411896,-0.2804621160030365,0.48313993215560913,0.026648154482245445,-0.13888821005821228,0.18019986152648926,-0.20899620652198792,0.1795407235622406,0.5768189430236816,0.08083038032054901,0.38730087876319885,-0.1764673888683319,-0.15217718482017517,-0.09709403663873672,0.005773616023361683,-0.5669018626213074,0.12796741724014282,-0.439237117767334,0.6262683868408203,0.03866304084658623,0.24141237139701843,0.17496199905872345,0.14078155159950256,0.6804022192955017,-0.03479718044400215,-0.004054073244333267,-0.18088895082473755,0.0616893544793129,-0.08633726835250854,0.13187117874622345,0.3262954652309418,-0.2662544846534729,-0.03935304284095764,-0.05598825961351395,0.047824881970882416,-0.11362294107675552,0.06657171249389648,-0.16853168606758118,0.06251006573438644,0.2401403933763504,-0.03204749897122383,-0.12648065388202667,0.17193421721458435,0.0025519095361232758,-0.6408432722091675,-0.06133618950843811,-0.10497096925973892,0.21019256114959717,-0.006320679094642401,0.14785148203372955,0.007503300905227661,0.7222687005996704,0.20792405307292938,0.2199401557445526,-0.11499650776386261,-0.08773545920848846,0.12012721598148346,0.14623500406742096,-0.38691800832748413,0.18452385067939758,-0.23446960747241974,-0.2810332179069519,-0.028191789984703064,-0.06985914707183838,-0.05738002061843872,-0.1280893236398697,-0.37345147132873535,0.02255558781325817,0.12488925457000732,-0.04520205780863762,0.09333088248968124,0.09633632749319077,0.0823708102107048,-0.23220674693584442,0.2707880139350891,-0.5016645193099976,-0.22722136974334717,0.31110864877700806,0.24298095703125,0.049726299941539764,0.8332799077033997,0.20066401362419128,-0.06620205193758011,0.201399564743042,-0.08704747259616852,-0.14778608083724976,-0.1732386201620102,0.11030739545822144,0.2087346762418747,0.15421226620674133,-0.17522916197776794,-0.4384119510650635,-0.12133698165416718,-0.132084459066391,-0.06284137070178986,0.4206388592720032,0.00048451049951836467,-0.49058446288108826,-0.47774094343185425,0.5180466771125793,0.020634304732084274,0.060696929693222046,-0.24487046897411346,-0.4911043643951416,-0.06971539556980133,-0.04557500034570694,0.11287689208984375,-0.8262302279472351,-0.08491836488246918,-0.4164782166481018,0.021563921123743057,-0.0737834945321083,-0.139603391289711,0.6160210371017456,-0.6794069409370422,-0.24284358322620392,-0.07054688036441803,-0.06491376459598541,-0.0874396413564682,-0.3612106442451477,-0.28590184450149536,0.18130970001220703,0.2290419042110443,0.5186057090759277,-0.08535735309123993,0.6462043523788452,-0.18615491688251495,-0.1301845759153366,0.3039972186088562,-0.26050856709480286,-0.4840729236602783,-0.08023320138454437,-0.31119340658187866,-0.019405895844101906,-0.11033902317285538,-0.14536622166633606,0.8467880487442017,0.046813033521175385,-0.37576228380203247,0.15685871243476868,-0.05982915684580803,-0.0458679124712944,0.21227630972862244,0.47079047560691833,-0.14467841386795044,0.3341975808143616,0.5307714939117432,0.04900984838604927,0.23517099022865295,-0.6342244148254395,-0.5381004214286804,-0.22546203434467316,0.016166532412171364,-0.06372928619384766,-0.07644201815128326,-0.1067117229104042,0.10027629137039185,0.031876340508461,-0.21778421103954315,0.5828979015350342,-0.1050342544913292,-0.1061103567481041,-0.17404544353485107,-0.028852323070168495,0.1939997375011444,0.24132040143013,-0.008083289489150047,0.2269328087568283,-0.26694005727767944,0.11573817580938339,0.09264345467090607,-0.0515344962477684,-0.45874762535095215,-0.23884646594524384,-0.08574499934911728,-0.28939196467399597,0.04936262592673302,0.10383899509906769,-0.18239524960517883,-0.5039998292922974,0.3114354610443115,0.1363142430782318,-0.2062976062297821,-0.07561670243740082,-0.11882060766220093,0.41710877418518066,-0.33545640110969543,0.07069344818592072,-0.1712542474269867,-0.12090708315372467,-0.3559989631175995,-0.06018269062042236,-0.017123783007264137,-0.030738066881895065,0.32846301794052124,0.1427808552980423,0.06861524283885956,0.17005564272403717,-0.06613357365131378,0.1507038027048111,0.01771978661417961
CID000004485,387,0.17276158928871155,-0.0967467799782753,-0.7719632387161255,0.04505077004432678,0.3801679015159607,-0.2325369119644165,0.09370904415845871,-0.5538554787635803,-0.1630597710609436,0.10974369943141937,0.31778424978256226,-0.0382201224565506,0.09043276309967041,0.007990466430783272,0.015544901601970196,0.07665123790502548,0.15709568560123444,0.05234186723828316,-0.2692481279373169,0.08320042490959167,-0.10928420722484589,0.19114191830158234,0.6905481815338135,0.10634472221136093,-0.9574424028396606,-0.8271490931510925,-0.05896224454045296,-0.32359468936920166,0.20601248741149902,-0.4858552813529968,0.5519243478775024,-0.03097071871161461,0.15292270481586456,0.12608769536018372,-0.18054623901844025,0.3006579279899597,0.3499702215194702,0.1156281977891922,-0.07611040025949478,-0.15032851696014404,-0.37322336435317993,0.2751688063144684,-0.39582136273384094,-0.010584545321762562,0.0028124661184847355,-0.14111469686031342,0.43364015221595764,-0.13754257559776306,-0.5347384810447693,0.042085204273462296,-0.39620596170425415,0.5554319620132446,0.7440568208694458,-0.25075823068618774,0.2600857615470886,-0.2346496880054474,-0.18539656698703766,0.6565684676170349,0.28594473004341125,0.027261484414339066,0.07919690012931824,-0.3322898745536804,0.07515010982751846,0.9178012609481812,0.29003244638442993,0.1519547998905182,-0.25142902135849,-0.17567680776119232,-0.06771362572908401,-0.0005260512116365135,-0.6954984068870544,0.1884915977716446,-0.5727230310440063,0.2670884430408478,-0.05360680818557739,0.5118715763092041,0.3115779459476471,0.22551020979881287,0.48796048760414124,0.0375245101749897,0.257965624332428,-0.7683776617050171,-0.05031067132949829,0.04796886816620827,0.06850437819957733,0.13443762063980103,-0.42750340700149536,0.03850705549120903,0.010058346204459667,-0.21404334902763367,-0.08797954767942429,0.12643833458423615,-0.21826624870300293,0.18850991129875183,0.004869447555392981,-0.2770465612411499,-0.007927182130515575,0.47782474756240845,0.052785325795412064,-0.8019011616706848,-0.2232046127319336,-0.10681530088186264,0.10982382297515869,0.0953802689909935,0.24354204535484314,-0.1986759454011917,0.5059518218040466,-0.17704267799854279,0.04099559038877487,-0.014955772086977959,0.15946754813194275,0.042568229138851166,0.8790521621704102,-0.25831738114356995,-0.04725943133234978,-0.2809980511665344,-0.19967983663082123,0.07108958065509796,-0.23973286151885986,-0.0412210077047348,-0.5562729239463806,-0.12583789229393005,0.10644273459911346,-0.08905021846294403,0.07994119822978973,0.2052387297153473,0.26953548192977905,0.20034828782081604,-0.23189684748649597,0.2119433581829071,-0.7791804075241089,0.11947141587734222,0.4796672463417053,0.344853937625885,-0.17704452574253082,0.5334492921829224,0.11278726905584335,-0.40609613060951233,0.16177263855934143,0.06933987140655518,-0.23202550411224365,-0.250885009765625,0.23529362678527832,0.10922334343194962,0.11932195723056793,-0.13309645652770996,-0.35021835565567017,0.08943461626768112,-0.056590694934129715,-0.13536253571510315,0.3745565414428711,-0.1875559240579605,-0.6756351590156555,-0.9373396039009094,0.9068233370780945,-0.2690128684043884,-0.011342048645019531,0.4006233215332031,-0.8991735577583313,0.03417413681745529,-0.2650052607059479,0.011127310805022717,-1.1947215795516968,0.1463455706834793,-0.5631142854690552,-0.01693127490580082,0.0678754523396492,-0.07019177824258804,0.6471291780471802,-0.5724162459373474,-0.5009431838989258,-0.34663233160972595,-0.014934557490050793,0.20811688899993896,-0.6432214379310608,-0.2547253966331482,0.5709288120269775,0.0867859274148941,0.4964830279350281,-0.4492332935333252,0.519306480884552,0.0061782002449035645,-0.3017588257789612,0.6328452229499817,-0.07055220752954483,-0.5489026308059692,0.16615642607212067,-0.1369616985321045,-0.017785686999559402,-0.3215728998184204,-0.44189414381980896,0.9805818796157837,-0.0790097564458847,-0.8528444170951843,0.025748025625944138,-0.08785679191350937,-0.07951565086841583,-0.03620076924562454,0.4044385552406311,-0.27276721596717834,0.8227996826171875,0.17387576401233673,-0.15676899254322052,-0.015174448490142822,-0.6331830620765686,-0.12083140760660172,-0.36477139592170715,-0.19073227047920227,-0.2459014654159546,0.40670067071914673,-0.04538269713521004,0.05313676595687866,0.06656573712825775,-0.09117057174444199,0.9770036935806274,-0.016681084409356117,-0.13563239574432373,0.11799494922161102,0.04512427747249603,0.1422678381204605,0.5601285696029663,-0.10905031114816666,0.07253994792699814,0.14087842404842377,-0.004787431564182043,0.40309983491897583,0.1575387418270111,-1.02765953540802,-0.44864338636398315,0.05932830646634102,-0.13115908205509186,-0.19381029903888702,0.2366153746843338,-0.2858195900917053,-0.8818058967590332,0.05171124264597893,-0.027777165174484253,-0.025580832734704018,0.06117986887693405,-0.10855426639318466,0.44964489340782166,-0.41660523414611816,-0.12425287812948227,-0.2862395644187927,-0.16219645738601685,-0.5126899480819702,0.22574694454669952,-0.12422333657741547,-0.42394590377807617,0.19702892005443573,0.15559475123882294,-0.045367054641246796,0.10522248595952988,-0.07988262176513672,0.32215943932533264,-0.2438720166683197
CID000016231,390,0.1546211987733841,-0.2743658721446991,-0.5959032773971558,-0.040266506373882294,0.31041139364242554,-0.2779770493507385,-0.011627346277236938,-0.6708913445472717,-0.23106226325035095,-0.12822258472442627,0.4490610957145691,-0.1708473116159439,-0.1635456383228302,-0.23403796553611755,-0.20275147259235382,0.4587908387184143,0.06967544555664062,0.23686428368091583,-0.23838719725608826,0.1669522076845169,-0.22897657752037048,-0.06589944660663605,0.3204176425933838,-0.14720121026039124,-0.6175976991653442,-0.9973835945129395,-0.45407408475875854,-0.1893783062696457,0.26877468824386597,-0.1825709342956543,0.9864794015884399,0.19080933928489685,-0.0009990393882617354,0.5114697813987732,-0.3864704966545105,0.015045630745589733,0.5442743301391602,0.09130750596523285,-0.03434981405735016,0.16933520138263702,-0.11946550756692886,0.575094997882843,-0.4088834822177887,0.10649748146533966,0.1276501715183258,-0.07203991711139679,0.8055533170700073,-0.13151413202285767,-0.5103636980056763,0.16604506969451904,-0.5734232664108276,-0.2016325443983078,0.25200340151786804,-0.2600215673446655,0.047242533415555954,-0.24218837916851044,0.07484402507543564,0.49798741936683655,-0.051557041704654694,-0.03365952894091606,-0.06413774192333221,0.06784375756978989,-0.051371075212955475,0.6573986411094666,0.23415341973304749,0.27795881032943726,0.14925134181976318,-0.23305073380470276,-0.051912594586610794,0.03475935012102127,-0.8227614164352417,0.17792156338691711,-0.49321073293685913,0.353679895401001,-0.031860530376434326,0.022481098771095276,0.596759557723999,0.24406936764717102,0.7494845390319824,0.003716594073921442,0.02567785419523716,-0.4189986288547516,0.2370031774044037,0.003373949322849512,0.10296191275119781,0.16725914180278778,-0.5695744156837463,-0.14181524515151978,-0.16545835137367249,0.19760356843471527,-0.20334315299987793,-0.36262047290802,-0.059663452208042145,-0.01589103415608406,0.10037870705127716,-0.1857580691576004,-0.02859075739979744,0.2596445679664612,0.0811128318309784,-0.9712246656417847,-0.03909037262201309,0.04217592999339104,0.013514749705791473,-0.041083499789237976,0.10773859918117523,0.003020754549652338,0.7315925359725952,0.06064911559224129,0.01587008312344551,-0.09214217960834503,0.20400317013263702,0.1339128613471985,0.2902328073978424,-0.31135493516921997,0.23117227852344513,-0.14878523349761963,-0.3533816337585449,0.25435203313827515,0.11200432479381561,0.34958574175834656,-0.3191754221916199,-0.3617517352104187,-0.35581186413764954,0.09631181508302689,0.18746772408485413,0.1625789999961853,0.14930161833763123,0.15863823890686035,-0.3244379162788391,0.363660991191864,-0.6563166379928589,-0.07894078642129898,0.30458009243011475,0.2613546848297119,0.02779596485197544,0.8069117665290833,0.022061998024582863,-0.3784056603908539,0.4165359437465668,0.05604394152760506,0.025456469506025314,-0.16866318881511688,0.002855125814676285,0.410465806722641,0.14093928039073944,-0.11742138862609863,-0.3654364347457886,0.04967806488275528,0.17027246952056885,-0.22769875824451447,0.4539695382118225,-0.23515386879444122,-0.7246450185775757,-0.9878132939338684,0.5857396125793457,-0.11504893004894257,0.09182463586330414,0.14610357582569122,-0.5579279661178589,-0.14715465903282166,-0.12543439865112305,0.20878353714942932,-0.9632689356803894,0.13501903414726257,-0.5588647127151489,0.04532215744256973,0.04761248081922531,-0.07817839086055756,0.9898020625114441,-0.5992127656936646,-0.1369888037443161,-0.2293468713760376,-0.09934581071138382,0.005054769106209278,-0.5391372442245483,-0.3037409782409668,0.31898754835128784,-0.027089798822999,0.48111629486083984,0.19198425114154816,0.6271882653236389,-0.17237389087677002,-0.11270590126514435,0.6911345720291138,-0.030690129846334457,-0.4778415560722351,-0.19699737429618835,-0.13599631190299988,-0.2586103677749634,-0.1660790592432022,-0.5371681451797485,1.1952579021453857,-0.17285887897014618,-0.2174183428287506,-0.02749001421034336,-0.10528214275836945,-0.09468120336532593,0.1311682164669037,0.5671002268791199,-0.17734089493751526,0.571167528629303,0.16949160397052765,0.14596518874168396,0.7126590609550476,-0.42976656556129456,0.2056296318769455,-0.22174036502838135,0.07888168841600418,0.0045545669272542,-0.07253964245319366,-0.08704906702041626,-0.06448005139827728,-0.16425472497940063,-0.1353696882724762,0.6521645784378052,0.33724576234817505,-0.33201825618743896,-0.373158723115921,-0.07550868391990662,0.2526435852050781,0.15668705105781555,-0.019100427627563477,0.14921119809150696,-0.0864616259932518,0.04333532601594925,0.20040173828601837,0.03710895776748657,-0.9100246429443359,-0.22462046146392822,-0.07218681275844574,-0.05425155162811279,-0.02571190521121025,0.3068132996559143,-0.14310488104820251,-0.7415640950202942,0.3060188889503479,0.001496405922807753,-0.13339102268218994,-0.24209704995155334,-0.27938318252563477,0.7664047479629517,-0.3262503743171692,-0.09704290330410004,-0.15285257995128632,-0.053250014781951904,-0.4794538915157318,0.021802116185426712,0.1786160171031952,-0.05508183687925339,0.3376871645450592,-0.14872632920742035,0.013177397660911083,0.1399889886379242,-0.23442554473876953,0.5978863835334778,0.053372062742710114
CID000001046,391,0.02538178488612175,-0.2143665850162506,-0.6459827423095703,0.20329532027244568,0.11635907739400864,-0.1201736181974411,-0.17431648075580597,-0.3308638334274292,-0.1483491212129593,-0.079848513007164,0.3412608206272125,0.006634502671658993,0.017567778006196022,-0.3941212594509125,0.14796122908592224,-0.029033958911895752,0.18991146981716156,0.04933534190058708,-0.5724629759788513,0.18230852484703064,0.21856935322284698,-0.03023921325802803,0.4295514225959778,0.23219875991344452,-0.9237703084945679,-0.4987758994102478,-0.5342293977737427,-0.28702130913734436,0.29227298498153687,-0.07408185303211212,0.4810866415500641,0.1632896214723587,-0.14244262874126434,0.09750586748123169,-0.3686239719390869,0.33620357513427734,0.32397690415382385,-0.28797030448913574,0.04045845940709114,0.04237744212150574,-0.14485089480876923,0.1636905074119568,-0.6523575186729431,-0.3371904492378235,0.019539248198270798,-0.022834038361907005,0.5730699896812439,-0.18956120312213898,-0.4795296788215637,-0.1112462729215622,-0.8399420976638794,0.745337963104248,0.691423773765564,0.07396179437637329,0.21446117758750916,-0.3555535674095154,-0.05907329171895981,0.7231572866439819,0.2811538279056549,-0.0445762574672699,-0.04154416173696518,-0.25486069917678833,0.11418700218200684,0.7390913963317871,0.046528078615665436,0.5294132828712463,-0.2344404011964798,-0.0067496104165911674,0.056186676025390625,0.06914855539798737,-1.0330283641815186,-0.14491325616836548,-0.3177233338356018,0.3686862289905548,0.044474683701992035,0.2977377474308014,0.12771466374397278,0.04617246240377426,0.5324016809463501,-0.03910446912050247,-0.07400839030742645,-0.2002953290939331,-0.19574502110481262,0.13988527655601501,0.15796557068824768,0.35341960191726685,-0.150896817445755,0.1382613480091095,-0.21987703442573547,0.236372709274292,0.04584360867738724,0.023576293140649796,-0.17264215648174286,-0.039919693022966385,0.11197465658187866,-0.12027972936630249,-0.05475057289004326,0.29696494340896606,-0.13527363538742065,-0.5070152878761292,-0.012710541486740112,-0.08255422860383987,0.020822051912546158,-0.29073747992515564,0.1797410547733307,-0.0752442479133606,0.3077479600906372,0.09833233803510666,0.35090380907058716,-0.053145550191402435,-0.021143611520528793,-0.3543141484260559,0.7918785214424133,-0.8166755437850952,0.1727977693080902,-0.08494871109724045,-0.013065236620604992,-0.1037852019071579,-0.07972551882266998,-0.004487121012061834,-0.2762128412723541,-0.2814651429653168,0.1371614634990692,-0.16089873015880585,-0.39184990525245667,0.3489018976688385,0.3319152891635895,0.06162581592798233,0.022014159709215164,0.2822112441062927,-0.43989163637161255,-0.009099602699279785,0.09338029474020004,0.2471563071012497,0.15976330637931824,0.810489296913147,0.056311000138521194,-0.07608669251203537,0.15233781933784485,-0.05735458806157112,0.05887752026319504,-0.1995135098695755,0.2344629466533661,0.02168825827538967,0.2551048696041107,0.007910741493105888,-0.40112918615341187,0.1550060510635376,-0.43683427572250366,-0.13016363978385925,0.6687935590744019,-0.07348078489303589,-0.7575930953025818,-0.6007493734359741,0.5494029521942139,-0.2490324079990387,-0.02184731885790825,-0.12515409290790558,-0.8424208760261536,-0.29886800050735474,0.08225709199905396,0.023740021511912346,-0.9117361903190613,0.1404200792312622,-0.44136571884155273,-0.3178960382938385,0.0188322551548481,0.09689117968082428,0.6042426824569702,-0.5417124032974243,-0.11906810104846954,-0.05934711545705795,-0.005932206753641367,-0.12700262665748596,-0.7193707823753357,-0.12346464395523071,0.414381742477417,-0.1850179135799408,0.48414063453674316,0.13477513194084167,0.5722872018814087,-0.2033567875623703,-0.24358467757701874,0.2990032732486725,-0.08809667825698853,-0.3302713930606842,0.044534679502248764,-0.3086252808570862,0.0080274548381567,-0.24669234454631805,-0.08962292969226837,0.540154755115509,-0.005706562660634518,-0.3209846019744873,0.10916659981012344,-0.06800061464309692,-0.19147555530071259,-0.041424352675676346,0.2195899486541748,0.02719787321984768,0.47263503074645996,-0.0709553211927414,0.16591988503932953,0.13180606067180634,-0.5963224172592163,-0.3049038350582123,-0.5417979955673218,-0.023535555228590965,0.01065883319824934,0.19288089871406555,-0.14194992184638977,0.001448303461074829,0.0009572923299856484,-0.2440081089735031,1.2114773988723755,-0.012560462579131126,-0.33958303928375244,-0.15362533926963806,-0.0386001393198967,-0.06899265199899673,0.36773374676704407,-0.13878774642944336,0.03549235314130783,-0.14292442798614502,-0.17133817076683044,0.12911611795425415,-0.18970735371112823,-0.9663634300231934,-0.07971354573965073,0.16339552402496338,-0.11123552173376083,0.21166178584098816,0.12181422859430313,-0.10122866928577423,-0.8361825942993164,0.2917291224002838,0.17247791588306427,0.07740340381860733,-0.14384780824184418,0.2584613859653473,0.5261707305908203,-0.3561634421348572,-0.299551397562027,-0.2484947144985199,-0.05251194164156914,-0.4633745551109314,0.21974702179431915,-0.20627255737781525,-0.1936236321926117,0.30478179454803467,0.20368030667304993,0.011390700936317444,0.39337921142578125,-0.3278765082359314,0.2030203640460968,0.07400178164243698
CID000003869,392,0.06971542537212372,-0.21257427334785461,-0.5153207778930664,0.27607572078704834,0.36984655261039734,-0.11524937301874161,-0.09379807859659195,-0.5706027746200562,-0.3953704237937927,0.0810679942369461,0.34309476613998413,-0.06861385703086853,-0.06094596907496452,-0.10373739898204803,-0.1619463860988617,0.0212944857776165,0.6044125556945801,0.1128736287355423,-0.17033448815345764,0.18383458256721497,-0.046408891677856445,-0.11017781496047974,0.4492102265357971,0.05661473423242569,-0.36225277185440063,-0.6016373038291931,-0.4517933428287506,0.07039136439561844,0.21910123527050018,0.07768668234348297,0.6577311158180237,0.12449164688587189,-0.011733300983905792,0.5853049755096436,-0.07979859411716461,-0.03214208409190178,1.1420233249664307,-0.07443065196275711,0.14511969685554504,0.1268579661846161,-0.2624768018722534,0.6023895144462585,-0.27152472734451294,0.030227337032556534,0.07179716974496841,0.23267607390880585,0.49774035811424255,0.046341221779584885,-0.45563435554504395,0.0030558533035218716,-0.46137961745262146,-0.0469941720366478,0.3161795139312744,-0.23704643547534943,0.30988338589668274,-0.31875649094581604,-0.0363973006606102,0.33654695749282837,-0.02486272156238556,-0.06887120008468628,-0.06771363317966461,-0.19618244469165802,0.07022517919540405,0.6557872295379639,-0.034923505038022995,0.343293696641922,-0.08211678266525269,-0.09898684918880463,0.016887443140149117,0.05316804721951485,-0.8356906771659851,0.12040483951568604,-0.49473991990089417,0.5532746911048889,-0.04243245720863342,0.47796446084976196,0.46037817001342773,0.028475025668740273,0.39164382219314575,-0.008331013843417168,-0.1126134991645813,-0.3405744433403015,0.09857229888439178,-0.1739983707666397,0.23095372319221497,0.381437212228775,-0.20127220451831818,0.012481351383030415,-0.14516766369342804,0.06628265976905823,-0.23273435235023499,-0.08875197172164917,-0.09426023066043854,-0.02479291521012783,0.1645675003528595,-0.005711832549422979,-0.0228183064609766,0.21191418170928955,-0.13194970786571503,-0.667732834815979,-0.0035786940716207027,-0.0987335592508316,-0.005000940058380365,-0.14745815098285675,0.13289563357830048,-0.15332283079624176,0.77667635679245,-0.05157407373189926,0.2908039689064026,-0.05201653391122818,-0.13473065197467804,0.13928720355033875,0.173132061958313,-0.2826060652732849,0.12596890330314636,-0.3444441556930542,-0.4490029811859131,-0.0716862827539444,-0.04808424785733223,0.22274699807167053,-0.2051784098148346,-0.21736495196819305,0.11283321678638458,0.17443494498729706,-0.036954645067453384,0.09480267018079758,0.19701115787029266,-0.043506305664777756,-0.29958194494247437,0.327064573764801,-0.49963465332984924,-0.49263429641723633,0.34726953506469727,0.2024780809879303,0.13622160255908966,0.7989484071731567,0.1361846625804901,-0.15838398039340973,0.30695754289627075,0.01500238198786974,0.07030709087848663,-0.21197053790092468,0.04216613993048668,0.15314537286758423,-0.06550105661153793,-0.1215314120054245,-0.19089630246162415,-0.11299159377813339,0.05715693160891533,-0.16452977061271667,0.4969829022884369,-0.03702511638402939,-0.6207588315010071,-0.5563046932220459,0.3424716293811798,-0.1553119421005249,0.17866817116737366,-0.08304132521152496,-0.28306466341018677,-0.06839659810066223,-0.03544525057077408,0.06085028126835823,-0.9222735166549683,-0.01753222569823265,-0.39834651350975037,-0.07849648594856262,-0.18001306056976318,-0.12291263043880463,0.5192776322364807,-0.33436840772628784,-0.22170670330524445,-0.06854785978794098,0.06900189816951752,-0.3360878527164459,-0.48276853561401367,-0.02673671767115593,0.42772388458251953,0.1783570796251297,0.5567334294319153,0.03270072862505913,0.4169599413871765,-0.2104208916425705,-0.29711228609085083,0.4292314946651459,-0.08662040531635284,-0.7291629314422607,-0.08642150461673737,-0.20869660377502441,-0.11295866966247559,-0.003274713410064578,-0.2743420898914337,0.7727444767951965,0.10155759751796722,-0.3037918508052826,0.18462954461574554,-0.23414099216461182,0.006853333208709955,0.09729930013418198,0.20596611499786377,-0.06780600547790527,0.40232038497924805,0.2530618906021118,-0.05171467736363411,-0.014554807916283607,-0.22629347443580627,-0.2616821825504303,-0.2130294293165207,0.0800531655550003,0.17084231972694397,0.03576481342315674,-0.2033507525920868,-0.1230795755982399,0.045957136899232864,-0.3300638794898987,0.6730648279190063,-0.021880697458982468,-0.24008092284202576,-0.2536906898021698,0.07360806316137314,0.07567824423313141,0.07920759916305542,-0.20678763091564178,0.120045505464077,-0.2839091122150421,0.17624089121818542,0.05215687304735184,0.07404343783855438,-0.5867653489112854,-0.19592802226543427,-0.08146326243877411,-0.07926138490438461,0.13565847277641296,0.14282062649726868,-0.41197746992111206,-0.51345294713974,0.22851891815662384,0.25413990020751953,-0.10372783243656158,0.07412009686231613,0.030895669013261795,0.6673952341079712,-0.4279302656650543,0.04231740161776543,-0.47393566370010376,0.0010363459587097168,-0.33423763513565063,-0.0630955696105957,0.07986848056316376,-0.06787224858999252,0.30543723702430725,0.17454655468463898,0.15244771540164948,0.1119452714920044,-0.06066442281007767,0.22403721511363983,0.09703852236270905
CID000003696,393,0.152369886636734,-0.4556451737880707,-0.5812407732009888,-0.08693023771047592,0.2867427468299866,0.021647045388817787,-0.03200815990567207,-0.5145865678787231,-0.20289964973926544,0.36340367794036865,0.35587963461875916,-0.12141551077365875,-0.16726616024971008,-0.0957484096288681,-0.07664774358272552,0.2927565574645996,0.6227012276649475,-0.07513759285211563,-0.5503283739089966,0.13279300928115845,-0.4632107615470886,-0.01996554434299469,0.4248781204223633,0.11957047134637833,-0.37463098764419556,-0.4212152063846588,-0.13128232955932617,-0.4379969537258148,0.4177914559841156,-0.5157488584518433,0.9705501794815063,-0.03183039277791977,-0.25574249029159546,-0.1283382624387741,-1.0096464157104492,0.25152093172073364,0.3980126976966858,-0.07465145736932755,-0.006035611033439636,0.0933605208992958,-0.5834495425224304,0.7821861505508423,-0.28486698865890503,-0.32500171661376953,-0.028075069189071655,0.18538670241832733,0.8569279909133911,-0.19457289576530457,-0.4886295199394226,0.04199694097042084,-0.5697182416915894,0.1724715232849121,0.14608754217624664,-0.1986205130815506,-0.27771106362342834,-0.2924613654613495,-0.23144488036632538,1.2480171918869019,0.6009053587913513,-0.10910388082265854,0.08620890229940414,0.06425587832927704,-0.23054377734661102,0.9913533926010132,-0.06334627419710159,0.32094645500183105,-0.20459997653961182,0.1252094954252243,0.06827504187822342,0.0676073357462883,-0.9049747586250305,-0.13291671872138977,-0.7901061773300171,0.07265080511569977,-0.0125613734126091,0.46025165915489197,0.6636313199996948,0.1358679234981537,0.42993059754371643,-0.2159886360168457,-0.22448734939098358,-0.20921459794044495,-0.2491222620010376,0.02568727359175682,0.14760464429855347,0.3375338613986969,-1.1202058792114258,-0.37262168526649475,-0.00011494755744934082,0.11862204223871231,-0.22825691103935242,-0.10321973264217377,-0.05009983107447624,-0.2448689490556717,0.3795594573020935,-0.17010721564292908,-0.19591772556304932,0.19324132800102234,0.08578108251094818,-0.417818158864975,-0.27749717235565186,-0.18986445665359497,0.05257203429937363,-0.13702188432216644,0.12024100869894028,-0.3944548964500427,0.6959524750709534,-0.10923818498849869,0.11781306564807892,-0.025524821132421494,-0.029122326523065567,0.18267688155174255,0.6767403483390808,-0.45967546105384827,0.10705087333917618,-0.0972791463136673,-0.4623669683933258,-0.0745614618062973,-0.08881647884845734,0.4173489511013031,0.10436026751995087,-0.2939175069332123,-0.0012756139039993286,0.1074870228767395,0.13888509571552277,0.0828111544251442,0.34544217586517334,-0.01342744566500187,-0.20760707557201385,0.4188191294670105,-0.7566596865653992,0.012393807992339134,0.17754758894443512,0.22029860317707062,0.0949305072426796,0.8408561944961548,0.08513939380645752,-0.579253613948822,0.14263445138931274,-0.14239774644374847,-0.21548795700073242,-0.12962819635868073,0.13642160594463348,0.2491496503353119,0.2831892669200897,0.11223877966403961,-0.7109129428863525,0.345029354095459,0.24028077721595764,-0.009897409938275814,0.5870336294174194,-0.05062452703714371,-0.9462807774543762,-1.609546422958374,0.9136447906494141,-0.510948657989502,-0.12839365005493164,0.30465489625930786,-0.4134066700935364,-0.02236589416861534,0.01441079843789339,-0.1291847825050354,-0.504613995552063,0.04644541069865227,-0.6726755499839783,-0.16676613688468933,-0.017878424376249313,-0.2794977128505707,0.26127925515174866,-0.4891504645347595,0.001572769833728671,-0.2816922962665558,0.06668180227279663,-0.15419283509254456,-1.0608052015304565,-0.2982447147369385,0.6721755266189575,0.17757222056388855,0.5024776458740234,0.14982135593891144,0.6692743897438049,-0.15490302443504333,0.3002138137817383,0.2455117255449295,0.06284098327159882,-0.34739142656326294,0.15762272477149963,-0.4120127558708191,0.027676451951265335,-0.008169985376298428,-0.7603801488876343,0.6781509518623352,0.03301741182804108,-0.16360199451446533,-0.10755930095911026,0.1567484438419342,0.040591657161712646,-0.011222511529922485,0.32644084095954895,0.08552785962820053,0.32126301527023315,-0.0588981993496418,-0.15312567353248596,-0.02227811887860298,-0.40706905722618103,-0.08589939773082733,-0.25848624110221863,-0.17184463143348694,0.16339069604873657,-0.17131385207176208,0.12355227768421173,0.07251275330781937,-0.06039266660809517,-0.3241228759288788,0.5300357937812805,0.2769346833229065,-0.049784623086452484,-0.0148675087839365,0.012244387529790401,0.19807182252407074,0.17180654406547546,-0.028631001710891724,0.46615487337112427,-0.054117120802402496,-0.042152173817157745,0.1313382089138031,0.0013764977920800447,-1.23378586769104,-0.06678075343370438,-0.0022385239135473967,0.06276877969503403,0.2591370642185211,0.02965208888053894,-0.3290111720561981,-0.7219164967536926,0.26674649119377136,0.02514101192355156,-0.13247820734977722,0.002941116690635681,-0.2635878920555115,0.5580240488052368,-0.3996741771697998,0.030027354136109352,-0.07578413933515549,0.029265504330396652,-0.5086215734481812,0.1854400932788849,0.23828455805778503,0.06451922655105591,0.33999472856521606,0.23129317164421082,0.1161796823143959,-0.20275013148784637,-0.00012421011342667043,0.26028525829315186,0.0036687790416181087
CID000002162,394,0.3312250077724457,-0.14178328216075897,-0.7724387049674988,-0.11053811013698578,0.29151812195777893,-0.30954018235206604,0.002036839723587036,-0.615604043006897,-0.11569096148014069,-0.06288416683673859,0.3720927834510803,0.0219372920691967,0.0863763689994812,-0.09090059995651245,0.14964358508586884,0.20559945702552795,-0.01761891320347786,-0.060603685677051544,-0.17129415273666382,0.07986415177583694,0.03871694207191467,0.16293561458587646,0.7641759514808655,0.05698530003428459,-1.2150484323501587,-0.8289737701416016,-0.10805340111255646,-0.2747279107570648,0.1606166511774063,-0.32707130908966064,0.6307989358901978,0.026142751798033714,0.22108545899391174,0.025545572862029076,-0.12394994497299194,0.06317099928855896,0.18752892315387726,0.12094440311193466,-0.15121722221374512,-0.23193290829658508,-0.17081831395626068,0.07572697103023529,-0.3376557230949402,-0.2203071415424347,-0.146587535738945,-0.20403842628002167,0.5881149768829346,-0.1762782782316208,-0.4816790223121643,0.03152356669306755,-0.34822186827659607,0.44643473625183105,0.9311262965202332,-0.246794655919075,0.11758165061473846,-0.17337913811206818,-0.21430082619190216,0.8596397638320923,0.3071666657924652,-0.042546965181827545,0.05602380633354187,-0.21037881076335907,0.021946344524621964,0.7034492492675781,0.25531792640686035,0.23854276537895203,0.0004204869328532368,-0.1684509664773941,-0.09890737384557724,0.07911423593759537,-0.5467351078987122,0.2494432032108307,-0.6115759611129761,0.2547438144683838,-0.10705061256885529,0.4530326724052429,0.15615516901016235,0.16475090384483337,0.2312731295824051,0.08683574944734573,0.15842638909816742,-0.7164599895477295,-0.1168762817978859,-0.013787415809929371,0.26312708854675293,0.01580166630446911,-0.4693353772163391,0.1599096953868866,0.01824038103222847,-0.17488418519496918,0.00048432350740768015,0.22602824866771698,-0.3732883632183075,0.33966708183288574,-0.023502279072999954,-0.04214844852685928,0.12460682541131973,0.41374826431274414,0.12449278682470322,-1.0092025995254517,-0.16639819741249084,-0.028827320784330368,0.0003057345747947693,-0.05014089494943619,0.06386593729257584,-0.21128292381763458,0.484672874212265,-0.27111780643463135,0.04669841006398201,0.09889630973339081,0.16174349188804626,-0.09682141244411469,0.851355254650116,-0.3420000374317169,-0.15680405497550964,-0.3469230532646179,-0.19605198502540588,0.009300371631979942,-0.07533563673496246,-0.16879820823669434,-0.47776660323143005,-0.114446260035038,0.23718833923339844,-0.06910225749015808,-0.10290966182947159,0.23132392764091492,0.15672454237937927,0.13333669304847717,-0.2458718717098236,0.057939548045396805,-0.6279584765434265,0.31100279092788696,0.3653583526611328,0.10505737364292145,-0.07646088302135468,0.3877352178096771,0.250304251909256,-0.33363065123558044,0.1684906780719757,0.03215288370847702,-0.3076760768890381,-0.2738022804260254,0.3762133717536926,0.13425618410110474,0.09714087098836899,-0.028398096561431885,-0.3105636239051819,0.266313374042511,-0.10703346878290176,-0.20216381549835205,0.3458859920501709,-0.2607031464576721,-0.682346761226654,-0.9670253992080688,0.8416956663131714,-0.1846439093351364,0.06560507416725159,0.35066235065460205,-0.9162672758102417,0.15995313227176666,-0.22647902369499207,-0.0022735311649739742,-1.2261961698532104,-0.017803126946091652,-0.6360867619514465,-0.010712742805480957,0.14990003407001495,-0.01129963994026184,0.9464030265808105,-0.6455405354499817,-0.7906469702720642,-0.139521986246109,0.07547790557146072,0.2800738513469696,-0.5449702143669128,-0.2070867270231247,0.43776735663414,0.06721466779708862,0.6152769923210144,-0.23504933714866638,0.39778611063957214,0.13993771374225616,-0.13041648268699646,0.9027306437492371,-0.17015555500984192,-0.3647982180118561,0.1579791009426117,-0.10551673173904419,0.013992225751280785,-0.27223318815231323,-0.2687358260154724,1.1122395992279053,-0.042941104620695114,-0.9092296361923218,-0.1507440060377121,-0.1748732030391693,-0.21496811509132385,-0.10117117315530777,0.7256156206130981,-0.45253676176071167,0.817523181438446,0.22305350005626678,-0.17608360946178436,0.11424118280410767,-0.8017438650131226,-0.01915687322616577,-0.5073375701904297,-0.1468793898820877,-0.1818966418504715,0.3551218807697296,0.08833760023117065,0.003710351185873151,0.15328024327754974,-0.028889041393995285,0.920721709728241,-0.05450819060206413,-0.2548641562461853,0.11765340715646744,-0.04024593159556389,0.09225989878177643,0.6011754274368286,0.11512961238622665,-0.055664919316768646,0.08278356492519379,-0.017879584804177284,0.3929656445980072,0.20727631449699402,-0.8445962071418762,-0.4719002842903137,0.11470792442560196,-0.024525750428438187,-0.2187248170375824,0.2425365149974823,-0.3163895010948181,-0.7781516909599304,-0.15534165501594543,-0.03657809644937515,0.05861866474151611,0.004539704415947199,0.016001949086785316,0.7121912837028503,-0.408989816904068,-0.1088179349899292,-0.45899754762649536,-0.10703283548355103,-0.6209955215454102,0.21505625545978546,-0.3375251889228821,-0.3056606948375702,0.2630452513694763,0.20367193222045898,-0.08854266256093979,0.3070652484893799,-0.1893298476934433,0.205891415476799,-0.026775648817420006
CID000003746,397,0.25049901008605957,-0.22763216495513916,-0.5667452216148376,0.05685398727655411,0.47390228509902954,0.02003290317952633,0.013627404347062111,-0.5316851139068604,-0.00459637027233839,-0.185714989900589,0.37179896235466003,0.04356018826365471,-0.02476435713469982,-0.10562791675329208,-0.0768808051943779,0.10400881618261337,0.2831650376319885,-0.08219593018293381,-0.38455551862716675,0.01410877425223589,-0.05521204322576523,-0.014024066738784313,0.5308377146720886,-0.05016328766942024,-0.682998776435852,-0.6790567636489868,-0.10422386974096298,-0.1936841607093811,0.16383716464042664,-0.05873481184244156,1.059714913368225,-0.10276218503713608,0.057025372982025146,0.02397175505757332,-0.23700416088104248,0.06460915505886078,0.48506441712379456,-0.10313168913125992,0.05884482339024544,0.0059251608327031136,-0.5501408576965332,0.48295673727989197,-0.4696442186832428,-0.23186194896697998,-0.07490307837724686,-0.003435960505157709,0.7006617188453674,-0.25261983275413513,-0.6814034581184387,0.0342034287750721,-0.5767750144004822,0.3553735613822937,0.782946765422821,0.14992289245128632,0.2039807140827179,-0.2525753676891327,-0.14646343886852264,0.7903253436088562,-0.20688648521900177,0.08247356116771698,0.07389827817678452,-0.3587406575679779,-0.08683702349662781,0.8928624987602234,0.1966407299041748,0.3870425224304199,0.08829911053180695,0.06324461847543716,-0.05891802906990051,0.041049785912036896,-1.019959807395935,0.13159552216529846,-0.7302315831184387,0.40316447615623474,-0.03262312710285187,0.4905434548854828,0.32388222217559814,-0.006782929413020611,0.5644518733024597,-0.15152809023857117,-0.06143257021903992,0.10785307735204697,-0.17101579904556274,0.12598903477191925,0.3252471387386322,0.3596779704093933,-0.45335960388183594,0.20982392132282257,-0.10539128631353378,-0.11389736831188202,0.18426695466041565,0.014209580607712269,-0.10046084225177765,-0.1495688408613205,0.1520462930202484,-0.07328283786773682,-0.1533203125,0.26655852794647217,0.24034151434898376,-0.5812246203422546,-0.010289614088833332,0.11922457069158554,-0.03430400788784027,-0.08996516466140747,-0.22227516770362854,-0.10098488628864288,0.6941282153129578,0.25224989652633667,-0.06425172090530396,0.16212116181850433,-0.06684735417366028,-0.2010001838207245,0.6457492113113403,-0.504322350025177,0.04181553050875664,-0.23931236565113068,-0.059165894985198975,-0.014745697379112244,-0.08112754672765732,0.20277974009513855,0.10622742027044296,-0.3390437364578247,0.21066883206367493,0.17971543967723846,-0.16352799534797668,0.07656429708003998,0.009455891326069832,-0.008742930367588997,-0.13449403643608093,0.28221675753593445,-0.8334465026855469,0.06133948639035225,0.49235787987709045,0.061870671808719635,0.028901536017656326,0.6273286938667297,0.039030056446790695,0.012555494904518127,0.3014945387840271,-0.11992113292217255,-0.16199451684951782,-0.26126644015312195,0.26511818170547485,-0.10140949487686157,0.2075839787721634,-0.00788586400449276,-0.3902086615562439,0.17909231781959534,-0.06813659518957138,0.04515504464507103,0.4481724202632904,-0.09286919981241226,-0.5126393437385559,-0.620421290397644,1.0044230222702026,-0.18081119656562805,-0.05279024690389633,0.05028814077377319,-0.3353007137775421,0.14894366264343262,-0.05200747773051262,-0.1635289490222931,-0.7930221557617188,0.2336914837360382,-0.4752538800239563,-0.057545967400074005,0.00841580517590046,-0.11236818134784698,0.3344043791294098,-0.5904073119163513,-0.2990422546863556,0.054336972534656525,0.023225855082273483,-0.02704092487692833,-0.7303661108016968,-0.3399612605571747,0.2285952866077423,-0.029921120032668114,0.7118293642997742,-0.05967298150062561,0.5472784042358398,-0.26079338788986206,-0.28278565406799316,0.38888829946517944,0.029901007190346718,-0.21851639449596405,-0.28539854288101196,-0.07183857262134552,-0.16437187790870667,-0.26255208253860474,-0.430397093296051,0.8004134893417358,-0.2992866635322571,-0.43426093459129333,-0.0018014311790466309,0.14593082666397095,-0.23945526778697968,-0.0322980172932148,0.07492421567440033,-0.07342050969600677,0.2279680222272873,0.3818610906600952,-0.03700108453631401,0.00802372395992279,-0.527827262878418,-0.3435896039009094,-0.3068486452102661,-0.18276794254779816,0.041924647986888885,-0.18814226984977722,-0.2332525998353958,0.004130002111196518,0.2708002030849457,-0.28566741943359375,0.3940927982330322,-0.3315960764884949,-0.15415026247501373,0.1198488101363182,-0.23724183440208435,-0.0548647940158844,0.438936710357666,-0.0375850684940815,0.2034578025341034,0.07707694917917252,-0.07697063684463501,0.21051886677742004,0.14816968142986298,-0.8265760540962219,-0.12610319256782532,0.1274442970752716,-0.026772821322083473,0.02500596083700657,0.055439502000808716,-0.247428297996521,-0.6665247678756714,0.1727927178144455,-0.17294207215309143,0.0004284977912902832,-0.05622013658285141,0.1855868101119995,0.698757529258728,-0.28385424613952637,-0.14137914776802063,-0.22791317105293274,-0.002856813371181488,-0.4688459038734436,-0.09583374112844467,0.17405693233013153,0.08014502376317978,0.3228541612625122,0.21005380153656006,0.012988625094294548,0.1601729393005371,-0.19968655705451965,-0.008371013216674328,0.15200725197792053
CID000056959,398,0.09729399532079697,-0.07335428893566132,-0.3883902430534363,0.0066033899784088135,0.35705167055130005,-0.22435910999774933,0.05628998205065727,-0.6172948479652405,-0.012553962878882885,-0.13295871019363403,0.5954746007919312,0.13327816128730774,0.034356556832790375,-0.1693142205476761,-0.06460414826869965,0.303055077791214,0.7461258172988892,-0.09874677658081055,-0.22661574184894562,0.03509298712015152,-0.24637413024902344,0.05897216871380806,0.5375124216079712,0.058362554758787155,-0.45013609528541565,-0.4106791615486145,0.018149280920624733,-0.3492077589035034,0.22164615988731384,-0.023124314844608307,0.5675135850906372,0.010107033886015415,-0.08738972246646881,-0.0356217660009861,-0.20012624561786652,0.10222270339727402,0.5646647214889526,-0.03449904918670654,-0.0285527054220438,-0.19756002724170685,-0.26104986667633057,0.640192449092865,-0.5234841108322144,-0.053200237452983856,-0.0397440567612648,0.11621663719415665,0.536525309085846,-0.13730499148368835,-0.5087598562240601,0.05184990167617798,-0.5356281399726868,0.4248505234718323,0.4858779013156891,-0.13370418548583984,0.20435182750225067,-0.3268900513648987,-0.06644920259714127,0.4829939901828766,-0.08175220340490341,-0.17901009321212769,0.05126374959945679,-0.3021466135978699,0.18630002439022064,0.7212409377098083,0.14490880072116852,0.06349660456180573,-0.07229910045862198,0.23776522278785706,-0.07599873840808868,0.21749289333820343,-1.0732918977737427,-0.0008971631759777665,-0.5283422470092773,0.2683646082878113,-0.006569623947143555,0.6282597780227661,0.5582801103591919,0.28326255083084106,0.40830039978027344,-0.08947865664958954,-0.1886567771434784,-0.27312904596328735,-0.04358269274234772,0.06901656091213226,0.12348134815692902,0.14911039173603058,-0.33588752150535583,0.28756383061408997,-0.20565800368785858,-0.023270178586244583,-0.005613905377686024,0.15231017768383026,-0.049346230924129486,-0.01892171986401081,0.003292389214038849,-0.16396796703338623,-0.2911369204521179,0.11944693326950073,0.012391350232064724,-0.5495327115058899,0.01930653676390648,0.06323365122079849,-0.09791073948144913,-0.06479071080684662,-0.07725922018289566,-0.2777276337146759,0.5633028149604797,0.049441248178482056,0.06485909223556519,0.04995626211166382,-0.15514031052589417,-0.050520967692136765,0.4458983540534973,-0.303830623626709,0.0034760504495352507,-0.21729230880737305,-0.03040628507733345,-0.14921101927757263,-0.10473743826150894,-0.04385983198881149,0.02931174635887146,-0.3396868109703064,0.09187944233417511,0.2226492464542389,-0.039598576724529266,0.05783933401107788,0.03544456884264946,-0.08059646189212799,-0.18981584906578064,0.17666354775428772,-0.4895983338356018,-0.07677190005779266,0.21344593167304993,0.1343986988067627,-0.0007018208270892501,0.4136354327201843,0.02971014752984047,0.0034035458229482174,0.33921149373054504,-0.31005218625068665,-0.005795625038444996,-0.21342158317565918,0.11267155408859253,0.24962644279003143,0.13088245689868927,-0.07334953546524048,-0.2436550408601761,0.23719854652881622,0.04956452175974846,-0.061003584414720535,0.25562044978141785,-0.038623083382844925,-0.5458968877792358,-0.634048342704773,0.8678489923477173,-0.38782787322998047,0.04343812167644501,0.011738107539713383,-0.4410606324672699,-0.0197637639939785,0.08474041521549225,-0.5211161375045776,-0.7637290358543396,0.07526244223117828,-0.489997923374176,-0.1124858409166336,-0.09194387495517731,0.19131723046302795,0.3915732800960541,-0.4004844129085541,-0.33611220121383667,-0.1384468525648117,-0.07152986526489258,0.026132691651582718,-0.4906851351261139,-0.26578420400619507,0.4269945025444031,0.09815283864736557,0.48781076073646545,-0.18516966700553894,0.6482135057449341,0.035988010466098785,-0.17624656856060028,0.28866875171661377,-0.07525354623794556,-0.5576450824737549,-0.2605960965156555,-0.36875119805336,0.2590823769569397,-0.05676760524511337,-0.16320015490055084,0.4425857961177826,-0.15017728507518768,-0.5562225580215454,-0.15806807577610016,-0.0709267109632492,-0.12595750391483307,-0.1921158730983734,0.014015736989676952,0.2189854085445404,0.2864540219306946,0.08647717535495758,0.11023087799549103,-0.2941201329231262,-0.45066380500793457,-0.3462553024291992,-0.28751498460769653,0.12173420190811157,0.2304358184337616,-0.12730775773525238,0.2456928789615631,0.0984097272157669,0.13736549019813538,-0.08993704617023468,0.4296031594276428,-0.27500611543655396,-0.17050664126873016,-0.10781141370534897,0.040085695683956146,-0.024866994470357895,0.5323998332023621,-0.08221368491649628,-0.019879307597875595,-0.019473794847726822,-0.2650866210460663,0.027863884344697,-0.08177916705608368,-0.6366392970085144,-0.1450282484292984,0.020302727818489075,0.14691856503486633,0.204964280128479,0.14403371512889862,-0.3045850396156311,-0.3330995738506317,-0.07755138725042343,-0.07431377470493317,0.17724627256393433,0.07665804773569107,-0.05397511273622513,0.37528055906295776,-0.25717899203300476,-0.1387016475200653,-0.3653680682182312,-0.18751248717308044,-0.3636719882488251,-0.1808835119009018,-0.09182008355855942,0.022419484332203865,0.3572155237197876,0.1522500216960907,0.19569674134254456,-0.10481415688991547,-0.06577205657958984,-0.1558268815279007,0.021470587700605392
CID000003157,399,-0.06813990324735641,-0.31454020738601685,-0.8444725275039673,-0.09236430376768112,0.5146376490592957,-0.0786237120628357,-0.1257343888282776,-0.6280034780502319,-0.2587305009365082,0.0819561779499054,0.4226533770561218,0.09829206764698029,-0.09405112266540527,-0.031778864562511444,0.046919893473386765,0.012475413270294666,0.5199174880981445,0.08620934933423996,-0.06305141001939774,0.1009116992354393,-0.5988970994949341,0.16627074778079987,0.3253318965435028,0.08966444432735443,-0.7924463748931885,-0.6756331324577332,-0.39542049169540405,-0.04055333510041237,0.36370450258255005,-0.2354772537946701,0.5447791814804077,-0.07162477821111679,-0.20878660678863525,0.10451046377420425,-0.4687037467956543,0.11016442626714706,0.5598337054252625,-0.2591387629508972,0.015571147203445435,0.00012065768532920629,-0.5547499656677246,0.6662408709526062,-0.038174986839294434,-0.10686774551868439,0.05280532315373421,0.14948511123657227,0.7726280093193054,-0.06143268197774887,-0.6391437649726868,0.10291425883769989,-0.901734471321106,0.9364705085754395,0.38481268286705017,-0.015631813555955887,0.34965839982032776,-0.4826497435569763,-0.008903572335839272,1.098785638809204,0.05648331716656685,0.28366583585739136,-0.007617187686264515,-0.16316239535808563,0.005629998631775379,1.1435528993606567,0.18977266550064087,0.5442276000976562,-0.10935421288013458,0.1728023737668991,-0.09026660770177841,0.17053428292274475,-0.6664689779281616,-0.03163618594408035,-0.6256760954856873,0.38707655668258667,0.08690924942493439,0.17826715111732483,0.4921647906303406,0.31397873163223267,1.2511764764785767,0.011202042922377586,-0.07648937404155731,-0.36044588685035706,-0.1164977103471756,0.05644581466913223,0.2079276740550995,0.3585282564163208,-0.3471171259880066,-0.1948067843914032,-0.22400741279125214,-0.08914920687675476,-0.20013025403022766,-0.27928343415260315,-0.14354732632637024,-0.02999125048518181,0.32107678055763245,-0.19394490122795105,-0.13522399961948395,0.32358163595199585,-0.006790739484131336,-0.7860193252563477,-0.1759510338306427,-0.11716973781585693,0.16220246255397797,-0.3537140488624573,-0.1347469538450241,-0.398235023021698,0.5830525755882263,0.12498611211776733,0.20226967334747314,-0.18445566296577454,0.28869378566741943,0.13113972544670105,1.0627572536468506,-0.6367908716201782,0.24373725056648254,-0.030899006873369217,-0.2389991581439972,0.09644950926303864,-0.18103370070457458,0.02969439886510372,-0.2475578784942627,-0.20459923148155212,-0.1485237181186676,-0.15571501851081848,-0.1630857288837433,0.12243418395519257,0.41859889030456543,0.01632412150502205,-0.13255669176578522,0.4988577961921692,-0.7703753113746643,0.10911417007446289,0.6528960466384888,0.1768970787525177,0.12925338745117188,0.8445686101913452,-0.06844522058963776,-0.3874964416027069,0.3820883631706238,-0.16957338154315948,-0.23859742283821106,-0.2290484458208084,0.14683887362480164,0.0850314050912857,0.18707264959812164,-0.1950584352016449,-0.30613988637924194,0.3823848366737366,0.2826768755912781,-0.004199782852083445,0.7677205801010132,-0.1515645682811737,-0.5140283703804016,-1.0242767333984375,0.7837811708450317,-0.18884842097759247,-0.024023568257689476,0.03606623411178589,-0.9674250483512878,-0.05196323245763779,-0.012619668617844582,0.11458761990070343,-0.8326579332351685,0.18535010516643524,-0.4808623790740967,-0.14434006810188293,-0.024989187717437744,-0.13280275464057922,0.6015979051589966,-0.26070064306259155,-0.10125388205051422,-0.21114163100719452,-0.2559750974178314,-0.21273799240589142,-0.7671909332275391,-0.008862960152328014,0.6257590055465698,0.0637308657169342,0.46942099928855896,-0.3311099410057068,0.26216477155685425,-0.4200877249240875,-0.40811771154403687,0.5057152509689331,0.07864465564489365,-0.20173783600330353,-0.13857832551002502,-0.07656127959489822,-0.5370451807975769,-0.10098809003829956,-0.46759191155433655,0.7299175262451172,-0.1957147866487503,-0.14166104793548584,0.12835541367530823,-0.14878982305526733,-0.16225259006023407,-0.08450315147638321,0.4849775433540344,0.016669001430273056,0.8378030061721802,0.22336700558662415,-0.03511150926351547,0.5440348386764526,-0.29731038212776184,0.31209057569503784,-0.12296946346759796,0.19368776679039001,0.10493147373199463,-0.05838329344987869,-0.29671511054039,-0.0817205160856247,0.1267561912536621,-0.3710554242134094,0.9028290510177612,0.15522710978984833,-0.31872084736824036,0.17698928713798523,-0.12492220103740692,0.3376067578792572,0.06566599756479263,0.08722344040870667,0.5464149713516235,-0.16084983944892883,-0.12491288036108017,0.3690740466117859,0.07335281372070312,-0.9142529368400574,-0.2118871510028839,-0.028784608468413353,0.023948872461915016,0.44345369935035706,-0.03318025916814804,-0.3401116728782654,-1.0411335229873657,0.485203355550766,0.014971261844038963,0.05102229863405228,-0.08435729891061783,-0.10250671952962875,0.15205028653144836,-0.2932341694831848,-0.19928593933582306,-0.1488771289587021,-0.08593634516000748,-0.3859594464302063,0.25122055411338806,-0.08654893189668655,-0.2368912696838379,0.312132865190506,-0.08486155420541763,-0.03668425604701042,0.2861279845237732,-0.11527048051357269,0.41198021173477173,0.01678628847002983
CID000001972,400,-0.030576860532164574,0.20436540246009827,-0.6924570202827454,0.31835371255874634,0.0708903819322586,-0.11527180671691895,-0.07480310648679733,-0.4712070822715759,-0.05681125447154045,-0.2230733335018158,0.1400575190782547,0.1501915454864502,-0.23058900237083435,-0.14595502614974976,0.022967085242271423,-0.17572593688964844,0.3823429346084595,-0.16381123661994934,-0.49278464913368225,-0.1035233736038208,-0.19048252701759338,-0.12034381926059723,0.4588325619697571,-0.019387030974030495,-0.8344153165817261,-0.7356622815132141,-0.48010143637657166,-0.14054986834526062,-0.02254621312022209,0.03060707077383995,1.2823151350021362,-0.028875434771180153,0.16723468899726868,-0.09382458031177521,-0.27498793601989746,0.1644717901945114,0.8511160612106323,-0.1857483834028244,-0.25212225317955017,-0.26691779494285583,-0.19792918860912323,0.5107222199440002,-0.5375450849533081,0.022842595353722572,-0.1548694372177124,0.0019342809682711959,0.513574481010437,-0.13390009105205536,-0.3490566909313202,0.036644648760557175,-0.6518305540084839,0.11643862724304199,0.5333276987075806,-0.34106630086898804,0.1521562784910202,-0.38842353224754333,-0.2826027572154999,0.43649721145629883,-0.2286541908979416,-0.051751505583524704,-0.33873018622398376,-0.025828445330262184,-0.15418322384357452,1.1900668144226074,-0.13381291925907135,0.4576418995857239,0.05000784248113632,0.16282889246940613,-0.039797693490982056,0.14299598336219788,-0.8826766014099121,-0.17565706372261047,-0.5603755712509155,0.25614839792251587,0.09786948561668396,0.614871621131897,0.47518396377563477,0.37352922558784485,0.8083434104919434,0.029523175209760666,0.019058626145124435,0.050233591347932816,0.3200483024120331,0.06420882046222687,0.11439289897680283,0.22472143173217773,-0.026082921773195267,-0.4433421492576599,0.1441541463136673,0.1269252598285675,-0.10204367339611053,0.264340877532959,-0.30712276697158813,-0.0112926559522748,-0.006152743007987738,-0.021009577438235283,-0.05884341523051262,0.2581857442855835,0.1955423653125763,-0.7673929929733276,-0.14954549074172974,0.2879875600337982,-0.008944274857640266,-0.2973993718624115,0.17417272925376892,-0.40337055921554565,0.8762496709823608,-0.12997804582118988,0.22774502635002136,-0.033040113747119904,0.1673244684934616,-0.39708858728408813,0.23576536774635315,-0.5953994989395142,0.07716192305088043,-0.6113715171813965,-0.45092374086380005,0.013701120391488075,0.1273946762084961,0.40065687894821167,-0.10096278041601181,0.10482542216777802,0.1895119547843933,-0.04708746820688248,0.1343131810426712,0.19282206892967224,0.01683441363275051,-0.0232015922665596,-0.13975544273853302,-0.06566222012042999,-0.6330723166465759,-0.6922955513000488,0.08044157922267914,0.05004338175058365,0.19073185324668884,0.8258435130119324,0.04559967666864395,-0.21395663917064667,0.3579968810081482,0.04214606061577797,0.031623050570487976,0.017655212432146072,0.01650695875287056,-0.2616673707962036,0.1959710419178009,0.00677636731415987,-0.39125993847846985,0.16447412967681885,0.1490788459777832,-0.266086608171463,0.4542434811592102,-0.10980436950922012,-0.5956341624259949,-0.6132102608680725,0.3641941547393799,0.09049856662750244,-0.11783520877361298,-0.08039744943380356,-0.27776065468788147,0.31038087606430054,-0.05767989158630371,0.0340963713824749,-0.7107657194137573,0.37089449167251587,-0.3125981390476227,-0.11618143320083618,-0.08581198006868362,0.35837626457214355,0.8462932705879211,-0.4463557302951813,-0.33416256308555603,0.14704950153827667,-0.2067076414823532,0.12105879932641983,-0.5220324993133545,-0.07190097868442535,0.5787214040756226,-0.010668417438864708,0.5576971769332886,0.34776800870895386,0.470818430185318,0.1008036881685257,-0.3302370607852936,0.3786504864692688,-0.15786559879779816,-0.7139468193054199,-0.15259520709514618,0.06052844971418381,-0.3599326014518738,0.06551118195056915,-0.4022974967956543,0.545831561088562,0.26193276047706604,-0.4011716842651367,-0.17407993972301483,0.04984482750296593,0.005062192678451538,0.04532698169350624,0.33635449409484863,-0.0539112314581871,0.4914267659187317,0.36453136801719666,-0.14811353385448456,-0.006400941405445337,-0.5885603427886963,0.09816454350948334,-0.26942089200019836,0.13334615528583527,-0.03438466042280197,-0.11550150066614151,0.24807700514793396,0.17080655694007874,0.17301765084266663,-0.08470936119556427,1.2269222736358643,0.336974561214447,0.10073878616094589,-0.01915447786450386,-0.04662508890032768,0.02163762040436268,0.27271389961242676,0.1380910575389862,-0.07793251425027847,-0.4253787398338318,0.05254797264933586,0.3445696234703064,0.03059045411646366,-0.7094689607620239,-0.23239167034626007,0.14417843520641327,0.13282974064350128,0.06113874167203903,0.1377480924129486,-0.39494413137435913,-0.7478218078613281,0.09860153496265411,0.10184939950704575,-0.013868075795471668,-0.3094794750213623,0.38404640555381775,1.1003801822662354,-0.3647095859050751,-0.0943908542394638,-0.5854374170303345,-0.05835418775677681,-0.3669423460960388,-0.2194870412349701,0.23791250586509705,-0.24307861924171448,-0.039488911628723145,0.2961433231830597,0.13964144885540009,-0.11858397722244263,-0.11263211071491241,0.05464652180671692,0.0896703377366066
CID000004911,401,0.23586909472942352,-0.3925965130329132,-0.6720085144042969,-0.11587920039892197,0.4181053042411804,-0.12341327965259552,-0.032744478434324265,-0.5242117047309875,-0.16440382599830627,0.13403350114822388,0.28415435552597046,0.22880634665489197,-0.0557573065161705,0.053636860102415085,-0.1621171534061432,0.009023758582770824,0.3786613941192627,0.24665717780590057,-0.18659156560897827,0.16449767351150513,-0.4406299591064453,0.23568923771381378,0.4882655143737793,-0.042838990688323975,-0.41877612471580505,-0.8789713978767395,-0.802891731262207,-0.012205591425299644,0.058314431458711624,-0.2277824431657791,0.8362424969673157,0.03698273003101349,-0.027209142223000526,0.39309215545654297,-0.46244674921035767,0.27654120326042175,1.023781180381775,-0.2081402987241745,0.1720564216375351,0.15461930632591248,-0.008962082676589489,0.4171476364135742,-0.35335713624954224,-0.06741893291473389,-0.07040072232484818,-0.18182507157325745,0.5956154465675354,-0.27047306299209595,-0.6665482521057129,-0.0303074661642313,-0.7181913256645203,0.28160545229911804,0.3454263508319855,-0.16525086760520935,0.22804105281829834,-0.08739757537841797,-0.08949936926364899,0.746148943901062,0.3190562129020691,0.028050536289811134,-0.021400853991508484,-0.27660903334617615,0.1290149837732315,1.042487621307373,-0.08311891555786133,0.48221033811569214,-0.23144599795341492,0.06930754333734512,0.044263649731874466,-0.10988621413707733,-0.43464285135269165,0.1271074116230011,-0.7149816155433655,0.49514204263687134,0.3188024163246155,0.22847576439380646,0.4904211163520813,0.17491944134235382,0.44679492712020874,-0.14345033466815948,-0.1133747547864914,-0.6470280885696411,-0.08570770174264908,-0.11219394207000732,-0.11885873973369598,0.24631333351135254,-0.04859438166022301,-0.07068304717540741,-0.11555136740207672,0.13769400119781494,-0.331047385931015,0.0370471328496933,-0.33862975239753723,0.05713716149330139,0.0639054924249649,-0.1332082599401474,0.04857730120420456,0.3103099763393402,0.10363944619894028,-0.9608863592147827,0.0084314476698637,-0.05532112717628479,0.008801358751952648,-0.10275422036647797,0.27252477407455444,-0.01461976021528244,0.8588539958000183,-0.3629795014858246,0.05740366503596306,-0.15835368633270264,0.12380553781986237,0.1254974752664566,0.18189455568790436,-0.44585078954696655,0.07126615196466446,-0.3020126223564148,-0.31619831919670105,0.12247183173894882,-0.09380792081356049,-0.28025341033935547,-0.3445262312889099,-0.2749747633934021,0.12593993544578552,-0.002345830900594592,-0.004127529449760914,-0.1415306031703949,0.22127477824687958,-0.050797682255506516,-0.48806849122047424,0.40759849548339844,-0.8414740562438965,-0.05158513784408569,0.3564174473285675,0.2875092029571533,0.04725225642323494,0.7934222221374512,0.06858079135417938,-0.3141036629676819,0.3245905339717865,-0.18015430867671967,0.0942428857088089,-0.13344186544418335,-0.21553513407707214,-0.1598665416240692,0.113577701151371,0.036811716854572296,-0.20060083270072937,0.09054023027420044,0.2520166039466858,0.11242173612117767,0.5215615034103394,-0.13676440715789795,-0.7124865651130676,-0.7897542715072632,0.4694156050682068,-0.274185448884964,0.20088200271129608,0.23094722628593445,-0.5068162679672241,0.045841116458177567,-0.12174534797668457,0.05842602998018265,-1.0674641132354736,0.0802554339170456,-0.3777022659778595,0.03202401474118233,-0.1700478047132492,-0.07083287835121155,0.718683123588562,-0.46508461236953735,-0.1643821746110916,-0.14355546236038208,-0.03221840411424637,0.1102362871170044,-0.6388867497444153,-0.3804278075695038,0.5582674741744995,0.08259056508541107,0.5974584817886353,-0.11346717178821564,0.46043696999549866,-0.17236755788326263,-0.1863938868045807,0.7409298419952393,0.043302930891513824,-0.7746825814247131,0.1883920282125473,-0.03434627503156662,-0.332042396068573,-0.011856141500175,-0.3874236047267914,0.9676583409309387,0.15662097930908203,-0.3836030066013336,0.027767449617385864,0.07588662207126617,-0.017066562548279762,0.3025222420692444,1.0546799898147583,0.04418924078345299,0.5778931975364685,0.3357461392879486,0.1432773619890213,0.34274983406066895,-0.4306876063346863,-0.07206176221370697,-0.2576315402984619,-0.036097534000873566,-0.04244529455900192,0.033872734755277634,-0.2533835768699646,-0.11001572757959366,-0.20979014039039612,-0.3317505121231079,0.9939073324203491,0.09017862379550934,-0.07030954211950302,-0.2915618419647217,0.19618040323257446,0.1510964184999466,0.09844240546226501,0.06364855915307999,0.16148239374160767,-0.2718636393547058,0.27670666575431824,0.19827264547348022,0.06633736193180084,-0.8554345965385437,-0.2286473512649536,0.19807168841362,-0.04763953387737274,0.2772819697856903,0.15818694233894348,0.05094626545906067,-0.841119647026062,0.1291351318359375,0.04832930117845535,-0.10538069903850555,-0.2349611222743988,-0.23912648856639862,0.6855717897415161,-0.3747449815273285,-0.008584743365645409,-0.19049672782421112,-0.216885045170784,-0.3134412467479706,0.16148711740970612,-0.17503495514392853,-0.04857881739735603,0.17315858602523804,0.2718808054924011,-0.0691014751791954,0.31352174282073975,-0.08806765824556351,0.20683518052101135,0.13852490484714508
CID000004509,406,0.035019271075725555,-0.24509254097938538,-0.539354145526886,0.20886865258216858,0.38121750950813293,-0.10586972534656525,-0.1291908323764801,-0.5217472910881042,-0.1764882653951645,-0.04485858604311943,0.2495623379945755,0.0241609625518322,-0.059566933661699295,0.04011475294828415,0.11124813556671143,0.13412806391716003,0.3164079189300537,0.1339465081691742,-0.12978389859199524,0.22754009068012238,-0.11489323526620865,0.08835352212190628,0.39043155312538147,0.04714471474289894,-0.410160630941391,-0.6900380253791809,-0.5233229398727417,0.2603093385696411,-0.06398984789848328,-0.00017268062219955027,0.5240281820297241,0.12555620074272156,-0.04246649518609047,0.5203107595443726,-0.11799486726522446,0.21830491721630096,1.2025662660598755,-0.139631986618042,0.05500326305627823,0.103911854326725,0.12840789556503296,0.4138118326663971,-0.34285810589790344,-0.09952737390995026,-0.04059482738375664,0.03584306687116623,0.5638574361801147,-0.2560647428035736,-0.49950820207595825,-0.0460786446928978,-0.5171868801116943,0.15058082342147827,0.3771452307701111,-0.27223771810531616,0.30313485860824585,-0.15235963463783264,-0.31179600954055786,0.48459067940711975,0.04630029946565628,-0.09510110318660736,-0.09360559284687042,-0.1728908121585846,-0.02315312623977661,0.5560885667800903,0.06980220228433609,0.22656264901161194,-0.1990036964416504,-0.18982736766338348,0.05060123652219772,0.06662432849407196,-0.4718457758426666,0.15052193403244019,-0.6174052953720093,0.5828561782836914,0.045020222663879395,0.26951882243156433,0.5700499415397644,0.11174460500478745,0.3899555206298828,-0.001034322427585721,0.015852004289627075,-0.20102111995220184,0.14418557286262512,-0.031033501029014587,0.08847488462924957,0.3180808424949646,-0.17789311707019806,-0.0986398234963417,-0.059991978108882904,0.18608878552913666,-0.2632300555706024,-0.11746525764465332,-0.1110326275229454,0.00604397663846612,0.18081045150756836,0.00203588604927063,0.00781856756657362,0.1296301633119583,-0.05493300035595894,-0.7913780212402344,-0.0807085633277893,-0.1724434345960617,0.1774766892194748,-0.004505835473537445,0.2769719660282135,-0.022980328649282455,0.9380108714103699,-0.11516271531581879,0.2808731198310852,-0.03625062480568886,-0.09813337028026581,0.06064604967832565,0.1151503175497055,-0.248984694480896,0.17280063033103943,-0.44350212812423706,-0.375943660736084,-0.05665920302271843,-0.11229515075683594,0.141635000705719,-0.27069300413131714,-0.28512224555015564,0.20429623126983643,0.04445108026266098,-0.0585017204284668,-0.009254733100533485,0.2197345495223999,-0.00778221944347024,-0.3144252598285675,0.28862816095352173,-0.6222314834594727,-0.4118812680244446,0.3329651951789856,0.1519802361726761,0.05089252069592476,0.7117559313774109,0.23532235622406006,-0.11220703274011612,0.2143823206424713,-0.0865805521607399,-0.051612842828035355,-0.23123624920845032,0.057754792273044586,0.0535113587975502,0.08911173790693283,0.02587127685546875,-0.16219209134578705,-0.0673951655626297,-0.08260227739810944,-0.070017509162426,0.22772827744483948,-0.15900900959968567,-0.4475560188293457,-0.5527328848838806,0.4712424874305725,-0.10444919019937515,0.382246196269989,0.11477148532867432,-0.3838614821434021,-0.07789430022239685,-0.06441818177700043,0.26773732900619507,-0.8936656713485718,0.12851177155971527,-0.29949867725372314,0.03949050232768059,0.012594255618751049,-0.22149261832237244,0.6967304348945618,-0.42355242371559143,-0.23915116488933563,-0.05763694643974304,0.024938056245446205,-0.1078176274895668,-0.5219482779502869,-0.21799162030220032,0.368496298789978,0.03316677734255791,0.5290066599845886,-0.01208961009979248,0.4962737560272217,-0.16756975650787354,-0.19183865189552307,0.44986605644226074,-0.013312320224940777,-0.4448135495185852,-0.11356721818447113,-0.1531083732843399,-0.3025701642036438,-0.08213859051465988,-0.33649328351020813,1.0544798374176025,-0.06388305127620697,-0.4014415740966797,0.13697180151939392,-0.09560324251651764,0.021663064137101173,0.1822972148656845,0.5095115900039673,-0.08951182663440704,0.2870090901851654,0.4792035222053528,-0.11980287730693817,0.18922516703605652,-0.33444303274154663,-0.24184349179267883,-0.21704402565956116,0.07717905938625336,-0.11258897930383682,-0.13265857100486755,-0.09188349545001984,-0.023342913016676903,-0.17265650629997253,-0.331316739320755,0.5890101194381714,-0.03403565287590027,-0.008124977350234985,-0.2691780924797058,-0.004468434024602175,0.0837310329079628,0.15189847350120544,0.03320265933871269,0.19749577343463898,-0.13642290234565735,0.206777885556221,-0.00638070423156023,0.02435622178018093,-0.54961758852005,-0.2550901174545288,-0.035906918346881866,-0.23289644718170166,0.1310252845287323,0.10007735341787338,-0.11790988594293594,-0.4520755410194397,-0.01219271682202816,0.20027115941047668,-0.17193548381328583,0.004623234272003174,-0.04363688826560974,0.7842391133308411,-0.30547645688056946,0.10050098598003387,-0.3183247148990631,-0.07397755980491638,-0.2827813923358917,0.187978133559227,0.08641493320465088,-0.1183939203619957,0.24353794753551483,0.32032230496406555,0.014089912176132202,0.30641308426856995,-0.10906189680099487,0.2198193371295929,0.14614172279834747
CID000002284,407,0.054045628756284714,-0.5256952047348022,-0.6327697038650513,-0.12767238914966583,0.45668166875839233,0.24525117874145508,0.16637715697288513,-0.4047548770904541,0.07325512170791626,-0.2167188674211502,0.0075110020115971565,-0.1204252615571022,-0.1832822561264038,-0.05459237098693848,-0.1826324760913849,0.2068912237882614,0.2384253442287445,0.019069626927375793,-0.6538955569267273,0.22568900883197784,-0.21107642352581024,0.08784281462430954,0.6510014533996582,0.2699891924858093,-0.45018458366394043,-0.7431922554969788,-0.11656109243631363,-0.2983706593513489,0.4910503029823303,0.014898869208991528,1.2550551891326904,-0.1456025391817093,-0.0010286748874932528,0.5515312552452087,-0.5614612698554993,-0.08785586059093475,0.4988260269165039,-0.22385163605213165,0.07725144922733307,0.06925813853740692,-0.7127134203910828,0.26553091406822205,-0.4649468958377838,0.33617833256721497,0.24737079441547394,-0.12114175409078598,0.7603035569190979,0.14070147275924683,-0.5619553923606873,0.0892549604177475,-0.4969763159751892,0.2668831944465637,0.8243934512138367,-0.17327037453651428,0.11011280864477158,-0.5018175840377808,-0.1342351734638214,0.8907836079597473,0.24582834541797638,-0.23816004395484924,0.14903253316879272,-0.04296969622373581,-0.0013218298554420471,1.1304806470870972,0.2892509698867798,0.40169817209243774,0.12779612839221954,-0.028475623577833176,0.0083629060536623,-0.02002422884106636,-0.747753918170929,-0.11952565610408783,-0.9425078630447388,-0.060197729617357254,0.08677838742733002,0.4077107310295105,0.1451995074748993,-0.05303208902478218,0.803941547870636,0.08364689350128174,0.358701229095459,-0.30632278323173523,0.0017972722416743636,-0.32547420263290405,0.4831558167934418,0.20733177661895752,-0.8501877784729004,0.0021600350737571716,-0.043396592140197754,-0.0020391284488141537,-0.09039956331253052,0.2687644362449646,-0.1055273562669754,-0.01909961737692356,-0.07471229881048203,-0.17930322885513306,-0.20502805709838867,0.07570679485797882,-0.009428831748664379,-0.6031340956687927,-0.0654301717877388,0.04327331483364105,0.044556163251399994,-0.29957422614097595,0.13689406216144562,-0.29172417521476746,0.7237936854362488,0.23778793215751648,-0.0016065180534496903,-0.007435914129018784,0.09207840263843536,-0.2527225613594055,0.8798378109931946,-0.45280465483665466,0.16750860214233398,-0.14997626841068268,-0.07584740966558456,0.3208659589290619,-0.10807634890079498,0.2000623196363449,-0.06123347952961922,-0.10030810534954071,0.1414828598499298,0.01376313716173172,-0.17643439769744873,-0.10858378559350967,0.2921367287635803,-0.16761648654937744,0.05711238458752632,0.54364413022995,-0.932292103767395,0.034453753381967545,0.36695587635040283,0.39208728075027466,0.017344629392027855,1.1709142923355103,0.14075033366680145,-0.08940453827381134,0.32949694991111755,0.17129816114902496,-0.06707131862640381,-0.3257744610309601,0.026415523141622543,0.16069702804088593,0.09949235618114471,0.006848564837127924,-0.506158709526062,0.07738111168146133,-0.025688085705041885,-0.11170123517513275,0.6294523477554321,0.08528284728527069,-0.8426848649978638,-0.8471827507019043,1.0875694751739502,-0.42441096901893616,-0.1497461497783661,0.23513832688331604,-0.3906094431877136,0.1761453002691269,-0.20577986538410187,0.18191733956336975,-1.0791871547698975,-0.10630162805318832,-0.5180602073669434,-0.07639407366514206,-0.10407521575689316,-0.2788776755332947,0.31633391976356506,-0.5728215575218201,-0.4496593475341797,-0.13061249256134033,-0.2066299021244049,-0.1085367351770401,-0.5851072072982788,0.08284001052379608,0.38381427526474,-0.020904310047626495,0.6532657146453857,0.02395092323422432,0.4124414324760437,-0.13246111571788788,-0.0963033139705658,0.309695303440094,-0.00106677261646837,-0.2683700621128082,-0.09103455394506454,-0.3066798448562622,0.021031644195318222,-0.12681742012500763,-0.4065733551979065,0.7283557653427124,-0.17250117659568787,-0.5626311898231506,-0.2877170443534851,0.06444208323955536,0.11453733593225479,0.15824231505393982,0.21534864604473114,0.17021897435188293,0.0724613219499588,0.023909475654363632,0.1381383240222931,-0.05151195451617241,-0.6950136423110962,-0.3398193120956421,-0.28187260031700134,0.20610716938972473,-0.13874873518943787,-0.12097141891717911,-0.2387685775756836,-0.09400678426027298,0.1936979740858078,-0.32236790657043457,0.4183052182197571,0.2764860987663269,-0.028162634000182152,-0.17934195697307587,-0.04372277110815048,-0.12626716494560242,0.3006252646446228,-0.08148827403783798,-0.07458020746707916,-0.11167307943105698,-0.280341774225235,0.11948418617248535,-0.14327596127986908,-1.0253716707229614,-0.010836658999323845,0.030728060752153397,0.13474497199058533,0.34409624338150024,0.007595079950988293,-0.18521472811698914,-0.6545171737670898,0.3586326539516449,-0.012997818179428577,0.18273751437664032,-0.323721706867218,0.05059797689318657,0.34774050116539,-0.4519643783569336,0.12133169174194336,-0.2635212540626526,-0.3878847062587738,-0.33441323041915894,0.32427555322647095,0.057350970804691315,0.14969149231910706,0.16739988327026367,0.40986400842666626,0.05737239867448807,0.17495539784431458,-0.1387682557106018,0.5060540437698364,0.03711968660354614
CID000003449,408,0.23950107395648956,-0.0463605597615242,-0.5235260725021362,0.17017793655395508,0.4513240456581116,-0.24623644351959229,-0.013089668937027454,-0.5056636929512024,-0.33634573221206665,-0.34781211614608765,0.40504369139671326,0.014110585674643517,-0.014872854575514793,-0.10615603625774384,0.03671128302812576,0.5964754819869995,0.2563774585723877,-0.13007500767707825,-0.2645193636417389,0.06544803828001022,-0.22144904732704163,0.16351135075092316,0.8333322405815125,-0.05013617128133774,-0.9213809967041016,-0.7202088236808777,-0.1099867969751358,-0.11285571753978729,0.28317442536354065,0.21514172852039337,1.0581300258636475,0.11491892486810684,0.14871011674404144,0.09720071405172348,-0.4108950197696686,0.03461402654647827,0.4249613881111145,-0.17224696278572083,-0.1390063613653183,0.05496840551495552,-0.18895548582077026,0.288729727268219,-0.13722166419029236,-0.1689710170030594,-0.06411254405975342,-0.1746591180562973,0.738349437713623,-0.1264677494764328,-0.4337009787559509,-0.060761261731386185,-0.3952177166938782,-0.04220859333872795,0.8488845825195312,-0.06672319024801254,0.014319812878966331,-0.05342094972729683,0.0035084723494946957,0.5845073461532593,-0.26409873366355896,-0.19398687779903412,-0.05741996690630913,-0.2132374346256256,0.15511883795261383,0.5976137518882751,0.2486753761768341,0.43563318252563477,0.22157618403434753,-0.0011368155246600509,-0.1763160526752472,-0.05246267467737198,-0.4304537773132324,0.2320544719696045,-0.8171135783195496,0.24544744193553925,-0.01751340553164482,-0.003904900047928095,0.15114551782608032,0.08755051344633102,0.2486419677734375,0.06561413407325745,-0.024699319154024124,-0.12191402912139893,0.05328250676393509,0.1019040122628212,0.11445443332195282,0.08455491811037064,-0.7704715728759766,0.022294456139206886,-0.05697309225797653,-0.059177231043577194,0.14062649011611938,-0.084583580493927,-0.7439386248588562,0.22739005088806152,-0.13913840055465698,0.14983835816383362,0.27484092116355896,0.25766363739967346,0.06308077275753021,-1.3351068496704102,-0.02388089895248413,-0.057045914232730865,0.011762583628296852,-0.1795816421508789,-0.07635776698589325,-0.08818396180868149,0.9981924295425415,-0.00538001349195838,-0.027583515271544456,-0.1085892915725708,-0.007458972744643688,-0.31002670526504517,0.18317362666130066,-0.3203267455101013,0.2807551920413971,-0.41424283385276794,0.029739702120423317,-0.1674589067697525,0.06897993385791779,0.3763583302497864,-0.444866806268692,-0.4537358283996582,0.0777459666132927,0.26225435733795166,-0.11606104671955109,-0.12269959598779678,0.03545409068465233,-0.0014539960538968444,-0.04038790985941887,0.030604392290115356,-0.8785686492919922,-0.22509416937828064,0.32351088523864746,-0.07363967597484589,-0.2792881429195404,0.7358843684196472,0.11803324520587921,-0.0021929859649389982,0.4378989338874817,0.060505371540784836,0.18714764714241028,-0.24781349301338196,0.0950455293059349,0.39989107847213745,0.09854567050933838,0.22867055237293243,-0.20445187389850616,0.24912086129188538,0.23013952374458313,0.016988757997751236,0.296377956867218,-0.354983389377594,-0.5023790001869202,-0.8716242909431458,0.8084719777107239,-0.08417285233736038,-0.21561408042907715,-0.0883563831448555,-0.3616490662097931,0.31450068950653076,-0.11264647543430328,-0.04130757972598076,-0.9243230819702148,0.07649774849414825,-0.5955154299736023,0.026305029168725014,0.3809724748134613,-0.21804828941822052,0.7767700552940369,-0.682319164276123,-0.9689925909042358,0.29173436760902405,-0.06922458112239838,0.11609353870153427,-0.34322285652160645,-0.0738910585641861,0.3484646677970886,-0.07679430395364761,0.7621431350708008,0.28806763887405396,0.17598512768745422,-0.12575408816337585,-0.030913257971405983,0.8946915864944458,0.14230762422084808,-0.30126243829727173,-0.3722483515739441,-0.2720336616039276,-0.11380894482135773,-0.2501533627510071,0.09856793284416199,0.9733066558837891,-0.14637668430805206,-0.8874058723449707,-0.27005934715270996,-0.0653795599937439,-0.15648791193962097,-0.19902384281158447,0.6599293947219849,-0.40167322754859924,0.19604496657848358,0.13421936333179474,0.06336075812578201,0.5064338445663452,-0.6172963380813599,-0.037820279598236084,-0.36598530411720276,0.005996462889015675,-0.028224457055330276,-0.14637205004692078,0.45792874693870544,0.13933098316192627,-0.058110374957323074,-0.15371976792812347,0.2475184202194214,0.14844876527786255,-0.27402758598327637,-0.05237901210784912,-0.1820565164089203,0.1460103988647461,0.3785974383354187,-0.005631893873214722,-0.057339269667863846,-0.13323435187339783,0.23918306827545166,0.4577840268611908,0.05988651514053345,-0.3000767230987549,-0.16976359486579895,-0.12031857669353485,0.11681239306926727,-0.035246655344963074,0.13581106066703796,-0.15660305321216583,-0.467287540435791,-0.10051172971725464,-0.07399290055036545,0.10964655876159668,-0.03869647905230522,0.24054698646068573,1.0751574039459229,-0.3936571776866913,-0.21765045821666718,-0.4840218424797058,-0.35239970684051514,-0.49486011266708374,0.1230238676071167,-0.1868920773267746,-0.12958046793937683,0.5968281030654907,0.0031641751993447542,-0.0787726640701294,0.006497901864349842,0.2578689455986023,0.10606126487255096,0.009342807345092297
CID000093860,409,0.05123978853225708,-0.1403466910123825,-0.4657250940799713,0.0031751454807817936,0.3290347754955292,-0.15214399993419647,-0.06377486884593964,-0.43693533539772034,-0.20290637016296387,0.03088916465640068,0.32540497183799744,0.001952792750671506,0.051137931644916534,-0.08765548467636108,-0.05694609135389328,0.4136037826538086,0.7360970377922058,0.1046157255768776,-0.3421541750431061,0.13225778937339783,-0.2085438221693039,-0.06367041170597076,0.4310166835784912,-0.007467261049896479,-0.2743583023548126,-0.6416956186294556,-0.44605040550231934,-0.048595987260341644,0.16357837617397308,0.048495519906282425,0.43943363428115845,0.1352395862340927,-0.03080607019364834,0.4070867598056793,-0.2829117178916931,0.10229256004095078,0.7874680757522583,-0.09085187315940857,0.04457241669297218,0.09101829677820206,-0.2004586011171341,0.66416335105896,-0.3048490285873413,-0.03826122730970383,0.07066468149423599,0.050698596984148026,0.6153297424316406,0.07221589982509613,-0.6997314691543579,0.08083318173885345,-0.493720144033432,0.08912596851587296,0.30098840594291687,-0.30126339197158813,0.11623402684926987,-0.4403706192970276,-0.1267712414264679,0.7048521637916565,0.02217387780547142,-0.18799975514411926,0.07788509130477905,-0.3061465919017792,0.0020075023639947176,0.6681021451950073,0.13016769289970398,0.2091001719236374,-0.148640438914299,0.00041872262954711914,-0.0917413979768753,0.139616921544075,-0.6421745419502258,0.15638935565948486,-0.4893706440925598,0.4342123866081238,0.06247401237487793,0.3171962797641754,0.5249802470207214,0.28291675448417664,0.687554657459259,0.04815817251801491,-0.015960540622472763,-0.21231763064861298,0.07448743283748627,-0.15573062002658844,0.2605752944946289,0.37314483523368835,-0.22400669753551483,0.09359534829854965,-0.16199353337287903,0.06777989864349365,-0.16719572246074677,0.012410992756485939,-0.048706598579883575,0.013018123805522919,0.11585310846567154,-0.15264540910720825,-0.4070280194282532,0.19308212399482727,-0.027839630842208862,-0.6447479724884033,-0.0749688595533371,-0.1258399784564972,0.07598860561847687,-0.05682600662112236,0.2645639479160309,-0.09645772725343704,0.7054643630981445,0.0925762876868248,0.15689633786678314,-0.09141320735216141,-0.2248244732618332,0.09336883574724197,0.4644101560115814,-0.22430989146232605,0.23159976303577423,-0.23659244179725647,-0.34488970041275024,-0.014592230319976807,-0.13417211174964905,0.0883207842707634,-0.18254247307777405,-0.3646431863307953,0.051446594297885895,0.07942169904708862,-0.09996448457241058,0.11871178448200226,0.16579827666282654,0.036633849143981934,-0.22457174956798553,0.20249095559120178,-0.6656771898269653,-0.22623233497142792,0.3885565400123596,0.3196316063404083,0.1563728153705597,0.8334641456604004,0.04623325914144516,-0.12873102724552155,0.25084632635116577,-0.22020618617534637,-0.15715859830379486,-0.29230085015296936,0.12457416206598282,0.4084634780883789,0.11752279847860336,-0.07012452185153961,-0.44744443893432617,-0.0746355801820755,0.07374922931194305,-0.06381353735923767,0.3062411844730377,-0.14071650803089142,-0.6340450048446655,-0.7771145105361938,0.5373266339302063,-0.23712901771068573,0.3118906617164612,-0.053830258548259735,-0.5553747415542603,-0.08162140846252441,-0.09495994448661804,-0.0982728973031044,-0.7749766111373901,0.032222598791122437,-0.46534156799316406,0.12551364302635193,-0.14424405992031097,-0.1738758534193039,0.5219805836677551,-0.4048317074775696,-0.18313536047935486,-0.17942041158676147,-0.1318703144788742,-0.20283003151416779,-0.6242006421089172,0.012486237101256847,0.28398597240448,0.013342762365937233,0.48192667961120605,-0.09111925214529037,0.5351090431213379,-0.11806069314479828,-0.11655668169260025,0.20269277691841125,-0.08689339458942413,-0.31566527485847473,-0.1241661086678505,-0.36284011602401733,0.10711095482110977,-0.2951141893863678,-0.5705921649932861,0.9848097562789917,-0.08147157728672028,-0.366828978061676,0.03392047435045242,-0.1488313376903534,-0.16574439406394958,0.0471273735165596,0.3161228895187378,0.00032863914384506643,0.3242504596710205,0.2595726251602173,0.010352911427617073,0.08610037714242935,-0.30016565322875977,-0.1824871301651001,-0.13600969314575195,0.22244684398174286,-0.02614394947886467,-0.10649353265762329,0.12735837697982788,-0.016410714015364647,0.14588221907615662,-0.18911737203598022,0.6442762017250061,-0.06573929637670517,-0.16359496116638184,-0.2034178227186203,-0.0275189820677042,0.25632116198539734,0.17628371715545654,-0.01420401968061924,0.14825782179832458,-0.16226328909397125,-0.13964645564556122,0.04846794530749321,-0.03484107926487923,-0.8203089833259583,-0.29338914155960083,-0.11898267269134521,-0.1197904720902443,0.23194345831871033,0.14098402857780457,-0.1857476532459259,-0.457049697637558,0.29177460074424744,0.09333392977714539,-0.21075518429279327,0.018302857875823975,-0.22872331738471985,0.2685658037662506,-0.24924524128437042,-0.10603830963373184,-0.2125399112701416,0.017727645114064217,-0.2839037775993347,0.09037415683269501,0.10558810085058212,-0.10832737386226654,0.34934601187705994,0.06144944950938225,0.06881005316972733,0.13176515698432922,-0.19492287933826447,0.3199992775917053,0.014697032980620861
CID000003826,410,0.03403683379292488,-0.16603094339370728,-0.4556259214878082,-0.06095822900533676,0.3059147596359253,-0.23466619849205017,-0.13466531038284302,-0.3452660143375397,-0.2766706347465515,0.1464691162109375,0.31443849205970764,0.03694356605410576,-0.06758727133274078,-0.011808094568550587,0.03475569188594818,0.24626317620277405,0.47433871030807495,0.06845621764659882,-0.15853728353977203,0.2004600465297699,-0.19546806812286377,-0.002807311713695526,0.5598136782646179,-0.012111532501876354,-0.31347471475601196,-0.6604155898094177,-0.40924087166786194,-0.09836633503437042,0.1250806748867035,0.13864414393901825,0.43612369894981384,0.15747956931591034,-0.1321856528520584,0.4417271614074707,-0.2526697516441345,0.0832258090376854,0.966313362121582,-0.14850890636444092,0.02152855135500431,-0.012159737758338451,-0.16942818462848663,0.6339641809463501,-0.36831557750701904,0.08737308531999588,0.018945451825857162,0.10657598823308945,0.5662769079208374,-0.08636947721242905,-0.5979746580123901,0.025982040911912918,-0.31515780091285706,0.2320617437362671,0.24425740540027618,-0.12765805423259735,0.13324376940727234,-0.44634556770324707,-0.21119341254234314,0.5772038102149963,-0.05836295336484909,-0.21417996287345886,0.0723615288734436,-0.26435866951942444,-0.009456239640712738,0.6096373796463013,0.14488378167152405,0.10597558319568634,-0.15967783331871033,-0.0822053775191307,-0.07970079034566879,0.10744377225637436,-0.6455618143081665,0.1366577297449112,-0.42064982652664185,0.5094600915908813,-0.018297825008630753,0.2498163878917694,0.5091627836227417,0.3879978060722351,0.42454320192337036,-0.01572813093662262,-0.08279187977313995,-0.09464092552661896,0.06283151358366013,-0.08243714272975922,0.16823425889015198,0.39208292961120605,-0.05506874993443489,-0.019572192803025246,-0.1604609489440918,0.09407888352870941,-0.09156782180070877,-0.05940645933151245,-0.005317172966897488,0.13904452323913574,0.10999983549118042,-0.11338961124420166,-0.262185275554657,0.18085618317127228,-0.023699792101979256,-0.4462922215461731,0.0011234491830691695,-0.08837068825960159,0.09632302820682526,-0.006156945135444403,0.1342448741197586,-0.09530036151409149,0.6876664161682129,0.085634745657444,0.2490183413028717,-0.1711052656173706,-0.053924500942230225,0.19300420582294464,0.3132641017436981,-0.07513134926557541,0.2807851731777191,-0.19785022735595703,-0.29269832372665405,0.059387098997831345,-0.08159292489290237,-0.08906114101409912,-0.11242227256298065,-0.35314422845840454,-0.013003155589103699,0.04004165157675743,-0.06216300651431084,0.22506514191627502,0.09836943447589874,0.11863778531551361,-0.2583744525909424,0.19402536749839783,-0.6140095591545105,-0.16919884085655212,0.36646777391433716,0.07644057273864746,0.12577302753925323,0.7143072485923767,0.1611224114894867,-0.23073633015155792,0.18964917957782745,-0.015290225856006145,-0.21096892654895782,-0.1949499547481537,0.1732902079820633,0.26850399374961853,0.14901697635650635,-0.1015719324350357,-0.305875301361084,-0.18736007809638977,0.07319308072328568,-0.030565336346626282,0.17122092843055725,-0.06713999062776566,-0.5407595038414001,-0.5349332094192505,0.3592950701713562,-0.22806866466999054,0.13739332556724548,-0.14753499627113342,-0.3603031039237976,-0.09538662433624268,-0.1567167490720749,-0.07927554100751877,-0.665848433971405,0.02339988946914673,-0.36190685629844666,-0.037337202578783035,-0.05321235582232475,-0.05899076536297798,0.5009690523147583,-0.4562743306159973,-0.08128207921981812,-0.16536685824394226,-0.07727933675050735,-0.14225733280181885,-0.5073469877243042,-0.08540932089090347,0.2458338737487793,0.1886192262172699,0.5453341603279114,-0.09116397053003311,0.7271575331687927,-0.2382996380329132,-0.14838111400604248,0.14169684052467346,-0.03634938597679138,-0.3952700197696686,-0.028215553611516953,-0.20433154702186584,-0.030239079147577286,-0.11215174198150635,-0.3811670243740082,0.7970324158668518,-0.04316017031669617,-0.4453706741333008,0.04962759464979172,-0.033039312809705734,-0.10936639457941055,0.07284433394670486,0.25401315093040466,-0.11762366443872452,0.3502797782421112,0.43526211380958557,-0.12831540405750275,0.1138627752661705,-0.3582528531551361,-0.2663853168487549,-0.1609726995229721,0.026293933391571045,-0.024434853345155716,-0.19587041437625885,0.1684875786304474,-0.031004037708044052,0.08298446238040924,-0.19568881392478943,0.7983623147010803,-0.06858350336551666,-0.15763647854328156,-0.2550569474697113,0.034206826239824295,0.16577725112438202,0.3249608874320984,0.014221342280507088,0.15872272849082947,-0.09262964874505997,-0.025974422693252563,0.09314336627721786,0.07179998606443405,-0.7013938426971436,-0.24931268393993378,-0.08306796848773956,-0.0842001661658287,0.16341349482536316,0.18669676780700684,-0.24138513207435608,-0.4872477650642395,0.25909310579299927,0.11453543603420258,-0.21471020579338074,-0.07362005859613419,-0.15477652847766876,0.2906685173511505,-0.35705289244651794,-0.028096994385123253,-0.16100777685642242,-0.03673037886619568,-0.20654051005840302,0.07117415964603424,-0.09168759733438492,-0.06453488022089005,0.2635642886161804,-0.033980175852775574,-0.004784752149134874,0.1337244212627411,-0.21515074372291565,0.04981064796447754,-0.00393229816108942
CID000004178,415,0.10129304975271225,0.04504965990781784,-0.6969545483589172,0.16262538731098175,0.4928380846977234,-0.24907808005809784,0.08687194436788559,-0.5215577483177185,-0.20676128566265106,-0.010123511776328087,0.27084001898765564,0.2959638237953186,-0.01214822567999363,-0.16240495443344116,0.019936364144086838,0.10331623256206512,0.44366469979286194,0.15447163581848145,-0.20297086238861084,0.01565212570130825,0.05161343887448311,0.019303884357213974,0.4874221682548523,0.10142406076192856,-0.5078008770942688,-0.7386623620986938,-0.15477049350738525,-0.13370685279369354,0.07049389183521271,-0.20267002284526825,0.5116721391677856,-0.05260811001062393,-0.07961682230234146,0.2559565305709839,-0.2509823441505432,0.03111127018928528,0.7844717502593994,-0.13753658533096313,0.012227566912770271,-0.09232938289642334,-0.33830398321151733,0.49554577469825745,-0.20223455131053925,0.07434737682342529,0.0005368232959881425,0.06714050471782684,0.4229965806007385,-0.10042275488376617,-0.36575251817703247,0.06869156658649445,-0.5395075082778931,0.24130940437316895,0.4048286974430084,-0.3888123631477356,0.19494390487670898,-0.23784880340099335,-0.09163856506347656,0.6505435705184937,0.036900583654642105,0.05233987420797348,-0.1212252601981163,-0.1739424616098404,0.008314793929457664,0.6948806643486023,0.00701396306976676,0.44989943504333496,0.12191130965948105,-0.038442838937044144,0.13961268961429596,0.06134452298283577,-0.7896283864974976,0.18294981122016907,-0.3721162676811218,0.4410591125488281,-0.05659504607319832,0.5141662359237671,0.43929386138916016,0.29917097091674805,0.4421811103820801,-0.11084014177322388,-0.0016255199443548918,-0.3274421989917755,0.07833346724510193,0.19723771512508392,0.2895740866661072,0.09443466365337372,-0.24853816628456116,0.023115603253245354,-0.25446975231170654,0.12778708338737488,-0.11765030771493912,-0.05406489223241806,-0.15244247019290924,0.048777107149362564,-0.0896596908569336,-0.05515257641673088,-0.14241977035999298,0.12469878047704697,-0.15783515572547913,-0.5553462505340576,0.039991915225982666,-0.1453889161348343,0.11242375522851944,-0.06889961659908295,0.20635612308979034,-0.33285385370254517,0.47919589281082153,0.17670051753520966,0.16681785881519318,-0.08034896850585938,-0.022459739819169044,0.03723375126719475,0.5258549451828003,-0.3271770775318146,-0.023451481014490128,-0.2426484078168869,-0.05738034099340439,-0.09597786515951157,-0.15573808550834656,0.11094930022954941,-0.32450810074806213,-0.1079406887292862,0.23660072684288025,0.08567081391811371,0.02552174963057041,0.15176090598106384,0.11741079390048981,0.15879997611045837,-0.35892271995544434,0.19809095561504364,-0.5061103105545044,-0.1348991096019745,0.4410366415977478,0.42001643776893616,-0.060175977647304535,0.6223273277282715,0.10645350068807602,-0.24499757587909698,0.2901826500892639,-0.12637314200401306,-0.15422144532203674,-0.3551972806453705,0.15397538244724274,0.2434646636247635,-0.04887714982032776,-0.05212876945734024,-0.1670825481414795,0.08619551360607147,-0.20612946152687073,-0.11377300322055817,0.47089681029319763,-0.1557232141494751,-0.5636347532272339,-0.6199253797531128,0.6057969331741333,-0.33972734212875366,0.0871090292930603,0.128826305270195,-0.462226539850235,-0.06939274072647095,0.06405515968799591,-0.1614568531513214,-0.8911012411117554,0.1556548923254013,-0.3668908476829529,-0.1350570023059845,0.0018319390946999192,0.06363577395677567,0.21698680520057678,-0.3646260201931,-0.3617059290409088,-0.19529028236865997,0.03703590855002403,-0.011567744426429272,-0.4955161511898041,-0.08480380475521088,0.5320149660110474,0.062192052602767944,0.5780296325683594,-0.17633843421936035,0.403328001499176,-0.10452065616846085,-0.19016635417938232,0.2539622187614441,0.13589569926261902,-0.3464626669883728,-0.17699125409126282,-0.24232514202594757,-0.1594640016555786,-0.262541800737381,-0.31063181161880493,0.6730185747146606,-0.150002121925354,-0.35023587942123413,-0.026822153478860855,0.008987238630652428,-0.06025071069598198,-0.07241811603307724,0.11807490885257721,-0.08941590785980225,0.3628363609313965,0.323136568069458,-0.10431468486785889,-0.17114217579364777,-0.33418139815330505,-0.034134529531002045,-0.32086095213890076,-0.1675269901752472,-0.04012921825051308,0.04932047799229622,-0.08282841742038727,0.05918616056442261,0.01819516532123089,-0.26646754145622253,0.6450139284133911,0.11979696899652481,-0.16846904158592224,-0.23365096747875214,-0.057274140417575836,0.016906609758734703,0.18818309903144836,-0.1642906814813614,0.04537082090973854,-0.0073945908807218075,-0.16378898918628693,0.029762765392661095,-0.011927047744393349,-0.7465270757675171,-0.025587935000658035,0.014277033507823944,-0.04016254097223282,0.054242003709077835,0.14938423037528992,-0.38836777210235596,-0.6834681034088135,0.005776745267212391,0.128265842795372,-0.013611447997391224,-0.08437204360961914,-0.09037141501903534,0.5185863375663757,-0.5593295097351074,0.1526794731616974,-0.3033156394958496,-0.26139479875564575,-0.36114025115966797,0.09718187153339386,0.06265441328287125,-0.21967343986034393,0.2334607094526291,0.12368839979171753,-0.17451223731040955,0.020140808075666428,-0.2514824867248535,0.2074223756790161,-0.13231711089611053
CID000004107,418,0.07315760850906372,-0.230373814702034,-0.673425555229187,0.0712302178144455,0.3481506407260895,-0.1927739679813385,-0.040417928248643875,-0.5432175993919373,-0.1667211949825287,0.11659262329339981,0.15637008845806122,0.17560350894927979,-0.08088769018650055,-0.040126726031303406,0.034476302564144135,0.1520860344171524,0.5529769062995911,0.08692636340856552,-0.3572210669517517,-0.08403123915195465,-0.005200901534408331,-0.05796748399734497,0.49083489179611206,0.14427123963832855,-0.607533872127533,-0.565141499042511,-0.2321443259716034,-0.2613506615161896,0.209725022315979,-0.14043524861335754,0.2002723664045334,0.05436847358942032,-0.06294069439172745,0.13105595111846924,-0.1771300733089447,0.0003876298724208027,0.3254467248916626,-0.18353430926799774,-0.14485129714012146,0.054164476692676544,-0.35014086961746216,0.611967921257019,-0.20364975929260254,-0.1097322478890419,0.04101086035370827,0.045497722923755646,0.5117722749710083,-0.06768207252025604,-0.4907684922218323,-0.07894077152013779,-0.8562124371528625,0.675920844078064,0.4055139124393463,-0.24202334880828857,0.10964009910821915,-0.4388626217842102,-0.18126793205738068,0.7062973380088806,-0.05779431015253067,0.12900832295417786,0.006447124294936657,-0.2646724581718445,0.09958912432193756,1.0044059753417969,-0.04885478690266609,0.23153480887413025,-0.05517096072435379,-0.01874641701579094,-0.08311372995376587,0.08338876068592072,-0.7270568013191223,0.0846189334988594,-0.15049776434898376,0.5529179573059082,0.12431704998016357,0.4037926197052002,0.4312902092933655,0.23283043503761292,0.7465113401412964,-0.030283158645033836,-0.1062125563621521,-0.33369889855384827,0.13736875355243683,-0.050394535064697266,0.29630202054977417,0.11258959770202637,-0.1830291599035263,0.1507340967655182,-0.06224893778562546,0.07799394428730011,-0.040692877024412155,-0.12394533306360245,-0.12092424929141998,-0.06018391251564026,0.09902264177799225,-0.21937599778175354,-0.3080193102359772,0.17279210686683655,-0.04708661511540413,-0.4147672653198242,-0.14587467908859253,-0.11842665821313858,-0.05248740315437317,0.01387382484972477,0.10188287496566772,-0.35567691922187805,0.46762028336524963,0.1589314341545105,0.1868971884250641,-0.03220647573471069,0.07884781062602997,0.0019716056995093822,0.7800828218460083,-0.42183345556259155,0.1514110416173935,-0.05498100072145462,-0.25528568029403687,-0.010654127225279808,-0.218215674161911,-0.17910701036453247,-0.059370048344135284,-0.15934665501117706,-0.19103360176086426,-0.00477619981393218,-0.21625974774360657,0.19743458926677704,0.06357638537883759,0.0932481661438942,-0.18884451687335968,0.34230837225914,-0.6279685497283936,-0.15756526589393616,0.3948596715927124,0.32235631346702576,0.037594202905893326,0.7934814691543579,-0.007993577048182487,-0.2605718970298767,0.24825727939605713,-0.0826462060213089,-0.08554613590240479,-0.14679501950740814,0.3586844205856323,0.043684910982847214,0.19268512725830078,-0.07500863075256348,-0.418235719203949,0.23945829272270203,0.08938868343830109,0.0017903323750942945,0.4428066313266754,-0.04346119239926338,-0.5103304386138916,-0.6645281314849854,0.5345374345779419,-0.34704041481018066,-0.08666906505823135,-0.035091184079647064,-0.66259765625,-0.005012431647628546,-0.05007656663656235,-0.16627004742622375,-0.906223475933075,0.05308135226368904,-0.49495211243629456,-0.10020951926708221,0.06406319886445999,-0.08468471467494965,0.3740553855895996,-0.4241442084312439,-0.2538383901119232,-0.27009692788124084,-0.16775044798851013,-0.12364490330219269,-0.5416507720947266,-0.07890262454748154,0.440671443939209,0.06921178102493286,0.39473241567611694,-0.4318620562553406,0.37950268387794495,-0.1786273717880249,-0.14598135650157928,0.3171684443950653,-0.07866211235523224,-0.4579632878303528,-0.2551169991493225,-0.05006592720746994,0.016342878341674805,-0.137347012758255,-0.3727757930755615,0.6125302910804749,0.027861500158905983,-0.36285579204559326,-0.10418468713760376,-0.10191050916910172,-0.13984107971191406,-0.23600788414478302,0.4130469858646393,-0.066200390458107,0.7776230573654175,0.2084006369113922,-0.12348601967096329,0.0318150520324707,-0.3502858281135559,-0.12276240438222885,-0.26126664876937866,0.018793124705553055,0.2293543815612793,0.004972442984580994,-0.06703753769397736,-0.08162467181682587,0.16294004023075104,-0.22716012597084045,0.9771050214767456,-0.22640971839427948,-0.1228749006986618,-0.10306476056575775,-0.1457347869873047,0.1174507886171341,0.23271211981773376,-0.10080418735742569,0.3243190348148346,0.06877097487449646,-0.1823408156633377,0.08499585092067719,0.2244243621826172,-1.0161895751953125,-0.09665706008672714,-0.03806981071829796,0.31884536147117615,0.3129923343658447,0.022896597161889076,-0.39723652601242065,-0.7751051187515259,0.15127603709697723,0.07544051855802536,-0.12369462102651596,0.009070510976016521,-0.055978477001190186,0.0403786264359951,-0.3487040102481842,-0.03733382001519203,-0.251528799533844,-0.0630926638841629,-0.3986249566078186,0.07886340469121933,-0.3303687870502472,-0.06114931032061577,0.23352889716625214,-0.20409336686134338,-0.02985321544110775,0.2624327540397644,-0.3065127730369568,0.15331391990184784,-0.15289492905139923
CID000004506,419,0.1661277711391449,-0.11686883866786957,-0.4423893988132477,0.24568763375282288,0.2779216766357422,-0.2275318205356598,-0.005487531423568726,-0.44455233216285706,0.14636410772800446,-0.003917303867638111,0.12150976806879044,-0.050061143934726715,-0.18715058267116547,-0.10675390064716339,0.04742439463734627,-0.0573810450732708,-0.04988710954785347,0.11044368892908096,-0.19105452299118042,0.038080547004938126,-0.1469852477312088,-0.14195139706134796,0.5340316891670227,-0.048745959997177124,-0.5917114019393921,-0.6090510487556458,0.12344159185886383,-0.34862083196640015,0.21249894797801971,0.1611717939376831,0.4837467074394226,0.022604798898100853,-0.04098886996507645,0.07069332897663116,-0.06866113096475601,0.23186750710010529,0.03389200195670128,-0.20245786011219025,0.23753590881824493,0.19163204729557037,-0.1441681683063507,0.31537172198295593,-0.46802306175231934,0.12243771553039551,0.028248380869627,0.07144337892532349,0.34189844131469727,-0.1115206852555275,-0.5586093068122864,0.008417459204792976,-0.2970779538154602,0.3838728666305542,0.3481694161891937,-0.32717132568359375,0.16320300102233887,0.0049396418035030365,-0.15658071637153625,0.5949729084968567,0.06906753778457642,-0.2985560894012451,-0.16031469404697418,-0.23393158614635468,0.04350516200065613,0.7536171078681946,-0.017947353422641754,0.2395002841949463,-0.1025652289390564,0.10378651320934296,-0.1607670933008194,0.1011536568403244,-0.7177276015281677,-0.02963484451174736,-0.4058104455471039,0.3560710549354553,-0.07626707851886749,0.4074943959712982,0.5438359379768372,0.2893744111061096,0.3174155652523041,-0.1613704413175583,-0.0138633344322443,0.09512574970722198,-0.0647592544555664,0.08044369518756866,-0.05572596937417984,0.19746606051921844,-0.5681964755058289,-0.06208395957946777,-0.3709993064403534,-0.0649581104516983,-0.028573688119649887,0.15058118104934692,-0.12815368175506592,-0.1644723117351532,0.23588359355926514,-0.009599819779396057,-0.03372920677065849,0.24592652916908264,-0.025926101952791214,-0.6353732943534851,0.14654365181922913,0.17654061317443848,0.2639254629611969,-0.039498068392276764,0.1371394246816635,-0.162387877702713,0.3575683832168579,0.031557999551296234,0.11530312150716782,0.015683267265558243,0.15316614508628845,-0.17252472043037415,0.5508278012275696,-0.26300129294395447,0.07772685587406158,-0.06524454057216644,-0.05201559513807297,0.022270500659942627,-0.19079455733299255,0.07588483393192291,-0.3811424672603607,-0.389394611120224,-0.07738983631134033,0.1557961404323578,-0.12292716652154922,0.08276726305484772,0.00015609301044605672,0.22979824244976044,-0.27248674631118774,0.09161327034235,-0.5696879625320435,-0.2797817289829254,0.2577502131462097,0.12357765436172485,-0.05477609485387802,0.5682303309440613,-0.13732953369617462,-0.09763910621404648,0.21687932312488556,-0.08466871082782745,-0.05321335792541504,-0.18251290917396545,0.08683671802282333,-0.052140362560749054,0.4762169420719147,-0.12544795870780945,-0.1277032345533371,0.04202290624380112,0.0049211978912353516,-0.2003881186246872,0.3478614389896393,0.00729868421331048,-0.5054246187210083,-0.5282681584358215,0.9265457391738892,-0.27698245644569397,-0.1242155060172081,-0.17513838410377502,-0.24415497481822968,-0.07719788700342178,-0.011046077124774456,-0.012986890971660614,-0.6139711141586304,0.15020433068275452,-0.568723738193512,-0.20304277539253235,-0.19757220149040222,-0.17748546600341797,0.37579184770584106,-0.7871214747428894,-0.14157502353191376,-0.06142263486981392,-0.05323438718914986,-0.06984974443912506,-0.3050728738307953,-0.07655379921197891,0.2173062264919281,0.07199977338314056,0.6017082929611206,-0.02074352465569973,0.7600368857383728,-0.1973918378353119,-0.15106472373008728,0.41155576705932617,-0.10084793716669083,-0.30041760206222534,0.05359894782304764,-0.267969012260437,0.00819770060479641,-0.30725595355033875,-0.28945261240005493,0.5542144775390625,0.06284524500370026,-0.5458704233169556,0.0049186707474291325,0.019036367535591125,-0.1080709919333458,0.08900091052055359,0.20969000458717346,0.11527301371097565,0.2932368218898773,0.09729357063770294,-0.10467588901519775,0.03531889617443085,-0.5659371614456177,-0.2111702263355255,-0.30899733304977417,-0.18751493096351624,0.008554349653422832,-0.24466164410114288,-0.12137770652770996,0.11202187836170197,-0.025468429550528526,-0.2865414619445801,0.3031071424484253,-0.11730881780385971,-0.28532761335372925,0.06273915618658066,-0.058871664106845856,0.0013383030891418457,0.38288211822509766,-0.18868324160575867,0.26654571294784546,-0.17584657669067383,-0.013222699984908104,0.1675368845462799,-0.1517365276813507,-0.5918148756027222,-0.02468213252723217,0.16204500198364258,-0.043990425765514374,0.1323685348033905,0.14577287435531616,-0.1523710936307907,-0.7881110310554504,0.18161416053771973,0.13383445143699646,-0.07996051013469696,-0.12056893110275269,0.012236290611326694,0.27067089080810547,-0.5277040004730225,-0.00585169205442071,-0.16321620345115662,-0.18757352232933044,-0.5564974546432495,-0.02402041293680668,0.12310830503702164,-0.3396143317222595,0.5189009308815002,0.1581590324640274,0.13791657984256744,0.10204698890447617,-0.011504271999001503,0.13822117447853088,-0.11248862743377686
CID000119182,420,0.13197167217731476,-0.2354998141527176,-0.7802438735961914,0.05838625878095627,0.07341119647026062,-0.15839959681034088,-0.03557392954826355,-0.6425274610519409,0.27202561497688293,-0.5435968637466431,0.2948945462703705,-0.06780718266963959,-0.1764281541109085,-0.23743295669555664,0.04864829033613205,0.3507100045681,0.11967625468969345,0.23717360198497772,-0.2237205058336258,-0.12398799508810043,-0.2697773575782776,-0.2600824236869812,0.32341694831848145,-0.01855647563934326,-1.432328701019287,-1.0206695795059204,-0.5136598348617554,0.044691991060972214,-0.07784798741340637,-0.06983134150505066,0.8666694760322571,0.07016454637050629,0.2531895935535431,0.3419894278049469,-0.22934675216674805,-0.10320787131786346,0.9253811836242676,-0.09476149827241898,0.01359501201659441,-0.056179046630859375,0.14039872586727142,0.8417723774909973,-0.577133059501648,0.002516931388527155,-0.2893339991569519,-0.0942361131310463,0.9341480135917664,-0.06590063869953156,-0.5094987154006958,0.07314328849315643,-0.45584648847579956,0.1328955888748169,0.17225222289562225,-0.27145928144454956,0.16761095821857452,-0.19250056147575378,-0.020553279668092728,1.0455137491226196,0.2561264634132385,0.19966641068458557,0.002715718699619174,0.02674437128007412,-0.06494207680225372,0.3236198127269745,0.17938640713691711,0.20715174078941345,0.3304242491722107,-0.20803682506084442,-0.01379117090255022,0.21876175701618195,-0.6086169481277466,-0.11411026865243912,-0.21191081404685974,0.44167518615722656,0.19359558820724487,0.1140776053071022,0.7359410524368286,0.4136408865451813,0.4160519540309906,-0.0020791112910956144,0.051164329051971436,-0.6373949646949768,0.18121437728405,-0.1507246345281601,0.09604473412036896,0.013134956359863281,-0.5636805295944214,0.120888352394104,-0.2427486926317215,0.3144773840904236,-0.19186680018901825,-0.368905633687973,-0.037935521453619,-0.12703922390937805,-0.1725371927022934,0.07746070623397827,0.0016341626178473234,0.031788118183612823,0.1378243863582611,-1.511702537536621,0.007066654972732067,0.18311814963817596,-0.022217771038413048,-0.13158495724201202,-0.10808013379573822,-0.10782013833522797,0.7229920625686646,-0.025509944185614586,0.03070763871073723,0.029262468218803406,0.20010006427764893,-0.1273171752691269,0.3315507471561432,-0.39745771884918213,-0.1243787407875061,-0.2930033206939697,-0.4004458487033844,0.12090210616588593,0.14374956488609314,0.002917452249675989,-0.46659383177757263,-0.35771939158439636,-0.11248817294836044,0.2773882746696472,-0.1905924528837204,0.04207010194659233,0.07695823907852173,0.297823429107666,-0.049104053527116776,0.10850165039300919,-0.5648282766342163,0.04238845780491829,-0.10661529004573822,0.07334165275096893,0.12855350971221924,0.7782934308052063,-0.010665154084563255,0.03634002059698105,0.2092195451259613,0.1581178903579712,-0.0034271448384970427,-0.13249078392982483,-0.005621280521154404,0.30876851081848145,0.1926346868276596,-0.18202276527881622,-0.11663995683193207,0.259645015001297,0.27755191922187805,-0.2245984971523285,0.35718798637390137,-0.24504804611206055,-0.29553478956222534,-1.0856781005859375,0.5374064445495605,0.10377804934978485,0.24717029929161072,0.08472314476966858,-0.7140038013458252,0.1878858357667923,-0.4139837324619293,0.06311531364917755,-1.0895802974700928,0.15165022015571594,-0.40526777505874634,-0.1004408597946167,0.26446473598480225,0.058340899646282196,1.5372768640518188,-0.5175223350524902,-0.1309535801410675,0.12226124107837677,-0.00595661997795105,0.06910191476345062,-0.47362232208251953,-0.037240009754896164,0.11451174318790436,-0.0060998620465397835,0.4623135030269623,0.35973867774009705,0.7370865941047668,0.05185052007436752,-0.28673461079597473,1.155909776687622,0.04587021842598915,-0.15227289497852325,0.12171392142772675,0.033740513026714325,-0.42411789298057556,-0.11081396043300629,-0.2143639773130417,1.7061973810195923,-0.09557540714740753,-0.29122239351272583,-0.22215569019317627,-0.07026363909244537,-0.16761763393878937,-0.014376533217728138,1.1942956447601318,-0.10895700752735138,0.7989891767501831,0.300687700510025,0.17900656163692474,0.8181182146072388,-0.4753226339817047,0.15084630250930786,-0.4365929961204529,-0.014618715271353722,0.008878392167389393,0.22524359822273254,0.02607550285756588,-0.18170122802257538,-0.20942488312721252,-0.03632544353604317,0.6462540626525879,0.05140850692987442,-0.42966586351394653,-0.2401626855134964,-0.19878101348876953,0.22779996693134308,0.0062455059960484505,-0.009328407235443592,-0.06912659108638763,-0.15082024037837982,-0.07034804672002792,0.16330422461032867,0.06965312361717224,-0.48603272438049316,-0.09067975729703903,0.09559915959835052,0.0984589084982872,0.1081523671746254,0.11677531898021698,-0.09512396156787872,-0.6114194989204407,0.11169006675481796,0.17820486426353455,0.25145938992500305,-0.22672143578529358,0.09816309064626694,1.269514799118042,-0.2838018238544464,0.0881698951125145,-0.35734182596206665,-0.041874803602695465,-0.4572600722312927,0.09323031455278397,-0.15406866371631622,-0.14291426539421082,0.3771527409553528,0.1325104534626007,0.2193024456501007,0.27082374691963196,0.03881330043077469,0.35087013244628906,-0.08423928916454315
CID000005978,421,0.17916248738765717,-0.35294243693351746,-0.8051416277885437,0.03715543448925018,0.22566600143909454,-0.2295820713043213,0.21890687942504883,-0.8604222536087036,-0.11414287239313126,-0.34738388657569885,0.748587965965271,0.1601964831352234,-0.12282582372426987,-0.052254341542720795,-0.21418122947216034,0.24217407405376434,0.2071538269519806,0.15009044110774994,-0.058487553149461746,-0.01028734166175127,-0.3340330123901367,0.16316334903240204,0.2623603940010071,-0.06524091958999634,-1.0190904140472412,-1.0936214923858643,-0.5720263123512268,0.008740049786865711,0.14321061968803406,-0.09419763088226318,0.9622025489807129,-0.06410767138004303,0.130381241440773,0.3021194636821747,-0.16592590510845184,-0.22060242295265198,0.42505040764808655,0.06063355132937431,0.19058123230934143,-0.03552127629518509,-0.09116210043430328,0.5586630702018738,-0.13236519694328308,-0.17554953694343567,-0.1519252061843872,0.0054811956360936165,1.0502718687057495,-0.2956407070159912,-0.6510098576545715,0.13787707686424255,-0.887669563293457,0.06186695024371147,0.3756893277168274,-0.11391880363225937,0.16910164058208466,-0.34820228815078735,0.13593094050884247,0.9518738985061646,-0.17770569026470184,0.23660533130168915,-0.14125174283981323,-0.035900212824344635,-0.08459490537643433,0.6492168307304382,0.16273336112499237,0.34988340735435486,0.2956286072731018,-0.17145760357379913,0.060764379799366,0.09335564821958542,-0.5742307901382446,0.10725031048059464,-0.5949650406837463,0.3822970986366272,-0.059143662452697754,0.09023584425449371,0.3392581343650818,0.21132707595825195,1.0151302814483643,0.15848098695278168,0.00046966076479293406,-0.4435408115386963,-0.0654032826423645,-0.10983948409557343,0.208964541554451,0.03634687513113022,-0.5940039753913879,-0.20939037203788757,-0.1334415078163147,0.18507938086986542,-0.23428897559642792,-0.3880023956298828,-0.2633839547634125,0.12386578321456909,0.14954310655593872,0.08997897803783417,-0.06358276307582855,0.23649749159812927,-0.04851691797375679,-1.4521867036819458,-0.048108845949172974,0.19196151196956635,-0.12734952569007874,-0.21088778972625732,0.0864313393831253,-0.042467229068279266,0.8005903363227844,0.147035151720047,-0.06910198926925659,0.06909148395061493,0.3568919897079468,0.15607622265815735,0.35335832834243774,-0.7187957763671875,0.08210069686174393,-0.2207440584897995,-0.19854900240898132,0.3012801706790924,0.24882547557353973,0.3719232976436615,-0.2543042004108429,-0.2847532033920288,-0.12229901552200317,-0.004726850893348455,0.29479512572288513,-0.03909872844815254,0.2985725402832031,-0.06994248926639557,-0.20366796851158142,0.41239041090011597,-0.7147716283798218,-0.002115245210006833,0.267322838306427,0.09252814948558807,-0.05382692068815231,0.7894926071166992,-0.20132164657115936,-0.12781982123851776,0.4726324677467346,-0.29108110070228577,0.03101278468966484,-0.054004967212677,-0.02912122569978237,0.2312265932559967,0.11091740429401398,0.09116102010011673,-0.1376442015171051,0.30870601534843445,0.2079090178012848,-0.077675960958004,0.6324251890182495,-0.1420959234237671,-0.5263983607292175,-1.1717731952667236,0.7529203295707703,0.11707977205514908,0.12965065240859985,0.3020438551902771,-0.6270447969436646,0.13498437404632568,-0.05166729539632797,-0.04269832372665405,-1.0337129831314087,0.05812092870473862,-0.5552754402160645,0.06145762279629707,-0.00590880773961544,0.10660098493099213,1.246789574623108,-0.6100170612335205,-0.22696948051452637,0.04725850746035576,-0.1409117430448532,0.3093671202659607,-0.5351771116256714,-0.5597995519638062,0.3933446705341339,-0.19044995307922363,0.49936923384666443,0.3031938374042511,0.28934425115585327,-0.1846494972705841,-0.1218777671456337,0.8074629902839661,-0.04108361154794693,-0.24625249207019806,-0.19855563342571259,0.08569259941577911,-0.33248618245124817,-0.2877584993839264,-0.6277148723602295,1.452699899673462,-0.1370575726032257,-0.037461329251527786,-0.2548643946647644,-0.3307039141654968,-0.0806235522031784,0.07736508548259735,1.2192370891571045,-0.23802408576011658,0.8342644572257996,0.24047482013702393,0.16796277463436127,1.2619627714157104,-0.4868054986000061,0.37665414810180664,-0.398093581199646,0.007297003176063299,-0.061028383672237396,0.16838784515857697,-0.28601768612861633,0.022551853209733963,0.0020535229705274105,-0.13835281133651733,0.6498032808303833,0.4122859835624695,-0.3768567740917206,-0.15013742446899414,-0.10144177824258804,0.06798170506954193,0.06441520154476166,0.12468363344669342,0.10649275779724121,-0.3927333354949951,-0.17788109183311462,0.41091856360435486,0.09764882177114487,-0.49985331296920776,-0.009668052196502686,0.24145159125328064,0.11212422698736191,0.19299253821372986,0.3290886878967285,-0.08529777824878693,-0.8255173563957214,0.15586045384407043,0.04459364339709282,0.05950657278299332,-0.2749566435813904,-0.17135098576545715,1.2470141649246216,-0.30743029713630676,0.04214091598987579,-0.3937808871269226,-0.1824740469455719,-0.6171910166740417,-0.14434024691581726,0.013726157136261463,-0.21716220676898956,0.4915647506713867,0.056107811629772186,0.07329051196575165,0.13925489783287048,-0.10916086286306381,0.5050877332687378,0.030636539682745934
CID000003461,422,-0.025394370779395103,-0.06764532625675201,-0.7224289774894714,0.18116745352745056,0.2470010221004486,0.02591235563158989,0.09652535617351532,-0.6947934627532959,0.38182201981544495,-0.26626455783843994,0.30227047204971313,0.09681187570095062,0.05519283935427666,-0.12706467509269714,-0.27980026602745056,0.05566900968551636,0.20454064011573792,0.28253525495529175,-0.126250222325325,-0.3462018370628357,-0.49117860198020935,-0.06248874217271805,0.33850210905075073,0.13009649515151978,-1.8786218166351318,-1.0189177989959717,-0.9169483184814453,0.23787732422351837,-0.3064568042755127,-0.11831803619861603,1.1124454736709595,-0.1797288954257965,0.15417003631591797,0.4792291522026062,-0.5371255874633789,0.1923161745071411,1.5337334871292114,0.018322814255952835,-0.0634249672293663,0.05222976207733154,-0.008404731750488281,0.9120697975158691,-0.4765476584434509,-0.016587192192673683,-0.11383439600467682,-0.03514828532934189,0.671963095664978,0.08192507922649384,-0.31819814443588257,0.010449285618960857,-1.069287896156311,0.2201726883649826,0.20493201911449432,-0.2737967371940613,0.37854114174842834,-0.1255360245704651,-0.0790795311331749,0.9984050989151001,0.49323612451553345,0.35289615392684937,0.16426201164722443,-0.16209304332733154,0.473899781703949,0.5672093629837036,0.27812376618385315,0.4409779906272888,0.07225646078586578,-0.1705942302942276,-0.11866863071918488,0.33274325728416443,-0.31108397245407104,0.042377036064863205,-0.6115607619285583,0.4685768485069275,-0.015125535428524017,0.23377792537212372,0.6692209839820862,0.2092481553554535,0.8857254981994629,-0.16731293499469757,-0.17639140784740448,-0.7257939577102661,0.28942474722862244,-0.24803224205970764,0.037369534373283386,0.3596341013908386,-0.34534287452697754,-0.15413984656333923,-0.001589614199474454,0.13047872483730316,-0.24887295067310333,-0.4256914258003235,-0.14702706038951874,-0.10415017604827881,0.16487917304039001,0.0738753154873848,-0.0204307921230793,0.22336812317371368,-0.24056367576122284,-1.8973346948623657,-0.2946881651878357,0.3240671455860138,0.2072143256664276,-0.11385779082775116,0.2701576352119446,-0.36871224641799927,1.3053005933761597,-0.10382833331823349,0.05834406614303589,-0.27223414182662964,-0.08301535993814468,0.03437921777367592,0.07858365774154663,-0.8542440533638,-0.05914280563592911,-0.3948138356208801,-0.6955313682556152,0.15290793776512146,-0.06934656202793121,0.1608220785856247,-0.3996315002441406,-0.382894366979599,0.0018629968399181962,0.26690834760665894,0.3334989845752716,-0.11431434005498886,0.1782989203929901,0.19794264435768127,-0.06483889371156693,0.36791908740997314,-0.7802165746688843,-0.1882423311471939,0.14250795543193817,0.23527903854846954,-0.05039573833346367,1.037148118019104,0.14625467360019684,0.20772969722747803,0.18964916467666626,0.1743800938129425,-0.04430537298321724,-0.11136189848184586,-0.29739290475845337,0.20362503826618195,0.14220589399337769,-0.3910154700279236,-0.03135832026600838,0.4062889516353607,0.24735207855701447,-0.14137127995491028,0.6711540222167969,0.011788132600486279,-0.2720699906349182,-1.0772440433502197,0.4890228807926178,0.2584892213344574,0.3204553723335266,0.19695787131786346,-0.4306076467037201,0.13526427745819092,-0.1949974000453949,0.37824398279190063,-0.8819845914840698,0.2982648015022278,-0.3235664963722229,-0.0665651336312294,0.10268030315637589,-0.22803156077861786,1.276963710784912,-0.2600710093975067,0.1010003536939621,-0.06930728256702423,-0.10493834316730499,-0.11786242574453354,-0.5201777815818787,0.08291798830032349,0.7299835085868835,0.06963647902011871,0.317595899105072,0.31008392572402954,0.4105242192745209,-0.12079639732837677,-0.4206995368003845,1.3541573286056519,-0.06109384447336197,-0.670960545539856,0.36692023277282715,0.19537633657455444,-0.3130989670753479,-0.2509603202342987,-0.058730095624923706,1.7828972339630127,-0.268440306186676,-0.15978433191776276,-0.1980421394109726,-0.14367030560970306,-0.09683782607316971,-0.12516899406909943,1.9701976776123047,-0.07919237017631531,0.4980674684047699,0.39349907636642456,-0.17225627601146698,0.7206805348396301,-0.42537373304367065,-0.19182924926280975,-0.22079738974571228,-0.09708216041326523,0.1253579556941986,0.38346606492996216,-0.23170223832130432,-0.10543431341648102,-0.17801249027252197,-0.08777894079685211,0.830845057964325,0.13028797507286072,0.09318561851978302,-0.21955308318138123,0.018688658252358437,0.5044745206832886,-0.3029397428035736,0.037196654826402664,0.47321048378944397,-0.36303630471229553,-0.010655981488525867,0.2795327305793762,-0.34982314705848694,-0.730992317199707,0.03809884935617447,0.133886456489563,0.02273770608007908,0.07721631973981857,0.05245770141482353,-0.10739221423864365,-0.7228535413742065,0.3403480350971222,0.11548920720815659,-0.19827722012996674,0.09539435058832169,0.07734096050262451,1.8723151683807373,-0.06458473205566406,0.09117171913385391,-0.2749266028404236,0.0026027262210845947,-0.3608471751213074,0.0759403258562088,0.2395673245191574,-0.2885902523994446,0.47238436341285706,0.3131062686443329,0.07112094759941101,-0.11534072458744049,0.14151866734027863,0.1986035257577896,0.01718047820031643
CID000002156,423,-0.005574527196586132,-0.5029224157333374,-0.581291913986206,-0.09064269065856934,0.31470081210136414,-0.13947676122188568,0.03738396242260933,-0.445110023021698,-0.28689104318618774,0.09820789843797684,0.5136650800704956,0.047428932040929794,-0.0005661033210344613,-0.18898408114910126,0.042515188455581665,0.4041083753108978,0.2383425235748291,-0.0550776943564415,-0.20747101306915283,-0.04648028686642647,-0.11925768852233887,-0.01058377604931593,0.36774277687072754,-0.036858730018138885,-0.5320850610733032,-0.7348411083221436,-0.43879905343055725,-0.03368031978607178,0.015328717418015003,0.0946023091673851,0.7825194001197815,-0.005631096661090851,0.014055180363357067,0.3252519369125366,-0.8208460807800293,0.009251576848328114,0.5197325348854065,-0.1481858193874359,0.0008725047227926552,-0.09150166809558868,-0.2591884136199951,0.3417888283729553,-0.3244550824165344,-0.011799079366028309,-0.04144373536109924,0.12151814997196198,0.5866094827651978,-0.10516438633203506,-0.622153103351593,-0.053201161324977875,-0.7015002369880676,0.10107283294200897,0.38693904876708984,-0.1834738552570343,0.12246598303318024,-0.4548715651035309,-0.16206999123096466,0.6933532953262329,0.05303863435983658,-0.022538859397172928,-0.11914940178394318,-0.38617637753486633,-0.02779720351099968,0.6673965454101562,0.0018114864360541105,0.2584429383277893,-0.1637396365404129,-0.03581457585096359,-0.11169443279504776,0.18049001693725586,-0.8310863375663757,0.20436802506446838,-0.5818803906440735,0.4612911641597748,-0.0399605855345726,0.10638447850942612,0.2545791268348694,0.22045162320137024,0.7201144099235535,-0.015932699665427208,-0.14021137356758118,-0.2567606568336487,0.12124290317296982,-0.1033150926232338,0.28869888186454773,0.3518511652946472,-0.32733339071273804,-0.030585849657654762,-0.10914812237024307,0.01052560843527317,-0.08455170691013336,-0.03302492946386337,-0.08907432109117508,0.17389467358589172,0.13193869590759277,-0.18217281997203827,-0.29456254839897156,0.19835057854652405,0.050556741654872894,-0.8924504518508911,0.00450229924172163,-0.12376639991998672,0.20649752020835876,-0.0023415028117597103,0.2730392813682556,-0.01399500947445631,0.7371914386749268,-0.07071594893932343,0.2911975085735321,-0.11157156527042389,-0.01860574074089527,0.10962450504302979,0.393728643655777,-0.35107526183128357,0.22389468550682068,-0.21494217216968536,-0.37056368589401245,0.12250043451786041,0.019781965762376785,0.16240191459655762,-0.10868215560913086,-0.4181859493255615,0.12993629276752472,0.07966463267803192,-0.05382723733782768,0.06953330338001251,0.10716307163238525,0.06829718500375748,-0.15807142853736877,0.39668330550193787,-0.6797765493392944,-0.05948923900723457,0.3615347743034363,0.23923298716545105,0.01831458881497383,0.6891201734542847,0.29283377528190613,-0.24319186806678772,0.21864981949329376,-0.04198811575770378,-0.24052634835243225,-0.2918798327445984,0.05958216264843941,0.4345096945762634,0.16081532835960388,-0.010452969931066036,-0.3512497842311859,0.04900503531098366,-0.04400109127163887,-0.05600028485059738,0.419666588306427,-0.10861978679895401,-0.6440247893333435,-0.7489920854568481,0.5119591951370239,-0.2173633575439453,0.22710883617401123,-0.07395003736019135,-0.3680625259876251,0.029151910915970802,-0.1619996875524521,-0.05302898958325386,-0.7338799238204956,-0.11781992018222809,-0.4194527268409729,-0.15915285050868988,0.017396200448274612,-0.11391047388315201,0.5503754019737244,-0.5344842672348022,-0.10946637392044067,-0.13754817843437195,-0.07517735660076141,-0.16381318867206573,-0.5851823687553406,-0.00331723690032959,0.45027604699134827,0.06521887332201004,0.47638994455337524,0.1480894535779953,0.5366069674491882,-0.18460774421691895,-0.15298108756542206,0.4179706573486328,-0.0038656354881823063,-0.622624933719635,-0.08639652281999588,-0.25131967663764954,-0.006113267038017511,-0.2162889987230301,-0.47383251786231995,1.1743110418319702,0.056399740278720856,-0.33848920464515686,0.03958364203572273,-0.11966333538293839,-0.0702429860830307,0.06713848561048508,0.39908042550086975,-0.2134970724582672,0.4318615794181824,0.3102572560310364,-0.140816792845726,0.3929767310619354,-0.41912707686424255,-0.08859585225582123,-0.1835797131061554,-0.015471965074539185,0.04346100613474846,-0.08869707584381104,0.3034789562225342,-0.015307349152863026,0.24829013645648956,-0.19874140620231628,0.8261090517044067,-0.011706153862178326,-0.225874662399292,-0.21504482626914978,0.03433613106608391,0.25806349515914917,0.17065174877643585,0.03011099062860012,0.04722452908754349,0.03263644874095917,-0.0312265045940876,0.14774855971336365,0.09474018216133118,-0.6977249383926392,-0.36995095014572144,-0.09751349687576294,-0.058344773948192596,0.13066379725933075,0.23970353603363037,-0.19932004809379578,-0.5480369925498962,0.34404128789901733,0.16309574246406555,-0.20903587341308594,-4.86462377011776e-05,-0.12789461016654968,0.4512157440185547,-0.2805078625679016,0.0037641525268554688,-0.1477993130683899,0.04853895679116249,-0.28179168701171875,-0.014006786048412323,0.07002824544906616,-0.01487876009196043,0.38690653443336487,0.09270548820495605,-0.06064755842089653,0.03980184718966484,-0.006037640385329723,0.1340857744216919,-0.02420300804078579
CID000005651,424,0.2814466059207916,-0.3330341577529907,-0.7910072803497314,-0.03811487555503845,0.1858792006969452,-0.2505025267601013,0.2198111116886139,-0.9105561971664429,0.03672994300723076,-0.44238051772117615,0.6262767314910889,0.0973142758011818,-0.20960184931755066,-0.03727700561285019,-0.06250594556331635,0.3643452227115631,0.153092622756958,0.10533247143030167,-0.2955474257469177,-0.0031312168575823307,-0.06481598317623138,-0.09162885695695877,0.29388925433158875,-0.22919897735118866,-1.1709599494934082,-0.9731055498123169,-0.40930333733558655,-0.10480369627475739,0.18030154705047607,-0.19142457842826843,0.9578251838684082,0.07680575549602509,0.16943714022636414,0.2535242438316345,-0.24968068301677704,-0.003063369542360306,0.421586811542511,0.15544043481349945,0.08967480063438416,-0.04338071867823601,0.03291531279683113,0.6752625703811646,-0.2895776331424713,-0.02441232092678547,0.05912603810429573,-0.01125770527869463,1.089329481124878,-0.18495015799999237,-0.6465784311294556,0.1633223444223404,-0.8155768513679504,-0.35627758502960205,0.3842349350452423,-0.06357207149267197,0.05600045248866081,-0.27095478773117065,0.05823860317468643,0.8975558280944824,-0.07530874013900757,0.021245833486318588,-0.16814009845256805,0.16806288063526154,-0.10233466327190399,0.44378843903541565,0.20337195694446564,0.3546822667121887,0.34568482637405396,-0.19321590662002563,0.03397370129823685,0.04601247236132622,-0.5953285694122314,0.043043382465839386,-0.4234192371368408,0.3863855302333832,-0.11497540771961212,0.04163172096014023,0.5044490694999695,0.111247219145298,0.7904578447341919,0.20754209160804749,-0.15233664214611053,-0.4443301558494568,0.06768915802240372,0.04739069938659668,0.22553880512714386,0.05902613326907158,-0.8670142889022827,-0.11618328094482422,-0.06903905421495438,0.2984074652194977,-0.3026880621910095,-0.3737301230430603,-0.2831256091594696,0.09968418627977371,0.031574081629514694,0.1058129221200943,-0.015360364690423012,0.11891233921051025,-0.03440137207508087,-1.6213667392730713,-0.15390785038471222,0.2955484986305237,-0.11160750687122345,-0.1846984326839447,0.06587247550487518,-0.012542352080345154,0.7781134843826294,-0.013152414932847023,-0.0854809507727623,0.034776005893945694,0.2694503366947174,0.18762178719043732,0.25615429878234863,-0.6216107606887817,0.10583178699016571,-0.25359195470809937,-0.2282884418964386,0.17110112309455872,0.3668247163295746,0.3358366787433624,-0.20394179224967957,-0.3567792475223541,-0.25401562452316284,0.09450389444828033,0.20387820899486542,0.039714790880680084,0.2145630419254303,-0.03739287704229355,-0.1933678388595581,0.2933831810951233,-0.5215584635734558,0.08980097621679306,0.1570034921169281,0.1718786507844925,-0.13538779318332672,0.5854455828666687,-0.17487861216068268,-0.18698853254318237,0.4845786690711975,-0.2226395606994629,0.05530650541186333,0.014848411083221436,0.06858597695827484,0.23922765254974365,0.13155390322208405,0.09196088463068008,-0.3935956358909607,0.34073811769485474,0.02677370235323906,-0.22945530712604523,0.6212732791900635,-0.2638372480869293,-0.5523893237113953,-1.0784231424331665,0.8076261281967163,0.03747230023145676,0.008538645692169666,0.2794831097126007,-0.7050212621688843,0.1412326991558075,0.018480543047189713,-0.043065253645181656,-1.095975399017334,0.1030101627111435,-0.5726523399353027,0.09029979258775711,0.04208873584866524,0.029391508549451828,1.3167170286178589,-0.6355527639389038,-0.16752657294273376,-0.04417663440108299,-0.023633068427443504,0.2654423713684082,-0.48531097173690796,-0.40349259972572327,0.387831449508667,-0.17640778422355652,0.42450347542762756,0.5721873641014099,0.49635133147239685,-0.15822161734104156,-0.030144402757287025,0.9576082229614258,-0.12327058613300323,-0.3377726972103119,-0.23645594716072083,-0.10623916238546371,-0.2154708206653595,-0.21746066212654114,-0.615873396396637,1.515750765800476,-0.11734847724437714,-0.13432317972183228,-0.2321278303861618,-0.18554608523845673,-0.2785428464412689,0.1153673306107521,1.2925633192062378,-0.14984841644763947,0.7666173577308655,0.24349799752235413,0.07293512672185898,1.1255595684051514,-0.4463593065738678,0.30096954107284546,-0.4234592914581299,0.08735556900501251,0.09552321583032608,0.11135618388652802,-0.1494651883840561,0.0034859857987612486,-0.024050001055002213,-0.11356429755687714,0.49284830689430237,0.32770735025405884,-0.3796592950820923,-0.33965227007865906,-0.039397187530994415,-0.026553908362984657,0.06643402576446533,0.11930789798498154,-0.10003087669610977,-0.24240854382514954,-0.10373512655496597,0.3186649978160858,0.03716203197836876,-0.558223307132721,-0.19538526237010956,0.23864570260047913,0.1853215992450714,0.04599286988377571,0.4392351508140564,-0.08522360771894455,-0.7970365881919861,0.10702403634786606,-0.009155194275081158,-0.10340895503759384,-0.27819791436195374,-0.28543639183044434,1.3835351467132568,-0.29737478494644165,0.05403153970837593,-0.38173341751098633,-0.1326381117105484,-0.6332886815071106,-0.14521090686321259,-0.11751525104045868,-0.020338362082839012,0.4637863039970398,0.036682870239019394,0.045788493007421494,0.1351163685321808,-0.17924118041992188,0.5104839205741882,0.05867166444659233
CID003002190,425,0.2847593128681183,-0.20597949624061584,-0.684503436088562,-0.0087702926248312,0.10364124923944473,-0.3082209527492523,0.16306376457214355,-0.8565974235534668,0.029864082112908363,-0.5048757791519165,0.5822125673294067,0.05703558772802353,-0.1920839548110962,-0.07971233874559402,-0.03867792710661888,0.37320393323898315,0.1558235138654709,0.1363806128501892,-0.3201495110988617,-0.029297882691025734,-0.039018500596284866,-0.13693945109844208,0.23027119040489197,-0.18215057253837585,-1.0728023052215576,-0.9441910982131958,-0.4709864556789398,-0.174153670668602,0.21079769730567932,-0.10372640192508698,0.9820953607559204,0.10811438411474228,0.10228323936462402,0.2105473279953003,-0.2132491171360016,-0.034241944551467896,0.39733150601387024,0.20863771438598633,-0.051622577011585236,-0.015086757019162178,-0.0019497632747516036,0.6669466495513916,-0.12304238229990005,-0.10705653578042984,0.054561126977205276,-0.02783164381980896,1.0453672409057617,-0.12300944328308105,-0.6087344884872437,0.12975665926933289,-0.8842876553535461,-0.33361008763313293,0.31267327070236206,-0.15264089405536652,-0.11274037510156631,-0.2618652284145355,0.10149546712636948,0.8207851648330688,-0.008520287461578846,0.04960143193602562,-0.14183814823627472,0.20733097195625305,-0.04159948229789734,0.4007323682308197,0.11029074341058731,0.4752426743507385,0.33255428075790405,-0.19457991421222687,-0.029206683859229088,0.02900916337966919,-0.5573011636734009,0.10399434715509415,-0.39989814162254333,0.3909763991832733,-0.07300442457199097,0.14060625433921814,0.5105569362640381,0.13723959028720856,0.7606315612792969,0.14238093793392181,-0.05302435904741287,-0.43263640999794006,0.13196808099746704,0.045352786779403687,0.16677577793598175,0.04854106158018112,-0.7147485017776489,-0.18571655452251434,-0.16770115494728088,0.35651132464408875,-0.2907715439796448,-0.24740421772003174,-0.3237183392047882,0.1256609708070755,-0.002053892705589533,0.03996824473142624,0.00555537361651659,0.050491899251937866,-0.08551613241434097,-1.5085033178329468,-0.21222829818725586,0.2663908898830414,-0.04675234481692314,-0.1510317623615265,0.054141122847795486,0.022348254919052124,0.8184572458267212,0.06259731948375702,-0.1309060901403427,-0.08514925092458725,0.1991586983203888,0.05505805090069771,0.25694313645362854,-0.7914685010910034,0.035003840923309326,-0.287138968706131,-0.26635289192199707,0.1739431619644165,0.3349383771419525,0.2966682016849518,-0.18148913979530334,-0.32774174213409424,-0.1350450962781906,0.10857148468494415,0.23030629754066467,0.03471701592206955,0.07000680267810822,0.018828608095645905,-0.18958523869514465,0.3031430244445801,-0.5470727682113647,0.07729150354862213,0.14715807139873505,0.21235182881355286,-0.04330439493060112,0.541564404964447,-0.20114943385124207,-0.07070203125476837,0.49019861221313477,-0.13802580535411835,0.030117562040686607,0.04531813785433769,0.1050717830657959,0.26509156823158264,0.11531689018011093,0.06460170447826385,-0.45807045698165894,0.3387107253074646,-0.06436379253864288,-0.28050968050956726,0.7465553283691406,-0.2840399146080017,-0.5145683288574219,-1.022428035736084,0.5694801211357117,0.039285819977521896,0.02729308046400547,0.23386748135089874,-0.6066728830337524,0.11397602409124374,-0.04022138565778732,-0.0948672890663147,-1.0588632822036743,0.12262392044067383,-0.5498919486999512,0.0803799033164978,0.11725057661533356,0.10208375751972198,1.1368337869644165,-0.5935513377189636,-0.21941189467906952,0.03776787966489792,-0.07355716079473495,0.22529661655426025,-0.4302905201911926,-0.3405400216579437,0.3624853193759918,-0.16414983570575714,0.45577287673950195,0.4848967492580414,0.37212076783180237,-0.1337141990661621,0.09245263040065765,0.8983144760131836,-0.05365467071533203,-0.3361138701438904,-0.18304851651191711,-0.10093647241592407,-0.27722305059432983,-0.13349977135658264,-0.5754536390304565,1.4268078804016113,-0.12017711251974106,-0.10322685539722443,-0.2613086998462677,-0.2196081131696701,-0.26049211621284485,0.08942677080631256,1.1961513757705688,-0.18063481152057648,0.7586367726325989,0.19360464811325073,0.13012316823005676,1.0065268278121948,-0.3783971965312958,0.32557135820388794,-0.41490110754966736,0.08041845262050629,0.04027947038412094,0.09998525679111481,-0.09954198449850082,-0.025741055607795715,-0.08215897530317307,-0.09988759458065033,0.546125054359436,0.359805166721344,-0.48764437437057495,-0.33779793977737427,-0.07263164222240448,-0.04705477133393288,-0.05454959720373154,0.16117103397846222,-0.08524509519338608,-0.20731139183044434,-0.04014052450656891,0.25110700726509094,-0.05290953069925308,-0.5189144015312195,-0.17989249527454376,0.1931532919406891,0.15193350613117218,0.03605932742357254,0.44614410400390625,-0.08659807592630386,-0.742220401763916,0.09742381423711777,-0.023347103968262672,-0.08610159158706665,-0.22629769146442413,-0.1714514046907425,1.3018524646759033,-0.2396131008863449,0.04262827709317207,-0.4547123312950134,-0.13896618783473969,-0.521875262260437,-0.19176587462425232,-0.054996930062770844,-0.07081282138824463,0.5207493901252747,0.09005986154079437,0.025138745084404945,0.1385200023651123,-0.17012488842010498,0.4272487759590149,0.040289513766765594
CID005311048,428,-0.14626654982566833,-0.14399316906929016,-0.7393648028373718,0.1942533701658249,0.29648512601852417,-0.29417917132377625,-0.18368501961231232,-0.3312121033668518,-0.059076905250549316,0.13991980254650116,0.5178243517875671,-0.2799922823905945,-0.1882733553647995,0.3062857389450073,0.022591855376958847,0.16024556756019592,0.3620881736278534,-0.17190559208393097,-0.2499348223209381,-0.1831904798746109,-0.26349741220474243,0.02876303158700466,0.6135908961296082,0.04029391333460808,-1.0842682123184204,-0.5817895531654358,-0.6913022994995117,-0.045819319784641266,-0.04096212238073349,-0.13629117608070374,0.850807785987854,0.048427827656269073,0.0014883875846862793,0.43668705224990845,-0.301525354385376,0.18905024230480194,1.1161860227584839,0.06041380763053894,-0.10699474811553955,-0.05503299832344055,-0.26802340149879456,0.43506282567977905,-0.7694851160049438,-0.22425463795661926,-0.13371434807777405,-0.2602503001689911,0.7507333755493164,-0.33623006939888,-0.4098517894744873,-0.13822147250175476,-0.28336235880851746,0.44518643617630005,0.6239097714424133,-0.07261522114276886,-0.009019282646477222,-0.2009594887495041,-0.08192076534032822,1.1682963371276855,0.13437017798423767,-0.07558248937129974,0.02291032113134861,-0.10585927963256836,0.049333881586790085,0.5928568243980408,-0.00418169517070055,-0.025790223851799965,0.16314180195331573,-0.22103293240070343,-0.09764103591442108,-0.10804283618927002,-0.6691950559616089,0.07209279388189316,-0.7305481433868408,0.4125427305698395,-0.1911129653453827,0.1850314885377884,0.6067014336585999,0.22197642922401428,0.035289254039525986,0.07366182655096054,0.14284151792526245,-0.09313440322875977,-0.0541364848613739,0.13770632445812225,-0.12267567962408066,0.23873023688793182,-0.42587852478027344,0.22589461505413055,0.004931020550429821,0.28370824456214905,-0.15595461428165436,0.14555983245372772,0.008682698011398315,0.15847699344158173,0.12555578351020813,-0.19029001891613007,0.1286172866821289,0.05176712945103645,-0.13981711864471436,-1.0560543537139893,-0.042749568819999695,-0.01191304624080658,-0.03341810405254364,-0.21788708865642548,-0.010939890518784523,-0.0908784493803978,0.8646706342697144,-0.07413791120052338,0.39978066086769104,0.035973865538835526,-0.12667186558246613,-0.23556938767433167,0.4196314215660095,-0.2037801444530487,0.1406998187303543,-0.4713631272315979,-0.29579776525497437,-0.14327850937843323,0.010824555531144142,0.31450706720352173,-0.17666129767894745,-0.37539198994636536,0.16432535648345947,-0.1413842737674713,0.02545025385916233,0.1211787685751915,0.09366729110479355,0.2458927184343338,0.2572033703327179,0.11477921903133392,-0.5833907127380371,-0.1910468488931656,0.14922268688678741,0.13267698884010315,0.35155248641967773,0.6909865736961365,0.19256877899169922,-0.261563241481781,0.5006752610206604,0.02850704826414585,-0.0664052963256836,0.3105674982070923,0.04321004077792168,0.1194099634885788,0.18674787878990173,0.018048297613859177,-0.2131611853837967,0.3426567018032074,-0.12836690247058868,-0.08454707264900208,0.13640037178993225,-0.07126228511333466,-0.5652183294296265,-0.8639805912971497,0.458596795797348,-0.02686465159058571,0.21166057884693146,0.05953764170408249,-0.45623788237571716,0.07910050451755524,-0.23036789894104004,0.153191477060318,-0.764670729637146,0.14582398533821106,-0.29835182428359985,0.1339842975139618,0.0909072607755661,0.07623723149299622,0.7558342218399048,-0.5134509205818176,-0.3024376332759857,0.07814262807369232,-0.1317601352930069,0.12327411025762558,-0.5706779956817627,-0.33134564757347107,0.5406817197799683,-0.06366073340177536,0.577295184135437,0.08445437252521515,0.8101817965507507,-0.14959698915481567,0.01531301997601986,0.8016236424446106,0.2256697714328766,-0.37488818168640137,0.05116443708539009,-0.11759935319423676,0.04824838787317276,-0.09246097505092621,-0.2635994851589203,1.01826012134552,-0.018804257735610008,-0.6877309083938599,-0.07286153733730316,-0.1710091382265091,0.16485165059566498,0.049595482647418976,0.5840965509414673,8.323192741954699e-05,0.3475351631641388,0.18415577709674835,-0.0027277946937829256,0.4045639634132385,-0.7199593782424927,-0.34198465943336487,-0.1564437597990036,0.04578208178281784,-0.19530373811721802,-0.4397009313106537,-0.2546982169151306,0.05298551917076111,-0.13818877935409546,-0.40080517530441284,0.8779618144035339,0.07057072222232819,-0.1844119131565094,-0.15981265902519226,0.0389740914106369,0.059428054839372635,0.5381201505661011,-0.0867886170744896,0.06231061369180679,0.03639977052807808,0.10927586257457733,0.16396190226078033,-0.09172584116458893,-0.5348256826400757,-0.10233354568481445,0.039087533950805664,-0.06815818697214127,0.25050175189971924,0.0245791207998991,0.03655979409813881,-0.6028298139572144,-0.1261839121580124,0.33990299701690674,-0.01258766371756792,-0.05749756842851639,0.2723606526851654,0.9608564376831055,-0.42493635416030884,-0.004503297619521618,-0.5344445109367371,-0.12772494554519653,-0.4313141703605652,0.0639786645770073,-0.16315074265003204,-0.1543179303407669,0.381735622882843,0.12831248342990875,-0.03288622573018074,-0.00588947394862771,-0.18811877071857452,0.09375347197055817,0.018034834414720535
CID000003741,435,-0.0009374156361445785,-0.11259529739618301,-0.7043829560279846,0.04612347483634949,0.5106114149093628,-0.05700666457414627,0.10992196947336197,-0.9861139059066772,-0.11330069601535797,0.2767541706562042,0.399898886680603,0.19842782616615295,-0.24155005812644958,-0.190511092543602,0.021224861964583397,-0.10171926021575928,0.08885687589645386,0.3877822756767273,-0.3103794455528259,-0.289142370223999,-0.04711621254682541,0.1710023432970047,0.6994541883468628,-0.014468863606452942,-1.5461496114730835,-1.0343949794769287,-0.08113866299390793,0.07817897945642471,-0.053169846534729004,0.09083521366119385,1.0232142210006714,-0.09890217334032059,-0.24241168797016144,0.6417524218559265,-0.14291194081306458,0.07365871965885162,0.44881075620651245,-0.08571173995733261,0.1312343180179596,-0.0019471049308776855,-0.29929810762405396,0.02393135242164135,-0.856959342956543,0.1903376430273056,0.14450427889823914,-0.00963490642607212,0.9283171892166138,-0.1158161535859108,-0.6388764977455139,-0.050904322415590286,-0.40814533829689026,0.8065143823623657,0.7496871948242188,-0.2612888216972351,0.4318147599697113,-0.202230304479599,-0.07919149845838547,0.5134192109107971,-0.26612886786460876,0.45558053255081177,0.06834052503108978,-0.03223642706871033,0.10193303972482681,1.0848051309585571,0.5026132464408875,0.1425001174211502,-0.014005934819579124,-0.40201109647750854,0.01438265573233366,-0.00839846022427082,-1.1838538646697998,0.015967797487974167,-0.36917442083358765,0.1576867252588272,0.25569215416908264,0.49077898263931274,0.11780903488397598,-0.16061195731163025,0.5558778047561646,-0.15552137792110443,-0.08719184994697571,-0.6000789403915405,-0.39342546463012695,-0.20878009498119354,-0.04105490446090698,0.3108602464199066,-0.26326897740364075,-0.10689955949783325,0.12335920333862305,0.0008493076893500984,-0.14263786375522614,0.009220990352332592,0.01908915862441063,0.43272748589515686,-0.025772010907530785,-0.3912237286567688,-0.10468044131994247,0.12675853073596954,-0.15610209107398987,-1.1217573881149292,-0.28120893239974976,-0.36859264969825745,0.033339835703372955,0.027890484780073166,0.27310433983802795,-0.12877871096134186,1.0857021808624268,-0.20410199463367462,0.07066597044467926,-0.15989747643470764,-0.07615236937999725,0.20447131991386414,0.584943413734436,-0.26140618324279785,0.16512544453144073,-0.30758175253868103,-0.43011823296546936,0.015885645523667336,-0.15771374106407166,0.3125872015953064,-0.06765647977590561,-0.03895540162920952,-0.32832831144332886,0.130746990442276,-0.3628109097480774,0.1322130411863327,0.3802493214607239,0.022235723212361336,0.03292032331228256,0.07920514792203903,-1.0557587146759033,-0.30422958731651306,0.5000390410423279,0.31993868947029114,0.07381223142147064,0.701055645942688,0.1715255230665207,-0.3486393392086029,0.2486634999513626,0.026182809844613075,0.02346639148890972,-0.27853846549987793,0.23364567756652832,0.08573989570140839,0.17662805318832397,-0.18308579921722412,-0.29172149300575256,0.6635241508483887,-0.16524268686771393,-0.11135415732860565,0.21374687552452087,0.09446588158607483,-0.7923390865325928,-0.8518841862678528,1.224104881286621,0.15283110737800598,0.21567288041114807,-0.005590683314949274,-0.41722187399864197,-0.11072276532649994,0.06282123178243637,0.15395009517669678,-1.0897139310836792,0.04989660531282425,-0.51601243019104,2.4780631520116003e-06,-0.4407643675804138,-0.16214987635612488,0.913847804069519,-0.8041328191757202,-0.24396347999572754,-0.25111088156700134,-0.2092573642730713,0.10793747007846832,-0.6595250964164734,-0.22833578288555145,0.7390360832214355,-0.02904984913766384,0.7822667360305786,-0.38471585512161255,0.9263941645622253,-0.033668357878923416,-0.33231279253959656,1.371146321296692,-0.0632302537560463,-1.6060415506362915,-0.37366724014282227,0.26907896995544434,0.18759572505950928,-0.1701100766658783,-0.33641868829727173,1.152268409729004,-0.37886959314346313,-0.7022000551223755,-0.06382223218679428,-0.2066686451435089,-0.04110874608159065,0.2344777137041092,0.188967764377594,-0.017296891659498215,0.9840222597122192,-0.014621010050177574,0.01570257917046547,0.061842285096645355,-0.8789566159248352,-0.5026684999465942,-0.21242675185203552,-0.07043827325105667,-0.07864433526992798,0.13219746947288513,0.15004682540893555,-0.005655976943671703,-0.30783095955848694,-0.35048800706863403,0.9705315828323364,-0.018104583024978638,0.0923534408211708,-0.049729593098163605,0.04557011276483536,0.2633499503135681,0.5641222596168518,0.04707551375031471,0.2528778910636902,0.1863623708486557,0.14585575461387634,-0.00957580842077732,0.013289635069668293,-1.13699209690094,-0.42306646704673767,-0.2401888370513916,0.04171891137957573,0.04798409342765808,0.15635040402412415,-0.2818447947502136,-0.7178366780281067,0.3914528787136078,0.08826342970132828,-0.008852476254105568,0.18524548411369324,-0.2505154311656952,0.6933583617210388,-0.490030437707901,0.1283741295337677,-0.24872854351997375,-0.1390986144542694,-0.72923743724823,-0.12673476338386536,0.306730180978775,0.18089020252227783,0.044448718428611755,-0.21852967143058777,0.2365504503250122,0.6000288724899292,0.0009719759109430015,0.21020174026489258,-0.12596072256565094
CID000005408,436,0.05401641130447388,-0.23955538868904114,-0.5747076869010925,0.18715493381023407,0.09467624127864838,-0.4533293843269348,0.14184807240962982,0.04807639122009277,-0.11980070173740387,-0.17780552804470062,0.061983514577150345,-0.3440883159637451,-0.022365882992744446,-0.0941048264503479,0.1855374276638031,0.1396598517894745,0.17703063786029816,-0.15715554356575012,-0.41804900765419006,-0.10039831697940826,-0.09747791290283203,0.14050430059432983,0.7624604105949402,-0.08254458755254745,-0.6113766431808472,-0.5419891476631165,-0.21995989978313446,-0.13499143719673157,0.35230299830436707,-0.29851090908050537,0.8969348073005676,0.10149669647216797,0.027690639719367027,0.4604003429412842,-0.2680404782295227,0.0942370742559433,0.15237155556678772,-0.14680714905261993,0.12113432586193085,0.11133788526058197,-0.8265859484672546,0.05685679242014885,-0.11002445220947266,-0.35581159591674805,0.2098115235567093,-0.3573186695575714,0.6489351987838745,-0.23219259083271027,-0.38486260175704956,0.15908180177211761,-0.44547876715660095,-0.013557788915932178,0.8170340657234192,-0.0516892671585083,-0.12186834961175919,-0.5928543210029602,0.01346299983561039,1.041108250617981,0.29781386256217957,0.2740527391433716,0.2591155469417572,-0.04616943746805191,0.03092505969107151,0.7864381670951843,0.12658002972602844,0.7661874294281006,-0.0456940233707428,-0.2719051241874695,0.0868244543671608,0.10469858348369598,-0.9651845097541809,0.18935102224349976,-1.1036498546600342,-0.013473326340317726,-0.16607394814491272,-0.04252850264310837,0.16797825694084167,-0.04808598756790161,0.36490049958229065,0.3349931836128235,-0.08032731711864471,-0.47930917143821716,-0.053440265357494354,-0.13515010476112366,-0.21331706643104553,0.13738273084163666,-0.5079056024551392,0.003671890590339899,0.06757491081953049,0.24414563179016113,0.02943967655301094,-0.060864001512527466,-0.5828779935836792,0.2729579508304596,-0.057653188705444336,-0.07900160551071167,0.3285042643547058,0.08004721999168396,-0.02457078918814659,-0.7301753163337708,-0.0602794885635376,0.006536391563713551,-0.05181967467069626,-0.3515029847621918,-0.22339610755443573,-0.37895315885543823,0.585584282875061,-0.02357872948050499,-0.30630117654800415,0.044025711715221405,-0.20875294506549835,-0.2130236178636551,0.30957233905792236,-0.48818239569664,0.05360434204339981,-0.09363508224487305,-0.3593847155570984,0.3257145583629608,-0.18463893234729767,0.0509941391646862,-0.2749467194080353,-0.3069833219051361,0.3007109761238098,0.2396545112133026,0.07612770795822144,0.32224273681640625,0.14067628979682922,0.029682088643312454,-0.04934114217758179,0.2508816719055176,-0.7727969884872437,-0.2169799506664276,0.3739544749259949,0.06931061297655106,-0.20173117518424988,1.1069414615631104,0.2932961583137512,0.022528108209371567,0.284970223903656,0.3811762034893036,-0.038921862840652466,-0.26841074228286743,0.2319328784942627,-0.010645066387951374,0.09692282974720001,-0.022629186511039734,-0.4111570417881012,0.021898901090025902,-0.04616565257310867,-0.1629561334848404,0.6244603395462036,-0.14374244213104248,-0.7730685472488403,-0.6880010366439819,0.7335951924324036,-0.06320898979902267,-0.32314562797546387,0.30549654364585876,-0.4583424925804138,-0.0901527926325798,0.17937232553958893,0.07394908368587494,-0.7186064720153809,0.18243345618247986,-0.6374269723892212,-0.0687141865491867,-0.16324393451213837,-0.02299438789486885,0.317862331867218,-0.5125011205673218,-0.7717900276184082,-0.028489667922258377,0.09673144668340683,0.19448991119861603,-0.26570969820022583,-0.256895512342453,0.29537004232406616,-0.035645902156829834,0.6234269142150879,0.4149009585380554,0.2006448209285736,-0.15234749019145966,0.06038297340273857,0.04018387943506241,-0.015674814581871033,0.04791252687573433,0.2205750048160553,0.04280102998018265,0.18144910037517548,-0.06313510239124298,-0.016113772988319397,0.8680819272994995,-0.17607879638671875,-0.5552456974983215,-0.2057075947523117,-0.26006606221199036,0.10550707578659058,0.0866047665476799,0.14358189702033997,-0.2369914948940277,-0.12228220701217651,-0.0793347954750061,-0.06951824575662613,0.5774325132369995,-0.9111297726631165,-0.15010447800159454,-0.40688005089759827,0.28477075695991516,-0.027051951736211777,-0.06685669720172882,-0.022838376462459564,-0.18288275599479675,-0.15932968258857727,-0.04259776324033737,0.5228036046028137,0.31194600462913513,0.10397928953170776,-0.3253786265850067,-0.14114461839199066,0.1643761843442917,0.16221307218074799,0.30815601348876953,-0.06421893835067749,-0.2882138788700104,0.3088734745979309,0.1877877116203308,-0.2741416096687317,-0.7700479030609131,0.02577791176736355,0.10571803897619247,0.17145715653896332,0.3372885286808014,-0.06649847328662872,-0.11435975879430771,-0.9062472581863403,-0.18986870348453522,-0.1699996292591095,0.0394449420273304,0.1233077272772789,0.18501099944114685,0.44845452904701233,-0.5248426198959351,-0.033804357051849365,-0.3246685564517975,-0.16764190793037415,-0.23798808455467224,0.15709751844406128,0.25209638476371765,-0.1397956758737564,0.475816547870636,0.13075825572013855,0.39519965648651123,-0.038301777094602585,-0.305091917514801,0.2612065374851227,0.0335250087082386
CID000003168,437,-0.00770017271861434,-0.23714938759803772,-0.4317585825920105,-0.11182544380426407,0.356337308883667,-0.2053106129169464,-0.010983947664499283,-0.2917547821998596,-0.2273550033569336,0.13703995943069458,0.37414056062698364,0.0004648342728614807,-0.07051634043455124,-0.08123934268951416,0.013693896122276783,0.29276537895202637,0.3127146065235138,-0.09411980211734772,-0.22034263610839844,0.3023298382759094,-0.28118517994880676,0.05924564599990845,0.4776577949523926,-0.0014865815173834562,-0.36982566118240356,-0.8350124359130859,-0.4621051847934723,-0.07908807694911957,0.04538937658071518,0.1625857800245285,0.5161802768707275,0.19775409996509552,-0.093380406498909,0.39850613474845886,-0.4162169098854065,0.07955136895179749,0.7518256902694702,-0.21158483624458313,-0.0021911144722253084,0.012361250817775726,-0.20788581669330597,0.41901707649230957,-0.31181901693344116,-0.03910926729440689,-0.05054011195898056,0.10008148849010468,0.6447749137878418,-0.03604528680443764,-0.5538067817687988,-0.03313601016998291,-0.48916125297546387,0.1516951620578766,0.3232184052467346,-0.1479903757572174,0.15325386822223663,-0.35253483057022095,-0.16480956971645355,0.4994083344936371,0.0850638598203659,-0.09544239193201065,0.11109285056591034,-0.25365859270095825,0.10171051323413849,0.6863970160484314,0.2048960030078888,0.2383389174938202,-0.20182931423187256,-0.0829625204205513,0.0346304327249527,0.0066338106989860535,-0.625241756439209,0.15834608674049377,-0.43472743034362793,0.6307059526443481,-0.08935880661010742,0.2654707431793213,0.471507728099823,0.4361945688724518,0.397860586643219,-0.04727666452527046,-0.061745692044496536,-0.16036470234394073,0.07746046781539917,-0.03856969624757767,0.11718036979436874,0.3863663673400879,-0.09648405015468597,-0.12820053100585938,-0.12772588431835175,0.022191155701875687,-0.14026589691638947,-0.1651315987110138,-0.06513969600200653,0.16659177839756012,0.1618042290210724,-0.2171664983034134,-0.28750404715538025,0.22993075847625732,0.08350513875484467,-0.6716269254684448,-0.11293335258960724,-0.20425772666931152,0.22600813210010529,-0.09410075843334198,0.18674872815608978,-0.07028952240943909,0.7404881715774536,0.11572837829589844,0.23824112117290497,-0.12183712422847748,-0.10525353252887726,0.04256265610456467,0.28352925181388855,-0.2962110638618469,0.1830756664276123,-0.27808132767677307,-0.33832505345344543,0.09895554184913635,-0.0028719608671963215,-0.062046587467193604,-0.012309658341109753,-0.30653858184814453,-0.061825983226299286,0.05632932111620903,-0.09159982204437256,0.09629608690738678,0.1857289969921112,0.14432625472545624,-0.14944258332252502,0.22494229674339294,-0.7638392448425293,-0.0015778318047523499,0.4575482904911041,0.07030805200338364,0.07556786388158798,0.9288897514343262,0.2543286383152008,-0.3058609366416931,0.22209997475147247,0.05986076593399048,-0.2614789605140686,-0.2726123631000519,0.20394110679626465,0.3228088617324829,0.07376353442668915,-0.05272477865219116,-0.41592898964881897,-0.1373366266489029,0.09136156737804413,0.061602406203746796,0.26307541131973267,-0.09655442088842392,-0.5794149041175842,-0.6120920181274414,0.37168505787849426,-0.20468011498451233,0.24196115136146545,-0.2501143217086792,-0.3979053199291229,-0.1254235953092575,-0.08428805321455002,0.04845632240176201,-0.6729421019554138,0.019164711236953735,-0.3651498854160309,-0.04137660935521126,0.014711852185428143,-0.14806482195854187,0.4786648750305176,-0.52130126953125,-0.051041118800640106,-0.10900275409221649,-0.1269431859254837,-0.16564926505088806,-0.5221181511878967,-0.055921632796525955,0.36360964179039,0.22876057028770447,0.5473483800888062,0.09333018958568573,0.5766309499740601,-0.2749403119087219,-0.13091418147087097,0.37381917238235474,-0.05677084997296333,-0.5689290761947632,0.041977446526288986,-0.20687279105186462,-0.12243206799030304,-0.07773234695196152,-0.4566935896873474,0.9612302780151367,-0.05447020381689072,-0.368124395608902,0.19648295640945435,-0.05058025196194649,-0.07547532021999359,0.08625777065753937,0.5288498401641846,-0.20104630291461945,0.3617691993713379,0.570540726184845,-0.1054486408829689,0.2211550921201706,-0.42623695731163025,-0.27014172077178955,-0.23796629905700684,-0.1103987842798233,-0.1368098258972168,-0.1252867728471756,0.20847752690315247,-0.0007290045032277703,0.0950758308172226,-0.23678484559059143,0.7581459879875183,0.0441761389374733,-0.04597557336091995,-0.26115065813064575,0.0466432198882103,0.2657953202724457,0.20471835136413574,6.648599810432643e-05,0.2107529193162918,-0.04291924834251404,-0.00985088013112545,0.14155817031860352,0.21907587349414825,-0.6544244885444641,-0.3316541314125061,-0.11790265887975693,-0.093406543135643,0.177229642868042,0.14460323750972748,-0.28497782349586487,-0.48089393973350525,0.24890100955963135,0.04738774523139,-0.24541811645030975,0.01759294979274273,-0.12253139168024063,0.39088907837867737,-0.3577413558959961,-0.00209200382232666,-0.2574889063835144,-0.0030405998695641756,-0.2854956090450287,-0.023337671533226967,-0.04151458665728569,0.05141207575798035,0.24835538864135742,-0.09654657542705536,-0.014773544855415821,0.07775972783565521,-0.13529767096042633,0.18110844492912292,0.002523410366848111
CID005493381,438,0.06091852858662605,-0.33971327543258667,-0.5249173045158386,-0.054268836975097656,0.3229239583015442,-0.200274258852005,-0.09211631864309311,-0.5036989450454712,-0.2932116389274597,0.16371898353099823,0.36674290895462036,0.13589760661125183,0.014327893033623695,-0.14431102573871613,-0.11707107722759247,0.3438987135887146,0.3880901336669922,0.04233561083674431,-0.308871328830719,0.07205580174922943,-0.2358342409133911,-0.0762924998998642,0.467709481716156,-0.08323542028665543,-0.5723848938941956,-0.7980107665061951,-0.5613345503807068,0.022645562887191772,0.11014082282781601,-0.0754474624991417,0.729426383972168,-0.03790198639035225,-0.023783663287758827,0.2173755168914795,-0.39782026410102844,0.057881467044353485,0.567507803440094,-0.21474850177764893,0.034807510673999786,0.09978282451629639,-0.37244436144828796,0.4544517993927002,-0.3215581476688385,-0.08434344083070755,-0.0837845429778099,-0.03842998296022415,0.6186274290084839,0.015263507142663002,-0.4054436683654785,-0.014047895558178425,-0.6203659772872925,0.19020849466323853,0.26896965503692627,-0.1234976276755333,0.2762767970561981,-0.35034433007240295,-0.07909108698368073,0.6926138401031494,0.02531704306602478,-0.1118335947394371,-0.12589308619499207,-0.30880454182624817,0.1333288699388504,0.8616945147514343,0.24193477630615234,0.11384252458810806,-0.19776050746440887,-0.0910797044634819,-0.14556367695331573,0.3001942038536072,-0.7915233373641968,0.15499231219291687,-0.5006362795829773,0.4070938229560852,-0.18569163978099823,0.24466755986213684,0.5065245032310486,0.35182029008865356,0.8143847584724426,0.048324376344680786,0.12577950954437256,-0.33276134729385376,0.059476424008607864,-0.1557970494031906,0.21734638512134552,0.32337695360183716,-0.18709702789783478,-0.11628226935863495,-0.15465418994426727,-0.06624479591846466,-0.008840391412377357,-0.06420442461967468,-0.06389005482196808,0.21688422560691833,0.12730398774147034,-0.1980939656496048,-0.10502622276544571,0.315347284078598,-0.09725973755121231,-0.6598691940307617,-0.07121750712394714,-0.2111758291721344,0.2172667682170868,0.023779887706041336,0.25359979271888733,-0.144743874669075,0.6109156012535095,0.030008554458618164,0.2431955635547638,-0.022120047360658646,-0.09437395632266998,0.14408858120441437,0.4051966071128845,-0.1777012050151825,0.17132894694805145,-0.2483305037021637,-0.5139485597610474,0.021456558257341385,-0.18630285561084747,-0.07507289946079254,-0.4198567271232605,-0.33604881167411804,0.10471131652593613,0.1874164491891861,-0.2006961554288864,0.09300246089696884,0.26911911368370056,0.23498038947582245,-0.22075530886650085,0.3723298907279968,-0.8226670026779175,-0.14773419499397278,0.3671932816505432,0.1647261083126068,0.05304130166769028,0.800944983959198,0.11991190910339355,-0.20873963832855225,0.11777041107416153,-0.1840246319770813,-0.1680574119091034,-0.2570156455039978,0.015089830383658409,0.43819504976272583,0.1203911304473877,-0.07813725620508194,-0.4180631637573242,0.04620938375592232,0.04158467799425125,-0.1671161651611328,0.29598182439804077,-0.12081903219223022,-0.7601795196533203,-0.9348305463790894,0.343568354845047,-0.11052948236465454,0.21656730771064758,-0.08834709227085114,-0.5962986946105957,0.0016443878412246704,-0.22661736607551575,-0.06125902011990547,-0.9111335873603821,-0.02022533118724823,-0.48365792632102966,-0.0077430205419659615,-0.06401098519563675,-0.2892405688762665,0.49759793281555176,-0.5563958287239075,-0.07645376771688461,-0.2479761391878128,-0.08422008901834488,-0.13054637610912323,-0.5044738054275513,-0.1550401896238327,0.5442420840263367,0.17810752987861633,0.50700843334198,0.013472357764840126,0.6148894429206848,-0.15324629843235016,-0.16803720593452454,0.5022576451301575,0.03553464263677597,-0.44442692399024963,0.05732031911611557,-0.22970804572105408,0.022773180156946182,-0.1600836217403412,-0.32900184392929077,0.8400318026542664,-0.13855484127998352,-0.38300132751464844,0.12621381878852844,-0.20054860413074493,-0.10783863067626953,-0.13734713196754456,0.41355347633361816,-0.047260917723178864,0.5291904211044312,0.3190177381038666,-0.32044562697410583,0.27503228187561035,-0.4361933171749115,-0.3515850007534027,-0.06482428312301636,0.18603858351707458,-0.16627496480941772,-0.02184217981994152,0.254506915807724,-0.048421986401081085,-0.009615428745746613,-0.10854103416204453,0.9380584955215454,0.14366415143013,-0.08299227058887482,-0.09098698943853378,-0.09033380448818207,0.16404828429222107,0.15587493777275085,0.08925318717956543,0.14517000317573547,-0.07131583988666534,0.15290041267871857,0.050919365137815475,0.06537232547998428,-0.9361814260482788,-0.3201443552970886,-0.14668439328670502,-0.1353473663330078,0.09902717173099518,0.2554546892642975,-0.31534498929977417,-0.6403481364250183,0.4129112660884857,0.09387840330600739,-0.11373740434646606,-0.020042505115270615,-0.09862327575683594,0.47272682189941406,-0.3579671382904053,0.06332693994045258,-0.2832337021827698,0.06470204889774323,-0.36269956827163696,0.009815608151257038,-0.08738286793231964,-0.19106140732765198,0.2836853861808777,0.04896295443177223,0.18416361510753632,0.27365392446517944,-0.16027067601680756,0.25052034854888916,-0.1465737521648407
CID000002646,439,-0.09727023541927338,-0.5682749152183533,-1.3261032104492188,-0.2269231528043747,0.39752548933029175,-0.08282555639743805,0.014260041527450085,-0.8264132738113403,-0.16751649975776672,-0.22908815741539001,0.6156274080276489,0.050145041197538376,-0.17396016418933868,-0.6983269453048706,-0.3323479890823364,0.2654404044151306,1.3013434410095215,0.09182369709014893,-0.49585413932800293,-0.5649311542510986,-0.4924560487270355,-0.19561459124088287,0.66966313123703,-0.49005207419395447,-0.8169929385185242,-1.581465482711792,-0.9425041079521179,-0.09086862951517105,0.10636521875858307,0.19263990223407745,1.7748422622680664,0.36651450395584106,0.17066232860088348,-0.18987160921096802,-0.17375120520591736,-0.19121481478214264,0.3882541358470917,-0.44314107298851013,0.4798972010612488,-0.49594807624816895,-0.6591339111328125,1.909371018409729,-0.7708576321601868,-0.5634861588478088,-0.029685676097869873,-0.29101404547691345,1.1377137899398804,-0.04490094631910324,-0.8210333585739136,0.025916090235114098,-0.6881159543991089,0.19101333618164062,0.10432706773281097,-0.2911602556705475,0.1644996851682663,-1.0631492137908936,0.2506078779697418,0.9169589281082153,-0.4461248815059662,0.6279138326644897,-0.028783276677131653,0.04711174964904785,0.24689169228076935,1.0495798587799072,-0.16431501507759094,0.18188148736953735,0.015227347612380981,0.18163356184959412,-0.22738270461559296,-0.02194293960928917,-1.1834924221038818,0.061890263110399246,-1.3638626337051392,-0.09937734156847,-0.1407424956560135,0.5443750619888306,1.5965914726257324,0.620145857334137,1.3239878416061401,-0.046805430203676224,-0.23602363467216492,-0.14063915610313416,-0.3299819827079773,0.1734158843755722,-0.0841696634888649,-0.040913768112659454,-0.49058738350868225,-0.5308772325515747,0.16506728529930115,0.37880685925483704,-0.24507585167884827,-0.16856712102890015,-0.4590505063533783,0.16877320408821106,-0.07518848031759262,-0.4989987313747406,-0.001973804086446762,0.5036705732345581,-0.07601310312747955,-0.9819029569625854,-0.08825556933879852,-0.30223390460014343,0.22519488632678986,-0.5465144515037537,-0.20673391222953796,-0.4005211889743805,1.3102272748947144,-0.20007078349590302,-0.284833163022995,0.28293734788894653,0.03357859328389168,-0.06820294260978699,0.3655705451965332,-0.5574048161506653,-1.9197166693629697e-05,-0.11887560039758682,-0.34968891739845276,0.4270615577697754,-0.16417939960956573,0.6608407497406006,-0.1914324015378952,0.14954881370067596,-0.19306397438049316,-0.019671976566314697,0.19422072172164917,-0.15137238800525665,0.16108007729053497,0.22985222935676575,0.2845785617828369,0.692240297794342,-1.1142361164093018,0.3078393340110779,0.0666113942861557,0.5190823674201965,-0.15256951749324799,0.8397985696792603,-0.31509509682655334,0.0702139139175415,0.6130033731460571,0.09537925571203232,-0.0795876681804657,-0.3550379276275635,0.016639893874526024,0.10018353164196014,0.3115673363208771,0.12466134876012802,-0.03624642640352249,0.4301031231880188,0.549934983253479,-0.25369882583618164,0.2889266014099121,-0.5906234383583069,-1.0062358379364014,-1.5432804822921753,0.5582981705665588,0.25841090083122253,-0.23289284110069275,0.03954073786735535,-0.16463178396224976,-0.10700950771570206,-0.05533625930547714,-0.10792474448680878,-1.2396295070648193,-0.09397611767053604,-1.0122593641281128,-0.39313119649887085,-0.29882994294166565,0.2269607037305832,0.7181099653244019,-0.15310384333133698,-0.09276185929775238,-0.4528888761997223,-0.1356922835111618,0.3246035575866699,-0.8690071105957031,-0.3259362280368805,0.6759958267211914,0.1939309537410736,0.6169739365577698,0.37719276547431946,0.6870900392532349,-0.015689391642808914,-0.1512117087841034,0.007677307818084955,0.17210716009140015,-0.7680372595787048,-0.558124840259552,0.2625972628593445,-0.4036939740180969,-0.062216438353061676,-0.8989765048027039,1.2803502082824707,-0.19031307101249695,-0.4959750771522522,-0.2682172656059265,0.02233094349503517,-0.16177836060523987,0.3426782488822937,0.2336353063583374,0.1533217430114746,0.3914434611797333,-0.143755704164505,-0.4859618544578552,0.40666237473487854,-0.12073774635791779,0.5314556360244751,-0.03390089422464371,0.2924785315990448,0.19651100039482117,-0.5784655809402466,0.7095882892608643,0.056472890079021454,-0.05152837187051773,0.28825050592422485,0.8369787335395813,0.8152745366096497,0.01790589652955532,-0.3045952618122101,-0.03335015848278999,0.188235804438591,0.02913396991789341,0.032371196895837784,-0.10894788801670074,0.02852192521095276,0.07209669053554535,0.19907177984714508,0.03853114694356918,-1.5835545063018799,-0.13489961624145508,-0.2644466459751129,0.18847577273845673,0.3632832467556,-0.2701490521430969,-0.19518451392650604,-0.9551724195480347,0.28767532110214233,-0.4790521562099457,0.0399441234767437,-0.0847107321023941,0.12079614400863647,1.2189394235610962,-0.45734161138534546,0.052430737763643265,-0.11696760356426239,-0.37078842520713806,-0.3024579882621765,0.16428644955158234,0.5682088732719421,-0.38277918100357056,0.06950660049915314,-0.06904713809490204,-0.1900983601808548,0.1692419946193695,0.1764412522315979,0.37631669640541077,-0.24931398034095764
CID000003310,442,0.16782459616661072,-0.31462210416793823,-0.6191456317901611,0.08688193559646606,0.4152410924434662,-0.34033316373825073,0.08138145506381989,-0.5089629292488098,-0.11942572891712189,-0.35877975821495056,0.5815753936767578,0.262627512216568,-0.005951383616775274,-0.015002389438450336,-0.08359786123037338,0.1422751098871231,0.37255197763442993,-0.016062244772911072,-0.10384546220302582,0.11117802560329437,-0.24930858612060547,0.39147287607192993,0.29074612259864807,-0.025561925023794174,-1.106054663658142,-0.8120759725570679,-0.5066868662834167,0.22557738423347473,0.20316144824028015,0.08314303308725357,0.8223738670349121,-0.12484985589981079,0.24805636703968048,0.274115651845932,-0.24771980941295624,-0.23982632160186768,0.6460291147232056,-0.10009907186031342,0.2431565225124359,-0.08248196542263031,0.1067710891366005,0.5138322114944458,-0.08218337595462799,-0.435813844203949,-0.1951972246170044,0.05301908403635025,0.8655970692634583,-0.4297481179237366,-0.6271921396255493,0.07978176325559616,-0.890332043170929,0.13392195105552673,0.42711740732192993,-0.13326546549797058,0.1606978327035904,-0.2677725851535797,0.08552916347980499,0.9724020957946777,-0.10791619122028351,-0.08014063537120819,-0.17591074109077454,-0.1749759018421173,-0.22984716296195984,0.5010615587234497,0.10531850159168243,0.44661641120910645,0.17743685841560364,-0.0424746498465538,-0.055401723831892014,0.17417952418327332,-0.31266289949417114,0.11942615360021591,-0.7233126759529114,0.43736857175827026,-0.12328697741031647,0.11853613704442978,0.2751213610172272,0.2840728163719177,0.7622089385986328,0.23034539818763733,-0.03200573846697807,-0.35539504885673523,-0.13365860283374786,-0.20881037414073944,0.2564679980278015,0.14453467726707458,-0.5882083773612976,-0.10704459995031357,0.0313129723072052,-0.039567239582538605,-0.16422416269779205,-0.15823782980442047,-0.25529831647872925,0.20720842480659485,0.04572266712784767,0.3180736005306244,-0.0151052949950099,0.25341886281967163,0.04714124649763107,-1.4186747074127197,-0.14760109782218933,0.0031975475139915943,-0.0450056716799736,-0.31366071105003357,0.09506071358919144,-0.049553193151950836,0.9046465158462524,0.0736173689365387,0.03425269201397896,0.03234019875526428,0.2810650169849396,0.05816073343157768,0.20222023129463196,-0.7586959600448608,0.28431087732315063,-0.3384229242801666,-0.10261045396327972,0.086580790579319,0.16851207613945007,0.23174059391021729,-0.08642099052667618,-0.34793365001678467,0.171090766787529,0.06717939674854279,0.012687457725405693,-0.13495950400829315,0.31334421038627625,0.002893699798732996,-0.294394314289093,0.18696613609790802,-0.6586284041404724,-0.1227910965681076,0.30087000131607056,-0.009579894132912159,-0.17662230134010315,0.7029412984848022,0.06088325381278992,-0.05959450453519821,0.3302040696144104,-0.32099878787994385,-0.03927302360534668,-0.08470858633518219,0.22007818520069122,0.27656710147857666,-0.024704573675990105,0.16352422535419464,-0.19813649356365204,0.25692710280418396,0.19389018416404724,0.11266686767339706,0.6569329500198364,-0.16225102543830872,-0.5278154611587524,-0.9723243713378906,0.5810000896453857,0.22873763740062714,0.080868199467659,0.13326194882392883,-0.3467453122138977,0.27862975001335144,-0.07565087825059891,-0.12994475662708282,-0.9121825098991394,-0.023570392280817032,-0.4528195261955261,0.056439321488142014,0.04484470188617706,0.008164416067302227,1.2743186950683594,-0.5058364868164062,-0.2640514671802521,0.2294415980577469,0.014204668812453747,0.03755312040448189,-0.47378140687942505,-0.37123924493789673,0.24437622725963593,-0.1719040423631668,0.5093215703964233,0.2406945675611496,0.16717782616615295,-0.19700393080711365,-0.09466978162527084,0.8880870938301086,-0.041057538241147995,-0.28672367334365845,-0.13099364936351776,-0.06656055152416229,-0.20446744561195374,-0.26579898595809937,-0.31984853744506836,1.2295658588409424,-0.1288696825504303,-0.06885640323162079,-0.02589903399348259,-0.1905745565891266,-0.13584715127944946,-0.054138027131557465,1.1751248836517334,-0.21614384651184082,0.5076599717140198,0.3288978934288025,0.0682726800441742,0.7813801169395447,-0.4744442403316498,0.3012881875038147,-0.46901917457580566,-0.030937034636735916,-0.09528977423906326,0.08866848051548004,-0.12785115838050842,-0.07413891702890396,0.0562516525387764,-0.2063746452331543,0.5593799352645874,0.2641025483608246,-0.1385771632194519,0.055595915764570236,-0.08396079391241074,0.06038136035203934,0.1555972844362259,0.13991393148899078,0.08566351234912872,-0.38208550214767456,-0.12316761910915375,0.4819467067718506,0.1326291263103485,-0.34162408113479614,-0.1365620195865631,0.07158875465393066,0.04311660677194595,0.22757771611213684,0.2788853347301483,-0.2567955255508423,-0.5930909514427185,0.127012699842453,0.01873362995684147,0.057121098041534424,-0.19490589201450348,-0.051191676408052444,1.3146551847457886,-0.30237871408462524,-0.14067775011062622,-0.41318279504776,-0.06746722757816315,-0.5668136477470398,-0.040613431483507156,-0.06809170544147491,-0.03445751219987869,0.5157545804977417,0.22974857687950134,0.06403324753046036,0.1790417730808258,-0.004240128211677074,0.3405790328979492,-0.005090257618576288
CID000071158,443,0.17616212368011475,-0.26700788736343384,-0.7954579591751099,0.026856517419219017,0.5292354822158813,-0.00619687233120203,-0.1926490068435669,-1.2756295204162598,-0.15414148569107056,-0.17562536895275116,0.22738786041736603,0.14956124126911163,0.042930662631988525,-0.20491552352905273,0.05300557613372803,0.01938440650701523,0.42751654982566833,-0.061667513102293015,-0.36612123250961304,0.20840275287628174,-0.1727922260761261,0.3374270796775818,0.4215458929538727,0.12710502743721008,-1.0761966705322266,-0.7750355005264282,-0.2719098627567291,-0.037208300083875656,-0.05254196375608444,-0.09618662297725677,0.8500205278396606,-0.09153971076011658,-0.3182203471660614,0.430563360452652,-0.17755918204784393,0.23145563900470734,0.9660994410514832,-0.07919298112392426,-0.015638714656233788,0.07658263295888901,-0.1067066565155983,0.43762120604515076,-0.2826182544231415,-0.09612888097763062,-0.10958296060562134,-0.1184665784239769,0.8337562680244446,-0.21281301975250244,-0.3703445494174957,0.16651150584220886,-1.0531443357467651,0.6266638040542603,0.39395299553871155,0.0008926093578338623,0.17117296159267426,-0.20074942708015442,-0.1999458223581314,0.8034237623214722,0.10598723590373993,0.12941789627075195,-0.014835762791335583,-0.45364585518836975,0.0035857059992849827,0.8128982782363892,-0.038149815052747726,0.42275017499923706,-0.3359723389148712,-0.011028693988919258,-0.18242087960243225,0.037774667143821716,-0.9361261129379272,0.09036262333393097,-0.7752240896224976,0.44647732377052307,0.1347091794013977,0.411775678396225,0.7125099301338196,0.06650594621896744,1.2120705842971802,0.13388943672180176,-0.19633544981479645,-0.7042170763015747,0.0906188040971756,0.060631848871707916,-0.04311538487672806,0.21121104061603546,-0.6119354963302612,0.10481935739517212,0.11517763137817383,-0.16361191868782043,-0.13192814588546753,-0.08255267888307571,-0.2142471969127655,-0.06527618318796158,-0.03745804727077484,-0.15921013057231903,0.2519518733024597,0.13235411047935486,-0.02859387919306755,-1.007664680480957,-0.09359065443277359,-0.03249132260680199,0.09544537961483002,-0.05939004570245743,-0.13307073712348938,-0.1914307028055191,1.0375440120697021,-0.2480977326631546,0.2892550826072693,-0.017026711255311966,-0.02055790089070797,-0.1837300956249237,0.5465186834335327,-0.6077294945716858,0.04019121453166008,-0.2952665686607361,-0.32670074701309204,-0.1685464084148407,-0.02953517995774746,0.16704624891281128,-0.3878447413444519,-0.4062976837158203,0.22650206089019775,0.0072388919070363045,-0.06552451848983765,-0.03807799145579338,0.3352317810058594,-0.238650843501091,-0.08094832301139832,0.3949897289276123,-0.7285840511322021,-0.05235682800412178,0.34739720821380615,0.1383092701435089,-0.10632487386465073,0.5176470279693604,0.25442034006118774,0.17292934656143188,0.25967076420783997,-0.09770965576171875,-0.10532764345407486,-0.2718445658683777,0.24004507064819336,0.272154837846756,0.06145201995968819,0.20417317748069763,-0.21524977684020996,0.16199064254760742,-0.12253586947917938,-0.08683331310749054,0.6550735235214233,-0.1600923240184784,-0.2935454845428467,-0.581000804901123,0.9874475598335266,-0.2859741747379303,0.2871831953525543,0.29123374819755554,-0.6434212923049927,0.01393415592610836,0.08490165323019028,0.1106879711151123,-1.1542456150054932,0.19151568412780762,-0.47465991973876953,-0.26727956533432007,-0.03198728337883949,0.06826920807361603,0.871493935585022,-0.411776602268219,-0.2123890221118927,-0.04216543585062027,0.04248689115047455,0.13387945294380188,-0.7132754325866699,-0.3480395972728729,0.9483206868171692,-0.041128966957330704,0.41648513078689575,-0.04793071001768112,0.5660909414291382,-0.1980414092540741,-0.1887083500623703,1.0232326984405518,-0.07606924325227737,-0.7381709814071655,0.002296268939971924,-0.04331904277205467,-0.47097983956336975,-0.2931162416934967,-0.36534833908081055,0.9404045343399048,0.01575474813580513,-0.32758063077926636,0.16273002326488495,-0.23097200691699982,0.22043319046497345,0.08573286235332489,0.5700476765632629,0.09156329184770584,0.6765508651733398,0.04447685554623604,0.033414941281080246,0.05798787623643875,-0.21835282444953918,-0.014188776724040508,-0.06090829521417618,0.11723063141107559,-0.2022981196641922,-0.01972842402756214,-0.022961843758821487,-0.06038913130760193,-0.11112968623638153,-0.21686024963855743,0.5115412473678589,-0.04256393760442734,0.1768168956041336,0.061321306973695755,-0.02572382055222988,0.026220357045531273,-0.01470251940190792,-0.11614427715539932,-0.07955881953239441,-0.033292852342128754,0.23339195549488068,0.04597289115190506,-0.0007578546064905822,-0.6918298006057739,-0.2493639886379242,-0.0895327553153038,-0.2031022608280182,0.31262585520744324,0.03879968076944351,-0.19833321869373322,-0.5086687803268433,0.10736928880214691,0.08256997168064117,0.2335629165172577,-0.01534130610525608,0.23182399570941925,1.1028927564620972,-0.0803864374756813,-0.14226274192333221,-0.37231579422950745,-0.37348681688308716,-0.562203586101532,-0.04500140994787216,0.24040882289409637,-0.3337620198726654,0.38247188925743103,0.3609979450702667,0.0020703717600554228,0.14241628348827362,0.022273873910307884,0.14871424436569214,0.22502657771110535
CID000004449,446,0.04372481256723404,-0.10696456581354141,-0.4461030066013336,-0.001190614653751254,0.3327726721763611,-0.11848242580890656,-0.05449289828538895,-0.41575708985328674,-0.10270214080810547,0.10178440809249878,0.4246055483818054,0.08512581884860992,0.042762286961078644,-0.08286748081445694,-0.08396410942077637,0.35880333185195923,0.6256705522537231,0.05119633674621582,-0.3663189709186554,0.2789592146873474,-0.13260474801063538,-0.030371123924851418,0.41517987847328186,-0.023505384102463722,-0.295449823141098,-0.6220774054527283,-0.41297316551208496,-0.028903275728225708,0.1337129920721054,0.06961425393819809,0.4574638307094574,0.06486082077026367,-0.05764361470937729,0.29407960176467896,-0.24790184199810028,0.1113215908408165,0.7544405460357666,-0.10063650459051132,0.05882512405514717,0.038475386798381805,-0.2272253930568695,0.6577621698379517,-0.24265925586223602,-0.026631537824869156,-0.020798001438379288,0.10295569896697998,0.6491292119026184,-0.023386621847748756,-0.5703189969062805,0.058170318603515625,-0.36890527606010437,0.1876770555973053,0.28569966554641724,-0.20151977241039276,0.14523455500602722,-0.5148890614509583,-0.24238523840904236,0.5534564852714539,-0.036365579813718796,-0.13046970963478088,-0.008358484134078026,-0.2838234305381775,0.1012476235628128,0.7131627798080444,0.11518750339746475,0.2971480190753937,-0.22109830379486084,-0.011748689226806164,-0.010259789414703846,0.16868579387664795,-0.7092255353927612,0.11447980254888535,-0.43633919954299927,0.4862745404243469,0.06736832857131958,0.3511173725128174,0.5118275284767151,0.3315599858760834,0.48848533630371094,-0.026391107589006424,-0.08529642224311829,-0.2749479413032532,0.0595841184258461,-0.052634961903095245,0.36038947105407715,0.3154638409614563,-0.09113739430904388,-0.005034959875047207,-0.2554735839366913,0.09238936007022858,-0.22345080971717834,0.006745404098182917,-0.06479005515575409,0.06262008845806122,0.10132058709859848,-0.13188648223876953,-0.29835501313209534,0.2770245671272278,-0.02472451701760292,-0.5340432524681091,-0.0957215279340744,-0.11212436854839325,0.07653284072875977,-0.06368738412857056,0.22667133808135986,-0.19854941964149475,0.6377843022346497,0.03919336944818497,0.21581920981407166,-0.14371703565120697,-0.07893635332584381,0.15245768427848816,0.45315948128700256,-0.2624358534812927,0.21960091590881348,-0.2803387939929962,-0.31317436695098877,-0.08411728590726852,-0.13776835799217224,-0.08309509605169296,-0.136142298579216,-0.32731619477272034,0.001969063188880682,0.11822932958602905,-0.07887060940265656,0.1412324160337448,0.11212585121393204,0.05636056140065193,-0.20763862133026123,0.24222569167613983,-0.671866774559021,-0.12201925367116928,0.33209413290023804,0.23103967308998108,0.1798747032880783,0.7576135396957397,-0.008893435820937157,-0.2512655258178711,0.30506834387779236,-0.14931435883045197,-0.16282393038272858,-0.21962027251720428,0.12677393853664398,0.3739200532436371,0.13432438671588898,-0.13221850991249084,-0.4298608899116516,-0.200598806142807,0.07117873430252075,-0.0011762658832594752,0.40853357315063477,-0.14034146070480347,-0.6906553506851196,-0.6526683568954468,0.4704861640930176,-0.23296329379081726,0.16350999474525452,-0.1676950454711914,-0.5735701322555542,-0.09414203464984894,-0.04637867957353592,-0.18477821350097656,-0.7780951857566833,0.06403706967830658,-0.47481241822242737,0.061997078359127045,-0.030344989150762558,-0.13587668538093567,0.5126254558563232,-0.4284922182559967,-0.16291102766990662,-0.10703462362289429,-0.09090310335159302,-0.21591243147850037,-0.6188391447067261,-0.03589421510696411,0.3188895583152771,0.12232019752264023,0.5789093971252441,-0.10912103950977325,0.4860280454158783,-0.0954054445028305,-0.12601622939109802,0.18037551641464233,-0.1227545514702797,-0.4679037928581238,-0.008156174793839455,-0.36691004037857056,0.04275164008140564,-0.06227364391088486,-0.36067038774490356,0.8455600738525391,-0.01161310076713562,-0.3371349275112152,0.11954258382320404,-0.08468984067440033,-0.1795712411403656,0.007915640249848366,0.3500683605670929,-0.019301816821098328,0.36369770765304565,0.31088870763778687,-0.03017159178853035,0.04208894446492195,-0.31315770745277405,-0.24109487235546112,-0.16320401430130005,0.07471519708633423,0.06614124029874802,-0.04801628738641739,0.12253119796514511,0.057096075266599655,0.19834968447685242,-0.15666699409484863,0.8038924932479858,-0.03333650529384613,-0.2126806527376175,-0.21249718964099884,0.08578314632177353,0.1891041100025177,0.1903216540813446,-0.03922053426504135,0.1757780760526657,-0.10847677290439606,-0.09556835889816284,0.03388985991477966,0.1456567645072937,-0.7178771495819092,-0.1812870055437088,-0.03031620942056179,-0.002581048058345914,0.1997542381286621,0.16509194672107697,-0.32307085394859314,-0.46217823028564453,0.24704594910144806,0.11677493900060654,-0.18772543966770172,-0.003324327524751425,-0.2478671818971634,0.32917386293411255,-0.3432549834251404,-0.0002054303913610056,-0.217769056558609,-0.0012653172016143799,-0.1767822653055191,-0.0039556012488901615,-0.09090033918619156,-0.05273481085896492,0.2612951695919037,-0.02876637503504753,0.10205743461847305,0.06944634020328522,-0.22204717993736267,0.2218141108751297,-0.04048558324575424
CID000001117,449,-0.11443810164928436,-0.14660879969596863,-0.7888875007629395,0.09127762168645859,0.6299059987068176,-0.1985289752483368,-0.18003833293914795,-0.5092483758926392,-0.4370531141757965,-0.07354734092950821,0.33911117911338806,0.008261263370513916,-0.22351379692554474,-0.08058788627386093,-0.3462666869163513,0.7765405178070068,0.6678147315979004,-0.239737868309021,-0.7174180746078491,-0.07087095826864243,-0.46606534719467163,-0.09270471334457397,0.5799919366836548,-0.14974750578403473,-1.0848504304885864,-0.8627635836601257,-0.5677111744880676,-0.15233564376831055,0.10332443565130234,-0.3610523045063019,1.213587760925293,0.08067610114812851,-0.12494713068008423,0.604047954082489,-0.8229861259460449,0.20554831624031067,1.4046094417572021,-0.046681396663188934,-0.11433666944503784,0.047987859696149826,-1.0826447010040283,0.8543353080749512,-0.8826889991760254,-0.13333585858345032,-0.13565011322498322,-0.4492022395133972,0.8340247869491577,-0.31851691007614136,-0.29059404134750366,-0.3128356635570526,-0.5469104051589966,-0.00545811653137207,0.3515928387641907,-0.11431378126144409,-0.2497883290052414,-0.23954133689403534,0.18298721313476562,1.3701783418655396,0.544464647769928,-0.15546564757823944,-0.32431989908218384,-0.016658734530210495,0.05585646629333496,0.8020055890083313,0.4452228546142578,0.043226927518844604,0.22255757451057434,-0.2410242259502411,0.022962290793657303,-0.14519591629505157,-0.8409767150878906,0.3123325705528259,-1.263060212135315,0.21783287823200226,-0.5325874090194702,0.19666309654712677,1.1790255308151245,0.19903241097927094,0.43936973810195923,-0.08956120908260345,0.014308834448456764,-0.4537528455257416,0.1699504554271698,-0.23626022040843964,-0.26406407356262207,0.26144397258758545,-1.0989786386489868,-0.1808774769306183,0.002558755921199918,0.21164879202842712,0.08593825250864029,0.14269033074378967,0.29311850666999817,-0.30674585700035095,0.00927305780351162,-0.45789211988449097,-0.030757689848542213,0.4661603569984436,0.03224640339612961,-1.2312010526657104,-0.049998387694358826,-0.022133970633149147,-0.05476415902376175,-0.3012126386165619,-0.07277350127696991,-0.006798057351261377,1.205217957496643,-0.3080562353134155,0.043264735490083694,-0.2633601725101471,0.05985294654965401,-0.24470582604408264,0.5477311611175537,-0.12279514968395233,0.03658454492688179,-0.24460840225219727,-0.5290998220443726,0.03327295184135437,0.1753901094198227,0.8342746496200562,-0.22710886597633362,-0.3454045355319977,0.2530761957168579,-0.27318722009658813,0.40327635407447815,-0.009627568535506725,0.19918188452720642,-0.11462529003620148,0.20639380812644958,0.17574536800384521,-1.0597783327102661,-0.1361544132232666,0.4594992697238922,0.1463027000427246,-0.028335928916931152,0.9580804109573364,0.19219140708446503,-0.1600019782781601,0.3455680012702942,-0.0514802560210228,-0.21508491039276123,0.06730486452579498,-0.1214514821767807,0.39086103439331055,0.13969317078590393,0.06663381308317184,-0.5046899914741516,0.5616581439971924,0.010533707216382027,-0.3197862505912781,0.16844817996025085,-0.005981049500405788,-1.1760265827178955,-1.550339698791504,0.9071874618530273,-0.152740940451622,-0.03831394761800766,0.10472104698419571,-0.5504130721092224,0.0345693938434124,0.16065511107444763,0.0969587117433548,-0.9519084692001343,0.22638185322284698,-0.44464483857154846,-0.010333582758903503,0.14730189740657806,-0.20312151312828064,0.6801983118057251,-0.5912296772003174,0.03103390894830227,-0.12714695930480957,-0.1621207892894745,0.06238478422164917,-0.8805618286132812,-0.4005879759788513,1.0495353937149048,0.03364930301904678,0.5176832675933838,0.3575381934642792,0.7685650587081909,-0.14732493460178375,0.2435894012451172,1.0343892574310303,0.3160971701145172,-0.38216373324394226,0.32810527086257935,-0.12441451847553253,-0.43643054366111755,0.05030084773898125,-0.3225143551826477,1.7047849893569946,-0.46102017164230347,-0.642597496509552,-0.16171452403068542,-0.27399304509162903,-0.010450517758727074,-0.0351593904197216,0.9698996543884277,-0.03213896602392197,0.20266887545585632,-0.0181910190731287,-0.21114596724510193,0.5948159098625183,-0.44145894050598145,0.014559763483703136,-0.08034177124500275,-0.09416104853153229,-0.2701514959335327,-0.1040443629026413,-0.22162571549415588,-0.3248804211616516,-0.5787127017974854,-0.2848782539367676,0.48553580045700073,0.5394877791404724,-0.3278420865535736,0.08226487040519714,-0.09776327759027481,0.05334583669900894,0.15071925520896912,-0.2515740990638733,-0.024671096354722977,0.1987684965133667,-0.14277450740337372,0.2536066174507141,-0.22661523520946503,-1.2997329235076904,-0.05190260335803032,-0.016323279589414597,-0.022240569815039635,0.1424490213394165,0.18184341490268707,-0.08291672170162201,-0.5373061895370483,0.23595786094665527,0.1739586889743805,-0.02957337535917759,-0.0838959738612175,0.31771260499954224,1.9057867527008057,-0.36423414945602417,0.22717690467834473,-0.4326934218406677,-0.1572522521018982,-0.376302570104599,-0.021604124456644058,0.5366097688674927,-0.22873249650001526,0.45181068778038025,0.32049888372421265,-0.004598255734890699,-0.39805373549461365,-0.05700113624334335,0.26522713899612427,0.12772907316684723
CID000004894,450,-0.07972729206085205,0.05697501450777054,-0.46636372804641724,0.39279720187187195,0.17194393277168274,-0.38976114988327026,0.20760126411914825,-0.20523867011070251,0.023493807762861252,-0.4960328936576843,0.3595300614833832,-0.1284014880657196,-0.15271827578544617,-0.07286929339170456,0.13714048266410828,0.11182423681020737,0.1739174723625183,-0.42682990431785583,-0.44891446828842163,-0.010377774015069008,-0.30487364530563354,0.22734105587005615,0.5494738221168518,-0.11557085812091827,-0.5722688436508179,-0.8191002011299133,-0.5208181142807007,-0.034760165959596634,0.23675012588500977,-0.14629454910755157,0.487264484167099,0.22750182449817657,0.014085104689002037,-0.07092823833227158,-0.17072388529777527,0.19607515633106232,0.22787527740001678,-0.3539332449436188,0.11083749681711197,0.08345341682434082,-0.31790080666542053,0.2533811926841736,-0.3758004605770111,-0.4685530662536621,0.20288744568824768,-0.0702231302857399,0.33191409707069397,-0.27258384227752686,-0.8230997920036316,-0.09548639506101608,-0.6007998585700989,-0.025860514491796494,0.5224476456642151,-0.375100314617157,-0.12779627740383148,-0.5918580293655396,-0.08958055078983307,0.7941055297851562,-0.13580672442913055,-0.025894630700349808,-0.11404190212488174,-0.1364595741033554,0.3362671136856079,0.6441059708595276,0.025862568989396095,0.4909295439720154,0.09785491973161697,-0.1659695953130722,0.0719228982925415,0.06583034992218018,-0.9050315022468567,0.35204842686653137,-0.541806697845459,0.25413522124290466,0.08486573398113251,0.2984628975391388,0.519638180732727,0.4432646334171295,0.5859202146530151,0.08966802805662155,-0.09723582118749619,-0.23419134318828583,0.23284542560577393,-0.15692931413650513,-0.09352211654186249,0.0994778499007225,0.01801798865199089,0.10092304646968842,0.04707016795873642,-0.031431056559085846,-0.10177712142467499,0.06917394697666168,-0.25649598240852356,-0.022265249863266945,0.16693910956382751,-0.114087775349617,0.12210939079523087,0.22112849354743958,-0.036556538194417953,-0.5616170167922974,-0.0062006027437746525,-0.027784353122115135,-0.26536911725997925,-0.24959763884544373,0.20645377039909363,-0.46700364351272583,0.5327262282371521,0.26183050870895386,-0.1465677171945572,-0.023307621479034424,0.12707655131816864,-0.12077003717422485,0.4527035653591156,-0.6344669461250305,0.04087047651410103,-0.19523683190345764,0.052018631249666214,0.3533322811126709,0.10635481029748917,-0.10420222580432892,-0.24238479137420654,-0.23436515033245087,0.1428469866514206,0.18233290314674377,-0.058552563190460205,0.20926347374916077,-0.1227550059556961,-0.033006779849529266,0.1310693323612213,0.22565150260925293,-0.6398862600326538,-0.276054322719574,0.44573068618774414,0.15232717990875244,-0.10512552410364151,0.7324187159538269,-0.13574472069740295,0.3903776705265045,0.32085710763931274,0.12492964416742325,0.10748734325170517,-0.062373317778110504,0.12128472328186035,0.24572893977165222,0.17761145532131195,0.11582664400339127,-0.13401642441749573,0.1406656950712204,0.028522485867142677,-0.03807477280497551,0.6366802453994751,-0.22123415768146515,-0.5997194051742554,-0.4255288541316986,0.2727251946926117,0.10505594313144684,-0.15097984671592712,0.2793586254119873,-0.5523378252983093,-0.09606704860925674,0.1553339809179306,-0.34657734632492065,-0.7187207341194153,0.08744485676288605,-0.5069277286529541,-0.3517651855945587,-0.09395886957645416,-0.13436761498451233,0.7034415006637573,-0.5660046935081482,-0.43789488077163696,-0.09010811895132065,0.05101422592997551,0.042350005358457565,-0.10209663212299347,-0.3470912575721741,0.10353188216686249,-0.04139537736773491,0.5623504519462585,0.11256158351898193,0.6136721968650818,0.2600165903568268,-0.05305059626698494,-0.1196499913930893,-0.029388427734375,-0.13502714037895203,-0.22909259796142578,-0.2268952876329422,0.16177579760551453,-0.05665037781000137,0.12742984294891357,0.5489991307258606,0.010045977309346199,-0.37542134523391724,-0.1013103723526001,-0.09412088245153427,-0.06018594652414322,-0.023031702265143394,0.07825435698032379,-0.0357133224606514,0.38133910298347473,0.14108772575855255,0.21212288737297058,0.2500167787075043,-0.5092902183532715,-0.23693148791790009,-0.41582027077674866,0.017283404245972633,0.05339696258306503,-0.12530922889709473,-0.09426172822713852,0.01517554372549057,-0.27677375078201294,0.08397866040468216,0.9548500180244446,0.12099123001098633,-0.034759245812892914,0.09747585654258728,0.14135929942131042,-0.06964932382106781,0.34334033727645874,0.05256003886461258,-0.034931134432554245,-0.006415015552192926,0.044149722903966904,0.2978779375553131,-0.061316270381212234,-0.5020396113395691,-0.06049606204032898,-0.020163705572485924,0.18789026141166687,-0.0055979108437895775,0.09180139005184174,-0.19723474979400635,-0.5595806837081909,-0.015884872525930405,0.09395428001880646,0.18228614330291748,0.1511126458644867,0.277565062046051,0.272527277469635,-0.42501696944236755,-0.02524830773472786,-0.2807168960571289,-0.2012738287448883,-0.08463265746831894,0.024223260581493378,-0.26323097944259644,-0.3543311655521393,0.2741890251636505,0.12614139914512634,0.1684606671333313,-0.01965373568236828,-0.3879750669002533,-0.17267952859401703,0.0523562915623188
CID000071329,451,0.16684946417808533,-0.22016379237174988,-0.6878303289413452,-0.09838010370731354,0.5575860142707825,0.05268436670303345,-0.11367706209421158,-0.7688862085342407,-0.24341563880443573,-0.0836208239197731,0.3903867304325104,-0.010981517843902111,-0.2676733434200287,-0.18824604153633118,-0.1192479282617569,0.07426154613494873,0.5193318724632263,-0.051654376089572906,-0.28686609864234924,0.09652141481637955,-0.15755648910999298,-0.21816977858543396,0.518630862236023,-0.005823299288749695,-0.3867209851741791,-0.6394572854042053,-0.25089550018310547,-0.34136658906936646,0.34221184253692627,0.034257836639881134,0.8442083597183228,-0.14475733041763306,-0.13715127110481262,0.3966158628463745,-0.41847267746925354,-0.10183627903461456,0.7365726232528687,-0.13647910952568054,0.07186427712440491,-0.15214715898036957,-0.8013685345649719,0.5370128750801086,-0.19048236310482025,0.08325880765914917,0.1443735510110855,0.12363014370203018,0.7523689270019531,0.18632280826568604,-0.46477848291397095,0.02898663841187954,-0.5182397961616516,0.2463301122188568,0.3539029061794281,-0.060968391597270966,0.2703281342983246,-0.3615375757217407,-0.07326532900333405,0.870036780834198,-0.07878562062978745,0.025645693764090538,-0.04055456072092056,-0.20164231956005096,0.0012675166362896562,1.0794239044189453,0.19146181643009186,0.42246270179748535,0.0741233304142952,0.15131160616874695,0.0015509699005633593,-0.04160625487565994,-0.7892622351646423,-0.0435355082154274,-0.6902479529380798,0.302014023065567,0.08018918335437775,0.35945653915405273,0.34197476506233215,0.265341192483902,0.643603503704071,0.014050329104065895,-0.030158046633005142,-0.4014357626438141,-0.05051518231630325,-0.06714214384555817,0.4633540213108063,0.3119698464870453,-0.4666132926940918,-0.05243862792849541,-0.30329784750938416,-0.04015768691897392,0.025529632344841957,0.011319989338517189,-0.0984334796667099,0.03731163591146469,-0.02358129620552063,-0.24545040726661682,-0.21656470000743866,0.19442331790924072,0.038358718156814575,-0.5278459787368774,0.01497255265712738,0.021481862291693687,0.033581096678972244,-0.3839402198791504,0.18077652156352997,-0.36813098192214966,0.7156842350959778,0.2323797196149826,0.12084384262561798,0.08283096551895142,0.0713605135679245,-0.017248433083295822,0.6994249820709229,-0.38118886947631836,0.09689515829086304,-0.0955534353852272,-0.3350444436073303,0.15452952682971954,-0.2064657211303711,0.010753786191344261,-0.27991458773612976,-0.22043192386627197,0.014282265678048134,-0.012839710339903831,0.01825232058763504,-0.012411436066031456,0.21966275572776794,0.0749889612197876,-0.0702027752995491,0.2398541271686554,-0.6991056203842163,-0.09030517935752869,0.3937597870826721,0.4781656265258789,0.2301510125398636,0.8487930297851562,0.23550112545490265,-0.2456435263156891,0.4063062071800232,0.08106375485658646,0.06631948798894882,-0.3556644916534424,0.221949502825737,0.17256027460098267,0.07254363596439362,-0.1479741781949997,-0.35056063532829285,-0.04086660221219063,0.03155489265918732,-0.1248675137758255,0.5685786008834839,-0.07081085443496704,-0.6986860036849976,-0.7802088856697083,0.5813137888908386,-0.5507164001464844,-0.03384767845273018,-0.009671861305832863,-0.3984292447566986,-0.007057285867631435,-0.07597996294498444,-0.12880679965019226,-0.9134362936019897,-0.017250053584575653,-0.49050799012184143,-0.19888301193714142,-0.050847627222537994,-0.14705386757850647,0.1629292517900467,-0.4343355596065521,-0.33157220482826233,-0.35667362809181213,0.1468406319618225,-0.22669482231140137,-0.6644780039787292,0.04294854402542114,0.5940247178077698,0.16461500525474548,0.6135297417640686,-0.1106591448187828,0.41839170455932617,-0.1933889538049698,-0.37162095308303833,0.47465306520462036,0.20213238894939423,-0.532572865486145,-0.1366993933916092,-0.20204725861549377,-0.07696669548749924,0.1473635882139206,-0.5546179413795471,0.6352307200431824,-0.15116509795188904,-0.26170486211776733,-0.027745407074689865,0.05487235635519028,-0.1590498387813568,-0.09341160953044891,0.28750133514404297,0.17028677463531494,0.5980352163314819,0.1389322578907013,-0.038170378655195236,-0.013509994372725487,-0.37915340065956116,-0.2544920742511749,-0.20861968398094177,0.0642947405576706,0.20447854697704315,0.013148087076842785,-0.23405858874320984,-0.017706740647554398,0.19408944249153137,-0.32827919721603394,0.6820212602615356,0.1732953041791916,-0.2062932699918747,-0.21607156097888947,-0.1869179904460907,-0.060231734067201614,0.1365717053413391,-0.16641290485858917,0.2867160439491272,-0.0038963272236287594,-0.12229254096746445,0.07793454080820084,0.09650455415248871,-0.9924523234367371,-0.0016396306455135345,0.07337155938148499,0.2546207308769226,0.3772326409816742,-0.003074590815231204,-0.3392047882080078,-0.6482285261154175,0.3305889368057251,0.00564226508140564,0.04056045040488243,-0.14419327676296234,-0.01866438053548336,0.4637598395347595,-0.4719093441963196,0.038557570427656174,-0.3039715886116028,-0.09678327292203903,-0.21855807304382324,0.11514604091644287,-0.11492840945720673,-0.04151863977313042,0.3348672389984131,0.12898209691047668,-0.0007839322206564248,-0.12772580981254578,-0.2773098945617676,0.29231494665145874,-0.212190181016922
CID000002631,455,0.16319696605205536,-0.3881111741065979,-1.1072336435317993,-0.16481274366378784,0.4193710684776306,-0.212636798620224,0.10183368623256683,-0.7187162637710571,-0.3287452757358551,-0.5131585597991943,0.29127949476242065,0.1358407735824585,-0.07301884144544601,-0.7295300364494324,-0.1674962341785431,0.19767561554908752,1.1788376569747925,0.14486488699913025,-0.2993444502353668,-0.5665615797042847,-0.26564329862594604,0.023809051141142845,0.7402384281158447,-0.3831462562084198,-1.2470186948776245,-1.5187290906906128,-0.7753008008003235,0.12467446178197861,0.006839538924396038,0.026696521788835526,1.7939958572387695,0.15729671716690063,0.24955125153064728,-0.0013628617161884904,-0.20048224925994873,-0.27187299728393555,0.34924763441085815,-0.5521242618560791,-0.03652432560920715,-0.3938275873661041,-0.6080213189125061,1.7126262187957764,-0.5561234951019287,-0.8335236310958862,0.11660821735858917,-0.3904537558555603,0.7988295555114746,-0.2618691623210907,-0.8380862474441528,0.1237730011343956,-0.7246774435043335,0.19943659007549286,0.06404779106378555,-0.29572588205337524,0.17332978546619415,-0.9317760467529297,0.0969441682100296,0.7900387048721313,-0.40915432572364807,0.3251951336860657,-0.17879390716552734,-0.07244165986776352,0.16696995496749878,1.0032751560211182,-0.06132679060101509,0.04413187876343727,0.1097651943564415,0.1594756543636322,-0.11530947685241699,-0.21895399689674377,-0.9740053415298462,-0.02636515535414219,-1.1707972288131714,0.3780396580696106,-0.20266380906105042,0.7194719910621643,1.2848029136657715,0.5122657418251038,0.8975303769111633,-0.28037914633750916,-0.21511514484882355,-0.18499091267585754,0.07927296310663223,0.2505386769771576,0.2930399775505066,0.02971406653523445,-0.48588210344314575,-0.2575911581516266,0.0624125599861145,0.08679041266441345,-0.22536543011665344,0.03130791336297989,-0.2458219975233078,0.33928996324539185,-0.1788056641817093,-0.14656348526477814,-0.12271179258823395,0.41094595193862915,-0.13385269045829773,-0.7935534715652466,0.04013942554593086,-0.21692709624767303,0.22478005290031433,-0.450289249420166,-0.23534837365150452,-0.1367417275905609,1.4210337400436401,0.1562248170375824,-0.2575189471244812,0.06993351876735687,0.05569127947092056,-0.2785385847091675,0.18392150104045868,-0.44160300493240356,0.07361490279436111,-0.36355867981910706,-0.5196784734725952,0.2970852553844452,-0.16076190769672394,0.5798417925834656,-0.21825547516345978,-0.005882257129997015,0.16136646270751953,0.00556686008349061,0.22403502464294434,-0.29520171880722046,0.12187197059392929,0.06957525759935379,0.01005253940820694,0.6053237915039062,-0.8808150291442871,0.04688623920083046,0.42758798599243164,0.16087286174297333,-0.16275964677333832,0.8783147931098938,-0.13333287835121155,0.41064706444740295,0.27544817328453064,0.04087859019637108,-0.29616934061050415,-0.43671688437461853,0.07187189161777496,0.2068522721529007,0.480473130941391,-0.06235776096582413,-0.24852454662322998,0.4496907591819763,0.18238046765327454,-0.35475295782089233,0.2379576712846756,-0.4663650095462799,-0.6825435757637024,-1.2259466648101807,0.5046805143356323,0.22942432761192322,-0.14765705168247223,0.15132856369018555,0.04765205830335617,-0.2207631766796112,0.028922367841005325,-0.10499511659145355,-0.9885624647140503,-0.2025645226240158,-0.9356299638748169,-0.32136598229408264,-0.008044528774917126,0.42418962717056274,0.5640204548835754,-0.054783452302217484,-0.0812418982386589,-0.3647831082344055,-0.1465175598859787,0.14880028367042542,-0.7348745465278625,-0.15170049667358398,0.5848865509033203,0.019255032762885094,0.5986313223838806,-0.006894633173942566,0.6664518713951111,-0.1288428008556366,-0.3528967499732971,0.41727215051651,0.2642184793949127,-0.9033239483833313,-0.6366243362426758,0.11559750884771347,-0.5050265789031982,-0.3314358592033386,-0.7046517133712769,1.0803186893463135,-0.1702669858932495,-0.41898030042648315,-0.1139736920595169,0.07433684915304184,-0.30395975708961487,0.390564501285553,0.41460981965065,0.04178541898727417,0.3216109871864319,0.34175968170166016,-0.4159998297691345,0.32229000329971313,-0.01084965281188488,0.22399942576885223,-0.04625600576400757,0.06128270551562309,0.039882440119981766,-0.36516714096069336,0.47152766585350037,0.03154750540852547,0.21898725628852844,0.1900523453950882,0.979220986366272,0.5599112510681152,-0.12428796291351318,-0.03047114983201027,-0.08776987344026566,0.10839146375656128,0.22792205214500427,0.39872151613235474,0.06820075213909149,-0.263882040977478,-0.026477480307221413,0.3273009657859802,-0.17359820008277893,-1.3445860147476196,-0.01152144093066454,-0.046274520456790924,0.22282373905181885,0.4065400958061218,-0.33706581592559814,0.021235570311546326,-0.6516125798225403,0.32343927025794983,-0.4144287109375,0.01306037325412035,0.08345881849527359,0.2967067062854767,1.8184378147125244,-0.5208287835121155,0.07202231884002686,-0.3196712136268616,0.06859057396650314,-0.2159401923418045,0.2509881556034088,0.30560630559921265,-0.38287684321403503,0.1778346300125122,0.19162124395370483,-0.058659862726926804,0.04629373177886009,0.22861747443675995,0.10077887773513794,0.06133637577295303
CID000003902,458,0.055697690695524216,-0.19387085735797882,-0.5594903826713562,0.1826423555612564,0.44440746307373047,-0.11307793855667114,-0.2121231108903885,-0.5347442030906677,-0.2514127194881439,-0.06905326247215271,0.24714824557304382,0.07953617721796036,-0.006559017114341259,-0.022183874621987343,0.17454320192337036,0.17151781916618347,0.44501176476478577,0.12640200555324554,-0.22406300902366638,0.2679705321788788,0.03856451064348221,0.0903548002243042,0.41931161284446716,-0.02020413801074028,-0.5028213858604431,-0.6672568917274475,-0.556250810623169,0.16033324599266052,0.014608865603804588,-0.11926809698343277,0.6455740332603455,0.07594610750675201,-0.11798524856567383,0.43119001388549805,-0.29340559244155884,0.14796502888202667,1.0632715225219727,-0.05939209461212158,0.16519895195960999,0.135780468583107,-0.002222079085186124,0.4813203811645508,-0.3070531189441681,0.014151982963085175,0.021736178547143936,0.07529463618993759,0.6718757748603821,-0.2326856553554535,-0.5869347453117371,-0.001416221261024475,-0.32447928190231323,0.18363383412361145,0.3976665139198303,-0.44437527656555176,0.36104243993759155,-0.16747668385505676,-0.2837070822715759,0.6441431641578674,-0.017387032508850098,-0.11722610145807266,-0.012657049112021923,-0.3130756914615631,0.013125675730407238,0.6740516424179077,0.015192737802863121,0.29612284898757935,-0.13038133084774017,-0.18676981329917908,0.024554936215281487,0.013372155837714672,-0.5562482476234436,0.24080102145671844,-0.7034866213798523,0.4614078402519226,0.16235503554344177,0.3321049213409424,0.6041847467422485,0.1639539748430252,0.37656110525131226,0.05323117971420288,-0.016239872202277184,-0.27256855368614197,0.07032383233308792,-0.01380157470703125,0.2004251480102539,0.3519565463066101,-0.2499876469373703,-0.03002537228167057,-0.044446274638175964,0.20060022175312042,-0.19871599972248077,-0.007026590406894684,-0.12457460165023804,-0.011587386950850487,0.2252158224582672,0.041030723601579666,0.005288886837661266,0.25408366322517395,-0.06696713715791702,-0.779737651348114,-0.12523238360881805,-0.21203410625457764,0.1496102511882782,0.015268346294760704,0.21837754547595978,-0.004494580440223217,1.075460433959961,-0.08960884809494019,0.2945416569709778,-0.05956665426492691,-0.12569700181484222,0.09748975932598114,0.3695240020751953,-0.13287298381328583,0.21248075366020203,-0.29958266019821167,-0.3637387156486511,0.10921461880207062,-0.09925098717212677,0.14038975536823273,-0.37773409485816956,-0.3222253620624542,0.06538014858961105,-0.024028513580560684,-0.12445547431707382,0.11360844224691391,0.4020889401435852,0.09132038801908493,-0.3635678291320801,0.24129211902618408,-0.706847071647644,-0.4105909764766693,0.40052637457847595,0.16680586338043213,0.03778930380940437,0.9008728861808777,0.06248427554965019,-0.14101824164390564,0.19192543625831604,-0.0971667617559433,-0.08308690786361694,-0.21826593577861786,0.10040336847305298,0.037200916558504105,0.04680956155061722,0.05658090114593506,-0.29040220379829407,-0.07670144736766815,-0.1220463365316391,-0.1833617240190506,0.3414202630519867,-0.17319393157958984,-0.5396437048912048,-0.5995917320251465,0.5332480072975159,-0.24230459332466125,0.2799680233001709,0.25600627064704895,-0.4603753089904785,-0.0018299386138096452,-0.07322447001934052,0.2611507177352905,-0.8918889760971069,0.102713942527771,-0.3236469328403473,0.0705491229891777,-0.08115842193365097,-0.16496169567108154,0.633823037147522,-0.4087696969509125,-0.2543920576572418,-0.030232518911361694,0.0949513390660286,-0.12027087062597275,-0.692716658115387,-0.17107465863227844,0.3036347031593323,0.037309784442186356,0.5757904052734375,0.03024846315383911,0.5869846343994141,-0.05987139791250229,-0.21791541576385498,0.5531734228134155,-0.014591771177947521,-0.4915240705013275,-0.10032591968774796,-0.12285597622394562,-0.29440248012542725,-0.2363365888595581,-0.4024497866630554,0.9986332654953003,-0.059125255793333054,-0.4111487865447998,0.15351340174674988,-0.10217368602752686,0.008419331163167953,0.12258504331111908,0.45632728934288025,-0.15204119682312012,0.31755125522613525,0.3146418035030365,-0.14364486932754517,0.25802671909332275,-0.3220570981502533,-0.21406447887420654,-0.2204078882932663,0.010776793584227562,-0.07868901640176773,-0.09174291044473648,-0.13052508234977722,0.042714279145002365,-0.07548409700393677,-0.2820061445236206,0.5721059441566467,-0.13813889026641846,0.04829122871160507,-0.2744303345680237,-0.036023885011672974,0.07445527613162994,0.16681639850139618,0.010745177045464516,0.20834927260875702,-0.26263105869293213,0.1364457607269287,0.061951540410518646,0.008664840832352638,-0.6338566541671753,-0.1275927871465683,-0.018425583839416504,-0.284635990858078,0.0368838869035244,0.04753495007753372,-0.15646860003471375,-0.5718629956245422,0.05255751684308052,0.249441459774971,-0.10765303671360016,0.10607244074344635,-0.07508314400911331,0.7192230820655823,-0.3640558123588562,0.08365563303232193,-0.23089222609996796,-0.033825814723968506,-0.3109254240989685,0.1528993397951126,0.07412400841712952,-0.22370091080665588,0.225816011428833,0.2276659905910492,0.036321379244327545,0.2528809607028961,-0.19051377475261688,0.33911529183387756,0.08346357941627502
CID000005496,461,0.10759703814983368,0.0419754721224308,-0.5677779912948608,0.10580408573150635,-0.11689531803131104,-0.048826489597558975,-0.055582307279109955,-0.44039684534072876,-0.02027026005089283,0.07191045582294464,0.2923579812049866,0.243900865316391,-0.14724165201187134,-0.22856423258781433,-0.1633145809173584,0.2509664297103882,0.6593570113182068,-0.10783930122852325,-0.3420456647872925,-0.038585685193538666,-0.3297343850135803,0.07819114625453949,0.3667569160461426,-0.07205770909786224,-0.8923934698104858,-1.106017827987671,-0.6875245571136475,-0.12508895993232727,-0.11285287141799927,0.16733786463737488,1.5328114032745361,0.036672793328762054,-0.04791465029120445,0.20661397278308868,-0.24643543362617493,-0.05343635007739067,0.9969754219055176,-0.19216562807559967,0.032296162098646164,-0.25289782881736755,-0.12416007369756699,0.7828409075737,-0.4068417549133301,-0.2000320851802826,-0.054170213639736176,-0.14487938582897186,0.6810543537139893,-0.12571296095848083,-0.34208887815475464,-0.017910834401845932,-0.8685251474380493,0.10928410291671753,0.2894081473350525,0.055867813527584076,0.39602145552635193,-0.6606923341751099,-0.25199785828590393,0.42463526129722595,-0.19325968623161316,-0.06973451375961304,-0.018904224038124084,-0.07378223538398743,-0.04424995556473732,1.0279468297958374,-0.02911832556128502,0.4035525918006897,0.06884921342134476,-0.13685394823551178,0.101615771651268,0.052483320236206055,-0.5697060823440552,-0.017653463408350945,-0.6962159872055054,0.2947731614112854,0.026389867067337036,0.7109295725822449,0.7317372560501099,0.5651431083679199,0.5738905072212219,0.13079571723937988,-0.09453020244836807,-0.009720665402710438,0.2139699012041092,0.1667632758617401,0.11797163635492325,0.16784995794296265,0.093508780002594,-0.4868375360965729,-0.14513790607452393,-0.08846113830804825,-0.17759495973587036,0.06246050447225571,-0.14798596501350403,0.14432473480701447,-0.2060527503490448,0.11082158237695694,-0.05890647694468498,0.38309505581855774,0.0036650490947067738,-1.0026289224624634,-0.29110878705978394,0.09274206310510635,-0.033440567553043365,-0.2574363350868225,-0.07916442304849625,-0.3196219801902771,1.414252519607544,-0.10889409482479095,0.18808983266353607,0.1687607318162918,0.01007641851902008,-0.16360215842723846,0.0988575741648674,-0.5798258781433105,0.17110653221607208,-0.4990100860595703,-0.367107093334198,0.007625880651175976,0.06340501457452774,0.4092637896537781,-0.18073716759681702,0.20632925629615784,0.41030821204185486,0.04189157485961914,0.015787309035658836,0.19308365881443024,0.09212929755449295,-0.06035366654396057,-0.0916360467672348,0.01677917130291462,-0.8233795166015625,-0.2924152910709381,0.024791372939944267,0.04318324476480484,0.08565026521682739,0.996235728263855,-0.35406240820884705,-0.314054012298584,0.30039340257644653,-0.07251641899347305,-0.08765853941440582,-0.16826385259628296,-0.1920686811208725,0.09616931527853012,-0.028421800583600998,0.003947379998862743,-0.2969279885292053,0.060428012162446976,0.3739548325538635,0.09822164475917816,0.4032793641090393,-0.11778513342142105,-0.8932033777236938,-0.6207430362701416,0.5331997871398926,-0.004412846174091101,0.04594508931040764,-0.08757368475198746,-0.32245397567749023,-0.09036228805780411,0.15479335188865662,0.04954405874013901,-0.8086065053939819,0.17147819697856903,-0.4037441313266754,-0.21493640542030334,-0.22870507836341858,0.20098313689231873,1.0493558645248413,-0.336699903011322,-0.18947041034698486,0.00036243052454665303,0.006055091507732868,0.3215835988521576,-0.6676056385040283,-0.06585796177387238,0.7547624111175537,-0.0826084092259407,0.45543742179870605,0.6143027544021606,0.6266822218894958,-0.32305803894996643,-0.500726580619812,0.20414337515830994,0.00840874295681715,-1.1054067611694336,-0.2372613400220871,0.018279392272233963,-0.3375954031944275,0.029199551790952682,-0.3620533049106598,0.7772631645202637,-0.08925266563892365,-0.3490983545780182,-0.17514419555664062,0.08330068737268448,-0.0329907089471817,-0.043198540806770325,0.6790648698806763,-0.17006519436836243,0.34859198331832886,0.15322771668434143,-0.09710311889648438,-0.012891551479697227,-0.404304563999176,0.16014686226844788,-0.17034831643104553,0.10170383751392365,0.2149629145860672,-0.05678481608629227,-0.13685230910778046,0.16957619786262512,-0.08119065314531326,-0.23609670996665955,1.5255738496780396,0.4130779802799225,-0.17453619837760925,0.24968421459197998,0.06245828792452812,0.1337764710187912,0.11504001915454865,0.20193319022655487,-0.07113330811262131,-0.3454456627368927,-0.015111392363905907,0.5919720530509949,-0.1072845607995987,-0.7383432388305664,-0.1239568367600441,-0.07011125981807709,0.26358574628829956,0.17901711165905,0.011967080645263195,-0.4152311384677887,-0.5248428583145142,-0.23491978645324707,0.03862879425287247,0.07716743648052216,-0.1134990006685257,0.10506685823202133,1.8589404821395874,-0.31375232338905334,-0.2716420590877533,-0.5454695820808411,-0.2235925942659378,-0.5348621606826782,-0.16110797226428986,0.2584788501262665,-0.17367391288280487,0.015460940077900887,0.40511637926101685,0.2227318286895752,-0.005479666404426098,-0.08316930383443832,-0.0384817011654377,-0.0038650452625006437
CID000005005,462,-0.03829408809542656,-0.21267473697662354,-0.6262884140014648,-0.10514066368341446,0.31880125403404236,-0.09443020075559616,-0.05836419016122818,-0.35346466302871704,-0.16176825761795044,0.1274254471063614,0.3682379722595215,0.0843098908662796,-0.26880747079849243,-0.2352159023284912,-0.14597061276435852,0.09474510699510574,-0.019833598285913467,-0.024405241012573242,-0.2971964180469513,0.050601743161678314,-0.20086348056793213,0.3002668619155884,0.253115713596344,0.09760239720344543,-0.4610827565193176,-0.6656932234764099,-0.1094287782907486,-0.5357528328895569,0.22691559791564941,-0.1330563873052597,0.6472945213317871,-0.34589964151382446,-0.08279269933700562,0.09208381175994873,-0.542802095413208,0.013825371861457825,0.18292418122291565,-0.029068928211927414,0.22538618743419647,0.019071320071816444,-0.49075841903686523,0.08186694234609604,-0.16135385632514954,0.04563257098197937,0.011474667116999626,-0.10304273664951324,0.6323217153549194,-0.11199953407049179,-0.5421082377433777,0.007041186094284058,-1.07454514503479,0.7537778615951538,0.5575374364852905,-0.19738690555095673,0.23844578862190247,-0.48829323053359985,-0.001155638718046248,0.678888201713562,0.14992427825927734,-0.006744058337062597,0.011479044333100319,-0.23112420737743378,0.2507055699825287,0.8599047660827637,0.22767052054405212,0.6190234422683716,-0.11465790122747421,-0.2227359265089035,0.01754734478890896,-0.19853658974170685,-0.9347507357597351,0.14277604222297668,-0.31445246934890747,0.3370046019554138,-0.12602895498275757,0.42977720499038696,0.22822216153144836,0.04190380498766899,0.7438865900039673,0.038173723965883255,0.1124427542090416,-0.3900320827960968,0.16588634252548218,0.08696343004703522,0.2063794583082199,0.32901039719581604,-0.16786785423755646,0.11439110338687897,-0.39428454637527466,0.16703540086746216,-0.07430742681026459,0.1889314204454422,-0.14958630502223969,-0.07835836708545685,0.1365334838628769,-0.41218701004981995,-0.07700943201780319,0.47544389963150024,-0.1703982651233673,-0.5992628335952759,-0.12973085045814514,-0.16578459739685059,0.2780160903930664,-0.027722811326384544,0.29956334829330444,-0.2876944839954376,0.3938292860984802,0.13416770100593567,0.26561611890792847,-0.08425720781087875,0.09575394541025162,-0.05253974348306656,0.8580647706985474,-0.7637036442756653,0.43118834495544434,-0.19482849538326263,0.022586684674024582,0.006577623076736927,-0.07732250541448593,-0.040943726897239685,-0.3396010100841522,-0.1879131942987442,-0.09441597759723663,-0.010831093415617943,-0.10275781154632568,0.11635718494653702,0.20383742451667786,-0.026703977957367897,-0.0015288281720131636,0.3650084137916565,-0.5938138365745544,-0.0060946522280573845,0.33649778366088867,0.23340022563934326,0.12231055647134781,0.593707799911499,-0.03897155448794365,-0.3069266974925995,0.3165569007396698,0.01691662147641182,0.14143872261047363,-0.12565192580223083,-0.04233994334936142,0.14822375774383545,0.27026647329330444,-0.08168287575244904,-0.2769278585910797,0.20328672230243683,0.06503927707672119,0.17493072152137756,0.9630883932113647,-0.021605433896183968,-0.755233108997345,-0.7338467240333557,0.6685495972633362,-0.47445011138916016,-0.017231767997145653,-0.09428524971008301,-0.4525086283683777,0.08511558175086975,-0.003694096114486456,0.014636730775237083,-0.7702105641365051,0.12214253842830658,-0.3322356045246124,-0.12805870175361633,-0.16237707436084747,0.009207827970385551,0.26220911741256714,-0.6499765515327454,-0.21060971915721893,-0.10877625644207001,0.09530406445264816,0.08018170297145844,-0.8699531555175781,-0.18722105026245117,0.3754788041114807,-0.05609745532274246,0.49319714307785034,-0.12894681096076965,0.26651105284690857,-0.15307185053825378,-0.3063369691371918,0.11343294382095337,0.026722285896539688,-0.46437686681747437,0.11670830100774765,-0.20936219394207,-0.05986993759870529,-0.21967585384845734,-0.23443937301635742,0.6568065881729126,-0.0285007543861866,-0.18257024884223938,0.07726246118545532,-0.27704671025276184,-0.1159692257642746,0.16920310258865356,0.2508969008922577,-0.021940091624855995,0.49281054735183716,0.24256566166877747,-0.12557180225849152,0.17875269055366516,-0.5134216547012329,-0.12797945737838745,-0.36493879556655884,-0.05930677056312561,-0.1382514238357544,0.27486422657966614,-0.21903888881206512,-0.04290851950645447,0.02803618274629116,-0.21956971287727356,0.920571506023407,0.03795229643583298,-0.2836858928203583,0.01547103188931942,0.0305931456387043,-0.11195118725299835,0.3137464225292206,-0.15321332216262817,0.1284853219985962,0.29261869192123413,-0.14758184552192688,0.1376480758190155,-0.20779582858085632,-0.8535639047622681,-0.07794628292322159,-0.08662067353725433,-0.19857800006866455,0.1213207021355629,0.27026695013046265,-0.39483124017715454,-0.9902806282043457,0.18953818082809448,0.28535354137420654,0.07573384046554565,-0.08236002922058105,-0.1085670217871666,0.11529362201690674,-0.42559242248535156,-0.2728772759437561,-0.31711429357528687,-0.12408213317394257,-0.403724730014801,0.1001719981431961,-0.21101859211921692,-0.1988954097032547,0.25141721963882446,-0.06953492015600204,-0.13060958683490753,-0.011125641874969006,-0.34411922097206116,0.08247320353984833,-0.1175028458237648
CID000003763,466,-0.20602881908416748,-0.3562411665916443,-1.125314474105835,-0.47790902853012085,0.39059990644454956,-0.021021943539381027,0.05326692387461662,-1.9005231857299805,-0.24503180384635925,-0.05394338443875313,0.7614206075668335,0.3037058115005493,-0.06534641981124878,-0.5450841784477234,-0.1443329155445099,-0.047329068183898926,0.14998432993888855,0.05272010713815689,-0.31635555624961853,-0.20108437538146973,-0.4364527761936188,-0.023010697215795517,0.6228617429733276,0.0007305949693545699,-1.34541916847229,-2.1866564750671387,-0.431795209646225,0.1945669949054718,0.0348394438624382,-0.42352360486984253,1.5679981708526611,-0.11826896667480469,-0.21885263919830322,0.2508055567741394,-0.5309391021728516,0.28351110219955444,1.4366261959075928,-0.5154040455818176,-0.023379575461149216,-0.0776771754026413,-0.7979328036308289,0.603079617023468,-0.4897755980491638,-0.1891520917415619,-0.10706350952386856,-0.5882475972175598,1.4262878894805908,-0.19750474393367767,-0.42389005422592163,0.2204878330230713,-0.5620301365852356,0.6719648838043213,0.228934645652771,-0.06525053083896637,0.5020948052406311,-0.21336643397808075,-0.18591170012950897,1.0899500846862793,-0.12795652449131012,0.6997115015983582,0.15646091103553772,-0.3087262809276581,0.10087358951568604,1.8933954238891602,-0.28720077872276306,0.3142350912094116,0.17679515480995178,-0.27293330430984497,0.07626275718212128,0.024719277396798134,-1.1226744651794434,0.19445060193538666,-1.0230170488357544,-0.4452725350856781,0.04913054779171944,0.6425564885139465,0.5859515070915222,0.5478071570396423,0.8497508764266968,0.1369728446006775,-0.06881307065486908,-0.9019681811332703,0.21291939914226532,0.033772747963666916,-0.23193839192390442,0.1262979954481125,-1.4778575897216797,-0.3240451514720917,0.23400349915027618,-0.04111277312040329,-0.06566599011421204,-0.5959319472312927,-0.534480094909668,0.1283062994480133,-0.03982418775558472,-0.2675420641899109,0.3551585078239441,0.29772117733955383,0.08047439903020859,-1.74880850315094,-0.04820941388607025,-0.2436087429523468,0.19807401299476624,-0.5714792013168335,0.12694931030273438,-0.35977306962013245,2.4380242824554443,-0.9135168194770813,-0.20212745666503906,0.13059595227241516,0.017162706702947617,0.05688285827636719,0.4617522358894348,-0.4615805745124817,0.14069722592830658,-0.10509823262691498,-0.549831211566925,0.26300495862960815,-0.22398433089256287,0.24514779448509216,-0.39914703369140625,0.09657492488622665,0.10067039728164673,-0.01958264410495758,0.1724396049976349,-0.09154316037893295,0.7863056063652039,-0.36896246671676636,0.24597807228565216,0.20075738430023193,-1.4922443628311157,0.3319186270236969,0.3826122581958771,0.05703290179371834,0.03017304465174675,0.6919313669204712,0.37937623262405396,0.3530128002166748,0.6169551014900208,-0.06915216147899628,-0.302457720041275,-0.46418046951293945,-0.25265997648239136,0.00592616805806756,0.08179274201393127,0.24661707878112793,-0.14123737812042236,0.4669182300567627,0.20360609889030457,-0.20567218959331512,0.5165302753448486,-0.2897012531757355,-1.323248267173767,-1.8014215230941772,1.1572788953781128,0.17399907112121582,0.4127778112888336,0.5461596846580505,-0.9417967796325684,-0.006591856479644775,-0.002624255372211337,0.44693851470947266,-1.4751828908920288,0.17859899997711182,-0.3211613595485687,-0.5888152122497559,0.24769429862499237,-0.034727998077869415,0.5411275625228882,-0.5658488869667053,-0.040460940450429916,-0.39612212777137756,-0.1320601999759674,0.5640802979469299,-1.2108900547027588,-0.11545486748218536,1.2007108926773071,0.17764702439308167,0.7848235964775085,0.013074273243546486,0.6418841481208801,-0.2847968339920044,-0.47678765654563904,1.379331111907959,0.3022992014884949,-2.1226260662078857,-0.4620784819126129,0.5272464752197266,-0.8556916117668152,0.10340994596481323,-0.6043404936790466,1.8790403604507446,0.09624560922384262,-0.34253472089767456,-0.08060412108898163,-0.23741409182548523,-0.0824740082025528,0.1399085819721222,0.607500433921814,-0.10155743360519409,0.5879393815994263,-0.90522301197052,-0.0776808112859726,0.36622822284698486,-0.18465961515903473,0.10855354368686676,-0.09799475967884064,0.27639737725257874,-0.26494890451431274,0.3386673331260681,-0.1512664258480072,0.02597563900053501,-0.5426579713821411,0.37420982122421265,0.46022453904151917,0.4262605607509613,-0.013834956102073193,0.06589324027299881,-0.09805850684642792,0.1794094294309616,-0.2350040227174759,0.14380672574043274,-0.011586823500692844,-0.03658299893140793,-0.06518268585205078,-0.205845445394516,-0.02161397971212864,-1.7808361053466797,-0.03051396645605564,0.10719315707683563,-0.3015380799770355,0.6176058053970337,0.24657388031482697,-0.35154715180397034,-1.1586822271347046,-0.09140274673700333,-0.18331697583198547,-0.09191350638866425,0.15058839321136475,-0.2832857668399811,1.3460876941680908,-0.4625931680202484,-0.0860573798418045,-0.131125345826149,-0.229603573679924,-0.5832844376564026,-0.06163050979375839,0.5340998768806458,-0.36874136328697205,-0.00393488397821784,0.14859819412231445,0.02268345095217228,0.011334067210555077,0.21779274940490723,0.4237186908721924,0.11425738036632538
CID000002973,467,0.028792494907975197,-0.3648097813129425,-0.7887237071990967,0.08940529823303223,0.4212469160556793,-0.14411306381225586,-0.15589313209056854,-0.7197383046150208,-0.19704928994178772,-0.027018923312425613,0.2543879449367523,0.11477625370025635,-0.2967512309551239,-0.05259549617767334,-0.08636275678873062,-0.021897543221712112,0.31834572553634644,0.0806538462638855,-0.13120029866695404,-0.21275325119495392,-0.11819007247686386,0.16785196959972382,0.5592638850212097,0.029177328571677208,-0.9362292289733887,-0.7795488834381104,-0.5585187077522278,0.1557590663433075,-0.11996613442897797,-0.1772090494632721,0.6967438459396362,0.11923537403345108,0.0693189799785614,0.22495165467262268,-0.8609620332717896,0.21021683514118195,1.2041913270950317,-0.17715169489383698,0.04620543122291565,0.1088242307305336,-0.10988278687000275,0.5309984683990479,-0.534753143787384,0.0890582725405693,-0.04944419488310814,-0.09451998770236969,0.5684493780136108,-0.2459425926208496,-0.5314198732376099,-0.07907045632600784,-0.3274516463279724,0.10588391125202179,0.19976842403411865,-0.2628636956214905,0.4130546450614929,0.20432379841804504,-0.04627089947462082,0.7575408220291138,0.291850745677948,0.09075449407100677,-0.023588944226503372,-0.025830816477537155,0.04566972330212593,1.0079004764556885,-0.036102958023548126,0.1325010359287262,-0.17497330904006958,-0.11809863150119781,0.2472575455904007,0.10302068293094635,-0.5979012250900269,0.4096730351448059,-0.787895917892456,0.4180923402309418,0.24369803071022034,0.4646588861942291,0.8405265808105469,0.3031502068042755,0.3555247485637665,-0.059522710740566254,-0.130155548453331,-0.2250659018754959,0.2150263488292694,-0.07263273000717163,-0.2785150110721588,0.17731885612010956,-0.5431395769119263,-0.2082831859588623,-0.03703628107905388,0.1994960904121399,-0.3468529284000397,-0.17291349172592163,-0.1542096734046936,-0.03948448225855827,0.051627498120069504,-0.3911251127719879,-0.03628786653280258,0.19247274100780487,-0.019414767622947693,-1.136197805404663,-0.18446750938892365,-0.22249051928520203,0.18668600916862488,0.025836164131760597,0.1938391774892807,-0.055996090173721313,1.33803129196167,-0.23917284607887268,0.3445097804069519,-0.013646547682583332,0.04756278172135353,0.08074821531772614,0.11230504512786865,-0.2716699242591858,0.4403764307498932,-0.42796868085861206,-0.5483741760253906,0.10416433960199356,-0.15221187472343445,0.46381551027297974,-0.33516374230384827,-0.36450162529945374,0.4993055760860443,0.07938345521688461,0.12947991490364075,-0.11856837570667267,0.33656975626945496,-0.11317597329616547,-0.14615970849990845,0.3666543662548065,-0.7182946801185608,-0.2113530933856964,0.4236910343170166,0.10625282675027847,0.1459185779094696,0.7544724941253662,0.3165351152420044,-0.10484983772039413,0.41453900933265686,-0.1371995359659195,0.27770179510116577,-0.2072727382183075,-0.07922489941120148,-0.019150367006659508,-0.10824529826641083,0.0441182479262352,-0.12378931045532227,0.20199601352214813,-0.055414069443941116,-0.004971158690750599,0.3117029070854187,-0.2605292797088623,-0.5255563855171204,-0.9178041219711304,0.6737910509109497,-0.12393119186162949,0.2189675271511078,0.22036108374595642,-0.6417109370231628,-0.16854152083396912,-0.15559986233711243,0.28623872995376587,-0.8889297246932983,0.08095503598451614,-0.3731664717197418,-0.12198670208454132,0.14392685890197754,-0.09307269752025604,0.6722389459609985,-0.5957216620445251,-0.04393796995282173,-0.005248747766017914,-0.022931069135665894,0.041155848652124405,-0.7587910294532776,-0.2783352732658386,0.7101343870162964,0.16788649559020996,0.5385228395462036,-0.13054849207401276,0.7688846588134766,-0.09638817608356476,-0.21020948886871338,1.2221286296844482,0.2783014476299286,-0.5364398956298828,-0.11278712749481201,0.010770444758236408,-0.31903934478759766,-0.021680563688278198,-0.2757042646408081,1.292172908782959,0.08883757889270782,-0.5450848340988159,0.17456009984016418,-0.04745811969041824,-0.056921400129795074,-0.12858930230140686,0.6687987446784973,-0.21819369494915009,0.48729562759399414,0.3732883036136627,-0.028782565146684647,0.3014112412929535,-0.45932894945144653,-0.12088743597269058,-0.15914709866046906,-0.06097666546702385,0.07552002370357513,-0.0765368863940239,-0.28100693225860596,-0.020275399088859558,-0.5655884146690369,-0.21550731360912323,0.6236340999603271,-0.024950215592980385,-0.05871172994375229,-0.2483459711074829,0.05888132378458977,-0.1520685851573944,0.016721507534384727,0.0491403229534626,0.23561319708824158,0.25865161418914795,0.20124082267284393,0.16679514944553375,0.07644536346197128,-0.76140296459198,-0.30203813314437866,-0.06388311088085175,-0.21154901385307312,0.1464279592037201,0.06356336921453476,0.02328953705728054,-0.4811333119869232,-0.29152554273605347,0.14572633802890778,-0.25803789496421814,0.0011274159187451005,-0.19340896606445312,1.3815621137619019,-0.3031819760799408,-0.10546612739562988,-0.4302838444709778,-0.27882760763168335,-0.36144083738327026,0.05816140025854111,0.33085188269615173,-0.478302001953125,0.2549506723880768,0.5842487812042236,-0.013449343852698803,-0.06550463289022446,0.10159096866846085,0.24482373893260956,0.024262165650725365
CID000005376,468,-0.057395368814468384,-0.15604186058044434,-0.7009940147399902,0.0010496526956558228,0.42892107367515564,-0.18946473300457,-0.07072906196117401,-0.36048752069473267,-0.10221147537231445,-0.09504508972167969,0.26650065183639526,0.14784224331378937,-0.11157162487506866,-0.1521354764699936,-0.09996974468231201,0.09552954882383347,0.489013135433197,0.012282829731702805,-0.223486065864563,0.15853455662727356,-0.3498453199863434,-0.22089596092700958,0.4936549663543701,-0.0836540013551712,-0.4136093556880951,-0.7240522503852844,-0.16245000064373016,-0.14820919930934906,0.19824780523777008,-0.12711915373802185,0.637438952922821,-0.00498450081795454,-0.08367644995450974,0.1624821424484253,-0.2929897904396057,0.11301831901073456,0.9970763921737671,0.042062822729349136,-0.13950921595096588,-0.06186544895172119,-0.24079298973083496,0.7098703980445862,-0.23019134998321533,-0.10885152965784073,-0.026747480034828186,0.12291111797094345,0.6542643904685974,-0.14733751118183136,-0.870217502117157,0.029083941131830215,-0.5908297300338745,0.2696467936038971,0.22660009562969208,-0.20387525856494904,0.2436075210571289,-0.5605793595314026,-0.04374394938349724,1.0028964281082153,-0.10860447585582733,-0.023046676069498062,0.12340877205133438,-0.18402616679668427,0.23688383400440216,0.7888940572738647,-0.1433170735836029,0.17954851686954498,-0.02323320135474205,-0.04618040844798088,0.18894484639167786,0.03894320875406265,-0.9104013442993164,0.0016664922004565597,-0.36957889795303345,0.3538505434989929,0.013830987736582756,0.24182343482971191,0.48059526085853577,0.37602901458740234,0.6405724287033081,0.011634722352027893,0.024951690807938576,-0.3944895267486572,0.10587052255868912,0.021733682602643967,0.0677570328116417,0.2387467920780182,-0.3950865864753723,-0.21405239403247833,-0.13404199481010437,0.0032289624214172363,-0.15428079664707184,-0.011876570992171764,-0.21670496463775635,-0.018348921090364456,-0.10134778171777725,-0.22178617119789124,-0.21716561913490295,0.17992660403251648,-0.002597387880086899,-0.4701334536075592,0.02524980530142784,-0.020444387570023537,0.07588650286197662,-0.10641343891620636,0.20092129707336426,-0.26002660393714905,0.6188421845436096,0.14144353568553925,0.2456778734922409,-0.05641227960586548,-0.026729365810751915,0.19813556969165802,0.4149652421474457,-0.3080064356327057,0.21719321608543396,-0.11378782987594604,-0.30535367131233215,0.1854531317949295,-0.14633040130138397,-0.03972632437944412,-0.21431133151054382,-0.3627786636352539,-0.14768998324871063,0.18310341238975525,0.09201378375291824,0.0897025614976883,0.196046382188797,-0.06988732516765594,-0.19454963505268097,0.19193556904792786,-0.6664155721664429,-0.1916874200105667,0.29857999086380005,0.17948977649211884,-0.010037658736109734,0.7891333103179932,0.04347392916679382,-0.06477513164281845,0.2787746787071228,-0.09489007294178009,-0.1679311990737915,-0.39315199851989746,0.1630832701921463,0.17976398766040802,0.24476948380470276,-0.08207307010889053,-0.33572328090667725,-0.041757263243198395,0.23264963924884796,-0.1298280656337738,0.3358345031738281,-0.13853678107261658,-0.6199671626091003,-0.8150126338005066,0.5044400691986084,-0.3045535981655121,0.010241222567856312,0.01830373704433441,-0.441772997379303,-0.0848228856921196,-0.1356128454208374,-0.16096778213977814,-0.7638678550720215,0.1201043352484703,-0.4073808789253235,0.06104432791471481,0.07945557683706284,-0.04454552382230759,0.3096500337123871,-0.4254438877105713,-0.3186052739620209,-0.2589173913002014,0.029460743069648743,-0.05777464434504509,-0.47783222794532776,-0.21027779579162598,0.272431343793869,0.30871468782424927,0.4122393727302551,-0.12314368784427643,0.4299410879611969,-0.11096020042896271,-0.24628284573554993,0.24700817465782166,0.11862613260746002,-0.3386755883693695,-0.2147001028060913,-0.09749199450016022,-0.23598499596118927,-0.01354474388062954,-0.3440743386745453,0.8119102716445923,0.1082158088684082,-0.3915630877017975,-0.13967281579971313,-0.12953658401966095,-0.41221752762794495,-0.07778610289096832,0.1520746499300003,-0.04173329845070839,0.36911898851394653,0.12884706258773804,0.06570229679346085,0.22175943851470947,-0.31287261843681335,-0.1363213211297989,-0.27769923210144043,-0.011759539134800434,0.0041806697845458984,0.130472332239151,-0.18401634693145752,-0.11409807205200195,-0.09865710884332657,-0.0005237042787484825,0.6110368967056274,0.02172641083598137,-0.25190114974975586,-0.17623277008533478,0.05209530517458916,0.15103629231452942,0.2754923105239868,0.036079417914152145,0.03382652625441551,0.07009480893611908,-0.052328724414110184,0.1341351717710495,0.07275222986936569,-0.9448108673095703,-0.1535889357328415,-0.06383953243494034,0.16799059510231018,0.29214534163475037,0.19622543454170227,-0.35154446959495544,-0.6564145088195801,-0.009102562442421913,0.06739912927150726,-0.16165931522846222,-0.13365034759044647,-0.3119738698005676,0.19281956553459167,-0.26925885677337646,-0.22878387570381165,-0.09372526407241821,-0.05590921640396118,-0.17875559628009796,-0.023240113630890846,-0.05029882863163948,-0.21855707466602325,0.2188107669353485,-0.22330155968666077,-0.0008044829592108727,-0.05944577977061272,-0.14818590879440308,0.16866154968738556,0.02177061140537262
CID000003198,469,-0.28010281920433044,-0.03493306040763855,-0.6173650026321411,0.001865434693172574,0.16124963760375977,-0.06933613866567612,0.2419082671403885,-0.6775978207588196,-0.1810307651758194,-0.18819741904735565,0.5718461871147156,0.18381284177303314,0.19127188622951508,-0.09221573919057846,-0.25074881315231323,0.03474641963839531,0.035572804510593414,0.3074154555797577,-0.39152389764785767,-0.33932214975357056,-0.5007782578468323,0.2649342715740204,0.8018233180046082,0.15010681748390198,-1.3424112796783447,-2.3316359519958496,-0.9235237240791321,0.23013648390769958,0.5107733011245728,0.3208673596382141,1.1316323280334473,0.056233204901218414,-0.08020521700382233,0.33231574296951294,-0.7061291337013245,0.3517044186592102,0.5098639726638794,-0.4028469920158386,-0.21225377917289734,-0.22702984511852264,-0.5998093485832214,0.2656688392162323,-0.4616547226905823,0.03450828045606613,-0.00973328948020935,0.10028298199176788,1.081390619277954,0.16971366107463837,-0.7910326719284058,0.01102127693593502,-0.901065468788147,0.18884018063545227,0.7198697328567505,-0.5078702569007874,0.28907671570777893,-0.12244093418121338,0.15657304227352142,0.6730989813804626,0.23866453766822815,0.9108219146728516,0.0785648375749588,-0.2146931141614914,0.021116549149155617,1.2390793561935425,0.040740299969911575,0.2085351049900055,-0.11288245022296906,-0.06218758970499039,-0.19376957416534424,-0.008126954548060894,-0.7767776250839233,0.15144723653793335,-1.0046911239624023,0.10003675520420074,-0.31655198335647583,0.2772861123085022,0.05076860263943672,0.4928523004055023,0.6997450590133667,0.4874618649482727,0.24371278285980225,-0.7340456247329712,0.23681704699993134,0.1708918660879135,0.08249460160732269,-0.027917686849832535,-0.0984751358628273,-0.4230147898197174,-0.5809535384178162,-0.11768392473459244,-0.18674007058143616,0.42301076650619507,-0.3987196385860443,-0.023391252383589745,0.07294581830501556,-0.01576317846775055,0.2656014561653137,-0.39488059282302856,-0.06520603597164154,-0.8791570663452148,0.146164670586586,-0.31749647855758667,0.32176217436790466,-0.04455862566828728,-0.06752213090658188,-0.08468469232320786,1.2608600854873657,-0.25701797008514404,-0.18473964929580688,-0.0657496452331543,0.001988854957744479,0.1686559021472931,0.021001087501645088,-0.5449231266975403,0.33565986156463623,-0.19457419216632843,-0.35154348611831665,0.4230009615421295,-0.09069670736789703,0.23779554665088654,-0.4524553418159485,-0.16364511847496033,0.01814563199877739,0.05282764509320259,-0.11906077712774277,0.0027357072103768587,0.48954445123672485,0.35313016176223755,-0.11406083405017853,0.0779888704419136,-1.3859423398971558,0.4683540463447571,0.21213412284851074,0.2134283483028412,-0.3691272437572479,0.9391438364982605,0.23929765820503235,0.29923301935195923,0.6527720093727112,0.011626949533820152,-0.3466300368309021,-0.17545022070407867,0.08628423511981964,-0.08191622793674469,0.19305023550987244,-0.37285810708999634,-0.6385958194732666,0.41452255845069885,0.36496710777282715,-0.2781704366207123,0.4723498225212097,0.0835089236497879,-0.6361758708953857,-0.8400605916976929,0.4487608075141907,0.3914472460746765,-0.014030640944838524,-0.026824450120329857,-0.7739661931991577,-0.14811496436595917,-0.44054561853408813,0.27042263746261597,-1.0811090469360352,0.15772059559822083,-0.3565865755081177,-0.3435998260974884,0.020991485565900803,-0.06077713519334793,0.5142773389816284,-0.5548933744430542,-0.1438371241092682,-0.32637596130371094,-0.2162008285522461,-0.09858955442905426,-0.9999581575393677,0.20049409568309784,0.7752994298934937,-0.18636061251163483,0.9418856501579285,0.09782764315605164,0.543708086013794,0.14224973320960999,-0.4570647180080414,0.8988040089607239,0.08243069052696228,-0.9877559542655945,0.21574243903160095,0.009696097113192081,0.17525319755077362,-0.16629476845264435,-0.08062485605478287,1.5133243799209595,-0.06530803442001343,-0.709435224533081,-0.07086760550737381,-0.045357655733823776,0.11624880135059357,0.29366305470466614,0.558691680431366,0.12106950581073761,0.33901986479759216,-0.3908051550388336,-0.47173771262168884,0.6209984421730042,-0.6226370334625244,0.22970953583717346,-0.45995622873306274,0.5012156963348389,-0.5112754106521606,0.20503275096416473,0.12720675766468048,0.10623691976070404,0.02316734753549099,0.02552485093474388,1.3657777309417725,0.659315288066864,-0.5952614545822144,-0.11700157821178436,-0.08082970231771469,-0.26240625977516174,0.3639598786830902,-0.14665023982524872,0.18161742389202118,-0.48873454332351685,0.3204321265220642,-0.3207901120185852,-0.16052016615867615,-1.4195860624313354,0.15973696112632751,-0.4692443907260895,0.09022194147109985,0.13899941742420197,-0.36952629685401917,-0.05668747425079346,-1.023389220237732,0.44749513268470764,-0.3285643458366394,-0.15754428505897522,0.18315207958221436,-0.09072208404541016,1.409170389175415,-0.4439285695552826,-0.15917173027992249,-0.03572641313076019,-0.12550021708011627,-0.36160123348236084,0.18386200070381165,0.3727835714817047,-0.2668403387069702,0.2383183240890503,0.2712738811969757,0.14988109469413757,0.1194806918501854,0.10679261386394501,0.4137687683105469,-0.1893402338027954
CID005487301,470,0.1266057789325714,-0.3351063132286072,-0.4888836443424225,0.07982747256755829,0.38232454657554626,-0.12519922852516174,-0.15372195839881897,-0.5111480355262756,-0.2562916874885559,0.0014100372791290283,0.36664849519729614,0.016946857795119286,-0.0771348848938942,0.03720107674598694,0.04637693613767624,0.23581476509571075,0.4491514563560486,0.08001190423965454,-0.08110488206148148,0.21489369869232178,-0.2853485643863678,-0.018571138381958008,0.4688688814640045,-0.013066301122307777,-0.29718253016471863,-0.6920465230941772,-0.6093361973762512,0.039210349321365356,0.1473112851381302,0.03566285967826843,0.5514043569564819,0.13146761059761047,-0.16227571666240692,0.35824209451675415,-0.19222089648246765,0.18221187591552734,0.95368891954422,-0.10085983574390411,0.021038813516497612,0.19282591342926025,-0.06601885706186295,0.5025437474250793,-0.4108106195926666,-0.06631498038768768,-0.06948047131299973,0.14846055209636688,0.6603788137435913,-0.12200625985860825,-0.5683633089065552,-0.09214987605810165,-0.34923630952835083,0.2974794805049896,0.31324225664138794,-0.2100156843662262,0.07465698570013046,-0.27683526277542114,-0.3322397768497467,0.564590573310852,-0.06031215935945511,-0.07707462459802628,0.0103996517136693,-0.23724570870399475,-0.046098291873931885,0.7131577134132385,0.06725087761878967,0.13498446345329285,-0.22666867077350616,-0.08155839145183563,0.0271448977291584,0.1350586712360382,-0.6570576429367065,0.12283749878406525,-0.6970664262771606,0.5386302471160889,0.03026374615728855,0.23264209926128387,0.4747433662414551,0.197254940867424,0.3970751166343689,-0.021885406225919724,-0.09496288001537323,-0.17942926287651062,0.000688756990712136,-0.10192525386810303,0.1295502483844757,0.3875432014465332,-0.12677304446697235,-0.13025625050067902,-0.06401927769184113,0.061750613152980804,-0.24594168365001678,-0.11266593635082245,-0.033097509294748306,-0.011769684962928295,0.16009767353534698,-0.08972462266683578,-0.19989529252052307,0.26417380571365356,0.02271430939435959,-0.6454128623008728,-0.0727653056383133,-0.1858637034893036,0.09325533360242844,0.021482637152075768,0.20598086714744568,-0.07425136864185333,0.9485206604003906,-0.0547882542014122,0.24732816219329834,-0.116925910115242,-0.12091723829507828,-0.004606372211128473,0.23278920352458954,-0.0379745252430439,0.23092253506183624,-0.36009564995765686,-0.4279317259788513,0.10891680419445038,-0.20400801301002502,0.1525290310382843,-0.09640699625015259,-0.35651034116744995,0.04771781712770462,0.13321064412593842,-0.17566236853599548,0.12403053045272827,0.23870813846588135,-0.033256154507398605,-0.3103409707546234,0.20644907653331757,-0.6886235475540161,-0.2271076887845993,0.3973222076892853,0.06459462642669678,0.14361947774887085,0.6558168530464172,0.2175966203212738,-0.14710131287574768,0.277169793844223,-0.17326651513576508,-0.17348021268844604,-0.204678013920784,-0.003707450581714511,0.1749487817287445,0.12285677343606949,0.003397142980247736,-0.2453581839799881,0.0002108395128743723,0.09292888641357422,-0.022611653432250023,0.1665343940258026,-0.06439302861690521,-0.45393919944763184,-0.6030547618865967,0.36254364252090454,-0.24892297387123108,0.2919848561286926,-0.014698505401611328,-0.3098071217536926,-0.06667019426822662,-0.04008392244577408,0.07470279932022095,-0.7851126790046692,-0.01815105974674225,-0.3933373689651489,0.057219088077545166,-0.006754881236702204,-0.1899266541004181,0.5972535610198975,-0.47551530599594116,-0.13900765776634216,-0.13883043825626373,-0.02892240323126316,-0.16162808239459991,-0.6276172399520874,-0.17392165958881378,0.4083450734615326,0.13477250933647156,0.5274066925048828,-0.14379575848579407,0.5987057089805603,-0.2084403783082962,-0.06889724731445312,0.34752511978149414,-0.07228286564350128,-0.3977489173412323,-0.10749000310897827,-0.1729847490787506,-0.08248989284038544,-0.06280504167079926,-0.5339961051940918,0.9547033309936523,-0.07309083640575409,-0.40931159257888794,0.09711416065692902,-0.06322415173053741,-0.1081404909491539,0.13006055355072021,0.394544780254364,-0.04281596466898918,0.34417569637298584,0.45075926184654236,-0.14914171397686005,0.168297678232193,-0.3802516758441925,-0.34727567434310913,-0.12392231076955795,0.08589375019073486,-0.10279997438192368,-0.20155136287212372,0.055264733731746674,-0.0003423657326493412,-0.049191929399967194,-0.23603563010692596,0.7571062445640564,-0.05440709739923477,-0.055552273988723755,-0.26662877202033997,0.056017983704805374,0.14913026988506317,0.23069767653942108,0.06640706211328506,0.23804478347301483,-0.10467736423015594,0.05548081547021866,0.11238420009613037,0.05709144473075867,-0.6635370850563049,-0.31344130635261536,-0.006956577301025391,-0.10187198221683502,0.14043281972408295,0.07191381603479385,-0.2480495423078537,-0.4668143689632416,0.3270927965641022,0.08810324221849442,-0.2541362941265106,-0.0004292488156352192,-0.0672188475728035,0.5338953137397766,-0.3327351212501526,-0.02652076818048954,-0.2897033989429474,0.05796846002340317,-0.19122585654258728,0.06196529418230057,0.23499158024787903,0.003105323063209653,0.2923274040222168,0.16102148592472076,0.1140221357345581,0.3330227732658386,-0.18774694204330444,0.15525099635124207,0.09462468326091766
CID000005478,473,0.22697296738624573,-0.14389845728874207,-0.693366289138794,-0.06392493098974228,0.25484126806259155,-0.2000221312046051,-0.025317108258605003,-0.752633273601532,-0.0937330573797226,-0.29028621315956116,0.5077527165412903,0.10973165929317474,-0.04500545188784599,0.08493902534246445,-0.07794114947319031,0.35082414746284485,0.11611523479223251,0.03637905791401863,-0.3358185887336731,-0.03024880215525627,-0.16373436152935028,-0.0296645350754261,0.29773232340812683,-0.000865873706061393,-0.9378716349601746,-0.8583579063415527,-0.2905622720718384,-0.010278159752488136,0.12229114770889282,0.041528962552547455,0.4834362864494324,-0.014167865738272667,0.07791386544704437,0.1328698694705963,-0.18443764746189117,-0.019283050671219826,0.18498894572257996,-0.1170303225517273,-0.006056822836399078,-0.02641068771481514,-0.054434530436992645,0.2088336944580078,0.08164949715137482,-0.14124444127082825,-0.16810962557792664,0.16069582104682922,0.8976031541824341,-0.1865624636411667,-0.6777840852737427,0.023579806089401245,-1.0074361562728882,0.028010571375489235,0.41438183188438416,-0.13616745173931122,-0.013832196593284607,-0.2913466989994049,-0.11256637424230576,0.9084309339523315,-0.12680938839912415,-0.047226496040821075,-0.15527930855751038,-0.1695830523967743,-0.04561846703290939,0.5440975427627563,0.13115724921226501,0.47866272926330566,-0.012209033593535423,0.07572401314973831,-0.10226595401763916,0.12076465785503387,-0.4170083999633789,0.19581909477710724,-0.3293240964412689,0.5139936208724976,-0.07977430522441864,0.28008365631103516,0.10520543158054352,0.32951003313064575,0.8055998086929321,0.0825173407793045,-0.15276344120502472,-0.4241114556789398,0.11640723049640656,-0.05744956061244011,0.4220196604728699,0.2634800672531128,-0.4875801205635071,-0.11140261590480804,-0.12076596915721893,0.09339755773544312,-0.22412016987800598,-0.208644300699234,-0.2875397801399231,0.19897139072418213,0.09379333257675171,0.03610491007566452,-0.2928835153579712,0.2382659614086151,-0.01716344989836216,-1.1620330810546875,-0.09960787743330002,-0.17422302067279816,0.12406176328659058,-0.15223371982574463,0.027688289061188698,-0.013773617334663868,0.8576639890670776,0.06738786399364471,0.22586336731910706,-0.10950388014316559,0.0922815352678299,0.10211919248104095,0.24926809966564178,-0.6361854076385498,0.22508902847766876,-0.2202167958021164,-0.23807840049266815,0.15057258307933807,-0.09971827268600464,-0.07054249942302704,-0.18422922492027283,-0.24540849030017853,0.03045082651078701,0.1240173950791359,-0.030698906630277634,0.011103359051048756,0.2250785529613495,0.10907752811908722,-0.3200230896472931,0.0969301238656044,-0.626040518283844,0.024478018283843994,0.21361574530601501,0.21895024180412292,0.014633494429290295,0.5127770900726318,0.032386988401412964,0.033483851701021194,0.3078247308731079,-0.13277769088745117,-0.18502363562583923,-0.031460992991924286,0.3332875370979309,0.4096878170967102,0.04504083842039108,-0.04694444686174393,-0.47143346071243286,0.22559566795825958,0.07356840372085571,0.034728050231933594,0.7336623072624207,-0.25752732157707214,-0.45128488540649414,-0.6650413274765015,0.5535791516304016,0.03561710566282272,0.0939183458685875,-0.003956126980483532,-0.48767462372779846,0.06390652060508728,-0.22107240557670593,-0.24765706062316895,-0.9261959195137024,-0.012293627485632896,-0.401550829410553,0.005237319972366095,0.016295189037919044,-0.054027050733566284,0.7904960513114929,-0.588671863079071,-0.2199321687221527,-0.10699963569641113,-0.03507474809885025,-0.1162797063589096,-0.44297924637794495,-0.29189926385879517,0.2801319658756256,0.14685934782028198,0.46244487166404724,0.13369359076023102,0.11821892112493515,-0.17585186660289764,-0.01337309181690216,0.5634982585906982,-0.02753143385052681,-0.40087199211120605,-0.13623610138893127,-0.23022782802581787,-0.10410461574792862,-0.11485020816326141,-0.45032113790512085,1.2437896728515625,0.02652830258011818,-0.1573636829853058,-0.08563129603862762,-0.097390316426754,-0.36126649379730225,-0.029605314135551453,1.0701138973236084,-0.10074728727340698,0.6981475949287415,0.4209694266319275,-0.0927659422159195,0.5659410357475281,-0.40837937593460083,0.022712906822562218,-0.3505260646343231,-0.0458066388964653,-0.0899999588727951,0.036113642156124115,0.13491778075695038,-0.006760210730135441,0.06322593986988068,-0.19402211904525757,0.730619490146637,0.006154106464236975,-0.2944703996181488,-0.19560803472995758,0.1532508134841919,0.17641767859458923,-0.022413121536374092,0.17279063165187836,0.1546783447265625,-0.19475142657756805,-0.17236201465129852,0.2523879408836365,0.10402874648571014,-0.4976222515106201,-0.22697332501411438,-0.024547219276428223,0.040947556495666504,0.11072611808776855,0.2355864942073822,-0.2902444303035736,-0.5739824771881104,0.2979162037372589,0.10824356228113174,-0.1353590190410614,-0.04176118224859238,-0.20744948089122772,0.9459943771362305,-0.28352174162864685,-0.030039232224225998,-0.3294259011745453,-0.0712476298213005,-0.2838551104068756,-0.04957711696624756,-0.27820083498954773,-0.06961941719055176,0.41318589448928833,0.03548874706029892,0.07240518182516098,0.16752716898918152,-0.07944764196872711,0.3000052869319916,-0.15412957966327667
CID000002650,474,0.06747044622898102,-0.6150499582290649,-1.2200710773468018,-0.04086434096097946,0.37473779916763306,-0.26670780777931213,0.09852932393550873,-0.5899286270141602,-0.21729767322540283,-0.42588871717453003,0.3313601315021515,0.09779459238052368,0.05118950456380844,-0.6411464214324951,-0.07898233830928802,0.2736488878726959,0.8873685598373413,-0.005646911449730396,-0.4655405580997467,-0.4302219748497009,-0.10633745044469833,0.08009686321020126,0.5289927124977112,-0.4173398017883301,-1.3660529851913452,-1.4569014310836792,-0.7523981332778931,0.21110157668590546,0.03575379401445389,0.034343186765909195,1.5692161321640015,0.1677381694316864,0.39304494857788086,-0.10116343200206757,-0.11441685259342194,-0.41363435983657837,0.2574322521686554,-0.360395610332489,0.03652431443333626,-0.30691054463386536,-0.42997708916664124,1.34263277053833,-0.48263564705848694,-0.8618723750114441,0.02057545818388462,-0.2875266671180725,0.7630830407142639,-0.07853144407272339,-0.7411020994186401,0.07002028822898865,-0.8689244985580444,0.18008233606815338,0.2874849736690521,-0.2817404270172119,0.08878204971551895,-0.7929625511169434,0.06277848780155182,0.9158909916877747,-0.3353823125362396,0.3166704773902893,-0.2737441658973694,-0.11911354959011078,0.06451234966516495,0.9708737134933472,0.0656403973698616,0.21762724220752716,0.14445677399635315,0.23289576172828674,-0.20627173781394958,-0.11747835576534271,-0.894559383392334,0.027943965047597885,-1.0206785202026367,0.268591046333313,-0.2039041966199875,0.5825232863426208,0.8758782148361206,0.4975821077823639,0.9482256174087524,-0.21859702467918396,-0.07697664946317673,-0.33545804023742676,0.08507756143808365,0.10071339458227158,0.17326074838638306,-0.0222129188477993,-0.5593957304954529,-0.2788752615451813,0.06730382144451141,0.3391832411289215,-0.28128260374069214,-0.05309710651636124,-0.40999847650527954,0.35774677991867065,-0.23021236062049866,0.0418333075940609,-0.11369053274393082,0.5266542434692383,-0.023919960483908653,-0.9758405685424805,-0.07420089095830917,-0.18985527753829956,0.25047194957733154,-0.4282795786857605,-0.256285160779953,-0.06383275985717773,1.2120487689971924,0.047276899218559265,-0.11019690334796906,0.08592043071985245,0.17190232872962952,-0.003196184989064932,0.11554588377475739,-0.7298263907432556,0.22378666698932648,-0.3091164529323578,-0.5257224440574646,0.23151183128356934,-0.21963632106781006,0.36360102891921997,-0.2449561357498169,-0.02383640967309475,0.054994333535432816,0.09246818721294403,0.14929454028606415,-0.21446147561073303,0.03791090101003647,0.03498905152082443,-0.06003447249531746,0.7344774603843689,-0.7633315324783325,-0.06512357294559479,0.266805499792099,0.20399048924446106,-0.11468933522701263,0.808994472026825,-0.05880293250083923,0.260022908449173,0.29005077481269836,0.023048745468258858,-0.28925538063049316,-0.19255943596363068,0.338106632232666,0.33273714780807495,0.3095659613609314,0.05220681428909302,-0.35888931155204773,0.5449872612953186,0.14430029690265656,-0.2162044495344162,0.5479613542556763,-0.48341259360313416,-0.6777635812759399,-1.1597838401794434,0.4566722810268402,0.34158769249916077,-0.17903421819210052,0.14831103384494781,-0.04109024256467819,-0.06745313107967377,-0.18549880385398865,-0.20112092792987823,-1.0572376251220703,-0.3679131865501404,-0.8798230290412903,-0.22139306366443634,-0.06428669393062592,0.2848049998283386,0.8051651120185852,-0.09751677513122559,-0.22233156859874725,-0.22502140700817108,-0.054861437529325485,0.01186317764222622,-0.6640226244926453,-0.00775981554761529,0.5018220543861389,0.2635296881198883,0.6377959847450256,0.09864462912082672,0.47242116928100586,-0.18817663192749023,-0.16852502524852753,0.49155449867248535,0.25997209548950195,-0.6193010210990906,-0.524716317653656,0.06109347194433212,-0.5024176239967346,-0.3258935213088989,-0.7551191449165344,1.1798651218414307,-0.306770384311676,-0.39546138048171997,-0.19806937873363495,0.18736983835697174,-0.31975990533828735,0.25677984952926636,0.5953032374382019,0.0030252558644860983,0.42831936478614807,0.24821248650550842,-0.25011923909187317,0.4436541497707367,-0.13213250041007996,0.289985716342926,-0.12711398303508759,0.15942516922950745,-0.05024338886141777,-0.29686638712882996,0.5636374950408936,-0.09441275149583817,0.12817230820655823,0.126081183552742,0.8984516859054565,0.4425773024559021,-0.10492585599422455,-0.34305521845817566,0.001316493609920144,0.2410888373851776,0.1496005654335022,0.34500768780708313,0.06842528283596039,-0.29076284170150757,-0.03947686031460762,0.4695008397102356,-0.05522077530622482,-1.2260706424713135,0.017978494986891747,-0.08729692548513412,0.13959833979606628,0.22202754020690918,-0.2410714328289032,-0.05423538759350777,-0.6917701959609985,0.3448426127433777,-0.34030038118362427,-0.005565729923546314,-0.10397233814001083,0.1480320543050766,1.7240794897079468,-0.38838404417037964,-0.07510149478912354,-0.2766716480255127,0.0060234060510993,-0.47806501388549805,0.2592315971851349,0.15730150043964386,-0.31619709730148315,0.194106325507164,0.19639654457569122,0.0175933800637722,0.1251416951417923,0.22480884194374084,0.1130632758140564,-0.008536997251212597
CID000004607,475,0.08002237230539322,-0.4739624857902527,-1.1533185243606567,0.1639215052127838,-0.12394939363002777,-0.4821867346763611,-0.24111492931842804,-1.0795204639434814,-0.05737975239753723,-0.6989298462867737,0.3791190981864929,0.1881677657365799,0.1472267210483551,-0.4408023953437805,-0.166573166847229,0.2871892750263214,0.8011077642440796,-0.07730850577354431,-0.214535191655159,-0.40108686685562134,-0.3417767882347107,0.27618056535720825,0.7068806290626526,0.05415816232562065,-1.868082046508789,-1.117992877960205,-0.9167221188545227,0.011262178421020508,-0.008182921446859837,0.019693095237016678,1.4268741607666016,0.3619140684604645,0.1574120819568634,0.2193598747253418,-0.04442991688847542,0.20468764007091522,0.9396928548812866,-0.1731894165277481,0.021044764667749405,-0.05670976638793945,-0.10503854602575302,0.9407971501350403,-0.27362126111984253,-0.6528593301773071,-0.18666422367095947,-0.07526014745235443,0.8404704332351685,-0.17823119461536407,-0.7882290482521057,0.23355121910572052,-0.6441805362701416,-0.4916859567165375,0.4608205258846283,-0.2683867812156677,0.24881711602210999,-0.5666724443435669,0.08930863440036774,1.0520645380020142,0.025716478005051613,-0.19589601457118988,0.2347499430179596,0.0339423231780529,0.04908590763807297,0.5800608396530151,0.3255476653575897,0.7653461694717407,0.2533178925514221,-0.13181915879249573,-0.2438957691192627,0.0942312628030777,-0.439849317073822,0.522553026676178,-0.7806817293167114,0.17601309716701508,0.08638136088848114,0.2726415991783142,0.6967301368713379,0.2503647208213806,0.8824828863143921,0.3867385983467102,-0.19338825345039368,-0.36221933364868164,-0.09460209310054779,-0.4862644076347351,-0.0961952656507492,-0.10658599436283112,-0.5402268767356873,-0.2882336974143982,-0.14320151507854462,0.07093502581119537,0.1633351594209671,-0.16515561938285828,-0.3525313138961792,-0.08225849270820618,0.3581543564796448,0.006167091429233551,0.03259868174791336,0.2867427170276642,0.09578435122966766,-1.8219776153564453,-0.08860927075147629,-0.09902162849903107,0.3024844527244568,-0.1725323349237442,0.03630997985601425,-0.19746281206607819,1.1093794107437134,0.02066192217171192,0.12294801324605942,0.02640634775161743,-0.1375633329153061,0.03177110478281975,0.2157684564590454,-0.6946457624435425,-0.11494710296392441,-0.33146172761917114,-0.2988154888153076,0.16839373111724854,0.042949698865413666,0.31197690963745117,-0.18353141844272614,-0.07124398648738861,0.21361801028251648,0.08719334751367569,-2.726912498474121e-05,0.10109774023294449,0.25068166851997375,0.3175508379936218,-0.02034950815141201,0.1689288318157196,-0.8531144261360168,0.126357764005661,0.0781446099281311,0.25376152992248535,0.038704268634319305,0.7646495699882507,-0.3715435564517975,0.5014907121658325,0.4224388003349304,-0.20205573737621307,-0.19471140205860138,-0.26003703474998474,0.22860094904899597,0.16298647224903107,0.028272325173020363,0.23683269321918488,-0.16864731907844543,0.7532039880752563,0.1964370459318161,0.03552107885479927,0.565850555896759,-0.2875811457633972,-0.45870447158813477,-0.7483311891555786,0.4220196604728699,0.26398593187332153,0.10421097278594971,0.18526503443717957,-0.4887469410896301,0.13604414463043213,-0.10727634280920029,-0.3631053566932678,-1.2931921482086182,0.3994055688381195,-0.6338471174240112,-0.06312412023544312,0.13834598660469055,-0.05355111509561539,1.3017446994781494,-0.5157530307769775,-0.2099492996931076,-0.19709090888500214,0.25486716628074646,0.18638719618320465,-0.6101911067962646,-0.3722771406173706,0.18314191699028015,0.1348404735326767,0.7072353363037109,0.8261202573776245,0.3298346996307373,-0.11174364387989044,-0.2090059071779251,0.9535394906997681,0.07522212713956833,-0.47776907682418823,-0.1636194884777069,-0.07332553714513779,-0.21109852194786072,-0.04920516535639763,-0.2586265802383423,1.5412501096725464,-0.22920747101306915,-0.25126492977142334,-0.25446802377700806,-0.27757519483566284,-0.15729506313800812,0.08933353424072266,1.389998197555542,-0.5230909585952759,0.5482662916183472,0.13377031683921814,0.1657085120677948,0.7293967008590698,-0.30287790298461914,0.292380154132843,-0.5378175973892212,0.22007355093955994,-0.12004418671131134,-0.12355148792266846,0.09337947517633438,-0.49277058243751526,-0.4482358992099762,-0.08216995000839233,0.8135169148445129,0.5125951170921326,-0.3224116563796997,0.22716477513313293,0.00888223946094513,0.12498322874307632,-0.054212551563978195,-0.20470348000526428,0.43070825934410095,-0.38190990686416626,0.0648520290851593,0.34933018684387207,0.193755641579628,-0.6646885275840759,-0.05029461905360222,0.024998705834150314,-0.1389065384864807,0.10514434427022934,0.22358927130699158,-0.24579107761383057,-0.6922653317451477,0.07122928649187088,0.16760678589344025,0.2545761466026306,-0.03304940462112427,-0.011796106584370136,2.167893886566162,-0.44940128922462463,-0.1366920918226242,-0.6809662580490112,-0.317636638879776,-0.26916974782943726,0.09648559242486954,-0.0803561583161354,0.00817570649087429,0.16891327500343323,0.22658757865428925,-0.07192771136760712,-0.08552990853786469,0.13582640886306763,0.3978065848350525,-0.3502500057220459
CID000004812,478,0.08164606988430023,-0.22300851345062256,-0.5171754360198975,-0.008645499125123024,0.3580641448497772,-0.10925325006246567,-0.1714472472667694,-0.5006895661354065,-0.17420372366905212,-0.01789640262722969,0.46308308839797974,0.11652360111474991,-0.027734730392694473,0.04101044312119484,0.022702526301145554,0.20835836231708527,0.2454001009464264,0.0547792986035347,-0.11024804413318634,0.23932425677776337,-0.19640572369098663,0.04802970215678215,0.40041255950927734,0.1427609920501709,-0.35643789172172546,-0.7716194987297058,-0.651437520980835,0.03133773431181908,0.09312807768583298,0.005443313159048557,0.7914429903030396,0.08509726822376251,-0.15720802545547485,0.331059068441391,-0.2900239825248718,0.08761505782604218,0.6444295644760132,-0.11513736099004745,-0.02352791652083397,0.0937550812959671,-0.15023420751094818,0.3667238652706146,-0.30756300687789917,0.09132473170757294,-0.1042763739824295,0.14138615131378174,0.6524393558502197,-0.11874918639659882,-0.7082613110542297,-0.07151221483945847,-0.3701944947242737,0.231448695063591,0.40007662773132324,-0.12191130965948105,0.16389140486717224,-0.36438536643981934,-0.2731197476387024,0.6962308883666992,-0.037964098155498505,-0.04211961477994919,0.11160339415073395,-0.3302558660507202,-0.016843263059854507,0.6896150708198547,0.09351135790348053,0.29041925072669983,-0.16433541476726532,-0.09268064051866531,0.006372913718223572,0.059097714722156525,-0.5731534957885742,0.24134433269500732,-0.7659786939620972,0.5509239435195923,0.0924963727593422,0.2144492119550705,0.4027377665042877,0.27497273683547974,0.48725947737693787,0.007165068294852972,-0.1684480458498001,-0.21419663727283478,-0.06374822556972504,-0.06393648684024811,0.19667881727218628,0.3846668601036072,-0.06766104698181152,-0.14347396790981293,-0.0562860369682312,0.2002391517162323,-0.17025533318519592,-0.17373394966125488,-0.10087533295154572,0.10860183089971542,0.06963557004928589,-0.09230725467205048,-0.18720629811286926,0.23867273330688477,0.11393244564533234,-0.5514889359474182,-0.05876041203737259,-0.18889857828617096,0.18566864728927612,-0.06501713395118713,0.19156289100646973,-0.1610228568315506,0.9879857897758484,-0.09282514452934265,0.3631135821342468,-0.09897799044847488,-0.039294175803661346,0.06761236488819122,0.28173065185546875,-0.24226482212543488,0.3035503327846527,-0.302394837141037,-0.4596361517906189,0.197958305478096,-0.07563205808401108,0.1305486261844635,-0.17217786610126495,-0.32218313217163086,0.06806039065122604,0.1345052272081375,-0.14873619377613068,0.13661010563373566,0.26118844747543335,0.04372185841202736,-0.2877010107040405,0.12049851566553116,-0.6611167192459106,-0.15653398633003235,0.39272457361221313,0.16168275475502014,0.12328680604696274,0.725561261177063,0.1778986155986786,-0.16919521987438202,0.4209135174751282,-0.09380865097045898,-0.21148721873760223,-0.18186421692371368,0.060271572321653366,0.23313848674297333,0.16201460361480713,-0.0005723834037780762,-0.30239126086235046,-0.06271146982908249,0.05777681618928909,0.023086514323949814,0.3315410614013672,0.019179146736860275,-0.4872380793094635,-0.6542574167251587,0.3398102819919586,-0.28523150086402893,0.29114779829978943,-0.0046796067617833614,-0.35744747519493103,-0.09905780106782913,-0.03431515023112297,0.11685442924499512,-0.7311738729476929,0.01948574185371399,-0.39318808913230896,0.10913334041833878,0.020505579188466072,-0.09466530382633209,0.5848742723464966,-0.5370131731033325,-0.21925362944602966,-0.11025111377239227,-0.07776828110218048,-0.18606634438037872,-0.70963454246521,-0.23885543644428253,0.36877670884132385,0.11511216312646866,0.5620960593223572,0.027097653597593307,0.5585025548934937,-0.2137722671031952,-0.16771309077739716,0.3366130292415619,0.006156673189252615,-0.44342565536499023,0.045356385409832,-0.14405913650989532,-0.19500339031219482,-0.08959297090768814,-0.5357171297073364,0.9734724760055542,-0.0013507760595530272,-0.3632904887199402,0.07387049496173859,-0.06095126271247864,-0.12263313680887222,0.14406459033489227,0.40767526626586914,-0.10365091264247894,0.34014028310775757,0.4325857162475586,-0.1261986792087555,0.16333088278770447,-0.42622309923171997,-0.2784041166305542,-0.09514940530061722,-0.02149181440472603,-0.08462709933519363,-0.15804928541183472,0.20102977752685547,0.0034636680502444506,-0.009365278296172619,-0.20874473452568054,0.9332051277160645,0.010040363296866417,0.00018919706053566188,-0.3962225914001465,0.022333985194563866,0.189029723405838,0.24014344811439514,0.10807245969772339,0.1911458969116211,-0.04875778779387474,0.019892722368240356,0.05666235834360123,0.11780140548944473,-0.7687168121337891,-0.2845894992351532,0.0008317053434439003,-0.1500929594039917,0.18006978929042816,0.1000983938574791,-0.245225191116333,-0.501706063747406,0.33152034878730774,0.11560895293951035,-0.21665970981121063,-0.0830661803483963,-0.07243571430444717,0.6100940704345703,-0.3559856414794922,-0.02006400190293789,-0.2666708528995514,0.0859113484621048,-0.10835663229227066,0.1024102196097374,0.11357345432043076,-0.0126209557056427,0.22287467122077942,0.05716680735349655,0.07603379338979721,0.2405773103237152,-0.2331904172897339,0.2598450183868408,0.02738044783473015
CID000004828,481,0.11279461532831192,-0.04238114506006241,-0.36754751205444336,0.01640244759619236,0.2985146641731262,-0.2950052320957184,0.04285020753741264,-0.360725998878479,-0.12196856737136841,0.04852784052491188,0.35836371779441833,0.0814473107457161,-0.0238041989505291,-0.029779542237520218,0.08274150639772415,0.2899074852466583,0.6844376921653748,0.03966512158513069,-0.1793152242898941,0.05948878079652786,0.016968656331300735,-0.02701919712126255,0.5108708143234253,-0.024757305160164833,-0.22855930030345917,-0.4757562577724457,-0.061836957931518555,-0.4050067961215973,0.26779404282569885,0.003680706024169922,0.1866430938243866,-0.03403159976005554,0.015480617992579937,0.015673985704779625,-0.13364830613136292,0.12805256247520447,0.41272521018981934,-0.04935133829712868,-0.008870063349604607,-0.11439760029315948,-0.23115971684455872,0.7612139582633972,-0.38655000925064087,0.11885136365890503,0.029170911759138107,0.0876540094614029,0.45586180686950684,-0.021060746163129807,-0.5094515085220337,0.02334650605916977,-0.29283493757247925,0.30446407198905945,0.2648126482963562,-0.23899967968463898,0.12179650366306305,-0.3791147768497467,-0.08011643588542938,0.5489233732223511,0.026004880666732788,-0.07196126878261566,0.166246697306633,-0.2534373104572296,0.26612186431884766,0.7145278453826904,0.10295871645212173,0.20177499949932098,-0.1828216314315796,0.16915158927440643,-0.04535849764943123,0.06715481728315353,-0.5857670903205872,0.09904199838638306,-0.34371334314346313,0.42498522996902466,0.012053056620061398,0.4629267156124115,0.6031090021133423,0.5273597240447998,0.4235454201698303,-0.0963934063911438,-0.1286364644765854,-0.2554301619529724,0.08656598627567291,0.007225976325571537,0.23124615848064423,0.2874670624732971,-0.005054709501564503,0.041785530745983124,-0.13792306184768677,0.09162016212940216,0.04576973244547844,0.08314431458711624,-0.023571310564875603,0.053466491401195526,0.0348651222884655,-0.1278241127729416,-0.3245766758918762,0.2028445452451706,-0.05088704824447632,-0.3262516260147095,-0.13118283450603485,-0.08059658110141754,0.09595519304275513,-0.11686243861913681,0.08679918944835663,-0.2910318374633789,0.3553776144981384,0.142840176820755,0.04546218737959862,-0.16523131728172302,-0.09669368714094162,0.010749400593340397,0.34651893377304077,-0.03536737710237503,0.08918247371912003,-0.21505466103553772,-0.12987853586673737,-0.05409208685159683,-0.24124372005462646,-0.18259361386299133,-0.09929623454809189,-0.28201618790626526,0.08796684443950653,0.13810530304908752,0.2713603973388672,0.21993939578533173,0.05498920753598213,0.09167520701885223,-0.15298114717006683,0.17513665556907654,-0.5252998471260071,-0.13922923803329468,0.27478906512260437,0.27393051981925964,0.0055641233921051025,0.6593939065933228,-0.009413398802280426,-0.0817970335483551,0.21814171969890594,-0.20996370911598206,-0.08253396302461624,-0.14047709107398987,0.2457442581653595,0.27241697907447815,0.277868390083313,-0.06411103159189224,-0.21730223298072815,-0.04900636523962021,-0.14833107590675354,0.08199118822813034,0.32698458433151245,-0.09915478527545929,-0.3576526641845703,-0.6074240207672119,0.47206106781959534,-0.44325247406959534,-0.0671706348657608,-0.0904218852519989,-0.5085116624832153,-0.08827807754278183,-0.11528734862804413,-0.30579179525375366,-0.49347472190856934,0.06881437450647354,-0.4555654525756836,0.013787399046123028,-0.08061304688453674,-0.040584832429885864,0.28027668595314026,-0.4012690484523773,-0.24257776141166687,-0.26003050804138184,-0.08907904475927353,-0.16563068330287933,-0.4554172158241272,-0.10638656467199326,0.2032628357410431,0.06312216073274612,0.4909839630126953,-0.32365894317626953,0.6336584687232971,-0.020111119374632835,-0.15011198818683624,0.053022634238004684,0.025128696113824844,-0.21825404465198517,0.0033955038525164127,-0.3904099464416504,0.06500808149576187,-0.10551681369543076,-0.2476770430803299,0.5144914388656616,-0.055426277220249176,-0.4604514241218567,0.09429856389760971,-0.05556566268205643,-0.1688287854194641,-0.10266001522541046,0.09255577623844147,0.04563617333769798,0.35505741834640503,0.29673343896865845,-0.10997966676950455,-0.13204947113990784,-0.26466232538223267,-0.23787426948547363,-0.18915578722953796,-0.006234914064407349,0.2588915526866913,-0.042679376900196075,0.08355538547039032,0.03894609957933426,0.16529157757759094,-0.1561497449874878,0.6612230539321899,-0.04735727980732918,-0.08938770741224289,-0.1351485550403595,-0.07477573305368423,-0.010745376348495483,0.40868011116981506,-0.0005729853874072433,0.18078571557998657,-0.002954824361950159,-0.21900157630443573,0.05236860364675522,-0.08989860117435455,-0.6028936505317688,-0.11889789998531342,-0.01166439801454544,0.09753824025392532,0.14532101154327393,0.041423358023166656,-0.28858473896980286,-0.4650927484035492,0.06884758174419403,-0.03781413286924362,-0.03653944283723831,0.015470954589545727,-0.09719941765069962,0.0806950032711029,-0.42738261818885803,-0.021167486906051636,-0.19522584974765778,-0.09451766312122345,-0.2287685126066208,0.048908840864896774,-0.22478854656219482,-0.03399689868092537,0.280021995306015,-0.04957985132932663,0.08630812913179398,-0.3119423985481262,-0.30721792578697205,-0.007080739829689264,-0.1462707370519638
CID000003793,483,0.23405036330223083,-0.2557736933231354,-0.5895540714263916,0.21068516373634338,0.23387300968170166,-0.2600918412208557,0.18749645352363586,-0.471082866191864,0.06287392228841782,-0.5086425542831421,0.4778686463832855,0.0953097715973854,-0.009476503357291222,-0.012259664945304394,0.04318986088037491,0.36993807554244995,-0.03638565540313721,0.041283540427684784,-0.28687039017677307,-0.13069815933704376,-0.07289419323205948,0.17460133135318756,0.33465057611465454,-0.04793307185173035,-1.2263106107711792,-0.822903037071228,-0.4077379107475281,0.09768182039260864,0.20740199089050293,0.25944384932518005,0.7971636056900024,-0.06636731326580048,0.14543476700782776,0.13796629011631012,-0.057893555611371994,-0.07627756148576736,0.13019534945487976,-0.0013486206298694015,0.19286850094795227,-0.03873910754919052,0.2607780694961548,0.2521139979362488,-0.23722615838050842,-0.31494688987731934,-0.09889611601829529,-0.12254848331212997,0.8436225056648254,-0.3014287054538727,-0.6550191640853882,0.08979840576648712,-1.0172480344772339,0.0053117768839001656,0.5308854579925537,-0.22562316060066223,-0.16066774725914001,-0.22942832112312317,-0.09218592196702957,0.7746303081512451,-0.05906873941421509,0.010195852257311344,-0.22270162403583527,-0.04639703780412674,-0.19216036796569824,0.3362572491168976,0.19111093878746033,0.537387490272522,0.19748404622077942,-0.17109015583992004,-0.07596971094608307,0.04615005850791931,-0.3304562568664551,0.14613814651966095,-0.4596295952796936,0.5372226238250732,-0.19218723475933075,0.28972119092941284,0.22033600509166718,0.2117597609758377,0.6134177446365356,0.21654582023620605,-0.10928161442279816,-0.22592952847480774,0.004905295558273792,-0.059581030160188675,0.3388674855232239,0.0374487079679966,-0.5408941507339478,-0.016446024179458618,-0.046693842858076096,-0.03981643170118332,-0.06781724840402603,-0.09711237996816635,-0.2764517664909363,0.2188398838043213,0.07590405642986298,0.1883123815059662,-0.16364765167236328,0.21865959465503693,0.06554579734802246,-1.4216686487197876,-0.07439977675676346,-0.006871408317238092,-0.20239217579364777,-0.13340097665786743,0.1583172231912613,0.1389940083026886,0.8957127332687378,0.05426621437072754,0.054267674684524536,0.13483643531799316,0.1594099998474121,0.045537784695625305,0.11875420808792114,-0.791154146194458,0.20079204440116882,-0.36303281784057617,-0.08046235144138336,0.1103692501783371,0.03824935108423233,0.06365002691745758,-0.06377604603767395,-0.31689050793647766,0.090939961373806,0.08174421638250351,-0.040216267108917236,0.0771179348230362,0.259315550327301,-4.62628886452876e-05,-0.2805696129798889,0.130086749792099,-0.5391045212745667,-0.15863896906375885,0.08490318059921265,0.12921373546123505,-0.17157819867134094,0.5069178938865662,-0.09045146405696869,0.19925802946090698,0.38487017154693604,-0.21657681465148926,0.06615106016397476,0.013748464174568653,0.3406519591808319,0.3023638129234314,0.1744675189256668,0.020772133022546768,-0.41384345293045044,0.48522108793258667,0.0111159086227417,-0.0018365368014201522,0.6771761178970337,-0.14933623373508453,-0.3459259867668152,-0.5445395708084106,0.572708010673523,0.20664569735527039,0.07602521777153015,-0.002420420991256833,-0.38835597038269043,0.225927472114563,-0.016980167478322983,-0.08553700894117355,-1.0749149322509766,-0.051384471356868744,-0.5324757099151611,-0.006906452123075724,-0.09495195001363754,-0.10210450738668442,1.114150047302246,-0.6463735103607178,-0.21785953640937805,-0.007865054532885551,0.12597303092479706,0.19923506677150726,-0.30951982736587524,-0.34388861060142517,0.07439564168453217,-0.03149985522031784,0.5103115439414978,0.3677968978881836,0.3674951195716858,0.006405663676559925,0.10752823203802109,0.6887284517288208,-0.2374885380268097,-0.2851751148700714,-0.03424626588821411,-0.15328896045684814,0.029490243643522263,-0.1969519555568695,-0.34304675459861755,1.3334134817123413,-0.17832770943641663,-0.11276062577962875,-0.14593958854675293,-0.219093918800354,-0.2732318937778473,0.06438510119915009,1.095503330230713,-0.11821528524160385,0.42403435707092285,0.4863767623901367,-0.07938821613788605,0.5881825089454651,-0.5590906739234924,-0.018445685505867004,-0.48667973279953003,0.02461501769721508,-0.0967065840959549,-0.03264235705137253,-0.10303846746683121,-0.02312067151069641,0.1768379509449005,-0.1620459109544754,0.5232365131378174,0.13753090798854828,-0.2551494836807251,-0.025699475780129433,0.028405439108610153,-0.011061888188123703,0.06655362993478775,0.1849149912595749,0.07785604894161224,-0.34114697575569153,-0.16788926720619202,0.26007792353630066,0.11879612505435944,-0.20482787489891052,-0.18177393078804016,0.03297944366931915,0.2875562608242035,0.04075419157743454,0.3483205735683441,-0.09581954032182693,-0.4902184009552002,-0.04570617526769638,0.021727925166487694,-0.14871340990066528,-0.15273097157478333,0.07754476368427277,1.312408685684204,-0.2880066931247711,-0.12055846303701401,-0.47081246972084045,-0.06909634917974472,-0.5489848852157593,-0.1095757856965065,-0.2423141449689865,0.00019412636174820364,0.34096965193748474,0.21466967463493347,0.07509863376617432,0.1275073140859604,-0.029786383733153343,0.25160688161849976,-0.06675232946872711
CID000060953,488,0.1524713933467865,-0.2225041687488556,-0.7118157148361206,0.11342557519674301,0.0787825658917427,-0.07333685457706451,0.18293096125125885,-0.3916744589805603,0.3299117982387543,-0.16170908510684967,0.3698106110095978,0.18057948350906372,-0.16481411457061768,-0.32030242681503296,-0.07240551710128784,0.3405405879020691,0.012345904484391212,0.07145407050848007,-0.22842863202095032,-0.029802853241562843,-0.3528843820095062,-0.024157142266631126,0.39315342903137207,0.09365066140890121,-1.6330821514129639,-1.0531367063522339,-0.7358914017677307,0.35004115104675293,0.0817544236779213,-0.2797418534755707,1.1000804901123047,-0.21423980593681335,0.17227831482887268,0.08299768716096878,-0.6027807593345642,0.10478822886943817,0.9816902875900269,0.04082805663347244,-0.07770402729511261,-0.13983234763145447,0.05305474251508713,0.7530092000961304,-0.5905851721763611,0.1329357922077179,-0.22504107654094696,0.015481233596801758,0.6696376800537109,0.0845569595694542,-0.36472287774086,0.1836950182914734,-0.5338324308395386,0.23163476586341858,0.17857685685157776,-0.3467428684234619,0.2174755036830902,-0.18556295335292816,-0.128461092710495,0.9601948857307434,0.2995269298553467,0.1171514242887497,0.3097382187843323,0.007588420994579792,0.015742650255560875,0.5483900904655457,0.42903953790664673,0.23633261024951935,0.41316595673561096,-0.12493599951267242,0.04167817905545235,0.0735573098063469,-0.5329762697219849,-0.058907926082611084,-0.481281578540802,0.4263354241847992,0.10366829484701157,0.28452160954475403,0.7312295436859131,0.6525424122810364,0.4992814064025879,0.06219862774014473,-0.13112524151802063,-0.6747221350669861,0.17119726538658142,-0.036461520940065384,-0.19316208362579346,-0.06487265974283218,-0.4660833477973938,-0.08776738494634628,0.05445563793182373,0.5424997806549072,-0.25291889905929565,-0.2825371026992798,-0.0746869370341301,-0.16095957159996033,0.055922575294971466,0.18996480107307434,-0.036776892840862274,0.13718357682228088,-0.128427654504776,-1.668630599975586,-0.17323264479637146,0.3248027563095093,-0.1121976226568222,-0.021620573475956917,0.32361987233161926,-0.16201657056808472,0.6594424843788147,-0.11928510665893555,-0.24563416838645935,-0.10168208181858063,0.3060677945613861,0.020904043689370155,0.1898527443408966,-0.7191399335861206,0.011542475782334805,-0.3090132772922516,-0.5216199159622192,-0.02794319950044155,0.22940833866596222,-0.09134160727262497,-0.3418530225753784,-0.5235983729362488,-0.17363861203193665,0.20889751613140106,-0.17210063338279724,-0.05051228404045105,-0.06269186735153198,0.28479325771331787,-0.08057847619056702,0.427907794713974,-0.8028281927108765,-0.13324812054634094,0.061638496816158295,0.22284117341041565,-0.028986763209104538,1.0800228118896484,-0.0495893768966198,-0.2383532077074051,0.26026028394699097,-0.03941190987825394,-0.1581856906414032,-0.20910894870758057,0.028483634814620018,0.20272500813007355,0.056977253407239914,-0.3059677481651306,-0.28296348452568054,0.09104957431554794,0.10346674919128418,-0.07744725048542023,0.4981845021247864,-0.14494521915912628,-0.4596053659915924,-0.9415437579154968,0.48503661155700684,0.4767847955226898,0.0527409128844738,0.1345067322254181,-0.6321016550064087,0.27076953649520874,-0.2546404004096985,0.20307767391204834,-1.2212775945663452,0.2986878454685211,-0.5489749908447266,-0.12240970134735107,0.12619076669216156,0.10070972144603729,1.3846657276153564,-0.4088497757911682,-0.05413137003779411,0.203529953956604,-0.12998679280281067,0.007931634783744812,-0.47502413392066956,0.11976194381713867,0.5587199926376343,-0.00019534825696609914,0.4551878869533539,0.47678178548812866,0.6505898237228394,0.10692133009433746,-0.23031775653362274,1.1728918552398682,-0.15941675007343292,-0.6437791585922241,0.033721692860126495,0.166549950838089,-0.18817174434661865,-0.2948417365550995,-0.0710124745965004,1.1539044380187988,-0.31155234575271606,-0.32689040899276733,-0.37761837244033813,0.09205280244350433,-0.10830207914113998,0.10629595816135406,1.7012815475463867,-0.16912834346294403,0.6689026951789856,0.12314605712890625,0.1299963891506195,0.6852759122848511,-0.6026631593704224,0.05894157290458679,-0.43758076429367065,0.051705799996852875,0.1952790766954422,0.21795742213726044,-0.13195006549358368,-0.25945183634757996,-0.35935264825820923,0.0947849303483963,0.8397890329360962,0.23579081892967224,-0.0308903306722641,-0.4440280795097351,-0.14085014164447784,0.28669440746307373,-0.021831456571817398,0.05695458501577377,0.20860424637794495,-0.20976746082305908,-0.04789742827415466,0.2722424864768982,-0.12883919477462769,-0.6652280688285828,-0.09370046854019165,0.07569082826375961,0.15459291636943817,0.20393693447113037,0.1611989289522171,0.036548368632793427,-0.706053614616394,-0.05890244245529175,0.09478029608726501,0.18337544798851013,-0.23809871077537537,-0.025839293375611305,1.4909671545028687,-0.1994486153125763,0.1397765427827835,-0.1122492104768753,0.033040065318346024,-0.5449357628822327,-0.16834965348243713,-0.12695638835430145,-0.23417487740516663,0.41915369033813477,0.010837316513061523,0.09166130423545837,0.34808942675590515,-0.023454049602150917,0.0349934883415699,-0.12753555178642273
CID000003397,489,0.15913155674934387,-0.3072677254676819,-0.43997812271118164,0.29587623476982117,0.36474302411079407,-0.19326257705688477,-0.06801451742649078,-0.3123740553855896,-0.16563864052295685,0.15040276944637299,0.1205025166273117,-0.03855340927839279,-0.06706066429615021,-0.11413057148456573,-0.07139553874731064,0.1500597894191742,0.16738122701644897,0.22753234207630157,-0.10967588424682617,-0.05824246257543564,-0.12819436192512512,-0.02322152629494667,0.5428439974784851,0.03365448862314224,-0.30734315514564514,-0.5928537249565125,-0.1724676489830017,-0.08126497268676758,0.12907420098781586,0.19802948832511902,0.3795080780982971,0.10206685960292816,-0.0554070770740509,0.4421825408935547,-0.2248949110507965,0.13009169697761536,0.6079140901565552,-0.09148682653903961,0.06474737823009491,0.18962444365024567,-0.031825095415115356,0.5189189314842224,-0.36338376998901367,0.028233462944626808,0.018296902999281883,0.04633290693163872,0.36164581775665283,-0.23551075160503387,-0.5110136270523071,-0.010743146762251854,-0.5676543116569519,0.23866847157478333,0.41870760917663574,-0.2599666118621826,0.07765550911426544,-0.1855764538049698,-0.12695907056331635,0.3944593071937561,0.17013242840766907,-0.1842310130596161,-0.006030610296875238,-0.26884183287620544,0.15969374775886536,0.6404126286506653,0.03489835932850838,0.18415120244026184,-0.25044888257980347,-0.09007605165243149,0.07654532045125961,0.10629969835281372,-0.7143547534942627,0.08661074936389923,-0.42341431975364685,0.3779909610748291,-0.13676175475120544,0.24898013472557068,0.4721093773841858,0.1616382598876953,0.567155659198761,0.009509935975074768,0.07696720212697983,-0.1265251487493515,0.08702929317951202,-0.16686098277568817,0.09763156622648239,0.3938904404640198,-0.20409509539604187,-0.11620690673589706,-0.16430549323558807,0.05439881607890129,-0.10209723562002182,0.023088619112968445,-0.17883293330669403,-0.19877460598945618,0.08587650209665298,-0.014050757512450218,-0.1539125144481659,0.14058367908000946,-0.04021799564361572,-0.5080753564834595,-0.09265590459108353,-0.10834987461566925,0.17026448249816895,0.10084060579538345,0.22002124786376953,-0.08241290599107742,0.6342289447784424,0.16607436537742615,0.19045433402061462,-0.11556267738342285,0.0052109151147305965,0.14017300307750702,0.25167879462242126,-0.19995906949043274,-0.015463602729141712,-0.24774324893951416,-0.17897124588489532,-0.046493321657180786,-0.07159841060638428,0.035220611840486526,-0.0675964504480362,-0.357374906539917,0.018496695905923843,0.1186569333076477,-0.03878287225961685,0.07215936481952667,0.06485839188098907,0.08729086071252823,-0.20804014801979065,0.3412744104862213,-0.6307268738746643,-0.3482586145401001,0.4049176573753357,0.17566907405853271,-0.07495515048503876,0.670647382736206,0.14115436375141144,-0.17165108025074005,0.11041371524333954,-0.13142769038677216,-0.15719744563102722,-0.12204934656620026,0.0536021813750267,0.22782230377197266,0.21357014775276184,-0.12714757025241852,-0.19855186343193054,-0.013559943065047264,0.04191207140684128,-0.0031842649914324284,0.2267494648694992,-0.031900279223918915,-0.5431707501411438,-0.5006287693977356,0.5620914101600647,-0.16603338718414307,0.21286435425281525,-0.23331394791603088,-0.35523977875709534,0.015383909456431866,-0.15661349892616272,0.16828513145446777,-0.600587785243988,-0.08263318240642548,-0.40699273347854614,-0.038004495203495026,-0.06322825700044632,-0.2921481430530548,0.6104265451431274,-0.5862831473350525,-0.23841433227062225,-0.059278734028339386,-0.0723697692155838,-0.1180301159620285,-0.3869636058807373,-0.22689540684223175,0.22174648940563202,0.18964321911334991,0.5050246715545654,-0.1968715786933899,0.5140668153762817,-0.07899023592472076,-0.13263489305973053,0.33993566036224365,-0.21818871796131134,-0.29662948846817017,0.030886972323060036,-0.2535742521286011,-0.20686328411102295,-0.191842183470726,-0.14143604040145874,0.6936752796173096,-0.10797037929296494,-0.4496835768222809,0.14637158811092377,-0.09176330268383026,0.027338583022356033,0.13812664151191711,0.25479602813720703,-0.09892444312572479,0.19554398953914642,0.34871411323547363,-0.011834615841507912,0.15220971405506134,-0.3873636722564697,-0.2949979305267334,-0.24522721767425537,-0.06045927852392197,-0.14311930537223816,-0.17663662135601044,-0.052442360669374466,0.02608281932771206,-0.00443548709154129,-0.2364613562822342,0.5787858963012695,-0.10917731374502182,-0.135949969291687,-0.06578527390956879,0.02110561542212963,0.04769734665751457,0.3237312436103821,-0.19126209616661072,0.22678342461585999,-0.10348770767450333,0.07047823816537857,-0.00757986307144165,-0.05629826337099075,-0.5904678106307983,-0.3271598219871521,-0.09408296644687653,-0.11915963888168335,0.014713930897414684,0.03496062010526657,-0.21812590956687927,-0.5443640947341919,0.09441164880990982,0.20684853196144104,-0.16525423526763916,0.005805687513202429,-0.14870180189609528,0.3787599205970764,-0.30328479409217834,0.027893226593732834,-0.19761992990970612,-0.1433180868625641,-0.544827938079834,0.020806120708584785,0.09955300390720367,-0.041389770805835724,0.249932199716568,0.1754588782787323,0.11164160072803497,0.18878600001335144,-0.08820509910583496,0.13510707020759583,0.006563481874763966
CID000154059,490,-0.01748799718916416,-0.21074895560741425,-0.440143346786499,-0.14317837357521057,0.39336010813713074,-0.2540428042411804,-0.008097114972770214,-0.3160945773124695,-0.2121247947216034,0.17233286798000336,0.4543987214565277,0.043755900114774704,-0.045472972095012665,-0.12115870416164398,-0.005939272698014975,0.2996818721294403,0.41739621758461,-0.11573836952447891,-0.20616886019706726,0.24010002613067627,-0.25873035192489624,0.08137209713459015,0.4724632203578949,0.040009334683418274,-0.3733478784561157,-0.853338360786438,-0.44698286056518555,-0.08847271651029587,0.09948722273111343,0.20765452086925507,0.5238536596298218,0.17212779819965363,-0.07808482646942139,0.407853901386261,-0.4192153811454773,0.0563538484275341,0.6343346834182739,-0.17523176968097687,-0.003950342535972595,-0.0028426647186279297,-0.22040557861328125,0.4522020220756531,-0.30425533652305603,-0.06243622303009033,-0.019155891612172127,0.10764925181865692,0.6503860950469971,-0.01561434380710125,-0.5738557577133179,-0.03787180408835411,-0.5029715299606323,0.10710468143224716,0.32631176710128784,-0.19230884313583374,0.18555645644664764,-0.38599035143852234,-0.1400933563709259,0.49348658323287964,0.08519238978624344,-0.04249083250761032,0.09078269451856613,-0.2584848403930664,0.10303294658660889,0.6703230142593384,0.19311051070690155,0.22897286713123322,-0.18921852111816406,-0.08353680372238159,-0.022423354908823967,-0.01014527678489685,-0.6251773834228516,0.17297399044036865,-0.4497203826904297,0.6360732913017273,-0.014291602186858654,0.27904078364372253,0.4686819911003113,0.44234052300453186,0.4191746115684509,-0.05311734601855278,-0.1241690069437027,-0.17242860794067383,0.0822971910238266,-0.021866703405976295,0.08524265140295029,0.38117438554763794,-0.10322745144367218,-0.08346953243017197,-0.13507483899593353,0.07228223234415054,-0.16242124140262604,-0.16288888454437256,-0.029903177171945572,0.134548619389534,0.1289813220500946,-0.22389164566993713,-0.3174816966056824,0.25770506262779236,0.05828022211790085,-0.6776590943336487,-0.07546617090702057,-0.17756657302379608,0.1779332160949707,-0.07626040279865265,0.1872963160276413,-0.09772886335849762,0.7353744506835938,0.11653491109609604,0.20981630682945251,-0.1266002357006073,-0.14359433948993683,0.04656200483441353,0.3208676874637604,-0.2964997887611389,0.20229852199554443,-0.22182591259479523,-0.3737603724002838,0.060038041323423386,-0.03986461088061333,-0.07850424945354462,-0.02725023590028286,-0.292664110660553,-0.04421710968017578,-0.018610291182994843,-0.04690934345126152,0.09534066915512085,0.2356759011745453,0.11346374452114105,-0.17437520623207092,0.2209906131029129,-0.7570115327835083,0.008721780963242054,0.4471191465854645,0.2626522183418274,0.12672623991966248,0.9694665670394897,0.2036788910627365,-0.35779818892478943,0.2937571406364441,0.029238352552056313,-0.2635282874107361,-0.33759433031082153,0.22993111610412598,0.3456892669200897,0.08987396955490112,-0.04025203734636307,-0.3962763845920563,-0.1587851345539093,0.09483107924461365,0.08597664535045624,0.27296966314315796,-0.09233014285564423,-0.5839225053787231,-0.6138725280761719,0.40267425775527954,-0.24557535350322723,0.22934505343437195,-0.28468334674835205,-0.4279833734035492,-0.13239435851573944,-0.07141372561454773,-0.011316811665892601,-0.6846169829368591,0.05556020885705948,-0.3970455825328827,0.014640534296631813,-0.011498085223138332,-0.12290718406438828,0.4679662585258484,-0.530846118927002,-0.08020009100437164,-0.11942227929830551,-0.16545411944389343,-0.17518213391304016,-0.5383116006851196,-0.05706861615180969,0.36304396390914917,0.1956644356250763,0.5605100393295288,0.07607246190309525,0.6121163368225098,-0.21823672950267792,-0.16872228682041168,0.3393949568271637,-0.060928650200366974,-0.5634682178497314,0.053785741329193115,-0.24404220283031464,-0.10185561329126358,-0.05899515002965927,-0.5513890385627747,0.970697283744812,-0.020540708675980568,-0.33822759985923767,0.1822102814912796,-0.048433899879455566,-0.097323477268219,0.048477593809366226,0.5217654705047607,-0.21065232157707214,0.3839731514453888,0.5064750909805298,-0.05599824711680412,0.22477498650550842,-0.41846776008605957,-0.285334974527359,-0.24115434288978577,-0.10974693298339844,-0.012153908610343933,-0.1114625483751297,0.13525602221488953,0.01359052024781704,0.05920226499438286,-0.2168169766664505,0.7672022581100464,0.010229015722870827,-0.08280228078365326,-0.2941669821739197,0.023664575070142746,0.2713736891746521,0.20244579017162323,-0.03737302124500275,0.14351776242256165,-0.09537392854690552,-0.07540825009346008,0.1372239887714386,0.21013136208057404,-0.625969648361206,-0.3105490207672119,-0.1278207004070282,-0.055437445640563965,0.14185456931591034,0.15570910274982452,-0.310441255569458,-0.4760498106479645,0.2030905783176422,0.0511525459587574,-0.2074039727449417,0.033770233392715454,-0.13193273544311523,0.37416285276412964,-0.3611930310726166,-0.06820473819971085,-0.24158211052417755,0.026278385892510414,-0.26647883653640747,-0.047728028148412704,-0.041027385741472244,0.037826213985681534,0.2357640564441681,-0.1233125701546669,-0.08256438374519348,-0.021214162930846214,-0.16030137240886688,0.2479718029499054,-0.021296357735991478
CID000004463,493,0.1862800419330597,-0.3375306725502014,-0.8018206357955933,0.09417019784450531,0.2945173978805542,-0.29591166973114014,0.20613977313041687,-0.7706335783004761,-0.019542362540960312,-0.35994991660118103,0.7004424333572388,0.25472354888916016,-0.03666555508971214,0.02101585641503334,0.004049395676702261,0.22772260010242462,0.17384609580039978,0.05851815268397331,-0.09842509031295776,-0.03915349766612053,-0.12041213363409042,0.14906464517116547,0.28662005066871643,-0.006575679872184992,-1.0371983051300049,-0.8586887121200562,-0.5858395099639893,0.12897834181785583,0.16825313866138458,0.10374690592288971,0.8257408142089844,-0.13453619182109833,0.17880301177501678,0.30614039301872253,-0.12036962807178497,-0.19085687398910522,0.365173876285553,-0.021377846598625183,0.22790178656578064,-0.0567655973136425,0.07674945145845413,0.5031952857971191,-0.09819863736629486,-0.3892187476158142,-0.029019206762313843,0.04911176115274429,0.9185863733291626,-0.3020179867744446,-0.6350128054618835,0.04304378479719162,-0.9088379144668579,0.07156841456890106,0.4558904767036438,-0.15249550342559814,0.20997336506843567,-0.40221935510635376,0.052316974848508835,0.9913954734802246,-0.08294069766998291,0.08159275352954865,-0.174395352602005,-0.12955746054649353,-0.1437568962574005,0.5263018608093262,0.03560086339712143,0.41780519485473633,0.2350505292415619,-0.0378713384270668,-0.05758469179272652,0.1152457445859909,-0.29882746934890747,0.16574326157569885,-0.5778670907020569,0.42625540494918823,-0.17414212226867676,0.17969320714473724,0.3075876533985138,0.17213580012321472,0.7941204905509949,0.0928855612874031,0.004194091074168682,-0.3348986506462097,-0.10538053512573242,-0.12061534821987152,0.22620311379432678,0.0936613455414772,-0.5699197053909302,-0.18565483391284943,-0.10956976562738419,-0.022928599268198013,-0.14726759493350983,-0.21018707752227783,-0.3006945252418518,0.24090830981731415,0.09652382135391235,0.21339073777198792,-0.004687839653342962,0.23442113399505615,0.002171087311580777,-1.448744535446167,-0.16689254343509674,0.08890002220869064,-0.0701676681637764,-0.23731592297554016,0.11163413524627686,-0.018155526369810104,0.8777427673339844,0.08892017602920532,0.04614662379026413,0.05390824005007744,0.25953251123428345,0.11696930229663849,0.29215559363365173,-0.7943820357322693,0.09636281430721283,-0.23221087455749512,-0.13560980558395386,0.23292024433612823,0.1968565285205841,0.23182931542396545,-0.1177084892988205,-0.27272188663482666,0.1461610198020935,0.07819869369268417,0.2121552973985672,-0.08963948488235474,0.3622376322746277,-0.1251649707555771,-0.2638568878173828,0.3010333180427551,-0.6174360513687134,0.015598952770233154,0.3120401203632355,0.04473838210105896,-0.11750166118144989,0.7215220928192139,-0.06196869537234306,0.00834097620099783,0.38492077589035034,-0.4284248352050781,-0.051880620419979095,0.007967527955770493,0.08384188264608383,0.311874121427536,0.1292005479335785,0.21254071593284607,-0.24758616089820862,0.3762572705745697,-0.029772233217954636,-0.03727908805012703,0.7282522916793823,-0.11107273399829865,-0.438385009765625,-0.994097113609314,0.6554169058799744,0.1755775660276413,0.10994508117437363,0.24229910969734192,-0.4113330841064453,0.27326875925064087,-0.03123997524380684,-0.034243516623973846,-0.914143443107605,-0.04319344460964203,-0.5217840075492859,0.054073333740234375,0.05320340394973755,0.029906809329986572,1.2667510509490967,-0.626015305519104,-0.20484793186187744,0.08328785002231598,0.039483219385147095,0.2739787697792053,-0.38505151867866516,-0.4191189706325531,0.2894705832004547,-0.10819544643163681,0.5685039758682251,0.2243492603302002,0.3097623884677887,-0.2183510810136795,-0.12735311686992645,0.7823308706283569,-0.13823741674423218,-0.21377131342887878,-0.08618541061878204,-0.00040436984272673726,-0.24804675579071045,-0.3086549639701843,-0.4782639443874359,1.406905174255371,-0.07346785068511963,-0.053201477974653244,-0.15085694193840027,-0.25889649987220764,-0.14246246218681335,0.04944659397006035,1.2927216291427612,-0.3167036771774292,0.6621525287628174,0.36664706468582153,-0.03828878700733185,1.0706536769866943,-0.46262916922569275,0.3655985891819,-0.3982173502445221,-0.07174645364284515,-0.2184371054172516,0.1341056525707245,-0.26836830377578735,0.014484557323157787,0.0912235751748085,-0.21662311255931854,0.6218777894973755,0.31518465280532837,-0.3426971137523651,-0.035904381424188614,-0.05568361282348633,0.04873868450522423,-0.035978130996227264,0.13512662053108215,0.008999601006507874,-0.4219287037849426,-0.11619874089956284,0.4293840527534485,0.14929600059986115,-0.2937465310096741,-0.14520540833473206,0.09874559938907623,0.13875535130500793,0.1529335081577301,0.3513318598270416,-0.19737839698791504,-0.633733332157135,0.07429990917444229,0.06470458954572678,-0.022872498258948326,-0.21625486016273499,-0.06734386086463928,1.2269879579544067,-0.3019813001155853,0.021454334259033203,-0.4750521779060364,-0.10765816271305084,-0.512419581413269,-0.10622654110193253,0.02129250578582287,-0.011083489283919334,0.51341712474823,0.22233064472675323,0.05097757652401924,0.08018706738948822,-0.06687868386507034,0.3139801621437073,0.038958385586738586
CID000004205,496,0.22499465942382812,-0.21373417973518372,-0.5438573360443115,0.05012363940477371,0.3336849510669708,-0.34083956480026245,0.03209170699119568,-0.5308298468589783,-0.12935230135917664,-0.2797568440437317,0.3358752131462097,0.06765149533748627,-0.009298397228121758,-0.0201020035892725,-0.031094515696167946,0.3249536156654358,-0.06163424998521805,0.15405569970607758,-0.2637374997138977,-0.011779124848544598,0.024961769580841064,0.096133753657341,0.2758665680885315,0.026155943050980568,-0.7675998210906982,-0.760926365852356,-0.2990735173225403,-0.12169961631298065,0.12522105872631073,0.18321853876113892,0.4900147318840027,0.006462928839027882,0.105582594871521,0.2845144271850586,-0.08168911188840866,-0.0643741562962532,0.15397515892982483,-0.09356909990310669,0.006494475994259119,0.04007645696401596,0.12415753304958344,0.028326261788606644,-0.14024671912193298,-0.16289551556110382,-0.030468881130218506,-0.05812807008624077,0.6682606935501099,-0.20710773766040802,-0.5385725498199463,0.032201919704675674,-0.8751524090766907,-0.11044526100158691,0.4659552574157715,-0.37060433626174927,-0.06494320929050446,-0.1253267228603363,0.03682856634259224,0.6265779733657837,0.009515653364360332,-0.11074428260326385,-0.004773455671966076,-0.08645989000797272,0.04565231874585152,0.4086267352104187,0.18516643345355988,0.494489848613739,-0.0199903417378664,-0.029963279142975807,-0.1837233006954193,0.0745977908372879,-0.29865381121635437,0.2011227309703827,-0.31152886152267456,0.47610920667648315,-0.050199367105960846,0.22961322963237762,0.023281514644622803,0.2879745364189148,0.6014347076416016,0.03157045319676399,0.027015676721930504,-0.45709067583084106,0.2293378859758377,-0.02360384725034237,0.259040504693985,0.12817372381687164,-0.356914222240448,-0.05878861993551254,-0.10167671740055084,0.052386678755283356,-0.13210144639015198,-0.08608236908912659,-0.18249991536140442,0.2356453388929367,0.11081299930810928,-0.009390314109623432,-0.12620821595191956,0.26630064845085144,-0.09113232046365738,-1.0432618856430054,-0.10364659875631332,-0.15979237854480743,0.19594600796699524,-0.07446058094501495,0.1365414559841156,0.019733618944883347,0.6739299893379211,0.07243700325489044,0.1629646122455597,-0.14103420078754425,0.12521310150623322,0.06753306090831757,0.074774369597435,-0.6585381627082825,0.13174870610237122,-0.240878626704216,-0.16691870987415314,0.18656416237354279,-0.05093204975128174,-0.09981684386730194,-0.21085059642791748,-0.3309140205383301,0.19500449299812317,0.17715950310230255,0.16949065029621124,0.040107883512973785,0.1583215892314911,0.0703742578625679,-0.36117392778396606,0.18165752291679382,-0.5440244674682617,-0.14599397778511047,0.27928251028060913,0.2547861337661743,-0.054767537862062454,0.6116211414337158,0.15770265460014343,0.16371843218803406,0.23693661391735077,-0.02157779410481453,-0.06611677259206772,-0.06706000864505768,0.27645379304885864,0.4480094313621521,0.04219429939985275,0.02034876123070717,-0.41362667083740234,0.2503102421760559,-0.20045705139636993,-0.10218534618616104,0.7584643363952637,-0.1906745880842209,-0.4310753345489502,-0.5962690114974976,0.3763262927532196,0.02141397073864937,0.07017780840396881,0.02701672352850437,-0.41171154379844666,0.016185181215405464,-0.16985711455345154,-0.0642910972237587,-0.8375786542892456,-0.0007448039832524955,-0.434319406747818,0.04953067749738693,0.12813885509967804,-0.09807480871677399,0.8981056213378906,-0.6954273581504822,-0.1592901051044464,-0.043129391968250275,-0.004960228689014912,0.03286600112915039,-0.2888622283935547,-0.3158119320869446,0.13112130761146545,0.043116360902786255,0.5564462542533875,0.11596713960170746,0.4021270275115967,-0.1284525990486145,0.02588900923728943,0.6388867497444153,-0.05600252002477646,-0.3187444806098938,0.01742086187005043,-0.26744356751441956,-0.08756184577941895,-0.12761031091213226,-0.18237347900867462,1.1372535228729248,-0.06763243675231934,-0.21840348839759827,0.011482392437756062,-0.08551158756017685,-0.15775665640830994,0.13961416482925415,0.905966579914093,-0.17693674564361572,0.46828722953796387,0.34686076641082764,-0.030420929193496704,0.5475320816040039,-0.5343706607818604,-0.03210802003741264,-0.38101276755332947,-0.044448044151067734,-0.14737671613693237,0.08401526510715485,0.07477249205112457,-0.05165908485651016,0.01283988356590271,-0.17476248741149902,0.5042785406112671,0.1936257779598236,-0.18163731694221497,-0.1610693633556366,0.03946390375494957,0.1101679801940918,0.09563837200403214,0.15126542747020721,0.16846972703933716,-0.18440863490104675,-0.03908918797969818,0.320726215839386,-0.019205212593078613,-0.46998104453086853,-0.19913771748542786,-0.0672350525856018,-0.029597323387861252,-0.039027824997901917,0.29422828555107117,-0.2328324019908905,-0.4945968687534332,0.18970036506652832,0.12242963165044785,-0.03266067057847977,-0.07172857969999313,-0.08641397207975388,0.9435656666755676,-0.32775649428367615,-0.09185127168893814,-0.2915298342704773,-0.11802134662866592,-0.3093802332878113,-0.046949248760938644,-0.13232406973838806,0.01514385174959898,0.4198710024356842,0.16907790303230286,0.13274605572223663,0.0600239634513855,-0.07696641236543655,0.3119456171989441,-0.09406623244285583
CID000072938,497,0.19072803854942322,-0.25237828493118286,-0.6152598261833191,0.09418151527643204,0.17125150561332703,-0.32743605971336365,0.16217322647571564,-0.39643141627311707,-0.14270713925361633,-0.5172041058540344,0.40120357275009155,0.051094330847263336,-0.03134820610284805,0.12326540797948837,0.024017732590436935,0.21518710255622864,0.02204797975718975,-0.10627330839633942,-0.2027791440486908,-0.07460542768239975,0.011708728969097137,0.1130707859992981,0.48955589532852173,0.1505112648010254,-0.9466899037361145,-0.7035009860992432,-0.27942875027656555,0.04964132606983185,0.2457190304994583,0.27287065982818604,0.5805273652076721,0.07200929522514343,0.2264435738325119,0.002741265343502164,-0.01569611392915249,-0.09164558351039886,0.07068867981433868,0.008200591430068016,0.05435323715209961,0.02251102216541767,0.22628381848335266,0.31378835439682007,-0.0954255759716034,-0.1200464516878128,-0.14146070182323456,-0.03873220831155777,0.6836453080177307,-0.2574527859687805,-0.7569993734359741,0.013234535232186317,-0.7013193368911743,-0.18445447087287903,0.6670883297920227,-0.10760940611362457,-0.07752599567174911,-0.3314934968948364,-0.15287163853645325,0.7974345088005066,-0.260781466960907,-0.2023179829120636,-0.17920732498168945,-0.02814156375825405,-0.0899093970656395,0.2267601490020752,0.12257695198059082,0.5074068307876587,0.21849970519542694,0.10701780021190643,-0.06700225174427032,0.16965711116790771,-0.26407694816589355,0.021372418850660324,-0.3672957420349121,0.5309463739395142,-0.12833473086357117,0.31318122148513794,0.12864215672016144,0.08848033845424652,0.41162341833114624,0.1654461920261383,-0.17902858555316925,-0.104355588555336,0.12830188870429993,-0.09509284794330597,0.3193913996219635,0.08651617169380188,-0.43453449010849,0.09560637176036835,0.020087063312530518,0.059172622859478,-0.21501174569129944,-0.030567621812224388,-0.48803791403770447,0.1904781013727188,0.13303740322589874,0.37093889713287354,-0.12783333659172058,0.1687183380126953,0.07751407474279404,-1.1681336164474487,-0.13793298602104187,-0.07645922899246216,-0.0741233304142952,-0.054442744702100754,-0.02936760149896145,-0.03468894958496094,0.6624730825424194,-0.03556600213050842,-0.0029683709144592285,0.061954058706760406,0.15780431032180786,-0.05218537524342537,0.0016600191593170166,-0.6660786271095276,0.037419892847537994,-0.3305507302284241,0.016906987875699997,0.08024062216281891,0.1218402162194252,-0.008127251639962196,-0.09099934250116348,-0.31941652297973633,0.08418020606040955,0.06989488750696182,-0.08709421008825302,0.05540745332837105,0.12832482159137726,-0.10461900383234024,-0.09307964146137238,-0.06001440808176994,-0.3233732283115387,-0.15689978003501892,0.1595359891653061,0.023305198177695274,-0.10380621254444122,0.5766668319702148,-0.050525058060884476,0.1216576099395752,0.21253590285778046,-0.21514706313610077,0.012694540433585644,0.019389811903238297,0.2817614674568176,0.18799170851707458,0.2642962336540222,0.11417610943317413,-0.2800847589969635,0.42133578658103943,-0.09462805837392807,0.025267701596021652,0.7107486724853516,0.03404732793569565,-0.2657995820045471,-0.45018142461776733,0.5118731260299683,0.1459519863128662,-0.11327789723873138,-0.07072162628173828,-0.3241426348686218,0.06773953139781952,-0.05639518424868584,-0.0734485387802124,-0.9020881652832031,-0.10693895816802979,-0.42004290223121643,0.11208343505859375,0.08898640424013138,-0.0916728675365448,1.0906007289886475,-0.6364246010780334,-0.5416733026504517,0.14422175288200378,0.1226775199174881,0.1538308560848236,-0.3052215576171875,-0.35363897681236267,-0.04057057574391365,-0.07643116265535355,0.5290748476982117,0.4520812928676605,0.1811392903327942,0.02739405259490013,0.18934981524944305,0.3534279763698578,-0.23205217719078064,-0.17675890028476715,-0.3576100766658783,-0.2850629687309265,-0.17194676399230957,-0.1312502920627594,-0.09822069108486176,1.0885283946990967,0.01666797697544098,-0.33348751068115234,-0.08504387736320496,-0.07051599025726318,-0.21278265118598938,0.08683739602565765,0.9514322280883789,-0.08956120908260345,0.3584299385547638,0.5226575136184692,0.06946970522403717,0.4682258665561676,-0.5455279350280762,-0.02761923335492611,-0.5029067993164062,0.02097747102379799,0.027475178241729736,-0.07850447297096252,-0.0653991624712944,-0.09517640620470047,0.040902990847826004,-0.09172040224075317,0.5440448522567749,0.014380467124283314,-0.1371861845254898,-0.04311728850007057,0.024029145017266273,-0.11104416847229004,0.237056165933609,0.12078259885311127,0.06007792428135872,-0.45785626769065857,-0.07045531272888184,0.3224940299987793,0.09685716032981873,-0.21816448867321014,-0.10037069022655487,0.11056636273860931,0.09800588339567184,-0.02122056856751442,0.16386452317237854,-0.2884684205055237,-0.35493746399879456,-0.06104890629649162,0.06492612510919571,-0.0023797645699232817,-0.10686961561441422,0.002099287463352084,1.0585672855377197,-0.4493769109249115,0.0062668235041201115,-0.4130484461784363,-0.10075314342975616,-0.5464717149734497,-0.07647248357534409,-0.27330270409584045,0.08270107209682465,0.3699294924736023,0.2101459950208664,0.16773484647274017,0.1668795347213745,-0.13381929695606232,0.13886447250843048,0.01635133847594261
CID000060198,498,0.05758316442370415,-0.1619797646999359,-0.2604827582836151,0.2630201578140259,0.2078685462474823,-0.38683900237083435,0.05075196176767349,0.1470259726047516,0.0013288974296301603,-0.22652065753936768,0.15152192115783691,-0.1319086253643036,-0.02827468514442444,0.08452319353818893,0.2252885401248932,0.13203158974647522,0.004563248250633478,-0.2189665287733078,-0.23622910678386688,0.28187423944473267,0.10906610637903214,0.08575068414211273,0.6182719469070435,0.02283080667257309,-0.35982877016067505,-0.29128867387771606,-0.12182354927062988,-0.13830184936523438,0.3061024844646454,0.27164074778556824,0.5889616012573242,0.17448312044143677,-0.05293235182762146,-0.02931530401110649,-0.05058544874191284,-0.017667723819613457,0.019871413707733154,-0.16573289036750793,-0.008378082886338234,0.03337917476892471,-0.11073322594165802,-0.017890959978103638,-0.17718756198883057,-0.08782190829515457,0.04382646828889847,-0.023127909749746323,0.35718774795532227,0.024499377235770226,-0.780685544013977,0.041838668286800385,-0.38808196783065796,-0.025537898764014244,0.7741101980209351,-0.19792166352272034,0.033398158848285675,-0.33276012539863586,-0.25516945123672485,0.6405951380729675,0.228099063038826,-0.2414674311876297,0.3084265887737274,-0.15912088751792908,0.16187384724617004,0.21496792137622833,0.0021036833059042692,0.9883200526237488,-0.018959835171699524,0.010601731948554516,0.10238069295883179,0.007639014627784491,-0.4968299865722656,0.10688427835702896,-0.5271230936050415,0.27104899287223816,0.045010726898908615,0.20411750674247742,0.042643070220947266,-0.028900187462568283,-0.0007007390377111733,0.11613292992115021,-0.16886307299137115,-0.0059820860624313354,-0.18332530558109283,-0.05649055168032646,0.0014535784721374512,0.10465441644191742,-0.04119595140218735,0.20563896000385284,0.005270703230053186,0.24784643948078156,0.022707192227244377,0.1199195384979248,-0.39164090156555176,0.12800940871238708,-0.02640720270574093,0.16418495774269104,0.08593491464853287,0.07011917978525162,0.09837841242551804,-0.44549593329429626,-0.10067622363567352,-0.08033954352140427,-0.0565924271941185,0.00453839311376214,-0.06577633321285248,-0.28621605038642883,0.41027361154556274,0.20909364521503448,0.12757191061973572,0.06079152971506119,-0.027874087914824486,-0.13585326075553894,0.17020626366138458,-0.7198137044906616,0.09539800882339478,-0.19718016684055328,0.07281345129013062,0.06529061496257782,-0.042597003281116486,-0.028874879702925682,-0.1362343281507492,-0.33014634251594543,0.18777871131896973,0.29396095871925354,-0.09702839702367783,0.4156245291233063,-0.15513679385185242,0.06639526039361954,-0.031027261167764664,0.007790625095367432,-0.3119722008705139,-0.27200260758399963,0.32442888617515564,0.08583467453718185,-0.1327987015247345,0.7308855056762695,0.05514804273843765,0.18580566346645355,0.23679690062999725,0.049829937517642975,0.021345850080251694,-0.0049109747633337975,0.3243905007839203,0.11266875267028809,0.16291987895965576,0.09893932193517685,-0.16955360770225525,-0.13178150355815887,-0.19733057916164398,-0.010403888300061226,0.8289450407028198,0.03198910132050514,-0.4159391522407532,-0.2793505787849426,0.328901469707489,-0.21353383362293243,-0.30725207924842834,-0.32961010932922363,-0.1670871078968048,-0.11825051158666611,0.08991730213165283,-0.08683458715677261,-0.5034288763999939,0.06697044521570206,-0.45477205514907837,-0.09059808403253555,-0.0881604477763176,-0.015588318929076195,0.4614604413509369,-0.5379204750061035,-0.6279013752937317,0.3191344439983368,0.00019809455261565745,-0.08365517109632492,-0.16710208356380463,-0.16346566379070282,-0.13696834444999695,-0.08358589559793472,0.6749279499053955,0.18711631000041962,0.27226296067237854,0.07642810046672821,-0.06521428376436234,-0.014150050468742847,-0.29737788438796997,0.007125238887965679,0.10996316373348236,-0.26686352491378784,0.03608456254005432,-0.1867961585521698,0.15091750025749207,0.5022996664047241,0.05244234949350357,-0.3262045383453369,-0.05898193642497063,-0.11559092998504639,-0.07976844161748886,-0.03650056570768356,-0.0103523600846529,0.016641482710838318,-0.03560248762369156,0.2633408010005951,0.05365405231714249,0.05036359280347824,-0.7010302543640137,-0.4103701710700989,-0.4596216678619385,0.029938142746686935,0.010148110799491405,-0.33725157380104065,0.08356107771396637,-0.014100596308708191,-0.0205792598426342,-0.08217249065637589,0.545965313911438,-0.051378656178712845,0.10140334069728851,-0.19507896900177002,-0.05323895066976547,-0.08367129415273666,0.16027331352233887,0.1348903924226761,0.03926471993327141,-0.26914453506469727,0.02406163141131401,0.05011399835348129,-0.11288372427225113,-0.30209675431251526,0.07328568398952484,-0.04723850265145302,0.11816040426492691,-0.06931716203689575,0.036653049290180206,-0.10718987882137299,-0.3293474316596985,-0.10618249326944351,0.040485601872205734,0.029317369684576988,0.09004916995763779,0.14227542281150818,0.20715484023094177,-0.5856071710586548,0.0649360865354538,-0.4048008918762207,-0.07448025792837143,-0.21762505173683167,0.013416317291557789,-0.1489279419183731,-0.05925309658050537,0.37699094414711,0.23242983222007751,0.38661593198776245,0.033203769475221634,-0.3617359697818756,-0.07560096681118011,-0.05820262432098389
CID000002756,499,-0.11225219815969467,-0.1178801879286766,-0.5509637594223022,0.1843755692243576,0.41546630859375,-0.5642654299736023,-0.11381826549768448,-0.53633052110672,-0.08292467892169952,-0.146780326962471,0.28662022948265076,0.0035175129305571318,0.16223466396331787,-0.4904446601867676,0.07858826220035553,0.17764034867286682,0.623458981513977,-0.10043661296367645,-0.46875590085983276,-0.14797089993953705,-0.01043444313108921,-0.02246607467532158,0.38683953881263733,0.025058075785636902,-1.121376872062683,-0.5970991253852844,-0.33567649126052856,-0.21823473274707794,-0.0433487743139267,-0.1954241842031479,1.2363766431808472,-0.06953635066747665,-0.051719240844249725,-0.023654546588659286,-0.5064958333969116,0.21246016025543213,0.46075767278671265,-0.09720559418201447,-0.05535309761762619,0.15231475234031677,-0.3201007544994354,0.7737489938735962,-0.5977621078491211,-0.35708650946617126,0.11672135442495346,-0.06262648105621338,0.5564226508140564,0.05944418907165527,-0.4175082743167877,0.056090980768203735,-0.6851866841316223,0.346261203289032,0.3884630799293518,-0.0027490942738950253,0.0934557095170021,-0.37841492891311646,-0.29771697521209717,0.8116580843925476,0.10201090574264526,0.014207219704985619,0.06485745310783386,0.022313762456178665,0.2161177098751068,0.6692597270011902,0.008820077404379845,0.30133169889450073,0.09397320449352264,-0.13125047087669373,0.004384857602417469,0.09650932252407074,-0.48574644327163696,0.2883080840110779,-0.7933648824691772,0.5216071605682373,0.30592602491378784,0.4118574559688568,0.8923196792602539,0.1145363301038742,0.9873368144035339,0.15023967623710632,-0.35479027032852173,-0.0355185940861702,-0.06966553628444672,-0.08920802921056747,0.00015764236741233617,0.04209820553660393,-0.5775103569030762,-0.12255001068115234,-0.14341944456100464,-0.007207447197288275,-0.1483314335346222,0.1990068107843399,0.08168661594390869,0.06723533570766449,0.024427691474556923,-0.08028747141361237,0.036161888390779495,0.21644079685211182,-0.07558281719684601,-0.8303316831588745,0.005353556014597416,-0.24757957458496094,0.0880865678191185,-0.04130895808339119,0.24024370312690735,-0.2748294472694397,0.9322745203971863,0.2580980062484741,0.019114485010504723,-0.02981608733534813,-0.18053504824638367,0.06145479157567024,0.41408127546310425,-0.6196221113204956,0.15917135775089264,-0.211011603474617,-0.15801793336868286,-0.1377258002758026,-0.16285158693790436,0.31021809577941895,-0.38830018043518066,-0.2030220925807953,0.43565624952316284,-0.04437258094549179,0.13073799014091492,-0.1414305418729782,0.04987429827451706,-0.12324054539203644,0.09266091138124466,0.05078626424074173,-0.6533860564231873,-0.20267601311206818,0.3797364830970764,0.16104251146316528,-0.004471470136195421,0.7657202482223511,-0.008362190797924995,-0.05637846142053604,0.30593249201774597,-0.09777779877185822,-0.15042099356651306,-0.2916267514228821,0.1303231120109558,0.29773789644241333,0.26625436544418335,0.047561876475811005,-0.4590790271759033,0.2170245200395584,-0.12420099973678589,-0.12938880920410156,0.4018149971961975,-0.03565613180398941,-0.619619607925415,-1.004561424255371,0.6665400266647339,-0.4092605710029602,-0.07799549400806427,0.277879536151886,-0.3699767291545868,0.1882244050502777,0.06521687656641006,-0.07224781811237335,-0.6271165609359741,0.2468280792236328,-0.5290312170982361,-0.2785116136074066,0.04572872817516327,-0.10537324845790863,0.5786241292953491,-0.5849428772926331,-0.2458127737045288,-0.2797476351261139,0.15815570950508118,0.242588609457016,-0.5633677840232849,0.018488410860300064,0.38479098677635193,0.05761956050992012,0.5471203327178955,0.25129738450050354,0.6381675601005554,-0.19450537860393524,-0.08554492890834808,0.5770905613899231,-0.06796519458293915,-0.4601084589958191,-0.19613227248191833,-0.12146488577127457,-0.18756386637687683,-0.04029286280274391,-0.5121797919273376,0.7293141484260559,-0.15774106979370117,-0.420844167470932,0.08440876007080078,-0.11996718496084213,-0.21492333710193634,-0.16030821204185486,0.4597865641117096,-0.3023243844509125,0.29636093974113464,0.25132375955581665,0.026248490437865257,0.11868412792682648,-0.30092933773994446,0.0415189228951931,-0.3369547724723816,0.3774668276309967,0.27153268456459045,-0.19366919994354248,-0.15308445692062378,-0.2622215151786804,0.016027677804231644,-0.01160895824432373,0.8148325085639954,0.17528414726257324,0.07079954445362091,-0.020285213366150856,0.048956822603940964,-0.09632734954357147,0.33344030380249023,0.0436558797955513,0.3801218569278717,-0.34157902002334595,0.06991274654865265,0.21107237040996552,-0.006121829152107239,-0.9920207858085632,-0.07389307022094727,-0.10659978538751602,-0.00061807781457901,0.07964582741260529,0.07000966370105743,-0.20835363864898682,-0.47834283113479614,-0.24869206547737122,0.09270203113555908,-0.29257625341415405,-0.011781349778175354,0.13491639494895935,1.0955369472503662,-0.38843002915382385,-0.27454861998558044,-0.3512721657752991,0.11513106524944305,-0.4896300435066223,-0.023688575252890587,-0.1235893964767456,-0.26568537950515747,0.5011146068572998,0.29552629590034485,0.1464177668094635,0.09414126724004745,0.0004907011752948165,0.29621583223342896,0.17416583001613617
CID000002160,504,-0.06978658586740494,-0.14097602665424347,-0.47652989625930786,0.11621949821710587,0.20718395709991455,-0.1430482566356659,0.06254332512617111,-0.3005879521369934,-0.054784081876277924,-0.025623250752687454,0.08084721118211746,0.015973681584000587,0.09190426766872406,-0.18176233768463135,-0.07754530012607574,0.14373917877674103,-0.06473454087972641,-0.04843354970216751,-0.35532692074775696,0.09959950298070908,0.015719225630164146,-0.035583529621362686,0.570073664188385,0.14600633084774017,-0.3855218291282654,-0.47590917348861694,-0.1140497475862503,-0.17676889896392822,0.3681550621986389,0.08418242633342743,0.6026732921600342,-0.03629375249147415,-0.04236629977822304,0.21616050601005554,-0.32948338985443115,0.12353380024433136,0.05650757625699043,-0.11279658228158951,0.07760579884052277,0.13520585000514984,-0.3654153048992157,0.2547779083251953,-0.45605596899986267,-0.00034205318661406636,-0.06000884249806404,0.2460767775774002,0.5649880170822144,-0.18621227145195007,-0.7533272504806519,0.06563279032707214,-0.7856926918029785,-0.056302838027477264,0.5361761450767517,-0.21465377509593964,0.16975364089012146,-0.7522656917572021,-0.23780687153339386,0.7212929129600525,-0.28762662410736084,-0.0998598113656044,-0.26649460196495056,-0.10414101928472519,0.10506415367126465,0.8206324577331543,-0.030154157429933548,0.34566688537597656,-0.2089099884033203,-0.12839940190315247,-0.03710614889860153,-0.30932751297950745,-0.8007515072822571,0.12279540300369263,-0.593148410320282,0.49821338057518005,0.10200421512126923,0.41631561517715454,0.47989577054977417,0.0621659979224205,0.6909163594245911,-0.11247996985912323,-0.048023685812950134,-0.14494626224040985,0.086807981133461,-0.03350064158439636,0.25375649333000183,0.23281502723693848,-0.1625678986310959,-0.1018344908952713,-0.017936354503035545,0.09533283859491348,-0.23106858134269714,0.1103798896074295,-0.26598119735717773,-0.10570244491100311,-0.029447440057992935,-0.06742165237665176,-0.11168156564235687,0.3018952012062073,-0.25371041893959045,-0.3393305242061615,0.015259606763720512,0.034704260528087616,-0.18246406316757202,0.04049620032310486,0.01121143065392971,-0.41108670830726624,0.34394893050193787,0.24356436729431152,0.23752203583717346,-0.21797075867652893,-0.040816400200128555,0.11579928547143936,0.541522741317749,-0.41490763425827026,0.15750758349895477,0.051416248083114624,0.028101379051804543,0.09604097902774811,-0.02995378151535988,0.02268800139427185,-0.08719678223133087,-0.3843238353729248,-0.12546129524707794,0.14062893390655518,-0.09974770247936249,0.22696475684642792,0.0982477068901062,0.12031594663858414,-0.29113656282424927,0.27273887395858765,-0.528441846370697,-0.3525004982948303,0.2672359049320221,0.12196679413318634,-0.15263530611991882,0.8639904856681824,0.07298006117343903,-0.05529847741127014,0.1297711431980133,-0.019416172057390213,-0.09697876870632172,-0.3312487304210663,-0.0011417537461966276,0.29499131441116333,0.30315402150154114,0.031151920557022095,-0.14563564956188202,-0.015452074818313122,-0.09467610716819763,-0.11040172725915909,0.49204984307289124,0.0018266349798068404,-0.7438129186630249,-0.63429856300354,0.5230569839477539,-0.29873305559158325,-0.41644829511642456,-0.16932916641235352,-0.4016393721103668,-0.07489385455846786,0.01171068288385868,0.1958993375301361,-0.5786681771278381,0.08866554498672485,-0.5581008791923523,-0.1432758867740631,-0.12976905703544617,-0.04419614002108574,0.47991323471069336,-0.6569855213165283,-0.35576891899108887,-0.10542528331279755,0.0504494309425354,-0.19687241315841675,-0.4530472755432129,-0.2463354617357254,0.18716251850128174,0.06783604621887207,0.44402432441711426,0.24983742833137512,0.3838006258010864,-0.10006006062030792,-0.04313889890909195,0.10023138672113419,-0.2451104372739792,-0.40548864006996155,-0.31475120782852173,-0.20453563332557678,-0.2768055200576782,-0.08846117556095123,-0.03334257751703262,0.5029957294464111,0.045830994844436646,-0.5535110235214233,0.09738332033157349,-0.08191215991973877,-0.11200498044490814,0.34737369418144226,0.25749507546424866,-0.04692598432302475,0.2744339108467102,0.20120152831077576,-0.01519710011780262,0.013961819000542164,-0.4323655068874359,-0.40069207549095154,-0.31993940472602844,-0.09075917303562164,0.06530217081308365,-0.14992237091064453,0.12171690165996552,0.07250551879405975,0.13074059784412384,-0.2439872920513153,0.6568626165390015,-0.04356251284480095,-0.06598980724811554,-0.1213548555970192,0.1869928538799286,-0.12629522383213043,0.3158324062824249,-0.052815355360507965,0.025162022560834885,-0.0838523656129837,0.0930917039513588,0.2687111496925354,-0.21415095031261444,-0.7122362852096558,-0.016249051317572594,-0.05891341716051102,0.2390422374010086,0.1751716285943985,-0.08149375021457672,-0.4492960572242737,-0.5347798466682434,0.2600257098674774,0.022333325818181038,-0.047239843755960464,-0.17323066294193268,-0.09719614684581757,0.17297714948654175,-0.41597628593444824,-0.1375601887702942,0.0354277566075325,-0.2861281931400299,-0.1168832927942276,0.03728847578167915,-0.13633568584918976,-0.244294211268425,0.3834240138530731,0.06403981149196625,0.05877535417675972,0.046571679413318634,-0.20546364784240723,0.11284898221492767,-0.12907740473747253
CID000004052,505,0.25142407417297363,-0.30631116032600403,-0.7754868268966675,0.025462498888373375,0.18473994731903076,-0.14221765100955963,0.208335280418396,-0.8171048164367676,0.1061999574303627,-0.43115463852882385,0.5638337731361389,0.149923175573349,-0.17199300229549408,-0.0342235304415226,-0.08598737418651581,0.2777363657951355,0.14125379920005798,0.15222087502479553,-0.22005781531333923,0.01268697064369917,-0.07637512683868408,-0.0008409395813941956,0.33852922916412354,-0.21620139479637146,-1.0270131826400757,-1.0140154361724854,-0.3577236235141754,-0.013030609115958214,0.1408522129058838,-0.022457173094153404,0.7497822642326355,0.05137455463409424,0.28243809938430786,0.22904929518699646,-0.003721883986145258,-0.07533074915409088,0.39057496190071106,0.08446405082941055,0.18709899485111237,-0.03492024913430214,0.17402629554271698,0.504700779914856,-0.2090250551700592,-0.02394341118633747,-0.14046339690685272,-0.01050452422350645,1.0903141498565674,-0.16432833671569824,-0.6890073418617249,0.1633819043636322,-0.8196182250976562,-0.2550068795681,0.49424728751182556,-0.10139252990484238,0.00274383882060647,-0.21288911998271942,-0.053573619574308395,0.9045747518539429,-0.09636563062667847,-0.0042481920681893826,-0.11934502422809601,0.08445926755666733,-0.11927852779626846,0.37313932180404663,0.21471993625164032,0.4915245473384857,0.28900080919265747,-0.24875736236572266,0.048299793154001236,-0.060913532972335815,-0.6287804841995239,0.09537038952112198,-0.430897057056427,0.3322414755821228,-0.0251604076474905,0.04619178548455238,0.3135037422180176,0.09867361187934875,0.6832307577133179,0.19620628654956818,-0.20296058058738708,-0.4455752968788147,0.04088970273733139,-0.01770932786166668,0.29228803515434265,0.0361328050494194,-0.6795670390129089,0.01591244712471962,-0.07439897954463959,0.26565808057785034,-0.23506565392017365,-0.31449735164642334,-0.3387152850627899,0.11883559077978134,0.044126611202955246,0.1930312216281891,-0.10394718497991562,0.2126249372959137,-0.09987865388393402,-1.6179596185684204,-0.07496393471956253,0.17607179284095764,-0.15783950686454773,-0.12913376092910767,0.06875364482402802,0.06033830717206001,0.7299478054046631,0.031657807528972626,-0.07466493546962738,0.09194134175777435,0.25850018858909607,0.11037802696228027,0.2589645981788635,-0.6283826231956482,0.010399398393929005,-0.22259032726287842,-0.16641166806221008,0.15528397262096405,0.23812620341777802,0.10198565572500229,-0.19935722649097443,-0.38449686765670776,-0.15062719583511353,0.016072992235422134,0.01736331358551979,0.04472660273313522,0.23866614699363708,0.05271311476826668,-0.2538684904575348,0.2444191426038742,-0.5323268175125122,0.0656326562166214,0.10933063924312592,0.14274613559246063,-0.10280455648899078,0.577949583530426,-0.17222186923027039,-0.06988893449306488,0.40287572145462036,-0.2961362302303314,0.01066158153116703,-0.060547251254320145,0.10658194869756699,0.11709840595722198,0.17091500759124756,0.020930008962750435,-0.37955185770988464,0.3100014328956604,0.035832084715366364,-0.14290691912174225,0.613603413105011,-0.2780906856060028,-0.5161522030830383,-0.8974555730819702,0.7161230444908142,0.08715754002332687,0.040127526968717575,0.14459481835365295,-0.7525366544723511,0.1226726621389389,-0.1058083176612854,-0.129673570394516,-1.1773065328598022,0.012567701749503613,-0.5180454850196838,0.06695161014795303,0.050408296287059784,0.031835608184337616,1.3449130058288574,-0.6382273435592651,-0.31691452860832214,0.0728396624326706,-0.050718385726213455,0.2596462666988373,-0.4623512327671051,-0.38659200072288513,0.28386664390563965,-0.18899032473564148,0.47105106711387634,0.6117657423019409,0.3249549865722656,-0.12713313102722168,0.016228755936026573,0.7735600471496582,-0.17346814274787903,-0.18075957894325256,-0.12563633918762207,-0.12856851518154144,-0.12170664221048355,-0.2846606373786926,-0.48897409439086914,1.5407975912094116,-0.06082959845662117,-0.08933965861797333,-0.27069294452667236,-0.2537945508956909,-0.25445833802223206,0.24977365136146545,1.2440173625946045,-0.17028482258319855,0.7769513726234436,0.23689298331737518,0.15566423535346985,1.1498068571090698,-0.505853533744812,0.16431696712970734,-0.5102759599685669,0.022707698866724968,0.03254299610853195,0.10208459198474884,-0.10251536220312119,-0.04293731972575188,0.0527535080909729,-0.1744934618473053,0.5051315426826477,0.25635579228401184,-0.3422185778617859,-0.27219444513320923,-0.040507782250642776,0.01763276755809784,0.039170242846012115,0.10612589120864868,-0.11367754638195038,-0.29162946343421936,-0.12887975573539734,0.32858753204345703,0.04781713709235191,-0.3836227059364319,-0.15973088145256042,0.20452678203582764,0.2244124859571457,0.028760934248566628,0.2641409933567047,-0.016623178496956825,-0.7075146436691284,0.12860627472400665,0.05641985684633255,-0.09309744089841843,-0.27246755361557007,-0.16555042564868927,1.3025848865509033,-0.3371272087097168,0.11062268167734146,-0.34545955061912537,-0.1966734528541565,-0.6003909111022949,-0.14123456180095673,-0.2596477270126343,-0.07831908017396927,0.44084692001342773,0.03438255935907364,0.08076918125152588,0.16803625226020813,-0.18656642735004425,0.4369027018547058,-0.04682284966111183
CID000004674,506,-0.14163634181022644,-0.3013901710510254,-0.9395585060119629,0.08676782995462418,0.39349430799484253,-0.45262327790260315,0.04710030183196068,-0.5396488308906555,-0.24679335951805115,0.010047214105725288,0.26982778310775757,0.01551898568868637,-0.28172174096107483,-0.013906195759773254,0.22859661281108856,0.14581117033958435,0.15113750100135803,0.023050548508763313,-0.2558293640613556,0.1316429078578949,-0.34791189432144165,0.2371104508638382,0.5115431547164917,-0.041127610951662064,-0.8082619905471802,-0.46978479623794556,-0.41647034883499146,0.002565720584243536,0.0736241266131401,-0.11411131918430328,0.8278332948684692,0.16229897737503052,-0.006908479146659374,0.1604476273059845,-0.31203100085258484,0.07663150876760483,0.7018117308616638,-0.028943102806806564,0.2517242729663849,0.06343076378107071,-0.2759740352630615,0.47931647300720215,-0.03096793219447136,-0.4416692852973938,0.1553002893924713,0.06858135014772415,0.6578776240348816,-0.30410104990005493,-0.7211289405822754,-0.07362095266580582,-0.697046160697937,0.4232020974159241,0.33579349517822266,-0.05978604406118393,0.302146852016449,-0.3203049302101135,-0.10882171243429184,1.3294342756271362,0.08806806802749634,-0.07666343450546265,-0.05558125302195549,-0.16836640238761902,0.156614288687706,0.7614266276359558,-0.09993378818035126,0.5021972060203552,0.20563404262065887,-0.02320007048547268,-0.09364410489797592,0.05352863669395447,-0.9411719441413879,0.23158378899097443,-0.2006370574235916,0.2958906292915344,0.07725382596254349,0.1123489961028099,0.5153189301490784,0.23188893496990204,0.7683236002922058,-0.1819342076778412,-0.03507447987794876,-0.12330730259418488,0.14350919425487518,-0.11943352222442627,-0.02146146260201931,0.2698846757411957,-0.21945111453533173,0.1842702180147171,-0.10030905157327652,0.11869025230407715,-0.34487757086753845,-0.11150548607110977,-0.3860138952732086,-0.16576455533504486,0.2220396101474762,-0.058615922927856445,-0.04360620304942131,0.1164957657456398,0.09407427906990051,-0.796683132648468,0.09700199216604233,-0.17649278044700623,0.0614464096724987,0.0163226630538702,0.18988989293575287,0.00984499417245388,0.562439501285553,0.25293073058128357,0.08513843268156052,-0.037688374519348145,0.08685071766376495,0.07637443393468857,0.8650559186935425,-0.5718284845352173,0.049861159175634384,-0.16155041754245758,-0.24530935287475586,0.19094784557819366,-0.25971174240112305,0.1987753063440323,-0.37726783752441406,-0.32975098490715027,-0.3614955246448517,0.145022913813591,-0.08672337234020233,0.2482357919216156,-0.018536655232310295,-0.0682520791888237,-0.02481575682759285,0.28943127393722534,-0.521368145942688,-0.14280779659748077,0.4293774664402008,0.1451026350259781,-0.1363600790500641,0.8145753145217896,-0.14479205012321472,-0.22399625182151794,0.2579638361930847,-0.11616864055395126,0.047320589423179626,-0.09299062192440033,0.32185935974121094,0.1539667546749115,0.022892281413078308,0.10164358466863632,-0.3393374979496002,-0.10699542611837387,0.10686471313238144,0.008792048320174217,0.6355694532394409,-0.056081146001815796,-0.4654916822910309,-1.060289740562439,0.5942246317863464,0.028390351682901382,-0.02918778732419014,0.06147722527384758,-0.44687169790267944,-0.06570605933666229,-0.21755938231945038,-0.004452711436897516,-1.0458954572677612,0.19385948777198792,-0.45373958349227905,-0.1731412708759308,-0.08424923568964005,-0.14075586199760437,0.3785459101200104,-0.5025283694267273,-0.37519827485084534,-0.32020992040634155,-0.14373266696929932,-0.027415331453084946,-0.2345578968524933,-0.3791362941265106,0.16737772524356842,0.1421336531639099,0.6624306440353394,-0.1194411963224411,0.3860889971256256,-0.11367958784103394,-0.2882622480392456,0.6522312760353088,-0.3387087285518646,0.021947428584098816,-0.09556455910205841,-0.24456541240215302,-0.38165467977523804,-0.13896186649799347,-0.4690723419189453,0.8072701692581177,0.0609380379319191,-0.34507331252098083,-0.17154137790203094,-0.09286335110664368,0.10023687034845352,0.051068682223558426,0.23079708218574524,-0.28578782081604004,0.7157539129257202,0.21655666828155518,0.15199309587478638,0.48674139380455017,-0.41757673025131226,0.07412274181842804,-0.25168314576148987,-0.092864029109478,0.006342977285385132,-0.09529034793376923,-0.27537718415260315,-0.08875104039907455,0.0941067785024643,-0.23966726660728455,0.6918061971664429,-0.21220293641090393,-0.08339884132146835,0.04338601604104042,0.16173933446407318,-0.012972350232303143,-0.050002504140138626,-0.3061816096305847,0.12141530215740204,-0.26963239908218384,-0.028595078736543655,0.007709558121860027,-0.010343581438064575,-0.811309814453125,0.10590662807226181,-0.08204618841409683,0.02532331645488739,0.09840517491102219,0.11103703081607819,-0.20543500781059265,-0.8152907490730286,0.2037213146686554,0.03983209654688835,-0.017689025029540062,-0.047186534851789474,-0.15469636023044586,0.26285117864608765,-0.30913978815078735,0.1254647821187973,-0.15661361813545227,-0.27729615569114685,-0.10972671210765839,0.2017575204372406,0.10661198198795319,-0.3438760042190552,0.22480006515979767,-0.1055445447564125,0.21768370270729065,0.17855307459831238,-0.4200480580329895,0.279499351978302,0.11110790818929672
CID000003675,507,0.023860257118940353,-0.4566896855831146,-0.7491051554679871,0.24122047424316406,0.4885202944278717,0.09866636246442795,-0.004350173287093639,-0.523652970790863,-0.23585280776023865,-0.2415294647216797,0.17079892754554749,0.18244554102420807,-0.047065626829862595,-0.11033610254526138,0.03568796068429947,0.08916956186294556,0.6556347608566284,0.17554013431072235,-0.7529913187026978,0.07266880571842194,-0.23705223202705383,-0.04518350213766098,0.6193588376045227,0.24515216052532196,-0.42411690950393677,-0.6549354791641235,-0.38693901896476746,-0.2637729346752167,0.3784824013710022,0.022755730897188187,1.6275808811187744,-0.16006536781787872,-0.24530687928199768,0.4780995845794678,-1.2798373699188232,-0.06115788221359253,1.2417118549346924,0.0035662471782416105,-0.25899404287338257,-0.047641050070524216,-0.9123045802116394,0.9247804880142212,-0.19672968983650208,-0.03205297514796257,-0.08678591251373291,-0.07038728892803192,0.6370924711227417,-0.06767994165420532,-0.49442315101623535,0.028506767004728317,-0.4336707592010498,0.3777365982532501,0.48000431060791016,-0.06037171557545662,-0.16612645983695984,-0.3951292037963867,-0.10738114267587662,1.2291873693466187,0.4775230884552002,-0.3308282494544983,-0.006437534000724554,-0.2124287635087967,-0.24473853409290314,1.094111442565918,0.45309028029441833,0.5482267141342163,0.18736031651496887,0.056722283363342285,-0.029509728774428368,-0.12314628064632416,-1.119130253791809,0.17736908793449402,-1.3686524629592896,0.08515582978725433,0.10709556192159653,0.22141750156879425,0.8220487833023071,0.008203400298953056,0.45079007744789124,0.28448018431663513,-0.07618720084428787,-0.19141247868537903,-0.15823400020599365,0.004943722393363714,0.19207245111465454,0.07766672223806381,-1.0383793115615845,0.08167951554059982,0.0382208414375782,-0.17685768008232117,0.006224796175956726,-0.06086457893252373,-0.15515081584453583,0.1127786636352539,-0.11042030155658722,-0.2316901683807373,0.2416723072528839,0.12006302922964096,0.13454541563987732,-0.586676836013794,0.045221827924251556,0.2654133141040802,-0.0002585679176263511,-0.18937326967716217,0.21254952251911163,-0.1339462250471115,0.8519431948661804,0.01914241351187229,0.07671620696783066,-0.05002486705780029,0.15522155165672302,-0.06210817024111748,0.9308823347091675,-0.41733407974243164,-0.02479252777993679,-0.01321386732161045,-0.169429749250412,0.17045073211193085,-0.2545163035392761,0.5966213941574097,-0.22011716663837433,-0.35890892148017883,-0.09016335010528564,0.05134855955839157,0.26420024037361145,0.009180469438433647,0.5148272514343262,-0.34789031744003296,0.14867545664310455,0.4525037407875061,-0.9073840379714966,-0.31991952657699585,0.4134027063846588,0.2710447311401367,0.16554991900920868,1.1649056673049927,0.10435495525598526,-0.04749710112810135,0.3186945915222168,-0.15966477990150452,-0.21700230240821838,-0.31475746631622314,0.10185150057077408,0.20796184241771698,-0.05872855708003044,-0.2645415663719177,-0.6616536378860474,0.3795100450515747,-0.006836199667304754,-0.23149600625038147,0.5577701926231384,0.11973277479410172,-1.2306596040725708,-1.3725407123565674,0.8589242696762085,-0.4330528676509857,-0.3191419839859009,0.13689377903938293,-0.32287663221359253,0.07790492475032806,-0.0653037577867508,-0.0002501416893210262,-0.7143710851669312,-0.14759185910224915,-0.3923042416572571,-0.22489194571971893,0.4260568618774414,-0.14349359273910522,0.35805296897888184,-0.5602394342422485,-0.29545336961746216,-0.02749481238424778,0.1359529197216034,-0.09679471701383591,-0.9768779873847961,-0.18721844255924225,0.5764775276184082,0.03472375497221947,0.645318329334259,0.0869404524564743,0.3201119005680084,-0.07781250774860382,0.137093648314476,0.8733202815055847,0.03643987327814102,-0.30243414640426636,0.19382360577583313,-0.1576993316411972,-0.5947877168655396,-0.10487057268619537,-0.3562232553958893,0.8363917469978333,-0.35379400849342346,-0.4778710901737213,-0.05554846674203873,0.357176274061203,0.06582601368427277,0.08429192006587982,0.2860864996910095,0.024335047230124474,0.2664397358894348,-0.09559749811887741,-0.1329638510942459,0.27720433473587036,-0.32453837990760803,0.034673500806093216,-0.1831580102443695,0.22518257796764374,0.12219595909118652,-0.3095748722553253,-0.6123908162117004,0.001382679445669055,-0.12858153879642487,-0.06984305381774902,0.5903011560440063,0.07507505267858505,0.037837062031030655,-0.05433232709765434,-0.337227463722229,-0.1183486208319664,0.20059919357299805,0.12354733794927597,-0.1430162936449051,0.07109574973583221,0.022776613011956215,0.03448007255792618,0.18319666385650635,-1.4932587146759033,-0.11680164188146591,0.2602921426296234,0.0710466131567955,0.16030462086200714,0.10788805782794952,-0.2306610345840454,-0.7924039959907532,0.3187785744667053,-0.04142016917467117,-0.009279439225792885,-0.19139686226844788,0.13342273235321045,0.7437761425971985,-0.3832436203956604,0.24167342483997345,-0.11631016433238983,-0.3548591732978821,-0.2734254002571106,0.23447780311107635,0.4896017909049988,0.04173896834254265,0.39811447262763977,0.2743876278400421,0.20490285754203796,-0.3216286599636078,-0.4457016885280609,0.4137648642063141,0.033929817378520966
CID003085017,508,-0.07889039814472198,-0.1180441752076149,-0.8893389701843262,-0.13057832419872284,0.637060284614563,-0.2259017676115036,-0.11744091659784317,-1.1319494247436523,-0.38319772481918335,-0.13878431916236877,0.6231323480606079,-0.01777832582592964,-0.0004727184714283794,-0.3908495306968689,0.26369401812553406,0.1133543848991394,0.6183962821960449,0.01010742224752903,-0.6942538619041443,0.16990746557712555,-0.20958645641803741,0.1682993620634079,0.5324375629425049,-0.10862039029598236,-1.4266409873962402,-0.9536457061767578,-0.5884358882904053,-0.01761382818222046,0.029698777943849564,-0.3411598801612854,1.0178883075714111,0.22205767035484314,-0.20144084095954895,0.31432032585144043,-0.6010948419570923,0.26429012417793274,1.315082311630249,-0.1903499960899353,0.2846333086490631,0.08100847899913788,-0.7679697275161743,0.6692484617233276,-0.21375450491905212,-0.5943956971168518,-0.0983973890542984,-0.22669441998004913,1.0876269340515137,-0.4014057219028473,-0.7178134322166443,0.015786532312631607,-1.1919318437576294,0.6216697096824646,0.2601100206375122,0.20102140307426453,0.26941370964050293,-0.4354246258735657,0.16788986325263977,1.283968448638916,0.478112131357193,0.10325413942337036,-0.2436269223690033,-0.2258351594209671,-0.17900092899799347,0.8863899111747742,0.08044639974832535,0.6859986186027527,0.1672736406326294,-0.10282649844884872,-0.06584762036800385,-0.23288318514823914,-1.1241168975830078,0.20961084961891174,-0.6778731942176819,0.19058510661125183,-0.008630963042378426,0.024294573813676834,0.8654953837394714,0.32129114866256714,1.4951767921447754,0.14471885561943054,-0.21610236167907715,-0.5806611180305481,0.09956182539463043,-0.04566184803843498,-0.21402862668037415,0.17046815156936646,-0.780255913734436,-0.2171652764081955,0.5202953219413757,-0.12101443111896515,-0.10096599161624908,-0.4026430547237396,-0.21985891461372375,-0.17557261884212494,0.09315863996744156,-0.09097961336374283,0.10297109931707382,0.3977504372596741,0.28836488723754883,-1.12758469581604,-0.17960254848003387,0.08182405680418015,0.23178791999816895,-0.4536920487880707,0.3659169673919678,-0.23507630825042725,0.9347103834152222,0.00377234211191535,0.06354373693466187,-0.18493321537971497,0.22025474905967712,0.00012739301018882543,1.0404258966445923,-0.7591022253036499,-0.06434480100870132,0.1230156198143959,-0.48985785245895386,-0.11616092920303345,-0.15833203494548798,0.3205278515815735,-0.9445422887802124,-0.4285159707069397,-0.13173136115074158,0.37955793738365173,-0.5151927471160889,0.11784505844116211,0.0417257696390152,-0.34284764528274536,0.1713642179965973,0.06303557008504868,-1.0097427368164062,0.32332807779312134,0.46607571840286255,0.14466330409049988,-0.21976764500141144,0.8404682278633118,0.16066472232341766,-0.034046050161123276,0.41999921202659607,-0.2410697489976883,-0.19976218044757843,-0.3653247058391571,0.6998697519302368,0.3170039653778076,-0.009369653649628162,-0.07207189500331879,-0.5576530694961548,0.570177435874939,-0.2628572881221771,-0.04581315070390701,0.6260918378829956,-0.19978263974189758,-0.7445016503334045,-1.4062644243240356,1.000533103942871,-0.12145614624023438,-0.16106516122817993,0.32754698395729065,-0.820520281791687,0.11987732350826263,0.14945542812347412,-0.17920324206352234,-1.484463095664978,0.35995417833328247,-0.6079983711242676,-0.25026553869247437,-0.3490772843360901,-0.1310397982597351,0.8314085006713867,-0.5241253972053528,-0.07647713273763657,-0.37054765224456787,-0.11771170794963837,-0.07635440677404404,-0.9560726881027222,-0.33927077054977417,1.0355032682418823,0.20847205817699432,0.368045449256897,0.24340832233428955,0.48702138662338257,-0.42356452345848083,0.02987850084900856,0.923945426940918,0.12729981541633606,-0.4963810443878174,0.2499311864376068,0.059343963861465454,-0.785807192325592,-0.2317490577697754,-0.6971474885940552,1.3771241903305054,0.034543268382549286,-0.3256951570510864,-0.21902117133140564,-0.19596441090106964,0.0685463398694992,0.30688077211380005,0.9555325508117676,0.004362589213997126,0.7707022428512573,-0.17848965525627136,0.21461936831474304,0.5754784345626831,-0.3952600061893463,0.2659018337726593,0.025142300873994827,0.02889641746878624,-0.0749453753232956,0.33582019805908203,0.01004025898873806,0.017006119713187218,-0.3206585645675659,-0.10627792030572891,0.6788781881332397,0.3005087375640869,0.24148008227348328,0.21458657085895538,-0.020757153630256653,0.44980406761169434,-0.13885435461997986,0.17000596225261688,-0.05605732277035713,0.16629686951637268,0.1259121596813202,0.26067063212394714,0.173702672123909,-1.2793376445770264,-0.3994182348251343,-0.10831785202026367,-0.08149423450231552,0.4348081648349762,0.485464870929718,-0.28584855794906616,-0.8819745182991028,0.2550819218158722,-0.026895176619291306,0.14952737092971802,-0.17100375890731812,-0.12925051152706146,0.7511071562767029,-0.306750625371933,0.339231014251709,-0.13679876923561096,-0.16525380313396454,-0.5943010449409485,0.17527414858341217,0.15504081547260284,-0.8626298904418945,0.4897018373012543,0.060057830065488815,0.31134167313575745,0.6286873817443848,-0.10948836803436279,0.13006369769573212,0.4824022352695465
CID000001978,509,0.2107207328081131,-0.12450015544891357,-0.6127523183822632,-0.0042264265939593315,0.4599984288215637,-0.20289452373981476,0.2626742422580719,-0.6441214680671692,-0.2978479266166687,0.06381785869598389,0.4378277361392975,0.2833690643310547,-0.06758858263492584,-0.07181452214717865,-0.01926732063293457,0.1625223159790039,0.6440955400466919,0.16745910048484802,-0.2880787253379822,-0.008974912576377392,0.007983595132827759,0.015022861771285534,0.429177850484848,0.07179752737283707,-0.4801587164402008,-0.7574070692062378,-0.33355993032455444,-0.3345686197280884,0.09982786327600479,-0.24084234237670898,0.3324471116065979,-0.028901193290948868,-0.2342851161956787,0.03756095841526985,-0.18325842916965485,0.05399542301893234,0.504114031791687,-0.2060742825269699,-0.08211912214756012,-0.06178787350654602,-0.5084596276283264,0.5276344418525696,-0.25207847356796265,-0.12426545470952988,0.044501133263111115,0.051006220281124115,0.5877310037612915,-0.048495907336473465,-0.48018741607666016,0.09587247669696808,-0.5869224667549133,0.6881381869316101,0.35104307532310486,-0.37604501843452454,0.11732244491577148,-0.37986284494400024,-0.058947332203388214,0.768975019454956,-0.06183594465255737,-0.04533214867115021,-0.000746039324440062,-0.39487752318382263,0.10524220764636993,1.0642985105514526,0.058030784130096436,0.2039448767900467,-0.013371041044592857,0.08930856734514236,0.006480613257735968,0.231892392039299,-0.79271000623703,0.03146335110068321,-0.20061564445495605,0.45135918259620667,0.01203695684671402,0.44204583764076233,0.3818797469139099,0.35728809237480164,0.5615343451499939,-0.13621629774570465,-0.05419420078396797,-0.45751023292541504,-0.04981093853712082,0.060831476002931595,0.41195791959762573,-0.01804816722869873,-0.19266974925994873,0.0084319356828928,-0.16910681128501892,-0.07967768609523773,-0.10670654475688934,0.02060425654053688,-0.0513053759932518,-0.01053832657635212,-0.005205304827541113,-0.22296185791492462,-0.34061330556869507,0.26399463415145874,-0.10245029628276825,-0.5374380946159363,0.0012301482493057847,-0.27134016156196594,-0.021632101386785507,-0.03791256994009018,0.17457863688468933,-0.4174027442932129,0.4228169322013855,0.28571805357933044,0.041253481060266495,-0.02756069228053093,-0.0027229548431932926,-0.005656741559505463,0.8557820320129395,-0.26372653245925903,0.027639780193567276,-0.15925636887550354,-0.12409381568431854,0.00800151564180851,-0.19433555006980896,-0.06586847454309464,-0.23846706748008728,-0.14531274139881134,-0.04010436683893204,0.30721908807754517,-0.19094717502593994,0.3316996097564697,0.12021176517009735,0.07328207790851593,-0.25429749488830566,0.30038514733314514,-0.5391998887062073,-0.008599095046520233,0.3813284635543823,0.28680047392845154,0.042636845260858536,0.6040664315223694,0.14446307718753815,-0.23216919600963593,0.3480904698371887,-0.3297368884086609,-0.08810615539550781,-0.16539373993873596,0.24440273642539978,0.22062614560127258,0.006904122419655323,-0.2072419673204422,-0.38663849234580994,0.15056352317333221,-0.05119616910815239,0.03224725276231766,0.4580629765987396,-0.03839649632573128,-0.6264975666999817,-0.743001401424408,0.4847671389579773,-0.38635754585266113,0.005381077527999878,0.02237379550933838,-0.7582677602767944,-0.07405717670917511,0.041385360062122345,-0.37023407220840454,-0.942505955696106,-0.0063126832246780396,-0.5044543743133545,-0.24522149562835693,0.11107973754405975,0.10269178450107574,0.2751075327396393,-0.47588974237442017,-0.23330096900463104,-0.23176369071006775,-0.15994642674922943,-0.07739641517400742,-0.6829992532730103,-0.21975037455558777,0.5034039616584778,0.06985310465097427,0.5036362409591675,-0.4424150884151459,0.47958073019981384,-0.10347211360931396,-0.16022765636444092,0.1584153026342392,0.07368804514408112,-0.41194257140159607,-0.15627939999103546,-0.25966548919677734,0.12879474461078644,-0.316534161567688,-0.2833831012248993,0.5791946649551392,-0.16937649250030518,-0.3257240653038025,-0.06573296338319778,-0.015197086147964,-0.1853007823228836,-0.1660413146018982,0.2764427065849304,0.08632447570562363,0.7669731378555298,0.10931968688964844,-0.19067606329917908,-0.09996523708105087,-0.38535112142562866,-0.17838320136070251,-0.23635070025920868,-0.19358499348163605,0.12979145348072052,0.03971067816019058,-0.01860186457633972,0.043725233525037766,0.22851598262786865,-0.19772469997406006,0.9600527882575989,-0.051086556166410446,-0.09728594869375229,-0.07747583836317062,-0.09591306746006012,0.12002625316381454,0.2517227828502655,-0.1950981467962265,0.2361731082201004,0.09352199733257294,-0.2520618140697479,0.021362345665693283,-0.03044971264898777,-0.8828808665275574,-0.09578047692775726,-0.031569916754961014,0.24063611030578613,0.1153138056397438,0.2504769265651703,-0.47402676939964294,-0.8205198049545288,0.29588472843170166,-0.021234557032585144,-0.047617923468351364,-0.10793799161911011,-0.2633708417415619,0.18638543784618378,-0.49950161576271057,-0.048300500959157944,-0.27342239022254944,-0.15570682287216187,-0.3041340410709381,-0.08283450454473495,-0.09711632132530212,-0.1000741571187973,0.24097931385040283,-0.07767044007778168,0.06653529405593872,0.24102941155433655,-0.3533634543418884,0.19793128967285156,-0.0032728612422943115
CID005481350,514,-0.10667242854833603,-0.24170880019664764,-0.5457307696342468,-0.01658562570810318,0.3569304347038269,-0.12984415888786316,0.06850942224264145,-0.5252724885940552,0.20166032016277313,-0.2678898274898529,0.24633029103279114,0.12649020552635193,-0.13212671875953674,0.008721756748855114,-0.10014240443706512,0.008638459257781506,0.29386985301971436,0.20829348266124725,-0.1392473727464676,-0.24783968925476074,-0.3869837820529938,-0.18994948267936707,0.36312955617904663,0.15244446694850922,-1.4669253826141357,-1.0073950290679932,-1.344610571861267,-0.03796683996915817,-0.11098363250494003,-0.08867821097373962,1.1920607089996338,0.030141573399305344,0.240909606218338,0.6247652173042297,-0.3909265398979187,-0.09850595146417618,1.2248303890228271,-0.1542680561542511,-0.019173558801412582,0.17231974005699158,0.06518658250570297,0.7605598568916321,-0.540154755115509,0.0010732256341725588,-0.09732568264007568,-0.06249440461397171,0.7485822439193726,-0.09776026010513306,-0.3730562925338745,0.03915407508611679,-0.72455894947052,0.27493491768836975,0.19865159690380096,-0.06637934595346451,0.3964638113975525,-0.23753276467323303,-0.1011086255311966,0.6757280230522156,0.6166506409645081,0.3747866153717041,-0.018086913973093033,-0.3984585702419281,0.15434372425079346,0.6946092844009399,0.25919511914253235,0.30519601702690125,-0.27093660831451416,-0.3683456480503082,-0.16563530266284943,0.2890452444553375,-0.4428871273994446,-0.05535394698381424,-0.4794047474861145,0.44199973344802856,0.20455364882946014,0.3679327368736267,0.655448853969574,-0.07329757511615753,0.9061288833618164,-0.39120686054229736,-0.1989549696445465,-0.669150710105896,0.07214536517858505,-0.21261592209339142,0.1837342083454132,0.3785051703453064,-0.16411089897155762,-0.07803523540496826,-0.15785379707813263,-0.05407591909170151,-0.17953117191791534,-0.2990659475326538,-0.018096204847097397,-0.21372120082378387,-0.15823699533939362,-0.26115259528160095,-0.05669592693448067,0.13437846302986145,-0.10082993656396866,-1.5611168146133423,-0.13786812126636505,0.1156998723745346,0.23622462153434753,-0.28860658407211304,0.031266625970602036,-0.08107751607894897,1.2782018184661865,0.05578061193227768,0.2276170551776886,-0.1390664428472519,-0.1338329017162323,0.014025934040546417,0.228919118642807,-0.5100464820861816,0.16774900257587433,-0.3934827744960785,-0.6588970422744751,0.2009046971797943,-0.05751057341694832,0.3416675329208374,-0.4793550968170166,-0.31725507974624634,0.024510350078344345,0.3115425705909729,-0.0030305893160402775,-0.033052958548069,0.40554079413414,0.3208104074001312,0.10080660879611969,0.24443161487579346,-0.9647606611251831,-0.05299271270632744,0.27071696519851685,0.11001242697238922,-0.01999693177640438,1.0709302425384521,0.19122286140918732,-0.01351492665708065,0.062103915959596634,0.11875256150960922,-0.011479945853352547,-0.148117333650589,-0.3386269211769104,0.1511128842830658,0.07155654579401016,-0.2416168749332428,-0.08287274092435837,0.23573029041290283,0.3483721613883972,-0.16602106392383575,0.4904513359069824,0.13806195557117462,-0.4800749719142914,-0.9018548727035522,0.2684282958507538,-0.07062315940856934,0.3407078683376312,0.1117933988571167,-0.5954405069351196,-0.05213925987482071,-0.26294001936912537,0.040263451635837555,-0.9054841995239258,-0.009324905462563038,-0.34127703309059143,-0.12807080149650574,0.1788734495639801,-0.2281130850315094,1.2632606029510498,-0.39055466651916504,0.1525311917066574,-0.30725738406181335,0.06472335755825043,0.07187806069850922,-0.6790496110916138,-0.024385912343859673,0.6063743233680725,-0.1382541060447693,0.4498210549354553,0.14230409264564514,0.6996058225631714,-0.2661157250404358,-0.37672460079193115,1.0698193311691284,-0.02145475521683693,-0.592258632183075,0.5650084614753723,0.08012379705905914,-0.29369157552719116,-0.2984547019004822,-0.14679363369941711,1.7241361141204834,-0.17211106419563293,-0.2846452295780182,0.16413673758506775,-0.1437053233385086,0.07681931555271149,-0.03920755907893181,1.299443006515503,0.023120690137147903,0.6632497906684875,0.4858779311180115,0.09693592041730881,0.5462108850479126,-0.39976125955581665,-0.22802600264549255,-0.12689563632011414,-0.21681776642799377,0.11792545020580292,0.16467195749282837,-0.047942422330379486,-0.1780242919921875,-0.06552672386169434,-0.24470555782318115,1.0213624238967896,0.26898249983787537,-0.13582302629947662,0.03053591214120388,-0.027425039559602737,0.3132791519165039,-0.004551631398499012,-0.019222181290388107,0.11972086131572723,-0.043351225554943085,0.07173240184783936,0.320046991109848,-0.05087754875421524,-0.7086697816848755,-0.2317885458469391,-0.017664184793829918,-0.20950143039226532,0.10704946517944336,0.10821010917425156,-0.1266787350177765,-0.6024855375289917,0.3244243264198303,0.23176710307598114,-0.14696788787841797,0.11929523944854736,0.2319413721561432,1.5633466243743896,-0.31632086634635925,-0.26171696186065674,-0.4554000794887543,0.1643708199262619,-0.44698911905288696,0.17589421570301056,0.3305988013744354,-0.24799537658691406,0.44734612107276917,0.3121805489063263,0.28193074464797974,0.24344804883003235,0.11996199935674667,0.49499040842056274,-0.04555041715502739
CID005281104,517,0.2025720775127411,-0.0024561018217355013,-0.38347211480140686,0.043417561799287796,0.34696102142333984,-0.2312268316745758,0.00592553336173296,-0.3365109860897064,0.07721875607967377,-0.31300365924835205,0.3697848916053772,0.18383806943893433,-0.06915213167667389,-0.054237306118011475,0.15629151463508606,0.03020697832107544,0.6273179054260254,0.17868193984031677,-0.3598954379558563,0.11080707609653473,0.23359115421772003,0.15212413668632507,0.2503076195716858,0.09710001945495605,-0.5261457562446594,-0.8072942495346069,-0.5930934548377991,-0.1548513025045395,0.30837714672088623,-0.003824543906375766,1.0316249132156372,-0.10938934981822968,0.029680514708161354,0.13890546560287476,-0.09527234733104706,0.141877681016922,0.8199182748794556,-0.13878680765628815,-0.06381915509700775,0.15055856108665466,-0.19863294064998627,0.634391188621521,-0.27163341641426086,-0.1396370232105255,-0.15840283036231995,-0.11985548585653305,0.5402805805206299,-0.15369975566864014,-1.0228990316390991,-0.01793299801647663,-0.44140177965164185,0.07356376945972443,0.29342707991600037,-0.12387560307979584,0.13205590844154358,-0.0533515103161335,-0.26092636585235596,0.5967668890953064,0.27953365445137024,-0.12318170070648193,0.09923087805509567,-0.14014555513858795,0.180114284157753,0.6450105905532837,0.1479550302028656,0.46191105246543884,-0.038174353539943695,-0.1409422606229782,0.04994732141494751,-0.02607100084424019,-0.8454949259757996,0.27345985174179077,-0.32341399788856506,0.1735260933637619,0.09944170713424683,0.15028788149356842,0.6866030097007751,0.3004295229911804,0.37880396842956543,-0.21507808566093445,-0.1819818764925003,-0.16184048354625702,-0.2416916787624359,0.06970526278018951,0.11740479618310928,0.24557407200336456,0.010651623830199242,-0.04621769115328789,0.0523587241768837,0.05496009439229965,0.12770403921604156,-0.23079511523246765,-0.12894845008850098,0.03351617977023125,0.2297845333814621,-0.13923302292823792,-0.0016437486046925187,0.08462424576282501,0.14123912155628204,-0.4814051687717438,-0.108726367354393,-0.34340888261795044,0.15400531888008118,-0.04514573514461517,0.09966223686933517,-0.11642100661993027,0.7054793238639832,0.10924430936574936,0.43343573808670044,-0.01916435733437538,0.029283776879310608,0.13840742409229279,0.44630852341651917,-0.6955625414848328,0.21420207619667053,-0.1411084234714508,-0.19358763098716736,0.3448401093482971,-0.024361174553632736,0.15650716423988342,-0.1726674735546112,-0.36380505561828613,-0.1500268280506134,0.3138088583946228,-0.08516348898410797,0.1721431314945221,0.28254300355911255,0.3833932876586914,-0.28746503591537476,0.04343143478035927,-0.7271519303321838,0.012288632802665234,0.5000823736190796,0.12753179669380188,-0.13318975269794464,0.7907133102416992,-0.005513372831046581,0.20568999648094177,0.266403466463089,-0.08476882427930832,-0.0766511932015419,-0.03469766676425934,0.220279723405838,-0.12119589745998383,0.07734771072864532,-0.07585487514734268,-0.3881834149360657,0.1405305415391922,-0.29956895112991333,-0.08391891419887543,0.6531885266304016,-0.014312634244561195,-0.5740460753440857,-0.6299976110458374,0.35346513986587524,-0.23522372543811798,0.08240699023008347,0.011185621842741966,-0.23484675586223602,0.146551713347435,0.023623401299118996,0.2950056195259094,-0.8331489562988281,0.11568368971347809,-0.46601295471191406,-0.15042832493782043,-0.06323006749153137,-0.21174541115760803,0.5344219207763672,-0.380435049533844,-0.1617838442325592,0.06893052160739899,0.025321006774902344,0.013018873520195484,-0.3955531418323517,-0.3370005190372467,0.05687876418232918,-0.05680542066693306,0.6030590534210205,-0.018912483006715775,0.6269197463989258,-0.07295271009206772,-0.18796667456626892,0.39278578758239746,-0.12246954441070557,-0.2750127911567688,0.31748849153518677,-0.14760108292102814,-0.23172970116138458,-0.27392449975013733,-0.23713485896587372,0.7536288499832153,-0.0014417857164517045,-0.2470298707485199,-0.029323477298021317,-0.17198917269706726,-0.05634182691574097,0.02684415504336357,0.11360412836074829,-0.2546443045139313,0.5282739400863647,0.08166179805994034,-0.13587480783462524,0.39033523201942444,-0.3425668478012085,0.08184999227523804,-0.2288159430027008,-0.2334989607334137,-0.02598774991929531,-0.10115154087543488,0.12162108719348907,-0.04921489208936691,0.08374472707509995,-0.2948438227176666,1.1659866571426392,0.04634622111916542,0.14417488873004913,-0.11288255453109741,-0.13997311890125275,0.19731086492538452,-0.03767556697130203,0.24382328987121582,0.19122979044914246,-0.0825173631310463,0.011632075533270836,0.08787645399570465,0.1648060828447342,-0.9468342065811157,-0.04753570631146431,-0.24298903346061707,-0.026946786791086197,-0.048290349543094635,-0.07311899960041046,-0.12009136378765106,-0.820717453956604,0.2214873731136322,0.2804672420024872,0.10949717462062836,-0.1356421709060669,-0.013699489645659924,0.3324934244155884,-0.3416820764541626,-0.05045991390943527,-0.16978824138641357,-0.13390327990055084,-0.15957532823085785,-0.13421893119812012,-0.03290920332074165,-0.0395316556096077,0.25371304154396057,-0.04847719147801399,0.33181703090667725,0.13941165804862976,-0.2908536493778229,0.36008578538894653,-0.44583383202552795
CID005311181,518,0.024038229137659073,-0.5314408540725708,-1.089988112449646,-0.20519764721393585,0.19969964027404785,-0.16881892085075378,-0.08154944330453873,-1.1886574029922485,-0.34866341948509216,0.3934197425842285,0.3210831582546234,-0.325573205947876,0.03194679692387581,-0.22945788502693176,-0.105202317237854,-0.21851129829883575,0.3931228518486023,0.013587343506515026,-0.02027803100645542,-0.21993780136108398,-0.5378103852272034,0.43274274468421936,0.4299265742301941,-0.04898606985807419,-0.9991744756698608,-1.3300635814666748,-0.6266969442367554,-0.23506537079811096,0.22717730700969696,-0.6532007455825806,1.2558472156524658,-0.1327827125787735,0.19762763381004333,0.8029869198799133,-0.36976486444473267,0.4024426341056824,0.9356595277786255,-0.4157339036464691,0.14844563603401184,0.19697293639183044,-0.7350993752479553,0.5455082654953003,-0.1963222622871399,0.17001089453697205,0.2685787081718445,-0.6781987547874451,0.9376959800720215,0.1342720240354538,-0.6701024174690247,0.35568341612815857,-0.7989929914474487,0.06182084605097771,0.778976559638977,0.013135659508407116,0.046133916825056076,-0.3162522614002228,0.3217616677284241,1.2817754745483398,0.18288779258728027,0.6457823514938354,0.06812358647584915,-0.28836575150489807,-0.10390021651983261,1.495281457901001,0.5121650695800781,0.37154585123062134,-0.24628078937530518,-0.11563358455896378,0.0860687866806984,0.21197691559791565,-1.4332029819488525,-0.1057601198554039,-1.610966682434082,-0.0020647309720516205,-0.3073192536830902,0.18100205063819885,0.597878634929657,0.49403315782546997,1.2157491445541382,0.09269656240940094,-0.16196997463703156,-0.46010416746139526,0.005228841211646795,-0.2920638918876648,-0.009078960865736008,0.11365698277950287,-0.7190917730331421,0.08654741942882538,0.1443358212709427,-0.12236537039279938,-0.2459193766117096,-0.32753807306289673,-0.5057936310768127,0.31507301330566406,0.2248423993587494,-0.7186363935470581,0.30899733304977417,0.19159367680549622,0.14988301694393158,-1.3635002374649048,0.05111841484904289,-0.25845974683761597,0.27467435598373413,-0.3008762001991272,-0.292680948972702,-0.4332510530948639,0.9763015508651733,-0.4535648822784424,-0.545427680015564,-0.07750673592090607,-0.48325616121292114,0.2284007966518402,0.614155650138855,-0.9650666117668152,0.14757628738880157,0.024215592071413994,-0.28741002082824707,0.7667639851570129,-0.21063494682312012,0.24071809649467468,-0.4905884265899658,-0.11190223693847656,0.0003404199960641563,0.014391923323273659,0.10959465801715851,0.12969283759593964,0.5332092046737671,0.011888647451996803,-0.11187376827001572,0.577460527420044,-1.057694911956787,0.2832565903663635,0.45425257086753845,0.24238404631614685,-0.10432475805282593,1.2098411321640015,0.3845745921134949,-0.29575592279434204,0.3552979826927185,0.3738846182823181,-0.4127756953239441,-0.3824557363986969,-0.16435089707374573,-0.18508735299110413,-0.12300983816385269,0.13963131606578827,-0.21293969452381134,0.0800115317106247,0.293605238199234,-0.06655339896678925,0.9493669271469116,-0.12809041142463684,-1.238999605178833,-1.3768718242645264,0.678725004196167,-0.07052450627088547,0.019890060648322105,0.6723843812942505,-0.456645667552948,0.030329251661896706,-0.063216932117939,1.0381865501403809,-1.0092644691467285,0.4265976548194885,-0.6867362260818481,-0.40044254064559937,-0.23084530234336853,-0.0363302156329155,0.9049748182296753,-0.41742056608200073,-0.31982454657554626,-0.19507156312465668,-0.12362749874591827,0.2044599950313568,-0.7979432344436646,0.047732435166835785,0.4134986400604248,-0.19424352049827576,0.48985910415649414,0.0034571648575365543,0.4176148474216461,-0.4032863974571228,-0.15875235199928284,0.8563025593757629,0.3266252875328064,-0.35948652029037476,0.1483851969242096,0.45206913352012634,-0.2217652052640915,-0.2817486822605133,-0.44886404275894165,1.5926034450531006,-0.4604502320289612,-0.3944748044013977,-0.029517626389861107,-0.16710656881332397,0.1176408976316452,0.16283246874809265,0.1991516649723053,-0.08275410532951355,0.14749643206596375,-0.1512584090232849,-0.2801026701927185,0.6738927960395813,-0.6129209399223328,0.5321424603462219,-0.08936827629804611,0.01525807660073042,0.24267232418060303,-0.3388487696647644,-0.07115627825260162,-0.1968245804309845,0.11786304414272308,-0.12716242671012878,0.8478924036026001,0.3050510883331299,0.23836128413677216,0.13168975710868835,-0.08887049555778503,0.6926406025886536,-0.03193472698330879,0.5677353143692017,0.3775247633457184,0.24385066330432892,0.47677022218704224,0.37995752692222595,-0.0818403959274292,-1.3142766952514648,-0.2896922826766968,-0.09825965017080307,-0.015731429681181908,0.6148309707641602,-0.335114061832428,-0.18492718040943146,-1.514322280883789,0.15940332412719727,-0.4010799825191498,0.13447634875774384,0.2605580687522888,0.004187858197838068,0.5023088455200195,-0.2177487313747406,-0.11220946162939072,-0.21835985779762268,-0.4399561882019043,-0.08812232315540314,0.01493079960346222,0.4400935173034668,-0.049542710185050964,0.025163959711790085,-0.1128707081079483,0.043331578373909,-0.249712735414505,-0.15484604239463806,0.7059898376464844,0.051383841782808304
CID000005184,519,0.2592715620994568,-0.1848563700914383,-0.6390494108200073,0.2615532875061035,0.30188456177711487,-0.09801355749368668,-0.03051842376589775,-0.8494593501091003,-0.08379073441028595,-0.04053383320569992,0.45838379859924316,-0.008462890982627869,0.04046342149376869,-0.26462945342063904,-0.1473446786403656,0.4256172776222229,0.547848105430603,-0.14476275444030762,-0.28204575181007385,-0.04716052860021591,-0.05292455106973648,-0.08521107584238052,0.44619160890579224,-0.0056534139439463615,-0.6620012521743774,-0.5368884801864624,-0.12938518822193146,-0.20078077912330627,0.12686963379383087,-0.0330621674656868,0.679688572883606,0.029052233323454857,-0.11901328712701797,0.17028167843818665,-0.06294325739145279,-0.0481196865439415,0.6280198693275452,-0.056589461863040924,-0.18296030163764954,-0.12186483293771744,-0.4166211485862732,0.5900219082832336,-0.2876368761062622,-0.34267786145210266,-0.10091300308704376,-0.017120810225605965,0.45261114835739136,-0.20723798871040344,-0.42413192987442017,0.05613972991704941,-0.7371652722358704,0.6004474759101868,0.5132997632026672,0.14630427956581116,0.04276102036237717,-0.2885832190513611,-0.17249652743339539,0.5803342461585999,-0.1720660924911499,0.02052169479429722,0.21357503533363342,-0.422990083694458,-0.05652164667844772,0.9123038053512573,0.04353349655866623,0.4137514531612396,0.027714740484952927,0.01133088767528534,-0.057359807193279266,0.040530651807785034,-0.8620783090591431,-0.11877927929162979,-0.4105265140533447,0.4793931841850281,0.15883669257164001,0.6786113977432251,0.37306517362594604,0.1856926530599594,0.40255314111709595,-0.05470713973045349,-0.1161472350358963,-0.13249781727790833,-0.1910863071680069,0.12580828368663788,0.14676178991794586,0.20806701481342316,-0.40904417634010315,0.1574171483516693,-0.13697607815265656,-0.20199772715568542,-0.15636339783668518,0.0186312198638916,-0.2142951488494873,-0.02094598487019539,0.02564530447125435,-0.19516342878341675,-0.1970822513103485,0.28440362215042114,0.12884242832660675,-0.5645173192024231,0.08204960823059082,0.0616324245929718,-0.07533352077007294,-0.09149375557899475,-4.0337443351745605e-05,-0.1690857708454132,0.44120702147483826,0.08161073178052902,0.031231170520186424,0.05376114696264267,-0.033170778304338455,0.25895243883132935,0.6067957282066345,-0.6755327582359314,0.17925220727920532,-0.34220558404922485,-0.08424227684736252,-0.17733187973499298,-0.16473081707954407,-0.049029044806957245,-0.049589965492486954,-0.26579323410987854,0.21628177165985107,0.07620930671691895,-0.17352421581745148,0.26446259021759033,-0.07480321824550629,-0.08049223572015762,-0.19055131077766418,0.2566607594490051,-0.6180515289306641,-0.19214676320552826,0.4301598072052002,0.10026177018880844,0.07568992674350739,0.5633279085159302,-0.040136825293302536,-0.17387442290782928,0.4194512367248535,0.03622214123606682,-0.22678685188293457,-0.3875179886817932,0.15648150444030762,0.33534207940101624,0.03320888802409172,0.06449736654758453,-0.24591894447803497,0.20612354576587677,0.031703196465969086,0.02884732559323311,0.4938478469848633,-0.14227482676506042,-0.43093761801719666,-0.5797504186630249,0.5042974352836609,-0.25178998708724976,0.09580428898334503,-0.10237165540456772,-0.42016521096229553,-0.10411600023508072,0.20456139743328094,0.06702467054128647,-0.8183169364929199,0.1336369514465332,-0.3932368755340576,0.1376384198665619,0.09912002086639404,-0.037890635430812836,0.39203840494155884,-0.4348481595516205,-0.16397853195667267,-0.1016152873635292,0.024584945291280746,-0.1607804000377655,-0.5993992686271667,-0.34274885058403015,0.6056987047195435,0.004485993180423975,0.5998748540878296,-0.15098102390766144,0.5108681917190552,-0.17450137436389923,-0.1860859990119934,0.5504830479621887,-0.12273867428302765,-0.4585476815700531,-0.3025495409965515,-0.16680577397346497,0.036259520798921585,-0.24984696507453918,-0.4850273132324219,0.6799737215042114,-0.12237753719091415,-0.2914230227470398,0.04609965533018112,0.0626966655254364,-0.19404537975788116,-0.15875941514968872,-0.010288601741194725,0.09038422256708145,0.4662911295890808,0.2947743237018585,0.05150876194238663,-0.0573466420173645,-0.508915364742279,-0.11953236162662506,-0.4309689402580261,-0.12158454954624176,0.28169161081314087,-0.13247568905353546,-0.041292350739240646,-0.03653382509946823,0.13524949550628662,-0.28288283944129944,0.44774946570396423,-0.09013102948665619,-0.17712947726249695,0.1630665361881256,-0.1024349182844162,0.009377154521644115,0.2809896767139435,0.12756499648094177,0.18158996105194092,-0.017092714086174965,-0.1577373445034027,0.23595574498176575,0.28204426169395447,-0.7503489255905151,-0.17224285006523132,-0.04781709611415863,0.09141391515731812,0.07952488213777542,0.08085567504167557,-0.19890184700489044,-0.515550971031189,-0.009530758485198021,0.05661122128367424,-0.149137943983078,0.06673483550548553,-0.12514930963516235,0.8035217523574829,-0.24593183398246765,-0.18666180968284607,-0.5322316884994507,0.0659950003027916,-0.5319716930389404,-0.046512629836797714,-0.032749079167842865,-0.09517662972211838,0.21046988666057587,0.06962412595748901,-0.10171449184417725,0.10232923179864883,-0.3172810673713684,-0.14810094237327576,0.09943334758281708
CID000150311,520,0.007957962341606617,-0.2262164056301117,-0.4837997853755951,-0.1286131590604782,0.37182265520095825,-0.19371309876441956,0.003070360515266657,-0.3201846480369568,-0.2179098129272461,0.04630335420370102,0.37507501244544983,-0.022400924935936928,-0.03480949252843857,-0.10271403938531876,-0.005826830863952637,0.3250405192375183,0.24313978850841522,-0.05908205360174179,-0.35820916295051575,0.22499370574951172,-0.28387847542762756,0.09890291094779968,0.3957570195198059,0.05677610635757446,-0.35920247435569763,-0.8555202484130859,-0.4780822694301605,-0.09666901081800461,0.09249087423086166,0.09218581765890121,0.6098488569259644,0.1946866810321808,-0.07943519949913025,0.41629934310913086,-0.5638341903686523,0.06595269590616226,0.4744971692562103,-0.2095535695552826,-0.007133877370506525,-0.0020649507641792297,-0.3077487051486969,0.264930784702301,-0.25496983528137207,-0.0010085940593853593,-0.015504242852330208,0.06884819269180298,0.6768584251403809,0.09111271798610687,-0.6551027894020081,0.026508349925279617,-0.6505100131034851,0.07140596210956573,0.4076747000217438,-0.18090610206127167,0.14587745070457458,-0.4235811233520508,-0.15887266397476196,0.6497750878334045,0.1796037256717682,-0.10735847055912018,0.17477406561374664,-0.24493959546089172,0.06861744821071625,0.6855047941207886,0.23611727356910706,0.29207366704940796,-0.0993596538901329,-0.057435713708400726,-0.07931836694478989,0.010933488607406616,-0.6154144406318665,0.18712136149406433,-0.4734557569026947,0.579569399356842,-0.00653925072401762,0.3190719485282898,0.3492504358291626,0.3705020248889923,0.6618526577949524,0.00699586421251297,-0.009771883487701416,-0.18439175188541412,0.07027275115251541,-0.13052977621555328,0.17373992502689362,0.40562596917152405,-0.23930081725120544,0.03266551345586777,-0.08812258392572403,0.05912620946764946,-0.1086437925696373,-0.12031972408294678,-0.1038321703672409,0.179747074842453,0.1056845635175705,-0.27883589267730713,-0.366016685962677,0.20946912467479706,0.09553650766611099,-0.7358059883117676,-0.055884044617414474,-0.18521244823932648,0.26299503445625305,-0.12339530885219574,0.21582913398742676,-0.06223336607217789,0.7537996768951416,0.08868841826915741,0.17699185013771057,-0.07997547090053558,-0.1689719408750534,0.01093527115881443,0.4574185907840729,-0.4393521249294281,0.22708876430988312,-0.22205956280231476,-0.36304911971092224,0.1512109935283661,0.02498936653137207,0.027922147884964943,-0.03628106042742729,-0.29576319456100464,-0.041561514139175415,-0.025564420968294144,-0.14021222293376923,0.0710030049085617,0.25971585512161255,0.11076849699020386,-0.17512641847133636,0.22215834259986877,-0.7976610660552979,-0.03644833713769913,0.4999998211860657,0.187348872423172,0.09596537053585052,1.033215880393982,0.2826324701309204,-0.20708158612251282,0.26156213879585266,0.015796005725860596,-0.29114967584609985,-0.34371811151504517,0.2631025016307831,0.4115135669708252,0.0821111798286438,-0.09446685761213303,-0.5604222416877747,-0.09201478958129883,0.10421562194824219,0.06245065852999687,0.37174299359321594,-0.08909543603658676,-0.6992369890213013,-0.7556130290031433,0.5384743213653564,-0.23122462630271912,0.3160844147205353,-0.17432713508605957,-0.4610026478767395,-0.10380230844020844,-0.12765192985534668,0.13864171504974365,-0.6817166209220886,0.03276665136218071,-0.3856060802936554,0.03642045333981514,-0.06091151386499405,-0.0980643481016159,0.4454774856567383,-0.5552761554718018,-0.14679090678691864,-0.09357685595750809,-0.13126108050346375,-0.1778702735900879,-0.6444652676582336,0.0033954395912587643,0.3656249940395355,0.18385478854179382,0.49635306000709534,0.12083084881305695,0.5419647097587585,-0.2723955512046814,-0.12622666358947754,0.3765217661857605,-0.08555278182029724,-0.5213630199432373,0.027275577187538147,-0.2471407949924469,-0.022112632170319557,-0.22285571694374084,-0.6090441346168518,1.1035916805267334,-0.06865222752094269,-0.34178563952445984,0.09287100285291672,-0.08733923733234406,-0.13424146175384521,0.11308735609054565,0.550577700138092,-0.14932751655578613,0.37048643827438354,0.4772419333457947,-0.013125484809279442,0.23143748939037323,-0.5030609369277954,-0.25953227281570435,-0.2185116708278656,-0.02614210918545723,-0.16580542922019958,-0.08001545816659927,0.24885623157024384,-0.03452195227146149,0.12233702093362808,-0.18381324410438538,0.7211114168167114,-0.028554584830999374,-0.011512577533721924,-0.2904612123966217,-0.017368407920002937,0.31634193658828735,0.18061044812202454,0.0022497386671602726,0.1596955955028534,-0.04936167970299721,-0.13236883282661438,0.0909820944070816,0.10004482418298721,-0.7806680202484131,-0.29938435554504395,-0.10989203304052353,-0.18701598048210144,0.24955320358276367,0.15714922547340393,-0.1942111998796463,-0.5569456815719604,0.3285323977470398,0.0201062373816967,-0.2245662659406662,0.040396641939878464,-0.18677349388599396,0.3724755644798279,-0.2817572355270386,-0.08919236809015274,-0.2066815197467804,-0.05258054658770561,-0.27299460768699646,0.04077979922294617,0.03629935905337334,0.05208846181631088,0.2763693630695343,-0.050530076026916504,-0.044276244938373566,0.09537757933139801,-0.16305643320083618,0.32827404141426086,-0.04672343283891678
CID000003559,521,0.02827015519142151,-0.12103442847728729,-0.4260789752006531,0.32576054334640503,0.36362147331237793,-0.05837317556142807,-0.08850838989019394,-0.42742156982421875,0.03679854795336723,-0.09453871846199036,0.15688347816467285,0.09937743842601776,-0.08239295333623886,0.06679442524909973,0.015204185619950294,0.0981631726026535,0.3832438290119171,0.054033614695072174,-0.29436901211738586,0.1897595077753067,-0.09101790934801102,0.018174469470977783,0.45787158608436584,0.022958312183618546,-0.2885560095310211,-0.5434958338737488,-0.13200204074382782,-0.1063757911324501,0.09166761487722397,-0.045502204447984695,0.47466540336608887,0.08454433083534241,-0.09886927902698517,0.3068196773529053,-0.3456602096557617,0.16401951014995575,0.6428879499435425,-0.09173253923654556,0.11296983063220978,0.13521814346313477,-0.0314260832965374,0.4686208665370941,-0.3437343239784241,0.027282729744911194,-0.21493038535118103,0.1070454865694046,0.4183177947998047,-0.18062737584114075,-0.46655258536338806,0.04344896227121353,-0.3956117033958435,0.13636207580566406,0.46600961685180664,-0.24354512989521027,0.26118069887161255,-0.3881286680698395,-0.2749943137168884,0.5366226434707642,0.2157660275697708,-0.18718354403972626,0.045424576848745346,-0.11330275237560272,0.13252459466457367,0.6415430903434753,0.08011431992053986,0.37205249071121216,-0.16462342441082,-0.03375658392906189,0.09503381699323654,-0.09036991745233536,-0.6313936710357666,0.314187228679657,-0.6771045923233032,0.5467687249183655,0.08304387331008911,0.31193482875823975,0.43178167939186096,0.07415678352117538,0.31898799538612366,-0.020678382366895676,0.07500370591878891,-0.179497629404068,-0.02465677633881569,0.11884646117687225,0.012000258080661297,0.3420194983482361,-0.30457890033721924,0.010905579663813114,0.19671428203582764,0.03634170442819595,-0.1921127438545227,0.06417018175125122,-0.15881460905075073,-0.032956644892692566,0.10543135553598404,-0.023605456575751305,-0.13073456287384033,0.22483129799365997,-0.009813833050429821,-0.5089349746704102,-0.029060054570436478,-0.20351052284240723,-0.009216098114848137,0.019110536202788353,0.14893096685409546,-0.21422722935676575,0.6044429540634155,0.06596440076828003,0.298572838306427,-0.09041829407215118,0.08038179576396942,0.05539674311876297,0.3063175678253174,-0.5079216361045837,0.1785174310207367,-0.2665647566318512,-0.14698025584220886,0.06554235517978668,-0.09255135804414749,0.11819815635681152,-0.27629354596138,-0.30830633640289307,0.1305876225233078,0.25884881615638733,-0.008992031216621399,0.06424363702535629,0.15143322944641113,-0.0793251171708107,-0.10698336362838745,0.07890585064888,-0.5674310922622681,-0.3857138156890869,0.29531025886535645,0.0802447646856308,-0.061367034912109375,0.7386526465415955,-0.08522363007068634,-0.0010676041711121798,0.20568232238292694,-0.042272407561540604,-0.12837053835391998,-0.16539567708969116,0.048948924988508224,0.07983382791280746,0.07295972108840942,0.031704895198345184,-0.14203296601772308,-0.005513685755431652,-0.1216905266046524,-0.05357290431857109,0.5158707499504089,-0.029140552505850792,-0.45423418283462524,-0.6745893359184265,0.6542867422103882,-0.3219304084777832,0.008883023634552956,0.09225108474493027,-0.372033953666687,-0.0905563086271286,-0.08836418390274048,-0.01114190835505724,-0.5268557667732239,-0.021201780065894127,-0.44518861174583435,0.10863466560840607,-0.052764348685741425,-0.13049302995204926,0.4378039240837097,-0.44845691323280334,-0.33477112650871277,0.12302224338054657,-0.10107938200235367,-0.16215600073337555,-0.4299711287021637,-0.2935163974761963,0.29187825322151184,0.08418495953083038,0.507037341594696,0.007360550574958324,0.4058470129966736,0.0007909655687399209,-0.24489983916282654,0.24002914130687714,-0.09544298052787781,-0.3087537884712219,0.062020622193813324,-0.2479589283466339,-0.22214552760124207,-0.11832700669765472,-0.061352916061878204,0.6265667080879211,0.021487798541784286,-0.4297749400138855,0.0019306332105770707,-0.049076519906520844,-0.005108251236379147,0.09810866415500641,0.29644447565078735,-0.1947949230670929,0.10845969617366791,0.4532814621925354,-0.10012519359588623,0.1333155333995819,-0.3800216615200043,-0.32107648253440857,-0.2771449387073517,-0.08079615235328674,-0.24993550777435303,-0.11803754419088364,-0.16493114829063416,0.02323334477841854,-0.2520070970058441,-0.2738933265209198,0.4239331781864166,-0.1372915804386139,0.06540678441524506,-0.23679597675800323,-0.00939679704606533,-0.21528533101081848,0.31292980909347534,-0.0362970232963562,0.09388119727373123,-0.011622858233749866,-0.0071790083311498165,0.1676819771528244,0.004799012094736099,-0.613864541053772,-0.11575658619403839,-0.12336568534374237,-0.07261861860752106,0.21789860725402832,0.11353866010904312,-0.18711405992507935,-0.6210649609565735,-0.028247717767953873,0.19687554240226746,-0.0796874612569809,-0.044344909489154816,-0.07728261500597,0.3669779896736145,-0.3086678981781006,0.06197841838002205,-0.2207336127758026,-0.3198115825653076,-0.3481678068637848,0.043996501713991165,0.17321078479290009,-0.1646260917186737,0.18840493261814117,0.23040346801280975,0.11067672073841095,0.17018243670463562,-0.07977936416864395,0.11010925471782684,0.05037921667098999
CID005311027,526,-0.12447521835565567,-0.37403127551078796,-1.2090380191802979,0.17513999342918396,0.2748185992240906,0.04467882961034775,-0.22203068435192108,-1.58745539188385,-0.3467443585395813,0.32073497772216797,0.3535563051700592,-0.07128485292196274,0.08543499559164047,-0.19423572719097137,-0.396684855222702,-0.2451484203338623,0.26474761962890625,0.0283129271119833,-0.14792099595069885,0.21055765450000763,-0.28540247678756714,0.11384384334087372,0.2970878481864929,0.051288437098264694,-0.8819850087165833,-1.173069715499878,-0.738064706325531,-0.08549955487251282,-0.11849375814199448,-0.43863171339035034,0.8166732788085938,-0.2025926560163498,0.19814592599868774,0.5365732312202454,-0.23592455685138702,0.21731266379356384,1.1582167148590088,-0.5359271764755249,0.15576866269111633,0.16651149094104767,-0.3953689634799957,0.6574704051017761,-0.19899798929691315,0.21072784066200256,-0.010096175596117973,-0.3254189193248749,0.6914932131767273,0.2011796236038208,-0.6707775592803955,0.11615154892206192,-1.0103212594985962,0.5260497331619263,0.7168353199958801,-0.21994014084339142,0.4135109782218933,-0.16601599752902985,-0.006678327918052673,0.9569982290267944,-0.06538189947605133,0.19344550371170044,-0.26619985699653625,-0.6254070997238159,0.03769426792860031,1.6200199127197266,0.17751510441303253,0.46694326400756836,-0.32794058322906494,0.04488232731819153,-0.04829962179064751,0.2522127032279968,-1.275256872177124,-0.10127568244934082,-0.8480644226074219,0.559001088142395,-0.017538806423544884,0.42358270287513733,0.5983641743659973,0.22966137528419495,1.4488046169281006,-0.047745320945978165,-0.18114662170410156,-0.26526471972465515,0.005255782511085272,-0.32935401797294617,0.35052812099456787,0.20843584835529327,-0.2903483211994171,0.10907898098230362,-0.07359836995601654,-0.3512330651283264,-0.5562807321548462,-0.32158344984054565,-0.41970524191856384,0.1186337098479271,0.19949117302894592,-0.24985165894031525,0.08495675027370453,0.3480339050292969,-0.00754503021016717,-1.4246959686279297,-0.09928517043590546,-0.28662142157554626,0.3563600182533264,0.0044267429038882256,0.09326640516519547,-0.2920069098472595,0.7817104458808899,-0.12969383597373962,-0.4195655882358551,-0.1638799011707306,0.03192044049501419,0.20039090514183044,0.8262854814529419,-0.7865157127380371,0.02069283463060856,-0.27089303731918335,-0.02274545654654503,0.40217432379722595,0.03104153834283352,0.18792429566383362,-0.2782142758369446,-0.11829321086406708,-0.10379333794116974,-0.013312151655554771,-0.20057463645935059,0.06991615146398544,0.376706063747406,-0.08462630212306976,-0.0995662659406662,0.3705604374408722,-0.7397627234458923,0.049183376133441925,0.378548800945282,0.26045575737953186,0.01013814378529787,0.5813726782798767,0.1809021532535553,-0.34566158056259155,0.23797264695167542,0.1494736522436142,-0.3035433292388916,-0.3284756541252136,-0.22262045741081238,-0.21095570921897888,-0.013090521097183228,0.11371523141860962,-0.31185680627822876,-0.05231490731239319,0.10431258380413055,-0.1233808621764183,0.8591386079788208,-0.09133999794721603,-1.0221542119979858,-1.2801692485809326,0.5030444264411926,0.10884330421686172,0.023822272196412086,0.4626251757144928,-0.7576488256454468,0.01834886148571968,-0.18115557730197906,0.7061342597007751,-1.2149851322174072,0.2259387969970703,-0.5980347394943237,-0.387748658657074,-0.11030131578445435,-0.2278430461883545,1.0257556438446045,-0.4763718545436859,-0.1572112739086151,-0.025832176208496094,-0.11873427778482437,0.11140205711126328,-0.6645056009292603,0.15396080911159515,0.3592832684516907,-0.06302863359451294,0.31364279985427856,-0.2852548360824585,0.2835995554924011,-0.2857895791530609,-0.46543997526168823,1.1131998300552368,-0.022265881299972534,-0.6006855964660645,0.08659051358699799,0.40056508779525757,-0.20870475471019745,-0.638762354850769,-0.30072492361068726,1.208595633506775,-0.16198420524597168,-0.2840241491794586,0.26103219389915466,-0.0009300412493757904,-0.04561867564916611,-0.013690468855202198,0.1973886489868164,0.09118980169296265,0.5489776134490967,0.2033054530620575,-0.08222050964832306,0.3110790550708771,-0.21121592819690704,0.14587190747261047,0.004057007841765881,-0.16958729922771454,0.2766874432563782,-0.37741604447364807,-0.07441560924053192,-0.08144991099834442,0.32615649700164795,-0.07427121698856354,1.308093786239624,0.11588907241821289,-0.15701048076152802,0.4559241831302643,0.3103103041648865,0.4362882077693939,0.0010644852882251143,0.12819311022758484,0.3683489263057709,-0.07403028011322021,0.13957710564136505,0.2886918783187866,0.2630053162574768,-0.9423685073852539,-0.22906383872032166,-0.29958218336105347,-0.0731583833694458,0.33482396602630615,-0.2182573825120926,-0.2846706509590149,-1.2950420379638672,0.21850936114788055,-0.14515040814876556,0.11885786056518555,-0.18847565352916718,0.1056075468659401,0.3421056568622589,-0.1264389008283615,0.09529101103544235,-0.22226107120513916,-0.41153988242149353,-0.3428594470024109,-0.09838979691267014,0.23957815766334534,-0.04973047226667404,0.029075399041175842,0.03726731613278389,-0.14448094367980957,0.1262948215007782,-0.10781685262918472,0.42000922560691833,0.1471594125032425
CID000443871,527,0.13535508513450623,-0.22908060252666473,-0.6790434122085571,0.10396713018417358,0.42642107605934143,0.09223716706037521,-0.15124297142028809,-0.6714103817939758,-0.2343791425228119,-0.22902369499206543,0.07020094990730286,-0.050964899361133575,-0.24927711486816406,-0.09240693598985672,-0.13168586790561676,0.044451288878917694,0.4366768002510071,0.0741683840751648,-0.58195960521698,0.08611834049224854,-0.1396421492099762,-0.09340791404247284,0.6138879656791687,0.15784618258476257,-0.33539336919784546,-0.6009395718574524,-0.07805754989385605,-0.22364386916160583,0.350737988948822,0.07080729305744171,0.8864731788635254,0.05108099430799484,-0.10956011712551117,0.5093203186988831,-0.5516976118087769,-0.09301959723234177,0.6091403365135193,-0.18868663907051086,0.03331286832690239,0.052914995700120926,-0.7353166341781616,0.44811588525772095,-0.13790178298950195,0.11571793258190155,0.09518780559301376,-5.433112528407946e-05,0.6151532530784607,0.1642201840877533,-0.5272123217582703,0.15803474187850952,-0.6613162755966187,-0.04534585028886795,0.4495430886745453,-0.23615333437919617,0.31492140889167786,-0.45469313859939575,-0.047800205647945404,0.8939359784126282,0.10882940143346786,-0.29206371307373047,0.03392786160111427,-0.1233484148979187,0.028566434979438782,0.9471963047981262,0.1627950221300125,0.5623964071273804,0.03544894605875015,0.052325356751680374,-0.059920378029346466,-0.13552680611610413,-0.7780437469482422,0.11860731989145279,-0.8827600479125977,0.2567279040813446,0.159503772854805,0.405754417181015,0.2970638871192932,0.0309723112732172,0.7966462969779968,0.10260572284460068,0.14598412811756134,-0.25527459383010864,0.042365532368421555,-0.24832573533058167,0.38514766097068787,0.32054197788238525,-0.7141083478927612,0.05466943234205246,-0.13764919340610504,0.05452101677656174,-0.05624506622552872,0.2352399379014969,-0.31335532665252686,0.013830387964844704,-0.032573401927948,-0.23776960372924805,-0.1005493551492691,0.12775585055351257,-0.03799838945269585,-0.6894794702529907,-0.05085702985525131,0.038789134472608566,0.06739997118711472,-0.20271268486976624,0.24721558392047882,-0.21047453582286835,0.7303268909454346,0.3017840087413788,0.07202359288930893,0.03783337026834488,-0.05914818495512009,0.011999857611954212,0.667784571647644,-0.46068891882896423,0.2655002474784851,0.004681657068431377,-0.1920890212059021,0.20424199104309082,-0.19453328847885132,0.2858274281024933,-0.4682188034057617,-0.2299242913722992,-0.05437787249684334,-0.01601346768438816,0.03046504780650139,-0.10601510107517242,0.2117021381855011,-0.09264875948429108,-0.056810908019542694,0.2744019627571106,-0.6750574111938477,-0.3514239192008972,0.45374637842178345,0.39785781502723694,0.1746678650379181,0.9915687441825867,0.28555601835250854,0.05232452228665352,0.22064828872680664,0.034298770129680634,0.10668940842151642,-0.24620768427848816,0.15623652935028076,0.206569641828537,-0.013005614280700684,-0.08140365779399872,-0.4599064886569977,-0.03949357196688652,-0.050294071435928345,-0.19921939074993134,0.6080459356307983,-0.04200546443462372,-0.8065756559371948,-0.8238174319267273,0.8496080636978149,-0.3845275640487671,-0.03366195037961006,0.050435375422239304,-0.33461880683898926,-0.04999895393848419,-0.20217442512512207,0.09223654121160507,-0.9056683778762817,-0.18007278442382812,-0.48511582612991333,-0.14911207556724548,-0.13335847854614258,-0.15909051895141602,0.18494859337806702,-0.477250337600708,-0.42091432213783264,-0.25855642557144165,0.043092574924230576,-0.13839974999427795,-0.5655670166015625,-0.0088712302967906,0.44432133436203003,0.1258256882429123,0.5522774457931519,0.09605059772729874,0.42883801460266113,-0.13458038866519928,-0.3313589096069336,0.536408543586731,0.010354394093155861,-0.487152099609375,-0.15088717639446259,-0.38706618547439575,-0.09069881588220596,-0.096577949821949,-0.414681613445282,0.7161015272140503,-0.15975454449653625,-0.34964612126350403,-0.08325029164552689,-0.11996574699878693,0.06370566040277481,0.18175974488258362,0.3558964431285858,-0.017951250076293945,0.3692726492881775,0.09722231328487396,0.07580812275409698,0.04408665746450424,-0.40710726380348206,-0.3152502477169037,-0.22590553760528564,0.20634987950325012,-0.17310817539691925,-0.05821884796023369,-0.19528397917747498,-0.0785764530301094,-0.021112289279699326,-0.35208359360694885,0.4462147355079651,-0.015382230281829834,-0.0876736268401146,-0.29817843437194824,-0.2195586860179901,-0.13642972707748413,-0.0013783990871161222,-0.151694193482399,0.08171828091144562,-0.1202898621559143,-0.10487159341573715,0.05873183161020279,0.008296024985611439,-1.0746772289276123,-0.05650750920176506,-0.00378871220164001,-0.08711894601583481,0.4165906012058258,0.05644494295120239,-0.17570355534553528,-0.6869862079620361,0.23699626326560974,0.04633159562945366,0.027381449937820435,-0.09048376977443695,-0.033625394105911255,0.4685429036617279,-0.3598281741142273,-0.009593257680535316,-0.19993683695793152,-0.4486079216003418,-0.2954287528991699,0.19949303567409515,0.1158798560500145,-0.18142589926719666,0.39191386103630066,0.308382511138916,-0.021873317658901215,0.022367293015122414,-0.0908513218164444,0.36317282915115356,-0.1889866441488266
CID000000191,530,-0.10741807520389557,-0.32363003492355347,-0.4474441409111023,0.09362506866455078,0.09954723715782166,-0.11600397527217865,0.06551214307546616,-0.35421687364578247,0.17017897963523865,-0.3270658850669861,0.21370968222618103,-0.02324989065527916,-0.1305849254131317,-0.01529303751885891,-0.15532124042510986,-0.012678313069045544,0.37937119603157043,0.20426137745380402,-0.1339169144630432,0.07246722280979156,-0.45640984177589417,-0.21250316500663757,0.38849684596061707,0.05601508170366287,-1.6640796661376953,-0.9558871388435364,-1.3107084035873413,-0.05852464959025383,-0.454181969165802,-0.20479094982147217,1.2918369770050049,0.18675267696380615,0.22117671370506287,0.47993558645248413,-0.5920580625534058,-0.0759856104850769,1.2674847841262817,0.07478156685829163,-0.15727467834949493,-0.050263483077287674,0.05636531114578247,0.7913329005241394,-0.4531653821468353,-0.165339857339859,-0.2980293929576874,-0.042656607925891876,0.6932997107505798,0.168217271566391,-0.516594409942627,0.014717263169586658,-0.9868186712265015,0.12295456975698471,0.19680771231651306,0.015554438345134258,0.3088526129722595,-0.14483262598514557,0.027149012312293053,0.8999885320663452,0.6221662163734436,0.3172946572303772,0.11690539121627808,-0.34394779801368713,0.10933937132358551,0.4145713448524475,0.2616245150566101,0.32644742727279663,0.014678728766739368,-0.4467659592628479,-0.05660130828619003,0.195251002907753,-0.40541934967041016,-0.10561887174844742,-0.5569285750389099,0.4524690508842468,0.251779705286026,-0.06731680035591125,0.606381893157959,-0.047421157360076904,1.2060776948928833,-0.1138998419046402,-0.17039024829864502,-0.49373549222946167,0.031222376972436905,-0.11144181340932846,0.06863807886838913,0.2376294583082199,-0.17477552592754364,0.043953511863946915,0.05995917320251465,0.39889073371887207,-0.24560339748859406,-0.42329174280166626,-0.19103267788887024,-0.10760372877120972,-0.21907202899456024,0.011179906316101551,0.05978524684906006,0.06820735335350037,-0.14021682739257812,-1.7512588500976562,-0.03353877738118172,0.3977377414703369,0.19891613721847534,-0.26068708300590515,-0.05564100295305252,-0.04235587269067764,1.0143688917160034,0.1767856925725937,0.12419454008340836,0.011130472645163536,0.037417806684970856,-0.06311477720737457,0.15547391772270203,-0.8005181550979614,-0.11387492716312408,-0.49700942635536194,-0.5638190507888794,0.15756914019584656,0.1148470863699913,0.22958604991436005,-0.39283645153045654,-0.49320951104164124,-0.17537358403205872,0.06825999915599823,0.012885850854218006,-0.03893439099192619,0.1782103031873703,0.18720586597919464,0.058006905019283295,0.3333069682121277,-1.029450535774231,-0.1479433923959732,-0.004749888088554144,0.09971000254154205,0.035155460238456726,1.1381888389587402,-0.02856522798538208,-0.27749383449554443,0.11960999667644501,0.27204519510269165,0.15141591429710388,-0.11388589441776276,-0.04737885668873787,-0.08911313116550446,0.0495208241045475,-0.3363950550556183,-0.035640276968479156,0.30048510432243347,0.6149164438247681,-0.25915247201919556,0.4930417537689209,0.10228411853313446,-0.385753333568573,-0.954951286315918,0.30901339650154114,0.026193100959062576,0.3181079924106598,-0.01722344197332859,-0.5028008222579956,-0.01808164082467556,-0.25603052973747253,-0.056565068662166595,-0.8257652521133423,0.12614555656909943,-0.2948337197303772,-0.044994939118623734,0.15245884656906128,0.04221038892865181,1.3206335306167603,-0.25258198380470276,0.07719423621892929,-0.09007269144058228,-0.06081264466047287,0.04430944472551346,-0.5361491441726685,0.07607179135084152,0.3494910001754761,-0.20957696437835693,0.30187270045280457,0.504459023475647,0.547554075717926,-0.0038031667936593294,-0.4714108109474182,1.1779311895370483,0.14295276999473572,-0.4849016070365906,0.33429184556007385,0.0598464235663414,-0.26349571347236633,-0.28051668405532837,-0.27257290482521057,1.678635835647583,-0.17303219437599182,-0.15449301898479462,-0.06068514660000801,-0.1818501055240631,0.03416070714592934,-0.09691774100065231,1.7437725067138672,0.13796816766262054,0.5327655076980591,0.3114849925041199,0.31457531452178955,0.9003883600234985,-0.39752012491226196,-0.16104373335838318,-0.36119285225868225,-0.13290956616401672,0.33819055557250977,0.1779242902994156,0.0031395056284964085,0.041476309299468994,-0.07170259207487106,-0.07405047118663788,1.021376132965088,0.30357861518859863,0.0269499309360981,-0.20513494312763214,0.034496817737817764,0.46632498502731323,-0.008593273349106312,0.0753588080406189,-0.006854271981865168,-0.2137030065059662,-0.06755342334508896,0.16553600132465363,-0.1323542296886444,-0.5307162404060364,-0.12992224097251892,0.2812725007534027,-0.13914355635643005,0.3559333384037018,0.13987940549850464,0.10813076794147491,-0.6965228319168091,0.11897842586040497,0.24651376903057098,0.0020702420733869076,0.18298214673995972,0.1895637959241867,1.8381290435791016,-0.1610659509897232,-0.19274713099002838,-0.5906230211257935,0.014537805691361427,-0.5916495323181152,0.1323471963405609,-0.05368037894368172,-0.2946072220802307,0.5222881436347961,0.14549174904823303,0.17910829186439514,0.1698506474494934,0.20532794296741486,0.41884151101112366,0.08405325561761856
CID000005726,533,0.09596899896860123,-0.1835307478904724,-0.6186689138412476,0.1418873816728592,0.26092061400413513,0.046881359070539474,0.06539424508810043,-0.3808513283729553,-0.07448603212833405,0.20990398526191711,0.19883933663368225,0.13119134306907654,-0.035320986062288284,-0.24172934889793396,-0.05763736367225647,0.2135118991136551,-0.023620713502168655,0.08362191915512085,-0.2983129620552063,0.2203528881072998,-0.3824164867401123,0.10213077068328857,0.5523356199264526,0.16726376116275787,-1.1333491802215576,-0.8387341499328613,-0.46808990836143494,0.2867118716239929,-0.10351304709911346,-0.011171668767929077,0.6817389130592346,-0.05799271538853645,-0.1318403035402298,0.1473408341407776,-0.7253059148788452,0.255820095539093,0.7166101932525635,-0.17517626285552979,0.015234878286719322,0.0031373067758977413,-0.004869538359344006,0.3610426187515259,-0.3913361132144928,-0.07844694703817368,-0.03843659162521362,0.0003404259623493999,0.496979296207428,0.07486637681722641,-0.46569114923477173,-0.05323253199458122,-0.8283324241638184,0.00453192600980401,0.3689087927341461,-0.3716084957122803,0.26240381598472595,-0.06663493812084198,-0.1625312864780426,0.7937913537025452,0.2478450983762741,-0.06651457399129868,0.33442312479019165,-0.1475123018026352,0.3484111726284027,0.6525505781173706,0.3005906939506531,0.5506769418716431,-0.03163610026240349,0.08050359040498734,-0.02661910653114319,0.03216869384050369,-0.29582279920578003,0.2415478229522705,-0.4725162386894226,0.5730280876159668,0.005717317573726177,0.1564645618200302,0.399821937084198,0.5234315991401672,0.5167480111122131,0.07988610118627548,-0.045452624559402466,-0.43792954087257385,0.2713192105293274,-0.094964399933815,-0.3000979423522949,0.16091561317443848,-0.4261237680912018,-0.22922730445861816,0.27480825781822205,0.16177615523338318,-0.09700926393270493,-0.25509142875671387,-0.2055864781141281,0.10816441476345062,0.17444857954978943,0.21476081013679504,-0.02354731224477291,0.39361152052879333,-0.09226898103952408,-1.2851965427398682,-0.20211908221244812,-0.019705599173903465,0.14245715737342834,-0.000871294760145247,0.45281219482421875,-0.2626822292804718,0.6530379056930542,0.09440991282463074,0.04186372831463814,-0.16043558716773987,-0.016451481729745865,0.13622692227363586,0.08994527906179428,-0.7529754638671875,-0.026618679985404015,-0.24296143651008606,-0.4186428487300873,-0.03316129371523857,0.04369429126381874,-0.16610945761203766,-0.09942978620529175,-0.40203675627708435,-0.18280236423015594,0.008257115259766579,0.11142992973327637,-0.12150101363658905,0.16287803649902344,0.230777770280838,-0.16124607622623444,0.2864268124103546,-0.8582731485366821,-0.18590429425239563,0.3646814227104187,0.28100961446762085,-0.03528200834989548,1.178169846534729,0.056949347257614136,-0.3181191086769104,0.049249980598688126,-0.029051661491394043,-0.11962272226810455,-0.2865326702594757,0.3295899033546448,0.2288288176059723,0.014199584722518921,-0.20529644191265106,-0.38720768690109253,-0.029910843819379807,-0.019031578674912453,-0.01247754693031311,0.660821795463562,-0.09565846621990204,-0.35632961988449097,-0.775280237197876,0.6938713192939758,0.223825603723526,0.04195175692439079,-0.07209863513708115,-0.4372543394565582,-0.042310841381549835,-0.041330642998218536,0.40428104996681213,-0.7593033909797668,0.18184398114681244,-0.40623316168785095,-0.13380905985832214,-0.13825276494026184,-0.2264210730791092,0.8209425806999207,-0.4844253659248352,-0.10600469261407852,0.12632498145103455,-0.2542145550251007,-0.08586064726114273,-0.3377819061279297,0.07216748595237732,0.49690088629722595,0.1441390961408615,0.5338516235351562,0.3324988782405853,0.4465238153934479,-0.025190550833940506,-0.18561185896396637,0.9628291130065918,-0.2575835585594177,-0.7496093511581421,0.006262874696403742,-0.1186312884092331,-0.23313073813915253,-0.25167807936668396,-0.09627074003219604,0.9615105390548706,-0.18576680123806,-0.33882957696914673,0.033526431769132614,0.05836760252714157,-0.07228077203035355,0.0015756860375404358,1.7135604619979858,-0.33164820075035095,0.36242181062698364,0.30340081453323364,-0.07211043685674667,0.6770538091659546,-0.5438005328178406,-0.24115368723869324,-0.4558951258659363,-0.02737906016409397,-0.1300581395626068,0.08337190002202988,0.055262643843889236,-0.04865793138742447,-0.3091362416744232,-0.05209214612841606,0.5583130121231079,0.009979681111872196,0.3223239481449127,-0.3079664409160614,-0.019395697861909866,0.2831510305404663,-0.07166658341884613,-0.053088027983903885,0.35964256525039673,-0.3820936381816864,0.06242021173238754,0.30825766921043396,-0.12335209548473358,-0.5829263925552368,-0.10232765972614288,-0.09301591664552689,0.04976998269557953,0.13487094640731812,0.3428337275981903,-0.08138728141784668,-0.6568069458007812,0.0814850702881813,0.10308901965618134,-0.050526879727840424,0.06468755006790161,-0.19170768558979034,0.9818910360336304,-0.1785486340522766,0.12161967903375626,-0.10033619403839111,-0.18947182595729828,-0.3945102095603943,-0.11400576680898666,-0.11906424909830093,-0.09265639632940292,0.3874584436416626,0.02478816546499729,-0.060721397399902344,-0.05495171993970871,0.08175031840801239,0.13317632675170898,-0.10322965681552887
CID000060754,534,0.20823721587657928,-0.22731971740722656,-0.5960112810134888,0.04632726311683655,0.47730153799057007,0.05366086959838867,-0.09062949568033218,-0.9230033159255981,-0.3640868067741394,0.06597632169723511,0.3803989291191101,0.20441722869873047,-0.08909249305725098,-0.28882527351379395,0.19851793348789215,-0.15550626814365387,0.10981033742427826,-0.05240936204791069,-0.3253881335258484,0.03539188578724861,0.11015699058771133,0.25695401430130005,0.3237535059452057,0.12783534824848175,-0.6886295080184937,-0.5259177684783936,-0.4674619138240814,-0.30806905031204224,0.049670010805130005,-0.4774368405342102,0.73223477602005,-0.15803703665733337,-0.2460961788892746,0.053533442318439484,-0.3178383409976959,0.22157081961631775,0.49299389123916626,-0.04347541183233261,0.17840948700904846,0.1706894189119339,-0.10859987884759903,0.305471807718277,-0.3756408393383026,-0.33386585116386414,-0.2146587371826172,-0.2411949634552002,0.7908724546432495,-0.32357487082481384,-0.22664928436279297,0.24951760470867157,-1.0618278980255127,0.609557032585144,0.416208416223526,0.049972519278526306,-0.01719033159315586,-0.4176187515258789,-0.07268422096967697,0.9284745454788208,0.27029186487197876,-0.04400939494371414,-0.18923638761043549,-0.1618470847606659,-0.21961136162281036,0.6958841681480408,0.09385804831981659,0.5030909776687622,-0.2275841236114502,-0.14146773517131805,-0.1767575889825821,-0.10027458518743515,-0.6332922577857971,0.17764849960803986,-0.4657538831233978,0.34088334441185,-0.08186817914247513,0.24867801368236542,0.6834977269172668,0.08003982156515121,0.7589576840400696,0.26290687918663025,-0.20414403080940247,-0.5268228054046631,-0.2562500238418579,-0.046210262924432755,-0.06832290440797806,0.3730526864528656,-0.09222465753555298,-0.23973819613456726,0.20524778962135315,0.00553474435582757,0.15619513392448425,-0.1911306530237198,-0.11318584531545639,-0.10850371420383453,-0.2135123908519745,-0.15177197754383087,0.053409598767757416,0.3138524889945984,0.09034328162670135,-0.7028493285179138,-0.21776242554187775,-0.04178759828209877,0.13992524147033691,-0.17745475471019745,0.2161596715450287,-0.33041030168533325,0.7005664110183716,-0.13572219014167786,-0.016405725851655006,-0.10211584717035294,0.07119480520486832,-0.1767173856496811,0.6537690162658691,-0.7628198862075806,0.09132438898086548,0.08036426454782486,-0.31896862387657166,-0.1993582546710968,0.0414690300822258,0.03754503279924393,-0.4624256491661072,-0.3980864882469177,-0.0023753612767904997,-0.09758786857128143,-0.250100314617157,0.21217569708824158,0.38187000155448914,-0.20741836726665497,-0.07189635932445526,0.11834122240543365,-0.7708396315574646,-0.045995377004146576,0.3392437696456909,0.3155449330806732,0.07975980639457703,0.7862408757209778,0.20283861458301544,-0.26351767778396606,0.27896326780319214,-0.1846693456172943,-0.046598948538303375,-0.09534630924463272,0.3260347247123718,-0.10611885786056519,0.2201094925403595,0.2957773506641388,-0.3199923634529114,0.40720367431640625,-0.36383891105651855,-0.08336786925792694,0.6806585192680359,-0.023724079132080078,-0.5280155539512634,-0.7650724053382874,0.6397237181663513,-0.3385322690010071,-0.050487857311964035,0.35474568605422974,-0.7763409614562988,0.03993917256593704,0.08545069396495819,-0.0547613725066185,-0.8963724374771118,0.25940069556236267,-0.4155701994895935,-0.15009954571723938,0.03230258449912071,0.08467172086238861,0.9546399116516113,-0.6375616788864136,-0.1353016197681427,-0.06627105176448822,-0.07105795294046402,0.17423653602600098,-0.9088179469108582,-0.23870806396007538,0.9068640470504761,-0.17234240472316742,0.3099290728569031,0.032064039260149,0.3944554924964905,-0.3774665296077728,-0.017968952655792236,0.681196928024292,-0.02233484946191311,-0.4662911295890808,0.2416888028383255,-0.05327968671917915,-0.21024373173713684,-0.25944316387176514,-0.3204731345176697,0.9488147497177124,0.02198769338428974,-0.19219140708446503,0.24115777015686035,-0.14267966151237488,-0.029155397787690163,0.2427349090576172,0.5833846926689148,-0.1332559883594513,0.6653509140014648,-0.054627735167741776,-0.2753467857837677,0.1372852325439453,-0.3757114112377167,-0.054811619222164154,-0.25208762288093567,0.14691488444805145,-0.01627051830291748,0.2184428721666336,0.08492958545684814,0.013321894221007824,-0.2736136317253113,-0.23881582915782928,0.9561443328857422,0.360036700963974,0.24378128349781036,-0.07603000104427338,-0.26060062646865845,0.10261521488428116,0.21074128150939941,-0.07652954012155533,-0.10262032598257065,0.14796236157417297,-0.11849995702505112,0.15106064081192017,0.07657944411039352,-0.9035208821296692,-0.17805002629756927,-0.006261748261749744,-0.08706585317850113,0.11188951879739761,0.26991885900497437,-0.36484086513519287,-0.7938787341117859,0.1625971794128418,-0.05169636011123657,-0.010268831625580788,0.008650107309222221,0.0893564373254776,0.80381840467453,-0.30551642179489136,-0.1470978558063507,-0.22210654616355896,-0.07666170597076416,-0.570808470249176,0.06718068569898605,0.05764440447092056,-0.4335821568965912,0.3323827385902405,0.2498580664396286,-0.05501186102628708,0.35504698753356934,-0.4226970672607422,0.0451190359890461,0.20234334468841553
CID000064147,535,-0.0969594269990921,-0.26120811700820923,-0.3431832492351532,-0.1186242327094078,0.3882019519805908,-0.02562769688665867,-0.049944888800382614,-0.10221175849437714,-0.1848146766424179,0.09856940060853958,0.31139832735061646,-0.09943698346614838,0.025288259610533714,0.0033511281944811344,0.05278454348444939,0.24631643295288086,0.22211217880249023,0.2413105070590973,-0.4937174916267395,0.21120229363441467,-0.2435852289199829,0.17415454983711243,0.386438250541687,0.10303554683923721,-0.7281666994094849,-0.7378166913986206,-1.0267345905303955,-0.16938212513923645,-0.004933744668960571,0.20810556411743164,0.8178824186325073,0.27990230917930603,-0.10078463703393936,0.3507094979286194,-0.632886528968811,0.10458715260028839,0.31235581636428833,-0.17465057969093323,0.11359284818172455,0.03989217430353165,0.03837548941373825,0.37666264176368713,-0.3466557264328003,-0.2724132537841797,0.037318166345357895,-0.10375992953777313,0.7194424867630005,-0.006001026835292578,-0.5506095886230469,-0.0642608255147934,-0.6868814826011658,0.16155728697776794,0.36972570419311523,-0.23064330220222473,0.16071467101573944,-0.09876976907253265,-0.1952814757823944,0.3340908885002136,0.6161597967147827,0.1657179296016693,-0.010263425298035145,-0.40252846479415894,0.07123038917779922,0.6861813068389893,0.10006797313690186,0.3421310782432556,-0.2231064736843109,-0.03060321882367134,-0.14984457194805145,-0.08115576952695847,-0.2881242036819458,0.07199625670909882,-0.5042521953582764,0.5852806568145752,0.0849892795085907,0.2852404713630676,0.6029587984085083,0.3603631258010864,0.5595058798789978,-0.07376302778720856,0.10310640186071396,-0.3063533902168274,0.05688916891813278,0.033169157803058624,0.1619168370962143,0.23564879596233368,-0.08639631420373917,-0.28800439834594727,-0.003449073527008295,-0.10858754068613052,-0.1214301809668541,0.04982209950685501,0.05084646865725517,-0.04748404771089554,0.22172176837921143,-0.19786123931407928,-0.22934529185295105,0.22528016567230225,-0.0888439267873764,-1.1275562047958374,-0.11103571951389313,-0.09504624456167221,0.1212746649980545,0.013651097193360329,0.2653035819530487,-0.020130455493927002,0.8380427360534668,0.025541838258504868,0.12699905037879944,0.11466878652572632,0.10098924487829208,-0.027681970968842506,0.14896059036254883,-0.6601443290710449,-0.010585608892142773,-0.48715123534202576,-0.36770015954971313,0.4065118432044983,0.051846761256456375,0.18423067033290863,-0.060679592192173004,-0.3464406132698059,0.03589734435081482,-0.06912558525800705,-0.09159087389707565,-0.20926380157470703,0.33131641149520874,0.0848153680562973,0.023897971957921982,0.12585541605949402,-1.0554882287979126,0.0193278007209301,0.42603033781051636,0.009252553805708885,-0.023728959262371063,1.30258047580719,-0.05904044583439827,-0.21073880791664124,0.2652025520801544,0.036254845559597015,-0.2115461528301239,-0.25811415910720825,0.12402522563934326,0.3273918032646179,-0.002184748649597168,-0.15255630016326904,-0.6128262281417847,0.04817313700914383,0.08435630798339844,0.11110769212245941,0.5553169846534729,0.1269322782754898,-0.3749387860298157,-0.5770555138587952,0.1286637783050537,-0.014374141581356525,0.09183695167303085,-0.10009273141622543,-0.4121570587158203,-0.21012386679649353,0.008230328559875488,0.10167475044727325,-0.6982499957084656,0.0341307632625103,-0.4404372572898865,-0.031563304364681244,-0.03928396850824356,-0.08962246030569077,0.9723516702651978,-0.6844874620437622,-0.007032191846519709,0.055261097848415375,-0.1757906973361969,0.10287769138813019,-0.7037514448165894,0.06747937202453613,0.3085606098175049,0.21226496994495392,0.5390958189964294,0.057498909533023834,0.6916319131851196,-0.19633689522743225,-0.17509746551513672,0.8223615884780884,-0.11719143390655518,-0.8969463109970093,0.3807508051395416,-0.08082634210586548,-0.23529914021492004,-0.27755069732666016,-0.321229487657547,0.8938403129577637,0.01846443861722946,-0.34215372800827026,0.08499544858932495,0.07654821872711182,0.03723542019724846,0.027460509911179543,1.1073507070541382,-0.11013933271169662,0.22228649258613586,0.40555015206336975,0.13195279240608215,0.44612637162208557,-0.48152071237564087,0.042461149394512177,-0.34264498949050903,-0.17604760825634003,-0.25050848722457886,-0.018755951896309853,0.21801996231079102,-0.10743622481822968,0.21007582545280457,-0.25647538900375366,0.9891301989555359,0.3089469075202942,0.013089889660477638,-0.1060657873749733,0.014576544985175133,-0.06727270781993866,0.23984375596046448,0.040929459035396576,0.06475301086902618,-0.04321291670203209,-0.15672652423381805,0.1570691168308258,0.00883975625038147,-0.4882073402404785,-0.18204471468925476,-0.06141052395105362,-0.03397870063781738,-0.07281254976987839,0.10699228942394257,-0.10179898887872696,-0.438197523355484,0.03784630820155144,0.09910941869020462,-0.05068669840693474,-0.2122761309146881,0.20654454827308655,0.9030420184135437,-0.3875601887702942,-0.12555477023124695,-0.37246301770210266,-0.11310362815856934,-0.1354515254497528,-0.0697515681385994,0.07499898970127106,0.07881094515323639,0.34751084446907043,0.23293058574199677,0.18088467419147491,0.03029770776629448,0.09900499880313873,0.3348195254802704,-0.05485737323760986
CID000216239,536,0.04245572164654732,-0.2519524395465851,-0.436577171087265,-0.005426198244094849,0.31582111120224,-0.1915523111820221,-0.05955691263079643,-0.3269484341144562,-0.2368278056383133,0.09252559393644333,0.3094720244407654,-0.016116274520754814,-0.06432757526636124,-0.025621717795729637,-0.01922461949288845,0.2989533841609955,0.3103618621826172,0.04184763878583908,-0.19232288002967834,0.18390309810638428,-0.18004271388053894,-0.03850967809557915,0.5471519827842712,-0.012438774108886719,-0.3087369501590729,-0.6587468385696411,-0.39019250869750977,-0.07431504130363464,0.14774015545845032,0.1455661505460739,0.4359046518802643,0.10005780309438705,-0.10690399259328842,0.34962671995162964,-0.2339627742767334,0.08072631061077118,0.731866180896759,-0.1401989609003067,0.02295834571123123,0.06356535851955414,-0.14487139880657196,0.42361849546432495,-0.43324121832847595,0.044324666261672974,-0.035054221749305725,0.1927281618118286,0.5880029797554016,-0.05035215616226196,-0.5837342739105225,-0.06391789019107819,-0.3524906635284424,0.24969518184661865,0.31044119596481323,-0.17798103392124176,0.057620465755462646,-0.34585481882095337,-0.2512112259864807,0.518182635307312,-0.06899134814739227,-0.12405210733413696,0.1269875317811966,-0.22624394297599792,0.04678903520107269,0.6767727136611938,0.13048811256885529,0.1278790384531021,-0.21135100722312927,-0.06689273566007614,0.008786049671471119,0.103086456656456,-0.7153754830360413,0.10649403184652328,-0.47227054834365845,0.48747748136520386,-0.10616610199213028,0.27653226256370544,0.3948573172092438,0.3193652927875519,0.4254923462867737,-0.056493889540433884,-0.04411840811371803,-0.1469169557094574,0.01551792025566101,-0.07490348815917969,0.2166471928358078,0.36162978410720825,-0.09401674568653107,-0.10083657503128052,-0.13737836480140686,0.08217211812734604,-0.12303092330694199,-0.030217736959457397,-0.03318081051111221,0.10152798891067505,0.16523583233356476,-0.1257290542125702,-0.23963110148906708,0.23476386070251465,0.031661149114370346,-0.5096254944801331,-0.06949308514595032,-0.14638249576091766,0.1528831422328949,-0.043430596590042114,0.20280086994171143,-0.10490522533655167,0.7286434769630432,0.12671713531017303,0.20212964713573456,-0.11906943470239639,-0.09698693454265594,0.1049816831946373,0.24043142795562744,-0.05134081095457077,0.19010642170906067,-0.28196579217910767,-0.276442289352417,0.07954348623752594,-0.1442074477672577,-0.02472297102212906,-0.09160052239894867,-0.35148173570632935,-0.020802071318030357,0.1420334130525589,-0.1257946789264679,0.17059534788131714,0.1401127278804779,0.0854003056883812,-0.22102613747119904,0.2324816733598709,-0.6202495694160461,-0.1527717411518097,0.39074379205703735,0.11208222806453705,0.07612500339746475,0.6491111516952515,0.17804758250713348,-0.16639065742492676,0.1726771891117096,-0.057166196405887604,-0.19911672174930573,-0.17955417931079865,0.11682526022195816,0.33268219232559204,0.18359574675559998,-0.08832986652851105,-0.3406505584716797,-0.09031334519386292,0.03845791146159172,-0.045774877071380615,0.17114828526973724,-0.07246648520231247,-0.537705659866333,-0.5535134673118591,0.38625314831733704,-0.22775819897651672,0.18709224462509155,-0.18212147057056427,-0.3378995358943939,-0.05183257535099983,-0.12760792672634125,-0.03395520895719528,-0.6971601247787476,-0.011201778426766396,-0.412156879901886,-0.03378786891698837,-0.03778805583715439,-0.1192423477768898,0.5133964419364929,-0.5445387363433838,-0.07736100256443024,-0.1879754662513733,-0.059035420417785645,-0.16595090925693512,-0.47355785965919495,-0.08056323230266571,0.31740421056747437,0.21311211585998535,0.5341287851333618,-0.1255902200937271,0.7303965091705322,-0.2600153684616089,-0.028184717521071434,0.1767376959323883,-0.10778798162937164,-0.453291118144989,-0.08301202952861786,-0.2902933955192566,0.09916134178638458,-0.06939864158630371,-0.3649490773677826,0.8159871101379395,-0.07968249917030334,-0.45027437806129456,0.08862915635108948,-0.08490979671478271,-0.11543980985879898,0.12581183016300201,0.2787092924118042,-0.07136715948581696,0.32988184690475464,0.46631187200546265,-0.1337197721004486,0.08876361697912216,-0.4841788411140442,-0.41716670989990234,-0.17697075009346008,0.02399475686252117,-0.06675601005554199,-0.17980891466140747,0.12658295035362244,0.032518450170755386,0.11602608859539032,-0.22162246704101562,0.7741907835006714,-0.03432682901620865,-0.1344091147184372,-0.2500843107700348,0.03709429129958153,0.1882895529270172,0.29798728227615356,0.052860647439956665,0.2507416307926178,-0.11352600157260895,0.056546617299318314,0.1008574515581131,0.0972641110420227,-0.6581480503082275,-0.31194859743118286,-0.06191826984286308,-0.09481772035360336,0.15488897264003754,0.15244264900684357,-0.3077211380004883,-0.4669235646724701,0.35086289048194885,0.08033514022827148,-0.2400006502866745,-0.0023158672265708447,-0.1726231426000595,0.30782681703567505,-0.38596123456954956,-0.008053508587181568,-0.22553133964538574,-0.014523300342261791,-0.24586185812950134,0.0024808701127767563,0.008454916067421436,0.007790460251271725,0.3180200159549713,0.03435325622558594,0.11850903928279877,0.2271653115749359,-0.15764722228050232,0.06865453720092773,0.01153233926743269
CID000005412,539,0.14875631034374237,-0.4088870882987976,-0.7413410544395447,0.0032072991598397493,0.18920393288135529,-0.23905472457408905,0.11657216399908066,-0.8248769044876099,-0.11341886222362518,-0.6936506032943726,0.677324652671814,-0.20534424483776093,-0.18362729251384735,-0.07074753940105438,-0.40284714102745056,0.5661332011222839,0.026701312512159348,0.25992366671562195,-0.4275590777397156,-0.4242251515388489,-0.48418259620666504,0.039179734885692596,0.3129920959472656,0.10535402595996857,-1.5349454879760742,-1.6393091678619385,-0.5239057540893555,-0.09208275377750397,0.12790928781032562,-0.03811085969209671,1.592362642288208,-0.07146193087100983,0.21924340724945068,0.2822047472000122,-0.1402801126241684,-0.0170879103243351,0.14853467047214508,-0.13606321811676025,-0.015911048278212547,-0.16309413313865662,-0.26031070947647095,0.16834378242492676,-0.031848207116127014,-0.22303397953510284,-0.4092830717563629,-0.25951486825942993,0.9955728650093079,-0.29387515783309937,-0.9471190571784973,0.0366491861641407,-1.0005356073379517,-0.14516447484493256,0.5758482813835144,-0.14624693989753723,0.08278154581785202,-0.5515762567520142,0.32298940420150757,1.235585331916809,-0.27899762988090515,0.15938401222229004,-0.09707799553871155,-0.0671277642250061,-0.07140366733074188,0.7774104475975037,0.2386331558227539,0.5971220135688782,0.1581694334745407,-0.19168531894683838,-0.0759209543466568,0.1377321481704712,-0.5789216756820679,0.036639504134655,-0.8367002606391907,0.24236376583576202,0.1836138665676117,0.1422635167837143,0.3194049000740051,0.34863731265068054,0.8594280481338501,-0.09457343816757202,-0.003577952040359378,-0.577462911605835,0.07567153871059418,0.21308466792106628,0.2692316770553589,0.0724799633026123,-0.33534762263298035,-0.19971002638339996,-0.2932761311531067,0.3064233660697937,-0.3442695736885071,-0.5221701264381409,-0.5921944379806519,-0.03630312159657478,-0.029878994449973106,0.04604753106832504,-0.13069744408130646,0.00772943114861846,-0.03228529542684555,-1.3554779291152954,-0.0899602621793747,0.15897803008556366,-0.14712029695510864,-0.24037189781665802,0.020802609622478485,-0.044018786400556564,1.5198156833648682,-0.24420586228370667,-0.27148303389549255,-0.06265319883823395,0.081480011343956,0.21327650547027588,0.19926448166370392,-0.6742599606513977,-0.16896952688694,-0.44527560472488403,-0.6859027147293091,0.13863691687583923,0.12427983433008194,0.504399836063385,-0.38171544671058655,-0.07049199938774109,-0.08961224555969238,-0.22592265903949738,0.10862736403942108,0.09066782891750336,0.1190640926361084,0.07536576688289642,-0.18601372838020325,0.33376824855804443,-0.775884211063385,0.10736843198537827,0.017265742644667625,0.03892970830202103,-0.09841226041316986,0.7024893164634705,-0.09318799525499344,0.1551206409931183,0.47465673089027405,0.06872330605983734,-0.08949311822652817,-0.005301481578499079,-0.042037662118673325,0.29102304577827454,-0.09273431450128555,-0.25389739871025085,-0.3489990830421448,0.6893867254257202,0.3984924554824829,-0.06062574312090874,0.5877151489257812,0.002573722507804632,-0.5170660018920898,-0.9408698081970215,0.816820502281189,0.10620584338903427,-0.09583275765180588,0.110973060131073,-0.5953821539878845,0.18003526329994202,-0.3118794560432434,-0.16576941311359406,-1.1955177783966064,-0.13003642857074738,-0.522133469581604,-0.038748640567064285,0.15408410131931305,0.0662885308265686,0.8147259950637817,-0.5998340845108032,-0.3358669877052307,0.003963887691497803,0.015620720572769642,0.1839151531457901,-0.7261045575141907,-0.42412668466567993,0.33380448818206787,-0.2034924328327179,0.3630143105983734,0.603615403175354,0.12875613570213318,0.04296520724892616,-0.05117063596844673,0.6695014238357544,0.29549306631088257,-0.2444266825914383,-0.41315212845802307,-0.011173373088240623,-0.28848975896835327,-0.0665816143155098,-0.5076342225074768,1.46720290184021,-0.23539666831493378,-0.20801028609275818,-0.21610455214977264,-0.22974281013011932,-0.2432870864868164,0.06729404628276825,1.192147970199585,0.0002902567503042519,0.5388742685317993,-0.017468571662902832,0.3465780019760132,0.9817506074905396,-0.6750966310501099,0.2670639157295227,-0.5832158327102661,0.07628293335437775,-0.0148604866117239,-0.043709103018045425,0.042224980890750885,0.1393883228302002,-0.20677652955055237,0.002379465149715543,0.9703459739685059,0.6254805326461792,-0.554116427898407,-0.005505418870598078,-0.04248693957924843,0.3387033939361572,0.11409084498882294,0.22740156948566437,0.08385667204856873,-0.3004128634929657,0.029986172914505005,0.1703999787569046,0.03860427066683769,-0.9600399136543274,0.05819874256849289,0.10569427907466888,0.342418372631073,0.16674630343914032,0.30677419900894165,-0.16150696575641632,-0.618841290473938,-0.00392570486292243,0.003578165080398321,-0.01234709657728672,-0.1562146246433258,-0.28711169958114624,1.9250720739364624,-0.31761613488197327,0.15241414308547974,-0.4975850582122803,-0.0949883833527565,-0.6950117349624634,-0.12407517433166504,0.15614759922027588,-0.23441366851329803,0.2956579327583313,0.09498615562915802,-0.1478637158870697,0.18138934671878815,0.049901705235242844,0.44053950905799866,0.09952513873577118
CID000074989,542,-0.11440958082675934,-0.40804237127304077,-0.6815395355224609,0.0667472779750824,0.447302907705307,-0.11544787883758545,0.16805368661880493,-0.5617400407791138,-0.2220630943775177,-0.224357008934021,0.47794443368911743,-0.09592941403388977,-0.07733830064535141,-0.057833172380924225,-0.3387288749217987,0.38180702924728394,-0.07774941623210907,0.32737359404563904,-0.5398337841033936,-0.2697751522064209,-0.2752813398838043,0.11715739965438843,0.47678565979003906,0.27810823917388916,-0.8954604268074036,-1.3543760776519775,-0.38655999302864075,-0.2455708235502243,0.13199645280838013,0.012608855962753296,1.4691400527954102,-0.1150146946310997,-0.006229886319488287,0.434183269739151,-0.32782068848609924,0.16457898914813995,0.13638924062252045,-0.2479247748851776,0.15877807140350342,-0.14427147805690765,-0.5017863512039185,0.06569019705057144,-0.2900249660015106,0.047836221754550934,-0.08191703259944916,-0.2318141907453537,0.4638088345527649,-0.1672252118587494,-0.8745744824409485,-0.007121627684682608,-0.5356370210647583,-0.00034465192584320903,0.6640763282775879,-0.19918325543403625,0.3589783310890198,-0.6881073713302612,0.14185857772827148,0.8352311849594116,-0.1817774623632431,0.12828631699085236,0.18549510836601257,-0.2508777976036072,0.12687325477600098,1.0802793502807617,0.16708901524543762,0.44850125908851624,-0.19736899435520172,-0.11435282230377197,-0.15112413465976715,0.0036846757866442204,-0.5999757051467896,0.20613305270671844,-0.9185256958007812,0.2536547780036926,0.17480456829071045,0.2655380368232727,0.43548059463500977,0.3905097246170044,0.5862374305725098,-0.4674534201622009,0.05502184107899666,-0.3566804528236389,-0.04260136932134628,0.28305965662002563,0.29807430505752563,0.3436139225959778,0.03333408385515213,-0.3209907114505768,-0.2917018234729767,-0.06973092257976532,-0.16027243435382843,-0.30910006165504456,-0.43298426270484924,0.13237285614013672,0.03118782676756382,-0.2631359398365021,-0.09983604401350021,0.11590828746557236,-0.02251068875193596,-0.4789055287837982,-0.034063659608364105,0.11542268842458725,0.019833754748106003,-0.12999792397022247,0.28066152334213257,-0.26832807064056396,1.412351369857788,-0.16769132018089294,-0.08710800111293793,-0.16303053498268127,-0.09219187498092651,0.36265596747398376,0.2292017936706543,-0.3753544092178345,-0.11014263331890106,-0.3767731189727783,-0.7020879983901978,0.16857627034187317,-0.07509304583072662,0.36756056547164917,-0.5083426237106323,-0.03594989702105522,0.08772165328264236,-0.13452275097370148,0.2239193469285965,0.17831401526927948,0.33257734775543213,0.06631087511777878,-0.12157747894525528,0.4932064414024353,-0.7771782875061035,-0.009125989861786366,0.30674439668655396,0.1627001315355301,-0.3062085509300232,0.9520860910415649,0.020731059834361076,0.052796222269535065,0.3389337658882141,0.1122930645942688,-0.10117033869028091,-0.06563566625118256,-0.21952220797538757,0.32611119747161865,0.13222405314445496,-0.293337345123291,-0.4779600203037262,0.34465134143829346,0.2034200131893158,-0.09976581484079361,0.4310583472251892,0.2399836778640747,-0.6103905439376831,-0.746371865272522,0.7941694855690002,-0.27833816409111023,-0.13077911734580994,0.09125857800245285,-0.3896421790122986,0.0028590604197233915,-0.19931215047836304,0.057719867676496506,-0.7174161076545715,-0.08668668568134308,-0.4907815456390381,-0.10716935247182846,-0.02603132463991642,-0.08413617312908173,0.3131674826145172,-0.6284841895103455,-0.18123562633991241,-0.2485806941986084,0.07839085161685944,0.05743622034788132,-0.7663462162017822,-0.22664956748485565,0.31280750036239624,-0.0901261419057846,0.47378140687942505,0.16066047549247742,0.6659164428710938,-0.10645343363285065,-0.27692896127700806,0.25825631618499756,0.2019943743944168,-0.4462394118309021,-0.15426455438137054,-0.13522648811340332,-0.21024711430072784,0.011229874566197395,-0.24881258606910706,0.9117002487182617,-0.1668720543384552,-0.49447575211524963,0.045931585133075714,-0.10155379772186279,0.019555186852812767,0.17721658945083618,0.3935975134372711,-0.06077376753091812,0.09699530899524689,0.07526210695505142,0.11048688739538193,0.3649350106716156,-0.7763410806655884,-0.24948441982269287,-0.32194989919662476,-0.20349466800689697,-0.20592446625232697,-0.14925624430179596,0.020796943455934525,0.1823805570602417,0.03274139389395714,-0.1804516762495041,1.0577723979949951,0.6679893732070923,-0.29990237951278687,0.09789784997701645,-0.05343778058886528,0.3643428385257721,0.33907994627952576,0.14573368430137634,0.28784462809562683,-0.03169473260641098,0.1440247744321823,0.08642297983169556,0.06030232459306717,-1.3488547801971436,-0.006297308020293713,0.03245147317647934,0.1420852243900299,0.1862841546535492,0.2755158543586731,-0.3166944682598114,-0.5142806768417358,0.03845851123332977,0.006783175282180309,-0.17000404000282288,0.03226182237267494,-0.38563114404678345,1.1272428035736084,-0.47995129227638245,0.18038389086723328,-0.30295878648757935,-0.04835929721593857,-0.46048545837402344,-7.40110845072195e-05,0.3695729970932007,-0.20596125721931458,0.14453616738319397,0.12224768102169037,-0.1484452486038208,-0.07433802634477615,-0.04226993769407272,0.3101239800453186,0.10358500480651855
CID000004917,543,-0.03346417099237442,-0.2080799639225006,-0.3719936013221741,0.31260988116264343,0.34759703278541565,-0.25716686248779297,-0.12485142797231674,-0.2880697250366211,-0.15845166146755219,0.17755663394927979,0.1381586790084839,0.08179251104593277,-0.028756480664014816,-0.08614002168178558,-0.02729845978319645,0.14126071333885193,0.24668088555335999,0.016866495832800865,-0.4445568919181824,0.2504482865333557,-0.13352259993553162,-0.029445087537169456,0.7378560900688171,0.026913687586784363,-0.2326764166355133,-0.4347919821739197,0.17562468349933624,-0.2179325371980667,0.25739455223083496,-0.21906785666942596,0.5876426696777344,0.05432552844285965,-0.03194832801818848,0.3450249135494232,-0.5770729780197144,0.1562969982624054,0.42038726806640625,-0.11074793338775635,0.09298698604106903,0.17015382647514343,-0.4013923704624176,0.4628113806247711,-0.35249587893486023,-0.04148072376847267,0.029430413618683815,0.09488192945718765,0.45397359132766724,-0.18779917061328888,-0.5307832956314087,0.05884212255477905,-0.3000844120979309,0.05302134156227112,0.45047664642333984,-0.21529212594032288,0.20307938754558563,-0.2949715852737427,-0.16247805953025818,0.680539608001709,0.254628986120224,-0.13408799469470978,0.11713137477636337,-0.19074447453022003,0.02647939883172512,0.8811256289482117,-0.027443567290902138,0.4827958643436432,-0.163189098238945,0.08214389532804489,-0.0009866661857813597,0.042018353939056396,-0.735439658164978,0.11626078933477402,-0.8136876225471497,0.4701540470123291,-0.08160551637411118,0.5898999571800232,0.44629159569740295,0.2617477774620056,0.38766148686408997,0.017937973141670227,-0.054554425179958344,-0.23514819145202637,-0.06798692792654037,-0.0071594626642763615,-0.06856448948383331,0.34919798374176025,-0.9750173687934875,-0.17514511942863464,-0.03633435443043709,0.04114089161157608,-0.08547191321849823,0.0405416414141655,-0.3736671209335327,-0.11030356585979462,0.2736082673072815,-0.03998952358961105,-0.1647007167339325,0.142185240983963,-0.07056021690368652,-0.30525660514831543,0.0023955837823450565,-0.2801089882850647,0.14418169856071472,-0.05986888334155083,0.19240108132362366,-0.20002296566963196,0.573166012763977,0.05685232952237129,0.22054322063922882,-0.15080302953720093,-0.052183590829372406,-0.045596878975629807,0.13074110448360443,-0.07816614955663681,0.012561671435832977,-0.23186206817626953,-0.24632684886455536,-0.02256152406334877,-0.14515042304992676,0.25385335087776184,-0.08975536376237869,-0.296018123626709,0.039845626801252365,0.10022375732660294,0.15748393535614014,-0.09978164732456207,0.24656561017036438,0.0709850937128067,-0.17803093791007996,0.25358885526657104,-0.7404728531837463,-0.47947925329208374,0.22771885991096497,0.19915436208248138,-0.040969640016555786,0.6788896322250366,0.16808167099952698,-0.40733450651168823,0.09694332629442215,-0.09477043151855469,-0.12054391950368881,-0.18235033750534058,0.05076323077082634,0.19239170849323273,0.3067035377025604,0.04267948865890503,-0.4175392687320709,-0.09830749034881592,-0.050223398953676224,-0.06428151577711105,0.3632277846336365,-0.06261514872312546,-0.8430082201957703,-1.005499243736267,1.0336015224456787,-0.28303030133247375,-0.0669550895690918,0.13822384178638458,-0.3233182728290558,-0.1877107173204422,-0.0856899693608284,-0.034304410219192505,-0.53608238697052,-0.013960428535938263,-0.49360042810440063,-0.07122384011745453,0.04194248840212822,-0.22273683547973633,0.28250324726104736,-0.6036380529403687,-0.25842389464378357,-0.17557737231254578,-0.11152557283639908,-0.1554236263036728,-0.52840656042099,-0.16587916016578674,0.4570161700248718,0.29103609919548035,0.6838802099227905,0.056594811379909515,0.5625842809677124,-0.01745380088686943,-0.009822177700698376,0.27419885993003845,-0.17948117852210999,-0.2510179877281189,0.023751432076096535,-0.3840881884098053,-0.12863707542419434,-0.14626412093639374,-0.11921043694019318,0.5223981142044067,-0.04569629579782486,-0.5654721856117249,0.10142973810434341,-0.052642785012722015,-0.0017249316442757845,0.014320125803351402,0.24315007030963898,-0.14545676112174988,0.021021556109189987,0.21533414721488953,-0.09732144325971603,-0.11982204020023346,-0.4452365040779114,-0.34056538343429565,-0.2804182171821594,-0.03275535628199577,0.0694790929555893,-0.10927460342645645,-0.0017860144143924117,0.16344331204891205,-0.24763455986976624,-0.3129006624221802,0.2715717554092407,0.16933377087116241,-0.01872856356203556,0.0505160316824913,-0.0303910281509161,0.1110990047454834,0.2295190840959549,0.0020983375143259764,0.32469654083251953,-0.0711636170744896,-0.0754755362868309,0.0029460706282407045,-0.1288011074066162,-0.8996981382369995,-0.10796792805194855,-0.02985227108001709,-0.05611903592944145,0.1711580753326416,0.03210137411952019,-0.3515780568122864,-0.505548357963562,0.1555277705192566,0.20475351810455322,-0.0688791424036026,0.06306848675012589,-0.025478821247816086,0.5567656755447388,-0.49834126234054565,0.06415846198797226,-0.18391454219818115,-0.18914206326007843,-0.4981864392757416,0.1400241255760193,0.1427641361951828,-0.1055455431342125,0.3034774959087372,0.2018425464630127,0.1517728567123413,-0.07192601263523102,0.1637962907552719,0.08787856251001358,-0.07880617678165436
CID000024486,544,0.03359333798289299,-0.06359672546386719,-0.7408344745635986,0.16618932783603668,0.09138516336679459,-0.23644587397575378,0.09955014288425446,-0.2093055248260498,0.15456442534923553,-0.249172642827034,0.03953450173139572,0.05506915599107742,0.07398577779531479,-0.05189361050724983,0.4984506070613861,0.3590072691440582,0.28231531381607056,-0.07983626425266266,-0.036321766674518585,0.1605909764766693,0.08160436898469925,0.14729450643062592,0.4402392506599426,0.02754298411309719,-0.9561032056808472,-0.39579352736473083,0.04495731368660927,-0.04212755337357521,0.09699062258005142,0.36992859840393066,0.3248637616634369,0.07823486626148224,-0.09666905552148819,0.20860901474952698,-0.07025900483131409,0.13667625188827515,0.8803733587265015,-0.12603598833084106,0.15611429512500763,-0.08618004620075226,-0.05712205916643143,0.4952429234981537,-0.428093820810318,-0.14691010117530823,0.03415892273187637,-0.012927809730172157,0.5777211785316467,-0.1682099997997284,-0.5161554217338562,-0.09403408318758011,-0.44483453035354614,0.1994493454694748,0.5213419198989868,-0.297637403011322,0.09889260679483414,-0.26785212755203247,-0.3413885533809662,0.7063182592391968,0.1341836005449295,-0.25380241870880127,0.17181871831417084,-0.002838168991729617,0.16568295657634735,0.4582485258579254,0.07756488770246506,0.4952450692653656,0.22093085944652557,-0.10040769726037979,0.10325338691473007,-0.023237645626068115,-0.4345052242279053,0.09817208349704742,-0.27799174189567566,0.4043944776058197,-0.21306300163269043,0.4660707414150238,0.6371135115623474,0.19480903446674347,0.03798693045973778,-0.018321765586733818,0.007799200713634491,-0.16027282178401947,0.19265368580818176,0.03225811570882797,0.0703563317656517,0.1957608163356781,-0.27717840671539307,0.14472894370555878,-0.15429125726222992,-0.03916529566049576,0.14438484609127045,0.10113941133022308,-0.1220516711473465,-0.021494397893548012,0.21761123836040497,0.2118285894393921,0.10723104327917099,0.027318041771650314,0.10602462291717529,-0.6592812538146973,-0.0938648208975792,-0.09377475827932358,-0.06388062238693237,-0.301492840051651,-0.0477023646235466,-0.2836690843105316,0.4143736958503723,-0.049685101956129074,0.160313218832016,0.1027136892080307,0.005535614676773548,0.000357605516910553,0.4139809012413025,-0.42005306482315063,-0.1113286241889,-0.32466787099838257,-0.1246468648314476,-0.20345158874988556,-0.006891545839607716,-0.013033449649810791,-0.15270230174064636,-0.16454210877418518,-0.020335569977760315,-0.19742977619171143,-0.22764424979686737,0.01733521744608879,0.22054274380207062,-0.2092525064945221,-0.12782108783721924,0.06080598384141922,-0.23248529434204102,-0.24719421565532684,0.16261056065559387,-0.16879837214946747,0.05482376366853714,0.4552304148674011,0.15749265253543854,-0.008879086002707481,0.0004645559820346534,-0.16986910998821259,0.026447027921676636,-0.026990260928869247,0.28449133038520813,0.14057913422584534,0.0670766681432724,0.018474863842129707,-0.061865102499723434,0.1286734640598297,-0.35946452617645264,-0.1696859896183014,0.5852577090263367,-0.15912343561649323,-0.3359304666519165,-0.46263042092323303,0.9076919555664062,-0.12148015201091766,-0.03763537481427193,-0.40501970052719116,-0.4113224446773529,0.03441833704710007,-0.07525987923145294,0.0822971761226654,-0.858660876750946,0.05931972712278366,-0.2784503102302551,-0.12957853078842163,-0.11987031996250153,0.05809236317873001,0.4488369822502136,-0.37278488278388977,-0.33872029185295105,0.12170042842626572,0.004397681914269924,0.09688711166381836,-0.42860689759254456,-0.18024025857448578,0.15901871025562286,0.015728328377008438,0.6410261392593384,-0.14953286945819855,0.4874831736087799,0.0894353836774826,-0.04599837213754654,0.34466156363487244,-0.18684597313404083,-0.2698807716369629,-0.12405524402856827,-0.24977846443653107,-0.16899028420448303,-0.038698710501194,-0.016898464411497116,0.620246410369873,-0.1365893930196762,-0.41853171586990356,-0.09912210702896118,-0.18265677988529205,0.012667141854763031,0.06972992420196533,0.4033707082271576,-0.16242507100105286,0.3818650245666504,0.5164166688919067,-0.2004534900188446,-0.0009412288782186806,-0.5317738056182861,-0.08547113090753555,-0.4564100205898285,-0.02941199205815792,-0.04942301660776138,-0.2043764591217041,0.019012749195098877,0.03925579786300659,-0.0723344087600708,-0.17095288634300232,0.5562330484390259,-0.12160446494817734,-0.22587695717811584,0.025757351890206337,-0.20807258784770966,-0.08305130898952484,0.2978551983833313,-0.02567790076136589,0.1544499546289444,-0.2838410437107086,0.08301369100809097,0.13539770245552063,0.029083093628287315,-0.553525447845459,-0.09417349100112915,-0.11401867866516113,0.17931108176708221,0.21516354382038116,-0.03339771926403046,-0.2115747481584549,-0.4621124863624573,-0.3876914381980896,0.040768206119537354,0.17325715720653534,-0.08627994358539581,0.08592478185892105,0.39627376198768616,-0.5694687962532043,0.049169499427080154,-0.3139573931694031,-0.04172796756029129,-0.48568764328956604,0.02496965415775776,-0.2209172546863556,-0.08644476532936096,0.2314404547214508,0.05445660278201103,-0.03546810895204544,0.2224443405866623,-0.05748588964343071,0.0012093335390090942,0.3445764482021332
CID000002541,545,0.3291153311729431,-0.4301156997680664,-0.9261726140975952,-0.06649871915578842,0.31256189942359924,-0.36296385526657104,-0.006412954535335302,-0.6670577526092529,-0.1105683296918869,-0.47476083040237427,0.618764340877533,-0.07362033426761627,-0.24112240970134735,-0.08878014981746674,-0.017907705157995224,0.3765351176261902,0.012775476090610027,-0.04883284121751785,0.0624966099858284,0.006834626197814941,-0.2118796557188034,0.12684056162834167,0.301333487033844,-0.1340501755475998,-1.3136709928512573,-0.9779276847839355,-0.14452745020389557,-0.028390025720000267,0.12447796761989594,-0.07333692163228989,0.688376784324646,-0.06694178283214569,0.20781481266021729,0.2578367590904236,-0.08307287096977234,-0.12131800502538681,0.2610768973827362,0.10980601608753204,0.1609833538532257,0.009651357308030128,0.25974133610725403,0.2038029432296753,-0.12346235662698746,-0.3448682725429535,-0.14969435334205627,0.052306972444057465,0.9799405336380005,-0.13111333549022675,-0.6503381729125977,0.2671046555042267,-1.182233452796936,-0.06911832094192505,0.5391294360160828,-0.29698145389556885,0.13597574830055237,-0.12045691907405853,-0.052290864288806915,1.0729395151138306,-0.2759869396686554,0.1791364699602127,-0.22909650206565857,0.02318871021270752,0.05160204693675041,0.5092068314552307,0.21622097492218018,0.5953007340431213,0.3613200783729553,-0.23392343521118164,0.02693818137049675,0.1308882087469101,-0.5529333353042603,0.04969596490263939,-0.4549081325531006,0.41985273361206055,-0.03555501252412796,-0.12933894991874695,0.22248151898384094,0.13055682182312012,0.9518314599990845,0.34849613904953003,-0.0764433965086937,-0.5299991369247437,0.02839503064751625,0.08728186041116714,0.35973188281059265,-0.04011807590723038,-0.7680761814117432,0.2042398899793625,-0.2514668405056,0.2555879056453705,-0.163434237241745,-0.22560091316699982,-0.2828136384487152,0.03482932597398758,0.20124515891075134,0.1301121860742569,0.03853100538253784,0.2818068563938141,0.010243719443678856,-1.6716773509979248,0.0684334859251976,0.08107871562242508,-0.2513970732688904,-0.1518583446741104,0.05599861219525337,-0.18381813168525696,0.5350843667984009,0.23095989227294922,0.06797553598880768,0.12009749561548233,0.42522501945495605,0.09645116329193115,0.3550676107406616,-0.9853239059448242,0.16646309196949005,-0.2689410150051117,0.030472006648778915,0.11839459836483002,0.3205870985984802,0.11400321871042252,-0.15949216485023499,-0.3461119830608368,-0.38237684965133667,0.031874287873506546,0.18792232871055603,0.13345423340797424,0.2339756190776825,-0.004753896500915289,-0.30324283242225647,0.2676093876361847,-0.5588826537132263,0.12802942097187042,0.011704601347446442,0.07919599115848541,0.0009635105961933732,0.5450130701065063,0.1676519215106964,-0.01994018629193306,0.40525302290916443,-0.18199963867664337,0.10860435664653778,-0.05791512131690979,0.26058655977249146,0.18096032738685608,-0.010504787787795067,-0.07676099240779877,-0.11244469881057739,0.5265661478042603,0.1348094791173935,-0.21363107860088348,0.8306453824043274,-0.29757118225097656,-0.45360463857650757,-0.8874413371086121,0.995660126209259,0.048058100044727325,0.08999083191156387,0.21805521845817566,-0.7925074100494385,0.16625216603279114,-0.15074267983436584,0.12160496413707733,-1.1698077917099,0.0634719505906105,-0.6504730582237244,0.12334060668945312,-0.09466220438480377,-0.11707361042499542,1.4343907833099365,-0.6288560628890991,-0.24091880023479462,-0.06244753673672676,-0.01281040906906128,0.08540671318769455,-0.6306050419807434,-0.265211284160614,0.21709534525871277,-0.12460869550704956,0.4857974946498871,0.49924319982528687,0.19029787182807922,0.017008626833558083,-0.11682864278554916,0.8252059817314148,-0.08292822539806366,-0.14930099248886108,-0.3947616219520569,0.03373156860470772,-0.25246143341064453,-0.14498431980609894,-0.20111854374408722,1.4199504852294922,-0.08876063674688339,-0.0383782759308815,-0.3065796494483948,-0.20219305157661438,-0.2622857689857483,0.12499227374792099,1.3181655406951904,-0.10488779842853546,0.7031871676445007,0.3085237741470337,0.07366184145212173,1.1652021408081055,-0.44515910744667053,0.2369031459093094,-0.5810238122940063,0.26904940605163574,0.0025200247764587402,0.14854536950588226,-0.1397351175546646,-0.10287962108850479,0.10746488720178604,-0.05638650059700012,0.4419049322605133,0.08840017765760422,-0.41332364082336426,-0.26487332582473755,0.033018309623003006,0.02367369458079338,0.04133908078074455,0.03706180304288864,0.16774988174438477,-0.2888636291027069,-0.11377553641796112,0.4442666172981262,0.059110868722200394,-0.4923998713493347,-0.03458387777209282,0.07231748104095459,0.14115534722805023,-0.0401858352124691,0.26514285802841187,-0.189549058675766,-0.8244185447692871,0.1466696709394455,0.2700165808200836,0.08455265313386917,-0.3387587070465088,-0.0596328005194664,1.3094863891601562,-0.2654426693916321,-0.12187816202640533,-0.3572714328765869,-0.2553645074367523,-0.7170010209083557,-0.14355506002902985,-0.26027822494506836,0.008197104558348656,0.3521578907966614,-0.13899719715118408,0.0936259850859642,0.0806218758225441,-0.15801718831062317,0.42563652992248535,-0.013372438959777355
CID000148211,548,0.06795672327280045,-0.26635339856147766,-0.4179123342037201,-0.17864152789115906,0.4228293299674988,-0.24331951141357422,0.0028614401817321777,-0.6400059461593628,-0.18357276916503906,-0.04507701098918915,0.19925174117088318,0.08668465912342072,-0.2294110804796219,-0.22463449835777283,-0.0034758031833916903,0.29998892545700073,0.0721389427781105,-0.10894441604614258,-0.4158707559108734,0.10775969922542572,-0.16096645593643188,0.034811168909072876,0.5758799314498901,-0.04760599881410599,-0.46383222937583923,-0.5003097057342529,-0.15146860480308533,-0.4523296356201172,0.30675262212753296,-0.2469978630542755,0.9159144163131714,0.07623741775751114,-0.00894437450915575,0.1957956850528717,-1.0321991443634033,0.1283983290195465,0.4093511998653412,-0.12543651461601257,0.15792693197727203,0.0965251624584198,-0.8210528492927551,0.2888182997703552,-0.40732401609420776,0.13173234462738037,0.26730531454086304,0.1121625304222107,0.6210106015205383,-0.17885242402553558,-0.5687896013259888,0.0584084577858448,-0.6471543312072754,-0.023700717836618423,0.5335981845855713,-0.2034156769514084,0.26563265919685364,-0.5490466952323914,0.12262554466724396,0.4546162188053131,0.016743218526244164,-0.0018579363822937012,-0.09105042368173599,-0.01275208592414856,0.18489442765712738,0.8390275835990906,0.2034471035003662,0.3265712857246399,-0.27204078435897827,-0.1829405575990677,-0.05763568729162216,-0.08078784495592117,-0.7830365896224976,0.19977186620235443,-0.5728374123573303,0.3915957808494568,0.12767855823040009,0.3945782482624054,0.42429685592651367,0.1612575650215149,0.6956084966659546,-0.18097372353076935,-0.0004502296505961567,-0.4044150710105896,0.36440759897232056,0.0802764892578125,0.05501743406057358,0.346035897731781,-0.8292638659477234,-0.11186228692531586,-0.33252397179603577,-0.03478783369064331,-0.28341084718704224,-0.0656970739364624,-0.1746755838394165,0.3425491750240326,0.04304029792547226,-0.2985678017139435,0.10808142274618149,0.25616255402565,-0.053022511303424835,-0.5944041609764099,-0.11377371847629547,0.060480959713459015,0.2194455862045288,-0.11572043597698212,0.19491071999073029,-0.3466154932975769,0.4959262013435364,-0.05437903478741646,0.08246444165706635,-0.12618254125118256,-0.04657478258013725,0.20931105315685272,0.7122622728347778,-0.40155988931655884,0.36314520239830017,-0.16994290053844452,-0.33931493759155273,0.037966687232255936,-0.07214988768100739,0.23167404532432556,-0.23379604518413544,-0.31812161207199097,-0.2121020257472992,0.03956184908747673,0.2629121243953705,0.0907459482550621,0.2518646717071533,-0.10983997583389282,-0.14935198426246643,0.22532200813293457,-0.4908667206764221,-0.15004698932170868,0.5931928157806396,0.3092012405395508,-0.0007493197917938232,0.6511189341545105,0.24149735271930695,-0.2150069922208786,0.2990846633911133,0.0010171502362936735,0.02586263418197632,-0.28515708446502686,0.015973810106515884,0.4263138175010681,0.18209294974803925,0.09390656650066376,-0.48165950179100037,0.13022369146347046,-0.08064700663089752,-0.09134592115879059,0.6747634410858154,-0.1650182604789734,-0.7896208763122559,-1.0892107486724854,0.6983679533004761,-0.5049231648445129,-0.06281299889087677,0.030653273686766624,-0.3318586051464081,-0.16555793583393097,0.01479334570467472,0.07013698667287827,-0.6163703203201294,0.13275109231472015,-0.4137808680534363,-0.16911450028419495,-0.16169396042823792,-0.1052497997879982,0.2246464192867279,-0.6937441825866699,-0.3444117307662964,-0.35276710987091064,0.1113920658826828,-0.11783812940120697,-0.7896485328674316,-0.3726448714733124,0.4857926368713379,-0.05611119791865349,0.515437662601471,-0.033765532076358795,0.6549113988876343,-0.20821252465248108,-0.17323599755764008,0.4029366970062256,0.061023008078336716,-0.6951520442962646,0.027313843369483948,-0.44461044669151306,-0.20057189464569092,0.03525718301534653,-0.39459043741226196,0.7017227411270142,-0.2872415781021118,-0.3931485414505005,0.23163621127605438,-0.1766505390405655,-0.024445753544569016,0.2400781810283661,0.1621958315372467,0.03631209954619408,0.36183080077171326,0.19882048666477203,0.17212313413619995,0.15629954636096954,-0.5653752088546753,-0.03973568230867386,-0.20371682941913605,-0.15914878249168396,0.11304386705160141,0.1785506308078766,-0.08271904289722443,0.1370500773191452,-0.19146916270256042,-0.057106174528598785,0.5858526229858398,0.22084590792655945,-0.20379133522510529,-0.004189507570117712,0.06582725048065186,0.043665964156389236,0.22723083198070526,0.17159679532051086,0.11093288660049438,0.09619565308094025,0.17717662453651428,0.028475899249315262,-0.09314604103565216,-0.8365844488143921,-0.352679580450058,0.052928995341062546,-0.13873767852783203,0.1429077684879303,0.32184869050979614,-0.39521533250808716,-0.8110526204109192,0.28432148694992065,0.010108157992362976,-0.01860111951828003,0.03956740349531174,-0.19606755673885345,0.24670453369617462,-0.5373252034187317,-0.1257891207933426,-0.19306309521198273,0.050574637949466705,-0.3116823136806488,0.24216675758361816,0.09021525084972382,-0.010291730985045433,0.32753247022628784,-0.1588556170463562,-0.05768941715359688,-0.14822371304035187,-0.1225060224533081,0.36370083689689636,0.03120407462120056
CID000003648,549,0.2149791717529297,-0.057996053248643875,-0.4698994755744934,0.03006947599351406,0.45473212003707886,-0.2406727820634842,-0.06672759354114532,-0.5985695123672485,-0.44255271553993225,-0.28100377321243286,0.4334380626678467,0.03207497298717499,-0.18071117997169495,-0.1658851057291031,-0.1606830358505249,0.645844042301178,0.5238358378410339,-0.21750715374946594,-0.28727856278419495,0.05822822451591492,-0.366432249546051,0.029962066560983658,0.9076308012008667,0.03282804787158966,-0.8857611417770386,-0.7725020051002502,-0.12310067564249039,-0.14217202365398407,0.23865404725074768,0.1646300107240677,1.2998607158660889,0.09155009686946869,0.11168324947357178,0.0923939049243927,-0.5476646423339844,0.12512819468975067,0.6310185194015503,-0.3106870949268341,-0.13763369619846344,-0.040467627346515656,-0.4544985294342041,0.4689865708351135,-0.20919020473957062,-0.15490111708641052,-0.004045167472213507,-0.23260807991027832,0.8032408952713013,-0.11737910658121109,-0.4248632490634918,0.033940233290195465,-0.33285099267959595,0.1412668526172638,0.7826213836669922,-0.01774568296968937,-0.05403636023402214,-0.013201597146689892,0.06460130214691162,0.6107048988342285,-0.07758808881044388,-0.3318256437778473,0.00882943905889988,-0.1851138025522232,0.33990198373794556,0.785904049873352,0.18387022614479065,0.32889699935913086,0.07479076087474823,-0.009198317304253578,-0.18116293847560883,0.041514258831739426,-0.6761310696601868,0.23804660141468048,-0.9604349136352539,0.18355950713157654,0.09883944690227509,0.07760938256978989,0.31929248571395874,0.14775171875953674,0.2999160885810852,0.08639848977327347,0.13800784945487976,0.00925174355506897,-0.0642128586769104,0.012092833407223225,0.0945751816034317,0.16785433888435364,-0.8054092526435852,-0.13274617493152618,0.10791139304637909,-0.02346614934504032,0.05320151895284653,0.010426169261336327,-0.6436771154403687,0.23398563265800476,-0.03172408789396286,-0.056682370603084564,0.21597068011760712,0.27093014121055603,0.06445197761058807,-1.2235027551651,-0.10991138219833374,-0.11864238977432251,0.09369609504938126,-0.2732909917831421,-0.07371784746646881,-0.1664350926876068,1.0878833532333374,0.012331140227615833,0.10218919813632965,0.004692927002906799,-0.08397328853607178,-0.29791632294654846,0.4558657109737396,-0.1860826313495636,0.15785464644432068,-0.4339480400085449,-0.070058174431324,-0.1965307891368866,0.13116973638534546,0.5245522260665894,-0.4490983486175537,-0.4410625398159027,0.1123674139380455,0.2736521363258362,-0.23106984794139862,-0.0899285227060318,0.16100013256072998,0.17175224423408508,-0.0672776997089386,0.003920393995940685,-1.0528838634490967,-0.15490402281284332,0.28916072845458984,0.04949205368757248,-0.2261391133069992,0.7012653350830078,0.2513379156589508,0.01308983564376831,0.4665304720401764,0.12031922489404678,0.1904136836528778,-0.3167751431465149,-0.09548966586589813,0.4150722026824951,0.10147535800933838,0.3244926929473877,-0.3019294738769531,0.34728825092315674,0.3574455976486206,-0.11938346922397614,0.11975523084402084,-0.2845718264579773,-0.7867135405540466,-0.9874040484428406,0.7774178385734558,-0.10170871019363403,-0.2509323060512543,-0.00542255025357008,-0.4588623046875,0.21830816566944122,0.04721454158425331,-0.09052851051092148,-0.8672235608100891,0.11763318628072739,-0.700114369392395,-0.16124357283115387,0.3550793528556824,-0.15621942281723022,0.613750696182251,-0.5708104372024536,-0.9214010238647461,0.08081543445587158,-0.030946236103773117,0.18072204291820526,-0.5668262243270874,-0.12166748195886612,0.6087504625320435,-0.1749688982963562,0.6728694438934326,0.28727883100509644,0.2547934651374817,-0.09047713875770569,-0.03647952154278755,0.8240288496017456,0.16743454337120056,-0.45854172110557556,-0.25141412019729614,-0.4551470875740051,-0.31700021028518677,-0.22422650456428528,0.0571046844124794,0.9740594029426575,-0.139033704996109,-0.9071621894836426,-0.11761583387851715,-0.09145321696996689,-0.08247329294681549,-0.16140329837799072,0.5576876401901245,-0.29775041341781616,0.20659908652305603,0.06393613666296005,0.13049927353858948,0.36384227871894836,-0.5672118067741394,0.026395928114652634,-0.2999621331691742,-0.033804770559072495,-0.2130132019519806,-0.17377936840057373,0.47290563583374023,0.10196542739868164,-0.12841163575649261,-0.2277667224407196,0.37487322092056274,0.25519615411758423,-0.2073286473751068,0.020975202322006226,-0.20604458451271057,0.023393183946609497,0.4611314833164215,0.03949671983718872,0.1430162489414215,0.0284704752266407,0.14785261452198029,0.5333408713340759,-0.01637905277311802,-0.5512082576751709,-0.1290709376335144,-0.01082244236022234,0.1794591248035431,0.04379204660654068,0.07724063098430634,-0.2992989420890808,-0.49033990502357483,0.01938481070101261,-0.027781784534454346,0.09960700571537018,-0.0012676895130425692,0.2852422297000885,0.9858711361885071,-0.43514934182167053,-0.14248697459697723,-0.5158494114875793,-0.31083959341049194,-0.5703015327453613,0.17563027143478394,-0.018199127167463303,-0.12757804989814758,0.6082044839859009,0.07103808224201202,-0.06314033269882202,0.16876879334449768,0.19213834404945374,0.16446664929389954,-0.05626868084073067
CID000003825,552,0.16404826939105988,-0.23656877875328064,-0.6245750784873962,0.17169752717018127,0.5986664295196533,-0.027886563912034035,-0.16424646973609924,-0.8889774084091187,-0.3670984208583832,-0.07399320602416992,0.140337735414505,0.14118614792823792,0.020896708592772484,-0.09668676555156708,0.06461825221776962,-0.06936340034008026,0.26258841156959534,-0.003890418913215399,-0.20382842421531677,0.23806312680244446,-0.1184857115149498,0.23644009232521057,0.5553796887397766,0.05059056729078293,-0.518883228302002,-0.6855336427688599,-0.31662431359291077,0.060978878289461136,-0.06002097576856613,-0.12021903693675995,0.6493203043937683,0.07093904167413712,-0.19366435706615448,0.4033958315849304,-0.2169596254825592,0.23313060402870178,1.1424319744110107,-0.15209105610847473,0.03198668733239174,-0.051518362015485764,-0.15725776553153992,0.48294156789779663,-0.39864271879196167,0.00449734041467309,-0.023300576955080032,-0.1145482286810875,0.6050122976303101,-0.21879276633262634,-0.37863269448280334,0.1782049983739853,-0.41454681754112244,0.10046765953302383,0.33074086904525757,-0.1437952220439911,0.23109813034534454,-0.25915876030921936,-0.2376478910446167,0.6049658060073853,0.10262435674667358,-0.044036589562892914,0.010618403553962708,-0.22967155277729034,-0.09335693717002869,0.6169229745864868,0.10336194932460785,0.23489472270011902,-0.28477030992507935,-0.14025679230690002,-0.296171098947525,0.0174117274582386,-0.5458183288574219,0.19324639439582825,-0.8115957379341125,0.4808374047279358,0.14451482892036438,0.24522456526756287,0.563306987285614,0.174495130777359,0.5368343591690063,0.08134306967258453,-0.07323233783245087,-0.5034728050231934,0.0657980665564537,-0.013674488291144371,-0.07987072318792343,0.3424589931964874,-0.2902284264564514,-0.17260761559009552,0.097809337079525,0.1037173718214035,-0.04720934480428696,-0.18191325664520264,-0.10006282478570938,0.13466393947601318,0.08115516602993011,-0.00805177353322506,0.008460020646452904,0.26077350974082947,-0.04713655263185501,-0.7324110269546509,-0.0903019905090332,-0.09812329709529877,0.06890561431646347,-0.06862890720367432,0.15041787922382355,-0.14763280749320984,0.8471285700798035,-0.29677414894104004,0.257091224193573,-0.06892676651477814,-0.07268955558538437,0.11759068071842194,0.27831903100013733,-0.19911962747573853,0.12100992351770401,-0.1550295054912567,-0.4666624665260315,0.009726574644446373,-0.14662662148475647,0.08395616710186005,-0.4306620657444,-0.3400344252586365,0.1668587625026703,0.04058169946074486,-0.007602316327393055,-0.03374430164694786,0.34002789855003357,-0.1275717169046402,-0.26135140657424927,0.2574706971645355,-0.6229864358901978,-0.3345178961753845,0.5433968305587769,0.06642621010541916,-0.03703923895955086,0.6559333205223083,0.2509261667728424,0.09166406095027924,0.15570661425590515,-0.14630690217018127,-0.10549847036600113,-0.3042839467525482,0.20372679829597473,0.18501046299934387,0.006465909071266651,0.31241124868392944,-0.11062037944793701,0.07718329131603241,-0.0653860792517662,-0.17241108417510986,0.2693518102169037,-0.0924999937415123,-0.4222841262817383,-0.609457790851593,0.6639186143875122,-0.23154127597808838,0.21999916434288025,0.2445465624332428,-0.38899174332618713,-0.01806168630719185,-0.0349179245531559,0.3025796413421631,-0.8858321309089661,0.15638822317123413,-0.3614148795604706,-0.18579638004302979,0.04979129880666733,-0.11205480992794037,0.605914294719696,-0.4801054894924164,-0.14287084341049194,-0.05164162442088127,-0.00034271329059265554,0.052665673196315765,-0.6969882249832153,-0.1772201806306839,0.7591050267219543,-0.07654403895139694,0.5733546018600464,-0.08066705614328384,0.6863821744918823,-0.2759508490562439,-0.12368955463171005,0.5060084462165833,0.06262148916721344,-0.45646876096725464,0.041048742830753326,-0.09950913488864899,-0.33641722798347473,-0.18859538435935974,-0.41475754976272583,0.9301803708076477,-0.007156801410019398,-0.5306933522224426,0.09011594951152802,-0.08768828213214874,0.1443372517824173,0.19954745471477509,0.42772331833839417,-0.03840566426515579,0.4115823805332184,0.0910479798913002,-0.16730837523937225,0.05141422897577286,-0.32850533723831177,-0.29431623220443726,-0.07064032554626465,0.06794311851263046,-0.19796185195446014,0.0689668208360672,-0.07747591286897659,-0.0311429500579834,-0.2870902419090271,-0.19806484878063202,0.5942898988723755,0.13353273272514343,0.14964649081230164,-0.2502051889896393,-0.2174142301082611,0.022618114948272705,0.1835121363401413,0.10471940040588379,0.19929733872413635,-0.026875918731093407,0.19208839535713196,0.02577267214655876,-0.03439638018608093,-0.7539055347442627,-0.20671312510967255,-0.1586071252822876,-0.21388094127178192,0.13871140778064728,0.16333289444446564,-0.20466208457946777,-0.5623728632926941,0.09022370725870132,0.17676295340061188,0.052349209785461426,0.0963410958647728,-0.14927709102630615,0.7076470851898193,-0.35023659467697144,0.10994386672973633,-0.061569105833768845,-0.2061576545238495,-0.3616114556789398,0.13959749042987823,0.1732053905725479,-0.33608683943748474,0.2656088173389435,0.24060006439685822,-0.010508495382964611,0.20892472565174103,-0.09166647493839264,0.2103305160999298,0.18783070147037506
CID000002487,555,0.035321034491062164,-0.1372845321893692,-0.4285048544406891,0.04991237074136734,0.573125958442688,-0.08912985026836395,0.09865815192461014,-0.45163384079933167,-0.5977322459220886,-0.24404530227184296,0.4184078276157379,0.0947471410036087,0.029931362718343735,-0.33788999915122986,-0.03921576589345932,0.46735507249832153,0.35272276401519775,-0.20428159832954407,-0.1030973419547081,0.38959622383117676,-0.5446022748947144,0.19098223745822906,1.0578845739364624,0.027781877666711807,-0.7638255953788757,-0.7951037287712097,-0.1738474816083908,-0.2081240862607956,0.26749247312545776,0.12912814319133759,1.446403980255127,0.03216508775949478,-0.11716923862695694,0.01725728251039982,-0.834004282951355,0.17081257700920105,0.34992891550064087,-0.4790874421596527,-0.11621338129043579,0.01942441798746586,-0.9075053334236145,0.3236680030822754,-0.39291009306907654,0.01926710084080696,-0.03573017939925194,-0.20534467697143555,0.7531557083129883,-0.03585778549313545,-0.256500780582428,-0.08869896084070206,-0.18976232409477234,0.12726560235023499,0.7493020296096802,0.1240532174706459,-0.06600084155797958,-0.1515737920999527,0.07726529985666275,0.435569703578949,-0.38693898916244507,-0.19525472819805145,0.026344414800405502,-0.3130970001220703,0.2884940207004547,0.9219630360603333,0.33929023146629333,0.3340020179748535,-0.008799386210739613,-0.10900761932134628,-0.13428115844726562,-0.09746293723583221,-0.6862398386001587,0.11723142862319946,-1.1381560564041138,0.20913958549499512,0.25302958488464355,-0.012658501043915749,0.41946882009506226,0.3473251461982727,0.41184002161026,0.24962382018566132,-0.015559589490294456,-0.12429247051477432,0.0808577686548233,0.08542138338088989,0.006213450338691473,0.2149120271205902,-0.8894025087356567,0.027845416218042374,0.03911294415593147,-0.07927398383617401,0.13476000726222992,-0.0210723839700222,-0.6456925272941589,0.08067160099744797,-0.05476049706339836,-0.0409417450428009,0.3220503032207489,0.23511946201324463,-0.03147609531879425,-1.0032892227172852,-0.22758810222148895,0.07185464352369308,0.06734605878591537,-0.14090603590011597,-0.15887042880058289,-0.307852566242218,1.1247659921646118,-0.0626000314950943,-0.05909379571676254,-0.054443687200546265,-0.2902950048446655,-0.04745039343833923,0.5921006202697754,0.04220754653215408,0.3409636616706848,-0.45326223969459534,0.06954547762870789,-0.17857518792152405,0.014945265837013721,0.5041887164115906,-0.5176762342453003,-0.37187063694000244,-0.06871037185192108,0.26379987597465515,-0.09409193694591522,-0.048258889466524124,0.13877470791339874,0.09281323850154877,-0.03280729055404663,0.29198217391967773,-1.1760259866714478,-0.26346105337142944,0.5062962770462036,-0.11960943043231964,-0.22000479698181152,0.8833778500556946,0.1623936891555786,-0.18351614475250244,0.39387136697769165,0.009101835079491138,0.19636490941047668,-0.33698636293411255,-0.12059418857097626,0.14820298552513123,0.15428990125656128,0.21789570152759552,-0.08267266303300858,-0.03471636027097702,0.5271096229553223,-0.04432098940014839,0.04067282751202583,-0.22687523066997528,-1.017512321472168,-1.1026536226272583,1.0324804782867432,-0.17852458357810974,-0.24890515208244324,-0.05505262687802315,-0.3363892734050751,0.32354941964149475,0.17219701409339905,0.08586607873439789,-0.7817671895027161,0.027081068605184555,-0.7274841070175171,-0.2371220588684082,0.36192649602890015,-0.2656438946723938,0.4125667214393616,-0.7147639989852905,-0.9475458860397339,0.10777825117111206,-0.10139673948287964,0.10595991462469101,-0.6449083089828491,0.08542103320360184,0.8818352818489075,-0.2997593283653259,0.7564800977706909,0.2808155119419098,0.5096713304519653,-0.20812764763832092,-0.1185014471411705,0.6440552473068237,0.30462273955345154,-0.6830989122390747,-0.6028465628623962,-0.27373212575912476,-0.223348468542099,-0.2880806624889374,-0.0035247802734375,0.949024498462677,-0.28039950132369995,-1.1313092708587646,-0.03972598910331726,-0.006236666347831488,0.00032680630101822317,-0.1663716733455658,0.3660385012626648,-0.3128845989704132,0.15876512229442596,0.1564260572195053,0.26810288429260254,0.2909620702266693,-0.6747584342956543,-0.2257443368434906,-0.29910045862197876,0.0057592750526964664,0.010654831305146217,-0.08150181174278259,0.5728899240493774,0.13739342987537384,-0.025733113288879395,-0.38230201601982117,0.4669232964515686,0.0008603736641816795,-0.2915492057800293,0.015068006701767445,-0.18519183993339539,0.2143993377685547,0.5346390008926392,-0.10618710517883301,0.1808014214038849,0.07771416753530502,0.2743701934814453,0.5351269245147705,-0.10034521669149399,-0.7940666079521179,-0.2954093813896179,0.02147741988301277,0.010022063739597797,0.22643446922302246,-0.05694981664419174,-0.2762010991573334,-0.7541777491569519,-0.13183441758155823,-0.11841003596782684,-0.007363426499068737,0.24244098365306854,0.23271270096302032,0.7207300662994385,-0.5281996130943298,-0.3319243788719177,-0.47999605536460876,-0.4005199074745178,-0.5654703974723816,0.12717612087726593,-0.0735035389661789,-0.2840955853462219,0.451532781124115,-0.09104795753955841,-0.034725505858659744,-0.056303273886442184,0.30278512835502625,0.13273198902606964,0.04850824922323227
CID000003393,558,0.16833072900772095,-0.16898146271705627,-0.3539077639579773,0.4238957464694977,0.34996330738067627,-0.1453343778848648,0.010883505456149578,-0.278028279542923,-0.053423166275024414,0.11019778251647949,0.12115802615880966,0.06374287605285645,-0.12294302880764008,-0.11060237884521484,-0.08720896393060684,0.0691448375582695,0.003136090934276581,0.20957502722740173,-0.15383246541023254,-0.07983624935150146,-0.15942850708961487,-0.03969706594944,0.6369584202766418,0.026094209402799606,-0.18844199180603027,-0.3710346817970276,0.0972764641046524,-0.42789703607559204,0.2048943042755127,-0.0674993246793747,0.40760889649391174,-0.02288808859884739,-0.1590043604373932,0.07674045115709305,-0.2185053825378418,0.17795148491859436,0.0646648183465004,-0.04866235703229904,0.17259687185287476,0.1397114098072052,0.013732612133026123,0.3956992030143738,-0.3887481093406677,0.17265453934669495,0.1221424788236618,-0.03743355721235275,0.23815199732780457,-0.15701352059841156,-0.3353385925292969,0.014066348783671856,-0.2737356126308441,0.1733616590499878,0.6647822856903076,-0.3695536255836487,0.08818142861127853,-0.17802752554416656,-0.11662311851978302,0.49377089738845825,0.26290664076805115,-0.2397436648607254,-0.04604416340589523,-0.0913519412279129,0.00905193667858839,0.7388913035392761,-0.006827229168266058,0.47062796354293823,-0.20922665297985077,0.04478655382990837,-0.03088768944144249,0.2343652993440628,-0.757709264755249,0.014586351811885834,-0.573502779006958,0.1907254308462143,-0.07852993905544281,0.40895405411720276,0.4531498849391937,-0.02173427864909172,0.23935678601264954,-0.074395552277565,0.0892377644777298,-0.14746996760368347,0.05807150527834892,0.015060001984238625,0.11503827571868896,0.20915552973747253,-0.45051074028015137,-0.2844846248626709,-0.24657511711120605,-0.07945163547992706,-0.05711963027715683,0.07232306897640228,-0.3015788793563843,-0.2102990597486496,0.09430690109729767,-0.12173686176538467,-0.13851584494113922,0.28361982107162476,-0.03681061789393425,-0.3839893639087677,0.07670186460018158,0.05617859214544296,-0.11350461095571518,0.05623095482587814,0.10795054584741592,-0.04917634278535843,0.39262861013412476,0.2935067117214203,0.07806102931499481,-0.11744842678308487,0.1766611784696579,-0.07090514153242111,0.2034253627061844,-0.1568366289138794,0.0187548641115427,-0.1859520524740219,0.026729505509138107,-0.10398638248443604,-0.10773713886737823,0.1484997421503067,-0.14217039942741394,-0.2856464087963104,0.024632787331938744,0.19903695583343506,0.14471854269504547,0.04111628979444504,-0.001286536455154419,0.118535116314888,-0.10017670691013336,0.1595122069120407,-0.5287942886352539,-0.5407900810241699,0.2736441195011139,0.06492094695568085,-0.11863960325717926,0.6050038933753967,-0.2836596369743347,-0.18298980593681335,0.2159826010465622,-0.15088705718517303,-0.1540323793888092,-0.04588639736175537,-0.1699507087469101,0.17950280010700226,0.40500181913375854,-0.08968712389469147,-0.013412659987807274,-0.019034493714571,-0.004466128535568714,-0.05888538807630539,0.40896788239479065,0.00871000625193119,-0.7034130096435547,-0.7393774390220642,0.6839410066604614,-0.3062320351600647,-0.14245888590812683,0.04619399458169937,-0.2938929498195648,0.03986785560846329,-0.13891200721263885,0.0017338633770123124,-0.438800185918808,0.15535247325897217,-0.5712002515792847,-0.11483041942119598,-0.1426452100276947,-0.17061105370521545,0.6351320147514343,-0.625792384147644,-0.34532761573791504,-0.06766514480113983,0.04271345213055611,-0.002769565675407648,-0.3814430236816406,-0.0577990896999836,0.43089866638183594,0.07427581399679184,0.5518683791160583,-0.043402038514614105,0.43716827034950256,0.015504601411521435,-0.12120672315359116,0.12625232338905334,-0.2158331573009491,-0.25726547837257385,0.20352569222450256,-0.2258579432964325,-0.0954941138625145,-0.10406557470560074,0.018449196591973305,0.4748350977897644,-0.01795726642012596,-0.4965255856513977,0.0744241252541542,0.012612799182534218,-0.015948167070746422,0.08545836061239243,0.05663301423192024,0.04283226653933525,0.09055031836032867,-0.04275274649262428,-0.02503330074250698,-0.07167695462703705,-0.5386165380477905,-0.3652109205722809,-0.34071189165115356,-0.1254199892282486,0.008366376161575317,-0.10012926906347275,0.06519509106874466,0.2008192539215088,0.04355769231915474,-0.15272119641304016,0.3576734662055969,0.034810349345207214,-0.09548404067754745,0.0028557381592690945,0.10327784717082977,-0.08134782314300537,0.3799273371696472,-0.05541400983929634,0.22501568496227264,-0.030640697106719017,-0.059112679213285446,0.10313057899475098,-0.02674705907702446,-0.7375278472900391,-0.049696844071149826,0.09622170776128769,0.15164907276630402,-0.028336364775896072,-0.012811994180083275,-0.16188617050647736,-0.6074373722076416,0.1604725867509842,0.15222103893756866,-0.03038068488240242,0.006078311242163181,-0.08743251860141754,0.3080914318561554,-0.5222357511520386,-0.04507693648338318,-0.2177381068468094,-0.135873943567276,-0.6379328966140747,0.1015070229768753,0.18333911895751953,-0.06974665820598602,0.3505772352218628,0.20591990649700165,0.1687171757221222,-0.02717730961740017,-0.028146052733063698,0.06683192402124405,-0.14959995448589325
CID000003143,567,0.21431946754455566,-0.21917906403541565,-0.6775833964347839,0.05374141409993172,0.0061788782477378845,-0.23344221711158752,0.18777766823768616,-0.7251312136650085,0.051423054188489914,-0.4624873995780945,0.5509491562843323,0.02717142179608345,-0.13900761306285858,-0.09821383655071259,0.01918506622314453,0.34006330370903015,0.11384614557027817,0.16531845927238464,-0.23335763812065125,-0.03850475698709488,-0.06637553870677948,-0.04120217636227608,0.2914060652256012,-0.15871483087539673,-0.9975490570068359,-0.9933252334594727,-0.426013708114624,0.0019522756338119507,0.11935697495937347,0.08089080452919006,0.7447815537452698,0.10690738260746002,0.1134290099143982,0.16437403857707977,0.06563444435596466,-0.05769537761807442,0.35301339626312256,0.11859581619501114,-0.02795572206377983,-0.015318143181502819,0.14152014255523682,0.490335613489151,-0.052266765385866165,-0.10826534032821655,-0.16394677758216858,-0.03182274103164673,0.9678620100021362,-0.05965438485145569,-0.6629036068916321,0.05919024348258972,-0.8483484387397766,-0.23201198875904083,0.4134275019168854,-0.14449432492256165,-0.19379153847694397,-0.16712412238121033,0.008119352161884308,0.8623991012573242,-0.08968453109264374,0.04036223515868187,-0.2163630723953247,0.1282723993062973,-0.09470926225185394,0.2725282311439514,0.14316269755363464,0.5370312929153442,0.33978843688964844,-0.21870923042297363,-0.033051081001758575,0.051080673933029175,-0.4163321852684021,0.09591569006443024,-0.29503700137138367,0.4274064004421234,0.03985025733709335,0.1070631593465805,0.29135632514953613,0.12924423813819885,0.6390655636787415,0.1755613088607788,-0.07446672767400742,-0.5034343004226685,0.16419485211372375,-0.02231837809085846,0.19902534782886505,-0.06361766904592514,-0.5713096857070923,-0.07557009160518646,-0.1857338696718216,0.38538506627082825,-0.18983879685401917,-0.22405369579792023,-0.41535454988479614,0.08173287659883499,0.07109256088733673,0.16356733441352844,-0.12764273583889008,0.11556519567966461,-0.11544632911682129,-1.4822512865066528,-0.088589146733284,0.17340104281902313,-0.12246093899011612,-0.08868001401424408,0.0008027300355024636,0.09098699688911438,0.729324221611023,0.173112154006958,-0.08398640900850296,-0.019770119339227676,0.19702297449111938,-0.02992057241499424,0.17635731399059296,-0.7910867929458618,-0.04441380873322487,-0.30780428647994995,-0.20832876861095428,0.1410585641860962,0.18517467379570007,0.04953581839799881,-0.16865772008895874,-0.3246890902519226,-0.07418421655893326,0.03944447636604309,0.08678735792636871,-0.004921472165733576,-0.031904835253953934,0.024823646992444992,-0.1565474569797516,0.28600436449050903,-0.5556024312973022,0.046958744525909424,0.06288810074329376,0.21522442996501923,-0.04444453865289688,0.5637283325195312,-0.24520209431648254,0.043580275028944016,0.38083896040916443,-0.1581248939037323,-0.010034464299678802,-0.026569243520498276,0.21475128829479218,0.23591001331806183,0.1191253811120987,0.06435086578130722,-0.33657076954841614,0.2999937832355499,-0.05727337673306465,-0.1898508071899414,0.7090666890144348,-0.2568027973175049,-0.36235564947128296,-0.7928994297981262,0.5213261842727661,0.1721189320087433,0.06923291832208633,0.09210769832134247,-0.6367966532707214,0.09635121375322342,-0.13394932448863983,-0.17723242938518524,-1.0607898235321045,0.0639447420835495,-0.48965638875961304,0.07181765139102936,0.14814703166484833,0.10852591693401337,1.1664631366729736,-0.5701978802680969,-0.37719854712486267,0.09898314625024796,-0.10503704845905304,0.23664215207099915,-0.3359174430370331,-0.32233357429504395,0.233427956700325,-0.16887351870536804,0.5277687311172485,0.4760834276676178,0.2002599686384201,-0.18556155264377594,0.1548507958650589,0.7559168934822083,-0.10365836322307587,-0.17254869639873505,-0.16276046633720398,-0.08502279222011566,-0.19134047627449036,-0.11834653466939926,-0.4478927254676819,1.425958275794983,-0.08992631733417511,-0.12072000652551651,-0.3676982820034027,-0.2862873077392578,-0.27414780855178833,0.08229472488164902,1.238534927368164,-0.15309138596057892,0.8447951078414917,0.23671498894691467,0.1660299301147461,1.0673673152923584,-0.4117342531681061,0.19930647313594818,-0.47275179624557495,0.08033393323421478,0.023334315046668053,0.14561069011688232,-0.005691551603376865,-0.016847696155309677,-0.05129517987370491,-0.08331416547298431,0.49963194131851196,0.2817173898220062,-0.45440879464149475,-0.3329218029975891,-0.07843659073114395,-0.01575910672545433,-0.05991574376821518,0.18206675350666046,-0.008658016100525856,-0.3304606080055237,-0.04895937815308571,0.22573280334472656,-0.040498286485672,-0.3191750645637512,-0.1601061373949051,0.1387474089860916,0.19193057715892792,0.02992011234164238,0.24722185730934143,-0.010756870731711388,-0.6367956399917603,0.08589373528957367,0.06992445886135101,0.02934129908680916,-0.24139761924743652,-0.07971549034118652,1.2125260829925537,-0.2810065448284149,0.029185080900788307,-0.4282943606376648,-0.22407424449920654,-0.4771779179573059,-0.17552778124809265,-0.2310633659362793,-0.1674223095178604,0.4809999465942383,0.14540213346481323,0.07036145776510239,0.24351581931114197,-0.0797915905714035,0.28943562507629395,-0.04184972867369652
CID000003750,568,0.2793341279029846,-0.45864805579185486,-0.9183827638626099,-0.13177575170993805,0.28425291180610657,-0.3118402659893036,0.09407635033130646,-0.9646121859550476,-0.14292091131210327,-0.4790111184120178,0.7450690269470215,0.11312057077884674,-0.16371558606624603,0.006001424975693226,-0.07886551320552826,0.21746882796287537,0.2643637955188751,0.05283746123313904,0.09028218686580658,-0.20150749385356903,-0.2905007302761078,0.2880537509918213,0.2130568027496338,-0.07302029430866241,-1.4076511859893799,-1.2481657266616821,-0.5478054285049438,0.14120951294898987,0.0176430381834507,-0.07939692586660385,1.0467746257781982,-0.12454221397638321,0.13884730637073517,0.19453181326389313,-0.10149655491113663,-0.31532853841781616,0.48714202642440796,0.10761500895023346,0.12874972820281982,0.016072770580649376,-0.0955115407705307,0.3710871934890747,0.20851877331733704,-0.3121946156024933,-0.14898380637168884,0.09919571876525879,1.140690565109253,-0.2479476034641266,-0.7090896368026733,0.1552588939666748,-1.1386650800704956,-0.04551343247294426,0.39463526010513306,-0.22761289775371552,0.19256584346294403,-0.315800279378891,0.2481052428483963,1.1715877056121826,-0.24129962921142578,0.322833776473999,-0.09470618516206741,-0.008441006764769554,0.001448130584321916,0.6355047821998596,0.14103339612483978,0.5968320965766907,0.3178406357765198,-0.15703462064266205,-0.05760987848043442,-0.0040909526869654655,-0.4563712179660797,0.08003398776054382,-0.6690548062324524,0.3371310532093048,0.01310654915869236,-0.014024818316102028,0.16481176018714905,0.14273926615715027,1.1115623712539673,0.2657378613948822,0.13615944981575012,-0.6089916825294495,0.03260081633925438,-0.10646575689315796,0.37746959924697876,0.05049727112054825,-0.6331380009651184,-0.31383025646209717,-0.3459964394569397,0.2860287129878998,-0.20678675174713135,-0.337495893239975,-0.3765981197357178,0.21261826157569885,0.16793930530548096,0.02770514413714409,-0.06274284422397614,0.29374805092811584,-0.10985653102397919,-1.9037706851959229,-0.16900813579559326,0.17336830496788025,0.020979056134819984,-0.24195018410682678,0.04543786495923996,-0.1454191952943802,0.9926565885543823,0.16260036826133728,-0.07248682528734207,-0.009715181775391102,0.4415666460990906,0.1132485643029213,0.22937652468681335,-1.028205394744873,0.12895576655864716,-0.2788885831832886,-0.13553176820278168,0.42139381170272827,0.336151659488678,0.4033821225166321,-0.265887975692749,-0.26811471581459045,-0.14284732937812805,0.008130448870360851,0.40345463156700134,-0.12395884841680527,0.28425222635269165,0.04551412910223007,-0.2775276303291321,0.5485310554504395,-0.8191269636154175,0.1770465075969696,0.17381131649017334,0.0978500097990036,0.011816373094916344,0.7423429489135742,-0.0703001320362091,0.005259734578430653,0.5061761140823364,-0.2574068605899811,0.06510857492685318,0.01599234901368618,0.02120630443096161,0.08460481464862823,-0.17545059323310852,0.08983448147773743,-0.1252533346414566,0.5354839563369751,0.04976745694875717,-0.08069388568401337,0.8892087936401367,-0.2660169005393982,-0.533076822757721,-1.1857407093048096,0.7456077933311462,0.24223537743091583,0.2686225473880768,0.32826554775238037,-0.6816921234130859,0.2170930653810501,-0.26638320088386536,-0.029653245583176613,-1.154020071029663,0.09907416254281998,-0.5478819012641907,0.20317097008228302,-0.09778498113155365,0.07916083186864853,1.247140884399414,-0.5599849224090576,-0.24617941677570343,0.0257631354033947,-0.2549744248390198,0.1661115288734436,-0.6782764196395874,-0.3351312577724457,0.3849867582321167,-0.22098155319690704,0.5444768071174622,0.3851066529750824,0.005708645097911358,-0.14064544439315796,-0.181736558675766,0.9648634195327759,0.2003219574689865,-0.25477585196495056,-0.3787251114845276,0.11928211152553558,-0.5148555040359497,-0.19601884484291077,-0.5040751695632935,1.7066888809204102,-0.17840918898582458,0.01630503311753273,-0.4049503207206726,-0.3871108591556549,-0.09849359840154648,0.184986874461174,1.5837509632110596,-0.19493773579597473,0.8651320338249207,0.17268088459968567,0.23265163600444794,1.546848177909851,-0.41550660133361816,0.5537195801734924,-0.4727681577205658,0.10415636003017426,-0.22389332950115204,0.31451088190078735,-0.28030258417129517,-0.07513054460287094,0.04023991897702217,-0.13594475388526917,0.7223643660545349,0.5028864145278931,-0.6274140477180481,-0.21708783507347107,-0.11596981436014175,0.05605204030871391,-0.15940800309181213,0.21615132689476013,0.07959355413913727,-0.3480066657066345,-0.09501434862613678,0.4669523239135742,0.0004457294999156147,-0.435674250125885,-0.11163449287414551,0.13520954549312592,0.026087045669555664,0.1124781146645546,0.23671361804008484,-0.161110520362854,-0.8542604446411133,0.3354591429233551,0.15469995141029358,0.13971813023090363,-0.28908857703208923,-0.08924253284931183,1.520814299583435,-0.20478613674640656,-0.09585992991924286,-0.5224215984344482,-0.23659391701221466,-0.46439844369888306,-0.17005908489227295,0.14743605256080627,-0.1585783064365387,0.6401354074478149,0.14100798964500427,0.05850083380937576,0.010114187374711037,0.016185438260436058,0.5223661065101624,-0.05218583345413208
CID000005466,571,0.044211506843566895,-0.2260456532239914,-0.5011986494064331,0.16536429524421692,0.330453097820282,-0.16910970211029053,-0.07533593475818634,-0.40568190813064575,-0.15871533751487732,0.04279247671365738,0.2563835382461548,0.0807720273733139,-0.08321341127157211,0.11559374630451202,0.01655663549900055,0.15840645134449005,0.19959861040115356,0.11685912311077118,-0.16918182373046875,0.23149816691875458,-0.09324079751968384,0.07516882568597794,0.41283684968948364,0.07282879203557968,-0.25590530037879944,-0.7157792448997498,-0.5427890419960022,0.11892225593328476,0.010289212688803673,0.053808920085430145,0.5440014004707336,0.10486114025115967,-0.0934232547879219,0.5082464218139648,-0.18210184574127197,0.10025771707296371,0.8726582527160645,-0.14981001615524292,0.032211318612098694,0.08388164639472961,0.08167170733213425,0.2900429666042328,-0.3643932044506073,-0.04851263388991356,-0.029488617554306984,0.010254274122416973,0.5239967107772827,-0.23500244319438934,-0.5344579219818115,-0.0395282581448555,-0.5248070955276489,0.15704357624053955,0.41064542531967163,-0.21472597122192383,0.2698860168457031,-0.24954251945018768,-0.2698390781879425,0.44984370470046997,0.08666692674160004,-0.14159737527370453,0.013826170936226845,-0.16855666041374207,0.1398371011018753,0.5919633507728577,0.08571074157953262,0.22286128997802734,-0.22014956176280975,-0.15882834792137146,0.0008755087619647384,0.044267941266298294,-0.5093636512756348,0.14836254715919495,-0.5748352408409119,0.6354609131813049,0.06533829867839813,0.2238965928554535,0.4167410433292389,0.24256257712841034,0.42598485946655273,0.02642366662621498,-0.009595056995749474,-0.22724291682243347,0.12316541373729706,-0.083462655544281,0.07840083539485931,0.29660317301750183,-0.10506751388311386,-0.07356487214565277,-0.02714991569519043,0.10971151292324066,-0.24417643249034882,-0.1017688736319542,-0.1290602833032608,0.09758016467094421,0.11472232639789581,-0.04669161140918732,0.009437128901481628,0.12350652366876602,-0.04556695371866226,-0.5991746783256531,-0.023584898561239243,-0.15834349393844604,0.20588286221027374,-0.03706073760986328,0.2809237539768219,-0.06349223107099533,0.8012345433235168,-0.05638710781931877,0.22149381041526794,-0.10434253513813019,0.018885256722569466,0.11023058742284775,0.1432318389415741,-0.22535455226898193,0.20650756359100342,-0.39974650740623474,-0.38160985708236694,0.027524998411536217,-0.02349761314690113,0.06124382093548775,-0.20452561974525452,-0.3366718888282776,0.11414115130901337,0.07829121500253677,-0.04061930999159813,0.09454689919948578,0.18318048119544983,0.016482433304190636,-0.23622822761535645,0.23963841795921326,-0.5840505957603455,-0.3272952139377594,0.2979610860347748,0.1896153688430786,0.02451920136809349,0.7329784631729126,0.2089610993862152,-0.09701845794916153,0.24433939158916473,-0.07066429406404495,-0.09561318159103394,-0.15816079080104828,0.05844554305076599,0.1179131492972374,0.17143023014068604,-0.04513245448470116,-0.2045060396194458,-0.1132965236902237,-0.08536884933710098,0.013909541070461273,0.2284749448299408,-0.04714689403772354,-0.5116011500358582,-0.5357445478439331,0.3462289571762085,-0.1831265687942505,0.23694384098052979,0.047958701848983765,-0.3894745111465454,-0.10593871772289276,-0.07005169987678528,0.1308458298444748,-0.7234521508216858,0.008736672811210155,-0.31919002532958984,0.06391291320323944,0.036058664321899414,-0.09305524826049805,0.7039275765419006,-0.5282834768295288,-0.23247173428535461,-0.1111375242471695,-0.03099292889237404,-0.11837559938430786,-0.5284695625305176,-0.31916913390159607,0.29393869638442993,0.06588254868984222,0.48991265892982483,-0.03252047672867775,0.5974992513656616,-0.1406172811985016,-0.18881423771381378,0.362918496131897,-0.0981702208518982,-0.4742867946624756,0.042121537029743195,-0.20799128711223602,-0.2089163362979889,-0.019548825919628143,-0.21792693436145782,0.9319496154785156,0.027890795841813087,-0.423288494348526,0.14752966165542603,-0.08265406638383865,0.030184149742126465,0.2436923086643219,0.47906509041786194,-0.11035357415676117,0.2510966658592224,0.5248517990112305,-0.06427253037691116,0.23624590039253235,-0.4586898684501648,-0.3633130192756653,-0.18755373358726501,-0.015731021761894226,-0.1480293571949005,-0.09779980778694153,-0.024693835526704788,-0.013170553371310234,-0.12745606899261475,-0.23906096816062927,0.7095481753349304,-0.0512523278594017,0.04986308142542839,-0.21851377189159393,0.03566252440214157,0.11431878805160522,0.27755141258239746,0.05512715131044388,0.13490048050880432,-0.09559611976146698,0.1972000151872635,-0.003433551639318466,0.007473674602806568,-0.5706416368484497,-0.25965404510498047,-0.015381607227027416,-0.2168661653995514,0.13140329718589783,0.16576457023620605,-0.16900315880775452,-0.481303870677948,0.06705620139837265,0.14515814185142517,-0.18990519642829895,-0.06890321522951126,-0.06333141028881073,0.6338741779327393,-0.33698734641075134,0.051063716411590576,-0.29064223170280457,-0.06558127701282501,-0.1831534057855606,0.11648732423782349,0.013675177469849586,-0.058590978384017944,0.22925150394439697,0.16682764887809753,0.039690643548965454,0.281566321849823,-0.17920391261577606,0.1960718333721161,0.14037898182868958
CID000004909,579,0.04054810479283333,-0.19736738502979279,-0.6465001702308655,0.0723857581615448,0.44173064827919006,0.09998612850904465,-0.06715825945138931,-0.4264480471611023,-0.10029637813568115,-0.11828509718179703,0.05183294415473938,-0.06678767502307892,-0.10742837190628052,-0.01724252663552761,-0.0798754096031189,0.25287002325057983,0.639221727848053,0.13459165394306183,-0.5441209077835083,-0.015851769596338272,-0.19647495448589325,0.027916112914681435,0.643052875995636,0.10310027748346329,-0.3518557548522949,-0.67696213722229,-0.280602365732193,-0.05262940004467964,0.3243090808391571,0.27594485878944397,0.9788520932197571,-0.015871107578277588,0.02165852300822735,0.6926092505455017,-0.6734682321548462,-0.046541906893253326,0.9214421510696411,-0.03477397561073303,0.024120312184095383,0.08391281217336655,-0.4899526536464691,0.8430237770080566,-0.19286300241947174,0.09937478601932526,0.13912121951580048,-0.0529642328619957,0.6367431879043579,0.04855189844965935,-0.590135395526886,0.173996239900589,-0.5264877080917358,0.0773886889219284,0.3233536183834076,-0.21940870583057404,0.19627049565315247,-0.4715866446495056,-0.13913650810718536,0.8602300882339478,0.20611505210399628,-0.31390029191970825,0.09165561199188232,-0.17537787556648254,-0.10967085510492325,0.8540515899658203,0.2776924967765808,0.359499990940094,0.010675841942429543,-0.1707124263048172,-0.12108194828033447,-0.015645204111933708,-0.8335480690002441,0.16064834594726562,-0.9181025624275208,0.18323636054992676,0.183328315615654,0.18769316375255585,0.6120344400405884,0.14900103211402893,0.6969560384750366,0.2142401486635208,0.15484166145324707,-0.138972207903862,0.020077474415302277,-0.19864444434642792,0.2635849416255951,0.3347723186016083,-0.6937199831008911,-0.023442614823579788,-0.2577475607395172,0.10868752002716064,-0.12986108660697937,0.1312483549118042,-0.17727577686309814,0.0300724096596241,-0.035021618008613586,-0.3156338632106781,-0.19218187034130096,0.11153005063533783,0.044500239193439484,-0.6570344567298889,-0.10280754417181015,0.0031032965052872896,0.18132451176643372,-0.1949930191040039,0.3529532551765442,-0.02497163414955139,0.819943904876709,0.33356258273124695,0.08080370724201202,0.040898703038692474,0.07308860868215561,0.015175041742622852,0.7197912931442261,-0.29373079538345337,0.26089057326316833,0.006688260938972235,-0.031087394803762436,0.2067519724369049,-0.1792028844356537,0.2609209716320038,-0.3406299948692322,-0.29717421531677246,-0.1237497329711914,-0.11414454877376556,-0.007668143603950739,-0.1105896607041359,0.1975838840007782,-0.08285218477249146,-0.0330040343105793,0.25001370906829834,-0.8817107081413269,-0.31844764947891235,0.440986305475235,0.368002712726593,0.11343914270401001,1.0607640743255615,0.19931428134441376,-0.10143022239208221,0.274994432926178,0.03914852440357208,-0.05417581647634506,-0.22067411243915558,0.04979194328188896,0.3710304796695709,0.06313230097293854,-0.10897646844387054,-0.6200594902038574,0.040250249207019806,-0.06162728741765022,-0.09474433958530426,0.3458041250705719,-0.09187532961368561,-0.8237441778182983,-0.9123306274414062,0.9066846966743469,-0.24049656093120575,-0.02078111097216606,0.0663803368806839,-0.288016140460968,-0.0023613497614860535,-0.2281453162431717,0.1456306278705597,-0.7607839107513428,-0.10701918601989746,-0.4713006615638733,0.0925820991396904,-0.05867260694503784,-0.18499083817005157,0.47216135263442993,-0.44091445207595825,-0.3405833840370178,-0.21690762042999268,-0.10650018602609634,-0.07428333908319473,-0.5758663415908813,0.019898954778909683,0.35230591893196106,0.06912216544151306,0.5609027743339539,0.17811457812786102,0.539853036403656,-0.16440418362617493,-0.2159850150346756,0.4420687258243561,-0.013031463138759136,-0.35950201749801636,-0.01901591382920742,-0.32439351081848145,-0.20501165091991425,-0.1786983758211136,-0.412301242351532,0.9585179090499878,-0.18206322193145752,-0.4159339368343353,-0.03439918905496597,-0.12033335864543915,0.07384383678436279,0.11233015358448029,0.3932816982269287,-0.1306418627500534,0.16774395108222961,0.12262551486492157,0.12764713168144226,0.26650089025497437,-0.35744917392730713,-0.18788930773735046,-0.13315589725971222,0.23009447753429413,-0.12114860862493515,-0.22435243427753448,-0.2544710040092468,-0.04847371205687523,-0.008907780051231384,-0.29905813932418823,0.4314993917942047,0.05201796442270279,-0.20197656750679016,-0.27454155683517456,-0.1486705094575882,0.062334947288036346,0.04662477970123291,-0.059237122535705566,0.09815818071365356,-0.08996955305337906,-0.12581287324428558,0.008773630484938622,0.011799007654190063,-1.0585787296295166,-0.1733638346195221,0.04609908163547516,-0.12889744341373444,0.4565877914428711,0.01850307546555996,0.05007552355527878,-0.6761260032653809,0.2806050777435303,0.016170484945178032,-0.07578227669000626,-0.17502130568027496,-0.08918047696352005,0.3412246108055115,-0.30462974309921265,0.048558395355939865,-0.06803000718355179,-0.6578934788703918,-0.3099052309989929,0.24976368248462677,0.25835120677948,-0.12132588773965836,0.3907701075077057,0.22855278849601746,-0.01722319796681404,0.01435902714729309,-0.14081184566020966,0.4144729673862457,-0.08116190135478973
CID000005245,580,-0.02893800102174282,-0.2533108592033386,-0.6842288970947266,0.1534787267446518,0.46075695753097534,-0.1348227560520172,-0.20242270827293396,-0.6995742321014404,-0.18853428959846497,-0.13723041117191315,0.3514341711997986,0.01592147722840309,-0.11053256690502167,-0.003136074636131525,0.21093635261058807,0.09738864004611969,0.3690834641456604,0.23677420616149902,-0.17739875614643097,0.36207324266433716,-0.13365457952022552,0.1345544159412384,0.5203108787536621,0.025045448914170265,-0.5437098741531372,-0.7171330451965332,-0.6326414346694946,0.3491278290748596,-0.0857362300157547,-0.026359785348176956,0.7603805065155029,0.14391592144966125,-0.14190104603767395,0.42245179414749146,-0.06851305812597275,0.3015109896659851,1.1706273555755615,-0.004504165146499872,0.15287315845489502,0.17351309955120087,0.08481993526220322,0.5086964964866638,-0.30004557967185974,-0.05330674722790718,-0.04615999385714531,0.0531483069062233,0.6751102209091187,-0.33089208602905273,-0.49180665612220764,-0.021726669743657112,-0.2659381330013275,0.4097960591316223,0.3655095398426056,-0.11943437904119492,0.39943772554397583,-0.1608702391386032,-0.3205537796020508,0.6782045960426331,0.153877392411232,-0.10108780860900879,-0.1048082485795021,-0.2728624641895294,-0.12628623843193054,0.5947251915931702,0.04144013673067093,0.2655552327632904,-0.05516860634088516,-0.12567585706710815,0.0024709373246878386,0.13629645109176636,-0.6970440149307251,0.17147308588027954,-0.4676406979560852,0.477480411529541,0.05253468081355095,0.21389222145080566,0.6873407363891602,0.15069979429244995,0.431140273809433,0.08937153965234756,-0.0021695345640182495,-0.1280091106891632,0.23665864765644073,-0.08795823156833649,0.24056944251060486,0.35379558801651,-0.19112074375152588,-0.0020679361186921597,-0.052273768931627274,0.2902551293373108,-0.3523190915584564,-0.07085786014795303,-0.18882779777050018,0.008639790117740631,0.1271819919347763,0.10179851204156876,-0.03477086126804352,0.28110116720199585,-0.050829727202653885,-0.9247599840164185,0.01515610795468092,-0.12202785909175873,0.14701154828071594,0.014575308188796043,0.21334798634052277,0.00033476651879027486,0.9363500475883484,-0.22604234516620636,0.3300849497318268,-0.002585971262305975,-0.14108768105506897,-0.031997647136449814,0.30428341031074524,-0.07772842794656754,0.11610438674688339,-0.3177780210971832,-0.3735308051109314,-0.0531168095767498,-0.12641067802906036,0.29097050428390503,-0.44039711356163025,-0.2832157611846924,0.14005610346794128,0.17632046341896057,-0.11324644088745117,0.13081535696983337,0.31714925169944763,0.0049730464816093445,-0.22718939185142517,0.2585379481315613,-0.679533064365387,-0.37531229853630066,0.29629695415496826,0.01660684309899807,0.11459887027740479,0.6698576807975769,0.21685266494750977,-0.11711449921131134,0.3144604563713074,-0.18516507744789124,0.001357872737571597,-0.2487352341413498,0.15083178877830505,0.02930092252790928,0.028075799345970154,-0.08417940884828568,-0.24442903697490692,-0.14376184344291687,-0.08005397766828537,0.03999197855591774,0.1784645915031433,-0.13320878148078918,-0.4906094968318939,-0.6970294713973999,0.5146951675415039,0.006689182482659817,0.36983007192611694,0.06117556244134903,-0.36478957533836365,-0.05683807656168938,-0.026824448257684708,0.12519177794456482,-1.2817360162734985,0.20716778934001923,-0.3692905008792877,0.04628673568367958,0.0013295740354806185,-0.30569830536842346,0.8080282211303711,-0.45937395095825195,-0.2660074532032013,-0.10932266712188721,0.034069888293743134,-0.08971945941448212,-0.6060865521430969,-0.33241695165634155,0.3429366648197174,0.10519053786993027,0.6002448797225952,-0.09082327038049698,0.5249818563461304,-0.24311891198158264,-0.282641738653183,0.5757191777229309,-0.09104247391223907,-0.3690204620361328,0.006486809346824884,-0.09525270760059357,-0.39632391929626465,-0.1366722285747528,-0.3079903721809387,1.0714895725250244,-0.07346224784851074,-0.46526584029197693,0.17117516696453094,-0.12563301622867584,-0.07345988601446152,0.11896388232707977,0.4390699863433838,-0.11285503208637238,0.4062088131904602,0.2405966818332672,-0.07876762002706528,0.3222484290599823,-0.3509064316749573,-0.24207691848278046,-0.149752676486969,0.1552775353193283,-0.08648721873760223,-0.1598110795021057,-0.11133972555398941,-0.035323258489370346,-0.04658813774585724,-0.3341464400291443,0.6270446181297302,-0.051777999848127365,-0.06013920158147812,-0.31650516390800476,0.19742313027381897,0.067247174680233,0.09440308064222336,0.027873575687408447,0.0568590983748436,-0.25004303455352783,0.08829110115766525,0.07431699335575104,-0.02072232961654663,-0.5586815476417542,-0.16026727855205536,0.02289147488772869,-0.2494169920682907,0.23262369632720947,0.07761191576719284,-0.15142618119716644,-0.5547314882278442,0.07517842948436737,0.1487669199705124,-0.0565318837761879,-0.1577955186367035,0.003775963094085455,0.80894535779953,-0.37078800797462463,0.22817263007164001,-0.26086416840553284,-0.07146401703357697,-0.30951985716819763,0.24114827811717987,0.2471783608198166,-0.2629908621311188,0.18585039675235748,0.2753625810146332,0.15983182191848755,0.34953969717025757,-0.21669714152812958,0.28083890676498413,0.03830396384000778
CID000003454,583,-0.02274094708263874,-0.3918636441230774,-0.6853901743888855,0.5235224366188049,0.2719680368900299,-0.11062333732843399,-0.1803566962480545,-0.2931815981864929,0.15048104524612427,0.053940486162900925,0.33421796560287476,0.009656289592385292,0.03265593200922012,-0.10728051513433456,0.012047248892486095,0.1424248218536377,0.6530362367630005,0.2710137963294983,-0.497337281703949,0.011552545242011547,-0.309073269367218,0.4473840296268463,0.29828935861587524,0.11312028020620346,-0.6738160848617554,-0.8693968057632446,-0.8302979469299316,-0.39950066804885864,0.08879905194044113,-0.00785585306584835,0.7897635698318481,0.055271685123443604,0.17094174027442932,0.4404640793800354,-0.4802258610725403,0.21585030853748322,1.0143096446990967,-0.04759327694773674,0.25048285722732544,0.042256079614162445,-0.3907140791416168,0.881946861743927,-0.1971353441476822,-0.46630144119262695,0.07283420860767365,-0.19450083374977112,0.7608561515808105,-0.0605289526283741,-0.5904277563095093,-0.06510397046804428,-0.8434225916862488,0.12977619469165802,0.29871436953544617,-0.09362529218196869,0.2034120112657547,-0.19547417759895325,-0.2007143795490265,0.5056664347648621,0.451144278049469,0.16479304432868958,-0.19751113653182983,-0.42905640602111816,0.20791497826576233,0.8839883804321289,0.05448414012789726,0.37400826811790466,-0.09509246051311493,-0.03826348856091499,-0.11103393882513046,0.1304669827222824,-0.5316809415817261,0.11639139801263809,-0.5698683261871338,0.25146979093551636,0.10678321123123169,0.4633257985115051,0.5818732976913452,0.13021180033683777,0.8440393209457397,0.042573481798172,0.21294355392456055,-0.5081921815872192,0.2073516547679901,-0.022725146263837814,0.33529895544052124,0.3794083297252655,-0.3315267562866211,-0.42123594880104065,-0.0671730488538742,-0.019016766920685768,-0.0648823231458664,0.12900987267494202,-0.04653429239988327,-0.304650217294693,0.14463095366954803,-0.13939206302165985,-0.1626991629600525,0.37382033467292786,-0.02407674491405487,-1.1629561185836792,-0.2378769814968109,-0.27055051922798157,0.3139117360115051,0.07100551575422287,0.11756088584661484,-0.14039774239063263,0.79729163646698,-0.054579854011535645,0.07339663803577423,0.09522084891796112,0.24126465618610382,-0.08768734335899353,0.031360458582639694,-0.8305296897888184,0.09655724465847015,-0.4643173813819885,-0.286159485578537,0.1915014535188675,0.05408475548028946,0.3748278021812439,-0.12132570892572403,-0.23684196174144745,0.009425796568393707,-0.2677183747291565,-0.1160786896944046,-0.10980323702096939,0.3743973970413208,-0.12863405048847198,-0.11871130764484406,0.13115957379341125,-1.0672075748443604,-0.6288267970085144,0.34425854682922363,0.2296488732099533,-0.08697010576725006,0.9579015970230103,-0.07106739282608032,-0.07480664551258087,0.504064679145813,-0.21606142818927765,-0.20237059891223907,-0.3577040135860443,-0.04505202919244766,0.20650848746299744,-0.0826403796672821,-0.10409197956323624,-0.45527783036231995,0.18196184933185577,0.03668174892663956,0.3317374587059021,0.7759678959846497,0.013486606068909168,-0.7226043939590454,-0.6132273077964783,0.40849724411964417,-0.04770491272211075,-0.01997625268995762,0.0445050373673439,-0.33352792263031006,0.008415913209319115,-0.08943267166614532,0.0837043821811676,-0.9486648440361023,0.21603913605213165,-0.38831180334091187,-0.0608585961163044,-0.33553585410118103,-0.07124993950128555,0.8292087316513062,-0.2825527787208557,-0.09221307188272476,-0.11521892249584198,-0.29102572798728943,0.012218562886118889,-0.9873235821723938,0.03018495999276638,0.4567940831184387,-0.010553370229899883,0.5642105937004089,0.1061827540397644,0.41005533933639526,-0.30515891313552856,-0.26843613386154175,0.8827889561653137,0.006476896815001965,-0.9819520711898804,0.05980880185961723,0.0994671955704689,-0.27756935358047485,-0.1676834374666214,-0.16057899594306946,0.8554936647415161,-0.01892342045903206,-0.1870131641626358,-0.09893651306629181,0.019257167354226112,-0.1412636935710907,-0.10347733646631241,0.8248870968818665,-0.1338592916727066,0.2931106686592102,0.21487422287464142,0.06199149042367935,0.3408910632133484,-0.2956443130970001,0.2248276174068451,-0.30896052718162537,-0.1064225435256958,-0.32158762216567993,-0.008363800123333931,0.24559879302978516,-0.07493463158607483,0.24971821904182434,-0.3998226523399353,1.0778595209121704,0.43666672706604004,-0.04524634778499603,-0.06653193384408951,0.1315237134695053,-0.08855977654457092,-0.017953727394342422,0.07277555763721466,0.03590843081474304,0.009262943640351295,-0.20539233088493347,0.22435760498046875,-0.13685539364814758,-0.7258156538009644,-0.0019112825393676758,-0.1993596851825714,-0.1066691130399704,-0.15131831169128418,0.06257087737321854,-0.2692999243736267,-0.799292266368866,0.06481876969337463,0.06968727707862854,-0.0462728887796402,-0.18602913618087769,0.029566854238510132,1.0636792182922363,-0.26313868165016174,-0.08928395807743073,-0.47644472122192383,-0.2381085604429245,-0.38427358865737915,0.024870432913303375,-0.03981335088610649,-0.01031116209924221,0.2543383240699768,0.097495436668396,0.09735183417797089,0.21226570010185242,-0.002776262117549777,0.3320913314819336,0.1646880805492401
CID000001986,584,0.13797065615653992,-0.31066614389419556,-0.609174370765686,0.1253393590450287,0.579255223274231,-0.003916061017662287,-0.14425568282604218,-0.8892704248428345,-0.36174020171165466,-0.02411608025431633,0.17901918292045593,0.06348969042301178,0.024449938908219337,-0.14797374606132507,0.019019901752471924,0.04302629828453064,0.3631044924259186,0.019822711125016212,-0.15288183093070984,0.2512059211730957,-0.17846019566059113,0.20317283272743225,0.4697644114494324,0.04560144990682602,-0.48541098833084106,-0.7614800333976746,-0.5929704904556274,0.17852209508419037,-0.07828350365161896,-0.062282901257276535,0.7373736500740051,0.11588053405284882,-0.14995551109313965,0.5898934602737427,-0.26039552688598633,0.20165161788463593,1.4460831880569458,-0.14224810898303986,0.020879486575722694,0.08451604098081589,-0.09136784821748734,0.6015772819519043,-0.3457827568054199,-0.011168932542204857,-0.07758234441280365,-0.019776154309511185,0.6802802085876465,-0.19942019879817963,-0.34498804807662964,0.11311513185501099,-0.46464449167251587,0.16307595372200012,0.2840532064437866,-0.2056809663772583,0.2202235460281372,-0.23648878931999207,-0.22438105940818787,0.5643938779830933,0.09467625617980957,0.0010753631358966231,-0.0783037319779396,-0.2554417848587036,-0.17690041661262512,0.6362086534500122,0.05639728158712387,0.23149661719799042,-0.21445147693157196,-0.22020463645458221,-0.1754423975944519,0.0788077712059021,-0.5912339091300964,0.19745033979415894,-0.8205041885375977,0.47406643629074097,0.02924356795847416,0.1580888032913208,0.6810329556465149,0.18176008760929108,0.5786585807800293,0.08935908228158951,-0.05742548033595085,-0.4855895936489105,0.14600007236003876,-0.0710013285279274,-0.10642685741186142,0.3933575451374054,-0.2486555576324463,-0.28955739736557007,0.022301625460386276,0.12341181188821793,-0.09605320543050766,-0.22950465977191925,-0.08805498480796814,0.05661233514547348,0.13904163241386414,-0.07960271090269089,0.09378094971179962,0.24053044617176056,0.05035131052136421,-0.8739334344863892,-0.16177985072135925,-0.16762161254882812,0.20513634383678436,-0.13335303962230682,0.2171759307384491,-0.10072726011276245,1.0594443082809448,-0.3667716681957245,0.274459570646286,-0.040782228112220764,-0.09412531554698944,0.09093590825796127,0.21876642107963562,-0.1937219649553299,0.10475393384695053,-0.28946882486343384,-0.5153590440750122,0.008034678176045418,-0.08808717876672745,0.2098497599363327,-0.4016774296760559,-0.3392988443374634,0.14562122523784637,0.056832194328308105,-0.07121746242046356,-0.04343990236520767,0.4029199481010437,-0.1110454574227333,-0.19927571713924408,0.3143578767776489,-0.7442108988761902,-0.2713276743888855,0.5084095001220703,0.07988663017749786,-0.018790224567055702,0.7097721099853516,0.3254278600215912,-0.0015884160529822111,0.1984921544790268,-0.1312330961227417,-0.15427260100841522,-0.29853659868240356,0.1422930508852005,0.25660794973373413,-0.0068330406211316586,0.23910875618457794,-0.1216454952955246,0.10528689622879028,-0.06113024801015854,-0.14349322021007538,0.2634693384170532,-0.11032652854919434,-0.519156277179718,-0.667538046836853,0.5707296133041382,-0.1619097888469696,0.4293070435523987,0.2307465523481369,-0.3735908567905426,-0.0497777983546257,-0.017702529206871986,0.35520827770233154,-0.9523085355758667,0.13711917400360107,-0.3310154676437378,-0.14361512660980225,0.09063317626714706,-0.21014411747455597,0.7604658007621765,-0.4424777925014496,-0.1505865752696991,-0.09811387211084366,0.031996920704841614,-0.047778427600860596,-0.7332543134689331,-0.1547049582004547,0.8398286700248718,-0.019651776179671288,0.5612083673477173,-0.023670870810747147,0.5491676926612854,-0.3728860020637512,-0.12640993297100067,0.6189509630203247,0.06673016399145126,-0.5632379055023193,0.014392226934432983,-0.12102953344583511,-0.39259910583496094,-0.1697668731212616,-0.5061302185058594,1.1278740167617798,-0.03193480893969536,-0.410135418176651,0.1599433720111847,-0.15706948935985565,0.16057418286800385,0.22865021228790283,0.5201578140258789,-0.10483994334936142,0.40996676683425903,0.1625177562236786,-0.15686959028244019,0.13334986567497253,-0.22920255362987518,-0.14712297916412354,-0.06788426637649536,0.11108428239822388,-0.24110129475593567,-0.012277210131287575,-0.06951379030942917,-0.018352923914790154,-0.29627323150634766,-0.2374192178249359,0.7151929140090942,0.21818538010120392,0.08091066032648087,-0.2642180621623993,-0.19702208042144775,0.16089002788066864,0.07209683954715729,0.04575628042221069,0.18842263519763947,-0.04421323537826538,0.32481199502944946,-0.06111299991607666,0.1068044900894165,-0.7474148869514465,-0.2868606448173523,-0.14377489686012268,-0.318326473236084,0.20744939148426056,0.12943236529827118,-0.2201649695634842,-0.5345637202262878,0.15500886738300323,0.13022087514400482,-0.05830882862210274,0.05234278365969658,-0.10415555536746979,0.850878119468689,-0.31970715522766113,0.16261163353919983,-0.1557297259569168,-0.15840983390808105,-0.38833969831466675,0.1379362791776657,0.29725775122642517,-0.26137399673461914,0.24727436900138855,0.25822511315345764,-0.005385369062423706,0.27921614050865173,-0.06491883844137192,0.28979650139808655,0.26523104310035706
CID000005234,585,0.0954674631357193,-0.13950154185295105,-0.7783182859420776,0.0020807504188269377,0.17573963105678558,-0.2982950806617737,0.36213749647140503,-0.5964583158493042,-0.17253175377845764,-0.6588658690452576,0.42288893461227417,0.25982439517974854,0.11454810947179794,-0.010950046591460705,0.26851731538772583,0.4640541672706604,0.317281574010849,-0.048093993216753006,-0.1888693869113922,-0.22318336367607117,-0.05045781284570694,0.3516254425048828,0.30644461512565613,0.011983342468738556,-1.7868187427520752,-1.0898923873901367,-0.44282469153404236,-0.07536326348781586,0.07766866683959961,0.08034658432006836,1.2163527011871338,-0.07800153642892838,-0.2514137327671051,0.38186508417129517,-0.5008413195610046,0.19562335312366486,0.8226999044418335,-0.36173146963119507,0.11297982931137085,-0.018113678321242332,-0.4290371835231781,0.3247818946838379,-0.11902467906475067,-0.8008434176445007,0.20832201838493347,0.09703464061021805,1.0696438550949097,-0.10026590526103973,-0.6297590136528015,0.09558434784412384,-1.3256235122680664,-0.08541468530893326,0.4786957800388336,-0.12655755877494812,0.13779661059379578,-0.41578564047813416,-0.08865509182214737,1.0370638370513916,0.04396941512823105,-0.09460445493459702,-0.1459255963563919,-0.334392249584198,-0.12817206978797913,0.9384285807609558,0.12345923483371735,0.6243101358413696,0.3745775818824768,0.04344547167420387,-0.1285257637500763,0.019757647067308426,-0.69861900806427,0.15700407326221466,-0.5116647481918335,0.3830350339412689,-0.2659992575645447,0.27983391284942627,0.49449124932289124,0.029432564973831177,0.46234768629074097,-0.07407261431217194,-0.06926292926073074,-0.6399324536323547,-0.2922496795654297,-0.28130900859832764,-0.09197007119655609,0.06233341619372368,-0.5414534211158752,-0.07901372760534286,-0.03024343214929104,-0.36115238070487976,0.4501802921295166,-0.16470755636692047,-0.11792178452014923,0.13123534619808197,-0.08933832496404648,-0.05473989248275757,0.2607612609863281,0.15447427332401276,-0.041383832693099976,-1.1631256341934204,-0.2717621326446533,-0.2460515946149826,-0.0034223548136651516,-0.39293310046195984,0.12672527134418488,-0.3459366261959076,1.0579203367233276,-0.2555575370788574,0.061006128787994385,0.1224278062582016,0.21115915477275848,0.14032331109046936,0.20655997097492218,-0.9708542823791504,-0.37430498003959656,-0.2387268841266632,-0.5257055163383484,0.26623648405075073,0.03232686594128609,0.27487874031066895,-0.33540207147598267,0.020369160920381546,-0.18651795387268066,-0.2159428596496582,0.008197473362088203,0.04565158486366272,0.45869049429893494,-0.4842778146266937,-0.022618746384978294,0.19820557534694672,-1.07454252243042,0.010820346884429455,0.49261417984962463,-0.02035670354962349,-0.08875469863414764,0.6526175141334534,-0.09066324681043625,0.13086041808128357,0.2630591094493866,-0.20831887423992157,-0.083285853266716,-0.07791861146688461,0.47774258255958557,0.4172515869140625,-0.1525576114654541,-0.06167592853307724,-0.0615004226565361,0.06800217926502228,-0.1838148683309555,0.10453589260578156,0.9413502812385559,-0.0325961709022522,-0.40834131836891174,-0.5917060375213623,0.9428023099899292,-0.0439167283475399,-0.030759643763303757,0.19537889957427979,-0.6885307431221008,0.11503686010837555,0.05603872612118721,0.26464253664016724,-0.9749090075492859,0.22020936012268066,-0.35071226954460144,-0.519537627696991,-0.029716193675994873,-0.014534413814544678,0.6178739666938782,-0.5098869204521179,-0.18676960468292236,-0.16851121187210083,-0.10166452080011368,0.008558583445847034,-0.8012154698371887,-0.2540524899959564,0.38588184118270874,0.32509252429008484,0.6042994260787964,0.5303812623023987,0.27151280641555786,0.09813178330659866,0.010880361311137676,0.6410354375839233,0.006936621852219105,-0.4752950668334961,-0.21935109794139862,-0.13111935555934906,-0.3339419960975647,-0.38430947065353394,-0.32450994849205017,1.0788648128509521,-0.024879664182662964,-0.1102001890540123,-0.3299923837184906,0.002135917544364929,0.08480997383594513,-0.07710742950439453,0.9186204671859741,-0.015863686800003052,0.7191082835197449,0.29258042573928833,-0.22347469627857208,0.45223110914230347,-0.5773757100105286,0.27292922139167786,-0.5547197461128235,-0.16542299091815948,-0.14280560612678528,0.37053182721138,0.43873900175094604,-0.05784853547811508,-0.1754751205444336,0.009315067902207375,1.0471926927566528,0.2799224555492401,-0.20626452565193176,0.40700763463974,-0.3780449330806732,-0.009186530485749245,0.02945457026362419,-0.08988150954246521,-0.05448261648416519,0.04576151818037033,0.1277541071176529,0.19901308417320251,-0.07130278646945953,-1.351735234260559,-0.3219227194786072,-0.1639927178621292,0.029001588001847267,0.26026254892349243,-0.036848634481430054,-0.3387201428413391,-0.4825829565525055,-0.09954961389303207,0.025156384333968163,0.15262654423713684,-0.2991597354412079,0.08514256775379181,0.9352896809577942,-0.27969688177108765,0.05832253769040108,-0.17236769199371338,-0.04545854777097702,-0.2572470009326935,0.0017431527376174927,-0.10239420086145401,-0.3535095453262329,0.25542810559272766,0.06628898531198502,-0.05214221403002739,-0.14037403464317322,-0.06399892270565033,0.34044429659843445,0.4115807116031647
CID000151165,586,0.013244939036667347,-0.11651351302862167,-0.43882694840431213,-0.027337783947587013,0.30445510149002075,-0.19073522090911865,-0.02272050455212593,-0.40912261605262756,-0.1697218120098114,0.14787684381008148,0.3805896043777466,0.09415509551763535,0.018106600269675255,-0.059618912637233734,-0.06318826228380203,0.3744989335536957,0.6213541030883789,0.05959261581301689,-0.2545733153820038,0.17008943855762482,-0.14455530047416687,-0.04511678218841553,0.5116866827011108,-0.04241182655096054,-0.3182346820831299,-0.6676374673843384,-0.42659449577331543,-0.07308407127857208,0.10013224184513092,0.12718871235847473,0.3855839967727661,0.07557515799999237,-0.07175607979297638,0.34767043590545654,-0.2234232872724533,0.06628073751926422,0.7529351115226746,-0.11916520446538925,0.012800304219126701,0.020223837345838547,-0.16267864406108856,0.6458212733268738,-0.3821665644645691,0.00707812886685133,0.0183089729398489,0.1010110154747963,0.5874032974243164,-0.054022859781980515,-0.5733703970909119,0.017391664907336235,-0.3463793098926544,0.19219234585762024,0.2591768801212311,-0.2455505132675171,0.1855543851852417,-0.42637258768081665,-0.15216191112995148,0.5492755174636841,-0.037274133414030075,-0.13187727332115173,0.09186512231826782,-0.3297196924686432,0.07499395310878754,0.6992447972297668,0.13555878400802612,0.14080731570720673,-0.23119190335273743,-0.01398585457354784,-0.050683487206697464,0.10884275287389755,-0.631104052066803,0.1554783284664154,-0.403134822845459,0.49774032831192017,-0.0074878232553601265,0.29673415422439575,0.552160382270813,0.44368991255760193,0.4759035110473633,-0.009160583838820457,-0.08615845441818237,-0.21516799926757812,0.0683148056268692,-0.05024254322052002,0.27115312218666077,0.3372434079647064,-0.06895005702972412,-0.039660245180130005,-0.1908019334077835,0.10972845554351807,-0.1648181974887848,-0.0004974603652954102,-0.009790575131773949,0.08985932171344757,0.11792854964733124,-0.13735541701316833,-0.3179197609424591,0.24336354434490204,-0.03610795736312866,-0.5310996770858765,-0.09707570821046829,-0.11962997913360596,0.0799231231212616,-0.06690861284732819,0.20696625113487244,-0.15099477767944336,0.6696711778640747,0.10891576111316681,0.19336245954036713,-0.140664741396904,-0.1452975571155548,0.15051861107349396,0.33677640557289124,-0.08063463121652603,0.21239647269248962,-0.24926479160785675,-0.3449743986129761,-0.05696629732847214,-0.11048698425292969,-0.08543889224529266,-0.202253058552742,-0.34222477674484253,0.0356418676674366,0.12592098116874695,-0.035644687712192535,0.14050646126270294,0.17077836394309998,0.08577290922403336,-0.18432332575321198,0.21889106929302216,-0.6255665421485901,-0.177498459815979,0.33632832765579224,0.3090989291667938,0.11832012236118317,0.7483121156692505,0.03521071746945381,-0.2555362582206726,0.24575333297252655,-0.1672603189945221,-0.14969882369041443,-0.2229873389005661,0.12310079485177994,0.36068275570869446,0.1764298975467682,-0.06591026484966278,-0.34843218326568604,-0.1421196162700653,0.02858717367053032,-0.013825911097228527,0.20235326886177063,-0.12580841779708862,-0.5893977284431458,-0.6618512272834778,0.397613525390625,-0.25581154227256775,0.20449581742286682,-0.15205766260623932,-0.5548133850097656,-0.10506187379360199,-0.07142563164234161,-0.21879036724567413,-0.7498348951339722,0.03168671578168869,-0.44815006852149963,0.04964727908372879,-0.055040497332811356,-0.12770920991897583,0.5444380640983582,-0.4711877703666687,-0.10687637329101562,-0.21208269894123077,-0.14895816147327423,-0.17017735540866852,-0.5616307854652405,-0.0927392989397049,0.28811049461364746,0.09606993198394775,0.5199170112609863,-0.1300346553325653,0.6841185092926025,-0.12415758520364761,-0.1566278040409088,0.1907660812139511,-0.05731165409088135,-0.4439471662044525,-0.04073468968272209,-0.33204394578933716,0.043016307055950165,-0.10517505556344986,-0.38312381505966187,0.8368054628372192,-0.028513651341199875,-0.43101629614830017,0.11015427112579346,-0.10947906970977783,-0.1270059049129486,0.039573200047016144,0.3120978772640228,-0.07334905117750168,0.3550068438053131,0.3414528965950012,-0.09053252637386322,0.06253262609243393,-0.3465039134025574,-0.30752354860305786,-0.14038555324077606,0.08624078333377838,0.04607993736863136,-0.11186454445123672,0.10632976144552231,0.04377024248242378,0.15931521356105804,-0.1817033737897873,0.7939695119857788,-0.013100611977279186,-0.17191572487354279,-0.25182044506073,0.02331092394888401,0.20712098479270935,0.26674801111221313,-0.007583346217870712,0.1441183239221573,-0.12195811420679092,-0.050033293664455414,0.07196523994207382,0.07587114721536636,-0.7080396413803101,-0.2889363765716553,-0.08023538440465927,-0.06549445539712906,0.17104113101959229,0.16047818958759308,-0.283980131149292,-0.4454229474067688,0.2159358263015747,0.08307454735040665,-0.20465044677257538,-0.018996449187397957,-0.19753630459308624,0.3199494779109955,-0.3485994338989258,-0.028964046388864517,-0.2273598164319992,0.0551750473678112,-0.25848686695098877,0.010392953641712666,-0.07846091687679291,-0.09748721122741699,0.29149961471557617,-0.03851202502846718,0.07523874938488007,0.05787619948387146,-0.1998288482427597,0.1973269283771515,-0.001720961881801486
CID000002405,587,0.33624690771102905,-0.0366702675819397,-0.48426809906959534,-0.20335784554481506,0.547423243522644,-0.25533580780029297,0.002308085560798645,-0.6431738138198853,-0.23537003993988037,0.22234535217285156,0.6572157740592957,0.024509500712156296,-0.16424015164375305,-0.10418138653039932,0.20576080679893494,0.21035166084766388,0.5469845533370972,-0.1696910560131073,-0.05854494497179985,0.1319151222705841,-0.3336397707462311,0.23916330933570862,0.8965886831283569,0.19087107479572296,-0.5087864995002747,-0.5884078741073608,-0.45273131132125854,-0.49686965346336365,0.47500818967819214,-0.29200032353401184,0.3747609555721283,0.11715157330036163,-0.08595796674489975,-0.002425391925498843,-0.23294825851917267,0.11515192687511444,0.7540560960769653,-0.2510499060153961,-0.19685806334018707,-0.4727398753166199,-0.5011599659919739,0.600812554359436,-0.5280344486236572,0.03748878091573715,-0.0447222962975502,0.18610644340515137,0.8451738357543945,0.14320169389247894,-0.5915651917457581,0.01836027018725872,-0.0036145076155662537,0.28375598788261414,0.5336382985115051,-0.27783361077308655,-0.0950041189789772,-0.49805158376693726,0.07102778553962708,1.2662935256958008,0.08595460653305054,-0.19889308512210846,-0.011902105994522572,-0.28517311811447144,-0.14680537581443787,0.7313002347946167,-0.00563257047906518,0.4471770226955414,0.07534646987915039,0.08479927480220795,0.027436038479208946,0.16703782975673676,-1.0005191564559937,0.07035891711711884,-0.6200038194656372,0.3173512816429138,-0.09555305540561676,0.5167690515518188,0.3571609854698181,0.21613243222236633,0.15287615358829498,-0.24991288781166077,-0.3718295991420746,-0.3159363269805908,-0.028285587206482887,0.20082731544971466,0.1622404307126999,0.13068756461143494,-0.15826137363910675,-0.024301549419760704,-0.2083742916584015,0.004677009768784046,-0.011715042404830456,0.12610118091106415,-0.24140653014183044,-0.08876711130142212,-0.2082851380109787,-0.09918741136789322,-0.16903796792030334,0.21982412040233612,-0.07248076051473618,-0.6182432174682617,-0.16364464163780212,-0.11309505999088287,-0.11909284442663193,-0.029998308047652245,0.047852177172899246,-0.41899576783180237,0.5597634315490723,0.15491823852062225,0.021531473845243454,-0.06278500705957413,-0.054538995027542114,-0.021341141313314438,1.0161386728286743,-0.0196601040661335,-0.04905576631426811,-0.18988612294197083,-0.14645113050937653,-0.15143407881259918,0.04689618945121765,0.05799233913421631,-0.114100381731987,-0.15762586891651154,0.10794828087091446,-0.03324596956372261,-0.1642540991306305,0.4230123460292816,0.2718748152256012,0.002493643667548895,-0.3430708050727844,0.07680307328701019,-0.5032029151916504,0.25806108117103577,0.39219412207603455,0.09438393265008926,0.22643594443798065,0.43509572744369507,0.21446731686592102,-0.4577602446079254,0.5775355100631714,0.03509388118982315,-0.074068084359169,-0.11783115565776825,0.23558416962623596,0.063499316573143,0.08469756692647934,-0.04224420338869095,-0.21780183911323547,-0.14581070840358734,0.1957647055387497,0.019182546064257622,0.3138863444328308,0.030644074082374573,-0.6829659342765808,-0.7556353807449341,0.5226631164550781,-0.4414340853691101,-0.0725962370634079,0.2236289530992508,-0.7863892316818237,0.07012825459241867,0.14372935891151428,-0.2661363482475281,-0.7345773577690125,0.07772962003946304,-0.5967624187469482,-0.3738318979740143,-0.013967308215796947,0.23066183924674988,0.33130985498428345,-0.4524232745170593,-0.48062554001808167,0.005199373699724674,-0.09008399397134781,-0.2747223675251007,-0.8374935388565063,0.04824129492044449,0.5226677656173706,-0.13655808568000793,0.7311414480209351,0.18905675411224365,0.3410347104072571,0.10547127574682236,-0.022708332166075706,0.11118829250335693,0.07887923717498779,-0.03351150080561638,0.10250480473041534,-0.2276572287082672,-0.2374604046344757,-0.27322083711624146,-0.5362398028373718,0.5361408591270447,-0.07264640182256699,-0.4284455180168152,-0.2393675595521927,0.13023395836353302,0.003331053303554654,-0.08305273205041885,0.15827615559101105,0.05686981603503227,0.5142770409584045,0.13617587089538574,-0.29784518480300903,0.014774614945054054,-0.4528284966945648,-0.3027184009552002,-0.15715929865837097,-0.316817969083786,0.367045134305954,-0.25270211696624756,0.2481553554534912,0.03931068256497383,0.15171483159065247,-0.07108600437641144,0.8448578715324402,0.070586197078228,-0.18509481847286224,-0.2975751757621765,-0.036684129387140274,-0.07224846631288528,0.4545324742794037,-0.019494837149977684,0.00017682909674476832,0.03657733276486397,-0.24608728289604187,0.10655079036951065,-0.02080502174794674,-0.8774124383926392,-0.04768172651529312,0.11956854164600372,0.23956742882728577,0.07181038707494736,0.017220139503479004,-0.6237521171569824,-0.8066473007202148,-0.012717217206954956,-0.18801438808441162,0.10470984131097794,0.016344821080565453,-0.10696151107549667,0.14318892359733582,-0.7147737741470337,-0.12595918774604797,-0.18577668070793152,-0.14995521306991577,-0.4729021489620209,0.07974116504192352,-0.06968412548303604,-0.16166076064109802,0.15734292566776276,-0.045263294130563736,-0.20148535072803497,0.10930202901363373,-0.3761630058288574,0.14209099113941193,-0.004385459236800671
CID000003350,588,0.0397196039557457,-0.265114426612854,-0.4047640860080719,0.0753205344080925,0.30905142426490784,-0.340171754360199,0.03212268278002739,-0.22199980914592743,-0.21536485850811005,-0.16265439987182617,0.23271480202674866,0.05048413202166557,-0.11836986243724823,-0.04125640168786049,-0.06322499364614487,-0.06925486773252487,0.05240355804562569,0.07006361335515976,-0.3834925889968872,0.20833265781402588,-0.18100322782993317,0.03330232575535774,0.3279472887516022,0.07003502547740936,-0.593501627445221,-0.8297761678695679,-0.22988645732402802,-0.035628218203783035,-0.02131173014640808,0.07978960126638412,0.47606754302978516,0.13732215762138367,0.07965610176324844,0.35665783286094666,-0.30598184466362,0.06769505888223648,0.38780108094215393,-0.08535437285900116,0.1320343315601349,0.1594797670841217,-0.4142836034297943,0.13833235204219818,-0.044124651700258255,-0.2690221667289734,-0.05444042757153511,-0.06702255457639694,0.5107511878013611,0.062152642756700516,-0.5312997698783875,0.10988061130046844,-1.1096826791763306,0.18071767687797546,0.5071101188659668,-0.12785568833351135,0.23574164509773254,-0.22392258048057556,-0.15252935886383057,0.5167006254196167,0.3833584189414978,-0.03917049244046211,-0.0990227460861206,-0.26717257499694824,0.3871768116950989,0.7821696400642395,0.09337186068296432,0.5734251737594604,-0.12673862278461456,-0.1001979261636734,-0.03458324447274208,-0.19883081316947937,-0.7845116853713989,0.17487850785255432,-0.4229728579521179,0.5580969452857971,-0.005975326988846064,0.2795773148536682,0.21362411975860596,0.1996484398841858,0.6957084536552429,-0.14800652861595154,0.05896428972482681,-0.10269562900066376,0.3557399809360504,0.08507458120584488,-0.08542295545339584,0.3297994136810303,-0.07949045300483704,-0.10955419391393661,0.10836656391620636,-0.08264598250389099,-0.04910977929830551,0.010466327890753746,-0.22365960478782654,-0.05542193725705147,0.1141195148229599,-0.05542389303445816,-0.31723421812057495,0.1999671757221222,-0.16682006418704987,-0.6215656399726868,-0.02523755095899105,-0.2924511134624481,0.12088042497634888,-0.12986092269420624,0.131229430437088,-0.21046039462089539,0.4262576103210449,0.27816516160964966,0.1967698633670807,-0.10795676708221436,-0.005045404192060232,0.02045919932425022,0.3306664824485779,-0.8438825607299805,-0.16475820541381836,-0.3406528830528259,-0.27584365010261536,0.044789161533117294,-0.007089746184647083,0.01851329766213894,-0.11755027621984482,-0.30281534790992737,-0.16355092823505402,0.019554859027266502,-0.002850915305316448,0.109873928129673,0.08250050246715546,0.18606670200824738,-0.12837006151676178,0.30937403440475464,-0.8603183627128601,-0.033090244978666306,0.4241175055503845,0.15270110964775085,-0.05704651027917862,0.9576894640922546,0.04833642393350601,0.07317612320184708,0.3197230398654938,0.0950840562582016,-0.23011414706707,-0.35993558168411255,0.35041749477386475,0.12590202689170837,-0.023762885481119156,-0.08116023242473602,-0.4836018979549408,0.089106984436512,-0.02004871889948845,0.062123365700244904,0.7758322954177856,-0.1200077161192894,-0.43208059668540955,-0.4802238345146179,0.5138450264930725,-0.07068045437335968,0.10672040283679962,-0.19362838566303253,-0.4337414801120758,-0.12778078019618988,-0.06911548227071762,0.13223963975906372,-0.7639796137809753,-0.007861906662583351,-0.3707965314388275,-0.10771528631448746,-0.0880141407251358,-0.35660412907600403,0.19358961284160614,-0.5381196141242981,-0.27894967794418335,-0.03571121767163277,-0.3219118118286133,0.019499458372592926,-0.417428582906723,-0.03253360837697983,0.17949247360229492,0.1867171823978424,0.49447712302207947,0.0835074856877327,0.20253410935401917,0.04420169070363045,-0.24580177664756775,0.4665232300758362,-0.14397993683815002,-0.4357142448425293,0.059668898582458496,-0.1734439730644226,-0.33782535791397095,-0.3964894413948059,-0.2453601062297821,0.650326132774353,-0.018558666110038757,-0.19195504486560822,0.19765308499336243,-0.057366859167814255,0.07941072434186935,0.09694353491067886,0.5588529109954834,-0.2766345143318176,0.21092469990253448,0.45400699973106384,0.027322769165039062,0.30807656049728394,-0.44278639554977417,-0.1162155494093895,-0.42137598991394043,-0.0824066624045372,-0.2534375786781311,-0.1203376054763794,0.052932191640138626,-0.00045532509102486074,-0.2512098252773285,-0.27674612402915955,0.7081316113471985,0.07935114204883575,0.1536661684513092,0.11798453330993652,-0.0678563043475151,0.04791645333170891,0.05767768621444702,-0.18792155385017395,0.15204644203186035,-0.005978310015052557,0.018653836101293564,0.14836940169334412,-0.17750220000743866,-0.724507212638855,-0.3356286585330963,-0.23134668171405792,-0.06758292764425278,0.11118185520172119,0.0030539692379534245,-0.3144635260105133,-0.5779014825820923,-0.08648182451725006,0.1496126651763916,-0.060646720230579376,0.1228732243180275,-0.08399292826652527,0.334550678730011,-0.27667373418807983,0.1923997700214386,-0.20081813633441925,-0.11539626121520996,-0.39172691106796265,-0.044839199632406235,0.029672760516405106,-0.017577016726136208,0.2927294373512268,-0.12225663661956787,0.025161098688840866,0.04775916785001755,-0.1406932771205902,0.20095694065093994,-0.13807184994220734
CID000056339,599,0.01937953755259514,-0.23636460304260254,-0.4557531774044037,-0.0020002603996545076,0.31293901801109314,-0.227494478225708,-0.07046934962272644,-0.3377496600151062,-0.23991993069648743,0.09721808135509491,0.3653176724910736,-0.031095409765839577,-0.05791865661740303,0.025951648131012917,-0.08196475356817245,0.27349767088890076,0.29978853464126587,0.0921865701675415,-0.22045354545116425,0.10563503205776215,-0.12773197889328003,0.05273331329226494,0.5378499031066895,0.009549671784043312,-0.3655087351799011,-0.6769422888755798,-0.3997074067592621,-0.09208391606807709,0.15427559614181519,0.15504954755306244,0.49659428000450134,0.07526758313179016,-0.12493069469928741,0.38421255350112915,-0.31747302412986755,0.09383465349674225,0.7440568804740906,-0.1057921051979065,0.008056181482970715,0.057925235480070114,-0.15385906398296356,0.40679025650024414,-0.40073680877685547,0.0311108585447073,-0.020229313522577286,0.28806501626968384,0.601911187171936,-0.053471971303224564,-0.5567557215690613,-0.05891638994216919,-0.36600640416145325,0.19975045323371887,0.317732572555542,-0.14418752491474152,0.11444046348333359,-0.3263922333717346,-0.2600661516189575,0.5358365774154663,0.03428943082690239,-0.1099708303809166,0.16064707934856415,-0.2707584798336029,0.0015697777271270752,0.6572784781455994,0.18127401173114777,0.12244744598865509,-0.23769383132457733,-0.06383584439754486,-0.08600472658872604,0.12243165820837021,-0.7084266543388367,0.14081937074661255,-0.5126198530197144,0.4380262792110443,-0.023437270894646645,0.2942998707294464,0.4587216377258301,0.2243955135345459,0.41212350130081177,-0.03390180319547653,-0.08105197548866272,-0.1323893964290619,-0.03113487921655178,-0.07430409640073776,0.2207435667514801,0.35233697295188904,-0.1494038850069046,-0.03501481935381889,-0.10025767982006073,0.11741374433040619,-0.15990903973579407,-0.043373990803956985,-0.022388357669115067,0.06594724953174591,0.1693178117275238,-0.2151443064212799,-0.20410943031311035,0.2562200427055359,0.019027719274163246,-0.5543625354766846,-0.09563980251550674,-0.13623656332492828,0.09674012660980225,-0.04324251785874367,0.16412943601608276,-0.08279816806316376,0.7765291929244995,0.11920414119958878,0.1893521249294281,-0.113043412566185,-0.10691962391138077,0.05505891516804695,0.22249308228492737,-0.04744413495063782,0.14566238224506378,-0.26910626888275146,-0.32901838421821594,0.030892308801412582,-0.1586245745420456,0.01760060153901577,-0.13492508232593536,-0.3194548785686493,0.03542261943221092,0.08462004363536835,-0.14204606413841248,0.14450819790363312,0.2062627077102661,0.05154719203710556,-0.2500031590461731,0.2169196605682373,-0.6378963589668274,-0.16387388110160828,0.4056797921657562,0.1279904693365097,0.08229941874742508,0.6773660182952881,0.18498244881629944,-0.1989665925502777,0.20502984523773193,-0.03336832672357559,-0.21480508148670197,-0.14187026023864746,0.06857503950595856,0.2914466857910156,0.1925869882106781,-0.16846367716789246,-0.3490971028804779,0.006193803157657385,0.033262867480516434,-0.02049246057868004,0.17675483226776123,-0.05240005999803543,-0.5538638234138489,-0.6197937726974487,0.43419456481933594,-0.23933596909046173,0.19314900040626526,-0.13803835213184357,-0.40276893973350525,-0.0572497621178627,-0.14742359519004822,-0.02215629816055298,-0.6531226634979248,0.013668879866600037,-0.4085037112236023,0.008734872564673424,-0.04400446265935898,-0.09566472470760345,0.5358740091323853,-0.5418745279312134,-0.08584024757146835,-0.1422612965106964,-0.0536128506064415,-0.17467756569385529,-0.5744495391845703,-0.09171505272388458,0.3958125114440918,0.17249134182929993,0.5555058717727661,-0.1282758116722107,0.7437746524810791,-0.27287983894348145,-0.0767008438706398,0.21172504127025604,-0.1580403447151184,-0.4630175232887268,-0.017766177654266357,-0.24404561519622803,0.11824779212474823,-0.06505127251148224,-0.3345375657081604,0.8654502630233765,-0.06498877704143524,-0.44140005111694336,0.0963149443268776,-0.08015390485525131,-0.10716769844293594,0.0854407474398613,0.27369242906570435,-0.06961624324321747,0.35210853815078735,0.42927512526512146,-0.13554747402668,0.09186016768217087,-0.4769010543823242,-0.4395471215248108,-0.17974337935447693,0.09373285621404648,-0.004404568579047918,-0.24592697620391846,0.14776237308979034,0.06076490134000778,0.12762907147407532,-0.1830558180809021,0.8008602857589722,-0.048309262841939926,-0.07919786125421524,-0.3073461055755615,0.07536652684211731,0.17887583374977112,0.27574658393859863,0.05341042950749397,0.29176369309425354,-0.09684239327907562,0.06060999631881714,0.09701993316411972,0.05916261672973633,-0.6300962567329407,-0.3115975856781006,-0.07181551307439804,-0.07101691514253616,0.1588314175605774,0.1633104532957077,-0.20638790726661682,-0.4713120460510254,0.349982887506485,0.048554420471191406,-0.17871126532554626,0.0019223183626309037,-0.1547650694847107,0.3641899526119232,-0.37770915031433105,-0.021368587389588356,-0.21006476879119873,0.01940188929438591,-0.30646514892578125,0.013394646346569061,0.04291578382253647,-0.05140719562768936,0.29771333932876587,0.0805680900812149,0.07449419796466827,0.20415036380290985,-0.11349093914031982,0.09758603572845459,-0.016318004578351974
CID000003657,604,-0.19030745327472687,-0.011068930849432945,-0.832410991191864,0.07242125272750854,0.36063700914382935,-0.3184669613838196,-0.26173847913742065,-0.2895907759666443,-0.09638586640357971,0.12543582916259766,0.6030341386795044,-0.03243604302406311,-0.3941211998462677,-0.13591966032981873,-0.0753980427980423,0.32326579093933105,0.5940247774124146,-0.10316021740436554,-0.023993227630853653,-0.10728366672992706,-0.027321824803948402,0.0663950964808464,0.497800350189209,-0.1547570675611496,-1.2136766910552979,-0.9050175547599792,-1.0234454870224,-0.04949985817074776,-0.2359386682510376,0.15469703078269958,1.2383060455322266,0.12746283411979675,0.20559315383434296,0.21268360316753387,-0.21717126667499542,0.023388588801026344,1.3586883544921875,-0.07753250747919083,-0.04157724604010582,-0.10838492214679718,-0.7871986627578735,0.9729340672492981,-0.45367464423179626,-0.44659310579299927,0.03088797628879547,-0.39454349875450134,0.4822370409965515,-0.3862430155277252,-0.3922363817691803,-0.11273995786905289,-0.7300629019737244,0.3151967525482178,0.3256874084472656,0.1316540539264679,0.12075861543416977,-0.027249503880739212,-0.2208668440580368,0.8975452184677124,0.1001557856798172,0.16012947261333466,-0.202239990234375,-0.25721418857574463,0.09916824847459793,0.7550159692764282,0.27746325731277466,0.12844373285770416,0.17593343555927277,-0.38041847944259644,-0.1404404640197754,0.04070734232664108,-0.7225878834724426,0.4492085874080658,-0.914471447467804,0.43122825026512146,-0.05133708566427231,0.32859566807746887,1.0105174779891968,0.38701915740966797,1.0127151012420654,-0.21017920970916748,0.021973418071866035,-0.3867684602737427,-0.4767081141471863,0.07556559890508652,-0.08349400013685226,0.18560519814491272,-0.27885597944259644,0.1350814700126648,-0.20602154731750488,0.31325316429138184,-0.16615033149719238,-0.05459076911211014,-0.15052850544452667,0.07245464622974396,0.20375075936317444,-0.6334319710731506,0.04616665095090866,0.25614821910858154,-0.2257678061723709,-1.0624070167541504,0.0391051284968853,-0.14005312323570251,-0.1999860554933548,-0.18782058358192444,0.19495134055614471,-0.41053447127342224,0.9348432421684265,-0.07161729037761688,0.14901593327522278,0.1745106279850006,-0.05892830342054367,0.04231484979391098,0.34845131635665894,-0.3622784912586212,0.07904459536075592,-0.3188931345939636,-0.8544734120368958,0.06678406894207001,-0.10899694263935089,0.23616111278533936,-0.1618705540895462,-0.5579834580421448,0.18322411179542542,0.002080000936985016,-0.3321975767612457,0.01674901880323887,0.10029102861881256,0.2871001362800598,-0.005731490440666676,-0.00044163837446831167,-0.6829159259796143,0.061384521424770355,0.5060192346572876,0.13324813544750214,0.4529598355293274,0.8462069630622864,0.05481633543968201,-0.09046347439289093,0.5327968597412109,-0.17424659430980682,0.10934470593929291,-0.26193490624427795,0.11180806159973145,-0.011640605516731739,0.17215782403945923,0.262893408536911,0.08315084874629974,0.5068068504333496,-0.1372985541820526,-0.26713329553604126,0.3491470217704773,-0.13492120802402496,-0.764183759689331,-1.1465299129486084,0.6813148260116577,0.018149172887206078,0.10057397931814194,-0.036765020340681076,-0.4710507392883301,0.16477927565574646,-0.15514862537384033,-0.09343055635690689,-0.8271884918212891,-0.04512115940451622,-0.5845571756362915,0.009815623983740807,-0.15700261294841766,-0.13807427883148193,0.6292414665222168,-0.5445058941841125,0.031041119247674942,-0.4031398892402649,0.12753501534461975,0.1052481085062027,-0.4912293553352356,-0.40609797835350037,0.8683195114135742,-0.071651391685009,0.686700701713562,-0.08087919652462006,0.749372661113739,-0.15983064472675323,-0.2115982472896576,1.1105605363845825,0.21429307758808136,-0.8293999433517456,0.13357214629650116,0.047754932194948196,0.08361855894327164,-0.24353846907615662,-0.606225848197937,0.9803057909011841,-0.1044655293226242,-0.47991204261779785,-0.0858820453286171,-0.21390047669410706,-0.0627654567360878,0.18291299045085907,0.6986550092697144,-0.1488504856824875,0.44759148359298706,-0.027411002665758133,-0.06197330355644226,0.6364137530326843,-0.47739607095718384,0.20162948966026306,-0.0452338382601738,-0.10780505836009979,-0.012613723054528236,-0.05693504214286804,-0.06495585292577744,-0.007192961871623993,0.10438235849142075,-0.14919635653495789,0.994363009929657,0.26618528366088867,-0.16682584583759308,-0.5815580487251282,0.015630275011062622,0.42926889657974243,0.16477814316749573,0.15837493538856506,0.011073321104049683,0.4076620042324066,0.20717215538024902,0.16076143085956573,-0.09756247699260712,-0.9618452191352844,-0.16071219742298126,-0.17135784029960632,0.07435552030801773,0.08434198796749115,0.3713022768497467,-0.33920687437057495,-0.8239547610282898,0.19762037694454193,0.23158392310142517,0.028924617916345596,0.04615842178463936,-0.026983458548784256,1.0312082767486572,-0.38696151971817017,-0.09559893608093262,-0.1978362649679184,0.2228052169084549,-0.3147807717323303,-0.04220707342028618,0.11072833836078644,-0.21780447661876678,0.4635774493217468,0.1282724142074585,-0.26937898993492126,0.10604710876941681,0.08240456134080887,0.1363910585641861,-0.16756880283355713
CID000000861,605,0.013442697934806347,-0.03627360239624977,-0.5291243195533752,-0.007173237390816212,0.3430746793746948,-0.0906229242682457,-0.018703673034906387,-0.38677772879600525,-0.21719367802143097,-0.07025445997714996,0.34051376581192017,0.02649417519569397,-0.0474582202732563,-0.10069681704044342,-0.040940139442682266,0.2715127766132355,0.8407012820243835,0.05552943795919418,-0.3381015956401825,0.0478520393371582,-0.19792777299880981,-0.054024338722229004,0.4198242127895355,0.15956652164459229,-0.3067978024482727,-0.6201907396316528,-0.2320375144481659,-0.17591071128845215,0.1945858746767044,0.08714292198419571,0.423013299703598,0.1186104565858841,-0.04362061992287636,0.42877092957496643,-0.3823227286338806,0.08611763268709183,0.995804488658905,-0.13052040338516235,0.04404883459210396,0.046013809740543365,-0.35202932357788086,0.8750755190849304,-0.20615747570991516,0.0750577300786972,-0.06154723837971687,0.09109248220920563,0.6010780930519104,0.12688329815864563,-0.7150412201881409,-0.005486060865223408,-0.506229043006897,0.1608104407787323,0.23126184940338135,-0.15179350972175598,0.1750660240650177,-0.5403027534484863,-0.0596887469291687,0.7838107347488403,0.03333062306046486,-0.16720053553581238,0.14970827102661133,-0.24979372322559357,0.12569287419319153,0.6244784593582153,0.12903828918933868,0.16379374265670776,0.030240315943956375,-0.01980835199356079,-0.016316555440425873,0.069947749376297,-0.6975666284561157,0.11644067615270615,-0.4563867449760437,0.49857717752456665,0.007549619767814875,0.3820804953575134,0.657200038433075,0.31241944432258606,0.6567296385765076,0.09247102588415146,0.027060404419898987,-0.1468251496553421,0.05398709326982498,-0.08609290421009064,0.2251913994550705,0.4202427864074707,-0.2575245797634125,0.178806334733963,-0.14328241348266602,0.1418733149766922,-0.136891707777977,0.023593571037054062,-0.06288222223520279,-0.015067726373672485,0.06490355730056763,-0.184926837682724,-0.230329230427742,0.09798385947942734,0.028438905254006386,-0.5671426057815552,-0.036958884447813034,-0.07506637275218964,0.20108754932880402,-0.08053600788116455,0.231480211019516,-0.17263737320899963,0.6570185422897339,0.1131681576371193,0.13362537324428558,-0.05688953399658203,-0.11169704049825668,0.08346520364284515,0.51103675365448,-0.23751473426818848,0.2514396607875824,-0.14986641705036163,-0.23684485256671906,0.05988075211644173,-0.13054469227790833,0.03975682333111763,-0.15967786312103271,-0.29854026436805725,0.005699922330677509,0.0007804363849572837,-0.06188501790165901,0.17121362686157227,0.0955042839050293,-0.03631965443491936,-0.10961910337209702,0.13440775871276855,-0.6263396143913269,-0.1536383032798767,0.3799530565738678,0.21185621619224548,0.05443703010678291,0.8146626353263855,0.10851295292377472,0.03848997503519058,0.3073100447654724,-0.05693161487579346,-0.2962529957294464,-0.27951765060424805,0.21602141857147217,0.3697270154953003,0.11974421888589859,-0.19206203520298004,-0.44008055329322815,-0.053108323365449905,0.029616225510835648,-0.0357823371887207,0.2958913743495941,-0.027445698156952858,-0.5624710321426392,-0.6869274973869324,0.6349303126335144,-0.3332352042198181,0.2131979912519455,-0.07684843242168427,-0.45798033475875854,-0.06593529880046844,-0.21424853801727295,-0.09806843847036362,-0.6217784285545349,0.02823333442211151,-0.40873050689697266,0.06523241102695465,-0.1520681083202362,-0.07666923105716705,0.3297678530216217,-0.2970963418483734,-0.1855076402425766,-0.22478780150413513,-0.11718299239873886,-0.23338747024536133,-0.5286856889724731,0.020785020664334297,0.2879471778869629,0.16779571771621704,0.36495357751846313,0.007764303591102362,0.5104503035545349,-0.21425990760326385,-0.208649680018425,0.12723608314990997,-0.024391453713178635,-0.3050706386566162,-0.0795561894774437,-0.34604328870773315,0.08365185558795929,-0.2401522696018219,-0.5011523962020874,0.8662629127502441,-0.03343823552131653,-0.34419137239456177,-0.07954391092061996,-0.030483324080705643,-0.19690188765525818,0.00567744392901659,0.2719275951385498,-0.06554175913333893,0.32094302773475647,0.43028607964515686,0.02113291621208191,0.06081005930900574,-0.2516120672225952,-0.1529376208782196,-0.21622860431671143,0.009952922351658344,-0.07524563372135162,-0.15758515894412994,0.032469868659973145,0.022034889087080956,0.058977771550416946,-0.24339628219604492,0.6757194995880127,-0.2654644548892975,-0.20852351188659668,-0.2439257651567459,-0.011017958633601665,0.1295882761478424,0.1533343493938446,-0.0891004204750061,0.0792786255478859,-0.09116557985544205,-0.10292284190654755,-0.06697586923837662,0.13951265811920166,-0.7212187051773071,-0.19156846404075623,-0.07530861347913742,-0.09196548163890839,0.3532771170139313,0.19428017735481262,-0.26920872926712036,-0.5660102963447571,0.24035385251045227,0.0012430868810042739,-0.21110641956329346,-0.020439906045794487,-0.16194882988929749,0.17539790272712708,-0.2736242413520813,-0.08131624758243561,-0.19383785128593445,-0.1751803457736969,-0.22710020840168,0.03787798807024956,0.01896153762936592,-0.03189624845981598,0.3450251817703247,-0.04465198144316673,-0.020642343908548355,0.030762169510126114,-0.23596155643463135,0.20417718589305878,-0.049784105271101
CID000150310,608,-0.09326910972595215,-0.44869905710220337,-0.8167306184768677,0.3580091595649719,0.29514390230178833,-0.4369737207889557,-0.02709617093205452,-0.21727785468101501,-0.009688744321465492,-0.34120413661003113,0.5291858911514282,-0.43348222970962524,-0.042051929980516434,-0.00826575793325901,-0.060353826731443405,0.2534087300300598,-0.00015195607556961477,-0.09807630628347397,-0.4836062788963318,-0.27470117807388306,-0.22137567400932312,-0.03679944947361946,0.6120191216468811,-0.061643294990062714,-0.4988273084163666,-0.9035208821296692,-0.7338529229164124,0.10750696808099747,0.2555728852748871,-0.18004491925239563,0.6310132145881653,0.08750089257955551,-0.12832151353359222,0.2576311230659485,-0.25528258085250854,-0.11471376568078995,0.1543458253145218,-0.5283387899398804,0.3281111419200897,-0.04398224875330925,-0.2674817442893982,0.0614943690598011,-0.3644329905509949,-0.4229220747947693,0.29282331466674805,-0.201023668050766,0.34843388199806213,0.12463650852441788,-0.7060462236404419,0.01194089651107788,-0.7021195292472839,0.1649429351091385,0.7739650011062622,-0.36096495389938354,-0.3372349143028259,-0.6063030362129211,-0.0924600213766098,0.717844545841217,0.02230958268046379,0.10800560563802719,-0.1692078411579132,-0.3213755786418915,0.04837323725223541,0.9247104525566101,-0.22822043299674988,0.7061629295349121,-0.16783301532268524,-0.13267068564891815,0.08143197745084763,0.01367534976452589,-0.9583886861801147,0.3948284685611725,-0.520465075969696,0.38193145394325256,0.03575039654970169,0.10030064731836319,0.08843044191598892,0.03766758367419243,0.3930050730705261,0.09359519183635712,0.019778793677687645,-0.1274196058511734,-0.05545669049024582,-0.19907161593437195,-0.16043499112129211,0.12144206464290619,-0.0512203685939312,0.27404290437698364,0.2399098426103592,0.05286446958780289,0.1110180988907814,-0.05395401641726494,-0.3943948745727539,0.01732460781931877,0.10008396208286285,-0.11240098625421524,-0.07967991381883621,-0.03726563602685928,-0.10076417028903961,-0.6846317648887634,-0.22938676178455353,-0.0806637555360794,0.09066952764987946,-0.2524954676628113,-0.05854234844446182,-0.43491655588150024,0.5521572828292847,0.027049105614423752,-0.33110305666923523,0.27172189950942993,-0.2181292027235031,-0.15378721058368683,0.6773654222488403,-0.6903393864631653,-0.024101704359054565,-0.09255523979663849,-0.23102018237113953,0.4129985272884369,-0.11575649678707123,-0.037148989737033844,-0.14272582530975342,-0.12850792706012726,-0.02089090272784233,-0.09855219721794128,0.16788336634635925,0.1941239833831787,0.04297792166471481,0.33177706599235535,0.24671974778175354,0.5522620677947998,-0.6233688592910767,-0.3712373673915863,0.3758315443992615,0.01971246674656868,0.09579937160015106,0.6602894067764282,-0.08598648756742477,0.13298559188842773,0.387987345457077,0.36719393730163574,0.19898992776870728,0.01282590627670288,-0.09748270362615585,0.11107061058282852,0.10607056319713593,-0.13796792924404144,-0.19305072724819183,0.09841646254062653,0.10713543742895126,-0.05466688424348831,0.7092776298522949,-0.04413486272096634,-0.6758803129196167,-0.461124986410141,0.2952250838279724,0.12134061008691788,-0.33625075221061707,0.07907907664775848,-0.5438329577445984,-0.032446615397930145,0.07605069875717163,-0.017148327082395554,-0.9123985171318054,0.044521085917949677,-0.5432993769645691,-0.4434235990047455,-0.35316720604896545,0.03310731425881386,0.8607732653617859,-0.5869881510734558,-0.5035186409950256,0.01155139785259962,-0.3467036485671997,0.1642761528491974,-0.18480919301509857,0.055721916258335114,0.42281967401504517,-0.29364386200904846,0.6022492051124573,0.27079182863235474,0.39208531379699707,0.04565287008881569,0.17025144398212433,-0.05708586052060127,-0.25859785079956055,-0.10523128509521484,-0.2618686556816101,-0.13728895783424377,0.2243068665266037,-0.1719210296869278,0.07145213335752487,0.7845363020896912,0.2916180491447449,-0.3036644458770752,0.06404237449169159,-0.2983320653438568,0.05238904431462288,-0.004357154481112957,0.06721743196249008,-0.2768999934196472,0.4371662735939026,0.35310038924217224,0.16558828949928284,0.4758957028388977,-0.8179799914360046,-0.3513305187225342,-0.4935753345489502,-0.03219177573919296,-0.17130857706069946,-0.3231697976589203,-0.238551065325737,-0.07426708936691284,-0.2094944268465042,-0.033327750861644745,1.2184672355651855,-0.12682297825813293,0.15083302557468414,-0.049628984183073044,-0.03896249085664749,-0.15692520141601562,0.2047821581363678,0.012317436747252941,-0.04001987725496292,-0.1278398334980011,-0.0983942300081253,-0.08400100469589233,-0.1529102474451065,-0.7948142886161804,-0.2727804183959961,0.10539765655994415,-0.11007191985845566,0.18550518155097961,-0.06113725155591965,-0.13496804237365723,-0.8622012138366699,0.025183606892824173,-0.30845358967781067,-0.02935606800019741,0.19996944069862366,0.05626627057790756,0.3672381043434143,-0.5056495666503906,0.012466700747609138,-0.23364678025245667,-0.12883689999580383,0.03337123990058899,0.0585206039249897,0.07284383475780487,-0.12987466156482697,0.16274122893810272,-0.02839052677154541,0.1078285425901413,-0.2416268140077591,-0.34658414125442505,0.060402292758226395,-0.2287217676639557
CID000004236,613,-0.0023996098898351192,0.07793881744146347,-0.4032706618309021,0.3184787333011627,0.19403962790966034,-0.21583589911460876,-0.03336392343044281,-0.3122064769268036,0.07406190782785416,0.0645250752568245,0.3319053053855896,0.03227677196264267,-0.02865324355661869,-0.14124484360218048,0.010371917858719826,-0.013385686092078686,0.22914381325244904,0.09072740375995636,-0.3027983605861664,0.2760288119316101,-0.14417052268981934,-0.1801612824201584,0.8161697387695312,0.1033128872513771,-0.5489625930786133,-0.5009062886238098,-0.15801669657230377,-0.264842689037323,0.2547680735588074,-0.17772197723388672,0.8637955784797668,-0.04027724266052246,-0.039160341024398804,0.20452217757701874,-0.3061984181404114,0.28999435901641846,0.2914807200431824,-0.05351002886891365,-0.006540503352880478,0.14205831289291382,0.09238380193710327,0.5927842259407043,-0.35970306396484375,0.058213599026203156,0.1072830781340599,0.020752625539898872,0.6322843432426453,-0.027181420475244522,-0.4988526403903961,0.16122819483280182,-0.11913923174142838,-0.0024402900598943233,0.4008537828922272,-0.22895750403404236,0.2674746513366699,-0.4218420088291168,-0.10348162800073624,0.7845658659934998,0.16269239783287048,-0.2614789605140686,-0.06562209129333496,-0.13811519742012024,-0.05051231384277344,0.7863554954528809,-0.16877640783786774,0.5355418920516968,-0.10211038589477539,0.16297131776809692,-0.045195333659648895,0.0936901792883873,-0.6898611187934875,0.2250155657529831,-0.6061128973960876,0.3167394995689392,0.08514562994241714,0.48677125573158264,0.7811918258666992,0.25252121686935425,0.3286253809928894,0.18906161189079285,0.04822710156440735,0.15515927970409393,0.007141379173845053,-0.037534262984991074,0.3534572720527649,0.1379755139350891,-0.6103970408439636,-0.08095772564411163,-0.11858518421649933,-0.1847277730703354,-0.13408686220645905,0.26653844118118286,-0.50467848777771,0.08035795390605927,0.08243124186992645,-0.21919718384742737,-0.012764650397002697,0.40477895736694336,-0.07486852258443832,-0.5205434560775757,0.07486604154109955,-0.06586387753486633,-0.18273015320301056,-0.24741792678833008,0.0013600901002064347,-0.14556428790092468,0.448805570602417,0.4155569076538086,0.015176805667579174,-0.11530832201242447,-0.015611154027283192,-0.05124248191714287,0.2787257134914398,-0.19865205883979797,0.10690756142139435,-0.10297681391239166,-0.018014753237366676,-0.0478183887898922,0.002760399831458926,0.18186518549919128,-0.357020765542984,-0.31269413232803345,0.030302394181489944,0.18355607986450195,0.125287726521492,0.11614344269037247,0.0118169616907835,-0.10582204163074493,0.014755983836948872,-0.012745410203933716,-0.6488829255104065,-0.5034429430961609,0.21894390881061554,0.15099366009235382,0.08654475212097168,0.6088521480560303,-0.3727180063724518,-0.2426649034023285,0.31650274991989136,-0.13582058250904083,-0.18693353235721588,-0.17707572877407074,0.1378369778394699,0.09489838778972626,0.31787651777267456,-0.039268624037504196,-0.05043748766183853,-0.23390471935272217,-0.19288255274295807,-0.3238755464553833,0.3081177771091461,-0.04383630305528641,-0.8689538836479187,-0.7660602927207947,0.717344343662262,-0.2868601679801941,-0.35482627153396606,0.20749640464782715,-0.3376341462135315,0.12475907802581787,-0.09545302391052246,-0.17551371455192566,-0.5354031324386597,0.13973760604858398,-0.6754226088523865,-0.27223676443099976,0.02497991733253002,-0.001416006707586348,0.9072331190109253,-0.670096218585968,-0.3333853483200073,-0.14900656044483185,0.04432270675897598,-0.01785951852798462,-0.7131664156913757,0.08535315096378326,0.4049406945705414,0.07508515566587448,0.6613506078720093,0.4646395146846771,0.6786338090896606,-0.02017279341816902,-0.27767959237098694,0.130815789103508,-0.19490467011928558,-0.36515307426452637,0.015615677461028099,-0.13298742473125458,-0.2692519724369049,-0.10842911154031754,-0.2695690393447876,0.6074222326278687,0.1919974535703659,-0.6478639245033264,0.03750234097242355,0.20425596833229065,0.021874990314245224,-0.04652275890111923,0.4216434955596924,-0.18294577300548553,0.23755529522895813,-0.016809571534395218,-0.026487544178962708,0.11620879173278809,-0.45004063844680786,-0.2598785161972046,-0.29719188809394836,0.0394475981593132,-0.005368220619857311,-0.36877185106277466,0.021312396973371506,0.01529133040457964,0.4395906925201416,-0.20871086418628693,0.31299254298210144,-0.027782738208770752,-0.2633335292339325,0.009634500369429588,0.13192518055438995,-0.0682738870382309,0.1147536039352417,0.04448399320244789,-0.011708805337548256,-0.11550430953502655,0.1428452730178833,0.32412034273147583,0.02488565444946289,-0.6944637894630432,-0.05925017595291138,0.06848575174808502,0.08760973066091537,0.35598939657211304,-0.011075036600232124,-0.08545046299695969,-0.6667357683181763,-0.049862660467624664,-0.0022052451968193054,0.03943531960248947,0.12227921187877655,0.049059055745601654,0.5008058547973633,-0.5311654806137085,-0.036017946898937225,-0.245797798037529,-0.1267082393169403,-0.5165117979049683,0.004732498433440924,-0.10911571979522705,-0.23585274815559387,0.5545259714126587,0.11548133194446564,0.1250879466533661,-0.12816208600997925,-0.00023725330538582057,0.08172724395990372,0.07809494435787201
CID000002522,616,0.11897691339254379,0.04228626936674118,-0.35947853326797485,0.14294832944869995,0.2510473132133484,-0.3547585606575012,-0.03954986482858658,-0.21249468624591827,0.07428859174251556,-0.33836644887924194,0.30688026547431946,0.18613384664058685,0.16370536386966705,0.05812108516693115,0.2405535876750946,0.1086481362581253,0.33707818388938904,0.16550810635089874,-0.27869224548339844,0.141673743724823,0.49313610792160034,0.09690756350755692,0.42973700165748596,0.12672890722751617,-0.3617940843105316,-0.5194604396820068,-0.41121596097946167,-0.34467822313308716,0.3468170464038849,0.08802004158496857,0.6485077142715454,-0.06140510365366936,-0.09705048054456711,0.21550357341766357,0.053558479994535446,-0.09632116556167603,0.5834237337112427,-0.0630970373749733,-0.040147654712200165,-0.12740041315555573,-0.1271674931049347,0.36834219098091125,-0.411903440952301,-0.12942206859588623,-0.1710740029811859,-0.14038768410682678,0.35515350103378296,-0.2525111734867096,-0.8281581997871399,0.07631559669971466,-0.5718234181404114,0.32553234696388245,0.528565526008606,0.06666918098926544,0.15137536823749542,-0.05456709861755371,-0.2480044662952423,0.5396560430526733,0.334490567445755,-0.19148215651512146,0.14067812263965607,-0.129934161901474,0.11541764438152313,0.3971695005893707,0.06978432834148407,0.56651771068573,-0.14192821085453033,-0.01535086054354906,-0.00667837867513299,-0.11917603015899658,-0.807778000831604,0.13579873740673065,-0.4264514446258545,0.22073908150196075,0.09207702428102493,0.29308608174324036,0.5501849055290222,0.2072121798992157,0.5597355961799622,-0.2767753005027771,-0.06288449466228485,-0.08118806034326553,-0.18071752786636353,0.03919113427400589,0.02489827200770378,0.19851376116275787,0.15074019134044647,0.10341434180736542,0.1073780506849289,-0.032570730894804,0.2805623412132263,0.04912065342068672,-0.2764723598957062,0.01032691914588213,0.16484947502613068,-0.04832225292921066,-0.02657262049615383,0.05247130244970322,0.1526859998703003,-0.24386194348335266,-0.1430845409631729,-0.26606500148773193,0.15467168390750885,-0.006609396543353796,0.011358177289366722,-0.12418607622385025,0.4350854754447937,0.2850368022918701,0.31544560194015503,-0.03715670853853226,0.031281955540180206,0.0037935241125524044,0.4733719229698181,-0.5698198080062866,-0.045723266899585724,-0.16746483743190765,-0.20160503685474396,0.04817337542772293,0.18030278384685516,-0.008998590521514416,-0.1793225109577179,-0.4080367982387543,-0.15130212903022766,0.28169405460357666,0.0036069632042199373,0.4325735569000244,0.11165231466293335,0.2852262854576111,-0.2568705976009369,-0.08469533920288086,-0.462719202041626,-0.13980582356452942,0.4666096568107605,0.11705724895000458,-0.10110028833150864,0.5849901437759399,0.14466163516044617,0.1944303810596466,0.28387120366096497,-0.07564198970794678,-0.03434910625219345,0.07552183419466019,0.4069218635559082,-0.14376066625118256,0.15789836645126343,-0.12037203460931778,-0.3526955544948578,-0.08740617334842682,-0.5724920630455017,-0.013076717033982277,0.486715167760849,0.004151058383285999,-0.49129000306129456,-0.5619902610778809,0.4247404932975769,-0.27127599716186523,0.010146966204047203,-0.07627327740192413,-0.3977771997451782,0.054128218442201614,-0.04652952402830124,0.028689716011285782,-0.7887848615646362,-0.0983620434999466,-0.4846269190311432,-0.1044912338256836,0.06919507682323456,0.10592428594827652,0.5696338415145874,-0.4919542372226715,-0.26459142565727234,0.07621779292821884,0.05351817607879639,0.05953892320394516,-0.3173163831233978,-0.2799464166164398,0.12240993976593018,-0.08264464884996414,0.505095362663269,-0.07053941488265991,0.5217899680137634,-0.0882544219493866,-0.1853114366531372,0.3176881670951843,-0.19734762609004974,-0.20400026440620422,0.3635407090187073,-0.2939603924751282,-0.16926828026771545,-0.24385687708854675,-0.30621835589408875,0.5276692509651184,0.05440724641084671,-0.27235716581344604,0.0056857941672205925,-0.02298816107213497,-0.12987594306468964,0.157989963889122,0.0018342077964916825,-0.18690212070941925,0.49205875396728516,0.19825957715511322,-0.12169204652309418,0.1838674694299698,-0.5051915049552917,-0.018495021387934685,-0.298566997051239,-0.2454996556043625,-0.07501114159822464,-0.0788678377866745,0.12562716007232666,0.0006708644214086235,0.08594167977571487,-0.1429862529039383,1.0353137254714966,-0.07982221990823746,0.017165109515190125,-0.12050417810678482,-0.21275608241558075,0.12335386127233505,0.16108354926109314,0.12877380847930908,0.09492166340351105,-0.15583185851573944,0.013761107809841633,0.14265091717243195,0.20864737033843994,-0.8337182998657227,-0.12325873225927353,-0.2317298948764801,-0.012122993357479572,-0.10927605628967285,-0.09580324590206146,-0.13768944144248962,-0.7081982493400574,0.09540266543626785,0.16316722333431244,0.0234077088534832,-0.15607447922229767,0.07723845541477203,0.2881040573120117,-0.36799487471580505,-0.05239848047494888,-0.2685471475124359,-0.16174358129501343,-0.41087278723716736,-0.27440232038497925,-0.02502342499792576,-0.12231846898794174,0.2747749090194702,0.05512649938464165,0.2456396073102951,0.010365978814661503,-0.4275752604007721,0.11279860883951187,-0.1497163325548172
CID000001971,619,-0.16141340136528015,-0.16144469380378723,-0.6499134302139282,-0.04203907772898674,0.386674165725708,-0.14525651931762695,0.026350324973464012,-0.49909502267837524,0.2898786664009094,-0.22507472336292267,0.35116782784461975,0.11209879070520401,-0.039772551506757736,0.09432901442050934,-0.07736372202634811,0.030839592218399048,0.29188910126686096,0.22993552684783936,-0.17397889494895935,-0.43251723051071167,-0.37922269105911255,-0.1394813358783722,0.25251850485801697,0.16319438815116882,-1.7172629833221436,-1.0100181102752686,-1.5706127882003784,-0.12136048078536987,-0.18007254600524902,-0.2773699164390564,1.223671317100525,0.02431526780128479,0.22616538405418396,0.6480152606964111,-0.6026723980903625,-0.010460796765983105,0.8689213991165161,-0.07079664617776871,-0.035484205931425095,0.05765078589320183,0.010462137870490551,0.6651796698570251,-0.4160860478878021,-0.09291776269674301,-0.07273393869400024,-0.07532922923564911,0.8528377413749695,-0.06276484578847885,-0.4580259919166565,0.05468291789293289,-1.1121145486831665,0.48330503702163696,0.1500779390335083,-0.13307324051856995,0.3505484461784363,-0.17005354166030884,0.001756401383318007,0.692686915397644,0.8316943049430847,0.46441006660461426,0.07884526252746582,-0.5297921895980835,0.20698611438274384,0.7322969436645508,0.11698981374502182,0.3738035261631012,-0.28452616930007935,-0.23621077835559845,-0.14119289815425873,0.2701811194419861,-0.304852694272995,-0.07924307137727737,-0.5005995035171509,0.41068053245544434,0.06753800809383392,0.41489076614379883,0.5101242065429688,-0.09113414585590363,1.3740525245666504,-0.3534663915634155,-0.08807391673326492,-0.7476374506950378,0.16690906882286072,-0.08944983780384064,0.3037676215171814,0.3753010034561157,-0.1709771454334259,-0.2112218588590622,-0.23562292754650116,-0.09700164198875427,-0.1455588936805725,-0.21872079372406006,-0.059407103806734085,-0.24841399490833282,-0.012906569056212902,-0.09731297194957733,-0.04585862159729004,0.17152617871761322,-0.14395873248577118,-1.796412467956543,-0.2690231204032898,0.20797038078308105,0.19860854744911194,-0.24651166796684265,-0.004457441158592701,-0.2087239772081375,1.350469708442688,0.03445420414209366,0.1490928828716278,-0.17916372418403625,-0.08812333643436432,0.11808691173791885,0.2326439619064331,-0.8484183549880981,0.08788491785526276,-0.5049257278442383,-0.713706910610199,0.31729355454444885,-0.06920816004276276,0.4067484736442566,-0.5466906428337097,-0.31368762254714966,-0.03182939440011978,0.22317585349082947,0.009972828440368176,-0.1375965178012848,0.4335162043571472,0.2957252264022827,0.2265702188014984,0.22590681910514832,-1.1583970785140991,-0.0402238592505455,0.24010209739208221,0.24269723892211914,0.07313908636569977,1.1963975429534912,0.17033973336219788,-0.12525317072868347,0.17139850556850433,0.0659056231379509,-0.2380671501159668,-0.09457630664110184,-0.36648234724998474,0.1498977541923523,-0.04586680606007576,-0.410239040851593,-0.0568731352686882,0.39130619168281555,0.4631325602531433,-0.10143844783306122,0.7668605446815491,0.14615938067436218,-0.3625827729701996,-0.8978964686393738,0.25034862756729126,-0.05281903222203255,0.29079771041870117,0.31977805495262146,-0.5506500005722046,-0.16862615942955017,-0.2580820918083191,0.148291677236557,-0.8869665265083313,0.0036302923690527678,-0.35001713037490845,-0.11971535533666611,0.11774967610836029,-0.1352238655090332,1.3866854906082153,-0.4143877923488617,0.13380283117294312,-0.3388884961605072,-0.041060205549001694,0.040737733244895935,-0.786496102809906,-0.010799622163176537,0.6574153900146484,0.09158419072628021,0.3037814199924469,0.024295484647154808,0.48335155844688416,-0.2846929430961609,-0.43754807114601135,1.2707579135894775,-0.010534432716667652,-0.7578032612800598,0.6690719723701477,0.14367803931236267,-0.30415183305740356,-0.36363425850868225,-0.226191908121109,1.7193540334701538,-0.11068620532751083,-0.14674797654151917,0.109845831990242,-0.1962573528289795,0.027649039402604103,-0.1730019450187683,1.8168519735336304,0.07063080370426178,0.615822970867157,0.41921335458755493,0.13298246264457703,0.6306557655334473,-0.3969113230705261,-0.110270656645298,-0.08175907284021378,-0.37216463685035706,0.04302345588803291,0.2230786383152008,-0.12826299667358398,-0.1596180498600006,0.09201668202877045,-0.22402337193489075,1.174290657043457,0.3210289478302002,-0.24142058193683624,0.14801880717277527,-0.002633229596540332,0.2886417508125305,-0.03505007177591324,0.05127853900194168,0.08344198763370514,-0.06293385475873947,-0.05329162999987602,0.2147173136472702,-0.1750032603740692,-0.6481438875198364,-0.22271394729614258,0.11575527489185333,-0.10550664365291595,0.10290391743183136,0.0974297970533371,-0.24634063243865967,-0.6997358202934265,0.15549807250499725,0.1833801418542862,-0.13093875348567963,-0.06415486335754395,0.1861969232559204,1.7050338983535767,-0.18160191178321838,-0.22831833362579346,-0.45753008127212524,0.1038372665643692,-0.3857370913028717,0.18609213829040527,0.27028900384902954,-0.3554817736148834,0.4232797622680664,0.27649301290512085,0.28954464197158813,0.23065610229969025,0.17369088530540466,0.4350723326206207,-0.1799803525209427
CID000002099,620,0.14667657017707825,-0.5474984645843506,-1.3260719776153564,-0.31023067235946655,0.5423901081085205,-0.10265722125768661,-0.0918259248137474,-0.7065348029136658,-0.0861717015504837,-0.37393128871917725,0.48747143149375916,0.1292673945426941,-0.0008298888569697738,-0.07379486411809921,0.0002492964267730713,0.1731424480676651,0.37104400992393494,-0.017614690586924553,0.16175754368305206,-0.39542263746261597,-0.46294069290161133,0.08022841066122055,0.7227666974067688,-0.04290735721588135,-1.5156785249710083,-1.0858103036880493,-0.1625213623046875,0.07343906164169312,0.0919792652130127,0.15391795337200165,0.8035860061645508,-0.28319624066352844,0.04770096763968468,0.17703381180763245,-0.26785388588905334,-0.2071850746870041,0.512052059173584,-0.0010724380845203996,0.4149860441684723,-0.07874386012554169,0.2880931794643402,0.19404004514217377,-0.28784093260765076,-0.27925366163253784,0.042908474802970886,-0.07135035842657089,1.0028371810913086,-0.19865021109580994,-0.7964200377464294,0.14606866240501404,-0.8439825177192688,0.01675989292562008,0.7372068166732788,-0.23702578246593475,0.14685137569904327,-0.3456231355667114,0.06435976922512054,1.1313059329986572,0.027740806341171265,0.06962261348962784,-0.04745299369096756,-0.1649610996246338,0.11459435522556305,0.6949790120124817,0.29950636625289917,0.709712028503418,0.3037567734718323,-0.008322050794959068,-0.14442229270935059,0.05414111167192459,-0.6334189176559448,0.2146446257829666,-0.4701348841190338,0.3512977957725525,-0.10831254720687866,-0.08848937600851059,0.004454302601516247,-0.14182938635349274,0.6728907227516174,0.22036270797252655,0.1294499635696411,-0.556634247303009,-0.05288875102996826,0.18890899419784546,0.49225592613220215,0.08039332926273346,-0.808972179889679,0.19571785628795624,-0.15520474314689636,0.11804685741662979,-0.1630925089120865,-0.26879268884658813,-0.48263782262802124,0.20331871509552002,0.20432063937187195,0.08205355703830719,0.08497543632984161,0.4547867774963379,-0.05790306255221367,-1.7597230672836304,-0.3073429763317108,-0.045827191323041916,0.07377654314041138,-0.26841336488723755,0.05563352629542351,-0.2817908525466919,0.5814601182937622,-0.3242996335029602,0.09160342067480087,0.24743013083934784,0.3846146762371063,0.3119205832481384,0.4663746953010559,-0.9417680501937866,0.2721076011657715,-0.20107519626617432,0.05787467211484909,0.15136942267417908,0.16368462145328522,-0.18054603040218353,0.027001773938536644,0.08278936892747879,-0.16135409474372864,0.035238392651081085,0.1708654910326004,-0.00010058283805847168,0.36548280715942383,-0.11267248541116714,-0.1704477071762085,0.17796306312084198,-0.5539073348045349,0.3280147314071655,0.07426264137029648,0.16171646118164062,0.22215649485588074,0.6187800168991089,0.06546936184167862,0.23035840690135956,0.4760228097438812,-0.3606783449649811,-0.02314513549208641,-0.1871887743473053,0.16736139357089996,0.24138200283050537,-0.12932565808296204,-0.025865042582154274,-0.10153937339782715,0.8046702146530151,0.18386080861091614,-0.09257279336452484,0.9721071124076843,-0.2628369629383087,-0.9862176775932312,-0.9382203817367554,0.9984654188156128,0.005086231045424938,0.10030456632375717,0.04128246381878853,-0.8798540234565735,0.4752048850059509,-0.10559527575969696,0.2687988579273224,-1.1572706699371338,-0.05440003424882889,-0.48065757751464844,0.10150518268346786,-0.30252501368522644,-0.1907617300748825,1.2303987741470337,-0.6599474549293518,-0.2092401683330536,-0.0025583268143236637,0.09742617607116699,0.24821138381958008,-0.6909652352333069,-0.26090389490127563,0.25477853417396545,0.029639046639204025,0.6815635561943054,0.4293060302734375,0.30250611901283264,-0.13518288731575012,-0.18001142144203186,0.8863841891288757,-0.3203505873680115,-0.3591976761817932,-0.2050524652004242,0.1048898920416832,-0.07849546521902084,-0.29462212324142456,-0.23596248030662537,1.5253875255584717,-0.06828530132770538,-0.27534547448158264,-0.38105449080467224,-0.15806756913661957,-0.27004143595695496,0.204384446144104,1.4849853515625,-0.08841058611869812,0.7701044082641602,0.49896326661109924,-0.1480107605457306,1.0841102600097656,-0.43518537282943726,0.08136902004480362,-0.45459991693496704,0.1885610818862915,-0.0784425288438797,0.23633654415607452,-0.4419775605201721,-0.12183046340942383,0.07792633771896362,0.054319728165864944,0.6380738019943237,0.0569688081741333,-0.4127696454524994,-0.12049210071563721,0.06752504408359528,-0.11406771838665009,7.642358832526952e-05,0.13493677973747253,0.11175289005041122,-0.32445046305656433,-0.013450512662529945,0.541349470615387,-0.04603659734129906,-0.7240410447120667,-0.10877156257629395,-0.09388770908117294,-0.04720710963010788,0.1991575062274933,0.37798723578453064,-0.5285779237747192,-1.3365390300750732,0.001541352248750627,0.1624969244003296,0.013541420921683311,-0.18231521546840668,-0.14949193596839905,1.1894747018814087,-0.42132773995399475,-0.11312675476074219,-0.39031916856765747,-0.23680143058300018,-0.6825078129768372,0.02256738767027855,-0.3341466784477234,0.3942788541316986,0.11654572188854218,0.016686417162418365,0.03592449799180031,0.20615895092487335,0.009733324870467186,0.34680598974227905,-0.09691762924194336
CID000036339,621,0.09411118179559708,-0.2683245539665222,-0.5163788795471191,0.06230499595403671,0.3651655614376068,-0.10637558996677399,-0.17299291491508484,-0.5285544991493225,-0.19592437148094177,0.030220042914152145,0.34498897194862366,0.008325507864356041,-0.057756997644901276,0.0704110637307167,0.05984281748533249,0.2321627140045166,0.4501558244228363,0.09747426211833954,-0.0976874828338623,0.267072856426239,-0.2850187420845032,-0.01102021336555481,0.39016634225845337,0.03929330036044121,-0.30578237771987915,-0.7162323594093323,-0.642577052116394,0.10800733417272568,0.08786872774362564,-0.008701974526047707,0.5494750142097473,0.1455823928117752,-0.11643236875534058,0.39800789952278137,-0.2115860879421234,0.19331009685993195,0.9766229391098022,-0.16680744290351868,0.017714548856019974,0.12416721880435944,-0.015192067250609398,0.4801861643791199,-0.2907654345035553,-0.16834767162799835,-0.025505071505904198,0.06034908443689346,0.6690171957015991,-0.1416114866733551,-0.6265423893928528,-0.06009600684046745,-0.5365363359451294,0.2520826756954193,0.3551957607269287,-0.1670878678560257,0.13016094267368317,-0.30924153327941895,-0.3083396553993225,0.6387760043144226,-0.053145430982112885,-0.10180264711380005,-0.06756788492202759,-0.2260597050189972,-0.003952354192733765,0.6534526348114014,0.09730905294418335,0.23498015105724335,-0.21348758041858673,-0.09934132546186447,0.034415535628795624,0.11321492493152618,-0.5464533567428589,0.11293776333332062,-0.6440263390541077,0.6158989667892456,0.06612198054790497,0.1774096041917801,0.48697319626808167,0.20013217628002167,0.4378131926059723,-0.00114238855894655,-0.09651528298854828,-0.22187292575836182,0.08454062789678574,-0.08106137812137604,0.1271023154258728,0.3700192868709564,-0.13135841488838196,-0.08905195444822311,-0.06712894141674042,0.06551986932754517,-0.25136491656303406,-0.2067931592464447,-0.09018700569868088,0.004179536364972591,0.1600726842880249,-0.05039948225021362,-0.15931424498558044,0.14318180084228516,-0.009716084226965904,-0.6865610480308533,-0.08795754611492157,-0.1635292023420334,0.12797293066978455,-0.0018727213609963655,0.2376682460308075,-0.08040423691272736,0.9168545603752136,-0.04992516338825226,0.26748037338256836,-0.11069713532924652,-0.060180891305208206,0.04067804664373398,0.20975551009178162,-0.23027773201465607,0.25769585371017456,-0.3809194564819336,-0.4256802499294281,0.03975101560354233,-0.1577342450618744,0.11725938320159912,-0.13755452632904053,-0.3243148922920227,0.06480653584003448,0.0669986829161644,-0.17965346574783325,0.0868762880563736,0.2137393057346344,0.011943505145609379,-0.2840431332588196,0.20096878707408905,-0.683918833732605,-0.20480962097644806,0.3673597276210785,0.14817671477794647,0.15679523348808289,0.7128617167472839,0.2262464463710785,-0.14798490703105927,0.27300122380256653,-0.10902392864227295,-0.1667098104953766,-0.21040372550487518,0.07774753123521805,0.1357094943523407,0.16044247150421143,-0.029163500294089317,-0.23302225768566132,-0.07028380781412125,0.09872498363256454,-0.0225113146007061,0.27427592873573303,-0.0899096354842186,-0.44885706901550293,-0.6085205078125,0.3374411463737488,-0.20128580927848816,0.31469863653182983,0.04416719824075699,-0.37242475152015686,-0.08207480609416962,-0.04492310807108879,0.04738569259643555,-0.7488154172897339,0.03846103325486183,-0.3672023117542267,0.03231539577245712,-0.011461591348052025,-0.16611722111701965,0.6355372667312622,-0.42593854665756226,-0.215373232960701,-0.1389632225036621,-0.049181632697582245,-0.17608138918876648,-0.653479278087616,-0.1842534840106964,0.38675445318222046,0.060690999031066895,0.49624544382095337,-0.0442027822136879,0.4535742700099945,-0.18810363113880157,-0.13425859808921814,0.3402809202671051,-0.03833547979593277,-0.3749866187572479,-0.06826220452785492,-0.15382325649261475,-0.17834816873073578,-0.041770584881305695,-0.5618515610694885,1.0184327363967896,-0.03792183846235275,-0.3318520188331604,0.10630582273006439,-0.04266611114144325,-0.06908927112817764,0.13079550862312317,0.5085638761520386,-0.04717596620321274,0.390888512134552,0.513250470161438,-0.14215269684791565,0.2612881362438202,-0.32596415281295776,-0.25528421998023987,-0.1439010053873062,0.07787171751260757,-0.057653747498989105,-0.1506648063659668,0.10924716293811798,-0.02807743288576603,-0.07294473797082901,-0.2633124589920044,0.737738847732544,-0.039602600038051605,-0.022974098101258278,-0.24542662501335144,0.03161498159170151,0.20224137604236603,0.17829227447509766,0.07495948672294617,0.2439846694469452,-0.11188647896051407,0.081489697098732,0.08130417764186859,0.06118651479482651,-0.6464017033576965,-0.34604039788246155,0.014420908875763416,-0.10808243602514267,0.1749095469713211,0.10816545784473419,-0.18252992630004883,-0.4570488929748535,0.2587537467479706,0.13044492900371552,-0.2211381494998932,-0.047347523272037506,-0.04725091904401779,0.5833889245986938,-0.3172071576118469,-0.01348700188100338,-0.2964567542076111,0.05350180342793465,-0.15531767904758453,0.15681742131710052,0.07828225940465927,-0.046471137553453445,0.2562047839164734,0.1205369234085083,-0.0022685856092721224,0.3659701347351074,-0.17544957995414734,0.2090606689453125,0.11819471418857574
CID000004138,622,0.23465371131896973,-0.138229101896286,-0.6958754658699036,0.04090292006731033,0.5346319675445557,0.2584376931190491,-0.04570700228214264,-0.8364656567573547,-0.38184335827827454,-0.3094387650489807,0.3126632273197174,-0.12381454557180405,-0.2170325517654419,-0.20003297924995422,-0.16555878520011902,0.06715704500675201,1.0276695489883423,0.0927664265036583,-0.4797421991825104,0.028757333755493164,-0.2321782112121582,-0.22158627212047577,0.48008793592453003,0.1512117087841034,-0.37162765860557556,-0.5750592947006226,-0.22893838584423065,-0.34164145588874817,0.4925456941127777,-0.008837932720780373,0.9846668243408203,-0.04591144621372223,-0.07300850003957748,0.5506724119186401,-0.5363322496414185,-0.055179812014102936,1.138854742050171,-0.17741288244724274,0.09421811252832413,-0.008302344009280205,-0.8969510197639465,0.9901636242866516,-0.11588308960199356,0.042409852147102356,0.11347482353448868,0.12909427285194397,0.7276277542114258,0.29687580466270447,-0.6469272375106812,0.15970520675182343,-0.6709006428718567,0.10024479776620865,0.19544349610805511,-0.16435734927654266,0.18001028895378113,-0.47840890288352966,0.06346520036458969,0.966415524482727,-0.01790735311806202,-0.13393600285053253,0.11873199045658112,-0.15290294587612152,-0.08278985321521759,1.0279903411865234,0.28419071435928345,0.3259851038455963,0.11385935544967651,0.11526141315698624,-0.05139228701591492,-0.06450240314006805,-0.9312214851379395,0.044998832046985626,-0.8799489140510559,0.16457431018352509,0.11181704699993134,0.5171598196029663,0.614098072052002,0.21263161301612854,0.8549363017082214,0.10497310012578964,0.024543557316064835,-0.4476400315761566,-0.026754751801490784,-0.23697185516357422,0.5050240755081177,0.3256792724132538,-0.7208667397499084,0.10513518005609512,-0.20290187001228333,-0.00956033356487751,-0.08331364393234253,0.030787145718932152,-0.014136051759123802,-0.04635734483599663,-0.009640630334615707,-0.33663707971572876,-0.2531331479549408,0.12611599266529083,-0.012754698283970356,-0.7352521419525146,0.04792424663901329,0.13374952971935272,-0.008832946419715881,-0.3062282204627991,0.1887744963169098,-0.3025040924549103,0.8273162841796875,0.11982115358114243,0.0755172148346901,0.062470633536577225,-0.012214277870953083,-0.10576538741588593,0.6555873155593872,-0.4442174434661865,0.25108420848846436,-0.0733582153916359,-0.26352500915527344,0.2521052360534668,-0.31778115034103394,0.3269115090370178,-0.3386785686016083,-0.17671909928321838,0.02543058432638645,0.10659383237361908,-0.049717407673597336,-0.08779493719339371,0.34152713418006897,-0.13483066856861115,-0.09183922410011292,0.17391513288021088,-0.8156035542488098,-0.26951223611831665,0.4795043468475342,0.45506706833839417,0.22719614207744598,0.9984935522079468,0.25706666707992554,0.08653891086578369,0.38134434819221497,0.08197091519832611,0.008197249844670296,-0.35665589570999146,0.18300800025463104,0.2905800938606262,-0.07779507339000702,-0.21738627552986145,-0.4796205461025238,0.10894067585468292,0.07548722624778748,-0.24938265979290009,0.5234360098838806,-0.011641314253211021,-0.7574576735496521,-0.9403243064880371,0.7904983758926392,-0.4625498652458191,0.040158309042453766,0.1222323626279831,-0.2721467614173889,0.026802707463502884,-0.22510334849357605,-0.06027248501777649,-0.866926372051239,-0.11302997916936874,-0.4445888102054596,-0.1789538562297821,-0.12850084900856018,-0.16372521221637726,0.1299876570701599,-0.24404525756835938,-0.20111258327960968,-0.2963727116584778,0.10006258636713028,-0.2862449288368225,-0.7447395920753479,0.1522788107395172,0.5688530206680298,0.11159481853246689,0.47504743933677673,0.08025691658258438,0.44042524695396423,-0.23880383372306824,-0.2881389558315277,0.48392993211746216,0.1830761879682541,-0.4812833368778229,-0.22455093264579773,-0.3576810956001282,-0.08132146298885345,-0.047081656754016876,-0.6782885789871216,0.8187512159347534,-0.2336588203907013,-0.25514334440231323,-0.12558433413505554,0.030271202325820923,-0.12303604930639267,-0.04431479424238205,0.23791901767253876,0.11661490052938461,0.5401003360748291,0.04190174862742424,0.056029655039310455,-0.06421966850757599,-0.20222659409046173,-0.0389084592461586,-0.13622817397117615,0.2193659096956253,0.07923285663127899,0.02815026044845581,-0.2346934825181961,-0.08864814043045044,0.1476924866437912,-0.34501200914382935,0.5747489929199219,0.02366143837571144,-0.21182866394519806,-0.32375451922416687,-0.1780048906803131,-0.059718262404203415,-0.053056489676237106,-0.13033707439899445,0.14522312581539154,-0.0033242672216147184,-0.29638704657554626,0.08506647497415543,0.10743780434131622,-1.1220449209213257,-0.07740211486816406,0.07692613452672958,0.12479069083929062,0.4289286732673645,0.1187911182641983,-0.28095024824142456,-0.649711549282074,0.3983442783355713,0.017890173941850662,0.07446621358394623,-0.1277344524860382,0.028383102267980576,0.5343936085700989,-0.32121187448501587,-0.07114922255277634,-0.36312201619148254,-0.27362489700317383,-0.18135963380336761,0.17994324862957,0.14298218488693237,-0.05825091153383255,0.43953877687454224,0.29794150590896606,0.08710765838623047,-0.09174984693527222,-0.1647445410490036,0.40289101004600525,-0.1460098922252655
CID006447131,623,0.15624237060546875,-0.07672645896673203,-0.8245231509208679,0.1735495626926422,0.27216917276382446,-0.40001845359802246,-0.03527342528104782,-0.5992274880409241,-0.15206511318683624,-0.4582396149635315,0.35998624563217163,-0.15217837691307068,-0.22498250007629395,-0.0544610396027565,0.14571084082126617,0.06980778276920319,0.015195009298622608,-0.11353441327810287,-0.4314374029636383,-0.07601263374090195,-0.06486142426729202,-0.08571046590805054,0.3231915831565857,0.042914099991321564,-1.1187210083007812,-0.7083189487457275,-0.48786014318466187,0.35846590995788574,-0.0515560582280159,-0.043999847024679184,0.7465318441390991,-0.037083763629198074,0.19261012971401215,0.08929584920406342,-0.050428785383701324,0.07628195732831955,0.09221704304218292,-0.15689969062805176,-0.1442088484764099,0.0264500193297863,0.25490546226501465,0.07757775485515594,-0.08651100099086761,-0.17704913020133972,-0.030361134558916092,0.0006312131881713867,0.6649632453918457,-0.30016717314720154,-0.5661917328834534,-0.05803709104657173,-0.9296547174453735,0.014251899905502796,0.5751869678497314,-0.24570950865745544,-0.20138823986053467,-0.1946006417274475,-0.07566140592098236,0.8305692672729492,-0.035991206765174866,-0.08003291487693787,-0.29030412435531616,-0.057971976697444916,-0.14209553599357605,0.41512012481689453,0.06589002162218094,0.788819432258606,0.3091789484024048,0.06854787468910217,-0.12992577254772186,0.05020993947982788,-0.3158465027809143,0.039911553263664246,-0.2278345376253128,0.39961808919906616,0.037218108773231506,0.22901900112628937,0.08966834843158722,0.2776312828063965,0.834098219871521,0.030306458473205566,-0.07580894231796265,-0.3866282105445862,0.41469264030456543,0.20073840022087097,0.12031587213277817,0.05265315622091293,-0.46834707260131836,-0.16413913667201996,-0.04549281671643257,0.17997370660305023,-0.0011003256076946855,-0.12587162852287292,-0.5270498991012573,-0.18242967128753662,0.13488468527793884,0.23760151863098145,-0.10457368195056915,-0.044909585267305374,0.01918523944914341,-1.217933177947998,-0.1052020937204361,0.09334369748830795,-0.0009787172311916947,-0.2952841818332672,0.1486462652683258,-0.09870505332946777,0.600251317024231,0.38983482122421265,0.05234568193554878,-0.13032791018486023,0.22205236554145813,-0.18727149069309235,0.24795910716056824,-0.86328125,0.09834824502468109,-0.5458201169967651,-0.21652331948280334,0.07957172393798828,-0.08504253625869751,-0.003135527018457651,-0.2338119000196457,-0.22470712661743164,0.15919315814971924,-0.08728897571563721,-0.062016259878873825,-0.00398991396650672,-0.006869122385978699,0.12051763385534286,-0.2864070236682892,-0.042100753635168076,-0.45857882499694824,-0.12811703979969025,0.21010355651378632,0.11300788074731827,-0.010613876394927502,0.5874820947647095,0.09852081537246704,0.06843308359384537,0.40062791109085083,0.06154308840632439,-0.01304297149181366,-0.06801751255989075,0.4471205770969391,0.05245164781808853,-0.023468175902962685,0.14609676599502563,-0.46282434463500977,0.531272828578949,0.01348779909312725,-0.29588350653648376,0.9476930499076843,-0.15157204866409302,-0.41231149435043335,-0.5169048309326172,0.449436753988266,0.46888813376426697,0.17861340939998627,0.2515721321105957,-0.4781355857849121,0.11933968961238861,-0.1001044511795044,-0.1751205027103424,-1.0301965475082397,0.2683798670768738,-0.41011515259742737,0.01960163377225399,0.10059370845556259,-0.050550151616334915,1.216123104095459,-0.5827783346176147,-0.2520747184753418,0.17080377042293549,0.0160050205886364,0.11182652413845062,-0.2886092960834503,-0.48524218797683716,0.08458645641803741,0.09243790060281754,0.6239932775497437,0.37361353635787964,0.14969685673713684,-0.170768141746521,0.06113540008664131,0.8145176768302917,-0.13294076919555664,-0.3128410279750824,-0.15492907166481018,-0.07158888876438141,-0.17884477972984314,-0.2905975878238678,-0.30737558007240295,1.1452867984771729,0.07828247547149658,-0.09146460145711899,-0.16037273406982422,-0.006617023143917322,-0.05092506483197212,-0.05234537273645401,1.2293708324432373,-0.07512263208627701,0.718793511390686,0.46391230821609497,0.12101469188928604,0.7485359907150269,-0.6021407842636108,0.22763600945472717,-0.44044995307922363,0.03142727538943291,-0.019634876400232315,0.042071156203746796,0.15878650546073914,0.11835478246212006,-0.06396851688623428,-0.10051678121089935,0.7411441802978516,0.3984658420085907,-0.14843091368675232,-0.31451743841171265,-0.13004130125045776,0.07697409391403198,-0.11062195152044296,-0.0817415788769722,0.08761744201183319,-0.34931331872940063,0.07897751033306122,0.2388072907924652,0.030619025230407715,-0.5166118144989014,-0.16333086788654327,0.056779276579618454,0.09618773311376572,0.08699554949998856,0.26341190934181213,-0.17156679928302765,-0.7154098749160767,0.15901429951190948,0.1597665697336197,0.006310401018708944,-0.06848062574863434,-0.044850632548332214,1.1629360914230347,-0.4814440608024597,-0.13768334686756134,-0.500841498374939,0.089508555829525,-0.25392958521842957,0.026904363185167313,-0.24196822941303253,-0.2011955976486206,0.26262569427490234,0.2254580557346344,0.06372272968292236,0.23783083260059357,0.03911545127630234,0.14713838696479797,-0.1467457115650177
CID000170361,624,0.15639068186283112,-0.24953095614910126,-0.5676862001419067,0.22174160182476044,0.43491798639297485,-0.057436250150203705,-0.1566326916217804,-0.6955272555351257,-0.1507304608821869,0.011694079264998436,0.29886505007743835,0.0005715787410736084,-0.18568667769432068,0.023564765229821205,-0.0630372166633606,0.012447250075638294,0.44753775000572205,0.17225529253482819,-0.16626687347888947,0.24937960505485535,-0.17840227484703064,0.009479758329689503,0.3468800187110901,0.0523829385638237,-0.3247527480125427,-0.7725903391838074,-0.5964053869247437,0.1316574513912201,0.0804743766784668,0.044826656579971313,0.7382417321205139,0.12600106000900269,-0.20233432948589325,0.4372950494289398,-0.1985897719860077,0.10875413566827774,0.7210007905960083,-0.20238062739372253,0.02132260985672474,0.19310159981250763,-0.10841362178325653,0.4055057466030121,-0.3182629346847534,-0.10285498201847076,-0.017869601026177406,0.00890081562101841,0.6023462414741516,-0.10919685661792755,-0.43346142768859863,-0.05350390821695328,-0.7280846238136292,0.0723453164100647,0.40332579612731934,-0.24106109142303467,0.4248529374599457,-0.23209121823310852,-0.1302032172679901,0.4884740710258484,0.0809243768453598,-0.15256018936634064,-0.02050173282623291,-0.18013308942317963,0.06714056432247162,0.6458908915519714,0.04616859555244446,0.29663223028182983,-0.14378467202186584,-0.11290200054645538,-0.015105238184332848,1.4360249224409927e-05,-0.6004623174667358,0.14292262494564056,-0.687839686870575,0.6695785522460938,0.13851234316825867,0.286771684885025,0.41947275400161743,0.039145998656749725,0.5056890845298767,0.01974068582057953,-0.09652306884527206,-0.3044193983078003,0.07997585088014603,-0.10270246118307114,0.21139629185199738,0.3300681710243225,-0.20014162361621857,-0.006738149560987949,0.013564038090407848,0.19087354838848114,-0.2309211790561676,-0.009077265858650208,-0.12112073600292206,-0.03290482610464096,0.18468903005123138,-0.057631779462099075,0.05604083463549614,0.19523772597312927,-0.09383800625801086,-0.8370712399482727,-0.06993532925844193,-0.160268172621727,0.10882963985204697,0.017824485898017883,0.22495713829994202,-0.11231762170791626,0.974656879901886,-0.10375795513391495,0.27532410621643066,-0.013540494255721569,-0.11285853385925293,0.07704264670610428,0.2037782222032547,-0.410491943359375,0.28572580218315125,-0.3412429690361023,-0.49044233560562134,-0.03001321852207184,-0.04582773521542549,0.24626505374908447,-0.30990949273109436,-0.23112158477306366,0.10862177610397339,0.07992828637361526,-0.11469658464193344,-0.014400442130863667,0.2968977391719818,-0.01923639141023159,-0.35063108801841736,0.259327232837677,-0.6134787797927856,-0.42306384444236755,0.3776509761810303,0.22182755172252655,0.11533327400684357,0.822738528251648,0.2719303369522095,-0.06359643489122391,0.29954272508621216,-0.036788713186979294,0.0604267343878746,-0.18062420189380646,0.046487610787153244,-0.0492573007941246,0.06790004670619965,-0.018081283196806908,-0.17805014550685883,-0.10241882503032684,0.010092406533658504,-0.09334051609039307,0.35591787099838257,-0.08523285388946533,-0.5723183155059814,-0.6607441306114197,0.36942070722579956,-0.20153692364692688,0.2978445291519165,0.0617634654045105,-0.40296611189842224,-0.11877979338169098,-0.025736045092344284,0.09480942785739899,-0.8825843930244446,0.018403053283691406,-0.42254406213760376,-0.025206375867128372,-0.008695965632796288,-0.12637361884117126,0.6877343654632568,-0.4461069703102112,-0.27097076177597046,-0.1876731812953949,0.024160422384738922,-0.18812473118305206,-0.6259801983833313,-0.2426741123199463,0.5147358775138855,0.10516557842493057,0.46100181341171265,0.0859072208404541,0.5139737129211426,-0.1395731419324875,-0.4374939799308777,0.5844430327415466,-0.045838721096515656,-0.6595442891120911,0.00491990614682436,-0.179647758603096,-0.164104625582695,-0.004119726829230785,-0.4018678069114685,0.9174667596817017,0.028025690466165543,-0.31723231077194214,0.16182680428028107,-0.10786750167608261,0.06430434435606003,0.2502374053001404,0.4929329454898834,-0.1252187043428421,0.45964688062667847,0.3920227885246277,-0.05991165712475777,0.24280425906181335,-0.3517499566078186,-0.3640255331993103,-0.1987503618001938,0.030713403597474098,-0.12641307711601257,-0.007739026099443436,-0.09555021673440933,-0.09584978967905045,-0.12049319595098495,-0.3710239827632904,0.6630017161369324,-0.14242912828922272,0.012158232741057873,-0.42586207389831543,-0.08581019937992096,0.016766387969255447,0.17339012026786804,-0.07840044796466827,0.17648088932037354,-0.17441719770431519,0.25772085785865784,0.04896903783082962,0.07659640908241272,-0.5871241688728333,-0.270671546459198,-0.035948533564805984,-0.19180423021316528,0.11548712104558945,0.10531220585107803,-0.2493954598903656,-0.5173143148422241,0.20042026042938232,0.19526226818561554,-0.11968125402927399,0.050227582454681396,0.08332252502441406,0.8690468668937683,-0.2422664910554886,-0.064629927277565,-0.3887298107147217,-0.125285342335701,-0.26774296164512634,0.07487324625253677,0.11900468170642853,-0.08377601206302643,0.31705206632614136,0.23817479610443115,0.05046023055911064,0.29548773169517517,-0.05680970102548599,0.28648918867111206,0.08765633404254913
CID000004075,635,-0.07487286627292633,-0.36612892150878906,-0.7413603067398071,0.11740171909332275,0.48019179701805115,-0.029424935579299927,0.13367420434951782,-0.48455214500427246,-0.3205897808074951,0.015624451451003551,0.5208763480186462,-0.12253978103399277,0.03627106547355652,-0.3499933183193207,0.011354285292327404,0.28245997428894043,0.5587589144706726,-0.17858664691448212,-0.16523292660713196,-0.12853260338306427,-0.15259578824043274,0.08200539648532867,0.495627224445343,0.24881413578987122,-0.44435444474220276,-0.7533267736434937,-0.1251068264245987,-0.09584738314151764,0.11900796741247177,-0.2185196578502655,1.0550884008407593,-0.11201336234807968,0.00526163587346673,0.48800134658813477,-0.8353132009506226,0.23110929131507874,1.2126364707946777,0.08992372453212738,0.1892852932214737,-0.09133823961019516,-0.3039274215698242,1.0004158020019531,-0.5910218954086304,0.1405285745859146,-0.011325436644256115,0.16297614574432373,0.5334017872810364,-0.3419647514820099,-0.7198952436447144,-0.09836699068546295,-0.5762384533882141,0.06856667995452881,0.2615101933479309,-0.2643875479698181,0.2620890140533447,-0.23965910077095032,-0.19208481907844543,0.5815902948379517,-0.11397244036197662,0.10389876365661621,-0.11239290237426758,-0.3941466510295868,0.09907564520835876,0.8022737503051758,0.07002395391464233,0.13912330567836761,-0.21978621184825897,0.011518144980072975,0.05672302097082138,0.03810883313417435,-1.0512386560440063,0.21642999351024628,-0.6610106825828552,0.15367740392684937,-0.17654184997081757,0.43153589963912964,0.8425480723381042,0.3216819167137146,0.6722663044929504,-0.17266570031642914,-0.051881708204746246,-0.29892054200172424,-0.06014839559793472,-0.0600164458155632,0.3324165344238281,0.35015803575515747,-0.43430033326148987,0.007399038877338171,-0.010620000772178173,-0.1636512577533722,-0.10863615572452545,0.014183660969138145,0.05649503320455551,-0.08841637521982193,0.1150471568107605,-0.24905896186828613,-0.11616428196430206,0.17121101915836334,-0.11283816397190094,-0.8911765217781067,0.004354286007583141,-0.20424596965312958,0.2614138424396515,-0.04118309170007706,0.3629723787307739,-0.26405638456344604,0.6272112131118774,-0.33537226915359497,0.4063106179237366,-0.05204616114497185,-0.07636941969394684,0.1689465343952179,0.7951166033744812,-0.23391751945018768,-0.004729333333671093,-0.229262113571167,0.03375927358865738,0.23863239586353302,-0.2563977837562561,0.1869187206029892,-0.3497440814971924,-0.20427532494068146,0.27127641439437866,0.09318857640028,0.16005632281303406,0.15811416506767273,0.24992027878761292,0.1401088684797287,-0.09361869841814041,0.35452109575271606,-0.7867082357406616,-0.14254221320152283,0.5093396902084351,0.14680054783821106,-0.25682568550109863,0.6698528528213501,0.20202136039733887,-0.1284625083208084,0.2185431718826294,-0.06817138195037842,0.02504320815205574,-0.4098029136657715,-0.03826771304011345,0.3889777362346649,0.040232811123132706,0.2301623523235321,-0.078321672976017,0.2723909914493561,-0.04532313346862793,-0.20456330478191376,0.30915695428848267,-0.07114206999540329,-0.858585000038147,-0.8524236679077148,0.7675191164016724,-0.3082178831100464,-0.0402592308819294,0.3468412458896637,-0.5314797759056091,-0.009266307577490807,0.0072642057202756405,0.12881779670715332,-0.7635721564292908,0.008126270957291126,-0.33942466974258423,-0.1873857080936432,-0.09508918225765228,-0.3534008860588074,0.47606366872787476,-0.40242043137550354,-0.061310332268476486,-0.3713303804397583,0.05282776802778244,-0.22612087428569794,-0.8239659070968628,-0.1515398919582367,0.3796234726905823,-0.025801341980695724,0.49377498030662537,0.29791492223739624,0.7411897778511047,-0.10202263295650482,-0.31923598051071167,0.2937701642513275,0.2190351039171219,-0.621527373790741,-0.4127330183982849,-0.2503175139427185,-0.4801545739173889,-0.36701568961143494,-0.33372917771339417,1.1672008037567139,-0.11211447417736053,-0.3447777032852173,0.047277919948101044,0.0645698830485344,0.023667404428124428,0.1876915991306305,0.24036681652069092,-0.021949434652924538,0.4989590048789978,0.0035115345381200314,-0.3222394585609436,0.19662204384803772,-0.2851231098175049,0.19266745448112488,-0.34360623359680176,-0.17000587284564972,0.1648118942975998,-0.07921527326107025,0.1429535299539566,-0.06972862780094147,0.11883582919836044,-0.40239566564559937,0.7267778515815735,0.11615066230297089,-0.17885775864124298,0.10428955405950546,0.038577254861593246,0.19011208415031433,0.12847845256328583,-0.05702007934451103,0.18528172373771667,0.1367829144001007,-0.07826866954565048,0.09448820352554321,0.06201978772878647,-1.0080816745758057,-0.05477266386151314,-0.07133828103542328,-0.04657980054616928,0.19504833221435547,0.12682944536209106,-0.32296106219291687,-0.9109916687011719,-0.016901373863220215,0.3550773859024048,-0.23548543453216553,0.12602755427360535,-0.23065412044525146,0.4882356524467468,-0.40623679757118225,0.15889501571655273,-0.19352588057518005,-0.3273860812187195,-0.34842178225517273,0.30653324723243713,-0.10543112456798553,-0.2461252510547638,0.29183727502822876,0.3492319583892822,-0.04795079305768013,-0.11462254822254181,-0.04782203957438469,0.11827722936868668,-0.19806532561779022
CID000005394,636,0.1407032608985901,-0.48014768958091736,-0.5591676235198975,0.014933097176253796,0.41681647300720215,-0.15795372426509857,-0.24371406435966492,-0.6275821924209595,-0.39231055974960327,0.05877847224473953,0.38737550377845764,0.13139329850673676,-0.06387508660554886,-0.09200377762317657,-0.020973840728402138,0.227360337972641,0.44941800832748413,0.01935083232820034,-0.0818844884634018,0.14350660145282745,-0.36205530166625977,-0.05164970085024834,0.4072442948818207,-0.04558027163147926,-0.5303951501846313,-0.8200470805168152,-0.7475743889808655,0.1250884234905243,0.15614649653434753,-0.14858494699001312,0.8653906583786011,0.03375958651304245,-0.06422401964664459,0.33157414197921753,-0.34309086203575134,0.11523665487766266,0.95597904920578,-0.21046876907348633,0.062040358781814575,0.2230108678340912,-0.2728281617164612,0.504718542098999,-0.2803930640220642,-0.16815045475959778,-0.12871620059013367,-0.03672381117939949,0.6906320452690125,-0.03754782676696777,-0.4146665930747986,-0.08701380342245102,-0.6140820980072021,0.2153385877609253,0.26574036478996277,-0.10224075615406036,0.22535952925682068,-0.2618391513824463,-0.1692025065422058,0.7211939096450806,0.017684590071439743,-0.04478750377893448,-0.25273898243904114,-0.24054598808288574,0.003959530498832464,0.8287962079048157,0.15793149173259735,0.1095978394150734,-0.1720101684331894,-0.18364839255809784,-0.058043938130140305,0.2893493175506592,-0.7642028331756592,0.166916623711586,-0.7742987871170044,0.5113814473152161,-0.09679975360631943,0.19573545455932617,0.5587078332901001,0.1822853982448578,0.7621477842330933,0.056141603738069534,0.1017334908246994,-0.3017163872718811,0.06090177223086357,-0.1810304969549179,0.04410864785313606,0.3772003650665283,-0.2110740840435028,-0.16780969500541687,-0.08252055943012238,-0.1394331157207489,-0.12473292648792267,-0.22762160003185272,-0.06731504946947098,0.1163400411605835,0.13952073454856873,-0.16097719967365265,-0.008201062679290771,0.2814822793006897,-0.061726249754428864,-0.759373128414154,-0.03889188542962074,-0.2385500967502594,0.21447591483592987,0.08759677410125732,0.28980615735054016,-0.09125511348247528,0.8567673563957214,-0.15221527218818665,0.3466552495956421,-0.02045878954231739,-0.03299001604318619,0.029479647055268288,0.3317374587059021,-0.15159204602241516,0.2145867645740509,-0.3466746211051941,-0.6152371168136597,0.13862569630146027,-0.2591710686683655,0.13767027854919434,-0.34721672534942627,-0.3573457598686218,0.16679398715496063,0.10859688371419907,-0.26140204071998596,0.09406799077987671,0.3124396502971649,0.11091338098049164,-0.33914488554000854,0.31407833099365234,-0.8807849884033203,-0.16920293867588043,0.4144956171512604,0.07063218206167221,0.10440360009670258,0.7924581170082092,0.250802218914032,-0.15787075459957123,0.21092858910560608,-0.15106269717216492,-0.1876080334186554,-0.32147446274757385,-0.07217229902744293,0.2503390908241272,0.0360521525144577,0.016735676676034927,-0.25168710947036743,0.11995881795883179,0.10571907460689545,-0.14594009518623352,0.27679985761642456,-0.09002150595188141,-0.6217982172966003,-0.8739563822746277,0.26896560192108154,-0.1404869258403778,0.33293503522872925,0.060308318585157394,-0.3724919259548187,0.02706524170935154,-0.1814124882221222,0.14679822325706482,-0.9047673940658569,-0.03350196033716202,-0.4235166609287262,0.02268529310822487,-0.0339907631278038,-0.3370908498764038,0.553566038608551,-0.47957682609558105,-0.1243659257888794,-0.19098472595214844,-0.005678609013557434,-0.1720130741596222,-0.5860211253166199,-0.19357524812221527,0.6467142701148987,0.15526753664016724,0.4989291727542877,0.025754522532224655,0.4735316336154938,-0.18057289719581604,-0.16552698612213135,0.6266455054283142,0.09637229889631271,-0.3725317120552063,0.03818538784980774,-0.09696995466947556,-0.19129571318626404,-0.12394434213638306,-0.5762614011764526,0.9893015623092651,-0.13847732543945312,-0.3162153959274292,0.12194995582103729,-0.13921818137168884,-0.07889635860919952,-0.10252249240875244,0.4854280352592468,-0.05445089191198349,0.4960571229457855,0.4283275008201599,-0.3415740132331848,0.37336698174476624,-0.34028011560440063,-0.2623371183872223,-0.05455350875854492,0.16491925716400146,-0.2409617006778717,-0.07739009708166122,0.15539979934692383,-0.10651230812072754,-0.2396560162305832,-0.15754708647727966,0.8880672454833984,0.14436279237270355,-0.03865119069814682,-0.07604990154504776,-0.046992845833301544,0.10965608060359955,0.0741211473941803,0.1345514953136444,0.18517175316810608,-0.04686715453863144,0.22275996208190918,0.06412232667207718,0.11494438350200653,-0.8891648054122925,-0.34890514612197876,-0.10536549985408783,-0.13392849266529083,0.11040456593036652,0.18303869664669037,-0.2924913763999939,-0.6290183663368225,0.3854735195636749,0.1306617558002472,-0.13337761163711548,-0.019703932106494904,0.04909307509660721,0.666295051574707,-0.35683193802833557,0.061130452901124954,-0.3476373553276062,0.12166938930749893,-0.28163671493530273,0.06715182960033417,0.18313440680503845,-0.14525985717773438,0.25104326009750366,0.1988394558429718,0.10462918132543564,0.43684035539627075,-0.2093910276889801,0.27074509859085083,-0.01373591460287571
CID000005735,639,0.28004997968673706,-0.4730195105075836,-1.000317096710205,-0.0640106350183487,0.45462387800216675,-0.29381251335144043,0.1368442326784134,-0.9133447408676147,-0.07344041764736176,-0.3670368194580078,0.7218848466873169,0.24005286395549774,-0.07642453908920288,0.10205072164535522,0.03573964536190033,0.172622412443161,0.22273215651512146,-0.014764850959181786,0.06415656208992004,-0.19979459047317505,-0.17474505305290222,0.3090008795261383,0.3135729432106018,-0.02508918009698391,-1.4117891788482666,-1.0300236940383911,-0.506658673286438,0.2560001015663147,0.03503850847482681,0.021865133196115494,0.8951243162155151,-0.21662430465221405,0.20527680218219757,0.2649345397949219,-0.12033390998840332,-0.23642459511756897,0.44710296392440796,-0.011792218312621117,0.3433190882205963,0.032942034304142,0.11601783335208893,0.31571558117866516,0.07068727165460587,-0.4115445017814636,-0.022475924342870712,0.13200637698173523,1.0094788074493408,-0.34633803367614746,-0.6895982623100281,0.11102712154388428,-1.063608169555664,-0.014441877603530884,0.5231412649154663,-0.1857556402683258,0.3106117844581604,-0.36383986473083496,0.1156519427895546,1.1880478858947754,-0.27521222829818726,0.1922212541103363,-0.1488611400127411,-0.1360134780406952,-0.07800258696079254,0.5744479894638062,0.07299929857254028,0.5739944577217102,0.24382396042346954,-0.05054584890604019,-0.05591060593724251,0.015045392327010632,-0.2228686809539795,0.1047818511724472,-0.6633506417274475,0.4381018280982971,-0.19753286242485046,0.07876963913440704,0.14046768844127655,0.08887236565351486,0.8808239102363586,0.20629176497459412,0.09330328553915024,-0.4987666606903076,-0.07519596070051193,-0.10621070861816406,0.40608900785446167,0.15851008892059326,-0.7332342863082886,-0.21017317473888397,-0.2309228926897049,-0.025723034515976906,-0.1095186248421669,-0.2502211034297943,-0.3570174276828766,0.3159528076648712,0.21218061447143555,0.18679365515708923,-0.01244394201785326,0.35907670855522156,-0.024797528982162476,-1.8741981983184814,-0.24676641821861267,0.07217704504728317,0.015645623207092285,-0.3123827278614044,0.10448972880840302,-0.21307441592216492,1.037099003791809,0.060652028769254684,0.05787472799420357,0.07770854234695435,0.3371637761592865,0.1444282829761505,0.13646537065505981,-0.977796733379364,0.20850491523742676,-0.31101900339126587,-0.049648843705654144,0.3140435814857483,0.2722506523132324,0.32642826437950134,-0.14366772770881653,-0.23806658387184143,0.02329801395535469,0.06585122644901276,0.3656797409057617,-0.1481437385082245,0.47595566511154175,-0.07470379769802094,-0.29481858015060425,0.37592267990112305,-0.7134603261947632,0.13020920753479004,0.3053566813468933,-0.004539656452834606,-0.11491645872592926,0.7131170630455017,0.05444352701306343,0.02959401346743107,0.39915433526039124,-0.45743316411972046,0.052531320601701736,0.04514874145388603,0.04871423915028572,0.1746702641248703,-0.10138926655054092,0.23272427916526794,-0.16729307174682617,0.5655504465103149,-0.10213176906108856,-0.07958205044269562,0.8817370533943176,-0.1876859813928604,-0.47061413526535034,-1.0376865863800049,0.8927545547485352,0.2640068531036377,0.264218807220459,0.36895573139190674,-0.5443029403686523,0.34545689821243286,-0.15048012137413025,0.03979780524969101,-1.0163230895996094,-0.004015380050987005,-0.5335589647293091,0.2121616154909134,-0.17334029078483582,-0.10631164163351059,1.363007664680481,-0.6490365266799927,-0.20073895156383514,0.017450600862503052,-0.07391678541898727,0.1906881332397461,-0.6070381999015808,-0.346990168094635,0.32933300733566284,-0.1324615776538849,0.6168968081474304,0.369704008102417,0.1449752151966095,-0.22723452746868134,-0.2172350436449051,0.9390062093734741,0.031283725053071976,-0.25911083817481995,-0.31621241569519043,0.05493411421775818,-0.40742722153663635,-0.259062260389328,-0.40875524282455444,1.6626472473144531,-0.12266447395086288,-0.020310062915086746,-0.2551345229148865,-0.30963584780693054,-0.10637251287698746,0.1634393185377121,1.6645431518554688,-0.2621355950832367,0.6696330308914185,0.390350878238678,-0.058485329151153564,1.3889213800430298,-0.4665141999721527,0.413362592458725,-0.4436425268650055,0.001842200756072998,-0.3454461693763733,0.27835172414779663,-0.31399470567703247,-0.01974339783191681,0.17770543694496155,-0.2458595484495163,0.6055089235305786,0.3305068612098694,-0.4875776171684265,-0.07635582983493805,-0.03250741958618164,0.025626832619309425,-0.13642266392707825,0.15433524549007416,0.055649735033512115,-0.45559120178222656,-0.09075691550970078,0.5361989140510559,0.1566239297389984,-0.26676005125045776,-0.19413891434669495,0.07432854175567627,0.054525233805179596,0.11182001978158951,0.283837229013443,-0.2629682123661041,-0.7382165193557739,0.21050064265727997,0.10595504939556122,0.02011951617896557,-0.22321979701519012,-0.03272831439971924,1.5055783987045288,-0.28448808193206787,-0.06298433244228363,-0.5746594667434692,-0.17211218178272247,-0.5008935332298279,-0.1392025649547577,0.12811379134655,0.014769363217055798,0.5628788471221924,0.24100260436534882,0.0926954597234726,-0.05180587247014046,0.05121327191591263,0.43518996238708496,-0.028742361813783646
CID000000453,647,0.039550237357616425,-0.2566298842430115,-0.8842334747314453,0.40759071707725525,0.7190046310424805,0.14467909932136536,-0.17445814609527588,-0.9576680064201355,-0.01768624782562256,0.16701188683509827,0.5205749869346619,0.26588568091392517,-0.17207017540931702,-0.2197750061750412,-0.10704772174358368,-0.26233482360839844,0.44154849648475647,-0.26015520095825195,-0.2677909731864929,-0.43667978048324585,0.006988030858337879,0.2748463749885559,0.6249433755874634,0.025813451036810875,-0.9834002256393433,-0.9658907651901245,-0.7859411835670471,0.12137182056903839,-0.04194148629903793,-0.446350634098053,1.6520698070526123,-0.0775025337934494,-0.2445409595966339,0.44122785329818726,-1.150131344795227,0.0674092248082161,0.9488533139228821,-0.3633125424385071,-0.10198424011468887,0.017829636111855507,-0.4678100049495697,0.2079727202653885,-1.0145838260650635,-0.06333934515714645,0.011976066045463085,0.15823115408420563,0.643278956413269,-0.23796901106834412,-0.4472407400608063,0.057483553886413574,-0.5793226957321167,0.4147714078426361,0.8828455805778503,0.06875758618116379,0.25122666358947754,0.09563565999269485,-0.22713825106620789,1.0647462606430054,-0.030305635184049606,0.42551931738853455,-0.08817984908819199,-0.09699390828609467,0.06361967325210571,0.964831531047821,0.15380021929740906,0.18991687893867493,0.00839656125754118,-0.20373399555683136,0.14800938963890076,-0.019038140773773193,-0.6867286562919617,0.40414953231811523,-0.7390674948692322,0.19514334201812744,-0.11678149551153183,0.7062442898750305,0.3512084186077118,0.1504489630460739,0.4324670433998108,-0.27003106474876404,-0.4588845670223236,-0.7424672842025757,-0.06064121052622795,-0.22465810179710388,-0.07734884321689606,0.15588757395744324,-0.7090319395065308,-0.22463974356651306,-0.27313995361328125,0.44799962639808655,-0.25434860587120056,-0.26283448934555054,-0.3215547204017639,-0.07337578386068344,0.08190345764160156,-0.26227134466171265,0.2691102623939514,0.2982723116874695,0.06275801360607147,-1.418205738067627,0.07749656587839127,-0.27500051259994507,0.25552648305892944,-0.5273981094360352,0.0017697870498523116,-0.5135995149612427,1.0763537883758545,-0.7597277164459229,0.21074390411376953,0.001804774976335466,-0.10634325444698334,-0.15076179802417755,0.3785344958305359,-0.652459979057312,-0.039595894515514374,-0.5764085650444031,-0.7333354353904724,-0.032986562699079514,-0.19951507449150085,0.33242183923721313,-0.25232309103012085,0.05972329527139664,-0.0796479731798172,0.13914160430431366,0.48014014959335327,0.06272362917661667,0.5765644907951355,-0.12272500991821289,-0.12397734820842743,0.16322219371795654,-0.45953670144081116,-0.3479474186897278,0.4227971136569977,0.1874845176935196,0.03461587801575661,0.865683376789093,0.29293280839920044,-0.24028293788433075,0.6955686807632446,0.13899660110473633,0.2197905331850052,-0.545650064945221,-0.1857428401708603,-0.38703271746635437,-0.1725061535835266,-0.15061639249324799,-0.018218467012047768,0.7787200808525085,-0.275495707988739,-0.11696945130825043,0.3699621558189392,-0.07358461618423462,-1.029142141342163,-1.0688759088516235,0.827325165271759,-0.0351853109896183,0.40594926476478577,0.5031068325042725,-0.4657100737094879,0.07267563045024872,0.1472739279270172,0.1636737883090973,-0.9070717096328735,0.07732786238193512,-0.2875913977622986,-0.23324432969093323,-0.025474851951003075,0.19992277026176453,0.8259938955307007,-0.4385896325111389,-0.24692948162555695,-0.04303992539644241,-0.03272769972681999,-0.30987876653671265,-1.1533018350601196,-0.22248129546642303,0.8060078620910645,0.17840442061424255,0.5273703336715698,0.03756537660956383,0.6702075600624084,-0.3211545944213867,-0.3900674283504486,1.5207595825195312,0.08654896914958954,-0.7391811013221741,-0.03499424457550049,-0.06812401115894318,-0.5866597294807434,0.11940287053585052,-0.5322126746177673,1.377382755279541,-0.0004699110868386924,-0.5498701333999634,0.050457894802093506,-0.2184944897890091,-0.058570265769958496,0.10725100338459015,0.8389679193496704,-0.0515068955719471,0.8886480331420898,0.0021011256612837315,-0.3543642461299896,0.11969134956598282,-0.7721732258796692,-0.47417569160461426,-0.3134915232658386,-0.4662303030490875,0.037904687225818634,0.4048478603363037,0.4139811098575592,-0.32542866468429565,-0.09613493829965591,0.1991124004125595,1.0732274055480957,0.11049513518810272,-0.2410040646791458,-0.5592313408851624,-0.17593052983283997,0.23867139220237732,0.30137521028518677,-0.13783523440361023,-0.07091712951660156,-0.07403967529535294,0.1868094503879547,0.16021880507469177,0.34976881742477417,-0.9794079661369324,0.26126357913017273,-0.12834303081035614,-0.24538488686084747,0.5819276571273804,0.11376510560512543,-0.381758451461792,-1.029283881187439,-0.44341951608657837,-0.013572385534644127,0.09576719254255295,-0.030913030728697777,0.17335392534732819,1.9326359033584595,-0.32084619998931885,0.08725713193416595,-0.4938308596611023,0.0920165628194809,-0.2590087056159973,-0.14867888391017914,0.07831170409917831,-0.09809239953756332,0.07982921600341797,0.05470188334584236,0.1684270203113556,-0.44613170623779297,-0.14531968533992767,0.1859596222639084,0.04490456357598305
CID000003767,648,0.2599409222602844,-0.27378639578819275,-0.40819424390792847,-0.07181335985660553,0.2310207635164261,0.05643530935049057,-0.17814704775810242,-0.2687217593193054,-0.07116861641407013,-0.36006519198417664,0.24844059348106384,-0.08605115115642548,-0.1766633540391922,-0.25442615151405334,-0.0030835135839879513,0.3759855628013611,0.5025871992111206,-0.0319816991686821,-0.49789777398109436,0.28486043214797974,0.28314194083213806,0.1206979975104332,0.45023995637893677,0.06990839540958405,-0.5580533742904663,-0.6337965130805969,-0.6573821306228638,-0.28057700395584106,0.4193495810031891,0.0561099648475647,0.9493688344955444,0.3026295602321625,-0.03012235462665558,0.1873627007007599,-0.39318975806236267,0.014638423919677734,0.8928826451301575,-0.02948160097002983,0.21392373740673065,0.13900212943553925,-0.566193699836731,0.7863520979881287,-0.34389495849609375,-0.08569824695587158,0.006673446390777826,0.00626639137044549,0.9456576108932495,-0.2004733383655548,-0.8505951762199402,-0.10036002099514008,-0.775769054889679,0.054396145045757294,0.5344745516777039,-0.1113036498427391,0.04980235546827316,-0.47309476137161255,-0.1368376463651657,1.2337381839752197,0.019378487020730972,-0.08472130447626114,0.09780219942331314,0.017631297931075096,0.10095914453268051,0.6746135950088501,0.015724657103419304,0.4362882673740387,0.022809164598584175,-0.006657691206783056,-0.14163286983966827,-0.11077971756458282,-1.2282267808914185,-0.005116590764373541,-0.9027074575424194,0.21611642837524414,-0.127919003367424,0.29365283250808716,0.5488120317459106,0.10674811899662018,0.7922686338424683,-0.049403078854084015,-0.12859788537025452,-0.08676720410585403,-0.03755802661180496,0.01881495863199234,0.014630427584052086,-0.015974707901477814,-0.14860393106937408,0.09943671524524689,-0.014866712503135204,0.24663154780864716,-0.11925862729549408,-0.08674541860818863,-0.32123035192489624,0.07763306051492691,-0.05925188213586807,-0.18319006264209747,0.026143604889512062,0.19913353025913239,0.014046937227249146,-0.3740840554237366,-0.30455562472343445,-0.2247277945280075,-0.003868871834129095,0.06931909918785095,0.07362212985754013,-0.2596539855003357,0.7729441523551941,0.02761930786073208,0.010769480839371681,-0.06120442599058151,-0.0024062395095825195,-0.0876697450876236,0.9906743764877319,-0.5976071357727051,-0.24929969012737274,-0.22852823138237,0.022313877940177917,0.14132076501846313,0.08169077336788177,0.4691410958766937,0.0005929067847318947,-0.3488345444202423,0.05751608684659004,0.10886875540018082,-0.4229334890842438,0.4636298716068268,0.10748513787984848,-0.07073366641998291,-0.1698886603116989,0.12223146855831146,-0.7021275758743286,0.007315305061638355,0.32984933257102966,-0.03918285295367241,-0.020756017416715622,0.9637398719787598,-0.17657466232776642,0.26342764496803284,0.2870284616947174,0.18509849905967712,0.050453685224056244,-0.26494282484054565,0.129110649228096,0.32362017035484314,0.2441057413816452,0.10150092840194702,-0.5029414296150208,0.07462388277053833,-0.2670471966266632,-0.2604711651802063,0.4008048176765442,0.17055074870586395,-0.9508083462715149,-0.7571010589599609,0.4356076121330261,-0.11983448266983032,-0.18828360736370087,0.03348539024591446,-0.5664397478103638,-0.2569045126438141,0.2226875126361847,0.1054367646574974,-0.9293977618217468,0.1051342636346817,-0.5098413228988647,-0.16792365908622742,-0.06826278567314148,-0.004570630379021168,0.5565183758735657,-0.32385584712028503,-0.30280259251594543,0.10297489166259766,0.07218967378139496,-0.07155783474445343,-0.602666974067688,-0.1829448640346527,-0.13516384363174438,-0.04631056264042854,0.3949474096298218,0.4516271948814392,0.38875824213027954,0.1134398803114891,-0.0018066137563437223,0.24788148701190948,-0.23406127095222473,-0.26855775713920593,-0.22418542206287384,-0.2517821192741394,-0.31712475419044495,-0.009913073852658272,-0.007907134480774403,0.8239494562149048,-0.023220067843794823,-0.3566776216030121,-0.04122152924537659,0.30323362350463867,0.15198108553886414,0.2749590575695038,0.10190443694591522,0.0708981603384018,0.3186645805835724,0.035109423100948334,-0.205977201461792,0.31773829460144043,-0.38862577080726624,-0.058827437460422516,-0.41664329171180725,-0.03784063830971718,0.10254953801631927,-0.203928142786026,0.14089152216911316,-0.12338652461767197,-0.03039390966296196,0.08189988881349564,1.224001169204712,-0.0518275611102581,-0.04326535016298294,-0.24682815372943878,-0.0343204140663147,-0.06916593760251999,0.3912067413330078,0.05585731193423271,0.02435895800590515,-0.038777194917201996,0.0681479424238205,0.1776018589735031,0.10685272514820099,-1.2213866710662842,-0.13254305720329285,-0.14747866988182068,0.062041025608778,0.025348395109176636,0.10763273388147354,-0.2677123546600342,-0.5640430450439453,0.2018548548221588,-0.09115760028362274,-0.10688106715679169,-0.17072495818138123,0.04077976942062378,0.3706820607185364,-0.3407765030860901,0.15581372380256653,-0.08107797801494598,-0.2749307155609131,-0.14167162775993347,0.008273797109723091,-0.08287602663040161,0.028633037582039833,0.2387555092573166,-0.11648458242416382,0.026076799258589745,0.2958298623561859,-0.20900964736938477,0.10748269408941269,0.19943079352378845
CID000003333,649,0.15846282243728638,-0.1040937751531601,-0.5905424356460571,-0.015002814121544361,0.30283671617507935,-0.29892686009407043,0.07335703074932098,-0.5132437944412231,-0.2724838852882385,0.17717304825782776,0.3432345986366272,0.011275705881416798,-0.020815493538975716,0.003926046192646027,0.08082269132137299,0.11357952654361725,0.1875554621219635,0.08825981616973877,-0.1421366184949875,0.022024085745215416,-0.04581804201006889,0.188355952501297,0.7632503509521484,0.09896154701709747,-0.8426647186279297,-0.764769434928894,-0.07547563314437866,-0.3655170798301697,0.14030107855796814,-0.4180707037448883,0.5054756999015808,-0.008505814708769321,0.06469601392745972,0.10215876996517181,-0.21020087599754333,0.3170808255672455,0.3597160279750824,0.06767638027667999,-0.048201821744441986,-0.05972578004002571,-0.3209674656391144,0.25582098960876465,-0.3923669457435608,0.09087847173213959,-0.03644006326794624,-0.19052061438560486,0.42939528822898865,-0.17058640718460083,-0.48182734847068787,0.06684663146734238,-0.31965795159339905,0.4946524202823639,0.8378461599349976,-0.3280883729457855,0.26728078722953796,-0.1531895250082016,-0.11971626430749893,0.5709226727485657,0.34375402331352234,0.07482683658599854,0.24091848731040955,-0.23516497015953064,0.15302208065986633,0.9117133021354675,0.24720188975334167,0.06726124882698059,-0.31640106439590454,-0.20132820308208466,-0.07858553528785706,0.007662284187972546,-0.6935828924179077,0.2655104398727417,-0.6070293188095093,0.26214057207107544,0.012359002605080605,0.6105138063430786,0.2186981439590454,0.1972956657409668,0.4612865447998047,0.005979341454803944,0.277719110250473,-0.6616767644882202,-0.1062612533569336,0.05511694401502609,0.019057493656873703,0.14921265840530396,-0.2500109374523163,-0.010427680797874928,0.02197018824517727,-0.2719293534755707,-0.061962585896253586,0.07148687541484833,-0.22176280617713928,0.22089819610118866,0.07511689513921738,-0.36002469062805176,0.0413961336016655,0.4269680976867676,0.01901375874876976,-0.6299079656600952,-0.08746431767940521,0.004172767046838999,0.11397375911474228,0.01817893050611019,0.32142773270606995,-0.28092053532600403,0.5252752304077148,-0.14155054092407227,0.10511134564876556,-0.016189994290471077,-0.07329841703176498,0.031193464994430542,0.7715842127799988,-0.0954175516963005,-0.07802680879831314,-0.3083652853965759,-0.19880534708499908,0.06119663268327713,-0.20405736565589905,-0.010809183120727539,-0.5286656618118286,-0.11294499784708023,0.20667269825935364,-0.09244660288095474,0.056525103747844696,0.2494603395462036,0.24837052822113037,0.212875097990036,-0.23725132644176483,0.20366749167442322,-0.763383686542511,0.14344744384288788,0.48390117287635803,0.4330160617828369,-0.15118300914764404,0.5762388110160828,0.21680359542369843,-0.39938226342201233,0.149458646774292,0.06389111280441284,-0.21922394633293152,-0.2770536541938782,0.21993403136730194,0.02887634001672268,0.11880645900964737,-0.14709539711475372,-0.24659354984760284,0.07895306497812271,-0.11071057617664337,-0.15895335376262665,0.20312681794166565,-0.2107468843460083,-0.6630099415779114,-0.9313676953315735,0.8305716514587402,-0.378598690032959,0.027441957965493202,0.38421347737312317,-0.8390809893608093,-0.044888660311698914,-0.19406957924365997,0.038186706602573395,-0.9837526082992554,0.19420135021209717,-0.5460926294326782,-0.09462758153676987,0.015827778726816177,-0.15918020904064178,0.5581731796264648,-0.5004904270172119,-0.6764864325523376,-0.37527990341186523,-0.09086158126592636,0.23924633860588074,-0.634036660194397,-0.22283491492271423,0.6483957171440125,0.013814115896821022,0.4847819209098816,-0.41385793685913086,0.5558431148529053,0.12014929205179214,-0.306694358587265,0.6358444094657898,-0.08893847465515137,-0.5946530103683472,0.18478283286094666,-0.19798144698143005,0.03308264538645744,-0.23321199417114258,-0.41435179114341736,0.8791845440864563,-0.06229144334793091,-0.961243748664856,0.07278504967689514,-0.1838323175907135,0.019945060834288597,-0.011351743713021278,0.25464415550231934,-0.3340942859649658,0.6888763308525085,0.22869499027729034,-0.257843554019928,-0.17303499579429626,-0.6546233892440796,-0.18972083926200867,-0.3366874158382416,-0.23807188868522644,-0.24591095745563507,0.31798264384269714,-0.05969433858990669,0.08965606242418289,-0.02610163763165474,-0.08328559994697571,0.9088991284370422,-0.0035859551280736923,-0.06390394270420074,0.17564904689788818,-0.11385206133127213,0.16033299267292023,0.7152900099754333,-0.052185505628585815,0.16859808564186096,0.21380427479743958,-0.04495295509696007,0.30568817257881165,0.010874340310692787,-1.0148589611053467,-0.42454037070274353,0.13280174136161804,-0.15062619745731354,-0.14946788549423218,0.1718146950006485,-0.3510155975818634,-0.7828844785690308,-0.030559781938791275,0.03667645901441574,0.0017822006484493613,0.1494729369878769,-0.08274571597576141,0.33456867933273315,-0.4987342357635498,-0.07731207460165024,-0.3163316249847412,-0.23924016952514648,-0.5876128077507019,0.1959102600812912,-0.05605905130505562,-0.39573249220848083,0.21654458343982697,0.2988049387931824,-0.15964069962501526,0.14831453561782837,-0.132315531373024,0.3266737461090088,-0.2360464632511139
CID000005076,656,0.1960269957780838,-0.32358884811401367,-0.6754873394966125,-0.11791028827428818,0.3845303952693939,-0.22677865624427795,-0.00177726149559021,-0.9603220224380493,-0.04716656357049942,-0.31081900000572205,0.5417617559432983,0.11825324594974518,-0.012289098463952541,0.03842739760875702,0.06342628598213196,0.4359756112098694,0.1672554612159729,0.23401863873004913,-0.40823397040367126,-0.09358779340982437,-0.011507618241012096,-0.19474999606609344,0.1492079794406891,-0.06933615356683731,-0.9755309224128723,-0.8030120134353638,-0.6441617608070374,-0.15626896917819977,0.13451805710792542,-0.1300523579120636,0.9466767311096191,0.017525803297758102,0.10421603918075562,0.3647337853908539,-0.553615391254425,0.10710702836513519,0.42893141508102417,-0.026045093312859535,0.10189862549304962,0.12920042872428894,0.03317646309733391,0.47330695390701294,-0.030314868316054344,-0.16454283893108368,0.15994271636009216,-0.07305273413658142,0.884017288684845,-0.0900227278470993,-0.7294566035270691,0.00296385888941586,-1.2983179092407227,-0.3806798458099365,0.4521983563899994,-0.17846015095710754,0.09323043376207352,-0.12134115397930145,0.22911503911018372,0.6801687479019165,-0.003570226253941655,-0.03998725488781929,-0.1251179426908493,0.01917628012597561,0.1352718323469162,0.5391190648078918,0.01654547080397606,0.5793823003768921,0.16664627194404602,0.011391893029212952,-0.17351838946342468,0.03841092064976692,-0.2517579197883606,0.26700732111930847,-0.4481991231441498,0.2777464985847473,-0.13223305344581604,0.1830495297908783,0.2928178012371063,-0.033664751797914505,1.0491042137145996,0.04249706119298935,-0.06381050497293472,-0.6495674848556519,0.32941189408302307,0.02187902107834816,0.17718727886676788,0.24047593772411346,-0.6589820384979248,-0.27951082587242126,-0.2510693669319153,0.010548134334385395,-0.2625664174556732,-0.4104222357273102,-0.37013569474220276,0.12343142926692963,0.08121274411678314,-0.07607294619083405,0.05869670957326889,0.21316103637218475,-0.22436121106147766,-1.6410013437271118,-0.2978597581386566,0.05734623596072197,0.2339375913143158,-0.1814810037612915,0.1466413140296936,-0.1222221627831459,0.8754690289497375,-0.07614876329898834,0.045179583132267,-0.1079353541135788,0.04669260233640671,0.1889658421278,0.055154480040073395,-0.8564203977584839,0.0884564220905304,-0.11667279899120331,-0.3740716874599457,0.39585453271865845,0.12822136282920837,0.12145136296749115,-0.30080825090408325,-0.3273658752441406,-0.043676067143678665,0.26133716106414795,0.385942280292511,-0.10862521827220917,0.39906975626945496,0.07963208854198456,-0.17618481814861298,0.3567217290401459,-1.0703848600387573,0.19715586304664612,0.3704184889793396,0.26829636096954346,-0.18382711708545685,0.8156355619430542,0.1098102480173111,-0.026969928294420242,0.4125964641571045,-0.24071595072746277,-0.10963614284992218,0.020917614921927452,0.10298441350460052,0.5784567594528198,-0.053729258477687836,0.04984576627612114,-0.5490195751190186,0.3009156584739685,-0.1693052351474762,-0.36243924498558044,1.1063058376312256,-0.2931891083717346,-0.4478391110897064,-0.8827040791511536,0.5928908586502075,-0.06497389823198318,0.15790697932243347,0.2636045813560486,-0.46910834312438965,0.085385262966156,-0.0748976618051529,0.1203555315732956,-0.7881807088851929,0.0802496001124382,-0.5171289443969727,0.040581248700618744,-0.00768796494230628,-0.11434276401996613,1.2110927104949951,-0.64579176902771,-0.1156383529305458,-0.2127186357975006,0.11226465553045273,0.11551697552204132,-0.35274404287338257,-0.2189212292432785,0.2588353753089905,0.02221769094467163,0.40185436606407166,0.43606048822402954,0.1957685649394989,-0.2152048647403717,-0.025185877457261086,1.0521819591522217,0.05595523864030838,-0.5902017951011658,-0.1255427896976471,-0.1544589102268219,-0.22482144832611084,-0.1947946846485138,-0.5566313862800598,1.4320785999298096,-0.11102978885173798,-0.08836720138788223,-0.039474982768297195,0.031304895877838135,-0.26996755599975586,-0.008793535642325878,1.4940807819366455,-0.3140026032924652,0.6805062294006348,0.11516758054494858,-0.06350570917129517,0.8686646223068237,-0.309398353099823,0.3487812876701355,-0.312310129404068,-0.026408562436699867,-0.05483178421854973,0.16933318972587585,-0.18896378576755524,-0.1385633647441864,-0.031585127115249634,-0.31446999311447144,0.5877594351768494,0.41505861282348633,-0.36291977763175964,-0.1305435448884964,0.05349908024072647,0.12752434611320496,-0.1995081603527069,0.042704369872808456,0.0519721619784832,-0.05595795437693596,0.04410400241613388,0.2812154293060303,-0.09476931393146515,-0.4793790876865387,-0.1788870394229889,0.03034280799329281,0.17040184140205383,0.03324814885854721,0.4319301247596741,-0.20918366312980652,-0.7635141611099243,0.34755057096481323,0.030508700758218765,-0.16255025565624237,-0.09533223509788513,-0.3002988398075104,1.4973875284194946,-0.2007637470960617,0.007914632558822632,-0.3115397095680237,-0.07047537714242935,-0.22834834456443787,-0.02470611035823822,-0.02812560833990574,-0.05461560934782028,0.5902335047721863,0.06479112058877945,0.008841005153954029,-0.14449162781238556,0.09429778158664703,0.6032372713088989,-0.17579928040504456
CID000002800,657,0.16582348942756653,-0.06368981301784515,-0.6892008781433105,0.2992127537727356,0.3760022222995758,-0.05831664055585861,-0.046485938131809235,-0.6411747932434082,0.0781669169664383,0.0034426809288561344,0.3388649821281433,0.11296629905700684,0.014276986941695213,0.32836610078811646,0.012995007447898388,-0.01082426868379116,0.2542070150375366,0.15450403094291687,-0.45920103788375854,0.11181466281414032,-0.04212706536054611,0.13652679324150085,0.4178277552127838,0.07426229864358902,-0.5004717111587524,-0.6285977363586426,-0.17358329892158508,0.16509638726711273,-0.07165214419364929,-0.204280287027359,0.48915553092956543,-0.05521005392074585,-0.10843463242053986,0.272579550743103,-0.22415697574615479,0.17471943795681,0.454166978597641,-0.11744202673435211,0.01200607605278492,0.036643363535404205,0.1280141919851303,0.19707992672920227,-0.29472827911376953,0.04413380101323128,-0.009057572111487389,-0.12095655500888824,0.5512027144432068,-0.35108596086502075,-0.5046142339706421,0.06370849162340164,-0.5281628370285034,0.4537084698677063,0.5481487512588501,-0.23995372653007507,0.45753636956214905,-0.1778918355703354,-0.30659133195877075,0.7053075432777405,0.12482812255620956,-0.138457790017128,0.00643001776188612,-0.24299129843711853,0.30302000045776367,0.7914661765098572,0.01608637534081936,0.41483274102211,-0.2503049969673157,-0.04115324467420578,0.03957287222146988,0.10304909944534302,-0.410952091217041,0.1370525062084198,-0.29646873474121094,0.4579649567604065,0.11726433038711548,0.37361598014831543,0.3304123282432556,0.33690327405929565,0.3923172056674957,-0.047471754252910614,-0.08220918476581573,-0.39024075865745544,0.07067012041807175,-0.12189187854528427,0.08634078502655029,0.24948880076408386,-0.4127656817436218,-0.07961733639240265,0.06219141557812691,0.11855630576610565,-0.28723064064979553,-0.1174047440290451,-0.26053351163864136,0.02105315402150154,0.07448097318410873,0.07829759269952774,-0.12339311838150024,0.2638017237186432,-0.13462963700294495,-0.6100818514823914,-0.09718246757984161,-0.1423960030078888,0.22337524592876434,-0.059775613248348236,0.18337231874465942,-0.10191027075052261,0.5553122758865356,-0.03400081768631935,0.19945237040519714,-0.15258128941059113,-0.11356441676616669,0.09746669977903366,0.441183477640152,-0.41576218605041504,0.24601173400878906,-0.3774375021457672,-0.3249768316745758,-0.11979381740093231,-0.05536612123250961,-0.025396788492798805,-0.3117755949497223,-0.32600343227386475,-0.06490310281515121,0.1961454600095749,-0.01522415317595005,0.011600357480347157,0.26941901445388794,0.03858267143368721,-0.17185279726982117,0.1467829942703247,-0.42577314376831055,-0.4166371822357178,0.2318945676088333,0.3312957286834717,0.007737851236015558,0.6755639314651489,-0.03715889900922775,-0.06078726053237915,0.26716428995132446,-0.11034134775400162,-0.026326825842261314,0.05030183121562004,0.12814846634864807,0.00013972520537208766,0.15940967202186584,-0.07935091108083725,-0.29304996132850647,0.004350018687546253,-0.1559990495443344,0.045215584337711334,0.4911770224571228,-0.08542202413082123,-0.42975178360939026,-0.7192440629005432,0.5864607095718384,-0.1061658039689064,0.11114038527011871,0.1764799952507019,-0.6482852697372437,-0.1191261038184166,-0.04391006752848625,0.04587019607424736,-0.92461758852005,0.021360592916607857,-0.3613831400871277,0.0776524767279625,0.04595912620425224,-0.055099815130233765,0.7796045541763306,-0.5915316939353943,-0.4368448257446289,-0.03512442857027054,-0.1790778934955597,-0.06185510754585266,-0.4492317736148834,-0.4452434182167053,0.21819615364074707,0.09243036806583405,0.4834844172000885,-0.1604444831609726,0.477241188287735,0.06519211828708649,-0.4007372260093689,0.5211222171783447,-0.1518176645040512,-0.3186427652835846,0.03224710002541542,-0.20675411820411682,-0.37205827236175537,-0.2876979410648346,-0.09992973506450653,0.7093902826309204,0.17906498908996582,-0.47275862097740173,0.11547781527042389,-0.16721639037132263,0.015897411853075027,0.07647056132555008,0.5777012705802917,0.038482170552015305,0.5450576543807983,0.28923389315605164,-0.07847584784030914,0.21143701672554016,-0.4778713285923004,-0.33424872159957886,-0.3153247535228729,-0.09495808184146881,-0.06926096975803375,0.02754964865744114,0.08460929244756699,-0.002389986766502261,-0.09178366512060165,-0.15819412469863892,0.5415834784507751,-0.1667952686548233,0.1383637934923172,-0.11718118190765381,-0.06298363208770752,-0.03161979094147682,0.3108293414115906,-0.011855900287628174,0.02688611112535,-0.11447416245937347,-0.034026533365249634,0.06575413048267365,-0.20306503772735596,-0.5648038387298584,-0.063829705119133,-0.04969649389386177,-0.18514350056648254,0.15003684163093567,0.19114243984222412,-0.02486509084701538,-0.7468631863594055,-0.09488825500011444,0.12000741064548492,-0.06692732870578766,0.05804438516497612,-0.13947835564613342,0.5644732713699341,-0.38429999351501465,-0.03148743137717247,-0.30292969942092896,-0.14240726828575134,-0.16543635725975037,0.04406915232539177,-0.22614064812660217,-0.18327197432518005,0.2257886677980423,0.058461230248212814,0.1188817247748375,0.22814083099365234,-0.20382900536060333,0.2932440936565399,0.010612370446324348
CID000003261,658,0.1096324548125267,-0.12718722224235535,-0.4742606282234192,0.28633490204811096,0.3565611243247986,-0.14271549880504608,-0.11224760115146637,-0.5357982516288757,-0.25862255692481995,0.05454029515385628,0.3020230829715729,0.13510842621326447,-0.08518003672361374,-0.00474934559315443,-0.05608406662940979,0.05872957780957222,0.2875000834465027,-0.05364011973142624,-0.3659326136112213,0.21318140625953674,-0.2541348338127136,-0.054652780294418335,0.6750295758247375,-0.006974396295845509,-0.49303001165390015,-0.5171263217926025,-0.10975893586874008,-0.1837220937013626,0.14828218519687653,-0.05920499563217163,0.690314769744873,0.04330713674426079,-0.2182200849056244,0.20965178310871124,-0.30922800302505493,0.009028035216033459,0.4271964132785797,-0.2593746781349182,0.11878998577594757,0.01790766976773739,-0.2584913372993469,0.3230073153972626,-0.12474050372838974,-0.10042450577020645,-0.12286122143268585,0.11292564868927002,0.5722513198852539,-0.04267992824316025,-0.5538772344589233,0.08085425943136215,-0.371001660823822,0.3444597125053406,0.625533938407898,-0.12192840874195099,0.251968652009964,-0.4016331732273102,-0.31410035490989685,0.6398204565048218,0.04302671551704407,-0.07890158891677856,0.07666105031967163,-0.32152777910232544,0.1664429008960724,0.7964879870414734,0.16457615792751312,0.27835118770599365,-0.18283279240131378,-0.10733683407306671,0.08345140516757965,0.0969439372420311,-0.8271862268447876,0.15628013014793396,-0.5070451498031616,0.4222477078437805,-0.022713594138622284,0.3689247667789459,0.29696887731552124,0.1318320333957672,0.4783785343170166,-0.16784772276878357,-0.052491120994091034,-0.2130022943019867,-0.02085074409842491,-0.004477660171687603,0.3848779797554016,0.25544485449790955,-0.22513774037361145,0.029177676886320114,-0.04089795798063278,0.1439925581216812,-0.1908556967973709,-0.002795937703922391,-0.1843802034854889,0.13869638741016388,0.07293586432933807,-0.08944833278656006,-0.19346430897712708,0.12513594329357147,-0.045112647116184235,-0.446103036403656,-0.040461134165525436,-0.006146392319351435,-0.10793255269527435,0.1154245138168335,0.2592279016971588,-0.1266390085220337,0.6305042505264282,0.06542952358722687,0.19588014483451843,-0.08172191679477692,-0.028110910207033157,0.05905677005648613,0.4128413796424866,-0.365866094827652,0.1966332346200943,-0.25201869010925293,-0.18703553080558777,-0.04854407161474228,-0.04995615780353546,0.14949378371238708,-0.20663981139659882,-0.28980207443237305,0.06579051166772842,0.12317226827144623,-0.09329927712678909,0.08344505727291107,0.200325608253479,0.18621774017810822,-0.1631382405757904,0.24652591347694397,-0.5593464970588684,-0.29452404379844666,0.3776269555091858,0.16407452523708344,0.05409904569387436,0.6710418462753296,0.06321585923433304,-0.15344759821891785,0.3224910497665405,-0.03525505214929581,-0.06023433059453964,-0.1623801290988922,0.062455665320158005,0.18556049466133118,0.20685827732086182,-0.07240267843008041,-0.4210395812988281,-0.033602096140384674,0.1725349873304367,-0.014678391627967358,0.39329448342323303,-0.07447926700115204,-0.5053746700286865,-0.6711586713790894,0.544050931930542,-0.20388424396514893,0.007293188478797674,-0.10131551325321198,-0.2952073812484741,-0.02385089173913002,-0.060448192059993744,-0.18715588748455048,-0.7103697657585144,0.012668922543525696,-0.5018084645271301,-0.12708766758441925,-0.18580172955989838,-0.14397254586219788,0.5188595652580261,-0.5364669561386108,-0.4473947584629059,-0.09766015410423279,-0.08848126977682114,-0.11372514069080353,-0.6170449256896973,-0.047204986214637756,0.3750755786895752,0.0960654467344284,0.6618453860282898,-0.2207307070493698,0.3827231824398041,-0.08241159468889236,-0.1840541660785675,0.2619450092315674,-0.16631262004375458,-0.4912358224391937,0.10208223015069962,-0.20774464309215546,-0.12229414284229279,-0.1547677218914032,-0.4274514615535736,0.6432890295982361,-0.04016505926847458,-0.5924087166786194,0.06037336587905884,-0.030071863904595375,-0.13560709357261658,0.08458171039819717,0.21469207108020782,-0.1478477120399475,0.4016907215118408,0.37126556038856506,-0.1411677896976471,0.06534558534622192,-0.5627797245979309,-0.338485985994339,-0.23324894905090332,-0.026169726625084877,-0.09592777490615845,-0.06573565304279327,0.13991832733154297,0.04720122367143631,0.3175160586833954,-0.1616007536649704,0.6625922918319702,-0.02263415977358818,-0.14116154611110687,-0.35000544786453247,0.11750300228595734,0.08497434854507446,0.4047916531562805,0.09886672347784042,0.24449729919433594,-0.1317899525165558,0.01325184665620327,0.2102186232805252,-0.000355379655957222,-0.7505214214324951,-0.12525537610054016,0.16970351338386536,0.09180859476327896,0.04442831128835678,0.22594252228736877,-0.1542145013809204,-0.5469179749488831,0.19697225093841553,0.05372994393110275,-0.17604869604110718,0.04109770804643631,-0.08429305255413055,0.5388801097869873,-0.3846631646156311,-0.11782854795455933,-0.25156813859939575,-0.10544693470001221,-0.28622251749038696,-0.02310827746987343,0.0068499804474413395,-0.15372678637504578,0.3044416606426239,-0.044738929718732834,0.094792440533638,0.23926043510437012,-0.04143156111240387,0.15665289759635925,-0.10004953294992447
CID000005155,667,-0.030530530959367752,-0.358085572719574,-0.442636102437973,-0.05570973828434944,0.33244895935058594,-0.1362612396478653,0.14300328493118286,-0.30258625745773315,-0.055287767201662064,0.3420611023902893,0.304931640625,0.03283429145812988,0.04228575900197029,-0.1403709501028061,-0.22766418755054474,0.25724849104881287,-0.01970730349421501,-0.01377240289002657,-0.19334714114665985,0.2194269895553589,-0.42543190717697144,0.12184689193964005,0.4688487648963928,0.08355794847011566,-0.6942614316940308,-1.021547555923462,-0.7617672085762024,0.16692885756492615,-0.09594087302684784,0.19409532845020294,0.9458775520324707,0.015926068648695946,-0.08364628255367279,0.3893565535545349,-0.8006209135055542,0.16320382058620453,0.6884605288505554,-0.08837701380252838,-0.1284036487340927,0.0417221374809742,-0.03013489581644535,0.322155624628067,-0.4269424378871918,0.032241012901067734,-0.06125027686357498,-0.03221017122268677,0.4792303144931793,-0.003045637160539627,-0.42607736587524414,0.074520543217659,-0.699366569519043,-0.04603591561317444,0.3621337413787842,-0.27466869354248047,0.18098190426826477,-0.2514374256134033,-0.18012692034244537,0.4031948447227478,0.34752145409584045,0.013378727249801159,0.25508448481559753,-0.15740089118480682,0.3426007032394409,0.7150086164474487,0.3034361004829407,0.4639863967895508,-0.13432908058166504,-0.14450950920581818,-0.023323506116867065,0.05505068972706795,-0.39806097745895386,0.32458144426345825,-0.6633682250976562,0.6526028513908386,-0.175046905875206,0.23919114470481873,0.4708198606967926,0.49218058586120605,0.4812212586402893,-0.025815453380346298,-0.13642418384552002,-0.3554992079734802,0.17141452431678772,-0.14113746583461761,-0.12039873749017715,0.3108205199241638,-0.12669570744037628,-0.22888438403606415,0.09143068641424179,0.24324819445610046,-0.1808876097202301,-0.22600221633911133,-0.13527841866016388,0.16252116858959198,0.352997362613678,-0.024075472727417946,-0.09750155359506607,0.39910954236984253,-0.11629603803157806,-1.1342462301254272,-0.3104016184806824,-0.03457378223538399,0.2004965841770172,-0.05423355847597122,0.40080422163009644,-0.2017633020877838,0.831956684589386,-0.08727443963289261,0.03552808612585068,-0.1715114712715149,-0.13987992703914642,0.2982989549636841,0.12984108924865723,-0.6991152763366699,0.10120417177677155,-0.19927015900611877,-0.5374078750610352,0.08180198073387146,0.10827764123678207,-0.05233846977353096,-0.04264513775706291,-0.39638394117355347,-0.08032592386007309,-0.04208122566342354,0.23728755116462708,-0.06906384229660034,0.18111059069633484,0.09737367928028107,-0.17617414891719818,0.49755921959877014,-0.956354022026062,-0.12737324833869934,0.40512698888778687,0.313782274723053,-0.10392384231090546,1.2405755519866943,0.20978179574012756,-0.3956441283226013,0.2366059571504593,0.10628730058670044,-0.20521755516529083,-0.20311793684959412,0.13200333714485168,0.2975872755050659,0.09654320031404495,-0.15870560705661774,-0.25856977701187134,-0.10809294134378433,0.1079016700387001,0.006154639180749655,0.4534319341182709,-0.07279519736766815,-0.6928824186325073,-0.7197093367576599,0.34136781096458435,0.04527920484542847,0.3166750967502594,-0.16833564639091492,-0.36465853452682495,-0.06389765441417694,-0.07090918719768524,0.42069220542907715,-0.674414873123169,0.16169604659080505,-0.4637024402618408,-0.006729018874466419,0.045394476503133774,-0.18708588182926178,0.8935014009475708,-0.5549138784408569,-0.05829726904630661,0.04754426330327988,-0.2267923355102539,-0.07288877665996552,-0.422036349773407,-0.006982417311519384,0.6175969839096069,0.20208387076854706,0.565675675868988,0.366667777299881,0.5707824230194092,-0.17561662197113037,-0.09382054954767227,0.8274837732315063,-0.1996856927871704,-1.0696594715118408,0.2514495849609375,-0.010823607444763184,-0.1333438903093338,-0.13982176780700684,-0.17962758243083954,1.0389527082443237,-0.1860937625169754,-0.33959540724754333,0.0712938904762268,-0.15258988738059998,0.010927255265414715,0.13034608960151672,1.4853944778442383,-0.40184125304222107,0.2601526975631714,0.3941435217857361,-0.19964270293712616,0.4790751338005066,-0.647507905960083,-0.38069626688957214,-0.3017306625843048,-0.0341620147228241,-0.02443498745560646,0.02885635569691658,0.09522484242916107,-0.07382785528898239,-0.11349420249462128,-0.16251662373542786,0.843497097492218,0.10150958597660065,0.21675312519073486,-0.5061637163162231,0.05829913541674614,0.4215356707572937,0.0065753040835261345,0.052335452288389206,0.3651397228240967,-0.29898613691329956,0.14528584480285645,0.28035861253738403,-0.07141944766044617,-0.7132472395896912,-0.17513971030712128,-0.11983044445514679,-0.09418746083974838,0.09607255458831787,0.19181029498577118,-0.2013697326183319,-0.6030817031860352,0.23019464313983917,-0.02940424717962742,-0.2531323730945587,0.018009435385465622,-0.1500735580921173,0.9723485708236694,-0.22035129368305206,0.12263159453868866,-0.10497428476810455,-0.0640864223241806,-0.3045746684074402,-0.0731174424290657,0.0053130509331822395,-0.029729381203651428,0.33719027042388916,-0.07226000726222992,-0.10259731858968735,-0.11857223510742188,-0.11358880996704102,0.17483952641487122,0.11581446975469589
CID005493444,670,-0.052931029349565506,0.03776901960372925,-0.557668924331665,-0.00904417596757412,0.30760812759399414,-0.2169032096862793,-0.03055882453918457,-0.5392884612083435,-0.04777945950627327,-0.1472283899784088,0.49343523383140564,0.2370825558900833,-0.010254445485770702,0.030969787389039993,0.10962764918804169,0.39509153366088867,1.041564702987671,0.2585980296134949,-0.17858542501926422,0.044422250241041183,0.053730566054582596,-0.08308856189250946,0.453151136636734,0.0026854039169847965,-0.4890506863594055,-0.5940219163894653,-0.5072320699691772,-0.4472075402736664,0.2970990538597107,-0.09760814905166626,0.389609158039093,-0.02961612306535244,0.06009650230407715,0.07885368168354034,-0.10662391036748886,0.22540828585624695,1.0117517709732056,0.058945633471012115,0.035674795508384705,-0.21585078537464142,-0.29043304920196533,1.0539213418960571,-0.3765438497066498,-0.061463020741939545,0.16025540232658386,0.012537437491118908,0.5913909673690796,-0.10719224065542221,-0.7101325988769531,0.0077822087332606316,-0.32215532660484314,0.40271201729774475,-0.01185567956417799,-0.3255842328071594,-0.0074381232261657715,-0.4025166630744934,-0.06229931116104126,0.8773029446601868,0.03133616968989372,-0.13974960148334503,0.13836243748664856,-0.2290816605091095,0.25470036268234253,0.8060988187789917,0.2370927333831787,0.06687368452548981,-0.1487324982881546,0.2722919285297394,-0.19612619280815125,0.0988258644938469,-0.6291640996932983,0.1540488749742508,-0.2708856463432312,0.32849907875061035,-0.059184931218624115,0.3646243214607239,0.9620649218559265,0.6159774661064148,0.457538902759552,-0.1348760426044464,-0.2708955705165863,-0.3050498962402344,0.11277760565280914,-0.08801187574863434,0.16811291873455048,0.2269207239151001,-0.13683214783668518,-0.1953171193599701,-0.0791916772723198,0.1780923753976822,-0.0640491396188736,-0.0994061753153801,0.06137861683964729,0.13147985935211182,0.10471276938915253,-0.3226239085197449,-0.34207683801651,0.2915041446685791,-0.028029805049300194,-0.6365529894828796,-0.018643587827682495,-0.17628081142902374,-0.07727015763521194,-0.2582738995552063,0.27939373254776,-0.4009734094142914,0.6417943239212036,0.030046869069337845,0.03057602420449257,-0.028480475768446922,-0.1963742971420288,0.07329095155000687,0.43825387954711914,-0.06523263454437256,0.36989545822143555,-0.1536397486925125,-0.20209293067455292,0.10861377418041229,-0.15391169488430023,-0.11166838556528091,-0.18409310281276703,-0.23804879188537598,0.06484158337116241,0.17986339330673218,0.004454433917999268,0.2361139953136444,0.12977522611618042,0.18678274750709534,-0.02904658392071724,0.03474228456616402,-0.6982342004776001,-0.1655288189649582,0.25318366289138794,0.1948968917131424,0.14792832732200623,0.7857124209403992,-0.17462316155433655,-0.07816565036773682,0.2476356029510498,-0.37157702445983887,-0.22066423296928406,-0.02792121097445488,0.21341808140277863,0.35156965255737305,0.07807483524084091,-0.21401984989643097,-0.1439380943775177,0.11144683510065079,-0.16643159091472626,-0.09649602323770523,0.2948572039604187,0.07300534099340439,-0.5191324353218079,-0.9276527166366577,0.529763400554657,-0.44692978262901306,-0.1384773552417755,-0.08017219603061676,-0.650855302810669,-0.10159281641244888,-0.0707363486289978,-0.17820855975151062,-0.7540961503982544,0.12620007991790771,-0.4616238474845886,0.11609099060297012,-0.07561197131872177,-0.06364111602306366,0.4115983843803406,-0.37106919288635254,-0.03618737310171127,-0.27799952030181885,-0.20173215866088867,-0.04277587682008743,-0.6062887907028198,-0.08968953788280487,0.1906665861606598,0.01183873601257801,0.3985553979873657,-0.32833170890808105,0.9235180020332336,0.07980814576148987,-0.004536628723144531,0.29491761326789856,-0.05882352590560913,-0.14510321617126465,-0.09514527022838593,-0.3430468440055847,-0.2094644010066986,-0.18316121399402618,-0.4339730739593506,0.9049094915390015,-0.0955105870962143,-0.39870625734329224,0.04675983265042305,0.0934395045042038,-0.08429387956857681,-0.053600944578647614,0.431266725063324,0.034907639026641846,0.5529786348342896,0.2204057276248932,-0.19840559363365173,0.22650031745433807,-0.19140227138996124,-0.036517150700092316,-0.13900431990623474,-0.018361564725637436,0.18612805008888245,0.05412299185991287,0.01762719824910164,-0.05902964994311333,0.02647726610302925,-0.13891515135765076,0.8566892743110657,0.1311292052268982,-0.08186577260494232,-0.24894985556602478,-0.13847263157367706,0.06853482872247696,0.21840624511241913,0.14097028970718384,0.21302422881126404,0.09042827039957047,-0.23245958983898163,0.1033630520105362,-0.018884334713220596,-0.6514160633087158,-0.12100206315517426,-0.11346107721328735,0.18240131437778473,0.22176618874073029,0.18237853050231934,-0.4264277517795563,-0.5880168080329895,0.158599391579628,-0.11544658988714218,-0.07689197361469269,0.024463510140776634,-0.19296953082084656,0.35202595591545105,-0.43543848395347595,-0.24635091423988342,-0.1071275919675827,-0.030427146703004837,-0.22020670771598816,-0.08903522789478302,-0.18687833845615387,-0.011227530427277088,0.25111615657806396,-0.145816832780838,0.03922811895608902,-0.0578608401119709,-0.1984643042087555,0.1028517484664917,-0.11364593356847763
CID000003414,680,-0.14567314088344574,-0.3963034451007843,-1.0898516178131104,-0.020460963249206543,0.5071634650230408,-0.20829296112060547,-0.04678446799516678,-0.6014580726623535,-0.037070732563734055,-0.2551044523715973,0.3435503840446472,-0.0818183571100235,0.05653441697359085,-0.22149327397346497,0.37489059567451477,0.21504023671150208,0.18887071311473846,0.06175090745091438,-0.38794466853141785,0.03600496053695679,0.12954574823379517,0.4237075746059418,0.2726934552192688,-0.0017044335836544633,-1.0067294836044312,-1.0270403623580933,-0.5935589075088501,0.2985836863517761,0.03746689110994339,-0.24985940754413605,1.0850062370300293,-0.24837973713874817,-0.08022402971982956,0.37882447242736816,-0.8430082201957703,0.32627028226852417,0.4536757469177246,-0.1464577615261078,0.16660621762275696,0.07611855864524841,-0.3238484263420105,0.19209352135658264,-0.524201512336731,-0.18767885863780975,-0.013713294640183449,-0.023150041699409485,0.8909251093864441,-0.4367437958717346,-0.6236728429794312,0.11462010443210602,-1.0546836853027344,0.39763540029525757,0.6018296480178833,0.028523379936814308,0.11264316737651825,-0.034562550485134125,-0.1356927454471588,1.2858999967575073,0.37352362275123596,-0.02358175255358219,-0.1599212884902954,-0.5892940759658813,0.10799805074930191,0.7869957685470581,0.1434960812330246,0.4576910138130188,-0.11014392226934433,0.048988863825798035,-0.0058987317606806755,-0.1778261661529541,-0.6127532720565796,0.2981847822666168,-0.5697373747825623,0.26371243596076965,0.28065332770347595,0.08386452496051788,0.606583833694458,0.13292206823825836,1.112452507019043,-0.2466391623020172,-0.20225746929645538,-0.29367128014564514,-0.033127523958683014,-0.2472340613603592,0.3167383074760437,0.07109030336141586,-0.7556277513504028,-0.03680061176419258,0.05087750405073166,0.1209883913397789,-0.19424954056739807,-0.23913125693798065,-0.28747639060020447,-0.3113754987716675,0.14683939516544342,-0.3092193603515625,0.2683711051940918,0.04903434216976166,0.04720476269721985,-1.4357470273971558,0.10877744108438492,-0.003157544182613492,0.11885341256856918,-0.2737838625907898,0.08063091337680817,-0.34690600633621216,1.1436158418655396,-0.4485204815864563,0.17645615339279175,-0.307003378868103,-0.010500192642211914,-0.13119575381278992,1.0819605588912964,-0.6646873950958252,0.23513618111610413,-0.4006342887878418,-0.22415980696678162,0.4305879473686218,-0.23369726538658142,0.12956535816192627,-0.5656498670578003,-0.09700804948806763,0.18487267196178436,0.20961830019950867,0.10922712087631226,0.2510073781013489,0.5856574177742004,-0.17505908012390137,-0.07706909626722336,0.2595134377479553,-0.7556344270706177,0.14240820705890656,0.38147178292274475,0.1831590235233307,-0.060157399624586105,0.9003835916519165,0.02109016850590706,0.017943060025572777,0.40294352173805237,-0.12253372371196747,0.05731726810336113,-0.4869820475578308,0.20627260208129883,0.07127594947814941,0.07806259393692017,-0.001633831881918013,-0.3005978465080261,0.21998687088489532,-0.2397346943616867,0.08043421804904938,0.8436567187309265,-0.017813045531511307,-0.9795517921447754,-0.9743269085884094,0.808315634727478,-0.060650534927845,0.12108880281448364,0.27860209345817566,-0.752504825592041,0.24610412120819092,-0.026296669617295265,-0.08512937277555466,-1.2458407878875732,0.07824181020259857,-0.47463130950927734,-0.05496338754892349,-0.1971108466386795,-0.04340653494000435,0.9442944526672363,-0.5132009983062744,-0.13045907020568848,-0.23157262802124023,-0.06348276138305664,-0.06174737215042114,-1.0512741804122925,-0.49638643860816956,0.563167154788971,0.2001350224018097,0.4777553677558899,0.21635973453521729,0.43542370200157166,-0.0708356499671936,-0.16891083121299744,1.183471441268921,0.10261577367782593,-0.09600208699703217,0.12640686333179474,-0.3848893940448761,-0.7268747091293335,-0.34343069791793823,-0.36639994382858276,1.755091905593872,0.0846698060631752,-0.3530568480491638,0.2525651156902313,-0.03801636025309563,-0.148211270570755,0.2284405529499054,0.9078010320663452,-0.16914890706539154,0.6932226419448853,0.02031116560101509,-0.1631857454776764,0.6662391424179077,-0.529032826423645,0.012349188327789307,-0.12943367660045624,-0.3462825417518616,-0.19536329805850983,0.11533261835575104,0.11007191240787506,-0.09494088590145111,-0.025385618209838867,-0.06157796457409859,0.6908276081085205,0.17854812741279602,-0.10931555926799774,-0.0668838769197464,-0.05695510655641556,0.25368884205818176,0.08967377245426178,-0.06555616110563278,0.05368543788790703,0.0776582658290863,0.18656061589717865,0.16212564706802368,0.05895836278796196,-0.9029282331466675,0.1278403103351593,0.12360811233520508,-0.1550292670726776,0.4333585202693939,-0.026333844289183617,-0.2487870752811432,-0.7820609211921692,-0.07886170595884323,0.07250552624464035,-0.14040391147136688,-0.3388168513774872,0.169955775141716,1.0068048238754272,-0.24987730383872986,-0.30011478066444397,-0.39105474948883057,-0.3089008331298828,-0.20002834498882294,0.2200428694486618,-0.068447545170784,-0.4467393755912781,0.0681847631931305,0.3190271854400635,0.20766910910606384,0.046689875423908234,-0.36672499775886536,0.2631092071533203,-0.01754792407155037
CID000004192,683,0.3055296838283539,-0.1597384214401245,-0.7052041292190552,0.2608088254928589,0.4265593886375427,-0.3765014708042145,0.03205985575914383,-0.9358057975769043,-0.11803164333105087,-0.16080766916275024,0.41463953256607056,-0.03820710629224777,-0.08394642174243927,-0.09320733696222305,-0.0765497088432312,0.0733703225851059,0.1212727427482605,0.0627322867512703,-0.31510090827941895,-0.047052595764398575,-0.2761565148830414,-0.010911047458648682,0.2320941984653473,0.1308792680501938,-0.9739247560501099,-0.6644183993339539,-0.18736210465431213,-0.1164226308465004,0.1556510031223297,-0.0764823704957962,0.853324294090271,-0.006030023097991943,0.09822605550289154,0.20544938743114471,-0.09904477000236511,0.07335222512483597,0.5026681423187256,-0.07592885196208954,0.18568143248558044,0.11779093742370605,0.016383042559027672,0.2672889232635498,-0.19332662224769592,-0.30607643723487854,-0.06467729061841965,-0.19831596314907074,0.8047721982002258,-0.26885560154914856,-0.6793489456176758,0.18050062656402588,-0.8042207956314087,0.019173914566636086,0.34863096475601196,-0.3453042209148407,0.02061561308801174,-0.19275814294815063,-0.028188597410917282,0.7704259157180786,0.07022373378276825,0.009201367385685444,-0.191310316324234,0.07147766649723053,0.11386854946613312,0.6086091995239258,-0.000666761421598494,0.5093457102775574,0.13102388381958008,0.03280540555715561,-0.1451823115348816,0.14729388058185577,-0.4450315535068512,0.0649556890130043,-0.5839701294898987,0.24575309455394745,0.14780734479427338,0.10144840180873871,0.4367445111274719,0.31127360463142395,0.663866400718689,0.11155717074871063,-0.10645820945501328,-0.3319912850856781,0.15257103741168976,-0.12376578152179718,0.4406561851501465,0.13410766422748566,-0.7411504983901978,-0.1388191133737564,-0.004823058843612671,0.1308463215827942,-0.2687990963459015,0.009092653170228004,-0.1267656683921814,-0.004625146277248859,0.08617845177650452,-0.05163490027189255,-0.08206052333116531,0.4627133011817932,-0.15308122336864471,-1.3960291147232056,-0.1879999041557312,-0.27220845222473145,0.07190000265836716,-0.08485843986272812,0.11919687688350677,-0.154791459441185,0.8621965646743774,0.05160655826330185,-0.0030662387143820524,-0.006875418126583099,0.14951498806476593,0.1368710845708847,0.125578835606575,-0.8651546239852905,0.14207637310028076,-0.18056407570838928,-0.13517926633358002,0.1011551171541214,-0.05961570888757706,0.2772967219352722,-0.25433576107025146,-0.21340914070606232,0.1519181728363037,0.22868254780769348,0.23664601147174835,-0.014674583449959755,0.18748265504837036,-0.027094293385744095,-0.31876450777053833,0.2467574179172516,-0.6018162965774536,-0.24719592928886414,0.17241279780864716,0.1296916902065277,-0.0620281919836998,0.4688737988471985,0.22968971729278564,-0.028658151626586914,0.38974520564079285,0.01379328966140747,0.052559953182935715,-0.024116551503539085,0.027440547943115234,0.26999399065971375,-0.07124419510364532,-0.051753439009189606,-0.3929680585861206,0.3424455225467682,0.1340673863887787,0.03203149512410164,0.7438987493515015,-0.14378783106803894,-0.49806517362594604,-0.9374951124191284,0.5714772939682007,-0.13377347588539124,-0.08749621361494064,0.17924876511096954,-0.40977317094802856,0.00292290304787457,-0.10453178733587265,-0.08113065361976624,-0.8691250681877136,0.0329243466258049,-0.4018409252166748,-0.060008011758327484,-0.09155414998531342,-0.07313120365142822,1.028510332107544,-0.7658243179321289,-0.01677566207945347,-0.020603930577635765,0.023603346198797226,0.026899050921201706,-0.39202290773391724,-0.2901572287082672,0.1811547577381134,0.035187266767024994,0.7536131739616394,0.06846053898334503,0.4175637364387512,-0.1235753521323204,-0.08646421134471893,0.8311306238174438,0.07967666536569595,-0.5553694367408752,-0.16992272436618805,-0.18412494659423828,-0.3016558587551117,-0.08841074258089066,-0.4223126769065857,1.2200597524642944,-0.09377241134643555,-0.1596551537513733,0.03318021818995476,0.06854172796010971,-0.19879260659217834,-0.0659351497888565,0.971795380115509,-0.13779126107692719,0.6338002681732178,0.14157134294509888,0.11996094882488251,0.6316901445388794,-0.3772501051425934,0.3279397785663605,-0.421724408864975,0.11378826200962067,-0.11242686212062836,-0.07733527570962906,-0.07125373929738998,-0.22056405246257782,0.19828835129737854,-0.13625676929950714,0.3699313998222351,0.2727152109146118,-0.13153834640979767,-0.23592451214790344,0.18842287361621857,-0.001765502616763115,-0.08347044885158539,0.07186617702245712,0.15419411659240723,-0.3057379722595215,-0.17143242061138153,0.6044816970825195,-0.13740180432796478,-0.6464959383010864,-0.09178156405687332,-0.14235785603523254,0.06048617511987686,-0.008700111880898476,0.14009146392345428,-0.12204233556985855,-0.638910710811615,0.056716181337833405,-0.022787589579820633,-0.17749753594398499,-0.11109662055969238,-0.1236070841550827,1.1485159397125244,-0.3099345266819,-0.20670762658119202,-0.39951038360595703,-0.20129244029521942,-0.4154296815395355,-0.06327128410339355,-0.08259119838476181,-0.2188577651977539,0.4360682964324951,0.10533241927623749,0.20708326995372772,0.0684516578912735,-0.01915779337286949,0.5025805234909058,-0.025927651673555374
CID000004771,686,-0.17902861535549164,-0.5452628135681152,-0.6618055105209351,0.19987234473228455,0.40093865990638733,-0.16525062918663025,-0.007753427140414715,-0.3188609480857849,-0.19792474806308746,-0.14591005444526672,-0.034364692866802216,-0.03417911380529404,-0.10584370791912079,0.01303885318338871,-0.1268499791622162,0.3003433346748352,0.4188098907470703,-0.04835369437932968,-0.7988486289978027,0.09925685077905655,-0.47548189759254456,-0.10798370838165283,0.6394559741020203,0.2036336213350296,-0.4005208909511566,-0.5504280924797058,-0.10767610371112823,-0.4504780173301697,0.36228758096694946,-0.21942302584648132,1.4174888134002686,-0.15126922726631165,-0.20553860068321228,0.3070968687534332,-1.6033716201782227,0.0050546275451779366,1.0178687572479248,-0.15998557209968567,-0.19622597098350525,0.026444902643561363,-1.0750283002853394,0.5671764612197876,-0.46425652503967285,-0.042129747569561005,0.09637479484081268,-0.23182149231433868,0.6988819241523743,0.09287525713443756,-0.6543952226638794,-0.0031684592831879854,-0.3126191794872284,0.32118189334869385,0.6789179444313049,-0.14033493399620056,-0.4323899745941162,-0.4612714648246765,-0.07382400333881378,1.4634170532226562,0.6979933381080627,-0.6271758675575256,0.10838806629180908,-0.17030353844165802,-0.20943093299865723,0.9619030952453613,0.6131922006607056,0.3964129090309143,0.4910784661769867,0.069130077958107,-0.2104465514421463,-0.06575635820627213,-1.1871180534362793,0.06643848121166229,-1.2197957038879395,-0.10880164802074432,-0.05096633359789848,0.2574619650840759,0.5780410170555115,0.0034788132179528475,0.44696560502052307,0.1961006224155426,0.25833040475845337,-0.1872919797897339,-0.1214577928185463,-0.27110832929611206,0.39715704321861267,-0.00261317053809762,-1.2113583087921143,0.26510852575302124,-0.09490682184696198,-0.30247583985328674,0.2996962368488312,-0.04247571527957916,0.032553113996982574,0.3126111626625061,-0.233673095703125,-0.37494343519210815,-0.07691921293735504,0.09866154193878174,0.07874947786331177,-0.5403162240982056,-0.0483422577381134,0.3499397933483124,0.01583908125758171,-0.4327816069126129,0.24228784441947937,-0.022467009723186493,0.555475115776062,0.009554889984428883,0.22430658340454102,-0.08989682048559189,0.1942257583141327,0.053202271461486816,1.153550624847412,-0.4892837107181549,-0.16982993483543396,0.14789630472660065,0.027422945946455002,0.16865570843219757,-0.13596007227897644,0.7514582872390747,0.01567414030432701,-0.39967650175094604,-0.19404855370521545,-0.12928636372089386,0.4084743559360504,0.03340025246143341,0.2877350449562073,-0.2220783680677414,0.42293065786361694,0.5640638470649719,-0.9353635907173157,-0.2797199785709381,0.4430360198020935,0.3187081813812256,0.006467199884355068,1.1079312562942505,0.10658633708953857,-0.14961035549640656,0.09405428171157837,-0.08881926536560059,-0.2108917236328125,-0.1275707334280014,-0.00020798295736312866,0.3389676809310913,0.04740292951464653,-0.120087169110775,-0.8050532341003418,0.3214579224586487,0.16937410831451416,-0.31849953532218933,0.5231794118881226,0.06237877160310745,-1.5015944242477417,-1.6408649682998657,0.9364914894104004,-0.4204648435115814,-0.1814122200012207,0.1829870194196701,-0.5042466521263123,0.2378586083650589,-0.21090802550315857,0.11802487075328827,-0.7419377565383911,0.09518495947122574,-0.39736735820770264,-0.3820907175540924,0.07799992710351944,-0.32464414834976196,0.4023679196834564,-0.6880456805229187,-0.31790512800216675,-0.00555363018065691,-0.041141122579574585,-0.09975181519985199,-1.0646950006484985,0.03834066912531853,0.4380488991737366,0.0620284304022789,0.5867424607276917,-0.08912881463766098,0.48459428548812866,0.054410360753536224,0.4677959084510803,0.7191520929336548,-0.0049092830158770084,-0.11349500715732574,0.24406909942626953,-0.2300950586795807,-0.1635509431362152,-0.42119526863098145,-0.5799567103385925,0.9841889142990112,-0.5284474492073059,-0.6811409592628479,-0.49256062507629395,0.19707198441028595,0.11895672976970673,-0.03565236181020737,0.16427545249462128,0.15591520071029663,0.06853251159191132,-0.11300177872180939,-0.09970869868993759,0.3025228977203369,-0.6562208533287048,-0.12206359952688217,-0.3340858519077301,0.2093513309955597,-0.2012709677219391,-0.20574429631233215,-0.45482587814331055,-0.17253084480762482,0.03940609470009804,-0.05365630239248276,0.4904147684574127,0.10830064862966537,-0.04638553038239479,0.20348377525806427,-0.3896557688713074,0.0725824236869812,0.49674350023269653,0.18945974111557007,-0.27011218667030334,0.13366922736167908,-0.14224998652935028,0.13401594758033752,-0.1917227804660797,-1.6458944082260132,-0.11167409271001816,0.13707062602043152,0.10130226612091064,0.3901362419128418,0.18418709933757782,-0.11055829375982285,-0.8898094296455383,0.39449626207351685,0.15336760878562927,0.03855665773153305,-0.18294565379619598,-0.18075749278068542,0.38879016041755676,-0.29759150743484497,0.32514452934265137,-0.004821142181754112,-0.4219609797000885,-0.47310227155685425,0.24612250924110413,0.467298686504364,0.05496098846197128,0.41895970702171326,0.14261996746063232,0.1626051366329193,-0.40544837713241577,-0.3883940577507019,0.43420153856277466,0.09451000392436981
CID000005572,689,-0.018369358032941818,-0.33518728613853455,-0.35654789209365845,0.07854060083627701,0.5013707876205444,-0.19882254302501678,0.11334455013275146,-0.2233007401227951,0.05273861810564995,-0.3064568340778351,0.3094549775123596,0.07626412808895111,0.04443711042404175,-0.3053966164588928,0.1482672244310379,-0.091062530875206,-0.052629273384809494,-0.0792808011174202,-0.09817218780517578,0.4447163939476013,-0.1351529061794281,0.06715519726276398,0.6364765167236328,0.07911603897809982,-0.4562961459159851,-0.6050371527671814,-0.007000064942985773,-0.2039026916027069,0.28866785764694214,-0.05917750671505928,1.118101954460144,-0.06808336824178696,-0.11623458564281464,0.24659092724323273,-0.5829947590827942,0.1201409101486206,0.14441590011119843,-0.3879510760307312,0.28574058413505554,0.062492918223142624,-0.7787219285964966,0.06407681107521057,-0.388753205537796,-0.18186278641223907,-0.0015579045284539461,0.04268750548362732,0.6069560647010803,-0.08466559648513794,-0.4100112020969391,-0.051119398325681686,-0.6071339845657349,0.27441197633743286,0.7041248083114624,-0.17468252778053284,0.1307707130908966,-0.3156724274158478,-0.1993461400270462,0.47142109274864197,-0.22424490749835968,-0.04145970195531845,0.09710045158863068,-0.21502065658569336,0.20927783846855164,0.6811730861663818,0.33914923667907715,0.5528725385665894,-0.030860017985105515,-0.13295480608940125,0.12478148937225342,-0.0022563680540770292,-0.8069133758544922,0.028207426890730858,-0.8707109689712524,0.40337425470352173,0.1579056680202484,0.2722260653972626,0.2974216938018799,0.21306392550468445,0.8619180917739868,0.1656649112701416,-0.06995613127946854,-0.15926769375801086,0.20127162337303162,0.09239037334918976,0.307229608297348,0.22765938937664032,-0.5997997522354126,0.22366087138652802,-0.026964779943227768,0.08873124420642853,0.058083485811948776,0.14979287981987,-0.2081741988658905,-0.07205327600240707,-0.13053393363952637,0.008120765909552574,0.19001492857933044,0.31444811820983887,-0.04428635910153389,-0.5649822950363159,-0.09779922664165497,-0.008272827602922916,-0.14104165136814117,-0.046737201511859894,-0.32293301820755005,-0.4515640139579773,0.7071354985237122,0.09673547744750977,0.05424029380083084,0.24700209498405457,-0.14769716560840607,0.04984532669186592,0.6642075777053833,-0.6439498662948608,0.11001429706811905,-0.2686636447906494,-0.02369214966893196,0.03159654140472412,-0.04950474575161934,0.31723955273628235,0.0191690381616354,-0.2003469467163086,0.09478562325239182,0.16401974856853485,0.10394535213708878,0.04890815168619156,0.06385127454996109,0.19489598274230957,-0.10180115699768066,0.3292822539806366,-0.795268714427948,-0.013691532425582409,0.4635544717311859,0.02875223197042942,-0.02752966620028019,0.9050076603889465,-0.06205884739756584,-0.09057077020406723,0.24747169017791748,-0.09635727107524872,-0.18704840540885925,-0.056916702538728714,0.43167901039123535,-0.14617744088172913,0.1955488622188568,0.18784792721271515,-0.051391035318374634,-0.22471173107624054,-0.05199023336172104,-0.10051540285348892,0.5730852484703064,-0.025192636996507645,-0.9921991229057312,-0.8824408650398254,1.1387779712677002,-0.31022998690605164,-0.31654441356658936,0.11925740540027618,-0.2610696256160736,0.009208929724991322,0.03399082273244858,0.21589040756225586,-0.6281943917274475,0.06388069689273834,-0.6241008043289185,-0.2280607968568802,-0.08714047074317932,-0.1729387491941452,0.3841553032398224,-0.8275006413459778,-0.46594730019569397,0.18087324500083923,0.007399809546768665,-0.2235313206911087,-0.5928179025650024,-0.03204153850674629,0.6438482999801636,-0.18911780416965485,0.6463131904602051,0.049447961151599884,0.5844472646713257,-0.0064650774002075195,-0.15888909995555878,0.2980932295322418,-0.03955468907952309,-0.6476613283157349,-0.2570880353450775,-0.2952294945716858,-0.20457200706005096,-0.11252256482839584,-0.2499600201845169,0.8533940315246582,-0.24326440691947937,-0.5139409899711609,0.1555705964565277,0.02107672020792961,-0.08559773862361908,0.043764449656009674,0.20544643700122833,-0.20671093463897705,0.10702681541442871,0.22613143920898438,0.10057469457387924,0.13845685124397278,-0.7041062712669373,-0.42311447858810425,-0.14984416961669922,-0.08156897127628326,0.23882555961608887,-0.17756786942481995,-0.09562966972589493,0.05607529357075691,0.2861941456794739,-0.3401792347431183,0.5258925557136536,-0.2064506560564041,-0.17597191035747528,-0.0603598952293396,-0.06409537047147751,0.014840131625533104,0.1447904407978058,0.0747547447681427,0.042933691293001175,0.06162678450345993,0.20755250751972198,0.3851453959941864,-0.003981372807174921,-0.9900647401809692,-0.3658119738101959,0.04808846861124039,0.0017230361700057983,0.2611115574836731,-0.24670684337615967,-0.3591874837875366,-0.7822491526603699,-0.0769808441400528,-0.07463059574365616,0.02097977139055729,0.03618772700428963,0.07034090906381607,0.47483110427856445,-0.37828725576400757,-0.16515041887760162,-0.23017287254333496,-0.1934812366962433,-0.5523508787155151,-0.22981445491313934,0.13265883922576904,0.011844408698379993,0.2906966805458069,0.10011957585811615,0.10916644334793091,-0.21505561470985413,-0.07548966258764267,0.12926003336906433,0.12688007950782776
CID000003249,694,0.18665006756782532,0.1516479253768921,-0.3766043186187744,0.10128439962863922,0.3286421000957489,-0.2928568422794342,-0.07726728171110153,-0.2486671656370163,0.08474742621183395,-0.21027874946594238,0.375589519739151,0.2225579023361206,-0.025952434167265892,-0.09049210697412491,0.38452503085136414,0.0028946399688720703,0.6103235483169556,0.05693028122186661,-0.3547741174697876,0.3372057378292084,0.325547993183136,0.06627131998538971,0.1664985716342926,0.10337848961353302,-0.7076207399368286,-0.6897208094596863,-0.5245093107223511,-0.22287717461585999,0.30778247117996216,0.07427479326725006,0.9743684530258179,-0.1033218502998352,0.00309714674949646,0.030848290771245956,-0.1093219742178917,-0.06406821310520172,0.6937091946601868,-0.03706032782793045,-0.06669354438781738,-0.020339274778962135,-0.17920169234275818,0.5550229549407959,-0.2520039975643158,-0.25719958543777466,-0.14198601245880127,-0.13988500833511353,0.39064449071884155,-0.33503127098083496,-0.8784235715866089,-0.01932700350880623,-0.794029176235199,0.21925902366638184,0.4176318049430847,-0.09921902418136597,0.1555192768573761,-0.1643816977739334,-0.22913150489330292,0.783437192440033,0.318672776222229,-0.15745554864406586,0.19441409409046173,-0.1641523391008377,0.1766969859600067,0.46029216051101685,-0.015891585499048233,0.6404470205307007,-0.06735317409038544,-0.10145141929388046,0.044219113886356354,-0.09557457268238068,-0.6442387104034424,0.2056250274181366,-0.2926768660545349,0.2095920741558075,-0.02440602332353592,0.21935610473155975,0.5310587882995605,0.16016311943531036,0.5563774704933167,-0.29537081718444824,-0.19370348751544952,-0.031074494123458862,-0.3234649896621704,0.096837118268013,0.14300289750099182,0.29700350761413574,-0.1009969711303711,-0.10271217674016953,0.11081896722316742,0.0013130009174346924,0.2766818106174469,0.0007517129415646195,-0.3863379955291748,0.051051169633865356,0.18002702295780182,-0.004278407897800207,0.026766937226057053,0.0688709020614624,0.2598821520805359,-0.44780874252319336,-0.086422398686409,-0.26187431812286377,0.07921983301639557,-0.17361004650592804,-0.08093168586492538,-0.130775585770607,0.5168076753616333,0.31553953886032104,0.3276960849761963,-0.06617797911167145,0.06990085542201996,0.08324305713176727,0.6490050554275513,-0.9611595273017883,0.08850027620792389,-0.16833461821079254,-0.08705151826143265,0.12962116301059723,0.07640782743692398,0.033273156732320786,-0.27586159110069275,-0.3645861744880676,-0.20681850612163544,0.23853659629821777,-0.25677570700645447,0.2954255938529968,0.221537783741951,0.32111993432044983,-0.15604887902736664,-0.14513683319091797,-0.581800103187561,-0.09746426343917847,0.45827722549438477,0.2328750342130661,-0.08476955443620682,0.8027998805046082,0.09028938412666321,0.020289242267608643,0.2538723349571228,-0.16604967415332794,-0.13204944133758545,-0.009117337875068188,0.5539683103561401,-0.10778094828128815,0.06278716027736664,-0.0384521409869194,-0.42110031843185425,0.030707409605383873,-0.529900074005127,-0.15425331890583038,0.7141003012657166,-0.027120869606733322,-0.402200847864151,-0.5799068212509155,0.5535162687301636,-0.28460830450057983,-0.033533647656440735,-0.1101762056350708,-0.39425110816955566,0.12881143391132355,0.024654904380440712,0.10969182103872299,-0.9536417722702026,-0.10975763946771622,-0.4270429015159607,-0.154473215341568,0.028169965371489525,-0.08979517221450806,0.59562087059021,-0.3390404284000397,-0.25183361768722534,0.16113612055778503,0.0864703580737114,0.0013800382148474455,-0.38112694025039673,-0.3408859372138977,0.010668212547898293,-0.19011183083057404,0.48164844512939453,0.06460808217525482,0.49648037552833557,0.032660603523254395,-0.24391572177410126,0.46903809905052185,-0.2086314857006073,-0.2587699294090271,0.3291736841201782,-0.2457050383090973,-0.16678911447525024,-0.2838209271430969,-0.3218497633934021,0.7217540144920349,0.1395784318447113,-0.22067174315452576,0.01681622862815857,-0.1628418266773224,-0.002407503081485629,0.05677512288093567,0.18830440938472748,-0.2668300271034241,0.6821035146713257,0.078031986951828,-0.17135372757911682,0.4660814702510834,-0.4152292311191559,0.07179653644561768,-0.3497467637062073,-0.24167923629283905,0.08416006714105606,-0.18278825283050537,0.04270070791244507,0.04434580355882645,0.21361160278320312,-0.22420701384544373,1.0960935354232788,0.1406886875629425,0.1716284304857254,-0.06957179307937622,-0.16864793002605438,0.11301060765981674,-0.06239103153347969,0.2684828042984009,0.11909041553735733,-0.2232321798801422,-4.998147414880805e-05,0.045241814106702805,0.23744502663612366,-0.9032750129699707,-0.015671778470277786,-0.22100821137428284,0.0321505106985569,-0.026824047788977623,-0.23316340148448944,-0.20542557537555695,-0.8518674969673157,0.17877331376075745,0.19316466152668,0.10734691470861435,-0.17590448260307312,0.0982489138841629,0.3346795439720154,-0.22050698101520538,-0.042160529643297195,-0.22865505516529083,-0.06931544840335846,-0.3028987646102905,-0.3023315966129303,-0.17388275265693665,-0.12491170316934586,0.2597840428352356,-0.05825194716453552,0.25879472494125366,0.1998160034418106,-0.36922773718833923,0.15879538655281067,-0.3897930085659027
CID000004189,695,-0.2819313406944275,-0.08945190161466599,-0.7178071141242981,-0.018922707065939903,0.2436455488204956,-0.18422989547252655,0.38631051778793335,-0.6505921483039856,-0.2746790051460266,-0.2887211740016937,0.6079633831977844,0.30058103799819946,0.1826736479997635,-0.08370031416416168,-0.021105390042066574,0.08620494604110718,0.037616483867168427,0.24343228340148926,-0.5140217542648315,-0.47455090284347534,-0.5920189619064331,0.3940160572528839,0.798374593257904,0.09172689914703369,-1.5928914546966553,-2.277233600616455,-0.7308220863342285,0.3414917588233948,0.44726425409317017,0.13127756118774414,0.8974251747131348,0.012270228937268257,-0.07950852066278458,0.31655317544937134,-0.9228863716125488,0.4071577191352844,0.6135280728340149,-0.3335186839103699,-0.06737978756427765,-0.19187545776367188,-0.5412284135818481,0.2341250479221344,-0.5481292009353638,-0.13268209993839264,0.07878462970256805,0.025847703218460083,1.190596103668213,0.005980747751891613,-0.8661917448043823,0.03431326150894165,-0.9620205163955688,0.19275300204753876,0.588169515132904,-0.598565399646759,0.25497063994407654,-0.14332059025764465,0.1368207037448883,0.7854762077331543,0.19845275580883026,0.8848007917404175,-0.0074950335547327995,-0.2830817699432373,0.0014719426399096847,1.3421515226364136,0.007931018248200417,0.18119649589061737,-0.003056693123653531,0.032327551394701004,-0.06673227250576019,0.04277655482292175,-0.8036807179450989,-0.06828351318836212,-0.9398984909057617,0.015047883614897728,-0.4316062331199646,0.1930820345878601,0.20027239620685577,0.601951003074646,0.6215689778327942,0.508892834186554,0.18199433386325836,-0.816269040107727,0.1435014009475708,0.2141256034374237,0.12042955309152603,-0.09726758301258087,-0.34614700078964233,-0.3618261218070984,-0.49448585510253906,-0.2729906439781189,-0.11501248180866241,0.3958207666873932,-0.34173426032066345,0.058718156069517136,0.08371182531118393,-0.0460781529545784,0.3062456250190735,-0.37417587637901306,-0.10821817815303802,-1.0630502700805664,0.0777011513710022,-0.3468114733695984,0.2799723148345947,-0.07470516115427017,0.07569785416126251,-0.19357334077358246,1.2436840534210205,-0.299069344997406,-0.31319659948349,0.003994840197265148,0.04183744266629219,0.23417536914348602,0.00815154891461134,-0.5443698167800903,0.325359970331192,-0.05569232627749443,-0.24416318535804749,0.45033806562423706,-0.1453843116760254,0.30725687742233276,-0.42941850423812866,-0.09296129643917084,-0.08368811756372452,0.11889616400003433,-0.0947795882821083,0.054911624640226364,0.5542691946029663,0.24709291756153107,-0.0828590989112854,0.030291030183434486,-1.4265598058700562,0.48398908972740173,0.25042447447776794,0.2215081751346588,-0.48798221349716187,1.0178415775299072,0.236891508102417,0.2868480980396271,0.5693913698196411,-0.1765974760055542,-0.3482433259487152,-0.1748955398797989,0.1626734882593155,0.07719828188419342,0.18003687262535095,-0.39118364453315735,-0.6233534812927246,0.3601342439651489,0.37640324234962463,-0.1593625843524933,0.48679012060165405,0.10488460958003998,-0.49716344475746155,-0.9783486127853394,0.7648542523384094,0.4010155200958252,-0.045825012028217316,0.08751268684864044,-0.8467108011245728,-0.011702558025717735,-0.28581327199935913,0.47063297033309937,-0.8557333946228027,0.23893699049949646,-0.3658102750778198,-0.30546867847442627,-0.06643665581941605,-0.1549239605665207,0.5436212420463562,-0.6472318172454834,0.04798547923564911,-0.2320418804883957,-0.22489190101623535,0.005665391683578491,-1.1593029499053955,0.00030940771102905273,0.7147130370140076,0.13211525976657867,0.9242244958877563,0.16766218841075897,0.6895605325698853,0.3406859040260315,-0.39909178018569946,0.8775571584701538,0.09570653736591339,-1.0738399028778076,0.12306268513202667,0.13285104930400848,0.227228045463562,-0.2884904146194458,-0.12813152372837067,1.5721652507781982,-0.03235090523958206,-0.5541828274726868,-0.09284423291683197,-0.10602979362010956,0.08536342531442642,0.24692361056804657,0.7595697641372681,0.25816357135772705,0.4748408794403076,-0.2874988913536072,-0.5040465593338013,0.8235592842102051,-0.6251425743103027,0.3398914337158203,-0.5082508325576782,0.3001977801322937,-0.44184404611587524,0.2229148894548416,0.21143946051597595,0.17094051837921143,0.08703910559415817,0.05885503441095352,1.3455026149749756,0.5920032858848572,-0.5518914461135864,0.005973451305180788,0.011819586157798767,-0.3412787616252899,0.1830579936504364,-0.14041893184185028,0.19600136578083038,-0.3262012004852295,0.1335475742816925,-0.2607399821281433,-0.18692132830619812,-1.355348825454712,0.06808978319168091,-0.36299625039100647,0.12727315723896027,0.20489422976970673,-0.2985522150993347,-0.03297382593154907,-1.1124964952468872,0.40425926446914673,-0.3912392854690552,-0.2051841765642166,0.02043042704463005,-0.1820838749408722,1.3201195001602173,-0.48429426550865173,-0.04951038956642151,0.08267433941364288,-0.18165847659111023,-0.4260130524635315,0.12558361887931824,0.12420713901519775,-0.19755950570106506,0.17270603775978088,0.2951871454715729,0.19290509819984436,0.0211309976875782,0.18944263458251953,0.4399167597293854,-0.32151979207992554
CID000002818,698,-0.016624078154563904,-0.3248997926712036,-0.45156383514404297,0.07807167619466782,0.30771777033805847,-0.12201400101184845,-0.10663113743066788,-0.38122740387916565,-0.17022620141506195,-0.004890255630016327,0.28630897402763367,-0.01499570906162262,-0.02292182669043541,-0.08146726340055466,0.007179155945777893,0.2652847468852997,0.37721627950668335,0.06837020814418793,-0.17939695715904236,0.05606824904680252,-0.21494340896606445,-0.02100365236401558,0.6196972727775574,0.03692306950688362,-0.47804051637649536,-0.6587995290756226,-0.4564126133918762,-0.07354308664798737,0.25523895025253296,0.3069832921028137,0.5459240674972534,0.08325880020856857,-0.12581387162208557,0.22788099944591522,-0.2374953329563141,0.10400986671447754,0.49708446860313416,-0.1077679842710495,-0.03950373828411102,0.11875174939632416,-0.18931002914905548,0.5358737707138062,-0.3423616290092468,0.014578431844711304,0.06486078351736069,0.23924164474010468,0.6420782804489136,0.013545858673751354,-0.5710024237632751,-0.025445157662034035,-0.3145783245563507,0.19325374066829681,0.3667328655719757,-0.21709506213665009,0.06982187926769257,-0.34626391530036926,-0.23709459602832794,0.5402839779853821,-0.14964249730110168,-0.18427719175815582,0.03242357820272446,-0.22019347548484802,-0.03683473914861679,0.7192394137382507,0.1486935168504715,0.16386529803276062,-0.2119482010602951,0.004337423946708441,-0.0006209686398506165,0.15039701759815216,-0.739766001701355,0.0926605835556984,-0.5803539752960205,0.48180198669433594,-0.05857320874929428,0.1947460174560547,0.3808600902557373,0.23483893275260925,0.3788822591304779,-0.03436117619276047,-0.08216748386621475,-0.18805024027824402,-0.021428268402814865,-0.07317817956209183,0.23535065352916718,0.44073382019996643,-0.14592108130455017,-0.1557750701904297,-0.059187352657318115,0.07852794229984283,-0.11751097440719604,-0.08720270544290543,-0.1555497646331787,0.026627909392118454,0.11726405471563339,-0.021937696263194084,-0.3892888128757477,0.3198205828666687,0.005471455864608288,-0.6618286371231079,-0.1303955614566803,-0.15373274683952332,0.14659187197685242,-0.04049447923898697,0.250537246465683,0.015046125277876854,0.8544100522994995,0.08594708144664764,0.1482905149459839,-0.020269321277737617,-0.13867786526679993,-0.07636130601167679,0.20400039851665497,-0.054288625717163086,0.21396231651306152,-0.24114751815795898,-0.34475353360176086,0.08477303385734558,-0.21911005675792694,0.10244806110858917,-0.058700669556856155,-0.29339486360549927,-0.08764383941888809,0.020880654454231262,-0.21540455520153046,0.05237091705203056,0.23083968460559845,0.0943010076880455,-0.23494192957878113,0.27469050884246826,-0.6607772707939148,-0.2263311892747879,0.39961957931518555,0.141541987657547,0.17204564809799194,0.6747139096260071,0.019585849717259407,-0.1596163958311081,0.262165367603302,-0.03381521254777908,-0.18480458855628967,-0.15506374835968018,0.07777909934520721,0.2258627861738205,0.2947794198989868,-0.08035628497600555,-0.33404844999313354,0.01684669777750969,0.14525239169597626,-0.077487513422966,0.18584677577018738,-0.06300026923418045,-0.5293574333190918,-0.558299720287323,0.5050387382507324,-0.20610542595386505,0.15846998989582062,-0.33284756541252136,-0.35353028774261475,-0.094244584441185,-0.05043938010931015,-0.05612313002347946,-0.8242620229721069,0.019545216113328934,-0.48986878991127014,-0.02403613179922104,-0.017688680440187454,-0.10639078915119171,0.49388042092323303,-0.5388103127479553,-0.27181580662727356,-0.13718463480472565,-0.024731531739234924,-0.2403768002986908,-0.4840618669986725,-0.008686614222824574,0.36842212080955505,0.1228865385055542,0.5503683090209961,-0.013018655590713024,0.6131591200828552,-0.2178499400615692,-0.11294269561767578,0.23644371330738068,-0.1208990216255188,-0.41790318489074707,-0.16382355988025665,-0.3463493585586548,0.07105414569377899,-0.1306753009557724,-0.4917261004447937,0.9075263738632202,-0.08757317066192627,-0.5028946399688721,0.023586947470903397,0.013734763488173485,-0.1633419692516327,0.09253384172916412,0.26988735795021057,-0.10271625220775604,0.3760295510292053,0.3901435434818268,-0.1830889880657196,0.18708595633506775,-0.42706233263015747,-0.37399330735206604,-0.13913416862487793,0.0729302316904068,-0.002153503941372037,-0.22580918669700623,0.12495653331279755,0.044782526791095734,0.03211186081171036,-0.387360155582428,0.7485111951828003,0.04812345653772354,-0.03861808776855469,-0.3574630618095398,-0.013511136174201965,0.21650823950767517,0.33769530057907104,0.05376932770013809,0.24351105093955994,-0.23994791507720947,0.004067706875503063,0.2448003739118576,0.011750566773116589,-0.6488879919052124,-0.28807544708251953,-0.0712277889251709,-0.11470863968133926,0.11576052010059357,0.16494421660900116,-0.20232288539409637,-0.4232378602027893,0.4752517640590668,-0.013602693565189838,-0.21010375022888184,0.017091434448957443,0.02248498424887657,0.43616947531700134,-0.33986136317253113,-0.10616748034954071,-0.15140679478645325,0.023764748126268387,-0.32641106843948364,0.029138993471860886,0.13811615109443665,-0.026954155415296555,0.37255898118019104,0.01645200327038765,0.016736561432480812,0.18752339482307434,0.03838841989636421,0.17006683349609375,-0.04121880978345871
CID000047320,701,0.0405171737074852,-0.24822835624217987,-0.5103697776794434,0.0598621666431427,0.40932497382164,0.059462182223796844,-0.18127284944057465,-0.9351820945739746,-0.25250640511512756,0.018494987860322,0.47456955909729004,-0.10286710411310196,-0.15408243238925934,-0.22745096683502197,-0.005838778801262379,0.30809229612350464,0.7310501337051392,0.17408081889152527,-0.1424960494041443,0.5331765413284302,-0.24257345497608185,0.13613705337047577,0.3356398046016693,-0.07542502880096436,-0.4089440405368805,-0.7004941701889038,-0.3570369780063629,-0.3370145559310913,0.27213841676712036,-0.1259841024875641,0.904511570930481,0.13594582676887512,-0.17202827334403992,0.07315853238105774,-0.546695351600647,0.06131238862872124,0.778177797794342,-0.16392135620117188,-0.08694195002317429,0.008878481574356556,-0.8381174802780151,0.7953143119812012,-0.23059701919555664,0.014760226011276245,0.06957536190748215,0.14580264687538147,0.7587116956710815,-0.1123710423707962,-0.5599532723426819,0.06959585845470428,-0.8389822244644165,0.4692630171775818,0.2560715675354004,-0.2530321776866913,0.18887105584144592,-0.451420396566391,0.1118730753660202,0.5838716626167297,-0.07397960126399994,-0.05790320783853531,0.10036146640777588,-0.32754939794540405,0.12903912365436554,0.969946563243866,0.016002973541617393,0.25641971826553345,-0.030858421698212624,0.06643819808959961,-0.12515713274478912,0.035068076103925705,-0.9508064985275269,0.10396101325750351,-0.5384945273399353,0.4039138853549957,-0.13013741374015808,0.37305212020874023,0.5865024924278259,0.21733303368091583,0.847939670085907,-0.07833050191402435,-0.15448810160160065,-0.5271734595298767,0.20481427013874054,-0.05770311504602432,0.5679428577423096,0.1797250360250473,-0.5459778904914856,0.06845699995756149,-0.13239525258541107,0.025596901774406433,-0.019018996506929398,0.09265835583209991,-0.07642040401697159,0.035926125943660736,0.27373063564300537,-0.31369584798812866,-0.24450382590293884,0.46936511993408203,-0.024696240201592445,-0.6911964416503906,-0.10169360786676407,-0.09575892984867096,-0.04929153993725777,-0.16658803820610046,-0.023600447922945023,-0.2940390408039093,0.5771112442016602,0.05047198385000229,0.1457260102033615,-0.07851621508598328,-0.1857428401708603,0.21218255162239075,0.6813827753067017,-0.40498191118240356,0.27576759457588196,-0.26015612483024597,-0.394326776266098,-0.037297457456588745,-0.3247005343437195,0.215638667345047,-0.25485652685165405,-0.30633288621902466,0.1792076826095581,0.38694632053375244,0.05906044319272041,0.009928268380463123,0.16083988547325134,0.13811609148979187,-0.1895839273929596,0.3711666464805603,-0.6318424344062805,-0.16076335310935974,0.4635944366455078,0.22041861712932587,0.21540823578834534,0.7849870920181274,0.09049122035503387,-0.24547870457172394,0.3146483302116394,-0.07412900030612946,0.04109742492437363,-0.29169777035713196,0.16558842360973358,0.16745862364768982,-0.053220558911561966,-0.06174955889582634,-0.17705883085727692,-0.019161708652973175,0.23865365982055664,-0.07850693166255951,0.507612407207489,-0.009204238653182983,-0.7039138078689575,-1.154415488243103,0.5558651089668274,-0.35862377285957336,0.1646960973739624,0.013239908032119274,-0.42069166898727417,-0.18435955047607422,0.04085681587457657,-0.03502172976732254,-0.8666828274726868,0.12996463477611542,-0.5212661027908325,-0.1861211359500885,0.048102155327796936,-0.21115851402282715,0.2436458170413971,-0.3849722743034363,-0.07432951778173447,-0.28510981798171997,-0.05290447548031807,-0.19648204743862152,-0.8698066473007202,-0.10695622861385345,0.5447664856910706,0.050222981721162796,0.4091396927833557,-0.25293344259262085,0.6121681332588196,-0.14881488680839539,-0.3403629958629608,0.26701897382736206,0.08158296346664429,-0.8994795680046082,-0.06769581139087677,-0.3556579649448395,-0.025596344843506813,-0.2056671679019928,-0.5470674633979797,0.6974746584892273,0.05865596979856491,-0.3508315086364746,0.12051761150360107,-0.09791230410337448,-0.09146814793348312,0.07529813051223755,0.20729465782642365,0.06369390338659286,0.7474421262741089,0.015124976634979248,-0.24576644599437714,-0.023342102766036987,-0.366757869720459,-0.2214951515197754,-0.13631194829940796,0.052689991891384125,0.16877850890159607,0.15024153888225555,0.038364388048648834,-0.11218182742595673,0.2909723222255707,-0.1386193037033081,0.7531928420066833,0.12217462062835693,0.012968498282134533,-0.2097780704498291,-0.14833694696426392,0.039901040494441986,0.15913310647010803,-0.09155049920082092,0.4203888773918152,0.032195523381233215,0.020991701632738113,0.16855117678642273,0.06801395118236542,-0.9303037524223328,-0.20372553169727325,-0.09367261081933975,0.033699870109558105,0.10950557887554169,-0.1041463240981102,-0.42400598526000977,-0.6485218405723572,0.4407612383365631,0.09696503728628159,-0.11177398264408112,0.0774998813867569,-0.17532402276992798,0.36567020416259766,-0.27918559312820435,-0.2402646541595459,-0.30186566710472107,0.05365384742617607,-0.3549502491950989,0.2186959683895111,-0.053084224462509155,-0.05815093591809273,0.452360063791275,0.07439692318439484,0.2859839200973511,-0.035596102476119995,-0.1627354621887207,0.16243234276771545,-0.1122249960899353
CID000005515,702,0.22371144592761993,-0.4588909149169922,-0.7920316457748413,-0.006367087364196777,0.24284270405769348,-0.273061066865921,0.19772914052009583,-0.8579932451248169,-0.04914211109280586,-0.41959062218666077,0.694362998008728,0.2183220386505127,-0.1544208824634552,-0.022049402818083763,-0.11784420162439346,0.21551890671253204,0.24928614497184753,0.12825754284858704,-0.09106869995594025,-0.060447048395872116,-0.2727803587913513,0.18535524606704712,0.17186510562896729,-0.0765836089849472,-1.2157814502716064,-1.1130194664001465,-0.5774440765380859,0.12661603093147278,0.07983757555484772,-0.07395639270544052,0.933668315410614,-0.04204229637980461,0.21583068370819092,0.27353984117507935,-0.1269122064113617,-0.24723561108112335,0.42329320311546326,0.014746969565749168,0.1595110148191452,-0.09190671145915985,-0.13267245888710022,0.40054836869239807,-0.009062434546649456,-0.2705337703227997,-0.1882796585559845,-0.01038634218275547,1.0432847738265991,-0.3423164188861847,-0.648713231086731,0.08546227961778641,-1.008425235748291,0.03552918881177902,0.432935893535614,-0.1503063589334488,0.16858947277069092,-0.2841007709503174,0.15916848182678223,1.035352349281311,-0.1522660255432129,0.20445945858955383,-0.14562192559242249,-0.02304786443710327,-0.08333061635494232,0.5861342549324036,0.16239504516124725,0.44859299063682556,0.3071746230125427,-0.11539359390735626,0.004391306545585394,0.1048504114151001,-0.5134091377258301,0.010061413049697876,-0.5943392515182495,0.373127818107605,-0.056067146360874176,0.03665418550372124,0.10092025995254517,0.09514224529266357,1.0337207317352295,0.22774657607078552,0.03272091597318649,-0.4778607487678528,-0.03455237299203873,-0.11828694492578506,0.2395307719707489,0.05477098375558853,-0.5954523086547852,-0.2607499957084656,-0.13693538308143616,0.23797006905078888,-0.32908397912979126,-0.3610597252845764,-0.3456711173057556,0.1395973116159439,0.10240326821804047,0.1257874071598053,-0.11414176225662231,0.23923256993293762,-0.07121898978948593,-1.618525743484497,-0.0902661606669426,0.17627787590026855,0.013455656357109547,-0.22803986072540283,0.09143228083848953,-0.015128168277442455,0.8656360507011414,0.10261479765176773,-0.05121217295527458,0.03280648961663246,0.3769790828227997,0.18872025609016418,0.2471904456615448,-0.8735825419425964,0.10421943664550781,-0.23779785633087158,-0.22205309569835663,0.29529255628585815,0.2860255241394043,0.36480557918548584,-0.2659416198730469,-0.3190251588821411,-0.028544139117002487,0.02970452979207039,0.1984563022851944,-0.14244337379932404,0.25372231006622314,-0.049808211624622345,-0.23695531487464905,0.4769233167171478,-0.725700855255127,0.03280308097600937,0.23564502596855164,0.10677637904882431,-0.0730578824877739,0.764829158782959,-0.1696861833333969,-0.07304011285305023,0.4352302551269531,-0.2621256709098816,0.019719528034329414,-0.07215993106365204,0.028817126527428627,0.1744268238544464,-0.011462884955108166,0.1227654218673706,-0.18833348155021667,0.37314873933792114,0.12376762926578522,-0.03382396697998047,0.7361302375793457,-0.1861109435558319,-0.49061527848243713,-1.1529308557510376,0.6874256730079651,0.23583538830280304,0.1774352490901947,0.22698178887367249,-0.622930645942688,0.18908581137657166,-0.10762739181518555,-0.04247573763132095,-1.1036193370819092,0.03304368257522583,-0.5337914228439331,0.07662592828273773,0.029865195974707603,0.12320762872695923,1.1954185962677002,-0.5991161465644836,-0.2938482165336609,0.12248891592025757,-0.15112939476966858,0.30250242352485657,-0.49305954575538635,-0.5070987939834595,0.38231635093688965,-0.2142387330532074,0.49237459897994995,0.35819536447525024,0.12684419751167297,-0.13408388197422028,-0.14408691227436066,0.93122798204422,0.023416316136717796,-0.2252351939678192,-0.23028549551963806,0.056099940091371536,-0.2985760271549225,-0.2540087103843689,-0.6225542426109314,1.502699851989746,-0.14180216193199158,-0.008584434166550636,-0.2807601988315582,-0.3410724103450775,-0.08160920441150665,0.09074503928422928,1.364501953125,-0.178987056016922,0.8430204391479492,0.21025769412517548,0.16439995169639587,1.3094788789749146,-0.5230759382247925,0.42156726121902466,-0.44733190536499023,0.05442318320274353,-0.05241271108388901,0.1969432830810547,-0.23208436369895935,0.0028227821458131075,-0.0025289892219007015,-0.13757076859474182,0.6276528835296631,0.4660962224006653,-0.3572659194469452,-0.14146286249160767,-0.08456607908010483,0.050820477306842804,0.021505063399672508,0.16054144501686096,0.01726078987121582,-0.3740028738975525,-0.1834917962551117,0.46359148621559143,0.07616951316595078,-0.46878689527511597,-0.10299668461084366,0.23327822983264923,0.10844238102436066,0.2058561146259308,0.26709267497062683,-0.11085279285907745,-0.7725517749786377,0.2599380314350128,0.08890221267938614,0.07496081292629242,-0.32027488946914673,-0.21368494629859924,1.3437280654907227,-0.2265719175338745,0.03142682462930679,-0.3827863931655884,-0.1798398643732071,-0.576276957988739,-0.13687674701213837,-0.014642936177551746,-0.17275193333625793,0.5785847306251526,0.17796656489372253,0.07488477975130081,0.159554123878479,-0.03483850508928299,0.5040390491485596,0.023497700691223145
CID000003510,705,0.09320308268070221,-0.311522901058197,-0.4939672350883484,-0.033195752650499344,0.42951542139053345,-0.20360036194324493,-0.13178923726081848,-0.49265870451927185,-0.24690529704093933,0.06365086883306503,0.4515693783760071,0.05769386142492294,-0.06552828103303909,-0.026128560304641724,0.11781163513660431,0.1855667531490326,0.4975976049900055,-0.02213822677731514,-0.11158782243728638,0.2998248040676117,-0.38404086232185364,0.11439590156078339,0.4247787594795227,0.02172255888581276,-0.3686782419681549,-0.8687342405319214,-0.6909823417663574,0.013566350564360619,0.06173797696828842,0.056077681481838226,0.6442347764968872,0.24783332645893097,-0.18824532628059387,0.4224309027194977,-0.4116334021091461,0.20053179562091827,0.9248700141906738,-0.12154364585876465,-0.028318265452980995,0.1518888920545578,-0.14425988495349884,0.5345515012741089,-0.28738048672676086,-0.14479508996009827,-0.07249371707439423,0.06033381074666977,0.7015083432197571,-0.1303139477968216,-0.5507103204727173,-0.04025976359844208,-0.4739861488342285,0.23381128907203674,0.31740593910217285,-0.1651877909898758,0.19918617606163025,-0.2902056574821472,-0.24028965830802917,0.583027720451355,0.07945729792118073,-0.05527520179748535,-0.019146118313074112,-0.25875943899154663,-0.004531836602836847,0.7026918530464172,0.15677650272846222,0.2236928641796112,-0.1565791517496109,-0.09267091006040573,-0.0004155218484811485,0.06542826443910599,-0.569499135017395,0.16262415051460266,-0.6309301257133484,0.6398237347602844,0.10145348310470581,0.19837918877601624,0.5389858484268188,0.32287147641181946,0.37579670548439026,-0.007185111753642559,-0.1673615425825119,-0.12973593175411224,0.07318596541881561,-0.09558369219303131,-0.014323997311294079,0.4307282567024231,-0.11899828910827637,-0.11347442865371704,-0.031086597591638565,0.05886361747980118,-0.23963363468647003,-0.25326988101005554,-0.037400983273983,0.05924651026725769,0.09738673269748688,-0.1893606185913086,-0.2559434473514557,0.2886029779911041,0.038571782410144806,-0.7882728576660156,-0.07484222948551178,-0.25170233845710754,0.14769747853279114,-0.009047088213264942,0.11628279834985733,-0.034768011420965195,0.9543812870979309,-0.08318950235843658,0.28500041365623474,-0.13293172419071198,-0.14820173382759094,-0.06667006015777588,0.3010532259941101,-0.2908555567264557,0.2712995409965515,-0.30861154198646545,-0.49779725074768066,0.10323480516672134,-0.08169735223054886,0.10804913192987442,-0.030033772811293602,-0.29205644130706787,-0.039533451199531555,0.012528237886726856,-0.12835240364074707,0.07200100272893906,0.31163960695266724,0.03913784399628639,-0.27241307497024536,0.19899292290210724,-0.8325193524360657,-0.09936369955539703,0.42989978194236755,0.017284763976931572,0.1744270622730255,0.9292091131210327,0.2620254158973694,-0.29347676038742065,0.32559165358543396,-0.06461270153522491,-0.2501969337463379,-0.2857648432254791,0.11240892112255096,0.14249877631664276,0.025005146861076355,0.031201794743537903,-0.32821089029312134,-0.06681479513645172,0.16430546343326569,0.09185367822647095,0.2602481245994568,-0.0759681835770607,-0.49859076738357544,-0.6693634986877441,0.3602912724018097,-0.2190430611371994,0.3037952780723572,-0.08918661624193192,-0.3913238048553467,-0.17631608247756958,-0.010779972188174725,0.12981966137886047,-0.7770580053329468,0.04322672262787819,-0.3533663749694824,0.0500611886382103,0.028197884559631348,-0.21029546856880188,0.5492187142372131,-0.460519403219223,-0.1218613013625145,-0.04165909066796303,-0.09853760898113251,-0.11888758838176727,-0.6760357618331909,-0.17661991715431213,0.42431211471557617,0.16687002778053284,0.5786436796188354,0.06450869143009186,0.49270254373550415,-0.2095600813627243,-0.21602730453014374,0.5403774976730347,-0.032460033893585205,-0.477630078792572,0.026007508859038353,-0.04864942282438278,-0.2961932122707367,-0.07985340058803558,-0.6462554931640625,1.0708467960357666,-0.028885653242468834,-0.33450156450271606,0.15047070384025574,-0.035749249160289764,-0.08527576923370361,0.06378596276044846,0.6332395076751709,-0.21935948729515076,0.42003411054611206,0.5040645003318787,-0.11616618931293488,0.32835936546325684,-0.32652169466018677,-0.1888616681098938,-0.1881781369447708,-0.014208728447556496,-0.11031810194253922,-0.19059555232524872,0.14730563759803772,-0.03610476851463318,-0.11274595558643341,-0.23334737122058868,0.772551953792572,-0.04317028820514679,0.03783696889877319,-0.32344794273376465,0.05192463845014572,0.24900713562965393,0.19392919540405273,-0.0006233722087927163,0.1061701625585556,-0.07865872234106064,-0.06186112016439438,0.1752488613128662,0.11433522403240204,-0.6499432921409607,-0.27020010352134705,-0.060519494116306305,-0.11800942569971085,0.1364656388759613,0.08496864140033722,-0.2070700228214264,-0.49582141637802124,0.24117211997509003,0.060769736766815186,-0.2501313090324402,-0.020984714850783348,-0.013506690971553326,0.6197742819786072,-0.2755580544471741,-0.06385153532028198,-0.2867822051048279,0.025289779528975487,-0.23233246803283691,0.0612630732357502,0.17569300532341003,0.033512555062770844,0.18053093552589417,0.024603569880127907,-0.05618434026837349,0.1468048244714737,-0.1881866753101349,0.2554016709327698,0.06488324701786041
CID001349907,708,0.08526797592639923,-0.2946970760822296,-0.8140833973884583,0.22022747993469238,0.2830689549446106,0.06903092563152313,-0.019703755155205727,-0.8689179420471191,-0.06578364223241806,-0.1273159384727478,0.20270928740501404,0.046229343861341476,-0.02731369063258171,-0.19456298649311066,-0.1871068775653839,-0.1693039834499359,0.35645294189453125,0.21043269336223602,-0.34360331296920776,-0.00028949379338882864,-0.2367185354232788,0.04643953964114189,0.43676280975341797,0.0861225575208664,-0.8836739659309387,-0.8138217926025391,-1.014694333076477,0.02014719881117344,-0.0407874658703804,-0.24840009212493896,0.920242190361023,-0.13536688685417175,0.02108960784971714,0.2907537519931793,-0.693068265914917,0.26902735233306885,0.7064679265022278,-0.15967144072055817,-0.1987573802471161,0.023535337299108505,-0.27831918001174927,0.518287181854248,-0.44944635033607483,-0.38087502121925354,-0.036109667271375656,-0.3437719941139221,0.798384964466095,-0.32465988397598267,-0.5625980496406555,0.3240729570388794,-0.7928690314292908,0.4812549650669098,0.38696420192718506,-0.019092034548521042,0.4561770558357239,-0.08934816718101501,-0.1948094666004181,1.0056326389312744,0.14363043010234833,0.38224899768829346,-0.20288971066474915,-0.30362260341644287,0.4094201624393463,1.0404022932052612,0.24755151569843292,0.3639816641807556,-0.12848426401615143,0.057375919073820114,-0.13985268771648407,0.22358766198158264,-0.7228551506996155,0.17232646048069,-1.1008224487304688,0.4400845468044281,0.0821421667933464,-0.12186276912689209,0.4674248695373535,0.20676501095294952,1.23320734500885,0.03423368185758591,-0.010709273628890514,-0.8147238492965698,0.29230132699012756,-0.11493600904941559,-0.11218800395727158,0.22362574934959412,-0.5169311165809631,-0.5783140659332275,0.17566484212875366,-0.022754225879907608,-0.32816120982170105,0.16788683831691742,-0.2723866105079651,-0.20811882615089417,0.04176545515656471,-0.13031378388404846,0.0765930563211441,0.2722950577735901,-0.06178726628422737,-1.39141845703125,-0.11602894961833954,-0.23027315735816956,0.18848365545272827,-0.23244023323059082,0.26382705569267273,-0.1945149004459381,1.2244350910186768,-0.06893064081668854,0.02027997002005577,-0.17697389423847198,-0.022120151668787003,0.007888942956924438,0.30879852175712585,-0.412248432636261,0.019964825361967087,-0.2354000061750412,-0.7944023609161377,0.222758486866951,0.15669730305671692,0.4120768904685974,-0.32998642325401306,-0.2733435034751892,0.2182759791612625,0.29960721731185913,0.15813837945461273,-0.203985333442688,0.3537183403968811,-0.40168485045433044,-0.027344102039933205,0.3264732360839844,-1.1855332851409912,-0.06538120657205582,0.2583208680152893,0.005681448616087437,-0.11567137390375137,0.9272463917732239,0.30815058946609497,0.32376667857170105,0.24720974266529083,-0.31335219740867615,-0.2456563264131546,-0.31430473923683167,-0.0001413881836924702,0.21394209563732147,-0.1449090540409088,-0.012338894419372082,-0.10752163827419281,0.10166678577661514,-0.022836195304989815,-0.28736892342567444,0.6240429878234863,-0.14426496624946594,-0.4505032002925873,-0.9615513682365417,0.49182718992233276,-0.17139309644699097,0.12951083481311798,0.18580743670463562,-0.6378847360610962,0.032254986464977264,0.17932811379432678,0.13090619444847107,-0.9267703890800476,0.021464824676513672,-0.5122061967849731,-0.2800852358341217,0.05080542713403702,-0.14580115675926208,1.0272068977355957,-0.640851616859436,-0.3187786638736725,-0.2586532533168793,-0.15823140740394592,0.1892668753862381,-0.8584498167037964,-0.3764674663543701,0.7572383880615234,0.02852311171591282,0.48275643587112427,-0.1713394820690155,0.23377911746501923,-0.21416930854320526,-0.23148831725120544,0.9924390912055969,0.08376391977071762,-0.5555040240287781,0.007743666879832745,0.13060586154460907,-0.6417996287345886,-0.14864332973957062,-0.30669116973876953,1.3315380811691284,-0.12239309400320053,-0.6271320581436157,0.016690148040652275,-0.17139652371406555,0.10150256007909775,-0.15100380778312683,0.9134752154350281,-0.21129706501960754,0.8350570797920227,0.012335973791778088,-0.036387111991643906,0.7290895581245422,-0.3036019206047058,0.1917092502117157,0.11291024833917618,0.12115023285150528,-0.30071547627449036,0.0183958038687706,-0.058827511966228485,0.023696616291999817,-0.24907779693603516,-0.019155150279402733,0.9737119674682617,0.5177996158599854,0.23744699358940125,0.11313209682703018,0.09791183471679688,0.18458981812000275,0.16792498528957367,-0.14361920952796936,0.10671939700841904,0.07513084262609482,0.1932515799999237,0.06633852422237396,-0.03222282975912094,-0.8010462522506714,-0.19975079596042633,-0.0913287103176117,-0.16802182793617249,0.30462923645973206,0.0200326107442379,-0.11382832378149033,-0.715649425983429,0.423755019903183,-0.026078730821609497,-0.11372952163219452,0.10252132266759872,-0.10038883984088898,1.3505244255065918,-0.1907082498073578,0.11541489511728287,-0.22459037601947784,-0.2133963406085968,-0.1794370412826538,-0.08404023945331573,0.5249074101448059,-0.37185972929000854,0.22496387362480164,0.2966478765010834,0.2009432017803192,-0.1241256445646286,0.1415630578994751,0.364177942276001,0.18116745352745056
CID000038904,709,0.10237018018960953,-0.24784687161445618,-0.42407697439193726,0.20941162109375,0.36146223545074463,-0.3102003037929535,-0.07259875535964966,-0.30332842469215393,0.09561415016651154,0.07978266477584839,0.2481270283460617,-0.020967140793800354,0.16361907124519348,-0.049377936869859695,0.08064202964305878,-0.00642180722206831,-0.03841717168688774,0.05954139679670334,-0.3256186842918396,0.23299364745616913,0.19366690516471863,0.12884029746055603,0.6641252040863037,0.07618801295757294,-0.2008136808872223,-0.6018181443214417,-0.27434465289115906,-0.50528484582901,0.2649269700050354,-0.1411893218755722,0.33626511693000793,0.039053164422512054,0.09808087348937988,0.14776329696178436,-0.1078696995973587,0.06921469420194626,0.3556424677371979,-0.33570772409439087,0.02372167631983757,-0.1413663774728775,-0.276867151260376,0.2962746322154999,-0.5341454744338989,-0.051602937281131744,-0.19937938451766968,-0.032337382435798645,0.455214262008667,0.11612094938755035,-0.5516996383666992,-0.0561651811003685,-0.5565919876098633,0.34327489137649536,0.6569217443466187,-0.11739454418420792,0.2842845916748047,-0.46023279428482056,-0.28824663162231445,0.5583581328392029,0.09439709037542343,-0.2022676169872284,-0.09773743152618408,-0.045071255415678024,0.08130036294460297,0.7530736923217773,0.11792038381099701,0.269247442483902,-0.14168110489845276,0.044687725603580475,-0.06666567921638489,0.04859312251210213,-0.7761378884315491,-0.018837902694940567,-0.4403199553489685,0.3809780180454254,0.04404091835021973,0.5094450116157532,0.7069969177246094,0.2543924152851105,0.6165353655815125,0.03735704720020294,0.03307294100522995,-0.07993348687887192,-0.1395857334136963,-0.07843936234712601,0.22940143942832947,0.054389335215091705,-0.007102095987647772,0.34629207849502563,0.026732653379440308,-0.13305886089801788,0.00885819736868143,0.1600821316242218,-0.21772101521492004,0.05690024048089981,0.02929222211241722,-0.05375823378562927,-0.015811076387763023,0.11896900087594986,0.002218380570411682,-0.3053581118583679,0.25527918338775635,-0.15864822268486023,0.13749536871910095,-0.09901416301727295,0.0060979039408266544,-0.29213711619377136,0.30226731300354004,0.04332256317138672,-0.16616299748420715,-0.05289440602064133,0.1569659262895584,0.0962882786989212,0.6684305667877197,-0.3865491449832916,-0.08134763687849045,-0.31808704137802124,0.01422528363764286,0.14427603781223297,0.12516216933727264,-0.1845419704914093,0.0008626066264696419,-0.1860169917345047,0.07313311100006104,-0.07619144022464752,-0.18746131658554077,0.40822872519493103,0.07984093576669693,-0.04377063363790512,-0.031182801350951195,0.09845735132694244,-0.30523180961608887,-0.27770525217056274,0.2644425630569458,0.1496720016002655,-0.13158002495765686,0.5241182446479797,0.07817544043064117,-0.36432522535324097,0.23413288593292236,0.19547933340072632,-0.20692045986652374,0.025305122137069702,0.13027669489383698,0.01636689528822899,0.44480666518211365,-0.07095041126012802,-0.28756675124168396,0.14219048619270325,-0.26265594363212585,0.07347499579191208,0.38697314262390137,0.06938014924526215,-0.7339237928390503,-0.640344500541687,0.494598925113678,-0.35437536239624023,-0.1645924597978592,-0.08565744012594223,-0.47932618856430054,-0.03242593631148338,-0.11805792152881622,-0.04632260277867317,-0.6477482914924622,0.054067742079496384,-0.5073951482772827,-0.25291919708251953,0.15972089767456055,0.00014560073032043874,0.6791137456893921,-0.6946958303451538,-0.22694742679595947,0.06442993879318237,0.010842830874025822,0.07973257452249527,-0.4711424708366394,0.050181496888399124,0.13157740235328674,0.18995387852191925,0.35191404819488525,-0.12099304050207138,0.6464446187019348,-0.020587429404258728,-0.26524800062179565,-0.00028470123652368784,-0.2777486741542816,-0.29832011461257935,0.09417217969894409,-0.2128864824771881,0.12023086845874786,-0.10364117473363876,-0.03434905409812927,0.505882203578949,-0.12760189175605774,-0.43652743101119995,0.1467418372631073,0.1760796755552292,-0.16695204377174377,0.037647880613803864,0.042414672672748566,-0.03238741308450699,0.2606482207775116,0.34158897399902344,-0.08637674897909164,0.002388373017311096,-0.5469524264335632,-0.2508431673049927,-0.25641268491744995,-0.11837364733219147,0.10862334817647934,-0.1622847616672516,0.08308225125074387,0.07125259190797806,0.27933913469314575,0.013169770129024982,0.9981054067611694,-0.0438145287334919,0.0475650317966938,0.04394177347421646,-0.019643228501081467,-0.044565875083208084,0.3006281852722168,-0.03087545558810234,0.1260862797498703,-0.0641787201166153,-0.021263999864459038,-0.00897762831300497,0.15551908314228058,-0.5922016501426697,-0.1283446103334427,-0.18275800347328186,0.09772951900959015,0.03624808415770531,0.07927892357110977,-0.32356664538383484,-0.6686528921127319,0.09206213802099228,-0.1265397071838379,0.11798608303070068,-0.1299924999475479,0.1354704648256302,0.13618746399879456,-0.501930832862854,0.07911808788776398,-0.33087819814682007,-0.33451399207115173,-0.16814391314983368,-0.01026234496384859,-0.31923025846481323,-0.0031693398486822844,0.17345775663852692,0.20723998546600342,-0.09313606470823288,0.22070758044719696,-0.4857481122016907,-0.07024197280406952,0.09462341666221619
CID000072054,712,0.10813341289758682,0.057192761451005936,-0.4106557369232178,-0.22108063101768494,0.35977739095687866,0.06312641501426697,-0.04626256972551346,-0.7103764414787292,-0.07033698260784149,0.03828207403421402,0.5436268448829651,0.09003135561943054,-0.11291632801294327,-0.169274240732193,-0.04617811366915703,0.22927579283714294,0.8281653523445129,-0.029636461287736893,-0.3303065896034241,0.06287993490695953,-0.17498251795768738,-0.06893156468868256,0.5711817741394043,0.10835836827754974,-0.5595220327377319,-0.488999605178833,-0.31915876269340515,-0.2309766262769699,0.32349956035614014,-0.18354234099388123,0.8568235635757446,-0.12148113548755646,0.12039731442928314,0.044341206550598145,-0.5673560500144958,0.10134482383728027,0.6688502430915833,-0.2649781107902527,-0.036567963659763336,-0.0011152193183079362,-0.5302574038505554,0.6972943544387817,-0.4323083758354187,0.09889716655015945,0.058895766735076904,0.21767672896385193,0.8775134086608887,-0.2871856391429901,-0.7200266122817993,0.10955125093460083,-0.4874879717826843,0.21567299962043762,0.37553220987319946,-0.16290183365345,0.018390899524092674,-0.4742693305015564,0.0461043044924736,0.6303116083145142,-0.20524582266807556,0.05423802137374878,-0.3183526396751404,-0.06527500599622726,0.20326335728168488,0.8530375361442566,0.1551683247089386,0.08880285918712616,-0.05741988494992256,-0.09740916639566422,-0.13527517020702362,0.007854392752051353,-0.8616636991500854,0.16059045493602753,-0.6156488656997681,0.38518351316452026,0.15167076885700226,0.5334685444831848,0.7912139892578125,0.23018066585063934,0.5618536472320557,-0.1941554993391037,0.05608934909105301,-0.5196572542190552,0.2376336306333542,-0.12870275974273682,0.09858174622058868,0.42202630639076233,-0.7303511500358582,-0.007065513636916876,-0.2821410298347473,0.15401974320411682,-0.13864962756633759,-0.08653077483177185,0.06415318697690964,-0.08898697793483734,0.23097757995128632,-0.15846368670463562,-0.28976452350616455,0.3109276294708252,0.011801470071077347,-0.5343540906906128,0.0670645609498024,0.017116744071245193,0.036889947950839996,-0.0818299800157547,0.305478572845459,-0.4218767285346985,0.4770691990852356,-0.04755949229001999,-0.08680003881454468,0.0867462158203125,-0.0287331435829401,0.07068520039319992,0.6399227380752563,-0.5327407717704773,0.3045724630355835,-0.0516587570309639,-0.3067846894264221,-0.0615679994225502,-0.23509132862091064,0.14741379022598267,-0.059657543897628784,-0.19122609496116638,-0.06380942463874817,0.3324642777442932,0.023458216339349747,0.18095752596855164,0.23684868216514587,-0.1250353455543518,-0.2251843959093094,0.002382940147072077,-0.8144577741622925,-0.0028923451900482178,0.44668206572532654,0.24065443873405457,0.006507545709609985,0.7904565334320068,0.1198749914765358,-0.25027650594711304,0.43962734937667847,-0.04951494187116623,-0.12725692987442017,-0.24709996581077576,0.2760550379753113,0.15639467537403107,0.11222092807292938,-0.2049168348312378,-0.37951478362083435,0.20280161499977112,0.08496098965406418,-0.16310366988182068,0.5343220829963684,-0.01669420301914215,-0.6381628513336182,-1.068974494934082,0.5295592546463013,-0.35518646240234375,0.03191112354397774,0.011584902182221413,-0.5607513189315796,-0.11482026427984238,-0.11311931908130646,-0.09349045902490616,-0.6828073263168335,0.014004135504364967,-0.5550321340560913,-0.11385943740606308,0.01591639593243599,-0.17449025809764862,0.3501014709472656,-0.5156901478767395,-0.21293635666370392,-0.074211984872818,-0.07851855456829071,-0.26718369126319885,-0.6269809603691101,-0.33155688643455505,0.4642701745033264,0.1031821146607399,0.5435354113578796,0.002674802439287305,0.5130318403244019,-0.041960932314395905,0.035469286143779755,0.2771358788013458,0.15067699551582336,-0.557350754737854,-0.10850880295038223,-0.28463974595069885,-0.016872569918632507,0.08652307093143463,-0.5281159281730652,0.777417778968811,-0.22330519556999207,-0.3205506205558777,-0.1935952603816986,-0.09489647299051285,-0.22295410931110382,0.10071567445993423,0.2355867177248001,-0.05520907789468765,0.5905240178108215,0.35611364245414734,0.012456333264708519,-0.15924182534217834,-0.22878089547157288,-0.10699687898159027,-0.14987096190452576,-0.44894322752952576,0.19354596734046936,0.2193269282579422,-0.09242062270641327,0.10645842552185059,-0.25200942158699036,-0.2371799647808075,0.5112247467041016,0.08898770809173584,-0.1800999641418457,-0.1308026760816574,-0.058615732938051224,0.11507938802242279,0.15436889231204987,-0.05309854820370674,0.3789442479610443,-0.0821310505270958,-0.14219510555267334,0.28825509548187256,0.17182676494121552,-0.9423149824142456,-0.21847061812877655,0.17633159458637238,0.10055731236934662,0.31689897179603577,0.187753364443779,-0.5258556008338928,-0.7791568040847778,0.29764270782470703,-0.020615864545106888,-0.014720745384693146,-0.11279137432575226,-0.07505007833242416,0.14928081631660461,-0.4408450126647949,-0.19539223611354828,-0.06295065581798553,-0.022888511419296265,-0.32662829756736755,0.2178746461868286,-0.1540045142173767,0.15625791251659393,0.2993848919868469,-0.29419562220573425,0.19659070670604706,-0.1909405142068863,-0.036295149475336075,0.172703355550766,-0.009740849956870079
CID000005215,713,0.03364172577857971,-0.2526029944419861,-0.5293832421302795,0.17572301626205444,0.38742542266845703,-0.13032443821430206,-0.10831165313720703,-0.5211514234542847,-0.2698346972465515,-0.09007896482944489,0.25728580355644226,0.06565867364406586,-0.10254709422588348,-0.016597826033830643,0.07195945084095001,0.18233279883861542,0.2885169982910156,0.1080220565199852,-0.12419673055410385,0.30733722448349,-0.10508392751216888,0.06922970712184906,0.39999836683273315,-0.023788491263985634,-0.3835245966911316,-0.7475425004959106,-0.6437643766403198,0.20588497817516327,-0.07021832466125488,0.021200424060225487,0.5475579500198364,0.20949020981788635,-0.061470258980989456,0.5268815755844116,-0.05934320017695427,0.1308479756116867,1.171638011932373,-0.0797741487622261,0.056852661073207855,0.1366729587316513,0.1277530938386917,0.4187588095664978,-0.3776211142539978,-0.01035371981561184,-0.08748888969421387,0.06734906136989594,0.563814640045166,-0.2432006299495697,-0.4248318672180176,-0.06192119047045708,-0.5002416372299194,0.1523643285036087,0.318500280380249,-0.2499607503414154,0.3455348610877991,-0.1949627846479416,-0.3322662115097046,0.47081881761550903,0.12910693883895874,-0.0778786689043045,-0.06931556761264801,-0.1914684772491455,-0.0870354101061821,0.5772773027420044,0.05213094875216484,0.2186242640018463,-0.19899949431419373,-0.15727874636650085,0.01474868692457676,0.048187293112277985,-0.6137997508049011,0.13551539182662964,-0.6893483400344849,0.48663419485092163,-0.0028029107488691807,0.28858819603919983,0.5556297898292542,0.114144466817379,0.5480897426605225,0.0469447560608387,0.00013717301771976054,-0.13423815369606018,0.11485477536916733,-0.03386978805065155,0.05678312107920647,0.3299080729484558,-0.1324794590473175,-0.08249427378177643,-0.11050093173980713,0.18062753975391388,-0.2688533663749695,-0.10772726684808731,-0.09207700937986374,0.0003562331257853657,0.1219380721449852,-0.047815460711717606,-0.022729530930519104,0.22671811282634735,0.005410680081695318,-0.7328659296035767,-0.10827337205410004,-0.18335814774036407,0.16285701096057892,0.011101925745606422,0.2190626561641693,-0.019563132897019386,0.9597936868667603,-0.20548538863658905,0.3610512316226959,-0.012041399255394936,-0.08150579035282135,0.08422209322452545,0.19204315543174744,-0.20418424904346466,0.18609410524368286,-0.4551931321620941,-0.4550887644290924,0.024867497384548187,-0.09959179908037186,0.218525692820549,-0.32933884859085083,-0.3009187579154968,0.20591242611408234,0.07360529154539108,-0.0573013611137867,0.011086014099419117,0.20844757556915283,0.018143566325306892,-0.29431673884391785,0.245273157954216,-0.662724494934082,-0.4132644534111023,0.3440920412540436,0.1311982274055481,0.022342756390571594,0.7129321694374084,0.22167065739631653,-0.10082466900348663,0.19414854049682617,-0.1452779471874237,-0.08689272403717041,-0.2818889319896698,0.02591046690940857,0.027216359972953796,0.016347840428352356,0.055424951016902924,-0.1846524477005005,-0.03860945627093315,-0.07789178937673569,-0.08752137422561646,0.24807468056678772,-0.19659754633903503,-0.5712629556655884,-0.5367778539657593,0.4059935510158539,-0.10979144275188446,0.3890887200832367,0.14935198426246643,-0.32461410760879517,-0.17796383798122406,-0.032946258783340454,0.24733467400074005,-0.9883608818054199,0.10713128745555878,-0.34137627482414246,0.04162510484457016,-0.013440248556435108,-0.243570014834404,0.770383358001709,-0.42006081342697144,-0.22153976559638977,-0.07856804132461548,0.06771066039800644,-0.13390323519706726,-0.5073999762535095,-0.1534278243780136,0.35625195503234863,0.04303976893424988,0.49702367186546326,-0.04685124009847641,0.4891068935394287,-0.1646946370601654,-0.25039687752723694,0.45239371061325073,-0.002654280513525009,-0.4334288239479065,-0.11878667026758194,-0.20404084026813507,-0.32435518503189087,-0.13465538620948792,-0.3885614275932312,1.0415422916412354,-0.10097484290599823,-0.38832759857177734,0.13916966319084167,-0.03083522617816925,0.021194985136389732,0.1895425021648407,0.39109259843826294,-0.0932387262582779,0.17228229343891144,0.4096953272819519,-0.1823076754808426,0.17763642966747284,-0.321160227060318,-0.22226309776306152,-0.1324080526828766,0.08135727792978287,-0.17584259808063507,-0.16469676792621613,-0.08771024644374847,-0.04390823841094971,-0.15253779292106628,-0.2849394381046295,0.7026371359825134,0.017322776839137077,-0.07591366767883301,-0.29574939608573914,0.0038501559756696224,0.08065371215343475,0.13399246335029602,0.02147984504699707,0.18608243763446808,-0.0709991380572319,0.1817997395992279,0.05821911618113518,0.08628945052623749,-0.6330608129501343,-0.20300257205963135,-0.06543409824371338,-0.20696644484996796,0.1361774355173111,0.025638023391366005,-0.10599316656589508,-0.4522358775138855,0.04438652843236923,0.1456582099199295,-0.19890475273132324,0.006977344863116741,-0.05745537951588631,0.736947238445282,-0.2882190942764282,0.10519649088382721,-0.2867200970649719,-0.10115120559930801,-0.30022960901260376,0.12692001461982727,0.19876785576343536,-0.15490563213825226,0.2345389425754547,0.2985590994358063,0.10032568126916885,0.2519187331199646,-0.16643202304840088,0.21703116595745087,0.10219712555408478
CID000077993,715,0.009929437190294266,-0.18913592398166656,-0.4289148449897766,0.3560677468776703,0.6340900659561157,-0.07758794724941254,0.10034255683422089,-0.5113474726676941,-0.030261829495429993,-0.5132237076759338,0.5551018118858337,0.12649962306022644,-0.1518285870552063,0.12114711105823517,-0.2966199517250061,0.331786572933197,0.259036123752594,0.16584494709968567,-0.6139305830001831,0.08528784662485123,0.4988311231136322,8.604452159488574e-05,0.3117055594921112,0.1899397075176239,-0.4610883295536041,-0.9593824148178101,-0.2892414331436157,-0.31204622983932495,0.5934725999832153,-0.34918293356895447,1.7388136386871338,0.03570554777979851,0.05185670778155327,0.6790564656257629,-1.1193426847457886,0.168594628572464,0.32102662324905396,0.24731293320655823,0.2861538827419281,0.015672903507947922,-1.1881705522537231,0.46125611662864685,-0.028289109468460083,0.15510568022727966,0.18799476325511932,-0.055157531052827835,0.5836278200149536,-0.045758187770843506,-1.123569130897522,-0.0959155485033989,-0.8693424463272095,-0.1393977701663971,0.6817957162857056,-0.2896474301815033,0.24302048981189728,-0.21468722820281982,-0.1393030881881714,0.5848528742790222,-0.0663089007139206,-0.03272080421447754,0.037103909999132156,-0.3460303246974945,0.1668035089969635,1.436781883239746,0.18174244463443756,0.8682328462600708,-0.2177368700504303,-0.06060418486595154,-0.26395383477211,0.22796425223350525,-1.3234944343566895,-0.030729949474334717,-1.1343672275543213,-0.14984819293022156,-0.06018923968076706,0.23126113414764404,0.4165809154510498,-0.07641780376434326,0.8741968870162964,0.07777263224124908,-0.16343379020690918,-0.4056157171726227,-0.05347181484103203,-0.04916297271847725,0.05089560151100159,0.11629493534564972,-0.7869213223457336,-0.37228816747665405,-0.3688877522945404,-0.10666278749704361,-0.22154125571250916,-0.019097542390227318,-0.6157233715057373,0.09654335677623749,0.12322881072759628,-0.24908912181854248,-0.1229475885629654,0.2679098844528198,-0.021469201892614365,-0.5370539426803589,-0.2996855676174164,-0.07225121557712555,0.27232876420021057,-0.10236702114343643,0.3173472583293915,-0.18182548880577087,1.0004099607467651,0.08912459760904312,0.07089751213788986,0.0072733014822006226,0.3545159697532654,0.36219924688339233,1.4878742694854736,-0.7892931699752808,0.01246862392872572,-0.13304869830608368,0.25584226846694946,0.6480590105056763,-0.10357555001974106,0.6052793860435486,-0.22820916771888733,-0.5799915194511414,-0.27745527029037476,-0.12154557555913925,0.018533701077103615,0.2797682285308838,0.36551395058631897,-0.050238750874996185,-0.2742154598236084,0.21225221455097198,-1.2072875499725342,-0.13170486688613892,0.5523850917816162,0.05797252804040909,-0.17940564453601837,1.0856428146362305,-0.09999412298202515,0.041325222700834274,0.44499605894088745,-0.00982888974249363,-0.05147256702184677,0.041176147758960724,-0.12304158508777618,0.2630853056907654,-0.042907025665044785,0.061765771359205246,-0.7240387201309204,0.2479178011417389,-0.6312208771705627,-0.2947623133659363,1.0716512203216553,0.1381964534521103,-1.189092993736267,-1.1470741033554077,0.8387218713760376,-0.3636835515499115,-0.32314521074295044,0.5866358876228333,-0.1318853795528412,-0.2058965265750885,-0.0906585305929184,0.32223790884017944,-0.33082953095436096,0.34970465302467346,-0.5849778056144714,0.17778095602989197,-0.20727023482322693,-0.00044624804286286235,0.1252998411655426,-0.42149996757507324,-0.37780138850212097,-0.06101766973733902,-0.1910206824541092,-0.06468655169010162,-0.6446439623832703,-0.07275677472352982,0.08873181790113449,0.11222167313098907,0.6498465538024902,0.5725698471069336,0.09867804497480392,-0.007867964915931225,-0.25918978452682495,0.43782100081443787,-0.1113031655550003,-0.7054009437561035,-0.23880478739738464,-0.30785539746284485,-0.24633164703845978,-0.15171799063682556,-0.2580726742744446,0.7883656620979309,-0.02364908531308174,-0.24316927790641785,0.10311947762966156,-0.03526747599244118,0.1806803196668625,-0.17183056473731995,0.10013475269079208,0.10663173347711563,0.25652557611465454,-0.3055415153503418,-0.06919314712285995,0.5406621694564819,-0.3609400987625122,0.25460946559906006,-0.3919432759284973,-0.1685720533132553,0.30794757604599,-0.06180636212229729,-0.17483022809028625,-0.011107451282441616,-0.036428701132535934,-0.030546924099326134,0.5138791799545288,0.3059236407279968,-0.18226587772369385,0.03317119926214218,0.17144837975502014,-0.07005336135625839,0.05682263895869255,0.1914031207561493,0.2672289311885834,-0.2787805199623108,-0.16340382397174835,0.15157243609428406,-0.06093716621398926,-1.4782586097717285,-0.3614250421524048,-0.03427533060312271,-0.036252766847610474,0.21157081425189972,0.03866136074066162,-0.06274054944515228,-0.9422605633735657,0.4369747042655945,0.1849527806043625,-0.1393679678440094,-0.06085333973169327,-0.528290331363678,0.023952383548021317,-0.42585229873657227,0.08897995948791504,-0.04488068073987961,-0.6429206132888794,-0.15641483664512634,-0.04158009961247444,0.3967711627483368,-0.0006421178695745766,0.6964769959449768,-0.18091411888599396,-0.06314738094806671,-0.22891339659690857,-0.14035099744796753,0.5449782013893127,0.04189242050051689
CID000000596,716,0.045205868780612946,0.02160121500492096,-0.651776134967804,0.049921914935112,0.2510565221309662,-0.017578188329935074,-0.017859438434243202,-0.5363384485244751,0.4542197287082672,0.004005059599876404,0.25609487295150757,0.08280394226312637,-0.05502423644065857,-0.18889205157756805,-0.11994564533233643,0.19796285033226013,0.18333706259727478,0.30831989645957947,-0.16170759499073029,-0.05682391673326492,-0.6867143511772156,-0.12026111036539078,0.38362959027290344,0.3132616877555847,-1.4290225505828857,-0.9714841842651367,-1.0257408618927002,0.2898940145969391,-0.23471641540527344,-0.23434516787528992,1.0684561729431152,-0.2515423893928528,0.16293743252754211,0.30648475885391235,-0.8426821827888489,0.20818603038787842,1.2740991115570068,-0.1662372350692749,0.022788459435105324,-0.015785764902830124,0.10001460462808609,0.7528873085975647,-0.6880418062210083,0.19162753224372864,-0.05502983182668686,-0.04789382591843605,0.5542752146720886,-0.09489323198795319,-0.49110516905784607,0.04228973388671875,-0.859489917755127,0.11350104957818985,0.3099997043609619,-0.3755806088447571,0.43138355016708374,-0.1535857915878296,-0.0709838718175888,0.9324430227279663,0.48626866936683655,0.22036314010620117,0.2983246445655823,-0.16888946294784546,0.3855730891227722,0.5768560767173767,0.3922211527824402,0.28578272461891174,0.10181398689746857,0.010831596329808235,-0.02551351860165596,0.22702208161354065,-0.2785307765007019,-6.536056753247976e-05,-0.5276492834091187,0.41072043776512146,-0.013391934335231781,0.3477379083633423,0.5038954019546509,0.3749183118343353,0.5505982637405396,-0.20805104076862335,-0.05916231870651245,-0.8729437589645386,0.3022380471229553,-0.11620926856994629,-0.35207292437553406,0.24411985278129578,-0.47505348920822144,-0.158974289894104,0.0058367312885820866,0.23828044533729553,-0.18888044357299805,-0.4341413080692291,-0.059198807924985886,-0.19236387312412262,0.2131125032901764,0.08749993145465851,-0.15446975827217102,0.14203068614006042,-0.1215841993689537,-1.7957117557525635,-0.31329652667045593,0.17884573340415955,0.1012834906578064,-0.19166593253612518,0.32124751806259155,-0.39853233098983765,1.0172755718231201,-0.3898347020149231,-0.061414629220962524,-0.13724468648433685,-0.18512938916683197,0.20968866348266602,0.11392500251531601,-0.8035442233085632,-0.06306467205286026,-0.3562639653682709,-0.6245684623718262,0.06969457864761353,0.03212425857782364,-0.08269847184419632,-0.41155409812927246,-0.40330585837364197,-0.037525203078985214,0.29881149530410767,0.038248538970947266,-0.21458260715007782,0.24645622074604034,0.22756393253803253,-0.05161058157682419,0.17978665232658386,-1.1333153247833252,0.015145371668040752,0.1209125742316246,0.24027085304260254,-0.001011234475299716,1.2413222789764404,0.11392036825418472,-0.21453192830085754,0.20399971306324005,0.13982632756233215,-0.03878432512283325,-0.13831976056098938,-0.2913947105407715,0.22488930821418762,0.03222231566905975,-0.28126004338264465,-0.05916077643632889,0.13575515151023865,0.3466659486293793,-0.21857373416423798,0.573652982711792,0.055100250989198685,-0.4344790577888489,-1.060709834098816,0.5032386779785156,0.2450609654188156,0.36015674471855164,0.25129982829093933,-0.4389445185661316,0.2822505831718445,-0.2946683466434479,0.46752986311912537,-0.6613618731498718,0.2991176247596741,-0.5036543011665344,-0.2207842618227005,0.03638291358947754,-0.1484052836894989,1.3775498867034912,-0.3949734568595886,0.0669151097536087,-0.1271769106388092,-0.14498034119606018,-0.13100716471672058,-0.5572099089622498,0.03517739102244377,0.5522223711013794,0.06991036236286163,0.40951505303382874,0.383419394493103,0.6616213917732239,0.02047891914844513,-0.34639987349510193,1.3779703378677368,-0.20369693636894226,-0.8178815841674805,0.24898037314414978,0.06515956670045853,-0.1647348254919052,-0.2529883086681366,-0.11507300287485123,1.6121034622192383,-0.40706977248191833,-0.2805929183959961,-0.15122660994529724,0.03258482366800308,-0.023626452311873436,-0.07024721056222916,2.035029888153076,-0.10810668766498566,0.5139865279197693,0.3734467625617981,-0.1996004283428192,0.5819188356399536,-0.6357914209365845,-0.32881706953048706,-0.3463783860206604,-0.15908928215503693,-0.022457759827375412,0.4422505795955658,-0.15516245365142822,-0.12175736576318741,-0.33288997411727905,-0.12398703396320343,0.8875528573989868,0.12058667838573456,0.0854516476392746,-0.20910148322582245,-0.21235737204551697,0.4886764883995056,-0.12200199067592621,-0.08182165771722794,0.43567776679992676,-0.29118070006370544,-0.15114697813987732,0.25680649280548096,-0.19030459225177765,-0.5856304168701172,-0.015534217469394207,-0.06130325794219971,0.05043938010931015,0.187705859541893,0.05858982354402542,-0.11971895396709442,-0.6897662878036499,0.13899382948875427,0.07963104546070099,0.11833642423152924,0.13314902782440186,-0.1824297159910202,1.6061992645263672,-0.20762546360492706,0.23842385411262512,-0.2598954737186432,0.011848151683807373,-0.2471735030412674,0.028713058680295944,-0.015881706029176712,-0.2825021743774414,0.45906734466552734,0.2378169745206833,0.13489457964897156,0.10233025252819061,0.1786620318889618,0.28411030769348145,-0.13633376359939575
CID000003279,721,0.24477243423461914,-0.2225983887910843,-0.8522096872329712,0.1082095131278038,0.4787527620792389,0.05703442171216011,-0.18671071529388428,-1.3536194562911987,-0.26546066999435425,-0.1660793274641037,0.21338000893592834,0.33779090642929077,-0.19096827507019043,-0.17653939127922058,0.22412197291851044,-0.17796386778354645,0.42689815163612366,0.028077339753508568,-0.25798627734184265,-0.14470486342906952,0.02909550629556179,0.09196951985359192,0.43230709433555603,0.051268111914396286,-1.0441205501556396,-0.7180895805358887,-0.4626425802707672,0.08744869381189346,-0.1853325068950653,-0.4226170480251312,0.7392901182174683,0.09203896671533585,-0.13432519137859344,0.4813464283943176,-0.25243452191352844,0.24083861708641052,1.4557796716690063,-0.22642025351524353,0.05628122016787529,-0.029304299503564835,-0.3616277873516083,0.6336283683776855,-0.2039676010608673,-0.10697834193706512,0.007194167468696833,-0.12136520445346832,0.6564565896987915,-0.39689213037490845,-0.3152539134025574,0.10645309835672379,-0.6101112365722656,0.42423444986343384,0.318852961063385,0.04895790293812752,0.3041561245918274,-0.18299150466918945,-0.15384778380393982,0.7638238072395325,0.14797437191009521,0.03840883821249008,-0.37612906098365784,-0.1696350872516632,-0.1595170944929123,0.9479256868362427,-0.10606765747070312,0.3280390799045563,-0.12426390498876572,-0.3218355178833008,-0.20455186069011688,0.020911645144224167,-0.5773993134498596,0.3003014624118805,-0.5990768074989319,0.3119136691093445,0.06643782556056976,0.21566322445869446,0.7751069068908691,0.1276785135269165,0.771324634552002,0.19758747518062592,-0.12754349410533905,-0.6574820876121521,0.09783332049846649,-0.06249687075614929,-0.2520431876182556,0.37425169348716736,-0.27121660113334656,-0.4928480088710785,0.19758455455303192,0.10296334326267242,-0.20013956725597382,-0.23672804236412048,-0.15599894523620605,-0.060407090932130814,-0.04207650572061539,-0.13717405498027802,0.01519553642719984,0.23697082698345184,0.02925722673535347,-1.02773916721344,-0.13308492302894592,-0.1941591203212738,0.27063074707984924,-0.0986163467168808,0.16021475195884705,-0.169141948223114,1.0063154697418213,-0.3429103493690491,0.2487451583147049,-0.17376728355884552,-0.021387988701462746,-0.0961412563920021,0.29940733313560486,-0.29001539945602417,0.12426487356424332,-0.13496825098991394,-0.5552201867103577,-0.09966147691011429,-0.1783694475889206,0.04698934406042099,-0.49629682302474976,-0.3134028911590576,0.09119274467229843,0.060853708535432816,-0.29419296979904175,-0.1238240972161293,0.4379197657108307,-0.1564129889011383,-0.11418044567108154,0.31381651759147644,-0.7274366021156311,-0.1825728416442871,0.37807583808898926,0.1697196066379547,0.007200118154287338,0.591474175453186,0.4029829502105713,0.01460927166044712,0.26805579662323,-0.28127554059028625,-0.11057627201080322,-0.29300519824028015,0.29202407598495483,0.13696078956127167,-0.03632179647684097,0.15596814453601837,-0.18990042805671692,0.28964313864707947,-0.1694738268852234,-0.10564947128295898,0.40059366822242737,-0.21074655652046204,-0.35448265075683594,-0.8826555013656616,0.8902870416641235,-0.11150167882442474,0.1290293037891388,0.32373103499412537,-0.6527432203292847,-0.0880218893289566,-0.01997389830648899,0.28901436924934387,-1.312074065208435,0.27661624550819397,-0.2916699945926666,-0.3340822458267212,0.031833574175834656,-0.012923280708491802,0.48986634612083435,-0.4689123034477234,-0.2561079263687134,0.09483937174081802,-0.05875512957572937,0.03679869323968887,-0.7032330632209778,-0.2609480023384094,1.1015037298202515,0.02267705276608467,0.38635414838790894,-0.1527755856513977,0.32623106241226196,-0.283438503742218,-0.2096172273159027,1.0737091302871704,0.17157931625843048,-0.697626531124115,0.00574067234992981,-0.009266102686524391,-0.4837478995323181,-0.08337445557117462,-0.3722378611564636,1.0133593082427979,0.1779685616493225,-0.3557116389274597,0.1074308305978775,-0.2725145220756531,0.08603914827108383,0.149055615067482,0.7071022987365723,-0.13425840437412262,0.8297551870346069,0.05751172825694084,-0.14441494643688202,0.21602506935596466,-0.2728983163833618,-0.0025690316688269377,0.0034930631518363953,0.10976304113864899,-0.10610457509756088,0.031107615679502487,-0.16551873087882996,-0.001689833588898182,-0.4341215193271637,-0.31678420305252075,0.8151882290840149,0.3545196056365967,0.1722213327884674,-0.3137994408607483,-0.06813687831163406,0.011402701959013939,-0.007898357696831226,0.04931492358446121,-0.024932052940130234,0.18853940069675446,-0.023954415693879128,0.09954272210597992,0.1010308712720871,-0.8675192594528198,-0.21877315640449524,-0.22052808105945587,-0.13360604643821716,0.1384023129940033,0.03789893537759781,-0.13734233379364014,-0.6965490579605103,0.003218781901523471,-0.045458339154720306,0.030216727405786514,0.2110842764377594,0.04151177406311035,1.1360023021697998,-0.30913370847702026,0.21892502903938293,-0.21904292702674866,-0.1648288518190384,-0.4472241997718811,0.1580597162246704,0.03405892848968506,-0.5119282603263855,0.16994455456733704,0.31592100858688354,-0.006419158075004816,0.25538820028305054,-0.03430647403001785,0.2586694061756134,0.21782977879047394
CID000002726,724,-0.10340175777673721,-0.18710015714168549,-0.3186889588832855,0.23848092555999756,0.3239936828613281,-0.25634127855300903,-0.1969645917415619,-0.24625471234321594,-0.21006734669208527,0.18958428502082825,0.07114976644515991,0.06566166877746582,0.06849952042102814,-0.08414458483457565,-0.07239530235528946,0.16683486104011536,0.07616812735795975,0.04268958419561386,-0.3043438792228699,0.3557233214378357,-0.09775049239397049,0.10394614934921265,0.7723853588104248,0.006525099277496338,-0.2671513259410858,-0.4564782679080963,-0.005635738372802734,-0.11787568032741547,0.20608201622962952,-0.08064676821231842,0.5627409219741821,0.09790141135454178,-0.11592378467321396,0.40450969338417053,-0.43638381361961365,0.019661039113998413,0.4830944538116455,-0.14360500872135162,0.03748185187578201,0.17039035260677338,-0.3952041268348694,0.15837715566158295,-0.2657768130302429,-0.016404345631599426,0.06777982413768768,0.061666231602430344,0.5303941965103149,-0.11476894468069077,-0.4402758479118347,0.05528903007507324,-0.30803924798965454,0.014856082387268543,0.5749757289886475,-0.20924726128578186,0.13779957592487335,-0.34267646074295044,-0.09626179933547974,0.6325253248214722,0.17742674052715302,-0.17093594372272491,0.07130628079175949,-0.08324208110570908,0.07035259902477264,0.7746353149414062,0.04476490244269371,0.6601299047470093,-0.23404935002326965,-0.006820008158683777,0.008771191351115704,0.10856886208057404,-0.6422388553619385,0.13134373724460602,-0.72942054271698,0.5361858606338501,0.08239932358264923,0.45704689621925354,0.2617873549461365,0.15621690452098846,0.41973575949668884,-0.013823205605149269,-0.03800734132528305,-0.2052447348833084,0.06037097051739693,-0.17642691731452942,0.02554367482662201,0.2753331959247589,-0.707434356212616,-0.09623201191425323,-0.11560054868459702,0.054834384471178055,-0.04220246523618698,-0.04876765236258507,-0.4620639383792877,-0.06407333165407181,0.2836560904979706,0.04564657434821129,-0.1535511463880539,0.12006406486034393,-0.16115975379943848,-0.3989093601703644,-0.037549518048763275,-0.20888347923755646,0.0954771414399147,-0.09129543602466583,0.2837124764919281,-0.17340236902236938,0.5872800946235657,0.08157118409872055,0.315196692943573,-0.18388859927654266,0.0651353970170021,0.013113981112837791,0.15117554366588593,-0.08740778267383575,0.08467817306518555,-0.24930819869041443,-0.22159957885742188,-0.009749799966812134,-0.00693126767873764,0.19624659419059753,-0.11157721281051636,-0.34672731161117554,0.08294300734996796,0.11107511818408966,0.05669284984469414,-0.030702894553542137,0.19279325008392334,0.05312345549464226,-0.21183523535728455,0.29270440340042114,-0.6710472106933594,-0.36229047179222107,0.23363061249256134,0.17656822502613068,0.04468664526939392,0.8274612426757812,0.18517573177814484,-0.34393247961997986,0.05371159315109253,0.0044576688669621944,-0.07974661141633987,-0.26256680488586426,0.11462666094303131,0.16158336400985718,0.2653551399707794,0.023370325565338135,-0.3485477864742279,-0.1540234088897705,0.011560936458408833,-0.024181995540857315,0.4504970610141754,-0.11297409236431122,-0.805465042591095,-0.9055233001708984,0.8009506464004517,-0.19534888863563538,0.028246605768799782,0.014312619343400002,-0.3297561705112457,-0.2027500420808792,0.0021120011806488037,-0.11649437248706818,-0.6567702293395996,-0.049211449921131134,-0.4841066002845764,-0.12030699104070663,0.04739084094762802,-0.26507502794265747,0.34087496995925903,-0.6508961319923401,-0.3902439773082733,-0.13344965875148773,-0.10118778795003891,-0.19443802535533905,-0.5692283511161804,-0.06349422037601471,0.3595627248287201,0.13864639401435852,0.7038547396659851,0.07984504848718643,0.4502421021461487,0.0030387372244149446,0.02793378010392189,0.2716637849807739,-0.18537287414073944,-0.2677302956581116,0.039444126188755035,-0.33100664615631104,-0.1281437873840332,-0.12443556636571884,-0.1548416167497635,0.5686291456222534,-0.07685545086860657,-0.4629165530204773,0.12307833135128021,-0.042874403297901154,-0.019394492730498314,0.13568992912769318,0.22323110699653625,-0.20221471786499023,0.011613627895712852,0.22593700885772705,0.0010987936984747648,-0.05127810314297676,-0.4735669195652008,-0.38378411531448364,-0.2989158034324646,-0.03764565661549568,0.0923987478017807,-0.0465414896607399,0.06250734627246857,-0.09757450968027115,-0.15399900078773499,-0.3196808695793152,0.3613295555114746,0.17294040322303772,-0.09317629039287567,-0.03058716282248497,-0.09910746663808823,0.11800901591777802,0.14433762431144714,0.11465947329998016,0.32315972447395325,-0.08699921518564224,0.010915952734649181,0.039787448942661285,-0.09923466295003891,-0.8760924339294434,-0.20633947849273682,0.006485183723270893,-0.17140981554985046,0.13127616047859192,0.11107834428548813,-0.323990136384964,-0.4710356295108795,0.1239166259765625,0.2660829424858093,-0.009853698313236237,0.014657961204648018,0.060175586491823196,0.511734127998352,-0.592663049697876,0.0654856339097023,-0.17418766021728516,-0.15248143672943115,-0.4102025628089905,0.14464083313941956,0.0827741026878357,-0.09077180922031403,0.3003130555152893,0.1654231995344162,0.15941457450389862,-0.005501794628798962,0.06336189806461334,0.09924903512001038,-0.09415863454341888
CID000160051,729,-0.10324287414550781,-0.5506272912025452,-1.312130093574524,-0.18836522102355957,0.4925570487976074,-0.09867380559444427,-0.04591170698404312,-1.0908706188201904,-0.21677462756633759,0.3531400263309479,0.26718059182167053,-0.046242933720350266,0.14431947469711304,-0.5897576212882996,-0.08540432155132294,-0.13816162943840027,0.6527705192565918,-0.2545245289802551,-0.6265599727630615,-0.8128735423088074,0.24424481391906738,0.26407894492149353,0.48831042647361755,-0.09442125260829926,-1.5852596759796143,-1.1519166231155396,-1.034242868423462,0.1728837788105011,-0.1761251837015152,-0.6174088716506958,1.376028060913086,-0.08761431276798248,0.22141554951667786,0.6044402122497559,-2.195674419403076,0.22542770206928253,1.8588272333145142,-0.5563987493515015,0.06744087487459183,-0.046382613480091095,-0.9030698537826538,0.7744195461273193,-0.6750670671463013,-0.7061343193054199,-0.1715639978647232,-0.3735172152519226,0.9813622236251831,-0.4694461226463318,-0.5982163548469543,0.22939853370189667,-0.7266797423362732,0.453012079000473,0.36978405714035034,0.000758951879106462,0.5493176579475403,0.12484578043222427,0.07753542810678482,1.6866121292114258,0.09153839200735092,0.6854691505432129,-0.39366036653518677,-0.48902368545532227,-0.18564529716968536,1.457633137702942,0.17805378139019012,0.3526521325111389,0.016125429421663284,0.13470277190208435,0.2930442988872528,-0.13169343769550323,-0.81103515625,0.3723725378513336,-1.4546964168548584,0.20236964523792267,0.5452393293380737,0.07841163873672485,1.0559557676315308,0.27008625864982605,1.2326650619506836,0.17934539914131165,-0.2874441146850586,-0.8584335446357727,0.23809003829956055,0.008520853705704212,-0.9560418128967285,0.17886237800121307,-1.4769456386566162,-0.6617075204849243,0.04936329275369644,0.32306331396102905,-0.21710693836212158,-0.325572669506073,-0.4356110990047455,-0.2975863814353943,0.01417473517358303,-0.8473221063613892,0.45448189973831177,0.36853379011154175,0.3451120853424072,-1.856092095375061,-0.07608957588672638,0.08092492818832397,0.41015416383743286,-0.35330498218536377,0.3039596974849701,-0.33342406153678894,1.8647222518920898,-0.3993695378303528,0.19646552205085754,-0.16183027625083923,0.07101338356733322,0.16896972060203552,0.6420532464981079,-0.6909488439559937,0.44902294874191284,-0.3301420211791992,-0.9098879098892212,0.1653345823287964,0.018341893330216408,0.5379980802536011,-0.28882983326911926,-0.36246684193611145,0.17240385711193085,0.1923547089099884,0.275566965341568,-0.3134362995624542,0.4744555354118347,-0.4456575810909271,0.07410403341054916,0.4152661859989166,-1.1165088415145874,0.5796715021133423,0.5080707669258118,0.1673630177974701,-0.0720338448882103,1.0941497087478638,0.4872209429740906,-0.10935952514410019,0.4568300247192383,0.07856260240077972,-0.06861184537410736,-0.7606412172317505,-0.026077186688780785,0.07186013460159302,-0.30831849575042725,0.252830445766449,-0.34062689542770386,1.2197521924972534,-0.5361127257347107,-0.3809235990047455,0.7343578338623047,-0.4938574731349945,-1.0506266355514526,-1.6942428350448608,1.1876778602600098,-0.09852201491594315,0.5251019597053528,0.8465383648872375,-1.114325761795044,0.0654042512178421,-0.24267792701721191,0.3953056335449219,-1.0545955896377563,0.26716768741607666,-0.46655750274658203,-0.5394315123558044,-0.24151428043842316,0.09191741049289703,0.8299403190612793,-0.5488106608390808,0.20096342265605927,-0.3362061381340027,0.030086368322372437,0.24104900658130646,-1.2626421451568604,-0.5148029923439026,1.306349754333496,0.04451722651720047,0.6810625791549683,0.09744028002023697,0.4982908368110657,-0.41841015219688416,-0.19310423731803894,1.9725306034088135,0.6476553082466125,-0.7232925295829773,-0.14159844815731049,0.24165043234825134,-1.0127416849136353,-0.5038031935691833,-0.8471637964248657,2.4575953483581543,0.013869878835976124,-0.4821411669254303,0.08857177942991257,-0.016026388853788376,-0.16176816821098328,0.19787956774234772,1.2067750692367554,-0.17087547481060028,1.0812482833862305,0.06594586372375488,0.14826858043670654,0.8609183430671692,-0.4362613558769226,0.2918175160884857,0.07551410049200058,-0.02504706382751465,-0.17472417652606964,0.2867675721645355,-0.1030396968126297,-0.04680309817194939,-0.9063946604728699,-0.01901494339108467,0.8088436126708984,0.5232192277908325,0.022039949893951416,-0.33148661255836487,-0.01034934539347887,0.565321683883667,-0.14931824803352356,-0.11474108695983887,0.009458782151341438,0.5676553845405579,0.6988007426261902,0.4171857237815857,0.5320403575897217,-1.3659776449203491,-0.12353093922138214,0.10918702930212021,-0.3862685561180115,0.7397230863571167,0.20943553745746613,-0.22744126617908478,-0.7765860557556152,-0.24078960716724396,-0.09234671294689178,-0.10298310220241547,0.010990237817168236,-0.15937943756580353,1.6066420078277588,-0.16362819075584412,-0.24324572086334229,-0.28382939100265503,-0.3358888030052185,-0.39020752906799316,-0.15151521563529968,0.5969996452331543,-0.47093963623046875,0.2569715678691864,0.2666439712047577,0.048017729073762894,-0.2120216190814972,0.5189443230628967,0.1132652759552002,0.2383946180343628
CID000003478,738,0.05097735673189163,-0.4578017294406891,-0.7221924066543579,-0.21937903761863708,0.42635011672973633,-0.32108747959136963,0.08728773891925812,-0.5184902548789978,-0.10443010181188583,0.24093937873840332,0.19761890172958374,-0.18132072687149048,0.010953935794532299,-0.07376347482204437,-0.07206486165523529,0.11320306360721588,0.14755798876285553,0.20957322418689728,-0.25631850957870483,-0.026471400633454323,-0.40317726135253906,0.29729461669921875,0.7105914354324341,0.020600542426109314,-0.5613166689872742,-0.8993470072746277,-0.29424065351486206,-0.18065914511680603,-0.21398977935314178,0.15282779932022095,0.5707865953445435,0.0485706627368927,0.021755175665020943,0.4532598555088043,-0.1547672599554062,0.1276947557926178,0.8070775270462036,-0.1978364884853363,0.13447697460651398,0.14471006393432617,-0.2921278476715088,0.4802890419960022,-0.5660169720649719,0.04963697865605354,-0.13150553405284882,-0.18543843924999237,0.46169179677963257,-0.34394651651382446,-0.5319883823394775,0.09024791419506073,-0.46635690331459045,0.5631169080734253,0.13816902041435242,-0.11504815518856049,0.34160327911376953,-0.5578940510749817,0.11725767701864243,0.8869291543960571,0.31519463658332825,-0.09162203967571259,0.1625037044286728,-0.29496100544929504,0.21513769030570984,1.2601923942565918,-0.09548241645097733,0.2715478539466858,-0.14343403279781342,0.1015547662973404,-0.003652924206107855,0.040602345019578934,-0.6003905534744263,0.07587162405252457,-0.43415793776512146,0.4251258373260498,0.07507124543190002,0.278350293636322,0.5410038828849792,0.3873913288116455,0.38533705472946167,0.06984541565179825,0.16753658652305603,-0.26637503504753113,0.1326291859149933,0.035413600504398346,-0.397143691778183,0.36128395795822144,-0.01042974554002285,-0.3266189694404602,-0.3174005150794983,0.02092151716351509,-0.17502473294734955,0.008451181463897228,-0.10040001571178436,-0.217891126871109,-0.07802648842334747,-0.09591387957334518,0.023044709116220474,0.19958803057670593,0.14115673303604126,-0.7791013717651367,-0.06785758584737778,-0.08167718350887299,0.045644231140613556,0.10229655355215073,0.31327396631240845,-0.1558261513710022,0.7189494371414185,-0.10264710336923599,0.0543234646320343,0.039509862661361694,-0.05979657173156738,0.3053673505783081,0.5678660273551941,-0.3594359755516052,-0.015503711998462677,-0.026096146553754807,-0.3593156933784485,0.12061867862939835,0.08463026583194733,-0.3580169677734375,0.12046083062887192,-0.06101223826408386,0.02608971670269966,-0.03145303577184677,-0.13742950558662415,0.11913783848285675,0.07390592992305756,0.1545189619064331,-0.3803512454032898,0.580746591091156,-0.6911588311195374,-0.01801353134214878,0.4393245279788971,0.22702085971832275,-0.0016901179915294051,0.8134913444519043,0.29978400468826294,-0.5020766258239746,0.28967857360839844,0.10769902169704437,-0.009639349766075611,-0.17995592951774597,-0.18032687902450562,-0.0682046115398407,0.27987685799598694,-0.24927303194999695,-0.3938218653202057,0.02008141577243805,0.19689109921455383,0.14311185479164124,0.43242383003234863,-0.11188409477472305,-0.806027889251709,-0.6660023927688599,0.7367604970932007,-0.3346838057041168,0.23464806377887726,-0.1355544626712799,-0.69648277759552,0.09228327125310898,-0.2251916229724884,0.1778123825788498,-1.267004370689392,-0.06589680910110474,-0.35955291986465454,-0.02613096497952938,-0.20150940120220184,-0.027068501338362694,0.5155587196350098,-0.5118905305862427,-0.06194157153367996,-0.10866590589284897,-0.12877461314201355,0.0711127519607544,-0.5632249116897583,-0.36917978525161743,0.573399543762207,0.26273736357688904,0.5785133242607117,-0.24384459853172302,0.7627748250961304,-0.18816910684108734,-0.3023088574409485,0.24408674240112305,0.10157988220453262,-0.3756769597530365,0.17365334928035736,-0.11182163655757904,-0.3975638449192047,-0.11997660249471664,-0.09863897413015366,0.7195888757705688,-0.007260911166667938,-0.5355907678604126,0.21965637803077698,0.020328566431999207,0.12478397786617279,0.2259107530117035,0.6461927890777588,0.06003997474908829,0.7361330389976501,0.2957912087440491,-0.04456472396850586,0.24432793259620667,-0.46015238761901855,-0.12875106930732727,-0.2642875611782074,0.029216576367616653,-0.22399096190929413,-0.2928149104118347,0.0684899240732193,-0.059375207871198654,-0.32648521661758423,-0.31088680028915405,0.9684621691703796,0.29086071252822876,-0.28906702995300293,-0.26174017786979675,0.09419476240873337,0.055773310363292694,0.21696706116199493,-0.20642416179180145,0.08260490000247955,-0.2856752276420593,0.29879385232925415,0.07494736462831497,-0.04401139169931412,-0.9301498532295227,-0.1121576577425003,-0.036848101764917374,-0.19886216521263123,0.00510686868801713,0.12363414466381073,-0.19830439984798431,-0.9868090748786926,0.11308141052722931,0.03206310793757439,0.07921882718801498,-0.17842674255371094,-0.23514556884765625,0.24420881271362305,-0.39331722259521484,0.01823519542813301,0.006676898337900639,-0.10671476274728775,-0.4554522633552551,-0.2445448338985443,-0.18419575691223145,-0.00760848680511117,-0.00896559376269579,0.017660224810242653,-0.07364442199468613,0.31701311469078064,-0.14062632620334625,0.08174455165863037,-0.11073434352874756
CID000002173,745,-0.2573569416999817,-0.440967321395874,-1.055629014968872,0.29971784353256226,-0.10826914012432098,-0.1805684119462967,-0.3241441249847412,-0.8342088460922241,-0.01695050671696663,-0.38560065627098083,0.39759355783462524,0.21707281470298767,0.2421989142894745,-0.45698419213294983,-0.13494303822517395,0.3394315242767334,1.3716663122177124,-0.025413181632757187,-0.23816636204719543,-0.2907443642616272,-0.4238186478614807,0.11247481405735016,0.9387310147285461,0.021336738020181656,-1.248020887374878,-1.331367015838623,-1.153212547302246,-0.08747461438179016,0.05641071870923042,0.24894273281097412,1.7838157415390015,0.4034070372581482,-0.1153661459684372,0.016815710812807083,-0.15344367921352386,0.306405633687973,0.8157060742378235,-0.18027843534946442,0.14828167855739594,-0.3126729726791382,-0.5806487798690796,1.7608667612075806,-0.5236352682113647,-0.19793051481246948,-0.08306486904621124,-0.08444391191005707,0.6836225390434265,-0.018368925899267197,-0.5999199151992798,0.1578662395477295,-0.17184099555015564,-0.34976837038993835,0.30974119901657104,-0.26810121536254883,0.48721083998680115,-1.0260956287384033,-0.005051889922469854,0.7230897545814514,-0.04876061528921127,-0.18047523498535156,0.22195610404014587,-0.14189644157886505,-0.1276787668466568,0.9531679153442383,0.080845907330513,0.5874870419502258,0.17880792915821075,-0.18413129448890686,-0.11082690954208374,0.029875081032514572,-0.8765437006950378,0.43306827545166016,-1.0697712898254395,0.07808379083871841,0.11431954056024551,0.5548619031906128,1.3190100193023682,0.25612568855285645,0.6404517889022827,0.3432404398918152,0.043955110013484955,-0.1942557543516159,-0.5396551489830017,-0.5071333050727844,-0.5296100378036499,0.004845998249948025,-0.2806910276412964,-0.4769933819770813,-0.12619243562221527,0.31011962890625,0.27145951986312866,-0.12043517827987671,-0.2567048966884613,-0.29344668984413147,0.24690333008766174,-0.16782154142856598,0.1200239285826683,0.43353867530822754,0.04755256325006485,-1.3700041770935059,-0.0751207247376442,0.04403982311487198,0.224960595369339,-0.2513607442378998,0.017567450180649757,-0.3001871705055237,1.1387141942977905,0.05187249183654785,0.12682177126407623,0.08230145275592804,-0.19783899188041687,0.05427272990345955,0.42441052198410034,-0.32587388157844543,-0.13625046610832214,-0.3127121925354004,-0.28946542739868164,0.23111000657081604,0.0772949606180191,0.42613667249679565,-0.07419406622648239,-0.2039492428302765,0.09512151777744293,0.06021453067660332,0.0587339885532856,0.2971211075782776,0.3435733914375305,0.2796255946159363,0.3098817467689514,0.21902449429035187,-0.8466418981552124,0.09994906932115555,0.2591565251350403,0.27203404903411865,0.21455803513526917,0.9611040949821472,-0.30192047357559204,0.2783460021018982,0.5010718703269958,-0.1331266462802887,-0.19939705729484558,-0.5803240537643433,-0.044811610132455826,0.23769597709178925,0.4171387255191803,0.2201858013868332,-0.14070653915405273,0.6567134857177734,0.32133904099464417,-0.05983595922589302,0.15215691924095154,-0.1926317662000656,-0.8335121870040894,-0.847087562084198,0.2828463613986969,0.10318781435489655,-0.07651446759700775,0.0886969342827797,-0.4449141025543213,-0.09666116535663605,0.10577569156885147,-0.18044547736644745,-1.1038366556167603,0.5543718338012695,-0.9247053861618042,-0.2515346109867096,-0.13565221428871155,0.22523832321166992,0.8574296832084656,-0.3462012708187103,-0.22509722411632538,-0.28417038917541504,0.020315196365118027,0.24436111748218536,-0.7687464356422424,-0.2785264551639557,0.20670871436595917,-0.007021582219749689,0.6799989938735962,1.08293616771698,0.7922998666763306,0.013912427239120007,-0.4565485417842865,0.2719975411891937,0.010953068733215332,-0.8234076499938965,-0.34015196561813354,0.10088159888982773,0.102890744805336,0.04283701628446579,-0.3166266679763794,1.0862194299697876,-0.06182823330163956,-0.5325790643692017,-0.10998453944921494,-0.2983977496623993,0.07729333639144897,0.2011009156703949,0.6403481364250183,-0.5037823915481567,0.2524385154247284,0.0860385075211525,-0.04949455335736275,0.15581046044826508,-0.20176155865192413,0.2123287469148636,-0.46782922744750977,0.4123472571372986,-0.056466490030288696,-0.28106558322906494,0.33744949102401733,-0.4482661783695221,-0.4381360113620758,-0.03344375640153885,1.009311318397522,0.5295752286911011,-0.09790073335170746,-0.09057194739580154,-0.009224146604537964,-0.17134137451648712,0.1681925356388092,-0.33529049158096313,0.4537445902824402,-0.3571311831474304,0.26888126134872437,0.3237004578113556,0.11725598573684692,-0.9878805875778198,-0.2019640952348709,0.013496994972229004,-0.026613855734467506,0.2363853007555008,0.05345425009727478,-0.27638569474220276,-0.7300153970718384,0.14340998232364655,0.09882320463657379,0.1159873828291893,-0.04131510853767395,0.04051307961344719,1.5205128192901611,-0.5419548153877258,-0.15682771801948547,-0.6819707751274109,-0.5550121068954468,-0.09277069568634033,-0.023197170346975327,-0.01598384417593479,0.024711336940526962,0.09714508801698685,0.16687631607055664,-0.19998733699321747,-0.29422473907470703,0.14142170548439026,0.348115473985672,-0.2623746991157532
CID000003661,746,0.29534581303596497,-0.2990339696407318,-0.5683457851409912,0.05135446786880493,0.42085379362106323,-0.07524771988391876,0.056539248675107956,-0.4476053714752197,-0.02108094096183777,-0.2287612408399582,0.3180522322654724,0.01062687672674656,-0.0237539391964674,-0.14892354607582092,0.0215916745364666,0.12553082406520844,0.31525009870529175,-0.09769125282764435,-0.3307868540287018,0.04637579619884491,-0.012653958983719349,-0.04072335362434387,0.5492442846298218,-0.08328522741794586,-0.6021982431411743,-0.6452418565750122,-0.1789718121290207,-0.16534247994422913,0.18373282253742218,-0.0026569932233542204,1.012800693511963,-0.03751403093338013,0.012924939393997192,0.04369308799505234,-0.212566539645195,0.09680449962615967,0.4852619171142578,-0.0609973780810833,0.1303713023662567,-0.04394926503300667,-0.5705863237380981,0.43902236223220825,-0.48210448026657104,-0.236362025141716,-0.12871474027633667,0.05366022512316704,0.5876899361610413,-0.20500652492046356,-0.6492443680763245,-0.030513321980834007,-0.5637927055358887,0.30663713812828064,0.8175978660583496,0.11115562915802002,0.1666029989719391,-0.3003164827823639,-0.12634596228599548,0.7882940173149109,-0.170230433344841,0.025692615658044815,0.056343674659729004,-0.3665505051612854,-0.011248290538787842,0.9065917730331421,0.20999367535114288,0.36649927496910095,0.0812445878982544,0.044386301189661026,-0.08847275376319885,0.02426445111632347,-1.055911660194397,0.1254580318927765,-0.6537343263626099,0.45726847648620605,-0.03323609009385109,0.4858970642089844,0.29297760128974915,-0.01767493411898613,0.5413761138916016,-0.0903407633304596,-0.16752521693706512,0.1868598908185959,-0.15905705094337463,0.1219816580414772,0.32666468620300293,0.3342001438140869,-0.3216506838798523,0.23945418000221252,-0.0873529464006424,-0.0626564770936966,0.16026532649993896,0.03723824769258499,-0.04231879860162735,-0.0701824277639389,0.15302026271820068,-0.06417455524206161,-0.16448839008808136,0.31606537103652954,0.19558140635490417,-0.5332627892494202,0.004670409951359034,0.10571632534265518,-0.06731978803873062,-0.11675242334604263,-0.1727682501077652,-0.12293890863656998,0.636530876159668,0.2634410262107849,0.022128690034151077,0.11816909164190292,-0.03637591004371643,-0.1941412389278412,0.6181458234786987,-0.5071285367012024,0.014283214695751667,-0.2088882476091385,-0.10405740886926651,0.004614559002220631,-0.11463361978530884,0.12462858110666275,0.12776832282543182,-0.3536715805530548,0.21645160019397736,0.061932992190122604,-0.2010326087474823,0.12201106548309326,-0.02856244519352913,-0.04363260418176651,-0.16805993020534515,0.3285443186759949,-0.775687038898468,-0.04187023639678955,0.4859181344509125,0.05640508979558945,0.011002033948898315,0.6524333953857422,0.06962664425373077,0.0007393226260319352,0.3510585427284241,-0.075968436896801,-0.17743900418281555,-0.27648118138313293,0.30981898307800293,-0.06473346054553986,0.21930935978889465,-0.0012844294542446733,-0.33979517221450806,0.13202497363090515,-0.14069654047489166,0.020245591178536415,0.4583194851875305,-0.10838904231786728,-0.5489579439163208,-0.6000019311904907,0.8964191675186157,-0.24117664992809296,-0.11864207684993744,-0.0234958678483963,-0.31495460867881775,0.11417069286108017,-0.0803803876042366,-0.19555369019508362,-0.8045361638069153,0.26709696650505066,-0.473577082157135,0.03052232600748539,-0.061388321220874786,-0.14319460093975067,0.22327902913093567,-0.5493290424346924,-0.308631032705307,0.08868144452571869,-0.024600496515631676,-0.045465633273124695,-0.7105218768119812,-0.32700538635253906,0.20758959650993347,-0.10793493688106537,0.6549601554870605,-0.0022686042357236147,0.535641074180603,-0.2367934286594391,-0.25222691893577576,0.2789345681667328,0.0330578051507473,-0.18104809522628784,-0.2753579020500183,-0.057851243764162064,-0.1787460744380951,-0.21874800324440002,-0.3945823907852173,0.7847369909286499,-0.35117653012275696,-0.36827296018600464,0.05400723218917847,0.06601295620203018,-0.20077486336231232,0.04195309802889824,0.04127601161599159,-0.034136950969696045,0.27552729845046997,0.3773806691169739,-0.012285558506846428,-0.03161618858575821,-0.5349529981613159,-0.38185781240463257,-0.30848807096481323,-0.1985321342945099,0.08551181852817535,-0.2654741108417511,-0.16468410193920135,0.02229044772684574,0.27620604634284973,-0.2500319480895996,0.47465959191322327,-0.32475656270980835,-0.12939372658729553,0.11017020791769028,-0.23214933276176453,-0.04731384664773941,0.46606379747390747,0.02965005300939083,0.2078302651643753,0.0810280591249466,-0.11758401244878769,0.18506498634815216,0.1488543599843979,-0.8603107333183289,-0.21092180907726288,0.04118839651346207,0.06090075895190239,0.039400018751621246,0.03988935798406601,-0.21986711025238037,-0.6619230508804321,0.17822881042957306,-0.08586647361516953,0.04404047876596451,-0.035063449293375015,0.13948188722133636,0.5475906133651733,-0.327422559261322,-0.0971560925245285,-0.23584623634815216,-0.0008081644773483276,-0.4349575638771057,-0.058901358395814896,0.16882160305976868,0.1009528636932373,0.3480055630207062,0.1553029865026474,-0.13318611681461334,0.12963488698005676,-0.23871633410453796,-0.07369469106197357,0.18921396136283875
CID000005578,749,0.12283696234226227,-0.2046043574810028,-0.5451818108558655,0.12106404453516006,0.3605697751045227,-0.18665243685245514,-0.08238111436367035,-0.6044992804527283,-0.13645854592323303,-0.015734290704131126,0.47007662057876587,0.09682425111532211,-0.036573123186826706,0.06127559021115303,0.05434498190879822,0.2280772477388382,0.75343918800354,0.08163752406835556,-0.15631268918514252,0.04624832421541214,-0.22157283127307892,-0.06237826868891716,0.43857401609420776,-0.0008823692915029824,-0.33386436104774475,-0.6402576565742493,-0.4888179898262024,0.014442497864365578,0.18016572296619415,-0.013373220339417458,0.410952091217041,0.048246439546346664,-0.13343550264835358,0.2776992917060852,-0.18253746628761292,0.23076298832893372,0.9216378331184387,-0.007577138487249613,0.042907632887363434,0.16914993524551392,-0.10664544999599457,0.7195331454277039,-0.3865012526512146,-0.12286541610956192,-0.06376159936189651,0.10210766643285751,0.6335877180099487,-0.14322426915168762,-0.6067047715187073,-0.03722304105758667,-0.36301350593566895,0.33337047696113586,0.22271358966827393,-0.276018887758255,0.19088295102119446,-0.2938978672027588,-0.2957819104194641,0.6040108799934387,-0.05722656100988388,-0.0605325922369957,0.028936386108398438,-0.30455514788627625,0.06523407995700836,0.7668229937553406,0.019433271139860153,0.12429642677307129,-0.22383467853069305,0.03642504662275314,-0.018133873119950294,0.1473741978406906,-0.6418102383613586,0.10613691806793213,-0.6182814836502075,0.48659342527389526,0.04808266460895538,0.29010748863220215,0.6204943060874939,0.3341920077800751,0.3931412100791931,0.008974317461252213,-0.12984111905097961,-0.22684359550476074,-0.005944850854575634,-0.04837196692824364,0.12349104881286621,0.35822048783302307,-0.16978508234024048,-0.09404034912586212,-0.08038947731256485,0.1295304298400879,-0.2822602391242981,-0.00842328928411007,-0.02121385559439659,-0.11787579208612442,0.11518695205450058,-0.07382296025753021,-0.24659356474876404,0.2918958067893982,0.0014856919879093766,-0.6617329716682434,-0.09899382293224335,-0.17581301927566528,0.03612972050905228,-0.022415846586227417,0.1650942862033844,-0.172963947057724,0.842461109161377,0.004475987050682306,0.14932987093925476,-0.11273369938135147,-0.23787951469421387,-0.022772300988435745,0.3127986192703247,-0.05565056949853897,0.1767997443675995,-0.2948661148548126,-0.4298836290836334,-0.01130972895771265,-0.24903056025505066,0.09316184371709824,-0.15722380578517914,-0.3503270745277405,0.06983359158039093,0.1980157345533371,-0.06842794269323349,0.09190161526203156,0.2611086070537567,-0.05289174243807793,-0.225155308842659,0.19016730785369873,-0.6505352258682251,-0.26708275079727173,0.30501124262809753,0.23396146297454834,0.15674252808094025,0.6297429800033569,0.08300510793924332,-0.15645025670528412,0.34436696767807007,-0.36741873621940613,-0.15997567772865295,-0.1900029331445694,0.00306358328089118,0.1824895292520523,0.1142355352640152,-0.008684346452355385,-0.1996019184589386,0.014058289118111134,0.04855963587760925,0.018758408725261688,0.18658795952796936,-0.09071586281061172,-0.38581377267837524,-0.6860581636428833,0.49496540427207947,-0.30294883251190186,0.22484993934631348,-0.0026237904094159603,-0.502324640750885,-0.1071498841047287,-0.01986347697675228,-0.04590655118227005,-0.8338087201118469,-0.007947079837322235,-0.40541496872901917,0.1538146436214447,-0.04970806837081909,-0.1900482028722763,0.4737209677696228,-0.38775938749313354,-0.16443122923374176,-0.1525256335735321,-0.12692537903785706,-0.1445487141609192,-0.6211890578269958,-0.25154319405555725,0.3308376371860504,0.11832524836063385,0.5082095861434937,-0.21021981537342072,0.5680890679359436,-0.05291091278195381,-0.17227236926555634,0.33867883682250977,-0.06320652365684509,-0.34732988476753235,-0.16760054230690002,-0.23933818936347961,-0.11469924449920654,-0.07630131393671036,-0.4802078604698181,0.8757613301277161,-0.03626655042171478,-0.37823328375816345,0.07206292450428009,-0.12934830784797668,-0.15456834435462952,-0.014736848883330822,0.4086840748786926,-0.008560502901673317,0.40208691358566284,0.33188188076019287,-0.13557025790214539,0.10128603130578995,-0.25605958700180054,-0.2817161977291107,-0.11866877973079681,0.10946883261203766,0.007628497667610645,-0.19031384587287903,-0.024825552478432655,0.08209062367677689,-0.08890952914953232,-0.18802201747894287,0.727292537689209,-0.17721310257911682,-0.061818111687898636,-0.23366877436637878,0.05670539662241936,0.10611367225646973,0.20421519875526428,-0.06609532982110977,0.13211753964424133,-0.11612274497747421,-0.11760088056325912,0.036555953323841095,-0.018197644501924515,-0.6193925142288208,-0.23610928654670715,-0.004295100457966328,-0.004319800529628992,0.14951060712337494,0.06220833212137222,-0.25148582458496094,-0.4906166195869446,0.16886839270591736,0.07058051973581314,-0.23975510895252228,0.002051137387752533,-0.12983646988868713,0.47853580117225647,-0.2622767984867096,-0.012032764032483101,-0.3078349232673645,0.02823590859770775,-0.20798270404338837,0.01954094134271145,0.12137842178344727,-0.08599051088094711,0.29727596044540405,0.11574269831180573,0.12692347168922424,0.12719205021858215,-0.2031656950712204,0.19143135845661163,0.005087391939014196
CID000508230,752,0.04518013447523117,-0.08091282099485397,-0.3973467946052551,-0.0447186604142189,0.3367127478122711,-0.18353140354156494,0.032739635556936264,-0.3494507670402527,-0.24727913737297058,0.16153092682361603,0.42222732305526733,0.005854672286659479,-0.03365592658519745,-0.05554547160863876,-0.010585824027657509,0.3552747368812561,0.7651036977767944,0.10296708345413208,-0.1531703919172287,0.12323427200317383,-0.12483783066272736,-0.04250835254788399,0.4242227077484131,-0.07084905356168747,-0.21537920832633972,-0.6674987077713013,-0.42163076996803284,-0.2104688137769699,0.1595594435930252,0.15190470218658447,0.3888392448425293,0.08185611665248871,-0.05150211974978447,0.3190282881259918,-0.164669007062912,0.10366469621658325,1.0109418630599976,-0.13710185885429382,0.058142732828855515,-0.024080896750092506,-0.17186225950717926,0.8299084901809692,-0.4496989846229553,0.04720233380794525,0.06214657425880432,0.029285043478012085,0.5316559076309204,-0.028645023703575134,-0.5957959890365601,0.04697593301534653,-0.3322824537754059,0.19234178960323334,0.1594446301460266,-0.24723701179027557,0.13763326406478882,-0.45547348260879517,-0.09432301670312881,0.46408653259277344,-0.011860460974276066,-0.19139012694358826,0.12050165981054306,-0.31469130516052246,0.034570831805467606,0.6585204005241394,0.194451704621315,0.04630162566900253,-0.2282818853855133,0.0239946898072958,-0.13991959393024445,0.10990617424249649,-0.607073187828064,0.11810432374477386,-0.4161356985569,0.42913946509361267,-0.0029297054279595613,0.3309611976146698,0.6706965565681458,0.5025026202201843,0.4564601480960846,-0.04351508989930153,-0.07536504417657852,-0.25266122817993164,0.04770180583000183,-0.05419532582163811,0.23163235187530518,0.3094405233860016,-0.005460008978843689,-0.05011026933789253,-0.23000311851501465,0.06203285604715347,-0.11040471494197845,0.006047618575394154,0.1412074863910675,0.07045866549015045,0.17693369090557098,-0.18759438395500183,-0.3364464342594147,0.232196643948555,-0.027953576296567917,-0.4588976800441742,-0.03445706516504288,-0.02379208244383335,0.009719828143715858,-0.045246023684740067,0.21908339858055115,-0.1573030799627304,0.6123348474502563,0.09330914914608002,0.12344886362552643,-0.12602466344833374,-0.0985870510339737,0.17573754489421844,0.3664470911026001,-0.056162722408771515,0.18728245794773102,-0.18744917213916779,-0.28894317150115967,0.03375690430402756,-0.1179724931716919,-0.10624881088733673,-0.13835828006267548,-0.3746302127838135,0.09916716814041138,0.12547644972801208,0.04589318111538887,0.2238835096359253,0.14420679211616516,0.11126695573329926,-0.1967017650604248,0.18031743168830872,-0.6032719612121582,-0.15928463637828827,0.36517849564552307,0.27408963441848755,0.0950363278388977,0.7797618508338928,0.0896720439195633,-0.2765369415283203,0.27385085821151733,-0.13013134896755219,-0.12852561473846436,-0.23252657055854797,0.11583463847637177,0.3573330044746399,0.1384594589471817,-0.10309773683547974,-0.29551899433135986,-0.08869815617799759,-0.026572173461318016,-0.0018360562389716506,0.17770110070705414,-0.08249853551387787,-0.5776714086532593,-0.6306363344192505,0.33345794677734375,-0.33861514925956726,0.1344020664691925,-0.15793661773204803,-0.489050954580307,-0.14358830451965332,-0.09645850211381912,-0.2212812900543213,-0.6584749817848206,0.060457922518253326,-0.3659299612045288,0.060486190021038055,-0.019536590203642845,-0.08524513989686966,0.5365196466445923,-0.36277511715888977,0.009988115169107914,-0.27779972553253174,-0.11782197654247284,-0.1386578530073166,-0.596770167350769,-0.10225013643503189,0.22175519168376923,0.03541875630617142,0.4767645001411438,-0.14496822655200958,0.793637752532959,-0.15254351496696472,-0.16365215182304382,0.08698707818984985,0.00908659491688013,-0.40707916021347046,0.00011788606934715062,-0.3578006327152252,0.012454584240913391,-0.12133608758449554,-0.3476578891277313,0.8099225759506226,-0.13385139405727386,-0.35975223779678345,0.13158178329467773,0.0040656402707099915,-0.12958072125911713,0.022255104035139084,0.17500056326389313,0.022615667432546616,0.3234657645225525,0.29333803057670593,-0.05807332322001457,-0.0014873624313622713,-0.28899914026260376,-0.166444331407547,-0.12122126668691635,0.03608962148427963,0.05465872213244438,-0.11455357074737549,0.09804514050483704,-0.020619476214051247,0.14500269293785095,-0.1638607680797577,0.8015382885932922,0.05791185423731804,-0.14488446712493896,-0.21537575125694275,-0.016171125695109367,0.15735819935798645,0.3028610646724701,-0.018067430704832077,0.21335844695568085,-0.011783512309193611,-0.13128848373889923,0.040979254990816116,0.06964228302240372,-0.7469599843025208,-0.2827037572860718,-0.08446697145700455,0.020982086658477783,0.09152890741825104,0.17909249663352966,-0.2411467283964157,-0.4439488351345062,0.2108110934495926,0.05941617488861084,-0.15693001449108124,-0.03917904198169708,-0.20670922100543976,0.2627958655357361,-0.3517107367515564,-0.06895667314529419,-0.20341768860816956,0.05889200046658516,-0.1844048798084259,0.04318767040967941,-0.08436468988656998,-0.03036307916045189,0.32397687435150146,-0.026903986930847168,0.06548640877008438,-0.059439897537231445,-0.27660736441612244,0.16929759085178375,-0.032661158591508865
CID000005454,765,0.07670610398054123,-0.29282739758491516,-0.47370338439941406,0.1828867495059967,0.34761208295822144,-0.18793335556983948,-0.05606495216488838,-0.3882754445075989,-0.21908263862133026,0.013982457108795643,0.2780430018901825,0.08939339220523834,-0.10259129852056503,0.08238376677036285,0.003090762998908758,0.162058487534523,0.19859428703784943,0.09939676523208618,-0.15259921550750732,0.17931903898715973,-0.09357059001922607,0.06761790066957474,0.49153932929039,0.020469192415475845,-0.24730543792247772,-0.6915934085845947,-0.5095480680465698,0.05012528970837593,0.06973176449537277,0.09817375242710114,0.5459307432174683,0.09074636548757553,-0.13926661014556885,0.46848064661026,-0.16273662447929382,0.08915948867797852,0.849724292755127,-0.08386241644620895,0.03553558140993118,0.15254035592079163,0.030844926834106445,0.3124004900455475,-0.484438419342041,0.05352003499865532,-0.07346402108669281,0.09836573898792267,0.5153583288192749,-0.21539723873138428,-0.4762788414955139,-0.0715821236371994,-0.3375070095062256,0.20244035124778748,0.36869198083877563,-0.25765374302864075,0.2143820822238922,-0.21713629364967346,-0.2937392294406891,0.37565818428993225,0.07950019836425781,-0.11686933040618896,0.0917937159538269,-0.17974266409873962,0.09769116342067719,0.6516684293746948,0.05565255135297775,0.12286563217639923,-0.2333306521177292,-0.14104542136192322,-0.0063951276242733,0.06611169129610062,-0.619968056678772,0.15826228260993958,-0.6278752088546753,0.5581921935081482,0.029480058699846268,0.2791290879249573,0.40451115369796753,0.23968534171581268,0.38524681329727173,0.005680647678673267,-0.008042660541832447,-0.18479925394058228,0.039313554763793945,-0.104326531291008,0.08084876090288162,0.3141270577907562,-0.10048214346170425,-0.11476916074752808,-0.02404027059674263,0.1059422641992569,-0.23875316977500916,-0.007641649339348078,-0.07197077572345734,0.08163094520568848,0.11474732309579849,-0.08601675927639008,-0.031143898144364357,0.24449853599071503,-0.013136561028659344,-0.5580264925956726,-0.008392661809921265,-0.18067798018455505,0.17116525769233704,-0.013705375604331493,0.2492363452911377,-0.057339370250701904,0.8329007029533386,-0.06125018745660782,0.20134159922599792,-0.11057128757238388,-0.041851092129945755,0.06494618952274323,0.16626553237438202,-0.03305137902498245,0.17973420023918152,-0.378922700881958,-0.38386139273643494,0.09669079631567001,-0.06977139413356781,0.09651346504688263,-0.16337808966636658,-0.3688673973083496,0.0970524325966835,0.1445031762123108,-0.03662821277976036,0.13170115649700165,0.20814934372901917,-0.02871723100543022,-0.2625260651111603,0.24511870741844177,-0.5887553691864014,-0.34959331154823303,0.32792356610298157,0.10603328794240952,0.011343440040946007,0.6759335398674011,0.20031127333641052,-0.09613483399152756,0.24850797653198242,-0.13490688800811768,-0.10238359123468399,-0.1524350643157959,-0.02300943061709404,0.1571524441242218,0.1338445395231247,-0.01257179956883192,-0.2168419361114502,-0.04280184954404831,-0.09116494655609131,0.013809198513627052,0.12073342502117157,-0.02163028158247471,-0.5166832208633423,-0.5302788019180298,0.37133148312568665,-0.23076371848583221,0.21423006057739258,-0.010906994342803955,-0.3268568813800812,-0.09053410589694977,-0.06521251052618027,0.158162921667099,-0.7597494125366211,-0.04787541925907135,-0.3453251123428345,0.08881660550832748,0.04076538234949112,-0.1168646588921547,0.6656438708305359,-0.5778602957725525,-0.1561061441898346,-0.11100473254919052,-0.0107337087392807,-0.1039222925901413,-0.5026076436042786,-0.30883732438087463,0.31552931666374207,0.1399640589952469,0.5210739374160767,-0.13211342692375183,0.7426307797431946,-0.1609540432691574,-0.12345291674137115,0.3701627254486084,-0.1321176290512085,-0.49704915285110474,0.0028937398456037045,-0.2271527796983719,-0.11305804550647736,-0.040583286434412,-0.1900714933872223,0.868220329284668,-0.007278201170265675,-0.5007480382919312,0.13833799958229065,-0.10321208089590073,-0.008867070078849792,0.24295735359191895,0.36504602432250977,-0.10599358379840851,0.20438387989997864,0.46236056089401245,-0.07126154005527496,0.14325544238090515,-0.5129773616790771,-0.4553045332431793,-0.16757504642009735,-0.007708982564508915,-0.19317558407783508,-0.14868637919425964,-0.0786762461066246,0.014564511366188526,-0.10370324552059174,-0.21178415417671204,0.7289155721664429,-0.06605682522058487,0.017284905537962914,-0.23971593379974365,0.060065530240535736,0.06120770424604416,0.3299568295478821,0.04657473415136337,0.12896057963371277,-0.08838702738285065,0.17119112610816956,0.027646487578749657,0.0033785991836339235,-0.5877770185470581,-0.2270549237728119,-0.03675909712910652,-0.21065568923950195,0.09692656993865967,0.1295129358768463,-0.2345227748155594,-0.49106931686401367,0.13539525866508484,0.10281646251678467,-0.22290334105491638,-0.02198493853211403,-0.08329935371875763,0.5843806266784668,-0.3525152802467346,0.038029950112104416,-0.28388887643814087,-0.06111461669206619,-0.21906156837940216,0.02163519524037838,0.1703844964504242,-0.009014519862830639,0.2653741240501404,0.2073122262954712,0.15598136186599731,0.24861903488636017,-0.19150127470493317,0.14226216077804565,0.1168089359998703
CID000005717,766,0.25215405225753784,-0.3965725302696228,-0.8760989308357239,-0.08589378744363785,0.4726813733577728,-0.2733929753303528,0.14596427977085114,-0.9302517771720886,-0.01677781715989113,-0.29672956466674805,0.7724873423576355,0.3180866837501526,-0.1448606252670288,0.07092384994029999,-0.03378624841570854,0.2493118792772293,0.2783389985561371,-0.010938288643956184,-0.22997955977916718,-0.10321362316608429,-0.20365996658802032,0.17493538558483124,0.28279781341552734,-0.043421342968940735,-1.1149661540985107,-0.9012625813484192,-0.6387835741043091,-0.013795578852295876,0.2583402693271637,-0.10381980985403061,1.0427747964859009,-0.14797280728816986,0.14365096390247345,0.35449448227882385,-0.4473957419395447,-0.20770449936389923,0.45193204283714294,0.07041572779417038,0.20132020115852356,-0.08803023397922516,-0.09501268714666367,0.5155957937240601,-0.08126373589038849,-0.28360432386398315,0.11301814019680023,0.040590520948171616,1.0379310846328735,-0.4144895076751709,-0.7197258472442627,0.057001449167728424,-1.1334459781646729,-0.01912357285618782,0.5734735727310181,-0.04629555717110634,0.34761351346969604,-0.4835984706878662,0.08456145226955414,0.9864576458930969,-0.022630339488387108,-0.001482033752836287,-0.10330071300268173,-0.09388469159603119,-0.0031709433533251286,0.7017487287521362,0.06119308993220329,0.4466152787208557,0.23372876644134521,0.019758233800530434,-0.08840779960155487,-0.04230347275733948,-0.37146538496017456,0.17094531655311584,-0.7507609128952026,0.3619937300682068,-0.28431448340415955,0.18114323914051056,0.28839531540870667,0.055304162204265594,1.1839008331298828,0.08066241443157196,0.02510836161673069,-0.36262238025665283,-0.005129721947014332,-0.03372947499155998,0.18055446445941925,0.21259459853172302,-0.7433990240097046,-0.2914700508117676,-0.14378239214420319,0.028643304482102394,-0.25398799777030945,-0.29942724108695984,-0.2727155089378357,0.18052633106708527,0.021491950377821922,0.08955328911542892,0.05427137017250061,0.23322753608226776,0.023234276100993156,-1.5904167890548706,-0.3204846978187561,0.21158874034881592,0.13702556490898132,-0.29832905530929565,0.13056901097297668,-0.1548861563205719,0.9190293550491333,-0.11096395552158356,0.0488932803273201,-0.009456056170165539,0.3478378355503082,0.31964272260665894,0.4069155752658844,-0.822016716003418,0.294906884431839,-0.1883903592824936,-0.20442421734333038,0.3284894824028015,0.37769362330436707,0.47259941697120667,-0.16831043362617493,-0.27705711126327515,-0.015342449769377708,0.09297578036785126,0.21733570098876953,-0.04880475252866745,0.47333964705467224,-0.13160958886146545,-0.269582062959671,0.3878905177116394,-0.6536992192268372,0.11193448305130005,0.4614558219909668,0.12672026455402374,-0.15299709141254425,0.7336075901985168,-0.1381455361843109,-0.19479212164878845,0.503740668296814,-0.46215829253196716,0.0789094865322113,0.0746392011642456,-0.04723060876131058,0.3570089340209961,0.02170642651617527,0.19986248016357422,-0.304527223110199,0.5115689039230347,0.0630602017045021,-0.038371890783309937,0.7848329544067383,-0.1347821056842804,-0.712365984916687,-1.193814992904663,0.7899719476699829,0.00238550896756351,0.05107603222131729,0.3127085864543915,-0.528386652469635,0.3399225175380707,-0.01077115535736084,0.083003930747509,-0.8919763565063477,-0.05934102460741997,-0.5423846244812012,0.08206824958324432,0.01516993623226881,0.029388776049017906,1.2491286993026733,-0.6611537933349609,-0.16827045381069183,-0.10246215760707855,0.09746105968952179,0.22382628917694092,-0.569129467010498,-0.4298645853996277,0.37351495027542114,-0.18696172535419464,0.413501113653183,0.3560642600059509,0.31281977891921997,-0.19352518022060394,-0.22075363993644714,0.8812925219535828,-0.12475287914276123,-0.36443886160850525,-0.15177881717681885,-0.07598168402910233,-0.3914593756198883,-0.3669458031654358,-0.5914987325668335,1.4522839784622192,-0.0936412662267685,-0.09112299233675003,-0.11174945533275604,-0.17609301209449768,-0.1659223735332489,0.08032139390707016,1.3539427518844604,-0.26577228307724,0.6132851839065552,0.29979372024536133,-0.13304947316646576,1.1433427333831787,-0.4839561879634857,0.4150792062282562,-0.2850666642189026,-0.06561045348644257,-0.2068554162979126,0.16170673072338104,-0.39424562454223633,0.08247846364974976,0.003825769294053316,-0.1942719966173172,0.725413978099823,0.38960692286491394,-0.4028080105781555,-0.13857212662696838,-0.04257585480809212,-0.03035830333828926,-0.03532625734806061,0.11057181656360626,-0.08425819873809814,-0.2629034221172333,-0.11886660009622574,0.4686335623264313,0.09138073772192001,-0.5161332488059998,-0.2765209674835205,0.12034235149621964,0.008997470140457153,0.21176555752754211,0.44285640120506287,-0.32457178831100464,-0.841609001159668,0.1960858404636383,0.02126442827284336,-0.13016143441200256,-0.30845221877098083,-0.39147335290908813,1.2863216400146484,-0.24922232329845428,-0.044631317257881165,-0.4007684588432312,-0.04640815407037735,-0.49558138847351074,-0.01649099960923195,0.11077531427145004,0.05916633456945419,0.5598328709602356,0.1657891571521759,-8.518323011230677e-05,0.05430108308792114,-0.11604280769824982,0.4839436411857605,0.16067056357860565
CID000000085,769,0.08603402227163315,-0.32084932923316956,-1.0889644622802734,0.13176099956035614,0.6092702746391296,-0.03733239322900772,-0.4541627764701843,-0.9730048179626465,-0.06666586548089981,0.24472661316394806,0.2186528742313385,0.30951815843582153,-0.18127073347568512,-0.14680306613445282,-0.09616794437170029,-0.01821509562432766,0.5591654777526855,-0.14328758418560028,-0.08977619558572769,-0.473893404006958,0.058803677558898926,0.2718317210674286,0.3823855519294739,-0.12242484092712402,-0.7993340492248535,-1.052644968032837,-0.7810399532318115,0.06847375631332397,-0.05754793807864189,-0.31885701417922974,1.2927594184875488,0.08016549050807953,0.17549839615821838,0.55829256772995,-1.2554247379302979,0.10655184835195541,1.3217295408248901,-0.3575977385044098,0.03345644101500511,-0.0197168979793787,-1.101831078529358,0.6459058523178101,-0.3763645589351654,-0.2705287039279938,0.02745259925723076,-0.159076988697052,0.5988855361938477,-0.5239952802658081,-0.4158152639865875,0.2049352377653122,-0.9282780885696411,0.26784461736679077,0.36714351177215576,-0.0036302804946899414,0.2816162109375,0.10165943950414658,-0.1645827740430832,1.057944893836975,0.17638948559761047,0.2615208625793457,-0.15368668735027313,-0.3773079216480255,0.2443142682313919,1.1026171445846558,0.3874397575855255,0.4150291085243225,-0.2223513126373291,-0.3605261445045471,-0.007701885886490345,0.15710464119911194,-0.5613435506820679,0.6439803242683411,-1.1745986938476562,0.2594772279262543,0.2579290270805359,0.018600234761834145,0.6613389253616333,0.33227747678756714,1.3373067378997803,-0.07808524370193481,-0.16332374513149261,-0.790945827960968,-0.03453439474105835,-0.31114912033081055,-0.5537769198417664,0.2987380623817444,-0.6244857311248779,-0.30212318897247314,-0.05214788764715195,0.2560722827911377,-0.179368257522583,-0.540307343006134,-0.530978798866272,-0.03541838005185127,0.09149563312530518,-0.8290504217147827,0.12377152591943741,0.1753905713558197,0.09057985246181488,-1.2060859203338623,0.11484048515558243,-0.22276416420936584,0.20283707976341248,-0.15482988953590393,0.06020317226648331,-0.5417677760124207,1.3604100942611694,-0.5948686599731445,0.39340901374816895,-0.21075308322906494,-0.18711741268634796,0.11421267688274384,0.27637726068496704,-0.6748101115226746,0.1519523411989212,-0.4074226915836334,-0.9344171285629272,0.2865501344203949,-0.21038532257080078,0.10886220633983612,-0.19174525141716003,-0.36033397912979126,0.03587853163480759,0.08812154829502106,0.16639500856399536,-0.27664870023727417,0.5991109609603882,-0.052826859056949615,-0.08712026476860046,0.37899646162986755,-0.6331807374954224,0.06668950617313385,0.7240137457847595,0.39417287707328796,0.10421846807003021,0.7311142683029175,0.33615705370903015,0.1777574121952057,0.43692463636398315,-0.1718020886182785,0.02455909177660942,-0.45848923921585083,0.05597885698080063,0.019674086943268776,0.014589044265449047,0.35014572739601135,0.1975288838148117,0.7757990956306458,-0.20006057620048523,-0.3496778905391693,0.7924004793167114,-0.2435334473848343,-0.9201129078865051,-1.2042593955993652,0.9862397313117981,-0.20304997265338898,0.13578513264656067,0.49342021346092224,-0.4950752258300781,0.03151450306177139,-0.1506090611219406,0.41120558977127075,-0.7543653249740601,0.12278319895267487,-0.42790666222572327,-0.42932432889938354,-0.2822694480419159,0.07248515635728836,0.2859729826450348,-0.5761194229125977,0.042346369475126266,-0.3544054329395294,0.06324955075979233,-0.07583041489124298,-1.012189507484436,-0.6479868292808533,1.3567559719085693,-0.03807760402560234,0.721276044845581,-0.20661640167236328,0.404723584651947,-0.46865296363830566,-0.20789296925067902,1.4580845832824707,0.20262178778648376,-0.7915975451469421,0.1596219837665558,-0.18997223675251007,-0.4986549913883209,-0.24646314978599548,-0.6082577705383301,1.4691156148910522,-0.21392515301704407,-0.31363651156425476,0.3003064692020416,-0.3926354646682739,-0.022323250770568848,0.28209900856018066,0.7200937271118164,-0.2084188014268875,0.8078567385673523,-0.22919893264770508,-0.16892100870609283,0.6365388035774231,-0.42220768332481384,0.19011522829532623,0.014267528429627419,-0.2670656740665436,-0.40758123993873596,0.21374818682670593,0.019401932135224342,-0.24821941554546356,-0.4519634246826172,0.0370362214744091,0.977536678314209,0.2301633656024933,-0.028676724061369896,-0.6146908402442932,-0.2358178347349167,0.33792656660079956,-0.1139492392539978,0.10028686374425888,-0.03809008374810219,0.342324435710907,0.3389248251914978,0.02305748499929905,0.29388490319252014,-1.4651868343353271,0.03518916293978691,-0.19630137085914612,-0.18273742496967316,0.22100743651390076,0.18255789577960968,-0.45714449882507324,-0.8492153882980347,-0.12898677587509155,0.1519227921962738,-0.003943389747291803,0.038422368466854095,-0.11378493160009384,1.0622841119766235,-0.22852995991706848,-0.10845860093832016,-0.15314367413520813,-0.11615996062755585,-0.2838384509086609,-0.20224764943122864,0.3975231647491455,-0.27377480268478394,0.22580775618553162,0.045026082545518875,-0.1915103942155838,-0.03557460382580757,0.21351559460163116,0.24114283919334412,0.0230196975171566
CID000000206,774,0.11829058825969696,-0.08930011838674545,-0.5879837274551392,0.4588712155818939,-0.2514476776123047,-0.2453901320695877,-0.23959103226661682,-0.4423314034938812,0.012171311303973198,-0.14409224689006805,0.32594916224479675,0.1767146736383438,-0.08749121427536011,-0.26440078020095825,0.054924678057432175,-0.04075191169977188,0.257558137178421,0.02798636257648468,-0.2437380850315094,-0.1554069221019745,0.011675656773149967,0.049412842839956284,0.3559359312057495,0.0004999756929464638,-1.0201102495193481,-0.6731784343719482,-0.3470805883407593,-0.17220205068588257,-0.00965535081923008,0.03952581435441971,1.1781485080718994,-0.05395924299955368,-0.04429269954562187,0.07649344205856323,-0.12078921496868134,0.06944677978754044,0.6113409399986267,-0.2655096650123596,-0.3156067132949829,-0.20640499889850616,-0.16406819224357605,0.4951358437538147,-0.1488000452518463,-0.18671652674674988,-0.13099351525306702,-0.19273832440376282,0.5770926475524902,-0.06924965232610703,-0.2998001277446747,0.1159096211194992,-0.8595598340034485,0.12979234755039215,0.4917075037956238,-0.10273230075836182,0.3416367173194885,-0.6411887407302856,-0.20785880088806152,0.4251585900783539,-0.2164810597896576,-0.01601233519613743,-0.020509738475084305,0.1011764258146286,0.05155966430902481,0.9825927019119263,-0.10384692251682281,0.5801693797111511,0.06643156707286835,0.19501736760139465,0.028341341763734818,0.14289887249469757,-0.7388328313827515,0.006252855993807316,-0.5233032703399658,0.35654690861701965,0.06562487035989761,0.6956766247749329,0.48120003938674927,0.2910589575767517,0.6809542179107666,0.06320643424987793,-0.0005757603794336319,0.07459951937198639,0.05923381447792053,-0.08000697195529938,0.13327643275260925,-0.016961131244897842,0.006163325160741806,-0.34768328070640564,-0.08597742021083832,0.13959786295890808,-0.14844509959220886,0.1980171948671341,-0.36259862780570984,0.28319934010505676,-0.10514917224645615,0.22090783715248108,-0.03096027299761772,0.439439058303833,-0.07345058023929596,-0.8687869906425476,-0.20870177447795868,0.07728926837444305,0.151679128408432,-0.25529569387435913,0.069881871342659,-0.2776225209236145,0.91490238904953,0.01612957939505577,0.316621333360672,0.1319185197353363,0.05486590787768364,-0.34770768880844116,0.02562529407441616,-0.8378089666366577,0.21198813617229462,-0.3852093815803528,-0.017181161791086197,-0.15089759230613708,0.20827209949493408,0.4562540054321289,-0.18818478286266327,-0.05938855558633804,0.5071691274642944,0.04090920090675354,0.16969700157642365,0.10983848571777344,-0.08847634494304657,-0.08879782259464264,-0.05163310095667839,0.11295650154352188,-0.6374675035476685,-0.6958461999893188,-0.049040358513593674,0.16095398366451263,0.16412600874900818,0.6089154481887817,-0.25534534454345703,-0.2296820878982544,0.5483525395393372,-0.06660518795251846,-0.0694253072142601,-0.08884990960359573,0.04336654394865036,-0.06353755295276642,0.2646714150905609,0.04284520819783211,-0.28016889095306396,0.22394748032093048,0.03479836508631706,-0.07709755748510361,0.7089594602584839,-0.15052533149719238,-0.42382344603538513,-0.6818633079528809,0.5023198127746582,-0.1533457338809967,-0.10153539478778839,-0.08349254727363586,-0.3088674545288086,0.1518719494342804,0.18456809222698212,0.12419472634792328,-0.8191040754318237,0.2916756272315979,-0.40764254331588745,-0.18603409826755524,0.052392326295375824,0.12595491111278534,0.6189861297607422,-0.4257310926914215,-0.4923439621925354,0.155816912651062,-0.04309849068522453,0.21439889073371887,-0.4632022976875305,0.09846395254135132,0.6965407133102417,-0.1819881647825241,0.535707950592041,0.43168097734451294,0.4119715094566345,-0.05028580501675606,-0.38827818632125854,0.18968191742897034,-0.11887486279010773,-0.5561555624008179,-0.25182488560676575,-0.05252493545413017,-0.15184250473976135,0.12655219435691833,-0.2606446146965027,0.5111641883850098,-0.035942792892456055,-0.2661556005477905,-0.03213478997349739,0.045478835701942444,-0.06854814291000366,-0.10306332260370255,0.26489144563674927,-0.15985465049743652,0.31905409693717957,0.20820021629333496,-0.19500143826007843,-0.19140711426734924,-0.5519530177116394,-0.013066244311630726,-0.3879626393318176,0.04972551017999649,0.01938094198703766,-0.13168087601661682,-0.28038328886032104,0.0445685014128685,0.08672972023487091,-0.04718289524316788,1.0451853275299072,0.25217944383621216,-0.15092229843139648,-0.006460100412368774,0.14169391989707947,0.10404124110937119,0.10021736472845078,0.29850926995277405,0.16574111580848694,-0.4723033905029297,-0.010990140028297901,0.5120992660522461,-0.24261243641376495,-0.618768572807312,-0.024043872952461243,-0.07648120820522308,0.06886567920446396,0.08263558149337769,0.0276564322412014,-0.2306026965379715,-0.5472061634063721,-0.15019765496253967,0.11988750845193863,0.008813304826617241,-0.06531721353530884,0.3591509461402893,1.5788761377334595,-0.40071171522140503,-0.17438817024230957,-0.5748664140701294,-0.4188196063041687,-0.5083106756210327,-0.2185051441192627,0.27856752276420593,-0.32664257287979126,0.10052464157342911,0.44141489267349243,0.2249775230884552,0.011945858597755432,0.07585803419351578,-0.09744714945554733,0.07408970594406128
CID000000119,780,0.04282943531870842,-0.2550297975540161,-0.9014896154403687,0.025342866778373718,0.3106006979942322,-0.1870836764574051,-0.43291449546813965,-0.28379112482070923,-0.1813097894191742,0.18635816872119904,-0.0749230831861496,0.1554044485092163,-0.40843477845191956,-0.31956976652145386,-0.09661471843719482,0.288356214761734,0.7116005420684814,-0.18111559748649597,-0.23058505356311798,-0.2002841979265213,-0.06914377212524414,0.059174440801143646,0.8252663612365723,0.014350563287734985,-0.8536947965621948,-0.7302247881889343,-0.5606411099433899,-0.22175773978233337,0.05231219530105591,0.25769340991973877,1.406446099281311,0.0076116034761071205,0.09076257050037384,0.37512579560279846,-0.9879264831542969,-0.13308560848236084,1.8157072067260742,-0.3007480800151825,-0.10901637375354767,0.00048644840717315674,-1.3748854398727417,1.2173824310302734,-0.33712533116340637,-0.20811939239501953,0.15899062156677246,-0.235667422413826,0.5317323803901672,-0.21778304874897003,-0.5468106865882874,0.09785570949316025,-0.3998485207557678,0.5272553563117981,0.2999655604362488,0.02322336472570896,-0.06885947287082672,-0.09423115104436874,-0.33197495341300964,1.1778233051300049,0.17883574962615967,-0.20969998836517334,-0.4740738868713379,-0.4139916002750397,0.09947150945663452,1.024338722229004,0.3654536008834839,0.1630968600511551,0.09002450853586197,-0.19312307238578796,0.008111448027193546,0.19120410084724426,-0.9882961511611938,0.496107280254364,-1.1573491096496582,0.16879579424858093,-0.002841231180354953,0.328077107667923,1.1936333179473877,0.3450241684913635,0.893139660358429,0.05947238951921463,0.2459198236465454,-0.41509103775024414,-0.4099057614803314,-0.25975877046585083,0.04550810158252716,-0.028084993362426758,-0.7415910959243774,0.17331190407276154,-0.3866463303565979,-0.11580871045589447,-0.29398113489151,-0.022106338292360306,-0.2073955088853836,0.16080138087272644,0.04381779581308365,-0.6625038981437683,0.028036314994096756,0.16704443097114563,0.011242386884987354,-0.6460613012313843,-0.1743849813938141,0.11035225540399551,-0.07096993178129196,-0.2566569447517395,0.36928218603134155,-0.296998530626297,0.813666045665741,0.06745584309101105,0.13002276420593262,-0.023550985381007195,-0.026307743042707443,0.03838973119854927,0.8161822557449341,-0.3451664447784424,0.013771293684840202,-0.20433811843395233,-0.6488546133041382,-0.027937382459640503,-0.0751589983701706,0.2344570904970169,0.23193922638893127,-0.4928879141807556,-0.011553791351616383,0.0949116200208664,-0.3473709523677826,-0.17698225378990173,0.18894118070602417,0.06355375796556473,0.11546917259693146,0.24517150223255157,-0.8436895608901978,-0.13061536848545074,0.4311984181404114,0.18685348331928253,0.41123151779174805,0.9094077348709106,0.344714492559433,-0.28041255474090576,0.2732717990875244,-0.3087257742881775,0.1350339949131012,-0.3970167934894562,0.0771627128124237,-0.004082015249878168,0.2034013718366623,0.18867862224578857,-0.21913564205169678,0.3936639428138733,-0.09534632414579391,-0.36500251293182373,0.3140309751033783,-0.13946819305419922,-1.0895140171051025,-1.5531327724456787,0.9506462812423706,-0.3419727683067322,-0.35062429308891296,0.016861921176314354,-0.3360061049461365,0.16979274153709412,-0.13239090144634247,0.16268157958984375,-0.6856490969657898,-0.06130702421069145,-0.43264254927635193,-0.47727060317993164,-0.0951714739203453,-0.22142818570137024,0.20481190085411072,-0.6063051223754883,-0.19658581912517548,-0.24351303279399872,0.20833654701709747,-0.003526634071022272,-0.75038743019104,-0.18909099698066711,0.6574400663375854,-0.020844552665948868,0.6364567279815674,-0.09503816813230515,0.6571481823921204,-0.2094109058380127,-0.0788852795958519,0.9569028615951538,0.0488676019012928,-0.6787667274475098,-0.05420251935720444,-0.026424357667565346,-0.19766484200954437,-0.17811079323291779,-0.4831623435020447,0.9130849838256836,-0.27327314019203186,-0.6055182218551636,-0.013032118789851665,0.03711912781000137,0.022108564153313637,0.0522538423538208,0.5273221731185913,-0.1274707168340683,0.49306720495224,-0.06142507866024971,-0.15209226310253143,0.4431378245353699,-0.3766745328903198,-0.007340872194617987,0.053146205842494965,0.033073052763938904,-0.05607857555150986,-0.15648138523101807,-0.39340782165527344,-0.21704940497875214,0.02262186072766781,0.0031907320953905582,0.6080730557441711,0.053130388259887695,-0.25345128774642944,-0.190121129155159,-0.09666623175144196,0.16821607947349548,0.06959280371665955,0.19138577580451965,-0.12786933779716492,0.22063994407653809,0.17910057306289673,0.176936075091362,0.09966544061899185,-1.6559374332427979,-0.2096874713897705,0.013378309085965157,0.058065254241228104,0.15119569003582,0.36606189608573914,-0.32023850083351135,-0.9466894865036011,0.08652015775442123,-0.015211628749966621,0.015237974934279919,-0.1677473783493042,0.00834469310939312,0.519438624382019,-0.24440345168113708,0.14608262479305267,-0.13052967190742493,-0.07390478998422623,-0.452305406332016,-0.11436774581670761,0.25484198331832886,-0.04896768182516098,0.31247678399086,0.1935568004846573,-0.13515062630176544,0.21984227001667023,0.20179621875286102,0.24134492874145508,-0.16972598433494568
CID000003928,781,0.17089775204658508,-0.20580819249153137,-0.8483721613883972,0.07259733974933624,-0.09422002732753754,-0.19048260152339935,-0.11502239853143692,-1.2949135303497314,-0.21057990193367004,-0.14351822435855865,0.4157652258872986,0.13290484249591827,-0.14898185431957245,-0.1490696668624878,-0.3593772053718567,0.2820631265640259,0.4945105016231537,-0.08222436904907227,-0.2109193354845047,-0.18536150455474854,-0.13347671926021576,-0.06923802196979523,0.2606223523616791,0.2753394842147827,-0.9842391014099121,-1.214923620223999,-0.5261859893798828,0.003941148519515991,-0.26808446645736694,-0.3218344748020172,1.3423558473587036,-0.08353523164987564,-0.04042387753725052,0.3474173843860626,-0.11019781976938248,0.09515520185232162,0.5946504473686218,-0.10279600322246552,-0.31681978702545166,-0.14953544735908508,-0.1630857288837433,0.7353435754776001,-0.046556852757930756,-0.10594381392002106,-0.06780614703893661,-0.02076888456940651,0.8324815034866333,-0.3067489564418793,-0.49676042795181274,0.15970684587955475,-0.6948416233062744,0.44107866287231445,0.34308922290802,0.14558681845664978,0.35184964537620544,-0.047800786793231964,-0.14122746884822845,0.3342394232749939,-0.09451264142990112,0.15530765056610107,-0.10252008587121964,-0.30365225672721863,0.13366790115833282,1.1916687488555908,-0.33163052797317505,0.48462948203086853,-0.20409898459911346,0.006070103030651808,-0.04282040521502495,0.26417654752731323,-1.1397264003753662,-0.02619960904121399,-0.4207843244075775,0.3707091212272644,-0.0007815241697244346,0.6627627611160278,0.4429878294467926,0.3544941246509552,0.8610302805900574,-0.01458370964974165,0.048454150557518005,-0.27874770760536194,0.06744041293859482,-0.20012488961219788,0.11797384917736053,0.13490214943885803,-0.2731311619281769,-0.3877238631248474,-0.052580785006284714,-0.14940181374549866,-0.26559895277023315,-0.027908354997634888,-0.10452035814523697,0.32928091287612915,-0.06495886296033859,-0.12357854843139648,-0.13787488639354706,0.524337649345398,0.12368889898061752,-1.0324876308441162,-0.050292305648326874,-0.10560973733663559,0.2454717457294464,-0.17130939662456512,0.09231499582529068,-0.212683767080307,0.9984229803085327,-0.10169937461614609,0.2908732295036316,-0.03656568005681038,0.12870244681835175,0.09539596736431122,0.336371511220932,-0.564017653465271,0.12568870186805725,-0.3946717381477356,-0.359658807516098,0.0210447758436203,0.16856618225574493,0.5243919491767883,-0.5679537653923035,-0.0747075304389,0.33044564723968506,0.06569988280534744,0.14953741431236267,-0.030755553394556046,0.2979397177696228,0.07759758085012436,-0.2598053812980652,0.32017260789871216,-0.7664327025413513,-0.2513403296470642,0.03151215985417366,0.21883532404899597,0.061452824622392654,0.546157956123352,-0.31148749589920044,-0.026817109435796738,0.44410187005996704,-0.09777221083641052,-0.03756086900830269,-0.24021749198436737,-0.10779142379760742,0.428427517414093,0.2385876178741455,0.057046614587306976,-0.2466334104537964,0.20978765189647675,0.19270434975624084,-0.04947547987103462,0.7223261594772339,-0.07444220036268234,-0.8236581683158875,-0.6961475014686584,0.5016342997550964,-0.0005528211477212608,0.1505972445011139,0.16224405169487,-0.36350303888320923,-0.11912834644317627,0.1516229212284088,0.2788230776786804,-1.1961352825164795,0.39621472358703613,-0.37762561440467834,0.08436115086078644,0.23156404495239258,0.15658369660377502,0.9808294177055359,-0.4622821807861328,-0.38047319650650024,-0.2803410291671753,-0.06056397035717964,-0.04426909238100052,-0.9736329317092896,-0.31447431445121765,1.022057294845581,0.015133857727050781,0.6219407320022583,-0.02842801809310913,0.4208054542541504,-0.2646152377128601,-0.31683945655822754,0.8853667378425598,-0.033547885715961456,-1.104083776473999,-0.1547151654958725,-0.13531894981861115,-0.308258980512619,0.04126705974340439,-0.3256818354129791,0.810727596282959,0.2577042281627655,-0.3272343873977661,0.10409636795520782,-0.01989598199725151,-0.06271733343601227,-0.16993553936481476,0.24881954491138458,-0.13401052355766296,0.6736036539077759,0.14156155288219452,-0.1838470995426178,-0.04877231642603874,-0.5666218996047974,0.3191992938518524,-0.33578619360923767,-0.0613231435418129,-0.18447813391685486,-0.010387305170297623,0.05753374099731445,0.03805055469274521,0.05520419031381607,-0.2775466740131378,1.0303492546081543,0.47672128677368164,-0.0534462034702301,0.05794577673077583,0.14039114117622375,0.19818183779716492,0.15538878738880157,0.293999582529068,0.001499398029409349,-0.23922398686408997,-0.15942630171775818,0.5739567875862122,0.10576747357845306,-0.710119903087616,-0.1279815137386322,-0.10518866777420044,0.026201466098427773,0.2468077838420868,0.05419536307454109,-0.3252032399177551,-0.7200844883918762,0.05464828759431839,0.07276656478643417,-0.2893865406513214,-0.20369212329387665,-0.28352221846580505,1.7402231693267822,-0.4043429493904114,0.019695326685905457,-0.5784087777137756,-0.23366427421569824,-0.5259830355644226,-0.173246368765831,0.44143447279930115,-0.43256616592407227,0.15285223722457886,0.2644888162612915,0.046333204954862595,-0.14974215626716614,-0.095074363052845,0.3123188614845276,-0.21449601650238037
CID000003467,786,0.10891463607549667,0.07981807738542557,-0.5706865787506104,0.0887174904346466,-0.1201607957482338,-0.11277695000171661,-0.07392488420009613,-0.42960062623023987,-0.02878516912460327,-0.019756291061639786,0.24040600657463074,0.31320720911026,-0.08834812790155411,-0.17797644436359406,-0.16981112957000732,0.2165118008852005,0.6659311056137085,-0.13879558444023132,-0.2817748188972473,-0.02043735422194004,-0.3588699698448181,0.07076261937618256,0.3054437041282654,0.053529538214206696,-0.8904863595962524,-1.110896348953247,-0.673987627029419,-0.10023335367441177,-0.1058955192565918,0.09630469977855682,1.6016480922698975,0.04712612181901932,0.0024506286717951298,0.1925005167722702,-0.2651175558567047,0.03943692520260811,1.0276826620101929,-0.191994309425354,-0.11446782201528549,-0.20797038078308105,-0.158981591463089,0.799602746963501,-0.29239505529403687,-0.1859971284866333,0.021205613389611244,-0.15270033478736877,0.6673962473869324,-0.19707615673542023,-0.2716664671897888,-0.016380852088332176,-0.8941987752914429,0.1194947138428688,0.36152735352516174,0.04165269806981087,0.410792738199234,-0.6284371614456177,-0.26895278692245483,0.43077564239501953,-0.18021729588508606,-0.035697564482688904,-0.12717263400554657,-0.021301519125699997,-0.03506556153297424,1.083199143409729,0.01879091188311577,0.5299510955810547,0.08652367442846298,-0.11909842491149902,0.0780797153711319,0.030455637723207474,-0.6212517619132996,-0.07219193875789642,-0.7034010887145996,0.3432212471961975,0.036191631108522415,0.6710431575775146,0.7208560705184937,0.41090822219848633,0.5497087836265564,0.09839490056037903,-0.08430705964565277,-0.026815667748451233,0.1779811829328537,0.15894868969917297,0.08656467497348785,0.10292945802211761,0.10573208332061768,-0.46908456087112427,-0.10888882726430893,-0.14261631667613983,-0.27466052770614624,0.027723651379346848,-0.19191591441631317,0.2720644474029541,-0.13328874111175537,0.06817345321178436,-0.05607374757528305,0.4705196022987366,0.07894671708345413,-1.0248894691467285,-0.21045129001140594,0.14776428043842316,-0.007592983543872833,-0.29587221145629883,-0.0725838840007782,-0.35585442185401917,1.3842538595199585,-0.1769915074110031,0.272330105304718,0.14471545815467834,-0.030000707134604454,-0.16728723049163818,0.10622867196798325,-0.7461933493614197,0.1622629165649414,-0.4419664740562439,-0.4460715651512146,0.02864614687860012,0.11484432220458984,0.4440127909183502,-0.20270276069641113,0.2096916139125824,0.420872300863266,0.05234288051724434,0.10343246161937714,0.20117969810962677,0.06964850425720215,-0.1048928052186966,-0.15848292410373688,-0.0155487684533,-0.8294872045516968,-0.3298916220664978,0.11446980386972427,0.03627341613173485,0.10988025367259979,0.9632700681686401,-0.3253791928291321,-0.3431150019168854,0.272047221660614,-0.08418784290552139,-0.06448817998170853,-0.12960436940193176,-0.30407842993736267,0.11994069814682007,-0.055068206042051315,0.036280710250139236,-0.2531394362449646,0.01586574874818325,0.3304766118526459,0.07401404529809952,0.6037414073944092,-0.09929697215557098,-0.8838542699813843,-0.6543154120445251,0.5254925489425659,0.056711625307798386,0.04621020704507828,-0.08351725339889526,-0.2871108949184418,-0.050249628722667694,0.12229341268539429,0.08901643753051758,-0.7276741862297058,0.1508195698261261,-0.32700735330581665,-0.19075828790664673,-0.13373319804668427,0.227057546377182,1.0191495418548584,-0.3049578070640564,-0.2445351630449295,0.12218693643808365,-0.04249712452292442,0.3672662079334259,-0.7204936146736145,-0.15774644911289215,0.7804810404777527,-0.06659169495105743,0.48120999336242676,0.5403851866722107,0.4616782069206238,-0.2471076250076294,-0.468644917011261,0.29089421033859253,-0.03508704900741577,-1.092832326889038,-0.2748405933380127,0.07576041668653488,-0.35040879249572754,0.06190260499715805,-0.31883206963539124,0.7380518913269043,-0.10075151920318604,-0.28816717863082886,-0.18403172492980957,0.12956096231937408,-0.022595416754484177,-0.022878017276525497,0.6766935586929321,-0.16324448585510254,0.3806903064250946,0.21991582214832306,-0.12777136266231537,-0.004322280175983906,-0.35306233167648315,0.283566415309906,-0.27171790599823,0.15382537245750427,0.21177013218402863,-0.00682497164234519,-0.1711672693490982,0.1436620056629181,-0.1064561977982521,-0.11023151874542236,1.5378106832504272,0.35513463616371155,-0.17758822441101074,0.2658003568649292,0.09241003543138504,0.14221832156181335,-0.01930326223373413,0.23894266784191132,-0.06651134788990021,-0.3417165279388428,-0.01283276081085205,0.5595836639404297,-0.10536880791187286,-0.6939643621444702,-0.09528189897537231,-0.09372404962778091,0.21337349712848663,0.1945413053035736,-0.0773065984249115,-0.4399231970310211,-0.5435146689414978,-0.18589867651462555,0.037236325442790985,0.034053169190883636,-0.15715746581554413,0.13663899898529053,1.835432767868042,-0.36074304580688477,-0.26713722944259644,-0.5467983484268188,-0.14613941311836243,-0.45764756202697754,-0.3054351806640625,0.2986885905265808,-0.2409929782152176,-0.021419914439320564,0.43174856901168823,0.2272089421749115,-0.036723412573337555,-0.04833943024277687,-0.005386748816817999,0.04272102192044258
CID000004547,789,0.05811385437846184,-0.24101945757865906,-0.48861828446388245,-0.022213909775018692,0.33130645751953125,-0.17995481193065643,-0.045502617955207825,-0.35537832975387573,-0.227382630109787,0.0017889856826514006,0.3104064464569092,-0.03898204118013382,-0.02862071990966797,-0.04709642380475998,-0.03874533623456955,0.33122849464416504,0.24078702926635742,0.0768854022026062,-0.33018937706947327,0.10656695067882538,-0.18273599445819855,0.0011475738137960434,0.46525120735168457,0.04582391679286957,-0.29811376333236694,-0.6792546510696411,-0.4061695635318756,-0.09189598262310028,0.1948416382074356,0.07516618072986603,0.5295732617378235,0.09699036180973053,-0.09295877069234848,0.367419958114624,-0.38158005475997925,0.06712763011455536,0.45453768968582153,-0.13816770911216736,0.018015582114458084,0.049139153212308884,-0.24473433196544647,0.26953214406967163,-0.37639206647872925,0.08242533355951309,-1.835674083849881e-05,0.16149485111236572,0.6200863122940063,0.07680584490299225,-0.6850303411483765,-0.004273531027138233,-0.5138394236564636,0.1694059669971466,0.3948974907398224,-0.21089676022529602,0.0502440519630909,-0.4169010519981384,-0.24527430534362793,0.6685494184494019,0.025548521429300308,-0.1359681785106659,0.1906687468290329,-0.2175249606370926,0.013695985078811646,0.6758805513381958,0.16170936822891235,0.1816137731075287,-0.10888133198022842,-0.04136594384908676,-0.10516275465488434,0.10738614946603775,-0.705548107624054,0.13526932895183563,-0.5109987854957581,0.436340868473053,-0.023346539586782455,0.33013346791267395,0.2726000249385834,0.2536727786064148,0.6894844174385071,-0.0022213608026504517,0.00785539299249649,-0.1709440052509308,0.008330213837325573,-0.1668635606765747,0.2732067108154297,0.3808894455432892,-0.23683352768421173,0.06002945825457573,-0.09777508676052094,0.11910717189311981,-0.09140882641077042,0.01459416188299656,-0.07187328487634659,0.11468329280614853,0.10911617428064346,-0.18739846348762512,-0.3181437849998474,0.21430225670337677,0.04369251802563667,-0.573804497718811,-0.012443785555660725,-0.12733721733093262,0.18987004458904266,-0.07272513955831528,0.2318812906742096,-0.09684904664754868,0.7419549822807312,0.0996771901845932,0.14088037610054016,-0.0772077813744545,-0.1607053577899933,0.0733543187379837,0.41432076692581177,-0.19448189437389374,0.2341195046901703,-0.22594401240348816,-0.3011663854122162,0.13179892301559448,-0.11634612083435059,0.06524576991796494,-0.11557195335626602,-0.34070634841918945,-0.0005376040935516357,0.06013968586921692,-0.17440709471702576,0.14530225098133087,0.21409960091114044,0.05184252932667732,-0.246709942817688,0.22969770431518555,-0.6540713310241699,-0.18764226138591766,0.4331952929496765,0.2291230410337448,0.09652252495288849,0.7534372210502625,0.20635142922401428,-0.06761132180690765,0.2121393233537674,-0.10123095661401749,-0.2287873923778534,-0.2506599426269531,0.17598667740821838,0.4213868975639343,0.19194339215755463,-0.1300719678401947,-0.4851437509059906,-0.04499150067567825,0.05131195858120918,-0.044926632195711136,0.2798158824443817,-0.06500750035047531,-0.6575276851654053,-0.697034478187561,0.5530422925949097,-0.2543027400970459,0.261215478181839,-0.10633426904678345,-0.4009968340396881,-0.03021128848195076,-0.1709718257188797,0.056230176240205765,-0.7059346437454224,0.002400171710178256,-0.4326130747795105,0.04400918632745743,-0.11341141164302826,-0.06924185901880264,0.48020902276039124,-0.5785136222839355,-0.17311081290245056,-0.17254959046840668,-0.06335330754518509,-0.17817193269729614,-0.5959049463272095,-0.021246161311864853,0.3194195032119751,0.1682063192129135,0.4831334948539734,-0.0980895459651947,0.6957302689552307,-0.25747060775756836,-0.023497190326452255,0.17944031953811646,-0.13656994700431824,-0.4057250916957855,-0.0977139100432396,-0.33056139945983887,0.19948077201843262,-0.21452200412750244,-0.5172996520996094,0.9583486318588257,-0.09386450052261353,-0.4239357113838196,-0.014982772059738636,-0.12166880071163177,-0.17420591413974762,0.1526414006948471,0.3004370331764221,-0.019648339599370956,0.3385991156101227,0.3730131983757019,-0.041396621614694595,0.09904602915048599,-0.561002790927887,-0.40655726194381714,-0.15751613676548004,0.1082514151930809,-0.09575160592794418,-0.13453759253025055,0.1669616550207138,-0.0012744993437081575,0.1432872712612152,-0.16865089535713196,0.7371562123298645,-0.10705754905939102,-0.09994609653949738,-0.27939483523368835,-0.026917334645986557,0.23883624374866486,0.27387934923171997,0.05504389852285385,0.1996842920780182,-0.11996843665838242,-0.06597132235765457,0.05028138309717178,-0.0217669066041708,-0.7843915224075317,-0.2796788215637207,-0.053907644003629684,-0.18842720985412598,0.2272125482559204,0.16498860716819763,-0.21695451438426971,-0.5429753065109253,0.43049436807632446,0.053053636103868484,-0.21914879977703094,0.020487826317548752,-0.23686520755290985,0.28941330313682556,-0.30997711420059204,-0.09515388309955597,-0.17472396790981293,-0.06406324356794357,-0.2333608865737915,0.06659834086894989,0.08626887947320938,0.008466836996376514,0.3460339903831482,0.0803697407245636,0.08900637179613113,0.24478311836719513,-0.18540596961975098,0.21582011878490448,-0.03771451115608215
CID005362420,790,0.18225154280662537,-0.45021384954452515,-0.8263901472091675,-0.002939519239589572,0.20638437569141388,-0.2562210261821747,0.22011923789978027,-0.8758597373962402,-0.08215699344873428,-0.40942898392677307,0.7676907777786255,0.16806992888450623,-0.14147451519966125,-0.03259812667965889,-0.13438381254673004,0.26371029019355774,0.21274681389331818,0.09507231414318085,-0.04769739881157875,-0.014699754305183887,-0.261965274810791,0.17342816293239594,0.2497219294309616,-0.10155520588159561,-1.1312177181243896,-1.1057453155517578,-0.5653031468391418,0.08353771269321442,0.12036154419183731,-0.08521334826946259,0.9531208276748657,-0.07376272231340408,0.1795274317264557,0.2787145972251892,-0.13796384632587433,-0.23858220875263214,0.4294682443141937,0.04483211785554886,0.15462982654571533,-0.10192883014678955,-0.09991484880447388,0.5668827891349792,-0.12690237164497375,-0.20722463726997375,-0.15096215903759003,0.03287503868341446,1.0937604904174805,-0.26556825637817383,-0.6923482418060303,0.12084124982357025,-0.9151841402053833,0.01782933622598648,0.3989461064338684,-0.10528393089771271,0.26066824793815613,-0.3632693588733673,0.141513392329216,1.051706075668335,-0.11581651866436005,0.18384967744350433,-0.14654235541820526,-0.041253089904785156,-0.12504136562347412,0.6304146647453308,0.19671614468097687,0.3200823664665222,0.32219773530960083,-0.14299610257148743,0.0038964450359344482,0.11311270296573639,-0.5703574419021606,0.08004441857337952,-0.6070923209190369,0.3206937313079834,-0.00547370919957757,-0.012075746431946754,0.3258238732814789,0.20001032948493958,1.054685354232788,0.21749277412891388,-0.05226202681660652,-0.45681747794151306,-0.06186268478631973,-0.11883249133825302,0.25634676218032837,-0.00386638636700809,-0.6220892071723938,-0.2197786569595337,-0.12598112225532532,0.23071929812431335,-0.2564522624015808,-0.42378777265548706,-0.279682457447052,0.11159700155258179,0.08591049164533615,0.12014689296483994,-0.07590247690677643,0.23751287162303925,-0.031773172318935394,-1.5911805629730225,-0.030813854187726974,0.21924889087677002,-0.12968939542770386,-0.2005501091480255,0.0643136128783226,0.014609098434448242,0.7929567694664001,0.11511880159378052,-0.03878979757428169,0.08640976250171661,0.43422698974609375,0.2183533012866974,0.38427790999412537,-0.6749330163002014,0.087641641497612,-0.1665334701538086,-0.18342825770378113,0.337428480386734,0.29264384508132935,0.34795165061950684,-0.2623814046382904,-0.33180755376815796,-0.13895484805107117,0.006410342641174793,0.22350211441516876,-0.060456812381744385,0.31509044766426086,-0.06116853281855583,-0.2503485381603241,0.46388188004493713,-0.697588324546814,0.07494573295116425,0.19034016132354736,0.10665486752986908,-0.08285225927829742,0.7946290373802185,-0.1604415476322174,-0.13227981328964233,0.4863225817680359,-0.31301236152648926,-0.014114424586296082,-0.05165858939290047,0.019848117604851723,0.19594475626945496,0.07137622684240341,0.09701009094715118,-0.14107154309749603,0.34821826219558716,0.21326442062854767,0.012663446366786957,0.6104418635368347,-0.16920098662376404,-0.5386686325073242,-1.1981464624404907,0.7464162111282349,0.1519925445318222,0.0955943837761879,0.2472245991230011,-0.647070586681366,0.17216160893440247,-0.08844111859798431,-0.05189252644777298,-1.088952660560608,0.04028233885765076,-0.5588673949241638,0.055002611130476,0.0535968616604805,0.14268703758716583,1.3307675123214722,-0.5789650082588196,-0.19840306043624878,0.009655894711613655,-0.0916503295302391,0.28954795002937317,-0.5113102197647095,-0.4702126979827881,0.37047046422958374,-0.20897337794303894,0.46481451392173767,0.32704243063926697,0.2947264313697815,-0.1562694013118744,-0.21445167064666748,0.8674818277359009,-0.03881506994366646,-0.21109509468078613,-0.20210549235343933,0.05864092707633972,-0.29372289776802063,-0.32957252860069275,-0.614003598690033,1.5398896932601929,-0.1263839453458786,-0.04768269881606102,-0.2714919447898865,-0.302309513092041,-0.15263427793979645,0.0969347208738327,1.3083415031433105,-0.218719482421875,0.8656320571899414,0.19887039065361023,0.19566015899181366,1.3476134538650513,-0.4795837998390198,0.481353759765625,-0.4359011650085449,0.037504810839891434,-0.041640542447566986,0.18163570761680603,-0.2845993936061859,-0.011675545014441013,0.011867010965943336,-0.1203850656747818,0.685456395149231,0.4554664194583893,-0.37454837560653687,-0.1784907728433609,-0.10591155290603638,0.09966475516557693,0.062020160257816315,0.15507958829402924,0.01815764605998993,-0.3494412899017334,-0.1840507686138153,0.4276954233646393,0.08318936824798584,-0.5019696354866028,-0.07819373160600662,0.2051190435886383,0.14370526373386383,0.16352513432502747,0.2972992956638336,-0.09414619952440262,-0.8045933842658997,0.2088586390018463,0.12764140963554382,0.07941873371601105,-0.3340238928794861,-0.2378430813550949,1.3239065408706665,-0.28004103899002075,-1.7996877431869507e-05,-0.34983542561531067,-0.16581182181835175,-0.5873377919197083,-0.09052807837724686,-0.021903542801737785,-0.1339567005634308,0.5337106585502625,0.06895904242992401,0.037432681769132614,0.13870351016521454,-0.11102280765771866,0.48439139127731323,0.03389706462621689
CID000004499,806,0.20709411799907684,-0.19365958869457245,-0.6482734680175781,0.02788383699953556,0.2580655813217163,-0.4360688328742981,-0.03743205592036247,-0.5645781755447388,-0.14776882529258728,-0.08439941704273224,0.30265387892723083,0.041208311915397644,-0.017059439793229103,-0.08809095621109009,0.17080819606781006,0.23684188723564148,0.23004433512687683,0.003579008625820279,-0.14998683333396912,-0.002302165376022458,0.08972787857055664,0.1258815973997116,0.6597074270248413,0.021605581045150757,-1.067315697669983,-0.8114751577377319,-0.12035608291625977,-0.25414004921913147,0.25027889013290405,-0.28255921602249146,0.6023322343826294,0.0718766450881958,0.19035835564136505,0.06310556828975677,-0.1292770504951477,0.03463483601808548,0.33441421389579773,0.07006492465734482,-0.11642520129680634,-0.33226877450942993,-0.13794133067131042,0.29653677344322205,-0.3792746663093567,-0.23197738826274872,-0.04305076226592064,-0.20834338665008545,0.47872909903526306,-0.11700030416250229,-0.5403085350990295,0.01321346778422594,-0.3253396153450012,0.3096810281276703,0.7252877950668335,-0.2131447046995163,0.09758326411247253,-0.12127497047185898,-0.09208352863788605,0.7859028577804565,0.274154394865036,-0.09666965156793594,0.08120495826005936,-0.1281377226114273,0.06370864808559418,0.5536969304084778,0.250154584646225,0.23072023689746857,0.07597927004098892,-0.148930162191391,-0.17320659756660461,0.030275791883468628,-0.4682512879371643,0.2981148064136505,-0.5557337999343872,0.24058714509010315,-0.06369617581367493,0.475153386592865,0.29180803894996643,0.25992757081985474,0.22878797352313995,0.06363239884376526,0.16428916156291962,-0.5276816487312317,-0.032359905540943146,-0.05684079974889755,0.15456773340702057,0.028609812259674072,-0.44628676772117615,0.165727436542511,-0.03090566024184227,-0.17642906308174133,0.025262534618377686,0.22125530242919922,-0.3082846701145172,0.2902565598487854,-0.05532706528902054,-0.07747776806354523,0.07970128953456879,0.3518226742744446,0.1596435308456421,-0.9312564134597778,-0.12714001536369324,-0.15870057046413422,0.09110873937606812,-0.0657448023557663,0.04642808437347412,-0.13750247657299042,0.46016445755958557,-0.22345297038555145,0.06274281442165375,0.019148720428347588,0.12804237008094788,-0.14732804894447327,0.4903537631034851,-0.3121792674064636,-0.06981585174798965,-0.3424310088157654,-0.1702442318201065,-0.04592805728316307,-0.06631799042224884,-0.14236672222614288,-0.3555596172809601,-0.09178602695465088,0.289512574672699,-0.06602948904037476,0.06703069061040878,0.2115641087293625,0.1052100881934166,0.13305023312568665,-0.16174724698066711,0.1332462728023529,-0.5127115249633789,0.20903411507606506,0.3143426775932312,0.13493502140045166,-0.027947235852479935,0.3105396330356598,0.20900337398052216,-0.23342768847942352,0.1333252489566803,0.0064550102688372135,-0.1848665177822113,-0.2975779175758362,0.46040645241737366,0.1629372537136078,0.12219610065221786,-0.0851903110742569,-0.23892536759376526,0.32596343755722046,-0.14557461440563202,-0.13591282069683075,0.3461470305919647,-0.2984769642353058,-0.5441449880599976,-0.8371273279190063,0.6559562087059021,-0.1551569700241089,0.04310626909136772,0.32537564635276794,-0.719325840473175,0.10299745947122574,-0.25560590624809265,-0.14750337600708008,-1.0124242305755615,-0.034985147416591644,-0.575043261051178,-0.004569000098854303,0.1328694075345993,0.09100155532360077,0.8547161221504211,-0.5970441102981567,-0.6290609240531921,-0.14134933054447174,0.10715161263942719,0.27547788619995117,-0.40517449378967285,-0.15777970850467682,0.32213130593299866,0.18972960114479065,0.6036832332611084,-0.18838682770729065,0.49893832206726074,0.0938243418931961,-0.11637596786022186,0.8435550928115845,-0.07468680292367935,-0.2580208480358124,0.10839037597179413,-0.21158543229103088,0.030908286571502686,-0.19022555649280548,-0.3411402106285095,1.0789999961853027,-0.010719041340053082,-0.903487503528595,-0.229648157954216,-0.11479818820953369,-0.1256309449672699,-0.07047019898891449,0.6790720820426941,-0.47536659240722656,0.7143586277961731,0.24115681648254395,-0.1468622386455536,0.07682061940431595,-0.693945050239563,0.026784062385559082,-0.5079463720321655,-0.13979800045490265,-0.19373813271522522,0.19185522198677063,0.09269706159830093,-0.0070221275091171265,0.08037873357534409,-0.05342622846364975,0.7818652391433716,0.000375758099835366,-0.25194215774536133,0.1301291286945343,-0.07634564489126205,0.06803096830844879,0.43938955664634705,0.08210933208465576,-0.03594725951552391,0.06312606483697891,-0.04034355655312538,0.31438329815864563,0.2205476313829422,-0.6629768013954163,-0.4451565742492676,-0.025460803881287575,-0.014725828543305397,-0.20672902464866638,0.18876071274280548,-0.3066175580024719,-0.6250656247138977,-0.0711931437253952,-0.03298887610435486,-0.010327489115297794,-0.025135958567261696,0.053873270750045776,0.7555026412010193,-0.36402377486228943,-0.15320847928524017,-0.451448917388916,-0.15140052139759064,-0.652691662311554,0.12977445125579834,-0.33158600330352783,-0.21825075149536133,0.25892382860183716,0.3271923065185547,-0.11051422357559204,0.1615155190229416,-0.17990337312221527,0.15859147906303406,0.009103645570576191
CID003062316,809,0.2236136496067047,-0.18255004286766052,-0.6767545938491821,0.014637842774391174,0.2803230285644531,-0.26018470525741577,0.1741868108510971,-0.8084647059440613,-0.0020916133653372526,-0.2535631060600281,0.5099901556968689,0.12559209764003754,-0.07145316153764725,0.1705804169178009,0.03574630618095398,0.27551284432411194,0.06903330236673355,0.2170163094997406,-0.2542148232460022,-0.2276276797056198,0.13279005885124207,0.029664982110261917,0.22964231669902802,-0.04583296924829483,-0.8191167712211609,-0.8718264698982239,-0.3449747860431671,-0.12011301517486572,0.09364178031682968,0.15759345889091492,0.4812987446784973,-0.01242942176759243,0.18002277612686157,0.21020860970020294,-0.02193077839910984,-0.011718000285327435,0.3155129849910736,-0.03765586018562317,0.12542741000652313,0.005879595875740051,0.10620345920324326,0.2863311767578125,-0.07755731046199799,-0.007003807928413153,-0.029034072533249855,0.04417908191680908,0.8266660571098328,-0.15820178389549255,-0.6677106618881226,-0.010787762701511383,-1.0065680742263794,-0.22694838047027588,0.3798176944255829,-0.26150888204574585,0.01585821807384491,-0.15370424091815948,0.0676623061299324,0.7142730951309204,0.011134831234812737,-0.04090442508459091,-0.018312323838472366,-0.04899317026138306,0.04726330563426018,0.4110780358314514,0.1426715850830078,0.3995521664619446,0.007811146788299084,0.024190109223127365,-0.15976332128047943,0.015978282317519188,-0.25913292169570923,0.2461383044719696,-0.29421281814575195,0.38388219475746155,-0.0624394528567791,0.24936707317829132,0.16956400871276855,0.2715523838996887,0.784207820892334,0.013157010078430176,-0.07231456786394119,-0.5273212790489197,0.1723785698413849,-0.06789851188659668,0.26392024755477905,0.1999375969171524,-0.4619120657444,-0.22029295563697815,-0.11631248146295547,0.05674930289387703,-0.11625666916370392,-0.23084385693073273,-0.219131201505661,0.2422265112400055,0.13444557785987854,-0.02392204850912094,-0.1691267490386963,0.2424270659685135,-0.11024695634841919,-1.3076691627502441,-0.13968415558338165,-0.0709720104932785,0.21006102859973907,-0.10367818921804428,0.09123355150222778,-0.005723044741898775,0.8460527658462524,0.06242219731211662,0.16403290629386902,-0.11737462133169174,0.10789066553115845,0.17068062722682953,0.10482990741729736,-0.656436562538147,0.0425163172185421,-0.1567407101392746,-0.16903096437454224,0.24416883289813995,0.0020060434471815825,-0.057643331587314606,-0.26930639147758484,-0.3007460832595825,0.14052769541740417,0.1895868480205536,0.292987197637558,-0.014466091990470886,0.24427545070648193,0.07648739963769913,-0.26948291063308716,0.19212202727794647,-0.6118251085281372,0.0347931906580925,0.2550621032714844,0.33419713377952576,-0.1958472728729248,0.6281446814537048,-0.010158260352909565,0.10635305941104889,0.3372410237789154,-0.1367858350276947,-0.03340823948383331,0.07709340751171112,0.16504211723804474,0.3385561406612396,0.03355884924530983,0.024354472756385803,-0.403409868478775,0.31254705786705017,-0.32969632744789124,-0.02940305508673191,0.7416996359825134,-0.18427592515945435,-0.39946407079696655,-0.6851995587348938,0.4765263497829437,-0.06724987924098969,0.04331645742058754,0.06759428232908249,-0.5131146907806396,0.03484053164720535,-0.1924072504043579,-0.08758764714002609,-0.8064491152763367,0.01578686758875847,-0.36143752932548523,0.05548820644617081,0.04027261957526207,-0.05611095577478409,0.9425007104873657,-0.6346068382263184,-0.11738225072622299,-0.17691782116889954,-0.03701138496398926,0.0867183655500412,-0.3407415449619293,-0.3309003710746765,0.229901522397995,-0.015737444162368774,0.43183931708335876,0.1783459633588791,0.40186771750450134,-0.14846594631671906,-0.014451393857598305,0.671821653842926,-0.03418685495853424,-0.3949963450431824,-0.002272301819175482,-0.3281828761100769,-0.2150004357099533,-0.1491357982158661,-0.3361242711544037,1.4057132005691528,-0.04374738037586212,-0.16891087591648102,-0.07626320421695709,-0.1677996963262558,-0.2288667857646942,0.11722254753112793,1.1510777473449707,-0.23299145698547363,0.6998374462127686,0.2947652339935303,-0.01021142303943634,0.8307211995124817,-0.43114224076271057,0.1022474393248558,-0.3548939824104309,-0.14382967352867126,-0.1776665300130844,0.12101826816797256,-0.022244328632950783,-0.058103661984205246,-0.044879503548145294,-0.22705689072608948,0.593858540058136,0.24940113723278046,-0.2956739664077759,-0.1408120095729828,-0.0322134904563427,0.07227199524641037,-0.008439689874649048,0.20751503109931946,0.06225355714559555,-0.17443323135375977,-0.07598612457513809,0.2425808161497116,-0.04467466101050377,-0.3461783826351166,-0.28135690093040466,-0.009038557298481464,0.036961205303668976,-0.09421046823263168,0.21380071341991425,-0.1623714715242386,-0.5960477590560913,0.20820078253746033,0.1397630274295807,-0.11856299638748169,-0.05883582681417465,-0.22181005775928497,1.060424566268921,-0.28440240025520325,0.06713321059942245,-0.3180164396762848,-0.196695476770401,-0.3188582956790924,-0.07943372428417206,-0.20637154579162598,-0.024928908795118332,0.5021270513534546,0.19098691642284393,0.08790209889411926,-0.09022189676761627,-0.07618637382984161,0.32692763209342957,-0.12423758208751678
CID000004920,810,0.1078777089715004,-0.1807931512594223,-0.6436672210693359,0.15425753593444824,0.06546958535909653,-0.420723021030426,0.16580307483673096,0.00755976140499115,-0.09918155521154404,-0.048238709568977356,0.16649079322814941,-0.2858189046382904,-0.001154392259195447,-0.2028110772371292,0.26130926609039307,0.1888064742088318,0.19045749306678772,-0.09578780829906464,-0.38865983486175537,-0.013974474743008614,-0.04229230806231499,0.12834492325782776,0.48366689682006836,-0.045438479632139206,-0.7100448608398438,-0.5895078778266907,-0.18143822252750397,-0.15298686921596527,0.3507111072540283,-0.28915637731552124,0.8986459970474243,0.057225316762924194,-0.08265476673841476,0.3569035530090332,-0.36172378063201904,0.10651564598083496,0.1570897400379181,-0.12443187087774277,-0.037271205335855484,0.056025899946689606,-0.8356369137763977,0.027346501126885414,-0.15171387791633606,-0.49158668518066406,0.13705340027809143,-0.33125752210617065,0.5870317816734314,-0.26076629757881165,-0.39214494824409485,0.12439674139022827,-0.718903660774231,-0.06115878373384476,0.7935956120491028,-0.07415042817592621,-0.200734943151474,-0.4788013994693756,0.017480552196502686,1.1126153469085693,0.32696834206581116,0.3001406192779541,0.23087553679943085,-0.04260348156094551,0.0975480005145073,0.8117756843566895,0.11909471452236176,0.5850697755813599,-0.009657981805503368,-0.13385449349880219,0.11338180303573608,0.11067678779363632,-0.7895400524139404,0.09144331514835358,-0.9544704556465149,0.00723306555300951,-0.14748981595039368,-0.07320700585842133,0.1638479381799698,-0.06466834247112274,0.4380076825618744,0.36250370740890503,-0.0832475870847702,-0.3765633702278137,-0.05312696844339371,-0.14289721846580505,-0.2544454038143158,0.16702647507190704,-0.6097785234451294,0.02462618425488472,0.06184171885251999,0.1998031586408615,0.11900468170642853,0.007127839140594006,-0.5910207629203796,0.22474801540374756,-0.08393577486276627,0.02702607586979866,0.24928896129131317,-0.031869299709796906,0.010275164619088173,-0.7743843197822571,0.032515037804841995,-0.0129020931199193,0.04147844761610031,-0.44348007440567017,-0.26001104712486267,-0.32756635546684265,0.5416065454483032,-0.10830996185541153,-0.3036902844905853,0.06856147199869156,-0.23064176738262177,-0.20951971411705017,0.35645681619644165,-0.8746023178100586,0.15909554064273834,-0.09874589741230011,-0.2978575527667999,0.31065842509269714,-0.20064792037010193,0.037920992821455,-0.3522557318210602,-0.26178407669067383,0.1394752711057663,0.2438306361436844,-0.018064305186271667,0.26957669854164124,0.1572384387254715,0.07039505988359451,0.046173371374607086,0.24091312289237976,-0.7501132488250732,-0.12426235526800156,0.3839198052883148,0.1402072310447693,-0.18064257502555847,1.140197515487671,0.19000162184238434,-0.15776637196540833,0.2982346713542938,0.220544695854187,-0.13956765830516815,-0.29553890228271484,0.3870609700679779,0.07904022186994553,0.02653319574892521,0.03952862322330475,-0.4838046133518219,0.04360198602080345,-0.09090562909841537,-0.2421354353427887,0.7144203186035156,-0.12964673340320587,-0.6965802907943726,-0.6681145429611206,0.8148095011711121,-0.07664202153682709,-0.2660765051841736,0.20793065428733826,-0.4850333631038666,0.028169874101877213,0.14318886399269104,0.15795880556106567,-0.7676655650138855,0.1984308511018753,-0.5509284734725952,-0.14285099506378174,-0.09436371177434921,-0.04863288253545761,0.3065553307533264,-0.4600924849510193,-0.7023435235023499,0.10062005370855331,0.0935501754283905,0.19915463030338287,-0.3097482919692993,-0.25958260893821716,0.2350253164768219,-0.07741929590702057,0.6120359301567078,0.33408090472221375,0.2485920488834381,-0.1243225559592247,0.062373943626880646,0.2554965317249298,-0.05463045835494995,0.0826442614197731,0.2299250364303589,0.02907363697886467,0.1448812037706375,-0.02556736208498478,-0.11019587516784668,0.9895203709602356,-0.12453217804431915,-0.5053102374076843,-0.2502821385860443,-0.332886666059494,0.14831557869911194,0.08980941772460938,0.24550411105155945,-0.15999695658683777,0.06375785917043686,-0.1043640524148941,-0.047129951417446136,0.7561308145523071,-0.9068500399589539,-0.0711449459195137,-0.5283625721931458,0.23802319169044495,0.0534425750374794,-0.19211602210998535,-0.08091774582862854,-0.20320209860801697,-0.12436715513467789,-0.09565652906894684,0.5297150611877441,0.27697283029556274,0.16016420722007751,-0.3106462061405182,-0.1324881613254547,0.2079894095659256,0.18072351813316345,0.3840573728084564,-0.12153162807226181,-0.3933889865875244,0.2323349267244339,0.0628979504108429,-0.24896535277366638,-0.7091278433799744,-0.0018846631282940507,0.11170840263366699,0.08915877342224121,0.35083478689193726,-0.12332937866449356,-0.14917272329330444,-1.0454843044281006,-0.03657805174589157,-0.2786020338535309,0.052086472511291504,0.22138142585754395,0.20647045969963074,0.5219603180885315,-0.36742013692855835,-0.07169376313686371,-0.35550230741500854,-0.1358351856470108,-0.21217957139015198,0.08138848096132278,0.16674157977104187,-0.17029719054698944,0.4065108895301819,0.025078564882278442,0.34599387645721436,-0.061539459973573685,-0.35299742221832275,0.2630268633365631,-0.04982504993677139
CID000005253,811,0.03604883700609207,-0.22260193526744843,-0.9331831932067871,0.19393488764762878,0.44307857751846313,0.3653995394706726,-0.016903935000300407,-0.9578612446784973,-0.3521777093410492,-0.33960574865341187,0.20187409222126007,0.07887734472751617,-0.21193554997444153,0.00484583992511034,-0.06203000992536545,0.06591217964887619,0.43149852752685547,0.09742546826601028,-0.4240016043186188,-0.06692864000797272,-0.1574425995349884,-0.026088137179613113,0.5419921875,0.0984620526432991,-0.7771618962287903,-0.7724408507347107,-0.3657424747943878,0.1859332025051117,0.022063225507736206,0.06253301352262497,0.9624010324478149,-0.1627688854932785,0.005590847227722406,0.7530194520950317,-0.3715382218360901,0.09277338534593582,1.5912586450576782,-0.09599770605564117,0.1473914086818695,-0.054377101361751556,-0.6471850275993347,0.7545732855796814,-0.17120538651943207,0.07704051584005356,0.02188294008374214,0.21386167407035828,0.7420872449874878,-0.1771155446767807,-0.512987494468689,0.14240339398384094,-0.5603140592575073,0.2806156575679779,0.3621771037578583,-0.23069986701011658,0.5046771764755249,-0.303916871547699,-0.24833445250988007,0.8874658346176147,-0.16172155737876892,0.03849396854639053,-0.16984881460666656,-0.03251326084136963,-0.05453742668032646,1.1415915489196777,0.33316460251808167,0.38224661350250244,-0.0036200254689902067,-0.03486371412873268,0.1234571784734726,0.025956744328141212,-0.9615322351455688,0.22511859238147736,-0.9242101907730103,0.27006295323371887,0.06074192002415657,0.39280372858047485,0.7624620795249939,0.10066182911396027,0.6681147813796997,0.12108975648880005,-0.012073812074959278,-0.3990727961063385,0.11879279464483261,-0.0419122651219368,0.5158720016479492,0.3315746486186981,-0.6164153218269348,-0.1914200782775879,0.02956652082502842,0.21824494004249573,-0.23110933601856232,-0.12248744070529938,-0.1886126697063446,-0.02519174851477146,0.01419385988265276,-0.1804337054491043,-0.012684968300163746,0.03938423842191696,-0.05116944760084152,-0.9469541311264038,0.05886146426200867,-0.10952863842248917,0.05832238122820854,-0.214959055185318,0.11767379194498062,-0.1404622495174408,1.16660475730896,0.021389681845903397,0.09202611446380615,-0.08011676371097565,0.12028173357248306,-0.18447528779506683,0.5243348479270935,-0.35464611649513245,0.11188173294067383,-0.16127677261829376,-0.4794991910457611,0.23763111233711243,-0.3987887501716614,0.3230242133140564,-0.5833626985549927,-0.07792608439922333,0.169648215174675,0.05086715146899223,-0.13169001042842865,-0.1828550398349762,0.4374978542327881,-0.12665201723575592,-0.029603755101561546,0.31948235630989075,-0.8887757062911987,-0.4408043324947357,0.3439880311489105,0.38361722230911255,0.07163091748952866,0.7866862416267395,0.19374042749404907,-0.04259110242128372,0.3031878173351288,-0.042644862085580826,0.05765417963266373,-0.2930634617805481,-0.08923809230327606,0.0953647568821907,-0.08655563741922379,-0.07179273664951324,-0.3179064989089966,0.28070420026779175,0.09831039607524872,-0.1881856620311737,0.3486468195915222,-0.0964316874742508,-0.6749695539474487,-0.8733067512512207,0.9483803510665894,-0.20075523853302002,0.02593083307147026,0.18097183108329773,-0.4643263816833496,0.10272882133722305,-0.11497975885868073,0.41639405488967896,-1.265929937362671,-0.13587883114814758,-0.25665080547332764,-0.11657599359750748,-0.05645972490310669,-0.12031421810388565,0.20173878967761993,-0.3610246777534485,-0.2997075617313385,-0.1399042308330536,0.027075428515672684,-0.210161492228508,-0.8001344799995422,-0.11008069664239883,0.6504282355308533,0.04065008834004402,0.63467937707901,-0.011021561920642853,0.3187328279018402,-0.17006635665893555,-0.3612350821495056,0.7900773286819458,0.10263665020465851,-0.46628886461257935,-0.3568788170814514,-0.05718361213803291,-0.6954323053359985,0.21489107608795166,-0.414299875497818,0.9551355242729187,-0.28854531049728394,-0.42364978790283203,-0.18674561381340027,0.0577857606112957,-0.04283783957362175,0.010115927085280418,0.46919816732406616,-0.12932756543159485,0.452333927154541,0.09945835918188095,-0.19570553302764893,0.1057213768362999,-0.22885899245738983,-0.09517781436443329,-0.13367970287799835,0.15143203735351562,0.013011062517762184,-0.05822601914405823,-0.4608857035636902,0.19271913170814514,0.020588848739862442,-0.34150105714797974,0.87391597032547,0.1612435281276703,-0.03854040428996086,-0.4046918451786041,-0.033874500542879105,-0.07595083862543106,-0.14551785588264465,-0.18768978118896484,0.09286308288574219,0.04317064210772514,-0.10544687509536743,-0.017969319596886635,0.010196566581726074,-1.0355416536331177,0.04736083000898361,0.05860546976327896,-0.1043107733130455,0.38328075408935547,0.10002539306879044,-0.1990063637495041,-0.7130244970321655,-0.05239303782582283,-0.07340794801712036,-0.17848780751228333,-0.24554380774497986,0.1871795505285263,1.1660295724868774,-0.3129686713218689,0.298428475856781,-0.25358766317367554,-0.16284513473510742,-0.22848013043403625,0.27594926953315735,0.17225976288318634,-0.34049472212791443,0.10869564861059189,0.46956029534339905,0.039356786757707596,0.15368160605430603,-0.062217313796281815,0.43350744247436523,-0.10657750070095062
CID000060795,812,0.1339135468006134,-0.15289552509784698,-0.5891169905662537,-0.03701546788215637,0.4749486446380615,-0.188036248087883,0.09844966232776642,-0.8913663625717163,-0.19817857444286346,-0.1653113067150116,0.5142401456832886,0.0701087936758995,-0.18199580907821655,-0.17678089439868927,-0.17488183081150055,0.2303999662399292,0.6783308386802673,0.14166803658008575,-0.42190736532211304,-0.20004841685295105,-0.21079644560813904,0.17511136829853058,0.28199273347854614,0.14800015091896057,-0.6278669834136963,-0.6055575013160706,-0.05423649027943611,-0.3469143807888031,0.14213751256465912,-0.10143748670816422,0.6630406379699707,-0.02209995687007904,-0.04505402594804764,0.24766060709953308,-0.2954043447971344,0.07842057943344116,0.5273447632789612,-0.1533292680978775,0.022823374718427658,0.07279936969280243,-0.47572651505470276,0.4865034520626068,-0.2185027152299881,-0.06822081655263901,-0.03244257718324661,0.0006353214266709983,0.5767872929573059,-0.021337542682886124,-0.6187223792076111,0.057762254029512405,-1.0194110870361328,0.6153799295425415,0.3305668234825134,-0.2937929034233093,0.17149417102336884,-0.31714481115341187,-0.03041495382785797,0.5582660436630249,-0.04704752191901207,0.03362333029508591,0.19403159618377686,-0.34169548749923706,0.07324202358722687,1.0321048498153687,0.12482048571109772,0.14967072010040283,-0.09367386996746063,0.06122425198554993,-0.15013794600963593,0.18243487179279327,-1.0781872272491455,0.05583450198173523,-0.454384982585907,0.2635042071342468,0.03199680894613266,0.6851832270622253,0.5045922994613647,0.17267751693725586,1.0077491998672485,-0.11790897697210312,0.004292159341275692,-0.5643981099128723,0.0959014743566513,-0.07808694988489151,0.3175736963748932,0.19657380878925323,-0.556925892829895,0.2063674032688141,-0.13119783997535706,-0.11168082058429718,-0.12789781391620636,-0.030693847686052322,-0.050803981721401215,-0.033445049077272415,0.08016066253185272,-0.5436893701553345,-0.31930598616600037,0.13843408226966858,-0.012318490073084831,-0.7069578170776367,0.11009503901004791,0.00740820774808526,0.05375691503286362,-0.06877385079860687,0.11475899070501328,-0.23659220337867737,0.7774562239646912,0.1124197393655777,0.1783871203660965,0.08648145198822021,-0.02178254723548889,-0.05421821400523186,0.6720818281173706,-0.5323060750961304,0.0733286514878273,-0.10717441886663437,-0.030443545430898666,0.09702636301517487,-0.2192201167345047,0.08496847003698349,-0.10512648522853851,-0.27924686670303345,0.0140011515468359,0.13097576797008514,-0.08027415722608566,0.14450602233409882,0.18067583441734314,-0.0583120658993721,-0.265320360660553,0.3262888789176941,-0.7142502665519714,-0.06220151111483574,0.41102057695388794,0.3629448115825653,-0.09557559341192245,0.6334407925605774,0.1615094691514969,0.11392183601856232,0.3768596351146698,-0.11133508384227753,-0.0391983725130558,-0.2643277645111084,0.15695762634277344,0.35268497467041016,0.03206060081720352,-0.2592184543609619,-0.606108546257019,0.36656713485717773,0.10218999534845352,0.042442649602890015,0.553254246711731,-0.09225576370954514,-0.538666844367981,-0.7119536995887756,0.9987430572509766,-0.2812080979347229,0.20883066952228546,0.060507237911224365,-0.44516444206237793,-0.06639603525400162,-0.18065285682678223,-0.12532278895378113,-0.8911446332931519,0.11577703058719635,-0.4801766276359558,-0.11251173168420792,-0.06509476900100708,0.07474786043167114,0.38343992829322815,-0.4307681918144226,-0.14594458043575287,-0.2733011245727539,-0.08383552730083466,0.008421815931797028,-0.5926087498664856,-0.2509760558605194,0.5612558126449585,0.09314713627099991,0.38030141592025757,-0.3262247145175934,0.6344984173774719,-0.2099567949771881,-0.191740483045578,0.4469935894012451,-0.06132935360074043,-0.8224913477897644,-0.24482421576976776,-0.2581363618373871,0.27898362278938293,-0.32051143050193787,-0.4335545003414154,0.7623017430305481,-0.22869400680065155,-0.23289914429187775,-0.10743280500173569,-0.13747048377990723,-0.0809442400932312,-0.1299716830253601,0.18585528433322906,0.21688656508922577,0.6787247061729431,0.03147577494382858,0.10756681114435196,-0.12072417885065079,-0.4405411183834076,-0.06620634347200394,-0.26175370812416077,-0.002539819572120905,-0.038870520889759064,0.042765673249959946,0.1563147008419037,-0.10207228362560272,0.1987261176109314,-0.2166110724210739,0.6547905802726746,-0.2279966175556183,-0.06775607168674469,-0.033530764281749725,0.010735544376075268,0.1690918207168579,0.09008608013391495,-0.1381864696741104,0.21189197897911072,0.19504587352275848,-0.2608005404472351,-0.0025487393140792847,0.07770074903964996,-0.8627497553825378,-0.16147753596305847,-0.05082026124000549,0.08734302222728729,0.3538115918636322,0.24410143494606018,-0.28187546133995056,-0.7141810655593872,0.21501119434833527,0.04578676447272301,-0.006847935263067484,0.006686411798000336,-0.17101767659187317,0.3655022978782654,-0.2369861900806427,-0.21810081601142883,-0.3117477297782898,-0.2899239659309387,-0.33674564957618713,-0.09550000727176666,0.09119375050067902,0.06595071405172348,0.36782848834991455,0.1492895781993866,0.1319301426410675,0.037963107228279114,-0.11062835156917572,0.24983930587768555,-0.0001814283459680155
CID000004473,813,0.218056321144104,-0.1581399142742157,-0.7795244455337524,-0.043212395161390305,0.26064950227737427,-0.35748398303985596,0.08252514153718948,-0.5156685709953308,-0.201091006398201,-0.1844804733991623,0.2636163830757141,0.008988303132355213,0.07536580413579941,-0.10016968101263046,0.1367962807416916,0.27605265378952026,0.17417602241039276,-0.04533068835735321,-0.207896426320076,0.12806646525859833,0.0848541110754013,0.03788585960865021,0.6843807101249695,0.10938715934753418,-1.0801655054092407,-0.7993520498275757,-0.05271853134036064,-0.3451969623565674,0.16362890601158142,-0.16688530147075653,0.576744794845581,0.04130595549941063,0.17045935988426208,0.09038760513067245,-0.056643713265657425,-0.04285678267478943,0.32764357328414917,0.071089968085289,-0.11065743118524551,-0.24458356201648712,-0.2375320941209793,0.2785675525665283,-0.3435603082180023,-0.1836799830198288,-0.10098890960216522,-0.17833125591278076,0.5185486078262329,-0.19156339764595032,-0.5538209080696106,0.004096086136996746,-0.3337942659854889,0.3452420234680176,0.7505908012390137,-0.25589197874069214,0.10544953495264053,-0.26035454869270325,-0.10676343739032745,0.8250810503959656,0.18014681339263916,-0.13901448249816895,-0.006577575113624334,-0.23589439690113068,0.048617586493492126,0.5780777931213379,0.14106419682502747,0.241619274020195,0.06793434917926788,-0.22084519267082214,-0.1487439125776291,0.12089334428310394,-0.5211468935012817,0.29369062185287476,-0.49196338653564453,0.3167603611946106,-0.10705220699310303,0.4083579480648041,0.2761353552341461,0.1821174919605255,0.22307196259498596,0.1479174643754959,0.24540171027183533,-0.5671625137329102,-0.04739399999380112,0.023550184443593025,0.21161046624183655,-0.044473469257354736,-0.3986361622810364,0.19159035384655,0.04654257372021675,-0.20015931129455566,0.009572627954185009,0.19759432971477509,-0.33124762773513794,0.30096298456192017,-0.09264250099658966,0.012320538982748985,0.17286616563796997,0.35873687267303467,0.09563110023736954,-0.937912106513977,-0.1686030626296997,0.035698216408491135,0.01007494144141674,-0.013583210296928883,0.06476110219955444,-0.24438302218914032,0.42487993836402893,-0.24709837138652802,0.04915306344628334,0.036514557898044586,0.07431682199239731,-0.060220371931791306,0.8622117042541504,-0.37447455525398254,-0.07591983675956726,-0.3148103654384613,-0.14670759439468384,0.07312406599521637,-0.03667960315942764,-0.12229093164205551,-0.3798103928565979,-0.13279792666435242,0.27337393164634705,-0.08418447524309158,-0.023777972906827927,0.24272926151752472,0.16714397072792053,0.08047467470169067,-0.2669318616390228,0.0622740313410759,-0.5307284593582153,0.21274295449256897,0.305510550737381,0.15863299369812012,-0.12162095308303833,0.4091728627681732,0.1521226465702057,-0.12133592367172241,0.13362833857536316,0.10643160343170166,-0.28179630637168884,-0.31274038553237915,0.3948177099227905,0.2417418509721756,0.08521020412445068,0.05151330307126045,-0.2480521947145462,0.20585675537586212,-0.14045624434947968,-0.22691527009010315,0.3222408890724182,-0.2632323205471039,-0.5989236235618591,-0.926518440246582,0.7937688827514648,-0.2750745117664337,0.03604814410209656,0.21513018012046814,-0.9091513752937317,0.19391541182994843,-0.28391844034194946,-0.03957132250070572,-1.2432024478912354,-0.09922195225954056,-0.618128776550293,-0.005437118001282215,0.15381960570812225,0.053227972239255905,0.7800000309944153,-0.6287115812301636,-0.5884566903114319,-0.08265243470668793,0.00047688186168670654,0.23838293552398682,-0.48249682784080505,-0.17965511977672577,0.2275984287261963,0.05172678828239441,0.5964686870574951,-0.2017248421907425,0.505316436290741,0.18807871639728546,-0.09311921894550323,0.6243785619735718,-0.11857310682535172,-0.20680788159370422,0.14826592803001404,-0.1294582486152649,-0.013718277215957642,-0.26224514842033386,-0.3095671832561493,1.0696001052856445,0.06102092191576958,-0.8306201696395874,-0.07693563401699066,-0.18114206194877625,-0.10834665596485138,-0.16741660237312317,0.6455999612808228,-0.4729609489440918,0.6897497773170471,0.3284130096435547,-0.18259325623512268,0.19411209225654602,-0.7336084246635437,-0.03308302164077759,-0.5152174234390259,-0.11365528404712677,-0.2443234622478485,0.20868754386901855,0.016064941883087158,-0.0022399991285055876,0.17331156134605408,-0.04097573086619377,0.8930941820144653,-0.13131894171237946,-0.22353219985961914,0.08090504258871078,0.0359029583632946,-0.030845072120428085,0.5476240515708923,0.030725080519914627,-0.14601783454418182,-0.039996907114982605,0.022506963461637497,0.3305286467075348,0.171338751912117,-0.8114830851554871,-0.5992536544799805,0.15207812190055847,0.014363015070557594,-0.19130685925483704,0.32282596826553345,-0.347870409488678,-0.7064266204833984,-0.06610213220119476,-0.01991848275065422,0.0781588926911354,-0.02306918427348137,-0.022514808923006058,0.5979387164115906,-0.4316156506538391,-0.06753228604793549,-0.4302698075771332,-0.08744316548109055,-0.4855074882507324,0.1386735886335373,-0.3619029223918915,-0.20542378723621368,0.3000105917453766,0.16092893481254578,-0.1364549845457077,0.18968579173088074,-0.26540520787239075,0.21041028201580048,0.010024145245552063
CID005381226,832,0.1819130927324295,-0.4729672372341156,-0.8411375880241394,0.019759615883231163,0.2327360361814499,-0.323041707277298,0.15931090712547302,-0.8569362759590149,-0.07595386356115341,-0.484968364238739,0.6942852735519409,0.19748133420944214,-0.11178094148635864,-0.11637820303440094,-0.08703005313873291,0.23813322186470032,0.2222849577665329,0.09799593687057495,-0.06768561899662018,-0.014243719168007374,-0.24914228916168213,0.1333237588405609,0.25146207213401794,-0.02530072256922722,-1.1549172401428223,-0.9689562916755676,-0.5124005079269409,0.054109830409288406,0.1342291533946991,-0.105390764772892,0.9053195118904114,-0.0716695487499237,0.15524931252002716,0.3642348051071167,-0.15534333884716034,-0.22558429837226868,0.46609601378440857,0.05356413125991821,0.15526923537254333,-0.0751422792673111,-0.10029198229312897,0.5501530766487122,-0.12348015606403351,-0.3387877643108368,-0.10907825082540512,-0.07322101294994354,1.0511462688446045,-0.23617854714393616,-0.6602063179016113,0.11346541345119476,-0.8133463859558105,0.08155253529548645,0.40851426124572754,-0.17318372428417206,0.19541148841381073,-0.3112819790840149,0.12064924091100693,1.0752679109573364,-0.1324312537908554,0.19437295198440552,-0.09391704201698303,-0.06417109072208405,-0.011405989527702332,0.6237653493881226,0.15491332113742828,0.4137747883796692,0.37228816747665405,-0.18182112276554108,0.014723315834999084,0.14282497763633728,-0.5310495495796204,0.04771893471479416,-0.5439592599868774,0.35641998052597046,-0.07090149074792862,-0.06594230234622955,0.29986685514450073,0.1833016723394394,0.8696302175521851,0.1930205225944519,0.06758655607700348,-0.4833315908908844,-0.013480385765433311,-0.01983029954135418,0.21278350055217743,-0.05870281532406807,-0.6168526411056519,-0.16692064702510834,-0.15796031057834625,0.22381405532360077,-0.24918751418590546,-0.3409556746482849,-0.3234376907348633,0.07424857467412949,0.05981488898396492,0.1403811275959015,0.005708777811378241,0.21541008353233337,-0.051461778581142426,-1.5443096160888672,-0.09868143498897552,0.21238353848457336,-0.053173791617155075,-0.19188903272151947,0.08201148360967636,-0.06483335047960281,0.6540613770484924,0.1577337682247162,-0.04591388255357742,0.03158485144376755,0.4203360676765442,0.13206453621387482,0.3238215744495392,-0.7452938556671143,0.05650779604911804,-0.1887371689081192,-0.1920415461063385,0.3266996741294861,0.27982839941978455,0.28943759202957153,-0.2309960424900055,-0.3572242856025696,-0.0710478201508522,0.062305063009262085,0.26837125420570374,-0.07778946310281754,0.23923245072364807,-0.13244692981243134,-0.23199394345283508,0.5088579058647156,-0.6693248748779297,0.04078233987092972,0.22497352957725525,0.048316020518541336,-0.03718532249331474,0.7578827738761902,-0.048657745122909546,-0.006374448537826538,0.4570198953151703,-0.29521089792251587,-0.052028536796569824,-0.11102237552404404,0.03919314593076706,0.2396775186061859,0.07181727886199951,0.12276320159435272,-0.147602841258049,0.3492053151130676,0.15678873658180237,-0.13509613275527954,0.6883907318115234,-0.15357431769371033,-0.4167086184024811,-1.1997877359390259,0.7550932168960571,0.18138721585273743,0.14037714898586273,0.3088635206222534,-0.6404898166656494,0.1967805176973343,-0.06792927533388138,0.03692109137773514,-1.0746724605560303,0.01798895001411438,-0.6303986310958862,0.05163414031267166,0.0803290456533432,0.10458661615848541,1.2316138744354248,-0.5935980677604675,-0.22706261277198792,0.12151284515857697,-0.0883384570479393,0.35269400477409363,-0.4341842532157898,-0.4378397464752197,0.315989226102829,-0.13672392070293427,0.5580137372016907,0.28592267632484436,0.28094932436943054,-0.14850804209709167,-0.17664480209350586,0.9603275060653687,-0.03682934120297432,-0.07941696047782898,-0.18965932726860046,0.1457126885652542,-0.27653229236602783,-0.33363285660743713,-0.5373744368553162,1.4507948160171509,-0.12679491937160492,-0.07210075855255127,-0.29166537523269653,-0.31762757897377014,-0.10958988964557648,0.07428658753633499,1.3047066926956177,-0.273231565952301,0.8384459614753723,0.21369950473308563,0.12356854975223541,1.3423452377319336,-0.4600186347961426,0.45430436730384827,-0.45097270607948303,0.04328463599085808,-0.0464966781437397,0.21511459350585938,-0.22880080342292786,0.02767854928970337,0.040632545948028564,-0.09658893197774887,0.5255302786827087,0.4605083465576172,-0.3589513897895813,-0.15882377326488495,-0.06866195052862167,0.057474274188280106,0.03248249739408493,0.061641253530979156,0.02503901720046997,-0.3376918435096741,-0.18294085562229156,0.48183363676071167,0.08082590252161026,-0.4937446713447571,-0.032777756452560425,0.23577547073364258,0.18700550496578217,0.23161783814430237,0.3337286412715912,-0.12101922184228897,-0.8170448541641235,0.17645356059074402,0.11364246904850006,0.10092296451330185,-0.37414607405662537,-0.15137329697608948,1.2875808477401733,-0.2850090265274048,0.0014595187967643142,-0.3587970435619354,-0.16155043244361877,-0.5760840177536011,-0.11037907749414444,-0.013632680289447308,-0.11780145019292831,0.5231720209121704,0.04837725684046745,0.04778413102030754,0.12205485999584198,-0.06418299674987793,0.44237279891967773,0.02957531437277794
CID000054374,833,0.08610733598470688,-0.01892666332423687,-0.6238447427749634,-0.1259617954492569,0.5711765289306641,-0.11396782100200653,-0.04560152441263199,-0.8457345962524414,-0.0060281902551651,-0.26053085923194885,0.5009726881980896,0.18607911467552185,-0.031093399971723557,-0.08303727954626083,-0.005306705832481384,0.021519003435969353,0.7481354475021362,-0.1961374431848526,-0.772968590259552,0.11940683424472809,-0.6596134305000305,0.4984712600708008,0.4467913508415222,-0.19906926155090332,-1.4849226474761963,-0.811468780040741,-0.11074148118495941,-0.25310972332954407,0.22011110186576843,0.143464595079422,1.5576026439666748,0.043512485921382904,0.0510600283741951,-0.003145927097648382,-0.6590314507484436,0.005168689880520105,0.2990264892578125,0.07344792783260345,-0.1424112170934677,-0.09344600886106491,-0.7532715201377869,0.5664873719215393,-0.25617045164108276,-0.3475278913974762,0.18808890879154205,-0.1702965945005417,0.7267262935638428,-0.18158560991287231,-0.8314765691757202,0.13601727783679962,-1.0125901699066162,0.8246912956237793,0.6635323762893677,-0.04335764795541763,0.22509615123271942,-0.24849145114421844,-0.14546239376068115,1.0004246234893799,0.48475831747055054,0.014831965789198875,-0.24968311190605164,-0.08686629682779312,-0.03830526024103165,0.9572216272354126,-0.04111305624246597,0.6207975745201111,-0.14227759838104248,0.13869765400886536,-0.05193815380334854,0.0549665167927742,-0.9934240579605103,0.10235133022069931,-0.7993221282958984,0.2426026314496994,0.024503976106643677,0.8014284372329712,0.5588439702987671,0.07491795718669891,0.9385027885437012,-0.035208433866500854,0.03466523811221123,-0.11404407024383545,-0.419060617685318,0.2595483958721161,0.020998936146497726,0.5701584219932556,-1.1831142902374268,0.05582856386899948,-0.4447881281375885,0.3169904947280884,-0.09518252313137054,0.17595596611499786,-0.2749790549278259,0.19240954518318176,-0.0939210057258606,-0.2098444402217865,-0.027379732578992844,0.5031543970108032,0.014124641194939613,-1.1475235223770142,-0.3395008146762848,-1.4618038903790875e-06,0.2902061641216278,0.04499868303537369,0.2795160114765167,-0.3033924698829651,0.7842161059379578,-0.2761332392692566,0.17703965306282043,0.17796143889427185,0.12197049707174301,-0.2250380516052246,0.75763338804245,-1.0908353328704834,0.28420889377593994,-0.2798920273780823,-0.011067355051636696,-0.04160527139902115,0.45187124609947205,0.4776894152164459,-0.21796903014183044,-0.28590118885040283,-0.265636146068573,0.027131903916597366,-0.2177528440952301,0.1202138289809227,0.20363084971904755,0.030037781223654747,0.08675290644168854,0.041612520813941956,-0.6640718579292297,0.10649819672107697,0.6235687732696533,0.07282939553260803,-0.05609499663114548,0.7130227088928223,-0.012926185503602028,-0.28159961104393005,0.4037350118160248,-0.2283649742603302,-0.03479989618062973,0.03383655473589897,0.11276868730783463,0.05036858469247818,0.08071144670248032,0.13791881501674652,-0.7285493612289429,0.1698729693889618,0.4103902280330658,0.11368276178836823,0.9822334051132202,-0.34432727098464966,-0.8166216015815735,-1.3493340015411377,1.5079410076141357,-0.09469543397426605,0.0731968879699707,0.011954059824347496,-0.3788871467113495,0.0166489090770483,0.16624802350997925,0.06606616079807281,-1.0630030632019043,0.22114050388336182,-0.6315039396286011,-0.15597356855869293,0.242835134267807,-0.07621284574270248,0.4395034909248352,-0.6282894015312195,-0.2078276127576828,-0.5815162658691406,0.10692790895700455,-0.12777236104011536,-0.788772702217102,0.10246874392032623,0.49861568212509155,0.044793613255023956,0.5605375170707703,0.05392635613679886,0.5327795743942261,-0.10758725553750992,-0.3999146819114685,0.8686891794204712,-0.00996361393481493,-0.7819988131523132,-0.02052782103419304,-0.1662653386592865,-0.4512358605861664,-0.3176204562187195,-0.7017470002174377,0.7684156894683838,-0.026811007410287857,-0.20824909210205078,0.13671036064624786,-0.0148549135774374,-0.18845809996128082,-0.16407251358032227,0.25825151801109314,-0.043199747800827026,0.37939921021461487,0.14900723099708557,0.09413768351078033,0.06871317327022552,-0.5178387761116028,0.12167056649923325,-0.3011414408683777,0.14421214163303375,0.09692386537790298,-0.004619571380317211,-0.26682841777801514,0.13336607813835144,0.018182311207056046,-0.22460022568702698,0.49624061584472656,0.12536115944385529,-0.3151722550392151,-0.4822673201560974,0.03477027639746666,-0.08566365391016006,0.18713703751564026,0.1799274981021881,0.11782081425189972,0.015951192006468773,-0.1553947776556015,0.3649654686450958,-0.14589115977287292,-0.8901426196098328,-0.40685129165649414,0.014736887998878956,-0.025579994544386864,0.11888054758310318,0.3005560040473938,-0.09256146848201752,-1.217625379562378,0.1976703703403473,-0.17390337586402893,-0.16795428097248077,-0.09575992822647095,-0.07443957030773163,0.8387778997421265,-0.2584296464920044,-0.18494293093681335,-0.24108514189720154,-0.19341237843036652,-0.5676869750022888,-0.015885377302765846,0.08970780670642853,-0.09910476952791214,0.2458299696445465,-0.09070762246847153,-0.16225741803646088,0.25446242094039917,-0.19884076714515686,0.2800142467021942,0.258945107460022
CID000002130,847,0.18644578754901886,-0.5112518072128296,-0.8070464134216309,0.0027583404444158077,0.25558072328567505,-0.19039534032344818,-0.020512431859970093,-0.5806296467781067,0.000540412962436676,0.1039872020483017,-0.14575541019439697,0.11048344522714615,-0.012154411524534225,-0.4974941313266754,0.11879967153072357,-0.2348821610212326,0.34826889634132385,0.0684509426355362,-0.20064735412597656,0.04336828738451004,-0.05495380610227585,-0.07618974149227142,0.37306323647499084,0.08475371450185776,-0.9115638732910156,-0.8046132326126099,-0.7983572483062744,-0.22249169647693634,-0.0644875317811966,0.018256327137351036,0.6979265213012695,-0.10695791244506836,-0.1770053207874298,0.47875291109085083,-0.7383970022201538,-0.08781794458627701,0.8274513483047485,-0.26334071159362793,-0.23027834296226501,-0.05579261854290962,-0.45424801111221313,0.4807772636413574,-0.46891728043556213,-0.43663421273231506,-0.13604803383350372,-0.29491350054740906,0.5993108153343201,-0.19945982098579407,-0.4588012099266052,0.23809406161308289,-0.97771817445755,0.7093960642814636,0.5642616152763367,0.0556257963180542,0.2822105288505554,-0.2096666842699051,-0.3156343698501587,1.0828726291656494,0.0806732326745987,0.2566198408603668,-0.24166233837604523,-0.27327147126197815,0.12712225317955017,1.1789511442184448,0.08326507359743118,0.36314672231674194,-0.10071387141942978,0.06995387375354767,-0.07298509031534195,0.09615427255630493,-0.7037490606307983,0.09243319928646088,-0.9711155891418457,0.46967750787734985,0.048009224236011505,0.06986872851848602,0.4776080250740051,0.09629199653863907,1.349115014076233,0.29987508058547974,0.01149424072355032,-0.7246623635292053,0.22485490143299103,-0.12988576292991638,-0.35703080892562866,0.18967176973819733,-0.5537313222885132,-0.27777156233787537,0.18744386732578278,0.03544320911169052,-0.17262034118175507,0.21860142052173615,-0.2200726568698883,-0.07254041731357574,-0.04016038030385971,-0.16763590276241302,0.1587013304233551,0.2964547872543335,0.23603172600269318,-1.1183724403381348,-0.07264724373817444,0.13458195328712463,0.1699717789888382,-0.3025435209274292,0.21826907992362976,-0.23902909457683563,1.0400830507278442,0.06951010227203369,0.01459378283470869,-0.21825940907001495,0.008317604660987854,-0.12339117377996445,0.7167763113975525,-0.4242328107357025,-0.08080790936946869,-0.23938676714897156,-0.5741797089576721,-0.037250228226184845,0.14093804359436035,0.01655995287001133,-0.11503364890813828,-0.4345110058784485,0.06367087364196777,0.11152873933315277,-0.11853716522455215,0.014064565300941467,0.4100777506828308,-0.2602960169315338,0.09279008209705353,0.4570228159427643,-0.9544450044631958,0.0695573091506958,0.32247668504714966,0.13103875517845154,-0.04237448424100876,0.9788602590560913,0.3866439163684845,0.06153007596731186,-0.017646703869104385,-0.07574301958084106,-0.31964147090911865,-0.5884824395179749,0.26613131165504456,-0.022674452513456345,-0.09442654252052307,0.10639744997024536,-0.06590982526540756,0.22950394451618195,-0.15477240085601807,-0.504623293876648,0.6402530670166016,-0.17810778319835663,-0.5059363842010498,-0.9606917500495911,0.5814415812492371,-0.5075625777244568,0.030594121664762497,0.011665308848023415,-0.7533286809921265,0.08832573890686035,0.03760245814919472,0.11937854439020157,-0.7256811857223511,-0.09472916275262833,-0.46668657660484314,-0.42401981353759766,0.18344399333000183,0.07955119758844376,0.6512275338172913,-0.5215529203414917,-0.27372437715530396,-0.1109130010008812,-0.13251438736915588,0.27407529950141907,-0.6605381965637207,-0.311513751745224,0.770466685295105,-0.10576106607913971,0.41524213552474976,-0.2344527691602707,0.3418320417404175,-0.21057109534740448,-0.21062278747558594,1.046842336654663,0.13115450739860535,-0.40275317430496216,0.027432158589363098,0.05969492346048355,-0.7247685194015503,-0.17403855919837952,-0.4419172704219818,1.0068259239196777,0.03164070099592209,-0.5060211420059204,0.06738980859518051,-0.0036947994958609343,0.05639183521270752,0.16901233792304993,0.6600438952445984,-0.04147682711482048,0.8088854551315308,0.181046724319458,-0.095415398478508,0.59417325258255,-0.3715740740299225,0.0025681047700345516,0.08977783471345901,0.27480989694595337,-0.2695726454257965,-0.07645561546087265,-0.3783457577228546,-0.1243433952331543,-0.3752923309803009,-0.048606984317302704,0.5754798054695129,0.30766594409942627,0.18277958035469055,-0.1313837468624115,-0.011575618758797646,0.016178961843252182,0.03910794481635094,0.000400179618736729,-0.11121445894241333,0.1272505223751068,0.25773119926452637,0.2127518355846405,0.20933786034584045,-0.8955888748168945,-0.22327427566051483,0.16343101859092712,-0.1775202751159668,0.3735247552394867,0.07732061296701431,-0.251794695854187,-0.6859647631645203,0.28094467520713806,-0.021199261769652367,0.12162218242883682,0.07948808372020721,0.06722985208034515,0.9095150232315063,-0.13754485547542572,0.1602284014225006,-0.2057478427886963,-0.32437556982040405,-0.4066998064517975,-0.1453973352909088,0.27087363600730896,-0.37882518768310547,0.16072937846183777,0.11069884151220322,0.043345265090465546,0.2420119345188141,0.12211630493402481,0.1370934545993805,0.23181113600730896
CID000060612,848,0.05880754441022873,-0.2968505024909973,-0.5635452270507812,0.2154790461063385,0.40221723914146423,-0.13138648867607117,-0.10570770502090454,-0.5242291688919067,-0.14872899651527405,-0.05109196901321411,0.29524677991867065,-0.005251905415207148,-0.051562078297138214,0.04470812901854515,0.1050829291343689,0.11889870464801788,0.18755900859832764,0.15573202073574066,-0.16912852227687836,0.13866367936134338,-0.10701055824756622,0.11238281428813934,0.402884304523468,0.0803309977054596,-0.4346204400062561,-0.7107365727424622,-0.5047025084495544,0.26077622175216675,-0.008718622848391533,0.0265076644718647,0.5615577697753906,0.08416076004505157,-0.07725019752979279,0.4260314404964447,-0.14452041685581207,0.2536833882331848,0.8973576426506042,-0.08925328403711319,0.0342496894299984,0.13808193802833557,0.11293170601129532,0.25345245003700256,-0.40510353446006775,-0.11244042962789536,-0.05206838250160217,0.0891541987657547,0.5704396367073059,-0.2508058547973633,-0.5053271055221558,-0.08739005774259567,-0.5401380658149719,0.18614737689495087,0.43753328919410706,-0.30227822065353394,0.27545732259750366,-0.1247830018401146,-0.3770461976528168,0.4654039740562439,0.031023243442177773,-0.054392971098423004,-0.06853533536195755,-0.15350155532360077,-0.013553607277572155,0.5868258476257324,0.0737120732665062,0.21561844646930695,-0.2076200246810913,-0.16540545225143433,-0.01614389568567276,0.08690601587295532,-0.5250555276870728,0.1205846518278122,-0.6526672840118408,0.5248257517814636,0.06894709914922714,0.2679288983345032,0.43762388825416565,0.040990471839904785,0.3846781551837921,-0.027417045086622238,-0.031329721212387085,-0.20839126408100128,0.07997091859579086,-0.04077977314591408,0.08817201107740402,0.30936527252197266,-0.21848240494728088,-0.09297744929790497,-0.012691917829215527,0.26139035820961,-0.2506163716316223,-0.06397385895252228,-0.09567803144454956,-0.02708400785923004,0.17793986201286316,0.0058248103596270084,-0.0009597927564755082,0.21207976341247559,-0.05686914175748825,-0.8122193217277527,-0.051256634294986725,-0.18461176753044128,0.14552484452724457,0.037908878177404404,0.24032780528068542,-0.02716503106057644,0.965894877910614,-0.09583638608455658,0.20295438170433044,-0.0189361572265625,-0.17347778379917145,0.024129334837198257,0.12196068465709686,-0.2327224463224411,0.16729171574115753,-0.3997334837913513,-0.39304783940315247,-0.04686274006962776,-0.16994062066078186,0.15040205419063568,-0.2524275481700897,-0.2642363905906677,0.17189837992191315,0.055620722472667694,-0.09312304854393005,-0.027751585468649864,0.2942906618118286,-0.03360680863261223,-0.34698599576950073,0.33048608899116516,-0.6203427910804749,-0.4297220706939697,0.3362276256084442,0.193913996219635,0.07598794251680374,0.6683244109153748,0.23616831004619598,-0.10657819360494614,0.22429780662059784,-0.15617111325263977,-0.05789292976260185,-0.2134501039981842,0.04419870674610138,0.07851376384496689,0.1359880268573761,0.012778481468558311,-0.20584158599376678,-0.020262647420167923,-0.0789254680275917,-0.07560507953166962,0.22098569571971893,-0.12416686117649078,-0.4549865126609802,-0.5565910935401917,0.541764497756958,-0.10849841684103012,0.3407513499259949,0.06890624016523361,-0.3927401602268219,-0.07189419865608215,-0.06540708243846893,0.2934001088142395,-0.9469844698905945,0.12834613025188446,-0.3367229700088501,0.07265113294124603,0.00464973459020257,-0.21070218086242676,0.6828791499137878,-0.5142437815666199,-0.2525292634963989,-0.0517955906689167,0.027921408414840698,-0.06733451783657074,-0.5225809216499329,-0.2617858946323395,0.38569292426109314,0.061613183468580246,0.5577372312545776,-0.05539058893918991,0.5877041220664978,-0.16782239079475403,-0.1444264054298401,0.4478130340576172,-0.09327898174524307,-0.4650495946407318,-0.14937928318977356,-0.1639566570520401,-0.1934310495853424,-0.057170670479536057,-0.33480149507522583,1.032575011253357,-0.07460823655128479,-0.41662612557411194,0.11392291635274887,-0.10853242874145508,-0.010261926800012589,0.20017974078655243,0.5129994750022888,-0.06139475107192993,0.33151522278785706,0.41513460874557495,-0.10783328115940094,0.2002754509449005,-0.4563348889350891,-0.3860366940498352,-0.21403959393501282,0.09860320389270782,-0.06212623044848442,-0.1529732644557953,-0.11706288158893585,0.00495432922616601,-0.18699660897254944,-0.316675066947937,0.6111942529678345,-0.10998789966106415,0.0270706620067358,-0.33193981647491455,-0.03808096796274185,0.08571089804172516,0.19532936811447144,0.024455243721604347,0.18418534100055695,-0.19604551792144775,0.1768750250339508,0.016501134261488914,-0.05294002220034599,-0.5236769914627075,-0.22972917556762695,-0.013865070417523384,-0.23272375762462616,0.053664498031139374,0.09503479301929474,-0.13029637932777405,-0.4799526333808899,0.08059154450893402,0.17228130996227264,-0.1637669950723648,0.03902915120124817,-0.07043708860874176,0.7878904342651367,-0.29419904947280884,0.039028022438287735,-0.3003578782081604,-0.09883250296115875,-0.27756643295288086,0.15782390534877777,0.12983737885951996,-0.07718880474567413,0.26441651582717896,0.34321337938308716,0.06461691111326218,0.31939932703971863,-0.0728633850812912,0.22438204288482666,0.08582977950572968
CID000002720,855,0.04062535613775253,-0.22021456062793732,-0.4565824866294861,0.15379129350185394,0.3267136812210083,-0.18055345118045807,-0.07406425476074219,-0.40592509508132935,-0.2121882438659668,0.03807150945067406,0.288003534078598,0.1324949711561203,-0.03490171581506729,0.08962669223546982,0.029557520523667336,0.137661874294281,0.17616629600524902,0.12358713150024414,-0.10288338363170624,0.23279574513435364,-0.07218810170888901,0.11102521419525146,0.4878363609313965,-0.0027842908166348934,-0.23661132156848907,-0.6714297533035278,-0.5256551504135132,0.007288432214409113,0.054335277527570724,0.09978852421045303,0.5343996286392212,0.14965251088142395,-0.07731850445270538,0.4810508191585541,-0.14621707797050476,0.07088625431060791,0.8635285496711731,-0.11307533830404282,0.029020881280303,0.10086395591497421,0.014374449849128723,0.32819151878356934,-0.5089564919471741,0.0983956903219223,-0.06531515717506409,0.02255048230290413,0.5049423575401306,-0.21127906441688538,-0.4493137001991272,-0.06486789882183075,-0.31029996275901794,0.17138758301734924,0.316551148891449,-0.22414541244506836,0.261503666639328,-0.25042715668678284,-0.2189665138721466,0.40798473358154297,0.06891924142837524,-0.13584467768669128,0.1174851804971695,-0.20315642654895782,0.09213709831237793,0.6007717847824097,0.05048482492566109,0.12347690761089325,-0.22967413067817688,-0.13532303273677826,-0.016927111893892288,0.06852242350578308,-0.5377992391586304,0.18317048251628876,-0.5997644066810608,0.609172523021698,0.058544743806123734,0.27438533306121826,0.4440748691558838,0.3466269075870514,0.38883939385414124,0.019945483654737473,0.020776113495230675,-0.1830051690340042,0.13784754276275635,-0.11244146525859833,0.05508916825056076,0.34951382875442505,-0.0377269983291626,-0.06272098422050476,-0.048625119030475616,0.05675145983695984,-0.252674400806427,-0.041257090866565704,-0.0651155486702919,0.14717046916484833,0.07962365448474884,-0.09281173348426819,-0.034871023148298264,0.18946747481822968,-0.02138490043580532,-0.5057089328765869,-0.03241428732872009,-0.1882324367761612,0.14935070276260376,-0.009990614838898182,0.26105543971061707,-0.06782424449920654,0.7986961603164673,-0.10773307085037231,0.2391255646944046,-0.12286647409200668,0.011577975936233997,0.06821368634700775,0.21358104050159454,-0.03849811106920242,0.20873363316059113,-0.3542894721031189,-0.3827914595603943,0.05555281788110733,0.015493166632950306,0.04399120807647705,-0.19618691504001617,-0.3400869369506836,0.13427217304706573,0.08262939006090164,0.05267896503210068,0.16562007367610931,0.12227966636419296,-0.038618750870227814,-0.22766582667827606,0.17731086909770966,-0.5795146226882935,-0.31437212228775024,0.37945231795310974,0.0914105623960495,0.03332621604204178,0.7535156011581421,0.21944749355316162,-0.11298264563083649,0.2686834931373596,-0.08689199388027191,-0.07657359540462494,-0.1398637592792511,0.009930729866027832,0.10451464354991913,0.14237964153289795,-0.05680844932794571,-0.17359749972820282,-0.10246987640857697,-0.05162026733160019,0.03168760985136032,0.13206623494625092,-0.040576688945293427,-0.5134703516960144,-0.510895848274231,0.33125728368759155,-0.26528939604759216,0.2083989679813385,0.021649222820997238,-0.3539324998855591,-0.15654632449150085,-0.059029627591371536,0.1203295961022377,-0.7086279988288879,-0.014584955759346485,-0.33287355303764343,0.05800963193178177,0.07455002516508102,-0.127073734998703,0.6623788475990295,-0.5934540629386902,-0.15041977167129517,-0.09083668887615204,-0.024656478315591812,-0.11757403612136841,-0.5287391543388367,-0.28230372071266174,0.2894916236400604,0.09774362295866013,0.4769148826599121,-0.09454463422298431,0.7688824534416199,-0.15547145903110504,-0.18199507892131805,0.37064337730407715,-0.03661331161856651,-0.4739294946193695,0.05929828807711601,-0.22743017971515656,-0.1851792335510254,-0.07339324057102203,-0.20139499008655548,0.86689293384552,5.014985799789429e-05,-0.488729864358902,0.11627771705389023,-0.07325605303049088,0.01230192743241787,0.22185249626636505,0.35429662466049194,-0.1541232168674469,0.17611239850521088,0.4685291647911072,-0.10421977937221527,0.16504426300525665,-0.5182899832725525,-0.4572816789150238,-0.15876397490501404,-0.02057354524731636,-0.2130955010652542,-0.12726977467536926,-0.09596642106771469,-0.034788478165864944,-0.0810159221291542,-0.2235468327999115,0.7253755331039429,-0.04184860736131668,-0.004004156682640314,-0.183711975812912,0.07961787283420563,0.0645437017083168,0.3491852879524231,0.01065216027200222,0.10815352201461792,-0.06567678600549698,0.1598743498325348,0.0285949669778347,0.03137272596359253,-0.60650634765625,-0.22717371582984924,-0.04609336331486702,-0.1514110565185547,0.13740821182727814,0.1254391223192215,-0.21322016417980194,-0.47747936844825745,0.08350513875484467,0.07520212978124619,-0.21935006976127625,-0.0330788716673851,-0.04036930948495865,0.5707664489746094,-0.39936381578445435,0.04542524740099907,-0.2544589340686798,-0.033355288207530975,-0.21568524837493896,0.022865405306220055,0.0848478451371193,-0.07135478407144547,0.21178147196769714,0.15987858176231384,0.08676286786794662,0.14187394082546234,-0.24653887748718262,0.13075147569179535,0.14406070113182068
CID003081884,859,-0.04975751414895058,-0.5113006234169006,-0.7129745483398438,-0.1944648027420044,0.49441438913345337,0.04554452747106552,0.16944053769111633,-0.49116072058677673,-0.2904251515865326,-0.09800940752029419,0.06010037660598755,-0.2798910439014435,-0.02452903613448143,-0.20576028525829315,0.018444394692778587,0.24834421277046204,0.6948114633560181,0.21181407570838928,-0.5184513330459595,0.024232536554336548,-0.4400915205478668,0.11094477027654648,0.7140909433364868,0.35397374629974365,-0.9315071105957031,-0.9559499025344849,-0.36482250690460205,-0.3164900243282318,0.23917560279369354,0.22987791895866394,1.0248260498046875,-0.24798333644866943,-0.3044503331184387,0.5301330089569092,-0.3818613588809967,-0.06693881005048752,1.188133955001831,-0.29629212617874146,-0.05448877811431885,0.2542639672756195,-0.6520811915397644,0.9257057905197144,-0.3320125937461853,0.14141845703125,0.15059487521648407,-0.2397426813840866,0.7376621961593628,0.3801584839820862,-0.3968462347984314,0.006106634624302387,-0.45440229773521423,0.7228348255157471,0.6963323354721069,0.0957011803984642,0.07919378578662872,-0.6687934994697571,0.04847303777933121,1.1197469234466553,0.18632562458515167,-0.17831185460090637,0.16230961680412292,-0.3042610287666321,-0.2837441563606262,0.94182288646698,0.4638172686100006,0.47503966093063354,0.19693103432655334,0.14655765891075134,0.08830457180738449,-0.1395605057477951,-0.9864175915718079,-0.13095468282699585,-0.49942636489868164,0.14074595272541046,0.13100871443748474,0.49560385942459106,0.5040751695632935,-0.08195968717336655,0.3650556206703186,0.21922659873962402,0.3182709813117981,-0.10398359596729279,-0.07140917330980301,-0.2716480791568756,0.4008243680000305,0.20479722321033478,-0.5742264986038208,0.1226402074098587,-0.09733127057552338,-0.17316420376300812,0.26388680934906006,0.1976352483034134,-0.03221907094120979,-0.05148082971572876,0.008264926262199879,-0.446037620306015,-0.1964854598045349,-0.00886130053550005,-0.15642645955085754,-0.7100565433502197,-0.28219375014305115,0.12769652903079987,-0.010311293415725231,-0.38404005765914917,0.2801978290081024,-0.2233777493238449,0.7919490933418274,0.23275427520275116,-0.034497302025556564,-0.06622391194105148,0.24761834740638733,-0.19598114490509033,0.9160218238830566,-0.4053944945335388,0.2649400532245636,-0.18530358374118805,-0.032400552183389664,0.24391338229179382,-0.16683915257453918,0.0697292685508728,-0.08004677295684814,-0.01200009509921074,-0.002660144120454788,-0.019887251779437065,-0.2665337920188904,0.055226705968379974,0.23372407257556915,-0.39608529210090637,0.13650698959827423,0.6405016779899597,-0.8891351819038391,0.00924762524664402,0.40003448724746704,0.05896938592195511,0.004327577538788319,1.2371063232421875,0.12368448078632355,-0.2943723201751709,0.11241339147090912,0.16802045702934265,-0.07439688593149185,-0.1885790079832077,0.18766725063323975,0.10316643863916397,-0.034109145402908325,-0.36214369535446167,-0.6289480924606323,0.2943291664123535,0.14975981414318085,-0.127693772315979,0.5907686352729797,0.31100553274154663,-0.8610841035842896,-0.704099178314209,0.6610484719276428,-0.3542686104774475,-0.23304636776447296,-0.042563363909721375,-0.7178753614425659,0.2369142770767212,-0.07970090210437775,-0.1832118034362793,-1.1502225399017334,-0.0903552770614624,-0.5076708793640137,-0.28809016942977905,-0.10632042586803436,-0.27545660734176636,0.7088543772697449,-0.3400272727012634,-0.4523865282535553,0.09977580606937408,-0.08217550814151764,0.018304305151104927,-0.6883921027183533,0.46825090050697327,0.4758349359035492,0.016535881906747818,0.5999574065208435,-0.16700629889965057,0.45511770248413086,-0.1500891149044037,-0.05495240166783333,0.6905578970909119,0.18604415655136108,-0.20460999011993408,0.09026803076267242,-0.12997622787952423,-0.3504139482975006,-0.025067832320928574,-0.44321027398109436,0.6074540019035339,-0.19139054417610168,-0.4646545946598053,-0.27171313762664795,0.14787185192108154,0.0916556790471077,0.1185959130525589,0.3529857397079468,-0.03234446048736572,0.48141202330589294,0.12910914421081543,0.05601208657026291,0.03715664893388748,-0.5605403184890747,-0.23281149566173553,-0.42518606781959534,0.12178760766983032,-0.12352999299764633,-0.19286592304706573,-0.2119394838809967,-0.1665908396244049,0.18077035248279572,-0.3631739020347595,0.4998844265937805,0.05092194676399231,-0.21038754284381866,0.01338074542582035,-0.415381520986557,-0.06383387744426727,0.37909430265426636,-0.03059496358036995,-0.05758466571569443,0.14650467038154602,-0.20907366275787354,0.1840788871049881,-0.04966744780540466,-1.26939058303833,0.041847310960292816,0.012224431149661541,0.13059508800506592,0.6088259816169739,0.28082579374313354,-0.021343080326914787,-0.887954831123352,0.26079708337783813,0.038872428238391876,0.19926567375659943,-0.508386492729187,0.060513388365507126,0.43848928809165955,-0.42685064673423767,-0.15351232886314392,-0.35124513506889343,-0.4209805428981781,-0.4354263246059418,0.20233242213726044,0.02665005251765251,0.04629920423030853,0.14225739240646362,0.11674460023641586,0.05773572251200676,0.281348317861557,-0.15181005001068115,0.285510390996933,0.1362811028957367
CID000002142,864,0.0025451735127717257,0.046660590916872025,-0.8145273327827454,-0.05478937551379204,-0.11076845228672028,0.017953794449567795,-0.13790960609912872,-0.49747663736343384,-0.03589789196848869,0.04343492537736893,0.3803998827934265,0.2948912978172302,-0.06029424071311951,-0.25435951352119446,-0.26796963810920715,0.23015013337135315,0.5121395587921143,-0.0645115002989769,-0.24005766212940216,-0.21613474190235138,-0.37047722935676575,0.27616459131240845,0.3888099789619446,-0.005877113435417414,-0.745407223701477,-1.224367618560791,-0.5712490677833557,-0.12323534488677979,-0.14267538487911224,0.040834762156009674,1.535953164100647,0.18355245888233185,0.0943463146686554,0.25816380977630615,-0.2774449288845062,0.05572798103094101,1.1466306447982788,-0.3465386927127838,0.053097259253263474,-0.46300673484802246,-0.2324380874633789,0.6376375555992126,-0.4631933271884918,0.07060059159994125,0.06302611529827118,-0.23789560794830322,0.6938193440437317,-0.19741490483283997,-0.33838576078414917,-0.07589910924434662,-0.7227972745895386,0.1859368085861206,0.47266626358032227,0.057573236525058746,0.4078332781791687,-0.6641942858695984,-0.19207528233528137,0.37550538778305054,-0.14411208033561707,-0.004194319248199463,-0.19960077106952667,0.009939569048583508,-0.0997648760676384,1.2130810022354126,0.033804748207330704,0.4191623628139496,0.021820904687047005,-0.08008623123168945,0.005633567459881306,0.055766183882951736,-0.5897291898727417,-0.08161594718694687,-0.5971069931983948,0.3121632933616638,0.09394969046115875,0.6679091453552246,0.6738899946212769,0.5129982233047485,0.4350399374961853,0.1311677247285843,-0.07503707706928253,-0.19736628234386444,0.15206967294216156,0.11046864837408066,0.17009992897510529,0.16716867685317993,0.09203039109706879,-0.556624710559845,-0.09686915576457977,-0.00907147116959095,-0.28930598497390747,0.1700349748134613,-0.13490396738052368,0.17615211009979248,-0.1683892160654068,0.11707739531993866,-0.03328348323702812,0.41840654611587524,0.04283476620912552,-0.9893985986709595,-0.3285861015319824,0.09051109105348587,-0.0311929639428854,-0.37171468138694763,-0.181925967335701,-0.2727174460887909,1.2121944427490234,-0.18905732035636902,0.24213211238384247,0.21851196885108948,-0.05566640570759773,-0.14217939972877502,0.17049115896224976,-0.5898738503456116,0.09766997396945953,-0.4512377679347992,-0.29761120676994324,-0.0014540583360940218,0.04867859557271004,0.45858877897262573,-0.38119715452194214,0.313040167093277,0.31184205412864685,0.09606081992387772,0.14572377502918243,0.15520094335079193,0.02804318070411682,-0.22472825646400452,-0.19401590526103973,0.1057061180472374,-0.8070336580276489,-0.20970110595226288,0.04213511198759079,-0.0075028566643595695,0.14121511578559875,0.925942063331604,-0.2199406921863556,-0.4295186996459961,0.3297489583492279,-0.09308407455682755,-0.20753034949302673,-0.25890859961509705,-0.23233339190483093,0.08603350818157196,-0.06610467284917831,-0.07677404582500458,-0.24928033351898193,0.1517980992794037,0.3719446361064911,0.10739777237176895,0.5410023331642151,-0.15244147181510925,-1.059621810913086,-0.6861177086830139,0.6894946098327637,0.048408471047878265,0.10096538066864014,-0.07300542294979095,-0.3954133987426758,-0.05493931844830513,0.08997850120067596,0.11631573736667633,-0.8180948495864868,0.30203086137771606,-0.35251384973526,-0.3096335530281067,-0.38482528924942017,0.28730979561805725,0.8388032913208008,-0.3008546233177185,-0.17207887768745422,0.047370173037052155,0.09677185118198395,0.2726425528526306,-0.5511367321014404,-0.03427773714065552,0.935327410697937,-0.21443073451519012,0.48037344217300415,0.5605610609054565,0.6062430143356323,-0.2936986982822418,-0.40157803893089294,0.2860291600227356,0.08461470901966095,-1.155605673789978,-0.24680212140083313,0.19120827317237854,-0.37478986382484436,0.009387862868607044,-0.42569294571876526,0.7091220617294312,-0.10703861713409424,-0.2736184000968933,-0.1404317021369934,0.12711867690086365,0.027948791161179543,-0.1637912541627884,0.5962569117546082,-0.12206927686929703,0.3751489520072937,0.1342509239912033,-0.09813964366912842,-0.08998759835958481,-0.46697893738746643,0.041058044880628586,-0.14566829800605774,0.26146185398101807,0.20193597674369812,0.08178877830505371,-0.007143229246139526,0.11402930319309235,0.043917134404182434,-0.1804620921611786,1.4611871242523193,0.41829967498779297,-0.251444548368454,0.15218329429626465,0.15088748931884766,0.21897783875465393,-0.048055242747068405,0.1609797328710556,-0.12102105468511581,-0.40789294242858887,-0.03296341747045517,0.3786504566669464,-0.08048741519451141,-0.9070655107498169,-0.13185283541679382,0.1326681673526764,0.10888300091028214,0.13372987508773804,-0.08107050508260727,-0.33679506182670593,-0.6145245432853699,-0.2549174427986145,-0.020476998761296272,0.039915893226861954,-0.1689349263906479,0.013132154941558838,1.4860888719558716,-0.3911924958229065,-0.2925906777381897,-0.5494759678840637,-0.29803478717803955,-0.40545591711997986,-0.25500157475471497,0.10868117958307266,-0.2763609290122986,-0.03795672580599785,0.2561619281768799,0.2147640883922577,-0.1725654900074005,-0.00644204905256629,-0.07889340072870255,0.20519927144050598
CID000003152,869,0.10535217821598053,-0.12063474953174591,-0.5673673748970032,0.05827052518725395,0.3431875705718994,-0.12433172762393951,-0.15603096783161163,-0.6255393028259277,-0.1187998503446579,-0.2067430019378662,0.35234060883522034,0.0923561230301857,-0.1915103942155838,-0.050762586295604706,-0.01161091960966587,0.06730221211910248,0.5453011989593506,-0.029585039243102074,-0.34875252842903137,0.1833294928073883,-0.08498833328485489,-0.14138124883174896,0.4137423038482666,0.123072050511837,-0.35321754217147827,-0.5295997858047485,-0.1326427012681961,-0.2908191680908203,0.31719979643821716,-0.1345369517803192,0.48766016960144043,0.08528943359851837,-0.09915898740291595,0.19199416041374207,-0.3616064190864563,0.01517399586737156,0.5510521531105042,-0.14790217578411102,-0.02392098680138588,-0.10474503040313721,-0.5233591794967651,0.48945268988609314,-0.24899578094482422,0.13244780898094177,0.03683760017156601,0.12632301449775696,0.6401004195213318,0.16022071242332458,-0.5944956541061401,0.04224616289138794,-0.6297233700752258,0.1687050759792328,0.25607943534851074,-0.19200871884822845,0.24360044300556183,-0.34603995084762573,-0.18996009230613708,0.8081140518188477,0.04008818790316582,-0.19749410450458527,0.22747202217578888,-0.16276895999908447,0.12263266742229462,0.769245445728302,0.0058435797691345215,0.24737998843193054,0.004543733783066273,0.08790610730648041,-0.10371621698141098,-0.027371812611818314,-0.7818078994750977,0.14785611629486084,-0.43833693861961365,0.4302319586277008,-0.10913769155740738,0.5622570514678955,0.43549004197120667,0.3802308440208435,0.7343973517417908,-0.07459911704063416,-0.03253058344125748,-0.19508607685565948,0.0400836244225502,-0.13243377208709717,0.4354762136936188,0.35022038221359253,-0.3367157578468323,0.12307529151439667,-0.02288019098341465,0.050669699907302856,-0.03863468021154404,0.024858659133315086,-0.1485740840435028,0.09922122955322266,0.09489977359771729,-0.14932946860790253,-0.29506629705429077,0.22828540205955505,-0.025689560920000076,-0.5423036217689514,-0.05950319021940231,-0.04613249748945236,0.1245526671409607,-0.23960641026496887,0.13379040360450745,-0.25490379333496094,0.5622133016586304,0.09570853412151337,0.21427416801452637,-0.01843547262251377,-0.15745024383068085,0.0150740472599864,0.5290497541427612,-0.35975632071495056,0.20753195881843567,-0.17230582237243652,-0.2744782269001007,0.06836946308612823,-0.10364741086959839,0.07607094198465347,-0.2812906503677368,-0.2572822570800781,0.04917176440358162,0.19943827390670776,-0.09298030287027359,0.13826265931129456,0.22390508651733398,0.13769207894802094,-0.17467041313648224,0.1704607605934143,-0.49816837906837463,-0.28259363770484924,0.42781275510787964,0.20705609023571014,0.11128990352153778,0.7435972690582275,0.2546852231025696,0.06404809653759003,0.2334195077419281,-0.06999474763870239,-0.052544284611940384,-0.22947338223457336,0.2563181519508362,0.18024572730064392,0.0320582389831543,-0.11438336223363876,-0.2914348244667053,-0.1267479956150055,0.03566768020391464,-0.09130527824163437,0.4247365891933441,-0.015329519286751747,-0.6253275275230408,-0.7902235388755798,0.6693311929702759,-0.3845566511154175,0.11197230964899063,0.011921635828912258,-0.40692776441574097,-0.08376564830541611,-0.14041778445243835,0.0031122080981731415,-0.7451321482658386,0.014484008774161339,-0.4301193654537201,-0.06762261688709259,-0.15347932279109955,0.006937018595635891,0.15876205265522003,-0.4085720479488373,-0.15413782000541687,-0.20193445682525635,-0.015499127097427845,-0.20690807700157166,-0.5472080111503601,0.07028908282518387,0.3610744774341583,0.1987035721540451,0.3523542582988739,-0.15469880402088165,0.5812233686447144,-0.042174600064754486,-0.3152502775192261,0.3203274607658386,-0.06892573833465576,-0.4467361867427826,-0.10829844325780869,-0.3420814871788025,0.0011262275511398911,-0.1495286077260971,-0.5300472378730774,0.7433359026908875,0.0949186161160469,-0.3648793697357178,-0.04381430894136429,-0.18893635272979736,-0.15859100222587585,0.099198117852211,0.2113129198551178,-0.043944526463747025,0.5371881723403931,0.2359236776828766,-0.16987156867980957,-0.0641801506280899,-0.33152174949645996,-0.2660149931907654,-0.28721192479133606,0.007112041115760803,-0.03050157055258751,0.014053942635655403,0.19903317093849182,-0.07343645393848419,0.13073961436748505,-0.17722129821777344,0.6060363054275513,-0.20376987755298615,-0.06476374715566635,-0.2474791705608368,-0.05463700369000435,0.001885616802610457,0.14959046244621277,-0.05387157201766968,0.2721118927001953,-0.0879243016242981,-0.1221364364027977,0.04589680954813957,-0.036565762013196945,-0.7984831929206848,-0.1707475781440735,-0.00630539283156395,0.007045581936836243,0.3553124964237213,0.0589587576687336,-0.35523509979248047,-0.6188020706176758,0.22782008349895477,0.12007167190313339,-0.06494465470314026,0.14012059569358826,-0.1634291112422943,0.3957092761993408,-0.3145864009857178,-0.027453526854515076,-0.21485869586467743,-0.1798822581768036,-0.28056299686431885,0.013492275960743427,-0.13673892617225647,-0.12098684161901474,0.3673604726791382,0.0843813568353653,0.10723141580820084,0.1295386403799057,-0.16467157006263733,0.13691195845603943,-0.1316550225019455
CID000002732,874,0.07631056755781174,-0.5204728841781616,-0.5252817273139954,-0.11619840562343597,0.441923052072525,-0.262104868888855,-0.10911844670772552,-0.41253551840782166,-0.35048508644104004,0.15569056570529938,0.4301174283027649,-0.013250988908112049,-0.04392234608530998,-0.20781931281089783,-0.040224410593509674,0.26068201661109924,0.2396009862422943,-0.10122449696063995,-0.24952583014965057,0.09269449859857559,-0.40342187881469727,0.016014790162444115,0.4421694278717041,0.009053888730704784,-0.618704617023468,-0.9579607248306274,-0.5665812492370605,0.04979283735156059,0.18111169338226318,0.02340545691549778,0.8654066324234009,0.07998708635568619,-0.03789130970835686,0.22490282356739044,-0.5320090651512146,0.1329435259103775,0.4555603563785553,-0.19415424764156342,0.03401817008852959,0.19610707461833954,-0.3835645318031311,0.2729015052318573,-0.2854241132736206,-0.2502109110355377,-0.11540313065052032,0.002440250013023615,0.6840354800224304,0.05801168829202652,-0.4368130564689636,-0.10682561248540878,-0.7859014272689819,0.11791019141674042,0.35384780168533325,-0.1230936273932457,0.1866573989391327,-0.22533731162548065,-0.11281897127628326,0.6228483319282532,0.09741462767124176,-0.025945385918021202,-0.17956650257110596,-0.20332631468772888,0.1310739815235138,0.8332597017288208,0.26678401231765747,0.20562198758125305,-0.18432167172431946,-0.14733099937438965,-0.11115775257349014,0.22796230018138885,-0.8597043752670288,0.11468638479709625,-0.629991352558136,0.4750051498413086,-0.1814262568950653,0.1922452300786972,0.38569724559783936,0.18463608622550964,0.7000375986099243,-0.01896890439093113,0.05881132930517197,-0.2705146372318268,0.022604476660490036,-0.15069548785686493,-0.036004334688186646,0.3752342164516449,-0.27420350909233093,-0.18203964829444885,-0.06242193654179573,-0.10727306455373764,-0.027829373255372047,-0.2050078809261322,-0.0688716322183609,0.1384490579366684,0.1895304024219513,-0.23446181416511536,-0.12396211922168732,0.38231855630874634,-0.008570725098252296,-0.8767393231391907,-0.0550985112786293,-0.3065360188484192,0.24240365624427795,0.09621996432542801,0.22580298781394958,-0.04918178543448448,0.7269845008850098,0.0676545798778534,0.2065138816833496,0.016648853197693825,-0.18382367491722107,-0.02190711721777916,0.3498426377773285,-0.37783825397491455,0.13091231882572174,-0.22047241032123566,-0.5350298285484314,0.13837599754333496,-0.2248723953962326,0.02441973052918911,-0.18290646374225616,-0.2987960875034332,-0.012005269527435303,0.08944930881261826,-0.26228949427604675,0.03283826261758804,0.3296058177947998,0.22126534581184387,-0.25793248414993286,0.4026711881160736,-0.9585123062133789,0.0067817941308021545,0.49102339148521423,0.053704988211393356,0.10419803857803345,0.9594939351081848,0.2719447612762451,-0.2773468494415283,0.14132051169872284,-0.0659976452589035,-0.2659561038017273,-0.3520441949367523,0.05067603662610054,0.4072800278663635,0.01345670223236084,-0.02804397977888584,-0.4640759527683258,0.09883857518434525,0.14381340146064758,-0.12373703718185425,0.3550759553909302,-0.0748656690120697,-0.6869600415229797,-0.862452507019043,0.3920748829841614,-0.0591154582798481,0.23319335281848907,-0.244397833943367,-0.4158114790916443,-0.01786881685256958,-0.20776481926441193,0.20220938324928284,-0.9156014323234558,-0.009583515115082264,-0.466513067483902,-0.011519825085997581,-0.041993312537670135,-0.36981528997421265,0.4180048406124115,-0.6064146161079407,-0.04366479068994522,-0.13223788142204285,-0.07632695138454437,-0.11549969762563705,-0.4220098555088043,-0.1172553077340126,0.6302323341369629,0.2683270573616028,0.5893370509147644,0.18769320845603943,0.519974410533905,-0.24402597546577454,-0.09733583778142929,0.6580575704574585,-0.04884880781173706,-0.5034681558609009,0.04729913920164108,-0.14308270812034607,-0.04918437451124191,-0.1337515413761139,-0.5306929349899292,0.957661509513855,-0.18008297681808472,-0.26754865050315857,0.20259907841682434,-0.15502586960792542,-0.09005353599786758,-0.1298355758190155,0.6090062260627747,-0.13448821008205414,0.5631892085075378,0.4313894808292389,-0.2653794586658478,0.46161022782325745,-0.5068867802619934,-0.35916268825531006,-0.17766740918159485,0.06342439353466034,-0.21727433800697327,-0.08165516704320908,0.2389037162065506,-0.07669247686862946,-0.16476266086101532,-0.18939855694770813,0.8208163976669312,0.11113357543945312,0.01517455279827118,-0.11838217079639435,-0.11041095107793808,0.22893424332141876,0.06864731013774872,0.04191217198967934,0.1864558756351471,-0.138217031955719,0.1305273473262787,0.16613872349262238,0.13065512478351593,-0.814196765422821,-0.3531185984611511,-0.21898579597473145,-0.08580423891544342,-0.018941402435302734,0.21360290050506592,-0.34672683477401733,-0.6344271898269653,0.48905763030052185,0.07150740921497345,-0.13527901470661163,0.08162569999694824,-0.02676481567323208,0.49762120842933655,-0.3359132409095764,-0.027360618114471436,-0.31547659635543823,0.02304299920797348,-0.4033944010734558,-0.06259585916996002,0.09970811754465103,-0.026059413328766823,0.27866074442863464,0.040998414158821106,0.09996148198843002,0.26382094621658325,-0.05187997221946716,0.28123465180397034,-0.16079625487327576
CID000147912,885,0.22027547657489777,-0.29814714193344116,-0.7712944746017456,0.0851922333240509,0.3370513319969177,-0.23126526176929474,0.18142442405223846,-0.7290285229682922,-0.08080735802650452,-0.4131390154361725,0.6786324381828308,0.20426388084888458,-0.05000070855021477,0.037679728120565414,0.08191601932048798,0.11438528448343277,0.1925814002752304,0.0695931538939476,-0.11401224136352539,-0.08934243768453598,-0.1305970847606659,0.22753813862800598,0.3102366328239441,-0.007651954889297485,-1.1685364246368408,-0.8945077061653137,-0.6596211194992065,0.19690454006195068,0.13703036308288574,0.09350396692752838,0.8259516954421997,-0.08245839178562164,0.2089163362979889,0.2991676926612854,-0.12655013799667358,-0.13421112298965454,0.3377074599266052,-0.04342014715075493,0.2610798478126526,-0.08062974363565445,0.05599839612841606,0.35735830664634705,-0.1298786699771881,-0.40915942192077637,-0.10137734562158585,0.0922827273607254,0.9056461453437805,-0.3590448498725891,-0.6519551277160645,0.02767838165163994,-0.9323843121528625,0.0984819307923317,0.4989326000213623,-0.15822157263755798,0.2113044708967209,-0.3633664548397064,0.06846779584884644,0.9635391235351562,-0.02811281383037567,0.0749308317899704,-0.17364363372325897,-0.11675586551427841,-0.16642290353775024,0.4988815188407898,0.04334709793329239,0.433659166097641,0.1824604868888855,-0.0012718706857413054,-0.05337081104516983,0.10715325176715851,-0.25431060791015625,0.11039076745510101,-0.57671058177948,0.4010654091835022,-0.22117862105369568,0.16232244670391083,0.08377763628959656,0.09692734479904175,0.7906664609909058,0.10918118804693222,0.010887563228607178,-0.34492918848991394,-0.1299428939819336,-0.07596100866794586,0.21865646541118622,0.12338028848171234,-0.5608268976211548,-0.2481883019208908,-0.12939453125,0.007558995392173529,-0.16355879604816437,-0.2145857810974121,-0.2690301537513733,0.2881667912006378,0.06655056774616241,0.2352384328842163,-0.034731533378362656,0.22508850693702698,0.012775778770446777,-1.5259753465652466,-0.1691906750202179,0.11858862638473511,0.05705695226788521,-0.25259625911712646,0.11777298152446747,-0.054556913673877716,0.9596295356750488,0.07372929155826569,0.054985564202070236,0.032435134053230286,0.27693256735801697,0.11024217307567596,0.16233214735984802,-0.8256679773330688,0.13424059748649597,-0.26415014266967773,-0.16502371430397034,0.2282569855451584,0.2897573411464691,0.2841932773590088,-0.15664348006248474,-0.23192600905895233,0.27946656942367554,0.09098182618618011,0.1327558308839798,-0.12737376987934113,0.3745862543582916,-0.07278217375278473,-0.21256443858146667,0.2673259675502777,-0.6637800335884094,-0.024518955498933792,0.400601327419281,0.01854308508336544,-0.15490852296352386,0.7518212199211121,-0.021551694720983505,0.08363181352615356,0.4211738109588623,-0.3593825697898865,-0.07969401776790619,0.0317830927670002,0.03404751420021057,0.18280330300331116,0.04209800809621811,0.2002512514591217,-0.2435380518436432,0.3748188614845276,-0.07563170045614243,-0.0201759934425354,0.7252939939498901,-0.13687902688980103,-0.3932885527610779,-0.9764229655265808,0.5848042368888855,0.22395209968090057,0.14278796315193176,0.20919406414031982,-0.39774224162101746,0.25966423749923706,-0.07549504935741425,-0.026213306933641434,-0.8873541951179504,0.0009882121812552214,-0.4823591709136963,0.07884222269058228,-0.043394364416599274,0.03037703037261963,1.2880377769470215,-0.6633689999580383,-0.19659766554832458,0.12508955597877502,-0.03663792088627815,0.2041540890932083,-0.41102346777915955,-0.4017234742641449,0.27210330963134766,-0.11191403865814209,0.5661628246307373,0.25947222113609314,0.2553953230381012,-0.18152038753032684,-0.12197184562683105,0.8549405336380005,-0.04166644811630249,-0.22811949253082275,-0.056135017424821854,0.02860395982861519,-0.190134197473526,-0.28897807002067566,-0.5102335214614868,1.4731266498565674,-0.0753692090511322,-0.11413510143756866,-0.14393971860408783,-0.23855698108673096,-0.06762421131134033,0.06915219873189926,1.3735191822052002,-0.27067461609840393,0.6659151315689087,0.36562347412109375,-0.06926582008600235,1.1048543453216553,-0.5406949520111084,0.19361157715320587,-0.4320012629032135,-0.09613130241632462,-0.1405579149723053,0.1340751200914383,-0.2353259027004242,0.01809700019657612,0.0675557553768158,-0.21117568016052246,0.6292677521705627,0.39082616567611694,-0.3479595482349396,-0.04728032276034355,-0.08526895940303802,0.0590776689350605,0.054593704640865326,0.1576825976371765,-0.09068988263607025,-0.4426502287387848,-0.194743350148201,0.4231625497341156,0.14114122092723846,-0.29167038202285767,-0.14350135624408722,0.1323721557855606,0.1270572692155838,0.21985498070716858,0.2642871141433716,-0.19371967017650604,-0.5931581258773804,0.20121654868125916,0.08455591648817062,-0.019913066178560257,-0.20909366011619568,-0.0936194658279419,1.303355097770691,-0.2805180251598358,0.03183258697390556,-0.50290846824646,-0.09541929513216019,-0.4818294644355774,-0.12464578449726105,0.01952078379690647,-0.055628083646297455,0.5524428486824036,0.32559362053871155,0.10445858538150787,0.10467533022165298,0.006255628075450659,0.35201597213745117,-0.0024452595971524715
CID000047725,886,0.3695473074913025,-0.13965240120887756,-0.8107096552848816,-0.2282143086194992,0.5438662171363831,-0.2613696753978729,-0.0838577151298523,-0.8985967636108398,-0.15484273433685303,-0.34664011001586914,0.597843587398529,0.19191038608551025,0.008007943630218506,0.04474804550409317,-0.053861867636442184,0.20252196490764618,0.41538119316101074,-0.07819675654172897,-0.6370042562484741,-0.03667197749018669,-0.47036051750183105,0.37531906366348267,0.3729550242424011,0.06573377549648285,-1.743030309677124,-0.846535861492157,-0.29768601059913635,-0.1975034475326538,0.19860167801380157,0.2726086974143982,1.198745608329773,-0.07320523262023926,0.18917521834373474,0.05770676210522652,-0.4193050265312195,-0.12226573377847672,0.3121625781059265,-0.11553965508937836,-0.12845858931541443,0.0006635099416598678,-0.3396535813808441,0.36797159910202026,-0.18375898897647858,-0.4206547141075134,0.08918888866901398,-0.12270095199346542,0.951819121837616,-0.34285885095596313,-0.7373712062835693,0.045622408390045166,-1.2192422151565552,0.3710721433162689,0.6397718191146851,-0.08946339040994644,0.1449333131313324,-0.29991260170936584,0.044563475996255875,1.2179479598999023,-0.047148697078228,-0.014224482700228691,-0.129826158285141,-0.11842765659093857,0.048711828887462616,0.6592096090316772,-0.05186064913868904,0.5538108944892883,0.10838745534420013,0.3009742498397827,-0.02368592843413353,-0.016616862267255783,-0.4637579321861267,0.24540941417217255,-0.5869289636611938,0.5757915377616882,-0.20699378848075867,0.4394918978214264,0.25727155804634094,0.08249430358409882,1.0821689367294312,-0.010260927490890026,0.10724148899316788,-0.4187244474887848,-0.11450152099132538,0.2916530668735504,0.13390164077281952,0.2719406187534332,-0.9634008407592773,0.1341424286365509,-0.31241223216056824,0.21538308262825012,-0.07211900502443314,0.11877262592315674,-0.17759689688682556,0.24413982033729553,-0.001162028289400041,0.09648628532886505,0.05195799469947815,0.37512022256851196,-0.016274601221084595,-1.5796496868133545,-0.30114883184432983,-0.07094638794660568,0.24618932604789734,-0.04684697464108467,0.19164511561393738,-0.20193319022655487,0.8492506742477417,-0.2300833910703659,0.13031791150569916,-0.09920056909322739,0.20746156573295593,-0.09727057069540024,0.33693405985832214,-0.9728337526321411,0.27725496888160706,-0.3716207444667816,-0.16270804405212402,0.13558581471443176,0.332722544670105,0.28769320249557495,-0.12321196496486664,-0.22628608345985413,-0.07505669444799423,0.17825281620025635,-0.18825547397136688,0.11808289587497711,0.24562232196331024,-0.1430208384990692,-0.21023587882518768,0.005715275648981333,-0.5513681769371033,0.2343917191028595,0.29719069600105286,0.2148827761411667,-0.06503450870513916,0.5502439141273499,-0.020128076896071434,-0.0853671208024025,0.46636253595352173,-0.3455196022987366,-0.12475569546222687,0.14376267790794373,0.2549170255661011,0.33877623081207275,0.05779339745640755,0.1611909419298172,-0.5893380641937256,0.48959237337112427,0.2748468816280365,0.048058029264211655,0.8640114665031433,-0.1311216950416565,-0.5346778631210327,-1.1543835401535034,1.1353679895401,0.03275352343916893,0.05835261940956116,-0.07869590818881989,-0.5335602164268494,0.15550723671913147,0.13708679378032684,-0.047231338918209076,-1.2766193151474,-0.06663500517606735,-0.5133997797966003,-0.2219904214143753,0.27515432238578796,-0.05870193988084793,0.8408513069152832,-0.6433836817741394,-0.2156270444393158,-0.3656620979309082,0.3022620975971222,0.12238937616348267,-0.6791620850563049,-0.2727035880088806,0.4220627248287201,0.1205301508307457,0.50287926197052,0.24424484372138977,0.4054017961025238,-0.024952102452516556,-0.228303000330925,0.9208850860595703,-0.04745163768529892,-0.39496099948883057,-0.3373132348060608,-0.1219475269317627,-0.3225823640823364,-0.28028053045272827,-0.5589189529418945,1.1807478666305542,-0.02966058813035488,-0.2105068415403366,-0.02882940135896206,0.07639112323522568,-0.3818628787994385,-0.04673800617456436,1.0294468402862549,-0.06989990919828415,0.54934161901474,0.48513418436050415,-0.19960762560367584,0.5770004391670227,-0.5735130906105042,0.18412834405899048,-0.4260784089565277,0.055458635091781616,-0.16643717885017395,0.06205778568983078,-0.02852029725909233,0.07520747184753418,-0.17284178733825684,-0.2581552565097809,0.6201876401901245,0.06332068890333176,-0.3825492262840271,-0.3916577696800232,-0.026242677122354507,-0.07716263830661774,0.15874992311000824,0.2743069529533386,-0.01095154881477356,-0.07318665087223053,-0.19643285870552063,0.38296157121658325,-0.054954539984464645,-0.7251931428909302,-0.40268731117248535,-0.04506798833608627,0.08388813585042953,-0.07014668732881546,0.506464958190918,-0.379075825214386,-0.9357799291610718,0.16140802204608917,-0.08410409837961197,-0.23964543640613556,-0.12785254418849945,-0.07837843894958496,1.5235683917999268,-0.13663634657859802,-0.32488733530044556,-0.4220205247402191,0.1305491179227829,-0.5518172383308411,-0.1559063345193863,-0.0463484451174736,0.05071861296892166,0.3147326409816742,-0.06968705356121063,0.014814117923378944,0.33305880427360535,-0.2074187994003296,0.41094526648521423,0.2682923674583435
CID000002474,889,0.13404856622219086,-0.3062122166156769,-0.5758994817733765,0.2020762711763382,0.44375714659690857,-0.1431385576725006,0.12044904381036758,-0.5587499141693115,-0.24080419540405273,-0.014678934589028358,0.1902121901512146,0.12502482533454895,-0.14217670261859894,-0.158720925450325,-0.08681337535381317,0.20112518966197968,0.402565062046051,0.20681913197040558,-0.32073143124580383,-0.25495415925979614,-0.005972159095108509,-0.024260591715574265,0.22906216979026794,0.13267993927001953,-0.45419034361839294,-0.5763453841209412,0.04278261587023735,-0.35657161474227905,-0.02444835565984249,0.07412482798099518,0.5129286050796509,0.032933879643678665,0.06115534156560898,0.1405479609966278,-0.3135759234428406,0.12061436474323273,0.48346012830734253,-0.1478281021118164,0.045037247240543365,0.17546546459197998,-0.26783257722854614,0.37712156772613525,-0.1317281424999237,-0.32732588052749634,-0.06952053308486938,-0.13581635057926178,0.33927708864212036,-0.24699334800243378,-0.39709359407424927,0.043613068759441376,-1.503740668296814,0.5040010809898376,0.4691994786262512,-0.2200232446193695,0.26482051610946655,-0.18630482256412506,-0.13722190260887146,0.5343508720397949,0.05812067911028862,-0.1622597873210907,-0.11343710124492645,-0.33401361107826233,0.38011041283607483,0.891277015209198,0.14095909893512726,0.3382721245288849,-0.2999107837677002,-0.015418189577758312,0.008884385228157043,0.19005879759788513,-1.0248488187789917,0.07215315848588943,-0.3384258449077606,0.37683171033859253,0.0012188032269477844,0.4419799745082855,0.3023395836353302,-0.029974281787872314,1.0507503747940063,-0.05607377365231514,0.027680177241563797,-0.38295596837997437,0.13324955105781555,0.01346278190612793,0.15667524933815002,0.08434022963047028,-0.3598772883415222,0.16681936383247375,0.059954751282930374,-0.3117300868034363,-0.09938333183526993,0.06800568103790283,-0.14411041140556335,-0.11641796678304672,0.0012484431499615312,-0.38349825143814087,-0.1039685383439064,0.1506403088569641,-0.08627896010875702,-0.5729508996009827,-0.016530558466911316,-0.12349046766757965,-0.011748621240258217,0.08715467154979706,0.08979050815105438,-0.3597194254398346,0.6019530296325684,0.19102993607521057,0.2661730647087097,0.08807273954153061,0.14592833817005157,0.020437831059098244,0.7471261620521545,-0.9144576191902161,-0.1498706042766571,-0.17977610230445862,0.10740945488214493,0.04366707056760788,-0.31327804923057556,0.06199737265706062,-0.08469536155462265,-0.3374575972557068,0.004132604692131281,0.15244677662849426,-0.06404509395360947,0.033779509365558624,0.042829278856515884,-0.10501563549041748,-0.3485407531261444,0.35452568531036377,-0.6385104060173035,-0.20381613075733185,0.27370914816856384,0.23020987212657928,-0.2145867645740509,0.771762490272522,0.0357799157500267,-0.09646950662136078,0.14614291489124298,-0.07548543065786362,0.11157387495040894,-0.06331081688404083,0.13747301697731018,0.1470627784729004,-0.009813602082431316,-0.1849101036787033,-0.3570954203605652,0.52119380235672,-0.10616866499185562,-0.25052791833877563,0.7659558057785034,0.0008170187356881797,-0.6307233572006226,-0.6353010535240173,0.852941632270813,-0.2986964285373688,0.17837831377983093,-0.11640489101409912,-0.4879489839076996,-0.11990316212177277,-0.30464404821395874,0.011054659262299538,-0.6621819138526917,0.11738993972539902,-0.342722088098526,-0.299887478351593,0.04599041864275932,-0.06879840791225433,0.3442843556404114,-0.47091564536094666,-0.09989260882139206,-0.3261752724647522,-0.12662655115127563,0.009037399664521217,-0.5393664836883545,-0.34566742181777954,0.4777817726135254,-0.00972033478319645,0.2795097827911377,-0.27539509534835815,0.3513243794441223,-0.28168708086013794,-0.29956483840942383,0.5366717576980591,-0.26258373260498047,-0.6002156138420105,-0.08107811212539673,-0.17203369736671448,0.06481212377548218,-0.30564141273498535,0.15192511677742004,0.54762202501297,-0.2899658679962158,-0.1308455616235733,0.048573024570941925,-0.08618592470884323,0.10164906829595566,-0.07492941617965698,0.12683506309986115,0.09317941218614578,0.4650505483150482,0.19816914200782776,0.10611175000667572,0.002202603267505765,-0.46468305587768555,-0.10651855170726776,-0.4352925717830658,0.003601518226787448,-0.17490451037883759,-0.039867252111434937,0.11481422185897827,0.050323981791734695,0.12783487141132355,-0.25506293773651123,0.5736036896705627,-0.2090458869934082,0.06136878579854965,0.13586166501045227,-0.061874061822891235,0.027895551174879074,0.12111596763134003,-0.2846843898296356,0.19329068064689636,0.12368302047252655,0.10438168048858643,0.10071442276239395,-0.12578532099723816,-0.6778709292411804,-0.22838321328163147,-0.18937507271766663,0.09630055725574493,0.059556446969509125,0.12364093959331512,-0.33173802495002747,-0.750464677810669,0.17365184426307678,0.15375617146492004,0.013272492215037346,-0.09718160331249237,-0.030496865510940552,0.2593211233615875,-0.17584946751594543,-0.0805637538433075,-0.28524574637413025,-0.2640759348869324,-0.5036829113960266,-0.07450204342603683,0.02554146945476532,-0.005490568466484547,0.4257073998451233,0.23447942733764648,0.21358731389045715,0.15851351618766785,0.026199227198958397,0.1461748629808426,0.05672745779156685
CID000005078,890,0.09574384242296219,-0.2914261221885681,-0.4342860281467438,0.1742461621761322,0.2925330400466919,-0.14510604739189148,-0.05007089301943779,-0.4610418379306793,0.08365573734045029,-0.6135180592536926,0.37594184279441833,0.2482822835445404,-0.118325375020504,0.09736531972885132,-0.2790357172489166,0.22427669167518616,0.05700770765542984,0.21703271567821503,-0.5008024573326111,0.05989105626940727,0.37048155069351196,-0.07715722173452377,0.19616185128688812,0.3372642993927002,-0.546321451663971,-0.9570630788803101,-0.401519238948822,-0.2897976040840149,0.5180470943450928,-0.3377034068107605,1.263463020324707,-0.023872092366218567,-0.03998080641031265,0.5961527824401855,-0.8414387702941895,0.09245825558900833,0.2368142157793045,0.07859744131565094,0.2667190134525299,0.025131743401288986,-0.9540904760360718,0.1731201857328415,0.009931892156600952,-0.027698928490281105,-0.04942571371793747,-0.06053934246301651,0.6890647411346436,-0.10283074527978897,-0.9042961001396179,-0.1432410180568695,-1.142138957977295,-0.011136692948639393,0.5618876814842224,-0.2875833511352539,0.24175040423870087,-0.1618775725364685,-0.15467360615730286,0.5809751749038696,-0.13205306231975555,0.03530809283256531,0.11195287853479385,-0.22943206131458282,0.24498900771141052,1.2150373458862305,-0.03410862386226654,0.7496996521949768,-0.2244902104139328,0.11248520761728287,-0.13215316832065582,0.06581423431634903,-1.1613452434539795,0.022530648857355118,-0.8012938499450684,0.01455274224281311,-0.0934562236070633,0.3066188395023346,0.19511130452156067,-0.03320767357945442,0.9796144366264343,0.11194493621587753,-0.034716106951236725,-0.1959473043680191,-0.07648412883281708,0.16278886795043945,0.2175525426864624,0.29537931084632874,-0.5099450349807739,0.005079261958599091,-0.05987051874399185,0.08403267711400986,-0.09537645429372787,0.05976142734289169,-0.46163058280944824,-0.0049450695514678955,0.06851590424776077,-0.09156251698732376,-0.15732981264591217,0.32146820425987244,-0.06452363729476929,-0.42861515283584595,-0.05833554267883301,-0.22217321395874023,0.18479405343532562,-0.1060091033577919,0.3078277111053467,-0.2904818654060364,0.9179647564888,0.22873011231422424,0.04056481644511223,-0.06364281475543976,0.09442944824695587,0.25875404477119446,1.0614348649978638,-1.1839525699615479,-0.1394524872303009,-0.08084233850240707,0.016462797299027443,0.5933855772018433,-0.0897734984755516,0.29323944449424744,-0.21953311562538147,-0.37444934248924255,-0.15072521567344666,0.0865844339132309,-0.16567185521125793,0.23772037029266357,0.25848472118377686,-0.05292879790067673,-0.3022060990333557,0.3538575768470764,-0.8885544538497925,-0.09324775636196136,0.38223496079444885,0.011904713697731495,-0.09422025084495544,1.0989763736724854,-0.2606881558895111,0.33517664670944214,0.2588331699371338,-0.0066182175651192665,-0.1191665381193161,-0.08884655684232712,-0.0560942217707634,0.20434024930000305,0.10444071143865585,-0.0839378610253334,-0.44886064529418945,0.04369502514600754,-0.44060105085372925,-0.18226830661296844,1.18107008934021,0.17314262688159943,-0.8751035928726196,-0.66144198179245,0.5807610750198364,-0.3085142970085144,-0.26877361536026,0.5677939653396606,-0.21448060870170593,-0.11602193117141724,-0.013068469241261482,0.4092234969139099,-0.5091065168380737,0.17401915788650513,-0.5238003730773926,0.030052315443754196,-0.22123345732688904,-0.0503518171608448,0.043348412960767746,-0.5692992806434631,-0.33750566840171814,-0.007636375725269318,-0.17447343468666077,-0.07261531054973602,-0.5604816675186157,-0.1347181499004364,-0.0031519397161900997,0.15991872549057007,0.6157978177070618,0.3725065290927887,0.12493860721588135,-0.1107684001326561,-0.08534468710422516,0.40624696016311646,-0.13988669216632843,-0.659342885017395,-0.46849751472473145,-0.2805359959602356,-0.1491955816745758,-0.07582781463861465,-0.10105780512094498,0.6188880801200867,0.05945295840501785,-0.18261508643627167,-0.007060525007545948,-0.029247188940644264,0.19831621646881104,0.03585837036371231,0.13638287782669067,-0.02310864068567753,0.34036844968795776,-0.1214800626039505,-0.11085431277751923,0.408679336309433,-0.3712821304798126,0.021212268620729446,-0.33303624391555786,-0.03059127926826477,-0.02430788055062294,-0.09800834953784943,0.004812334664165974,0.2036968469619751,-0.03153392672538757,-0.06561456620693207,0.5874594449996948,0.02465519867837429,-0.07041570544242859,-0.1885998249053955,0.08084024488925934,-0.048128753900527954,0.03112446889281273,0.048363588750362396,0.12107618153095245,-0.2506900727748871,-0.05441856384277344,0.1744672805070877,-0.22943702340126038,-1.2492976188659668,-0.30064070224761963,-0.2721017599105835,-0.09715759009122849,0.17733915150165558,0.23312532901763916,-0.24294574558734894,-0.5886422395706177,0.14855679869651794,0.20193418860435486,-0.0976298600435257,-0.0005150981014594436,-0.3340572416782379,-0.04307407885789871,-0.2824096083641052,0.12396883964538574,-0.0061795213259756565,-0.38803455233573914,-0.021992618218064308,0.015912974253296852,0.08159594237804413,-0.004608758259564638,0.5540252923965454,-0.04301109537482262,-0.04137208312749863,0.0002327591209905222,-0.1309438943862915,0.43330687284469604,0.025383789092302322
CID000027686,891,0.08048079907894135,-0.2485821694135666,-0.48983556032180786,0.0259164460003376,0.3522304892539978,-0.12667621672153473,-0.12209641933441162,-0.5092833638191223,-0.24142122268676758,0.03389448672533035,0.3770831227302551,0.1156962662935257,-0.08246421813964844,0.0391695573925972,0.026779260486364365,0.24421434104442596,0.39368268847465515,0.0482410229742527,-0.09204591810703278,0.26426559686660767,-0.23193594813346863,0.015610456466674805,0.4551854729652405,-0.022934455424547195,-0.3059759736061096,-0.7177975177764893,-0.6244778037071228,-0.003325557801872492,0.07569541037082672,0.017275720834732056,0.5536938905715942,0.11013118177652359,-0.15449681878089905,0.41089820861816406,-0.2538242042064667,0.09722292423248291,0.9470359086990356,-0.17752064764499664,0.005077513866126537,0.07343516498804092,-0.1126255989074707,0.4904747009277344,-0.36903342604637146,0.030038127675652504,-0.07532674074172974,0.11422853171825409,0.6579536199569702,-0.1263459026813507,-0.5374792814254761,-0.05463562160730362,-0.34029310941696167,0.28469008207321167,0.2954990267753601,-0.15717804431915283,0.16427847743034363,-0.3614600598812103,-0.2864433228969574,0.5785672664642334,-0.009943229146301746,-0.07357636839151382,0.06299064308404922,-0.2714890241622925,-0.015804395079612732,0.7126708626747131,0.09995334595441818,0.13137057423591614,-0.198134183883667,-0.09485804289579391,0.020999114960432053,0.08830251544713974,-0.5829501152038574,0.18063905835151672,-0.6142967939376831,0.6090519428253174,0.019194578751921654,0.2673710882663727,0.5120922327041626,0.3630897104740143,0.45469340682029724,0.0014511048793792725,-0.06600527465343475,-0.1989365816116333,0.051543086767196655,-0.07865096628665924,0.19699051976203918,0.37961694598197937,-0.07394390553236008,-0.10830819606781006,-0.10052444040775299,0.06533266603946686,-0.22455573081970215,-0.13425390422344208,-0.04822852835059166,0.1113547831773758,0.1089240089058876,-0.13989293575286865,-0.18052133917808533,0.21154406666755676,0.02841348573565483,-0.5751022100448608,-0.0672747865319252,-0.14844009280204773,0.16612859070301056,-0.06030923128128052,0.2141077220439911,-0.11654754728078842,0.8981550335884094,-0.08481509983539581,0.3004637658596039,-0.14163029193878174,-0.02976430021226406,0.05743271857500076,0.27223441004753113,-0.053702615201473236,0.26124122738838196,-0.3605148196220398,-0.43563637137413025,0.10900171101093292,-0.09481610357761383,0.05997103452682495,-0.1583544760942459,-0.3442023992538452,0.08457541465759277,0.08664652705192566,-0.12533368170261383,0.13902896642684937,0.24311895668506622,0.00814973097294569,-0.26321566104888916,0.17820732295513153,-0.6842232942581177,-0.19540345668792725,0.38428300619125366,0.1291690170764923,0.1008688360452652,0.7184224128723145,0.23403199017047882,-0.18075600266456604,0.30162352323532104,-0.09479483962059021,-0.189410999417305,-0.2242564707994461,0.06753668189048767,0.19087029993534088,0.14323528110980988,-0.02103792503476143,-0.24718961119651794,-0.06908386200666428,0.05694406107068062,0.0338117852807045,0.17805668711662292,-0.07686810195446014,-0.5216835737228394,-0.6274542212486267,0.31909775733947754,-0.2901007831096649,0.3002080023288727,0.00872657261788845,-0.3634644150733948,-0.07448945194482803,-0.05892461538314819,0.018707936629652977,-0.7154268026351929,-0.004919373895972967,-0.35937777161598206,0.025989145040512085,0.014769869856536388,-0.10454996675252914,0.6003748774528503,-0.48515480756759644,-0.14512035250663757,-0.16190822422504425,-0.05331148952245712,-0.18167953193187714,-0.6867620348930359,-0.17603585124015808,0.3972882628440857,0.14414747059345245,0.48567110300064087,-0.11190949380397797,0.6216185688972473,-0.21173985302448273,-0.15169307589530945,0.3403540551662445,0.008483588695526123,-0.4582286477088928,-0.0029483765829354525,-0.1716083288192749,-0.1554042398929596,-0.04295722022652626,-0.5005702376365662,0.9709652662277222,-0.023589733988046646,-0.4319756031036377,0.09278493374586105,-0.047701723873615265,-0.09624314308166504,0.13145340979099274,0.4087596535682678,-0.09289192408323288,0.33914318680763245,0.503409743309021,-0.1696736067533493,0.143962100148201,-0.38152211904525757,-0.31750935316085815,-0.11184797435998917,0.01252021361142397,-0.11003445088863373,-0.14133639633655548,0.09979423135519028,-0.002251592930406332,0.005842351820319891,-0.19029168784618378,0.8475809097290039,0.001453101634979248,-0.06460566818714142,-0.2815801501274109,0.07644879817962646,0.14849698543548584,0.2536230981349945,0.08395840227603912,0.19615833461284637,-0.011191993951797485,0.05247889831662178,0.06242360919713974,0.1260688751935959,-0.7034518122673035,-0.3020796775817871,0.01775948330760002,-0.1413581222295761,0.2292148321866989,0.10899648815393448,-0.24312886595726013,-0.5033621788024902,0.23810115456581116,0.07855221629142761,-0.23534822463989258,-0.04933077096939087,-0.07347369939088821,0.5632143020629883,-0.367382675409317,0.024926096200942993,-0.2716827690601349,0.07073085010051727,-0.15852291882038116,0.07625578343868256,0.08533409982919693,-0.026583248749375343,0.24161645770072937,0.08418549597263336,0.04042113944888115,0.263765424489975,-0.2566101849079132,0.1751815378665924,0.08927180618047714
CID000004034,892,-0.006343968212604523,-0.04225071519613266,-0.7681712508201599,0.25865915417671204,0.4467834532260895,-0.10802211612462997,0.032248713076114655,-0.8814486265182495,-0.1682867854833603,0.024603312835097313,0.16352933645248413,-0.0773582011461258,-0.14032360911369324,0.04001714289188385,-0.07981838285923004,0.05025913566350937,0.2191104143857956,0.21198034286499023,-0.011126989498734474,0.08990766108036041,0.009303095750510693,0.3028673529624939,0.6676855087280273,0.3170965015888214,-0.42798852920532227,-0.8658021092414856,-0.5503180623054504,0.15758919715881348,-0.01806188002228737,0.03121432662010193,0.9727796316146851,0.19624796509742737,0.010954633355140686,0.388803094625473,-0.36448150873184204,0.15178117156028748,0.7301356792449951,-0.1391707956790924,0.22894224524497986,0.043691180646419525,-0.4810103476047516,0.40616846084594727,-0.4565318524837494,0.182770773768425,-0.03902627155184746,-0.06253384053707123,0.721866250038147,-0.3383367657661438,-0.258537232875824,-0.00605035712942481,-0.2815553545951843,0.24221570789813995,0.5212963223457336,-0.06925646960735321,0.37617796659469604,-0.2767449617385864,-0.2849244475364685,0.6320498585700989,-0.04903223365545273,-0.0761885792016983,-0.41126173734664917,-0.2003454715013504,0.29059356451034546,0.7018362283706665,-0.0849948525428772,0.2645083963871002,0.11672954261302948,-0.05265750363469124,0.008448528125882149,0.28974971175193787,-0.7184293866157532,0.16501234471797943,-0.8728726506233215,0.4306424558162689,0.22339081764221191,0.24609677493572235,0.40983137488365173,-0.005619601346552372,0.3845508396625519,0.028582807630300522,-0.017701661214232445,-0.4106190800666809,0.023262765258550644,-0.008514774031937122,-0.21553072333335876,0.3714413642883301,-0.3877643346786499,0.04264753684401512,-0.035874128341674805,0.04756571725010872,-0.4634365439414978,-0.012641730718314648,-0.1491592526435852,0.01828708127140999,0.12293390929698944,-0.020452830940485,0.06141636520624161,0.29524147510528564,-0.04046734422445297,-0.9016863107681274,-0.048832934349775314,-0.07183271646499634,0.0521262101829052,-0.11444976180791855,0.23656010627746582,-0.11240220069885254,0.937069296836853,-0.38205254077911377,0.2698526084423065,-0.14668793976306915,-0.005753898527473211,-0.12226191908121109,0.46977120637893677,-0.12424800544977188,0.18477092683315277,-0.28799527883529663,-0.3471362590789795,0.11426472663879395,0.04729507118463516,0.4330124258995056,-0.13154296576976776,-0.47208109498023987,0.17329289019107819,-0.02934141829609871,-0.2297871857881546,-0.008941101841628551,0.23868303000926971,-0.19106575846672058,-0.16214576363563538,0.0808233991265297,-0.6735600233078003,-0.1874191015958786,0.2702091336250305,0.04966878145933151,-0.099685437977314,0.7519357204437256,0.358944296836853,-0.24279053509235382,0.22146804630756378,-0.11389762163162231,-0.20839428901672363,-0.21400614082813263,0.07368513196706772,0.02562739886343479,0.17120018601417542,-0.14569488167762756,-0.11031614243984222,0.16119369864463806,-0.13209876418113708,0.1677786111831665,0.34489455819129944,0.21854937076568604,-0.7984442710876465,-0.7014533281326294,0.5830011367797852,-0.10884328931570053,0.21198701858520508,0.007556021213531494,-0.42222943902015686,0.0505889356136322,-0.003755484474822879,0.23715367913246155,-0.798181414604187,0.02901568077504635,-0.39531707763671875,0.12043313682079315,-0.19889149069786072,-0.04653043672442436,0.5658040046691895,-0.5921715497970581,-0.30668753385543823,0.018012244254350662,-0.01865488477051258,-0.014357930049300194,-0.6668729782104492,-0.20084938406944275,0.5951048135757446,-0.039968885481357574,0.4951772093772888,-0.15996365249156952,0.4773118495941162,-0.24523290991783142,-0.24938912689685822,0.5500454306602478,-0.1089802235364914,-0.5231287479400635,-0.09307579696178436,-0.005139288492500782,-0.17549315094947815,-0.11296562105417252,-0.3023087680339813,0.9973806142807007,0.13043352961540222,-0.44281068444252014,0.06748447567224503,-0.09465555101633072,0.05350390821695328,0.14015930891036987,0.5216423273086548,-0.10961540788412094,0.43356770277023315,0.17480705678462982,0.047587234526872635,0.24506327509880066,-0.4359753727912903,-0.2724715769290924,-0.08590191602706909,-0.07643087208271027,-0.318520724773407,-0.17221304774284363,-0.04466267302632332,0.10603946447372437,-0.35569626092910767,-0.13899941742420197,0.8143706321716309,0.03286150097846985,-0.16857203841209412,-0.178769052028656,0.249263733625412,0.1436881124973297,0.3700019419193268,0.09666162729263306,0.11261756718158722,-0.23607084155082703,0.2425878345966339,0.06631539762020111,-0.015501457266509533,-0.7105975151062012,-0.2601896822452545,0.10184912383556366,-0.15648016333580017,0.1321781724691391,0.12823189795017242,-0.23751285672187805,-0.6649786233901978,0.2434733808040619,0.013319152407348156,-0.23474156856536865,-0.0516800582408905,0.07732176035642624,0.6749173402786255,-0.4076768755912781,0.29567015171051025,-0.20066490769386292,-0.06795293837785721,-0.4756830334663391,0.024632465094327927,0.4360728859901428,-0.128572016954422,0.25027701258659363,0.0161226075142622,0.11713836342096329,0.43465036153793335,0.05255822464823723,0.23329134285449982,0.23534098267555237
CID000004044,895,0.0032456875778734684,-0.2518516182899475,-0.6354606747627258,0.27444183826446533,0.3390093445777893,-0.0367172546684742,-0.015285870060324669,-0.5319162011146545,-0.11665187031030655,-0.1698521226644516,0.3469981253147125,0.09077223390340805,-0.1525426208972931,0.07968522608280182,0.04291623458266258,0.0023826896212995052,0.2778567373752594,0.10480786859989166,-0.25752341747283936,0.08549642562866211,-0.022878725081682205,0.06457371264696121,0.4437422752380371,0.06397338211536407,-0.47540608048439026,-0.6410437822341919,-0.4067804217338562,0.22198906540870667,0.007563075516372919,-0.06366027146577835,0.5674756169319153,0.018759706988930702,-0.14073427021503448,0.48266807198524475,-0.2050422728061676,0.187986359000206,1.1308205127716064,-0.06339718401432037,0.02801654301583767,0.1079762727022171,0.020589396357536316,0.3805336058139801,-0.40917301177978516,0.11388383060693741,-0.15455570816993713,0.13514503836631775,0.6026920080184937,-0.2940840721130371,-0.47653666138648987,-0.013523153960704803,-0.3431611657142639,0.3752238154411316,0.4213016629219055,-0.17810232937335968,0.342443585395813,-0.127370685338974,-0.41267746686935425,0.5388596057891846,-0.028405874967575073,-0.03602942079305649,0.011391108855605125,-0.263827383518219,0.07393310964107513,0.6535431146621704,0.034049950540065765,0.1126558929681778,-0.12645623087882996,-0.15303336083889008,0.03155595809221268,0.1732974797487259,-0.6854161024093628,0.0675484910607338,-0.5668320655822754,0.5155827403068542,-0.12509366869926453,0.3574277460575104,0.555894672870636,0.12965458631515503,0.3666021227836609,-0.055581510066986084,0.126217320561409,-0.18663085997104645,0.024636391550302505,-0.008805975317955017,0.19965878129005432,0.3029399812221527,-0.16626107692718506,-0.172826886177063,-0.12629930675029755,0.14276938140392303,-0.2792351543903351,-0.002008572220802307,-0.07560382783412933,-0.04658260941505432,0.05093805119395256,0.017006898298859596,-0.04699041694402695,0.2709975838661194,0.007443165872246027,-0.715783417224884,-0.07828997075557709,-0.17560596764087677,0.29577121138572693,-0.11214568465948105,0.2322191298007965,-0.10470543801784515,0.8925846219062805,-0.13078224658966064,0.19093617796897888,-0.01733015477657318,-0.06501776725053787,-0.038626544177532196,0.1782561093568802,-0.07305287569761276,0.09112491458654404,-0.37826108932495117,-0.3631822168827057,0.046863801777362823,-0.1165105551481247,0.15071161091327667,-0.19630007445812225,-0.25787416100502014,0.22130922973155975,0.14105458557605743,0.001388806151226163,0.05006689950823784,0.26540499925613403,-0.031827252358198166,-0.19395364820957184,0.31588947772979736,-0.5764373540878296,-0.3993400037288666,0.32377031445503235,0.00811432208865881,-0.07616401463747025,0.6117866039276123,0.22895240783691406,-0.04164955019950867,0.2773495316505432,-0.18599897623062134,-0.06383410841226578,-0.15343308448791504,-0.03673592954874039,0.08240024000406265,0.04192439094185829,-0.06112819164991379,-0.28442999720573425,0.012126226909458637,-0.1295108050107956,-0.029382962733507156,0.12510928511619568,-0.10296137630939484,-0.47598379850387573,-0.6045553088188171,0.572494387626648,-0.1367475688457489,0.27885574102401733,0.04979037120938301,-0.3495057225227356,-0.038407910615205765,-0.02027069963514805,0.296552836894989,-0.9361664056777954,0.01996801421046257,-0.29456380009651184,0.049105383455753326,0.05102207511663437,-0.16056814789772034,0.5430015325546265,-0.4877437949180603,-0.21395786106586456,0.0747930184006691,0.037564173340797424,-0.1195383071899414,-0.525412917137146,-0.2995871305465698,0.34169822931289673,0.27241745591163635,0.5205700993537903,-0.15994763374328613,0.49608731269836426,-0.21731162071228027,-0.22234325110912323,0.4928719997406006,-0.09900486469268799,-0.48396164178848267,-0.20549151301383972,-0.1471697837114334,-0.3037019371986389,-0.12928855419158936,-0.10215048491954803,0.9687652587890625,-0.07051903009414673,-0.45458197593688965,0.07189728319644928,-0.12193312495946884,-0.005754175595939159,0.05203361064195633,0.4171329438686371,-0.051179200410842896,0.2786300778388977,0.4166722297668457,-0.22982516884803772,0.09287915378808975,-0.42534542083740234,-0.3498680293560028,-0.22890818119049072,-0.06807108968496323,-0.24324893951416016,-0.1482917219400406,-0.20950624346733093,-0.0007302016019821167,-0.0679854154586792,-0.3203883469104767,0.759437084197998,-0.11628089100122452,0.00479928869754076,-0.15397587418556213,0.13588783144950867,0.03308699280023575,0.3128999173641205,-0.03484223037958145,0.02572224661707878,-0.028767932206392288,0.0669109970331192,0.0024553388357162476,0.06488531827926636,-0.5695825815200806,-0.14009499549865723,0.002486933721229434,-0.2301657646894455,0.30505186319351196,0.1550157517194748,-0.19533558189868927,-0.5409106016159058,0.02376505732536316,0.11228833347558975,-0.2241213023662567,0.0347784087061882,-0.10275451838970184,0.7353662252426147,-0.37014520168304443,0.18551740050315857,-0.32565322518348694,-0.11616029590368271,-0.28336068987846375,0.07588689029216766,0.16949984431266785,-0.11336563527584076,0.2816430628299713,0.3343839943408966,0.14753329753875732,0.16528108716011047,-0.17844313383102417,0.10469207912683487,0.020084219053387642
CID000003203,896,0.16276851296424866,-0.27151596546173096,-0.5639910697937012,-0.12313921749591827,0.3611668050289154,-0.24836516380310059,-0.047560740262269974,-0.5434263944625854,-0.1742624193429947,-0.06864584982395172,0.45094242691993713,-0.038163553923368454,-0.033678967505693436,-0.10559394210577011,0.05552086979150772,0.4357733726501465,0.21021990478038788,0.11828963458538055,-0.1608380526304245,0.08373422920703888,-0.11242616176605225,-0.02191557176411152,0.284373939037323,-0.06524672359228134,-0.6190656423568726,-0.8403753042221069,-0.48673900961875916,-0.07584689557552338,0.19302120804786682,0.16788268089294434,0.5773757696151733,0.09529732167720795,0.0858871191740036,0.3293507695198059,-0.208255797624588,-0.03260958939790726,0.5003603100776672,-0.18061530590057373,0.009246337227523327,0.021352505311369896,-0.05250291898846626,0.34060001373291016,-0.24820518493652344,-0.11308816820383072,-0.03606235980987549,0.03552419692277908,0.7281603217124939,-0.052268385887145996,-0.581129789352417,-0.039006225764751434,-0.6266458630561829,0.06341589242219925,0.3350774645805359,-0.25185778737068176,-0.048543162643909454,-0.3034999966621399,-0.06392113119363785,0.698294997215271,-0.10402439534664154,-0.13017679750919342,0.00223369593732059,-0.19347229599952698,-0.1342490315437317,0.5298642516136169,0.2000412940979004,0.31179189682006836,0.05522602051496506,0.029245739802718163,-0.17558090388774872,0.1214640885591507,-0.4570789337158203,0.17144624888896942,-0.3824949860572815,0.4285639822483063,-0.1194886565208435,0.13896311819553375,0.2687522768974304,0.3563738763332367,0.5167403817176819,-0.05292390659451485,-0.037257689982652664,-0.36429333686828613,0.13277855515480042,-0.08933330327272415,0.34939461946487427,0.2624880075454712,-0.28148964047431946,-0.07167492806911469,-0.18780264258384705,0.03372372314333916,-0.05580277368426323,-0.19228097796440125,-0.04579853639006615,0.171300008893013,0.11851110309362411,-0.08474253118038177,-0.23034770786762238,0.35685446858406067,0.12011666595935822,-0.8873084783554077,-0.06455651670694351,-0.17670974135398865,0.16250291466712952,-0.09451428055763245,0.06579955667257309,-0.041147395968437195,0.7995244264602661,0.04089880734682083,0.23372483253479004,-0.09155353158712387,0.0955391377210617,0.059832245111465454,0.20671066641807556,-0.4015195965766907,0.24862094223499298,-0.15391531586647034,-0.29250451922416687,0.18493257462978363,-0.11694898456335068,-0.07920736074447632,-0.189767524600029,-0.32528406381607056,0.04645850509405136,0.1523083746433258,-0.07339074462652206,0.10064766556024551,0.20940275490283966,0.14034144580364227,-0.3579144775867462,0.15937915444374084,-0.6438350677490234,0.03741893172264099,0.3283838629722595,0.21472080051898956,0.05098289996385574,0.7131296992301941,0.22747430205345154,-0.15858757495880127,0.27961596846580505,0.01443854533135891,-0.18810336291790009,-0.19848059117794037,0.27269500494003296,0.48820987343788147,0.10718317329883575,-0.054753273725509644,-0.43278446793556213,0.12053126096725464,-0.015840668231248856,-0.022862475365400314,0.533537745475769,-0.19180583953857422,-0.5380014777183533,-0.6686423420906067,0.35771065950393677,-0.09956864267587662,0.20221133530139923,-0.143936425447464,-0.3919318616390228,-0.00787920318543911,-0.2462010681629181,-0.037200748920440674,-0.7861490249633789,-0.019075065851211548,-0.4292408525943756,-0.016136672347784042,0.08249829709529877,-0.10457836091518402,0.8216019868850708,-0.5632981061935425,-0.13794343173503876,-0.15707620978355408,0.013178040273487568,-0.0964796170592308,-0.5152265429496765,-0.08252736181020737,0.1957329958677292,0.15106083452701569,0.5444274544715881,0.03394424170255661,0.5063282251358032,-0.2088155746459961,-0.04832487925887108,0.46033143997192383,0.03273054212331772,-0.35139328241348267,-0.06618207693099976,-0.2527407109737396,-0.012389054521918297,-0.11499316990375519,-0.4790014326572418,1.1837365627288818,-0.10227974504232407,-0.22215938568115234,-0.05216813087463379,-0.016971541568636894,-0.22571556270122528,0.03399062529206276,0.661742091178894,-0.17805686593055725,0.5627514719963074,0.3541499972343445,-0.10297733545303345,0.4596691131591797,-0.47732871770858765,0.01208407897502184,-0.2523272633552551,-0.02489086240530014,-0.06923934817314148,-0.10734784603118896,0.2082214653491974,-0.07571002095937729,0.11249879747629166,-0.1692379117012024,0.7852336764335632,0.18004438281059265,-0.2506029009819031,-0.28520557284355164,0.006973980460315943,0.3131638467311859,0.10012121498584747,0.11509101092815399,0.16132913529872894,-0.08988188207149506,-0.02288135327398777,0.2539764642715454,0.19488966464996338,-0.6267408132553101,-0.3977223336696625,-0.14239849150180817,0.01222720742225647,0.028137817978858948,0.13757933676242828,-0.2684573531150818,-0.48918524384498596,0.4237108826637268,0.054211247712373734,-0.13193540275096893,-0.15588733553886414,-0.15737679600715637,0.6341463327407837,-0.33065488934516907,-0.10856801271438599,-0.20444349944591522,0.058048468083143234,-0.23784670233726501,0.051647454500198364,-0.11069277673959732,0.1155250072479248,0.37568193674087524,-0.021154463291168213,0.024197256192564964,0.11224820464849472,-0.19984611868858337,0.28147393465042114,-0.025039952248334885
CID000004999,899,0.11881633847951889,-0.09534089267253876,-0.31330767273902893,0.3689883351325989,0.20459075272083282,-0.21088877320289612,-0.02556546963751316,-0.2959091067314148,0.07508619129657745,0.1402093917131424,0.09736112505197525,0.08109387010335922,-0.13833200931549072,-0.10063467174768448,-0.0964381992816925,0.03794261813163757,-0.11652328073978424,0.23459792137145996,-0.20633284747600555,0.07698684185743332,0.09935663640499115,-0.06258807331323624,0.5703624486923218,0.014490403234958649,-0.23663313686847687,-0.43340349197387695,0.10022330284118652,-0.4486982226371765,0.1377883404493332,0.02774074673652649,0.4031924605369568,-0.008325750939548016,-0.04145248979330063,0.16767428815364838,-0.17642538249492645,0.11058592796325684,-0.014065727591514587,-0.2177133560180664,0.09588079154491425,0.05985327810049057,-0.21497897803783417,0.3647572696208954,-0.43378153443336487,0.29690203070640564,0.08025474101305008,-0.01547030545771122,0.31082481145858765,-0.20358958840370178,-0.26603472232818604,0.01860317401587963,-0.27135375142097473,0.16797886788845062,0.5202560424804688,-0.3466950058937073,0.09925831854343414,-0.17748761177062988,-0.05753382295370102,0.4043264389038086,0.201750710606575,-0.2670198380947113,0.010969921946525574,-0.15260836482048035,0.047844745218753815,0.6670145988464355,0.10086457431316376,0.25835129618644714,-0.19110462069511414,0.02768370509147644,-0.11983422935009003,0.11767192929983139,-0.6225498914718628,0.05169960856437683,-0.35647308826446533,0.32725468277931213,-0.015029102563858032,0.5176944732666016,0.508202850818634,0.29436182975769043,0.3206895589828491,-0.023928072303533554,0.09373310953378677,0.014312507584691048,0.033180784434080124,-0.052903078496456146,0.2298012673854828,0.19974276423454285,-0.3944677412509918,-0.1456155925989151,-0.34255871176719666,0.0018968612421303988,-0.05539163202047348,0.09533179551362991,-0.28162747621536255,-0.012072458863258362,0.16022107005119324,-0.05160723254084587,-0.11761830747127533,0.12414580583572388,-0.057686664164066315,-0.3368023633956909,0.003826481057330966,0.1361723095178604,0.2133863866329193,-0.03299906104803085,0.12675651907920837,-0.15061596035957336,0.34597283601760864,0.21360401809215546,0.14334669709205627,-0.12143862247467041,0.24550095200538635,0.019689813256263733,0.26363950967788696,-0.17379380762577057,0.02945423126220703,-0.06990949809551239,0.025645488873124123,-0.02324846014380455,0.016610998660326004,0.08168335258960724,-0.3158728778362274,-0.41648024320602417,0.024067185819149017,0.14823243021965027,0.036752067506313324,0.06686599552631378,0.03360654041171074,0.2507633566856384,-0.14961890876293182,0.16141001880168915,-0.6086143255233765,-0.3674014210700989,0.21826377511024475,0.11589173972606659,-0.0592021644115448,0.694766640663147,-0.17872211337089539,-0.25083956122398376,0.1849016398191452,-0.10103656351566315,-0.11157160997390747,-0.01257796585559845,0.04750921577215195,0.11239485442638397,0.5110857486724854,-0.20844793319702148,-0.10703299939632416,-0.12444733083248138,-0.15312306582927704,-0.08950942009687424,0.2805684804916382,-0.008626224473118782,-0.736632227897644,-0.6579993963241577,0.7846752405166626,-0.33017268776893616,-0.13816240429878235,-0.0661575049161911,-0.3598412275314331,-0.07400033622980118,-0.11689838021993637,-0.12030819803476334,-0.4293401837348938,0.10209096968173981,-0.49176710844039917,-0.22906474769115448,-0.06581130623817444,-0.12098711729049683,0.447551965713501,-0.7464457154273987,-0.3106147348880768,-0.12610921263694763,-0.029535304754972458,-0.015821242704987526,-0.4305523931980133,-0.1765175461769104,0.32599490880966187,0.1146429181098938,0.5261662006378174,0.03085469640791416,0.6189512014389038,-0.0499989278614521,-0.19427081942558289,0.16720356047153473,-0.10159324109554291,-0.31528061628341675,0.21460315585136414,-0.27622291445732117,-0.2933080792427063,-0.13045918941497803,-0.0839347392320633,0.45568808913230896,0.0033752061426639557,-0.6104542016983032,0.1013481616973877,0.010738017968833447,-0.05966038629412651,0.12729661166667938,0.07439721375703812,-0.024163708090782166,0.0785217136144638,0.17795610427856445,0.03183816000819206,-0.1413663923740387,-0.533443808555603,-0.3049551844596863,-0.30610257387161255,-0.20119234919548035,-0.03013959527015686,-0.23490074276924133,-0.04209255427122116,0.04464883357286453,0.1451447308063507,-0.15264354646205902,0.4352149963378906,0.018663812428712845,-0.1749454289674759,-0.02234257385134697,0.059553615748882294,-0.0901426300406456,0.458862841129303,-0.039421919733285904,0.2885526716709137,0.010756838135421276,-0.07086754590272903,0.04072614386677742,0.03519356995820999,-0.6288447976112366,-0.07632006704807281,0.10137446969747543,-0.0195052120834589,0.0850859135389328,0.06305981427431107,-0.1568865329027176,-0.6051291823387146,-0.04627441614866257,0.18530580401420593,-0.025886211544275284,-0.04966098815202713,-0.04769880697131157,0.39579516649246216,-0.5296671390533447,-0.02241341769695282,-0.13704809546470642,-0.20542427897453308,-0.5237790942192078,0.10433723777532578,0.05922003835439682,-0.18340051174163818,0.44891422986984253,0.12439191341400146,0.05662379786372185,0.013610673137009144,-0.1530153453350067,0.07213558256626129,-0.10372539609670639
CID000002478,906,0.03497006744146347,-0.4089987874031067,-1.0789580345153809,0.08215750753879547,0.36575400829315186,0.1467294692993164,-0.15518683195114136,-1.0084149837493896,-0.1685967594385147,-0.06173862889409065,0.20099470019340515,0.2422337830066681,-0.35339826345443726,-0.20918245613574982,-0.046802956610918045,-0.1616382598876953,0.825108528137207,0.07849865406751633,-0.03246959298849106,-0.28432220220565796,0.009211373515427113,-0.0984419584274292,0.41078343987464905,-0.09087730944156647,-1.341456651687622,-1.0105901956558228,-0.9997828602790833,0.11073492467403412,-0.06529571115970612,-0.20168833434581757,1.1142263412475586,0.05012331157922745,0.10774044692516327,0.6014817953109741,-0.7500305771827698,0.10813496261835098,1.8631103038787842,-0.44835010170936584,-0.05812834948301315,-0.2278134822845459,-0.8796427845954895,1.1188685894012451,-0.39487597346305847,-0.49659186601638794,-0.08160766214132309,-0.36799153685569763,0.6941993832588196,-0.45902514457702637,-0.44396480917930603,0.30066943168640137,-0.7590312361717224,0.7026422619819641,0.2629624009132385,0.009111916646361351,0.5726973414421082,0.04427056387066841,-0.3612767457962036,1.1422131061553955,0.03288153558969498,0.5379831194877625,-0.3042225241661072,-0.4301728308200836,0.10683034360408783,1.3798118829727173,0.42769742012023926,0.23367473483085632,0.07228566706180573,-0.10417266190052032,-0.054969049990177155,0.32678526639938354,-0.6942754983901978,0.2560364603996277,-1.2418062686920166,0.4392809271812439,-0.0522540919482708,-0.08637064695358276,0.8240798711776733,0.2905566692352295,1.3896077871322632,0.18582753837108612,0.32644039392471313,-1.019297480583191,0.13236109912395477,-0.14580705761909485,-0.24551138281822205,0.36380407214164734,-0.6258295774459839,-0.49647703766822815,-0.049480509012937546,0.10191595554351807,-0.42343419790267944,-0.05724761635065079,-0.35898786783218384,0.030480537563562393,0.060326021164655685,-0.45080646872520447,0.0728818029165268,0.44642773270606995,0.045734137296676636,-1.7532974481582642,-0.11573867499828339,-0.029584351927042007,0.28073012828826904,-0.306528240442276,0.2782229781150818,-0.36363741755485535,1.4785200357437134,-0.42479944229125977,0.16921468079090118,-0.10477109253406525,-0.10851778835058212,-0.03303246945142746,0.2480100393295288,-0.31619992852211,-0.10139176994562149,-0.3716176152229309,-1.119555950164795,0.2511061728000641,0.06139940768480301,0.1909174621105194,-0.029233694076538086,-0.22278670966625214,0.23101134598255157,0.018936654552817345,-0.006353637669235468,-0.5066880583763123,0.6028298735618591,-0.08993689715862274,-0.01286848820745945,0.4741338789463043,-1.0560239553451538,0.18027295172214508,0.5606030821800232,0.10773198306560516,-0.024874800816178322,0.9207170605659485,0.5316229462623596,0.19736701250076294,0.17402468621730804,-0.21010832488536835,-0.07076264917850494,-0.4697505533695221,0.203420490026474,-0.009351527318358421,-0.17930462956428528,0.19655469059944153,0.2009488344192505,0.4692718982696533,-0.14997461438179016,-0.6224624514579773,0.6579306125640869,-0.38674062490463257,-0.6304424405097961,-1.299371361732483,0.7601626515388489,-0.18943271040916443,0.2378818690776825,0.33011260628700256,-0.604360044002533,0.06673530489206314,-0.06841816008090973,0.424307256937027,-1.1193244457244873,0.20004241168498993,-0.4029296040534973,-0.6522035598754883,-0.20552024245262146,-0.026073342189192772,0.5001856088638306,-0.4306274354457855,-0.07647942751646042,-0.4235524535179138,0.0982670783996582,0.1810305416584015,-0.7978330850601196,-0.4746081233024597,1.1589939594268799,0.006718146614730358,0.7627608776092529,-0.33540183305740356,0.3473626375198364,-0.5166190266609192,-0.31050628423690796,1.4802902936935425,0.3346879482269287,-0.7652316689491272,-0.03301999717950821,0.2589647173881531,-0.7807495594024658,-0.3056233525276184,-0.5914372801780701,1.5406312942504883,-0.45978325605392456,-0.4696882367134094,0.034056320786476135,-0.17973391711711884,-0.020418275147676468,-0.0686059445142746,0.9650672078132629,-0.021868566051125526,1.0682350397109985,-0.1416149139404297,-0.30995556712150574,0.9654116630554199,-0.30119773745536804,0.44852694869041443,0.09416431933641434,0.1267603635787964,-0.5711460113525391,0.10202000290155411,-0.40382689237594604,-0.1920035183429718,-0.27057045698165894,-0.15527601540088654,0.8817280530929565,0.6453011631965637,-0.03802938386797905,-0.36496371030807495,0.2464938908815384,0.210812047123909,-0.27128496766090393,0.04707276076078415,-0.06607169657945633,0.3144470751285553,0.16608774662017822,0.20716209709644318,0.2577746510505676,-1.2595815658569336,-0.20056124031543732,0.011629188433289528,-0.17448285222053528,0.36574625968933105,0.19753947854042053,-0.29312461614608765,-0.971569836139679,0.16545529663562775,0.04960740730166435,-0.01931709051132202,0.15633335709571838,0.04785389453172684,1.5857889652252197,-0.22429776191711426,0.211195707321167,-0.19740307331085205,-0.1767231523990631,-0.30228519439697266,-0.1936349868774414,0.4814177453517914,-0.09779538214206696,0.18789556622505188,0.2688852846622467,-0.27547481656074524,0.0951446071267128,0.44401511549949646,0.38047584891319275,-0.04946594312787056
CID000004095,915,0.1280614137649536,-0.00127535464707762,-0.7437389492988586,-0.08773630857467651,0.4636096954345703,0.05709902197122574,0.026447951793670654,-1.3389770984649658,-0.09300867468118668,0.02348923310637474,0.30287280678749084,0.14636504650115967,-0.26396551728248596,-0.1474263221025467,-0.15244953334331512,0.037911273539066315,0.310059517621994,-0.05093816667795181,-0.3763335049152374,-0.17125068604946136,-0.39851847290992737,0.0331803634762764,0.6346009969711304,-0.06803996860980988,-1.035231590270996,-0.7343751192092896,-0.3710489869117737,0.03827311843633652,0.15708893537521362,-0.43563762307167053,1.193149209022522,-0.14316464960575104,0.08757590502500534,0.21318216621875763,-0.6037273406982422,0.036624450236558914,0.41695767641067505,-0.4619554877281189,-0.04878351837396622,0.02522156573832035,-0.5813056230545044,0.01982143521308899,-0.5835498571395874,0.14731566607952118,0.05872767046093941,0.0721518024802208,0.9290335774421692,-0.3497852683067322,-0.5096176862716675,0.1577664166688919,-0.8767170906066895,0.426201194524765,0.5784333944320679,-0.18770617246627808,0.20285840332508087,-0.33365461230278015,0.06895554065704346,0.6653392314910889,-0.10477320849895477,0.1965734362602234,-0.2613922953605652,-0.08273907750844955,0.23246875405311584,1.0033632516860962,0.150724396109581,0.22900398075580597,-0.26899057626724243,-0.1456109881401062,-0.03172513097524643,0.08231885731220245,-1.0353648662567139,0.13996705412864685,-0.5389793515205383,0.4454561769962311,0.2806936800479889,0.4114624559879303,0.45557278394699097,0.1990230530500412,0.9347079396247864,-0.19375009834766388,0.0008166581392288208,-0.5792199373245239,0.14214260876178741,-0.2570165991783142,0.13628630340099335,0.3094154894351959,-1.0052943229675293,0.08238924294710159,-0.37336739897727966,0.12559834122657776,-0.11433863639831543,0.020644033327698708,-0.30942457914352417,0.05225932598114014,0.13700655102729797,-0.1817454844713211,-0.09606166183948517,0.3877573013305664,-0.11593218147754669,-1.025065541267395,0.10558538138866425,-0.13643386960029602,-0.0724741742014885,-0.16564185917377472,0.2989289164543152,-0.3624778389930725,0.9287738800048828,-0.0433180145919323,0.2691202163696289,-0.038955993950366974,-0.21384434401988983,0.044418804347515106,0.526012122631073,-0.6455947756767273,0.14314326643943787,-0.0534050278365612,-0.5577256679534912,-0.023863589391112328,-0.12874750792980194,0.5196369290351868,-0.26798999309539795,-0.059410225600004196,-0.07245519012212753,0.2590624690055847,0.033901482820510864,-0.08582015335559845,0.2881336212158203,-0.00016481056809425354,-0.2640354037284851,0.07039967179298401,-0.6233667135238647,-0.24059507250785828,0.5185598134994507,0.36163365840911865,-0.06884777545928955,0.7648336291313171,0.29681268334388733,-0.3210514187812805,0.20348981022834778,0.03884543851017952,0.15605147182941437,-0.27990999817848206,0.1683827042579651,-0.11265053600072861,-0.011324884369969368,-0.1332792043685913,-0.3098861873149872,0.4943196177482605,0.3168059289455414,-0.16668514907360077,0.5837711691856384,-0.15405765175819397,-0.6725615859031677,-1.0675013065338135,0.6516076326370239,-0.10951732099056244,0.07861289381980896,0.16635781526565552,-0.48888516426086426,-0.0965505987405777,-0.3095950782299042,0.3616686463356018,-0.9868696928024292,-0.03134416788816452,-0.49517473578453064,-0.3337235450744629,-0.010017603635787964,-0.073735311627388,0.5910701751708984,-0.684404194355011,-0.314191073179245,-0.3551366925239563,0.04480729252099991,-0.11465275287628174,-0.7555177211761475,-0.4119236469268799,0.8598291277885437,0.15693382918834686,0.5641875267028809,0.10453250259160995,0.5656092166900635,-0.13640820980072021,-0.1854856163263321,1.0260915756225586,0.1135387271642685,-1.2277226448059082,-0.1832892745733261,-0.10036303102970123,-0.1454445719718933,0.010435300879180431,-0.3674967288970947,0.8133872151374817,0.018088918179273605,-0.456293523311615,-0.027408147230744362,-0.36420589685440063,-0.14663700759410858,0.12462766468524933,0.3999430239200592,-0.21674713492393494,0.8163345456123352,0.08548982441425323,0.09997343271970749,0.08768584579229355,-0.2709518074989319,-0.28633370995521545,-0.19803611934185028,-0.40311509370803833,-0.11547622829675674,0.11341901123523712,-0.09177090227603912,0.05588892102241516,-0.14752666652202606,-0.34074681997299194,0.5290145874023438,0.19161450862884521,-0.20808815956115723,-0.17482221126556396,-0.16363148391246796,0.09723381698131561,0.05689803883433342,-0.02870902419090271,0.2176019847393036,0.0945495218038559,0.26526084542274475,0.3170205056667328,0.13955241441726685,-1.0284583568572998,-0.14531195163726807,0.05158983916044235,0.0527416355907917,0.38785630464553833,0.259606271982193,-0.47301173210144043,-0.8105403780937195,0.3212161660194397,0.3157750070095062,-0.11273273080587387,0.16258545219898224,-0.026915203779935837,0.8015456199645996,-0.3418264389038086,-0.04493410140275955,-0.27858033776283264,-0.1306258887052536,-0.4460390508174896,0.21703024208545685,0.02500227652490139,-0.13075092434883118,0.23244619369506836,-0.08397039026021957,0.1354166567325592,-0.12124626338481903,0.2542904317378998,0.309988409280777,-0.2805555760860443
CID000003114,916,-0.03811419755220413,-0.1582467257976532,-0.47837120294570923,-0.04541218653321266,0.36348778009414673,-0.04862893745303154,-0.06982436031103134,-0.31744709610939026,-0.08607642352581024,0.1386280357837677,0.49027544260025024,-0.019367435947060585,0.11227594316005707,-0.16131307184696198,-0.10988485813140869,0.25218021869659424,0.0770740956068039,0.17547260224819183,-0.21947479248046875,0.1947566121816635,-0.2014251947402954,0.13026592135429382,0.7154020071029663,0.07412439584732056,-0.5744916200637817,-0.7535524964332581,-0.49167194962501526,0.04709511250257492,0.2040756493806839,-0.03009461797773838,0.938712477684021,0.045408427715301514,0.12419907003641129,0.6403127908706665,-0.4270910322666168,0.16738346219062805,0.48424777388572693,-0.3218061327934265,-0.025273796170949936,0.1284947693347931,-0.03204229101538658,0.3884480893611908,-0.4972499907016754,0.06525968015193939,0.13494452834129333,0.2584916055202484,0.9821467399597168,-0.10371141135692596,-0.6697404980659485,0.15532512962818146,-0.5378451347351074,-0.02341720648109913,0.6682637929916382,-0.17746445536613464,0.1240043193101883,-0.2758110761642456,-0.14391174912452698,0.4860328137874603,-0.07335860282182693,-0.15936759114265442,-0.23639705777168274,-0.16908492147922516,0.07736433297395706,0.7282747030258179,0.060665570199489594,0.2012309581041336,-0.20286226272583008,-0.1600714921951294,-0.01960408315062523,0.17947494983673096,-0.6799038648605347,0.29138264060020447,-0.791995644569397,0.42104411125183105,0.09885257482528687,0.28814682364463806,0.33113008737564087,0.041695285588502884,0.711713969707489,0.20849943161010742,-0.039356525987386703,-0.43097180128097534,0.19352459907531738,-0.34325554966926575,0.282620370388031,0.38817888498306274,-0.3592519164085388,0.11959348618984222,-0.13015393912792206,-0.024997198954224586,-0.14134100079536438,0.06475549936294556,-0.15529154241085052,0.09128054976463318,0.13299305737018585,-0.32829636335372925,-0.28426459431648254,0.39390861988067627,-0.11372275650501251,-0.7517277002334595,-0.07365240901708603,-0.2872023284435272,-0.07142314314842224,-0.11317989975214005,0.28828859329223633,-0.06867212057113647,0.843963623046875,0.15277066826820374,0.2017817199230194,-0.0760033130645752,-0.13607776165008545,0.23594076931476593,0.32231247425079346,-0.23458556830883026,0.17316225171089172,-0.19352789223194122,-0.13501659035682678,0.1992945373058319,0.017265841364860535,0.13233819603919983,-0.29560089111328125,-0.33517488837242126,0.0137686338275671,0.1713077276945114,-0.02809237316250801,0.10778740793466568,0.14963378012180328,-0.12992578744888306,-0.37082651257514954,0.24729380011558533,-0.8481483459472656,-0.04864465072751045,0.3944057524204254,0.265951544046402,0.08623000234365463,0.9357064366340637,0.07462992519140244,-0.2929425537586212,0.22686663269996643,-0.0032935787457972765,-0.2512224316596985,-0.22824373841285706,0.08378024399280548,0.14794310927391052,0.2111097276210785,-0.2068759948015213,-0.31715986132621765,0.014172275550663471,0.009235946461558342,-0.142598956823349,0.37713387608528137,0.013340706937015057,-0.7498181462287903,-0.7135453820228577,0.40187135338783264,-0.18119871616363525,0.010884666815400124,0.19944170117378235,-0.4855629801750183,-0.08905322104692459,-0.09550973027944565,0.24839229881763458,-0.6555275917053223,-0.0713755339384079,-0.5055949687957764,-0.1585206240415573,-0.05741935968399048,-0.19870010018348694,0.9189335107803345,-0.6152013540267944,-0.34128743410110474,-0.21978652477264404,-0.06155192106962204,-0.1997389793395996,-0.7495175004005432,-0.15574033558368683,0.24296414852142334,0.10761141777038574,0.5411273241043091,0.3684611916542053,0.45579543709754944,-0.3092016577720642,-0.07387028634548187,0.2885426878929138,-0.151760533452034,-0.6158738136291504,-0.20727691054344177,-0.20684686303138733,0.008960628882050514,-0.14107686281204224,-0.31483450531959534,1.0022962093353271,0.0763837918639183,-0.5580720901489258,0.13352487981319427,-0.04863577336072922,0.041065435856580734,0.10558883845806122,0.6374970078468323,-0.3300500810146332,0.36506035923957825,0.3198998272418976,0.06917263567447662,0.3141383230686188,-0.39617398381233215,-0.33884432911872864,-0.14618191123008728,-0.04256727546453476,-0.004773327615112066,0.05198833346366882,-0.05638826638460159,-0.1956070363521576,0.07238669693470001,-0.3879043757915497,0.5958355665206909,-0.1658603847026825,-0.2459118366241455,-0.1264576017856598,-0.026213403791189194,0.3062375485897064,0.2682778239250183,-0.05411417409777641,0.11671832948923111,-0.10277712345123291,0.06913204491138458,0.29388266801834106,0.028077533468604088,-0.7453894019126892,-0.18179605901241302,-0.20050117373466492,-0.05213814973831177,0.3388935625553131,0.14611446857452393,-0.2635115087032318,-0.5916058421134949,0.016447361558675766,0.1528007984161377,-0.08814994245767593,0.061849445104599,-0.20867712795734406,0.42872709035873413,-0.3768322467803955,0.050511617213487625,-0.20932337641716003,-0.12435345351696014,-0.1614481508731842,0.15186403691768646,-0.05488389730453491,0.002936664270237088,0.4013902544975281,-0.054734181612730026,0.11691510677337646,0.08128088712692261,0.05636587738990784,0.26732462644577026,0.20507685840129852
CID000213039,921,0.2280532419681549,-0.29303622245788574,-0.6464358568191528,-0.1678915172815323,0.5229707956314087,-0.22505970299243927,0.03783624246716499,-0.6217674016952515,-0.20980314910411835,-0.08863253891468048,0.6594445705413818,0.22993700206279755,-0.1459069699048996,-0.32146570086479187,-0.11765323579311371,0.4581248164176941,0.4009026885032654,0.08469198644161224,-0.35696280002593994,0.027259517461061478,-0.26821810007095337,0.0016599476803094149,0.29197248816490173,-0.12364981323480606,-0.9025471806526184,-0.862230658531189,-0.8671032190322876,-0.24467334151268005,0.3775307238101959,-0.448294073343277,1.1038124561309814,0.07533033937215805,0.09571102261543274,0.24338534474372864,-1.147445559501648,0.18200823664665222,0.541201651096344,-0.12338218837976456,0.12961788475513458,-0.02747519686818123,-0.22247855365276337,0.6849183440208435,-0.16015596687793732,-0.17585721611976624,0.06225266307592392,-9.835883975028992e-05,0.7501386404037476,-0.06909899413585663,-0.7526148557662964,0.013121250085532665,-0.8835011720657349,-0.058039773255586624,0.2627076506614685,-0.10990319401025772,-0.13563242554664612,-0.16523998975753784,0.05633807182312012,0.7249373197555542,0.028357941657304764,-0.021823903545737267,-0.0044856565073132515,-0.09728012979030609,0.10261227935552597,0.7549839019775391,0.13579347729682922,0.6227978467941284,0.18780213594436646,0.238815039396286,-0.10259242355823517,-0.014409798197448254,-0.4239906668663025,0.2199721336364746,-0.6644229292869568,0.32908326387405396,-0.2648734450340271,0.19675633311271667,0.4935951232910156,0.31583452224731445,0.8539223670959473,-0.32043129205703735,-0.1903490573167801,-0.5318350791931152,0.025511136278510094,0.1411331593990326,0.368202805519104,0.23626410961151123,-0.5370715856552124,-0.11554469913244247,-0.24591553211212158,0.03532158583402634,-0.2718236744403839,-0.23333720862865448,-0.2337092161178589,0.19014288485050201,0.0736067146062851,-0.16429594159126282,-0.23505203425884247,0.3954005837440491,0.2591622471809387,-1.3232386112213135,-0.14863801002502441,0.04336491972208023,0.08325787633657455,-0.4197845458984375,-0.056813936680555344,-0.1375012844800949,0.8752438426017761,-0.029005909338593483,0.09951101243495941,-0.2634422183036804,0.1568223536014557,0.04900548607110977,0.2821740508079529,-0.6693807244300842,0.21210691332817078,-0.1445743590593338,-0.32515913248062134,0.4433611035346985,-0.04601297527551651,-0.11403952538967133,-0.26335760951042175,-0.3774341940879822,-0.0983828604221344,0.23610475659370422,0.17530998587608337,-0.014038455672562122,0.22572699189186096,0.1323583424091339,-0.3180718421936035,0.16970506310462952,-1.1378546953201294,0.33220183849334717,0.483569860458374,0.34434399008750916,-0.07243132591247559,0.9088315963745117,0.17047791182994843,-0.300321102142334,0.512982964515686,-0.13860514760017395,-0.0706704705953598,-0.23728778958320618,0.20455479621887207,0.5953162312507629,0.07943182438611984,-0.019783865660429,-0.4650290012359619,0.13023439049720764,0.07929448783397675,0.0030483007431030273,0.7527014017105103,-0.27807143330574036,-0.7635815739631653,-0.9403465390205383,0.5595120191574097,-0.1779276430606842,0.10219664871692657,0.2156088799238205,-0.3634849190711975,0.02428637631237507,-0.10449745506048203,-0.0874929279088974,-0.6892170906066895,0.13791239261627197,-0.5704083442687988,-0.11668100208044052,-0.11216801404953003,0.015897337347269058,0.7870312929153442,-0.5248383283615112,-0.10566207021474838,-0.2752148509025574,0.10632912069559097,0.016940312460064888,-0.5782917737960815,-0.20704129338264465,0.29597243666648865,0.1692619025707245,0.5031393766403198,0.1846305876970291,0.37332671880722046,-0.1976473480463028,-0.002043134067207575,0.9706804156303406,0.11979041248559952,-0.9342528581619263,-0.023529529571533203,-0.11969389766454697,0.06969916820526123,-0.03208072856068611,-0.5984310507774353,1.1633163690567017,-0.02842734381556511,-0.11151739209890366,-0.15619876980781555,0.13268324732780457,-0.36701491475105286,-0.10491728782653809,1.3083014488220215,-0.1615561544895172,0.5863534808158875,0.28636646270751953,-0.23445704579353333,0.5972045660018921,-0.36631056666374207,0.3965010643005371,-0.16191205382347107,-0.2825147807598114,0.1582539826631546,0.015230163931846619,-0.07837344706058502,0.10860184580087662,0.07204005867242813,-0.1379992812871933,0.9809976816177368,0.24200089275836945,-0.3063414692878723,-0.2911303639411926,0.17608800530433655,0.19983050227165222,-0.07122713327407837,0.05032696574926376,0.10234196484088898,0.01238179486244917,-0.19679543375968933,0.327532559633255,0.25986117124557495,-0.8510348200798035,-0.4522863030433655,0.05659298971295357,0.3061043322086334,0.30628007650375366,0.2401476353406906,-0.22432856261730194,-0.7990216016769409,0.6198688745498657,-0.1550954133272171,-0.1578735113143921,-0.16040045022964478,-0.4042293131351471,0.7853730916976929,-0.24133646488189697,-0.011397701688110828,-0.3607580065727234,-0.07246609777212143,-0.1572098433971405,0.12387828528881073,-0.30118808150291443,0.05911695212125778,0.5016282796859741,-0.08510845899581909,-0.1357884705066681,-0.23761479556560516,-0.13027730584144592,0.36372047662734985,-0.07757476717233658
CID000060696,925,0.0922422930598259,-0.2762336730957031,-0.5753746032714844,0.20236679911613464,0.27799785137176514,-0.19369003176689148,0.04646395891904831,-0.7671200633049011,0.009693237952888012,0.07096093893051147,0.43400025367736816,-0.09581998735666275,-0.07701469957828522,-0.16018904745578766,-0.17241007089614868,0.2981081008911133,0.0036935806274414062,-0.04972543567419052,-0.2951832711696625,0.11888561397790909,-0.20132529735565186,0.10838662087917328,0.5848801732063293,0.09182184934616089,-0.5774179697036743,-0.864055335521698,-0.34839361906051636,0.10715889930725098,0.01921110972762108,0.0681614801287651,0.8207052946090698,0.265407919883728,-0.055864572525024414,0.4670252203941345,-0.3058907687664032,0.11052306741476059,0.38174036145210266,-0.1009385958313942,-0.0561174638569355,0.019466284662485123,-0.22848308086395264,0.17853467166423798,-0.34099265933036804,-0.19702380895614624,-0.154253751039505,0.12154512107372284,0.5855825543403625,-0.27978357672691345,-0.3869098424911499,0.06397538632154465,-0.6061908006668091,0.2646019756793976,0.4549623131752014,-0.17311500012874603,0.3587000370025635,-0.24771134555339813,-0.23639175295829773,0.2838892936706543,-0.10452087223529816,-0.07439039647579193,0.14516600966453552,-0.3682899475097656,0.05969690531492233,0.9067481160163879,0.025271747261285782,0.3434752821922302,-0.11670698970556259,-0.08314651995897293,0.05850383639335632,-0.006278491113334894,-0.7426324486732483,0.04710359126329422,-0.40184053778648376,0.5327683091163635,0.05517452955245972,0.5844718813896179,0.45955967903137207,0.284580796957016,0.31912070512771606,0.08954764902591705,-0.07452936470508575,-0.18100407719612122,-0.061478279531002045,-0.04756368696689606,0.004114705137908459,0.2776041328907013,-0.3655957877635956,-0.14915576577186584,0.009281587786972523,-0.0889911875128746,-0.1958160400390625,-0.015516059473156929,-0.2521696090698242,0.07439906150102615,-0.0094218198210001,-0.23362450301647186,-0.15804193913936615,0.2883841097354889,0.08959915488958359,-0.8738265037536621,-0.053031522780656815,-0.31316715478897095,0.13358983397483826,-0.055705320090055466,0.17572279274463654,-0.08041270822286606,0.7457971572875977,0.07826651632785797,0.15565887093544006,-0.043398402631282806,-0.14911618828773499,0.09987176954746246,0.1802116334438324,-0.45673054456710815,0.1231345683336258,-0.407609760761261,-0.2060692012310028,-0.027932297438383102,0.010007992386817932,0.13714471459388733,-0.14903613924980164,-0.16540645062923431,0.05792297050356865,-0.03089894726872444,-0.04352078586816788,0.07694374024868011,0.19939175248146057,0.10046841204166412,-0.23644296824932098,0.3424975275993347,-0.7499426603317261,-0.25118720531463623,0.3732030391693115,0.15005216002464294,-0.04503695294260979,0.9434021711349487,0.19420047104358673,-0.35365813970565796,0.3451065421104431,0.2072914093732834,-0.1830008327960968,-0.1927129626274109,0.044376589357852936,0.3800651431083679,0.12866657972335815,-0.015589525923132896,-0.2648918628692627,-0.011331293731927872,0.06968630850315094,0.06272732466459274,0.4222072660923004,-0.09998112171888351,-0.5918010473251343,-0.5449636578559875,0.5727828145027161,-0.07017001509666443,0.26109498739242554,-0.2239636480808258,-0.3180267810821533,-0.304504930973053,-0.01671336591243744,0.3676377832889557,-0.9027511477470398,0.0831497311592102,-0.39366185665130615,0.1851913183927536,0.008181413635611534,-0.22229298949241638,0.5263014435768127,-0.6036405563354492,-0.19422492384910583,-0.07546304166316986,-0.16207782924175262,-0.22081908583641052,-0.5065705180168152,-0.3590858280658722,0.5450528860092163,0.18658700585365295,0.5669578909873962,0.10673393309116364,0.48624101281166077,-0.16941849887371063,-0.3102073669433594,0.7554746270179749,-0.2107882797718048,-0.9098201990127563,-0.29803815484046936,-0.06503379344940186,-0.2372075617313385,-0.11741926521062851,-0.32959941029548645,0.8234690427780151,-0.038151782006025314,-0.3453778326511383,0.3174826204776764,-0.15049296617507935,-0.03002893552184105,0.002044113352894783,0.4830450415611267,-0.2262963503599167,0.4543771743774414,0.35460591316223145,-0.0009112425032071769,0.1835210621356964,-0.5582869052886963,-0.126803457736969,-0.35626429319381714,-0.1522744745016098,-0.10172528028488159,-0.17207348346710205,0.13652142882347107,-0.0630268007516861,-0.07121586799621582,-0.2574813961982727,0.5831236243247986,0.12501093745231628,0.06595154106616974,-0.050637613981962204,-0.01771882362663746,0.263119637966156,0.1829642504453659,-0.056959908455610275,0.08785482496023178,-0.182719886302948,-0.006541651673614979,0.1167532429099083,0.16063377261161804,-0.6316462159156799,-0.3130786418914795,-0.22114615142345428,-0.015743467956781387,0.06743601709604263,0.03937716409564018,-0.30946892499923706,-0.48457568883895874,0.04592403769493103,0.19058328866958618,-0.3354240655899048,0.043132565915584564,-0.0970039814710617,0.9699735641479492,-0.3290286660194397,-0.00629889452829957,-0.5380773544311523,-0.29014116525650024,-0.5251787900924683,-0.1496255099773407,0.09285414963960648,-0.1538061648607254,0.1585855633020401,0.07311771810054779,-0.08246839791536331,-0.041016578674316406,-0.06984894722700119,0.17690147459506989,-0.12398569285869598
CID000002727,926,0.1465044468641281,-0.3215058445930481,-0.7195213437080383,0.02378104068338871,0.4211977422237396,-0.175838440656662,-0.038842134177684784,-0.6645796895027161,-0.1299990713596344,-0.0556112639605999,0.27757006883621216,0.02397601678967476,-0.08257971704006195,0.11955533176660538,0.01133856363594532,-0.1073400005698204,0.3258959650993347,0.1309153139591217,-0.12400255352258682,0.13100317120552063,-0.2933436930179596,0.16544091701507568,0.4224788248538971,-0.028006523847579956,-0.5516946315765381,-0.7991446256637573,-0.4124611020088196,0.027121346443891525,-0.23605351150035858,0.03510202839970589,0.6189126968383789,0.08723340183496475,-0.03419824317097664,0.41297096014022827,-0.09667028486728668,0.2371939718723297,1.2356711626052856,-0.1057068258523941,0.18814735114574432,0.23471896350383759,-0.13578318059444427,0.37072187662124634,-0.43377166986465454,0.03892991691827774,-0.15147410333156586,-0.016641605645418167,0.5356920957565308,-0.24467916786670685,-0.4785584807395935,-0.059936266392469406,-0.46670499444007874,0.48652419447898865,0.17464640736579895,-0.0670795664191246,0.45196643471717834,-0.21494069695472717,-0.14613890647888184,0.758946418762207,0.169912189245224,0.007142561487853527,0.0915234237909317,-0.2769813537597656,0.09143274277448654,1.0366919040679932,-0.25887325406074524,0.28062206506729126,-0.1370968520641327,-0.019709045067429543,0.04840860515832901,0.04212578758597374,-0.5010989308357239,0.12557317316532135,-0.5411936044692993,0.46706444025039673,0.13071343302726746,0.3616084158420563,0.6104347109794617,0.32950785756111145,0.412362664937973,0.11923003196716309,0.06756477802991867,-0.3999531865119934,0.07634954899549484,-0.055621176958084106,-0.07099546492099762,0.32258808612823486,-0.1070287674665451,-0.286830335855484,-0.16985221207141876,0.2466583251953125,-0.28402331471443176,0.1157609075307846,-0.16460901498794556,-0.12294264882802963,0.039697859436273575,-0.13985146582126617,0.1522856056690216,0.2522962987422943,0.19624972343444824,-0.8717402219772339,-0.1455868035554886,-0.15265700221061707,0.1653517782688141,-0.019403036683797836,0.23608584702014923,-0.13076837360858917,0.9584543108940125,-0.4324028491973877,0.20543737709522247,-0.01555846631526947,-0.0072661577723920345,0.03842444717884064,0.3482835590839386,-0.34849920868873596,0.08607836812734604,-0.31670674681663513,-0.39492446184158325,-0.0068537769839167595,0.03277252987027168,-0.12543925642967224,-0.23854878544807434,-0.13584962487220764,0.19306126236915588,0.05614590644836426,0.020836234092712402,-0.10477642714977264,0.29985421895980835,-0.04504675418138504,-0.4089025855064392,0.4245501458644867,-0.6346991658210754,-0.3019185960292816,0.29967284202575684,0.17247794568538666,-0.09544377028942108,0.6466102004051208,0.29111117124557495,-0.29568609595298767,0.33701053261756897,-0.1266125738620758,0.03171015530824661,-0.11555490642786026,-0.09846414625644684,-0.25001826882362366,0.04133467376232147,0.0025274395011365414,-0.23274406790733337,0.05209454149007797,0.17676584422588348,0.01624750718474388,0.41006189584732056,-0.21369197964668274,-0.5968735814094543,-0.7297180891036987,0.7540367841720581,-0.224447563290596,0.43363267183303833,0.042356573045253754,-0.592827320098877,0.09995582699775696,-0.13126417994499207,0.3707343637943268,-1.265728235244751,0.022081127390265465,-0.2713701128959656,0.11825814098119736,-0.1355295032262802,-0.17210431396961212,0.5688616037368774,-0.4589863419532776,-0.11996807903051376,-0.10809998214244843,0.02706906758248806,0.020965557545423508,-0.6419807076454163,-0.22489652037620544,0.6246650218963623,0.2080443799495697,0.5677168965339661,-0.15030205249786377,0.5730509161949158,-0.3123340606689453,-0.3313385546207428,0.5617924332618713,0.10113541036844254,-0.4285852909088135,-0.01567239500582218,-0.054251931607723236,-0.5200169086456299,-0.07208851724863052,-0.19256100058555603,0.9976810216903687,0.11636210978031158,-0.4116307199001312,0.08518044650554657,-0.06692059338092804,0.12018537521362305,0.18949776887893677,0.6349712014198303,-0.02028932236135006,0.6333407163619995,0.3600090742111206,-0.02269270457327366,0.047368913888931274,-0.43830937147140503,-0.15586066246032715,-0.3219098746776581,0.12341300398111343,-0.16474327445030212,-0.07020296156406403,-0.229996919631958,-0.05724930018186569,-0.2578234374523163,-0.3330528438091278,0.8884786367416382,0.06954845786094666,-0.1530551314353943,-0.37770596146583557,0.12860582768917084,0.08897664397954941,0.14297065138816833,-0.10790856927633286,0.10976332426071167,-0.1484634280204773,0.23245564103126526,0.03091410920023918,0.19527335464954376,-0.765712320804596,-0.07846997678279877,0.043626703321933746,-0.2409406453371048,0.2402723729610443,0.010092922486364841,-0.12724554538726807,-0.8633217811584473,-0.11634465306997299,0.050056345760822296,-0.11300741136074066,-0.18850207328796387,-0.19789333641529083,0.8036932945251465,-0.3169926702976227,0.06539305299520493,-0.1722939908504486,-0.14213570952415466,-0.43490010499954224,0.04543532058596611,-0.04612778499722481,-0.11106785386800766,0.04780878871679306,0.26906827092170715,-0.036496538668870926,0.18366843461990356,-0.14007142186164856,0.18417426943778992,0.08217041194438934
CID000004539,927,0.06779800355434418,-0.14258460700511932,-0.7816259860992432,0.030618805438280106,0.3529704511165619,-0.41785430908203125,0.005362778902053833,-0.3840793967247009,-0.2520225942134857,-0.4916335940361023,0.3311937153339386,-0.006451916880905628,-0.08664865791797638,-0.11590194702148438,0.00157814915291965,0.2910553812980652,0.05223012715578079,0.07062236219644547,-0.32163023948669434,-0.25641900300979614,0.0048455893993377686,-0.06937235593795776,0.47732028365135193,0.3031231760978699,-0.617935836315155,-0.7799822092056274,-0.24269933998584747,-0.1582736223936081,0.37572821974754333,0.012840360403060913,0.632746160030365,0.09021385759115219,0.03997764736413956,0.2217596471309662,-0.24092188477516174,-0.0879151001572609,0.15359452366828918,-0.11232378333806992,0.08083836734294891,0.17360618710517883,-0.023428022861480713,0.4010867476463318,-0.1069626659154892,-0.08361168950796127,0.10771330446004868,-0.23398277163505554,0.5075242519378662,-0.09217081218957901,-0.6202963590621948,-0.03316768258810043,-0.7207345962524414,-0.17942288517951965,0.5449410676956177,-0.22360894083976746,0.10378365218639374,-0.2596968114376068,-0.02936152182519436,0.6070307493209839,-0.389595091342926,-0.14469675719738007,-0.03246845677495003,-0.12002672255039215,0.23404744267463684,0.5786319971084595,0.13615202903747559,0.6310109496116638,-0.026755552738904953,0.18670453131198883,-0.054850734770298004,0.12630827724933624,-0.5072726011276245,0.12568438053131104,-0.3006010055541992,0.3970414996147156,-0.12278232723474503,0.4449027478694916,0.26212194561958313,0.23222768306732178,0.6366797685623169,-0.0908752828836441,0.02566494420170784,-0.2277022898197174,0.40449103713035583,-0.010708973743021488,0.1770644634962082,0.12262718379497528,-0.2728126645088196,-0.010634770616889,-2.326965295651462e-05,-0.07406418025493622,-0.019381139427423477,-0.08577510714530945,-0.35171204805374146,0.09722162038087845,0.17401891946792603,0.15913626551628113,-0.2115805596113205,0.17316611111164093,0.030455047264695168,-0.6797820925712585,-0.15466061234474182,-0.23687613010406494,0.06689143180847168,0.015264499001204967,-0.05523810535669327,-0.09732376039028168,0.6621643304824829,0.09850092232227325,0.051590897142887115,-0.13639609515666962,-0.013974165543913841,-0.035070180892944336,0.09408614039421082,-0.5510032176971436,0.016085978597402573,-0.07456830888986588,-0.08397925645112991,0.2583348751068115,-0.10579639673233032,-0.07401567697525024,-0.3923339545726776,-0.26188206672668457,-0.03635065630078316,0.08891211450099945,0.04537311941385269,0.03180321678519249,0.14291836321353912,0.07677023857831955,-0.08297664672136307,0.0163230299949646,-0.4133187234401703,-0.14366629719734192,0.38478997349739075,0.16986627876758575,-0.1744803488254547,0.767356276512146,-0.14966127276420593,0.11468501389026642,0.22691503167152405,-0.050582826137542725,-0.01960156485438347,-0.17455275356769562,0.09207536280155182,0.3333559036254883,0.25529852509498596,-0.0057693482376635075,-0.18378108739852905,0.3434641361236572,-0.1430223286151886,-0.12699536979198456,0.7560100555419922,0.14861570298671722,-0.31879574060440063,-0.5098217725753784,0.43147778511047363,-0.06996004283428192,-0.08162512630224228,0.07052987813949585,-0.3983404040336609,-0.15966404974460602,-0.14021937549114227,0.2678164839744568,-0.7932442426681519,-0.15154442191123962,-0.47505179047584534,-0.05709649249911308,-0.04754406958818436,-0.15244397521018982,0.6335570812225342,-0.6142491102218628,-0.43688225746154785,-0.10224048793315887,-0.0750834196805954,0.03995303064584732,-0.2969519793987274,-0.20238032937049866,0.015219837427139282,0.007878107018768787,0.48455357551574707,0.08828209340572357,0.2622118890285492,0.11524634063243866,-0.04976130649447441,0.23453053832054138,-0.11864707618951797,-0.24092110991477966,-0.459338903427124,-0.2678825259208679,-0.27107858657836914,-0.16910754144191742,0.06777206063270569,0.8846157789230347,-0.01722801849246025,-0.42618411779403687,0.06509338319301605,0.010038668289780617,0.04502622038125992,0.002831578254699707,0.42600736021995544,-0.28534355759620667,0.43466585874557495,0.3248540759086609,-0.045812033116817474,0.263540118932724,-0.4035405218601227,0.10654035955667496,-0.3836154341697693,-0.02409900352358818,-0.19474104046821594,-0.1619388312101364,-0.12387196719646454,-0.09851817786693573,-0.11877074092626572,-0.15791410207748413,0.726327121257782,0.030713826417922974,-0.09968312084674835,-0.09769029915332794,-0.05812351033091545,0.04051744565367699,0.13800691068172455,0.06182302162051201,0.2648846507072449,-0.2911171317100525,-0.10591273009777069,0.15361495316028595,-0.06174010783433914,-0.8968738317489624,-0.12121616303920746,-6.015300823491998e-05,0.011505777016282082,-0.09757158160209656,-0.12062729895114899,-0.33058100938796997,-0.7016218900680542,0.06084831431508064,0.0787021815776825,-0.055789463222026825,-0.059604398906230927,-0.06686850637197495,0.4950651526451111,-0.4339597821235657,-0.047630202025175095,-0.1395563781261444,-0.06512472033500671,-0.47947612404823303,0.032749634236097336,-0.07163543999195099,-0.20019026100635529,0.3555637001991272,0.0011016249191015959,0.04592452198266983,0.029057255014777184,-0.09359215199947357,0.2373437136411667,-0.1456715613603592
CID000003007,928,-0.015283847227692604,-0.4240356981754303,-0.747111439704895,0.34441453218460083,0.31579869985580444,0.05118813365697861,-0.047124795615673065,-0.498910516500473,-0.18318238854408264,-0.2804076671600342,0.2733820378780365,-0.061605315655469894,-0.10579397529363632,0.0670878142118454,0.008757458999752998,0.14243605732917786,0.5755550861358643,0.12331315129995346,-0.7419231534004211,0.031119579449295998,-0.31890374422073364,-0.1853868067264557,0.5401331782341003,0.21535427868366241,-0.35336270928382874,-0.5721012353897095,-0.39371949434280396,-0.3078647553920746,0.473378986120224,-0.2747158706188202,1.5028668642044067,-0.0713227167725563,-0.13495905697345734,0.5359973311424255,-1.446743369102478,-0.024143436923623085,1.4009405374526978,-0.09667761623859406,-0.19937749207019806,-0.07685476541519165,-0.8996882438659668,0.6414240598678589,-0.2879500687122345,0.04770643264055252,-0.14428171515464783,-0.008463447913527489,0.695479691028595,-0.02208072319626808,-0.5908032655715942,0.03781508281826973,-0.3235589861869812,0.2688111960887909,0.5912107825279236,-0.21190528571605682,-0.22682657837867737,-0.5339081883430481,-0.1105276569724083,1.37570059299469,0.6430841684341431,-0.5252236127853394,0.17139342427253723,-0.057927243411540985,-0.3246716856956482,1.1127636432647705,0.5322376489639282,0.5441647171974182,0.4579262137413025,-0.023815512657165527,-0.10037428140640259,-0.018914325162768364,-1.131946325302124,0.12779763340950012,-1.2949798107147217,-0.15406706929206848,0.111589714884758,0.28440505266189575,0.5756046175956726,0.10641292482614517,0.3604808449745178,0.2654457688331604,0.06885384023189545,-0.06409610062837601,-0.028786927461624146,-0.24647638201713562,0.3161022663116455,0.08291123062372208,-1.2399790287017822,0.32069191336631775,0.12415449321269989,-0.13475379347801208,0.1298809051513672,-0.0458412803709507,-0.17496062815189362,0.17212845385074615,-0.26284199953079224,-0.3293488919734955,0.003025415586307645,0.056058406829833984,0.15849055349826813,-0.6123005151748657,0.15081459283828735,0.31975167989730835,0.007407114841043949,-0.3854571282863617,0.038657743483781815,-0.036433178931474686,0.7565709352493286,-0.34809768199920654,0.1288321167230606,0.005033598281443119,0.2128123790025711,-0.06096130609512329,0.9802309274673462,-0.4648549556732178,-0.0744561180472374,-0.04292484000325203,-0.10187239944934845,0.21283535659313202,-0.21146877110004425,0.8226187825202942,-0.22598859667778015,-0.3681880235671997,-0.10361279547214508,-0.02648305892944336,0.36868783831596375,-0.044867727905511856,0.4372583329677582,-0.232282355427742,0.36953914165496826,0.312783420085907,-0.9293378591537476,-0.4761039614677429,0.2767713665962219,0.301596999168396,0.1731540858745575,1.0626964569091797,0.15294790267944336,-0.20576421916484833,0.396292120218277,-0.06837315857410431,-0.13016194105148315,-0.06958827376365662,0.0034204511903226376,0.2813369035720825,-0.13857302069664001,-0.3033953309059143,-0.6719921827316284,0.3842335343360901,0.05257261544466019,-0.271424263715744,0.5774408578872681,0.11143340915441513,-1.3939985036849976,-1.5197702646255493,0.8540445566177368,-0.4649428725242615,-0.1349266767501831,0.3161401152610779,-0.3049434721469879,0.12639501690864563,-0.11395547538995743,0.16760286688804626,-0.677947461605072,-0.1655326783657074,-0.2933172583580017,-0.24828001856803894,0.2009412795305252,-0.1369483470916748,0.39418846368789673,-0.5626488924026489,-0.36872267723083496,0.1302681267261505,0.15360836684703827,-0.18330033123493195,-1.1558036804199219,-0.17620208859443665,0.6094214916229248,0.012828163802623749,0.6383105516433716,-0.01639275625348091,0.3959987759590149,0.06916560232639313,0.3049425780773163,0.7709901332855225,0.04532871022820473,-0.12524057924747467,0.14138536155223846,-0.2813017964363098,-0.3649705946445465,-0.1762610226869583,-0.4720188081264496,1.0549228191375732,-0.46699824929237366,-0.5412322878837585,-0.3841697573661804,0.1814832240343094,0.041694629937410355,0.049805331975221634,0.2233467400074005,0.19553223252296448,0.17282530665397644,-0.20343026518821716,-0.004967219661921263,0.29792290925979614,-0.5277544856071472,0.045511893928050995,-0.25213557481765747,0.22825543582439423,-0.04575808718800545,-0.3477586507797241,-0.5532739758491516,-0.0700383260846138,-0.01985117234289646,-0.05198417231440544,0.5503856539726257,0.018320301547646523,0.13984069228172302,-0.025767162442207336,-0.3663584887981415,-0.1222381591796875,0.12723317742347717,0.1852022409439087,-0.2579987943172455,0.18724475800991058,-0.1740332543849945,0.0028453744016587734,-0.11205188930034637,-1.5598663091659546,-0.02999197319149971,0.3416655659675598,0.008201981894671917,0.37673497200012207,0.08431221544742584,-0.014367160387337208,-0.8908635973930359,0.16475819051265717,0.048845160752534866,0.10002212226390839,-0.22316403687000275,-0.06528278440237045,0.759382426738739,-0.3956853747367859,0.26081252098083496,-0.17390280961990356,-0.3183557093143463,-0.27681753039360046,0.32346659898757935,0.4845086634159088,-0.04517117142677307,0.3827030658721924,0.24939969182014465,0.13730929791927338,-0.33120301365852356,-0.4376928210258484,0.37689703702926636,0.03884076327085495
CID006398970,931,-0.07763563096523285,-0.44855713844299316,-1.1095621585845947,-0.02250327542424202,0.4321750998497009,-0.1498263031244278,0.12348677217960358,-0.664449155330658,-0.24131353199481964,-0.3145495057106018,0.3507935404777527,0.14644722640514374,-0.014991981908679008,-0.5758652091026306,-0.08104760944843292,0.2698831558227539,1.458481788635254,-0.009761596098542213,-0.38672900199890137,-0.42820867896080017,-0.20020894706249237,0.03929717466235161,0.7279283404350281,-0.3246106505393982,-1.1527180671691895,-1.4303903579711914,-0.804510772228241,0.015086149796843529,0.016042668372392654,0.01938674971461296,1.5931397676467896,0.04034839943051338,0.26210296154022217,-0.23755304515361786,-0.2096330225467682,-0.4657333493232727,0.34686195850372314,-0.4205860197544098,0.12333457171916962,-0.5112866163253784,-0.6162397861480713,2.0041093826293945,-0.6549359560012817,-0.7207574248313904,0.06241869926452637,-0.3220711052417755,0.6258407831192017,-0.12297245115041733,-0.6960129141807556,0.07402406632900238,-0.4789466857910156,0.1904216706752777,0.07966495305299759,-0.3027728199958801,0.09272244572639465,-0.867099940776825,0.03343524411320686,0.6852742433547974,-0.27823054790496826,0.35127800703048706,-0.20011751353740692,-0.18295195698738098,0.07706095278263092,1.088263750076294,-0.1040702685713768,0.03628452867269516,0.14197202026844025,0.2456502616405487,-0.18832579255104065,-0.18835961818695068,-0.966658890247345,0.05645760893821716,-1.0291707515716553,0.27350911498069763,-0.13195796310901642,0.6062933802604675,1.3522828817367554,0.6598730087280273,0.6396774053573608,-0.2027982920408249,-0.10507164150476456,-0.40660446882247925,-0.04422168433666229,0.06775112450122833,0.04621385410428047,0.0213328767567873,-0.3931826949119568,-0.29379531741142273,-0.011114543303847313,0.3734818696975708,-0.20687229931354523,0.06822430342435837,-0.13516007363796234,0.34487292170524597,-0.11727909743785858,-0.13619263470172882,-0.048528458923101425,0.48087024688720703,-0.1543387770652771,-0.7592048645019531,0.01741015911102295,-0.2404009997844696,0.21549978852272034,-0.5449113249778748,-0.3186810612678528,-0.06292310357093811,1.234585165977478,0.04069195315241814,-0.13005544245243073,0.056709956377744675,0.08294324576854706,-0.13796259462833405,0.07005695253610611,-0.3303605020046234,0.14081355929374695,-0.40269097685813904,-0.5267226696014404,0.24282535910606384,-0.28715500235557556,0.4014998972415924,-0.254472017288208,-0.11133792251348495,0.037737928330898285,0.08768869936466217,0.15333876013755798,-0.16195961833000183,0.16030839085578918,0.06899355351924896,0.08994650840759277,0.6948579549789429,-0.8236004114151001,-0.09610869735479355,0.291574627161026,0.12234623730182648,-0.18346107006072998,0.676756739616394,-0.002607321832329035,0.3312581181526184,0.3330617845058441,0.051898978650569916,-0.27165165543556213,-0.2652250826358795,0.03851708769798279,0.34568551182746887,0.46009665727615356,0.11295757442712784,-0.34145843982696533,0.5190741419792175,0.1690278798341751,-0.24967312812805176,0.1649031937122345,-0.5117016434669495,-0.754526674747467,-1.1330528259277344,0.4043927788734436,0.1311260163784027,-0.09687036275863647,0.2560986876487732,-0.07366154342889786,-0.11645599454641342,-0.1162101998925209,-0.20229820907115936,-0.9352933764457703,-0.3352150321006775,-1.0126969814300537,-0.3953040540218353,-0.21714678406715393,0.4378325343132019,0.5617653131484985,0.05345477908849716,0.047880031168460846,-0.3809286057949066,-0.05351574346423149,-0.0030385092832148075,-0.6572704315185547,-0.02682136930525303,0.5300365686416626,0.13998901844024658,0.710257887840271,0.09432898461818695,0.8343302011489868,-0.14202196896076202,-0.14995823800563812,0.4657163619995117,0.22453168034553528,-0.6733715534210205,-0.3622438311576843,0.05059187486767769,-0.4418187141418457,-0.32378947734832764,-0.6140807867050171,1.0564749240875244,-0.15293557941913605,-0.5156265497207642,-0.09084504842758179,0.07873477041721344,-0.13146643340587616,0.3226429522037506,0.4490469992160797,0.005747391376644373,0.30169492959976196,0.4032641053199768,-0.2274232655763626,0.2197127342224121,0.03398884832859039,0.2498907595872879,-0.053698666393756866,0.1761462539434433,0.03985312581062317,-0.2635740637779236,0.6912217736244202,-0.026562174782156944,0.1306948959827423,0.09180469810962677,1.0336648225784302,0.43594256043434143,-0.14914126694202423,-0.34605395793914795,0.031537752598524094,0.03409639745950699,0.27341410517692566,0.4029437005519867,0.18775275349617004,-0.252466082572937,0.07493568956851959,0.3268870711326599,-0.20821285247802734,-1.2380338907241821,0.049054455012083054,-0.17169024050235748,0.1575113832950592,0.38278403878211975,-0.29062601923942566,-0.08278822898864746,-0.6552297472953796,0.25151869654655457,-0.35900062322616577,0.02620886266231537,0.08392871916294098,0.27710965275764465,1.721355676651001,-0.46476221084594727,-0.11968813836574554,-0.3539021611213684,-0.040746938437223434,-0.3625345826148987,0.3152274489402771,0.09130474925041199,-0.42109328508377075,0.1309090554714203,0.24696938693523407,-0.03551962226629257,0.18382850289344788,0.2982177138328552,0.08454296737909317,0.024365626275539398
CID000110635,934,0.1805277168750763,-0.4461571276187897,-1.1158735752105713,-0.22899849712848663,0.4198704659938812,-0.2099025696516037,0.10838407278060913,-0.9672402143478394,-0.08055540174245834,-0.4178343713283539,0.7120017409324646,0.22756662964820862,-0.025868255645036697,-0.1506572961807251,-0.0964789167046547,0.1975671947002411,0.3738977015018463,0.10415469110012054,-0.024875592440366745,-0.24724659323692322,-0.472156822681427,-0.17973753809928894,0.4912533760070801,-0.05720949172973633,-1.338781476020813,-1.1239261627197266,-0.6677080392837524,-0.002495795488357544,0.24974191188812256,-0.11198611557483673,1.2573503255844116,-0.10910167545080185,-0.014186280779540539,0.2522224187850952,-0.4950346052646637,-0.19198200106620789,0.4879117012023926,-0.03768862038850784,0.21196727454662323,-0.12027523666620255,-0.21547527611255646,0.516148030757904,-0.19870877265930176,-0.35771679878234863,0.2163207083940506,-0.04968402907252312,1.0763843059539795,-0.24795477092266083,-0.6833011507987976,-0.0016785550396889448,-0.8662428855895996,0.14510035514831543,0.4368981719017029,-0.22434186935424805,0.25798410177230835,-0.5766518115997314,0.24797484278678894,1.0440680980682373,0.20916719734668732,0.29718828201293945,-0.06638450920581818,-0.0077263712882995605,0.026178639382123947,0.9280003309249878,0.07959083467721939,0.6210830211639404,0.19944120943546295,0.05944545194506645,-0.16907899081707,0.11724638938903809,-0.766504168510437,0.38327735662460327,-0.6717201471328735,0.18818563222885132,-0.1537484973669052,0.1290251612663269,0.2009936273097992,-0.08433328568935394,0.9770951271057129,-0.05362725257873535,0.18978235125541687,-0.4612964689731598,-0.13475123047828674,0.07602252811193466,0.2803974151611328,0.1670849472284317,-0.7666861414909363,-0.24645432829856873,-0.16510894894599915,0.13683995604515076,-0.3511955142021179,-0.3899776041507721,-0.5180827975273132,0.34540390968322754,-0.02201368845999241,-0.09803213179111481,0.10155995935201645,0.19138537347316742,0.02195402979850769,-1.5535532236099243,-0.3998357653617859,0.17310765385627747,0.20379626750946045,-0.3897252678871155,0.07623597234487534,-0.17319178581237793,0.9594454765319824,-0.3370482325553894,-0.0895901620388031,-0.08569061756134033,0.2679210603237152,0.3544574975967407,0.6541570425033569,-1.0397937297821045,0.07510031759738922,-0.07886706292629242,-0.32576191425323486,0.29410579800605774,0.3327910900115967,0.12066127359867096,-0.05565837770700455,0.16941317915916443,0.03980933502316475,0.03651377186179161,0.338192343711853,-0.15700224041938782,0.36299166083335876,-0.09559367597103119,-0.2472037822008133,0.3947598934173584,-0.7855473756790161,0.3982774317264557,0.32169315218925476,0.10680787265300751,0.06199798732995987,0.8814678192138672,-0.05056295543909073,0.05912088230252266,0.6141856908798218,-0.3571735918521881,-0.10359930992126465,-0.17679709196090698,-0.03443516418337822,0.3026965260505676,-0.09986547380685806,0.11431453377008438,-0.33745357394218445,0.5739290714263916,0.1358632743358612,-0.1245606318116188,0.9722394943237305,-0.19240370392799377,-1.158416986465454,-1.4529621601104736,0.6347296833992004,0.04466862604022026,0.10561976581811905,0.2664695382118225,-0.657652735710144,0.37635713815689087,0.008613849058747292,0.2838403582572937,-1.0549018383026123,0.026556193828582764,-0.5311034917831421,-0.0973576083779335,-0.06594353914260864,0.13576656579971313,1.0634223222732544,-0.6467766761779785,-0.12695184350013733,0.03298282250761986,-0.011605638079345226,0.3927467465400696,-0.5465822815895081,-0.45021024346351624,0.5715852975845337,-0.12232398986816406,0.5692687034606934,0.09847881644964218,0.34140273928642273,-0.2635329067707062,-0.2937125265598297,1.0857346057891846,-0.16394168138504028,-0.6050720810890198,-0.0439184233546257,0.1369471400976181,-0.259025514125824,-0.28910136222839355,-0.6738665699958801,1.5204365253448486,-0.054247599095106125,-0.1238110288977623,-0.18196088075637817,-0.24060983955860138,-0.15195944905281067,0.0868181437253952,1.4004355669021606,-0.22216646373271942,0.9466444253921509,0.22194786369800568,-0.024778127670288086,1.1027302742004395,-0.3641384541988373,0.46696892380714417,-0.2936887741088867,0.007142916321754456,0.03139210864901543,0.21634861826896667,-0.6263338327407837,-0.1213999018073082,-0.07188261300325394,-0.061717964708805084,0.8585931658744812,0.4797388017177582,-0.5274573564529419,-0.02532789669930935,-0.1272541582584381,-0.032450128346681595,-0.11442557722330093,0.22865574061870575,-0.047180838882923126,-0.3189278542995453,-0.03980705514550209,0.34235602617263794,-0.004653436131775379,-0.9291219711303711,-0.21143420040607452,0.0038603574503213167,-0.08221354335546494,0.3285675048828125,0.48207592964172363,-0.4259440004825592,-1.3631983995437622,0.21157006919384003,-0.06904007494449615,-0.15727084875106812,-0.07650440186262131,-0.33739402890205383,1.2078635692596436,-0.31956160068511963,0.05185336992144585,-0.4050290584564209,-0.1395677775144577,-0.5382774472236633,-0.028466779738664627,0.004605746362358332,0.25077176094055176,0.2950575649738312,0.1862383931875229,-0.12781989574432373,0.24299356341362,0.0008868828299455345,0.49536457657814026,-0.004283619113266468
CID000003690,937,0.0987677127122879,-0.2523666024208069,-0.6746430993080139,0.1767495572566986,0.5263664722442627,-0.05171631649136543,-0.11190874874591827,-0.908593475818634,-0.31637808680534363,-0.14212475717067719,0.186011403799057,0.09147727489471436,-0.029479507356882095,-0.11015447229146957,0.07359372079372406,-0.04800517484545708,0.397720605134964,0.019222581759095192,-0.19483454525470734,0.10478031635284424,-0.11196975409984589,0.1847311407327652,0.4730260372161865,0.048699751496315,-0.6466779708862305,-0.6734758615493774,-0.5061452388763428,0.22057905793190002,-0.10433405637741089,-0.13466504216194153,0.632064700126648,0.0633959174156189,-0.110887311398983,0.5812555551528931,-0.2543033957481384,0.2487827092409134,1.4110888242721558,-0.15028846263885498,-0.0009602800128050148,0.06370031088590622,-0.09656210243701935,0.8029838800430298,-0.33135175704956055,0.009991591796278954,-0.10320061445236206,-0.02165260538458824,0.6253677606582642,-0.19465024769306183,-0.38138508796691895,0.1601717174053192,-0.4668169617652893,0.23917333781719208,0.20208081603050232,-0.15889956057071686,0.25090292096138,-0.2038561850786209,-0.25252076983451843,0.6778733134269714,0.06987570226192474,0.005643776152282953,-0.028540104627609253,-0.21712717413902283,-0.14458346366882324,0.6075971126556396,0.004538111388683319,0.2219008207321167,-0.1452970653772354,-0.18061770498752594,-0.10387809574604034,0.06230770796537399,-0.5616205930709839,0.1331482231616974,-0.7728882431983948,0.4982742667198181,-0.05526621267199516,0.13841202855110168,0.8861363530158997,0.288554310798645,0.5280296206474304,0.09432758390903473,-0.0391375869512558,-0.4846877455711365,0.1350635290145874,-0.03198469430208206,-0.1607712060213089,0.40701359510421753,-0.2999144494533539,-0.2654765248298645,0.03958042711019516,0.11725715547800064,-0.04577591270208359,-0.20458833873271942,-0.09395622462034225,-0.031942956149578094,0.12979769706726074,-0.026748051866889,0.12324126809835434,0.21349291503429413,0.13591766357421875,-0.9533411264419556,-0.20589587092399597,-0.23178696632385254,0.2469775676727295,-0.20440444350242615,0.18163377046585083,-0.14789092540740967,1.0118217468261719,-0.28509554266929626,0.2291274070739746,-0.0452137365937233,-0.11649370193481445,0.01721644587814808,0.194950670003891,-0.1803646832704544,0.022333648055791855,-0.31752005219459534,-0.4230126440525055,0.0494757741689682,-0.06945563107728958,0.18827080726623535,-0.40632039308547974,-0.3280688226222992,0.23426680266857147,0.06208083778619766,-0.0524059422314167,-0.11515472829341888,0.3593420386314392,-0.11328665167093277,-0.14979548752307892,0.29665979743003845,-0.7143560647964478,-0.2661273181438446,0.48397645354270935,0.04613306373357773,-0.038762643933296204,0.662510097026825,0.28081458806991577,0.047718439251184464,0.16535316407680511,-0.1847303807735443,-0.21133168041706085,-0.2680460512638092,0.1819278746843338,0.22094671428203583,0.079419806599617,0.20771253108978271,-0.14305345714092255,0.08513957262039185,-0.11783090978860855,-0.1411532461643219,0.26395338773727417,-0.13078992068767548,-0.3758924603462219,-0.64002925157547,0.6082923412322998,-0.12050087749958038,0.42301806807518005,0.2949202060699463,-0.36822816729545593,-0.05998959392309189,-0.012662721797823906,0.393818199634552,-0.9710109829902649,0.14590951800346375,-0.3179146647453308,-0.1468276083469391,0.07109060138463974,-0.16689345240592957,0.6653852462768555,-0.40005654096603394,-0.15351906418800354,-0.10184359550476074,-0.011156323365867138,-0.03176986426115036,-0.6448665261268616,-0.16185429692268372,0.7562587261199951,0.023777689784765244,0.5113263726234436,-0.01944819465279579,0.5173543095588684,-0.3378297686576843,-0.15539416670799255,0.6342364549636841,0.1046183854341507,-0.4866775572299957,-0.03380594775080681,-0.08599375188350677,-0.4488210678100586,-0.09364915639162064,-0.4221271872520447,1.0711779594421387,-0.010847942903637886,-0.44181734323501587,0.0701427310705185,-0.20671197772026062,0.15380780398845673,0.1820347011089325,0.5960451364517212,-0.12314639240503311,0.4321937561035156,0.19856896996498108,-0.2211872637271881,0.14384745061397552,-0.11300592124462128,-0.04506893828511238,-0.07423286139965057,0.05869217589497566,-0.24718976020812988,-0.0005997598054818809,-0.13319365680217743,-0.00701131159439683,-0.39810261130332947,-0.22911150753498077,0.640090823173523,0.15592464804649353,0.1415836364030838,-0.15334394574165344,-0.2185729295015335,0.12378964573144913,0.06851229071617126,0.00024078786373138428,0.14722542464733124,-0.08167176693677902,0.231266587972641,-0.09089663624763489,0.0940091535449028,-0.6552426815032959,-0.24677674472332,-0.1721176654100418,-0.2533455789089203,0.27380451560020447,0.057538606226444244,-0.1867043673992157,-0.5368775725364685,0.00943484902381897,0.11454317718744278,-0.018924299627542496,0.02046348713338375,-0.05965821072459221,0.8603155016899109,-0.32250648736953735,0.23591963946819305,-0.1543639600276947,-0.19520393013954163,-0.37558627128601074,0.12441956996917725,0.2059793472290039,-0.3137584924697876,0.28750723600387573,0.29291313886642456,-0.04249021038413048,0.23198118805885315,-0.02783416584134102,0.17226597666740417,0.20917820930480957
CID000176870,938,-0.07019458711147308,-0.13005979359149933,-0.5597816109657288,-0.03785819932818413,0.3530194163322449,-0.060150425881147385,-0.06836815178394318,-0.4149814546108246,-0.11431288719177246,0.12916716933250427,0.14238999783992767,0.13236908614635468,-0.0031637013889849186,-0.06045624613761902,0.10534469783306122,0.14664125442504883,0.15339753031730652,0.1468292474746704,-0.22104117274284363,0.10995808988809586,-0.17889702320098877,0.05233965069055557,0.44599151611328125,0.04429516941308975,-0.4641273021697998,-0.6395009756088257,-0.25008678436279297,-0.22796013951301575,0.2445620596408844,0.11919510364532471,0.391770601272583,0.04310090094804764,-0.15989089012145996,0.14582756161689758,-0.2021896094083786,0.11712568998336792,0.4225560128688812,-0.20399050414562225,-0.022465627640485764,-0.07619141787290573,-0.13179811835289001,0.4923282563686371,-0.36681753396987915,0.11768896877765656,0.1404781937599182,0.12235881388187408,0.6179362535476685,-0.09739606082439423,-0.4114799499511719,0.09957896173000336,-0.5425660014152527,0.5808442831039429,0.40024107694625854,-0.07126815617084503,0.1313321739435196,-0.2895943522453308,-0.08993807435035706,0.679217517375946,0.3131029009819031,0.099861279129982,0.05401123687624931,-0.05523573234677315,0.15462081134319305,0.7970569729804993,0.2549637258052826,0.4309581220149994,-0.18713200092315674,0.05807758495211601,-0.16362470388412476,0.21495874226093292,-0.5629385709762573,-0.021106552332639694,-0.3023459315299988,0.4282931685447693,0.2129431664943695,0.306779682636261,0.5867794752120972,0.3208230137825012,0.5913258790969849,0.045063525438308716,-0.12885448336601257,-0.31598809361457825,0.025457322597503662,-0.012533617205917835,0.21222428977489471,0.2718627154827118,-0.18522489070892334,-0.1045592650771141,-0.013462533243000507,0.06002158671617508,-0.1247582882642746,-0.011694887652993202,-0.09925568103790283,0.14671941101551056,0.30032530426979065,-0.22445201873779297,-0.0757104903459549,0.25751709938049316,-0.09194359183311462,-0.5795272588729858,-0.05661376565694809,-0.13101699948310852,0.187077134847641,-0.30157145857810974,-0.019000107422471046,-0.21856315433979034,0.39337411522865295,-0.08448320627212524,0.19198432564735413,-0.1450991928577423,0.1745012402534485,0.09568393975496292,0.7986251711845398,-0.3999842703342438,0.26383766531944275,-0.10308416187763214,-0.2349132001399994,-0.10317736864089966,-0.10216435045003891,-0.1136704534292221,-0.2469220906496048,-0.22165946662425995,-0.06276997923851013,-0.09271159023046494,-0.07557234913110733,0.2749192416667938,0.23054389655590057,0.1248125284910202,-0.09766362607479095,0.23280665278434753,-0.5163761973381042,-0.0433693528175354,0.4070308208465576,0.22675803303718567,0.07587216049432755,0.7183195352554321,-0.15551091730594635,-0.2884267270565033,0.2971147894859314,-0.04096087068319321,-0.0660947859287262,-0.18604734539985657,0.2586379051208496,0.19504216313362122,0.32788434624671936,-0.1615421026945114,-0.45648273825645447,0.2802852988243103,-0.13389721512794495,-0.05563371255993843,0.5691918730735779,-0.12162461131811142,-0.5457020401954651,-0.6634885668754578,0.5523141622543335,-0.2896825075149536,-0.11799804121255875,-0.2621228098869324,-0.8417997360229492,-0.15108922123908997,0.01745809055864811,0.046234242618083954,-0.7457274198532104,0.13691715896129608,-0.446368932723999,-0.12459029257297516,0.00029675065889023244,-0.08353647589683533,0.7789464592933655,-0.5200811624526978,-0.11643924564123154,-0.1343272626399994,-0.08995499461889267,-0.2794543206691742,-0.6257514357566833,-0.09249752759933472,0.5190101265907288,0.08982379734516144,0.5231602191925049,-0.2131328284740448,0.6840759515762329,-0.3225671350955963,-0.13085265457630157,0.32989007234573364,-0.08872400224208832,-0.37336501479148865,0.23990610241889954,-0.26005858182907104,-0.1845429390668869,-0.0039042173884809017,0.030090436339378357,0.5626866221427917,-0.08347976207733154,-0.44777196645736694,0.14288058876991272,-0.018792474642395973,-0.14572323858737946,0.10152550786733627,0.30876436829566956,-0.0014735988806933165,0.6077724695205688,0.20906086266040802,0.08433637768030167,0.1529497504234314,-0.48077473044395447,-0.11072776466608047,-0.23255333304405212,0.10828890651464462,0.1571364849805832,-0.07806150615215302,-0.12230485677719116,-0.12292680889368057,0.13178132474422455,-0.3302738070487976,0.7805436849594116,0.1028788685798645,-0.1341474950313568,-0.02164584957063198,-0.07632365822792053,0.02347172237932682,0.2784024477005005,0.15358121693134308,0.35211583971977234,-0.13245119154453278,0.13353607058525085,0.21642330288887024,0.04842369258403778,-0.7786909341812134,-0.15954449772834778,-0.11575182527303696,-0.09585555642843246,0.26139670610427856,0.08794979751110077,-0.2967768907546997,-0.8625715374946594,0.24307850003242493,0.018080133944749832,0.05980551242828369,0.010268030688166618,-0.042832423001527786,0.21124060451984406,-0.4364713728427887,-0.19106030464172363,-0.11841161549091339,-0.10644092410802841,-0.3641476035118103,0.15643495321273804,-0.28076523542404175,-0.19579535722732544,0.2426818311214447,-0.020392918959259987,0.03560188412666321,0.18857721984386444,-0.20254704356193542,0.28294605016708374,0.062322892248630524
CID000005771,944,0.17329224944114685,0.032013025134801865,-0.6755834221839905,0.05407514050602913,0.5770207643508911,-0.002516224980354309,-0.026174271479249,-0.7900212407112122,-0.26040929555892944,-0.18022428452968597,0.45000362396240234,0.061605118215084076,0.10631253570318222,-0.06954856216907501,-0.14350838959217072,-0.19102904200553894,0.39931049942970276,0.14454154670238495,-0.74887615442276,-0.10234315693378448,-0.541655421257019,0.46926265954971313,0.21698355674743652,0.051158010959625244,-1.6215734481811523,-0.8874068260192871,-0.17758060991764069,-0.08181373029947281,0.03894142434000969,0.11587856709957123,1.1187487840652466,0.00936240516602993,0.13743673264980316,0.14918199181556702,-0.40091046690940857,-0.021677687764167786,0.2282838374376297,-0.3532288074493408,-0.007282053120434284,0.07757018506526947,-0.7618862986564636,0.1911645233631134,-0.10995777696371078,-0.3730597496032715,0.08715976774692535,-0.07494572550058365,0.5611311793327332,-0.02918206714093685,-0.7810695171356201,0.12107467651367188,-1.3795970678329468,0.7861594557762146,0.6665160655975342,-0.16655316948890686,0.27787891030311584,-0.08570478856563568,0.07664178311824799,1.3305095434188843,0.2706131637096405,0.2250620424747467,-0.21140387654304504,-0.19358572363853455,-0.06795217096805573,0.8353567123413086,-0.06588320434093475,0.6402128338813782,-0.17747828364372253,0.27788668870925903,-0.09825794398784637,0.10598957538604736,-0.7536273002624512,0.2777632474899292,-0.48211535811424255,0.47161898016929626,0.1685323268175125,0.698311448097229,0.1494949758052826,0.0005952700739726424,1.3150408267974854,-0.06641408801078796,0.17503264546394348,-0.4033129811286926,-0.33603912591934204,0.04178131744265556,0.20530858635902405,0.46561121940612793,-0.9636120796203613,0.2591926157474518,-0.3113541305065155,0.05445297807455063,0.06095607206225395,0.11587242037057877,-0.2842842936515808,0.17434480786323547,0.1279621124267578,-0.19121482968330383,-0.3660057485103607,0.5081015825271606,-0.14956215023994446,-1.2979142665863037,-0.10039154440164566,-0.20394520461559296,0.2696112394332886,0.08716735988855362,0.4528130888938904,-0.17816171050071716,0.9570761919021606,-0.17628028988838196,0.1435219943523407,0.05090031772851944,0.03838915750384331,-0.3113803267478943,0.4807513356208801,-1.1008864641189575,0.2119360864162445,-0.40517234802246094,-0.17539863288402557,0.0762389674782753,0.15868692100048065,0.3958899676799774,-0.275316059589386,-0.20756621658802032,0.07397525012493134,0.08925165981054306,-0.23772525787353516,0.002097584307193756,0.3742121160030365,-0.17013990879058838,-0.13720065355300903,0.10206343233585358,-0.8202654719352722,-0.0006910681840963662,0.39822453260421753,0.28083282709121704,-0.07030564546585083,0.9026300311088562,0.18109926581382751,0.1165500283241272,0.31303685903549194,-0.16629242897033691,-0.3247370719909668,-0.1370507925748825,0.2639998495578766,-0.026849109679460526,0.11869603395462036,-0.1146501898765564,-0.7138314843177795,0.3258580267429352,0.33409351110458374,0.12094217538833618,0.9507923126220703,-0.22104573249816895,-0.47203272581100464,-1.2438710927963257,1.3791000843048096,0.14633986353874207,0.3219372630119324,-0.027006099000573158,-0.5564985275268555,-0.10847743600606918,0.11807461082935333,0.0712662860751152,-1.2776139974594116,0.07994817197322845,-0.44792500138282776,-0.27931249141693115,0.16603705286979675,-0.18185734748840332,0.22066476941108704,-0.4620680809020996,-0.21371743083000183,-0.627852201461792,0.16569598019123077,-0.18403294682502747,-0.816724419593811,0.038191020488739014,0.6514600515365601,0.13943125307559967,0.4017621874809265,-0.2972434163093567,0.3418857753276825,-0.002344550099223852,-0.586006760597229,0.9010001420974731,0.03379591554403305,-0.45169639587402344,-0.14039674401283264,-0.18270821869373322,-0.22006730735301971,-0.3719988167285919,-0.7272005081176758,0.8765319585800171,-0.011146285571157932,-0.1304948627948761,0.122300885617733,0.14995145797729492,-0.23966296017169952,-0.07669039070606232,0.47133883833885193,0.015940990298986435,0.5590664148330688,0.4008057713508606,0.15577571094036102,0.08210179954767227,-0.5189696550369263,0.06625689566135406,-0.37652188539505005,0.11766187101602554,-0.23921482264995575,0.022839955985546112,-0.013714891858398914,0.009204166010022163,-0.04675815626978874,-0.286628782749176,0.5983255505561829,0.07711199671030045,-0.18374115228652954,-0.11417349427938461,-0.07425674051046371,0.21171724796295166,0.15991893410682678,0.2072344720363617,0.24278470873832703,0.004190933890640736,-0.4516434669494629,0.282207727432251,-0.23037895560264587,-0.8773306012153625,-0.22818656265735626,-0.1920599639415741,-0.0393243171274662,-0.0013856322038918734,0.14162787795066833,-0.18799877166748047,-1.0540051460266113,0.3404298722743988,0.024605197831988335,-0.10973861068487167,0.11480233818292618,0.07439427822828293,1.1409714221954346,-0.04422246664762497,-0.3040868639945984,-0.23416388034820557,0.02123609371483326,-0.5821176767349243,-0.028646787628531456,0.08332478255033493,-0.19091957807540894,0.2696608304977417,0.12693463265895844,-0.11859520524740219,0.23933780193328857,0.033568479120731354,0.5131183862686157,0.17072921991348267
CID004183806,947,-0.11190980672836304,-0.34170612692832947,-0.897632896900177,0.0008951157215051353,0.27020490169525146,-0.21414995193481445,-0.06265397369861603,-1.1230599880218506,-0.27229031920433044,0.2768004238605499,0.23819275200366974,-0.1759978085756302,0.04136278107762337,-0.15517732501029968,-0.10680007934570312,-0.2851582467556,0.16069746017456055,-0.24139320850372314,-0.07871206104755402,0.17540717124938965,-0.401416540145874,0.2535494267940521,0.43219345808029175,0.07065583765506744,-0.8533668518066406,-1.1296714544296265,-0.5986117124557495,-0.12232595682144165,-0.022571902722120285,-0.25853756070137024,0.8665779829025269,0.10753758996725082,0.24743478000164032,0.4366632103919983,-0.2611924111843109,0.292883962392807,0.8012620210647583,-0.45170673727989197,0.06260811537504196,0.1016833558678627,-0.2313271313905716,0.39208048582077026,-0.11389877647161484,-0.07661227881908417,-0.0009552203118801117,-0.2986716628074646,0.6709785461425781,0.2754812240600586,-0.5855051279067993,0.03693548962473869,-0.9134395718574524,0.20134732127189636,0.6433624029159546,-0.11448515951633453,0.46433258056640625,0.026039008051156998,-0.03858679160475731,0.7381061911582947,0.2812127470970154,0.14521941542625427,-0.01495677512139082,-0.4936973452568054,0.1772904098033905,1.2861039638519287,0.28319108486175537,0.6150781512260437,-0.3127918839454651,0.1333429515361786,-0.07922758162021637,0.1641325205564499,-1.020438551902771,0.023397201672196388,-0.8280301094055176,0.5050504803657532,-0.05749807506799698,0.4397721290588379,0.535863995552063,0.47645530104637146,0.8187007904052734,-0.19360052049160004,-0.16193723678588867,-0.08559717983007431,-0.0025102286599576473,-0.17147743701934814,0.13347694277763367,0.21453626453876495,-0.36274629831314087,0.04588521271944046,0.004187705926597118,-0.31733694672584534,-0.5528424382209778,-0.2599157691001892,-0.4448203444480896,0.2674162983894348,0.31524762511253357,-0.37320417165756226,0.041915763169527054,0.36196890473365784,0.11265317350625992,-1.3859474658966064,-0.19020509719848633,-0.314721018075943,0.25625303387641907,-0.06757736951112747,-0.021846268326044083,-0.3062596023082733,0.7571964263916016,0.007067989557981491,-0.27053719758987427,-0.1774921417236328,-0.20098023116588593,0.06985390186309814,0.5456098914146423,-0.9140334129333496,0.010282309725880623,-0.18781732022762299,-0.05934565141797066,0.41547054052352905,0.04349326714873314,0.06999272108078003,-0.1788283884525299,-0.12714195251464844,-0.09126751869916916,-0.0782264918088913,-0.12095363438129425,0.04915092512965202,0.2410823404788971,0.051994990557432175,-0.019509809091687202,0.43632763624191284,-0.8047288060188293,0.07504916936159134,0.4178229868412018,0.02840510569512844,-0.03766029328107834,0.9240791201591492,0.27031055092811584,-0.21050265431404114,0.20253026485443115,0.14068922400474548,-0.34677308797836304,-0.38799527287483215,-0.06852175295352936,-0.2545630931854248,-0.07169107347726822,0.2624366581439972,-0.21990978717803955,-0.11615131795406342,0.13079619407653809,-0.030646365135908127,0.9529538154602051,-0.04173440486192703,-0.9097272753715515,-1.1258454322814941,0.5301200151443481,0.14864440262317657,-0.05025690793991089,0.14196786284446716,-0.447359174489975,-0.2579745054244995,-0.1706874966621399,0.6632529497146606,-1.0635513067245483,0.22271378338336945,-0.47147074341773987,-0.3670462965965271,-0.08540473878383636,-0.14943590760231018,0.8913726806640625,-0.5293744802474976,-0.1808769255876541,0.16326773166656494,-0.1158677488565445,0.09894315898418427,-0.5971420407295227,0.2646237015724182,0.2748676836490631,0.04233647510409355,0.46501579880714417,-0.04763643071055412,0.25970152020454407,-0.3438946008682251,-0.5081322193145752,1.1515984535217285,-0.10099335759878159,-0.6689384579658508,0.2506057620048523,0.19728371500968933,-0.3374878168106079,-0.3235926628112793,-0.2805498540401459,1.2614047527313232,-0.028472423553466797,-0.21189263463020325,0.2911103367805481,0.011017540469765663,0.06501904875040054,-0.018280312418937683,0.45569342374801636,-0.11318843066692352,0.30276957154273987,0.19903913140296936,-0.12342222779989243,0.27464231848716736,-0.32441291213035583,0.17827928066253662,-0.15784147381782532,-0.4332412779331207,0.05075334385037422,-0.32716917991638184,0.0020896270871162415,0.0022232248447835445,0.09302650392055511,-0.13892588019371033,0.9379679560661316,0.017557289451360703,0.058057088404893875,0.2987254858016968,0.2501471936702728,0.45699453353881836,-0.0469607375562191,0.24235859513282776,0.37524813413619995,-0.026036417111754417,0.09895472228527069,0.39211586117744446,0.1870187222957611,-0.772564709186554,-0.2597062885761261,-0.22245559096336365,-0.03313560038805008,0.2796413004398346,-0.14742127060890198,-0.22869960963726044,-1.0279974937438965,-0.040337394922971725,-0.16103121638298035,0.049706265330314636,0.10707753896713257,0.10811294615268707,0.37524381279945374,-0.22589001059532166,0.15950901806354523,-0.2815432846546173,-0.46038898825645447,-0.3076350688934326,-0.1414724588394165,0.22682587802410126,-0.026723230257630348,0.08168094605207443,-0.1654195338487625,-0.11333797127008438,-0.073166623711586,-0.03853067010641098,0.38763171434402466,-0.00562478369101882
CID000003706,952,0.14336007833480835,-0.17387287318706512,-0.6387791633605957,-0.05020343139767647,0.3452697694301605,-0.2543647289276123,-0.06226998567581177,-0.7475360035896301,-0.046149130910634995,-0.3769668638706207,0.4101763665676117,0.06995613873004913,-0.08957502245903015,-0.09495575726032257,0.0015799582470208406,0.38390225172042847,0.03600902110338211,0.16574734449386597,-0.45669835805892944,0.20459070801734924,-0.1202799528837204,-0.02670835331082344,0.12262029945850372,-0.02426384948194027,-1.0203816890716553,-0.881753146648407,-0.4126475751399994,-0.13794884085655212,0.21586136519908905,-0.1859799325466156,0.9701625108718872,-0.02672473154962063,0.09132310003042221,0.32846468687057495,-0.4599534869194031,0.017263595014810562,0.1977386176586151,-0.03226124122738838,-0.060370057821273804,0.07711711525917053,-0.20053374767303467,0.2652476727962494,0.07308018952608109,-0.3601793050765991,0.1656811237335205,-0.12315039336681366,0.8118125796318054,-0.1702679693698883,-0.6595873832702637,0.16331279277801514,-1.3196275234222412,-0.11820018291473389,0.4436616897583008,-0.2474125623703003,-0.03197227418422699,-0.19939349591732025,0.1768782138824463,0.661986768245697,-0.046801138669252396,-0.04436339810490608,-0.17758098244667053,-0.031071219593286514,0.1296146810054779,0.5301712155342102,0.03299425169825554,0.7091797590255737,0.10797996819019318,0.00578500609844923,-0.21441450715065002,0.010647964663803577,-0.48309484124183655,0.18200823664665222,-0.5155851244926453,0.3577606678009033,-0.2302522361278534,0.23457685112953186,0.18516521155834198,-0.021084342151880264,0.9253586530685425,0.15396113693714142,0.007295244839042425,-0.5198115706443787,0.44680899381637573,-0.03710174188017845,0.15792706608772278,0.19582781195640564,-0.6462075710296631,-0.1019066795706749,-0.23403103649616241,0.08403997123241425,-0.32489389181137085,-0.04203544929623604,-0.3411215543746948,0.1168268695473671,0.12610481679439545,-0.17481055855751038,0.05572625994682312,0.2219020575284958,-0.11717121303081512,-1.351464033126831,-0.262349933385849,-0.030209630727767944,0.2192791998386383,-0.1484757363796234,0.13752111792564392,-0.055454373359680176,0.8154599070549011,0.022874679416418076,0.03768516704440117,-0.2069304883480072,0.06078118085861206,0.009543868713080883,0.1874013990163803,-0.9900915026664734,0.20496980845928192,-0.18847788870334625,-0.1889168918132782,0.36061614751815796,0.017135167494416237,0.10514191538095474,-0.3198334574699402,-0.3492707908153534,0.030122041702270508,0.19401562213897705,0.15989121794700623,-0.0356597825884819,0.20525646209716797,0.08629914373159409,-0.2193136215209961,0.29532623291015625,-0.8311281204223633,0.08467371761798859,0.2591535747051239,0.1689620465040207,-0.055551983416080475,0.6257721185684204,0.1190689355134964,-0.020251702517271042,0.32094141840934753,-0.13493712246418,-0.06390146911144257,-0.05380062386393547,0.19762960076332092,0.5602968335151672,0.002563297748565674,-0.05816575139760971,-0.4666447043418884,0.20063790678977966,-0.03272327408194542,-0.2541191279888153,1.1615368127822876,-0.26202940940856934,-0.55929034948349,-0.8184501528739929,0.6497877240180969,0.043168969452381134,0.03244935721158981,0.27336499094963074,-0.31822067499160767,0.0926634818315506,-0.02909950539469719,0.13926181197166443,-0.9853696823120117,0.08481229841709137,-0.4975975453853607,0.07227162271738052,0.15755388140678406,-0.11662846803665161,0.8691594004631042,-0.6430046558380127,-0.244209885597229,0.011994397267699242,0.017478927969932556,0.07554742693901062,-0.4096277356147766,-0.2693604826927185,0.2330196648836136,-0.01946962997317314,0.4401863217353821,0.31919947266578674,0.09300091117620468,-0.14877016842365265,-0.05372575670480728,0.8467944860458374,0.0731983557343483,-0.5457796454429626,-0.16674984991550446,-0.17402012646198273,-0.24797995388507843,-0.17684197425842285,-0.3928743302822113,1.1484289169311523,-0.16210173070430756,-0.01898694597184658,0.07981918752193451,0.07385268062353134,-0.1497063934803009,0.022452646866440773,1.2188715934753418,-0.22435936331748962,0.46258577704429626,0.18133744597434998,-0.11970256268978119,0.6080206036567688,-0.3690415918827057,0.27154451608657837,-0.339362770318985,0.07629002630710602,-0.07082562148571014,0.11873351037502289,-0.1743912398815155,-0.16702426970005035,-0.12266378104686737,-0.2149316370487213,0.5884643793106079,0.1622263789176941,-0.32721731066703796,-0.11489026248455048,0.10959597676992416,0.032847583293914795,-0.14545860886573792,-0.0612436942756176,0.1023358553647995,0.037166494876146317,0.033876411616802216,0.2819010615348816,-0.08986864238977432,-0.6766959428787231,-0.05998066067695618,-0.0489143505692482,0.04877173900604248,0.0520542673766613,0.45859432220458984,-0.24779316782951355,-0.767356276512146,0.28162431716918945,-0.037283170968294144,-0.0962662547826767,-0.09842310845851898,-0.12591193616390228,1.2162014245986938,-0.1833656132221222,-0.17115537822246552,-0.3368040919303894,-0.03146175667643547,-0.21315236389636993,-0.006298915948718786,-0.025013867765665054,-0.15126825869083405,0.4219403862953186,0.11888651549816132,-0.01782022975385189,-0.027454733848571777,-0.06255266815423965,0.5249136686325073,-0.19195811450481415
CID000060843,967,-0.006216635461896658,-0.16157034039497375,-0.4333435595035553,0.088231161236763,0.24257640540599823,-0.29437878727912903,0.007559722755104303,-0.2512292265892029,-0.16398084163665771,-0.046628303825855255,0.18509677052497864,0.001282298588193953,-0.04575638100504875,-0.0334000326693058,-0.02301802858710289,0.26623034477233887,0.02889302372932434,0.1381862312555313,-0.36193156242370605,0.10949350893497467,-0.0017156004905700684,0.09940983355045319,0.4957539439201355,0.03587716072797775,-0.2377357929944992,-0.606939435005188,-0.38835275173187256,-0.010075205937027931,0.08979510515928268,0.09538968652486801,0.4712222218513489,0.21869952976703644,-0.019290760159492493,0.4895685613155365,-0.29026252031326294,0.010499676689505577,0.35339468717575073,-0.12015736103057861,0.05304987356066704,0.03786281496286392,-0.06738694757223129,0.09412546455860138,-0.5196993350982666,0.20727495849132538,0.04277888312935829,0.03982928395271301,0.3849576413631439,0.007076991256326437,-0.5833569765090942,0.03228035196661949,-0.4723849296569824,0.01928681693971157,0.4927617907524109,-0.22704212367534637,0.18162254989147186,-0.3536570966243744,-0.03265383094549179,0.5366455912590027,0.1516500562429428,-0.20185759663581848,0.18238306045532227,-0.190306156873703,0.14040720462799072,0.4957186281681061,0.14680135250091553,0.21069034934043884,-0.0848492830991745,-0.09733082354068756,-0.16061511635780334,0.00032608062610961497,-0.5243268609046936,0.18244178593158722,-0.45435628294944763,0.48425453901290894,-0.018609721213579178,0.2726554572582245,0.20953869819641113,0.24760691821575165,0.6553667783737183,-0.0005273632705211639,0.15420398116111755,-0.16323742270469666,0.12073425203561783,-0.14409784972667694,0.08389440923929214,0.35131436586380005,-0.1780034750699997,0.11941613256931305,-0.07607830315828323,0.04319540411233902,-0.09237097948789597,0.008467447943985462,-0.08898967504501343,0.07803243398666382,0.11109249293804169,-0.14574916660785675,-0.20834007859230042,0.15207824110984802,-0.04398312792181969,-0.5227805376052856,-0.06736467033624649,-0.07362285256385803,0.2678680121898651,-0.11737287044525146,0.26119986176490784,0.035457443445920944,0.6372311115264893,0.04060870409011841,0.10935811698436737,-0.06271512806415558,-0.07052405178546906,0.0697316974401474,0.30628466606140137,-0.21505233645439148,0.3227766752243042,-0.22773277759552002,-0.31608477234840393,0.09227804839611053,-0.0009198188781738281,0.05538960546255112,-0.12034671008586884,-0.43229517340660095,0.12082359939813614,0.014506794512271881,0.01731741800904274,0.19555620849132538,0.08507947623729706,0.057062339037656784,-0.1973547488451004,0.2244269847869873,-0.5873213410377502,-0.30287790298461914,0.3303166329860687,0.28652578592300415,-0.00355813791975379,0.847171425819397,0.18934790790081024,0.050784897059202194,0.15334275364875793,-0.08906565606594086,-0.07690894603729248,-0.17477844655513763,0.13255909085273743,0.3077276945114136,0.21339058876037598,-0.10980763286352158,-0.39639317989349365,-0.1202845573425293,-0.1338968425989151,-0.06238551810383797,0.2669895589351654,-0.024631831794977188,-0.650238573551178,-0.5729278326034546,0.4461458623409271,-0.16058965027332306,0.1995219886302948,-0.05938361957669258,-0.38921552896499634,-0.17592942714691162,-0.21420380473136902,0.16015176475048065,-0.6922031044960022,-0.03500794619321823,-0.42024779319763184,0.054824478924274445,-0.10472691059112549,-0.0742129310965538,0.5611836314201355,-0.616275429725647,-0.2974906265735626,-0.15477903187274933,-0.07473193854093552,-0.15795782208442688,-0.415203720331192,-0.12430058419704437,0.2185693085193634,0.09431000053882599,0.48802486062049866,0.007279364857822657,0.7085146903991699,-0.1603213995695114,-0.13721993565559387,0.21832439303398132,-0.12330986559391022,-0.4073110520839691,0.05048154667019844,-0.37167587876319885,0.027015920728445053,-0.2008889615535736,-0.26595163345336914,0.8645666837692261,-0.016876015812158585,-0.522906482219696,0.04148845002055168,-0.1332150101661682,-0.009975296445190907,0.2036133110523224,0.242758110165596,-0.1298244595527649,0.16620546579360962,0.37660127878189087,0.045123107731342316,0.18578775227069855,-0.7050920724868774,-0.36859050393104553,-0.19825784862041473,0.021142739802598953,-0.22009792923927307,-0.07028263807296753,0.10781624168157578,-0.04420207813382149,-0.06303975731134415,-0.1676238477230072,0.6249931454658508,-0.10185076296329498,-0.042542457580566406,-0.15745000541210175,-0.07267417758703232,0.21786253154277802,0.4285963475704193,0.0005208879592828453,0.13757836818695068,-0.1387237310409546,0.0346539132297039,0.03146376833319664,-0.12655392289161682,-0.6699350476264954,-0.26307985186576843,-0.08310172706842422,-0.31863969564437866,0.20807752013206482,0.13936996459960938,-0.0691320151090622,-0.5150592923164368,0.17560413479804993,0.0797409638762474,-0.20863571763038635,-0.05107938498258591,-0.1567465364933014,0.2877763509750366,-0.3743230700492859,-0.10230997949838638,-0.17477108538150787,-0.1391388475894928,-0.28893235325813293,0.12810289859771729,0.121027372777462,-0.05324671417474747,0.36396676301956177,0.17713746428489685,0.10495992004871368,0.06820125877857208,-0.2502517104148865,0.20389112830162048,0.001372618949972093
CID000004991,968,0.0908346027135849,-0.09747366607189178,-0.5717881321907043,0.23494037985801697,0.5968061089515686,-0.163117915391922,0.04020312801003456,-0.8678311109542847,-0.24917395412921906,-0.036671288311481476,0.597467303276062,0.0428943857550621,-0.2724824845790863,-0.02765432931482792,0.018681630492210388,-0.09725441783666611,0.7240430116653442,0.12381754070520401,-0.6242903470993042,0.17242880165576935,-0.40792495012283325,0.11606582254171371,0.5426415205001831,0.01679043099284172,-1.2083251476287842,-0.6002981066703796,-0.22717562317848206,-0.4134679436683655,0.1657385528087616,-0.020955462008714676,1.434295415878296,0.15291520953178406,-0.08471532166004181,0.3086530566215515,-0.32222163677215576,0.09419754892587662,0.7291950583457947,-0.13061057031154633,0.032358795404434204,0.15987662971019745,-0.7090666890144348,0.6996899247169495,-0.2199932038784027,-0.22397613525390625,-0.136087566614151,0.15187036991119385,0.5986318588256836,-0.294210821390152,-0.6682317852973938,0.07490959763526917,-0.8502677083015442,0.62389075756073,0.4652946889400482,-0.2855498194694519,0.5012146234512329,-0.3821142613887787,-0.36870601773262024,0.6974748373031616,-0.06828762590885162,0.05308739095926285,-0.27011072635650635,-0.515483021736145,0.17520728707313538,1.0266648530960083,0.1897437870502472,0.6515121459960938,-0.08954255282878876,0.09246554970741272,-0.02157525159418583,0.06026136875152588,-0.86628657579422,0.3460262417793274,-0.5734237432479858,0.41218218207359314,0.10149630159139633,0.5679513812065125,0.7106786966323853,0.0255003459751606,1.1812909841537476,-0.11836592853069305,0.09755778312683105,-0.3320466876029968,-0.11555284261703491,-0.11122848093509674,-0.04675013944506645,0.2923731207847595,-0.91845703125,-0.24800541996955872,-0.16329821944236755,0.2664676606655121,-0.060506828129291534,-0.05790233612060547,-0.1103314608335495,0.05706745386123657,0.22011573612689972,-0.2848673164844513,0.036498311907052994,0.21986708045005798,-0.050591401755809784,-0.8717972040176392,0.16388413310050964,-0.23304574191570282,0.1831725388765335,0.3216329514980316,0.2491190880537033,-0.43104618787765503,0.7481938004493713,-0.019841214641928673,0.1290065050125122,0.1065799742937088,-0.024615537375211716,0.08457358181476593,0.5047838091850281,-0.624315619468689,0.1664140522480011,-0.2530624270439148,-0.024032726883888245,0.1836727112531662,-0.05591220781207085,0.4095763564109802,-0.37811264395713806,-0.04480854421854019,0.11213856935501099,0.20801126956939697,0.03366822004318237,0.13074856996536255,0.06623785197734833,0.24040237069129944,-0.16998107731342316,-0.0046895956620574,-0.9037984013557434,-0.19881634414196014,0.6002665162086487,0.22557882964611053,-0.2385234832763672,0.8132756948471069,0.03817708417773247,0.023818420246243477,0.20376169681549072,-0.11586765944957733,0.242772176861763,-0.10548438131809235,-0.014003828167915344,0.15542486310005188,0.09367683529853821,-0.17889797687530518,-0.4705834984779358,0.14820192754268646,0.2681657671928406,-0.0770174190402031,0.5956653952598572,-0.000254788261372596,-0.7743915319442749,-1.07967209815979,0.8495811223983765,-0.23257872462272644,-0.16480854153633118,0.10599019378423691,-0.4941187798976898,-0.06540262699127197,-0.19306662678718567,0.32293975353240967,-0.8498008847236633,-0.054725080728530884,-0.5288800001144409,-0.0872393399477005,-0.11511524021625519,-0.3106389045715332,0.24179255962371826,-0.4182707369327545,-0.34920400381088257,-0.6192107200622559,0.19579170644283295,-0.001047636615112424,-0.7364880442619324,-0.17432406544685364,0.5640856027603149,0.1826115995645523,0.7391830086708069,-0.20060376822948456,0.41833367943763733,0.1150650754570961,-0.37049102783203125,0.48499736189842224,-0.13501279056072235,-0.7830749750137329,-0.12854047119617462,-0.17812605202198029,-0.1701710969209671,-0.31647247076034546,-0.5723223090171814,0.70306795835495,-0.03117471933364868,-0.16472071409225464,0.03135104104876518,0.0624246671795845,-0.026621561497449875,-0.006436309311538935,0.24743759632110596,-0.2265496551990509,0.40995684266090393,0.3820699155330658,-0.07305274903774261,0.08052356541156769,-0.37488827109336853,0.08556192368268967,-0.155988410115242,-0.05242167040705681,-0.24698221683502197,-0.1847819983959198,-0.08570913970470428,-0.21439746022224426,-0.10411608219146729,-0.228754922747612,0.6753788590431213,0.17494560778141022,-0.19996710121631622,-0.427493155002594,-0.1292177438735962,0.1788938045501709,0.24638116359710693,0.2951398193836212,0.3957667350769043,0.045466143637895584,-0.13067509233951569,-0.015169382095336914,0.09973116219043732,-0.9804815053939819,-0.2274358719587326,-0.10901688039302826,0.06306759268045425,-0.1376638561487198,0.28796225786209106,-0.3215310871601105,-0.8294943571090698,0.15592022240161896,0.031081270426511765,-0.003762022824957967,0.012092727236449718,0.02477707527577877,0.9125779271125793,-0.19747599959373474,-0.17818690836429596,-0.2552681565284729,-0.11641867458820343,-0.5564479231834412,-0.12681308388710022,0.16632524132728577,-0.27020546793937683,0.22667698562145233,0.0426071397960186,0.13811206817626953,-0.10788053274154663,-0.17630231380462646,0.2734537422657013,0.023459449410438538
CID000004542,971,0.030011659488081932,-0.20902284979820251,-0.4948391914367676,0.1505182534456253,0.11158616840839386,-0.4322908818721771,0.2089383602142334,0.09002488851547241,-0.07167498767375946,-0.12890122830867767,0.13820675015449524,-0.28469187021255493,-0.0832877978682518,-0.050069402903318405,0.22188062965869904,0.18167854845523834,0.19343218207359314,-0.15171992778778076,-0.2586572766304016,0.03173687309026718,-0.09483299404382706,0.08800175786018372,0.6677725315093994,-0.1347583830356598,-0.6448715925216675,-0.5069844126701355,-0.1698431521654129,-0.1164330467581749,0.2674422562122345,-0.0923975259065628,0.7941228747367859,0.1687314212322235,-0.05408753082156181,0.3193117678165436,-0.28071561455726624,0.12836723029613495,0.10205584764480591,-0.17345894873142242,0.050446152687072754,0.06906996667385101,-0.6842150688171387,0.07369938492774963,-0.11204761266708374,-0.27148619294166565,0.11937502771615982,-0.3138337731361389,0.548234760761261,-0.08606888353824615,-0.46251219511032104,0.20147378742694855,-0.4671301245689392,-0.020648306235671043,0.7948375940322876,-0.12020359933376312,-0.16679300367832184,-0.6351867914199829,-0.06303670257329941,0.9058502912521362,0.34901946783065796,0.20075997710227966,0.26122185587882996,-0.10511934757232666,0.08706197142601013,0.6851524114608765,0.1105278953909874,0.8910759687423706,-0.0033861577976495028,-0.20831120014190674,0.15832547843456268,0.06946658343076706,-0.763539731502533,0.10491230338811874,-0.8528502583503723,0.08640675246715546,-0.2299332618713379,-0.05791076272726059,0.17588724195957184,-0.0499231331050396,0.2774713337421417,0.3094622790813446,-0.020432064309716225,-0.3760242462158203,-0.024151500314474106,-0.16958054900169373,-0.11892856657505035,0.09443261474370956,-0.37596532702445984,0.11089751869440079,0.1843610405921936,0.09269841015338898,0.04122627526521683,0.0413350984454155,-0.5517083406448364,0.26434144377708435,-0.0739978477358818,-0.1555752456188202,0.33706802129745483,-0.00027514397515915334,-0.05778484791517258,-0.7582886219024658,0.05746305733919144,-0.02612863853573799,-0.11820541322231293,-0.25179845094680786,-0.29241248965263367,-0.43269047141075134,0.4743174910545349,-0.0008478820091113448,-0.24303677678108215,-0.0045044394209980965,-0.15190845727920532,-0.18605883419513702,0.2523168921470642,-0.6567798852920532,0.11258038133382797,-0.04540907219052315,-0.18573743104934692,0.19730393588542938,-0.10982515662908554,0.0059117479249835014,-0.2942497432231903,-0.31211772561073303,0.15573909878730774,0.15665411949157715,-0.10048357397317886,0.36488303542137146,0.0863814502954483,-0.058830954134464264,-0.006714624352753162,0.18654319643974304,-0.7141337990760803,-0.19315245747566223,0.34066301584243774,0.10375666618347168,-0.20957651734352112,1.1375333070755005,0.2871192991733551,-0.020922482013702393,0.3817361295223236,0.24564090371131897,-0.07463254779577255,-0.3190203011035919,0.26796719431877136,0.020458707585930824,0.03915271908044815,-0.002703982638195157,-0.24509425461292267,0.021011874079704285,-0.05586521700024605,-0.12947551906108856,0.775880753993988,-0.2024393081665039,-0.7571761608123779,-0.5677828192710876,0.7186700105667114,-0.10829982906579971,-0.240885928273201,0.07506837695837021,-0.42846617102622986,-0.05742015689611435,0.22235390543937683,0.02169971540570259,-0.6502751111984253,0.14039172232151031,-0.6438401341438293,-0.08368661999702454,-0.15452024340629578,0.021878022700548172,0.32752108573913574,-0.5157012343406677,-0.7090926170349121,0.051782798022031784,0.14114311337471008,0.13244540989398956,-0.20105648040771484,-0.26184386014938354,0.19959309697151184,-0.039264876395463943,0.6601718068122864,0.23007480800151825,0.20966966450214386,-0.13972602784633636,0.1285974234342575,0.014296728186309338,-0.10932109504938126,0.02695314958691597,0.2255992889404297,0.030534684658050537,0.1107311099767685,-0.04549875482916832,0.028191283345222473,0.847856879234314,-0.11123023182153702,-0.43559321761131287,-0.15450938045978546,-0.304729163646698,-0.010407598689198494,0.09784320741891861,0.20467674732208252,-0.18173329532146454,-0.01332465372979641,0.040973447263240814,-0.11662045866250992,0.5582938194274902,-0.929305911064148,-0.16244634985923767,-0.5070319771766663,0.30622541904449463,-0.06965579092502594,-0.1184648647904396,-0.008728904649615288,-0.19976556301116943,-0.049257732927799225,-0.012080439366400242,0.5246759653091431,0.18776358664035797,0.1989016830921173,-0.1638648509979248,-0.11498458683490753,0.038771338760852814,0.0418919175863266,0.32051175832748413,0.017992014065384865,-0.24163469672203064,0.38672947883605957,0.08821872621774673,-0.23621714115142822,-0.5978778600692749,0.0808088555932045,0.030435746535658836,0.15195612609386444,0.33611106872558594,-0.12846867740154266,-0.19229942560195923,-0.7897723913192749,-0.12348439544439316,-0.1770000010728836,0.006898024585098028,0.20975494384765625,0.22934368252754211,0.3709566593170166,-0.5218653678894043,-0.031072085723280907,-0.29744890332221985,-0.20502161979675293,-0.24523262679576874,-0.019284218549728394,0.15647755563259125,-0.21708860993385315,0.41413992643356323,0.05577058345079422,0.35930073261260986,-0.04637468606233597,-0.36378833651542664,0.19456228613853455,-0.011755215004086494
CID000115237,981,0.33625903725624084,-0.2635686993598938,-0.7135429978370667,0.05433632805943489,0.33961254358291626,-0.332095205783844,0.15456202626228333,-0.7784854769706726,0.05852685496211052,-0.3278857171535492,0.5261014103889465,0.20142965018749237,-0.09701943397521973,0.07708785682916641,0.05648967623710632,0.26259228587150574,0.14790332317352295,0.10565711557865143,-0.3169519901275635,-0.06258019804954529,0.0660332590341568,-0.055499397218227386,0.293973445892334,-0.13607805967330933,-1.091880202293396,-0.6914465427398682,-0.40912824869155884,-0.07781648635864258,0.20890334248542786,-0.035120271146297455,0.8120111227035522,0.04049093648791313,0.2076428234577179,0.1946934461593628,-0.27957677841186523,0.02127026952803135,0.3454131484031677,0.06566505134105682,0.1688426434993744,0.026129666715860367,0.1567222774028778,0.44080275297164917,-0.16647855937480927,-0.15573784708976746,0.17628248035907745,0.004392060451209545,0.8479717969894409,-0.2609522342681885,-0.566454291343689,0.02944277599453926,-0.8070870637893677,-0.2948431372642517,0.5218303799629211,-0.11271494626998901,-0.052772264927625656,-0.26127514243125916,-0.01982690766453743,0.8522628545761108,-0.03102557733654976,-0.14258438348770142,-0.2044409066438675,0.0845179408788681,-0.06933565437793732,0.3052385449409485,0.034373991191387177,0.6257146596908569,0.22351069748401642,-0.06168312951922417,-0.005437235347926617,0.01083233393728733,-0.2950381636619568,0.09194663912057877,-0.47627726197242737,0.4300457835197449,-0.2941865921020508,0.25137004256248474,0.26089516282081604,-0.04068166762590408,0.5228781700134277,0.11187120527029037,-0.05137203261256218,-0.36462289094924927,0.11569942533969879,3.064870907110162e-05,0.19412288069725037,0.196354940533638,-0.8300831913948059,-0.1295979768037796,-0.03213397413492203,0.04201542213559151,-0.16025015711784363,-0.16248667240142822,-0.35323530435562134,0.24417683482170105,0.045789312571287155,0.15260803699493408,0.0027750073932111263,0.07997563481330872,-0.019955705851316452,-1.4899048805236816,-0.3047330379486084,0.10704921185970306,0.08084671944379807,-0.21952207386493683,0.12304341793060303,-0.11288595199584961,0.874695897102356,-0.08613435178995132,-0.012284341268241405,-0.0382532998919487,0.06092849373817444,0.12345121800899506,0.07421085238456726,-0.7925742864608765,0.16560056805610657,-0.32254713773727417,-0.20438019931316376,0.02435997687280178,0.22786879539489746,0.22482483088970184,-0.08045624196529388,-0.2501508593559265,0.12514129281044006,0.19911667704582214,0.14297012984752655,-0.10313961654901505,0.20910465717315674,-0.09370202571153641,-0.21982750296592712,0.10835735499858856,-0.4732550084590912,0.02477017603814602,0.3001505136489868,0.10400928556919098,-0.1677880436182022,0.5577262043952942,-0.10738291591405869,-0.0696544274687767,0.37737709283828735,-0.2973170280456543,0.05810227245092392,0.07009257376194,0.1399180293083191,0.27240392565727234,0.10330941528081894,0.22442030906677246,-0.464486688375473,0.35688355565071106,-0.26946908235549927,-0.23998227715492249,0.9061363935470581,-0.19166530668735504,-0.4749425947666168,-0.8185991048812866,0.7297234535217285,0.026136595755815506,0.032588858157396317,0.2250494509935379,-0.4609363079071045,0.25976383686065674,0.054492224007844925,-0.056486427783966064,-0.8497515916824341,0.01701178029179573,-0.5083463191986084,0.08191922307014465,-0.012244416400790215,-0.11932931840419769,1.132631778717041,-0.6817423701286316,-0.2685015797615051,0.05006871744990349,0.07277430593967438,0.18482491374015808,-0.3777887523174286,-0.3328431248664856,0.30110421776771545,-0.10472281277179718,0.5540960431098938,0.5264872908592224,0.33696502447128296,-0.17520195245742798,0.08977940678596497,0.859266459941864,-0.1806849092245102,-0.32380884885787964,-0.14541931450366974,-0.2544628083705902,-0.21203461289405823,-0.17255641520023346,-0.47606897354125977,1.3190356492996216,-0.022330140694975853,-0.10325612127780914,-0.11189417541027069,-0.1906518042087555,-0.2726800739765167,0.05691387504339218,1.30263352394104,-0.16382956504821777,0.5170619487762451,0.353158175945282,-0.16639161109924316,0.8047655820846558,-0.5272001624107361,0.11495597660541534,-0.42653289437294006,0.0033295168541371822,-0.04742332175374031,0.08160600811243057,-0.15173526108264923,-0.019596049562096596,0.04584683105349541,-0.22227725386619568,0.3889644742012024,0.20179498195648193,-0.26830190420150757,-0.17032653093338013,-0.06143715977668762,-0.08699017763137817,-0.06377004086971283,0.10560840368270874,-0.12260313332080841,-0.3143335282802582,-0.031417541205883026,0.32228633761405945,0.13089530169963837,-0.378858745098114,-0.2787010669708252,0.13455191254615784,0.14521129429340363,0.05067242309451103,0.3930049240589142,-0.21024887263774872,-0.5914491415023804,0.05543128401041031,-0.10761358588933945,-0.19158101081848145,-0.12287845462560654,-0.12216474860906601,1.2690154314041138,-0.3569062352180481,0.0634516030550003,-0.49512535333633423,-0.07004432380199432,-0.567476749420166,-0.15067434310913086,-0.08174735307693481,0.09176752716302872,0.4800141453742981,0.28099268674850464,0.07270622253417969,0.13934582471847534,-0.04091152548789978,0.35724160075187683,0.05791665241122246
CID000000564,984,-0.07816937565803528,-0.37037599086761475,-0.9142001867294312,0.18945498764514923,0.13295510411262512,-0.3856884837150574,-0.20673993229866028,-0.392675518989563,0.1936482936143875,0.19650104641914368,0.4428229331970215,0.06820385158061981,-0.312203973531723,-0.32645758986473083,-0.05586308240890503,0.1192740947008133,0.5169583559036255,0.15691713988780975,0.36846235394477844,0.05000053718686104,0.13712573051452637,0.12225513160228729,0.6806291937828064,-0.09617707878351212,-0.8550750017166138,-1.0857210159301758,-1.3020970821380615,-0.21520015597343445,-0.07609424740076065,-0.09924618899822235,0.9819549322128296,0.10001416504383087,0.23777428269386292,0.3704443573951721,-0.6623560190200806,0.02546190284192562,0.9655138254165649,-0.41978174448013306,-0.1153089851140976,-0.13225524127483368,-0.6106539368629456,0.6837278604507446,-0.4629693925380707,-0.5896304845809937,-0.11475034058094025,-0.4876474440097809,0.49694886803627014,-0.6607312560081482,-0.5045977830886841,0.09521330147981644,-0.7395074367523193,0.603401243686676,0.4729847013950348,0.12018325179815292,0.4273352026939392,0.08132459223270416,-0.3231959342956543,1.0086348056793213,0.22459447383880615,0.36485859751701355,-0.1967831701040268,-0.5787762403488159,0.26577475666999817,1.0986284017562866,0.555064857006073,0.4032372832298279,0.21257615089416504,0.06635797023773193,0.20188696682453156,0.24149778485298157,-0.8169673681259155,0.29045018553733826,-1.192897915840149,0.3333964943885803,0.0949213057756424,-0.13013210892677307,0.7156308889389038,0.5258364677429199,1.2578068971633911,0.11770443618297577,0.33201199769973755,-0.5145872235298157,-0.08451960980892181,-0.18471959233283997,-0.16820788383483887,0.16527892649173737,-0.289379745721817,-0.13096755743026733,-0.06439060717821121,0.007071948144584894,-0.48763975501060486,0.17304575443267822,-0.6016214489936829,0.11332261562347412,-0.04770570248365402,-0.4255288541316986,0.10351110994815826,0.2586295008659363,-0.057009290903806686,-1.0901744365692139,-0.014358872547745705,-0.20843657851219177,0.16537079215049744,-0.29905134439468384,0.4095326364040375,-0.4930041432380676,1.0725516080856323,-0.10809586197137833,-0.048991329967975616,-0.048673249781131744,0.08620591461658478,-0.03900300711393356,0.31527382135391235,-0.4400448799133301,-0.20272083580493927,-0.22478032112121582,-0.9430288076400757,0.2041306048631668,0.20572873950004578,0.15799841284751892,0.4047355055809021,-0.33697646856307983,0.1849830597639084,0.17876043915748596,-0.011097252368927002,-0.30229490995407104,0.16487237811088562,0.04308316856622696,-0.007353952620178461,0.23482422530651093,-1.0011765956878662,-0.025291630998253822,0.3863339424133301,-0.06881557404994965,0.1613818109035492,0.9559535980224609,0.19951972365379333,-0.06365805864334106,0.5212138295173645,-0.3244456648826599,-0.15848460793495178,-0.43176379799842834,-0.01402691937983036,-0.20734719932079315,-0.08634933084249496,0.109840989112854,0.39015576243400574,0.2021433562040329,-0.17517825961112976,-0.28163936734199524,0.5047774910926819,-0.16376836597919464,-0.9274418950080872,-1.2828943729400635,0.3906697630882263,-0.38579636812210083,-0.18531063199043274,0.245771124958992,-0.4285242557525635,0.12689384818077087,0.2541273236274719,0.2188275158405304,-0.7261737585067749,-0.12505847215652466,-0.5478693842887878,-0.3863465487957001,-0.2430742233991623,-0.06382545083761215,0.9720100164413452,-0.7338083386421204,-0.2901341915130615,-0.26465725898742676,0.06139437109231949,0.35667020082473755,-0.630073070526123,-0.4942131042480469,0.6580826640129089,0.02542927861213684,0.6953457593917847,-0.1564265936613083,0.33134374022483826,-0.13104179501533508,-0.32136809825897217,1.0643049478530884,0.18730708956718445,-0.5791610479354858,0.02899053320288658,0.16268165409564972,-0.5939316153526306,-0.48396483063697815,-0.47879013419151306,1.3577245473861694,-0.47321048378944397,-0.6404784917831421,-0.10657191276550293,-0.07128959894180298,-0.18534110486507416,-0.06097133085131645,0.5653879642486572,-0.25595441460609436,0.6492019891738892,-0.03679821267724037,-0.1968875676393509,0.9531028866767883,-0.5577685236930847,0.24196724593639374,0.0029134689830243587,-0.010888813063502312,-0.37195664644241333,-0.148746520280838,-0.14397528767585754,-0.13971371948719025,-0.00024625658988952637,0.08589033782482147,1.0010569095611572,0.24420276284217834,0.06623499095439911,-0.2045433223247528,0.20387864112854004,0.36673489212989807,-0.06485406309366226,0.06397645175457001,-0.21825473010540009,0.2460530698299408,0.14124943315982819,0.20636653900146484,-0.06446836143732071,-1.1143546104431152,-0.04848901182413101,-0.006602661218494177,-0.09235920757055283,0.3202177584171295,0.2931784689426422,-0.3068714439868927,-0.9411332011222839,0.25889042019844055,-0.04473615065217018,-0.15772463381290436,-0.24839606881141663,0.0365363173186779,0.9691175222396851,-0.3434928059577942,0.2763424515724182,-0.13098856806755066,0.1340661346912384,-0.16701774299144745,-0.2866225242614746,0.3511829376220703,0.13942477107048035,0.1296244114637375,0.2646524906158447,-0.14141269028186798,-0.021439969539642334,0.22763550281524658,0.04274355620145798,-0.1203632578253746
CID000003148,986,0.041564058512449265,-0.21864452958106995,-0.5256808996200562,0.22290198504924774,0.28271982073783875,-0.14508208632469177,-0.08131702244281769,-0.687316358089447,-0.1198655217885971,0.03541130572557449,0.2890354096889496,0.1701396107673645,-0.05391346290707588,-0.10842935740947723,-0.2367607057094574,0.24232275784015656,-0.11527661979198456,-0.03950096294283867,-0.3563908040523529,0.1493264138698578,0.05555705353617668,0.07350876182317734,0.6928790807723999,0.0366261824965477,-0.5222242474555969,-0.6394703388214111,-0.07012786716222763,-0.09326265752315521,0.03313394635915756,0.011829137802124023,0.5606479644775391,0.08995893597602844,-0.10781627893447876,0.23723053932189941,-0.12818798422813416,0.027420122176408768,0.1465245634317398,-0.0945969671010971,-0.06052976846694946,-0.0002458214876241982,-0.19555138051509857,0.004226998426020145,-0.4282556474208832,0.14618316292762756,-0.004935118369758129,0.05468641594052315,0.47345367074012756,-0.26356372237205505,-0.44938796758651733,0.02844187617301941,-0.32562723755836487,0.2310497760772705,0.5944828391075134,-0.1935073584318161,0.1856917142868042,-0.2634887099266052,-0.3049148917198181,0.3530263900756836,-0.12117252498865128,-0.12512511014938354,0.2681978940963745,-0.29147854447364807,0.14985314011573792,0.7927170395851135,-0.01743614673614502,0.34010642766952515,-0.2446095049381256,-0.1267317831516266,-0.09561697393655777,0.07537825405597687,-0.7210496664047241,0.0674075335264206,-0.48904189467430115,0.43904104828834534,0.07963923364877701,0.549717128276825,0.09370987117290497,0.18556368350982666,0.39786359667778015,0.04993710666894913,0.103782057762146,-0.19658584892749786,-0.15091337263584137,-0.048989832401275635,0.21452684700489044,0.2594234049320221,-0.3778204023838043,0.06650889664888382,-0.033274997025728226,-0.10065416246652603,-0.19981320202350616,0.023993337526917458,-0.2457081824541092,0.16046807169914246,-0.07343073934316635,-0.05800271034240723,-0.11988471448421478,0.17906293272972107,-0.14340975880622864,-0.5804786086082458,0.007340776268392801,-0.11207211017608643,0.15351691842079163,0.016240769997239113,0.06704841554164886,-0.13674025237560272,0.5426676869392395,-0.04292329400777817,0.2076004296541214,-0.00324707617983222,0.09016672521829605,0.2191726267337799,0.22170042991638184,-0.13218553364276886,0.13255631923675537,-0.37970495223999023,-0.10650527477264404,-0.03992760181427002,0.008680373430252075,-0.052723754197359085,-0.28776535391807556,-0.24501211941242218,0.10841679573059082,0.13374929130077362,0.05447285249829292,0.09378532320261002,0.052385710179805756,0.07576728612184525,-0.23091597855091095,0.3280709981918335,-0.5543915629386902,-0.29869216680526733,0.36292654275894165,0.17646120488643646,-0.018356112763285637,0.6232587099075317,-0.032936401665210724,-0.09023769944906235,0.16578181087970734,-0.017409205436706543,0.014237424358725548,-0.11952974647283554,0.030011732131242752,0.3134336471557617,0.19728179275989532,0.011361678130924702,-0.27371746301651,-0.0247779730707407,-0.11068246513605118,-0.008591631427407265,0.39269357919692993,-0.11107724905014038,-0.5652344822883606,-0.5217635035514832,0.5176146030426025,-0.18839143216609955,0.1436951607465744,-0.008673315867781639,-0.3534258008003235,-0.19482415914535522,0.052495408803224564,0.23425674438476562,-0.813583254814148,0.16445617377758026,-0.46194371581077576,0.057898424565792084,0.0015566048678010702,-0.04213603958487511,0.5254710912704468,-0.7560287714004517,-0.23233909904956818,-0.035349585115909576,-0.10248613357543945,-0.1285388469696045,-0.38044673204421997,-0.26270216703414917,0.41726255416870117,0.1310271918773651,0.6679408550262451,-0.13688799738883972,0.7516872882843018,-0.17706622183322906,-0.0926094800233841,0.47260481119155884,-0.25966954231262207,-0.6188493967056274,-0.18518540263175964,-0.36540308594703674,0.0020709217060357332,-0.12719711661338806,-0.13085724413394928,0.6250572800636292,0.12595835328102112,-0.6163817644119263,0.11573950201272964,-0.186324805021286,-0.005463290028274059,0.13298705220222473,0.1312670111656189,-0.07282643765211105,0.2870073914527893,0.2228498011827469,0.05754625052213669,-0.03428501635789871,-0.7604767084121704,-0.5041128396987915,-0.22868509590625763,-0.009618014097213745,-0.06705888360738754,-0.0211429912596941,-0.07961177825927734,-0.1239856481552124,0.14930342137813568,-0.21827204525470734,0.5133423805236816,-0.027476657181978226,-0.04912517964839935,-0.001072123646736145,-0.028629129752516747,0.08240251243114471,0.4142131209373474,0.1440773904323578,0.07869962602853775,-0.28216788172721863,0.06573084741830826,0.11760808527469635,-0.048789527267217636,-0.6943042278289795,-0.13999558985233307,-0.05803097039461136,-0.14987735450267792,0.0302767101675272,0.094073086977005,-0.32594025135040283,-0.43843570351600647,0.11805214732885361,0.14411470293998718,-0.2407064437866211,0.013756483793258667,-0.22423334419727325,0.5849499106407166,-0.5121269226074219,0.040101323276758194,-0.36948028206825256,-0.2436322271823883,-0.4484798014163971,-0.05076780170202255,0.014268552884459496,-0.1262342482805252,0.2416866570711136,0.11797447502613068,0.15692618489265442,0.006803005933761597,-0.15641264617443085,0.0892312228679657,-0.0398053340613842
CID000002676,996,0.1753789335489273,-0.4440256953239441,-0.6608209609985352,0.012659644708037376,0.3319236636161804,-0.32328683137893677,-0.12937836349010468,-0.6045248508453369,-0.2514415383338928,-0.10347481071949005,0.27723219990730286,0.19035978615283966,-0.020005110651254654,-0.1512257307767868,-0.06077069789171219,0.2778558135032654,-0.06933972984552383,0.03566329926252365,-0.3802184462547302,0.0009999930625781417,-0.036505941301584244,-0.02293800748884678,0.3990078866481781,-0.022141074761748314,-0.9061034321784973,-0.8623067140579224,-0.2638055384159088,0.0953400656580925,0.15227636694908142,-0.02654554881155491,0.7613272666931152,-0.051739178597927094,0.1536312699317932,0.28799310326576233,-0.2548102140426636,-0.11708249896764755,0.14406299591064453,-0.18891754746437073,0.038992565125226974,0.06467967480421066,-0.13924770057201385,0.02613126114010811,-0.13826127350330353,-0.220227912068367,-0.09835245460271835,-0.1644206941127777,0.6225630640983582,-0.09950099140405655,-0.36632728576660156,-0.020815066993236542,-0.8724261522293091,-0.10294310003519058,0.45690488815307617,-0.22928695380687714,0.22218057513237,-0.12581950426101685,0.011814492754638195,0.7808411121368408,0.046969372779130936,-0.1176401749253273,-0.19598698616027832,-0.10041222721338272,0.12808261811733246,0.6406744718551636,0.189441978931427,0.3762234151363373,-0.0004279404820408672,-0.10757019370794296,-0.2270246297121048,0.19290615618228912,-0.5916527509689331,0.2274092137813568,-0.438195139169693,0.4277005195617676,-0.16937318444252014,0.16553449630737305,0.11509311199188232,0.19396792352199554,0.7946566343307495,0.038356345146894455,0.20166015625,-0.42081475257873535,0.15904562175273895,-0.12673519551753998,0.21713900566101074,0.17326432466506958,-0.4978615343570709,-0.035476941615343094,-0.0008102685096673667,-0.1146857962012291,0.037359628826379776,-0.13194569945335388,-0.2778264284133911,0.3457089364528656,0.010882064700126648,0.014499855227768421,0.0802459716796875,0.38435930013656616,-0.08527597784996033,-0.9368411302566528,0.04791085049510002,-0.2845897674560547,0.24892714619636536,0.04676048085093498,0.13532504439353943,-0.033811185508966446,0.49878326058387756,0.005190727300941944,0.2735362946987152,-0.020141344517469406,0.18657240271568298,0.12161120027303696,0.21055571734905243,-0.5290569067001343,0.15316498279571533,-0.151349738240242,-0.40514039993286133,0.12312741577625275,-0.16791969537734985,-0.1418686807155609,-0.5276901125907898,-0.3263086676597595,0.1369265764951706,0.1955520510673523,-0.06097011640667915,0.006468781735748053,0.225576251745224,0.199489563703537,-0.3741484582424164,0.32368335127830505,-0.6625779867172241,-0.0964144766330719,0.25761857628822327,0.17452645301818848,-0.09074465185403824,0.7224955558776855,0.08452802151441574,0.01945122703909874,0.09199192374944687,-0.045190103352069855,-0.0941639095544815,-0.24135556817054749,0.16319237649440765,0.4702048897743225,0.01105151791125536,0.04745139554142952,-0.44735994935035706,0.20529647171497345,-0.11958198249340057,-0.20057213306427002,0.606558084487915,-0.19626566767692566,-0.6258721947669983,-0.8323222398757935,0.43650826811790466,0.11040166765451431,0.07229236513376236,-0.03201887011528015,-0.4935525059700012,0.12083671241998672,-0.3751744031906128,0.05642129108309746,-0.9972369074821472,-0.10155407339334488,-0.5217703580856323,-0.013173866085708141,0.06237990781664848,-0.24622249603271484,0.7349041104316711,-0.7393679022789001,-0.23073968291282654,-0.07019557058811188,0.03249821439385414,-0.0045571536757051945,-0.18989244103431702,-0.24920418858528137,0.3606751561164856,0.1914670765399933,0.5949334502220154,0.10794131457805634,0.44192972779273987,-0.022939009591937065,-0.1286599338054657,0.8046310544013977,-0.01714916154742241,-0.2895110249519348,0.037941209971904755,-0.21360568702220917,-0.06030913069844246,-0.19734393060207367,-0.13364003598690033,0.963791012763977,-0.015557080507278442,-0.3528572618961334,-0.061120130121707916,-0.19879433512687683,-0.12369223684072495,-0.06739218533039093,0.752030611038208,-0.21577449142932892,0.6032583117485046,0.3107781410217285,-0.21399278938770294,0.6384989619255066,-0.6152806282043457,-0.16648972034454346,-0.2880234122276306,0.04361545294523239,-0.2834354043006897,0.0622444748878479,0.155066579580307,-0.09754180163145065,-0.14803074300289154,-0.09736325591802597,0.6621867418289185,0.18995723128318787,-0.1112208217382431,-0.04207319766283035,-0.07125524431467056,0.07287577539682388,0.04227708280086517,0.21035543084144592,-0.011263376101851463,-0.17554202675819397,0.2525480389595032,0.22447343170642853,0.07516293227672577,-0.7239897847175598,-0.3086389899253845,-0.28983569145202637,-0.06717193126678467,-0.08990572392940521,0.2820605933666229,-0.33165496587753296,-0.6690991520881653,0.2919914126396179,0.16758325695991516,0.0316462479531765,-0.09833254665136337,-0.07359852641820908,0.7153493165969849,-0.356546550989151,0.022888347506523132,-0.24991729855537415,-0.08685185015201569,-0.42133063077926636,-0.02358594723045826,-0.17812833189964294,-0.13594740629196167,0.3608916699886322,0.11359158903360367,0.14818233251571655,0.27067190408706665,-0.1032426506280899,0.31551235914230347,-0.11072330176830292
CID000005734,1005,0.05912725254893303,-0.27017414569854736,-0.4809238016605377,0.23152069747447968,0.399159699678421,-0.15826961398124695,-0.16060131788253784,-0.4956532418727875,-0.2671207785606384,-0.016526702791452408,0.27470189332962036,0.08262340724468231,-0.04957854002714157,0.021774204447865486,0.056669265031814575,0.1155182346701622,0.2988077700138092,0.14583930373191833,-0.06017184257507324,0.22649447619915009,-0.11306800693273544,0.13143689930438995,0.43792644143104553,-0.030817359685897827,-0.38545018434524536,-0.6266380548477173,-0.5177047252655029,0.15192607045173645,-0.029745733365416527,0.01909841038286686,0.5511537194252014,0.1249733716249466,-0.05629917234182358,0.4617083966732025,-0.16652485728263855,0.1578812152147293,1.1829173564910889,-0.0906374529004097,0.06298098713159561,0.15966618061065674,0.06819885969161987,0.43192005157470703,-0.3612884283065796,0.06771929562091827,-0.03224645182490349,0.08496586978435516,0.5178280472755432,-0.22544832527637482,-0.3974164128303528,-0.05495523288846016,-0.2897688150405884,0.16482408344745636,0.36478644609451294,-0.28699079155921936,0.2474048137664795,-0.17248791456222534,-0.3007298707962036,0.46023932099342346,0.10480405390262604,-0.12989525496959686,-0.07699316740036011,-0.2164023220539093,-0.0760476365685463,0.5761219263076782,0.03199351206421852,0.2886000871658325,-0.18374893069267273,-0.2124801129102707,0.07818518579006195,0.04613618925213814,-0.5121810436248779,0.22067895531654358,-0.7066453695297241,0.5020151734352112,0.03176475316286087,0.33183613419532776,0.5631114840507507,0.09978673607110977,0.3509567081928253,0.014037084765732288,0.05781023949384689,-0.18360741436481476,0.18299226462841034,-0.07267602533102036,0.09907230734825134,0.3300597071647644,-0.17874854803085327,-0.1534978598356247,-0.07042576372623444,0.13130894303321838,-0.17708487808704376,-0.07239849865436554,-0.0962553545832634,0.040002379566431046,0.15667767822742462,-0.09540535509586334,-0.04440061375498772,0.15348437428474426,-0.02618545852601528,-0.7318798303604126,-0.08048506081104279,-0.20514516532421112,0.16698309779167175,0.013739612884819508,0.27071547508239746,-0.04786727577447891,0.9439691305160522,-0.1512628048658371,0.30040472745895386,-0.06773868948221207,-0.12683799862861633,0.053471583873033524,0.1512511819601059,-0.10485265403985977,0.1964857280254364,-0.41468214988708496,-0.3830505907535553,-0.0391765758395195,-0.14662882685661316,0.16560311615467072,-0.26688477396965027,-0.265744686126709,0.2563955783843994,0.0817580297589302,-0.06897763162851334,-0.054215122014284134,0.19646236300468445,-0.02749880589544773,-0.3419117331504822,0.2394605576992035,-0.6494582295417786,-0.41566210985183716,0.3515946567058563,0.09637266397476196,0.052194077521562576,0.7623536586761475,0.18151947855949402,-0.17699959874153137,0.24827730655670166,-0.10406731069087982,-0.039453815668821335,-0.23480217158794403,0.012930872850120068,0.027471985667943954,0.061563193798065186,0.06844910234212875,-0.12909170985221863,-0.06478949636220932,-0.0928158313035965,-0.029255319386720657,0.3120405077934265,-0.14110715687274933,-0.4998616576194763,-0.535762369632721,0.48566684126853943,-0.20084592700004578,0.35908350348472595,0.06800094246864319,-0.3230651021003723,-0.04878273233771324,-0.047588177025318146,0.2509251832962036,-0.832423985004425,0.10540225356817245,-0.31965845823287964,0.029806533828377724,-0.014994993805885315,-0.25719916820526123,0.6466876864433289,-0.43489646911621094,-0.24466641247272491,-0.056111812591552734,0.022573377937078476,-0.16225731372833252,-0.5468941330909729,-0.14196795225143433,0.381436824798584,0.05357605963945389,0.5794064402580261,-0.025977447628974915,0.4850403666496277,-0.16314807534217834,-0.16246993839740753,0.43651461601257324,-0.011928452178835869,-0.4440029263496399,-0.08596333116292953,-0.19153857231140137,-0.3412932753562927,-0.12963736057281494,-0.32946714758872986,0.9691005945205688,-0.03436052054166794,-0.4070897698402405,0.1254250705242157,-0.1651580035686493,-0.033799298107624054,0.1513141691684723,0.4046158194541931,-0.09081543982028961,0.21020090579986572,0.401040256023407,-0.14082270860671997,0.0751270279288292,-0.37528666853904724,-0.2562018930912018,-0.22594240307807922,0.07905565202236176,-0.15933653712272644,-0.13911375403404236,-0.1660766750574112,-0.07288635522127151,-0.12950101494789124,-0.30004531145095825,0.6180669069290161,0.02673822082579136,-0.01672452501952648,-0.2630668580532074,-0.06167208403348923,0.04786532372236252,0.13140568137168884,0.006928254850208759,0.17989441752433777,-0.08544929325580597,0.19035956263542175,0.00690893828868866,0.09029652178287506,-0.6253204941749573,-0.20879335701465607,-0.06772247701883316,-0.22851534187793732,0.15102797746658325,0.027077296748757362,-0.16172337532043457,-0.4359540045261383,0.003250348614528775,0.1509799361228943,-0.17324844002723694,0.03469732031226158,0.009130743332207203,0.725446343421936,-0.39673930406570435,0.09335349500179291,-0.3058808147907257,-0.033038847148418427,-0.35710883140563965,0.13011643290519714,0.20793764293193817,-0.09674272686243057,0.24765467643737793,0.3510655164718628,0.043105028569698334,0.30671364068984985,-0.095966637134552,0.19524753093719482,0.11785177141427994
CID000002274,1025,0.10634119808673859,-0.4691319465637207,-1.240486741065979,-0.11844965070486069,0.4753235876560211,-0.23061692714691162,0.0852188915014267,-0.8604848980903625,-0.2799614369869232,-0.4048137068748474,0.3755103647708893,0.06604541838169098,0.04283139854669571,-0.6781684756278992,-0.2125670611858368,0.4647693634033203,0.9429262280464172,0.1372808814048767,-0.3583778440952301,-0.5471961498260498,-0.23099574446678162,-0.014082936570048332,0.5567951202392578,-0.3788914680480957,-1.432608723640442,-1.6043561697006226,-0.7862495183944702,0.09824389964342117,0.0022163926623761654,-0.011694091372191906,1.62850022315979,0.1495935469865799,0.4040840268135071,-0.016975820064544678,-0.15637192130088806,-0.46856385469436646,0.3603629469871521,-0.4387644827365875,0.08710155636072159,-0.12074699252843857,-0.3060988783836365,1.4150980710983276,-0.43151435256004333,-0.8801873326301575,-0.0019228458404541016,-0.39017754793167114,0.81019127368927,-0.23770344257354736,-0.7287272810935974,0.11134812980890274,-0.9031387567520142,0.06624852120876312,0.24722865223884583,-0.2857675552368164,0.0777498111128807,-0.6609504818916321,0.1595572680234909,0.9354761242866516,-0.49737972021102905,0.3843281865119934,-0.2650688588619232,-0.215183824300766,0.13038478791713715,0.9848329424858093,-0.01062578521668911,0.25579947233200073,0.1932685673236847,0.26185959577560425,-0.15682806074619293,-0.12165971100330353,-0.7959107160568237,0.08777865767478943,-0.9910870790481567,0.36996227502822876,-0.19788053631782532,0.4515434205532074,0.8779473304748535,0.5668750405311584,0.968427836894989,-0.2932519018650055,-0.12881234288215637,-0.5058026313781738,0.13887827098369598,0.14576022326946259,0.27284806966781616,0.02380172722041607,-0.6734660267829895,-0.21731474995613098,0.0018690645229071379,0.29479512572288513,-0.2124723643064499,-0.0515894815325737,-0.3352908790111542,0.3848961889743805,-0.17374774813652039,0.018631896004080772,-0.019235044717788696,0.5171716213226318,-0.07174310088157654,-1.079637885093689,-0.021236170083284378,-0.27134138345718384,0.25881487131118774,-0.47027602791786194,-0.44860655069351196,-0.1341109722852707,1.3532792329788208,0.07707905024290085,-0.13481642305850983,0.08892735838890076,0.1635255366563797,-0.1637188345193863,0.08179766684770584,-0.6356586217880249,0.28548917174339294,-0.28197914361953735,-0.5894650816917419,0.158408984541893,-0.3338268995285034,0.440891832113266,-0.2959122657775879,0.08732619881629944,0.08529631048440933,0.0946507379412651,0.2643629312515259,-0.2451624870300293,0.14968304336071014,0.012895973399281502,-0.0319179967045784,0.5986415147781372,-0.8371239900588989,-0.019870340824127197,0.36814796924591064,0.16738195717334747,-0.145513117313385,0.7992625832557678,0.019462715834379196,0.2911326289176941,0.33795034885406494,0.02395913004875183,-0.17390745878219604,-0.22891636192798615,0.216481015086174,0.5177724957466125,0.2703127861022949,0.06520307809114456,-0.343513548374176,0.5610803365707397,0.16543085873126984,-0.3368707001209259,0.47929444909095764,-0.5217374563217163,-0.6988454461097717,-1.2179468870162964,0.47957077622413635,0.25778648257255554,0.0037272393237799406,0.23286697268486023,-0.1041155457496643,-0.11091595888137817,-0.18415367603302002,-0.18600553274154663,-0.9786103963851929,-0.462649405002594,-0.8796923756599426,-0.2991061210632324,-0.08555974066257477,0.13121727108955383,0.9479564428329468,-0.1189449205994606,-0.21967299282550812,-0.2763754725456238,-0.014323574490845203,-0.008627697825431824,-0.708895742893219,-0.15377578139305115,0.5334298610687256,0.28617334365844727,0.6647003889083862,0.05129772424697876,0.40777382254600525,-0.1797618567943573,-0.13200891017913818,0.7563010454177856,0.300245076417923,-0.5653098821640015,-0.5014093518257141,0.08694380521774292,-0.6131240129470825,-0.44264841079711914,-0.7915554046630859,1.3215643167495728,-0.2376457154750824,-0.3754928708076477,-0.2048291712999344,0.18434640765190125,-0.2752388119697571,0.17984554171562195,0.8074049949645996,-0.09627021849155426,0.5583497881889343,0.3280044198036194,-0.2569805979728699,0.641898512840271,-0.11947610229253769,0.3611643314361572,-0.08484993875026703,0.09590630233287811,-0.039336103945970535,-0.2838144898414612,0.5382102727890015,0.007749322801828384,0.11457744985818863,0.06932412087917328,0.9055703282356262,0.4576341211795807,-0.25416916608810425,-0.41158542037010193,0.035466574132442474,0.2510102391242981,0.09348972886800766,0.4507676064968109,0.11619734764099121,-0.3345281779766083,0.05047693848609924,0.44326043128967285,-0.022541474550962448,-1.2097194194793701,0.10021151602268219,-0.151526540517807,0.11490422487258911,0.24204690754413605,-0.2541811764240265,-0.08244860917329788,-0.7469412684440613,0.30226561427116394,-0.40415796637535095,0.05592765659093857,0.0012884378666058183,0.15921424329280853,1.9616963863372803,-0.4359678328037262,-0.033727068454027176,-0.3234754502773285,0.02467719279229641,-0.5102301836013794,0.26877662539482117,0.15245525538921356,-0.34411484003067017,0.11671362072229385,0.12075917422771454,0.03627631813287735,0.17812255024909973,0.1890653669834137,0.2501002848148346,0.03805757686495781
CID000004834,1036,-0.2205493003129959,-0.49225181341171265,-1.1100494861602783,0.30488017201423645,-0.18930025398731232,-0.22600409388542175,-0.263828307390213,-0.7804096341133118,-0.03856330364942551,-0.405618816614151,0.33223360776901245,0.2684740424156189,0.17791679501533508,-0.46832361817359924,-0.20459076762199402,0.2526254653930664,1.6633342504501343,-0.15399004518985748,-0.2950992286205292,-0.1870567351579666,-0.4308432638645172,0.18489935994148254,0.851026177406311,0.025779882445931435,-1.3674232959747314,-1.3420888185501099,-1.1487919092178345,-0.1373961865901947,0.19350507855415344,0.40988296270370483,1.789025068283081,0.4058278203010559,-0.12435615062713623,-0.033091068267822266,-0.15881696343421936,0.27876871824264526,1.0042461156845093,-0.18501155078411102,0.18000689148902893,-0.3363235592842102,-0.6430951356887817,1.9484306573867798,-0.6091285943984985,-0.2688919007778168,-0.18269871175289154,-0.1121300682425499,0.7158194184303284,0.1195165291428566,-0.6979413032531738,0.1644824594259262,-0.18345913290977478,-0.48313164710998535,0.1853315234184265,-0.22147002816200256,0.5829081535339355,-1.0334335565567017,-0.0125669464468956,0.641285240650177,0.05985560268163681,-0.2123657464981079,0.20400047302246094,-0.035155039280653,-0.031080299988389015,0.9254902005195618,0.09497611224651337,0.41150179505348206,0.2932763695716858,-0.15710292756557465,-0.11719486862421036,0.011233936063945293,-0.9551061391830444,0.39114710688591003,-1.1817570924758911,0.056375980377197266,0.1068730503320694,0.5967563390731812,1.4337139129638672,0.26920416951179504,0.7471838593482971,0.3773224353790283,-0.012508146464824677,-0.17664332687854767,-0.5571094751358032,-0.44636091589927673,-0.46698394417762756,-0.06071474030613899,-0.2671096920967102,-0.44034552574157715,-0.17005644738674164,0.3815377652645111,0.22956570982933044,-0.15239223837852478,-0.08453188091516495,-0.2808867394924164,0.3036554455757141,-0.1860913634300232,0.17460808157920837,0.39306312799453735,0.11807708442211151,-1.2941887378692627,-0.15357689559459686,-0.043889544904232025,0.23541028797626495,-0.3079753816127777,-0.018801603466272354,-0.395416796207428,1.086599588394165,0.04129549115896225,0.14282767474651337,0.01158703863620758,-0.16220971941947937,0.1362229585647583,0.40719160437583923,-0.3015176057815552,-0.20471394062042236,-0.33332687616348267,-0.2656346261501312,0.2561943829059601,-0.026572654023766518,0.48329558968544006,-0.15226662158966064,-0.19806882739067078,0.06161320209503174,0.07571631669998169,-0.03601952642202377,0.3357325792312622,0.3375205397605896,0.31415361166000366,0.24714574217796326,0.3416014611721039,-0.8844649195671082,0.07132162153720856,0.1537359207868576,0.29214680194854736,0.14050576090812683,0.9741096496582031,-0.5025228261947632,0.24374940991401672,0.4790125787258148,-0.15231311321258545,-0.23761901259422302,-0.5979225635528564,-0.043317802250385284,0.2520235478878021,0.35441550612449646,0.3233763575553894,-0.18342939019203186,0.4917201101779938,0.2656734585762024,-0.003647369099780917,0.12767544388771057,-0.2938685715198517,-0.8355609774589539,-0.8448370099067688,0.33484750986099243,0.1387733519077301,-0.19312533736228943,0.08197468519210815,-0.39083588123321533,-0.1581871062517166,0.00033833979978226125,-0.18315139412879944,-1.1955716609954834,0.5683751106262207,-0.8878570795059204,-0.2351754903793335,-0.18873178958892822,0.23238594830036163,0.7546371221542358,-0.30241718888282776,-0.14520779252052307,-0.3890853822231293,0.04994279891252518,0.2561159133911133,-0.8947170972824097,-0.14072296023368835,0.10911901295185089,-0.0008493304485455155,0.6480515003204346,1.2132903337478638,0.8568195104598999,-0.027062123641371727,-0.5871703028678894,0.2905000150203705,0.03880128636956215,-0.9128693342208862,-0.23853568732738495,0.05144452303647995,0.1224263459444046,0.11680670082569122,-0.3092760443687439,1.0926156044006348,-0.023678716272115707,-0.5658808350563049,-0.22560782730579376,-0.3315054774284363,0.08140744268894196,0.25963708758354187,0.5799656510353088,-0.3953467011451721,0.18162377178668976,0.01844070851802826,-0.031454212963581085,0.13731518387794495,-0.1530441790819168,0.22324855625629425,-0.43305033445358276,0.42445364594459534,-0.056911401450634,-0.25793275237083435,0.2077299803495407,-0.3458993136882782,-0.3571159243583679,0.0026221200823783875,1.0477964878082275,0.48581093549728394,-0.12303604185581207,-0.0812913104891777,0.013746147975325584,-0.141998291015625,0.27495452761650085,-0.4127824902534485,0.5360199213027954,-0.3828203082084656,0.3638061285018921,0.2144971638917923,0.09846098721027374,-1.03477144241333,-0.2877374589443207,-0.026034867390990257,-0.025604749098420143,0.23220369219779968,0.10434360802173615,-0.3446158468723297,-0.7797924280166626,0.036573898047208786,0.12067791074514389,0.1724974364042282,-0.06632927060127258,0.0005022421246394515,1.5388823747634888,-0.5171892642974854,-0.0820983350276947,-0.6405647397041321,-0.5696591138839722,-0.12394018471240997,0.08360528200864792,-0.022510910406708717,-0.07533460855484009,0.059067029505968094,0.16564515233039856,-0.20752112567424774,-0.2364998161792755,0.06228870153427124,0.2831895649433136,-0.26552340388298035
CID000002712,1043,0.05277853086590767,-0.44123905897140503,-0.49072903394699097,0.08664973080158234,0.3456946015357971,-0.28556394577026367,-0.08351756632328033,-0.32237473130226135,-0.3505081534385681,0.12998197972774506,0.23115892708301544,0.072027288377285,-0.0711948573589325,-0.11161237955093384,-0.1102638989686966,0.20834310352802277,0.11553995311260223,0.03234228491783142,-0.2536557614803314,0.02756946161389351,-0.11838410049676895,-0.019580800086259842,0.5218813419342041,-0.0015490979421883821,-0.4832790493965149,-0.7605434656143188,-0.41350096464157104,0.06501390039920807,0.1506117284297943,0.042216382920742035,0.7421277165412903,-0.017035042867064476,0.006377905607223511,0.38054123520851135,-0.2937451899051666,0.005687645170837641,0.6368446946144104,-0.15614967048168182,0.09441796690225601,0.17285549640655518,-0.20821018517017365,0.24771907925605774,-0.4182286262512207,-0.03402888774871826,-0.09242723882198334,-0.008319003507494926,0.4756607413291931,-0.05494505167007446,-0.3688371777534485,-0.07572831958532333,-0.6145502924919128,0.08530453592538834,0.3361322283744812,-0.17068183422088623,0.25842660665512085,-0.18653497099876404,-0.09546984732151031,0.47187691926956177,0.09844883531332016,-0.1350579708814621,-0.10734803974628448,-0.13779793679714203,0.2103424370288849,0.7314088940620422,0.17686793208122253,0.09398746490478516,-0.1918889880180359,-0.21517011523246765,-0.10379703342914581,0.23518629372119904,-0.8595386743545532,0.12819638848304749,-0.5630813241004944,0.4093689024448395,-0.22294411063194275,0.25138360261917114,0.37124067544937134,0.18099138140678406,0.7211183905601501,0.02576265297830105,0.21054057776927948,-0.25506675243377686,0.06350140273571014,-0.17968429625034332,0.015063857659697533,0.2857970595359802,-0.2048560380935669,-0.1448509842157364,-0.07939547300338745,-0.07840202003717422,-0.01601959951221943,-0.01856113038957119,-0.09114060550928116,0.199913889169693,0.15048222243785858,-0.14310546219348907,0.10144056379795074,0.28502675890922546,-0.09432945400476456,-0.6065100431442261,0.02326246351003647,-0.2313067615032196,0.2791404128074646,0.06928740441799164,0.3217547833919525,-0.0627007707953453,0.571635901927948,0.05285503715276718,0.20233455300331116,0.008456705138087273,-0.021146511659026146,0.14658117294311523,0.2334107905626297,-0.14430709183216095,0.0922636166214943,-0.28695255517959595,-0.41197267174720764,0.09694146364927292,-0.17432580888271332,-0.003039282513782382,-0.34743383526802063,-0.3769821226596832,0.11075111478567123,0.17527630925178528,-0.1228288859128952,0.13330498337745667,0.1788746416568756,0.19270290434360504,-0.2491404116153717,0.40702229738235474,-0.716943085193634,-0.2490568906068802,0.35155779123306274,0.09498405456542969,-0.05261626094579697,0.7432636022567749,0.17753243446350098,-0.09253896772861481,0.053320396691560745,-0.07507440447807312,-0.12621712684631348,-0.2245292365550995,-0.042185693979263306,0.37435463070869446,0.0874003916978836,-0.06652523577213287,-0.3166317343711853,0.05571665242314339,-0.09686088562011719,-0.18910591304302216,0.22409048676490784,-0.04285713657736778,-0.7005643248558044,-0.727239727973938,0.34490883350372314,-0.059985071420669556,0.14206449687480927,-0.1267482340335846,-0.36397677659988403,0.025858199223876,-0.27522438764572144,0.17759521305561066,-0.8611375093460083,-0.06950871646404266,-0.42828354239463806,-0.005494201090186834,-0.03902844339609146,-0.2787211835384369,0.5349779725074768,-0.641305685043335,-0.07370508462190628,-0.18922626972198486,0.006786157377064228,-0.09857867658138275,-0.2478073388338089,-0.23301830887794495,0.4740144610404968,0.22942373156547546,0.5410540699958801,0.023756109178066254,0.7262346148490906,-0.18136203289031982,-0.09657427668571472,0.48566681146621704,-0.07973402738571167,-0.46689432859420776,0.06850545108318329,-0.26982301473617554,0.03270171955227852,-0.12816399335861206,-0.09671561419963837,0.7478402853012085,-0.12875744700431824,-0.42595067620277405,0.15901800990104675,-0.2164141684770584,0.0011803985107690096,0.004732736852020025,0.32587894797325134,-0.0961037278175354,0.3470039367675781,0.40283092856407166,-0.22774000465869904,0.2931262254714966,-0.5756624937057495,-0.47002333402633667,-0.16332902014255524,0.0827910453081131,-0.288058876991272,-0.06299762427806854,0.048247531056404114,-0.056835390627384186,-0.18398362398147583,-0.16462638974189758,0.7864864468574524,0.09693314135074615,-0.035617437213659286,-0.017641190439462662,-0.08229980617761612,0.061526108533144,0.21774443984031677,0.08362141996622086,0.13067087531089783,-0.132910817861557,0.3425380289554596,0.01781843602657318,0.03242679312825203,-0.7681009769439697,-0.27238768339157104,-0.21484574675559998,-0.1961718201637268,-0.007427540607750416,0.2840839922428131,-0.34355685114860535,-0.6168347597122192,0.3065377175807953,0.1471579223871231,-0.10679708421230316,0.005755280144512653,-0.06613685935735703,0.46139296889305115,-0.39519068598747253,0.09270156919956207,-0.29567140340805054,-0.08266784250736237,-0.3968113660812378,-0.04695318266749382,0.041648127138614655,-0.12300598621368408,0.3004935383796692,0.19529792666435242,0.22467629611492157,0.31583648920059204,-0.11418237537145615,0.15122923254966736,-0.0692911297082901
CID000054547,1046,0.1271238923072815,-0.2810879945755005,-1.0287408828735352,-0.09561223536729813,0.345001757144928,-0.16214299201965332,0.1764305979013443,-0.7770647406578064,-0.12467219680547714,-0.39489927887916565,0.4125540852546692,0.12949028611183167,0.035784441977739334,-0.5486394166946411,-0.2766916751861572,0.2162235528230667,1.2989226579666138,0.06477167457342148,-0.2901649475097656,-0.41112202405929565,-0.21573933959007263,0.23022334277629852,0.758423924446106,-0.3886760175228119,-1.4186979532241821,-1.6131765842437744,-0.7046671509742737,0.13289324939250946,-0.10308825969696045,-0.013165777549147606,1.7919397354125977,0.18665938079357147,0.28814953565597534,-0.07458315789699554,-0.14819078147411346,-0.3293135166168213,0.3749680817127228,-0.4416840076446533,-0.06843946874141693,-0.39664024114608765,-0.6201911568641663,1.9739248752593994,-0.6315985918045044,-0.688315212726593,0.09259943664073944,-0.3951926529407501,0.6703031063079834,-0.33249741792678833,-0.7473922967910767,0.2248471975326538,-0.4558599889278412,0.14866966009140015,0.05116598680615425,-0.3050435781478882,0.07401137799024582,-0.64802086353302,0.048152945935726166,0.6795310974121094,-0.24799053370952606,0.37270283699035645,-0.22554214298725128,-0.09846226871013641,0.20673128962516785,1.0096945762634277,-0.10502920299768448,-0.03523369878530502,0.04784752056002617,0.18413518369197845,-0.17537683248519897,-0.2541215121746063,-0.9981630444526672,-0.06597130745649338,-1.2109814882278442,0.4244763255119324,-0.04818953946232796,0.7441696524620056,1.4653522968292236,0.5894719362258911,0.9018993377685547,-0.37484732270240784,-0.2576823830604553,-0.22239501774311066,-0.02403206191956997,0.10947563499212265,0.30767473578453064,0.048777855932712555,-0.41240328550338745,-0.3026229739189148,0.12833765149116516,0.22771403193473816,-0.26600438356399536,0.08317221701145172,-0.10186002403497696,0.496746689081192,-0.16677848994731903,-0.09155626595020294,-0.024491196498274803,0.4887229800224304,-0.09988902509212494,-0.8471544981002808,0.031830161809921265,-0.10392923653125763,0.1770329773426056,-0.4507269859313965,-0.24920889735221863,-0.06769567728042603,1.3671844005584717,0.20361904799938202,-0.28472059965133667,0.18214556574821472,-0.00793635193258524,-0.28321585059165955,0.17489513754844666,-0.2932033836841583,0.21256954967975616,-0.445748895406723,-0.5133229494094849,0.269538938999176,-0.15416200459003448,0.5363582372665405,-0.12593480944633484,0.010627943091094494,0.182667538523674,-0.0058057582937181,0.27237609028816223,-0.2957344353199005,0.017367562279105186,-0.05011569336056709,0.06816819310188293,0.622453510761261,-0.8105570673942566,-0.01678084395825863,0.3912615478038788,0.1859445720911026,-0.16167831420898438,0.8687143325805664,-0.12175927311182022,0.31257250905036926,0.3454616069793701,-0.10457591712474823,-0.38429275155067444,-0.3240780234336853,0.03458806127309799,0.25246092677116394,0.5084520578384399,0.015589247457683086,-0.25909343361854553,0.3496081233024597,0.2928219437599182,-0.10016355663537979,0.03838904947042465,-0.43519988656044006,-0.6513884663581848,-1.1669052839279175,0.5288310050964355,0.22637948393821716,-0.07299011200666428,0.10236905515193939,0.02598409354686737,-0.278145432472229,-0.15239156782627106,-0.1527697741985321,-1.0511503219604492,-0.19261275231838226,-0.994865894317627,-0.3464125990867615,-0.05882847309112549,0.41542211174964905,0.511591911315918,0.024013761430978775,-0.023598186671733856,-0.3073059320449829,-0.14946818351745605,0.18844884634017944,-0.7736360430717468,-0.18066643178462982,0.5567484498023987,0.035665955394506454,0.6392819881439209,0.14344458281993866,0.8006206750869751,-0.14820322394371033,-0.23326969146728516,0.7020112872123718,0.2730369567871094,-0.9595826268196106,-0.5042141079902649,0.1330748200416565,-0.3706165552139282,-0.2748831808567047,-0.6807920336723328,1.0119221210479736,-0.06456942856311798,-0.45961713790893555,-0.06921100616455078,0.1361590474843979,-0.26996445655822754,0.4712042808532715,0.45657914876937866,-0.03553156927227974,0.17692850530147552,0.41275495290756226,-0.32565051317214966,0.2714025378227234,0.1106211319565773,0.1996620148420334,0.10740071535110474,-0.041524410247802734,0.05818329006433487,-0.3904750347137451,0.41716665029525757,-0.034278832376003265,0.21466097235679626,0.1093314066529274,1.0021538734436035,0.6584736108779907,-0.07699105888605118,-0.002064040396362543,-0.028069978579878807,0.2057156264781952,0.29670485854148865,0.4897017478942871,0.13833114504814148,-0.28791481256484985,0.061501532793045044,0.45465096831321716,-0.2095612734556198,-1.309773564338684,-0.03993897885084152,-0.003994767554104328,0.1682060807943344,0.3411116898059845,-0.3393145203590393,-0.004463574383407831,-0.6130316853523254,0.21891143918037415,-0.4256201684474945,0.07515193521976471,0.04245283454656601,0.3492838442325592,2.0664429664611816,-0.5494000315666199,0.08837107568979263,-0.386724054813385,0.04522230103611946,-0.3182988464832306,0.16639232635498047,0.2678689658641815,-0.33975499868392944,0.1811312735080719,0.20044121146202087,-0.041367024183273315,0.036598797887563705,0.20102468132972717,0.04055783525109291,0.0952395349740982
CID000041774,1053,0.028316888958215714,-0.02184329368174076,-0.6277950406074524,0.17875701189041138,-0.044618017971515656,-0.028399264439940453,-0.1558767557144165,-0.6509710550308228,-0.04916022717952728,-0.02871585451066494,0.3865553140640259,0.2328735888004303,-0.2110663652420044,-0.1829538643360138,-0.1845809668302536,0.28303080797195435,0.5194976329803467,0.1363212764263153,-0.2854941785335541,-0.3096298575401306,-0.28718939423561096,-0.008817736059427261,0.2535223960876465,0.1063719391822815,-0.9662448763847351,-1.165724754333496,-0.6169766187667847,-0.01768215000629425,-0.20779581367969513,-0.03662291169166565,1.5852081775665283,0.02829943597316742,-0.006952800787985325,0.40930047631263733,-0.2164922058582306,0.05233954265713692,1.246678113937378,-0.20576858520507812,-0.04309486597776413,-0.042636286467313766,-0.2598470449447632,0.7315341830253601,-0.21538397669792175,0.05229537934064865,0.05252019315958023,-0.08810929208993912,0.6447054743766785,-0.1801319122314453,-0.23425531387329102,0.07359607517719269,-0.7982447743415833,0.11088713258504868,0.2556629776954651,0.015011472627520561,0.4837875962257385,-0.5291141867637634,-0.1072922796010971,0.3815085291862488,-0.19369173049926758,0.11587722599506378,0.010646517388522625,-0.12860992550849915,0.001958593027666211,1.065416693687439,-0.02255069650709629,0.4508451521396637,-0.07383038103580475,-0.05293530970811844,-0.002718862844631076,0.1700977087020874,-0.6288551092147827,0.01676243357360363,-0.6047146320343018,0.44090691208839417,0.10891292989253998,0.5607816576957703,0.5701045393943787,0.37249794602394104,0.8102630376815796,0.03980376943945885,0.00960562564432621,-0.2743379473686218,0.23838958144187927,0.022906720638275146,0.12558886408805847,0.21613278985023499,-0.04686366394162178,-0.5324059724807739,-0.15100768208503723,-0.09989818185567856,-0.2676561772823334,-0.09131395816802979,-0.10664715617895126,0.1985578089952469,-0.07868579030036926,0.003883147146552801,-0.08949624001979828,0.5085269808769226,-0.023679109290242195,-1.3153740167617798,-0.3108818531036377,-0.04775618761777878,0.2575743794441223,-0.13334611058235168,-0.03636139631271362,-0.25503119826316833,1.4858267307281494,-0.14771896600723267,0.3606233596801758,0.10908566415309906,-0.05355571582913399,-0.07223212718963623,0.009244331158697605,-0.5168195962905884,0.19901201128959656,-0.45971375703811646,-0.41972607374191284,0.08116504549980164,-0.06933509558439255,0.6531563997268677,-0.37256938219070435,0.027235710993409157,0.37960344552993774,0.05355546995997429,0.2618333399295807,0.039033807814121246,0.11999501287937164,-0.007898740470409393,-0.1366758495569229,0.1350601315498352,-0.9590225219726562,-0.34381183981895447,0.08334120362997055,0.0779925212264061,0.0952291414141655,0.9089290499687195,-0.22831030189990997,-0.31718146800994873,0.40376514196395874,-0.02004820480942726,-0.06473620235919952,-0.15570442378520966,-0.29948851466178894,0.1792885959148407,-0.1007111519575119,-0.08000226318836212,-0.32929787039756775,0.11984531581401825,0.31492936611175537,-0.04086219519376755,0.5739151835441589,-0.14605341851711273,-0.7481802105903625,-0.7367846369743347,0.6168214082717896,0.1528187096118927,0.1938631236553192,0.060873497277498245,-0.33072972297668457,-0.06767074018716812,0.13277995586395264,0.23281624913215637,-0.8467135429382324,0.2702241837978363,-0.2681974768638611,-0.13556011021137238,-0.17595192790031433,-0.07417900860309601,0.6884511113166809,-0.3168441951274872,-0.13358263671398163,-0.15092100203037262,-0.07647724449634552,0.1313709318637848,-0.5986138582229614,-0.15300337970256805,0.9738677740097046,-0.019193515181541443,0.4780101776123047,0.4872703552246094,0.45202571153640747,-0.2965511679649353,-0.4962790012359619,0.4638477861881256,0.020970739424228668,-1.1940006017684937,-0.2316991090774536,0.10857973247766495,-0.4006994664669037,-0.05117223411798477,-0.5170633792877197,0.9034403562545776,-0.12714849412441254,-0.2737322449684143,0.007164242677390575,0.118523970246315,0.010662672109901905,-0.08852492272853851,0.6014209389686584,-0.18375077843666077,0.48266440629959106,0.21496181190013885,-0.07328207045793533,0.07715244591236115,-0.30532267689704895,0.24463967978954315,-0.05129913613200188,0.03026438131928444,0.007137736771255732,0.041833244264125824,-0.12649430334568024,0.14676013588905334,-0.13618770241737366,-0.28661999106407166,1.2639693021774292,0.30891814827919006,-0.21346835792064667,0.15821591019630432,0.10993857681751251,0.3181071877479553,-0.031356047838926315,0.19912853837013245,0.054410647600889206,-0.36236587166786194,-0.003967420198023319,0.5128619074821472,-0.18771736323833466,-0.6532214879989624,-0.08698763698339462,-0.04934563487768173,0.006409894675016403,0.07917454838752747,-0.08452950417995453,-0.37200692296028137,-0.5404098629951477,0.009700918570160866,0.12095439434051514,-0.010907315649092197,-0.15680678188800812,-0.06367858499288559,1.9914095401763916,-0.4414542615413666,-0.19875358045101166,-0.5455104112625122,-0.32750409841537476,-0.45823565125465393,-0.242158442735672,0.5353339910507202,-0.2720833718776703,0.06714121997356415,0.3879924416542053,0.2615160346031189,-0.25037598609924316,0.15411874651908875,0.17944422364234924,-0.025343989953398705
CID000005721,1056,0.09266714751720428,-0.07618456333875656,-0.9749150276184082,-0.03305986151099205,0.06836819648742676,-0.2529231905937195,-0.1071515828371048,-0.6843293905258179,-0.059226952493190765,-0.2927328944206238,0.3636196255683899,0.24965937435626984,0.026563387364149094,0.07002892345190048,-0.1274167150259018,-0.022373219951987267,0.025596734136343002,0.13540709018707275,-0.336743026971817,-0.40472954511642456,-0.22482998669147491,0.160505011677742,0.23674169182777405,0.20504005253314972,-0.94054114818573,-0.8983204960823059,-0.1862211972475052,-0.03911717236042023,-0.01643180288374424,-0.22924485802650452,0.9393838047981262,-0.11946799606084824,0.17681126296520233,0.1083628386259079,-0.1882246881723404,0.06147005409002304,0.47814303636550903,-0.18029233813285828,-0.18570509552955627,-0.3484484851360321,-0.13515789806842804,0.39799588918685913,-0.16295908391475677,0.03237280994653702,0.004245811607688665,-0.1028069257736206,0.8414850234985352,-0.16504627466201782,-0.5685375928878784,0.001445875270292163,-0.7372686266899109,-0.005298536270856857,0.5028074383735657,-0.11717432737350464,0.30956509709358215,-0.2867376506328583,-0.12443564832210541,0.5205837488174438,-0.01590639352798462,-0.04434735327959061,-0.47237730026245117,0.011525236070156097,0.011905920691788197,0.9246609807014465,-0.02351458929479122,0.4517243802547455,-0.1815493106842041,0.1189432293176651,-0.1324695646762848,0.21197590231895447,-0.6705170273780823,0.03567782789468765,-0.3311574161052704,0.3445129990577698,0.01976386271417141,0.34970971941947937,0.3580065071582794,0.3867121636867523,0.6591400504112244,0.2050667703151703,-0.027301663532853127,-0.49441152811050415,0.33508339524269104,-0.056927215307950974,0.16433405876159668,0.17579799890518188,-0.25789204239845276,-0.33770960569381714,-0.036122050136327744,0.0235358327627182,-0.29475265741348267,-0.04580555856227875,-0.13147327303886414,0.2700207531452179,-0.026589184999465942,0.056528519839048386,-0.14668628573417664,0.3710159361362457,0.10370705276727676,-1.0300594568252563,-0.25458481907844543,0.09316294640302658,0.3366922438144684,-0.21360060572624207,0.07246855646371841,-0.008187306113541126,0.7590375542640686,-0.03116818703711033,0.17821621894836426,-0.07070489972829819,0.19285252690315247,0.06709732860326767,0.1566520482301712,-0.6336251497268677,0.1613846719264984,-0.25534671545028687,-0.31292638182640076,0.21011991798877716,0.17159511148929596,0.16450807452201843,-0.3118087649345398,-0.019730616360902786,0.20465099811553955,0.18616518378257751,0.3219171166419983,0.008511306717991829,0.10238885879516602,-0.1681458055973053,-0.39828333258628845,0.16733287274837494,-0.6208460330963135,-0.235049769282341,0.06059905141592026,0.2280692607164383,0.05797579884529114,0.6268148422241211,0.016499202698469162,-0.026192914694547653,0.2694167196750641,-0.18735051155090332,-0.12164320796728134,-0.08642745018005371,0.13246041536331177,0.053728409111499786,0.19718129932880402,-0.13472026586532593,-0.37905654311180115,0.371258020401001,0.11597952991724014,0.01975245401263237,0.8577481508255005,-0.15546727180480957,-0.6601086854934692,-0.6980273127555847,0.7139599323272705,0.04540020972490311,-0.08468683063983917,0.09430259466171265,-0.36001285910606384,0.08621106296777725,-0.0818566083908081,0.10403206199407578,-0.9468885660171509,0.30566033720970154,-0.37806347012519836,0.032265521585941315,0.03822449594736099,0.25883451104164124,0.8621972799301147,-0.5628940463066101,-0.20189137756824493,-0.09090906381607056,0.04039137810468674,0.043911103159189224,-0.39641863107681274,-0.09478344768285751,0.5259928703308105,-0.13379421830177307,0.5174299478530884,0.28369811177253723,0.4731588363647461,-0.24132797122001648,-0.32709813117980957,0.6029602885246277,0.058538276702165604,-0.7348470687866211,-0.022168094292283058,-0.023364681750535965,-0.24456652998924255,0.007060900330543518,-0.3059347867965698,0.8857728838920593,0.1871531456708908,-0.15796063840389252,0.051148105412721634,0.11205552518367767,-0.14783070981502533,-0.0151597261428833,0.8072616457939148,-0.026850590482354164,0.5559076070785522,0.18242397904396057,-0.08765270560979843,0.27519020438194275,-0.5186201333999634,-0.015028047375380993,-0.3353780508041382,0.16337640583515167,-0.1433102935552597,0.24947115778923035,0.08395225554704666,-0.020659763365983963,0.08646605908870697,-0.19833697378635406,0.9501335024833679,0.26744240522384644,-0.2656390368938446,0.08384399116039276,0.2196662425994873,0.3035341799259186,-0.007280275225639343,0.2305251806974411,0.05415292829275131,-0.33925309777259827,-0.19449082016944885,0.37918052077293396,0.0412379689514637,-0.8420308828353882,-0.16137662529945374,0.09080556780099869,-0.13237114250659943,-0.002324008848518133,0.286888062953949,-0.26189619302749634,-0.7348439693450928,0.06110571697354317,0.05548306182026863,-0.1566646546125412,-0.26052746176719666,-0.21372687816619873,1.211216688156128,-0.38617926836013794,-0.23119454085826874,-0.3222283124923706,-0.15732398629188538,-0.20366697013378143,-0.13424000144004822,0.018178027123212814,-0.20787401497364044,0.19432243704795837,0.11038172245025635,0.21307742595672607,-0.2709098160266876,0.06291987001895905,0.16025511920452118,-0.05610763281583786
CID000003914,1074,0.2010001838207245,-0.10310538113117218,-0.6862426400184631,-0.04209059849381447,0.5168907046318054,-0.007913830690085888,0.1671019047498703,-0.6533581018447876,-0.24292989075183868,0.23591919243335724,0.5550146698951721,0.11244305223226547,-0.007956966757774353,-0.05746228247880936,-0.05384094640612602,0.400836706161499,0.7632824182510376,-0.20792166888713837,-0.26789939403533936,-0.030833888798952103,-0.18314796686172485,0.152287095785141,0.46759867668151855,0.10457227379083633,-0.44983401894569397,-0.8149372339248657,-0.48408812284469604,-0.5000582337379456,0.2357080727815628,-0.4032229781150818,0.4576113224029541,0.08792374283075333,-0.0024060874711722136,0.020314490422606468,-0.520342230796814,0.05665753036737442,0.5971881151199341,-0.23742297291755676,0.16866591572761536,-0.3311680853366852,-0.9820948839187622,0.6101030111312866,-0.14197362959384918,-0.11307573318481445,0.114898182451725,-0.012121983803808689,0.8061254620552063,-0.028596052899956703,-0.5738285779953003,0.11612298339605331,-0.6318819522857666,0.6226903200149536,0.38721317052841187,-0.3964284062385559,0.3106292188167572,-0.5766308903694153,-0.009533850476145744,0.9449243545532227,-0.170598104596138,0.08675143867731094,-0.17034697532653809,-0.24468819797039032,0.08949992805719376,1.245613694190979,0.18303364515304565,0.322259783744812,0.03484233468770981,0.08286067843437195,0.12586332857608795,0.23651762306690216,-0.9116666913032532,0.11742962896823883,-0.42442458868026733,0.4485950469970703,-0.1281261146068573,0.3471467196941376,0.35180941224098206,0.46418315172195435,0.3508584499359131,0.0407259576022625,-0.08171311765909195,-0.5083926320075989,0.082811638712883,0.2544252276420593,0.171192467212677,0.13365793228149414,-0.29533329606056213,0.050642795860767365,-0.4163152575492859,-0.052389271557331085,-0.07228012382984161,0.026922881603240967,-0.16432806849479675,-0.09254594147205353,-0.06260086596012115,-0.08033637702465057,-0.3579216003417969,0.30743902921676636,-0.09291281551122665,-0.8680055737495422,-0.04129432514309883,-0.2107696533203125,0.03978266939520836,-0.0918048545718193,0.20666809380054474,-0.3567121624946594,0.3423432409763336,0.07498966157436371,0.06935030221939087,-0.03483470529317856,-0.07819126546382904,-0.015859533101320267,1.183427333831787,-0.4627142548561096,0.13808317482471466,-0.2682545781135559,-0.019742991775274277,0.12463802099227905,-0.2396659553050995,0.12365207821130753,-0.32240670919418335,-0.20322959125041962,-0.11886074393987656,0.1438107192516327,-0.04743771627545357,0.04262850806117058,0.41884246468544006,-0.011467283591628075,-0.2600349187850952,0.08543343842029572,-0.5308325290679932,0.0818445160984993,0.3980410099029541,0.30900073051452637,0.023738538846373558,0.5317116379737854,0.2768919765949249,-0.4382963180541992,0.5246353149414062,-0.1288222074508667,-0.19359099864959717,-0.28274574875831604,0.030779385939240456,0.48858338594436646,0.029873410239815712,0.06644339859485626,-0.42135316133499146,0.1485377848148346,-0.00038144589052535594,0.0941614955663681,0.6452199220657349,-0.03458325192332268,-0.8687151670455933,-1.0810348987579346,0.6038782000541687,-0.49478259682655334,0.06791339069604874,0.30422621965408325,-0.7449312806129456,-0.10494332015514374,0.015865499153733253,-0.3706680238246918,-0.9346697926521301,0.06047450751066208,-0.49069705605506897,-0.2889969050884247,-0.2549237608909607,0.2358877956867218,0.07254268229007721,-0.4104420244693756,-0.32514050602912903,-0.1438295841217041,0.020441805943846703,-0.1002139300107956,-1.0060818195343018,-0.14021191000938416,0.6184424161911011,-0.10350120067596436,0.6136417984962463,-0.3400273621082306,0.30251914262771606,0.07000185549259186,-0.2851570248603821,0.17842832207679749,0.11300627142190933,-0.28387054800987244,-0.10970671474933624,-0.18456731736660004,0.0844307392835617,-0.15117871761322021,-0.43244361877441406,0.6611188054084778,-0.10863754898309708,-0.4157135486602783,-0.19116996228694916,-0.05484665185213089,-0.22930411994457245,-0.12246827781200409,0.19845910370349884,0.16779956221580505,0.7044093608856201,0.2570972144603729,-0.22531461715698242,0.1551847606897354,-0.46980515122413635,-0.018638353794813156,-0.36947500705718994,-0.052685029804706573,0.18972976505756378,0.019010107964277267,0.09609832614660263,0.19919322431087494,0.12117469310760498,-0.05432337522506714,0.998572051525116,0.09227496385574341,-0.2853444218635559,-0.013457435183227062,-0.07967288792133331,0.2536274790763855,0.3495798110961914,-0.1407237946987152,0.00630530109629035,0.03375309705734253,-0.3601621985435486,0.1081632524728775,-0.15650323033332825,-0.8022816777229309,-0.05153750255703926,-0.04686618968844414,0.22882124781608582,0.3001212477684021,0.233347088098526,-0.31649595499038696,-1.1018445491790771,0.1604820191860199,-0.012689327821135521,0.1198374405503273,-0.10427293926477432,-0.316241979598999,0.1558072715997696,-0.4555288255214691,-0.0003785610315389931,-0.3204987645149231,-0.2758388817310333,-0.27745693922042847,-0.013523566536605358,-0.05794723704457283,-0.2685067653656006,0.30675625801086426,-0.12651431560516357,-0.020935891196131706,0.06764218211174011,-0.3253695070743561,0.3497965931892395,-0.05614055320620537
CID000002512,1080,0.34601151943206787,-0.094611257314682,-0.7387915849685669,-0.06275835633277893,0.6516682505607605,-0.16384385526180267,0.08634443581104279,-1.0863925218582153,-0.06811322271823883,-0.34589260816574097,0.5521687269210815,0.13332176208496094,-0.24335357546806335,-0.048618242144584656,0.06288212537765503,0.18580368161201477,0.12046954780817032,-0.05072573572397232,-0.5799862742424011,0.28468769788742065,-0.4644097685813904,0.08475247770547867,0.501227855682373,-0.19219309091567993,-1.531317949295044,-0.7387160658836365,0.014988048002123833,-0.20156630873680115,0.234475776553154,-0.05270829051733017,1.4843076467514038,-0.019838478416204453,0.20483705401420593,0.3290541470050812,-0.3463183343410492,0.04407883435487747,0.3489464223384857,-0.12022878974676132,-0.04935572296380997,-0.04927687346935272,-0.322004109621048,0.27778956294059753,-0.30877023935317993,-0.23287692666053772,0.21786046028137207,-0.14664475619792938,0.5110483765602112,-0.33423951268196106,-0.6931620836257935,0.1414104700088501,-0.9152070879936218,0.2912135124206543,0.7625172734260559,-0.005149406380951405,0.3802313208580017,-0.4246208071708679,0.03342399746179581,1.006005883216858,0.23876836895942688,-0.10322622954845428,-0.3446784019470215,0.1671358048915863,-0.32333385944366455,0.718570351600647,0.0038043856620788574,1.0188524723052979,0.18569733202457428,0.0289078988134861,-0.21521082520484924,0.055051080882549286,-0.7081974148750305,0.1369526982307434,-0.5934957265853882,0.28791412711143494,-0.20678380131721497,0.2613440454006195,0.39973118901252747,-0.11279754340648651,0.7195393443107605,-0.006577032618224621,-0.05773959681391716,-0.40090981125831604,-0.002508023288100958,-0.009901571087539196,0.05037581920623779,0.28557103872299194,-1.516234040260315,-0.04280348867177963,-0.2736750543117523,0.09651170670986176,0.04432595521211624,-0.007126885466277599,-0.5043571591377258,0.3297064006328583,-0.16441485285758972,-0.041740067303180695,0.009830099530518055,0.36860567331314087,0.2785492539405823,-1.3829963207244873,-0.3674474358558655,0.08131679892539978,0.04127521812915802,-0.12816251814365387,0.12208453565835953,-0.24888086318969727,0.6643481254577637,-0.24713833630084991,-0.04830777645111084,-0.09468822181224823,0.2081245481967926,0.06532525271177292,0.4940604269504547,-0.9502556920051575,0.3930552005767822,-0.3389032483100891,-0.30703112483024597,0.10768338292837143,0.14694096148014069,0.18552237749099731,0.016582664102315903,-0.31647196412086487,-0.11630097776651382,0.008177155628800392,-0.11820024251937866,0.04412512481212616,0.27782776951789856,-0.16504541039466858,-0.22613540291786194,0.10398530960083008,-0.6175343990325928,0.14025482535362244,0.32732445001602173,0.14072053134441376,-0.10377069562673569,0.5394988059997559,0.37213826179504395,-0.16177815198898315,0.44251853227615356,-0.22828905284404755,0.054077357053756714,0.02204110100865364,0.20723815262317657,0.2368130385875702,-0.019533131271600723,0.08161969482898712,-0.6507871747016907,0.17862273752689362,0.3511818051338196,-0.13673225045204163,0.8659178018569946,-0.19872957468032837,-0.5181320905685425,-1.2111362218856812,1.394594430923462,0.09150785207748413,0.015161996707320213,0.04936728626489639,-0.33320316672325134,0.15948134660720825,-0.04336263984441757,0.21919235587120056,-1.2688274383544922,0.11610498279333115,-0.6042639017105103,-0.11160214245319366,0.14515206217765808,-0.01814819872379303,0.8735477328300476,-0.4978047311306,-0.3179967999458313,-0.17329257726669312,0.22610624134540558,0.04426904767751694,-0.521880030632019,-0.15913309156894684,0.31451356410980225,0.15925921499729156,0.5174722671508789,0.08602984249591827,0.34645962715148926,0.03144482895731926,-0.4984268248081207,1.0478110313415527,-0.051935650408267975,-0.6300880908966064,-0.16336457431316376,-0.2062990665435791,-0.12101714313030243,-0.10428355634212494,-0.5832785964012146,0.9215663075447083,-0.014774797484278679,-0.15741842985153198,-0.041619978845119476,0.06217005103826523,-0.33007514476776123,-0.21393004059791565,0.704712986946106,-0.07248945534229279,0.48158931732177734,0.23126447200775146,-0.10221429169178009,0.5291527509689331,-0.6119704842567444,0.09963558614253998,-0.4200565814971924,0.1302507519721985,0.05200924351811409,-0.06129024177789688,0.18158970773220062,-0.17056789994239807,-0.19227202236652374,-0.2450093924999237,0.3554353713989258,0.213880255818367,-0.5407060980796814,-0.12275318801403046,-0.02712647244334221,-0.08818366378545761,0.06163516640663147,0.3322924077510834,-0.24855533242225647,-0.0962878167629242,-0.244147390127182,0.17689743638038635,0.3012077808380127,-0.8294802904129028,-0.5095565915107727,0.10829941928386688,0.10909978300333023,0.01970767416059971,0.24731329083442688,-0.35410773754119873,-1.0883021354675293,0.2451917678117752,-0.022184958681464195,-0.04967331141233444,-0.08360925316810608,-0.29048866033554077,0.905814528465271,-0.2571858763694763,-0.2577116787433624,-0.4005333483219147,0.22535185515880585,-0.5237907767295837,-0.1475910246372223,0.022213401272892952,0.14858658611774445,0.4092889428138733,-0.2308613359928131,-0.06487910449504852,0.22537298500537872,-0.02366461791098118,0.35853761434555054,0.20451712608337402
CID000005593,1081,0.11156006157398224,-0.23874476552009583,-0.6399773359298706,0.20047345757484436,0.47138676047325134,0.16447432339191437,-0.09216698259115219,-0.6932682991027832,-0.4077610373497009,-0.2146228849887848,0.09762348234653473,0.11862659454345703,-0.1937161386013031,-0.10443727672100067,-0.049209315329790115,0.03061685524880886,0.8679941296577454,0.06693069636821747,-0.3413988947868347,0.15223391354084015,-0.19721177220344543,0.08465656638145447,0.5835596323013306,0.15513892471790314,-0.46990227699279785,-0.6293535232543945,-0.29652032256126404,0.10306432098150253,0.022211194038391113,0.08214285224676132,0.6945440173149109,-0.03605864197015762,-0.09900015592575073,0.49178141355514526,-0.3497370183467865,0.1310696303844452,1.5534398555755615,-0.1966302990913391,0.07978697121143341,0.030222183093428612,-0.2623310387134552,0.9824873208999634,-0.2505783438682556,-0.04079129546880722,0.02032194659113884,-0.03135493025183678,0.6487141847610474,-0.10179879516363144,-0.5116523504257202,0.08731492608785629,-0.3043036162853241,0.15187658369541168,0.2852890193462372,-0.2306044101715088,0.38474708795547485,-0.3277183175086975,-0.2994548976421356,0.7160626649856567,-0.014770996756851673,-0.12620648741722107,-0.12487158924341202,-0.2287212312221527,-0.07018443942070007,0.7416671514511108,0.2116081416606903,0.14462044835090637,-0.05432070419192314,-0.10420466959476471,-0.049800753593444824,-0.06100768968462944,-0.5752562284469604,0.1895267367362976,-0.9180819392204285,0.47179627418518066,0.2610948085784912,0.33626070618629456,0.7761914730072021,0.08788919448852539,0.4793115258216858,0.06483454257249832,0.017047282308340073,-0.30421167612075806,0.002015352249145508,-0.03902405500411987,0.24307937920093536,0.27431046962738037,-0.44284382462501526,-0.03481552004814148,-0.16635781526565552,0.0754580870270729,-0.28996145725250244,0.022028258070349693,0.008357745595276356,-0.024754723533988,0.02091141976416111,-0.14058330655097961,-0.051353055983781815,0.16595612466335297,-0.16631461679935455,-0.7103962898254395,0.04796105995774269,0.07282854616641998,-0.021649222820997238,-0.04223299026489258,0.27020591497421265,-0.07503781467676163,0.8739026188850403,-0.016614507883787155,0.24034647643566132,-0.06523065268993378,0.024115974083542824,0.08368276804685593,0.40324681997299194,-0.17266488075256348,0.22394302487373352,-0.14551709592342377,-0.2943190038204193,0.04937322437763214,-0.24484238028526306,0.18200406432151794,-0.3723052144050598,-0.21925397217273712,0.15054868161678314,-0.05293881893157959,0.08142076432704926,-0.09146818518638611,0.22139887511730194,-0.24979433417320251,-0.24864444136619568,0.334953248500824,-0.7623339295387268,-0.4496501386165619,0.3724779486656189,0.29158374667167664,0.09754746407270432,0.8477074503898621,0.08525389432907104,-0.0306402537971735,0.19333790242671967,-0.11528696119785309,-0.002226018812507391,-0.352340430021286,0.003677415894344449,0.013549727387726307,0.02015104703605175,0.022225329652428627,-0.33968472480773926,0.03746699541807175,-0.06169386953115463,-0.15010389685630798,0.1729349046945572,-0.09012134373188019,-0.5381900072097778,-0.7061904668807983,0.6937059164047241,-0.24180130660533905,0.21317651867866516,0.23175092041492462,-0.36364609003067017,0.05098976939916611,-0.18357810378074646,0.03086310252547264,-0.9834845662117004,0.05723948031663895,-0.37617620825767517,-0.031706321984529495,-0.005189366638660431,-0.2781525254249573,0.5549901127815247,-0.3071947693824768,-0.21077048778533936,-0.174484521150589,0.04884091019630432,-0.07166507840156555,-0.6137253642082214,-0.12349066883325577,0.39487186074256897,-0.002619263483211398,0.5415239334106445,-0.032918162643909454,0.5877678990364075,-0.15619228780269623,-0.28873634338378906,0.557059109210968,0.06206778436899185,-0.37858209013938904,-0.20849967002868652,-0.14819331467151642,-0.36829859018325806,-0.09182746708393097,-0.30185309052467346,0.900296688079834,-0.14521221816539764,-0.5404173135757446,-0.11411090195178986,0.12215812504291534,0.07410168647766113,0.10663453489542007,0.46760350465774536,-0.0352030023932457,0.2335660755634308,0.3043307960033417,-0.049419134855270386,0.11034052073955536,-0.16568432748317719,-0.2167266309261322,-0.11370156705379486,0.10884454101324081,-0.04777248203754425,-0.04545934870839119,-0.4095817506313324,-0.0552285835146904,-0.13490134477615356,-0.3598913550376892,0.5481917262077332,-0.04787539318203926,-0.14249326288700104,-0.2166321724653244,-0.07483567297458649,-0.16207435727119446,0.14407166838645935,-0.04502818360924721,0.012373548932373524,-0.07894234359264374,0.016368135809898376,0.07843445241451263,0.05324215441942215,-0.8011959195137024,-0.03429752588272095,0.023361653089523315,-0.08674552291631699,0.27967172861099243,0.06866343319416046,-0.10095057636499405,-0.5833438634872437,0.020692164078354836,0.09733156859874725,-0.015330499038100243,-0.1157485619187355,-0.009780434891581535,0.6668537855148315,-0.28586119413375854,0.10907258093357086,-0.20147208869457245,-0.2591266930103302,-0.29285603761672974,0.2290327101945877,0.25573664903640747,-0.17150044441223145,0.30676960945129395,0.34011784195899963,0.03976038098335266,0.014348745346069336,-0.14744561910629272,0.34120064973831177,0.09061908721923828
CID000004064,1082,0.12323176860809326,-0.34053483605384827,-0.6031442880630493,0.20897682011127472,0.3728817403316498,-0.12800195813179016,0.0005298957112245262,-0.7606515288352966,-0.10348089039325714,-0.22928936779499054,0.7399344444274902,-0.16226539015769958,0.029645180329680443,-0.17895695567131042,0.0766935721039772,0.11154331266880035,0.26672446727752686,-0.2755821645259857,-0.3321264684200287,0.03592101112008095,-0.271453320980072,0.031124379485845566,0.3422781527042389,-0.06833833456039429,-0.6407886743545532,-0.9262360334396362,-0.37809768319129944,-0.004814344458281994,0.04809477925300598,-0.21540582180023193,0.8682432174682617,-0.010223707184195518,-0.22359135746955872,0.18673944473266602,-0.20785105228424072,0.08898419141769409,0.35101500153541565,-0.11936464160680771,-0.1058669239282608,-0.05941569805145264,-0.07243026047945023,0.2645445764064789,-0.19657304883003235,-0.6468486189842224,-0.17945030331611633,0.0028383941389620304,0.40316447615623474,-0.26792722940444946,-0.4705371856689453,0.09823699295520782,-0.8890998959541321,0.45620036125183105,0.6005508303642273,-0.1389596164226532,0.17327456176280975,-0.2584276497364044,-0.15991488099098206,0.3755252957344055,0.07489292323589325,0.07243870198726654,0.028739172965288162,-0.2869640588760376,0.11830087751150131,0.9118984341621399,-0.10743367671966553,0.4770333170890808,-0.33208519220352173,-0.081192247569561,-0.08495394885540009,-0.05707494169473648,-0.7098637223243713,0.1226731389760971,-0.4777478277683258,0.3949107229709625,0.2663630545139313,0.6460543274879456,0.4004395008087158,0.24202540516853333,0.31139683723449707,0.11963067203760147,-0.016634183004498482,-0.05752699449658394,0.07383543252944946,-0.10153098404407501,-0.0928446501493454,0.1650148332118988,-0.26563510298728943,-0.2192935198545456,0.1762605458498001,-0.2469569742679596,-0.10090100765228271,0.055621374398469925,-0.2585891783237457,0.09304921329021454,-0.07684454321861267,-0.36604148149490356,0.0850643739104271,0.23097720742225647,0.08207271993160248,-0.8243299722671509,-0.09194203466176987,-0.4646732807159424,-0.026507258415222168,-0.20324675738811493,0.18790452182292938,-0.1523977816104889,0.59958416223526,0.08172865957021713,-0.06761177629232407,0.16214831173419952,0.016747063025832176,-0.12681151926517487,0.6332176923751831,-0.8113293647766113,-0.016147147864103317,-0.26016977429389954,-0.029965469613671303,0.05831336975097656,0.16445381939411163,0.08470247685909271,-0.20311811566352844,-0.2571128308773041,0.14057990908622742,-0.030375516042113304,0.08767955005168915,0.1623396873474121,0.23334410786628723,0.012121143750846386,-0.04988440126180649,0.33219000697135925,-0.7606730461120605,-0.10987391322851181,0.3251146078109741,0.21149329841136932,0.09257714450359344,0.8598980903625488,0.11104463040828705,-0.009257322177290916,0.5855092406272888,0.14916300773620605,-0.10110251605510712,-0.22379808127880096,0.17958104610443115,0.20573794841766357,0.009327026084065437,0.19751837849617004,-0.2839294970035553,0.15991061925888062,0.026980673894286156,0.00943729653954506,0.6312981843948364,-0.052021753042936325,-0.5404648184776306,-0.5718421339988708,0.5604945421218872,-0.10132890939712524,0.04797792434692383,0.2664211094379425,-0.41375404596328735,-0.07823153585195541,0.15345525741577148,0.2647823691368103,-0.9937536120414734,0.06120329350233078,-0.405707448720932,0.030978549271821976,0.20309695601463318,-0.04356475919485092,0.8790756464004517,-0.5464339256286621,-0.3550962805747986,-0.1338099241256714,0.010652786120772362,-0.07603141665458679,-0.5234450697898865,-0.4473889470100403,0.7808974981307983,-0.10100358724594116,0.5360717177391052,0.0057079484686255455,0.38022881746292114,-0.019617294892668724,-0.21359217166900635,0.8461915850639343,-0.15437455475330353,-0.7256654500961304,-0.11932245641946793,-0.1049211248755455,-0.13653485476970673,-0.16867372393608093,-0.27500638365745544,0.7500075697898865,0.19974640011787415,-0.23559312522411346,0.3110169768333435,-0.003372608218342066,-0.12753745913505554,-0.08169247210025787,0.512920081615448,-0.2240740805864334,0.5661377906799316,0.1905190497636795,0.03857111930847168,0.1167951375246048,-0.5970398187637329,-0.04903126507997513,-0.5701757669448853,-0.08255471289157867,-0.06128116697072983,-0.3036670684814453,-0.056301526725292206,-0.12231133878231049,-0.08379679918289185,-0.08792049437761307,0.8322997093200684,0.21594901382923126,0.25039878487586975,0.1438135802745819,0.043008703738451004,-0.0832686722278595,0.28046631813049316,0.05941501259803772,-0.07840496301651001,0.04837077856063843,0.02530757524073124,0.10075412690639496,0.33372822403907776,-0.6328437924385071,-0.2855064868927002,-0.17342911660671234,0.07723019272089005,0.048831067979335785,0.04925768822431564,-0.1357879489660263,-0.5777641534805298,-0.18063858151435852,-0.20672862231731415,-0.20614132285118103,0.016939867287874222,0.05921076610684395,1.1098449230194092,-0.22916913032531738,-0.2581002116203308,-0.410065233707428,-0.3542760908603668,-0.3822089433670044,-0.08280549198389053,0.11102870851755142,-0.3273729979991913,0.12098746001720428,0.16338975727558136,-0.113019660115242,-0.13093577325344086,-0.3578057885169983,0.13297536969184875,0.0385795496404171
CID000125017,1085,0.002287086797878146,-0.18242976069450378,-0.5109699964523315,-0.09612618386745453,0.49408918619155884,-0.08831266313791275,-0.09225273877382278,-0.3826497197151184,0.016853174194693565,-0.11331047862768173,0.35009485483169556,-0.035855602473020554,-0.14081957936286926,-0.032107237726449966,0.10948536545038223,0.2677866220474243,0.6238114833831787,0.02565089985728264,-0.2670402228832245,0.10561078786849976,-0.14378640055656433,-0.09383394569158554,0.25697803497314453,0.06425577402114868,-0.2453046590089798,-0.6150825619697571,-0.11089842021465302,-0.36777830123901367,0.42715874314308167,-0.11273908615112305,1.035168170928955,0.07602770626544952,0.06048956513404846,0.1849023997783661,-0.45404964685440063,0.21055689454078674,1.0092201232910156,-0.10385634750127792,0.07214733958244324,-0.11116719245910645,-0.5735968351364136,0.7135708928108215,-0.05728474259376526,0.07342154532670975,-0.023189302533864975,0.07302118092775345,0.5857049226760864,0.10052498430013657,-0.7449029684066772,0.0747474730014801,-0.418957382440567,0.35261788964271545,0.3137221336364746,-0.13079848885536194,0.046185173094272614,-0.5434604287147522,-0.26072293519973755,0.5875304937362671,0.08859463036060333,-0.42740973830223083,0.035276949405670166,-0.13897597789764404,0.054845165461301804,0.8112300038337708,0.016961025074124336,0.5191310048103333,-0.028736108914017677,0.004260229878127575,0.02530587837100029,0.06956586986780167,-0.8994343876838684,0.2072610855102539,-0.6819063425064087,0.11407589912414551,0.010570809245109558,0.41907578706741333,0.49534162878990173,0.14088790118694305,0.3099423348903656,-0.11080390214920044,-0.044933706521987915,-0.11329977214336395,-0.2236218899488449,-0.009325800463557243,0.16362448036670685,0.2527409791946411,-0.6039433479309082,-0.06560716778039932,0.13222384452819824,0.0945606380701065,-0.12480759620666504,-0.023790037259459496,-0.1978076547384262,0.038537703454494476,0.2430843859910965,-0.06385394930839539,-0.3251330256462097,0.29208192229270935,-0.016940003260970116,-0.39990538358688354,-0.27123600244522095,-0.11825542151927948,-0.057872474193573,-0.1426919847726822,-0.057715483009815216,-0.2353697121143341,0.5878756046295166,0.056270498782396317,0.23277194797992706,-0.0016787067288532853,-0.016711730509996414,0.07574566453695297,0.7974362373352051,-0.8769454956054688,0.13983161747455597,-0.10033929347991943,-0.0794849619269371,0.3270788788795471,-0.15989723801612854,0.007826912216842175,-0.0840689092874527,-0.33841508626937866,0.117347851395607,0.09452296793460846,-0.12145397812128067,0.22114987671375275,0.16729231178760529,0.1267457902431488,-0.04077640548348427,0.22779373824596405,-0.6863805651664734,-0.031192516908049583,0.3730642795562744,0.19547119736671448,0.06438152492046356,0.8760732412338257,0.022635996341705322,-0.10614228248596191,0.27326682209968567,-0.05266588181257248,-0.08901897817850113,-0.22554251551628113,0.130881667137146,0.3491045832633972,0.053566236048936844,0.11306202411651611,-0.29248136281967163,0.06360549479722977,-0.08304840326309204,-0.07297441363334656,0.885165810585022,-0.017596684396266937,-0.7465426325798035,-0.8335207104682922,0.8832100629806519,-0.40516120195388794,-0.2701318860054016,-0.030907582491636276,-0.20740476250648499,-0.13459184765815735,-0.11641828715801239,-0.13058319687843323,-0.6188395619392395,0.06494709104299545,-0.4172385334968567,-0.0012520402669906616,-0.10711182653903961,-0.09501099586486816,0.11046550422906876,-0.2249608337879181,-0.21826961636543274,0.121394082903862,0.028700923547148705,-0.11420080810785294,-0.44292235374450684,-0.08666344732046127,0.2218446433544159,-0.05249796062707901,0.4835067391395569,-0.0013985276455059648,0.30079084634780884,-0.17021632194519043,-0.11263854801654816,-0.12454698234796524,0.02172870934009552,-0.3275734484195709,-0.03274516016244888,-0.4292946457862854,-0.2062084674835205,-0.14192813634872437,-0.2522132396697998,0.7136166095733643,-0.050632257014513016,-0.05988554283976555,-0.017000989988446236,-0.04757464677095413,-0.09657983481884003,0.011187064461410046,-0.03248367831110954,0.0587456040084362,0.25492730736732483,0.03875599429011345,-0.09241199493408203,0.009864521212875843,-0.26870957016944885,-0.12426181882619858,-0.35662898421287537,-0.11681784689426422,-0.08656654506921768,-0.22170428931713104,-0.08206984400749207,-0.07662688195705414,-0.00216451333835721,-0.15823157131671906,0.47338566184043884,0.07879044115543365,-0.04154130071401596,-0.21608109772205353,0.04528798907995224,-0.013921782374382019,-0.04263407737016678,0.02975357510149479,0.30316704511642456,-0.09225741773843765,-0.19501063227653503,0.25388774275779724,-0.030438119545578957,-0.7890073657035828,-0.1836651861667633,0.005613228771835566,0.21597778797149658,0.12650425732135773,-0.003003814723342657,-0.30569085478782654,-0.6657508015632629,0.31691452860832214,0.18643584847450256,-0.04371001571416855,-0.06076400727033615,-0.2101999819278717,0.06108454614877701,-0.30445027351379395,-0.039375338703393936,-0.09373949468135834,-0.1544305384159088,-0.1733790934085846,0.10808992385864258,0.005352598614990711,-0.09811417758464813,0.2588987350463867,0.01700182817876339,-0.10277800261974335,0.06242278963327408,-0.22538189589977264,0.10840286314487457,-0.04031994938850403
CID000004536,1094,-0.03934786841273308,-0.2574211657047272,-0.469688355922699,0.13578884303569794,0.1139652356505394,-0.42237359285354614,-0.006126022431999445,0.003675091313198209,-0.16368356347084045,-0.04087179899215698,0.014930741861462593,-0.282324880361557,0.06676390022039413,-0.14864668250083923,0.22221824526786804,0.13365277647972107,0.13264647126197815,-0.11925381422042847,-0.4025893211364746,0.055526066571474075,0.007913452573120594,0.20989251136779785,0.6545300483703613,-0.15720783174037933,-0.5469642877578735,-0.39337316155433655,-0.24782080948352814,-0.08799806982278824,0.2541734278202057,-0.1627248078584671,0.8271688222885132,0.11969561874866486,-0.032775186002254486,0.31675687432289124,-0.2612174153327942,0.017334435135126114,0.09842710196971893,-0.14524254202842712,0.029893238097429276,0.0989869013428688,-0.8067072033882141,-0.0028945549856871367,-0.12613509595394135,-0.3000136613845825,0.10758350044488907,-0.33337658643722534,0.7199534177780151,-0.16701209545135498,-0.5243046879768372,0.15030232071876526,-0.4784240126609802,0.041284769773483276,0.787304162979126,-0.12038769572973251,-0.1939997524023056,-0.46136704087257385,-0.08064930140972137,0.9379733800888062,0.33795371651649475,0.1790110170841217,0.1369587928056717,-0.011051556095480919,0.034671902656555176,0.6346700191497803,0.10756504535675049,0.9070001840591431,-0.051929522305727005,-0.21764302253723145,0.12099133431911469,0.07865269482135773,-0.8077046275138855,0.17650839686393738,-1.0116446018218994,0.08520138263702393,-0.10660427808761597,0.006669247057288885,0.17622235417366028,-0.0698663592338562,0.35882335901260376,0.310785174369812,-0.06903938949108124,-0.4155105948448181,-0.08203751593828201,-0.11406172811985016,-0.20952340960502625,0.12520945072174072,-0.3609417676925659,0.15938425064086914,0.07168243080377579,0.3062100112438202,0.08770029246807098,-0.07250337302684784,-0.5615686774253845,0.2980339527130127,-0.023931097239255905,0.013878703117370605,0.2559191584587097,-0.043766822665929794,-0.027288634330034256,-0.7155210375785828,-0.06265391409397125,0.048281632363796234,-0.06243326514959335,-0.17235170304775238,-0.25782135128974915,-0.30819734930992126,0.5043593645095825,-0.0388154610991478,-0.3808642625808716,0.022988151758909225,-0.17899252474308014,-0.07974158227443695,0.3807682991027832,-0.655242383480072,0.09689705818891525,-0.1673150360584259,-0.3320806622505188,0.2503463327884674,-0.1736822873353958,0.08904395252466202,-0.27626854181289673,-0.3170372545719147,0.22329911589622498,0.22421078383922577,0.03957577049732208,0.3685758113861084,0.03943660110235214,0.030476704239845276,0.07522318512201309,0.19313973188400269,-0.6354894638061523,-0.11673970520496368,0.31039053201675415,0.1685076206922531,-0.093429334461689,1.0947551727294922,0.28016605973243713,0.039401035755872726,0.1981491893529892,0.26180118322372437,-0.10879155248403549,-0.2969864308834076,0.31592506170272827,-0.009685060009360313,0.030604660511016846,-0.02521223947405815,-0.38327139616012573,0.02396223321557045,-0.20265217125415802,-0.1665651649236679,0.8108320236206055,-0.10827579349279404,-0.7719244360923767,-0.5878778696060181,0.5441415905952454,-0.0026700913440436125,-0.23361480236053467,0.153410866856575,-0.31089553236961365,-0.0888051837682724,0.18586322665214539,0.024479340761899948,-0.6407073736190796,0.13720084726810455,-0.5968413352966309,-0.14126472175121307,-0.21934285759925842,0.03380953520536423,0.2898854613304138,-0.5013304948806763,-0.6504245400428772,0.1078660637140274,0.16121266782283783,0.15462824702262878,-0.2764646112918854,-0.21481545269489288,0.156464621424675,-0.02836737036705017,0.6442364454269409,0.20355336368083954,0.22028875350952148,-0.07789232581853867,0.16121859848499298,0.099747434258461,-0.10090162605047226,0.026303505524992943,0.20070047676563263,-0.040807366371154785,0.17280198633670807,-0.023035192862153053,0.12517210841178894,0.813978374004364,-0.1077042669057846,-0.44271302223205566,-0.13107934594154358,-0.3027132749557495,0.11087068170309067,0.0010472685098648071,0.12582266330718994,-0.17433372139930725,-0.06674782186746597,0.03766167163848877,-0.026779692620038986,0.5452383756637573,-0.8908220529556274,-0.1133207306265831,-0.4435599446296692,0.21254391968250275,0.008801460266113281,-0.11612880229949951,-0.040750205516815186,-0.13441656529903412,-0.047783270478248596,-0.04835037887096405,0.6076716184616089,0.2053385078907013,0.13912782073020935,-0.4173493981361389,-0.1294461041688919,0.16295793652534485,0.07675953954458237,0.37093186378479004,-0.08171556890010834,-0.25827816128730774,0.23333707451820374,0.08543433248996735,-0.24117520451545715,-0.6135604381561279,0.055818311870098114,0.10828473418951035,0.1403963565826416,0.17501696944236755,-0.09379677474498749,-0.08558960258960724,-0.8789498209953308,-0.08500142395496368,-0.3053206205368042,0.033649396151304245,0.1777711659669876,0.09924893826246262,0.3714907765388489,-0.5461412668228149,0.056224554777145386,-0.38058826327323914,-0.12566065788269043,-0.21812233328819275,0.12610413134098053,0.22566945850849152,-0.06441786885261536,0.5454028844833374,0.09858007729053497,0.400197833776474,-0.05065115541219711,-0.3391667306423187,0.1807844638824463,-0.027590230107307434
CID000504578,1095,0.17337551712989807,0.09258302301168442,-0.46395254135131836,0.12399470806121826,-0.04047050327062607,-0.1101883053779602,0.002344854176044464,-0.4175856113433838,-0.01585240289568901,-0.03936110436916351,0.2277098149061203,0.2752593159675598,-0.05066327005624771,-0.1898680180311203,-0.16666100919246674,0.2522294521331787,0.7167788743972778,-0.11872835457324982,-0.22116251289844513,-0.04015127569437027,-0.25770682096481323,-0.07995769381523132,0.3126770257949829,0.09017070382833481,-0.957635223865509,-0.9915095567703247,-0.7190436124801636,-0.04210900515317917,-0.18051506578922272,0.1128917783498764,1.3482197523117065,0.026724308729171753,0.03351277485489845,0.026952767744660378,-0.16483163833618164,0.10835184156894684,1.0010312795639038,-0.19156263768672943,0.02202075533568859,-0.14715436100959778,0.0506654754281044,0.7204427123069763,-0.27176398038864136,-0.2294890433549881,-0.09492635726928711,-0.227900430560112,0.5852649807929993,-0.13969002664089203,-0.2841588854789734,-0.15440014004707336,-0.8510761260986328,0.07554994523525238,0.33048582077026367,0.20489490032196045,0.3192998766899109,-0.4128459095954895,-0.2984505593776703,0.382636696100235,-0.16962559521198273,-0.05682862550020218,-0.04640939459204674,-0.01927279308438301,0.004200467374175787,0.9160009622573853,-0.07845953851938248,0.4911623001098633,0.13849151134490967,-0.05979050323367119,-0.03443976864218712,0.09721344709396362,-0.6371768712997437,-0.10305960476398468,-0.5302963256835938,0.33970147371292114,0.12521834671497345,0.6859444379806519,0.5583803653717041,0.43803220987319946,0.5670643448829651,0.03660871833562851,0.03378927707672119,-0.08706419169902802,0.41292524337768555,0.1602243334054947,0.09426344931125641,0.0908513218164444,0.012973126955330372,-0.29293593764305115,-0.14348094165325165,-0.08793409168720245,-0.20291297137737274,0.09955184161663055,-0.26269882917404175,0.30324026942253113,-0.1550048142671585,0.15173214673995972,-0.05697985365986824,0.3597075641155243,-0.09962500631809235,-1.132987380027771,-0.16458450257778168,0.06689411401748657,0.012778878211975098,-0.2389834225177765,-0.12359179556369781,-0.24831783771514893,1.40743887424469,-0.03299814090132713,0.1606096774339676,0.13505622744560242,-0.04858510568737984,-0.20592796802520752,0.13905051350593567,-0.8384398221969604,0.13376691937446594,-0.5243788957595825,-0.4000977575778961,-0.055819083005189896,0.13592007756233215,0.3747144639492035,-0.06612326949834824,0.052165329456329346,0.4725372791290283,-0.09955273568630219,0.011315417475998402,0.18215273320674896,0.030746882781386375,0.012803040444850922,-0.15362364053726196,-0.11426828056573868,-0.7599984407424927,-0.35766881704330444,-0.025081206113100052,0.03436660021543503,0.06341440975666046,0.8982269167900085,-0.47144728899002075,-0.2413441240787506,0.3100331425666809,-0.14115531742572784,-0.11185242235660553,-0.06824216991662979,-0.17949587106704712,0.16134755313396454,0.043021392077207565,0.04414469748735428,-0.2354717254638672,0.0661243423819542,0.3312024474143982,0.026814809069037437,0.6486276388168335,-0.11002042144536972,-0.8169957995414734,-0.5315183401107788,0.33975881338119507,0.003767369780689478,0.12476470321416855,-0.07998067140579224,-0.3727034330368042,-0.0024745434056967497,0.183047816157341,0.057666294276714325,-0.7588043212890625,0.17159703373908997,-0.4142855703830719,-0.07465808093547821,-0.21759390830993652,0.1030106395483017,0.996985137462616,-0.24899181723594666,-0.24296768009662628,-0.031160682439804077,-0.05451881140470505,0.3512561023235321,-0.6636828184127808,-0.03919326886534691,0.7755157351493835,-0.06042661517858505,0.5154949426651001,0.5759330987930298,0.4466492235660553,-0.3745657503604889,-0.3010327219963074,0.35620516538619995,-0.10322552919387817,-1.0064802169799805,-0.1874663382768631,0.019918430596590042,-0.316985160112381,0.02695174142718315,-0.30525463819503784,0.7843301892280579,-0.009506499394774437,-0.2811819314956665,-0.17252281308174133,0.11212972551584244,0.012080289423465729,-0.06695742905139923,0.6297208666801453,-0.1796284019947052,0.30809009075164795,0.2735753655433655,-0.06769374758005142,-0.13802960515022278,-0.4751177430152893,0.06305798143148422,-0.25273194909095764,0.11195911467075348,0.10231240093708038,-0.029869532212615013,0.03538535162806511,0.19979949295520782,-0.03617043420672417,-0.18997886776924133,1.1918302774429321,0.2987598180770874,-0.17009787261486053,0.23644478619098663,0.1267671138048172,0.22935974597930908,-0.0380038246512413,0.2937672436237335,-0.07220298051834106,-0.35236403346061707,-0.043538548052310944,0.4955948293209076,-0.24609248340129852,-0.559970498085022,-0.18617230653762817,0.027016133069992065,0.18106123805046082,0.06641543656587601,-0.12747600674629211,-0.41956132650375366,-0.44136136770248413,-0.20923686027526855,-0.016624193638563156,0.006799045018851757,-0.21615484356880188,0.05959279462695122,1.7123810052871704,-0.3468215763568878,-0.14518038928508759,-0.5815449953079224,-0.24558600783348083,-0.5315214991569519,-0.2584371566772461,0.20612649619579315,-0.1211157888174057,0.09080727398395538,0.5219036340713501,0.198496013879776,-0.0005605727201327682,-0.01885083317756653,-0.05925803631544113,-0.008610541000962257
CID000039765,1098,0.21118788421154022,-0.1495336890220642,-0.5156916975975037,0.1087498888373375,0.492587149143219,0.0551912784576416,0.08910874277353287,-0.5257691144943237,0.0313664935529232,-0.3680337369441986,0.6357674598693848,-0.1404605507850647,-0.08400893211364746,-0.14101484417915344,-0.24920351803302765,0.20426639914512634,0.19357697665691376,-0.2738766372203827,-0.473857581615448,0.08233309537172318,-0.1607857048511505,0.1687583327293396,0.37316566705703735,0.46723660826683044,-0.7212264537811279,-0.9170077443122864,-0.35104283690452576,-0.12200810760259628,0.03257410600781441,-0.0038279197178781033,1.1396501064300537,0.10683880746364594,-0.03591914102435112,0.05776470899581909,-0.3968352973461151,0.24876534938812256,0.1901317983865738,-0.24039295315742493,-0.24517853558063507,-0.11622294038534164,-0.3697938323020935,0.35160139203071594,-0.14293915033340454,-0.23015615344047546,-0.16461557149887085,0.2184600830078125,0.6820660829544067,-0.17471206188201904,-0.6057649254798889,-0.02338443323969841,-1.1198447942733765,0.20168694853782654,0.6469331979751587,-0.024253740906715393,0.218427374958992,-0.3922656774520874,-0.21340516209602356,0.2990052103996277,-0.3620189130306244,-0.004354805685579777,0.14205850660800934,-0.4075210988521576,0.12266595661640167,0.6896276473999023,0.07289481163024902,0.744976818561554,0.08386176824569702,-0.11381584405899048,0.008647749200463295,0.00446585426107049,-0.8815878033638,-0.04112989827990532,-0.5289013385772705,0.5733217000961304,0.19196908175945282,0.8030555844306946,0.41395655274391174,0.12602832913398743,0.8042392730712891,0.17817804217338562,-0.0601041205227375,0.13439327478408813,-0.360516756772995,-0.014080330729484558,-0.1361963450908661,0.18590189516544342,-0.20724470913410187,0.09476675093173981,0.06879093497991562,-0.11713744699954987,-0.002155427588149905,0.010598545894026756,-0.43661922216415405,-0.12038049846887589,-0.09613078087568283,-0.05148354172706604,-0.23090043663978577,0.11544471979141235,0.060247987508773804,-0.7096976041793823,-0.1405157744884491,-0.07854295521974564,-0.06880404055118561,-0.27417534589767456,-0.12607154250144958,-0.1352681815624237,0.7707477807998657,0.4462876319885254,-0.3141607344150543,0.15579739212989807,-0.0387062169611454,-0.22782015800476074,0.25050708651542664,-1.0534145832061768,-0.07358385622501373,-0.45833319425582886,-0.031098414212465286,0.11329100281000137,0.009480416774749756,0.015895551070570946,-0.10669908672571182,-0.1292421966791153,0.21488218009471893,0.010762885212898254,-0.10433173179626465,-0.049281418323516846,0.1879231035709381,-0.08797995746135712,-0.1828712821006775,0.2388726770877838,-0.6883619427680969,0.054589759558439255,0.38801831007003784,0.03827393054962158,-0.12870708107948303,0.8831291198730469,-0.02450144849717617,-0.006501197814941406,0.4121914803981781,0.24666981399059296,-0.011379392817616463,-0.29804617166519165,0.09212193638086319,0.11637580394744873,0.17855015397071838,0.04410300403833389,-0.245931476354599,0.35160431265830994,-0.012855681590735912,-0.01727132685482502,0.8366114497184753,0.19931179285049438,-0.5445209741592407,-0.5077448487281799,0.6239481568336487,-0.08568720519542694,0.21671056747436523,0.03238328546285629,-0.23893408477306366,-0.0760340690612793,0.01651347614824772,-0.023377304896712303,-0.8131061792373657,0.3659733831882477,-0.572459876537323,-0.011185422539710999,0.05827552080154419,-0.08615276962518692,0.3970169425010681,-0.5501639246940613,-0.28438425064086914,0.10122354328632355,-0.03818744421005249,-0.06179332733154297,-0.4858383238315582,-0.3404662013053894,0.2707359790802002,0.051643095910549164,0.5091592669487,0.3104928135871887,0.23535804450511932,-0.0956324115395546,-0.0898764580488205,0.5409818887710571,-0.21821963787078857,-0.871860146522522,-0.5638020634651184,-0.05847015231847763,-0.3064097762107849,-0.26571452617645264,-0.24805593490600586,0.5819411277770996,-0.11344270408153534,-0.19246883690357208,0.168539896607399,-0.044316746294498444,0.004395763389766216,-0.06362426280975342,0.37414342164993286,-0.11679210513830185,0.2202531397342682,0.378897488117218,0.1912289410829544,-0.02693207561969757,-0.5106734037399292,0.21363647282123566,-0.44474664330482483,0.10264968872070312,-0.03855887055397034,-0.1981889009475708,-0.07915165275335312,-0.0905761867761612,-0.1868084967136383,-0.16506320238113403,0.7633169889450073,0.03430894762277603,0.28079739212989807,-0.0854397565126419,-0.24296028912067413,0.21250101923942566,0.08867451548576355,-0.12932856380939484,-0.037497133016586304,-0.04632306471467018,-0.05658412724733353,0.16556254029273987,0.12803751230239868,-0.8702566027641296,-0.13369010388851166,-0.05621669441461563,0.05303748697042465,0.2879287600517273,0.14850279688835144,-0.34747058153152466,-0.4655071794986725,0.03369500860571861,-0.1419488489627838,-0.1166125163435936,-0.07612325251102448,0.2904157340526581,0.9001016616821289,-0.3376779854297638,0.07788809388875961,-0.5615154504776001,-0.30702683329582214,-0.32874763011932373,-0.10086861997842789,-0.2546847462654114,-0.04261002689599991,0.09443870931863785,0.09159677475690842,-0.008867299184203148,-0.0019463077187538147,-0.07516766339540482,0.07206524908542633,0.01700993999838829
CID000005731,1103,-0.014655902981758118,-0.2055431306362152,-0.5019031763076782,0.2712154686450958,0.4656245708465576,-0.11632312834262848,-0.08005373179912567,-0.45919209718704224,-0.18320004642009735,-0.5698482394218445,0.5121421217918396,0.19314497709274292,-0.16653159260749817,0.07233482599258423,-0.34431153535842896,0.43696683645248413,0.13020308315753937,0.16323299705982208,-0.5952750444412231,0.20441126823425293,0.5251530408859253,0.009568614885210991,0.24692575633525848,0.19979600608348846,-0.40392032265663147,-0.9478259086608887,-0.5300005674362183,-0.16446848213672638,0.5727916359901428,-0.4231545031070709,1.2959891557693481,0.049233030527830124,-0.0778612345457077,0.8101732134819031,-1.0027856826782227,0.1252787709236145,0.5415590405464172,0.023564036935567856,0.32816576957702637,0.1006205826997757,-1.1858587265014648,0.3016201853752136,-0.00019679070101119578,0.025122258812189102,0.06369636952877045,0.10613282024860382,0.6762288808822632,-0.14462022483348846,-1.0519083738327026,-0.22420735657215118,-1.0342129468917847,-0.1966012418270111,0.6300820112228394,-0.3678865432739258,0.18681378662586212,-0.04557538777589798,-0.20046666264533997,0.5610645413398743,-0.24264273047447205,0.0067810178734362125,-0.06049252673983574,-0.3563873767852783,0.24525311589241028,1.3044798374176025,-0.04203557223081589,0.6679913401603699,-0.06353633105754852,-0.07449577748775482,-0.1419483721256256,0.1669781655073166,-1.209277629852295,-0.012800809927284718,-0.9978766441345215,0.006068614311516285,-0.16842010617256165,0.16050240397453308,0.3303009271621704,-0.08360438793897629,1.026389241218567,0.1022258996963501,-0.057435475289821625,-0.35599851608276367,0.02320081554353237,-0.017990699037909508,0.14236384630203247,0.25083068013191223,-0.6229638457298279,-0.12789341807365417,-0.16541340947151184,-0.08607260137796402,-0.28403615951538086,-0.0966893658041954,-0.6158111095428467,-0.20123592019081116,0.09862440824508667,-0.09703484922647476,-0.05265979841351509,0.2211133986711502,-0.1507239043712616,-0.5802146196365356,-0.2080398052930832,-0.19335930049419403,0.23215153813362122,-0.05901053547859192,0.2757856249809265,-0.21743667125701904,1.2301084995269775,0.2652285099029541,0.05311932414770126,0.015380024909973145,0.09464217722415924,0.30300474166870117,1.3252956867218018,-0.7955657243728638,-0.03445657342672348,-0.14517581462860107,-0.017392296344041824,0.5944410562515259,0.03821660578250885,0.40868479013442993,-0.3054395020008087,-0.563002347946167,-0.19025419652462006,0.0061080483719706535,-0.11183230578899384,0.2998884320259094,0.3255665898323059,-0.019496265798807144,-0.3338044285774231,0.391224205493927,-1.2079675197601318,-0.21079301834106445,0.36421480774879456,-0.01332026720046997,-0.10845029354095459,1.101401925086975,-0.10798466205596924,0.14707069098949432,0.4715590476989746,-0.10025535523891449,-0.0962466150522232,0.04565083608031273,-0.12535874545574188,0.39333492517471313,-0.01340627670288086,-0.12348873913288116,-0.5448193550109863,-0.058132074773311615,-0.612521231174469,-0.31059738993644714,1.0384886264801025,0.03271406888961792,-1.2054357528686523,-0.8669523000717163,0.6450599431991577,-0.3568878471851349,-0.2109099179506302,0.5479031801223755,-0.2515799403190613,-0.1263556331396103,-0.1742018163204193,0.5214579701423645,-0.5321068167686462,0.18001483380794525,-0.6056801080703735,0.021344076842069626,-0.22545938193798065,-0.10195957124233246,0.062145818024873734,-0.4689987301826477,-0.4316096305847168,-0.10842113196849823,-0.08134787529706955,-0.24666669964790344,-0.49611544609069824,-0.1238112822175026,0.0603921003639698,0.19863636791706085,0.5726528167724609,0.6741441488265991,0.015219035558402538,-0.037790071219205856,-0.05248070880770683,0.5184876918792725,-0.18826067447662354,-0.8186823725700378,-0.4737144112586975,-0.20067107677459717,-0.2052803486585617,-0.13565050065517426,-0.1601456105709076,0.8356049656867981,-0.012042882852256298,-0.24142637848854065,0.13852459192276,-0.010595609433948994,0.17231731116771698,0.06989045441150665,0.31544312834739685,-0.10313896834850311,0.28848087787628174,-0.014066183939576149,-0.10636679828166962,0.5621546506881714,-0.334293007850647,0.08816467225551605,-0.2629549205303192,-0.0728682428598404,0.12442096322774887,-0.10101649910211563,-0.08088099211454391,0.07291507720947266,-0.051500119268894196,-0.07159484922885895,0.6915275454521179,0.0012191229034215212,-0.07946477085351944,-0.025544773787260056,0.10275975614786148,0.06944049149751663,0.026440199464559555,-0.08222772181034088,0.13815966248512268,-0.3173048496246338,-0.02829943224787712,0.12829002737998962,-0.1698186844587326,-1.3414461612701416,-0.3585522770881653,-0.2709577977657318,-0.1627821922302246,0.12929436564445496,0.06302005797624588,-0.23452290892601013,-0.6047225594520569,0.4130787253379822,0.18325337767601013,-0.22634878754615784,-0.09436091035604477,-0.3782075345516205,0.09737670421600342,-0.3131074905395508,0.20331144332885742,-0.07681722193956375,-0.36168479919433594,-0.12633538246154785,0.07048045098781586,0.2343161553144455,-0.09803768247365952,0.5561195015907288,-0.123757503926754,0.04512828588485718,-0.026581620797514915,-0.04455859214067459,0.4661138951778412,0.03790811449289322
CID000012536,1111,-0.13734008371829987,-0.4768652021884918,-0.9754088521003723,0.33943551778793335,0.2730480432510376,-0.29434365034103394,-0.16299493610858917,-0.41807276010513306,0.11416018009185791,-0.546912431716919,0.6237877011299133,-0.1635705977678299,0.19675005972385406,-0.17153117060661316,-0.21329231560230255,0.19889894127845764,0.22183506190776825,0.23082908987998962,-0.8703042268753052,-0.742601215839386,-0.40616101026535034,-0.13959984481334686,0.7532106637954712,-0.1135200709104538,-0.722143828868866,-1.2002606391906738,-1.1869475841522217,0.19651928544044495,0.11776642501354218,-0.566789984703064,1.1363815069198608,-0.05350726842880249,-0.1759837418794632,0.14409878849983215,-0.46027177572250366,-0.12177751958370209,0.31252360343933105,-0.5127934813499451,0.30415597558021545,0.0651947557926178,-0.7954455018043518,0.2734590172767639,-0.7205527424812317,-0.3461717367172241,0.35737714171409607,-0.305218368768692,0.41820430755615234,0.21440371870994568,-0.9516381025314331,0.01309590321034193,-0.5520345568656921,0.11971795558929443,0.2898380160331726,-0.34557488560676575,-0.31949859857559204,-1.032322645187378,0.14468136429786682,1.0014212131500244,0.09325440227985382,0.5090988278388977,-0.18607743084430695,-0.26901066303253174,0.08746899664402008,1.324273943901062,-0.13167119026184082,0.44768667221069336,-0.08311958611011505,-0.01093783974647522,0.01904907263815403,0.1770239770412445,-1.3508497476577759,0.3581535816192627,-0.46656474471092224,0.3757258355617523,-0.08639474213123322,0.26304134726524353,0.4209674000740051,0.7888390421867371,0.8503854870796204,-0.19453154504299164,-0.10062557458877563,-0.2830299735069275,-0.24168889224529266,0.029440661892294884,-0.1643880158662796,-0.05219515040516853,-0.04630313813686371,0.047509871423244476,0.22233366966247559,-0.07478723675012589,0.19952085614204407,0.13593682646751404,-0.28123244643211365,0.11372548341751099,0.11971702426671982,-0.290823370218277,0.1860288679599762,0.18914082646369934,0.04399041458964348,-0.7589291334152222,-0.36864933371543884,-0.019382596015930176,0.0067154825665056705,-0.4775875210762024,-0.23457565903663635,-0.772056519985199,0.7018662691116333,-0.03379266709089279,-0.48382455110549927,0.16604533791542053,-0.06666658818721771,0.11376696825027466,0.8408296704292297,-0.3832738399505615,0.036187730729579926,0.04431036487221718,-0.32949116826057434,0.6108689308166504,-0.12794049084186554,0.35103777050971985,-0.2876591980457306,-0.001599389361217618,-0.02260143682360649,-0.12015284597873688,0.2905288636684418,0.11243806779384613,0.22703850269317627,0.4311316907405853,0.3735918402671814,0.5303242206573486,-0.8464007377624512,-0.3525274097919464,0.17574897408485413,-0.03500848263502121,0.09363813698291779,0.829576849937439,-0.2843402028083801,0.11881307512521744,0.5937227606773376,0.11487903445959091,0.11433444917201996,-0.01592079922556877,-0.17588619887828827,0.02164478600025177,0.10656613111495972,-0.17017319798469543,-0.38422542810440063,0.5708867311477661,0.16204342246055603,-0.12459443509578705,0.44858551025390625,-0.16539320349693298,-0.8570125699043274,-0.748108983039856,0.19075420498847961,0.16090229153633118,-0.17313800752162933,0.6017571687698364,-0.5844384431838989,0.06965546309947968,0.15595296025276184,-0.012874796986579895,-1.1270239353179932,-0.10284080356359482,-0.6530071496963501,-0.42892059683799744,-0.4097219407558441,-0.13206703960895538,0.8004276156425476,-0.5177918672561646,-0.05908693000674248,-0.45418959856033325,-0.33369308710098267,0.21008798480033875,-0.6311537623405457,0.1698627769947052,0.48153820633888245,-0.22708077728748322,0.7242460250854492,0.2507164776325226,0.9328604936599731,-0.08089570701122284,0.17591336369514465,-0.06939013302326202,0.10403218120336533,-0.27435487508773804,-0.19772674143314362,0.2166348248720169,-0.08713911473751068,-0.2940177917480469,-0.27821287512779236,1.028381586074829,0.00878374557942152,-0.43652796745300293,-0.03491621091961861,-0.23989343643188477,0.07533802837133408,-0.11617670953273773,0.08141477406024933,-0.3550264239311218,0.759813666343689,0.34376028180122375,0.13181671500205994,0.5701376795768738,-0.7902329564094543,-0.05146811157464981,-0.40789586305618286,-0.26178106665611267,-0.12887439131736755,-0.2923893332481384,-0.5213069319725037,-0.08081120252609253,-0.13509202003479004,0.08843082934617996,1.389957070350647,0.101594939827919,-0.037676852196455,-0.1078689694404602,0.058538585901260376,-0.14861387014389038,0.32551103830337524,-0.04931623116135597,0.0968969538807869,0.24574199318885803,0.02725275792181492,0.07559935748577118,-0.06288331747055054,-1.4474717378616333,-0.3718697428703308,0.21606269478797913,0.04667805880308151,0.4066641926765442,-0.09450002014636993,-0.39567768573760986,-1.320436716079712,0.0395209901034832,-0.45189934968948364,-0.1361081600189209,0.24020925164222717,-0.38152122497558594,0.5124373435974121,-0.4414997696876526,0.08855374157428741,-0.08740092813968658,-0.027496779337525368,-0.0559067539870739,0.0425405353307724,0.3108362555503845,-0.39374786615371704,0.11800936609506607,-0.08345794677734375,0.02770303189754486,-0.4276748597621918,-0.38856011629104614,0.2355668842792511,-0.41534295678138733
CID000071273,1127,0.08877258002758026,-0.2220979481935501,-0.47748127579689026,0.12362531572580338,0.4931982159614563,-0.1116042286157608,0.12075197696685791,-0.364154577255249,-0.21727235615253448,-0.07859602570533752,0.23619255423545837,0.05098956823348999,-0.1302908957004547,-0.06582427769899368,-0.1468629390001297,0.18868494033813477,0.5635682344436646,0.13588020205497742,-0.4318738877773285,-0.07303796708583832,0.003837883472442627,0.06089772656559944,0.2529263496398926,0.0845407173037529,-0.4049398899078369,-0.5360423922538757,0.04004330188035965,-0.3743348717689514,0.06284438073635101,0.038711272180080414,0.26594460010528564,0.03402956575155258,0.03005639649927616,-0.02610611915588379,-0.3419632613658905,0.0703258067369461,0.6701586842536926,-0.1370539665222168,0.02130105160176754,0.2516613304615021,-0.3431065082550049,0.5665911436080933,-0.13787095248699188,-0.4007851481437683,-0.041256558150053024,-0.09267774224281311,0.3459123969078064,-0.22840985655784607,-0.4427785277366638,0.06884592026472092,-1.3078876733779907,0.5485082268714905,0.4406206011772156,-0.20389553904533386,0.14489814639091492,-0.15958717465400696,-0.10469882190227509,0.5762076377868652,0.07488157600164413,-0.12243331968784332,0.024675672873854637,-0.23295994102954865,0.2316059172153473,0.8159974217414856,0.007283645682036877,0.23974306881427765,-0.285329133272171,-0.026857484132051468,-0.00712571432814002,0.2104131430387497,-0.9854728579521179,0.005865822546184063,-0.39560091495513916,0.3635481595993042,-0.08226671814918518,0.5731757879257202,0.5287452936172485,-0.03382914140820503,0.832557201385498,-0.016695281490683556,-0.05124784633517265,-0.2120361030101776,-0.03905490040779114,-0.13900335133075714,0.20122399926185608,0.08313216269016266,-0.24302589893341064,0.14770722389221191,0.09740924090147018,-0.3769298195838928,-0.054494839161634445,0.017886053770780563,-0.0927019938826561,-0.0875294953584671,0.12478847801685333,-0.30441656708717346,-0.17389993369579315,0.28644153475761414,-0.22346654534339905,-0.5442994832992554,-0.010108252987265587,-0.157733753323555,0.04732750728726387,0.013022830709815025,0.1559312790632248,-0.3559238314628601,0.4852302670478821,0.2634201645851135,0.20116981863975525,-0.03304467722773552,0.08613145351409912,0.029292892664670944,0.7165939807891846,-0.7573538422584534,-0.17040596902370453,-0.13371679186820984,0.005752495024353266,-0.0008249044185504317,-0.3060990869998932,0.05378130078315735,-0.1733773648738861,-0.3434835374355316,-0.0347738154232502,0.0763106569647789,-0.18438592553138733,0.037852901965379715,0.11510739475488663,0.005702555179595947,-0.15513288974761963,0.31380319595336914,-0.603084146976471,-0.20663996040821075,0.4098498225212097,0.2923136353492737,-0.16532254219055176,0.7554521560668945,0.02252805605530739,-0.03566199541091919,0.2755453586578369,-0.08203761279582977,0.0828816369175911,-0.0775625929236412,0.19730420410633087,0.1913989782333374,0.043394871056079865,-0.08704979717731476,-0.4876226782798767,0.28813061118125916,-0.09301944822072983,-0.2005012035369873,0.6359430551528931,-0.027201468124985695,-0.6562269330024719,-0.5988643765449524,0.8583921194076538,-0.25410372018814087,0.02531443163752556,-0.13809816539287567,-0.4408363401889801,-0.027339458465576172,-0.17948706448078156,-0.08969567716121674,-0.6871846318244934,0.03878336399793625,-0.4043104648590088,-0.23490802943706512,0.15816766023635864,-0.16915543377399445,0.26343658566474915,-0.39685407280921936,-0.10663570463657379,-0.28250840306282043,-0.1247120350599289,-0.014787060208618641,-0.5370393991470337,-0.3373330533504486,0.3498607277870178,0.10273206233978271,0.3102879524230957,-0.21773728728294373,0.37258225679397583,-0.23854713141918182,-0.14831562340259552,0.440615177154541,-0.2782246470451355,-0.4259546399116516,-0.09488260746002197,-0.23876209557056427,0.08626862615346909,-0.22514751553535461,0.1257370412349701,0.5220548510551453,-0.16871431469917297,-0.13788531720638275,0.15976430475711823,0.037660084664821625,0.15708012878894806,-0.007080958690494299,0.18645258247852325,0.08430760353803635,0.41160687804222107,0.2493109256029129,-0.07378685474395752,-0.00803517084568739,-0.4347052574157715,-0.18029680848121643,-0.43773603439331055,-0.05026499181985855,-0.12689711153507233,-0.055507879704236984,-0.1772279143333435,0.01003335602581501,0.011604380793869495,-0.24839648604393005,0.6575816869735718,-0.2135453224182129,0.05346593260765076,0.19387413561344147,-0.023665577173233032,0.07790557295084,0.16056910157203674,-0.2291296273469925,0.3138802945613861,0.07133396714925766,0.019197767600417137,0.1430293321609497,-0.17193672060966492,-0.6512338519096375,-0.135250523686409,-0.13031256198883057,0.09127248078584671,0.03728880360722542,0.21758072078227997,-0.3022058308124542,-0.6630834937095642,0.16588056087493896,0.16440756618976593,-0.041981279850006104,0.0033724240493029356,-0.03818604350090027,0.23195084929466248,-0.21804717183113098,-0.01777205429971218,-0.3019412159919739,-0.3394596576690674,-0.484740674495697,-0.054434698075056076,-0.017740875482559204,0.04764861240983009,0.35234320163726807,0.08544398844242096,0.18964949250221252,0.3124677836894989,-0.07784684747457504,0.08692821860313416,-0.004993998911231756
CID000002578,1134,0.07693833857774734,-0.08098220080137253,-0.7836756706237793,0.14035098254680634,0.5866796374320984,-0.2069871723651886,-0.11058856546878815,-1.2362388372421265,-0.25575387477874756,-0.15756359696388245,0.3879914879798889,0.056356560438871384,0.0473649725317955,-0.14864380657672882,0.025279898196458817,-0.09702222049236298,0.3363475203514099,-0.25982871651649475,-0.3608929216861725,-0.1391746550798416,-0.11645840108394623,0.44730043411254883,0.6151734590530396,0.02956632897257805,-1.310600996017456,-0.9254716634750366,-0.7163796424865723,0.12557803094387054,-0.10103311389684677,-0.38864627480506897,0.8464124798774719,-0.026863154023885727,0.009985864162445068,0.5344088077545166,-0.45745667815208435,0.44271785020828247,1.6738109588623047,-0.2923588156700134,0.030637085437774658,0.13349628448486328,-0.33394837379455566,0.5661748647689819,-0.3617163598537445,-0.039417944848537445,-0.004901322536170483,-0.05727135017514229,0.9654434323310852,-0.3585204482078552,-0.4054334759712219,0.04522347450256348,-0.4708070158958435,0.5188100337982178,0.17979037761688232,-0.1824098527431488,0.5390936136245728,-0.17300419509410858,-0.0882619172334671,0.8383023142814636,0.027082884684205055,0.20546479523181915,-0.036143697798252106,-0.33341652154922485,0.031651608645915985,0.909875214099884,0.006358608603477478,0.3261678218841553,-0.015099835582077503,-0.25998324155807495,-0.09611596167087555,-0.18423865735530853,-0.6391863822937012,0.24892441928386688,-0.8585898280143738,0.31209245324134827,0.3321433663368225,0.3926640450954437,0.8533617258071899,0.4476695954799652,0.7741959691047668,-0.03988992050290108,-0.017746973782777786,-0.537398099899292,0.17264004051685333,0.1493479609489441,-0.141378253698349,0.2067752331495285,-0.5634810328483582,-0.33982741832733154,0.351433664560318,0.10856346040964127,-0.17306919395923615,-0.29672718048095703,-0.14271791279315948,0.068051278591156,-0.0283119585365057,-0.2951723039150238,0.29695382714271545,0.3672490119934082,-0.03414661064743996,-1.1454267501831055,-0.20218130946159363,-0.15763381123542786,0.19135698676109314,-0.1825016587972641,0.39322561025619507,-0.09223583340644836,1.3770294189453125,-0.1966898888349533,0.44496434926986694,-0.08076348155736923,0.07582948356866837,0.018573205918073654,0.47801822423934937,-0.36269035935401917,0.38440266251564026,-0.26187044382095337,-0.5043089389801025,0.049106061458587646,-0.30742576718330383,0.39804255962371826,-0.5600287318229675,-0.33894848823547363,0.2235151082277298,0.21477994322776794,-0.030306875705718994,-0.2544183135032654,0.4281272888183594,-0.25341787934303284,-0.09297769516706467,0.15970607101917267,-0.9083079099655151,-0.08415434509515762,0.3350188434123993,0.16577056050300598,-0.143514946103096,0.7254442572593689,0.3550352454185486,0.16525982320308685,0.3591068387031555,-0.3447580337524414,-0.09656675159931183,-0.2636973261833191,0.22596010565757751,0.29526087641716003,-0.0789855569601059,0.2697003483772278,-0.22594551742076874,0.43149346113204956,-0.05934550613164902,0.0778600201010704,0.3693014085292816,-0.16042794287204742,-0.44437018036842346,-0.9488859176635742,0.783197283744812,-0.199940025806427,0.35748448967933655,0.3894953727722168,-0.6298950910568237,0.025907237082719803,-0.0631244033575058,0.41277647018432617,-1.2269188165664673,0.3489910364151001,-0.42081156373023987,-0.25148963928222656,-0.08461286127567291,-0.30142778158187866,0.7908596992492676,-0.5835229158401489,-0.1137140765786171,-0.2145131379365921,-0.016502227634191513,-0.042503826320171356,-1.0661672353744507,-0.35758405923843384,1.0369977951049805,0.04558518901467323,0.431143581867218,-0.1497761458158493,0.6632030010223389,-0.20212313532829285,-0.2834929823875427,0.892135500907898,0.22180886566638947,-0.8407272100448608,-0.11574266850948334,0.007235127501189709,-0.8022384643554688,-0.18256446719169617,-0.7088693380355835,1.2955671548843384,0.12118518352508545,-0.5240235328674316,-0.12355852127075195,-0.24925681948661804,0.17430797219276428,0.18630842864513397,1.0334422588348389,-0.04982269927859306,0.7561551332473755,0.020426085218787193,0.17852000892162323,0.09331080317497253,-0.2107689380645752,0.17980432510375977,-0.025666508823633194,-0.19457077980041504,-0.13450200855731964,0.15090154111385345,0.008197513408958912,0.0987020954489708,-0.26885145902633667,-0.17411594092845917,0.7736315131187439,0.14119592308998108,0.34949439764022827,-0.11093485355377197,-0.1153218001127243,0.262531578540802,0.11882913112640381,0.16354770958423615,0.17929965257644653,0.22074289619922638,0.29251646995544434,0.11256315559148788,-0.014877887442708015,-0.9538239240646362,-0.3056967854499817,-0.10398181527853012,-0.08434414863586426,0.1746225357055664,0.11990058422088623,0.014803210273385048,-0.6756395697593689,-0.026084478944540024,0.24060487747192383,0.06136322766542435,0.0637754574418068,-0.1737482100725174,1.2816072702407837,-0.2316790372133255,0.029723484069108963,-0.21353831887245178,-0.2616305351257324,-0.4675285220146179,0.1526230126619339,0.19274309277534485,-0.42655426263809204,0.32002824544906616,0.3324519693851471,-0.05116286873817444,0.15019088983535767,0.19151456654071808,0.2881811857223511,0.2640833258628845
CID000005206,1145,0.2815978229045868,-0.43249279260635376,-0.8963745832443237,0.1877109259366989,0.37047654390335083,0.04460938647389412,0.06344573199748993,-0.8642274737358093,-0.23602397739887238,-0.13552221655845642,0.034347426146268845,-0.053287655115127563,-0.018512573093175888,-0.25847798585891724,-0.27381789684295654,-0.169647216796875,0.46478670835494995,-0.0211727824062109,-0.5021524429321289,-0.16302849352359772,-0.33432626724243164,-0.04625340551137924,0.546371579170227,0.16592147946357727,-0.9054423570632935,-0.9622575044631958,-0.6175857782363892,-0.15605302155017853,0.2447139322757721,-0.4786331057548523,0.9975501894950867,-0.05975378677248955,-0.027500802651047707,0.6849666237831116,-0.6482180953025818,0.156322181224823,1.0053396224975586,-0.26450666785240173,-0.14276248216629028,0.02697739377617836,-0.624403715133667,0.5418344140052795,-0.34233224391937256,-0.5627375245094299,0.03790467604994774,-0.4377046525478363,0.6640006303787231,-0.32268548011779785,-0.28893136978149414,0.2751345634460449,-0.7196516990661621,0.3439996540546417,0.6150590777397156,0.0818086490035057,0.48793554306030273,-0.24127814173698425,-0.09835927188396454,1.0351653099060059,-0.06917260587215424,0.5850822925567627,-0.12386046350002289,-0.232987642288208,0.05897993966937065,1.2882359027862549,0.268379271030426,0.17736640572547913,-0.008782396093010902,0.06903288513422012,-0.13139578700065613,0.2061234712600708,-1.2540816068649292,-0.03550640493631363,-1.439208745956421,0.22459323704242706,-0.0353911891579628,-0.044940035790205,0.3373106122016907,0.07208068668842316,0.9646545648574829,0.3716062903404236,-0.002575966762378812,-0.9372562170028687,0.15128619968891144,0.02447328343987465,-0.44333070516586304,0.39621105790138245,-0.9301487803459167,-0.7074046730995178,0.04071225970983505,0.06016193702816963,-0.29159069061279297,0.06476444005966187,-0.33752939105033875,-0.2517562210559845,0.13320466876029968,-0.2594203054904938,0.2634066641330719,0.48186740279197693,0.09329075366258621,-1.2193353176116943,-0.02725803852081299,-0.021926693618297577,0.31729012727737427,-0.4985458254814148,0.24927189946174622,-0.15807852149009705,1.2914268970489502,-0.24346299469470978,0.1241079717874527,-0.050198186188936234,-0.017411496490240097,0.03470753878355026,0.3037274479866028,-0.21709033846855164,0.031556881964206696,-0.08911813795566559,-0.7114947438240051,0.41218867897987366,0.10418784618377686,0.38550370931625366,-0.2079768180847168,-0.23835882544517517,0.18625867366790771,0.29288917779922485,0.21587853133678436,-0.1193564385175705,0.5063594579696655,-0.15373390913009644,-0.13256719708442688,0.4728957712650299,-1.2745686769485474,-0.03781961649656296,0.450949102640152,-0.10554003715515137,-0.1892988234758377,0.9814454913139343,0.30930596590042114,0.23629343509674072,0.06931645423173904,0.08972190320491791,-0.405886709690094,-0.3174460828304291,0.024947071447968483,0.11846490949392319,-0.10269300639629364,0.09012214094400406,-0.2729077637195587,0.3352801203727722,0.11623414605855942,-0.34491047263145447,0.4772140383720398,-0.09236632287502289,-0.6106284260749817,-1.086674690246582,0.9263149499893188,-0.19617235660552979,0.0010438188910484314,0.5836166143417358,-0.5457609295845032,0.11309671401977539,-0.055022913962602615,0.3842127323150635,-0.8930122256278992,0.08803270757198334,-0.4585929811000824,-0.3742905259132385,0.11903758347034454,-0.1953675001859665,0.6554561853408813,-0.42331433296203613,-0.3845299184322357,-0.30086249113082886,-0.2205887734889984,0.21734626591205597,-0.7415143847465515,-0.3775029480457306,0.9939287304878235,0.01551972795277834,0.6342101097106934,0.07949719578027725,0.1149425283074379,-0.34528571367263794,-0.3566582202911377,1.0669149160385132,0.2550656199455261,-0.6316046714782715,-0.04132939130067825,0.3302455246448517,-0.6098639965057373,-0.17677685618400574,-0.5713979601860046,1.1987640857696533,-0.11385750770568848,-0.7116515636444092,-0.22866514325141907,-0.034504953771829605,0.045890893787145615,0.016870060935616493,0.5604981780052185,-0.046971630305051804,0.5372275114059448,-0.08836682140827179,-0.11294969171285629,0.6849914193153381,-0.4252201020717621,0.1449468731880188,0.1969507783651352,0.2784997820854187,-0.35249096155166626,0.06382230669260025,-0.1282614767551422,-0.08991292119026184,-0.6505014896392822,-0.21816125512123108,0.5529994368553162,0.7663615345954895,0.12569810450077057,-0.13586290180683136,0.139184832572937,0.37904050946235657,0.27133265137672424,-0.2577914595603943,0.07965688407421112,0.17809487879276276,0.3294394910335541,0.29508665204048157,0.008062735199928284,-1.0717030763626099,-0.11938434839248657,0.12551496922969818,-0.18740396201610565,0.6499711275100708,0.19225013256072998,-0.17194759845733643,-0.9633706212043762,0.3227832019329071,0.06452329456806183,0.03129208832979202,0.02000705897808075,-0.13242700695991516,1.2073252201080322,-0.29869022965431213,0.12806621193885803,-0.12440302222967148,-0.29179081320762634,-0.23334212601184845,-0.024480551481246948,0.5451769232749939,-0.20212826132774353,0.12198863178491592,0.1679571568965912,0.18641144037246704,0.021277595311403275,0.15437602996826172,0.4377661645412445,0.17612174153327942
CID000131536,1150,0.1984729766845703,-0.2515692114830017,-0.5959834456443787,-0.10133524984121323,0.5029541254043579,-0.21602189540863037,0.09351660311222076,-0.5310941934585571,-0.24779696762561798,-0.0933103859424591,0.5256415605545044,0.18031135201454163,-0.06283194571733475,-0.26095443964004517,-0.20473620295524597,0.438554584980011,0.16066530346870422,0.14455635845661163,-0.48058971762657166,0.17900662124156952,-0.08910414576530457,0.027127886191010475,0.3271976113319397,-0.08885987102985382,-0.7246624231338501,-0.9236733317375183,-0.7933723330497742,-0.17672333121299744,0.3140872120857239,-0.2844899892807007,1.0538588762283325,0.10152330249547958,0.0929725244641304,0.4612874984741211,-0.8782528638839722,0.16465212404727936,0.5228487849235535,-0.15040607750415802,0.08389956504106522,-0.03656448796391487,-0.11136861145496368,0.5152139663696289,-0.2508508563041687,-0.08130903542041779,0.17773506045341492,-0.09116781502962112,0.6749169826507568,-0.18147897720336914,-0.6737721562385559,-0.018695415928959846,-0.9045903086662292,-0.19024714827537537,0.34384727478027344,-0.26068115234375,-0.025031695142388344,-0.16719546914100647,0.12195366621017456,0.5495438575744629,0.1833949238061905,-0.0384867824614048,-0.0719083696603775,-0.1088293045759201,0.08043140172958374,0.646433413028717,0.2050660103559494,0.4886367917060852,0.20187148451805115,0.13862727582454681,-0.05340249091386795,-0.1550527811050415,-0.4101642668247223,0.21155214309692383,-0.610895037651062,0.5164451003074646,-0.1238967552781105,0.21608476340770721,0.37272801995277405,0.20168645679950714,0.9849292635917664,-0.3389822840690613,-0.08549006283283234,-0.6674675345420837,0.14194747805595398,-0.0062650651670992374,0.272553414106369,0.21455422043800354,-0.515471339225769,-0.0013355478877201676,-0.2342943251132965,0.0214900653809309,-0.3354523777961731,-0.0803508386015892,-0.35211658477783203,0.23906774818897247,0.03943480923771858,-0.0909256562590599,-0.03369120880961418,0.4372488856315613,0.16506484150886536,-1.2316521406173706,-0.04968206211924553,0.0719785988330841,0.041329026222229004,-0.34336093068122864,0.15868301689624786,-0.03564070910215378,0.7867192029953003,-0.0365445502102375,0.07608994841575623,-0.19587525725364685,0.29943808913230896,0.18963897228240967,0.15194284915924072,-0.5833721160888672,0.14394548535346985,-0.19925132393836975,-0.20038819313049316,0.40008801221847534,0.13651666045188904,-0.041408468037843704,-0.3255682587623596,-0.2992289662361145,-0.0454036183655262,0.16445103287696838,0.19008919596672058,0.001967587973922491,0.16720692813396454,0.09904783219099045,-0.32372981309890747,0.3376212418079376,-0.9581010937690735,0.18392804265022278,0.3938610553741455,0.30355826020240784,-0.10843633115291595,0.8560288548469543,0.16944949328899384,-0.3766908049583435,0.392312616109848,-0.01948397420346737,-0.019375963136553764,-0.16665062308311462,0.11120833456516266,0.598535418510437,0.027697231620550156,0.07329870760440826,-0.4793599247932434,0.052259404212236404,-0.06023123115301132,-0.09451303631067276,0.6962294578552246,-0.2619171142578125,-0.840106189250946,-0.8797351717948914,0.5098093152046204,-0.11635173857212067,0.09672614187002182,0.2874613106250763,-0.3009258210659027,-0.08556658029556274,-0.1897972971200943,0.007585776038467884,-0.7127165794372559,0.15805308520793915,-0.5771803259849548,-0.03323650732636452,0.053434185683727264,0.026291703805327415,0.9022754430770874,-0.5862035155296326,-0.21285876631736755,-0.1416480839252472,0.004759265575557947,0.04435234144330025,-0.3869243264198303,-0.21244391798973083,0.2852993607521057,0.19370689988136292,0.5301633477210999,0.3073839545249939,0.47353553771972656,-0.05942422151565552,-0.0457284152507782,1.024829626083374,0.005012050271034241,-1.043474555015564,0.08205212652683258,-0.12075221538543701,-0.09082178771495819,-0.17059637606143951,-0.36082082986831665,1.1126402616500854,0.015844915062189102,-0.20557811856269836,-0.05233776569366455,0.15101297199726105,-0.3375474214553833,0.1454017460346222,1.304518222808838,-0.15957459807395935,0.4104946553707123,0.3396274149417877,-0.03863042593002319,0.5717067718505859,-0.47205018997192383,0.2506496012210846,-0.1542692482471466,-0.3001318573951721,-0.009618960320949554,0.12877582013607025,-0.14885477721691132,-0.06492500007152557,0.043432656675577164,-0.2567032277584076,0.8348377346992493,0.2474757730960846,-0.3135891556739807,-0.34119540452957153,0.13350415229797363,0.05915611982345581,-0.01144071202725172,0.009524041786789894,-0.042990587651729584,-0.16617706418037415,-0.0033796250354498625,0.30660468339920044,0.23205432295799255,-0.783273458480835,-0.39327892661094666,-0.0025822818279266357,0.11307398974895477,0.1444592922925949,0.3921581506729126,-0.26735344529151917,-0.771151602268219,0.4904986321926117,-0.09977124631404877,-0.17528638243675232,-0.3211301267147064,-0.3724650740623474,0.9265413284301758,-0.2923842668533325,-0.08102051168680191,-0.2897064685821533,-0.14172007143497467,-0.3146907687187195,0.028745776042342186,-0.11490361392498016,0.15599383413791656,0.37778741121292114,0.0029532432090491056,0.01738426648080349,-0.04915847256779671,-0.11289381980895996,0.39276036620140076,0.02733014151453972
CID000003964,1155,0.03807941824197769,-0.15620046854019165,-0.4084230959415436,-0.07079949229955673,0.4122839570045471,-0.16038072109222412,-0.06846680492162704,-0.5534893870353699,-0.25987622141838074,0.15316900610923767,0.3725200891494751,0.040445078164339066,0.03183241933584213,-0.11445856094360352,0.026225388050079346,0.4875054955482483,0.30838820338249207,0.061460770666599274,-0.24826619029045105,0.2380937784910202,-0.30244892835617065,0.15914563834667206,0.623476505279541,-0.06412212550640106,-0.3640342652797699,-0.6723901629447937,-0.38964661955833435,-0.04097561910748482,0.1662341058254242,0.1471145749092102,0.8478150367736816,0.1529591977596283,-0.1107926145195961,0.26280659437179565,-0.6447616815567017,0.23088839650154114,0.731566846370697,-0.2305234968662262,-0.1211017370223999,0.011720298789441586,-0.1282450258731842,0.5512086153030396,-0.34585556387901306,0.0791035145521164,-0.07220038771629333,0.18530488014221191,0.647553563117981,-0.006709855981171131,-0.5677565932273865,-0.0083006601780653,-0.30438750982284546,0.08775091916322708,0.40454062819480896,-0.15140469372272491,-0.07927913218736649,-0.3941093981266022,-0.13695839047431946,0.7061764001846313,0.09454523772001266,-0.07366684079170227,0.05057917907834053,-0.19860351085662842,0.05925949662923813,0.6835214495658875,0.167603999376297,0.22204625606536865,-0.15944185853004456,-0.06544706970453262,-0.029082009568810463,0.06431777775287628,-0.6660865545272827,0.24318769574165344,-0.522900402545929,0.5710965394973755,-0.08596615493297577,0.40828174352645874,0.45905405282974243,0.29749947786331177,0.7164888381958008,0.11983897536993027,-0.11026189476251602,-0.2970171272754669,0.027296682819724083,-0.0304014440625906,0.10648999363183975,0.4185327887535095,-0.6398346424102783,-0.1747620552778244,-0.196420818567276,0.15559490025043488,-0.22316673398017883,-0.193764328956604,-0.16921547055244446,0.1412987858057022,0.09822922945022583,-0.14330391585826874,-0.17476913332939148,0.27285677194595337,0.021175868809223175,-0.5695433616638184,-0.10460885614156723,-0.19236735999584198,0.2227887213230133,-0.06863899528980255,0.16558179259300232,-0.1519121378660202,0.7349282503128052,-0.08106540143489838,0.2048444300889969,-0.035313863307237625,-0.11190322786569595,0.19213750958442688,0.460557222366333,-0.06352273374795914,0.22467496991157532,-0.22231528162956238,-0.3110598623752594,0.054204054176807404,-0.10942848026752472,0.021108930930495262,-0.2153863161802292,-0.3227314352989197,-0.16307780146598816,0.04603773355484009,-0.17419619858264923,0.0096783097833395,0.10613216459751129,0.06079729646444321,-0.17044895887374878,0.12409232556819916,-0.7725638151168823,-0.12953296303749084,0.4262336790561676,0.2443389892578125,0.037091489881277084,0.7706065773963928,0.1714046448469162,-0.3163517117500305,0.25734689831733704,0.039617232978343964,-0.17653021216392517,-0.280989408493042,0.19642212986946106,0.4262756407260895,0.21442946791648865,0.07208938896656036,-0.32715076208114624,-0.08911018073558807,0.12912331521511078,0.05373453348875046,0.2009301632642746,-0.1291276514530182,-0.7257981300354004,-0.8665860891342163,0.4919799864292145,-0.24493840336799622,0.1913658082485199,-0.1550438404083252,-0.38849443197250366,-0.07019703090190887,-0.1416134536266327,0.05049039050936699,-0.6675596237182617,0.16187697649002075,-0.4816817343235016,-0.14553824067115784,0.07469803094863892,-0.051879625767469406,0.6728920936584473,-0.5783229470252991,-0.38461774587631226,-0.3595423400402069,-0.09882410615682602,-0.23785218596458435,-0.5704108476638794,-0.028313666582107544,0.46078458428382874,0.1858062446117401,0.5197650194168091,0.025023099035024643,0.6221385598182678,-0.24919652938842773,0.05022194981575012,0.24101638793945312,0.04176698997616768,-0.4607853889465332,0.08413928747177124,-0.25900936126708984,0.14099499583244324,-0.10815733671188354,-0.4312719404697418,0.860805332660675,-0.1546000987291336,-0.4735483229160309,0.04506972059607506,-0.09167088568210602,-0.14037932455539703,0.14376434683799744,0.38499265909194946,-0.2147779017686844,0.3617894649505615,0.4848780632019043,-0.162937194108963,0.08968595415353775,-0.47373563051223755,-0.2970584034919739,-0.02689565345644951,0.1918521225452423,0.022677546367049217,-0.036075495183467865,0.07219353318214417,-0.002196031855419278,-0.015314335934817791,-0.2080443650484085,0.7260972857475281,0.11548870801925659,-0.20041529834270477,-0.28061726689338684,0.0638713389635086,0.30724406242370605,0.3759111762046814,0.06210966035723686,0.14789900183677673,-0.20837390422821045,0.11189194023609161,0.13250890374183655,0.1195632815361023,-0.7515050768852234,-0.2654467821121216,-0.141789972782135,-0.14551496505737305,0.24573850631713867,0.1715080589056015,-0.2544240355491638,-0.5352516174316406,0.23380665481090546,-0.012843584641814232,-0.11589713394641876,0.05866019055247307,-0.1755814403295517,0.3179401755332947,-0.38359731435775757,0.057945169508457184,-0.1569962203502655,-0.13833174109458923,-0.29649537801742554,-0.0450933463871479,0.013586878776550293,-0.16194981336593628,0.26925787329673767,-0.1447148472070694,0.02681957557797432,0.22704768180847168,-0.060728657990694046,0.1677495688199997,-0.009344806894659996
CID000041317,1158,0.05545654147863388,-0.05173664167523384,-0.7346816062927246,0.19847390055656433,0.39240771532058716,0.0027963384054601192,-0.1822223961353302,-0.6555233597755432,-0.1100085973739624,-0.05110149458050728,0.3735562264919281,0.017683595418930054,-0.05460742115974426,0.10190601646900177,0.020874302834272385,-0.020805271342396736,0.3013041615486145,0.10930285602807999,-0.28758949041366577,-0.09387862682342529,-0.12305716425180435,0.05033349245786667,0.37397244572639465,-0.056808531284332275,-0.6252793073654175,-0.7112461924552917,-0.42430418729782104,0.2887418866157532,-0.07393036037683487,-0.13116158545017242,0.693701982498169,-0.010526272468268871,-0.09678661823272705,0.4919613301753998,-0.24597077071666718,0.28459492325782776,1.1321568489074707,-0.07637971639633179,0.07990352809429169,0.07026238739490509,-0.020156901329755783,0.45893627405166626,-0.29868069291114807,0.07962945848703384,-0.07536734640598297,0.14956967532634735,0.588795006275177,-0.3790179491043091,-0.47568559646606445,0.015231315977871418,-0.593418300151825,0.39259791374206543,0.368083655834198,-0.14869067072868347,0.42921939492225647,-0.40754109621047974,-0.3309732675552368,0.5794633626937866,0.0010023161303251982,-0.0036712735891342163,-0.19397307932376862,-0.26814788579940796,-0.056555695831775665,0.7540512084960938,-0.12686625123023987,0.2049829214811325,-0.11275479942560196,-0.21811816096305847,-0.00042928755283355713,0.09276200085878372,-0.5969884395599365,0.14107058942317963,-0.4667518734931946,0.5711525082588196,0.01897309347987175,0.5050338506698608,0.6027604341506958,0.21856307983398438,0.4797535836696625,-0.07892672717571259,0.0011026918655261397,-0.2977617681026459,0.1851077824831009,-0.08060585707426071,0.07806804776191711,0.32184159755706787,-0.3017619550228119,-0.20496682822704315,-0.0649617537856102,0.13753969967365265,-0.3472626209259033,-0.09581580013036728,-0.17724254727363586,-0.03046717308461666,0.084898442029953,-0.01274765096604824,-0.02442033588886261,0.332763671875,-0.006746574304997921,-0.6871428489685059,-0.01967277005314827,-0.05578520894050598,0.15046578645706177,0.007573375012725592,0.11139625310897827,-0.14936278760433197,0.8485929369926453,-0.12390685081481934,0.31733405590057373,-0.10478701442480087,-0.11926166713237762,0.06907705962657928,0.481411874294281,-0.3012043833732605,0.274521142244339,-0.33826375007629395,-0.3905697762966156,0.011882275342941284,-0.07091543823480606,0.1396687924861908,-0.3028429448604584,-0.21551141142845154,0.04846758767962456,0.020813358947634697,-0.07169290632009506,-0.06432990729808807,0.30145400762557983,-0.017789233475923538,-0.30485546588897705,0.13565611839294434,-0.5483796000480652,-0.47484928369522095,0.2793513238430023,0.1330922544002533,0.06898835301399231,0.7570310831069946,0.2511870265007019,-0.21586866676807404,0.36133575439453125,0.013003990054130554,-0.06060782074928284,-0.24680480360984802,0.03940561041235924,-0.01228849682956934,0.026525143533945084,-0.1142752394080162,-0.26951688528060913,0.09133942425251007,-0.07062765955924988,0.004161366727203131,0.31160610914230347,-0.17628683149814606,-0.5836597084999084,-0.6804267168045044,0.6165472269058228,-0.09046496450901031,0.28602179884910583,0.0857943519949913,-0.40800729393959045,-0.0956932008266449,-0.13512547314167023,0.3742096722126007,-0.9620572328567505,0.1284308135509491,-0.24942569434642792,0.055947721004486084,0.02663547731935978,-0.09621676802635193,0.7431025505065918,-0.4104033410549164,-0.3421069085597992,-0.040268849581480026,0.016434762626886368,-0.10805264860391617,-0.5692378282546997,-0.30232545733451843,0.4087332785129547,0.21304921805858612,0.3906347453594208,-0.010476203635334969,0.441005140542984,-0.18012918531894684,-0.35072165727615356,0.49973851442337036,-0.009536022320389748,-0.5052939653396606,-0.16423399746418,0.023932548239827156,-0.5594976544380188,-0.23104694485664368,-0.243021160364151,0.9083819389343262,0.16187548637390137,-0.449546754360199,0.07802680134773254,-0.022546162828803062,-0.11363409459590912,0.06433060020208359,0.5081040859222412,0.006820657756179571,0.47150135040283203,0.3953101634979248,-0.10864727199077606,0.0749010369181633,-0.3364208936691284,-0.1808951199054718,-0.2975570559501648,-0.18402965366840363,-0.12942534685134888,-0.03792325779795647,-0.05347499996423721,-0.0418509803712368,-0.18638388812541962,-0.15695956349372864,0.7327548265457153,-0.054273299872875214,-0.03280946984887123,-0.21042057871818542,0.054749201983213425,-0.09469471871852875,0.17945373058319092,-0.029604971408843994,0.011601010337471962,0.05573658272624016,0.12057359516620636,0.005421480629593134,0.054771095514297485,-0.7123034596443176,-0.01289096474647522,-0.07814933359622955,-0.10182803869247437,0.22754931449890137,0.06351931393146515,-0.13283894956111908,-0.7065191864967346,-0.1146039217710495,0.03710472583770752,-0.1401064395904541,0.0059066712856292725,-0.06514479219913483,0.7680460214614868,-0.32497525215148926,0.08309566974639893,-0.22664006054401398,-0.06898699700832367,-0.14542073011398315,0.09248305857181549,-0.017582738772034645,-0.20070187747478485,0.1373002976179123,0.12983644008636475,-0.016293896362185478,0.2196534425020218,-0.1773320585489273,0.3021273612976074,0.06165679544210434
CID000005297,1159,0.15321628749370575,0.0746389776468277,-0.6448286175727844,0.21110844612121582,-0.29269570112228394,-0.0791223868727684,-0.14320515096187592,-0.3798511028289795,-0.05469240993261337,-0.10889335721731186,0.22581923007965088,0.3068753778934479,-0.13561630249023438,-0.1341177523136139,-0.047822728753089905,0.1232374906539917,0.6908413171768188,-0.07707520574331284,-0.3807196617126465,-0.044192709028720856,-0.11098761856555939,0.07516000419855118,0.2691708207130432,-0.03955827280879021,-0.9196310043334961,-0.820088267326355,-0.2600996494293213,-0.18383795022964478,-0.03689774125814438,0.12134908139705658,1.1901931762695312,-0.02012811228632927,-0.003727999283000827,0.13039043545722961,-0.13588359951972961,0.034313589334487915,0.9576123952865601,-0.28016528487205505,-0.14274999499320984,-0.16993118822574615,-0.04576343670487404,0.7458013892173767,-0.3444707989692688,-0.19089144468307495,-0.04046449065208435,-0.13151076436042786,0.6496912837028503,-0.05755455419421196,-0.30562466382980347,0.04044298082590103,-0.7481012344360352,0.19779866933822632,0.3187604546546936,0.03572830557823181,0.2687143385410309,-0.5964139103889465,-0.2735145688056946,0.44804173707962036,-0.13988818228244781,-0.11641345173120499,-0.02323729544878006,0.07074117660522461,0.012903155758976936,0.9757607579231262,-0.07743077725172043,0.4496760964393616,-0.06954015046358109,-0.09102890640497208,-0.02296299859881401,0.021816324442625046,-0.591541588306427,-0.030307158827781677,-0.574438214302063,0.36924678087234497,0.055774249136447906,0.7864569425582886,0.7364115118980408,0.47475528717041016,0.4716908037662506,0.07780764997005463,-0.1519550383090973,0.06651118397712708,0.07571341842412949,-0.013091099448502064,0.20704743266105652,0.019591331481933594,0.10780839622020721,-0.4042651653289795,-0.1049966812133789,-0.038000158965587616,-0.22588574886322021,0.18105509877204895,-0.1419515609741211,0.19825798273086548,-0.17031866312026978,0.16452355682849884,-0.0731024444103241,0.3535950779914856,0.0047453343868255615,-0.7850239276885986,-0.21508756279945374,0.18844933807849884,-0.05787641927599907,-0.3663128912448883,-0.006113579962402582,-0.25428372621536255,0.9406560659408569,0.05563225597143173,0.1725347340106964,0.017651163041591644,0.06761918216943741,-0.24930520355701447,0.044651199132204056,-0.6173171997070312,0.21663661301136017,-0.4276827275753021,-0.09610395133495331,-0.15313392877578735,0.1354130208492279,0.26742321252822876,-0.28385165333747864,0.10027208179235458,0.5591724514961243,0.12741169333457947,-0.05206781625747681,0.11093606799840927,0.03496304899454117,-0.15455594658851624,-0.13388654589653015,0.021746346727013588,-0.6088160276412964,-0.4405955374240875,0.00021957307762932032,0.11062014102935791,0.19825665652751923,0.6592976450920105,-0.27125734090805054,-0.20689508318901062,0.30449292063713074,-0.1857236921787262,-0.17385999858379364,-0.09007887542247772,-0.15542732179164886,0.08167268335819244,0.0731021910905838,0.025510746985673904,-0.43371573090553284,0.17660340666770935,0.11760880798101425,0.0379791259765625,0.5476555824279785,-0.22040405869483948,-0.4618271291255951,-0.6367281675338745,0.6196067929267883,-0.05251965671777725,0.00781947374343872,-0.19771315157413483,-0.24248409271240234,-0.025530541315674782,0.22902104258537292,-0.034460436552762985,-0.767940104007721,0.25209495425224304,-0.33957016468048096,-0.20208287239074707,-0.1171644777059555,0.19914841651916504,0.8671765327453613,-0.312298059463501,-0.23144666850566864,0.10328547656536102,0.062253277748823166,0.2434406727552414,-0.6111054420471191,-0.04533104971051216,0.7157852053642273,-0.09500841051340103,0.5148807764053345,0.4260891377925873,0.6267887949943542,-0.21552839875221252,-0.2673688530921936,0.13900747895240784,-0.020045962184667587,-0.6108856797218323,-0.1584402620792389,-0.14094789326190948,-0.2169828712940216,0.12051758915185928,-0.22367873787879944,0.43858423829078674,0.01177077554166317,-0.3041737973690033,0.007153707556426525,0.08836637437343597,-0.029083311557769775,0.005394791252911091,0.4244423806667328,-0.12076035887002945,0.31611549854278564,0.1815628558397293,-0.1059950441122055,-0.1766318678855896,-0.4588961601257324,0.038010671734809875,-0.35218536853790283,0.04669008404016495,0.20075106620788574,-0.15650436282157898,-0.20077136158943176,0.0602436289191246,-0.0216191615909338,-0.14226093888282776,1.2200051546096802,0.4508492350578308,-0.09362336248159409,0.17629633843898773,0.14984171092510223,0.006866085343062878,0.17821171879768372,0.19436755776405334,0.021849913522601128,-0.3524410128593445,0.005338168237358332,0.5195009708404541,-0.16397807002067566,-0.6998851895332336,-0.05966438725590706,-0.017084386199712753,0.22294878959655762,0.27363821864128113,0.0690900906920433,-0.32325515151023865,-0.5009706616401672,-0.0670180395245552,-0.02562469244003296,0.12619736790657043,-0.17676103115081787,0.23439793288707733,1.521777868270874,-0.3861319124698639,-0.17081771790981293,-0.5456592440605164,-0.3172685503959656,-0.5603215098381042,-0.11064885556697845,0.12965360283851624,-0.32583093643188477,0.05315573140978813,0.37758445739746094,0.2925809323787689,0.1512651890516281,-0.07897243648767471,-0.06031148508191109,0.08219311386346817
CID000004451,1161,-0.04390358179807663,-0.21615882217884064,-0.39573562145233154,-0.09135545790195465,0.303104430437088,-0.1991300731897354,-0.1504329890012741,-0.3780604302883148,-0.18839006125926971,0.2301044762134552,0.41856440901756287,0.10881119966506958,0.014650067314505577,-0.04991303011775017,-0.004907768219709396,0.3552272319793701,0.42182832956314087,0.07130511850118637,-0.20826566219329834,0.18446752429008484,-0.21633026003837585,-0.012908890843391418,0.4711122512817383,-0.042375724762678146,-0.38540518283843994,-0.7912465333938599,-0.6018418073654175,-0.058825694024562836,0.12548522651195526,0.19122657179832458,0.5810571908950806,0.09527778625488281,-0.0515325553715229,0.3818484842777252,-0.41722822189331055,0.03888300433754921,0.6183480024337769,-0.1300850212574005,-0.018389994278550148,-0.009440799243748188,-0.13697151839733124,0.4879903197288513,-0.32677242159843445,0.010444658808410168,-0.004517938010394573,0.08695810288190842,0.6171320080757141,0.03087715432047844,-0.6390853524208069,-0.004162298981100321,-0.5577139258384705,0.1067839115858078,0.3492983877658844,-0.21065855026245117,0.10638034343719482,-0.36756154894828796,-0.036104846745729446,0.4957261085510254,-0.07983680069446564,-0.08991631865501404,0.06622249633073807,-0.28905168175697327,0.046851154416799545,0.6334375143051147,0.15427760779857635,0.19680289924144745,-0.12586712837219238,-0.04922625422477722,-0.08212567865848541,0.022783417254686356,-0.5908318758010864,0.20948155224323273,-0.4964551329612732,0.4779749810695648,-0.032197218388319016,0.32482627034187317,0.41681623458862305,0.27355456352233887,0.5733798146247864,0.057631831616163254,-0.11805470287799835,-0.2102520912885666,0.14124736189842224,-0.15386797487735748,0.22841468453407288,0.4100685715675354,-0.03370049223303795,-0.09432028979063034,-0.22821366786956787,0.0883975401520729,-0.1483408808708191,-0.11321981251239777,-0.061941735446453094,0.12901411950588226,0.13234743475914001,-0.19562038779258728,-0.19553551077842712,0.25412076711654663,-0.046223234385252,-0.6441625952720642,-0.018214920535683632,-0.07983922213315964,0.09692639112472534,-0.09772025048732758,0.20421123504638672,-0.12741719186306,0.7832266688346863,0.050824083387851715,0.21823172271251678,-0.10685590654611588,-0.1058209091424942,0.1414477825164795,0.2486799955368042,-0.19808337092399597,0.22949831187725067,-0.2192203551530838,-0.3718568980693817,0.12361431121826172,-0.13954105973243713,-0.08710870146751404,-0.24728195369243622,-0.3517397940158844,-0.0019943267107009888,0.01177356205880642,0.00017786622629500926,0.056303709745407104,0.23593688011169434,0.1254572868347168,-0.15699999034404755,0.23901307582855225,-0.8942131996154785,-0.042911745607852936,0.3633508086204529,0.3330868184566498,0.13755662739276886,0.8241667747497559,0.13114140927791595,-0.3112291991710663,0.23383598029613495,-0.09359214454889297,-0.255310595035553,-0.27146726846694946,0.15602974593639374,0.43320900201797485,0.20616033673286438,-0.1266293227672577,-0.3115483820438385,-0.19110438227653503,0.06465772539377213,-0.023356396704912186,0.4308764338493347,-0.13706716895103455,-0.5792565941810608,-0.5514971017837524,0.3496445417404175,-0.2841770052909851,0.23698648810386658,-0.22938819229602814,-0.3530370593070984,-0.05988938361406326,-0.09541795402765274,-0.09859733283519745,-0.6557437777519226,0.10055265575647354,-0.4501280188560486,0.05519893020391464,-0.06695939600467682,-0.05018557235598564,0.6997215151786804,-0.5692973732948303,-0.17464299499988556,-0.20947790145874023,-0.04419412463903427,-0.18806208670139313,-0.5378077626228333,0.036558039486408234,0.30218833684921265,0.10125686973333359,0.49489134550094604,0.03752950206398964,0.6130686402320862,-0.15015187859535217,-0.06250127404928207,0.24402213096618652,0.07755952328443527,-0.5806512832641602,-0.06430370360612869,-0.2798801064491272,0.02401585876941681,-0.07243241369724274,-0.5437096953392029,0.9043453335762024,-0.14937163889408112,-0.32917994260787964,0.05955510213971138,0.03518475964665413,-0.08722849935293198,0.07131196558475494,0.48375004529953003,-0.18371570110321045,0.34595435857772827,0.36747556924819946,-0.09517236799001694,0.11734237521886826,-0.427138090133667,-0.3281901478767395,-0.22178325057029724,0.04179376736283302,0.08768081665039062,-0.13448987901210785,0.06949380785226822,-0.09407921135425568,0.11078794300556183,-0.20865480601787567,0.9463070034980774,0.042285509407520294,-0.1917792111635208,-0.2443370372056961,0.013287955895066261,0.25576525926589966,0.20212781429290771,0.0049956426955759525,0.18712745606899261,-0.05287923663854599,0.08309736847877502,0.11717869341373444,0.07072077691555023,-0.6419473886489868,-0.18542109429836273,-0.054166387766599655,-0.03575674816966057,0.23466214537620544,0.20253226161003113,-0.27350401878356934,-0.5197150111198425,0.2899206578731537,0.08277937024831772,-0.1294940561056137,-0.06734003126621246,-0.12432172149419785,0.5471271276473999,-0.3600344657897949,-0.10322664678096771,-0.23284173011779785,0.07688689231872559,-0.16494876146316528,0.023698527365922928,-0.03085084818303585,-0.17492243647575378,0.2674241065979004,-0.06980045139789581,-0.06801370531320572,0.007967120036482811,-0.12645360827445984,0.24791483581066132,-0.05630136653780937
CID000060815,1167,-0.013287493959069252,-0.017261898145079613,-0.37634220719337463,0.1420658826828003,0.3797507584095001,-0.12001849710941315,-0.05115439370274544,-0.9128695726394653,-0.14619801938533783,-0.17530842125415802,0.321824848651886,0.10789383947849274,0.0018705434631556273,-0.21296265721321106,-0.05885469913482666,0.21664831042289734,0.1542341560125351,0.07406685501337051,-0.02844258025288582,0.2519342303276062,-0.30174267292022705,0.14683620631694794,0.5173128843307495,-0.02771759405732155,-0.689056932926178,-0.5390673279762268,-0.20221500098705292,-0.11219079792499542,0.225137859582901,-0.10295434296131134,0.6625968217849731,0.0406278632581234,-0.16194674372673035,0.2679217457771301,-0.18240319192409515,0.12587550282478333,0.26581060886383057,-0.34358710050582886,-0.030010437592864037,0.01729750633239746,-0.3475036025047302,0.19200505316257477,-0.25437599420547485,-0.009790211915969849,0.024588752537965775,0.25255948305130005,0.6944490671157837,-0.10547574609518051,-0.47620850801467896,-0.023871932178735733,-0.7005807161331177,0.28318676352500916,0.38377219438552856,-0.06884169578552246,0.06394454091787338,-0.2827174663543701,-0.1537880003452301,0.5029836893081665,-0.21666240692138672,-0.06925934553146362,0.15455572307109833,-0.17952203750610352,-0.009545454755425453,0.8829370737075806,0.2231052815914154,0.26846370100975037,-0.19236764311790466,0.15592119097709656,0.03430650383234024,-0.02598286233842373,-0.8202352523803711,0.1607506275177002,-0.4839090406894684,0.4738536775112152,0.10903771221637726,0.451328843832016,0.2950979471206665,0.3411032557487488,0.7015367150306702,0.06352269649505615,-0.2255348414182663,-0.14125560224056244,-0.06616000831127167,-0.00976261030882597,0.34209778904914856,0.3960903584957123,-0.3444206118583679,-0.08514383435249329,-0.035125963389873505,0.10270743072032928,-0.24005329608917236,-0.10958369076251984,-0.12109462916851044,0.19251850247383118,0.125974640250206,-0.11853618919849396,-0.3547695279121399,0.18913455307483673,-0.2550662159919739,-0.5437940359115601,0.020666692405939102,-0.13837623596191406,0.08983328938484192,0.08894331008195877,0.0031856209971010685,-0.14502063393592834,0.718100905418396,-0.12892070412635803,0.3337160050868988,-0.13797393441200256,0.0408877395093441,0.0609997883439064,0.22673428058624268,-0.3597508668899536,0.1112641841173172,-0.447894811630249,-0.2233765572309494,-0.03141850233078003,-0.027831152081489563,0.1520111858844757,-0.3576124310493469,-0.25800821185112,0.12280108034610748,-0.0306114312261343,-0.033233512192964554,-0.04414461925625801,0.10673435032367706,0.026837896555662155,-0.1854160726070404,0.03765428066253662,-0.6610721349716187,-0.2665219306945801,0.4731020927429199,0.16999225318431854,0.00492949178442359,0.6018627285957336,-0.0047917962074279785,0.008667285554111004,0.2629254162311554,0.05045219138264656,-0.26086992025375366,-0.37602996826171875,0.24243247509002686,0.19909311830997467,0.19502215087413788,-0.06440544128417969,-0.16235347092151642,0.0815403014421463,0.20311829447746277,-0.04707710072398186,0.5692298412322998,-0.14470142126083374,-0.49321532249450684,-0.7454417943954468,0.5979313850402832,-0.2824709117412567,0.14345332980155945,0.057633738964796066,-0.3904135823249817,-0.006757280323654413,-0.13509055972099304,-0.05542365461587906,-0.8253406286239624,0.06169356033205986,-0.5847768187522888,-0.1383124589920044,-0.06250961124897003,-0.1724999099969864,0.30094045400619507,-0.5823806524276733,-0.13060344755649567,-0.3024091124534607,-0.17078492045402527,-0.3542475700378418,-0.6169418692588806,-0.14398111402988434,0.568825900554657,0.061036042869091034,0.46624755859375,-0.12494639307260513,0.6673060655593872,-0.21476343274116516,-0.15651264786720276,0.5811262130737305,0.03784070163965225,-0.8607420921325684,-0.2478526532649994,-0.23559829592704773,-0.031515058130025864,0.02295564115047455,-0.414935439825058,0.6646689176559448,-0.11899185180664062,-0.4684668183326721,0.035928450524806976,0.032430313527584076,-0.14290982484817505,-0.004261140711605549,0.2164272516965866,-0.1427786499261856,0.437610924243927,0.35348907113075256,-0.12262614071369171,-0.03975427895784378,-0.5918879508972168,-0.29102689027786255,-0.31273913383483887,0.07975678145885468,0.24281024932861328,0.004474179353564978,0.13187091052532196,-0.013464492745697498,0.19668421149253845,-0.22507862746715546,0.6730622053146362,0.05718550831079483,-0.05083340406417847,-0.15294478833675385,0.1611170917749405,0.18054929375648499,0.3553335666656494,0.11596282571554184,0.2263394296169281,-0.041305333375930786,0.039758987724781036,0.047400377690792084,-0.09319460391998291,-0.7133092880249023,-0.17333140969276428,-0.12263611704111099,-0.027258530259132385,0.26051029562950134,0.04576139152050018,-0.23923389613628387,-0.48736366629600525,0.38454362750053406,0.18553276360034943,-0.062365539371967316,-0.009459765627980232,-0.06763337552547455,0.8029004335403442,-0.4241124987602234,0.04509063810110092,-0.40087002515792847,-0.09044738113880157,-0.3303058445453644,0.016472037881612778,0.0074121830984950066,-0.08748368918895721,0.3293609321117401,-0.03395283594727516,-0.12228365987539291,0.022439157590270042,0.03755376115441322,0.06677581369876862,-0.1887766420841217
CID000005746,1170,0.2847593128681183,-0.20597949624061584,-0.684503436088562,-0.0087702926248312,0.10364124923944473,-0.3082209527492523,0.16306376457214355,-0.8565974235534668,0.029864082112908363,-0.5048757791519165,0.582212507724762,0.05703558772802353,-0.1920839548110962,-0.07971234619617462,-0.03867792710661888,0.37320396304130554,0.1558235138654709,0.13638058304786682,-0.3201495110988617,-0.029297882691025734,-0.039018504321575165,-0.13693946599960327,0.23027119040489197,-0.18215057253837585,-1.0728023052215576,-0.9441911578178406,-0.4709865152835846,-0.174153670668602,0.21079769730567932,-0.10372640192508698,0.9820953607559204,0.10811438411474228,0.10228323936462402,0.2105472981929779,-0.2132491171360016,-0.03424195200204849,0.39733150601387024,0.20863768458366394,-0.051622577011585236,-0.01508675329387188,-0.0019497752655297518,0.6669465899467468,-0.12304238229990005,-0.10705653578042984,0.054561126977205276,-0.02783164381980896,1.0453673601150513,-0.12300944328308105,-0.6087344288825989,0.12975665926933289,-0.8842876553535461,-0.33361008763313293,0.3126732409000397,-0.15264086425304413,-0.1127403974533081,-0.2618652284145355,0.10149546712636948,0.8207851648330688,-0.008520299568772316,0.04960143193602562,-0.1418381631374359,0.20733097195625305,-0.04159948229789734,0.4007323682308197,0.11029075086116791,0.4752426743507385,0.33255428075790405,-0.19457991421222687,-0.02920669876039028,0.02900916337966919,-0.5573011636734009,0.10399434715509415,-0.39989814162254333,0.3909763991832733,-0.07300442457199097,0.14060623943805695,0.5105569362640381,0.13723959028720856,0.7606315612792969,0.14238093793392181,-0.05302435904741287,-0.43263640999794006,0.13196808099746704,0.04535279422998428,0.16677577793598175,0.04854106158018112,-0.7147485017776489,-0.18571653962135315,-0.16770115494728088,0.35651132464408875,-0.2907715439796448,-0.24740424752235413,-0.3237183690071106,0.1256609708070755,-0.002053898526355624,0.03996824473142624,0.00555537361651659,0.05049191042780876,-0.08551613986492157,-1.5085033178329468,-0.21222829818725586,0.2663908898830414,-0.04675235599279404,-0.15103177726268768,0.05414111539721489,0.02234824374318123,0.8184572458267212,0.06259731948375702,-0.13090607523918152,-0.08514925092458725,0.1991586983203888,0.05505805090069771,0.25694313645362854,-0.7914685010910034,0.03500383719801903,-0.2871389389038086,-0.26635289192199707,0.1739431619644165,0.3349383771419525,0.2966682016849518,-0.18148915469646454,-0.32774174213409424,-0.1350450962781906,0.10857148468494415,0.23030631244182587,0.03471701592206955,0.07000681012868881,0.018828604370355606,-0.18958522379398346,0.3031430244445801,-0.5470727682113647,0.07729150354862213,0.14715807139873505,0.21235182881355286,-0.043304383754730225,0.541564404964447,-0.20114943385124207,-0.07070203125476837,0.49019867181777954,-0.13802579045295715,0.030117565765976906,0.045318134129047394,0.1050717830657959,0.26509156823158264,0.11531689018011093,0.06460170447826385,-0.45807045698165894,0.3387106955051422,-0.0643637627363205,-0.28050968050956726,0.7465553283691406,-0.2840399146080017,-0.5145683288574219,-1.0224281549453735,0.5694801211357117,0.039285819977521896,0.02729308046400547,0.23386748135089874,-0.6066728830337524,0.11397602409124374,-0.04022138565778732,-0.0948672890663147,-1.0588632822036743,0.12262392044067383,-0.5498919486999512,0.0803799033164978,0.11725057661533356,0.10208375751972198,1.1368337869644165,-0.5935513377189636,-0.21941189467906952,0.03776787966489792,-0.07355716079473495,0.22529661655426025,-0.4302905201911926,-0.3405400216579437,0.3624853193759918,-0.16414983570575714,0.45577287673950195,0.4848967492580414,0.37212079763412476,-0.1337141990661621,0.09245263040065765,0.8983144760131836,-0.053654663264751434,-0.33611389994621277,-0.18304851651191711,-0.10093647241592407,-0.27722305059432983,-0.13349975645542145,-0.5754536390304565,1.4268078804016113,-0.12017711251974106,-0.10322686284780502,-0.2613086998462677,-0.2196081131696701,-0.26049211621284485,0.08942677080631256,1.1961513757705688,-0.18063479661941528,0.7586368322372437,0.19360464811325073,0.13012316823005676,1.0065268278121948,-0.3783971965312958,0.32557129859924316,-0.41490110754966736,0.08041845262050629,0.04027947038412094,0.09998525679111481,-0.09954198449850082,-0.025741055607795715,-0.08215897530317307,-0.09988758713006973,0.5461249947547913,0.3598051369190216,-0.48764437437057495,-0.33779793977737427,-0.07263164222240448,-0.04705476760864258,-0.05454959347844124,0.16117103397846222,-0.08524509519338608,-0.20731139183044434,-0.04014052450656891,0.25110703706741333,-0.05290953442454338,-0.5189144015312195,-0.17989249527454376,0.1931532919406891,0.1519334763288498,0.03605933114886284,0.44614410400390625,-0.08659807592630386,-0.742220401763916,0.09742381423711777,-0.023347103968262672,-0.08610159158706665,-0.22629766166210175,-0.1714514046907425,1.3018524646759033,-0.2396131008863449,0.04262827709317207,-0.45471230149269104,-0.13896618783473969,-0.521875262260437,-0.1917659044265747,-0.054996930062770844,-0.07081283628940582,0.5207493305206299,0.09005986154079437,0.025138739496469498,0.1385200023651123,-0.17012488842010498,0.4272487759590149,0.040289513766765594
CID000002733,1191,0.03501926735043526,-0.24509254097938538,-0.539354145526886,0.20886865258216858,0.3812175393104553,-0.10586973279714584,-0.1291908323764801,-0.5217472910881042,-0.1764882653951645,-0.04485858231782913,0.2495623379945755,0.024160947650671005,-0.059566937386989594,0.04011474922299385,0.11124813556671143,0.13412804901599884,0.3164079189300537,0.1339465081691742,-0.12978389859199524,0.22754009068012238,-0.11489323526620865,0.08835352957248688,0.39043155312538147,0.04714471474289894,-0.410160630941391,-0.6900380253791809,-0.5233229398727417,0.2603093385696411,-0.06398985534906387,-0.00017268434748984873,0.5240282416343689,0.12555620074272156,-0.04246649146080017,0.5203106999397278,-0.11799488216638565,0.21830491721630096,1.202566146850586,-0.13963200151920319,0.05500325560569763,0.103911854326725,0.12840788066387177,0.4138118326663971,-0.34285813570022583,-0.09952736645936966,-0.04059482365846634,0.03584306687116623,0.5638574361801147,-0.2560647428035736,-0.4995081424713135,-0.0460786409676075,-0.5171868205070496,0.15058083832263947,0.37714526057243347,-0.27223771810531616,0.30313485860824585,-0.15235963463783264,-0.31179600954055786,0.48459067940711975,0.04630029946565628,-0.09510110318660736,-0.09360560029745102,-0.1728908121585846,-0.023153120651841164,0.5560885667800903,0.06980220973491669,0.22656266391277313,-0.1990036964416504,-0.1898273378610611,0.05060124397277832,0.06662432849407196,-0.471845805644989,0.15052193403244019,-0.6174052953720093,0.5828561782836914,0.0450202152132988,0.26951879262924194,0.5700498819351196,0.11174459755420685,0.3899555206298828,-0.0010343206813558936,0.015852004289627075,-0.20102114975452423,0.14418555796146393,-0.031033504754304886,0.08847487717866898,0.3180808424949646,-0.17789313197135925,-0.0986398383975029,-0.059991978108882904,0.18608878552913666,-0.2632300853729248,-0.11746524274349213,-0.1110326424241066,0.0060439747758209705,0.18081043660640717,0.0020358890760689974,0.007818564772605896,0.1296301633119583,-0.05493300408124924,-0.7913779616355896,-0.0807085707783699,-0.1724434196949005,0.1774766892194748,-0.004505836870521307,0.2769719660282135,-0.022980328649282455,0.9380108714103699,-0.11516273021697998,0.2808731198310852,-0.036250628530979156,-0.09813336282968521,0.06064603850245476,0.1151503324508667,-0.248984694480896,0.17280061542987823,-0.44350212812423706,-0.37594369053840637,-0.056659210473299026,-0.11229515075683594,0.141635000705719,-0.27069300413131714,-0.28512224555015564,0.20429623126983643,0.04445108026266098,-0.0585017204284668,-0.009254733100533485,0.2197345495223999,-0.0077822208404541016,-0.3144252896308899,0.28862816095352173,-0.6222314238548279,-0.4118812084197998,0.3329651951789856,0.15198025107383728,0.05089252069592476,0.7117559313774109,0.23532235622406006,-0.11220703274011612,0.2143823355436325,-0.0865805596113205,-0.051612842828035355,-0.2312362641096115,0.057754792273044586,0.0535113699734211,0.08911176025867462,0.025871271267533302,-0.16219207644462585,-0.0673951581120491,-0.08260227739810944,-0.070017509162426,0.22772827744483948,-0.15900900959968567,-0.4475560188293457,-0.5527328252792358,0.4712424874305725,-0.10444917529821396,0.3822461664676666,0.11477148532867432,-0.3838614523410797,-0.07789429277181625,-0.06441818177700043,0.26773732900619507,-0.8936656713485718,0.12851177155971527,-0.29949870705604553,0.03949051350355148,0.012594258412718773,-0.22149261832237244,0.6967304944992065,-0.42355242371559143,-0.23915116488933563,-0.05763695389032364,0.02493804693222046,-0.1078176349401474,-0.5219483375549316,-0.2179916352033615,0.368496298789978,0.033166784793138504,0.5290066003799438,-0.01208961196243763,0.4962736964225769,-0.16756974160671234,-0.19183865189552307,0.44986605644226074,-0.013312305323779583,-0.44481348991394043,-0.11356721818447113,-0.1531083732843399,-0.3025701940059662,-0.08213859796524048,-0.3364933133125305,1.0544798374176025,-0.06388305127620697,-0.4014415740966797,0.13697181642055511,-0.09560324996709824,0.021663064137101173,0.18229719996452332,0.5095115900039673,-0.08951181173324585,0.2870090901851654,0.4792035222053528,-0.11980286985635757,0.18922516703605652,-0.334443062543869,-0.24184349179267883,-0.21704402565956116,0.07717906683683395,-0.11258897930383682,-0.13265857100486755,-0.09188349545001984,-0.023342911154031754,-0.17265650629997253,-0.3313167691230774,0.5890101194381714,-0.03403565287590027,-0.008124971762299538,-0.2691780924797058,-0.004468434955924749,0.0837310180068016,0.15189848840236664,0.03320265933871269,0.19749577343463898,-0.13642290234565735,0.20677785575389862,-0.0063807182013988495,0.02435622178018093,-0.5496176481246948,-0.2550901174545288,-0.035906918346881866,-0.23289644718170166,0.1310252845287323,0.10007735341787338,-0.11790989339351654,-0.4520754814147949,-0.012192705646157265,0.20027117431163788,-0.17193546891212463,0.004623231012374163,-0.043636880815029144,0.7842391133308411,-0.30547648668289185,0.10050100088119507,-0.3183247447013855,-0.07397755235433578,-0.28278136253356934,0.187978133559227,0.08641494810581207,-0.1183939129114151,0.24353794753551483,0.32032233476638794,0.014089910313487053,0.30641305446624756,-0.10906189680099487,0.2198193520307541,0.14614172279834747
CID000005210,1204,0.04055775701999664,-0.24758705496788025,-0.6174746751785278,-0.12916402518749237,0.6874606013298035,0.14373049139976501,0.08394032716751099,-0.44766315817832947,-0.27096232771873474,-0.32877498865127563,0.16983278095722198,-0.04332609847187996,-0.07814909517765045,-0.308114618062973,-0.08490036427974701,0.12337827682495117,0.48186367750167847,0.16963665187358856,-0.46679240465164185,0.27434611320495605,-0.3412671983242035,0.09912030398845673,0.5890784859657288,0.2338363379240036,-0.32250985503196716,-0.7038207650184631,-0.1723879873752594,-0.33817413449287415,0.48008185625076294,0.03289508819580078,1.342865228652954,-0.05120963975787163,-0.08499738574028015,0.5498881936073303,-1.0078413486480713,-0.014866681769490242,0.6859621405601501,-0.2877645194530487,0.17650485038757324,0.026757335290312767,-1.1863658428192139,0.5966618061065674,-0.18649208545684814,0.06568507850170135,0.14634135365486145,-0.1211358904838562,0.7576831579208374,0.15167927742004395,-0.5236851572990417,0.056782592087984085,-0.762860119342804,0.02712765336036682,0.4431591033935547,-0.27764469385147095,0.049064915627241135,-0.4130416810512543,0.08439547568559647,0.8072873950004578,-0.1355901062488556,-0.15377075970172882,0.13018366694450378,-0.1591535359621048,-0.07715407013893127,0.989268958568573,0.5802606344223022,0.505142092704773,0.14853720366954803,-0.06168104335665703,-0.04704750329256058,-0.14791695773601532,-0.7457317113876343,0.05908999592065811,-1.1535236835479736,0.13258770108222961,0.3852217197418213,0.06704563647508621,0.5301426649093628,0.2859693169593811,1.1586582660675049,0.4399283528327942,0.16236373782157898,-0.40866804122924805,0.1988631784915924,-0.2505166232585907,0.28895294666290283,0.25296056270599365,-0.9597383737564087,0.1742631047964096,-0.08745982497930527,0.06963108479976654,0.047307323664426804,0.08533968031406403,-0.1131177768111229,-0.0755748525261879,-0.08030613511800766,-0.3684903085231781,-0.04802050441503525,0.22475270926952362,-0.07053261995315552,-0.6149798631668091,-0.16253630816936493,0.011138350702822208,0.04274500161409378,-0.18083104491233826,0.09819049388170242,-0.3133934736251831,0.9258882403373718,0.16136495769023895,-0.06410248577594757,0.10751992464065552,-0.07931356132030487,0.1657664179801941,0.9673401117324829,-0.37796860933303833,0.31425124406814575,0.01980062946677208,-0.048180047422647476,0.5111782550811768,-0.28477442264556885,0.3269379734992981,-0.38807791471481323,-0.25983136892318726,-0.11225733906030655,-0.012657171115279198,0.11128616333007812,-0.09041617065668106,0.34794050455093384,-0.023127105087041855,-0.1693798154592514,0.27594831585884094,-1.09612238407135,-0.05901360511779785,0.6793885827064514,0.3050587773323059,0.07602078467607498,1.2327923774719238,0.22630739212036133,-0.014613674953579903,0.23043470084667206,0.0986839309334755,-0.04190788418054581,-0.2396160364151001,0.09502390772104263,0.14937055110931396,0.04866018146276474,-0.05388607829809189,-0.5372031331062317,-0.10774847120046616,0.025054091587662697,-0.23303818702697754,0.5390652418136597,0.07384346425533295,-1.2535278797149658,-1.2395670413970947,1.151885986328125,-0.45767974853515625,-0.2951839864253998,0.21381428837776184,-0.24287168681621552,0.005789658520370722,-0.1821383535861969,0.34545356035232544,-0.7086623311042786,-0.2002319097518921,-0.6223376989364624,-0.14243465662002563,-0.05208098143339157,-0.19387699663639069,0.2673407196998596,-0.56691575050354,-0.4150516390800476,-0.3562021255493164,-0.030886244028806686,-0.13493023812770844,-0.6934395432472229,0.17883598804473877,0.7148722410202026,-0.2545967996120453,0.4972020089626312,0.16396041214466095,0.5684893727302551,-0.0900147557258606,-0.10217263549566269,0.4276244640350342,0.10618214309215546,-0.5750750303268433,-0.424670547246933,-0.3560163676738739,-0.2550775706768036,-0.25174516439437866,-0.3919951021671295,1.0367114543914795,-0.4743785858154297,-0.4417039752006531,-0.12221480906009674,0.058140505105257034,0.03684253245592117,0.08680898696184158,0.38546741008758545,-0.06830638647079468,0.2572181522846222,0.1304103583097458,0.2808969020843506,0.32415956258773804,-0.44650202989578247,-0.0792580172419548,-0.18463565409183502,0.24655362963676453,0.011632492765784264,-0.07448258996009827,-0.23398204147815704,-0.0727558583021164,0.08103109896183014,-0.45693913102149963,0.6254588961601257,-0.1113927811384201,-0.15350450575351715,-0.17764981091022491,-0.28491559624671936,0.1272602081298828,-0.023354072123765945,-0.012621885165572166,0.17267371714115143,0.22267472743988037,-0.1223127469420433,0.283548504114151,-0.14838078618049622,-1.515448808670044,-0.21664507687091827,-0.026507729664444923,-0.09245287626981735,0.4736541211605072,-0.14746251702308655,-0.1863955557346344,-0.8867028951644897,0.23050181567668915,-0.038241881877183914,0.06898634135723114,-0.06199753284454346,-0.1326054185628891,0.17520587146282196,-0.29615285992622375,-0.15428051352500916,-0.05560418963432312,-0.4209074079990387,-0.12666106224060059,0.10006731748580933,0.26985737681388855,-0.09917595982551575,0.3274649977684021,0.1560235470533371,0.02770860120654106,-0.2529703974723816,-0.06707625836133957,0.6459969878196716,-0.024360373616218567
CID000005453,1223,0.11038889735937119,-0.22867390513420105,-0.6683386564254761,0.05851118639111519,0.48025065660476685,-0.003399996552616358,0.10976581275463104,-0.5603328943252563,-0.10195674747228622,-0.20313484966754913,0.5384146571159363,0.06149286776781082,0.05914491415023804,-0.16433794796466827,0.062485940754413605,0.12036700546741486,0.22327463328838348,-0.08243837207555771,-0.3589562475681305,-0.19378811120986938,0.17447149753570557,-0.05529937893152237,0.432461678981781,0.2960469126701355,-0.9544912576675415,-0.6026433110237122,-0.5961337685585022,-0.1664837896823883,-0.02124057151377201,-0.03284844011068344,1.0088146924972534,-0.16216477751731873,0.0040711527690291405,0.22632741928100586,-0.7316020131111145,0.16823044419288635,0.4095010757446289,0.024249928072094917,0.05521782487630844,0.08681101351976395,-0.11704154312610626,0.3806433081626892,-0.3080640733242035,-0.2132038176059723,-0.32998284697532654,-0.07538779824972153,0.44912344217300415,-0.2372274398803711,-0.6522929668426514,0.005484789609909058,-0.9111205339431763,0.28532207012176514,0.8772205114364624,-0.025199439376592636,0.10363266617059708,-0.5733745098114014,-0.1629790961742401,0.7662743330001831,0.37479153275489807,0.10638747364282608,-0.1476755291223526,-0.3030089735984802,0.1305760145187378,0.6134175062179565,-0.18976061046123505,0.7532051205635071,-0.21961219608783722,0.016782570630311966,0.06079157441854477,0.03701465204358101,-0.741399884223938,0.22404932975769043,-0.623170018196106,0.4326694905757904,-0.0014275669818744063,0.12298545986413956,0.3454168438911438,-0.08379248529672623,0.6437026858329773,0.13040857017040253,-0.07687070965766907,-0.19558681547641754,-0.09927256405353546,0.04048469662666321,0.40529656410217285,0.3321447968482971,-0.3663471043109894,0.1523546576499939,-0.028102552518248558,-0.11765868961811066,0.1023104190826416,0.15711429715156555,-0.22456398606300354,0.05808839946985245,-0.009497913531959057,-0.18201886117458344,0.13409027457237244,0.32667896151542664,0.011314808391034603,-1.1051082611083984,0.006381428334861994,-0.029194727540016174,0.2489447295665741,-0.0016735814278945327,0.20483532547950745,-0.2869221270084381,0.6809163689613342,-0.19964340329170227,0.04589611291885376,-0.055448245257139206,-0.026435673236846924,-0.058135855942964554,0.7084797620773315,-0.5586545467376709,0.011265447363257408,-0.18517859280109406,-0.3096153140068054,0.06821393966674805,0.020574048161506653,0.3810310959815979,-0.1578546017408371,-0.43139228224754333,0.48960360884666443,-0.08369328081607819,-0.18916542828083038,-0.03955516964197159,0.3405126631259918,-0.1191868931055069,-0.02703932859003544,-0.09024311602115631,-0.6533094644546509,-0.10828118026256561,0.4480714201927185,0.1388399302959442,-0.15256817638874054,0.6670792698860168,0.18541064858436584,-0.23945888876914978,0.2801138758659363,-0.18800170719623566,-0.1474715918302536,-0.2596208453178406,-0.037064820528030396,-0.020015981048345566,0.21065697073936462,0.10419769585132599,-0.4341472089290619,0.39707306027412415,-0.5738962888717651,-0.1272747814655304,0.546051025390625,0.2437501698732376,-0.45895180106163025,-0.834916889667511,0.5154644846916199,-0.3074744641780853,0.025299936532974243,0.31727635860443115,-0.6114180684089661,0.03883729502558708,-0.09766595810651779,-0.08579592406749725,-1.1364854574203491,-2.8980150091229007e-05,-0.31093835830688477,-0.06733554601669312,0.08106143772602081,-0.04127657786011696,0.7643015384674072,-0.461050808429718,-0.41118431091308594,0.01237953919917345,0.01271048467606306,0.08671557903289795,-0.6977928876876831,-0.23361754417419434,0.3703697621822357,-0.2897987961769104,0.5009238123893738,0.1196090430021286,0.2615613043308258,-0.1504053771495819,-0.1890299916267395,0.6883631944656372,-0.007217609789222479,-0.49173372983932495,0.1447518765926361,-0.05667509883642197,-0.2521834969520569,-0.26102450489997864,-0.1183464303612709,1.2600268125534058,0.11606886237859726,-0.4536721706390381,0.009512868709862232,0.04250049591064453,0.12693269550800323,-0.029480058699846268,0.6015006303787231,-0.0460953563451767,0.34894034266471863,0.17896106839179993,-0.31978297233581543,0.5608782768249512,-0.45190683007240295,-0.01816791296005249,-0.4658042788505554,-0.08352377265691757,0.03906777873635292,0.003212967421859503,-0.07593300193548203,-0.13085074722766876,0.3522639274597168,-0.23425713181495667,0.7431982755661011,-0.0810399129986763,-0.08228188753128052,0.09137009084224701,0.012984675355255604,0.02755959890782833,0.12649671733379364,0.12235665321350098,-0.1402943879365921,0.019504766911268234,0.018433179706335068,0.06058521196246147,0.09997983276844025,-0.6439991593360901,-0.20720067620277405,0.08821289241313934,-0.03452576324343681,-0.05612984299659729,0.12918201088905334,-0.2377399206161499,-0.663122832775116,-0.1168525442481041,-0.10814855247735977,-0.05149053409695625,0.06093979626893997,-0.08311893790960312,0.9328435659408569,-0.3601185381412506,-0.0784919410943985,-0.197474405169487,0.0766872987151146,-0.36303144693374634,-0.0775458812713623,0.1273423731327057,-0.3056393265724182,0.4048725664615631,0.23004968464374542,-0.020282594487071037,0.16608452796936035,-0.11445224285125732,0.2632319927215576,0.23727229237556458
CID000000214,1224,-0.11474762856960297,-0.3430958390235901,-0.9340590238571167,-0.05689316242933273,0.28044795989990234,-0.11387722194194794,-0.10671553760766983,-1.1463876962661743,-0.17092809081077576,0.1896059811115265,0.407019704580307,-0.15325793623924255,-0.0033258129842579365,0.058777809143066406,-0.06146208196878433,-0.23099084198474884,0.06105004623532295,-0.17197439074516296,-0.06750935316085815,0.3178115487098694,-0.40970245003700256,0.30110347270965576,0.2133217602968216,0.04674377292394638,-0.8694025278091431,-1.2214624881744385,-0.6243038177490234,-0.04639067500829697,-0.0838581994175911,-0.3703269958496094,0.74825119972229,-0.04324466362595558,0.17430861294269562,0.5069304704666138,-0.2775793671607971,0.3355429768562317,0.4489285945892334,-0.4433537423610687,0.10836561024188995,0.05481916666030884,-0.12393486499786377,0.19698025286197662,-0.14278604090213776,-0.041554056107997894,0.09906811267137527,-0.42968663573265076,0.7361665368080139,0.2854517102241516,-0.8385610580444336,0.12390661239624023,-1.391021966934204,0.13474324345588684,0.8163866996765137,-0.11344335228204727,0.364445298910141,-0.04837200418114662,-0.0021577714942395687,0.9650503396987915,0.08190073072910309,0.27227622270584106,-0.025874007493257523,-0.5663551688194275,0.1735260933637619,1.1813119649887085,0.3307627737522125,0.6009776592254639,-0.43070968985557556,0.0722804069519043,-0.049720413982868195,-0.02092621847987175,-1.0557763576507568,-0.056886643171310425,-0.8974615931510925,0.5965015888214111,-0.05870781093835831,0.3964555263519287,0.30916446447372437,0.4913829267024994,1.4713985919952393,-0.19551149010658264,-0.18565751612186432,-0.18495577573776245,-0.07376958429813385,-0.2734421491622925,0.18979692459106445,0.22882108390331268,-0.41154804825782776,0.20082056522369385,0.02658446505665779,-0.19028274714946747,-0.5663118362426758,-0.28564104437828064,-0.4144807457923889,0.201933354139328,0.3386130928993225,-0.3784079849720001,0.07456658780574799,0.37177973985671997,0.18264837563037872,-1.3504250049591064,-0.08111323416233063,-0.2813289761543274,0.288316935300827,-0.0128106027841568,0.18403804302215576,-0.30372241139411926,0.7219000458717346,0.16198794543743134,-0.20139367878437042,-0.24539557099342346,-0.28973865509033203,0.13609401881694794,0.7772613167762756,-1.2285139560699463,0.030339574441313744,-0.17347373068332672,-0.11387904733419418,0.41276365518569946,0.062019217759370804,0.01864797994494438,-0.283412903547287,-0.11985429376363754,-0.25884801149368286,-0.1102035865187645,0.02834436297416687,-0.1112876757979393,0.39411255717277527,0.05472145602107048,-0.09004247933626175,0.3680241107940674,-0.8268930315971375,0.2405216246843338,0.459711492061615,0.2784678041934967,-0.019785510376095772,0.92046719789505,0.2393788993358612,-0.21606774628162384,0.2462320327758789,0.14109429717063904,-0.28329700231552124,-0.29909688234329224,-0.0669843778014183,-0.10117093473672867,-0.009579753503203392,0.200964093208313,-0.20573690533638,-0.2074517458677292,0.12198158353567123,-0.007903605699539185,1.08268404006958,-0.12442485243082047,-0.9312554597854614,-1.082797646522522,0.46373605728149414,0.10503271967172623,0.07991841435432434,0.25057774782180786,-0.6252291202545166,-0.19253267347812653,-0.12006036937236786,0.6482137441635132,-1.1475704908370972,0.23460368812084198,-0.543486475944519,-0.3890342116355896,-0.08223946392536163,-0.15899094939231873,0.9307829141616821,-0.5827082991600037,-0.1703311949968338,0.16846014559268951,-0.21182110905647278,0.16564813256263733,-0.6502390503883362,0.1713385134935379,0.23220673203468323,-0.03405674174427986,0.3739704191684723,0.06315606832504272,0.1271733194589615,-0.314628005027771,-0.39133453369140625,1.1396621465682983,-0.039499975740909576,-0.4369352459907532,0.08790640532970428,0.17905421555042267,-0.47483882308006287,-0.4704316556453705,-0.42240428924560547,1.3053416013717651,-0.13735364377498627,-0.15871098637580872,0.3803101181983948,-0.028606941923499107,0.010211152955889702,0.1101662665605545,0.518062174320221,0.008252417668700218,0.4351649284362793,0.3163108825683594,-0.13315635919570923,0.47823604941368103,-0.3425418734550476,0.23241332173347473,-0.12669260799884796,-0.3692387640476227,0.07991359382867813,-0.30087417364120483,-0.10133130848407745,-0.04627322405576706,0.22332294285297394,-0.19263264536857605,0.8092028498649597,-0.15778133273124695,0.11879192292690277,0.3165408670902252,0.26502734422683716,0.5428439378738403,-0.03207450360059738,0.10682245343923569,0.36862632632255554,-0.028100406751036644,0.1696982979774475,0.34371042251586914,0.24883167445659637,-0.7834019660949707,-0.37271010875701904,-0.20819440484046936,-0.0039053461514413357,0.2799668610095978,-0.1397053301334381,-0.2271532118320465,-1.0387452840805054,0.10689385235309601,-0.044693171977996826,0.032579608261585236,-0.05404413491487503,-0.05269673466682434,0.3632194399833679,-0.03892207890748978,0.028444966301321983,-0.205796480178833,-0.44938597083091736,-0.24167318642139435,-0.1698644906282425,0.040773212909698486,-0.14269281923770905,0.049055375158786774,-0.17805176973342896,-0.2025620937347412,-0.11163660138845444,-0.05986275151371956,0.4174111783504486,0.03538959473371506
CID000009433,1233,-0.12061072885990143,0.00729411980137229,-0.7596389651298523,0.4679592549800873,0.08075980842113495,0.05331272631883621,0.018787700682878494,-0.4240073263645172,0.10265932977199554,-0.23848550021648407,0.3811762034893036,0.0040482222102582455,-0.052719973027706146,0.005340811796486378,-0.07692786306142807,0.06354282796382904,0.4886787533760071,0.44789761304855347,-0.5773265361785889,0.04454396292567253,0.07658791542053223,0.24543511867523193,0.5283094644546509,-0.028691187500953674,-0.5908468961715698,-0.5646575093269348,-0.31994590163230896,-0.22796328365802765,0.031140292063355446,0.1436420977115631,0.5909181833267212,-0.13986648619174957,0.03389137238264084,0.5256460905075073,-0.1640147715806961,0.24114954471588135,0.9748541712760925,-0.04774779826402664,0.1969117373228073,0.06782089173793793,-0.4644656181335449,0.6057197451591492,-0.22457842528820038,-0.20232868194580078,-0.05742846801877022,-0.07089432328939438,0.7316116094589233,-0.22930249571800232,-0.5170924067497253,-0.04455456882715225,-0.5904194712638855,0.04994142800569534,0.4810968041419983,-0.026073668152093887,0.20109227299690247,-0.27739864587783813,-0.34420517086982727,0.6844451427459717,0.18151797354221344,-0.001764550805091858,-0.002225839998573065,-0.22784991562366486,0.4483400285243988,0.7336084842681885,0.09484759718179703,0.47562599182128906,-0.17700143158435822,-0.11421318352222443,-0.10774906724691391,0.019548404961824417,-0.5170287489891052,0.23920507729053497,-0.561271071434021,0.4070376455783844,0.16272318363189697,0.3279333710670471,0.46804219484329224,0.21865221858024597,0.7656693458557129,-0.03584481030702591,-0.0842362493276596,-0.054811298847198486,0.1600409299135208,-0.03443550318479538,0.6321902275085449,0.42776528000831604,-0.39211946725845337,-0.25373023748397827,0.07772474735975266,0.003423970891162753,-0.1678548902273178,0.2020886391401291,-0.3559347987174988,-0.2922707796096802,0.07498030364513397,-0.2297074794769287,-0.16042664647102356,0.21261458098888397,-0.10007002204656601,-0.7457841038703918,0.048241108655929565,-0.45707154273986816,0.2767673134803772,0.05776994302868843,0.05872490257024765,-0.1865237057209015,0.8241040110588074,0.10998935997486115,0.15995626151561737,-0.07651089131832123,-0.03148667886853218,-0.10941731929779053,0.196574866771698,-0.5323386788368225,0.15368233621120453,-0.35866791009902954,-0.30965906381607056,-0.01849300228059292,0.0318002849817276,0.31398478150367737,-0.01039472222328186,-0.30482250452041626,0.13087227940559387,-0.11016853898763657,-0.07255305349826813,0.033557452261447906,0.11768438667058945,0.014739948324859142,-0.12470991909503937,0.045245710760354996,-0.6654983758926392,-0.5916977524757385,0.10633751004934311,0.2219909131526947,-0.3267119228839874,0.6535749435424805,-0.19727039337158203,0.21335379779338837,0.6342030763626099,-0.22477559745311737,0.00033728181733749807,-0.19725683331489563,0.19802850484848022,0.23495033383369446,0.13661348819732666,-0.17334668338298798,-0.49897417426109314,-0.023716270923614502,-0.2856142222881317,0.22610831260681152,0.44316044449806213,-0.1580236405134201,-0.620211124420166,-0.4646865427494049,0.676862359046936,-0.03820301219820976,-0.045975908637046814,-0.12948599457740784,-0.5253309011459351,0.15581220388412476,-0.09150087833404541,-0.008281435817480087,-1.044350266456604,0.20941802859306335,-0.4244076609611511,-0.08134067058563232,-0.3106936812400818,-0.05429704114794731,0.45589694380760193,-0.35295090079307556,-0.3837272524833679,-0.10267730057239532,-0.34717902541160583,-0.084139883518219,-0.7687469720840454,-0.0323687419295311,0.39057740569114685,-0.012362122535705566,0.6191670894622803,0.16398322582244873,0.4038037657737732,-0.2478305548429489,-0.13695938885211945,0.6025077104568481,-0.17106369137763977,-0.5205212831497192,-0.11136801540851593,-0.015881456434726715,-0.08060996234416962,-0.010104650631546974,-0.012168954126536846,0.9025961756706238,0.061568520963191986,-0.3956059515476227,-0.04071690887212753,-0.06104394793510437,0.01203194074332714,-0.017019443213939667,0.5084928870201111,-0.3034626543521881,0.4101484417915344,0.15926200151443481,-0.01331564225256443,0.4094669222831726,-0.4057489335536957,0.023832619190216064,-0.3237385153770447,-0.16198886930942535,-0.13221275806427002,-0.3168739974498749,0.029079671949148178,0.03675622493028641,0.3300931453704834,-0.3519843816757202,0.888772189617157,0.06983296573162079,0.12038020044565201,-0.05183199793100357,0.17898181080818176,-0.12362774461507797,-0.04042002186179161,0.1042645201086998,0.1398048996925354,-0.0073486389592289925,0.06993252038955688,0.10014237463474274,-0.08585022389888763,-0.6412569284439087,-0.031094348058104515,-0.2909049391746521,-0.2049790918827057,-0.00940173864364624,-0.17928647994995117,-0.18466269969940186,-0.730889618396759,0.12888160347938538,0.18099942803382874,-0.17217084765434265,0.07435287535190582,0.03779159486293793,0.8445543050765991,-0.41948097944259644,0.025130558758974075,-0.35583066940307617,-0.18207581341266632,-0.4489978849887848,-0.10365541279315948,-0.06526662409305573,-0.019467586651444435,0.41022205352783203,0.14232346415519714,0.1104806512594223,-0.01079095620661974,-0.1164359450340271,0.08787260204553604,-0.09956957399845123
CID000004845,1238,0.15495379269123077,-0.3190198838710785,-0.5815179347991943,0.22314946353435516,0.4354763925075531,-0.0001829504908528179,-0.04042429476976395,-0.8167923092842102,-0.3629080653190613,-0.036455847322940826,0.512505292892456,0.05879371240735054,-0.1384086161851883,0.00834615807980299,0.011220050975680351,-0.055308520793914795,0.3572405278682709,0.17312175035476685,-0.16891616582870483,0.2436371147632599,-0.2307344377040863,-0.019992468878626823,0.3809511661529541,-0.0452747568488121,-0.4346969723701477,-0.7735214829444885,-0.7374933958053589,0.10939657688140869,0.1418565958738327,-0.17155905067920685,0.8665595054626465,0.07442677766084671,-0.11782994121313095,0.5138007998466492,-0.14700356125831604,0.121873639523983,0.8882206082344055,-0.0945933610200882,0.1825292408466339,0.14248952269554138,-0.14965865015983582,0.33133944869041443,-0.3356126844882965,0.05178716033697128,-0.04425455629825592,0.08034253865480423,0.7091873288154602,-0.1216818243265152,-0.46459752321243286,-0.049416400492191315,-0.5126162767410278,0.22760987281799316,0.3663351535797119,-0.32694682478904724,0.3543943762779236,-0.08159668743610382,0.01002839207649231,0.4413943290710449,0.06607263535261154,-0.045721523463726044,-0.10094424337148666,-0.27422159910202026,-0.03644741699099541,0.8679666519165039,-0.04743588715791702,0.35590630769729614,-0.1743595004081726,-0.10151691734790802,0.014547275379300117,0.04772866144776344,-0.7483252882957458,0.20572659373283386,-0.7473500370979309,0.6442834138870239,0.10828001797199249,0.4660360813140869,0.4291520118713379,0.12950146198272705,0.5028552412986755,0.012862533330917358,-0.12825340032577515,-0.45242223143577576,0.12008379399776459,-0.19164209067821503,0.29848983883857727,0.35826465487480164,-0.2122301608324051,-0.03836697340011597,-0.0376616045832634,-0.00508357398211956,-0.3006940186023712,-0.1619304120540619,-0.1328439861536026,0.10791648924350739,0.16352975368499756,-0.17796608805656433,0.05011967569589615,0.21013765037059784,-0.0684153288602829,-0.7479255795478821,0.0008502185228280723,-0.17910359799861908,0.14336885511875153,0.01237492449581623,0.08191950619220734,-0.07220222055912018,1.1559096574783325,-0.1868845671415329,0.3340400159358978,-0.05781902000308037,-0.09148924052715302,0.046309713274240494,0.22013914585113525,-0.2516067922115326,0.2600850462913513,-0.44439783692359924,-0.5532057881355286,0.07722219079732895,-0.054757364094257355,0.3793228268623352,-0.21146103739738464,-0.2353811264038086,0.19493356347084045,0.24917440116405487,-0.19260992109775543,0.02424972876906395,0.3882540166378021,-0.051719773560762405,-0.3137032985687256,0.37626928091049194,-0.5790238380432129,-0.5110065340995789,0.43984732031822205,0.1632441133260727,0.0954556092619896,0.7778939604759216,0.43846091628074646,-0.09396069496870041,0.4613707959651947,-0.07805393636226654,-0.07033054530620575,-0.16150829195976257,0.04556318372488022,-0.04766856133937836,-0.04225224629044533,-0.07874564826488495,-0.17925599217414856,0.0269332118332386,0.12108099460601807,-0.12871339917182922,0.45054465532302856,-0.040890805423259735,-0.5743399858474731,-0.7054349780082703,0.2906566560268402,-0.2488866150379181,0.3780985474586487,0.24993391335010529,-0.3659057319164276,-0.04015662521123886,0.04728149250149727,0.19786769151687622,-0.9789091348648071,-0.008149251341819763,-0.3343166708946228,-0.06380540877580643,-0.19171041250228882,-0.1521410048007965,0.7720030546188354,-0.4750644564628601,-0.1821325719356537,-0.0964302197098732,0.06380828469991684,-0.25346145033836365,-0.7988449931144714,-0.21490263938903809,0.47311434149742126,0.07561709731817245,0.6053627133369446,-0.07847312092781067,0.4485352635383606,-0.15737593173980713,-0.3284555971622467,0.7894009351730347,0.0025153025053441525,-0.7765239477157593,-0.023121977224946022,-0.08746842294931412,-0.30817022919654846,-0.03304946422576904,-0.37402036786079407,1.0455888509750366,0.09930962324142456,-0.30900707840919495,0.22461827099323273,-0.16328951716423035,-0.04653031378984451,0.2040131390094757,0.4421321749687195,-0.16074728965759277,0.4824710488319397,0.31647494435310364,0.005135104060173035,0.07544225454330444,-0.3577587604522705,-0.29691213369369507,-0.17046183347702026,0.10401632636785507,-0.174703449010849,0.018776828423142433,-0.062090396881103516,-0.12025921046733856,-0.01994248665869236,-0.2518281638622284,0.8211777806282043,-0.001452499651350081,-0.08336533606052399,-0.21871623396873474,0.027731025591492653,0.1584666669368744,0.07744352519512177,-0.055090148001909256,0.19194260239601135,-0.057048071175813675,0.2537890076637268,0.05579834058880806,0.01977362297475338,-0.8943142890930176,-0.26653069257736206,0.012845441699028015,-0.2237214744091034,-0.005408969707787037,0.06357456743717194,-0.2450464516878128,-0.5924482941627502,0.11772376298904419,0.2279905378818512,-0.154331237077713,0.0011594801908358932,0.07688498497009277,1.0625070333480835,-0.47183361649513245,-0.00081210135249421,-0.4709818363189697,-0.11863040924072266,-0.22474464774131775,-0.01924479939043522,0.2969803214073181,-0.05798996612429619,0.27096349000930786,0.288343608379364,0.18023642897605896,0.24356350302696228,-0.1436017006635666,0.2823719382286072,0.06370709836483002
CID005311082,1245,0.20097629725933075,0.09007073938846588,-0.6031808257102966,-0.08980250358581543,0.4277389943599701,-0.10765181481838226,-0.08845358341932297,-0.6554002165794373,0.05650883913040161,-0.2992939352989197,0.4396907687187195,0.11283133924007416,-0.0671657919883728,-0.06288580596446991,-0.008037108927965164,-0.09364164620637894,0.6723600625991821,-0.043108414858579636,-0.6640533208847046,0.14436237514019012,-0.5592853426933289,0.44719499349594116,0.4323793053627014,-0.2212294340133667,-1.5007679462432861,-0.7895718812942505,-0.22721946239471436,-0.3273775279521942,0.22768375277519226,0.17361798882484436,1.504479169845581,0.08094597607851028,0.1528729498386383,0.0172109492123127,-0.6811083555221558,-0.10483112186193466,0.3597206175327301,0.01567748561501503,-0.13751482963562012,-0.09388742595911026,-0.4935093820095062,0.5097957849502563,-0.22077620029449463,-0.5699785351753235,0.13756337761878967,-0.15640749037265778,0.8461377024650574,-0.1705823838710785,-0.7243765592575073,0.12467481940984726,-1.0987884998321533,0.7410033941268921,0.7074887752532959,-0.034123994410037994,0.05540873855352402,-0.13634981215000153,-0.14795590937137604,0.9969342350959778,0.42223095893859863,0.17734888195991516,-0.18955019116401672,-0.1978686898946762,-0.11299673467874527,0.930566668510437,-0.042145393788814545,0.6865482330322266,-0.05394566059112549,0.01642129197716713,0.07649938762187958,-0.07791830599308014,-0.8088159561157227,0.16594596207141876,-0.7325402498245239,0.33507251739501953,-0.0010789602529257536,0.711972713470459,0.5100744962692261,0.11407951265573502,0.6639688611030579,-0.09311191737651825,0.14837327599525452,-0.05074318125844002,-0.26934418082237244,0.3311181366443634,0.047625329345464706,0.48054423928260803,-1.2189068794250488,-0.02859509550035,-0.4248082637786865,0.3117930293083191,-0.1656770408153534,0.2749938368797302,-0.29512181878089905,0.13036176562309265,0.012688785791397095,-0.14985039830207825,-0.08013691008090973,0.4692358076572418,-0.08977596461772919,-1.1134679317474365,-0.3198588490486145,-0.05510210990905762,0.2384473830461502,0.07924164086580276,0.2980736494064331,-0.3122295141220093,0.8514407873153687,-0.061021603643894196,0.11683447659015656,0.08140357583761215,0.07119512557983398,-0.3231889307498932,0.5982504487037659,-1.1271588802337646,0.31732243299484253,-0.36292847990989685,-0.022839823737740517,-0.036940205842256546,0.47768935561180115,0.5313438177108765,-0.252729207277298,-0.29954633116722107,-0.16559651494026184,0.021154683083295822,-0.13544583320617676,0.11227311939001083,0.15535105764865875,0.0960361436009407,0.04428096115589142,-0.013552052900195122,-0.6669578552246094,0.07415847480297089,0.51029372215271,0.08138880878686905,0.07756562530994415,0.6988524794578552,0.04795575886964798,-0.176321342587471,0.3508569896221161,-0.11371121555566788,-0.038116421550512314,0.0061147138476371765,0.20064464211463928,0.08475561439990997,0.1239851862192154,0.16867895424365997,-0.8192844390869141,0.22907812893390656,0.32095712423324585,0.10473265498876572,0.9424066543579102,-0.25096970796585083,-0.6053745150566101,-1.2270029783248901,1.186640739440918,-0.13437388837337494,0.037692878395318985,0.02562195062637329,-0.42599421739578247,0.012314064428210258,0.13704714179039001,-0.07272598892450333,-0.9829035997390747,0.07658535987138748,-0.582788348197937,-0.239310622215271,0.21427640318870544,-0.02610946260392666,0.49391835927963257,-0.5915148854255676,-0.13880865275859833,-0.5368151068687439,0.14379435777664185,-0.050120048224925995,-0.9291765093803406,0.11972005665302277,0.4939079284667969,0.044639501720666885,0.5927513837814331,0.0371280200779438,0.5344692468643188,-0.15910157561302185,-0.2910430133342743,0.9414018392562866,-0.06354650110006332,-0.6206642985343933,0.023574400693178177,-0.05933036282658577,-0.3333718776702881,-0.29039397835731506,-0.6151763200759888,0.7463433146476746,-0.07793962955474854,-0.1950715333223343,0.05954735726118088,0.008137774653732777,-0.16269856691360474,-0.1340816766023636,0.30642077326774597,-0.07692120224237442,0.3698006272315979,0.25277313590049744,0.015874292701482773,0.1587829440832138,-0.5981800556182861,0.0468132384121418,-0.41079291701316833,0.060853779315948486,-0.054548464715480804,0.055069614201784134,-0.25534024834632874,0.15733930468559265,0.0812053233385086,-0.2786196172237396,0.41939577460289,0.29195159673690796,-0.3120819926261902,-0.48153430223464966,0.06819994002580643,-0.012538385577499866,0.18559342622756958,0.035212308168411255,0.12625698745250702,-0.12784454226493835,-0.0785977691411972,0.31820255517959595,-0.08003651350736618,-0.6527801156044006,-0.2709696292877197,-0.08530907332897186,-0.13546818494796753,0.08933231979608536,0.31900593638420105,-0.19229188561439514,-1.1850208044052124,0.02460443414747715,-0.2476804554462433,-0.13099411129951477,-0.15083622932434082,0.10077698528766632,0.8933572769165039,-0.19054558873176575,-0.1399989277124405,-0.30540353059768677,-0.23116803169250488,-0.5401135087013245,-0.12007206678390503,0.03931063413619995,-0.258563756942749,0.34469854831695557,0.047072555869817734,-0.14182333648204803,0.21481089293956757,-0.15190403163433075,0.28827694058418274,0.37929749488830566
CID000002951,1248,0.1266057789325714,-0.3351063132286072,-0.4888836443424225,0.07982748001813889,0.38232454657554626,-0.12519922852516174,-0.15372194349765778,-0.5111480355262756,-0.2562916874885559,0.0014100342523306608,0.36664849519729614,0.016946867108345032,-0.0771348848938942,0.03720107674598694,0.04637693241238594,0.23581473529338837,0.44915151596069336,0.08001190423965454,-0.08110491186380386,0.21489369869232178,-0.2853485643863678,-0.018571138381958008,0.4688689112663269,-0.013066303916275501,-0.29718253016471863,-0.6920465230941772,-0.6093361973762512,0.03921035677194595,0.1473112851381302,0.035662855952978134,0.5514043569564819,0.13146762549877167,-0.16227573156356812,0.35824209451675415,-0.19222089648246765,0.18221187591552734,0.9536888003349304,-0.10085980594158173,0.02103881910443306,0.19282591342926025,-0.06601884216070175,0.5025437474250793,-0.41081055998802185,-0.06631498038768768,-0.06948046386241913,0.14846055209636688,0.6603788137435913,-0.12200625985860825,-0.5683632493019104,-0.09214987605810165,-0.34923630952835083,0.2974794805049896,0.31324225664138794,-0.21001572906970978,0.07465698570013046,-0.27683526277542114,-0.3322397768497467,0.564590573310852,-0.06031216308474541,-0.07707461714744568,0.010399654507637024,-0.23724570870399475,-0.04609829932451248,0.7131577134132385,0.06725087016820908,0.13498446345329285,-0.22666868567466736,-0.08155839145183563,0.027144894003868103,0.1350586712360382,-0.6570576429367065,0.12283749878406525,-0.6970663666725159,0.5386302471160889,0.030263742431998253,0.23264209926128387,0.4747433662414551,0.197254940867424,0.3970751166343689,-0.021885406225919724,-0.09496288746595383,-0.17942926287651062,0.0006887555355206132,-0.10192525386810303,0.1295502483844757,0.3875432014465332,-0.12677304446697235,-0.13025625050067902,-0.06401927769184113,0.061750613152980804,-0.2459416687488556,-0.11266593635082245,-0.033097513020038605,-0.011769684962928295,0.1600976437330246,-0.08972463756799698,-0.19989529252052307,0.26417380571365356,0.02271430939435959,-0.6454128623008728,-0.07276532053947449,-0.1858636885881424,0.09325534850358963,0.02148263528943062,0.20598086714744568,-0.07425136864185333,0.9485205411911011,-0.0547882542014122,0.24732816219329834,-0.116925910115242,-0.12091723829507828,-0.004606372211128473,0.23278918862342834,-0.037974536418914795,0.23092254996299744,-0.36009564995765686,-0.4279317259788513,0.10891680419445038,-0.20400801301002502,0.1525290310382843,-0.09640702605247498,-0.35651034116744995,0.04771782085299492,0.13321062922477722,-0.17566236853599548,0.12403053045272827,0.23870810866355896,-0.033256154507398605,-0.310340940952301,0.20644907653331757,-0.6886235475540161,-0.2271076887845993,0.3973222076892853,0.06459462642669678,0.14361947774887085,0.6558168530464172,0.2175966203212738,-0.14710131287574768,0.2771698236465454,-0.17326651513576508,-0.17348021268844604,-0.204678013920784,-0.0037074529100209475,0.1749487817287445,0.1228567585349083,0.0033971499651670456,-0.24535822868347168,0.00021082759485580027,0.09292888641357422,-0.022611649706959724,0.16653437912464142,-0.06439301371574402,-0.45393919944763184,-0.6030548214912415,0.36254364252090454,-0.24892297387123108,0.29198482632637024,-0.014698490500450134,-0.3098071217536926,-0.06667019426822662,-0.040083929896354675,0.07470280677080154,-0.7851126194000244,-0.018151061609387398,-0.39333733916282654,0.057219088077545166,-0.006754890084266663,-0.1899266541004181,0.5972535610198975,-0.47551530599594116,-0.13900765776634216,-0.13883043825626373,-0.028922418132424355,-0.16162808239459991,-0.6276172399520874,-0.17392165958881378,0.4083450436592102,0.13477250933647156,0.5274066925048828,-0.14379575848579407,0.5987057089805603,-0.2084403783082962,-0.06889726221561432,0.34752511978149414,-0.07228286564350128,-0.3977489173412323,-0.10748998820781708,-0.1729847639799118,-0.08248987793922424,-0.06280504912137985,-0.5339961051940918,0.9547033309936523,-0.07309083640575409,-0.40931159257888794,0.09711416810750961,-0.06322415173053741,-0.1081404834985733,0.13006055355072021,0.394544780254364,-0.04281596839427948,0.34417569637298584,0.45075926184654236,-0.14914171397686005,0.168297678232193,-0.3802516460418701,-0.34727567434310913,-0.12392233312129974,0.08589374274015427,-0.10279996693134308,-0.20155136287212372,0.055264733731746674,-0.00034236611099913716,-0.0491919182240963,-0.23603563010692596,0.7571061849594116,-0.05440709739923477,-0.05555229261517525,-0.26662877202033997,0.056017983704805374,0.14913026988506317,0.23069767653942108,0.06640706956386566,0.23804478347301483,-0.10467735677957535,0.05548081547021866,0.11238421499729156,0.05709143355488777,-0.6635370254516602,-0.31344130635261536,-0.0069565800949931145,-0.10187198221683502,0.14043281972408295,0.07191381603479385,-0.2480495423078537,-0.4668143689632416,0.3270927965641022,0.08810324966907501,-0.2541362941265106,-0.0004292488156352192,-0.0672188401222229,0.5338953733444214,-0.3327351212501526,-0.02652077004313469,-0.2897033989429474,0.05796846002340317,-0.19122585654258728,0.061965297907590866,0.23499158024787903,0.003105324460193515,0.2923274040222168,0.16102148592472076,0.1140221357345581,0.3330227732658386,-0.18774694204330444,0.15525098145008087,0.09462468326091766
CID000003736,1249,-0.09219344705343246,-0.0034388811327517033,-0.745883584022522,-0.09347406774759293,0.45491495728492737,-0.07036139816045761,-0.013584569096565247,-1.0140278339385986,-0.14007240533828735,0.41336384415626526,0.6370207071304321,0.12378503382205963,-0.23911252617835999,-0.13746994733810425,-0.24499237537384033,0.08691355586051941,0.2388962060213089,0.45890340209007263,-0.16514499485492706,-0.5418536067008972,-0.24031071364879608,0.12492839992046356,0.7133960723876953,-0.02563345991075039,-1.646802544593811,-1.2502880096435547,-0.3394603729248047,0.35832643508911133,-0.1530221700668335,0.13696452975273132,1.3955676555633545,-0.0014621972804889083,-0.17865271866321564,0.9076541662216187,-0.178476482629776,-0.06561313569545746,0.8055615425109863,-0.16596540808677673,0.05721747875213623,0.040439628064632416,-0.13829144835472107,0.18661391735076904,-0.8770774006843567,0.10651101917028427,0.13192255795001984,-0.027497272938489914,0.8862760663032532,-0.05610287934541702,-0.6704899072647095,-0.03636489436030388,-0.46845847368240356,0.9423564076423645,0.5998475551605225,-0.2088637799024582,0.6331550478935242,-0.24983099102973938,0.09040150791406631,0.44996920228004456,-0.49845415353775024,0.4020223021507263,-0.14689239859580994,-0.10331853479146957,0.0652976706624031,1.1989953517913818,0.609860897064209,0.12956246733665466,0.07522998750209808,-0.509442925453186,-0.021244723349809647,0.12443878501653671,-1.1244351863861084,0.16641879081726074,-0.357653945684433,0.15907514095306396,0.1393885314464569,0.6286857724189758,0.24012938141822815,-0.17105476558208466,0.5737295746803284,-0.02671656385064125,-0.157481849193573,-0.667360246181488,-0.3752278685569763,-0.27878183126449585,-0.24657264351844788,0.33547818660736084,-0.27096274495124817,0.10839647054672241,0.12285153567790985,0.2153617888689041,-0.07800967246294022,-0.001688629388809204,0.05978193134069443,0.3896370530128479,0.05164062976837158,-0.5266107320785522,0.025128403678536415,0.22159108519554138,-0.1925140768289566,-1.1413394212722778,-0.47545385360717773,-0.3996191620826721,0.019991183653473854,-0.147902712225914,0.2870674729347229,-0.12571550905704498,1.4324336051940918,-0.484001100063324,0.04052389785647392,-0.244338721036911,-0.13119271397590637,0.24017846584320068,0.48585695028305054,-0.2911035120487213,0.04838857427239418,-0.3541221618652344,-0.5715938210487366,-0.0394698791205883,-0.10359656810760498,0.40869027376174927,0.07354213297367096,-0.12606625258922577,-0.3902236521244049,0.11009389162063599,-0.46892690658569336,0.24811618030071259,0.4083075523376465,0.06319873034954071,-0.05638076737523079,0.03457782790064812,-1.1863083839416504,-0.24833270907402039,0.5488499402999878,0.351875364780426,0.11786572635173798,0.9541025161743164,0.4393645226955414,-0.35523051023483276,0.427812397480011,0.06570658087730408,-0.06684573739767075,-0.27731114625930786,-0.1527324616909027,0.12740707397460938,0.11936916410923004,-0.5118943452835083,-0.1590590476989746,0.732672393321991,-0.057573072612285614,-0.1657503992319107,0.1806720644235611,0.013397879898548126,-0.8807176351547241,-0.7777406573295593,1.1795895099639893,0.38921108841896057,0.3669302463531494,-0.025158414617180824,-0.33255261182785034,-0.1749763786792755,0.07948494702577591,0.4412364959716797,-1.1186076402664185,-0.11137817800045013,-0.4960964620113373,-0.03661208599805832,-0.2985491156578064,-0.19779826700687408,1.3174809217453003,-0.7213160395622253,-0.26714029908180237,-0.45173564553260803,-0.17030194401741028,0.052920542657375336,-0.8131424188613892,-0.12737227976322174,0.6234843134880066,-0.02073271945118904,0.7382858395576477,-0.31060418486595154,0.8993193507194519,-0.2503710389137268,-0.6167699098587036,1.4783241748809814,0.17825892567634583,-1.6617708206176758,-0.6832048892974854,0.23666563630104065,-0.13251951336860657,-0.022647881880402565,-0.3592076599597931,1.2011014223098755,-0.35850873589515686,-0.5852150321006775,-0.12107350677251816,-0.12182638794183731,0.005538749508559704,0.11634937673807144,0.2920786440372467,-0.0031579644419252872,0.9787667393684387,0.027440929785370827,-0.0339980386197567,0.08274322748184204,-0.8105173110961914,-0.38845041394233704,-0.10146566480398178,0.06169966608285904,-0.007596486713737249,0.03028441034257412,0.05181903764605522,-0.01931457221508026,-0.6888649463653564,-0.315559446811676,0.9804083108901978,-0.08274851739406586,0.06464077532291412,-0.23346436023712158,-0.04030313342809677,0.39032045006752014,0.4380101263523102,-0.06978678703308105,0.22084157168865204,0.2186000794172287,0.2275940477848053,0.1285831481218338,-0.045015543699264526,-1.2686686515808105,-0.6875994801521301,-0.3551468253135681,0.06201712414622307,0.17983710765838623,0.08715446293354034,-0.22017495334148407,-0.7099511623382568,0.3834826946258545,0.1000296100974083,-0.2077232301235199,0.10302834212779999,-0.35060030221939087,0.941554069519043,-0.4386259615421295,0.30660542845726013,-0.27334824204444885,0.11680874973535538,-0.715808629989624,-0.10295609384775162,0.3341171145439148,0.21866974234580994,-0.031049326062202454,-0.27259883284568787,0.07544086128473282,0.6752302646636963,-0.00373415881767869,0.3555610179901123,-0.10153784602880478
CID005473385,1250,0.05479129031300545,-0.19876310229301453,-0.5419463515281677,0.2782832086086273,0.34356439113616943,-0.10667093098163605,-0.1526613086462021,-0.5947149991989136,-0.1847054809331894,-0.0827983170747757,0.21682684123516083,0.10473018884658813,-0.08354751765727997,0.03826642036437988,0.07224969565868378,0.18172483146190643,0.39662739634513855,0.04713129997253418,-0.1056915745139122,0.18099160492420197,-0.0979105681180954,0.08090503513813019,0.4582337439060211,-0.026187529787421227,-0.46484360098838806,-0.6719082593917847,-0.5780748128890991,0.23438923060894012,-0.09388984739780426,-0.03238443657755852,0.503150463104248,0.07442913204431534,-0.03889819234609604,0.6134064793586731,-0.07702784985303879,0.22295573353767395,1.5048596858978271,-0.19056788086891174,0.03895888850092888,0.1680712252855301,0.07182388752698898,0.5926367044448853,-0.3862493634223938,0.010141858831048012,-0.05362250655889511,0.05323299020528793,0.5663570165634155,-0.2877792418003082,-0.3540031313896179,-0.02795485593378544,-0.3143066465854645,0.15084777772426605,0.2737240791320801,-0.2677619755268097,0.2627141773700714,-0.1737295687198639,-0.2934446930885315,0.4121895432472229,-0.013018622994422913,-0.10446947813034058,-0.07666938006877899,-0.22726400196552277,-0.08396494388580322,0.6176937222480774,0.02969757840037346,0.1264038383960724,-0.1448458731174469,-0.2055509388446808,0.02568265236914158,0.0487820990383625,-0.538779616355896,0.23166099190711975,-0.6045119166374207,0.5227063894271851,0.0010771394008770585,0.3567673861980438,0.716069221496582,0.18574932217597961,0.3500937819480896,0.0350438728928566,0.037416812032461166,-0.16541650891304016,0.1471882462501526,0.004620229359716177,0.10374321788549423,0.3636767566204071,-0.10832931846380234,-0.1306651532649994,-0.09484665095806122,0.10044310986995697,-0.20779991149902344,-0.07467304170131683,-0.05399429798126221,0.02860117331147194,0.147966668009758,-0.03664456307888031,0.01403108797967434,0.21562285721302032,-0.02980470098555088,-0.7562922239303589,-0.057197362184524536,-0.21107718348503113,0.18058441579341888,0.00316293234936893,0.3011901080608368,0.029360389336943626,0.9481169581413269,-0.12276776880025864,0.3353320360183716,-0.07269486784934998,-0.10704775899648666,-0.013351000845432281,0.157405287027359,-0.05524604395031929,0.16787132620811462,-0.4496048092842102,-0.38245058059692383,-0.03432298079133034,-0.11293216049671173,0.18501311540603638,-0.23251023888587952,-0.29999202489852905,0.20585528016090393,0.08893628418445587,-0.07435568422079086,0.02042734995484352,0.2708790898323059,0.008947709575295448,-0.32415053248405457,0.25322407484054565,-0.6390181183815002,-0.47817301750183105,0.319835901260376,0.09074819087982178,0.06728150695562363,0.6925356388092041,0.20975053310394287,-0.12224987894296646,0.18917128443717957,-0.14243315160274506,-0.04689029976725578,-0.20453548431396484,-0.016153007745742798,0.13456718623638153,0.004214449319988489,0.019722798839211464,-0.17044678330421448,-0.03208143264055252,-0.06209070608019829,-0.05718328431248665,0.13264696300029755,-0.1826082020998001,-0.46343889832496643,-0.5768459439277649,0.4463752210140228,-0.12745556235313416,0.4268900454044342,0.05307375267148018,-0.3808114230632782,-0.052213601768016815,-0.03395087644457817,0.3288055956363678,-1.0221878290176392,0.09944511950016022,-0.26745063066482544,-0.0016819521551951766,-0.026651065796613693,-0.2591401934623718,0.6798324584960938,-0.37854450941085815,-0.17547044157981873,-0.036791808903217316,0.030631789937615395,-0.12023647874593735,-0.5673487782478333,-0.17407655715942383,0.43514037132263184,0.12936046719551086,0.4806453287601471,-0.05251581594347954,0.5429496765136719,-0.1297965943813324,-0.17723412811756134,0.4880111813545227,0.025471532717347145,-0.5380522012710571,-0.1654796600341797,-0.13429181277751923,-0.35898786783218384,-0.10101830959320068,-0.3241748809814453,1.046514868736267,-0.029027670621871948,-0.4580800533294678,0.10840866714715958,-0.13489624857902527,0.0443333238363266,0.14705583453178406,0.4194270074367523,-0.13564440608024597,0.28626561164855957,0.40210598707199097,-0.12021945416927338,0.09424056112766266,-0.2760208249092102,-0.1874297559261322,-0.16462209820747375,0.06632669270038605,-0.12872211635112762,-0.1629197597503662,-0.12614598870277405,-0.017258422449231148,-0.08989737182855606,-0.3433406949043274,0.6965899467468262,0.011973628774285316,-0.08463086932897568,-0.257021427154541,0.006243602838367224,0.0512520894408226,0.16757425665855408,0.0326911024749279,0.15522100031375885,-0.09775619208812714,0.15774129331111908,0.047675006091594696,0.06374993175268173,-0.6186849474906921,-0.21855735778808594,-0.08377809822559357,-0.224699467420578,0.1284356415271759,0.00034773797960951924,-0.08827457576990128,-0.48049432039260864,-0.04500262439250946,0.12867987155914307,-0.1623345911502838,0.10315053164958954,0.031527839601039886,0.8365522623062134,-0.29731887578964233,0.11500728130340576,-0.34651193022727966,-0.03173794224858284,-0.3410070538520813,0.12455932050943375,0.14081688225269318,-0.10016262531280518,0.22905845940113068,0.3334573209285736,0.055553220212459564,0.2770701050758362,-0.11090729385614395,0.18564492464065552,0.12199250608682632
CID000004440,1253,0.06116271764039993,-0.26113206148147583,-0.3675473630428314,0.20100390911102295,0.3994901180267334,-0.13345985114574432,0.07360800355672836,-0.39085084199905396,-0.020216912031173706,-0.12192318588495255,0.4546295702457428,-0.016889559105038643,-0.16400885581970215,-0.1503695845603943,-0.28647783398628235,0.2570275664329529,0.13208140432834625,0.25367826223373413,-0.4795854091644287,0.08166540414094925,0.09874527156352997,0.14646130800247192,0.2916339635848999,0.18613283336162567,-0.28109389543533325,-0.9724875688552856,-0.5434913635253906,-0.24121876060962677,0.3575994372367859,-0.06764589995145798,1.404962420463562,0.14906184375286102,0.03584008663892746,0.5566788911819458,-0.7447822093963623,-0.03621014207601547,0.4684572219848633,0.05875001102685928,0.17471475899219513,0.1527893990278244,-0.5272912383079529,0.26933974027633667,-0.27391448616981506,0.08989943563938141,0.07708180695772171,-0.066218301653862,0.5250624418258667,-0.15873999893665314,-0.8734261393547058,-0.021997693926095963,-0.9085691571235657,0.020671790465712547,0.5497362017631531,-0.22413113713264465,0.03853512182831764,-0.2850731909275055,-0.03330187126994133,0.4699889123439789,-0.040655024349689484,-0.15473288297653198,0.07974402606487274,-0.17430844902992249,-0.012111964635550976,0.8783404231071472,0.22506971657276154,0.6181920766830444,-0.19976434111595154,-0.1387976109981537,-0.11077217012643814,0.05604477971792221,-1.1604279279708862,0.04809396341443062,-0.8255358934402466,0.05293005704879761,-0.010529029183089733,0.14455798268318176,0.29496604204177856,-0.05129186064004898,0.9335280656814575,0.13657648861408234,-0.099635548889637,-0.26505014300346375,0.097780242562294,-0.1666322648525238,-0.009893852286040783,0.2668721377849579,-0.5466212034225464,-0.09289262443780899,-0.3638901710510254,-0.12686406075954437,-0.01734415628015995,0.11825628578662872,-0.24621395766735077,0.1282462477684021,0.13185879588127136,-0.2613588273525238,-0.2208707630634308,0.3708437979221344,-0.012534123845398426,-0.5239821672439575,-0.15365095436573029,-0.1408659666776657,0.16539867222309113,-0.004878717474639416,0.28552356362342834,-0.1996213048696518,0.968004047870636,-0.008144393563270569,0.09738386422395706,-0.16290651261806488,0.050093650817871094,0.2805953919887543,0.7787219882011414,-0.7417066693305969,0.014457711949944496,-0.3366486728191376,-0.0997089073061943,0.43972522020339966,-0.005823211278766394,0.4345672130584717,-0.16045545041561127,-0.46304017305374146,-0.15834443271160126,-0.035459380596876144,-0.18106551468372345,0.2664088308811188,0.2922981381416321,0.04629089683294296,-0.3510209023952484,0.23649533092975616,-0.8519324064254761,-0.13321100175380707,0.38057008385658264,0.10934986919164658,-0.08965281397104263,0.9728582501411438,0.07754114270210266,0.0059479353949427605,0.20330722630023956,0.009414413943886757,-0.037000350654125214,-0.1213502511382103,-0.14102843403816223,0.16257868707180023,0.18519602715969086,-0.06880784779787064,-0.6495807766914368,0.045540641993284225,-0.25087970495224,-0.004525378346443176,0.8097048997879028,0.11972470581531525,-0.9304359555244446,-0.7363837361335754,0.5992733240127563,-0.2691642940044403,0.048068538308143616,0.32885661721229553,-0.15633180737495422,-0.2439778596162796,0.0022976845502853394,0.277260959148407,-0.448514461517334,0.1832979917526245,-0.4540514051914215,0.1288081705570221,-0.1497756540775299,-0.09745394438505173,0.4759918749332428,-0.5494780540466309,-0.23891422152519226,-0.10549671947956085,-0.0693386048078537,-0.06698404252529144,-0.5679259896278381,-0.1431608498096466,0.14010684192180634,0.02484564110636711,0.5084137916564941,0.27446162700653076,0.3101913332939148,-0.24009856581687927,-0.03543759137392044,0.2903888523578644,0.013489904813468456,-0.6441636085510254,-0.2392427921295166,-0.46065860986709595,-0.1130591407418251,-0.08659354597330093,-0.3511514663696289,0.838318943977356,-0.1557503640651703,-0.10230652987957001,0.10936114937067032,-0.08648143708705902,0.1035347431898117,0.14857716858386993,0.04314883053302765,0.053662825375795364,0.16987380385398865,-0.1506289690732956,-0.03056781366467476,0.43168967962265015,-0.3829667866230011,-0.03389018774032593,-0.2456897497177124,0.03273224085569382,0.05295269936323166,-0.0686635822057724,-0.027998074889183044,-0.18199363350868225,-0.18929655849933624,-0.21768751740455627,0.6249406337738037,0.12404372543096542,-0.2673470079898834,-0.10692822933197021,0.0028913989663124084,0.07016013562679291,0.10765741020441055,0.13200178742408752,0.12154930830001831,-0.07480248063802719,-0.1127314567565918,0.16801264882087708,-0.07456067949533463,-1.058909296989441,-0.41816121339797974,-0.1476289927959442,-0.09048554301261902,-0.045337408781051636,0.17517930269241333,-0.1775098294019699,-0.6272492408752441,0.32810521125793457,0.12150883674621582,-0.17080730199813843,-0.07186467200517654,-0.3210431635379791,0.20588454604148865,-0.3589404225349426,0.03893395513296127,-0.1690763682126999,-0.18320100009441376,-0.07922422140836716,-0.06030263751745224,0.3044835925102234,0.06610430777072906,0.4990684986114502,-0.08586385101079941,0.01776297017931938,0.04873045161366463,-0.17784017324447632,0.4332384467124939,-0.06109268590807915
CID000041693,1258,0.030108565464615822,0.15561214089393616,-0.532822847366333,0.10697104036808014,0.4025033116340637,-0.123659648001194,-0.0537760853767395,-1.0080525875091553,-0.21957039833068848,0.04971671849489212,0.295834481716156,0.18495404720306396,0.12868666648864746,-0.1535376012325287,-0.05241861939430237,0.286169171333313,0.4306236207485199,0.11218186467885971,-0.23445245623588562,0.14706170558929443,-0.41279125213623047,-0.0365486741065979,0.5005748271942139,-0.12232466042041779,-0.7559150457382202,-0.7431129217147827,-0.23603078722953796,-0.07187516987323761,0.1257544308900833,-0.20636120438575745,0.8020598292350769,0.005450195167213678,-0.03505821153521538,0.26619553565979004,-0.17965713143348694,0.3145487904548645,0.41480255126953125,-0.33297640085220337,-0.135332852602005,0.03721555322408676,-0.27752408385276794,0.3688623309135437,-0.24637159705162048,0.0050393640995025635,-0.019153200089931488,0.11279690265655518,0.6914440393447876,-0.24850240349769592,-0.4481427073478699,-0.07845871895551682,-0.7110356688499451,0.4198850095272064,0.32380980253219604,-0.17836515605449677,0.19903865456581116,-0.28261131048202515,-0.2690548300743103,0.5204029083251953,-0.2643480896949768,-0.06150173023343086,0.019109781831502914,-0.37644901871681213,0.19248299300670624,0.880511462688446,0.22613677382469177,0.32737135887145996,-0.17909224331378937,0.25424817204475403,0.022856730967760086,0.043543409556150436,-1.0058209896087646,0.1093863993883133,-0.3733294606208801,0.3874409794807434,0.07754267752170563,0.38271552324295044,0.4140956997871399,0.4128967225551605,0.8598348498344421,0.1108323186635971,-0.260779470205307,-0.3410731852054596,0.061864305287599564,-0.08440347015857697,0.45115408301353455,0.293621689081192,-0.39444640278816223,-0.11168064922094345,-0.002787573728710413,0.1987614929676056,-0.2944102883338928,-0.040609173476696014,-0.1242305263876915,0.12195350974798203,0.01723559759557247,-0.06740371882915497,-0.4710001051425934,0.27904239296913147,-0.23254790902137756,-0.7510496973991394,-0.1753464639186859,-0.04003478214144707,-0.072262704372406,0.06970515847206116,-0.01550016738474369,-0.21245670318603516,0.8362519145011902,-0.10840599238872528,0.1908397525548935,-0.21148176491260529,-0.07773236930370331,0.048408690840005875,0.29213279485702515,-0.4042052626609802,0.20430168509483337,-0.5034266710281372,-0.2606591582298279,-0.17933344841003418,-0.004307356663048267,0.23650392889976501,-0.36436548829078674,-0.3894699811935425,0.018186552450060844,0.07985885441303253,-0.046178434044122696,-0.0019105583196505904,0.15344378352165222,-0.022211994975805283,-0.12481711059808731,0.06219775602221489,-0.7150768041610718,-0.27232256531715393,0.419528067111969,0.06252177059650421,0.05241783708333969,0.5882841348648071,-0.10545114427804947,-0.13657209277153015,0.34513795375823975,-0.21562591195106506,-0.10940351337194443,-0.2912716567516327,0.16679595410823822,0.20734338462352753,0.14716549217700958,-0.027856484055519104,-0.2850479483604431,0.06455361843109131,0.2659730613231659,-0.051152318716049194,0.4941866397857666,-0.21552062034606934,-0.5328317880630493,-0.8024578094482422,0.7128219604492188,-0.2968626618385315,0.14093969762325287,0.08983026444911957,-0.5171570777893066,-0.00732026994228363,-0.03542507439851761,-0.1809874325990677,-0.9154976010322571,0.1555812954902649,-0.6533684730529785,-0.11097577959299088,0.032442864030599594,-0.05148987099528313,0.5098260641098022,-0.5490313768386841,-0.1380826085805893,-0.21546931564807892,-0.26312965154647827,-0.19969771802425385,-0.6348848342895508,-0.25242525339126587,0.6863006353378296,0.1281796395778656,0.46078577637672424,-0.19623078405857086,0.5625395774841309,-0.06933050602674484,-0.19439104199409485,0.7918734550476074,-0.13263288140296936,-1.0002460479736328,-0.4163704514503479,-0.1458505392074585,-0.04284963756799698,-0.15160204470157623,-0.2594607174396515,0.7606057524681091,-0.11879591643810272,-0.4447854161262512,-0.006484282203018665,0.0670294389128685,-0.1525399386882782,-0.08819802105426788,0.2908957600593567,-0.07080360502004623,0.5909863710403442,0.27408480644226074,-0.06057778745889664,-0.038149394094944,-0.5196440815925598,-0.13364200294017792,-0.14224660396575928,0.2808579206466675,0.2649121880531311,0.1586063802242279,0.29677313566207886,0.015062022022902966,0.3367155194282532,-0.23332354426383972,0.7485726475715637,0.0903656855225563,0.07768683135509491,-0.24312540888786316,0.1562587320804596,0.10410807281732559,0.2535223364830017,0.07625597715377808,0.10178816318511963,-0.044323284178972244,-0.13204596936702728,0.11803250014781952,0.018249887973070145,-0.7702678442001343,-0.3062954545021057,-0.05395817011594772,0.01465636771172285,0.1325494349002838,0.14054375886917114,-0.2693374454975128,-0.5261678099632263,0.40108102560043335,0.07884391397237778,-0.01434131246060133,0.03008243814110756,-0.08315978944301605,0.701807975769043,-0.35329967737197876,0.06800790876150131,-0.49455881118774414,-0.19579575955867767,-0.41792964935302734,0.03012598678469658,-0.011849415488541126,-0.17976322770118713,0.3365185856819153,-0.04713011905550957,0.029378637671470642,-0.10701490938663483,0.09132249653339386,0.12075895071029663,-0.12798918783664703
CID000082146,1261,0.033208444714546204,-0.19779258966445923,-0.43541330099105835,0.04192354157567024,0.35691937804222107,-0.13286806643009186,-0.08531586825847626,-0.7365935444831848,-0.32661089301109314,-0.23001626133918762,0.12142816931009293,0.2861458659172058,-0.1249483972787857,-0.01785847544670105,0.08577501773834229,0.040141213685274124,0.6623693108558655,-0.0816521868109703,-0.216671422123909,0.28941604495048523,-0.10683506727218628,0.0005611866945400834,0.6325557231903076,-0.049773477017879486,-0.34046706557273865,-0.4296192228794098,-0.24736051261425018,-0.08522646874189377,0.1668078601360321,-0.143620103597641,0.672527551651001,0.10556024312973022,0.05900800973176956,0.48601919412612915,-0.4172184467315674,0.13469615578651428,1.296329140663147,-0.03207729384303093,-0.009245823137462139,0.051526349037885666,-0.4390436112880707,0.6655316352844238,-0.3543543815612793,0.08093144744634628,-0.11492703855037689,0.056893009692430496,0.6201521158218384,-0.3303641676902771,-0.5278580784797668,0.08244039863348007,-0.3978549838066101,0.09641233831644058,0.31871306896209717,-0.24387244880199432,0.13522520661354065,-0.30289334058761597,-0.06461955606937408,0.6378905773162842,-0.047734081745147705,-0.07474927604198456,-0.03900102525949478,-0.1463862955570221,0.16808155179023743,0.7071965932846069,-0.06317443400621414,0.16474062204360962,-0.3232423663139343,-0.11382651329040527,-0.0504678376019001,-0.08341653645038605,-0.6436358094215393,0.24516770243644714,-0.7457278370857239,0.5030404925346375,0.19165527820587158,0.35802900791168213,0.6421796679496765,0.3060271143913269,0.42419806122779846,-0.037254977971315384,-0.10347463190555573,-0.23155467212200165,0.2405422180891037,-0.04082686826586723,-0.019780633971095085,0.24708810448646545,-0.6395623683929443,-0.07884491980075836,-0.08196406066417694,-0.03352929651737213,-0.348184734582901,-0.02146267332136631,-0.25997206568717957,0.13325203955173492,0.12389123439788818,0.08308182656764984,0.08163292706012726,0.3438287675380707,-0.14406649768352509,-0.5052021145820618,0.027880456298589706,-0.09458649903535843,0.05064405873417854,-0.11061394214630127,0.2577185034751892,-0.19935055077075958,0.6337776780128479,-0.14131899178028107,0.1690390408039093,-0.1386750191450119,-0.09605645388364792,0.10848703235387802,0.4307841658592224,-0.17357459664344788,0.162293940782547,-0.1577504277229309,-0.26591649651527405,0.11378034204244614,-0.0828586146235466,0.19150102138519287,-0.2351449429988861,-0.45112696290016174,-0.10782577097415924,0.1622021645307541,0.0964464396238327,0.19994761049747467,0.16017141938209534,-0.08284972608089447,-0.2676233649253845,0.06936006993055344,-0.6117827296257019,-0.40821585059165955,0.34853726625442505,0.11950582265853882,0.025454094633460045,0.720589816570282,0.14655160903930664,0.1562408059835434,0.17670540511608124,-0.11455702781677246,0.006404670886695385,-0.15991951525211334,0.05693203955888748,0.02758810482919216,-0.04457654058933258,0.03394374996423721,-0.11395609378814697,0.05833110213279724,-0.16921845078468323,-0.09827671945095062,0.31152889132499695,-0.0878543108701706,-0.5821126699447632,-0.7932001948356628,0.5310872793197632,-0.29206809401512146,0.05294143036007881,0.1722898632287979,-0.350882887840271,-0.1587395966053009,-0.09849405288696289,0.188510000705719,-0.741110622882843,0.03879254311323166,-0.34004467725753784,0.05841991305351257,-0.0946727842092514,-0.12440862506628036,0.2511185109615326,-0.3870682716369629,-0.3511650860309601,-0.10036706924438477,-0.10398651659488678,-0.21008265018463135,-0.5047248601913452,-0.41793695092201233,0.36047568917274475,-0.01446000300347805,0.468240886926651,-0.021621014922857285,0.47694993019104004,0.026366686448454857,-0.09740690141916275,0.3821896016597748,0.011823510751128197,-0.42177778482437134,-0.10151655972003937,-0.28196388483047485,-0.4139478802680969,0.019807908684015274,-0.1840546429157257,0.6225637197494507,-0.08665059506893158,-0.4665249288082123,0.15457960963249207,-0.14955976605415344,0.11065018177032471,0.30516666173934937,0.30266618728637695,-0.13349416851997375,0.2515753209590912,0.27566808462142944,-0.0016806155908852816,0.05990464612841606,-0.2376435548067093,-0.0963137149810791,-0.17051361501216888,-0.14253975450992584,0.01114971935749054,-0.06564809381961823,-0.03051052987575531,0.11146308481693268,-0.346152663230896,-0.18057702481746674,0.4544488489627838,-0.09049614518880844,-0.019872695207595825,-0.023174505680799484,0.1555088609457016,-0.15033695101737976,0.09206746518611908,0.0646582841873169,0.14459237456321716,-0.07374850660562515,0.23650729656219482,0.16540303826332092,-0.12184776365756989,-0.5815783739089966,-0.22256895899772644,0.14403577148914337,0.004998284392058849,0.26854291558265686,-0.013303294777870178,-0.24909630417823792,-0.6333950757980347,0.015076989307999611,0.1771049052476883,-0.019122859463095665,0.12621130049228668,-0.051242489367723465,0.4136107861995697,-0.435772180557251,0.045499321073293686,-0.12976491451263428,-0.04028220847249031,-0.06090319901704788,0.11680133640766144,0.14585912227630615,-0.21221235394477844,0.400663286447525,-0.01042240858078003,0.1368861198425293,0.026948481798171997,-0.10579022020101547,0.14146609604358673,0.10048508644104004
CID000004201,1274,0.0519663505256176,-0.27170637249946594,-0.5584260821342468,0.2102690488100052,0.37681183218955994,-0.0847698301076889,-0.09741796553134918,-0.5764745473861694,-0.16259832680225372,0.0372491180896759,0.2866424322128296,0.048629939556121826,-0.07589110732078552,0.018386976793408394,0.1515391767024994,0.16339953243732452,0.3086152970790863,0.17299021780490875,-0.13770189881324768,0.20764131844043732,-0.1528373807668686,0.08512263000011444,0.4327031075954437,-0.021879607811570168,-0.4021644592285156,-0.7126832604408264,-0.5519329905509949,0.19655625522136688,-0.07037772238254547,-0.009673851542174816,0.5022947788238525,0.12503480911254883,-0.14288106560707092,0.5137876272201538,-0.0987233966588974,0.13503707945346832,1.1852706670761108,-0.10154740512371063,0.0925365462899208,0.1320781111717224,0.10480401664972305,0.535528302192688,-0.4634911119937897,0.014886599965393543,-0.07267586886882782,0.08766153454780579,0.5995665788650513,-0.2348923236131668,-0.4134439527988434,0.007740742526948452,-0.3228207528591156,0.1431959867477417,0.30150437355041504,-0.31391751766204834,0.28511515259742737,-0.18490183353424072,-0.3356744050979614,0.5211982727050781,0.09763078391551971,-0.11043194681406021,-0.08941769599914551,-0.2836053967475891,-0.14827051758766174,0.5812819004058838,0.0971025675535202,0.1382642239332199,-0.13207529485225677,-0.18310080468654633,0.10127662122249603,0.10454805195331573,-0.5453171730041504,0.18692044913768768,-0.5958937406539917,0.4782445430755615,0.032813213765621185,0.3412347435951233,0.7715786695480347,0.1943368911743164,0.3655061423778534,0.0829857736825943,0.00017439313523937017,-0.16343088448047638,0.12618760764598846,-0.06875826418399811,0.13554787635803223,0.35694071650505066,-0.17832079529762268,-0.11491777002811432,-0.08259600400924683,0.14287704229354858,-0.27726829051971436,-0.07712452858686447,-0.07823173701763153,0.03467903286218643,0.14134174585342407,-0.13875438272953033,0.009487521834671497,0.21198458969593048,-0.06694426387548447,-0.7191318273544312,-0.09695605933666229,-0.1959875375032425,0.18392285704612732,-0.008547475561499596,0.26757416129112244,-0.04953397065401077,0.9582180976867676,-0.14005841314792633,0.3420211672782898,-0.06965616345405579,-0.08964057266712189,0.1302032172679901,0.13928893208503723,-0.06306590139865875,0.17850837111473083,-0.4753173887729645,-0.3884032368659973,-0.0019508721306920052,-0.1349794566631317,0.14373838901519775,-0.2804396450519562,-0.29283908009529114,0.12230487912893295,0.035531602799892426,-0.13509432971477509,0.07727973163127899,0.24678151309490204,-0.06100266054272652,-0.3395285904407501,0.36035504937171936,-0.6383218765258789,-0.39190757274627686,0.34881824254989624,0.11272740364074707,0.005465556867420673,0.674167275428772,0.17054615914821625,-0.21949028968811035,0.27505192160606384,-0.11546740680932999,-0.07767157256603241,-0.23401889204978943,0.009714817628264427,0.030490320175886154,0.08471570909023285,0.020622268319129944,-0.1807454377412796,0.030233969911932945,-0.06055205315351486,-0.08943408727645874,0.13461735844612122,-0.1483936607837677,-0.46364957094192505,-0.6192930340766907,0.5078226923942566,-0.16689720749855042,0.4067826271057129,0.07087384164333344,-0.41205868124961853,-0.05416210740804672,-0.07105021923780441,0.2596047520637512,-1.058472990989685,0.003932090010493994,-0.2857995629310608,0.04940022528171539,0.060133058577775955,-0.31410279870033264,0.7785769701004028,-0.4939776062965393,-0.18647868931293488,-0.12231184542179108,0.017612705007195473,-0.1222609281539917,-0.5868684649467468,-0.19905152916908264,0.4026273787021637,0.1350923478603363,0.5038137435913086,-0.019667798653244972,0.6031749844551086,-0.19609566032886505,-0.20168888568878174,0.46206435561180115,-0.05722473934292793,-0.44322237372398376,-0.10681603103876114,-0.1664520502090454,-0.3232598900794983,-0.15392090380191803,-0.3382624685764313,1.026676893234253,-0.07958132773637772,-0.5148048400878906,0.13061055541038513,-0.09632660448551178,0.03866882249712944,0.11562247574329376,0.4303235411643982,-0.08954493701457977,0.3630181550979614,0.4340461790561676,-0.2192174643278122,0.09670241177082062,-0.2879416346549988,-0.19528914988040924,-0.17603245377540588,0.11730414628982544,-0.15538831055164337,-0.15289542078971863,-0.03660743311047554,0.025503600016236305,-0.09187333285808563,-0.2705673575401306,0.6453827023506165,0.08609025180339813,-0.08826681971549988,-0.1996236890554428,0.022762387990951538,0.005021998193114996,0.17076633870601654,0.0268819872289896,0.22779636085033417,-0.1018873006105423,0.21418814361095428,0.048338454216718674,0.04769032821059227,-0.5929343700408936,-0.2205558568239212,-0.035329096019268036,-0.24800729751586914,0.19283641874790192,0.06077088788151741,-0.22320878505706787,-0.5670089721679688,0.03527405485510826,0.19425007700920105,-0.18266558647155762,0.06683938205242157,-0.053459636867046356,0.7728960514068604,-0.3320976197719574,0.12867635488510132,-0.3035120368003845,-0.035194918513298035,-0.35761338472366333,0.1300332248210907,0.1611272543668747,-0.14096345007419586,0.1909230798482895,0.2674844563007355,-9.51029360294342e-05,0.33105120062828064,-0.13964709639549255,0.24603524804115295,0.14739230275154114
CID000065027,1304,0.0010834276909008622,-0.5434543490409851,-1.0653877258300781,-0.007177944295108318,0.36508068442344666,-0.2809281349182129,0.20041556656360626,-1.0344051122665405,-0.03915838524699211,-0.47412896156311035,0.8653615117073059,0.23117847740650177,0.01757359690964222,0.08518654108047485,-0.2844008803367615,0.3601108193397522,0.39576324820518494,0.2991650700569153,-0.37064307928085327,-0.42078647017478943,-0.5687000155448914,0.10872985422611237,0.26213330030441284,0.13415764272212982,-1.5196446180343628,-1.6136531829833984,-0.9202993512153625,0.044343091547489166,0.0476747527718544,-0.19357196986675262,1.4375017881393433,-0.26751965284347534,-0.003660061862319708,0.5382299423217773,-0.3366803526878357,-0.13544508814811707,0.43498069047927856,-0.1445099115371704,0.2101077288389206,-0.17738500237464905,-0.46955281496047974,0.4326644837856293,0.12280116230249405,-0.5000817179679871,-0.17793719470500946,-0.29494816064834595,1.0349352359771729,-0.5821706056594849,-0.794268012046814,-0.07956840097904205,-1.3091843128204346,0.2637558877468109,0.5657303333282471,-0.3259128928184509,0.38069987297058105,-0.7420884966850281,0.35833439230918884,1.4488840103149414,-0.21001772582530975,0.3503234088420868,-0.1716407835483551,-0.1695784628391266,-0.21932347118854523,1.0718061923980713,0.2654170095920563,0.6374019384384155,0.11301674693822861,-0.19466936588287354,0.03221239149570465,0.2144778072834015,-0.4031330943107605,0.20593567192554474,-0.8072017431259155,0.22699646651744843,0.05883779376745224,0.13230374455451965,0.2333306521177292,0.23689444363117218,1.321593999862671,-0.34280601143836975,-0.03682545945048332,-0.7886378765106201,0.03511214256286621,0.06601716578006744,0.046171627938747406,0.1868685930967331,-0.3653755486011505,-0.3254418671131134,-0.20119285583496094,0.07987304776906967,-0.32990795373916626,-0.6335176229476929,-0.626513659954071,0.3513695001602173,-0.09336729347705841,-0.08147317916154861,-0.26876965165138245,0.1213669553399086,0.16965234279632568,-1.6098674535751343,-0.4113491177558899,0.0532439649105072,-0.0223363246768713,-0.34064963459968567,0.04987510293722153,-0.18754544854164124,1.6527109146118164,-0.10893614590167999,-0.15874239802360535,-0.1251792013645172,0.00825514830648899,0.36620578169822693,0.5396719574928284,-0.9451688528060913,-0.15023188292980194,-0.26918232440948486,-0.7124519348144531,0.25054866075515747,0.29723984003067017,0.4254090189933777,-0.35773923993110657,0.020748566836118698,-0.019874081015586853,-0.1878618746995926,0.25739559531211853,-0.09433703124523163,0.38123655319213867,-0.16900385916233063,-0.2108139544725418,0.5308318138122559,-0.9226760864257812,0.36331862211227417,0.46626973152160645,0.020194634795188904,-0.303582102060318,0.9456039667129517,-0.002473080065101385,0.11730699241161346,0.5274480581283569,-0.4211048185825348,-0.15201027691364288,0.05377612262964249,-0.13998056948184967,0.2780131697654724,-0.12591852247714996,-0.11548753827810287,-0.35382604598999023,0.8322900533676147,0.3347354531288147,-0.0539916530251503,0.7621455788612366,-0.033057987689971924,-0.6862810850143433,-1.342052698135376,0.7164180278778076,0.07011722028255463,0.09048039466142654,0.39448389410972595,-0.6646127104759216,0.4754088521003723,-0.26416364312171936,-0.06602804362773895,-1.1592776775360107,-0.40265288949012756,-0.504404604434967,-0.0530773289501667,0.12756094336509705,0.14992156624794006,0.9309113621711731,-0.4810665249824524,-0.12300334125757217,-0.02187354862689972,0.1295834481716156,0.41972240805625916,-0.7956418991088867,-0.6152888536453247,0.6239643096923828,-0.2766724228858948,0.392071008682251,0.2102430760860443,0.01999741978943348,-0.006691670510917902,-0.3413729965686798,0.8089700937271118,0.3879636228084564,-0.28898873925209045,-0.3229326903820038,0.09492753446102142,-0.5389960408210754,-0.2423190325498581,-0.7470794916152954,1.7221901416778564,-0.3104057312011719,-0.019824523478746414,-0.13092252612113953,-0.3601105809211731,-0.2617954611778259,-0.03760746121406555,1.500368356704712,-0.2624737322330475,0.8255427479743958,0.042790014296770096,0.24518334865570068,1.3116049766540527,-0.4947563111782074,0.5066589117050171,-0.41788777709007263,-0.22779040038585663,-0.23171262443065643,0.21686682105064392,-0.32872384786605835,0.03778897970914841,-0.12028548866510391,-0.17177656292915344,1.0924818515777588,0.8438445925712585,-0.5304410457611084,0.11699048429727554,-0.0940692126750946,0.3995169699192047,-0.2009400874376297,0.37014085054397583,0.06896945089101791,-0.19377005100250244,0.01597597822546959,0.24663612246513367,0.30723777413368225,-0.928613543510437,-0.08097131550312042,0.022116029635071754,0.2682975232601166,0.3009544014930725,0.3138282597064972,-0.2908344566822052,-0.9094292521476746,0.1504785716533661,-0.09548433125019073,-0.0773342102766037,-0.007163015194237232,-0.4494209289550781,1.9097023010253906,-0.25940877199172974,0.15958960354328156,-0.5547141432762146,0.12733811140060425,-0.5273070931434631,-0.09024934470653534,0.3263320028781891,-0.18475420773029327,0.3614024519920349,0.14277175068855286,-0.09754422307014465,0.18001748621463776,-0.03501831740140915,0.4782688021659851,0.36613839864730835
CID000003494,1320,0.048350319266319275,-0.08048655837774277,-0.4662873148918152,0.22835657000541687,0.3021020293235779,-0.14025458693504333,0.052453845739364624,-0.4629685878753662,0.05887622758746147,-0.015011775307357311,0.27644819021224976,0.04118109121918678,-0.021321598440408707,-0.09885405004024506,-0.019680416211485863,0.21552184224128723,0.030324196442961693,0.023873221129179,-0.33076298236846924,0.04465984180569649,-0.018954133614897728,0.041509855538606644,0.6220572590827942,-0.09953097999095917,-0.3447149395942688,-0.6123011112213135,0.029869306832551956,-0.35958147048950195,0.2301047295331955,-0.06986470520496368,0.7393268346786499,0.07866929471492767,-0.05967910960316658,-0.00410759262740612,-0.45412278175354004,0.1579524576663971,0.1729428768157959,-0.05193696543574333,0.10050256550312042,0.022591983899474144,-0.2948206961154938,0.16877654194831848,-0.5455631017684937,0.17844422161579132,-0.08219709247350693,-0.008950687944889069,0.5385447144508362,-0.06757025420665741,-0.4990925192832947,0.01015914510935545,-0.35283342003822327,0.2938106060028076,0.5089837908744812,-0.07708071172237396,0.1221935898065567,-0.5069199800491333,-0.2532960772514343,0.6118048429489136,0.01205634605139494,-0.046045731753110886,0.22731776535511017,-0.17917583882808685,0.053959667682647705,0.7828195095062256,0.25644397735595703,0.2874307334423065,-0.05273681879043579,0.05607938766479492,0.019405735656619072,0.08233488351106644,-0.6875230073928833,0.20230793952941895,-0.5896207094192505,0.3254825472831726,-0.1774456799030304,0.5493592023849487,0.21043512225151062,0.2709483206272125,0.41054660081863403,-0.16691146790981293,0.07253802567720413,-0.16303876042366028,-0.12788021564483643,0.13376261293888092,0.19110965728759766,0.2855275869369507,-0.36629974842071533,-0.013807919807732105,0.10032583773136139,-0.09733257442712784,-0.05054064467549324,-0.10651294887065887,-0.10029812902212143,0.06545671075582504,0.07584750652313232,-0.27184444665908813,-0.2735295593738556,0.20813579857349396,0.07684439420700073,-0.3175373375415802,-0.05680905655026436,0.011448496952652931,0.13805052638053894,-0.09454512596130371,0.02325405552983284,-0.2859153747558594,0.42601555585861206,0.1922275274991989,0.1922496259212494,0.003402428235858679,0.03882256895303726,0.010075414553284645,0.2802234888076782,-0.20231926441192627,0.14461185038089752,-0.18579557538032532,-0.19937072694301605,0.035724446177482605,-0.25403687357902527,0.052507974207401276,-0.07922114431858063,-0.2746730446815491,0.027302902191877365,0.18111079931259155,0.01081706304103136,0.035302989184856415,0.17013317346572876,0.1377796232700348,-0.07991473376750946,0.18513067066669464,-0.6135101914405823,-0.22018274664878845,0.3336923122406006,0.21683020889759064,-0.02135300263762474,0.6293231844902039,0.09284214675426483,-0.19566701352596283,0.190409317612648,0.01930006593465805,-0.20864179730415344,-0.18538020551204681,0.1797770857810974,0.27397990226745605,0.22304567694664001,-0.13799411058425903,-0.3697497546672821,0.09685655683279037,-0.09555685520172119,0.11684615910053253,0.37630409002304077,-0.14840182662010193,-0.4979419708251953,-0.7465952634811401,0.8110954165458679,-0.39726758003234863,0.0026156394742429256,-0.057209312915802,-0.30987539887428284,-0.1733039915561676,-0.06003400683403015,-0.0684538334608078,-0.5694597363471985,0.1885482519865036,-0.39339786767959595,0.009505978785455227,-0.14102333784103394,-0.07351550459861755,0.30774280428886414,-0.6767745614051819,-0.20538203418254852,-0.017272617667913437,-0.16186466813087463,-0.02045801654458046,-0.5511410236358643,-0.12200897932052612,0.31648072600364685,0.18044345080852509,0.6141059994697571,-0.1672898530960083,0.671277642250061,-0.20757856965065002,-0.20541691780090332,0.10815707594156265,-0.10468947887420654,-0.28792983293533325,0.013372394256293774,-0.34583136439323425,0.04386105015873909,-0.14642463624477386,-0.17972108721733093,0.664493203163147,-0.1737491637468338,-0.5304228067398071,0.03570738434791565,-0.06655726581811905,-0.23395678400993347,-0.08132253587245941,0.13112877309322357,0.004324701614677906,0.24245409667491913,0.30709776282310486,-0.21177411079406738,-0.09479065239429474,-0.7330811619758606,-0.5037964582443237,-0.27781087160110474,-0.17453010380268097,-0.07244040071964264,-0.16354802250862122,-0.012806832790374756,0.03504621237516403,0.07727992534637451,-0.1801365315914154,0.5728658437728882,0.020482242107391357,0.02771543338894844,-0.12825743854045868,-0.07063882052898407,0.05367061495780945,0.45182713866233826,0.0591915026307106,0.28039175271987915,0.0925455242395401,-0.2105547934770584,0.13500924408435822,0.029924878850579262,-0.7863926291465759,-0.12212811410427094,-0.032247625291347504,-0.03285692259669304,0.0863858237862587,0.0909854844212532,-0.313250869512558,-0.6395413279533386,0.38338786363601685,0.03144622594118118,-0.11339254677295685,-0.1031341701745987,-0.15519991517066956,0.3537796437740326,-0.4617425799369812,-0.08172198385000229,-0.15662983059883118,-0.06953676044940948,-0.39365217089653015,-0.031168406829237938,0.10034475475549698,0.08194432407617569,0.2237234115600586,0.11373783648014069,0.10615559667348862,-0.02663552202284336,-0.11798472702503204,0.08229703456163406,-0.1984841227531433
CID000003108,1326,0.021966243162751198,-0.2495954930782318,-0.5081021785736084,-0.04357146471738815,0.378169447183609,-0.0968015044927597,0.027003848925232887,-0.49331045150756836,-0.3421404957771301,0.057613812386989594,0.38782602548599243,-0.03211439773440361,-0.07480273395776749,-0.05320184305310249,0.061634182929992676,0.3236615061759949,0.43852677941322327,0.09484462440013885,-0.2500232756137848,0.2824476659297943,-0.3064980208873749,-0.017868202179670334,0.5933824777603149,-0.042661216109991074,-0.525131344795227,-0.7220524549484253,-0.586443305015564,-0.05715341493487358,0.1930481493473053,-0.0013972759479656816,0.4814433157444,0.12136872857809067,-0.03472784534096718,0.3279644548892975,-0.20467238128185272,0.20335853099822998,0.7992216348648071,-0.1219678521156311,0.1356354057788849,0.07490028440952301,-0.11331286281347275,0.4764937460422516,-0.2585456967353821,0.0016620531678199768,-0.09627734124660492,0.04284532740712166,0.7115203142166138,-0.11612410843372345,-0.6682474613189697,-0.01193716749548912,-0.41007789969444275,0.40564483404159546,0.44189080595970154,-0.1954212635755539,0.052675969898700714,-0.3026832640171051,-0.069837786257267,0.6242192983627319,0.076902374625206,-0.032979559153318405,-0.14034177362918854,-0.23951199650764465,-0.01388331688940525,0.7444612979888916,0.04896979779005051,0.3434070646762848,-0.14712193608283997,-0.03228447213768959,0.04471767321228981,0.11802630126476288,-0.664076030254364,0.17859938740730286,-0.5658721327781677,0.5661523938179016,-0.04665329307317734,0.22033195197582245,0.4152308404445648,0.1838974803686142,0.4978657364845276,-0.03592955321073532,-0.03195193037390709,-0.17095652222633362,0.1361122876405716,-0.04715850576758385,0.32119497656822205,0.46205711364746094,-0.041008830070495605,-0.10798175632953644,-0.20674428343772888,-0.15136119723320007,-0.26004427671432495,-0.14953716099262238,-0.19397173821926117,0.08738294988870621,0.16217906773090363,-0.29923000931739807,-0.21265912055969238,0.25387507677078247,0.060208000242710114,-0.4858078062534332,-0.1625698059797287,-0.16519799828529358,0.14967064559459686,0.05352427437901497,0.13778318464756012,0.010808649472892284,0.9344960451126099,0.11803235113620758,0.23818102478981018,-0.16344669461250305,-0.08230245858430862,0.1170475035905838,0.3645724654197693,-0.07277683168649673,0.22032344341278076,-0.21696439385414124,-0.2903182804584503,0.07813595235347748,-0.2265678346157074,0.07988174259662628,-0.029666239395737648,-0.33164146542549133,-0.01995377615094185,0.048565249890089035,-0.3042849600315094,0.14575541019439697,0.19588080048561096,0.1365669071674347,-0.22348809242248535,0.263376384973526,-0.6538238525390625,-0.11822004616260529,0.49580445885658264,0.14603334665298462,-0.0016881227493286133,0.7036689519882202,0.35427889227867126,-0.1953732669353485,0.3202563226222992,-0.05755935236811638,-0.3042502701282501,-0.17497014999389648,0.18383163213729858,0.19533343613147736,0.1483345776796341,-0.15748187899589539,-0.41839781403541565,0.0036096214316785336,0.15895715355873108,-0.0850241631269455,0.3472047448158264,-0.047669071704149246,-0.4935327470302582,-0.6505299806594849,0.30961138010025024,-0.22529418766498566,0.35251152515411377,0.041819505393505096,-0.48665356636047363,-0.02885490655899048,-0.07539509236812592,-0.10402528941631317,-0.8900545239448547,0.08730443567037582,-0.44414442777633667,-0.0707225576043129,-0.2247091829776764,-0.1540684849023819,0.6745641827583313,-0.42012229561805725,-0.1973271518945694,-0.23545821011066437,-0.0943123921751976,-0.15688838064670563,-0.6076067686080933,-0.07961930334568024,0.30749961733818054,-0.013437474146485329,0.6205495595932007,-0.20494160056114197,0.3974800705909729,-0.2277791053056717,-0.08839797973632812,0.3756363093852997,-0.0970156192779541,-0.419182151556015,0.0746956318616867,-0.1211109608411789,-0.13278701901435852,-0.14079730212688446,-0.4306928515434265,1.0233502388000488,-0.14061231911182404,-0.3652869462966919,0.11341778934001923,0.01427316665649414,-0.04308956861495972,0.11558310687541962,0.40769124031066895,-0.054372359067201614,0.3831214904785156,0.46037548780441284,-0.10814701020717621,0.12826231122016907,-0.4060212969779968,-0.24259290099143982,-0.21581010520458221,0.12715885043144226,-0.20780733227729797,-0.19667966663837433,0.18977399170398712,-0.13602128624916077,0.24136681854724884,-0.2754249572753906,0.9043070077896118,0.14204147458076477,-0.25892701745033264,0.05923990160226822,0.09148523956537247,0.39183634519577026,0.21442246437072754,0.024462012574076653,0.2508655786514282,-0.013297307305037975,0.09712553024291992,0.18198616802692413,0.11228672415018082,-1.065523386001587,-0.4142526686191559,-0.08171852678060532,-0.13724775612354279,0.09252570569515228,0.06947336345911026,-0.197215273976326,-0.4766696095466614,0.20479950308799744,0.05566893890500069,-0.2489146888256073,-0.0419432558119297,-0.17165100574493408,0.4286080002784729,-0.5152634382247925,-0.01847936026751995,-0.14537625014781952,-0.09800199419260025,-0.27838027477264404,0.028370076790452003,0.20207718014717102,-0.06658628582954407,0.23297826945781708,-0.022057121619582176,0.0657077431678772,0.3019713759422302,-0.18480300903320312,0.2635463774204254,0.004257730208337307
CID000013342,1349,0.11495727300643921,-0.4316887855529785,-0.7734200358390808,0.12158781290054321,0.14929842948913574,-0.23915915191173553,0.26175200939178467,-0.6308635473251343,0.030304212123155594,-0.38580942153930664,0.6814719438552856,0.2319483757019043,-0.09837491810321808,-0.020600128918886185,-0.0877319946885109,0.13769061863422394,0.15449514985084534,0.1195383071899414,-0.13113489747047424,0.06899698823690414,-0.24138541519641876,0.18985265493392944,0.23069708049297333,-0.12557822465896606,-1.1009042263031006,-1.023977518081665,-0.5698831081390381,0.13379594683647156,0.11906403303146362,-0.0692819207906723,0.9143311381340027,-0.110177181661129,0.15728458762168884,0.23891150951385498,-0.13934509456157684,-0.17402195930480957,0.3651964068412781,0.1008814349770546,0.11359474807977676,-0.13071784377098083,-0.14884686470031738,0.5224264860153198,-0.1447543203830719,-0.20433208346366882,-0.11176727712154388,0.05270566791296005,0.9480693936347961,-0.19452762603759766,-0.6482195854187012,0.13257834315299988,-0.8694721460342407,0.13970305025577545,0.40211135149002075,-0.10867812484502792,0.30033057928085327,-0.41577959060668945,0.05685800313949585,0.9465844035148621,-0.05181232839822769,0.1761104166507721,-0.12010909616947174,-0.04837765544652939,-0.14370933175086975,0.629377007484436,0.14962901175022125,0.3359737694263458,0.2687191069126129,-0.2110055387020111,0.04711267352104187,0.09072469174861908,-0.6258400082588196,-0.010277623310685158,-0.5909663438796997,0.3683352768421173,0.007830644026398659,0.10431007295846939,0.3022913932800293,0.14582692086696625,0.9844417572021484,0.2717253565788269,-0.0041329385712742805,-0.3566499650478363,-0.11703244596719742,-0.10273589938879013,0.12002897262573242,0.012841952033340931,-0.5184264183044434,-0.23672671616077423,-0.09120889008045197,0.2616785764694214,-0.3258679509162903,-0.28852778673171997,-0.33203330636024475,0.07732250541448593,0.06212474778294563,0.11801593005657196,-0.1250019371509552,0.17009595036506653,-0.0947754979133606,-1.4507635831832886,-0.14848892390727997,0.2938781678676605,-0.11252620071172714,-0.16640815138816833,0.26058274507522583,0.05458676069974899,0.76993328332901,0.20679745078086853,-0.1265261024236679,0.02762870118021965,0.32568368315696716,0.21072986721992493,0.36505693197250366,-0.7809139490127563,0.08742520213127136,-0.2792011797428131,-0.19440686702728271,0.25809377431869507,0.3137626051902771,0.3775085508823395,-0.21292626857757568,-0.36684319376945496,-0.09409228712320328,-0.024677693843841553,0.17758002877235413,-0.11137688159942627,0.23188439011573792,-0.05337269976735115,-0.18918746709823608,0.5547422766685486,-0.6710246801376343,-0.0796552374958992,0.22443684935569763,0.15956728160381317,-0.05913548916578293,0.7848389148712158,-0.23519496619701385,-0.14951273798942566,0.41668978333473206,-0.3112507462501526,-0.060053981840610504,-0.04327554628252983,0.04504028335213661,0.08583599328994751,0.16720141470432281,0.0422370620071888,-0.2207951545715332,0.2441379278898239,0.13356085121631622,-0.01576376147568226,0.6837321519851685,-0.13242828845977783,-0.4887772500514984,-1.1196143627166748,0.6962236762046814,0.19176927208900452,0.07913072407245636,0.21363790333271027,-0.5714016556739807,0.20386216044425964,-0.042656537145376205,-0.07003969699144363,-1.091058373451233,0.1126382127404213,-0.5429242849349976,0.0962369441986084,0.05289013311266899,0.15410315990447998,1.1738905906677246,-0.5768401026725769,-0.2198568880558014,0.14565253257751465,-0.165654256939888,0.3116246461868286,-0.503604531288147,-0.3839423358440399,0.40466079115867615,-0.2317837029695511,0.4736064076423645,0.27214568853378296,0.33438336849212646,-0.23286309838294983,-0.2702789008617401,0.7384819984436035,-0.06006558984518051,-0.2616446316242218,-0.13339288532733917,0.07156933099031448,-0.2285929024219513,-0.25591740012168884,-0.626801073551178,1.3030226230621338,-0.16599294543266296,-0.028488755226135254,-0.26116663217544556,-0.3086957335472107,-0.06274156272411346,0.16918158531188965,1.0951308012008667,-0.15180709958076477,0.7851154208183289,0.21413223445415497,0.17819955945014954,1.1023643016815186,-0.48753148317337036,0.30756115913391113,-0.4431106448173523,0.08011152595281601,-0.03350735828280449,0.19470615684986115,-0.27592289447784424,0.017903335392475128,0.02181638404726982,-0.09958253055810928,0.7109917998313904,0.41542911529541016,-0.28641337156295776,-0.13149134814739227,-0.10296753793954849,0.03850402310490608,0.11780302226543427,0.061820726841688156,0.03127853199839592,-0.37065690755844116,-0.20950166881084442,0.3969686031341553,0.0257289819419384,-0.5059777498245239,-0.07200397551059723,0.2821221947669983,0.09401921927928925,0.22869166731834412,0.3704420030117035,-0.014236897230148315,-0.7789315581321716,0.1412324458360672,0.1220916360616684,0.03689209371805191,-0.2845594584941864,-0.1527293622493744,1.2014398574829102,-0.27411752939224243,-0.0022454955615103245,-0.3640879988670349,-0.16837847232818604,-0.5841328501701355,-0.14714114367961884,0.057939689606428146,-0.2028275728225708,0.5193773508071899,0.13783831894397736,0.06411857903003693,0.12462693452835083,-0.05788534879684448,0.34794363379478455,-0.0287107415497303
CID000068844,1366,0.2552490234375,-0.2674839496612549,-0.7560935616493225,-0.0025864155031740665,0.41659826040267944,-0.28844234347343445,0.23064008355140686,-0.8491126298904419,0.09539233893156052,-0.3388127386569977,0.5262091159820557,0.25078269839286804,-0.13652026653289795,0.05762143060564995,0.025953907519578934,0.3539634346961975,0.1570957601070404,0.07309021055698395,-0.4099276661872864,-0.03334955498576164,0.021434223279356956,-0.1455870270729065,0.33463168144226074,-0.13359518349170685,-1.1434510946273804,-0.7740064859390259,-0.4082891047000885,-0.09957988560199738,0.1804209053516388,0.009731571190059185,0.7039720416069031,0.01749003864824772,0.2627013623714447,0.24993863701820374,-0.28092047572135925,0.07504413276910782,0.4027799665927887,0.044463761150836945,0.1719895303249359,0.04290470480918884,0.09256336092948914,0.5066987872123718,-0.25293654203414917,-0.22658030688762665,0.17750480771064758,-0.01587078347802162,0.9260872602462769,-0.23109789192676544,-0.6051559448242188,0.0467529222369194,-0.8199213147163391,-0.19405971467494965,0.4365837574005127,-0.11007259786128998,0.04161890968680382,-0.21480564773082733,-0.06983765214681625,0.9565032720565796,-0.13023708760738373,-0.05789141729474068,-0.21362245082855225,0.08140164613723755,-0.11383023113012314,0.3252895176410675,0.05597950145602226,0.470018208026886,0.1884629726409912,0.015793215483427048,-0.11088119447231293,0.054076097905635834,-0.39701780676841736,0.03908305615186691,-0.31185606122016907,0.5703591704368591,-0.3273841142654419,0.21838708221912384,0.46705111861228943,0.10100173950195312,0.5524871945381165,0.07244014739990234,-0.06258693337440491,-0.31819310784339905,0.09618937969207764,0.046641893684864044,0.2197045534849167,0.10241761058568954,-0.8109787702560425,-0.0006553530693054199,-0.12683311104774475,-0.025780808180570602,-0.2634833753108978,-0.21293394267559052,-0.2901313900947571,0.2385115623474121,-0.021276084706187248,0.1288982331752777,-0.016090042889118195,0.16347847878932953,-0.05994170904159546,-1.4894667863845825,-0.2912687659263611,0.0838765874505043,0.11661835014820099,-0.1623196303844452,0.15342019498348236,-0.09201516211032867,0.9408496022224426,-0.10424848645925522,0.05975968390703201,-0.042284056544303894,0.07297931611537933,0.19375066459178925,0.18184460699558258,-0.7604697942733765,0.11989390850067139,-0.35110175609588623,-0.2908526659011841,0.06054630130529404,0.2692413926124573,0.21398162841796875,-0.07820214331150055,-0.25353094935417175,0.042794693261384964,0.2023015320301056,0.10528445243835449,-0.00012152791168773547,0.3148321509361267,-0.11866452544927597,-0.18184411525726318,0.1293833702802658,-0.4665391445159912,0.04063265770673752,0.2979383170604706,0.07297570258378983,-0.24242834746837616,0.4920150637626648,-0.09304346889257431,-0.11264791339635849,0.3781069219112396,-0.3248305916786194,0.032009296119213104,0.09128999710083008,0.06865314394235611,0.3087116479873657,0.1329246163368225,0.1808147430419922,-0.5282754302024841,0.3406127095222473,-0.2068723738193512,-0.32763582468032837,0.7291945219039917,-0.1904708445072174,-0.4472876489162445,-0.8050268292427063,0.7144687175750732,0.03183046728372574,0.08323422819375992,0.2119131088256836,-0.6494547128677368,0.23189643025398254,0.03673575818538666,-0.06443287432193756,-0.9224189519882202,0.04997827485203743,-0.5242940187454224,0.08893285691738129,0.0029313385020941496,-0.11441229283809662,1.1227072477340698,-0.753158450126648,-0.163516566157341,0.0166151262819767,0.05323357135057449,0.20160062611103058,-0.40703096985816956,-0.3340732455253601,0.32091838121414185,-0.08789573609828949,0.5084830522537231,0.4226986765861511,0.512281596660614,-0.18376430869102478,-0.005267423577606678,0.9066645503044128,-0.18007983267307281,-0.29019057750701904,-0.2732864022254944,-0.15908443927764893,-0.1894797533750534,-0.14288398623466492,-0.4821617007255554,1.395017385482788,-0.07578067481517792,-0.1753707379102707,-0.08927761018276215,-0.12121739238500595,-0.2370419204235077,0.03238322213292122,1.2826086282730103,-0.1582673341035843,0.6173466444015503,0.43211522698402405,-0.23718853294849396,0.919610857963562,-0.4358493685722351,0.2222142517566681,-0.4352738857269287,-0.001951503800228238,-0.06893099844455719,0.09636437147855759,-0.04775659367442131,0.02556746080517769,0.029495611786842346,-0.1480497121810913,0.46581873297691345,0.13595953583717346,-0.39716994762420654,-0.12433439493179321,0.07708003371953964,-0.06071047857403755,-0.009644156321883202,0.13031965494155884,-0.22701601684093475,-0.2883641719818115,-0.05502200126647949,0.3764013350009918,0.08663717657327652,-0.3849624991416931,-0.3002990782260895,0.08249540627002716,0.09711779654026031,0.018069693818688393,0.42923054099082947,-0.19814738631248474,-0.5989724397659302,0.030202340334653854,-0.0385206900537014,-0.16642311215400696,-0.08561600744724274,-0.2125254124403,1.2775245904922485,-0.30246609449386597,0.11474081128835678,-0.5310182571411133,0.004077157471328974,-0.5427411198616028,-0.11513116210699081,-0.09338151663541794,0.06504231691360474,0.48553666472435,0.21612468361854553,0.11118222773075104,0.12884388864040375,-0.16012628376483917,0.4087788462638855,0.08697901666164398
CID000060164,1367,0.01673482172191143,-0.15837140381336212,-0.4413411617279053,-0.1168363094329834,0.366501122713089,-0.22774899005889893,-0.010493946261703968,-0.32209476828575134,-0.2531808912754059,0.11370158195495605,0.40063929557800293,0.09583526104688644,-0.07669436186552048,-0.07672639936208725,0.021410871297121048,0.21315041184425354,0.4764081537723541,-0.14548489451408386,-0.26281338930130005,0.2668442130088806,-0.22475123405456543,0.06402921676635742,0.5249037742614746,0.043788082897663116,-0.3829880654811859,-0.7733343839645386,-0.19577719271183014,-0.19399945437908173,0.11529801785945892,0.1412920504808426,0.4048372805118561,0.1484650820493698,-0.1033686175942421,0.30693960189819336,-0.3472331464290619,0.08430354297161102,0.6310656070709229,-0.1855199635028839,-0.00032129735336638987,-0.11311037838459015,-0.25299522280693054,0.4977198541164398,-0.2768564820289612,-0.05109819769859314,0.019764622673392296,0.03702554851770401,0.6013835668563843,-0.032876212149858475,-0.5963760018348694,0.021714070811867714,-0.47259530425071716,0.10528572648763657,0.3227159082889557,-0.17872369289398193,0.2075529396533966,-0.3967307209968567,-0.16226021945476532,0.5371495485305786,0.09415964782238007,-0.0784611701965332,0.15553411841392517,-0.23884239792823792,0.1613881140947342,0.6857726573944092,0.1950242966413498,0.23279030621051788,-0.2614244818687439,-0.03409479930996895,-0.050520073622465134,-0.06973961740732193,-0.5915573239326477,0.1698605716228485,-0.4276105761528015,0.6447175741195679,0.05716000869870186,0.3649878203868866,0.4571756422519684,0.47712111473083496,0.38202136754989624,-0.07844815403223038,-0.1291167438030243,-0.1582934409379959,0.039967793971300125,0.04155941680073738,0.1150495857000351,0.33998051285743713,-0.1452699601650238,-0.013707173056900501,-0.04526654630899429,0.03675125166773796,-0.1218566745519638,-0.10766510665416718,-0.052973199635744095,0.19117102026939392,0.09511103481054306,-0.1575118601322174,-0.3664863407611847,0.2237800657749176,-0.012967437505722046,-0.5581051111221313,0.006864282302558422,-0.10468447208404541,0.06789691746234894,-0.026041025295853615,0.14998504519462585,-0.1389053761959076,0.5343044996261597,0.13908234238624573,0.1795092523097992,-0.16807407140731812,-0.08169099688529968,0.09196041524410248,0.36140409111976624,-0.30659887194633484,0.17957133054733276,-0.15245792269706726,-0.2948346734046936,0.07155810296535492,-0.06820248067378998,-0.183659166097641,-0.045444704592227936,-0.3005937337875366,-0.021776925772428513,-0.009054021909832954,0.04408338665962219,0.12182922661304474,0.1865158975124359,0.09080329537391663,-0.17487333714962006,0.17218051850795746,-0.6567662954330444,-0.010612678714096546,0.44439005851745605,0.20454668998718262,0.09045615047216415,0.9161298871040344,0.115709088742733,-0.27461177110671997,0.25358736515045166,0.024646878242492676,-0.22131521999835968,-0.3450334966182709,0.27217331528663635,0.2826620936393738,0.05196720361709595,0.0029605000745505095,-0.381957471370697,-0.16662847995758057,0.07124922424554825,0.06358788162469864,0.2683956027030945,-0.0830894336104393,-0.4972081780433655,-0.5726113319396973,0.4586606025695801,-0.286181777715683,0.07436005771160126,-0.234018012881279,-0.43776434659957886,-0.11989565938711166,-0.07780348509550095,-0.131736159324646,-0.6403673887252808,0.0601593479514122,-0.3912283182144165,0.00014858096255920827,0.005127805285155773,-0.06260839849710464,0.35176849365234375,-0.5017362833023071,-0.05978778749704361,-0.0970078632235527,-0.1808193027973175,-0.11911239475011826,-0.47386735677719116,-0.08080121874809265,0.3050204813480377,0.15910787880420685,0.5609382390975952,-0.014210343360900879,0.6613990068435669,-0.13939940929412842,-0.18769210577011108,0.2709864377975464,-0.07246404886245728,-0.4511147439479828,0.047244105488061905,-0.2511342167854309,-0.1138777881860733,-0.09874160587787628,-0.43879517912864685,0.7920157313346863,0.009919172152876854,-0.4219852089881897,0.12429694831371307,0.014792399480938911,-0.1144951730966568,0.05085579678416252,0.42778700590133667,-0.1276686191558838,0.37581688165664673,0.4784693717956543,-0.04053424671292305,0.1352221518754959,-0.4074312150478363,-0.26997295022010803,-0.2713279128074646,-0.15018808841705322,0.0035316585563123226,-0.06137054041028023,0.1521519422531128,0.01672285608947277,0.08436989784240723,-0.18409577012062073,0.639428436756134,-0.04010564461350441,-0.015180611982941628,-0.2470330446958542,0.02534739300608635,0.10808620601892471,0.26095762848854065,0.016646554693579674,0.1602361500263214,-0.051474642008543015,-0.1672254502773285,0.15977396070957184,0.14901313185691833,-0.6521860957145691,-0.2547939717769623,-0.12656202912330627,0.0529940240085125,0.1066153272986412,0.1871633231639862,-0.2949697971343994,-0.5045784711837769,0.11057154089212418,0.0740434005856514,-0.12930543720722198,0.06307127326726913,-0.16381365060806274,0.24464604258537292,-0.3809666037559509,-0.07749607414007187,-0.19297370314598083,-0.0467604324221611,-0.2249312847852707,-0.04073266312479973,-0.14755991101264954,-0.015725623816251755,0.2709774971008301,-0.13790316879749298,-0.07449890673160553,-0.06877773255109787,-0.18394127488136292,0.17140619456768036,-0.0570964589715004
CID000004195,1373,0.1435207724571228,-0.1575430929660797,-0.7404369115829468,0.13387812674045563,0.3918273150920868,0.1654791384935379,-0.055979419499635696,-0.7431939840316772,-0.3277413845062256,-0.3052438795566559,0.12162232398986816,-0.02041829749941826,-0.22683396935462952,-0.06073800474405289,-0.1916031837463379,0.014010501094162464,0.38946205377578735,0.035772547125816345,-0.6015896201133728,0.09476733207702637,-0.07536143809556961,-0.2018304318189621,0.5733510255813599,0.14308655261993408,-0.40857720375061035,-0.5305112600326538,-0.1505189836025238,-0.15495620667934418,0.31144657731056213,-0.07393258810043335,0.9634429812431335,-0.052326004952192307,-0.08011707663536072,0.7303503155708313,-0.498283714056015,-0.15861880779266357,1.0775301456451416,-0.16864193975925446,0.09235195815563202,-0.06622396409511566,-0.7359933853149414,0.46844473481178284,-0.15079745650291443,0.14612936973571777,0.10651574283838272,0.1271071434020996,0.621327817440033,0.12101304531097412,-0.5438858270645142,0.18649771809577942,-0.6330260038375854,0.056516360491514206,0.33762821555137634,-0.16199974715709686,0.2772347331047058,-0.33234652876853943,-0.0636003389954567,0.8393566012382507,0.09721799194812775,-0.18427419662475586,0.12519314885139465,-0.11814893782138824,0.040244247764348984,1.021785020828247,0.1622036248445511,0.41964778304100037,0.010069629177451134,0.010136177763342857,-0.001977270934730768,-0.07997114211320877,-0.8930202722549438,0.08505567163228989,-0.7664839625358582,0.2524639964103699,0.0005415767664089799,0.5083751678466797,0.38369840383529663,0.2202012985944748,0.8187121152877808,0.1424281895160675,0.14859719574451447,-0.43653416633605957,0.011062015779316425,-0.26736411452293396,0.48088544607162476,0.2543356120586395,-0.7494257092475891,0.03143491595983505,-0.1785397231578827,-0.03785523772239685,-0.10080275684595108,0.08682592213153839,-0.2493891716003418,0.13352127373218536,-0.06454572826623917,-0.21816286444664001,-0.08199761807918549,0.05909217521548271,-0.045195359736680984,-0.6544608473777771,0.08494772762060165,0.07285447418689728,0.15187962353229523,-0.40997377038002014,0.20219752192497253,-0.22681155800819397,0.7324041128158569,0.1049562469124794,0.12010280787944794,0.023900840431451797,0.09312263876199722,-0.0014514208305627108,0.48974522948265076,-0.44993463158607483,0.16033589839935303,-0.2422901690006256,-0.3020721971988678,0.20551209151744843,-0.0907307043671608,0.2778744697570801,-0.38364583253860474,-0.22998245060443878,0.03831113129854202,0.17314299941062927,0.0030893548391759396,-0.1302969753742218,0.22034946084022522,-0.07334122061729431,0.0010237634414806962,0.2405838668346405,-0.6817326545715332,-0.41793766617774963,0.3733634352684021,0.3106037974357605,0.11989756673574448,0.8995043039321899,0.2992013096809387,0.0866745337843895,0.2530151307582855,0.08578535169363022,0.07386019080877304,-0.25312328338623047,0.15514059364795685,0.24815614521503448,-0.08359649777412415,-0.18569037318229675,-0.46778908371925354,-0.023844443261623383,-0.042970605194568634,-0.23952433466911316,0.47461065649986267,-0.005094489548355341,-0.7824661135673523,-0.8266080617904663,0.8210846185684204,-0.2933427393436432,0.04967374727129936,0.18149733543395996,-0.2581869959831238,0.05286737531423569,-0.2375141829252243,0.18874125182628632,-0.9422847032546997,-0.21844998002052307,-0.3622480034828186,-0.20759478211402893,-0.10610433667898178,-0.12764593958854675,0.19311080873012543,-0.4507746696472168,-0.2811683118343353,-0.13354025781154633,0.1608220338821411,-0.2433011829853058,-0.5683651566505432,0.013378319330513477,0.48401719331741333,0.20316734910011292,0.5368167161941528,0.02779211476445198,0.4297654628753662,-0.1957826316356659,-0.23648706078529358,0.6250519752502441,0.08297859877347946,-0.6058871150016785,-0.1688416749238968,-0.3020186126232147,-0.1792997121810913,-0.022768747061491013,-0.2798566222190857,0.7673451900482178,-0.06317894160747528,-0.4363958239555359,-0.04072735458612442,-0.15318211913108826,-0.051569849252700806,0.09001783281564713,0.3366888165473938,0.05570598319172859,0.414541631937027,0.14278516173362732,0.03188387677073479,-0.04439074546098709,-0.3852432370185852,-0.24966375529766083,-0.1978757381439209,0.17049573361873627,-0.10942383110523224,0.07204128801822662,-0.23462338745594025,-0.05166586488485336,0.1340373158454895,-0.28860899806022644,0.5198413729667664,0.053594302386045456,-0.10182487964630127,-0.20620183646678925,-0.06199366971850395,-0.09314171224832535,0.0033203004859387875,-0.11499249935150146,0.08094922453165054,-0.028760571032762527,-0.09422445297241211,0.01586855947971344,0.008749348111450672,-1.0560615062713623,-0.0016404095804318786,0.05686265975236893,-0.06719455868005753,0.4726824164390564,0.13684989511966705,-0.24642129242420197,-0.6767314672470093,0.19243888556957245,0.09907735884189606,0.017287861555814743,-0.18266375362873077,-0.04565920680761337,0.6672496795654297,-0.3588646352291107,0.13127167522907257,-0.4029158651828766,-0.33670738339424133,-0.2373344451189041,0.14236149191856384,0.012017619796097279,-0.14103278517723083,0.37768179178237915,0.3487693667411804,0.18073633313179016,0.03642018884420395,-0.0828232616186142,0.2964330315589905,-0.07906936854124069
CID000002995,1378,0.09450919926166534,-0.3875957429409027,-0.5627712607383728,-0.06866268813610077,0.40650978684425354,0.09244794398546219,-0.00020265206694602966,-0.3313726484775543,-0.15655294060707092,0.26625266671180725,0.3216496407985687,-0.08058011531829834,-0.01953754387795925,-0.10828590393066406,-0.10133884102106094,0.29052287340164185,0.5307236909866333,0.06077190116047859,-0.40751057863235474,0.0806715339422226,-0.25487786531448364,-0.19981980323791504,0.4078506827354431,0.051395900547504425,-0.2886500954627991,-0.4849766790866852,-0.14728467166423798,-0.43652114272117615,0.341208279132843,-0.16593706607818604,0.7708686590194702,-0.0787927582859993,-0.1719347983598709,-0.1439640372991562,-0.503351092338562,0.20119361579418182,0.27027127146720886,-0.14721351861953735,-0.0009590148692950606,0.05634940788149834,-0.3760567009449005,0.5948385000228882,-0.2938369810581207,-0.13121919333934784,0.05688660591840744,0.11899246275424957,0.6899012923240662,-0.07355153560638428,-0.33545729517936707,0.020892638713121414,-0.5379109382629395,0.22712326049804688,0.3026936650276184,-0.1184098869562149,-0.19877976179122925,-0.3391219973564148,-0.30240315198898315,1.0773295164108276,0.22381336987018585,-0.23333768546581268,0.038201797753572464,-0.03661949187517166,-0.23371855914592743,0.8478534817695618,0.09357872605323792,0.33376505970954895,-0.26642563939094543,0.0847875103354454,0.006168483290821314,0.036513615399599075,-0.8735088109970093,-0.0871880054473877,-0.7344810366630554,0.09577841311693192,-0.04521981626749039,0.46123814582824707,0.4083477854728699,0.019894173368811607,0.3512450158596039,-0.21107514202594757,-0.1709040105342865,-0.20078423619270325,-0.2843448221683502,-0.011867448687553406,0.1360415667295456,0.3868143558502197,-0.527305006980896,-0.19256259500980377,0.016364123672246933,0.11929120868444443,-0.1369607299566269,-0.12866511940956116,0.004790559411048889,-0.03245282173156738,0.20676222443580627,-0.2080247849225998,-0.3733287453651428,0.3192397356033325,-0.016827549785375595,-0.4525352120399475,-0.13223974406719208,-0.12977319955825806,-0.0765526220202446,-0.013447770848870277,0.16821826994419098,-0.2877158522605896,0.619158148765564,0.001246380852535367,0.08555357158184052,-0.12161675840616226,-0.05784723907709122,0.17319877445697784,0.5554225444793701,-0.4017108976840973,0.07047891616821289,-0.12918198108673096,-0.23209862411022186,-0.1099947839975357,-0.2936060428619385,0.2036081850528717,0.12974406778812408,-0.27794528007507324,0.022068390622735023,0.19285333156585693,-0.07675693929195404,0.1252903938293457,0.3403737246990204,-0.04177425429224968,-0.14805319905281067,0.3960103988647461,-0.6399188041687012,-0.04189276695251465,0.30786386132240295,0.1839103251695633,0.026102935895323753,0.8275575637817383,0.07374494522809982,-0.42681241035461426,0.15889686346054077,-0.20433659851551056,-0.23530468344688416,-0.16238366067409515,0.06335540115833282,0.27425330877304077,0.31737446784973145,-0.12309000641107559,-0.6677605509757996,0.2825573980808258,0.15938648581504822,-0.19847920536994934,0.5572232604026794,-0.1222098097205162,-0.8933092951774597,-1.0053974390029907,0.6515170335769653,-0.45976313948631287,-0.09883485734462738,-0.011378156952559948,-0.39853435754776,-0.002308383584022522,-0.028493711724877357,-0.2079644501209259,-0.5576184988021851,0.06590460240840912,-0.6377236843109131,-0.09441309422254562,-0.11935381591320038,-0.2529838979244232,0.4718014597892761,-0.46820729970932007,-0.07878675311803818,-0.09760504215955734,0.07062071561813354,-0.11990456283092499,-0.6908910274505615,-0.1309538632631302,0.5856295824050903,0.08662637323141098,0.520000159740448,-0.04088225215673447,0.6789315938949585,-0.21573257446289062,0.09337463974952698,0.08350473642349243,-0.23021559417247772,-0.18416039645671844,0.0754019170999527,-0.39055970311164856,0.2744012475013733,-0.07688572257757187,-0.5116759538650513,0.7549833059310913,-0.07115907967090607,-0.332942396402359,0.03378501906991005,0.07989323884248734,-0.009390047751367092,0.15608951449394226,0.12940549850463867,0.09751854091882706,0.22661733627319336,-0.01985023356974125,-0.17561249434947968,0.10426511615514755,-0.44792088866233826,-0.36862459778785706,-0.23976171016693115,-0.11881184577941895,0.07738858461380005,-0.1280234456062317,-0.01578424870967865,-0.009338920935988426,0.013314235024154186,-0.36353519558906555,0.5664260983467102,0.15817661583423615,-0.026354018598794937,-0.12645170092582703,-0.02822139486670494,0.24825839698314667,0.24720489978790283,0.21020253002643585,0.3450087606906891,-0.042964816093444824,-0.11553563922643661,0.31576988101005554,0.013216659426689148,-0.9513177871704102,-0.21212586760520935,-0.16062262654304504,0.11551541090011597,0.14286164939403534,0.137907475233078,-0.3174501359462738,-0.7241219878196716,0.37926268577575684,0.021107610315084457,-0.1410749852657318,0.0413176529109478,-0.2881409823894501,0.2765468955039978,-0.45720773935317993,-0.03920714929699898,-0.0449676476418972,-0.04887063428759575,-0.5226574540138245,0.10806802660226822,0.18388554453849792,0.04534788057208061,0.3734228014945984,0.2781664729118347,0.09211946278810501,0.14210881292819977,-0.11417015641927719,0.27402329444885254,0.0715753436088562
CID000003355,1380,0.029446016997098923,-0.09102948755025864,-0.3856417238712311,0.049544744193553925,0.26304128766059875,-0.2013435810804367,0.010509086772799492,-0.413687139749527,-0.11773552745580673,0.04702836647629738,0.31271418929100037,0.12578657269477844,0.0009341592667624354,-0.04539937525987625,-0.02101810649037361,0.33084219694137573,0.5372515320777893,0.03200014680624008,-0.3128548860549927,0.2018633633852005,-0.03282124549150467,-0.04558039456605911,0.5896617770195007,-0.012186539359390736,-0.3321394920349121,-0.5673321485519409,-0.182193323969841,-0.16376519203186035,0.14154361188411713,0.03106909990310669,0.27983203530311584,0.04023483768105507,-0.09376734495162964,0.17667239904403687,-0.15909162163734436,0.10327692329883575,0.4838925004005432,-0.14819185435771942,0.041828494518995285,-0.017306050285696983,-0.17747893929481506,0.5203397274017334,-0.3573298156261444,0.020079705864191055,0.02778474986553192,0.11538314819335938,0.5556410551071167,-0.060815922915935516,-0.5763534903526306,0.05333749204874039,-0.30916059017181396,0.19047634303569794,0.41128140687942505,-0.2083234041929245,0.1860801875591278,-0.3826074004173279,-0.15231499075889587,0.5914685726165771,-0.05204449221491814,-0.11120238155126572,0.13179874420166016,-0.3159521818161011,0.19261763989925385,0.7119141221046448,0.1288740187883377,0.14690139889717102,-0.306547075510025,0.07386018335819244,-0.02871030569076538,0.03630734235048294,-0.581102192401886,0.15492939949035645,-0.3637155592441559,0.5200585722923279,0.08291611075401306,0.4048314094543457,0.4140465259552002,0.40878820419311523,0.4504985809326172,-0.020023968070745468,-0.09901081025600433,-0.21227684617042542,0.04793747514486313,0.013574240729212761,0.32942965626716614,0.30788353085517883,-0.08742885291576385,0.018924543634057045,-0.09584861993789673,0.08784547448158264,-0.133570596575737,-0.005811971612274647,-0.058789946138858795,0.17696397006511688,0.060022640973329544,-0.04409394785761833,-0.3454766571521759,0.20984633266925812,-0.08781777322292328,-0.43453851342201233,-0.04224323481321335,-0.09736998379230499,0.043606989085674286,-0.02741522714495659,0.14859436452388763,-0.21154434978961945,0.4697217345237732,0.1100674420595169,0.18938425183296204,-0.12768620252609253,-0.07203409075737,0.10692918300628662,0.3320889174938202,-0.09209416806697845,0.21007207036018372,-0.2260221540927887,-0.22855527698993683,-0.07509960234165192,-0.19274815917015076,-0.14519569277763367,-0.25257623195648193,-0.36459264159202576,0.0324978306889534,0.140585795044899,-0.0008645415073260665,0.12170209735631943,0.13372384011745453,0.04129960015416145,-0.1360998898744583,0.15026341378688812,-0.5297818183898926,-0.19765350222587585,0.33578747510910034,0.27420181035995483,0.0842684954404831,0.6593836545944214,-0.07574719190597534,-0.13024434447288513,0.20872382819652557,-0.14013142883777618,-0.09519848227500916,-0.2102915495634079,0.17381969094276428,0.32818603515625,0.22065520286560059,0.004346087574958801,-0.35235199332237244,-0.12715761363506317,-0.05458712577819824,-0.02025589533150196,0.20281508564949036,-0.16239473223686218,-0.5067124962806702,-0.6496902704238892,0.4604104161262512,-0.30578872561454773,0.038210876286029816,-0.11103250831365585,-0.586310625076294,-0.08759675920009613,-0.06842932850122452,-0.35023388266563416,-0.7103421092033386,0.02452840656042099,-0.5081967115402222,0.006663323380053043,-0.06732545793056488,-0.12793615460395813,0.43400946259498596,-0.5210126042366028,-0.2817355692386627,-0.19561751186847687,-0.14606055617332458,-0.116752490401268,-0.49488434195518494,-0.08575616776943207,0.2659342586994171,0.07649777829647064,0.5300629734992981,-0.21881303191184998,0.6299198269844055,-0.07349984347820282,-0.13154873251914978,0.16001230478286743,-0.0615244135260582,-0.33191657066345215,-0.044351305812597275,-0.3747122287750244,0.10183920711278915,-0.15312255918979645,-0.2949906289577484,0.657837986946106,-0.010379207320511341,-0.5940002799034119,0.062011271715164185,-0.07416548579931259,-0.15769127011299133,0.06374742835760117,0.23785868287086487,-0.0065152705647051334,0.37849152088165283,0.3256831467151642,-0.06097489595413208,-0.03836861997842789,-0.41013240814208984,-0.3575967848300934,-0.15786877274513245,0.08282408863306046,0.09591604769229889,-0.046697258949279785,0.08884575217962265,0.09481243789196014,0.13726520538330078,-0.15866687893867493,0.6805328726768494,-0.03273717314004898,-0.10377927869558334,-0.18901491165161133,0.025839800015091896,0.10497377067804337,0.4326905310153961,0.0781983956694603,0.13763011991977692,-0.13857942819595337,-0.10250278562307358,0.09695795923471451,0.02880668267607689,-0.6858715415000916,-0.2431149035692215,-0.0642656534910202,0.003297527087852359,0.1589917689561844,0.14782270789146423,-0.2860632538795471,-0.4350993037223816,0.15710191428661346,0.06523467600345612,-0.0846586748957634,0.032370809465646744,-0.17601561546325684,0.2095785140991211,-0.40262913703918457,-0.040451887995004654,-0.20672515034675598,-0.022734250873327255,-0.2874871790409088,0.0012324063573032618,-0.13925418257713318,-0.10912736505270004,0.30944687128067017,-0.008559539914131165,0.08898113667964935,0.037847135215997696,-0.2211301326751709,0.13937446475028992,-0.028299853205680847
CID000027991,1388,0.31532013416290283,0.004955998156219721,-0.6903983354568481,0.027942419052124023,0.5766966938972473,-0.012298598885536194,0.04098550230264664,-0.9702875018119812,-0.2932409644126892,-0.31541258096694946,0.3747865557670593,0.14042928814888,0.15950825810432434,-0.07958798110485077,-0.20453977584838867,-0.07837525755167007,0.4703531861305237,0.15070754289627075,-0.7162474393844604,0.02530980110168457,-0.5079109072685242,0.4992077350616455,0.20606401562690735,0.0988587737083435,-1.5835450887680054,-0.8844128847122192,-0.0939643532037735,0.003484556917101145,-0.11268439143896103,0.05483665317296982,1.2731492519378662,0.08735667169094086,0.14857693016529083,0.14195559918880463,-0.2747551202774048,0.023648986592888832,0.2735094428062439,-0.2687986493110657,-0.030384982004761696,0.010077196173369884,-0.7431442141532898,0.21500658988952637,-0.1098206490278244,-0.35777395963668823,0.14982864260673523,-0.15028657019138336,0.5565608739852905,-0.04781334474682808,-0.868946373462677,0.17337718605995178,-1.3547813892364502,0.7579530477523804,0.675360918045044,-0.11000020802021027,0.33898353576660156,-0.21084880828857422,0.03438829630613327,1.189272165298462,0.1904693841934204,0.1936464011669159,-0.17956344783306122,-0.21041063964366913,-0.05860690027475357,0.9279130697250366,-0.0980948954820633,0.6606653928756714,-0.15333622694015503,0.32819584012031555,-0.044393859803676605,0.08265073597431183,-0.753707766532898,0.17201779782772064,-0.49788951873779297,0.42618656158447266,0.18254004418849945,0.777959942817688,0.1591743677854538,0.009370939806103706,1.4575542211532593,-0.0801863968372345,0.2610761523246765,-0.4189421534538269,-0.24801822006702423,-0.043444473296403885,-0.011567782610654831,0.5154104232788086,-1.028074026107788,0.09796695411205292,-0.3569203019142151,0.0025112093426287174,-0.11296983808279037,0.16107620298862457,-0.24331292510032654,0.180044025182724,0.0657920390367508,-0.0933435708284378,-0.2620747685432434,0.49376043677330017,-0.0493997223675251,-1.3996498584747314,-0.03078440949320793,-0.16047418117523193,0.2915438115596771,0.18266887962818146,0.4197830557823181,-0.16733863949775696,1.013862133026123,-0.06198505312204361,0.12754444777965546,0.08128228038549423,-0.018310239538550377,-0.2900993525981903,0.45378202199935913,-1.1507585048675537,0.3557414412498474,-0.3241824507713318,-0.1385817974805832,0.19322934746742249,0.0691613182425499,0.3664790987968445,-0.3441610336303711,-0.3452899754047394,0.13001826405525208,0.08632475882768631,-0.21460306644439697,-0.016395200043916702,0.24549832940101624,0.06779839098453522,-0.11297301203012466,0.11368272453546524,-0.8635019063949585,0.046852827072143555,0.4707833230495453,0.31766277551651,-0.15442779660224915,0.9028030633926392,0.05076460912823677,0.16667917370796204,0.2000817060470581,-0.27014532685279846,-0.25658947229385376,-0.13402868807315826,0.24207977950572968,0.08223079890012741,0.13021518290042877,-0.13719414174556732,-0.6848411560058594,0.06751097738742828,0.3298266530036926,0.19771893322467804,0.9879521131515503,-0.12343994528055191,-0.42465218901634216,-1.0806851387023926,1.4097813367843628,0.10283030569553375,0.33565500378608704,0.08586730808019638,-0.4178045392036438,-0.16165578365325928,0.0721992626786232,0.19756725430488586,-1.395339846611023,0.16063109040260315,-0.5160583853721619,-0.2722931504249573,0.09904532134532928,-0.12799932062625885,0.2988124489784241,-0.5437321662902832,-0.19095899164676666,-0.6316595077514648,0.16944767534732819,-0.1236177459359169,-0.6826643347740173,0.01891876384615898,0.45801815390586853,0.15967139601707458,0.4309193193912506,-0.2588368356227875,0.31385669112205505,-0.052801311016082764,-0.45267635583877563,0.8104974627494812,-0.02290041372179985,-0.7097285389900208,-0.27429676055908203,-0.08473192155361176,-0.09156934916973114,-0.3940010666847229,-0.7890666127204895,0.9167871475219727,-0.0668894425034523,-0.1584194153547287,0.1015072613954544,0.1450459510087967,-0.2705761790275574,-0.09118092060089111,0.4294690489768982,0.10572624206542969,0.5444657206535339,0.3415859341621399,0.1464950144290924,0.13325051963329315,-0.5181235074996948,0.1632871776819229,-0.3573239743709564,0.132416233420372,-0.3976053297519684,0.12824778258800507,-0.07411137968301773,-0.03868696093559265,-0.2351919710636139,-0.3920742869377136,0.5173556208610535,0.09449472278356552,-0.18088218569755554,-0.0937182754278183,-0.034674085676670074,0.20382264256477356,0.2452043741941452,0.2059181183576584,0.15846288204193115,-0.1855674535036087,-0.3494713008403778,0.2102699726819992,-0.11804181337356567,-0.8638322949409485,-0.12291055917739868,-0.16328567266464233,-0.15324947237968445,-0.02287101373076439,0.13355660438537598,-0.1215483695268631,-1.0262744426727295,0.5021412372589111,-0.14299702644348145,-0.17879512906074524,0.008046241477131844,0.09014125168323517,1.140651822090149,-0.09096106141805649,-0.3024923801422119,-0.19002649188041687,-0.033082008361816406,-0.46567267179489136,-0.07869379967451096,0.1932182013988495,-0.2692185044288635,0.26815280318260193,0.20614668726921082,-0.0775042325258255,0.25389137864112854,0.0387975350022316,0.44322341680526733,0.01991831138730049
CID004659569,1418,-0.0021137117873877287,-0.531594455242157,-1.0471271276474,0.028717493638396263,0.5524527430534363,-0.13235819339752197,-0.10428972542285919,-0.8290554881095886,-0.12021122872829437,-0.21593129634857178,0.48738837242126465,0.3669263422489166,0.05310148000717163,-0.05268988758325577,-0.17857612669467926,0.1894267350435257,0.17774726450443268,0.08772874623537064,-0.2477751076221466,-0.14442463219165802,-0.4181819558143616,0.11840476840734482,0.12692511081695557,0.07975423336029053,-0.9349613189697266,-0.9862653613090515,-0.4163448214530945,-0.10624275356531143,0.1319359689950943,-0.17413091659545898,0.9620936512947083,-0.20908582210540771,-0.06054719537496567,0.35366395115852356,-0.5709072351455688,-0.37977510690689087,0.29128533601760864,-0.042765289545059204,0.14367666840553284,0.05052558332681656,-0.3023605942726135,0.1950855255126953,0.11829469352960587,-0.36201944947242737,-5.179643630981445e-05,-0.1673932820558548,0.8025245666503906,-0.49413347244262695,-0.6798158884048462,0.030434563755989075,-1.4329078197479248,0.5143103003501892,0.637686014175415,-0.34295281767845154,0.24118509888648987,-0.4277988374233246,0.02317509613931179,1.0855884552001953,0.030508678406476974,0.026337111368775368,-0.1611446887254715,-0.21666653454303741,-0.10610054433345795,0.9791268110275269,0.07720398902893066,0.5071824789047241,0.23594248294830322,0.03594005107879639,0.06144227832555771,0.01649538055062294,-0.6542811393737793,0.15991953015327454,-0.5185977816581726,0.3110371232032776,0.12129702419042587,0.06963450461626053,0.019919488579034805,0.09009888023138046,1.5306570529937744,-0.18502779304981232,-0.020815599709749222,-0.6040517687797546,-0.03647226840257645,-0.15174716711044312,0.04545025900006294,0.1805601269006729,-0.607897162437439,-0.16862256824970245,-0.05853477120399475,-0.05798432230949402,-0.26350539922714233,-0.3234497606754303,-0.3209305703639984,0.05918407440185547,-0.05269276350736618,-0.12351112067699432,-0.16643060743808746,0.4962730407714844,0.07164958119392395,-1.1628730297088623,-0.19261249899864197,-0.15994910895824432,0.10297896713018417,-0.010554967448115349,0.18748241662979126,-0.08826636523008347,0.6638142466545105,-0.02234823815524578,0.19049200415611267,-0.01970151998102665,0.3292011022567749,0.18781371414661407,0.782221794128418,-1.0054322481155396,0.2864612936973572,0.0024794607888907194,-0.3340281546115875,0.250028133392334,-0.006635940168052912,0.36171963810920715,-0.3971814215183258,-0.2915797829627991,-0.09411682188510895,0.062405239790678024,-0.13681188225746155,-0.14662371575832367,0.32486745715141296,0.04753410071134567,-0.36539921164512634,0.5457006692886353,-0.6254401803016663,0.19190381467342377,0.5439719557762146,0.285034716129303,-0.13814738392829895,0.7905121445655823,-0.13426823914051056,-0.08695744723081589,0.35747861862182617,-0.3181188702583313,0.07533007860183716,-0.1597065031528473,0.16271255910396576,0.33358117938041687,0.013016301207244396,-0.01914842426776886,-0.360537588596344,0.5796366333961487,0.39817628264427185,0.1396934688091278,0.9584647417068481,-0.24889004230499268,-0.7565555572509766,-1.1888357400894165,0.7157043218612671,-0.13419392704963684,0.1460820436477661,0.047599807381629944,-0.5965204238891602,0.11348724365234375,-0.2398761808872223,0.1938011348247528,-0.8800666928291321,-0.30713948607444763,-0.4615108072757721,-0.10678167641162872,0.09188920259475708,0.07300259917974472,0.7622619867324829,-0.4963538646697998,-0.38458651304244995,-0.09566763788461685,0.03127535060048103,0.07955733686685562,-0.6029316186904907,-0.4793004095554352,0.30753427743911743,0.006879535503685474,0.4060380458831787,-0.24784941971302032,-0.10754410922527313,-0.0685252696275711,-0.32671040296554565,0.6525248289108276,0.021059906110167503,-0.20566853880882263,-0.04722520709037781,0.06444896757602692,-0.491657555103302,-0.4157067835330963,-0.4343594014644623,1.2539007663726807,-0.11864408105611801,-0.12213797867298126,-0.16614128649234772,-0.20214252173900604,-0.17448265850543976,-0.051331520080566406,0.8048914074897766,-0.1918480098247528,0.8500423431396484,0.10582341253757477,0.18386371433734894,0.9615310430526733,-0.39998096227645874,0.5306951999664307,-0.2273360937833786,-0.21182040870189667,-0.32053667306900024,0.23939800262451172,-0.5533711910247803,-0.1805163025856018,-0.11520930379629135,-0.12373463064432144,0.8917088508605957,0.368041068315506,-0.18754467368125916,-0.006525152828544378,0.031908683478832245,0.1703435480594635,0.01563311740756035,0.07059832662343979,0.062361884862184525,0.0666126236319542,-0.17480096220970154,0.4075506627559662,0.15584909915924072,-0.799280047416687,-0.2121075689792633,-0.2639322876930237,-0.06542155891656876,0.17631027102470398,0.23032605648040771,-0.34586435556411743,-1.110065221786499,0.505254864692688,0.13995203375816345,0.008190909400582314,-0.3344680964946747,-0.3657193183898926,0.5682328343391418,-0.15070447325706482,-0.20513100922107697,-0.20468811690807343,0.1046350970864296,-0.35569384694099426,0.17464964091777802,0.23395001888275146,-0.040470801293849945,0.42172616720199585,-0.033245284110307693,0.1142893061041832,0.31089508533477783,-0.16732855141162872,0.528748631477356,0.18325945734977722
CID000004425,1423,0.1914898157119751,-0.07197482138872147,-0.5204686522483826,0.14467139542102814,0.5371936559677124,-0.3195900619029999,-0.1388416588306427,-0.4349234700202942,-0.2372891902923584,-0.4181903898715973,0.47085586190223694,-0.05402122810482979,0.020071426406502724,-0.028425222262740135,-0.03669329732656479,0.5889222025871277,0.40050897002220154,-0.07891292870044708,-0.27188920974731445,0.1387712061405182,-0.11154649406671524,0.1903771460056305,0.7801094055175781,-0.014004247263073921,-0.758743405342102,-0.624664306640625,0.012209069915115833,-0.11667771637439728,0.3713175654411316,0.1773424595594406,1.2527989149093628,0.12301073968410492,0.20654749870300293,0.10279162973165512,-0.4578673839569092,0.03370242938399315,0.6497257947921753,-0.1336718499660492,-0.08130498230457306,-0.0012123554479330778,-0.20414409041404724,0.5217629671096802,-0.18862341344356537,-0.15936097502708435,-0.02580636739730835,-0.18920882046222687,0.7870429158210754,0.013416645117104053,-0.49467912316322327,-0.014923778362572193,-0.37271684408187866,-0.035967547446489334,0.6831249594688416,-0.14114971458911896,-0.07079678028821945,-0.02653327025473118,-0.026849770918488503,0.5595303773880005,-0.24631984531879425,-0.37851959466934204,0.0030904957093298435,-0.24151873588562012,0.20076540112495422,0.6106787919998169,0.22146376967430115,0.4247724115848541,0.3326472342014313,-0.027517709881067276,-0.026747506111860275,0.05994982272386551,-0.573790431022644,0.19353842735290527,-0.9843557476997375,0.18891729414463043,0.112404465675354,0.013089219108223915,0.2970828115940094,0.06501074135303497,0.1236480250954628,0.06051338464021683,-0.039044637233018875,0.0182957760989666,-0.009950953535735607,0.015225976705551147,0.20007364451885223,0.003928178455680609,-0.7885659337043762,0.07574930787086487,0.07852675020694733,0.045330774039030075,0.11716532707214355,0.00426541268825531,-0.5924142599105835,0.2572370171546936,-0.18041488528251648,0.1954878270626068,0.17994455993175507,0.1977045089006424,0.14225757122039795,-1.128170132637024,-0.24428987503051758,-0.14296011626720428,0.10483340919017792,-0.2528197467327118,0.008818194270133972,-0.07942938804626465,0.8732220530509949,-0.033113040030002594,0.04256006330251694,-0.18953122198581696,0.018910953775048256,-0.24609465897083282,0.2724422812461853,-0.36549708247184753,0.14939725399017334,-0.32529398798942566,-0.04755588620901108,-0.053150475025177,0.07850216329097748,0.3048064410686493,-0.3463522791862488,-0.44716811180114746,0.07812764495611191,0.21505184471607208,-0.07141502946615219,-0.07542529702186584,0.057148586958646774,0.0006420701975002885,-0.07081247866153717,0.009079833514988422,-0.9049728512763977,-0.17076273262500763,0.3394269049167633,-0.008922589011490345,-0.15178024768829346,0.6981332302093506,0.26891618967056274,0.03002648428082466,0.4568505883216858,0.10914115607738495,0.1583460569381714,-0.20448406040668488,0.069033682346344,0.4476718008518219,0.11177651584148407,0.23517706990242004,-0.285891592502594,0.19983050227165222,0.06515373289585114,-0.08024867624044418,0.3016600012779236,-0.3238620162010193,-0.6344958543777466,-0.8797949552536011,0.8480736613273621,-0.15412482619285583,-0.34126347303390503,-0.017620038241147995,-0.30062398314476013,0.26011818647384644,-0.17455077171325684,-0.19998279213905334,-0.8279830813407898,0.06002970412373543,-0.600794792175293,0.07564926147460938,0.2779025733470917,-0.16220678389072418,0.7847927212715149,-0.5681594610214233,-0.8073469400405884,0.286094605922699,-0.05902067944407463,0.15177121758460999,-0.3576541543006897,0.010764030739665031,0.2972174882888794,-0.1528068482875824,0.6466619372367859,0.37186482548713684,0.27937132120132446,-0.07461050152778625,0.102606400847435,0.6507028937339783,0.028900790959596634,-0.29258179664611816,-0.3705429434776306,-0.4658445715904236,-0.15414457023143768,-0.24463708698749542,0.030997369438409805,0.9894958734512329,-0.1836586892604828,-0.7406450510025024,-0.3508674204349518,-0.029548531398177147,-0.05779283493757248,-0.17792591452598572,0.56094890832901,-0.28565454483032227,0.17809998989105225,0.007360026240348816,0.17359982430934906,0.42637696862220764,-0.5621255040168762,-0.12580648064613342,-0.443082332611084,-0.1295914202928543,0.022328082472085953,-0.26216381788253784,0.21825847029685974,0.12763503193855286,-0.01961325667798519,-0.09647367894649506,0.21197548508644104,0.10727391391992569,-0.23931388556957245,-0.05912136286497116,-0.1572032868862152,0.10824465751647949,0.2902053892612457,0.08703479170799255,-0.06124833971261978,-0.16827832162380219,0.18744443356990814,0.37968775629997253,0.03147177770733833,-0.38861212134361267,-0.20120029151439667,-0.07939200103282928,0.11407600343227386,0.04464848339557648,0.1737724393606186,-0.1920197457075119,-0.4530601501464844,-0.0029290406964719296,0.018502920866012573,-0.035317130386829376,0.024056971073150635,0.13234996795654297,0.7930393815040588,-0.3615042269229889,-0.15944112837314606,-0.42663416266441345,-0.3281606137752533,-0.4037102162837982,0.15034349262714386,-0.1251722127199173,-0.11506519466638565,0.6626878976821899,0.024932028725743294,-0.15099912881851196,-0.05195806547999382,0.21786577999591827,0.18127712607383728,0.008944283239543438
CID000003117,1426,0.37762659788131714,-0.40052127838134766,-0.8096294403076172,-0.054219771176576614,0.35045674443244934,-0.13410018384456635,-0.1616891622543335,-0.6369212865829468,-0.1734105348587036,-0.13562420010566711,0.21625789999961853,0.19689741730690002,0.07335187494754791,-0.23209133744239807,0.30489546060562134,0.35122987627983093,0.013114744797348976,0.024891387671232224,-0.43785643577575684,0.23470497131347656,0.16263934969902039,0.1778281033039093,0.5520303845405579,0.138124018907547,-1.0073821544647217,-0.8562556505203247,-0.2882325351238251,-0.44603413343429565,0.16484370827674866,-0.0056956917978823185,0.9549129605293274,-0.0026955604553222656,-0.13804197311401367,-0.17001323401927948,-0.6317699551582336,0.18488454818725586,0.11310847103595734,-0.02279929257929325,0.1567278355360031,0.03935351222753525,-0.8410183191299438,0.09734081476926804,-0.29364508390426636,-0.1213083490729332,0.19969789683818817,0.07622205466032028,0.8436204791069031,-0.11273946613073349,-0.3491850793361664,-0.04378626495599747,-0.6471413373947144,0.6352543830871582,0.929308295249939,-0.08085235208272934,0.34945249557495117,-0.6019350290298462,-0.024006638675928116,0.7865262627601624,0.17304274439811707,0.07048000395298004,-0.4016726016998291,-0.24337942898273468,-0.157049298286438,0.8222122192382812,-0.16989853978157043,0.5905629992485046,-0.11348466575145721,-0.10343587398529053,0.14479504525661469,0.12805074453353882,-1.0092153549194336,0.2256774604320526,-0.5875453948974609,0.5671976804733276,-0.11059296131134033,0.741412341594696,0.1063942089676857,-0.15110428631305695,0.3823200762271881,0.2672140300273895,0.03048871085047722,0.024421239271759987,0.008442139253020287,0.3783578872680664,0.3058403432369232,0.13865089416503906,-0.3882167339324951,-0.23691868782043457,-0.031180143356323242,0.03526563197374344,-0.14929696917533875,0.13669809699058533,-0.32803982496261597,-0.08888067305088043,-0.09581519663333893,-0.2969537675380707,0.0796196237206459,0.21273379027843475,0.07073573023080826,-0.5801594853401184,-0.09935761988162994,-0.273531049489975,0.21465881168842316,-0.21881160140037537,0.08128662407398224,-0.2613133192062378,0.5725045204162598,0.3156583607196808,0.0630897656083107,-0.1745263785123825,0.2286868393421173,-0.19916264712810516,1.2305107116699219,-0.821370005607605,0.2177519053220749,-0.192436084151268,-0.28234541416168213,-0.18959276378154755,-0.17990286648273468,0.2925635278224945,-0.5420135259628296,-0.1179840937256813,-0.06766233593225479,0.07101862132549286,-0.3459618091583252,0.07521772384643555,0.2519163191318512,-0.18266789615154266,-0.34531933069229126,0.31169313192367554,-0.640765905380249,0.10241474211215973,0.3798542320728302,0.3558829724788666,0.2525361180305481,0.6445629000663757,0.4800965189933777,-0.24566110968589783,0.43421196937561035,-0.10368259996175766,-0.20608964562416077,-0.41326871514320374,0.2476256638765335,0.2910524904727936,0.22690990567207336,-0.09575523436069489,-0.5450894236564636,0.21760030090808868,-0.4150000512599945,0.2668246328830719,0.933476448059082,-0.026498358696699142,-0.8228887319564819,-1.033643126487732,1.084970474243164,-0.37832170724868774,0.009059945121407509,-0.09838572144508362,-0.5682028532028198,-0.1927216798067093,0.28935298323631287,-0.1282464861869812,-1.0161306858062744,-0.11029370874166489,-0.4956762194633484,-0.3683837354183197,-0.2264985591173172,0.07697484642267227,0.2566152513027191,-0.6072508692741394,-0.48950380086898804,0.1730968952178955,0.22848567366600037,0.006312345154583454,-1.1511300802230835,-0.100163534283638,0.6198540329933167,0.030938798561692238,0.7341272234916687,0.10959677398204803,0.18456503748893738,-0.2570306956768036,-0.33973509073257446,0.3040325343608856,-0.09965765476226807,-0.4721654951572418,0.20118530094623566,-0.08925630152225494,-0.2671258747577667,-0.19501416385173798,-0.20153069496154785,0.8050652742385864,-0.007716333959251642,-0.4194104075431824,-0.009006086736917496,-0.12019310146570206,-0.14189371466636658,-0.07351675629615784,0.22857210040092468,-0.07687035948038101,0.4754057824611664,0.20729073882102966,0.005937373731285334,0.08413847535848618,-0.6786507368087769,-0.38265055418014526,-0.5585384964942932,-0.10098998248577118,0.19769811630249023,-0.19110122323036194,-0.049048252403736115,0.14774352312088013,0.14645537734031677,-0.10467024892568588,1.0118796825408936,0.4369802474975586,-0.16912610828876495,-0.12234397977590561,-0.0929558128118515,-0.1100643128156662,0.2802834212779999,-0.2903175354003906,-0.028842901811003685,0.16614530980587006,0.060282062739133835,0.05911170691251755,-0.04740079492330551,-1.0888434648513794,-0.03542333096265793,-0.013104880228638649,-0.13939526677131653,0.009503929875791073,0.23236915469169617,-0.462654173374176,-0.9755679368972778,0.0597735233604908,-0.007960963062942028,0.1757686883211136,-0.2600535452365875,0.15191642940044403,0.3554611802101135,-0.5581692457199097,-0.0772838220000267,-0.3635958135128021,0.0663781613111496,-0.5926647186279297,-0.0028081475757062435,0.28957879543304443,-0.4261015057563782,0.34854403138160706,-0.08110272884368896,-0.057398416101932526,0.3912321925163269,-0.17867708206176758,0.38349372148513794,0.10810811817646027
CID000005195,1429,-0.07959786802530289,-0.4250859320163727,-0.9107105135917664,0.1830253154039383,0.38002341985702515,0.05419610068202019,-0.20618470013141632,-0.5991977453231812,-0.14735303819179535,-0.07650603353977203,0.15813028812408447,0.19175949692726135,-0.12867224216461182,0.15796580910682678,-0.2290559560060501,0.2580077052116394,0.3669470548629761,0.04189717769622803,-0.8190813064575195,0.08649662882089615,-0.5168148279190063,-0.04225366190075874,0.5276833772659302,0.14864318072795868,-0.40492376685142517,-0.7167128324508667,-0.34835290908813477,-0.14605140686035156,0.340719997882843,-0.22005300223827362,1.2547345161437988,-0.025006666779518127,-0.34155911207199097,0.700003981590271,-1.349650263786316,0.14464780688285828,1.2335758209228516,0.005190168973058462,-0.20627078413963318,0.19228476285934448,-1.0702195167541504,0.5844589471817017,-0.26078373193740845,-0.02387779951095581,-0.10351214557886124,-0.08514414727687836,0.7532933950424194,-0.21138516068458557,-0.5182304978370667,-0.03703995794057846,-0.4113899767398834,0.27295422554016113,0.4766663610935211,-0.21969786286354065,-0.1881876289844513,-0.17602045834064484,-0.23186688125133514,1.3636434078216553,0.49945712089538574,-0.3363882899284363,-0.12594632804393768,-0.26371854543685913,-0.09246228635311127,1.2381012439727783,0.36529549956321716,0.4763346314430237,0.13396413624286652,-0.007705408148467541,-0.15998584032058716,-0.03048141859471798,-0.9515708684921265,0.2377929389476776,-1.3861768245697021,0.09611396491527557,0.03157224506139755,0.144057959318161,0.6896699070930481,0.14691993594169617,0.4539427161216736,0.11726727336645126,0.1407800018787384,-0.25336962938308716,-0.043645091354846954,-0.15203969180583954,0.08611582219600677,0.15617278218269348,-1.2324024438858032,-0.06003708392381668,0.013428586535155773,-0.3062721788883209,-0.01793021336197853,-0.19927577674388885,-0.15195253491401672,0.14203788340091705,-0.17755745351314545,-0.2167253941297531,-0.01149184163659811,0.18661540746688843,0.13498476147651672,-0.5540375709533691,0.09399934113025665,0.050713587552309036,0.017165036872029305,-0.23572130501270294,0.23531773686408997,-0.03466688469052315,1.0057933330535889,-0.10430769622325897,0.2996603846549988,-0.09265492111444473,0.22249019145965576,-0.10033266246318817,0.6922479867935181,-0.2855076193809509,0.023452943190932274,0.02915678545832634,-0.2992696166038513,0.3768181800842285,-0.24898847937583923,0.6742627620697021,-0.43298619985580444,-0.37373462319374084,-0.22425515949726105,-0.11095988750457764,0.4722573161125183,-0.11993221938610077,0.46400099992752075,-0.1679467260837555,0.18480229377746582,0.34462764859199524,-1.0196112394332886,-0.32682567834854126,0.2987278401851654,0.2991693615913391,0.051812462508678436,1.1884586811065674,0.04034692794084549,-0.3673408031463623,0.38157016038894653,-0.15844348073005676,-0.08044834434986115,-0.166241854429245,-0.08314879983663559,0.3196638524532318,0.005051635205745697,0.004582300782203674,-0.6920714378356934,0.25469398498535156,0.21909324824810028,-0.1027974858880043,0.471651554107666,0.017021168023347855,-1.3729190826416016,-1.4830491542816162,0.8024183511734009,-0.3864554166793823,-0.18451568484306335,0.2793455719947815,-0.44225987792015076,-0.038965411484241486,-0.08023007214069366,0.22682908177375793,-0.8373483419418335,-0.04520166665315628,-0.4186328947544098,-0.060833096504211426,0.11438778787851334,-0.35258162021636963,0.32639965415000916,-0.6324275732040405,-0.27262526750564575,-0.06585604697465897,0.06502510607242584,-0.11489187180995941,-1.0025304555892944,-0.31646060943603516,0.6422933340072632,0.0013728082412853837,0.5731192827224731,-0.09798445552587509,0.44590526819229126,0.037261225283145905,0.26445797085762024,0.9199141263961792,0.0534537211060524,-0.24680614471435547,0.21433262526988983,-0.13243012130260468,-0.3873139023780823,-0.09978531301021576,-0.4755404591560364,1.0671552419662476,-0.33838650584220886,-0.4782838225364685,-0.2441903054714203,0.17811277508735657,0.15415555238723755,0.007420812733471394,0.47861790657043457,0.025835007429122925,0.2150963544845581,-0.03203777223825455,-0.1370229423046112,0.3633587956428528,-0.4634123742580414,-0.10675154626369476,-0.13147416710853577,0.0714772567152977,-0.19406083226203918,-0.3002218008041382,-0.45348548889160156,-0.04361296817660332,-0.32433176040649414,-0.14809675514698029,0.5756880044937134,0.17293724417686462,0.0666881650686264,0.1198669895529747,-0.23381932079792023,0.029123013839125633,0.08015492558479309,0.143392413854599,-0.040517665445804596,0.067362479865551,-0.15105630457401276,0.040140051394701004,0.025790315121412277,-1.7574341297149658,-0.01874139904975891,0.1516275703907013,0.09464175999164581,0.28574270009994507,0.09083206951618195,-0.13833001255989075,-0.760910153388977,0.32705605030059814,0.24438729882240295,-0.11906670033931732,-0.17595568299293518,-0.037951402366161346,0.724007785320282,-0.3083021640777588,0.35895371437072754,-0.08573874086141586,-0.4384189546108246,-0.19002962112426758,0.29087767004966736,0.48667067289352417,-0.18415863811969757,0.3628295361995697,0.11726261675357819,0.07562530785799026,-0.360018789768219,-0.24129876494407654,0.5300183892250061,-0.035092201083898544
CID000012620,1447,0.08617888391017914,-0.11522029340267181,-0.7949450612068176,0.2920454144477844,0.28612905740737915,-0.1308210790157318,-0.36458733677864075,-0.4890597462654114,-0.14881260693073273,-0.09412368386983871,0.32892975211143494,0.5194563865661621,-0.3170773983001709,-0.046131283044815063,0.23585745692253113,0.1145964041352272,0.5968165993690491,0.08191968500614166,0.06495453417301178,-0.14376884698867798,0.18851596117019653,-0.026190852746367455,0.4092772901058197,-0.11841516196727753,-0.9609285593032837,-0.763214111328125,-0.6254222989082336,0.0363127663731575,-0.08109752833843231,-0.03647512197494507,0.9804841876029968,0.08185877650976181,0.01977292075753212,0.3978901207447052,-0.44114750623703003,0.044470448046922684,1.4027364253997803,-0.23458480834960938,0.0002194717526435852,0.02753658965229988,-0.5847448110580444,0.8759661912918091,-0.260688453912735,-0.3423866629600525,-0.04043487459421158,-0.044234853237867355,0.4572196900844574,-0.30424246191978455,-0.4751778542995453,-0.09749491512775421,-0.7806509137153625,0.713289201259613,0.2613712549209595,-0.07678546756505966,0.5672791600227356,-0.047967445105314255,-0.44431009888648987,0.7502675652503967,0.2160494029521942,0.057320065796375275,-0.16291019320487976,-0.23315878212451935,0.07403238862752914,0.9790686368942261,0.16437628865242004,0.312204509973526,-0.15722957253456116,-0.22056443989276886,0.1331462562084198,0.30371254682540894,-0.7905892133712769,0.46008262038230896,-0.7615494728088379,0.35816746950149536,0.14616945385932922,0.460873544216156,0.9899119138717651,0.23007158935070038,1.183154582977295,0.0847015380859375,0.18511930108070374,-0.13531111180782318,-0.21216726303100586,-0.10275490581989288,0.2052849978208542,0.09883489459753036,-0.24564313888549805,0.1231609359383583,-0.16409951448440552,0.1060442104935646,-0.41687268018722534,-0.037922825664281845,-0.3928746283054352,0.11827325820922852,0.1392747163772583,-0.4647594392299652,0.09587249904870987,0.2524159550666809,-0.0040426007471978664,-0.7787429094314575,-0.12630809843540192,-0.10902824252843857,0.06391964107751846,-0.005532114300876856,0.15745039284229279,-0.47017353773117065,0.8869456052780151,-0.07830613851547241,0.30302661657333374,-0.0036821886897087097,-0.20375537872314453,0.028873538598418236,0.7389466166496277,-0.5154232382774353,0.1227416843175888,-0.4589271545410156,-0.7013928890228271,-0.17355258762836456,-0.06476782262325287,0.02224528230726719,-0.060519613325595856,-0.4619784951210022,0.24516475200653076,0.12443830817937851,-0.3401585519313812,-0.12079048156738281,0.24569424986839294,0.047663018107414246,-0.14580059051513672,0.21047088503837585,-0.5360897183418274,-0.35200056433677673,0.4451853632926941,0.20848095417022705,0.2511424720287323,0.6467393040657043,0.14248335361480713,-0.02174323797225952,0.31800633668899536,-0.4835665225982666,0.14157362282276154,-0.33296215534210205,0.31738048791885376,-0.113694928586483,0.08306018263101578,0.21862049400806427,0.12560546398162842,0.314362496137619,-0.2673743963241577,-0.3545801341533661,0.47950395941734314,-0.44404149055480957,-0.6667029857635498,-1.0647821426391602,0.8410431146621704,-0.3115376830101013,-0.06238402798771858,0.097994364798069,-0.4445341229438782,0.1015269011259079,0.0642918199300766,0.17342641949653625,-0.8677207231521606,0.06936381012201309,-0.43568339943885803,-0.3308408260345459,-0.14806361496448517,0.016214769333600998,0.4273020625114441,-0.5869311094284058,-0.1663609743118286,-0.11992162466049194,0.28476259112358093,-0.07594108581542969,-0.6966546773910522,-0.24937427043914795,0.6749855279922485,0.15239444375038147,0.5927027463912964,-0.14338114857673645,0.472597599029541,-0.22971029579639435,-0.4001029431819916,0.838508129119873,0.12755027413368225,-0.5985956788063049,-0.004567086696624756,-0.0851254016160965,-0.41657009720802307,-0.18579046428203583,-0.39710137248039246,0.9652433395385742,-0.1776585429906845,-0.40902242064476013,0.22289974987506866,-0.04406591132283211,-0.1664629876613617,0.01616089977324009,0.4112222194671631,-0.08832297474145889,0.5593509674072266,-0.050351761281490326,-0.12651559710502625,0.2611876130104065,-0.3640998303890228,0.07304496318101883,-0.08500773459672928,-0.024229342117905617,-0.18787677586078644,-0.11739001423120499,-0.39812931418418884,-0.1533253937959671,0.10822467505931854,-0.14218002557754517,0.7433000802993774,-0.14350970089435577,-0.19002166390419006,-0.4277247488498688,0.14416052401065826,-0.14684370160102844,-0.15777240693569183,0.320644348859787,-0.13303115963935852,0.22801367938518524,0.1579199582338333,0.13066287338733673,0.3238909840583801,-1.2094473838806152,-0.247806116938591,0.08120834827423096,-0.09739846736192703,0.030296126380562782,0.17621462047100067,-0.27640360593795776,-0.8741081357002258,-0.09218533337116241,0.13553956151008606,-0.0805855542421341,-0.004596245475113392,-0.08193027973175049,0.8691681027412415,-0.22330212593078613,-0.0570836067199707,-0.2923416495323181,0.09241899847984314,-0.46669521927833557,-0.13681155443191528,0.1368810087442398,-0.18443426489830017,0.27495822310447693,0.32723289728164673,-0.13508106768131256,0.41729363799095154,-0.002335734199732542,0.12120406329631805,-0.06595436483621597
CID000156419,1462,0.10537050664424896,-0.3256198465824127,-0.7309605479240417,0.04309610277414322,0.4435056746006012,0.2183026522397995,-0.342968612909317,-0.8231610059738159,-0.33733993768692017,-0.1351398080587387,0.1429528445005417,0.13533450663089752,-0.03472084552049637,-0.07320097833871841,-0.23526199162006378,0.23055239021778107,0.1881830394268036,0.06336446106433868,-0.47430944442749023,0.162563294172287,-0.28107553720474243,-0.025240015238523483,0.5573598146438599,0.06548698991537094,-0.5207902789115906,-0.7092149257659912,-0.4978860020637512,-0.19129052758216858,0.16211292147636414,0.14314857125282288,1.3094508647918701,-0.23697003722190857,-0.172725647687912,0.5361853837966919,-0.7411360740661621,0.03614606708288193,0.810491681098938,-0.19167160987854004,0.05411112308502197,0.027545858174562454,-0.6878992319107056,0.29126688838005066,-0.08833213150501251,0.04674128443002701,-0.10313955694437027,-0.08311481773853302,0.6892634034156799,-0.17489328980445862,-0.44683608412742615,0.007062938064336777,-0.5305942296981812,0.21412041783332825,0.6006375551223755,-0.20284251868724823,0.18966691195964813,-0.5432884097099304,-0.19967642426490784,0.9006328582763672,0.13600152730941772,-0.15968236327171326,-0.15678206086158752,-0.22661542892456055,-0.01891842484474182,1.0076427459716797,0.1591702550649643,0.5166627764701843,-0.024128373712301254,0.01204786729067564,0.09413667023181915,-0.03149174526333809,-1.02560293674469,0.2055031806230545,-1.0471365451812744,0.28278258442878723,0.14738179743289948,0.1463344395160675,0.20965564250946045,-0.015785034745931625,0.6865019798278809,-0.04278925433754921,-0.006534254644066095,-0.2444036900997162,-0.01378693152219057,0.010755549184978008,0.25902363657951355,0.23280055820941925,-0.7722464799880981,-0.23120656609535217,-0.03576032444834709,0.08657153695821762,-0.2285434454679489,0.25426143407821655,-0.32209092378616333,0.10735011100769043,0.0028801634907722473,-0.3816325068473816,-0.08298768848180771,0.28894510865211487,0.05039592832326889,-0.6257706880569458,-0.03514408692717552,-0.015322932973504066,-0.015358306467533112,-0.18744637072086334,0.4738847613334656,-0.08298629522323608,0.8747513890266418,-0.09451094269752502,0.09748855233192444,-0.017738033086061478,0.10029592365026474,0.020444387570023537,0.8031268119812012,-0.46352991461753845,0.19051560759544373,-0.24916186928749084,-0.4048515856266022,0.2647954523563385,-0.24201086163520813,0.19090138375759125,-0.3418799042701721,-0.24486029148101807,-0.09901054203510284,-0.15738120675086975,-0.0013782232999801636,-0.04026658087968826,0.36233988404273987,-0.1312144249677658,-0.10208351910114288,0.21289166808128357,-0.8502136468887329,-0.11547879129648209,0.33292147517204285,0.3353133797645569,0.3253081440925598,0.8984423875808716,0.23369841277599335,-0.10921468585729599,0.28220659494400024,-0.05744311213493347,-0.15909960865974426,-0.2722408175468445,0.0008992105722427368,0.1963723748922348,0.07282647490501404,-0.05955346301198006,-0.48991432785987854,0.22140340507030487,0.12320743501186371,-0.012462800368666649,0.6017390489578247,-0.04152391478419304,-0.9519230127334595,-0.8441014289855957,0.7341412901878357,-0.38318318128585815,0.007855203934013844,0.1438816487789154,-0.2514152526855469,0.14619651436805725,-0.061130426824092865,0.3069540858268738,-0.9893989562988281,-0.21360823512077332,-0.4791378378868103,-0.14794468879699707,-0.1004980057477951,-0.25664445757865906,0.5866003036499023,-0.6286705732345581,-0.43036890029907227,-0.2098771631717682,0.15189717710018158,0.09747196733951569,-0.8314700126647949,-0.2498941868543625,0.5228201746940613,-0.042685724794864655,0.6947437524795532,0.10271383821964264,0.2206898033618927,-0.00273306667804718,-0.1006961464881897,0.54662024974823,0.07047399133443832,-0.44692808389663696,0.10681824386119843,-0.08337296545505524,-0.4241260588169098,0.07247474044561386,-0.32060712575912476,0.8548763394355774,-0.0793120265007019,-0.47394806146621704,-0.03958393633365631,0.09518098831176758,0.03380947560071945,0.09990125149488449,0.4285796582698822,0.027842938899993896,0.3346400260925293,-0.019233454018831253,-0.11979393661022186,0.38837799429893494,-0.4812270998954773,-0.34538474678993225,-0.17809513211250305,0.0671384185552597,-0.10395320504903793,-0.2513102889060974,-0.3275521397590637,-0.026797344908118248,-0.10493997484445572,-0.2077721357345581,0.6219885945320129,0.36419877409935,0.048366643488407135,-0.22475560009479523,-0.025950362905859947,-0.20437899231910706,0.16397762298583984,0.10300340503454208,0.12546931207180023,0.046052347868680954,-0.03584347292780876,0.2854370176792145,0.06971006095409393,-1.100036382675171,-0.09432961046695709,0.11583976447582245,0.035693563520908356,0.33018264174461365,0.20909588038921356,-0.12306581437587738,-0.8517840504646301,0.28643208742141724,0.07995201647281647,0.09881255775690079,-0.13804620504379272,0.04306058958172798,0.5393856167793274,-0.44061756134033203,-0.030875924974679947,-0.1842111349105835,-0.11901763826608658,-0.15615808963775635,0.24642601609230042,0.20627740025520325,-0.17365778982639313,0.16927777230739594,0.14394737780094147,-0.05812513828277588,0.16585232317447662,-0.20833702385425568,0.47562575340270996,0.09514589607715607
CID000040976,1465,0.21777622401714325,-0.22508969902992249,-0.4618663191795349,0.30891314148902893,0.29902538657188416,-0.3293713331222534,0.09803537279367447,0.1546047031879425,-0.11741659790277481,-0.3908642828464508,0.294064462184906,-0.29407888650894165,-0.10577894747257233,-0.056092917919158936,0.11357362568378448,0.16767685115337372,0.11721386760473251,-0.30231863260269165,-0.5635079145431519,-0.06566943228244781,-0.11649302393198013,0.06305564939975739,0.6874539852142334,-0.08953376114368439,-0.5567749738693237,-0.6421720385551453,-0.20302064716815948,-0.043987441807985306,0.44404157996177673,-0.173906147480011,0.6784880757331848,0.13927455246448517,-0.1231464371085167,0.1604193150997162,-0.21832919120788574,0.08872642368078232,0.24853749573230743,-0.3114686608314514,0.01248584408313036,0.16390696167945862,-0.24124126136302948,-0.032082170248031616,-0.08218733221292496,-0.4455004632472992,0.220783069729805,-0.062117625027894974,0.2959374785423279,-0.19714102149009705,-0.45699119567871094,-0.0055195242166519165,-0.3283291459083557,-0.10827465355396271,0.8057680130004883,-0.059672631323337555,-0.013343478552997112,-0.4569382667541504,-0.0756041631102562,0.5670514702796936,0.16527970135211945,0.07827736437320709,0.20090952515602112,-0.064215749502182,0.2524813413619995,0.6272348165512085,0.09373945742845535,0.657435417175293,-0.08807908743619919,-0.023710304871201515,-0.014932977966964245,0.21396943926811218,-0.7674770355224609,0.08456678688526154,-0.6062487959861755,0.0311835166066885,0.1353752315044403,0.10348155349493027,-0.01138271950185299,-0.004128766246140003,0.013991299085319042,0.24260175228118896,-0.17382033169269562,0.056988317519426346,-0.053253449499607086,-0.023874515667557716,-0.11577606201171875,0.061873115599155426,-0.24070589244365692,-0.06327921152114868,-0.10623423755168915,-0.005764412693679333,0.04378972575068474,0.108517587184906,-0.48088163137435913,0.016831304877996445,0.024376925081014633,0.012279140762984753,0.16447368264198303,0.1640034019947052,-0.017249658703804016,-0.6022359132766724,-0.06333736330270767,-0.13186630606651306,-0.01094002090394497,-0.2855851650238037,0.06512811034917831,-0.31814417243003845,0.5148172974586487,0.08876515179872513,-0.02056855522096157,0.20737294852733612,-0.10491055250167847,-0.26444634795188904,0.331738144159317,-0.578302800655365,0.23628954589366913,-0.1476779282093048,0.00726014981046319,0.31295067071914673,-0.1086229458451271,-0.02077021263539791,-0.2254170924425125,-0.2350524663925171,0.2769641578197479,0.27550947666168213,0.08607475459575653,0.1925811618566513,0.03439689800143242,0.13100281357765198,0.03210325166583061,0.3245816230773926,-0.7146501541137695,-0.34510427713394165,0.4679778516292572,0.0015459537971764803,-0.09689460694789886,0.8794388771057129,-0.016808444634079933,0.22930176556110382,0.3071865439414978,0.22517140209674835,0.09450136870145798,-0.07763301581144333,0.3644021153450012,0.17802469432353973,0.22985514998435974,0.09519760310649872,-0.44703394174575806,0.0609067864716053,0.09243813902139664,0.03859642520546913,0.5989132523536682,-0.0021967426873743534,-0.5672415494918823,-0.45603713393211365,0.5605347156524658,-0.07187432050704956,-0.3841147720813751,0.18816427886486053,-0.30668583512306213,0.03462326526641846,0.03453177213668823,0.1199944019317627,-0.7396591305732727,0.19916309416294098,-0.44383907318115234,-0.2891063392162323,0.00039405672578141093,-0.2711502015590668,0.6598402261734009,-0.5164331197738647,-0.839292049407959,0.14170417189598083,-0.025415685027837753,-0.0011524654692038894,-0.16723987460136414,-0.2630240321159363,0.26496466994285583,-0.13208281993865967,0.6863176822662354,0.324869304895401,0.3290403485298157,0.00308823655359447,-0.1426335722208023,0.09436570107936859,-0.10877437889575958,-0.07144967466592789,0.004174149129539728,-0.05765818804502487,0.3134673237800598,-0.005016549490392208,0.014342407695949078,0.6909704804420471,0.11577913910150528,-0.4468870162963867,-0.1790328025817871,-0.06160084530711174,-0.03152718394994736,-0.14127691090106964,0.09879498183727264,-0.10840138047933578,0.07432807981967926,0.012418234720826149,0.15315286815166473,0.3343227505683899,-0.7803255319595337,-0.42075735330581665,-0.45675501227378845,0.07387310266494751,0.10910303890705109,-0.3991575837135315,-0.17978627979755402,-0.08260385692119598,-0.25064271688461304,-0.026041781529784203,0.7588338255882263,0.3143189549446106,-0.014180717058479786,0.056349050253629684,0.10093388706445694,0.051398586481809616,0.30795350670814514,0.11293022334575653,-0.0778355672955513,-0.17990021407604218,0.06018645316362381,0.20533379912376404,-0.17937737703323364,-0.6368280649185181,-0.002309346105903387,0.0653907060623169,0.07897389680147171,0.17979761958122253,0.10955324023962021,-0.0836610198020935,-0.6652402877807617,-0.2359483242034912,-0.18466725945472717,0.1718897521495819,0.20498161017894745,0.15849149227142334,0.39949843287467957,-0.5767503976821899,-0.13050782680511475,-0.35368597507476807,-0.18319657444953918,-0.22942602634429932,0.11866309493780136,-0.051445506513118744,-0.23870913684368134,0.26121339201927185,0.2718563675880432,0.3419431447982788,-0.16613563895225525,-0.3832088112831116,0.1013936772942543,-0.046347230672836304
CID000003059,1484,0.04085779935121536,-0.29787391424179077,-0.5816894173622131,0.17757733166217804,0.3757733106613159,-0.049937497824430466,-0.02384858764708042,-0.5723927021026611,-0.03323500230908394,-0.08417342603206635,0.4129040837287903,0.2524663507938385,-0.06643427163362503,0.05271993204951286,-0.0029371739365160465,0.08437716960906982,0.052925728261470795,0.08159583061933517,-0.30026793479919434,0.14059822261333466,-0.009374598041176796,0.24832716584205627,0.47399625182151794,0.2605615258216858,-0.6498814821243286,-0.8102613687515259,-0.43845000863075256,0.10097100585699081,-0.07906673103570938,-0.13298876583576202,0.8838930130004883,-0.024904249235987663,-0.1056881919503212,0.38245293498039246,-0.2841634452342987,0.06525037437677383,0.6079821586608887,-0.15676268935203552,0.006787267979234457,-0.0074020447209477425,-0.05543416738510132,0.15571586787700653,-0.3823477029800415,0.1693355292081833,-0.055787406861782074,0.03716326877474785,0.595367968082428,-0.30938079953193665,-0.6596234440803528,0.04146773740649223,-0.5172868967056274,0.21954457461833954,0.5212752223014832,-0.10108377784490585,0.35643333196640015,-0.15488260984420776,-0.2934080958366394,0.6645816564559937,-0.04401693493127823,0.02772442065179348,0.24303515255451202,-0.23255734145641327,0.01922435685992241,0.7282928228378296,0.11598245054483414,0.23070009052753448,-0.2552860379219055,-0.12257866561412811,-0.05061454325914383,0.043861158192157745,-0.6049723029136658,0.19668103754520416,-0.6082535982131958,0.545584499835968,0.07678556442260742,0.35243353247642517,0.39686501026153564,0.20560598373413086,0.6203679442405701,-0.05236523598432541,0.01965269073843956,-0.12440352141857147,0.12231020629405975,0.061483364552259445,0.2439025640487671,0.2706010937690735,-0.11032847315073013,-0.043646469712257385,0.018011897802352905,0.13411614298820496,-0.15466022491455078,-0.08909562230110168,-0.07208217680454254,0.1562163531780243,0.06649329513311386,0.057451218366622925,-0.13803915679454803,0.3875902593135834,-0.048317477107048035,-0.6141971945762634,-0.015922565013170242,-0.1457825005054474,0.2054254710674286,-0.0432538166642189,0.18825854361057281,-0.16091498732566833,0.892003059387207,-0.11597635596990585,0.24793168902397156,-0.10686004161834717,-0.03017166256904602,0.029623422771692276,0.22801406681537628,-0.29362794756889343,0.0736687034368515,-0.22294366359710693,-0.3524493873119354,0.17036159336566925,-0.06296694278717041,0.18343457579612732,-0.3668668270111084,-0.19147035479545593,0.23607215285301208,0.03319238871335983,0.07478503882884979,-0.026967376470565796,0.32327768206596375,-0.05881447717547417,-0.24312229454517365,0.3383757174015045,-0.5711879134178162,-0.26690006256103516,0.3931111693382263,0.12485229969024658,-0.059539973735809326,0.7504652738571167,0.19774524867534637,-0.042386434972286224,0.33054617047309875,-0.1712232530117035,-0.03207149729132652,-0.23445487022399902,-0.053573526442050934,0.11896000057458878,0.04941331595182419,0.10073497146368027,-0.38023751974105835,-0.0015921785961836576,-0.14702926576137543,0.02113436535000801,0.2641858458518982,-0.0072129396721720695,-0.5536388158798218,-0.6342230439186096,0.509473443031311,-0.16159804165363312,0.18404985964298248,0.18630048632621765,-0.3858585059642792,-0.057584214955568314,0.01736171916127205,0.17584356665611267,-0.8775779008865356,0.07609372586011887,-0.37322208285331726,-0.013080878183245659,-0.004352804273366928,-0.17141662538051605,0.5441100001335144,-0.5939098000526428,-0.2742064595222473,0.1095852255821228,-0.03161212429404259,-0.015428528189659119,-0.5648313760757446,-0.3498597741127014,0.27652889490127563,0.13487687706947327,0.5543699264526367,-0.026968922466039658,0.5609721541404724,-0.16646072268486023,-0.25768527388572693,0.4988093376159668,-0.1340866982936859,-0.4850894808769226,-0.18367329239845276,-0.15160027146339417,-0.32337215542793274,-0.10753019899129868,-0.21141751110553741,0.9049755930900574,-0.018777793273329735,-0.5124379396438599,0.12620191276073456,-0.03881853073835373,0.05312848091125488,0.15766723453998566,0.3621591329574585,-0.10705443471670151,0.31493034958839417,0.2515656352043152,-0.17915503680706024,0.18335118889808655,-0.5183644890785217,-0.31570082902908325,-0.24734671413898468,-0.02669699862599373,-0.17479917407035828,-0.06364277005195618,-0.14202645421028137,-0.005447394214570522,-0.02895091101527214,-0.28650185465812683,0.7888455986976624,0.015934210270643234,0.035250015556812286,-0.22792279720306396,-0.018981128931045532,0.019200002774596214,0.3385884165763855,0.1595059186220169,0.01826087385416031,-0.06486551463603973,-0.00701830442994833,0.15659821033477783,0.006618264131247997,-0.852267861366272,-0.17255261540412903,-0.03427862003445625,-0.26485490798950195,0.2921193540096283,0.12933191657066345,-0.09404455870389938,-0.5184744000434875,0.03973035514354706,0.10911829769611359,-0.12762631475925446,0.031107082962989807,-0.018023530021309853,0.7373055815696716,-0.40438586473464966,0.14852377772331238,-0.08930468559265137,-0.12358609586954117,-0.1978941261768341,0.11372745037078857,0.18979451060295105,-0.17637541890144348,0.28445756435394287,0.18755826354026794,0.04446819797158241,0.03977584093809128,-0.24952855706214905,0.2517811954021454,-0.028569381684064865
CID000003827,1523,-0.020011143758893013,-0.18463855981826782,-0.3542652726173401,0.13345620036125183,0.2848338186740875,-0.2675940990447998,0.03849192336201668,-0.24206726253032684,-0.16765134036540985,0.043178338557481766,0.07419289648532867,0.10451605170965195,-0.0009695946937426925,-0.08161378651857376,-0.051717083901166916,0.14116062223911285,0.13252034783363342,-0.025042856112122536,-0.29228323698043823,0.25205233693122864,0.15066102147102356,0.10916946083307266,0.5875473022460938,0.002545878291130066,-0.26622357964515686,-0.5332316160202026,-0.09616217017173767,-0.14853742718696594,0.21208730340003967,0.13664326071739197,0.40770119428634644,0.01627153716981411,-0.046943549066782,0.32139772176742554,-0.18396733701229095,0.015642385929822922,0.2867985963821411,-0.16067227721214294,-0.06224798038601875,-0.07884634286165237,-0.2238319218158722,0.16496559977531433,-0.43895500898361206,0.16293075680732727,-0.0379478745162487,0.10587397962808609,0.4408767819404602,-0.16722144186496735,-0.5704664587974548,0.014088885858654976,-0.5226106643676758,0.028325673192739487,0.5987003445625305,-0.2238171100616455,0.1667761504650116,-0.43934744596481323,-0.1990615874528885,0.538702130317688,-0.0807512179017067,-0.17747464776039124,0.09990189224481583,-0.13275320827960968,0.27784743905067444,0.6275145411491394,0.03770602494478226,0.24078765511512756,-0.3636101186275482,-0.1060529574751854,-0.022485682740807533,-0.17254172265529633,-0.6462101340293884,0.24426934123039246,-0.5124274492263794,0.5146018266677856,0.13348855078220367,0.411348432302475,0.1856514811515808,0.19268068671226501,0.5938369035720825,0.030062323436141014,-0.020566334947943687,-0.06413616985082626,0.131969153881073,-0.02009262517094612,0.278091162443161,0.2046463042497635,-0.10848446190357208,0.018449539318680763,-0.041715107858181,0.07239013910293579,-0.13754203915596008,0.07784654200077057,-0.22999458014965057,0.21712931990623474,0.08418913185596466,-0.024274121969938278,-0.12053023278713226,0.27209264039993286,-0.20833441615104675,-0.28319576382637024,0.05210341140627861,-0.16870853304862976,0.055846840143203735,-0.028329437598586082,0.12654045224189758,-0.17029526829719543,0.3815360963344574,0.20009556412696838,0.13383059203624725,-0.2385128289461136,0.10225881636142731,0.18008382618427277,0.45297178626060486,-0.19640278816223145,0.2469378411769867,-0.07612188160419464,-0.0570833794772625,0.06592985987663269,0.03260720893740654,-0.09160572290420532,-0.31636321544647217,-0.4168078303337097,-0.0807245597243309,0.07450999319553375,0.013959944248199463,0.20578983426094055,0.09987024962902069,0.0989592894911766,-0.2150268852710724,0.2440357506275177,-0.5150423645973206,-0.33703941106796265,0.32232898473739624,0.2846737802028656,-0.12326039373874664,0.8369460105895996,-0.0025693834759294987,-0.055682502686977386,0.060362089425325394,0.023569393903017044,-0.04504827782511711,-0.19724437594413757,0.16647708415985107,0.25060659646987915,0.16382400691509247,-0.022163501009345055,-0.23255959153175354,-0.14747419953346252,-0.2674100697040558,-0.11697228997945786,0.3027401864528656,-0.04361386224627495,-0.6560890078544617,-0.563569188117981,0.4475361704826355,-0.24226541817188263,-0.20199036598205566,-0.13935616612434387,-0.3579793870449066,-0.012586447410285473,-0.11974809318780899,-0.0851956158876419,-0.6003623008728027,0.04814692959189415,-0.4493297040462494,-0.090350441634655,-0.05410593003034592,0.0005252963164821267,0.45883527398109436,-0.6241511702537537,-0.3487376570701599,-0.11462271213531494,-0.06755443662405014,-0.18902786076068878,-0.39671236276626587,-0.17756138741970062,0.14057673513889313,0.055572204291820526,0.5473502278327942,-0.010894730687141418,0.6052889823913574,-0.0646803230047226,-0.07492363452911377,0.1532638520002365,-0.2379409372806549,-0.38215065002441406,-0.040434494614601135,-0.3669916093349457,-0.018316175788640976,-0.06020252779126167,0.0202495027333498,0.5417839288711548,0.0771721601486206,-0.6601518988609314,0.1197284683585167,-0.13694849610328674,0.03622597083449364,0.4005219042301178,0.1632966697216034,-0.13125181198120117,0.15147216618061066,0.33079737424850464,0.006634864024817944,0.02059314213693142,-0.5321757197380066,-0.4819503724575043,-0.2181064635515213,0.005301132798194885,0.012650132179260254,-0.19713446497917175,0.09628717601299286,0.01493312418460846,0.14585672318935394,-0.26385900378227234,0.6043744087219238,-0.09822528809309006,-0.014018267393112183,-0.12910997867584229,0.04187766835093498,-0.051936231553554535,0.4487296938896179,0.030344149097800255,0.09836369752883911,-0.10695948451757431,0.10449395328760147,0.22998562455177307,-0.1221185103058815,-0.6874798536300659,-0.18715716898441315,-0.08740875869989395,-0.0032940595410764217,0.05514627695083618,0.05664091557264328,-0.254454106092453,-0.571608304977417,0.11207631975412369,0.13737957179546356,-0.02572300098836422,-0.005242367275059223,-0.17253737151622772,0.2015547752380371,-0.43910008668899536,-0.08884032815694809,-0.07746408879756927,-0.18898488581180573,-0.17838269472122192,0.013956342823803425,-0.10351576656103134,-0.23829476535320282,0.37949439883232117,0.04628675431013107,0.10271649062633514,0.08335793763399124,-0.24026069045066833,0.110989049077034,-0.026921257376670837
CID000004675,1528,0.1875966489315033,-0.11228348314762115,-0.45513564348220825,0.22444887459278107,0.41549691557884216,0.02300216816365719,0.09291990846395493,-0.4282211363315582,0.03800657019019127,-0.3860248923301697,0.5314954519271851,-0.11269698292016983,-0.031510889530181885,-0.05634569004178047,-0.19021180272102356,0.19159510731697083,0.15343382954597473,-0.2611241638660431,-0.5259339213371277,0.08823755383491516,-0.19311027228832245,0.25019413232803345,0.22114884853363037,0.35416460037231445,-0.6069739460945129,-0.965164303779602,-0.3254312574863434,-0.015017708763480186,0.08085937798023224,0.021871695294976234,1.1881848573684692,0.12629960477352142,-0.06406581401824951,0.0003784090222325176,-0.44210296869277954,0.09967600554227829,0.150730699300766,-0.22202447056770325,-0.30058860778808594,-0.11550857871770859,-0.2637280821800232,0.3594030737876892,-0.13403010368347168,-0.2618598937988281,-0.1310647428035736,0.21514630317687988,0.6743749976158142,-0.10188207775354385,-0.5578190684318542,-0.027291303500533104,-1.2402960062026978,0.0941968709230423,0.5610133409500122,0.06433571875095367,0.27613702416419983,-0.37980392575263977,-0.13764232397079468,0.31158432364463806,-0.31467804312705994,0.019131910055875778,0.1243928074836731,-0.35445308685302734,0.12484647333621979,0.6573141813278198,0.23527224361896515,0.710740864276886,0.1655900478363037,-0.043159063905477524,0.1348116248846054,-0.09300009906291962,-0.8524678945541382,-0.011325715109705925,-0.5121486783027649,0.5796416997909546,0.1781938374042511,0.8346689939498901,0.4306909143924713,0.17753064632415771,0.7961982488632202,0.05745537951588631,-0.1982153356075287,0.0763116329908371,-0.311685711145401,0.06629480421543121,-0.11000118404626846,0.21337488293647766,-0.16240575909614563,0.028749313205480576,0.03282923251390457,-0.05823175236582756,0.13426664471626282,0.05724281817674637,-0.43488630652427673,-0.04909491539001465,-0.04397449269890785,-0.04179087281227112,-0.17555676400661469,0.15880760550498962,0.13275375962257385,-0.5811790823936462,-0.1321817934513092,-0.03604425862431526,-0.07773900777101517,-0.27501773834228516,0.006613811943680048,-0.15325184166431427,0.7225931286811829,0.5566242337226868,-0.25361204147338867,0.07936801016330719,-0.0869697704911232,-0.2859900891780853,0.25678879022598267,-1.2282902002334595,-0.0017103195423260331,-0.4753797650337219,-0.02712162211537361,0.13086055219173431,-0.08259990066289902,0.08085732161998749,-0.0675048679113388,-0.1147209033370018,0.20248302817344666,-0.025950292125344276,-0.1833818256855011,-0.0737716481089592,0.2585408091545105,-0.0405539944767952,-0.18364454805850983,0.1916581690311432,-0.7084295153617859,-0.045600634068250656,0.34578651189804077,0.050819240510463715,-0.11346802860498428,0.8955396413803101,-0.02884250320494175,-0.013126874342560768,0.3782663643360138,0.2705990970134735,-0.0922214537858963,-0.22840151190757751,0.12625457346439362,0.11101317405700684,0.16610154509544373,0.08788558840751648,-0.28196439146995544,0.33983632922172546,0.002860304433852434,0.004173590801656246,0.9011480212211609,0.14199227094650269,-0.49973827600479126,-0.5222358107566833,0.7294594049453735,0.0352419950067997,0.12520965933799744,-0.061855148524045944,-0.2083825320005417,-0.15132872760295868,0.04196856915950775,-0.14490947127342224,-0.7138318419456482,0.17092794179916382,-0.5773217678070068,0.023241600021719933,0.13235971331596375,-0.14411474764347076,0.4872508943080902,-0.6046673059463501,-0.26601511240005493,-0.04936280846595764,-0.03562437742948532,-0.09020964801311493,-0.5172030329704285,-0.34375303983688354,0.19824986159801483,0.0880260244011879,0.4579432010650635,0.36084192991256714,0.20558404922485352,-0.07939139753580093,-0.21174857020378113,0.5246322751045227,-0.20789821445941925,-0.8383922576904297,-0.5343571901321411,0.02745353803038597,-0.19551308453083038,-0.22286662459373474,-0.17568626999855042,0.6388704180717468,-0.19964662194252014,-0.10065541416406631,0.08467420190572739,0.08046692609786987,0.01219593733549118,-0.060721755027770996,0.40268102288246155,-0.14463946223258972,0.15040549635887146,0.4362875819206238,0.11996807903051376,0.04869086667895317,-0.5106972455978394,0.14516930282115936,-0.5150742530822754,-0.019791465252637863,0.031858205795288086,-0.1671418696641922,-0.043701644986867905,0.051814477890729904,-0.18808779120445251,-0.20702727138996124,0.8003153800964355,0.09499023854732513,0.25504645705223083,-0.1279449164867401,-0.26352551579475403,0.19458699226379395,0.11106912046670914,-0.14461848139762878,0.05730777978897095,-0.029833272099494934,-0.011057812720537186,0.21367338299751282,0.17664149403572083,-0.8641986846923828,-0.22693145275115967,-0.03444074094295502,0.016467496752738953,0.31213995814323425,0.17105603218078613,-0.2256724089384079,-0.43804702162742615,0.08487005531787872,-0.06120641157031059,0.002640934195369482,-0.08937220275402069,0.3671627640724182,1.1159292459487915,-0.25943559408187866,-0.02131335437297821,-0.5965424180030823,-0.2792873978614807,-0.25484704971313477,-0.08667813241481781,-0.1865495890378952,-0.0033065706957131624,0.09681215137243271,0.05167166516184807,0.0008468866581097245,0.1700480878353119,0.0113625293597579,0.10811638832092285,-0.05528863146901131
CID000000298,1531,0.09738685190677643,-0.18207448720932007,-0.6355178356170654,0.16319753229618073,0.3652404248714447,0.11861588060855865,-0.08433717489242554,-0.5391732454299927,-0.2784806787967682,-0.23651950061321259,0.00414371769875288,-0.009635291993618011,-0.055437903851270676,-0.015861283987760544,-0.15938076376914978,0.23218068480491638,0.3150237500667572,0.07856450229883194,-0.5953086018562317,0.06344085931777954,-0.08911926299333572,-0.0023770644329488277,0.7047655582427979,0.14605270326137543,-0.4030679166316986,-0.5637525320053101,-0.31602558493614197,-0.07223010063171387,0.2524124085903168,0.042047448456287384,0.8559139966964722,-0.056411318480968475,0.03253436088562012,0.7809135317802429,-0.44716954231262207,-0.03583148121833801,1.1122627258300781,-0.1680821031332016,0.028734272345900536,0.0372389554977417,-0.505772590637207,0.5048542618751526,-0.2236092984676361,0.11138926446437836,0.17545415461063385,0.04239258915185928,0.5829942226409912,-0.013319253921508789,-0.535081684589386,0.2028699666261673,-0.44000163674354553,-0.03808223456144333,0.40305089950561523,-0.25141146779060364,0.06629052013158798,-0.3917691111564636,-0.11141238361597061,0.7917236089706421,0.006572147365659475,-0.25375357270240784,0.06854595988988876,-0.11871250718832016,-0.0684753805398941,0.9125351905822754,0.27717119455337524,0.3539847135543823,-0.03502579778432846,-0.08481692522764206,-0.10732631385326385,-0.07877209782600403,-0.8012812733650208,0.18620935082435608,-0.8125928640365601,0.14735229313373566,0.16727204620838165,0.3627351224422455,0.4306277334690094,0.15667955577373505,0.6917933225631714,0.2110157310962677,0.14112570881843567,-0.3136803209781647,0.09846125543117523,-0.23301807045936584,0.30035537481307983,0.3151187002658844,-0.6322172284126282,0.08702631294727325,-0.10638066381216049,-0.10475762188434601,-0.02879803255200386,-0.007269179914146662,-0.16430768370628357,0.1412487030029297,-0.10102902352809906,-0.184756338596344,-0.16653673350811005,0.11527156829833984,-0.0654701367020607,-0.5934995412826538,0.11563777923583984,-0.007505793124437332,0.0973643809556961,-0.16796573996543884,0.2957848012447357,-0.011084032244980335,0.7434295415878296,0.17863056063652039,0.0904582291841507,-0.078031525015831,0.04541271552443504,-0.06376290321350098,0.473053514957428,-0.24159863591194153,0.20771417021751404,-0.17614467442035675,-0.1988523304462433,0.19638870656490326,-0.19745303690433502,0.23304429650306702,-0.32444506883621216,-0.2869788110256195,0.007984189316630363,0.09118250012397766,-0.06646917015314102,-0.09337330609560013,0.27286726236343384,-0.07824894040822983,-0.09031184017658234,0.2690708041191101,-0.7834521532058716,-0.4541134834289551,0.379950612783432,0.37613534927368164,0.17579612135887146,0.9723682403564453,0.1475449800491333,0.07048983871936798,0.1586470603942871,-0.010906311683356762,-0.011450691148638725,-0.2049756795167923,0.07144908607006073,0.42885518074035645,0.015221755020320415,-0.19233796000480652,-0.5639047622680664,0.01068609394133091,-0.028503989800810814,-0.21806129813194275,0.36648133397102356,0.005497676320374012,-0.7755767703056335,-0.765835165977478,0.7346712350845337,-0.23774930834770203,0.02640192210674286,0.08826439082622528,-0.31617259979248047,0.06642432510852814,-0.1892188936471939,0.24009151756763458,-0.9781002998352051,-0.16162888705730438,-0.37066954374313354,-0.09635299444198608,-0.12055277824401855,-0.2204781472682953,0.3717929720878601,-0.5097712278366089,-0.3007053732872009,-0.061677344143390656,0.030667778104543686,-0.14734727144241333,-0.5650101900100708,0.03276325389742851,0.3946424126625061,0.03846399858593941,0.543954074382782,0.06311031430959702,0.5266017913818359,-0.12341666221618652,-0.010875311680138111,0.4592728614807129,-0.031053537502884865,-0.43071332573890686,-0.23592543601989746,-0.31663021445274353,-0.2218984067440033,-0.09345974773168564,-0.31625089049339294,0.876073956489563,-0.11666572093963623,-0.5326425433158875,-0.08132542669773102,-0.0892198234796524,0.06262747943401337,0.16079597175121307,0.33501261472702026,-0.01548759639263153,0.26262184977531433,0.09044132381677628,0.12418007850646973,0.07980110496282578,-0.4470292925834656,-0.22589528560638428,-0.11069285869598389,0.30151432752609253,-0.03997350484132767,-0.08114327490329742,-0.20164206624031067,-0.06092388555407524,0.1204928383231163,-0.3128338158130646,0.5581548810005188,0.1082582101225853,-0.11497272551059723,-0.13706056773662567,-0.18546314537525177,0.04318034276366234,0.09689333289861679,0.05769998952746391,0.017972219735383987,-0.14410844445228577,-0.13966187834739685,0.17211398482322693,-0.16302670538425446,-1.10312819480896,-0.07486303895711899,-0.011738449335098267,-0.12688806653022766,0.27944594621658325,0.06919549405574799,-0.014815395697951317,-0.5780908465385437,0.2030184268951416,0.02101743593811989,0.023865336552262306,-0.10487997531890869,0.02028161846101284,0.5039918422698975,-0.36473506689071655,0.026997704058885574,-0.23970559239387512,-0.28249961137771606,-0.26373177766799927,0.24682538211345673,0.13914698362350464,-0.12258853763341904,0.33381685614585876,0.3539530038833618,0.1407107561826706,0.12265755236148834,-0.07065290212631226,0.3513766825199127,-0.0485164038836956
CID000003305,1535,-0.014927702955901623,-0.07277189195156097,-0.6356772184371948,0.30403274297714233,0.4236353039741516,-0.3363029360771179,-0.188601553440094,-0.5066109299659729,-0.0847952738404274,-0.24325236678123474,0.3733551800251007,-0.0278368778526783,-0.19948270916938782,0.10670493543148041,0.19631844758987427,0.003032934619113803,0.12381134182214737,0.07086330652236938,-0.11349813640117645,0.22175166010856628,-0.25020915269851685,0.23071947693824768,0.4461575448513031,0.08007851988077164,-0.6460097432136536,-0.6192246675491333,-0.4919118881225586,0.1429981291294098,0.043382856994867325,-0.05049790069460869,0.5706759691238403,0.009209154173731804,-0.06474227458238602,0.1535886526107788,-0.20001216232776642,0.20673272013664246,0.5329833030700684,-0.0033641098998486996,0.05749901011586189,0.175816610455513,0.04016781598329544,0.2017255276441574,-0.11209430545568466,-0.041882313787937164,0.0171537883579731,0.04434157535433769,0.47262629866600037,-0.2868502736091614,-0.6231939196586609,-0.013072023168206215,-0.7167737483978271,0.43232616782188416,0.4642001688480377,-0.16699953377246857,0.3902459144592285,0.0016033457359299064,-0.3448692858219147,0.8991068005561829,0.12283221632242203,-0.03801402077078819,-0.10676933825016022,-0.09994487464427948,0.3998414874076843,0.564393937587738,-0.00824165903031826,0.5745929479598999,0.04058362916111946,-0.18061020970344543,0.02926459349691868,0.05008585378527641,-0.6340038180351257,0.2192942351102829,-0.4049426019191742,0.4452848434448242,0.1093345433473587,0.20026583969593048,0.2619030177593231,0.059313006699085236,0.588510274887085,-0.18667617440223694,-0.028377866372466087,-0.20931382477283478,0.22528819739818573,-0.11378644406795502,0.07687438279390335,0.24141275882720947,-0.1918821930885315,0.13113321363925934,0.1512511819601059,0.0387096181511879,-0.3377821445465088,-0.05626504495739937,-0.4455691874027252,-0.006837890949100256,0.026357701048254967,0.06495548784732819,0.031581006944179535,0.042528390884399414,-0.10070212185382843,-0.7632439732551575,0.030637508258223534,-0.3594231605529785,-0.005335403140634298,0.019807880744338036,0.18797911703586578,0.07569552212953568,0.8589696884155273,-0.011925876140594482,0.2764056921005249,-0.10835015773773193,0.12166999280452728,-0.014698785729706287,0.507408857345581,-0.5205100178718567,0.2759733498096466,-0.3068547248840332,-0.4038936197757721,0.19002985954284668,-0.2550436556339264,0.2067696750164032,-0.2782403230667114,-0.2867715358734131,0.09677448123693466,0.12051020562648773,0.09187761694192886,0.13460317254066467,0.12737348675727844,-0.181991845369339,-0.1361139714717865,0.07003851234912872,-0.5908045172691345,-0.27556392550468445,0.2388487309217453,0.08084762096405029,0.09296506643295288,0.6581244468688965,0.0024686038959771395,0.14987227320671082,0.354255348443985,-0.12449812889099121,-0.0015563663328066468,-0.11146543174982071,0.17514660954475403,0.007875537499785423,0.043664149940013885,-0.003851675894111395,-0.17864027619361877,-0.16513442993164062,0.07607033848762512,0.10202795267105103,0.6835145950317383,0.02506088651716709,-0.315824419260025,-0.4658029079437256,0.5341347455978394,-0.00571815948933363,-0.07264290004968643,-0.04489602893590927,-0.4176996350288391,-0.0398094579577446,0.010862693190574646,0.16444027423858643,-0.8085991740226746,-0.02655951678752899,-0.4241936206817627,-0.023121725767850876,-0.0259842686355114,-0.26998743414878845,0.6569235920906067,-0.5850054025650024,-0.40427857637405396,-0.07352687418460846,-0.13245342671871185,-0.03933186084032059,-0.5094696283340454,-0.39822420477867126,0.1973268687725067,0.13628526031970978,0.4639841914176941,-0.2025667428970337,0.2709483504295349,0.011443188413977623,-0.28905999660491943,0.6978604793548584,-0.1733703315258026,-0.24205097556114197,-0.05838879197835922,-0.14332059025764465,-0.3638753294944763,-0.027274444699287415,-0.037048496305942535,0.708893895149231,0.08741061389446259,-0.4255213141441345,0.015348720364272594,-0.1886700987815857,0.053009994328022,-0.055353306233882904,0.5531243085861206,-0.24498391151428223,0.5782107710838318,0.2198227196931839,-0.007585224695503712,0.4315267503261566,-0.3764628767967224,-0.049098171293735504,-0.26076939702033997,-0.08373446762561798,-0.1627366989850998,-0.05348793417215347,-0.17711687088012695,0.02666930854320526,-0.0981147289276123,-0.21434691548347473,0.605019211769104,-0.32769882678985596,0.06949542462825775,-0.03387335687875748,0.11360180377960205,-0.07715959846973419,0.04988531023263931,-0.07700013369321823,0.07356669008731842,-0.10785933583974838,0.006816324777901173,0.10429380089044571,-0.12373075634241104,-0.6266860365867615,0.006922073662281036,-0.07765959203243256,0.02377367578446865,0.02321748062968254,-0.001546572195366025,0.04559268429875374,-0.5203878879547119,0.046547215431928635,0.21138902008533478,-0.22354671359062195,-0.19395717978477478,-0.005220216698944569,0.7892062067985535,-0.2961196303367615,0.12388013303279877,-0.3378748893737793,-0.2040736973285675,-0.22797322273254395,0.12213482707738876,0.05529245734214783,-0.315456360578537,0.21994945406913757,0.23503971099853516,0.02135811746120453,-0.02402588725090027,-0.31560492515563965,0.1785782128572464,0.09737089276313782
CID000002215,1540,-0.04711594805121422,-0.1966671198606491,-0.4688650071620941,0.1070808619260788,0.35333266854286194,-0.22309482097625732,-0.06609229743480682,-0.6743301153182983,-0.16587749123573303,-0.054051704704761505,0.3531571626663208,0.17052718997001648,-0.13072705268859863,-0.0366634726524353,-0.06448186933994293,0.20066821575164795,0.33377569913864136,0.04127511382102966,-0.3358927369117737,0.2196788340806961,-0.228603333234787,-0.018226800486445427,0.46074753999710083,0.07563906908035278,-0.5432230234146118,-0.59000164270401,-0.18367107212543488,-0.15428242087364197,0.11399098485708237,0.027528563514351845,0.526361346244812,0.06942605972290039,-0.08961448818445206,0.19193656742572784,-0.22327764332294464,0.07441391050815582,0.25880497694015503,-0.17153100669384003,0.039543796330690384,-0.02881682477891445,-0.2993576228618622,0.3328709006309509,-0.20604173839092255,-0.014411047101020813,0.018798789009451866,0.07908441126346588,0.5825721025466919,-0.13177117705345154,-0.47766947746276855,-0.062362391501665115,-0.712072491645813,0.3606500029563904,0.27825430035591125,-0.20949868857860565,0.07602863758802414,-0.2514645457267761,-0.24230992794036865,0.5718747973442078,-0.11326786130666733,-0.07811945676803589,0.08566936105489731,-0.23772379755973816,0.1784316599369049,0.7892977595329285,0.1812969595193863,0.3859703540802002,-0.11792337894439697,0.01637895777821541,0.08208948373794556,0.08850382268428802,-0.8118711709976196,0.17684558033943176,-0.4325750768184662,0.5081607699394226,-0.04063524678349495,0.48652616143226624,0.3127880394458771,0.296949177980423,0.5916584134101868,-0.08847329020500183,0.043626151978969574,-0.13640497624874115,0.03945169225335121,-0.05381948500871658,0.29786986112594604,0.39288216829299927,-0.2720230519771576,-0.09927909821271896,-0.18945610523223877,-0.0669349655508995,-0.05970850586891174,0.026887807995080948,-0.09653779119253159,0.09966930001974106,0.12234034389257431,-0.15526966750621796,-0.27807438373565674,0.26276668906211853,-0.11613048613071442,-0.625687837600708,-0.18008624017238617,-0.09624893963336945,0.1774371713399887,-0.10081309080123901,0.20836248993873596,-0.26688602566719055,0.7485185265541077,-0.0354950837790966,0.2583898603916168,-0.09679143130779266,-0.053271882236003876,0.12638044357299805,0.2457258701324463,-0.4258515238761902,0.25736507773399353,-0.21160376071929932,-0.26432496309280396,-0.03812123462557793,-0.23664137721061707,-0.08412949740886688,-0.18010073900222778,-0.2834370732307434,0.14255769550800323,0.17368242144584656,-0.11015045642852783,0.06499428302049637,0.1375637948513031,0.15883228182792664,-0.13297340273857117,0.29564914107322693,-0.7140671610832214,-0.3075062334537506,0.45828303694725037,0.07910309731960297,0.03391911834478378,0.5735163688659668,0.04994993656873703,0.0652419850230217,0.15079399943351746,-0.011026534251868725,-0.16793787479400635,-0.11777131259441376,0.059704601764678955,0.2449932098388672,0.15000972151756287,-0.006579092238098383,-0.3507712781429291,-0.06544838845729828,0.09171561151742935,-0.14229796826839447,0.46240973472595215,-0.10317196696996689,-0.44436436891555786,-0.6326106786727905,0.5081093907356262,-0.17894145846366882,0.1680133044719696,0.028215762227773666,-0.405284583568573,-0.06391771137714386,-0.18282371759414673,-0.03416091203689575,-0.8443571925163269,0.0605478510260582,-0.5496048331260681,-0.06752370297908783,-0.1291705071926117,-0.07979647815227509,0.3754691183567047,-0.5640994310379028,-0.13851621747016907,-0.1405647099018097,-0.18207624554634094,-0.08336251974105835,-0.4769863486289978,-0.10717852413654327,0.46920451521873474,0.08799000829458237,0.5033957362174988,-0.12517118453979492,0.586801290512085,-0.20763783156871796,-0.17036519944667816,0.39456599950790405,-0.09456391632556915,-0.7733670473098755,-0.008083432912826538,-0.19908209145069122,-0.06121907755732536,-0.09741348028182983,-0.3621794283390045,0.6594618558883667,-0.00385323166847229,-0.387960284948349,-0.04410308226943016,-0.0865851417183876,-0.20595809817314148,0.0732170045375824,0.20430736243724823,-0.0910620391368866,0.3619513213634491,0.3829672336578369,-0.16879397630691528,-0.03626559302210808,-0.44918155670166016,-0.3479383885860443,-0.26696816086769104,-0.04319583997130394,-0.07644347846508026,-0.08326225727796555,0.17743004858493805,0.013318797573447227,0.19124795496463776,-0.24095013737678528,0.693738579750061,0.019662201404571533,-0.2531493008136749,-0.09835535287857056,0.02973567321896553,0.022597575560212135,0.27669885754585266,0.00027773529291152954,0.32878169417381287,-0.09539921581745148,-0.03971682861447334,0.2937912344932556,0.05840377137064934,-0.6674922108650208,-0.3486315608024597,-0.08959576487541199,-0.08085735887289047,0.22640343010425568,0.18512269854545593,-0.34480684995651245,-0.5132442712783813,0.2381892204284668,0.09625179320573807,-0.06150246411561966,-0.0351838581264019,-0.07194200158119202,0.47564464807510376,-0.38542109727859497,-0.06356458365917206,-0.16347530484199524,-0.10834014415740967,-0.37711846828460693,0.07520333677530289,-0.019180018454790115,0.01115846075117588,0.24093560874462128,0.14255209267139435,0.15025654435157776,0.12715351581573486,-0.05707826465368271,0.15054087340831757,-0.10965535789728165
CID006436173,1552,0.28547510504722595,-0.2203509509563446,-0.7664377689361572,0.0589948371052742,0.2740122675895691,-0.2901931703090668,0.2058316469192505,-0.8053300976753235,0.09934456646442413,-0.3929014801979065,0.5590283274650574,0.18396790325641632,-0.10479289293289185,0.01633698120713234,0.0759272351861,0.3283575177192688,0.11419191211462021,0.06877829879522324,-0.3462751507759094,-0.02758495882153511,0.076737180352211,-0.11599236726760864,0.3307873606681824,-0.1342194527387619,-1.0769402980804443,-0.7260490655899048,-0.42983976006507874,-0.05936306715011597,0.22819316387176514,-0.0024643451906740665,0.8304451107978821,0.016032282263040543,0.16871273517608643,0.28095003962516785,-0.23208646476268768,0.0446619987487793,0.3572924733161926,0.089230477809906,0.16294676065444946,0.0017825153190642595,0.20957963168621063,0.6115750074386597,-0.2608738839626312,-0.20640644431114197,0.181069016456604,0.004979015327990055,0.9141553640365601,-0.2213999330997467,-0.5892430543899536,0.08552487194538116,-0.8092305064201355,-0.30253851413726807,0.4411792755126953,-0.110783651471138,0.005305550992488861,-0.3099047839641571,-0.030957823619246483,0.8372451663017273,-0.04243289679288864,-0.0810110792517662,-0.1959930956363678,0.07975850999355316,-0.121050164103508,0.339675635099411,0.0422566719353199,0.45240506529808044,0.2585375905036926,-0.08809114992618561,-0.027507424354553223,0.04814552515745163,-0.32379859685897827,0.12874218821525574,-0.39419397711753845,0.4919472634792328,-0.28364384174346924,0.23340067267417908,0.486212819814682,0.08337269723415375,0.5298931002616882,0.08293486386537552,-0.09588052332401276,-0.32241132855415344,0.024171311408281326,0.04560784250497818,0.19539514183998108,0.15655387938022614,-0.8148447275161743,-0.08205945044755936,-0.052627675235271454,0.04475955665111542,-0.19350340962409973,-0.16012941300868988,-0.3041376769542694,0.22899551689624786,0.0421874038875103,0.19905677437782288,0.05585427209734917,0.11582060158252716,-0.0004571288882289082,-1.4789307117462158,-0.2899865508079529,0.1651996225118637,-0.05208578705787659,-0.22146432101726532,0.11319299042224884,-0.0453069843351841,0.8628996014595032,-0.03935103863477707,-0.000544532376807183,0.0022744773887097836,0.0947558656334877,0.08623778820037842,0.164031982421875,-0.7410598397254944,0.11455295979976654,-0.3192693591117859,-0.18046997487545013,0.06659289449453354,0.27103742957115173,0.21971432864665985,-0.05926889181137085,-0.2976936101913452,0.03110022284090519,0.1662922501564026,0.19253136217594147,0.010532123036682606,0.2617102563381195,-0.1013893112540245,-0.20687618851661682,0.13053467869758606,-0.4414061903953552,0.03045419231057167,0.2787034213542938,0.10996215045452118,-0.17003720998764038,0.5123386383056641,-0.07640577852725983,-0.046367742121219635,0.38317686319351196,-0.33805209398269653,0.017540309578180313,0.0744745284318924,0.1325797438621521,0.3551570177078247,0.18937823176383972,0.20749151706695557,-0.5001102089881897,0.3687770962715149,-0.21626301109790802,-0.2793978452682495,0.7390836477279663,-0.20570901036262512,-0.45210570096969604,-0.8743737936019897,0.716626763343811,0.06105729937553406,0.022889340296387672,0.2745576500892639,-0.4692837595939636,0.2423398494720459,0.07568168640136719,-0.025416240096092224,-0.9211662411689758,0.019534382969141006,-0.5355689525604248,0.08937051892280579,0.04169527441263199,-0.08338870853185654,1.2527005672454834,-0.6826030015945435,-0.17397144436836243,0.029455330222845078,0.10750047862529755,0.24987320601940155,-0.3590523600578308,-0.35239893198013306,0.30683156847953796,-0.07562984526157379,0.5281928777694702,0.46949419379234314,0.511387288570404,-0.2203032672405243,0.056954145431518555,0.8724573254585266,-0.22269292175769806,-0.34044888615608215,-0.12053582817316055,-0.16528445482254028,-0.1697946935892105,-0.1965431421995163,-0.48013371229171753,1.3827662467956543,-0.06443237513303757,-0.1398419588804245,-0.11149285733699799,-0.14213310182094574,-0.26837101578712463,0.06787919998168945,1.2769434452056885,-0.24783262610435486,0.5631377696990967,0.41127461194992065,-0.16101381182670593,0.848599910736084,-0.42940473556518555,0.18521438539028168,-0.3857754170894623,-0.02189570851624012,-0.08127335458993912,0.06382612884044647,-0.13323409855365753,0.02964608743786812,0.05530655384063721,-0.20980235934257507,0.42926955223083496,0.18742558360099792,-0.34780800342559814,-0.19706588983535767,0.010830755345523357,-0.07747998088598251,-0.03156428039073944,0.09935496002435684,-0.10918891429901123,-0.314895898103714,-0.035883091390132904,0.320353627204895,0.10326866060495377,-0.35000020265579224,-0.262396901845932,0.13227230310440063,0.18037167191505432,0.03540125489234924,0.4932677149772644,-0.18845579028129578,-0.6261764764785767,-0.027534693479537964,-0.07209201157093048,-0.20570020377635956,-0.16042888164520264,-0.1149371862411499,1.286616563796997,-0.31931501626968384,0.075503870844841,-0.5069501399993896,-0.0744844377040863,-0.5583703517913818,-0.16090936958789825,-0.07431918382644653,0.10253484547138214,0.44349274039268494,0.1900545060634613,0.05933339521288872,0.07659993320703506,-0.13509705662727356,0.3400726914405823,0.06373298168182373
CID000051634,1560,0.2185821533203125,-0.1786537766456604,-0.7884773015975952,0.23986002802848816,0.6147063374519348,0.03487309068441391,-0.14801689982414246,-1.1361088752746582,-0.40582138299942017,-0.08886544406414032,0.05259084701538086,0.2841038703918457,-0.05410243198275566,-0.1087198406457901,-0.10032577812671661,0.19548121094703674,0.30953526496887207,-0.2511921226978302,-0.45386582612991333,0.06123245507478714,-0.18284645676612854,0.14676079154014587,0.5239243507385254,0.06217494606971741,-0.6281925439834595,-0.8102134466171265,-0.2398616075515747,0.0669669434428215,0.008629823103547096,-0.5750232934951782,0.7832249999046326,-0.07340363413095474,-0.1682441085577011,0.6853452920913696,-0.3843490183353424,0.38112160563468933,1.581925392150879,-0.15536817908287048,0.0624399296939373,-0.0038745373021811247,-0.4467104375362396,0.688035249710083,-0.3204278349876404,-0.07245690375566483,-0.11104591190814972,-0.10431216657161713,0.6787910461425781,-0.21803100407123566,-0.19262298941612244,0.038142312318086624,-0.565986156463623,0.07661561667919159,0.17198708653450012,-0.14107158780097961,0.08354081958532333,-0.2214856892824173,-0.13235369324684143,0.7663879990577698,0.01654493808746338,0.06566216051578522,-0.15072771906852722,-0.04953444004058838,-0.03287360072135925,0.9046424627304077,0.08709758520126343,0.24764876067638397,-0.16654051840305328,-0.22021004557609558,-0.08275988698005676,-0.03918968886137009,-0.5631653666496277,0.3337961733341217,-0.8925191760063171,0.3582788109779358,-0.08790583163499832,0.25872746109962463,0.9593120813369751,0.3819948732852936,0.6129373908042908,0.006679093930870295,-0.1157587394118309,-0.4709399342536926,0.20457959175109863,-0.066432885825634,-0.1602579951286316,0.3596987724304199,-0.48050326108932495,-0.4635619521141052,0.0228098277002573,0.34117794036865234,0.0648312121629715,-0.09655820578336716,-0.15902991592884064,-0.05607759207487106,-0.017214354127645493,-0.20964331924915314,-0.04774203151464462,0.2676171362400055,-0.044255807995796204,-0.8881551623344421,-0.11108539253473282,-0.3161194920539856,0.16615357995033264,-0.13346800208091736,0.09582692384719849,-0.16294404864311218,0.8742616772651672,-0.3598645329475403,0.11851195991039276,-0.2596745491027832,0.12427885830402374,-0.04283986985683441,0.2553113102912903,-0.23304089903831482,0.11797183752059937,-0.2547854781150818,-0.5646700859069824,-0.08177601546049118,-0.08972616493701935,0.23821306228637695,-0.3880135416984558,-0.2973650097846985,0.14787077903747559,0.07503685355186462,0.20426659286022186,-0.10031435638666153,0.39886119961738586,-0.16969498991966248,-0.11493418365716934,0.277546226978302,-0.8001068830490112,-0.3402691185474396,0.5540459752082825,0.187278151512146,-0.1766485869884491,0.613027036190033,0.3043570816516876,0.06828896701335907,0.1456015408039093,-0.3578856587409973,-0.1818976104259491,-0.16570943593978882,0.16897913813591003,0.1828903704881668,-0.04369548708200455,0.3338226079940796,-0.1904580295085907,0.25536397099494934,-0.09994538128376007,-0.2653304636478424,0.29595738649368286,-0.14951905608177185,-0.5745317339897156,-0.9189013242721558,0.8183436393737793,-0.22446660697460175,0.3331783413887024,0.440507709980011,-0.49476438760757446,0.05223402380943298,0.1320776641368866,0.36849790811538696,-1.0920369625091553,0.17426355183124542,-0.32948726415634155,-0.2555406987667084,0.04225524514913559,-0.28403234481811523,0.41532212495803833,-0.5044365525245667,-0.03556513786315918,-0.03575096279382706,-0.08114569634199142,-0.03983863815665245,-0.6766397356987,-0.215814471244812,1.2644907236099243,0.05372381955385208,0.426231324672699,-0.044677216559648514,0.525335431098938,-0.21258492767810822,-0.06873732805252075,0.6101047396659851,0.1576741486787796,-0.5273767113685608,-0.06530064344406128,-0.16057872772216797,-0.6259870529174805,-0.003338420297950506,-0.404308944940567,1.173027515411377,-0.07993172109127045,-0.47755637764930725,0.06777067482471466,-0.35321182012557983,0.09687962383031845,0.10746882110834122,0.6409429311752319,-0.20659145712852478,0.4915541708469391,0.050393056124448776,-0.18733812868595123,0.03481719642877579,-0.14038917422294617,-0.009885990992188454,-0.08095090091228485,-0.08992631733417511,-0.18994411826133728,-0.07908120006322861,-0.02487713098526001,-0.12485674768686295,-0.40883365273475647,-0.23901359736919403,0.6646316051483154,0.35959285497665405,-0.06339554488658905,-0.21621239185333252,-0.257994681596756,-0.029515475034713745,-0.05196189880371094,-0.06646691262722015,0.09553471952676773,0.1318143904209137,-0.025184929370880127,0.006512734107673168,-0.1623472273349762,-0.8999481201171875,-0.16009540855884552,-0.26992911100387573,-0.13556210696697235,0.16704753041267395,0.0021015137899667025,-0.14983484148979187,-0.6147505640983582,0.09646687656641006,0.03600900620222092,0.11103947460651398,0.11910541355609894,0.04878930002450943,1.1233545541763306,-0.27138084173202515,0.1542825698852539,-0.1920802742242813,-0.16567295789718628,-0.4557396471500397,0.12539318203926086,0.22150449454784393,-0.34253570437431335,0.25293394923210144,0.3103998899459839,-0.014454180374741554,0.0491463765501976,-0.07648378610610962,0.23762476444244385,0.2087726593017578
CID000004739,1575,0.189981147646904,-0.31020835041999817,-0.7316411137580872,-0.00770304212346673,0.19467642903327942,-0.250576913356781,-0.008768084459006786,-0.8866179585456848,-0.09487485885620117,-0.5744777917861938,0.6652424931526184,-0.09546325355768204,-0.07457102835178375,-0.0304575078189373,-0.23648516833782196,0.31626924872398376,0.1873694658279419,0.10765291750431061,-0.1411679983139038,-0.13313472270965576,-0.33329537510871887,-0.1356956660747528,0.156892329454422,-0.06784073263406754,-1.2365189790725708,-1.0031388998031616,-0.4505581855773926,-0.1944323033094406,0.16658881306648254,-0.12863534688949585,0.8245166540145874,0.042976994067430496,0.15306881070137024,0.2964244782924652,-0.13756810128688812,-0.1142774224281311,0.2991728186607361,0.05978440120816231,-0.11605007946491241,0.06461348384618759,-0.1945803016424179,0.4842661917209625,-0.0007834438001736999,-0.2724176049232483,-0.1896744668483734,-0.009875178337097168,1.1099863052368164,0.07962197065353394,-0.661919891834259,0.1382165402173996,-1.1205132007598877,0.03381437063217163,0.2861844599246979,-0.10512790828943253,-0.036924686282873154,-0.1655198484659195,0.05305452272295952,0.969916045665741,-0.11810307204723358,0.17894452810287476,-0.10362464189529419,-0.05845128744840622,0.107452392578125,0.5871732831001282,0.2569006681442261,0.47093018889427185,0.15391068160533905,-0.06838993728160858,-0.10878975689411163,0.25247910618782043,-0.6286112070083618,0.1032998338341713,-0.5098237991333008,0.4019673764705658,0.14077450335025787,-0.08918397128582001,0.3037552833557129,0.2782532274723053,1.1180052757263184,0.040798548609018326,-0.28229182958602905,-0.47858673334121704,0.2232598066329956,0.03610393777489662,0.4403213858604431,0.09059235453605652,-0.4985455870628357,-0.12446538358926773,-0.2590111792087555,0.24996373057365417,-0.3479134738445282,-0.42581191658973694,-0.2623075246810913,-0.08851300925016403,-0.03155909851193428,-0.04654689133167267,-0.23926639556884766,0.3001374304294586,-0.08441056311130524,-1.582956314086914,0.02180938981473446,0.006118167191743851,-0.030744049698114395,-0.08074317872524261,0.04021817073225975,0.028786301612854004,0.8521140813827515,0.2960663437843323,0.16472569108009338,-0.10555269569158554,0.2509744167327881,-0.08407425880432129,0.2895132601261139,-0.700363039970398,0.17872604727745056,-0.19614137709140778,-0.3358832597732544,0.32789120078086853,-0.052489858120679855,0.1785067319869995,-0.2630169987678528,-0.2980975806713104,-0.19328635931015015,0.14242789149284363,0.2273958921432495,0.08128814399242401,0.1726667433977127,0.0583965890109539,-0.25237077474594116,0.3769761919975281,-0.7302632331848145,0.05132908746600151,0.0880303606390953,0.16910263895988464,0.1836201250553131,0.6081098318099976,0.04615844413638115,0.10209401696920395,0.4647831916809082,0.0492822527885437,-0.17733034491539001,-0.10885975509881973,0.13281050324440002,0.2994518280029297,0.10520987212657928,-0.1694953590631485,-0.31341972947120667,0.3701958656311035,0.32569819688796997,-0.17207962274551392,0.8436792492866516,-0.2495899200439453,-0.35909828543663025,-0.9065720438957214,0.5841306447982788,0.04095020145177841,0.10013469308614731,0.07814013212919235,-0.6612561941146851,-0.046042270958423615,-0.18119053542613983,-0.19898171722888947,-1.1271673440933228,0.012872475199401379,-0.5082909464836121,0.0288721714168787,0.07564909756183624,-0.09638813138008118,0.887262225151062,-0.45588308572769165,-0.06361814588308334,-0.13134193420410156,-0.07868069410324097,-0.008795937523245811,-0.5665370225906372,-0.14660285413265228,0.42636674642562866,0.0474071204662323,0.41003480553627014,0.23143085837364197,0.09400469064712524,-0.18778732419013977,-0.13708099722862244,0.8724826574325562,0.09154278039932251,-0.1924271285533905,-0.1541137993335724,0.011869816109538078,-0.14971350133419037,-0.17798450589179993,-0.5105266571044922,1.4838612079620361,-0.11758947372436523,0.007905973121523857,-0.2528243064880371,-0.10207579284906387,-0.3368719518184662,-0.06573766469955444,1.2158011198043823,-0.06467689573764801,0.8959366083145142,0.2637569010257721,0.19195762276649475,0.98570317029953,-0.3169892728328705,0.3478318452835083,-0.3857770264148712,0.030307859182357788,0.2067738026380539,0.053454507142305374,0.09728818386793137,-0.052784960716962814,0.03654925152659416,-0.0019104506354779005,0.6923524141311646,0.38684505224227905,-0.3666611909866333,-0.32637184858322144,0.17872194945812225,0.3705286383628845,-0.015501427464187145,0.03361455351114273,0.1893145591020584,-0.12678232789039612,-0.2438027411699295,0.41353854537010193,-0.06544939428567886,-0.741004467010498,-0.06433133780956268,0.08399251848459244,0.18156678974628448,0.04828217625617981,0.2624848783016205,-0.07687253504991531,-0.7383036017417908,0.4773634076118469,0.2189301997423172,-0.06330603361129761,-0.20717494189739227,-0.006971339229494333,1.419777512550354,-0.2235851287841797,-0.22355762124061584,-0.30289366841316223,-0.06448975205421448,-0.42048877477645874,-0.04106505587697029,-0.08167586475610733,-0.1616031974554062,0.47066766023635864,-0.06783673912286758,0.058636147528886795,0.11755095422267914,-0.06483098864555359,0.45353955030441284,-0.10437814891338348
CID000002610,1579,-0.04271911457180977,-0.32694679498672485,-1.2867658138275146,-0.14820373058319092,0.3557938039302826,-0.05305032059550285,-0.04535583406686783,-0.7334837913513184,-0.19711850583553314,-0.2997378706932068,0.4109787046909332,0.05169958621263504,-0.2418479174375534,-0.5419930815696716,-0.09978882223367691,0.16795240342617035,1.4755666255950928,0.1807052195072174,-0.4786892831325531,-0.339577317237854,-0.35631176829338074,-0.13729575276374817,0.5329850912094116,-0.1912747621536255,-0.7518705725669861,-1.3197927474975586,-0.7970114946365356,-0.2006222903728485,-0.048383455723524094,0.21021394431591034,1.7537767887115479,0.4729517996311188,-0.12728258967399597,-0.43167710304260254,-0.19714269042015076,-0.14680498838424683,0.43990272283554077,-0.41220998764038086,0.2691613733768463,-0.5198662281036377,-0.3260803818702698,1.921556830406189,-0.6395789384841919,-0.3603678345680237,-0.03506610542535782,-0.0808417946100235,1.0615665912628174,0.24852022528648376,-0.812365710735321,0.0195893757045269,-0.5622028708457947,0.10349748283624649,0.011255666613578796,-0.11026325076818466,0.3347398042678833,-0.9963130950927734,0.0357084646821022,0.7070134282112122,-0.5075026750564575,0.3467877507209778,0.2831982374191284,0.13190995156764984,0.07291986048221588,0.8692286610603333,-0.350636750459671,0.13008151948451996,-0.059395741671323776,0.09300100803375244,-0.06951330602169037,0.1729300618171692,-0.9334627389907837,0.22506208717823029,-1.086883783340454,0.04719557613134384,-0.1350303441286087,0.45265477895736694,1.578120231628418,0.6493055820465088,0.966767430305481,-0.05982227250933647,-0.18228545784950256,-0.19393695890903473,-0.4750996232032776,0.16231831908226013,-0.07630649954080582,-0.12270798534154892,-0.16859443485736847,-0.5095087885856628,0.049511320888996124,0.5072091817855835,-0.3145567774772644,0.029670219868421555,-0.21975477039813995,-0.029443692415952682,0.018061866983771324,-0.45632681250572205,0.21849556267261505,0.25118207931518555,0.02780989743769169,-0.7172653079032898,-0.0702485591173172,-0.16638371348381042,0.03270700201392174,-0.3078519105911255,0.013593736104667187,-0.12587597966194153,1.0273864269256592,-0.21183986961841583,-0.007240158971399069,0.22546854615211487,-0.14611853659152985,0.09573961049318314,0.2839902639389038,-0.5109680891036987,-0.11398689448833466,-0.13989409804344177,-0.2563785910606384,0.23683984577655792,-0.037173010408878326,0.3331041932106018,-0.008138868026435375,-0.102663055062294,0.10306937992572784,-0.04336552694439888,0.39420318603515625,-0.09225915372371674,0.30713385343551636,0.16999872028827667,0.18767042458057404,0.5658197402954102,-0.7036529183387756,0.15882836282253265,0.039604704827070236,0.34913069009780884,-0.15949025750160217,0.7643627524375916,-0.26303353905677795,0.13068793714046478,0.5878454446792603,0.0793929174542427,-0.014499738812446594,-0.34307509660720825,-0.17772915959358215,-0.04042736440896988,0.368569940328598,-0.10973318666219711,-0.0743798241019249,0.3220353424549103,0.4098877012729645,-0.09040017426013947,0.24260707199573517,-0.41447028517723083,-0.7020901441574097,-1.2329961061477661,0.6493280529975891,0.1791945844888687,-0.1345951110124588,-0.19791744649410248,-0.09865912795066833,-0.014137561433017254,0.07082896679639816,-0.11241936683654785,-0.9519307017326355,-0.11881089210510254,-0.9944430589675903,-0.3432578146457672,-0.07632039487361908,0.32563653588294983,0.8864299058914185,-0.16026881337165833,-0.11787106096744537,-0.2765274941921234,-0.036519359797239304,0.36384353041648865,-0.7628151178359985,-0.07968062162399292,0.30605289340019226,-0.049691446125507355,0.6266111731529236,0.4264134466648102,0.8275554776191711,-0.07761723548173904,-0.2794543504714966,-0.15228977799415588,0.033136267215013504,-0.5755425691604614,-0.5065344572067261,0.08707500249147415,0.0008659940212965012,-0.09991690516471863,-0.8000277280807495,0.9920762777328491,0.0028943538200110197,-0.4515839219093323,-0.0808633342385292,-0.13132435083389282,-0.21070976555347443,0.23358826339244843,0.14614036679267883,0.04058961197733879,0.3309498429298401,-0.05163925886154175,-0.44739246368408203,0.23964104056358337,-0.17865197360515594,0.41622477769851685,-0.0768829733133316,0.3113626539707184,0.13293802738189697,-0.38464945554733276,0.7122462391853333,0.01535160280764103,-0.03220595046877861,0.2632225751876831,1.0374789237976074,0.7274629473686218,-0.23864217102527618,-0.6778606176376343,0.13277840614318848,0.06340377032756805,0.09289412200450897,-0.24838557839393616,-0.09852123260498047,0.04119378328323364,0.24524438381195068,0.029583090916275978,0.08787171542644501,-1.4634499549865723,-0.2636367678642273,-0.12096061557531357,0.2458527833223343,0.20707929134368896,-0.00895362626761198,-0.08309100568294525,-0.8032566905021667,0.21504142880439758,-0.28798961639404297,-0.1142398864030838,-0.05136266350746155,-0.030128102749586105,1.007638692855835,-0.37463289499282837,0.12156476080417633,-0.19793754816055298,-0.3920292258262634,-0.3271012306213379,0.05045844241976738,0.3115498423576355,-0.1789878010749817,0.16321814060211182,0.2083480805158615,-0.11039601266384125,-0.030288880690932274,0.11715976148843765,0.46004217863082886,-0.24855777621269226
CID000004727,1622,0.018676627427339554,-0.027796411886811256,-0.8505107760429382,0.308533638715744,0.30814850330352783,0.05122538283467293,-0.2643686532974243,-0.7906591296195984,0.01703587733209133,-0.19344434142112732,0.2734947204589844,0.38275420665740967,-0.4368673264980316,0.08640036731958389,0.0628233253955841,0.0467693917453289,0.8046520948410034,-0.0398767814040184,-0.10195270925760269,-0.20424385368824005,0.09499350935220718,-0.05945567414164543,0.46823614835739136,-0.16762816905975342,-0.9146485328674316,-0.8203353881835938,-0.5670430064201355,0.11843065917491913,-0.11403901875019073,-0.08696748316287994,0.9961010217666626,0.14040324091911316,0.1541845202445984,0.4140892028808594,-0.22665934264659882,0.24316677451133728,1.4938232898712158,-0.24350814521312714,-0.02447393536567688,0.0716383308172226,-0.6167586445808411,0.9964538812637329,-0.313375324010849,-0.0862821564078331,-0.001133912825025618,-0.13345131278038025,0.5542178750038147,-0.4512154161930084,-0.3473093807697296,-0.06155429035425186,-0.3906479775905609,0.558748185634613,0.30485549569129944,-0.05495656654238701,0.46686631441116333,0.008127743378281593,-0.4338007867336273,0.6737201809883118,-0.03436838835477829,0.0814022496342659,-0.13148599863052368,-0.30101901292800903,0.12342953681945801,1.1352665424346924,0.2241915762424469,0.12430079281330109,-0.004957723431289196,-0.316129207611084,0.07568953931331635,0.22752678394317627,-0.5237942337989807,0.41978225111961365,-0.8784080743789673,0.44851189851760864,-0.028102869167923927,0.5056148767471313,0.9005935788154602,0.3026580214500427,0.7802292108535767,-0.06924422085285187,0.34638044238090515,-0.1872113049030304,-0.14512309432029724,-0.08461196720600128,0.10531224310398102,0.3427767753601074,-0.21145153045654297,-0.028838861733675003,-0.16455784440040588,0.23740613460540771,-0.4069954454898834,-0.10038719326257706,-0.28280898928642273,0.09320328384637833,0.06619441509246826,-0.40727996826171875,-0.005580720491707325,0.28401702642440796,-0.10980124771595001,-0.9913851618766785,-0.08426783978939056,-0.19172605872154236,0.1718997210264206,-0.029549727216362953,0.2216884195804596,-0.3490402102470398,1.0332075357437134,-0.22770917415618896,0.40771961212158203,-0.05087233707308769,-0.17592963576316833,-0.06083349138498306,0.12716937065124512,-0.19291949272155762,0.09761632978916168,-0.4947950839996338,-0.7868632078170776,0.07572666555643082,-0.21471938490867615,0.18919207155704498,0.005874252412468195,-0.2259887158870697,0.33525586128234863,0.0029446259140968323,-0.23257526755332947,-0.2362944781780243,0.4504244923591614,0.06187315657734871,-0.1555711179971695,0.2933001220226288,-0.5991969704627991,-0.31770142912864685,0.44189882278442383,0.1604142189025879,0.18454475700855255,0.5489658713340759,0.33460378646850586,-0.018408354371786118,0.2980700135231018,-0.29050254821777344,0.13534171879291534,-0.2413957566022873,0.11219487339258194,-0.09852031618356705,0.0672164261341095,0.057288121432065964,0.03565042093396187,0.2833588421344757,-0.14737506210803986,-0.23486986756324768,0.3161091208457947,-0.42249560356140137,-0.510290801525116,-0.9653289914131165,0.8380922079086304,-0.13709039986133575,0.17321427166461945,0.12601226568222046,-0.464883953332901,-0.004164397716522217,-0.1888941526412964,0.23859357833862305,-1.2424561977386475,0.18677003681659698,-0.41240090131759644,-0.2655230164527893,-0.21788513660430908,-0.11780762672424316,0.22674660384655,-0.44826245307922363,-0.23519039154052734,-0.07764585316181183,0.17342697083950043,-0.025137484073638916,-0.6737554669380188,-0.3757907450199127,0.8115910291671753,0.15822596848011017,0.6893578767776489,-0.38645440340042114,0.4124278426170349,-0.23249860107898712,-0.35575535893440247,0.8945786356925964,0.026591692119836807,-0.6950357556343079,-0.16089773178100586,-0.007005003280937672,-0.3773878812789917,-0.146577388048172,-0.24953579902648926,0.9314593076705933,-0.2487669289112091,-0.49113360047340393,0.16025874018669128,-0.2762882709503174,-0.07506434619426727,-0.04712722823023796,0.5606046915054321,-0.09135887771844864,0.5454615354537964,0.025763701647520065,-0.27222687005996704,0.2918187081813812,-0.3465286195278168,0.1439855843782425,-0.1259125918149948,-0.10581286251544952,-0.26308995485305786,-0.1574174165725708,-0.2825375199317932,-0.11978273093700409,0.006297004409134388,-0.3073650896549225,0.9023857116699219,-0.01187206245958805,-0.10840211063623428,-0.5486582517623901,0.2780163884162903,-0.14664272964000702,-0.0025459646712988615,0.12869572639465332,0.010385021567344666,0.16760295629501343,0.018830392509698868,0.0649300292134285,0.21323426067829132,-1.0836479663848877,-0.08165435492992401,-0.025601038709282875,-0.04712912440299988,-0.05201230198144913,0.09982304275035858,-0.21116411685943604,-0.7825114727020264,-0.0782298818230629,0.13968876004219055,-0.09664773941040039,0.20412559807300568,0.021051203832030296,1.1069012880325317,-0.29345211386680603,0.061945222318172455,-0.36720478534698486,0.03543555736541748,-0.3884356915950775,-0.14241620898246765,0.13132700324058533,0.06704797595739365,0.1658554971218109,0.459894597530365,-0.250619113445282,0.2869216203689575,0.13958166539669037,0.2658187448978424,-0.1251640021800995
CID000003637,1656,0.03465666249394417,-0.10315350443124771,-0.9058162569999695,0.14965181052684784,0.26387348771095276,0.0032847553957253695,-0.08639232814311981,-1.1296038627624512,0.09905733913183212,0.08408867567777634,0.5860063433647156,0.12606963515281677,-0.45556336641311646,0.09488771855831146,-0.13365091383457184,0.05192064121365547,0.44619065523147583,0.3173452317714691,-0.35428863763809204,-0.3743232786655426,-0.20961685478687286,0.21901264786720276,0.7367483973503113,-0.019702123478055,-1.634068250656128,-1.1250401735305786,-0.39409491419792175,0.40783315896987915,-0.2332119643688202,-0.14509214460849762,1.064469575881958,-0.1488172560930252,-0.1570315808057785,0.5242370963096619,-0.1574213057756424,0.06864798069000244,0.6226460933685303,-0.14126743376255035,0.029498422518372536,0.04196472465991974,-0.3557964265346527,0.32827502489089966,-0.6735976934432983,0.11939939111471176,0.04985154792666435,0.05073057487607002,0.8274098634719849,-0.11765038967132568,-0.518031656742096,0.036364249885082245,-0.3826337158679962,0.9399024248123169,0.5820793509483337,-0.15001040697097778,0.5804039239883423,-0.15902958810329437,-0.13301093876361847,0.6856997013092041,-0.2484319508075714,0.5073956251144409,-0.12344515323638916,-0.22297200560569763,0.22001957893371582,1.2394973039627075,0.43702468276023865,0.2199850082397461,0.10922348499298096,-0.20290963351726532,-0.1172337681055069,0.2399807870388031,-0.8571317791938782,0.217431902885437,-0.33156174421310425,0.3358517587184906,0.04733869433403015,0.691881537437439,0.3785549998283386,-0.11694693565368652,0.5162224173545837,-0.08231013268232346,-0.10909149795770645,-0.7535275220870972,-0.35848870873451233,-0.08812157064676285,-0.1938048154115677,0.25936299562454224,-0.29687926173210144,0.04235493391752243,0.2094317376613617,0.2206006497144699,-0.12493932247161865,0.001803231192752719,-0.08720344305038452,0.295975923538208,-0.05703725665807724,-0.38598498702049255,0.0382281057536602,0.1845257580280304,-0.2189568281173706,-1.2266221046447754,-0.27883920073509216,-0.28235840797424316,0.01949695125222206,-0.14944475889205933,0.07431662082672119,-0.28531256318092346,1.166062593460083,-0.6698929071426392,0.13883398473262787,-0.1541556864976883,-0.058931589126586914,0.07274480164051056,0.589213490486145,-0.2830454111099243,0.060475241392850876,-0.3279572129249573,-0.5393499135971069,-0.039419613778591156,-0.21269111335277557,0.453402578830719,0.030601780861616135,-0.08673025667667389,-0.12401247024536133,0.00827053189277649,-0.4592117667198181,0.22299806773662567,0.49044299125671387,0.07053522765636444,0.019131070002913475,0.04230238124728203,-0.8598690032958984,-0.3122517764568329,0.3449496924877167,0.27704206109046936,0.11059348285198212,0.8338820338249207,0.2860589623451233,-0.146569162607193,0.4123116433620453,0.10319644212722778,0.08482483774423599,-0.16624964773654938,-0.1896873116493225,0.01309309620410204,0.08028856664896011,-0.38148078322410583,-0.20731791853904724,0.7285050749778748,-0.13917918503284454,0.02672472968697548,0.19744065403938293,0.0072438353672623634,-0.5925488471984863,-0.8280794024467468,1.0384294986724854,0.21824650466442108,0.344793438911438,0.2185787707567215,-0.6745458841323853,-0.05788242071866989,-0.015019336715340614,0.1687474101781845,-1.28996741771698,-0.029277542605996132,-0.5053888559341431,-0.07901138067245483,0.02968784235417843,-0.04020005837082863,0.8432703018188477,-0.5902785062789917,-0.31300073862075806,-0.37547701597213745,0.012321725487709045,-0.015171432867646217,-0.8996478915214539,-0.2067038118839264,0.6497480273246765,0.02083318680524826,0.6243993043899536,-0.34732845425605774,0.7468177676200867,-0.11847513914108276,-0.5337308645248413,1.444793701171875,0.0475873202085495,-1.17588210105896,-0.4032968580722809,0.30131593346595764,-0.2763339877128601,0.05026024580001831,-0.26753678917884827,1.0515908002853394,-0.2593156099319458,-0.7145380973815918,-0.2162792682647705,0.09315218776464462,0.03415818139910698,-0.023469900712370872,0.5798566341400146,-0.005832567811012268,1.1439605951309204,0.2856919765472412,-0.23728418350219727,0.1024051085114479,-0.7517901659011841,-0.29988914728164673,-0.08663882315158844,-0.021191975101828575,-0.16561636328697205,0.14714395999908447,-0.09905752539634705,-0.010395149700343609,-0.5928670167922974,-0.21534399688243866,1.0398428440093994,-0.07696835696697235,0.1254582554101944,-0.16240161657333374,0.04110099747776985,-0.03603922948241234,0.46681737899780273,-0.09051656723022461,0.057347286492586136,0.3350711762905121,-0.04210493341088295,0.14290699362754822,-0.05833520367741585,-0.9647717475891113,-0.4206323027610779,-0.2359706461429596,0.10076606273651123,0.25830531120300293,-0.03144965320825577,-0.3183213174343109,-0.7503886818885803,0.04624707251787186,-0.015771154314279556,-0.15031272172927856,0.015092452056705952,-0.16566959023475647,1.0117563009262085,-0.441889226436615,0.37008506059646606,-0.2877270579338074,0.05689932033419609,-0.666519284248352,0.09482905268669128,0.2645587921142578,0.07304252684116364,0.04691709950566292,-0.05184220150113106,-0.10917005687952042,0.6324162483215332,-0.11909709125757217,0.30024588108062744,-0.2236633002758026
CID000004745,1679,0.23944047093391418,0.034863926470279694,-0.5879017114639282,-0.004450765438377857,0.4829804301261902,-0.024206355214118958,0.03062484785914421,-0.7669781446456909,-0.05804909020662308,-0.35612043738365173,0.4073881208896637,0.3167284429073334,-0.1930548995733261,0.05473064258694649,0.08118655532598495,0.15823009610176086,0.5427066087722778,-0.07762998342514038,-0.6296454668045044,0.4137391149997711,-0.3687012493610382,0.10205049812793732,0.43549972772598267,-0.07719892263412476,-1.1424779891967773,-0.6805378198623657,0.07790995389223099,-0.33501288294792175,0.3190637230873108,-0.16460691392421722,1.3543579578399658,-0.11857016384601593,0.045764558017253876,0.21086351573467255,-0.48963966965675354,0.1436946839094162,0.6260125637054443,-0.11152797937393188,-0.0441427007317543,-0.038608159869909286,-0.6256051063537598,0.650211751461029,-0.32228854298591614,-0.15409354865550995,0.30097630620002747,-0.05255364626646042,0.5037898421287537,-0.23681600391864777,-0.7447565793991089,0.04248993471264839,-0.9493147730827332,0.48986467719078064,0.5956500172615051,-0.06622906029224396,0.3733554482460022,-0.32437199354171753,-0.21966199576854706,0.6976216435432434,0.32641977071762085,-0.15862798690795898,-0.1809559464454651,0.018337270244956017,-0.15730807185173035,0.9523699879646301,-0.19678589701652527,0.7732535600662231,-0.007787004113197327,-0.18137603998184204,-0.12651661038398743,-0.04864845052361488,-1.0529532432556152,0.08803893625736237,-0.734605073928833,0.16105256974697113,-0.11368878185749054,0.48340797424316406,0.7404590845108032,-0.05328533053398132,0.8070683479309082,-0.058114826679229736,-0.04873506352305412,-0.16327854990959167,-0.2533757984638214,0.12807749211788177,0.18234488368034363,0.4747776389122009,-1.2914807796478271,0.09931820631027222,-0.21244223415851593,0.13068662583827972,0.0072294981218874454,0.10982714593410492,-0.3692168593406677,0.2615790367126465,-0.21604105830192566,-0.12006230652332306,-0.09434211254119873,0.3457033336162567,0.10479454696178436,-0.9386097192764282,-0.31026747822761536,0.19697612524032593,0.03976700082421303,-0.158584326505661,0.18220973014831543,-0.5433322191238403,0.6452224254608154,-0.020014416426420212,-0.04652410000562668,0.10866940021514893,0.19222410023212433,0.10795750468969345,0.9135713577270508,-0.9655337333679199,0.1559085100889206,-0.306711882352829,-0.062277745455503464,0.13048210740089417,0.11884389072656631,0.28013303875923157,-0.013386850245296955,-0.20538511872291565,-0.25185394287109375,-0.052050184458494186,-0.14693382382392883,0.12092020362615585,0.3829287886619568,-0.11295773088932037,-0.082514189183712,0.17458438873291016,-0.6837342977523804,-0.04408993571996689,0.35013189911842346,0.009048407897353172,-0.033663537353277206,0.6757456660270691,0.24006982147693634,-0.16108432412147522,0.3821987509727478,-0.3235827088356018,0.21904954314231873,0.07181366533041,-0.02444193884730339,0.26219385862350464,0.03475543111562729,0.04818373918533325,-0.6393962502479553,-0.13754776120185852,0.17210954427719116,-0.0737234503030777,0.8218852877616882,-0.21809907257556915,-0.6210230588912964,-1.1794496774673462,1.4397367238998413,-0.09747975319623947,-0.19321183860301971,0.05294443294405937,-0.2864200174808502,0.06469793617725372,0.10028500854969025,0.26844295859336853,-0.9907862544059753,0.28937986493110657,-0.595234215259552,-0.12228105217218399,0.16044670343399048,-0.0169856995344162,0.53279709815979,-0.3986039161682129,-0.24087198078632355,-0.2554853558540344,0.07595571875572205,-0.036532677710056305,-0.6421185731887817,-0.13541415333747864,0.2565895915031433,0.11242653429508209,0.5074692964553833,0.07706478238105774,0.4705296456813812,0.09020111709833145,-0.3992457985877991,0.8606550097465515,-0.18735410273075104,-0.7858250141143799,-0.07956017553806305,-0.26500841975212097,-0.21656838059425354,-0.1316249519586563,-0.4331468641757965,0.6201513409614563,0.07164038717746735,-0.1908312737941742,0.14227809011936188,-0.11572477966547012,-0.16939394176006317,0.011798875406384468,0.21793067455291748,-0.12213370949029922,0.2616713345050812,0.06407923996448517,-0.007303266320377588,0.23121578991413116,-0.4428960382938385,-0.03359731286764145,-0.3030239939689636,0.2083461582660675,0.1886124163866043,-0.14384235441684723,0.19549095630645752,-0.05604026839137077,-0.07619353383779526,-0.17082081735134125,0.32763320207595825,0.016797104850411415,-0.3930816054344177,-0.1586853563785553,-0.034546345472335815,-0.06948487460613251,0.19876036047935486,0.30829304456710815,-0.09145727008581161,-0.06348592042922974,-0.3186456561088562,0.056979335844516754,0.11328214406967163,-1.0651822090148926,-0.48171600699424744,0.2543158531188965,0.06903646141290665,0.04808829352259636,0.174692302942276,-0.31754860281944275,-0.9653385281562805,0.1909233033657074,0.04543221741914749,0.013358363881707191,0.01562269777059555,-0.33272072672843933,0.5509061813354492,-0.37971678376197815,-0.08899622410535812,-0.2664317488670349,-0.10002128034830093,-0.37634414434432983,-0.008641570806503296,0.06349323689937592,0.05370800942182541,0.27314695715904236,-0.2100757658481598,-0.07715583592653275,0.21622438728809357,-0.07793666422367096,0.26594847440719604,0.14381295442581177
CID004659568,1680,0.044973500072956085,-0.35322484374046326,-0.5860015153884888,0.023819798603653908,0.3218143880367279,-0.012540102005004883,0.1346363127231598,-0.5228712558746338,-0.3507644236087799,0.08897654712200165,0.5424875617027283,0.07818202674388885,0.058723531663417816,-0.20004026591777802,-0.09603359550237656,0.3909605145454407,0.6522570252418518,-0.04919418320059776,-0.38890641927719116,-0.07573115825653076,-0.14211294054985046,-0.1459643840789795,0.44996434450149536,0.007908140309154987,-0.37772250175476074,-0.6207288503646851,-0.14584706723690033,-0.2047669142484665,0.06035484001040459,-0.04958133026957512,0.6164721250534058,-0.07392732053995132,-0.05840514972805977,0.16564050316810608,-0.7367404699325562,0.09834779798984528,0.5443391799926758,-0.04177732393145561,0.033715806901454926,-0.03822537511587143,-0.2992764413356781,0.5889915823936462,-0.37094739079475403,-0.047546859830617905,-0.04390856623649597,0.12125442922115326,0.5353637337684631,-0.10462930053472519,-0.6675686836242676,-0.012399738654494286,-0.6037789583206177,0.2019866406917572,0.35136088728904724,-0.2092990130186081,0.14902396500110626,-0.4113078713417053,-0.19307351112365723,0.6343706846237183,-0.029982004314661026,0.03655539080500603,-0.06946343928575516,-0.4125678539276123,0.2084522694349289,0.8328901529312134,-0.021795282140374184,0.19747476279735565,-0.30147916078567505,0.08701082319021225,-0.05729968473315239,0.19301661849021912,-0.9301024675369263,0.16415904462337494,-0.5388274192810059,0.3774832785129547,0.0037489295937120914,0.2909438908100128,0.36557793617248535,0.27945423126220703,0.7104750871658325,-0.10143323242664337,-0.19869813323020935,-0.30236560106277466,0.022465357556939125,-0.06011413782835007,0.36565613746643066,0.29001253843307495,-0.38987991213798523,0.04622160643339157,-0.04064568132162094,-0.0002042725682258606,-0.11690862476825714,0.08409078419208527,-0.039056070148944855,0.10968087613582611,0.13976112008094788,-0.1545867621898651,-0.36100542545318604,0.2680010199546814,-0.06654459983110428,-0.7126744985580444,0.06998921185731888,-0.11700751632452011,0.02274116314947605,-0.008502226322889328,0.2469187080860138,-0.17785584926605225,0.46104487776756287,-0.040623895823955536,0.14604265987873077,-0.09672626107931137,-0.08332259953022003,0.07293432950973511,0.48582106828689575,-0.23823006451129913,0.15289320051670074,-0.21455633640289307,-0.3606169819831848,0.008685395121574402,-0.13807687163352966,0.11080162227153778,-0.14515478909015656,-0.3590642809867859,0.07794766873121262,0.20251095294952393,0.11998675018548965,0.1235693097114563,0.13033825159072876,-0.029574865475296974,-0.061062298715114594,0.32871901988983154,-0.5776221752166748,-0.1432938277721405,0.3250367045402527,0.22357693314552307,0.000911262643057853,0.5763049721717834,0.01283089816570282,-0.17279461026191711,0.23001721501350403,-0.23488092422485352,-0.1274009644985199,-0.3023303151130676,-0.04263295978307724,0.4858124256134033,0.1456412971019745,0.018702073022723198,-0.3795006275177002,0.07818661630153656,-0.02952234074473381,-0.13067451119422913,0.3100847601890564,-0.08721453696489334,-0.6140855550765991,-0.806761622428894,0.7295475602149963,-0.3265622556209564,0.10365693271160126,0.007082206197082996,-0.5694475173950195,-0.04794527217745781,-0.08431505411863327,-0.35687255859375,-0.7714329957962036,-0.10363782942295074,-0.49361854791641235,-0.09059775620698929,-0.03486056253314018,-0.1893634796142578,0.42554178833961487,-0.489192396402359,-0.04898157715797424,-0.18715056777000427,-0.09726878255605698,-0.10228179395198822,-0.5728400945663452,-0.15983715653419495,0.4370060861110687,0.02398856356739998,0.49759238958358765,-0.07368594408035278,0.6118113398551941,-0.05261348932981491,-0.11049499362707138,0.2772682309150696,-0.11039320379495621,-0.546647310256958,-0.15953919291496277,-0.35213592648506165,0.13808932900428772,-0.2593691349029541,-0.2872825562953949,0.9135562777519226,0.11491815745830536,-0.4491007924079895,0.019372308626770973,-0.10228846222162247,-0.14111679792404175,-0.015330702066421509,0.2317558228969574,-0.06289531290531158,0.4303217828273773,0.16327863931655884,-0.057268835604190826,0.19023701548576355,-0.39867961406707764,-0.21584761142730713,-0.1711471974849701,0.005848846398293972,0.16915029287338257,-0.028317514806985855,0.19858673214912415,0.10605821758508682,0.3259829580783844,-0.18136827647686005,0.6876345276832581,-0.18079549074172974,-0.15820755064487457,-0.1689530909061432,0.10750196874141693,0.14065545797348022,0.25725048780441284,0.0216351430863142,0.05281156301498413,-0.027775753289461136,-0.16428594291210175,0.11230363696813583,0.03623561933636665,-0.7315968871116638,-0.20807819068431854,-0.07496485859155655,0.05605088919401169,0.08032146096229553,0.29065704345703125,-0.2675330340862274,-0.5935056209564209,0.2624948024749756,0.07934548705816269,-0.16857166588306427,0.11740607023239136,-0.2398298680782318,0.2627023458480835,-0.298887699842453,-0.017684530466794968,-0.20195476710796356,0.013816194608807564,-0.2968197464942932,-0.08428622782230377,0.0391499325633049,-0.12404080480337143,0.3884183466434479,0.03978744521737099,0.12506148219108582,-0.07264764606952667,-0.03823245316743851,0.1612754762172699,-0.008941954001784325
CID000657298,1690,-0.17756791412830353,-0.1612779051065445,-0.6661635041236877,0.3199128210544586,0.35726916790008545,-0.29846662282943726,-0.12638063728809357,-0.4184957444667816,-0.18542423844337463,-0.2772437632083893,0.1868034154176712,-0.024569537490606308,-0.07079635560512543,0.030961304903030396,0.1552945375442505,-0.06943845003843307,0.14539672434329987,-0.10503055155277252,-0.26854032278060913,-0.11080038547515869,-0.01567324995994568,-0.23686711490154266,0.5104767084121704,0.04281334951519966,-0.9674466848373413,-0.6350420713424683,-0.6012474298477173,-0.03524809330701828,0.08396831899881363,0.1301252841949463,1.0890711545944214,-0.1913759410381317,0.1825723499059677,0.23315183818340302,-0.08825288712978363,-0.03303099423646927,0.04173899441957474,-0.0018029153579846025,0.039276544004678726,-0.11441488564014435,0.02044328674674034,0.5910991430282593,-0.5143815279006958,-0.2895636558532715,-0.001477423356845975,-0.08138612657785416,0.4849717617034912,-0.25738003849983215,-0.5140936970710754,0.05082317441701889,-1.067734956741333,0.31001895666122437,0.32037895917892456,-0.1357841193675995,0.07181774079799652,-0.4479835629463196,-0.1719648838043213,0.5986158847808838,0.15330159664154053,0.08942000567913055,-0.05678578466176987,-0.11476562917232513,0.0692085400223732,0.6607314348220825,0.10571970790624619,0.3454786241054535,0.06467477977275848,0.16680720448493958,-0.07470741868019104,0.13421206176280975,-0.5027731657028198,-0.030169647186994553,-0.49804049730300903,0.33228737115859985,0.15282204747200012,0.2772311568260193,0.789341151714325,0.38240641355514526,1.1596691608428955,-0.16404293477535248,-0.16367687284946442,0.21400395035743713,0.2939543128013611,0.11792731285095215,0.38721853494644165,0.12581369280815125,-0.07340820133686066,-0.3005388379096985,0.013787606731057167,0.0862920880317688,0.12004037201404572,0.17114369571208954,-0.16480150818824768,-0.09864287078380585,0.05802009627223015,-0.02018159069120884,0.08740048855543137,0.25142520666122437,0.04094679281115532,-0.9978068470954895,0.11852400004863739,0.15550026297569275,-0.0666622593998909,-0.20402106642723083,0.25409334897994995,-0.2254834920167923,0.6694828271865845,0.26242196559906006,0.2113492488861084,-0.021492337808012962,0.1364014446735382,-0.13564585149288177,0.24961784482002258,-0.6028708219528198,0.14995642006397247,-0.4198015332221985,-0.4743801951408386,-0.13035482168197632,0.040668729692697525,0.05745115131139755,-0.40459734201431274,-0.21027164161205292,0.19539931416511536,0.04300924018025398,0.24021713435649872,0.1491861641407013,0.043505795300006866,-0.09417863190174103,0.12698718905448914,0.27787986397743225,-0.3967425227165222,-0.38728561997413635,0.2357722967863083,0.009068111889064312,0.25673285126686096,0.6428121328353882,-0.035212405025959015,0.0629301518201828,0.40007248520851135,0.09364958107471466,-0.04320695996284485,0.03195784613490105,0.2883685231208801,-0.12379143387079239,0.3503343462944031,-0.12015646696090698,-0.3221467435359955,0.47638458013534546,-0.02827354148030281,-0.29854801297187805,0.49232786893844604,-0.01832587830722332,-0.2661933898925781,-0.34012311697006226,0.47323283553123474,-0.11476004123687744,-0.082650326192379,-0.042604364454746246,-0.3664983808994293,0.12910223007202148,0.05970313027501106,-0.08455824851989746,-0.9584034085273743,0.136491596698761,-0.528298556804657,0.05951281636953354,-0.08121485263109207,0.1407443881034851,0.998512864112854,-0.4143589437007904,0.12464239448308945,-0.21128173172473907,0.05694389343261719,0.08959992229938507,-0.42806440591812134,-0.2174534797668457,0.3915695250034332,0.07378607988357544,0.32838577032089233,0.050324030220508575,0.7037842869758606,-0.015510907396674156,-0.16646572947502136,0.5309081077575684,-0.14203357696533203,-0.39436352252960205,0.24117127060890198,-0.18772315979003906,-0.10448886454105377,-0.16061913967132568,-0.07974209636449814,0.8271600604057312,0.022003430873155594,-0.3710261285305023,-0.1993888020515442,0.01139754056930542,0.0733930915594101,-0.02833600342273712,0.6122426390647888,-0.02336256206035614,0.4383881986141205,0.34470921754837036,0.16147565841674805,0.3069184422492981,-0.5278228521347046,-0.017016950994729996,-0.3041302263736725,-0.18842241168022156,0.11207034438848495,-0.2566062808036804,-0.0019929707050323486,-0.06955063343048096,0.25450995564460754,-0.042977094650268555,0.8362639546394348,0.43240422010421753,-0.034053653478622437,-0.14965970814228058,-0.15185122191905975,-0.08093004673719406,0.1757097840309143,-0.09427030384540558,0.07851579785346985,-0.3299391269683838,0.20743241906166077,0.20568203926086426,-0.03559786453843117,-0.553633451461792,-0.06249812990427017,0.1346827894449234,0.16457243263721466,0.12465392053127289,0.12983807921409607,-0.18581852316856384,-0.7343684434890747,0.5288324356079102,0.053376369178295135,-0.10013178735971451,0.005534919910132885,0.28385695815086365,0.9899927973747253,-0.2280464619398117,-0.2147529423236847,-0.40332478284835815,0.18790316581726074,-0.49453359842300415,-0.14559614658355713,0.06432358175516129,-0.4544474184513092,0.26529112458229065,0.3689272403717041,0.07577438652515411,-0.08081270754337311,0.03262944146990776,0.019802633672952652,0.2257615029811859
CID000005878,1708,0.26405125856399536,-0.3623308837413788,-0.7123674154281616,0.06839536130428314,0.23641423881053925,-0.14076551795005798,-0.008592462167143822,-0.5468536615371704,-0.22374776005744934,-0.12731154263019562,0.5023055672645569,-0.4225640892982483,-0.04043569043278694,-0.3343648910522461,-0.13226349651813507,0.27404123544692993,0.2072528898715973,-0.0534970760345459,-0.5106074810028076,-0.11697190999984741,-0.29571548104286194,0.12494480609893799,0.586516261100769,-0.0278618186712265,-1.0065590143203735,-1.0010783672332764,-0.36011838912963867,-0.02848452888429165,0.2734334468841553,-0.6962939500808716,1.4044792652130127,0.16190913319587708,-0.09572236239910126,0.5236920118331909,-0.4481948912143707,0.13283765316009521,0.24794988334178925,-0.1654588282108307,-0.04989011213183403,0.02126157283782959,-0.9090536832809448,0.16954393684864044,-0.08281106501817703,-0.5783358216285706,0.042712219059467316,-0.23349043726921082,0.6681182980537415,-0.5012561082839966,-0.3298634886741638,0.24037690460681915,-0.4964521825313568,0.3057989180088043,0.6106901168823242,-0.027917509898543358,-0.01971426047384739,-0.5623985528945923,0.09233732521533966,0.8014270663261414,-0.025491714477539062,0.4933699667453766,0.24094176292419434,-0.1691148579120636,-0.12344296276569366,1.3458032608032227,0.11002113670110703,0.5374194383621216,-0.0634738877415657,-0.1678897738456726,0.09429198503494263,0.15564493834972382,-1.1056336164474487,0.03411897271871567,-1.1172559261322021,-0.21757178008556366,-0.06095978617668152,0.17526011168956757,0.3911871612071991,0.12213482707738876,0.37186792492866516,0.3705623149871826,-0.07229437679052353,-0.24476894736289978,-0.07695365697145462,-0.050216056406497955,-0.15919581055641174,0.08979221433401108,-0.6247499585151672,-0.16528263688087463,0.22452104091644287,-0.22669899463653564,0.14376430213451385,0.08860687911510468,-0.6554769277572632,0.2757832109928131,-0.11590506136417389,-0.3389692008495331,0.1932106763124466,0.09430954605340958,-0.01639375649392605,-0.9430707097053528,0.04298090189695358,-0.21237139403820038,-0.11803130060434341,-0.42478853464126587,-0.06321544945240021,-0.44232964515686035,0.690534234046936,-0.17991700768470764,-0.4421844482421875,0.19004510343074799,-0.25285616517066956,-0.01678081974387169,0.5399816632270813,-0.8551557660102844,0.215357705950737,-0.15976180136203766,-0.17484036087989807,0.4474123418331146,-0.10199308395385742,0.3194343149662018,-0.5146117806434631,-0.2145511358976364,0.3078247308731079,0.08277557790279388,0.06091483682394028,0.13230426609516144,0.4012683033943176,0.06842982023954391,-0.03741828352212906,0.5891063809394836,-1.0304919481277466,-0.15178994834423065,0.36142510175704956,0.2041853964328766,-0.08641798049211502,1.268125295639038,0.11489887535572052,-0.07211681455373764,0.6007349491119385,0.5264729261398315,-0.1877240240573883,-0.42040571570396423,0.13537029922008514,0.24238714575767517,0.11380952596664429,0.0373385027050972,-0.45010504126548767,0.30275118350982666,0.22361762821674347,-0.1256253570318222,0.7414393424987793,-0.029461631551384926,-0.9842687845230103,-0.8442678451538086,0.8892202377319336,0.04659007117152214,-0.0791376382112503,0.7293654680252075,-0.3719325065612793,0.010683384723961353,0.18458709120750427,0.41951194405555725,-0.9062470197677612,0.19546370208263397,-0.6393634676933289,-0.02568928524851799,0.06251533329486847,-0.10934045165777206,0.7283605933189392,-0.5208786725997925,-0.6120892763137817,-0.1392175853252411,0.06480830907821655,0.07726336270570755,-0.45862436294555664,-0.5325921773910522,0.8007303476333618,-0.13971595466136932,0.7234400510787964,0.27012696862220764,0.45735663175582886,-0.14426052570343018,0.0009159743785858154,0.5348848104476929,0.10421271622180939,-0.5370186567306519,-0.2620639503002167,0.2467411756515503,0.1295914351940155,0.0755215510725975,-0.29997718334198,0.9428532719612122,-0.06311256438493729,-0.4177285134792328,-0.1528577357530594,-0.26556840538978577,0.0076512484811246395,-0.046091414988040924,0.2792171835899353,-0.39214491844177246,0.2915804386138916,-0.29971882700920105,-0.03721906989812851,0.6762772798538208,-0.9478996396064758,0.3730527460575104,-0.5304614305496216,0.231169655919075,0.13466432690620422,-0.3395180106163025,0.023158982396125793,-0.21246998012065887,-0.1632869690656662,-0.06517130136489868,0.786187469959259,0.6736488342285156,0.18333439528942108,-0.01260361634194851,-0.07452768087387085,0.31059473752975464,0.14756670594215393,0.443572461605072,-0.12348067760467529,-0.1222996860742569,0.3482200503349304,0.18853788077831268,-0.21276450157165527,-1.120582103729248,-0.24652358889579773,0.0006471887463703752,0.06986121088266373,0.42453059554100037,-0.0357801653444767,-0.251321941614151,-1.091640591621399,-0.16495873034000397,-0.34874507784843445,-0.045531392097473145,0.1914118230342865,0.18023568391799927,1.1240538358688354,-0.3652399480342865,-0.20843248069286346,-0.4447382986545563,-0.47860193252563477,-0.26311254501342773,-0.08015643060207367,0.3935869336128235,-0.46244168281555176,0.23403331637382507,0.17342717945575714,0.201889306306839,-0.2434540092945099,-0.3943823277950287,0.45691943168640137,-0.08533047139644623
CID000003404,1709,0.13563531637191772,-0.30811116099357605,-0.766666054725647,0.07115110009908676,0.5283085107803345,0.19937311112880707,-0.21531882882118225,-0.9348756074905396,-0.29130443930625916,-0.16653957962989807,0.2518802285194397,-0.003890820313245058,-0.22768452763557434,-0.12181384861469269,-0.09638361632823944,0.0846533253788948,0.36681050062179565,0.07830702513456345,-0.29873403906822205,0.20298826694488525,-0.23026522994041443,-0.08436699956655502,0.4846571981906891,0.051407236605882645,-0.519175112247467,-0.7558065056800842,-0.6698237657546997,0.18898794054985046,0.12943193316459656,0.026987100020051003,1.208341121673584,0.003996404819190502,-0.19904568791389465,0.7330430746078491,-0.4243431091308594,-0.013408434577286243,1.3580210208892822,-0.1887553632259369,0.007107651326805353,0.10439486801624298,-0.4759911000728607,0.4630214273929596,-0.26841840147972107,0.019710445776581764,0.03705534338951111,0.11353029310703278,0.7717608213424683,-0.08222807943820953,-0.2936258316040039,0.02736734412610531,-0.5141440033912659,0.1281692236661911,0.37049365043640137,-0.21690276265144348,0.35826411843299866,-0.23654381930828094,-0.24705715477466583,0.7179470658302307,0.06302715837955475,-0.04789292439818382,-0.20271894335746765,-0.2185302972793579,-0.28439992666244507,0.9643605947494507,0.12173805385828018,0.37399178743362427,-0.03522077575325966,-0.11531390994787216,-0.016846632584929466,0.015027143061161041,-0.7280030846595764,0.1548631191253662,-1.025929570198059,0.3701162040233612,0.11347732692956924,0.2726967930793762,0.5093638300895691,-0.016814999282360077,0.6275621652603149,0.06786595284938812,0.013451894745230675,-0.3789962828159332,0.019892584532499313,-0.19322066009044647,0.37747809290885925,0.29325249791145325,-0.5786885023117065,-0.23128870129585266,-0.31095534563064575,0.12640640139579773,-0.26128655672073364,0.0036919533740729094,-0.16446766257286072,-0.013318915851414204,0.09008977562189102,-0.1709074079990387,0.015568003058433533,0.22693291306495667,-0.05198068544268608,-0.9462688565254211,-0.05861438438296318,-0.013007054105401039,0.061935245990753174,-0.26617544889450073,0.28092971444129944,-0.07998400926589966,1.2505496740341187,-0.09823634475469589,0.2504670023918152,0.06338095664978027,-0.030606931075453758,-0.031447239220142365,0.3774482011795044,-0.2984999418258667,0.27046439051628113,-0.3341231942176819,-0.6007267832756042,0.11963851749897003,-0.11996499449014664,0.3973303437232971,-0.4519101679325104,-0.18869620561599731,0.15272726118564606,-0.06039853021502495,-0.10126451402902603,-0.24325959384441376,0.3721543848514557,-0.10309585183858871,-0.23186072707176208,0.31894177198410034,-0.8252187967300415,-0.4343620240688324,0.3996962904930115,0.3071891665458679,0.26259806752204895,0.94468754529953,0.43873652815818787,-0.28633928298950195,0.3523717224597931,0.01077611930668354,0.1413605809211731,-0.36129438877105713,-0.0015442490112036467,0.033807821571826935,-0.06764177232980728,0.03358780965209007,-0.33526191115379333,-0.038864701986312866,0.03616250306367874,-0.2058984488248825,0.3475267291069031,-0.11360786110162735,-0.815604031085968,-0.8127555847167969,0.6980132460594177,-0.20942990481853485,0.3729685842990875,0.1904865801334381,-0.26451653242111206,0.0015567808877676725,-0.09609522670507431,0.3668673634529114,-1.2627942562103271,-0.07240074872970581,-0.3895673453807831,-0.11468563973903656,0.01173731591552496,-0.3111606538295746,0.576373815536499,-0.4707152247428894,-0.3122917413711548,-0.16755592823028564,0.23324528336524963,-0.1421041190624237,-0.773933470249176,-0.08624733239412308,0.7324566841125488,0.11673156917095184,0.6321324706077576,0.08221326768398285,0.41958680748939514,-0.2169916182756424,-0.3197441101074219,0.8629480600357056,0.2042485773563385,-0.7453818321228027,-0.1290673315525055,-0.06018523499369621,-0.36561816930770874,0.08217824995517731,-0.5598818063735962,1.0963802337646484,-0.1403256207704544,-0.3467397689819336,0.10012827068567276,-0.06055230647325516,0.00290641188621521,0.12659716606140137,0.5937598347663879,-0.018380403518676758,0.4589470326900482,0.1524631232023239,-0.09744787961244583,0.15080618858337402,-0.3190409243106842,-0.31724366545677185,-0.13348960876464844,0.21985235810279846,-0.07154077291488647,-0.06125936657190323,-0.3467172682285309,-0.10697337239980698,-0.06799089908599854,-0.41739287972450256,0.6900184154510498,0.22098767757415771,-0.12679316103458405,-0.44947391748428345,-0.0952967032790184,-0.03466023877263069,-0.07697398960590363,-0.1417628526687622,0.18005339801311493,-0.09630636125802994,0.11558510363101959,0.06739936769008636,0.1622563749551773,-1.0029610395431519,-0.07668137550354004,0.06777022778987885,-0.1495404839515686,0.39194077253341675,-0.02887919917702675,-0.17524781823158264,-0.5924863219261169,0.2159613072872162,0.10175065696239471,-0.008414757438004017,-0.1290874481201172,0.059793852269649506,1.1664268970489502,-0.34028857946395874,0.13043470680713654,-0.4066738188266754,-0.08624058961868286,-0.2552909851074219,0.228749081492424,0.26388365030288696,-0.1224386915564537,0.28045278787612915,0.46313104033470154,0.029838670045137405,0.1876831352710724,-0.05669029802083969,0.4432586133480072,0.02775002457201481
CID000060871,1736,-0.16765375435352325,-0.20558074116706848,-0.5047595500946045,-0.0035226852633059025,0.3646111488342285,-0.2549918591976166,0.009177988395094872,-0.35769596695899963,0.23674435913562775,-0.19750207662582397,0.19709815084934235,0.07482540607452393,-0.10750631242990494,-0.06391368061304092,0.031571272760629654,0.09891606867313385,0.29319897294044495,0.3611541986465454,-0.16105897724628448,-0.19976019859313965,-0.26276758313179016,-0.10882417857646942,0.3246822953224182,0.07017453759908676,-0.8972617983818054,-0.833794891834259,-0.9507812261581421,-0.01208390574902296,-0.16081488132476807,0.08923037350177765,0.7936950922012329,-0.03959211707115173,0.2444809228181839,0.5792365074157715,-0.36679762601852417,0.08431969583034515,1.3705198764801025,-0.04145941883325577,0.05774836614727974,0.18500716984272003,0.06561054289340973,0.8547371029853821,-0.6215807795524597,0.22950530052185059,-0.07746422290802002,0.018162822350859642,0.601911187171936,-0.1267329454421997,-0.4712308943271637,0.0511198565363884,-0.5344670414924622,0.17946092784404755,0.08054924011230469,-0.24480178952217102,0.3926032781600952,-0.21810415387153625,-0.12033887207508087,0.6086961627006531,0.49126607179641724,0.18591488897800446,-0.04815742373466492,-0.4003598690032959,0.0121674295514822,0.511356770992279,0.2586572468280792,0.06235240027308464,-0.1396813690662384,-0.2568594217300415,-0.09117844700813293,0.2016754150390625,-0.5134265422821045,-0.09146121144294739,-0.3055814802646637,0.5037943720817566,0.0034624456893652678,0.35394784808158875,0.7984829545021057,0.16761094331741333,0.6553326845169067,-0.16312846541404724,-0.010160890407860279,-0.5749112367630005,0.14878594875335693,-0.21826323866844177,-0.07672344148159027,0.42271867394447327,-0.12868349254131317,-0.0836983397603035,-0.2118595391511917,-0.07727380841970444,-0.15127427875995636,-0.23298852145671844,0.08687087148427963,-0.11606316268444061,0.17003914713859558,-0.2954842150211334,-0.05868096277117729,0.0035165504086762667,0.08569978177547455,-1.14643132686615,-0.18498826026916504,0.1487431824207306,0.26233819127082825,-0.117506243288517,0.04728476703166962,-0.1279745101928711,1.1715503931045532,-0.08941476047039032,0.21165375411510468,-0.10216357558965683,-0.19231045246124268,0.07721544802188873,0.23646299540996552,-0.2040359228849411,0.10794056951999664,-0.33952614665031433,-0.43672895431518555,0.2030482292175293,-0.17455589771270752,0.09376240521669388,-0.34883370995521545,-0.3678857684135437,0.03944317623972893,0.2279280722141266,-0.2329626977443695,0.03032260201871395,0.33160194754600525,0.2613717019557953,0.06924643367528915,0.1938842386007309,-0.936853289604187,-0.04749973863363266,0.2868073582649231,0.2607143819332123,-0.02393757738173008,1.1557917594909668,0.3011906147003174,-0.026218224316835403,0.128499835729599,0.009142291732132435,-0.12618251144886017,-0.17660680413246155,-0.17848055064678192,0.31587907671928406,0.13398966193199158,-0.33800259232521057,-0.09584768861532211,0.2154419869184494,0.15424934029579163,-0.12379518896341324,0.2729274332523346,0.023874204605817795,-0.4457901120185852,-0.8521307110786438,0.24799713492393494,-0.22195939719676971,0.3221684396266937,-0.02143162488937378,-0.47119975090026855,-0.006895103957504034,-0.30595794320106506,0.264918714761734,-0.7497248649597168,0.1373022496700287,-0.20999176800251007,0.08954094350337982,0.17688989639282227,-0.1769939661026001,1.1224730014801025,-0.4016612470149994,0.04359820857644081,-0.3296239972114563,0.021232161670923233,-0.07254163175821304,-0.6036376953125,-0.10945496708154678,0.30827847123146057,0.05170104652643204,0.3929401934146881,0.300182044506073,0.8171141743659973,-0.2651939392089844,-0.4547498822212219,0.8202021718025208,0.008579576388001442,-0.5489624738693237,0.32677000761032104,-0.14265377819538116,-0.4815896153450012,-0.2780619263648987,-0.23142313957214355,1.5410315990447998,-0.24475720524787903,-0.291389137506485,0.26609325408935547,-0.11587388813495636,0.07040621340274811,-0.046155896037817,0.8642028570175171,0.0008280366891995072,0.4710293710231781,0.5586109161376953,-0.04417305812239647,0.3397427499294281,-0.31674322485923767,-0.12265700101852417,-0.03276368975639343,-0.17442849278450012,-0.058059435337781906,0.12356271594762802,-0.25875961780548096,-0.23289112746715546,-0.15243399143218994,-0.31262195110321045,0.8345945477485657,0.047055359929800034,-0.2030525654554367,0.1464226096868515,-0.12912216782569885,0.1933775395154953,0.01901039481163025,-0.05964319780468941,0.22269761562347412,0.1116500273346901,-0.0009548604721203446,0.05225866287946701,0.00908015388995409,-0.4768885672092438,-0.3363426625728607,0.09870968759059906,-0.1583237200975418,0.11040184646844864,-0.05037543177604675,-0.19221791625022888,-0.4558926522731781,0.16130408644676208,0.13912184536457062,-0.2288009375333786,0.0007627099985256791,0.08238084614276886,1.0012786388397217,-0.3263743221759796,-0.015532692894339561,-0.36311084032058716,0.1295827329158783,-0.3482111692428589,0.25483807921409607,0.10865843296051025,-0.14996987581253052,0.37300658226013184,0.2754206359386444,0.21050843596458435,0.17155995965003967,0.12990780174732208,0.4463828504085541,-0.16087515652179718
CID000004264,1741,-0.24861641228199005,0.08616018295288086,-0.4476657509803772,0.3238276243209839,0.24740596115589142,-0.4462546408176422,-0.04994770139455795,-0.24284176528453827,-0.04376209154725075,0.04231403023004532,0.10180312395095825,-0.1144917756319046,-0.03670601174235344,-0.08283700048923492,0.14055725932121277,-0.0799480527639389,0.11299993842840195,-0.17450089752674103,-0.18227440118789673,-0.09277618676424026,0.05007365345954895,-0.021596485748887062,0.5580950975418091,-0.10228542238473892,-0.581039547920227,-0.5375524759292603,-0.47049394249916077,-0.29557105898857117,0.03174099326133728,0.003849112894386053,0.5835717916488647,-0.0970008447766304,0.13826212286949158,0.3146827816963196,-0.08405304700136185,0.13799354434013367,0.6267027854919434,-0.2144806683063507,0.05758869647979736,-0.28409361839294434,-0.08130545914173126,0.350594699382782,-0.6246103048324585,-0.009172680787742138,0.06868505477905273,0.03102622553706169,0.2907359004020691,-0.2290002554655075,-0.34002065658569336,-0.01418817788362503,-0.8953980207443237,0.26615503430366516,0.5446106195449829,-0.20355701446533203,0.027881914749741554,-0.22757276892662048,-0.05106428265571594,0.6216358542442322,-0.07126624882221222,-0.15797331929206848,0.048857104033231735,-0.023654872551560402,-0.05009537190198898,0.8552749752998352,0.02285599149763584,0.42358866333961487,0.09173612296581268,0.04357830062508583,-0.0531877763569355,0.07208062708377838,-0.43941932916641235,-0.07491002976894379,-0.2939430773258209,0.2871233820915222,0.04983842745423317,0.5195731520652771,0.4405686855316162,0.2352852076292038,0.8287962675094604,-0.0565723292529583,0.01473134197294712,-0.020933186635375023,0.16367299854755402,0.08322920650243759,-0.031121686100959778,0.22323298454284668,-0.044638775289058685,-0.06349440664052963,0.08654488623142242,0.12288832664489746,0.07883049547672272,0.21380360424518585,-0.25636813044548035,-0.19352146983146667,-0.05080835893750191,-0.151291161775589,-0.03535766899585724,0.021655147895216942,0.00022038668976165354,-0.6610435843467712,-0.006684770341962576,0.006252476014196873,-0.05937408283352852,-0.21179354190826416,0.13030219078063965,-0.4472413957118988,0.5237611532211304,0.028267402201890945,0.24801847338676453,-0.16994597017765045,-0.120796799659729,-0.4178716242313385,0.47968441247940063,-0.5386647582054138,-0.122029148042202,-0.38297003507614136,-0.131698876619339,-0.030928682535886765,-0.022061893716454506,-0.02844071388244629,-0.13609541952610016,-0.1798289269208908,0.1341894567012787,-0.04759339243173599,0.21304449439048767,0.3474537432193756,-0.06928722560405731,0.10977049916982651,0.013536794111132622,0.053317684680223465,-0.49534958600997925,-0.4815340042114258,0.16146977245807648,-0.020015323534607887,0.01590559259057045,0.7790421843528748,0.29159218072891235,-0.16521123051643372,0.28159648180007935,0.13435739278793335,0.04823891073465347,0.09494893252849579,0.20488886535167694,0.02203628607094288,0.11056999862194061,0.06315504014492035,-0.2668507695198059,0.11462628841400146,-0.058756329119205475,-0.25473660230636597,0.4400404095649719,-0.016061285510659218,-0.39198392629623413,-0.5072154402732849,0.20060119032859802,-0.17613348364830017,0.17654234170913696,0.0629371628165245,-0.40468961000442505,0.23987753689289093,-0.04015223681926727,0.015683477744460106,-0.6923625469207764,0.23064370453357697,-0.327780544757843,-0.01363584864884615,-0.1478785127401352,0.22569110989570618,0.7185547947883606,-0.4534638822078705,-0.15769848227500916,-0.07416750490665436,-0.08110849559307098,-0.08925383538007736,-0.4417451322078705,-0.25605514645576477,0.3601786494255066,0.01626403257250786,0.3429401218891144,-0.06418485194444656,0.4952520728111267,-0.08779098093509674,-0.13941219449043274,0.4136739671230316,-0.12948673963546753,-0.2889412045478821,0.0426747128367424,-0.092864029109478,-0.2967039942741394,-0.046667784452438354,-0.29666218161582947,0.3967047333717346,-0.07380235940217972,-0.3157612979412079,-0.26171648502349854,0.06832221895456314,0.12106863409280777,0.05165798217058182,0.42177167534828186,-0.05416548252105713,0.5714630484580994,0.45120158791542053,-0.013743487186729908,-0.05044332146644592,-0.5010742545127869,0.017375171184539795,-0.3170211613178253,-0.03247971087694168,0.0188006404787302,-0.2079782485961914,0.2521378695964813,0.1019427627325058,-0.10412408411502838,0.012678204104304314,0.8604717254638672,0.037187617272138596,0.22267064452171326,-0.050515592098236084,-0.1699753999710083,-0.1503884345293045,0.2593103349208832,-0.1394263207912445,-0.10748936980962753,-0.11136461794376373,-0.0040680766105651855,0.04937964677810669,-0.04179920628666878,-0.5295624136924744,-0.2044065296649933,-0.039150744676589966,0.11836493015289307,0.022688360884785652,0.1765688806772232,-0.2884625196456909,-0.6989009976387024,0.11524493992328644,0.07345166057348251,-0.08595617115497589,0.1055823415517807,0.4001011848449707,0.7356882095336914,-0.3544623851776123,-0.0028866592328995466,-0.43793970346450806,-0.12384241819381714,-0.47021907567977905,-0.08402875810861588,0.02627921663224697,-0.033202093094587326,0.09588604420423508,0.28941646218299866,0.09427934139966965,-0.15056979656219482,-0.3548615872859955,-0.002375191543251276,0.04090545326471329
CID000003734,1751,-0.03505007177591324,-0.06713607162237167,-0.8334153294563293,0.03692644461989403,0.4421722888946533,0.013537758961319923,-0.09802553802728653,-0.9542478322982788,-0.035135187208652496,0.3411540389060974,0.5445836782455444,-0.05659675598144531,-0.32914939522743225,-0.13360092043876648,-0.13287127017974854,0.24145981669425964,0.22065453231334686,0.3753344416618347,-0.31762534379959106,-0.28082162141799927,-0.1435287892818451,0.28065091371536255,0.7272859215736389,-0.04009187966585159,-1.5311174392700195,-1.1770753860473633,-0.39953723549842834,0.2732998728752136,-0.06179962307214737,0.13181182742118835,1.1880249977111816,-0.026679515838623047,-0.15654025971889496,0.7974274754524231,-0.21912238001823425,0.04579835385084152,0.6471462249755859,-0.1349746137857437,-0.01356213353574276,0.06864919513463974,-0.3195730745792389,0.19579915702342987,-0.8225817680358887,0.15079613029956818,0.2379562109708786,0.0051002055406570435,0.8213837742805481,-0.0248275026679039,-0.6025580167770386,-0.05417346954345703,-0.42567625641822815,0.7056856751441956,0.6627434492111206,-0.2547478973865509,0.48768091201782227,-0.22759835422039032,0.0889706164598465,0.4205799698829651,-0.29322534799575806,0.3757908344268799,-0.13009801506996155,-0.11667148768901825,-0.06960096210241318,1.0216821432113647,0.5164132118225098,0.10610651969909668,0.024573087692260742,-0.32357344031333923,-0.07403755187988281,0.24701449275016785,-1.0687038898468018,0.11237199604511261,-0.31164127588272095,0.16494420170783997,-0.0873698741197586,0.4512244760990143,0.21596667170524597,-0.24249985814094543,0.6183516383171082,0.004186287522315979,-0.07901886105537415,-0.7236788868904114,-0.4250572621822357,-0.1160421147942543,-0.3371545672416687,0.26812565326690674,-0.19253508746623993,0.020324382930994034,0.1876160204410553,0.0568690188229084,-0.03443177789449692,0.01245916448533535,0.1373397558927536,0.2409183531999588,0.037231773138046265,-0.5813233852386475,-0.026837006211280823,0.21476085484027863,-0.21836304664611816,-1.2112092971801758,-0.2653124928474426,-0.25286880135536194,0.07770774513483047,-0.024189645424485207,0.22676268219947815,-0.06321482360363007,1.2649773359298706,-0.27087828516960144,0.05997662991285324,-0.19905011355876923,-0.1851469725370407,0.3451591730117798,0.5586406588554382,-0.24826505780220032,0.10277686268091202,-0.22311155498027802,-0.5286335349082947,0.033447276800870895,-0.05270152539014816,0.43491607904434204,0.004458254668861628,-0.10153673589229584,-0.24915984272956848,0.04516207426786423,-0.5286144018173218,0.16684448719024658,0.3589954376220703,0.2526112198829651,-0.05008542537689209,0.07863659411668777,-0.8957121968269348,-0.32351845502853394,0.6071832180023193,0.38317665457725525,0.2425728142261505,0.8683953285217285,0.4885222315788269,-0.44374093413352966,0.32965582609176636,0.2267952263355255,0.05488556623458862,-0.29549726843833923,0.07036029547452927,0.2409878671169281,0.10895013809204102,-0.361767441034317,-0.3289687931537628,0.6627514958381653,-0.18575172126293182,-0.06069538742303848,0.18983817100524902,0.027532393112778664,-0.7792696952819824,-0.8526274561882019,1.0753962993621826,0.24261581897735596,0.28546592593193054,-0.0822657123208046,-0.43423205614089966,-0.12418550252914429,0.00618492066860199,0.18549877405166626,-1.081925392150879,-0.006860566325485706,-0.5330836176872253,-0.010587915778160095,-0.18928508460521698,-0.07360227406024933,0.9146401286125183,-0.6571268439292908,-0.1437780112028122,-0.44720083475112915,-0.16906628012657166,-0.0016603798139840364,-0.7816382646560669,-0.14884249866008759,0.6986010074615479,0.05156918615102768,0.7421829104423523,-0.21666984260082245,0.9401333928108215,-0.15578791499137878,-0.4897002577781677,1.3986176252365112,0.12405159324407578,-1.5304243564605713,-0.5157461762428284,0.19764380156993866,0.07303822040557861,-0.02957850694656372,-0.48842811584472656,1.3566097021102905,-0.29629164934158325,-0.606611430644989,0.047853242605924606,-0.13438202440738678,-0.003320157527923584,0.1321505606174469,0.3433842658996582,-0.14548006653785706,1.0212864875793457,0.11879654228687286,-0.247024267911911,0.13518282771110535,-0.8364979028701782,-0.482175350189209,-0.14511030912399292,0.02689310908317566,-0.09957597404718399,0.17319607734680176,0.008970608003437519,-0.049642570316791534,-0.5291281342506409,-0.3619709014892578,1.0457804203033447,0.08147607743740082,0.1481146514415741,-0.034020472317934036,-0.0424082949757576,0.1789517104625702,0.4227481782436371,-0.2010902464389801,0.14212189614772797,0.3146299421787262,0.10253641754388809,0.1322643756866455,-0.050011176615953445,-1.0053009986877441,-0.4805229604244232,-0.22413384914398193,-0.09750151634216309,0.14345550537109375,0.09538561850786209,-0.2948204278945923,-0.6874603033065796,0.32444503903388977,-0.059741564095020294,-0.14143291115760803,0.11705708503723145,-0.3069927394390106,0.8354112505912781,-0.39785653352737427,0.25279393792152405,-0.17499420046806335,0.08888889849185944,-0.7165626883506775,-0.009210610762238503,0.2825692296028137,0.10924271494150162,0.14586155116558075,-0.19692523777484894,0.07674283534288406,0.6616736650466919,-0.02208823338150978,0.3135609030723572,-0.21623337268829346
CID000005584,1766,0.058853089809417725,-0.2997799515724182,-0.5813648700714111,0.005823457147926092,0.37104690074920654,0.07821865379810333,-0.0911615788936615,-0.5068612694740295,-0.23726479709148407,0.2907944917678833,0.37139248847961426,-0.10312218964099884,-0.07609937340021133,-0.020121216773986816,0.1138186827301979,0.31526827812194824,0.58173006772995,-0.13238191604614258,-0.3669050335884094,-0.00885616522282362,-0.4630674421787262,0.06341264396905899,0.543420135974884,0.13946104049682617,-0.38830289244651794,-0.3906063735485077,-0.07185067236423492,-0.4679279923439026,0.3836135268211365,-0.44422268867492676,0.9012174606323242,0.04956602305173874,-0.13571180403232574,-0.006489419844001532,-0.9337412118911743,0.32959192991256714,0.4095168709754944,-0.09942459315061569,-0.02524246647953987,0.12217078357934952,-0.5534073710441589,0.8113628625869751,-0.38718661665916443,-0.30254071950912476,-0.07722119987010956,0.2377670556306839,0.8604837656021118,-0.18647465109825134,-0.5809911489486694,0.00392531743273139,-0.4848819375038147,0.2397804707288742,0.23635998368263245,-0.09100441634654999,-0.37414249777793884,-0.39054787158966064,-0.28196629881858826,1.1698763370513916,0.44270047545433044,-0.11847810447216034,0.12741510570049286,0.010888153687119484,-0.18159803748130798,0.805688738822937,0.02958240732550621,0.16681461036205292,-0.12339790910482407,0.13848945498466492,0.007974578067660332,0.07112036645412445,-0.9023064374923706,-0.14811848104000092,-0.8263265490531921,0.11343735456466675,0.04819735512137413,0.4640001654624939,0.6752131581306458,0.19096121191978455,0.44528183341026306,-0.19764158129692078,-0.2519994378089905,-0.0708659440279007,-0.3109959661960602,-0.08189008384943008,0.23899498581886292,0.3679160475730896,-1.0535588264465332,-0.3039896786212921,-0.0820641741156578,-0.01552156824618578,-0.18108949065208435,-0.18511459231376648,-0.04917779564857483,-0.11110784858465195,0.36598318815231323,-0.08217159658670425,-0.18536238372325897,0.27252379059791565,0.14183010160923004,-0.37144213914871216,-0.24521228671073914,-0.18758317828178406,0.06062529236078262,-0.11963657289743423,0.0431850403547287,-0.4901396334171295,0.7058097124099731,0.0883684754371643,0.05701535940170288,-0.030558329075574875,-0.019929686561226845,0.08853477984666824,0.7671247720718384,-0.2662210166454315,0.19930681586265564,-0.028351372107863426,-0.46748390793800354,-0.040899116545915604,-0.03731103986501694,0.46866774559020996,-0.02755526825785637,-0.2464390993118286,0.037377480417490005,0.13534976541996002,0.11247356235980988,0.1501598358154297,0.3382648825645447,-0.10251931101083755,-0.2199917584657669,0.3601638674736023,-0.6676771640777588,0.06032243371009827,0.2610933780670166,0.22874894738197327,0.1495852917432785,0.7851375341415405,0.026352819055318832,-0.505653977394104,0.10133888572454453,-0.08421418070793152,-0.24958345293998718,-0.05171605199575424,0.12954774498939514,0.2861984372138977,0.33910417556762695,0.12129230797290802,-0.6250513195991516,0.3534936308860779,0.23276658356189728,0.04310661181807518,0.3742516338825226,-0.04744378477334976,-0.8484395742416382,-1.5007474422454834,0.9404706954956055,-0.461702436208725,-0.09135754406452179,0.2226981818675995,-0.37885087728500366,-0.07012088596820831,0.11019666492938995,-0.08727922290563583,-0.48899316787719727,0.10377774387598038,-0.6537979245185852,-0.11351416260004044,0.04815790057182312,-0.2994130253791809,0.1988271176815033,-0.5195202231407166,0.033009566366672516,-0.349244087934494,-0.027743136510252953,-0.27264004945755005,-0.9577308893203735,-0.23521175980567932,0.4591500163078308,0.20795316994190216,0.43550100922584534,0.1424339860677719,0.8363458514213562,-0.1915154755115509,0.3213587999343872,0.15716524422168732,-0.05105118826031685,-0.32660597562789917,0.12584367394447327,-0.3954254984855652,0.09414701908826828,-0.004285491071641445,-0.6351409554481506,0.7381647825241089,-0.05453396588563919,-0.2941773533821106,-0.048010699450969696,0.14419589936733246,-0.038167040795087814,-0.027741413563489914,0.27923423051834106,0.16748946905136108,0.34437835216522217,-0.009688729420304298,-0.12619931995868683,-0.12442562729120255,-0.4591781198978424,-0.1230267733335495,-0.11038409173488617,-0.10342292487621307,0.12179724872112274,-0.2706279456615448,0.1368159055709839,0.03559597581624985,0.022278308868408203,-0.34538906812667847,0.49075666069984436,0.16523411870002747,-0.11742796748876572,0.10114637762308121,0.047527752816677094,0.1913517862558365,0.30649057030677795,-0.06139194220304489,0.5237492918968201,-0.0950973853468895,-0.08466280996799469,0.12533606588840485,0.06088443845510483,-1.1874048709869385,-0.05035816878080368,0.014113754034042358,0.06235203146934509,0.2702670991420746,0.03775959089398384,-0.3647172749042511,-0.7086877226829529,0.4418502748012543,0.13073666393756866,-0.0872233659029007,-0.004555854015052319,-0.2472938746213913,0.4444398880004883,-0.4318254590034485,0.007411903236061335,-0.08535885810852051,0.0018856346141546965,-0.45623379945755005,0.07215778529644012,0.28956130146980286,-0.029507851228117943,0.29870444536209106,0.27228283882141113,0.08482296764850616,-0.10665514320135117,-0.0229028407484293,0.22420570254325867,-0.05763022229075432
CID000002369,1771,0.27871111035346985,-0.09860076755285263,-0.5872234106063843,-0.1851244568824768,0.5339053869247437,-0.18005478382110596,-0.033646032214164734,-0.8442074060440063,-0.3215857446193695,0.2748222053050995,0.690577507019043,0.034088894724845886,0.12184770405292511,-0.1405419558286667,-0.049692004919052124,0.3062680661678314,0.6525996327400208,-0.08901623636484146,-0.29756635427474976,0.0076483772136271,-0.27610474824905396,0.436694473028183,0.74615877866745,0.1353338360786438,-0.7202061414718628,-1.0660829544067383,-0.596164345741272,-0.17578363418579102,0.10961396992206573,-0.3618444502353668,0.5801606178283691,0.008964966051280499,-0.17094051837921143,0.0805264562368393,-0.026637081056833267,0.1864737570285797,0.7840265035629272,-0.1164933443069458,-0.16667261719703674,-0.294159859418869,-0.5010333061218262,0.7600746750831604,-0.41670385003089905,0.05996187403798103,-0.10499880462884903,-0.1476145088672638,0.7745915651321411,0.19592298567295074,-0.609597384929657,0.12273494899272919,-0.18965023756027222,0.480902761220932,0.6768659353256226,-0.16467294096946716,0.14269956946372986,-0.4031296670436859,0.21845683455467224,1.0475865602493286,0.014499401673674583,-0.006535725202411413,-0.13411766290664673,-0.504011869430542,-0.13468709588050842,0.7892594933509827,0.1777346432209015,0.6308159232139587,0.04584801569581032,0.12584288418293,0.1067977100610733,0.05213988572359085,-1.1248377561569214,0.2632518410682678,-0.3898175060749054,0.38350167870521545,-0.12390194833278656,0.6357643008232117,0.35603246092796326,0.045120976865291595,0.13210836052894592,-0.01385275088250637,-0.09943662583827972,-0.3455004096031189,-0.1313008964061737,0.0632399320602417,0.09813699126243591,0.02338852919638157,-0.15341030061244965,0.0931873768568039,0.0911007896065712,-0.052978016436100006,0.06641418486833572,0.2699830234050751,-0.3453287184238434,-0.08445654809474945,-0.060859691351652145,-0.15651720762252808,-0.14202213287353516,0.1947365701198578,-0.22271180152893066,-0.8081202507019043,-0.34794411063194275,-0.26525959372520447,-0.016622420400381088,-0.12736345827579498,0.04878876358270645,-0.1487402468919754,0.5997881889343262,0.2888564169406891,-0.011059331707656384,-0.05410891771316528,0.0020791597198694944,-0.1696789711713791,0.900221049785614,-0.25148236751556396,0.00573092233389616,-0.43216782808303833,-0.10640831291675568,-0.27939170598983765,-0.04275154694914818,0.17874601483345032,-0.06764174997806549,-0.09414811432361603,0.1651514321565628,0.19761395454406738,-0.10894159227609634,0.24921174347400665,0.23471102118492126,-0.23259660601615906,-0.2809864282608032,0.33512869477272034,-0.6043760180473328,0.18124501407146454,0.38632482290267944,-0.016703352332115173,0.20507244765758514,0.5058273077011108,-0.03397451341152191,-0.4716070592403412,0.5006376504898071,-0.17198576033115387,-0.019977962598204613,-0.10151688754558563,0.0429818369448185,0.06865578889846802,-0.03326259180903435,-0.12281864881515503,-0.4191798269748688,0.28066307306289673,-0.04120052605867386,0.18246661126613617,0.5879279971122742,0.11716651916503906,-0.8010646104812622,-0.6164752840995789,0.6240386366844177,-0.18003125488758087,0.003564103040844202,0.3770887851715088,-0.9172948598861694,0.11447034776210785,0.21915912628173828,-0.41217947006225586,-1.0721981525421143,0.08533783257007599,-0.6634238958358765,-0.16754595935344696,-0.017191655933856964,0.12496037781238556,0.5217266082763672,-0.4118613302707672,-0.48387232422828674,0.15774261951446533,-0.2048570215702057,-0.0948885828256607,-0.7792571187019348,0.11209221929311752,0.3307231366634369,-0.21020154654979706,0.7772673964500427,-0.18609493970870972,0.23156695067882538,0.025088226422667503,-0.08436592668294907,0.32315129041671753,0.12138448655605316,-0.18521061539649963,0.035865418612957,-0.05707525089383125,-0.32487937808036804,-0.37748345732688904,-0.33335578441619873,0.5915707945823669,-0.2528685927391052,-0.4288390576839447,-0.2683383822441101,-0.07319258153438568,0.07074148207902908,0.0019829035736620426,0.2142530381679535,-0.09658031165599823,0.6117956638336182,0.08593310415744781,-0.2706011235713959,0.015584675595164299,-0.5337786078453064,-0.24697630107402802,-0.2782749533653259,-0.14841529726982117,0.20403368771076202,-0.18200139701366425,0.1728293001651764,-0.008971601724624634,0.03928763419389725,-0.03590399771928787,0.8261393308639526,-0.008511161431670189,-0.033707328140735626,-0.10201665014028549,-0.2090574949979782,-0.07746995985507965,0.4665253758430481,-0.029289787635207176,-0.11733052879571915,0.12340237945318222,-0.30255743861198425,0.180726557970047,-0.1650247871875763,-1.0536359548568726,-0.0899425521492958,-0.1052202582359314,-0.036492813378572464,0.18673451244831085,0.35217612981796265,-0.3719026744365692,-1.0376818180084229,0.04824616387486458,0.01769547536969185,0.12082608789205551,-0.17235931754112244,-0.02051405981183052,0.3051179051399231,-0.6421316266059875,-0.17634811997413635,-0.34575018286705017,-0.25245362520217896,-0.6546190977096558,0.2252042591571808,0.09680388122797012,-0.10296399891376495,0.09377261996269226,-0.027793562039732933,0.028970634564757347,0.13679704070091248,-0.17732584476470947,0.19146351516246796,0.24788086116313934
CID000005525,1785,-0.07813625782728195,0.00846797414124012,-0.42090973258018494,0.07677068561315536,0.1786700189113617,-0.17957332730293274,-0.015802811831235886,-0.30905860662460327,-0.07027590274810791,0.03973202779889107,0.3025197684764862,0.029695864766836166,-0.1512044370174408,-0.10100730508565903,-0.0014908872544765472,0.2578650414943695,0.1488797962665558,-0.12919656932353973,-0.4137045443058014,0.21303609013557434,-0.02062876895070076,0.1498824506998062,0.42218127846717834,-0.026537692174315453,-0.12689372897148132,-0.5546227097511292,0.02383114956319332,-0.48278918862342834,0.10481331497430801,-0.09412337839603424,0.3561843931674957,-0.08211679756641388,0.10273903608322144,0.07342016696929932,0.0011157579720020294,-0.05117182806134224,0.12029604613780975,-0.18054310977458954,0.19314250349998474,0.15932390093803406,-0.281950443983078,0.24634559452533722,-0.2761317789554596,-0.020093288272619247,-0.012669915333390236,0.0011846780544146895,0.43945470452308655,0.053106069564819336,-0.48042160272598267,0.11393848806619644,-0.7231310606002808,0.3305421471595764,0.44774574041366577,-0.17496713995933533,-0.12918192148208618,-0.4118220806121826,-0.17381933331489563,0.6537997722625732,0.08975337445735931,-0.14273253083229065,-0.08510188013315201,-0.15931671857833862,0.384117066860199,0.7196238040924072,0.031070897355675697,0.5682545900344849,-0.16815702617168427,-0.16761600971221924,-0.10794488340616226,-0.24118129909038544,-0.7050771117210388,0.010556407272815704,-0.3916711211204529,0.31567031145095825,-0.0783093199133873,0.4962236285209656,0.3900504410266876,0.17069357633590698,0.44416195154190063,-0.00025407076464034617,0.08496994525194168,-0.2407841980457306,0.24686415493488312,-0.1428782045841217,0.12300775200128555,0.36842626333236694,-0.07932396978139877,0.15968568623065948,-0.11591888964176178,0.10695431381464005,-0.17507675290107727,0.15568041801452637,-0.12092584371566772,0.003824335290119052,0.0017281040782108903,-0.27910375595092773,-0.0006751537439413369,0.20444588363170624,-0.11300782859325409,-0.4694856107234955,-0.1385239213705063,-0.17558114230632782,0.20237061381340027,0.060381751507520676,0.17520050704479218,-0.23074594140052795,0.37754860520362854,0.17559535801410675,0.20676204562187195,-0.174130380153656,-0.03668471798300743,-0.06515035778284073,0.5186141729354858,-0.43771082162857056,0.16589444875717163,-0.015703652054071426,0.035303227603435516,-0.009562787599861622,-0.1590605080127716,-0.0467832013964653,-0.3209482431411743,-0.240263432264328,0.0523686483502388,-0.02055503986775875,0.04599424824118614,0.3729642629623413,0.0214714203029871,0.006113788578659296,0.006811435334384441,0.1815601885318756,-0.5000683069229126,-0.08864760398864746,0.22521910071372986,0.13160832226276398,0.06939975917339325,0.5631467700004578,0.11900760978460312,-0.3423522412776947,0.26191890239715576,0.04833998531103134,-0.021851275116205215,-0.11239746958017349,0.1037808284163475,0.23683246970176697,0.2541218400001526,0.03995592147111893,-0.2800690531730652,-0.07792776077985764,-0.127324178814888,-0.0053012012504041195,0.7230969071388245,-0.07436849921941757,-0.5946938395500183,-0.51328045129776,0.5468214154243469,-0.33643457293510437,-0.17381705343723297,-0.004258922301232815,-0.5396547317504883,-0.08037032186985016,-0.019808705896139145,-0.0035470544826239347,-0.7710494995117188,0.0004772380052600056,-0.48233017325401306,-0.12178114801645279,-0.23934587836265564,-0.1000252515077591,0.2994930148124695,-0.5465869307518005,-0.2816055417060852,-0.14972248673439026,-0.12849417328834534,0.05542554706335068,-0.5482132434844971,0.0012183875078335404,0.3366296887397766,-0.04078745096921921,0.5215646624565125,-0.28216996788978577,0.43754714727401733,-0.21333825588226318,0.06750303506851196,0.09072176367044449,-0.21409077942371368,-0.2708369195461273,0.08100974559783936,-0.35035306215286255,-0.0005872457986697555,-0.1814153492450714,0.07340727746486664,0.47900882363319397,-0.017010362818837166,-0.23439188301563263,0.20307281613349915,-0.24332289397716522,0.07519063353538513,0.26669207215309143,0.24220526218414307,-0.05159579589962959,0.31428366899490356,0.17923030257225037,-0.14530524611473083,-0.10101208835840225,-0.4341648519039154,-0.1509753167629242,-0.2987796664237976,0.10711017996072769,-0.08775962889194489,-0.03396569937467575,0.007993143983185291,-0.05589843541383743,-0.0026969474274665117,-0.3171750009059906,0.7506288290023804,-0.08128153532743454,-0.026408981531858444,-0.044352538883686066,0.030315717682242393,-0.09756365418434143,0.2630356550216675,-0.09368215501308441,0.10966698825359344,0.0412650890648365,-0.05933688208460808,0.13559746742248535,0.09993739426136017,-0.6651691198348999,-0.07763579487800598,-0.17169733345508575,-0.0718124583363533,-0.06057363003492355,0.12645883858203888,-0.22175613045692444,-0.6740016341209412,0.09355618059635162,0.012674307450652122,-0.1694677770137787,0.05516541004180908,-0.059027910232543945,0.11577434837818146,-0.5283928513526917,-0.18794891238212585,-0.12918417155742645,-0.12131968885660172,-0.3180675208568573,0.050943225622177124,-0.2939612865447998,-0.2192709892988205,0.15134982764720917,0.14394497871398926,-0.20339247584342957,-0.04499352350831032,-0.36779966950416565,-0.08900783210992813,-0.14438842236995697
CID000054786,1808,0.09931023418903351,-0.10594358295202255,-0.7350610494613647,-0.17055024206638336,0.5313864946365356,-0.04606688767671585,0.0951223373413086,-0.4689124524593353,-0.24051561951637268,-0.11250612884759903,0.6013209223747253,0.02950860932469368,-0.16574375331401825,-0.10893070697784424,0.0637400895357132,0.22810661792755127,0.3247622549533844,-0.1697912961244583,-0.5064314007759094,0.23704557120800018,-0.28528308868408203,0.19377878308296204,0.38237807154655457,0.1879315823316574,-0.6100174784660339,-0.8706130981445312,-0.28567689657211304,-0.3713613748550415,0.3145213723182678,-0.21216647326946259,0.48047930002212524,0.15986479818820953,0.12757734954357147,0.04932846873998642,-0.5858181715011597,0.20212864875793457,0.5424078106880188,-0.19090721011161804,0.00451163062825799,-0.29735666513442993,-0.6651015281677246,0.41746729612350464,-0.29374128580093384,0.0806417316198349,-0.13682758808135986,0.00924339797347784,0.6198704242706299,0.2461182326078415,-0.9265764355659485,0.13563887774944305,-0.7928738594055176,0.20125707983970642,0.5024001598358154,-0.05892609432339668,0.01366871315985918,-0.3833954632282257,-0.03277936950325966,1.0482183694839478,0.30618202686309814,-0.08595864474773407,0.049519043415784836,-0.20193639397621155,0.0840713232755661,0.7861871719360352,0.16413608193397522,0.2734139561653137,-0.18197068572044373,0.16333316266536713,-0.2321041077375412,0.09633560478687286,-0.8901854753494263,0.08312023431062698,-0.4613441526889801,0.3303287923336029,-0.11774303019046783,0.38006672263145447,0.32946646213531494,0.35928070545196533,0.8766263127326965,-0.1139356940984726,0.04430154338479042,-0.32428789138793945,0.18358109891414642,-0.044381607323884964,0.16677476465702057,0.266249418258667,-0.5316427946090698,-0.02133500576019287,0.016449639573693275,0.023165320977568626,-0.009289157576858997,-0.16625116765499115,-0.2165578156709671,0.03322092443704605,-0.05303562805056572,-0.2674490809440613,-0.25443777441978455,0.33659201860427856,0.08803564310073853,-0.8212782144546509,-0.11822370439767838,-0.017135899513959885,0.10257647186517715,-0.3499296307563782,0.1844610869884491,-0.26392340660095215,0.5641549825668335,0.3171023726463318,0.03197670727968216,-0.1065799817442894,-0.011758708395063877,-0.05906230956315994,0.7789339423179626,-0.6432167291641235,0.1000104695558548,-0.08783001452684402,-0.17336130142211914,0.35861796140670776,-0.12162581831216812,0.10901407897472382,-0.10775275528430939,-0.19518879055976868,-0.06980092823505402,0.06464209407567978,-0.045160748064517975,0.08710257709026337,0.35448378324508667,-0.03128640726208687,-0.1512363851070404,0.12471775710582733,-0.6613021492958069,0.19263820350170135,0.5228077173233032,0.15071818232536316,0.02081594429910183,0.8432670831680298,0.2167454957962036,-0.2331833392381668,0.49393925070762634,-0.01786452904343605,-0.2038179188966751,-0.3119983673095703,0.3187519609928131,0.4134431779384613,-0.011918316595256329,-0.13128387928009033,-0.7040696740150452,-0.1752910166978836,0.11626020818948746,0.18575724959373474,0.47762545943260193,-0.011391187086701393,-0.6958162188529968,-0.7643669843673706,1.0187243223190308,-0.33272024989128113,-0.019594967365264893,0.1445760428905487,-0.6087573766708374,-0.1446656435728073,-0.11212184280157089,0.17814293503761292,-0.7071646451950073,0.10409513860940933,-0.40391024947166443,-0.05542908236384392,-0.08099261671304703,0.11883850395679474,0.04195437580347061,-0.3320430815219879,-0.13148829340934753,-0.14688804745674133,-0.2590404152870178,-0.10704661905765533,-0.6902995705604553,-0.01183463353663683,0.2550753355026245,0.04726573824882507,0.3997025489807129,0.23162071406841278,0.27301502227783203,-0.1483338177204132,-0.11991383135318756,0.3387656807899475,-0.11843933910131454,-0.30226367712020874,0.19184836745262146,-0.18953680992126465,-0.20959830284118652,-0.14197124540805817,-0.5395362973213196,0.9298373460769653,-0.15447784960269928,-0.3137510418891907,-0.02369135245680809,-0.04216273874044418,-0.09001843631267548,-0.007955444045364857,0.5497369766235352,-0.012249618768692017,0.49557676911354065,0.2951786518096924,-0.17503395676612854,0.4186514914035797,-0.5580905675888062,-0.05595859885215759,-0.19438502192497253,-0.18800118565559387,-0.38226258754730225,-0.13286420702934265,0.3800918459892273,-0.026355037465691566,0.14706909656524658,-0.1594914197921753,0.7682040929794312,0.04311908408999443,0.07372210174798965,-0.24948027729988098,-0.010521715506911278,0.11455454677343369,0.25263887643814087,-0.06793268024921417,0.047686826437711716,0.04909595474600792,-0.295528382062912,0.16058769822120667,0.03632489591836929,-0.847467303276062,-0.17421531677246094,-0.007022202014923096,0.021085018292069435,0.2930130064487457,0.13520553708076477,-0.29533708095550537,-0.8212321996688843,0.3331083655357361,-0.14843332767486572,-0.13120876252651215,0.10668431222438812,-0.2638443410396576,0.16681456565856934,-0.2654469311237335,-0.16610407829284668,-0.031203050166368484,-0.3181461691856384,-0.09896089881658554,0.11575894057750702,-0.06986992806196213,0.01168089546263218,0.2180086076259613,-0.13580749928951263,-0.05054713413119316,-0.16715393960475922,-0.26587098836898804,0.4176037311553955,-0.09821395576000214
CID000004736,1813,0.01950351893901825,-0.3221755623817444,-0.5018788576126099,0.016265690326690674,0.5622010231018066,-0.2141716480255127,-0.022207120433449745,-0.37647581100463867,-0.15423694252967834,-0.4919963479042053,0.3936438262462616,0.15512259304523468,-0.13863034546375275,-0.30109572410583496,-0.04921821504831314,0.42611441016197205,0.8305054903030396,-0.1917407214641571,-0.009860793128609657,0.23892779648303986,-0.3127872943878174,0.2265126258134842,0.7257294654846191,0.06770782917737961,-0.6818539500236511,-0.5805982947349548,-0.0717671737074852,-0.35884419083595276,0.37997037172317505,0.02789296582341194,1.3360317945480347,0.011822272092103958,0.024028081446886063,0.10692868381738663,-0.7828270792961121,0.0838257446885109,1.0543162822723389,-0.19248251616954803,0.03395703434944153,0.009440683759748936,-0.7273623943328857,0.8757001161575317,-0.33620503544807434,-0.030491570010781288,0.012886536307632923,-0.19815774261951447,0.8793941736221313,0.05024609714746475,-0.5456587076187134,-0.06077459454536438,-0.28375327587127686,0.33463239669799805,0.41450172662734985,-0.13073334097862244,0.3889472484588623,-0.21185579895973206,-0.03913680836558342,0.29277941584587097,-0.3750317096710205,-0.25467947125434875,-0.135997012257576,-0.2562565505504608,0.23357060551643372,0.703437864780426,0.3355568051338196,0.07594263553619385,0.14917711913585663,-0.2820107340812683,-0.06404025852680206,-0.010363513603806496,-0.8743640184402466,0.1540425717830658,-0.9920221567153931,0.34095078706741333,0.11379579454660416,0.1527087241411209,0.8071624636650085,0.2926105558872223,0.23002104461193085,0.2850923538208008,-0.05126365274190903,-0.10676740109920502,0.004871371202170849,-0.030587825924158096,0.20327825844287872,0.13616420328617096,-0.8261750340461731,0.14297537505626678,-0.017331713810563087,0.03177203610539436,0.03111993707716465,0.05490734055638313,-0.36467841267585754,0.040200043469667435,-0.0754379853606224,-0.027333160862326622,0.3553534150123596,0.1950140744447708,-0.07367469370365143,-0.9791499376296997,-0.4130438268184662,-0.05290742591023445,0.1293446570634842,-0.1061568632721901,-0.08529184758663177,-0.2760108709335327,0.9053214192390442,0.13205769658088684,-0.011766830459237099,-0.048206306993961334,-0.2034631073474884,-0.11823423951864243,0.7642147541046143,-0.16143126785755157,0.30067241191864014,-0.5344223976135254,0.08349888771772385,0.05907624959945679,-0.01669456996023655,0.28042224049568176,-0.45641979575157166,-0.2659863233566284,0.14058174192905426,0.2487013041973114,0.08990786224603653,-0.01697736419737339,0.2451235055923462,-0.132573202252388,-0.07583028823137283,0.27960819005966187,-0.7956135272979736,-0.2516205906867981,0.48913106322288513,0.07061333954334259,-0.1813705861568451,0.7164444327354431,0.13374635577201843,0.018018990755081177,0.2958827614784241,-0.15669307112693787,0.1940501630306244,-0.3198561370372772,-0.24044600129127502,0.25976327061653137,0.22548756003379822,0.21596702933311462,0.023386690765619278,-0.1259002387523651,0.08709019422531128,-0.08609868586063385,0.12638702988624573,0.04811608046293259,-0.6501089930534363,-1.0118616819381714,1.1795284748077393,-0.33018526434898376,-0.3506602644920349,-0.10252897441387177,-0.17411532998085022,0.19712352752685547,0.1288674771785736,-0.018834780901670456,-0.7497458457946777,0.14971818029880524,-0.5389981269836426,-0.13328325748443604,0.03329690545797348,-0.13539423048496246,0.4132786691188812,-0.44341522455215454,-0.5474525094032288,0.09314368665218353,0.16846458613872528,0.18158116936683655,-0.5512970089912415,0.1871299296617508,0.392417848110199,-0.3870421350002289,0.5507314801216125,0.16135184466838837,0.662448525428772,0.05481381341814995,-0.36641159653663635,0.5314033627510071,-0.010667038150131702,-0.6710251569747925,-0.44271382689476013,-0.3499677777290344,-0.12606379389762878,-0.2961859107017517,-0.07480095326900482,1.0094965696334839,-0.07635442167520523,-0.7660679221153259,-0.1267717033624649,-0.20754098892211914,-0.052062809467315674,-0.027537811547517776,0.22973711788654327,-0.3162318468093872,0.2571025490760803,0.2375725954771042,0.1505490243434906,0.2359168827533722,-0.4086339473724365,-0.08769522607326508,-0.4472943842411041,0.022992687299847603,0.10133481025695801,-0.055718325078487396,0.21558871865272522,-0.1400911509990692,0.10212783515453339,-0.0907689705491066,0.4852829873561859,-0.10254776477813721,-0.18146291375160217,0.022993991151452065,-0.21727728843688965,0.12892061471939087,0.4186134338378906,0.11727510392665863,0.17353999614715576,0.018842127174139023,0.31659629940986633,0.11320333182811737,-0.18891102075576782,-0.5112941861152649,-0.2042376548051834,-0.003409184515476227,0.08559425175189972,0.05575193837285042,-0.0153431985527277,-0.443159818649292,-0.7397054433822632,-0.08946079015731812,-0.0528632290661335,0.1733117401599884,0.20849323272705078,0.1923544704914093,0.6533213257789612,-0.430290162563324,-0.2485077828168869,-0.5439388155937195,-0.3974112868309021,-0.4713899493217468,0.05358625203371048,-0.12361244857311249,-0.3328518271446228,0.37707072496414185,-0.013174831867218018,-0.021337907761335373,-0.10105977952480316,0.2285400629043579,0.13262060284614563,0.20497958362102509
CID000122316,1863,0.18584182858467102,-0.20992115139961243,-0.6759291291236877,0.16266199946403503,0.4292329251766205,-0.03177078440785408,-0.24211986362934113,-0.8753262758255005,-0.10654361546039581,-0.18165387213230133,0.351444810628891,0.14089182019233704,-0.15193185210227966,0.06914395838975906,0.19202518463134766,-0.05874527618288994,0.27323853969573975,0.06383557617664337,-0.23513373732566833,0.20563164353370667,0.05026693269610405,-0.10800135135650635,0.4257256090641022,-0.02853516675531864,-0.6307934522628784,-0.5993847250938416,-0.22641713917255402,0.01795993372797966,0.10469341278076172,-0.17031113803386688,0.6807959079742432,-0.0009661873918958008,-0.19288618862628937,0.5904535055160522,-0.06085211783647537,0.07160116732120514,0.9524632692337036,-0.06857393682003021,-0.07297848165035248,0.07496665418148041,-0.3365970551967621,0.3300120532512665,-0.24450984597206116,0.07098422944545746,-0.05825010687112808,0.03679642826318741,0.5681437253952026,-0.1347472369670868,-0.2024000585079193,-0.08038371801376343,-0.7521828413009644,0.2305087149143219,0.36737799644470215,-0.20425495505332947,0.4483003616333008,-0.08386831730604172,-0.1597127616405487,0.5380940437316895,0.3036690056324005,0.08880267292261124,0.01877722702920437,-0.16616638004779816,-0.0483211986720562,0.854134738445282,0.01015430223196745,0.4061741232872009,-0.16587045788764954,-0.04504965990781784,0.15431475639343262,-0.061203621327877045,-0.6748436689376831,0.15767765045166016,-0.6653009057044983,0.4428700804710388,0.021052982658147812,0.5126680135726929,0.4585641026496887,0.1154044046998024,0.7244328260421753,-0.09295439720153809,-0.00016142688400577754,-0.1808861941099167,0.08971564471721649,-0.09698538482189178,0.3200545907020569,0.2741096615791321,-0.4282451272010803,-0.07002057135105133,-0.013768643140792847,0.18277771770954132,-0.16360843181610107,0.0382918156683445,-0.2723446488380432,0.014419066719710827,0.10813800245523453,-0.11210186779499054,0.07229042798280716,0.20710155367851257,-0.049277957528829575,-0.7294449806213379,-0.07451146095991135,-0.15217064321041107,0.10286523401737213,-0.18348750472068787,0.2718777358531952,-0.14872200787067413,0.9095552563667297,0.040112413465976715,0.22026769816875458,0.011377811431884766,-0.06322135031223297,0.025171581655740738,0.30892422795295715,-0.37970292568206787,0.19279004633426666,-0.32770222425460815,-0.43381014466285706,1.9781804439844564e-05,-0.12054294347763062,0.242346853017807,-0.46215957403182983,-0.284757524728775,0.2457388937473297,0.02640829049050808,0.0031890212558209896,-0.07440702617168427,0.30382099747657776,0.01873033493757248,-0.31399935483932495,0.17197740077972412,-0.6136713624000549,-0.4366702437400818,0.35969218611717224,0.2726665735244751,0.08811524510383606,0.7216397523880005,0.31377363204956055,-0.1455300748348236,0.3792366683483124,-0.044956013560295105,0.07997425645589828,-0.20894257724285126,0.18853263556957245,-0.0999886766076088,-0.09092752635478973,0.11496744304895401,-0.08846485614776611,-0.07417963445186615,-0.12070737034082413,-0.11475668847560883,0.45026689767837524,-0.2098536491394043,-0.4974772334098816,-0.6863734126091003,0.768163800239563,-0.26086321473121643,0.15895876288414001,0.08611970394849777,-0.4851767122745514,-0.1110723465681076,-0.02729225531220436,0.20303678512573242,-1.0906550884246826,-0.0452907495200634,-0.3745085299015045,-0.035830240696668625,0.10300074517726898,-0.12530693411827087,0.3321259915828705,-0.391747385263443,-0.2946162819862366,-0.1131657138466835,0.1381441056728363,-0.049417875707149506,-0.46565017104148865,-0.0919843465089798,0.6615101099014282,0.2274473011493683,0.5101574659347534,-0.17703910171985626,0.40734046697616577,-0.07099191099405289,-0.385922372341156,0.7549784183502197,0.1525506228208542,-0.728039026260376,0.04795355349779129,-0.10102436691522598,-0.32695481181144714,-0.039938099682331085,-0.4848933219909668,0.8378941416740417,-0.1201578825712204,-0.34441664814949036,0.09663434326648712,-0.11877115070819855,-0.11352002620697021,0.1396571844816208,0.32784074544906616,0.0013244450092315674,0.5334932208061218,0.25034165382385254,-0.09336508810520172,0.00020675137056969106,-0.30354228615760803,-0.17382487654685974,-0.2721666991710663,0.01477138977497816,-0.10053978860378265,-0.062236934900283813,-0.17903831601142883,-0.0675591379404068,-0.09017325937747955,-0.332967072725296,0.5881796479225159,0.07615222036838531,-0.05045635625720024,-0.4661429524421692,-0.12199187278747559,-0.14831344783306122,-0.01761208102107048,-0.07618655264377594,0.2015625685453415,0.07073108851909637,0.027380445972085,0.03776354715228081,0.133171945810318,-0.8430721163749695,-0.12996195256710052,-0.08218898624181747,-0.02355317957699299,0.30558815598487854,0.04165872186422348,-0.3029986023902893,-0.5332427024841309,-0.09835420548915863,0.1447879821062088,-0.02596845105290413,0.1312856823205948,-0.04985519498586655,0.934982180595398,-0.3381936252117157,0.003912187181413174,-0.36642909049987793,-0.11336378753185272,-0.3956337571144104,0.03177901357412338,0.03766468167304993,-0.28438621759414673,0.3626057505607605,0.399514764547348,-0.02133871614933014,0.17960026860237122,-0.07630859315395355,0.25697195529937744,-0.07465723156929016
CID000003008,1871,0.05737724155187607,-0.17398588359355927,-0.43150919675827026,0.0832853689789772,0.7189904451370239,-0.14255066215991974,-0.18573009967803955,-0.35192936658859253,-0.3794781565666199,-0.38044610619544983,0.5587155222892761,0.014057171531021595,0.006419333629310131,-0.21305641531944275,-0.08947421610355377,0.4139023423194885,0.7645536065101624,-0.10089544951915741,-0.1810533106327057,0.272495836019516,-0.31011587381362915,0.3533156216144562,0.8517017364501953,0.08413923531770706,-0.3900751769542694,-0.5044686198234558,0.06376375257968903,-0.43035411834716797,0.5879132151603699,0.18995201587677002,1.569504976272583,0.10167169570922852,0.14217054843902588,-0.17519351840019226,-0.9516010284423828,0.05651771277189255,0.9756267666816711,-0.16608352959156036,0.04055885225534439,-0.043302662670612335,-0.9782807230949402,0.9192898869514465,-0.307525634765625,-0.03775632381439209,0.19872504472732544,-0.05790882185101509,0.7942303419113159,0.061295412480831146,-0.485201358795166,-0.17978277802467346,-0.33497005701065063,0.21765263378620148,0.5368861556053162,-0.10545142740011215,0.00732047576457262,-0.24762830138206482,-0.09351365268230438,0.47091493010520935,-0.3247925043106079,-0.4519365429878235,0.15492011606693268,-0.2940097451210022,0.22750000655651093,0.9200845956802368,0.18782614171504974,0.35952049493789673,0.10707470029592514,-0.24310991168022156,0.14603188633918762,-0.005208021495491266,-0.9906222224235535,0.23443393409252167,-1.1514886617660522,0.018927279859781265,0.2503148019313812,0.08040729910135269,0.6914758682250977,0.20533864200115204,0.17995789647102356,0.10806174576282501,-0.08907027542591095,0.13567288219928741,0.10453734546899796,0.024807626381516457,0.11409463733434677,0.10936994850635529,-0.8589988946914673,0.15108159184455872,-0.1021396741271019,0.07323307543992996,0.05683082342147827,0.05637625604867935,-0.49307164549827576,0.14313814043998718,-0.013541308231651783,-0.1741156280040741,0.16561631858348846,0.3490658104419708,0.01869068294763565,-0.7466594576835632,-0.39937424659729004,-0.011120902374386787,0.07856385409832001,-0.21423859894275665,0.006752367131412029,-0.33839651942253113,0.8904083967208862,-0.12182493507862091,0.030030632391572,-0.14490029215812683,-0.13900204002857208,-0.192698672413826,0.8964849710464478,-0.15319862961769104,0.3051912486553192,-0.2906818389892578,-0.049799881875514984,-0.09150081127882004,-0.07266445457935333,0.4378279745578766,-0.3395480215549469,-0.36843621730804443,-0.08666672557592392,0.2466450035572052,-0.1247478723526001,0.0274187084287405,0.24523305892944336,-0.04971781745553017,0.0021550387609750032,0.2035573422908783,-1.0197365283966064,-0.20423536002635956,0.5749490857124329,0.005049088504165411,0.016931409016251564,0.7782546281814575,0.43226709961891174,-0.04379389062523842,0.5677881836891174,0.03539291396737099,0.17712877690792084,-0.3694024682044983,-0.21835032105445862,0.25027188658714294,0.14902004599571228,0.1645653247833252,-0.18514136970043182,0.06764377653598785,0.23115956783294678,0.06784532964229584,0.24243536591529846,-0.11774276196956635,-1.0816868543624878,-1.223399043083191,1.1827436685562134,-0.5551680326461792,-0.48999089002609253,-0.13912542164325714,-0.10036587715148926,0.12267962843179703,0.08953110873699188,-0.1852116882801056,-0.6661648154258728,0.004317497368901968,-0.5369710326194763,-0.036325257271528244,0.1913699209690094,-0.18512432277202606,0.259816974401474,-0.4650425910949707,-0.6017510890960693,0.11176872253417969,0.0800255686044693,0.0023688666988164186,-0.5948723554611206,0.061449360102415085,0.6152116060256958,-0.3158472776412964,0.5095467567443848,0.34257155656814575,0.45336008071899414,-0.018981358036398888,-0.06795182079076767,0.280349463224411,0.06574695557355881,-0.5487126708030701,-0.40907564759254456,-0.5168683528900146,-0.3951159119606018,-0.18408960103988647,-0.11813883483409882,0.8058575391769409,-0.1376444399356842,-0.8090993165969849,-0.12455356121063232,-0.10391519218683243,0.04902627691626549,-0.08918445557355881,0.06376788765192032,-0.21077780425548553,0.04225406050682068,-0.17147651314735413,0.34610480070114136,0.2288142740726471,-0.4124477803707123,-0.15151812136173248,-0.4493711590766907,-0.0929441899061203,0.22026333212852478,-0.32495760917663574,0.2411680519580841,0.10253258049488068,0.038969624787569046,-0.19666090607643127,0.3385678231716156,0.01229594461619854,-0.3633210062980652,0.09830877184867859,-0.18985283374786377,0.11347337067127228,0.2789207100868225,0.017710799351334572,0.15840163826942444,0.134760320186615,0.2278624325990677,0.4137750566005707,-0.2823107838630676,-0.8083845973014832,-0.2186594009399414,0.037691544741392136,0.08129633963108063,0.18503382802009583,0.02522290125489235,-0.3434780538082123,-0.6555870771408081,0.057502347975969315,0.06650889664888382,0.004507557488977909,0.2167157381772995,0.10795579105615616,0.31687259674072266,-0.47784361243247986,-0.2774699330329895,-0.3129478394985199,-0.2835232615470886,-0.37776872515678406,0.22767889499664307,0.0068080066703259945,-0.31994467973709106,0.5475651025772095,-0.13303914666175842,-0.15391093492507935,-0.15022841095924377,0.16913911700248718,0.2479366809129715,0.13290639221668243
CID000048175,1880,0.018428772687911987,0.03993285819888115,-0.5359741449356079,0.3346553444862366,0.12291593849658966,-0.5161874890327454,0.1660270243883133,-0.4526548981666565,0.2367400825023651,-0.5187790989875793,0.19566050171852112,0.2169199436903,0.26330074667930603,-0.2593441605567932,-0.029110867530107498,0.15576806664466858,-0.07976112514734268,-0.07923398911952972,-0.5138267278671265,-0.39881396293640137,0.04292446747422218,0.019242938607931137,0.6027238368988037,-0.15551143884658813,-0.5384681820869446,-0.8742051124572754,-0.9600527882575989,-0.20007939636707306,0.043538130819797516,-0.2743838429450989,0.8470286130905151,0.15406069159507751,0.01166470441967249,-0.03227834403514862,-0.3385580778121948,0.1791192889213562,0.02115074172616005,-0.22784724831581116,0.14341279864311218,-0.03469974920153618,-0.8702930212020874,0.05656604841351509,-0.6919889450073242,-0.33484145998954773,0.08985750377178192,-0.1453808844089508,0.31382492184638977,0.03964898735284805,-1.090970754623413,0.00963501911610365,-0.7942036986351013,-0.07200421392917633,0.44831913709640503,-0.20380406081676483,0.13704396784305573,-0.880807101726532,0.018255149945616722,1.1088578701019287,0.2551545798778534,0.31165367364883423,-0.0992617979645729,-0.10958296060562134,0.3403898775577545,0.8272483944892883,0.3141234517097473,0.5646163821220398,0.20983383059501648,0.06320992857217789,0.07028750330209732,-0.03957805037498474,-1.0269207954406738,0.15218445658683777,-0.47663289308547974,0.5203428268432617,-0.13175050914287567,0.4077438414096832,0.44281119108200073,0.903464674949646,0.9552831649780273,-0.1743529886007309,-0.21898260712623596,-0.33888959884643555,-0.07707936316728592,0.05390124395489693,0.026295464485883713,0.005343926139175892,0.052185095846652985,-0.07615874707698822,-0.17015044391155243,0.033002402633428574,-0.036921512335538864,0.241730734705925,-0.30659186840057373,-0.014449788257479668,0.10798730701208115,-0.17397037148475647,0.23886160552501678,0.37955665588378906,0.19466295838356018,-0.42627495527267456,-0.036026932299137115,0.17806008458137512,-0.283135324716568,-0.34149491786956787,-0.13802403211593628,-0.7118945121765137,0.7015543580055237,0.13139334321022034,-0.2197844237089157,-0.03400964289903641,0.23847801983356476,0.1876145303249359,0.5304003357887268,-0.7581865787506104,-0.16173504292964935,0.00952482782304287,-0.24810154736042023,0.4026520848274231,0.029694199562072754,0.32081276178359985,-0.24604058265686035,-0.13690097630023956,0.23307733237743378,0.08127538114786148,0.010544290766119957,0.31531327962875366,0.0017865269910544157,0.05302528664469719,0.00023399144993163645,0.014276446774601936,-0.6738998889923096,-0.30117759108543396,0.1804914027452469,0.07653210312128067,-0.08544933795928955,0.7130235433578491,-0.15807326138019562,0.18100771307945251,0.34806984663009644,-0.2898530066013336,-0.09316899627447128,-0.05822553485631943,0.0813261866569519,0.18852227926254272,0.24603208899497986,0.006147892214357853,-0.2412397861480713,0.5221641063690186,-0.25348106026649475,-0.18755318224430084,0.7000427842140198,-0.3555823564529419,-0.5861857533454895,-0.5149909257888794,0.05926290899515152,0.08959348499774933,-0.025929659605026245,0.45501598715782166,-0.49708086252212524,-0.08231429755687714,0.19031502306461334,-0.1513272374868393,-0.8137184381484985,0.026094038039445877,-0.5875974297523499,-0.25676462054252625,-0.23661354184150696,0.04421097785234451,0.43848323822021484,-0.5839104652404785,-0.22453680634498596,-0.33736592531204224,-0.04760587215423584,0.1304836869239807,-0.6365004181861877,0.07591672241687775,-0.08304347097873688,0.13129201531410217,0.6489189863204956,0.17844495177268982,0.5934208631515503,0.03579990938305855,-0.22359085083007812,-0.20290639996528625,0.2744964063167572,-0.07030230760574341,0.1685820370912552,0.013133746571838856,-0.28390568494796753,-0.2585170567035675,-0.3393189013004303,0.6830387115478516,-0.3626939058303833,-0.4027276039123535,-0.1808622181415558,-0.03676170855760574,-0.025877270847558975,0.07638613134622574,0.03680073469877243,0.037294983863830566,0.5519259572029114,0.31602489948272705,0.02553681656718254,0.11726091057062149,-0.5131030678749084,0.17119106650352478,-0.40216508507728577,-0.19962826371192932,0.026639452204108238,0.005632029380649328,-0.14285758137702942,-0.03391270712018013,0.02190767601132393,0.1518515944480896,0.9386800527572632,0.21325373649597168,-0.35901665687561035,0.05100153014063835,0.0245981402695179,0.07180682569742203,0.34661149978637695,-0.12489352375268936,-0.028394293040037155,0.1102188378572464,0.18885496258735657,0.3116329312324524,0.09922675788402557,-1.1076226234436035,-0.196628138422966,0.19803936779499054,0.35991784930229187,0.16393060982227325,0.059214960783720016,-0.39496734738349915,-0.8134161233901978,0.045776087790727615,-0.011597074568271637,-0.14881527423858643,0.08886202424764633,-0.093411386013031,0.31878024339675903,-0.3373866677284241,0.20723024010658264,-0.10741515457630157,0.09962175786495209,-0.15912972390651703,-0.006732937879860401,-0.052407413721084595,-0.2527086138725281,0.3700830340385437,0.026469653472304344,0.03622611612081528,-0.08360473066568375,-0.5485000610351562,0.0459727942943573,-0.16386476159095764
CID000004893,1892,-0.06377308070659637,-0.17465779185295105,-0.6714206337928772,0.10933549702167511,0.41269272565841675,-0.16745932400226593,-0.03541475906968117,-0.3290267884731293,-0.26824504137039185,0.10426811873912811,0.13974113762378693,0.1002732366323471,-0.1693083792924881,-0.014166665263473988,0.04006689041852951,0.014957195147871971,0.04332617670297623,0.19519288837909698,-0.3194173574447632,0.10402045398950577,-0.09393282234668732,0.08380148559808731,0.368295282125473,0.00806377548724413,-0.5148440599441528,-0.659678041934967,-0.08915513753890991,-0.11765167862176895,0.2036348283290863,0.201311856508255,0.3627137541770935,0.03199613839387894,-0.0821288600564003,0.196290522813797,-0.20745804905891418,0.15564565360546112,0.40175944566726685,-0.27583158016204834,0.026010971516370773,-0.06743330508470535,-0.2345605343580246,0.2322051227092743,-0.420484721660614,0.11449134349822998,0.12824822962284088,0.01706618256866932,0.4674713611602783,0.004768074955791235,-0.5044006705284119,0.1214955598115921,-0.7523777484893799,0.27840104699134827,0.44605451822280884,-0.12791641056537628,0.17024962604045868,-0.22838270664215088,-0.20227989554405212,0.5172132253646851,0.10636299848556519,-0.009860968217253685,-0.03654780983924866,-0.10911358892917633,0.19514977931976318,0.7101463675498962,0.2070118486881256,0.3810725212097168,-0.04498075693845749,-0.023172181099653244,-0.12218236923217773,0.02440543845295906,-0.47460174560546875,0.08304400742053986,-0.3618152141571045,0.4882602095603943,0.10284410417079926,0.21878066658973694,0.43605032563209534,0.2639828026294708,0.8757888078689575,-0.009143970906734467,-0.02504296973347664,-0.2796954810619354,0.08875475823879242,0.09361465275287628,0.18489909172058105,0.2232019454240799,-0.24464137852191925,0.052305687218904495,-0.05836065486073494,-0.07645556330680847,0.04403310269117355,0.07047306001186371,0.016371525824069977,0.07623844593763351,0.31416162848472595,-0.13005636632442474,-0.14715293049812317,0.3511717915534973,-0.08896764367818832,-0.5915713310241699,-0.07285154610872269,-0.09090477973222733,0.18883657455444336,-0.07348737120628357,0.04254797473549843,-0.18604184687137604,0.3626582622528076,0.06545159965753555,0.20018140971660614,-0.1640539914369583,0.19920343160629272,0.23681530356407166,0.6956709623336792,-0.47182387113571167,0.24868956208229065,-0.0974959135055542,-0.20727205276489258,-0.148706316947937,-0.07026226818561554,-0.33217883110046387,-0.19455157220363617,-0.3387739658355713,-0.07101409137248993,-0.014423760585486889,-0.012187710031867027,0.22833561897277832,0.27829205989837646,0.056799404323101044,-0.10465242713689804,0.30936098098754883,-0.4510861337184906,-0.16091471910476685,0.49962490797042847,0.27380526065826416,-0.04988619685173035,0.7477291822433472,-0.09150306135416031,-0.21382220089435577,0.22349998354911804,0.06145785003900528,-0.09207586944103241,-0.1509484201669693,0.17355208098888397,0.1510937660932541,0.16363631188869476,-0.09209544956684113,-0.3898976743221283,0.16162076592445374,-0.08073471486568451,-0.10893414169549942,0.5340932607650757,-0.07072681933641434,-0.500984251499176,-0.5511086583137512,0.6583102941513062,-0.25330716371536255,0.012608778662979603,-0.17968793213367462,-0.7914973497390747,-0.11840794235467911,0.04517776146531105,0.014457250013947487,-0.770549476146698,0.1424626260995865,-0.4304390847682953,-0.12348480522632599,0.08119918406009674,-0.1154758483171463,0.6292278170585632,-0.5497867465019226,0.0003232528397347778,-0.18045441806316376,-0.21261020004749298,-0.1267506182193756,-0.5416387915611267,0.04318394139409065,0.3247162699699402,-0.02489458955824375,0.472669780254364,-0.07785394042730331,0.7425843477249146,-0.2667185366153717,-0.0768589973449707,0.37153536081314087,-0.14272302389144897,-0.3651321530342102,-0.023536568507552147,-0.3241022229194641,-0.3076075613498688,-0.0995546504855156,0.011287364177405834,0.7242003679275513,-0.08411180973052979,-0.36607545614242554,0.03626628220081329,-0.06804236769676208,-0.12804394960403442,0.16605190932750702,0.34656432271003723,-0.11858923733234406,0.42185792326927185,0.3080090880393982,-0.029139673337340355,0.370272159576416,-0.584568977355957,-0.15181419253349304,-0.22124068439006805,0.08420164883136749,0.057428598403930664,-0.06568153202533722,-0.21023401618003845,-0.02993881143629551,0.037193410098552704,-0.26298463344573975,0.6896656155586243,0.06064653396606445,-0.12474028766155243,-0.03057963028550148,-0.21079149842262268,0.06168268248438835,0.28658348321914673,0.08327434211969376,0.3699961006641388,-0.16872717440128326,0.030587580054998398,0.2688307464122772,-0.11249254643917084,-0.7595674395561218,-0.2585882842540741,-0.016719944775104523,-0.08632854372262955,0.054288286715745926,0.07729504257440567,-0.17901913821697235,-0.8407412767410278,0.32261285185813904,0.006554149091243744,-0.0114824790507555,0.04051368683576584,-0.10339059680700302,0.20364849269390106,-0.37370389699935913,-0.15345850586891174,-0.0933171808719635,-0.11597609519958496,-0.4236149787902832,0.00014663934416603297,-0.28525295853614807,-0.0762491449713707,0.2711927592754364,0.005964898969978094,0.11796550452709198,0.11187933385372162,-0.14915843307971954,0.2581629753112793,0.05296014994382858
CID006918453,1902,-0.09314591437578201,-0.2973273992538452,-0.7491182088851929,-0.0030448944307863712,0.4279155135154724,-0.18951383233070374,-0.07596661895513535,-0.5699967741966248,-0.15030711889266968,0.015187298879027367,0.42369556427001953,0.11462417989969254,-0.09501464664936066,0.11542634665966034,-0.006186727434396744,0.0025054216384887695,0.1541721373796463,-0.011087201535701752,-0.12153470516204834,0.0008982792496681213,-0.4113120436668396,0.21756859123706818,0.44655641913414,0.16723263263702393,-0.5138248205184937,-1.049538493156433,-0.490912526845932,0.1218423843383789,-0.003226460423320532,-0.07659342885017395,0.7852427959442139,0.08372946083545685,-0.03997645154595375,0.5477004647254944,-0.4247821867465973,0.26883211731910706,0.9018102884292603,-0.20512357354164124,0.011725448071956635,-0.1608005315065384,-0.25777843594551086,0.5756036639213562,-0.4824589192867279,-0.042155638337135315,-0.07106713950634003,-0.07931839674711227,0.6636435389518738,-0.3245437443256378,-0.6019884943962097,-0.13443493843078613,-0.4758416712284088,-0.018864814192056656,0.4213441014289856,-0.20527294278144836,0.44552332162857056,-0.27095597982406616,-0.3092896044254303,0.2976923882961273,0.093413345515728,-0.005984065122902393,-0.20839199423789978,-0.15543873608112335,0.06032194569706917,0.9532278180122375,0.036232832819223404,0.19781890511512756,-0.20487065613269806,-0.05282735824584961,0.04778076335787773,0.014677894301712513,-0.6054887175559998,0.284512460231781,-0.5758346319198608,0.620705246925354,0.060694336891174316,0.3211830258369446,0.6807200908660889,0.43490758538246155,0.2999557852745056,0.050901882350444794,0.011741945520043373,-0.2888471484184265,0.16644279658794403,-0.07631873339414597,-0.012485256418585777,0.42423805594444275,-0.1154630184173584,-0.230513334274292,-0.035289715975522995,0.08561891317367554,-0.28172558546066284,-0.0905420184135437,-0.0557672493159771,-0.018169984221458435,0.04317715764045715,-0.10884968191385269,-0.0939217209815979,0.2782242000102997,0.10371609032154083,-0.8390410542488098,-0.20458702743053436,-0.2799432873725891,0.22732433676719666,-0.08501722663640976,0.030851488932967186,-0.07850836217403412,1.0168347358703613,-0.18701964616775513,0.21911998093128204,-0.12714959681034088,-0.16816818714141846,-0.2047969102859497,0.17423635721206665,-0.295469731092453,0.09313696622848511,-0.302347332239151,-0.46801304817199707,0.16167670488357544,-0.009295332245528698,0.1385221928358078,-0.10044209659099579,-0.02386290207505226,-0.021612010896205902,0.07585848867893219,0.0654430016875267,0.07999713718891144,0.30024513602256775,-0.12671849131584167,-0.28108489513397217,0.35302525758743286,-0.792404294013977,-0.22922830283641815,0.33775466680526733,0.06299762427806854,0.06017550081014633,1.089181900024414,0.27274975180625916,-0.22296519577503204,0.30927568674087524,-0.12861773371696472,-0.1435735523700714,-0.2979605793952942,-0.0287015438079834,-0.009493714198470116,0.125657320022583,-0.05295981839299202,-0.14479292929172516,0.02184896543622017,0.17158596217632294,0.09437227249145508,0.24597887694835663,0.10519684851169586,-0.6555345058441162,-0.5878995656967163,0.585476815700531,-0.11225714534521103,0.22292423248291016,-0.06884433329105377,-0.4118868410587311,-0.05058175325393677,-0.06736981868743896,0.4426799714565277,-0.8681539297103882,0.2073170691728592,-0.319855272769928,0.06573016941547394,-0.01466232817620039,0.04151283949613571,0.5316265821456909,-0.45258980989456177,-0.14203187823295593,0.0115401241928339,-0.07904036343097687,-0.10714473575353622,-0.5793491005897522,-0.296227365732193,0.3558558225631714,0.013245266862213612,0.5006409883499146,0.22601711750030518,0.5703675746917725,-0.12464400380849838,-0.44594258069992065,0.629440426826477,-0.013296214863657951,-0.7522040605545044,-0.04546232521533966,0.0831962451338768,-0.5120291709899902,0.010040896944701672,-0.4639284014701843,0.9977716207504272,0.04765744507312775,-0.3350227475166321,0.2075924426317215,-0.04655403643846512,0.09945058822631836,0.006995400879532099,0.7453033924102783,-0.24568068981170654,0.4005734920501709,0.5293580293655396,-0.0577976293861866,0.2570539116859436,-0.33359211683273315,-0.25842422246932983,-0.1686999350786209,0.023564089089632034,-0.2991533875465393,-0.015014708042144775,0.14454951882362366,-0.07710732519626617,-0.13438911736011505,-0.24344567954540253,0.865345299243927,-0.033954933285713196,-0.02930029109120369,-0.22810764610767365,0.05788414552807808,0.22998781502246857,0.0815972238779068,-0.03398367017507553,-0.022452352568507195,-0.20801284909248352,-0.11961188167333603,0.04130994528532028,0.12272658199071884,-0.8047892451286316,-0.15190410614013672,-0.08528729528188705,-0.20718792080879211,0.044411756098270416,0.09372235089540482,-0.24224908649921417,-0.6041917204856873,-0.13146288692951202,0.1259179264307022,-0.22148504853248596,-0.059231601655483246,0.11346904933452606,0.8605682253837585,-0.20470988750457764,-0.11776220798492432,-0.31161123514175415,-0.17881134152412415,-0.24873638153076172,-0.044273003935813904,0.11236443370580673,0.0572916641831398,0.08757177740335464,0.052270155400037766,0.03260388225317001,-0.13448204100131989,-0.1467745304107666,0.26611071825027466,-0.003484356449916959
CID000003066,1931,0.1862800568342209,-0.33753064274787903,-0.8018206357955933,0.09417019784450531,0.2945173978805542,-0.2959116995334625,0.20613977313041687,-0.7706336379051208,-0.019542360678315163,-0.3599499464035034,0.7004424333572388,0.2547234892845154,-0.03666555508971214,0.021015862002968788,0.004049377981573343,0.2277226448059082,0.17384612560272217,0.05851813405752182,-0.09842511266469955,-0.03915349766612053,-0.12041212618350983,0.14906466007232666,0.28662005066871643,-0.006575676612555981,-1.0371983051300049,-0.8586887121200562,-0.5858393907546997,0.12897835671901703,0.16825313866138458,0.10374690592288971,0.8257406949996948,-0.13453620672225952,0.1788029968738556,0.30614039301872253,-0.12036962807178497,-0.19085684418678284,0.365173876285553,-0.021377846598625183,0.22790178656578064,-0.0567655973136425,0.07674947381019592,0.5031952857971191,-0.09819863736629486,-0.3892187476158142,-0.029019195586442947,0.04911176115274429,0.9185864329338074,-0.3020179867744446,-0.6350128054618835,0.04304378479719162,-0.9088379144668579,0.07156839966773987,0.4558905065059662,-0.15249550342559814,0.20997337996959686,-0.40221935510635376,0.052316974848508835,0.9913955926895142,-0.0829407125711441,0.08159275352954865,-0.174395352602005,-0.12955746054649353,-0.14375688135623932,0.5263018608093262,0.03560086339712143,0.41780519485473633,0.2350505292415619,-0.0378713384270668,-0.05758469179272652,0.1152457445859909,-0.29882746934890747,0.16574323177337646,-0.5778670907020569,0.426255464553833,-0.17414210736751556,0.17969322204589844,0.3075876533985138,0.17213580012321472,0.7941204905509949,0.0928855687379837,0.004194091074168682,-0.3348986804485321,-0.10538053512573242,-0.12061534821987152,0.22620311379432678,0.0936613529920578,-0.5699196457862854,-0.18565483391284943,-0.10956976562738419,-0.022928591817617416,-0.14726758003234863,-0.21018707752227783,-0.3006945252418518,0.24090830981731415,0.09652382135391235,0.21339073777198792,-0.004687845706939697,0.23442113399505615,0.0021710782311856747,-1.448744535446167,-0.16689255833625793,0.08890001475811005,-0.0701676607131958,-0.23731593787670135,0.11163413524627686,-0.018155526369810104,0.8777427673339844,0.08892017602920532,0.04614662379026413,0.05390822887420654,0.25953251123428345,0.1169692873954773,0.29215559363365173,-0.7943820357322693,0.09636281430721283,-0.2322109043598175,-0.13560980558395386,0.23292025923728943,0.1968565285205841,0.23182931542396545,-0.1177084892988205,-0.27272191643714905,0.1461610496044159,0.07819869369268417,0.2121552973985672,-0.08963948488235474,0.3622376322746277,-0.1251649707555771,-0.2638569176197052,0.3010333180427551,-0.6174361109733582,0.015598952770233154,0.3120401203632355,0.04473837465047836,-0.11750166118144989,0.7215220332145691,-0.06196870282292366,0.00834100041538477,0.38492077589035034,-0.4284248948097229,-0.051880620419979095,0.007967513054609299,0.08384188264608383,0.311874121427536,0.1292005479335785,0.21254071593284607,-0.24758616089820862,0.3762572705745697,-0.029772257432341576,-0.03727908432483673,0.7282522320747375,-0.11107274144887924,-0.438385009765625,-0.994097113609314,0.6554169058799744,0.17557759582996368,0.10994508117437363,0.24229910969734192,-0.4113330841064453,0.27326875925064087,-0.031239962205290794,-0.034243516623973846,-0.9141433835029602,-0.04319344460964203,-0.5217839479446411,0.05407334119081497,0.05320340394973755,0.029906809329986572,1.2667510509490967,-0.626015305519104,-0.20484796166419983,0.08328787237405777,0.0394832119345665,0.2739787697792053,-0.38505151867866516,-0.4191190302371979,0.2894705832004547,-0.108195461332798,0.5685039758682251,0.2243492603302002,0.3097624182701111,-0.2183510810136795,-0.12735311686992645,0.7823309302330017,-0.13823743164539337,-0.2137712985277176,-0.08618541061878204,-0.0004043683293275535,-0.24804675579071045,-0.3086549937725067,-0.4782639443874359,1.406905174255371,-0.07346785813570023,-0.053201477974653244,-0.15085695683956146,-0.25889652967453003,-0.14246246218681335,0.04944659397006035,1.2927216291427612,-0.3167036771774292,0.6621525287628174,0.36664706468582153,-0.038288794457912445,1.0706536769866943,-0.46262916922569275,0.3655986189842224,-0.3982173502445221,-0.07174645364284515,-0.2184371054172516,0.1341056525707245,-0.26836830377578735,0.01448455173522234,0.09122356027364731,-0.21662314236164093,0.6218777894973755,0.31518465280532837,-0.3426970839500427,-0.035904381424188614,-0.05568360537290573,0.04873868450522423,-0.03597812354564667,0.13512663543224335,0.008999606594443321,-0.4219287037849426,-0.11619874089956284,0.4293839931488037,0.14929600059986115,-0.29374656081199646,-0.14520537853240967,0.09874559938907623,0.13875535130500793,0.1529335081577301,0.3513318598270416,-0.19737839698791504,-0.6337332725524902,0.07429990917444229,0.06470458209514618,-0.022872496396303177,-0.21625487506389618,-0.06734386086463928,1.2269879579544067,-0.30198127031326294,0.021454334259033203,-0.4750521779060364,-0.10765816271305084,-0.512419581413269,-0.10622654110193253,0.021292494609951973,-0.011083489283919334,0.51341712474823,0.22233064472675323,0.050977565348148346,0.08018706738948822,-0.06687868386507034,0.3139801621437073,0.038958385586738586
CID000002637,1944,-0.08632127195596695,-0.5438735485076904,-0.971612274646759,0.19994917511940002,0.3780744969844818,-0.17400820553302765,0.23731371760368347,-0.44608211517333984,0.007531875278800726,-0.3721892833709717,0.3924008309841156,0.1337687075138092,0.07853030413389206,-0.3915262520313263,-0.011393291875720024,0.3056242763996124,1.4987026453018188,-0.07881054282188416,-0.4412640929222107,-0.17239944636821747,-0.08307944983243942,-0.07416337728500366,0.6864716410636902,-0.27184149622917175,-0.8857801556587219,-1.1515486240386963,-0.7245941162109375,0.017546309158205986,0.1715915948152542,0.12086325883865356,1.2867313623428345,-0.11653430759906769,0.1190943494439125,-0.18022195994853973,-0.1886466145515442,-0.34390416741371155,0.23179587721824646,-0.24617142975330353,0.1751202642917633,-0.38032227754592896,-0.6410089135169983,2.0428173542022705,-0.655087947845459,-0.448995441198349,0.09298042953014374,-0.19891533255577087,0.37777531147003174,-0.02016657032072544,-0.5420458316802979,0.02288372442126274,-0.4163946211338043,0.1660781055688858,0.053084827959537506,-0.4119010865688324,0.03534875065088272,-0.8826243281364441,-0.14860743284225464,0.597684919834137,-0.11797115951776505,0.15419025719165802,-0.18545857071876526,-0.14965251088142395,-0.08073040843009949,0.9229308366775513,-0.04883499816060066,0.07444813847541809,0.18078240752220154,0.15940916538238525,-0.10579042136669159,-0.25424256920814514,-1.1023714542388916,-0.05228579789400101,-0.7868359088897705,0.34491410851478577,0.02540554478764534,0.6759737730026245,1.4424372911453247,0.5598857998847961,0.3264526426792145,-0.01693556271493435,-0.16931366920471191,-0.3031696677207947,0.0014028415316715837,0.03706904500722885,0.02640228532254696,0.08355739712715149,-0.4033529758453369,-0.10629558563232422,-0.00621597096323967,0.3084523379802704,0.04521820694208145,-0.10294771194458008,-0.16901083290576935,0.10693801939487457,-0.15178020298480988,0.18331582844257355,-0.06776729971170425,0.4082018733024597,-0.2116292417049408,-0.7659129500389099,-0.026980269700288773,-0.19487814605236053,0.17657580971717834,-0.4823351502418518,-0.41108471155166626,-0.15525071322917938,0.9957378506660461,-0.05178661271929741,-0.1073966771364212,0.017826352268457413,0.15760615468025208,-0.38385558128356934,0.0635233074426651,-0.20955176651477814,0.1458863914012909,-0.48247233033180237,-0.42839670181274414,0.21077895164489746,-0.2081107795238495,0.383018434047699,-0.33778437972068787,-0.1451720893383026,-0.038719385862350464,0.0783810168504715,-0.138493150472641,0.012733501382172108,0.26367470622062683,0.2257363498210907,0.08686325699090958,0.470388799905777,-0.6870264410972595,-0.20015573501586914,0.33584704995155334,-0.03529715538024902,-0.21579046547412872,0.6179240345954895,-0.01644265092909336,0.2779011130332947,0.32606154680252075,0.06917466223239899,-0.2735190987586975,-0.2652074694633484,0.13879458606243134,0.4379449486732483,0.5291096568107605,0.21759681403636932,-0.3639000952243805,0.36594194173812866,0.0221275445073843,-0.2247193604707718,0.21693436801433563,-0.42963820695877075,-0.8103964924812317,-0.849349856376648,0.32522284984588623,0.0701388344168663,-0.1819901019334793,0.21191155910491943,-0.14848607778549194,-0.18686792254447937,-0.028853565454483032,-0.2583266794681549,-0.917040228843689,-0.12034819275140762,-0.9490402936935425,-0.28873008489608765,-0.2615995705127716,0.4690016210079193,0.4005722999572754,-0.048747867345809937,0.16221077740192413,-0.2621808648109436,-0.15792420506477356,-0.019238853827118874,-0.5487500429153442,0.04999806359410286,0.5354591012001038,0.05056117847561836,0.6490211486816406,0.27255186438560486,0.9220489263534546,-0.05537359043955803,-0.17068597674369812,0.34842991828918457,0.03283662348985672,-0.546821653842926,-0.2517057955265045,0.030150730162858963,-0.37725716829299927,-0.13658452033996582,-0.31090205907821655,0.9664663076400757,-0.1891002655029297,-0.4939432144165039,-0.12752167880535126,0.04219431430101395,0.16991522908210754,0.2351892739534378,0.32013946771621704,0.034609220921993256,0.26614314317703247,0.43738213181495667,-0.05633842200040817,-0.0547541007399559,0.005456526763737202,0.2668117880821228,-0.16133764386177063,0.19961905479431152,0.15004193782806396,-0.26494714617729187,0.5970790386199951,0.09909739345312119,0.14891570806503296,0.08355780690908432,0.7629731893539429,0.2504090964794159,0.06844043731689453,-0.1313067376613617,-0.05213819071650505,-0.055728424340486526,0.28357094526290894,0.3523081839084625,0.09298256039619446,-0.40259939432144165,0.004951900336891413,0.26881349086761475,-0.2943028211593628,-0.8481733202934265,0.08149884641170502,-0.2086801528930664,0.2289089411497116,0.3503943085670471,-0.2858765125274658,-0.23265735805034637,-0.5918838381767273,0.07119268923997879,-0.15963691473007202,0.1103193610906601,-0.07110771536827087,0.5098410844802856,1.4725542068481445,-0.484524667263031,-0.211917906999588,-0.4980928301811218,-0.05668235570192337,-0.2494676560163498,0.1275240182876587,-0.04867959022521973,-0.3909117579460144,0.13821856677532196,0.17504265904426575,-0.11495014280080795,0.3898627758026123,0.1471942663192749,0.10968810319900513,-0.08608175814151764
CID000042113,1956,0.010565054602921009,-0.20134420692920685,-0.46358269453048706,0.4298066198825836,0.531600296497345,0.028172943741083145,-0.20411333441734314,-0.9224058389663696,-0.19404229521751404,-0.20175966620445251,0.20902714133262634,0.137794628739357,-0.22675733268260956,-0.20403888821601868,-0.2072761058807373,-0.18261578679084778,0.6594640016555786,0.05605361983180046,-0.4505433440208435,-0.015036356635391712,-0.26059436798095703,-0.12429628521203995,0.7279000878334045,-0.06709850579500198,-1.1339086294174194,-0.6287034153938293,-0.37552064657211304,-0.13706327974796295,0.258022278547287,-0.19113710522651672,1.388427734375,0.018888819962739944,-0.2880995273590088,0.21942555904388428,-0.2063094824552536,0.030242037028074265,0.7377586960792542,-0.1741594523191452,-0.36635497212409973,0.02991136908531189,-0.6642048954963684,0.4399036765098572,-0.37234917283058167,-0.247329980134964,-0.038183774799108505,-0.15895482897758484,0.6516507863998413,0.41516947746276855,-0.4114595055580139,-0.003124278737232089,-0.597845196723938,0.4933597147464752,0.9271975755691528,-0.01626911200582981,0.380970299243927,-0.2714649736881256,-0.02948976494371891,0.7669440507888794,-0.1508980691432953,0.12431742995977402,-0.09370018541812897,0.32649967074394226,-0.09652826935052872,0.797637939453125,-0.009884878993034363,0.4355606436729431,0.23047271370887756,-0.11917285621166229,0.20601122081279755,-0.02194271795451641,-1.193000316619873,0.18942898511886597,-0.7409548163414001,0.2151680737733841,-0.2763548493385315,1.0936062335968018,0.24651339650154114,-0.12897484004497528,0.5773773193359375,-0.027453888207674026,-0.16673865914344788,-0.4944879114627838,-0.23018279671669006,0.01779799908399582,0.47216328978538513,0.3082699179649353,-0.5554226636886597,0.18334409594535828,-0.05398378521203995,0.37117108702659607,-0.167744979262352,0.38015395402908325,-0.144616037607193,-0.028600942343473434,0.22173254191875458,-0.18900008499622345,0.1440078467130661,0.4924160838127136,-0.1720786988735199,-1.1853199005126953,0.06161779910326004,-0.11032471805810928,-0.12590239942073822,-0.43393826484680176,0.06171508878469467,-0.37162986397743225,0.8482261896133423,-0.2821506857872009,0.020460253581404686,0.17960050702095032,0.06484214216470718,-0.0037742971908301115,0.4860564172267914,-0.5825909376144409,-0.030993342399597168,-0.149021178483963,-0.2767428457736969,-0.17451734840869904,0.028422391042113304,0.5155261754989624,-0.1865912228822708,-0.13885827362537384,0.2221418172121048,0.07855142652988434,0.1420207917690277,0.04006225988268852,0.4483223855495453,0.030516749247908592,-0.038339972496032715,0.21572236716747284,-0.6812544465065002,-0.32291388511657715,0.5263251662254333,-0.023682255297899246,0.23615017533302307,0.81260746717453,0.012736303731799126,0.187373086810112,0.406773179769516,0.0957672968506813,-0.10648906230926514,-0.14954417943954468,0.010330118238925934,-0.16416724026203156,-0.08705790340900421,-0.18864603340625763,-0.2902456820011139,0.35387787222862244,-0.008376538753509521,-0.4261186718940735,0.6012340188026428,-0.1665799617767334,-0.8730447888374329,-0.8874570727348328,0.8152855038642883,-0.04765218123793602,-0.08093360811471939,0.20805776119232178,-0.3055904507637024,0.029169362038373947,0.318942129611969,-0.048068463802337646,-1.1635997295379639,-0.004015839193016291,-0.5293673276901245,-0.33378833532333374,0.16352660953998566,-0.021991010755300522,0.4357641339302063,-0.49652987718582153,-0.5893653631210327,-0.25955504179000854,0.05551605671644211,-0.09378939121961594,-0.8864558935165405,0.3180254101753235,0.79643714427948,0.11388733237981796,0.6726393103599548,-0.06719279289245605,0.43457698822021484,-0.13265827298164368,-0.36653226613998413,1.1910345554351807,0.004250645637512207,-1.0996736288070679,-0.08298411965370178,-0.13822345435619354,-0.05402567237615585,0.3096640706062317,-0.372628778219223,0.47892647981643677,0.04752720519900322,-0.5574837923049927,-0.05826495960354805,-0.22747793793678284,0.090572290122509,-0.13238827884197235,0.24444904923439026,-0.14224237203598022,0.4415641725063324,-0.09142708033323288,-0.270882785320282,-0.22314973175525665,-0.7344639897346497,-0.35493022203445435,-0.13663962483406067,-0.07785554230213165,0.049556486308574677,-0.00434223422780633,-0.23870806396007538,-0.210262730717659,0.2408909797668457,-0.134643092751503,0.6190894246101379,0.10788609832525253,-0.07488090544939041,-0.33260995149612427,0.08081568777561188,-0.13210313022136688,0.27860739827156067,-0.22606554627418518,0.12257575988769531,-0.02527409791946411,0.19164879620075226,0.3257116675376892,0.12450041621923447,-0.6400359869003296,-0.03912350535392761,-0.09551423788070679,-0.06157012656331062,0.3589155972003937,0.09917186200618744,-0.30908092856407166,-0.8232007026672363,0.02500474825501442,0.0717189684510231,0.11166717112064362,-0.011349362321197987,0.12773314118385315,1.6382181644439697,-0.4593246579170227,0.21998091042041779,-0.39592236280441284,-0.11155964434146881,-0.458076536655426,-0.23555020987987518,0.15683294832706451,-0.10200969129800797,0.28579363226890564,0.16376493871212006,0.11625252664089203,-0.1844334900379181,-0.022316360846161842,0.27098435163497925,0.04682530090212822
CID000057537,1963,-0.08521179854869843,-0.1282864511013031,-0.5288445949554443,-0.03261708840727806,0.7514233589172363,-0.09743867814540863,-0.0484585203230381,-0.6254010200500488,-0.4808522164821625,-0.4368320405483246,0.5698080658912659,-0.0022881031036376953,-0.08329488337039948,-0.37495046854019165,-0.1560404747724533,0.38019314408302307,0.5696188807487488,-0.14762131869792938,-0.040552474558353424,0.7591341733932495,-0.3925781846046448,0.3311571478843689,0.7482019662857056,-0.028130391612648964,-0.5737200379371643,-0.8077786564826965,-0.07153525203466415,-0.23225291073322296,0.36946529150009155,-0.014997529797255993,1.9986921548843384,0.05685574933886528,-0.09493301063776016,0.06881604343652725,-0.8107401728630066,-0.07628455758094788,0.6992247104644775,-0.50082927942276,-0.012289518490433693,-0.040161192417144775,-1.1700519323349,0.5573124289512634,-0.30879247188568115,-0.11299006640911102,0.08532974869012833,-0.15145066380500793,0.8688807487487793,0.19323518872261047,-0.35120171308517456,-0.06791903078556061,-0.55222487449646,0.15631839632987976,0.5088847279548645,-0.007679295726120472,0.08543311059474945,-0.16497065126895905,0.07333804666996002,0.2702898383140564,-0.4201018214225769,-0.17528453469276428,0.03257359564304352,-0.4836842119693756,0.2674420475959778,0.9887378811836243,0.21970728039741516,0.3622850775718689,0.19963011145591736,-0.19289889931678772,0.04158288985490799,0.016217585653066635,-0.9660618901252747,0.072333924472332,-1.4688478708267212,0.26514166593551636,0.24020418524742126,0.03673062473535538,0.5598687529563904,0.15923893451690674,0.5203379392623901,0.26223039627075195,-0.20226049423217773,-0.1666404902935028,0.09102226048707962,-0.03329479694366455,0.3120180368423462,-0.037604279816150665,-0.9205746650695801,0.12980258464813232,0.010059839114546776,0.23780354857444763,0.11340129375457764,0.22301411628723145,-0.42230600118637085,0.15636800229549408,-0.0709465891122818,-0.1182442158460617,0.3296310305595398,0.20850226283073425,-0.07084712386131287,-0.9741851687431335,-0.5006952285766602,0.05301719903945923,0.1742989867925644,-0.22504942119121552,-0.08598081767559052,-0.34850040078163147,1.135527491569519,-0.1746818572282791,0.060182224959135056,-0.13311564922332764,-0.2880573868751526,0.04581085592508316,0.6091527342796326,-0.38438254594802856,0.2521926760673523,-0.39089611172676086,-0.1302313357591629,0.10054197162389755,0.048647232353687286,0.47463807463645935,-0.5024719834327698,-0.323589026927948,-0.0352519229054451,0.15548120439052582,-0.09291647374629974,0.0235727671533823,0.22334060072898865,0.032940562814474106,0.0023297667503356934,0.3748140335083008,-1.131815791130066,-0.1469269096851349,0.5526143312454224,-0.029518598690629005,-0.028041863813996315,0.8991321325302124,0.4704766869544983,-0.14657850563526154,0.4478064179420471,0.07209597527980804,0.36935076117515564,-0.3526618182659149,-0.07533220201730728,0.08112086355686188,0.0018071472877636552,0.2136855572462082,-0.010021353140473366,-0.2867547571659088,0.37803107500076294,-0.1145699992775917,0.28967157006263733,-0.1838052123785019,-1.2155948877334595,-1.2657610177993774,1.122747540473938,-0.274663507938385,-0.2565760910511017,0.11109583079814911,-0.09518897533416748,0.26309242844581604,0.06367291510105133,0.01396171748638153,-0.9418319463729858,-0.040921133011579514,-0.6812357306480408,-0.22969388961791992,0.2575240731239319,-0.19878898561000824,0.3323846757411957,-0.5283060073852539,-0.7212509512901306,0.18584898114204407,-0.08457444608211517,0.07414589077234268,-0.6992524862289429,0.23081310093402863,0.8974822163581848,-0.2861079275608063,0.5781158208847046,0.3939855694770813,0.49544113874435425,-0.1563742458820343,-0.24247603118419647,0.5309725999832153,0.20418623089790344,-1.0050331354141235,-0.6413173675537109,-0.40203627943992615,-0.21941204369068146,-0.346065878868103,-0.18873533606529236,0.9872883558273315,-0.23597128689289093,-0.7293552160263062,-0.0966021940112114,-0.10440202802419662,0.0968417376279831,-0.1715940535068512,0.3078663647174835,-0.21347558498382568,0.2891347110271454,-0.06646265089511871,0.24138371646404266,0.18255464732646942,-0.4840325713157654,-0.2840578258037567,-0.34497958421707153,0.02618061564862728,0.2753618657588959,-0.03980821371078491,0.1303790658712387,0.06591840088367462,0.11635063588619232,-0.26459482312202454,0.44294553995132446,-0.051898688077926636,-0.3119969367980957,-0.23089978098869324,-0.23293443024158478,0.05904799699783325,0.28557151556015015,-0.061010729521512985,0.14258794486522675,0.12770596146583557,0.4408362805843353,0.36703068017959595,-0.12659615278244019,-0.8884553909301758,-0.30174025893211365,0.06936122477054596,-0.03836453706026077,0.26073941588401794,-0.028273841366171837,-0.4159068465232849,-0.8102612495422363,0.031096678227186203,0.05545102432370186,-0.05261174961924553,0.367015540599823,0.09270021319389343,0.7250504493713379,-0.35531729459762573,-0.35008177161216736,-0.5080446004867554,-0.2350560426712036,-0.3159748911857605,0.047304682433605194,-0.11033646762371063,-0.2976384460926056,0.5257164835929871,0.008051782846450806,-0.19987595081329346,-0.23246487975120544,0.20375101268291473,0.27506643533706665,0.0732179507613182
CID000002019,1969,0.29089730978012085,-0.27016112208366394,-0.6850120425224304,0.04418043792247772,0.17414185404777527,-0.3351212739944458,0.15122678875923157,-0.6633123159408569,-0.000439392781117931,-0.4835658669471741,0.5209569334983826,0.06219973415136337,-0.2103666365146637,-0.12144037336111069,-0.12990465760231018,0.3513920307159424,-0.007585573010146618,0.04899046942591667,-0.3177042007446289,0.09781103581190109,-0.1551351249217987,-0.02018730714917183,0.27129319310188293,-0.19007980823516846,-1.1764408349990845,-0.9409775733947754,-0.3198595643043518,-0.08101582527160645,0.23204295337200165,-0.15746156871318817,0.948388397693634,0.05566009134054184,0.14235128462314606,0.2259686291217804,-0.3022688627243042,-0.0403079017996788,0.17929086089134216,0.13957133889198303,0.005768082104623318,-0.0435343012213707,0.039144616574048996,0.4289624094963074,-0.2573951780796051,-0.11680853366851807,-0.012044185772538185,-0.043767642229795456,0.9256637692451477,-0.3069778084754944,-0.533528745174408,0.23118552565574646,-0.8611541986465454,-0.23125290870666504,0.4044733941555023,-0.11811785399913788,-0.005479247774928808,-0.253105103969574,0.02716798521578312,0.8130891919136047,-0.0711311548948288,-0.012089206837117672,-0.2055542916059494,0.17080071568489075,-0.15520593523979187,0.4296647012233734,0.20059244334697723,0.4495454430580139,0.3389074206352234,-0.18270891904830933,0.026656895875930786,0.06819796562194824,-0.6447244882583618,-0.008261770009994507,-0.43558287620544434,0.4913496971130371,-0.13561475276947021,0.15085336565971375,0.3782769739627838,0.16709615290164948,0.7261843681335449,0.2510860562324524,-0.08481287956237793,-0.33061036467552185,0.07527649402618408,0.046919576823711395,0.19626295566558838,0.05045361444354057,-0.798897385597229,-0.03958403319120407,-0.030362168326973915,0.3001578748226166,-0.3454919755458832,-0.22125351428985596,-0.2734489142894745,0.09874064475297928,0.025166844949126244,0.1216115802526474,-0.019260874018073082,0.12443790584802628,0.02731228806078434,-1.3966975212097168,-0.10832319408655167,0.20170378684997559,-0.1519671529531479,-0.2191043198108673,0.09112969040870667,0.04653563350439072,0.732974112033844,0.03435540199279785,-0.12965501844882965,0.053394101560115814,0.24062319099903107,0.0783236026763916,0.23602041602134705,-0.7370399832725525,0.16577380895614624,-0.34298819303512573,-0.17055267095565796,0.08892233669757843,0.2964494526386261,0.3539678752422333,-0.14674782752990723,-0.3477914035320282,-0.2162162810564041,0.06866412609815598,0.0626453384757042,0.05915193632245064,0.1391984522342682,0.036920323967933655,-0.22977466881275177,0.21582236886024475,-0.45740169286727905,-0.09001260995864868,0.12121983617544174,0.1572054624557495,-0.047024551779031754,0.5128485560417175,-0.13397671282291412,-0.15888167917728424,0.3921317160129547,-0.1523837000131607,0.03680010885000229,-0.03724396973848343,0.19940993189811707,0.2804449200630188,0.1515597403049469,0.04654466360807419,-0.3811923861503601,0.3121030330657959,0.13728202879428864,-0.1900973618030548,0.6996269822120667,-0.2974119484424591,-0.5624763369560242,-0.9615713357925415,0.737045168876648,0.14077289402484894,-0.022228766232728958,0.2006380259990692,-0.5718312859535217,0.12391521781682968,-0.0014490082394331694,-0.04799878969788551,-1.1259491443634033,0.1048738956451416,-0.5462587475776672,0.09535808861255646,0.07543410360813141,0.038437485694885254,1.1898620128631592,-0.6501142978668213,-0.25947892665863037,0.08177889883518219,-0.05035081505775452,0.17885956168174744,-0.4298773407936096,-0.47697263956069946,0.3042418956756592,-0.11905314773321152,0.47182145714759827,0.5488135814666748,0.3762243688106537,-0.1244552955031395,-0.000996003276668489,0.8652944564819336,-0.13291732966899872,-0.3593311309814453,-0.26806166768074036,-0.08980578184127808,-0.17848172783851624,-0.14448198676109314,-0.50023353099823,1.2415165901184082,-0.14799602329730988,-0.07325371354818344,-0.18200716376304626,-0.16873569786548615,-0.22641591727733612,0.0763758197426796,1.0714315176010132,-0.05297856777906418,0.5884082913398743,0.3405776619911194,0.05528820678591728,0.791450023651123,-0.5148886442184448,0.23768480122089386,-0.46538859605789185,0.12783414125442505,0.08203814178705215,0.02612651325762272,-0.11727865785360336,0.02821962907910347,-0.06363648176193237,-0.07768771052360535,0.5057929158210754,0.19469663500785828,-0.2882238030433655,-0.3072786033153534,0.02150813117623329,-0.030404236167669296,0.12359900772571564,0.06592468172311783,0.0008558899280615151,-0.24850614368915558,-0.12876589596271515,0.311909019947052,0.0464877150952816,-0.5927411317825317,-0.09906340390443802,0.18621288239955902,0.14175984263420105,0.10754767805337906,0.498800128698349,-0.12919621169567108,-0.7052358388900757,0.012848800048232079,-0.04291892051696777,-0.04687181115150452,-0.2724531292915344,-0.1700933277606964,1.2636432647705078,-0.28733888268470764,-0.021648570895195007,-0.40167349576950073,-0.13965237140655518,-0.6574482917785645,-0.16280512511730194,-0.09893381595611572,-0.03619219735264778,0.3998846709728241,0.07127007097005844,0.0732562392950058,0.2568219006061554,-0.19270674884319305,0.47674503922462463,0.0075777871534228325
CID000444013,2003,0.33549267053604126,-0.23553617298603058,-0.8909249305725098,0.07315906882286072,0.6664149761199951,0.09193851053714752,-0.21200737357139587,-1.2695084810256958,-0.2895333170890808,-0.06891115009784698,0.14651384949684143,0.355217844247818,-0.13855762779712677,-0.11021187156438828,-0.0032467483542859554,0.10503754764795303,0.25110673904418945,-0.3101962208747864,-0.3696892261505127,-0.13953404128551483,-0.23836176097393036,0.18424180150032043,0.48221078515052795,0.20118992030620575,-0.9895915985107422,-0.9869368672370911,-0.7513095140457153,0.0057519166730344296,-0.009733349084854126,-0.5572382211685181,1.0817493200302124,-0.08293323218822479,-0.04700816422700882,0.6189242601394653,-0.5543593168258667,0.2039610892534256,1.3049798011779785,-0.145797997713089,-0.08104975521564484,0.05803229287266731,-0.587365984916687,0.567287802696228,-0.31413134932518005,0.025667008012533188,-0.02898692525923252,-0.19545842707157135,0.7370244264602661,-0.21347293257713318,-0.2698438763618469,0.022924717515707016,-0.8709518313407898,0.2547919750213623,0.24905984103679657,0.12461279332637787,0.15250064432621002,-0.10060597956180573,-0.06185692548751831,0.8262554407119751,0.26749226450920105,0.12784259021282196,-0.3624538779258728,-0.05923888832330704,0.16092459857463837,1.085526466369629,0.06935140490531921,0.29380887746810913,-0.27753251791000366,-0.33101576566696167,-0.09045476466417313,0.09042330086231232,-0.649482250213623,0.48667511343955994,-0.9319291114807129,0.32864999771118164,0.1002989262342453,0.11083368957042694,0.8886400461196899,0.34223490953445435,0.8416616320610046,0.08473561704158783,-0.17903360724449158,-0.7751421928405762,0.15658722817897797,-0.25940945744514465,-0.25101083517074585,0.22810736298561096,-0.423666387796402,-0.6567903161048889,0.10485973209142685,0.35782939195632935,-0.12323983013629913,-0.11224023252725601,-0.2368333637714386,-0.17060232162475586,-0.16188940405845642,-0.37112265825271606,0.0379590280354023,0.2880721092224121,-0.12852463126182556,-1.242863655090332,-0.021800901740789413,-0.3631390631198883,0.00767787080258131,-0.0825282409787178,0.11283168941736221,-0.08689890801906586,1.2639081478118896,-0.29937323927879333,0.10311617702245712,-0.3327368199825287,0.2528679668903351,-0.030882421880960464,0.2895546555519104,-0.4076859951019287,0.42756327986717224,-0.2746802270412445,-0.8894535303115845,0.013211029581725597,0.007698681205511093,0.4029623568058014,-0.3416115939617157,-0.4532035291194916,0.2862124741077423,-0.01222795806825161,0.03647119924426079,-0.12701328098773956,0.4978957772254944,-0.32838553190231323,-0.05452787131071091,0.32179221510887146,-0.9281395077705383,-0.09662832319736481,0.5110438466072083,0.21801349520683289,0.005493795964866877,0.6690994501113892,0.3501812815666199,0.1831384003162384,0.3823079764842987,-0.5194965600967407,-0.09668803960084915,-0.0693739727139473,0.1617666631937027,0.20121712982654572,-0.05615098401904106,0.28546324372291565,-0.21249675750732422,0.31035125255584717,0.01497242134064436,-0.08360431343317032,0.49810904264450073,-0.010274347849190235,-0.6457923054695129,-1.0714092254638672,0.7759969830513,-0.23431475460529327,0.09183929860591888,0.23634052276611328,-0.6882665753364563,0.06769868731498718,0.14257057011127472,0.3644588589668274,-1.2028610706329346,0.00923160184174776,-0.46898025274276733,-0.33305391669273376,0.10363827645778656,-0.13492652773857117,0.587421715259552,-0.7141894102096558,0.0016482293140143156,0.07871173322200775,-0.07593892514705658,-0.010227669961750507,-0.9530522227287292,-0.3681827187538147,1.5197750329971313,0.013694864697754383,0.40650027990341187,-0.18022949993610382,0.48279672861099243,-0.251444935798645,-0.16429707407951355,1.0944904088974,0.11415459960699081,-0.7894652485847473,0.17046180367469788,-0.020707592368125916,-0.6905031204223633,0.15116925537586212,-0.3728023171424866,1.3551298379898071,-0.01562587544322014,-0.423665851354599,0.14779672026634216,-0.3205949664115906,-0.01290748082101345,-0.06954817473888397,1.0030016899108887,-0.33866429328918457,0.8286717534065247,-0.054248787462711334,0.042800478637218475,0.45237094163894653,-0.24084150791168213,0.14076931774616241,-0.022014010697603226,-0.06102181226015091,-0.11023086309432983,0.017646461725234985,-0.055222369730472565,-0.2638886570930481,-0.36645784974098206,-0.2174675017595291,0.9496092796325684,0.5122562050819397,-0.016353998333215714,-0.23359990119934082,-0.2844264507293701,-0.04490901902318001,-0.15480592846870422,-0.010315281338989735,-0.0290983859449625,0.2768844962120056,0.00451688002794981,0.1485883891582489,-0.16812938451766968,-1.0313801765441895,-0.22842741012573242,-0.22484561800956726,-0.05506613105535507,0.0588083490729332,-0.04897307604551315,-0.03534878045320511,-0.6399996876716614,0.2282000035047531,0.003338518785312772,0.006302024237811565,0.018422329798340797,0.060068439692258835,1.725857138633728,-0.1870855987071991,-0.09933660179376602,-0.3496912121772766,-0.05306779220700264,-0.37779712677001953,-0.0005971848731860518,0.4630971848964691,-0.5426028966903687,0.22708582878112793,0.35562512278556824,-0.07853055000305176,-0.003257113741710782,0.05413294583559036,0.4094722270965576,0.3315747082233429
CID000060787,2014,0.30109161138534546,-0.2746189534664154,-0.7030853033065796,-0.2377951592206955,0.46523135900497437,-0.14844323694705963,-0.01309305988252163,-0.8296136856079102,0.08982472121715546,-0.3503095507621765,0.5171260237693787,0.0816824808716774,-0.02040930464863777,0.14579801261425018,0.16768908500671387,0.4194455146789551,0.2848018407821655,-0.0189965907484293,-0.35100147128105164,-0.1305028200149536,-0.1483820527791977,0.005171412136405706,0.4181380271911621,-0.08702220022678375,-1.129149079322815,-0.8152230978012085,-0.5261929631233215,-0.29758220911026,0.3468630909919739,0.2361239492893219,0.9719845056533813,0.031730297952890396,0.2002728283405304,0.17941346764564514,-0.632027268409729,-0.08248045295476913,0.4277612268924713,0.1788385510444641,0.04617192596197128,0.03364592045545578,0.1305893361568451,0.37119144201278687,-0.17695465683937073,-0.24545817077159882,0.06491917371749878,-0.2115796059370041,0.9452877044677734,-0.29492443799972534,-0.9068266153335571,-0.019779300317168236,-1.0826694965362549,-0.103249192237854,0.785933792591095,-0.1657772660255432,-0.03692752867937088,-0.19488421082496643,0.05143006891012192,0.9929924011230469,0.1739957183599472,-0.11656123399734497,-0.14511993527412415,0.010527580976486206,-0.005524247884750366,0.4352208971977234,-0.021935995668172836,0.5758636593818665,0.17778493463993073,-0.08753637224435806,-0.2118872106075287,-0.09710203111171722,-0.2545975148677826,0.2884499728679657,-0.40036338567733765,0.20051224529743195,-0.29436761140823364,-0.00025976597680710256,0.26569777727127075,-0.11241190135478973,0.6427083611488342,0.062097690999507904,-0.0763310119509697,-0.542965292930603,0.22294144332408905,0.11977960169315338,0.10232116281986237,0.1389012187719345,-0.8032422065734863,-0.17082928121089935,-0.33755728602409363,0.19358043372631073,-0.21428337693214417,-0.16324076056480408,-0.32611000537872314,0.08219952881336212,-0.09045769274234772,0.06798198819160461,0.021510066464543343,0.11106225103139877,-0.03650542348623276,-1.6343368291854858,-0.43443650007247925,0.18233375251293182,0.21140940487384796,-0.16678030788898468,0.1123698353767395,-0.2480504810810089,0.6554884314537048,-0.23418839275836945,0.04891737550497055,-0.05448484420776367,0.18754485249519348,0.0020815252792090178,0.43077975511550903,-0.9008845090866089,0.11710076034069061,-0.17199042439460754,-0.2676926255226135,0.24389760196208954,0.35031962394714355,0.023889103904366493,-0.08511130511760712,-0.4068213999271393,-0.02409728802740574,0.15111148357391357,0.17624911665916443,0.013504570350050926,0.34354251623153687,-0.14967232942581177,-0.21267792582511902,0.38981327414512634,-0.7852367162704468,0.3281792998313904,0.43734246492385864,0.17999374866485596,0.034685809165239334,0.66202712059021,-0.09434128552675247,-0.07837153971195221,0.5130063891410828,-0.12774653732776642,-0.08094386756420135,0.2598165273666382,0.196735680103302,0.49317240715026855,-0.03888236731290817,0.0841263085603714,-0.48099732398986816,0.44669610261917114,0.0018658519256860018,-0.3038245439529419,0.8420899510383606,-0.26458340883255005,-0.5562498569488525,-0.8692501783370972,0.811562180519104,-0.14731720089912415,0.0327623188495636,0.013186615891754627,-0.5648153424263,0.231889009475708,0.01451947819441557,0.05100715905427933,-0.8811993598937988,-0.05220922827720642,-0.5349391102790833,-0.015400792472064495,0.11786101758480072,0.039981015026569366,1.2336674928665161,-0.5735795497894287,-0.2650429606437683,-0.19438894093036652,0.25397562980651855,0.2037268579006195,-0.4759353995323181,-0.30339962244033813,0.08808258920907974,0.001090124249458313,0.44265612959861755,0.3678287863731384,0.33221235871315,-0.07776210457086563,-0.05313108488917351,1.160599946975708,-0.03023710288107395,-0.4372701048851013,0.03533805161714554,-0.10681843757629395,-0.33273640275001526,-0.25945165753364563,-0.37843289971351624,1.3664106130599976,0.06451638042926788,-0.2449934184551239,-0.06655657291412354,-0.11401591449975967,-0.2849937677383423,0.08606167882680893,1.3786760568618774,-0.307273805141449,0.694060742855072,0.18165050446987152,-0.12253493070602417,1.0877602100372314,-0.5034157037734985,0.03627150505781174,-0.3563956916332245,0.030672896653413773,-0.05664948746562004,0.22066223621368408,-0.1040470227599144,0.013169465586543083,0.00833089929074049,-0.1615353375673294,0.3677905797958374,0.3712392747402191,-0.6022564768791199,-0.3173449635505676,0.05598381906747818,-0.0697808712720871,0.1721191704273224,0.08300177752971649,-0.16845473647117615,-0.21868880093097687,-0.07684053480625153,0.31460729241371155,0.0638599768280983,-0.42433348298072815,-0.23926790058612823,0.07984714955091476,0.03565625473856926,-0.03341376781463623,0.37958595156669617,-0.17476150393486023,-0.9879867434501648,0.1450195461511612,-0.046001892536878586,-0.19248457252979279,-0.14773640036582947,-0.20680026710033417,1.3418253660202026,-0.28617724776268005,-0.019733930006623268,-0.3242766261100769,0.05542069673538208,-0.31688347458839417,-0.09453980624675751,-0.3043597638607025,0.126569926738739,0.5485268831253052,-0.0338040366768837,-0.06609927117824554,0.05952963978052139,-0.0725182294845581,0.279087632894516,0.2577225863933563
CID000002719,2018,0.0013932049041613936,-0.33309847116470337,-0.6051802635192871,0.18070200085639954,0.38716983795166016,-0.08089782297611237,-0.19795601069927216,-0.4568498134613037,-0.30940723419189453,0.06001655384898186,0.17368470132350922,0.0926421508193016,-0.05347428843379021,0.05611710622906685,-0.05561200901865959,0.12258364260196686,0.22967486083507538,0.146546870470047,-0.08763642609119415,0.2750108242034912,-0.11092410981655121,-0.022726796567440033,0.46689119935035706,-0.012159015983343124,-0.2552204430103302,-0.711877703666687,-0.5944992899894714,0.1837424486875534,0.06303898990154266,-0.028707807883620262,0.6443444490432739,0.1784893274307251,-0.09477202594280243,0.47146764397621155,-0.08568420261144638,0.10319668054580688,0.8842752575874329,-0.08664177358150482,0.10162558406591415,0.1902083158493042,0.1320519894361496,0.3148975968360901,-0.446225643157959,0.010327242314815521,-0.065870001912117,-0.07160406559705734,0.565699577331543,-0.23231394588947296,-0.5103802680969238,-0.041496049612760544,-0.5186432003974915,0.142022967338562,0.3770830035209656,-0.28188472986221313,0.3408457934856415,-0.2884816825389862,-0.327070415019989,0.6152147054672241,0.029973182827234268,-0.11253124475479126,-0.07039113342761993,-0.21139773726463318,0.09702242165803909,0.5927556753158569,0.13127532601356506,0.2377455234527588,-0.27177590131759644,-0.08672861754894257,0.06211049482226372,0.11049779504537582,-0.5925629734992981,0.11241495609283447,-0.6581716537475586,0.5878145098686218,0.10709875822067261,0.15562774240970612,0.4204539358615875,0.14334896206855774,0.5978080034255981,0.06934120506048203,-0.06803299486637115,-0.17498838901519775,0.19288554787635803,-0.17565079033374786,0.01822664961218834,0.31156182289123535,-0.17828457057476044,-0.08716525137424469,-0.12497003376483917,0.12284021079540253,-0.19286060333251953,-0.04959634318947792,-0.08811076730489731,0.052856188267469406,0.19432227313518524,0.022550290450453758,-0.09611904621124268,0.14083269238471985,-0.03385515883564949,-0.7444220781326294,-0.12408377230167389,-0.13928237557411194,0.13161449134349823,0.010954474098980427,0.1876615285873413,-0.008247599005699158,0.8548385500907898,-0.026168514043092728,0.30875784158706665,-0.14340004324913025,0.023842304944992065,0.08626018464565277,0.22612378001213074,-0.1773216724395752,0.2143697738647461,-0.4008491635322571,-0.3873041272163391,0.05501992255449295,0.001200008438900113,0.12703442573547363,-0.17050425708293915,-0.38828641176223755,0.05752909928560257,0.06410768628120422,-0.05304987356066704,0.07122752815485,0.1478593647480011,-0.08631950616836548,-0.2460346668958664,0.23599176108837128,-0.5868471264839172,-0.38957175612449646,0.31105953454971313,0.10054954141378403,0.10786855220794678,0.7485649585723877,0.18433330953121185,-0.14879222214221954,0.2116982638835907,-0.11170989274978638,-0.1116204485297203,-0.13882189989089966,-0.04080416262149811,0.08406837284564972,0.11937137693166733,0.0038269043434411287,-0.21970298886299133,-0.05263057351112366,-0.07510387897491455,-0.12989316880702972,0.24561455845832825,-0.06000741571187973,-0.5103081464767456,-0.5075932145118713,0.4357486665248871,-0.10313286632299423,0.30109184980392456,0.09066681563854218,-0.38138359785079956,-0.1711059957742691,0.00493945786729455,0.2662300169467926,-0.9023860692977905,-0.01261535007506609,-0.3545484244823456,0.1146465539932251,0.02297934889793396,-0.23779098689556122,0.8441499471664429,-0.45141759514808655,-0.16069534420967102,-0.10457780212163925,-0.017894383519887924,-0.059825848788022995,-0.4964032769203186,-0.2394501268863678,0.3191891014575958,0.019100680947303772,0.42234739661216736,-0.041949182748794556,0.6065698862075806,-0.13390786945819855,-0.23334836959838867,0.4550625681877136,-0.12563247978687286,-0.38945168256759644,-0.1119416356086731,-0.15937653183937073,-0.23917421698570251,-0.1347953975200653,-0.30746591091156006,0.9161257743835449,-0.10976359993219376,-0.4144372045993805,0.13170497119426727,-0.04920690134167671,0.016181036829948425,0.1727212369441986,0.4438284933567047,-0.10191373527050018,0.1890496164560318,0.4087914526462555,-0.09255600720643997,0.3267049491405487,-0.5113447308540344,-0.32091718912124634,-0.13995814323425293,0.10265761613845825,-0.1990336924791336,-0.20882901549339294,-0.1970783919095993,-0.07195447385311127,-0.09297339618206024,-0.26162680983543396,0.6492483615875244,-0.045595038682222366,-0.12026166915893555,-0.20924392342567444,-0.02941267564892769,0.1772480309009552,0.2349463254213333,0.07546446472406387,0.2296493798494339,-0.14570628106594086,0.19327254593372345,0.05491452291607857,-0.015007329173386097,-0.5668197870254517,-0.25499799847602844,-0.08206893503665924,-0.19179770350456238,0.18421031534671783,0.01919224113225937,-0.17018885910511017,-0.5373194217681885,0.1841040700674057,0.2179800271987915,-0.21474559605121613,-0.05629243329167366,-0.010977348312735558,0.5683695077896118,-0.2959079146385193,0.059352535754442215,-0.27798813581466675,-0.01322791539132595,-0.22463810443878174,-0.05348899960517883,0.2043481320142746,-0.012867385521531105,0.24177901446819305,0.15124483406543732,0.0921383947134018,0.274352490901947,-0.12793558835983276,0.22121167182922363,0.18176428973674774
CID000009052,2034,0.060358621180057526,-0.18076252937316895,-0.4847017228603363,-0.15124252438545227,0.3272436261177063,-0.2795097529888153,-0.15099915862083435,-0.5767722725868225,-0.26677897572517395,0.06562002003192902,0.38334423303604126,-0.015172714367508888,-0.04674146696925163,-0.09119628369808197,-0.041559848934412,0.41450944542884827,0.20776839554309845,0.04611601680517197,-0.10918779671192169,0.11110029369592667,-0.16220244765281677,-0.04007875546813011,0.43195217847824097,0.04017876833677292,-0.4193630814552307,-0.7467079758644104,-0.44507288932800293,-0.13737770915031433,0.1110590472817421,0.1581868678331375,0.49765196442604065,0.1565418690443039,-0.07504060119390488,0.39101642370224,-0.26010698080062866,-0.05430949851870537,0.5011246204376221,-0.20517289638519287,0.04952092468738556,0.03018888272345066,-0.11089323461055756,0.30431365966796875,-0.230472132563591,-0.09922348707914352,-0.05277230218052864,0.07417847961187363,0.6888264417648315,-0.12577733397483826,-0.5425931811332703,-0.02245910093188286,-0.5724086165428162,0.06766517460346222,0.3953431248664856,-0.18496744334697723,-0.002271973993629217,-0.32166042923927307,-0.12371611595153809,0.6762979030609131,-0.13563144207000732,-0.09174054861068726,0.014674362726509571,-0.24220481514930725,0.04108038172125816,0.59840989112854,0.1781301200389862,0.29190248250961304,-0.10954074561595917,-0.012328138574957848,-0.050737250596284866,0.09735134989023209,-0.5261107683181763,0.2282802313566208,-0.40415555238723755,0.5455094575881958,-0.08259820193052292,0.22113001346588135,0.31296461820602417,0.3271214962005615,0.48185157775878906,-0.07036789506673813,-0.03444194793701172,-0.2413894236087799,0.1355268359184265,-0.04662976413965225,0.35537949204444885,0.33301275968551636,-0.15493038296699524,-0.05365613102912903,-0.16195589303970337,0.044265881180763245,-0.0546753890812397,-0.13404592871665955,-0.08617590367794037,0.16110143065452576,0.14159846305847168,-0.10445807129144669,-0.19366487860679626,0.2491270750761032,0.055111538618803024,-0.6521776914596558,-0.007267189212143421,-0.25283753871917725,0.1492810994386673,-0.07147251069545746,0.019747603684663773,-0.14733217656612396,0.7745135426521301,0.04466011002659798,0.32720813155174255,-0.05750536918640137,0.0002980351564474404,0.07450030744075775,0.2267352044582367,-0.3102157711982727,0.1895788311958313,-0.1688041090965271,-0.29871341586112976,0.08450470119714737,-0.1262049525976181,-0.06128945201635361,-0.17877577245235443,-0.28689080476760864,-0.006842261645942926,0.07067795842885971,-0.044239871203899384,0.14809788763523102,0.17465494573116302,0.094269759953022,-0.25673431158065796,0.15590254962444305,-0.6361861228942871,-0.01318593043833971,0.34914737939834595,0.15326173603534698,0.10707081854343414,0.684813380241394,0.22905497252941132,-0.15046285092830658,0.26931869983673096,0.01259921956807375,-0.13855506479740143,-0.23798012733459473,0.19070850312709808,0.45545482635498047,0.15654636919498444,-0.005917072296142578,-0.31140902638435364,-0.02253694459795952,0.08166664093732834,-0.07723645865917206,0.394336998462677,-0.1254725158214569,-0.5629777908325195,-0.6155164837837219,0.35914888978004456,-0.22530953586101532,0.24299517273902893,-0.10912046581506729,-0.3956649899482727,-0.08764363080263138,-0.14721648395061493,-0.00037833303213119507,-0.6839971542358398,-0.01445903442800045,-0.4491696357727051,-0.047553930431604385,-0.07217138260602951,-0.03899171203374863,0.6099491715431213,-0.5730545520782471,-0.23651175200939178,-0.15968362987041473,-0.04464053362607956,-0.14021657407283783,-0.5277572870254517,-0.12039248645305634,0.30069270730018616,0.20957203209400177,0.5565120577812195,-0.030792247503995895,0.4860183596611023,-0.20580077171325684,0.025991380214691162,0.371994286775589,0.016594048589468002,-0.4083298146724701,-0.06590626388788223,-0.2471027374267578,-0.055504538118839264,-0.08981704711914062,-0.4169160723686218,1.024256944656372,-0.028004106134176254,-0.3388839662075043,0.046687521040439606,-0.12018618732690811,-0.1409197449684143,0.019458627328276634,0.5474318265914917,-0.2079961597919464,0.4676346778869629,0.460944265127182,-0.13985170423984528,0.33079463243484497,-0.44844740629196167,-0.19918698072433472,-0.19170382618904114,-0.03548143059015274,-0.09291563928127289,-0.1499072164297104,0.20276927947998047,-0.0035133413039147854,0.09260911494493484,-0.2050245702266693,0.7477668523788452,0.04486743360757828,-0.25521987676620483,-0.2554110884666443,0.02124444581568241,0.26907914876937866,0.14082588255405426,0.10585488379001617,0.22271890938282013,-0.14348016679286957,0.032781489193439484,0.1432555913925171,0.14765317738056183,-0.6214686036109924,-0.24576136469841003,-0.10624833405017853,-0.06294666230678558,0.11029870808124542,0.09629477560520172,-0.3556937575340271,-0.47557172179222107,0.3061763644218445,0.04550917074084282,-0.15321719646453857,-0.04314989969134331,-0.14268389344215393,0.4378766119480133,-0.3288944661617279,0.05920163542032242,-0.22509503364562988,-0.013263928703963757,-0.25218474864959717,0.030918652191758156,-0.10551252216100693,0.03538534790277481,0.3161122500896454,-0.04337533190846443,-0.02578483149409294,0.11260278522968292,-0.2008630484342575,0.23638460040092468,0.042283207178115845
CID000004419,2047,0.18716415762901306,-0.1517183780670166,-0.5823143720626831,0.08918245881795883,0.44666925072669983,-0.19557248055934906,0.00863057840615511,-0.5117295384407043,-0.15682972967624664,-0.3230389654636383,0.39321261644363403,0.04693860188126564,-0.09393593668937683,-0.12128998339176178,-0.007151999976485968,0.5682703852653503,0.5179747939109802,-0.15627065300941467,-0.28491395711898804,0.20128591358661652,-0.28254035115242004,0.1502801477909088,0.8150331377983093,-0.038763027638196945,-0.8095095753669739,-0.7553327083587646,-0.0724966749548912,-0.03755626454949379,0.26013725996017456,0.15923696756362915,1.0376877784729004,-0.00729345390573144,0.20430941879749298,-0.05558968335390091,-0.38018155097961426,-0.08122573792934418,0.6996776461601257,-0.2119116485118866,-0.19372346997261047,0.0046882727183401585,-0.12518171966075897,0.48995938897132874,-0.08948136866092682,-0.2531549334526062,-0.1584504097700119,-0.17204591631889343,0.7034831047058105,-0.07246581465005875,-0.49711817502975464,-0.019519459456205368,-0.3321771025657654,0.023773500695824623,0.7985368967056274,-0.06263865530490875,-0.005334614776074886,-0.051197655498981476,0.050179045647382736,0.5535800457000732,-0.196246936917305,-0.30361515283584595,-0.05736251920461655,-0.19055452942848206,0.20270147919654846,0.5498618483543396,0.2698996961116791,0.3875083923339844,0.2941704988479614,-7.237270619953051e-05,-0.1524503380060196,-0.037705518305301666,-0.5673242807388306,0.19802716374397278,-0.8553736805915833,0.24518510699272156,0.006082004401832819,0.058622993528842926,0.3116421103477478,0.09615030139684677,0.1488344371318817,0.06001146882772446,-0.01738041825592518,-0.07518254965543747,0.09939708560705185,0.04127568379044533,0.22474829852581024,0.09605048596858978,-0.8342208862304688,-0.007530784700065851,-0.05259890481829643,0.10010130703449249,0.13656285405158997,-0.050580304116010666,-0.5608115196228027,0.1623290777206421,-0.09899266064167023,0.09938184916973114,0.22881066799163818,0.3400249481201172,0.043469108641147614,-1.225629448890686,-0.21968400478363037,-0.08288399130105972,0.07147783041000366,-0.24571101367473602,-0.07038632780313492,-0.0946640819311142,0.8172116279602051,0.07569871842861176,0.10434291511774063,0.08390319347381592,-0.03169989213347435,-0.26547732949256897,0.31674423813819885,-0.38288792967796326,0.19303187727928162,-0.42726022005081177,-0.017066162079572678,-0.08134396374225616,0.03651446849107742,0.3499923348426819,-0.3244995176792145,-0.43171757459640503,0.037526004016399384,0.1788424700498581,-0.06632314622402191,-0.13888901472091675,0.04326442629098892,0.1100335493683815,0.03104785643517971,0.07596179842948914,-0.8370490074157715,-0.21417737007141113,0.3134884834289551,0.05176888033747673,-0.19491705298423767,0.7490542531013489,0.16376164555549622,0.022327523678541183,0.38196808099746704,0.017064115032553673,0.15004117786884308,-0.19176456332206726,0.04942624270915985,0.47515955567359924,0.09236427396535873,0.30263835191726685,-0.3247891962528229,0.1696883887052536,0.2166590392589569,0.014459649100899696,0.2564808130264282,-0.2999584376811981,-0.6736518740653992,-0.9472284317016602,0.750318169593811,-0.04178457334637642,-0.19866380095481873,-0.024859238415956497,-0.3554869592189789,0.32111379504203796,-0.22350724041461945,-0.06224941462278366,-0.8969429731369019,-0.010409469716250896,-0.5842973589897156,-0.010348239913582802,0.42112836241722107,-0.1927468329668045,0.8212892413139343,-0.6098138093948364,-0.8154964447021484,0.24586491286754608,0.0487724207341671,0.08144398033618927,-0.23402027785778046,0.01949448511004448,0.36486291885375977,-0.1536644995212555,0.6758714914321899,0.22295722365379333,0.2436496764421463,-0.15022552013397217,0.026621008291840553,0.8965660333633423,0.05317957326769829,-0.30741244554519653,-0.27526354789733887,-0.3879667818546295,-0.150961235165596,-0.2961640954017639,0.05027823895215988,1.0286833047866821,-0.2106274664402008,-0.7691099643707275,-0.25870591402053833,-0.08554748445749283,-0.18408149480819702,-0.16271859407424927,0.5541375875473022,-0.2682003378868103,0.1824151575565338,0.15225088596343994,0.14748650789260864,0.4464457929134369,-0.5390674471855164,-0.021423060446977615,-0.324061781167984,-0.11075855791568756,-0.02947080507874489,-0.18344447016716003,0.1833493858575821,0.07695408165454865,0.1327751874923706,-0.1475539356470108,0.2940024137496948,0.19568988680839539,-0.24656350910663605,-0.1396525502204895,-0.18767580389976501,0.0030204295180737972,0.3030794858932495,0.029471034184098244,0.001256108283996582,-0.06791803985834122,0.19953399896621704,0.5318845510482788,0.08453292399644852,-0.35543590784072876,-0.20298567414283752,-0.02943761646747589,0.14522653818130493,-0.06196315214037895,0.08880152553319931,-0.19816914200782776,-0.4285213053226471,-0.04269075393676758,-0.03669271618127823,0.15907874703407288,-0.0795373022556305,0.18411235511302948,0.8977149128913879,-0.31503424048423767,-0.16825246810913086,-0.44837433099746704,-0.34122779965400696,-0.5011931657791138,0.12559635937213898,-0.23271790146827698,-0.0818500816822052,0.573153555393219,0.03875168040394783,0.007048180792480707,0.04934414103627205,0.21569061279296875,0.11244132369756699,0.0161461029201746
CID000036811,2082,0.132020965218544,-0.4987468123435974,-0.7735603451728821,0.04354074224829674,0.4658794403076172,0.08037552237510681,-0.062239181250333786,-0.6722379326820374,-0.4051559865474701,-0.261482834815979,0.13072654604911804,-0.20780602097511292,-0.16038444638252258,-0.0789426639676094,-0.10575099289417267,0.16924050450325012,0.6653621196746826,0.07845854759216309,-0.3074946999549866,0.08001463115215302,-0.2010881006717682,0.14959362149238586,0.7677320241928101,0.3714491128921509,-0.8148163557052612,-0.5557453632354736,-0.17198479175567627,-0.3577989637851715,0.40926486253738403,-0.08387205004692078,0.8168340921401978,-0.0378643274307251,0.2000848352909088,0.12299881130456924,-0.6529409289360046,0.1075134128332138,1.1415640115737915,-0.22260279953479767,0.3510672152042389,0.07703845202922821,-0.9179016351699829,0.8818292617797852,-0.25325876474380493,-0.06662681698799133,0.35698777437210083,0.12947793304920197,0.7414359450340271,-0.004418967757374048,-0.5801163911819458,-0.025046905502676964,-0.2633957266807556,0.39824023842811584,0.592639148235321,-0.1706538051366806,0.23132379353046417,-0.4984816610813141,-0.047380052506923676,0.5495172142982483,-0.05555921792984009,-0.043893348425626755,-0.10034149885177612,-0.1563984453678131,0.009808003902435303,0.9087678790092468,0.2113655060529709,0.21517625451087952,0.1830447018146515,-0.16677697002887726,0.1455036699771881,-0.003572058631107211,-1.0889513492584229,0.04826069995760918,-0.6466003656387329,0.17733141779899597,-0.01845915988087654,0.6154967546463013,0.5313239693641663,0.055173344910144806,0.2644560933113098,0.21308758854866028,0.1043388843536377,-0.625352680683136,0.20536458492279053,-0.23046192526817322,0.3250308632850647,0.42954739928245544,-0.5123791694641113,-0.11658622324466705,-0.12516885995864868,0.07803851366043091,-0.1787695586681366,-0.3006976246833801,-0.0044614700600504875,-0.0917547196149826,-0.09213286638259888,-0.512662947177887,-0.07267816364765167,0.26074808835983276,-0.10664720833301544,-0.6001051068305969,-0.12090476602315903,-0.072417713701725,0.1006743311882019,-0.4250572621822357,0.10291874408721924,-0.325981080532074,0.7001146078109741,0.11615179479122162,0.178903728723526,-0.25494199991226196,0.19334498047828674,-0.1294924020767212,0.9151426553726196,-0.23797567188739777,0.13546384871006012,-0.1987151801586151,-0.19454340636730194,0.010142719373106956,-0.30149251222610474,0.27974921464920044,-0.28187328577041626,-0.06916965544223785,-0.04406941682100296,0.15193402767181396,-0.03324425220489502,-0.08090640604496002,0.3528957664966583,-0.3091350495815277,-0.05792366340756416,0.6315600275993347,-0.7456020712852478,-0.15176178514957428,0.39715471863746643,0.28276878595352173,-0.023431140929460526,0.7011680603027344,0.4436948895454407,-0.08740361779928207,0.3021996021270752,0.13252872228622437,-0.07345721870660782,-0.2229626178741455,-0.18285015225410461,0.23276150226593018,0.18645773828029633,-0.1791677176952362,-0.32659807801246643,0.17034175992012024,0.0372522696852684,-0.04941728711128235,0.5367661714553833,0.24529147148132324,-0.6589071154594421,-1.0913163423538208,0.8819831013679504,-0.34704476594924927,-0.07091934233903885,0.10618001222610474,-0.4026587903499603,-0.0140754459425807,-0.07622141391038895,0.08669717609882355,-1.0832902193069458,0.008043328300118446,-0.3883509933948517,-0.3990441560745239,-0.4060438573360443,-0.2508126199245453,0.23684370517730713,-0.29760196805000305,-0.3456946015357971,-0.19527021050453186,0.06191655248403549,-0.24092230200767517,-0.8777239918708801,0.04153533652424812,0.3354822099208832,0.04878545552492142,0.620199978351593,-0.10516998916864395,0.377741277217865,-0.16993166506290436,-0.21442516148090363,0.5557337403297424,0.05134173482656479,-0.560955822467804,-0.08935479819774628,-0.05139501765370369,-0.4640885293483734,0.029835408553481102,-0.2818692624568939,0.8601333498954773,-0.14842692017555237,-0.6469966173171997,-0.39525774121284485,-0.12811696529388428,0.0751640796661377,-0.06583809852600098,0.15323694050312042,0.04153745621442795,0.30839285254478455,0.21252083778381348,-0.01382153294980526,0.09674032032489777,-0.4354144036769867,-0.12501263618469238,-0.399786114692688,0.12079860270023346,0.187626451253891,0.18155261874198914,-0.15816757082939148,-0.0692233294248581,0.07806626707315445,-0.20071184635162354,0.9059041738510132,0.2945299446582794,-0.2180505245923996,-0.07544504851102829,-0.09678299725055695,0.112169049680233,0.4139234125614166,-0.16137763857841492,-0.1493489146232605,0.16600191593170166,-0.10128875076770782,0.09042923152446747,-0.3407246172428131,-0.9743248820304871,-0.011700399219989777,0.021186817437410355,0.08502863347530365,0.4014069139957428,0.2126028835773468,-0.3066381812095642,-0.9767535924911499,0.10247071087360382,0.05761445686221123,0.18153513967990875,-0.3361777663230896,0.2061346024274826,0.21630951762199402,-0.5599198341369629,0.2465890645980835,-0.47469568252563477,-0.24323907494544983,-0.5210457444190979,0.22953453660011292,0.14749915897846222,-0.06313151121139526,0.3191789984703064,0.11463727802038193,0.2914675772190094,-0.030811095610260963,-0.08103825151920319,0.3997477889060974,0.002827763557434082
CID000003040,2092,0.16570433974266052,-0.4855172038078308,-1.0586926937103271,0.30614084005355835,-0.1700780987739563,-0.43813157081604004,-0.21592454612255096,-1.0866563320159912,-0.07483702152967453,-0.6177457571029663,0.3284043073654175,0.14652283489704132,0.1100403293967247,-0.2404525727033615,-0.16039130091667175,0.24239954352378845,0.797333836555481,-0.03092917799949646,-0.03058178350329399,-0.4275738298892975,-0.450123131275177,0.31330934166908264,0.7889713048934937,-0.027058016508817673,-1.8524444103240967,-1.1871455907821655,-1.0825583934783936,0.06746645271778107,0.019414979964494705,0.23160164058208466,1.4998990297317505,0.3478996157646179,0.1823343187570572,0.4189196228981018,0.04482812061905861,0.18614590167999268,0.7785150408744812,-0.2862229347229004,0.22997359931468964,-0.11046600341796875,-0.24272310733795166,0.9059685468673706,-0.2024647742509842,-0.42352724075317383,-0.2824240028858185,-0.146332249045372,0.6896226406097412,-0.3520708382129669,-0.6579033732414246,0.20730161666870117,-0.6359251737594604,-0.4569781720638275,0.5365116000175476,-0.14810721576213837,0.35262686014175415,-0.44517508149147034,0.13847316801548004,1.0222995281219482,-0.0025649338494986296,-0.1660424917936325,0.09094376862049103,-0.03002718649804592,0.008498447947204113,0.6639879941940308,0.30763596296310425,0.8631955981254578,0.2686896324157715,-0.034439586102962494,-0.13735690712928772,0.07038737833499908,-0.5901021361351013,0.38064417243003845,-0.8039647936820984,0.1490684449672699,-0.044605404138565063,0.4139402508735657,0.49890583753585815,0.16004733741283417,0.8697613477706909,0.36104652285575867,0.0031724690925329924,-0.4409308433532715,-0.12807726860046387,-0.4363635182380676,-0.1459924280643463,-0.031043436378240585,-0.4898526668548584,-0.22265703976154327,-0.16312307119369507,0.1124008446931839,0.05231612175703049,-0.33947545289993286,-0.4101082384586334,-0.08124689012765884,0.2024010866880417,0.10999913513660431,0.07704220712184906,0.39681941270828247,0.07591778039932251,-2.1110692024230957,-0.10385527461767197,-0.09520436823368073,0.36018264293670654,-0.19464567303657532,-0.05797330662608147,-0.2428697794675827,1.2135642766952515,0.1051614060997963,0.10621140897274017,0.06270713359117508,0.049366213381290436,-0.009670513682067394,0.11840535700321198,-0.6452080607414246,0.0407390221953392,-0.4065741002559662,-0.30879539251327515,0.1216060072183609,0.10127290338277817,0.4005752503871918,-0.08546898514032364,-0.1321059912443161,0.2973810136318207,0.15917597711086273,0.10565242916345596,0.1192442923784256,0.20208771526813507,0.21110033988952637,-0.07953992486000061,0.2590509057044983,-0.7650087475776672,0.0392841212451458,0.09192800521850586,0.15687377750873566,0.1146654337644577,0.7268458008766174,-0.2073623687028885,0.37129777669906616,0.44900378584861755,-0.107383593916893,-0.1337912529706955,-0.35365748405456543,0.3002779185771942,0.12062003463506699,0.028153330087661743,0.13617563247680664,-0.08108414709568024,0.8813883066177368,0.2575854957103729,0.07790310680866241,0.6031936407089233,-0.3393092751502991,-0.4089570641517639,-0.7567484378814697,0.3502439856529236,0.2855512797832489,0.11721136420965195,0.05323577672243118,-0.43734273314476013,-0.00133542122785002,-0.20592746138572693,-0.33923566341400146,-1.368673324584961,0.30413463711738586,-0.6292885541915894,-0.12541846930980682,-0.04976538568735123,-0.03372757509350777,1.2153805494308472,-0.5128801465034485,-0.35280027985572815,-0.13984927535057068,0.09994953870773315,0.10475115478038788,-0.6620385646820068,-0.4577571749687195,0.21174447238445282,0.1190112829208374,0.7204050421714783,0.869077205657959,0.20894873142242432,-0.20011575520038605,-0.3665674328804016,1.0777286291122437,-0.0024236380122601986,-0.7185941338539124,-0.1820298731327057,-0.08093082904815674,-0.13073724508285522,-0.0621483214199543,-0.20890465378761292,1.5410583019256592,-0.08461625128984451,-0.3066001534461975,-0.20271749794483185,-0.19781489670276642,-0.254293292760849,0.1950090229511261,1.3769853115081787,-0.42416316270828247,0.5802980661392212,0.05897042900323868,0.05592244863510132,0.5821833610534668,-0.3111458420753479,0.2537778317928314,-0.5570621490478516,0.23756447434425354,-0.2294692099094391,-0.12725578248500824,0.16055190563201904,-0.44022756814956665,-0.45664405822753906,-0.1595575362443924,0.801348865032196,0.39609628915786743,-0.3617362082004547,0.19781067967414856,0.06066017225384712,0.1779232919216156,-0.03520319610834122,-0.10152734816074371,0.33557841181755066,-0.4229056239128113,0.06911526620388031,0.3522018790245056,0.16452260315418243,-0.47146400809288025,-0.0573977455496788,0.0154678700491786,-0.14251981675624847,0.0895252376794815,0.17479318380355835,-0.1893385499715805,-0.5963584780693054,0.3260987401008606,0.13514567911624908,0.1975436955690384,0.023014485836029053,-0.010542238131165504,2.351357936859131,-0.4084292948246002,-0.1234285831451416,-0.7996522784233093,-0.43826428055763245,-0.35082247853279114,0.1390242874622345,-0.026232052594423294,0.1424996554851532,0.18294718861579895,0.3107699155807495,-0.04681571200489998,-0.19811028242111206,0.16948768496513367,0.32743290066719055,-0.22462525963783264
CID000003372,2108,-0.10433609783649445,-0.20529191195964813,-0.3250507116317749,0.175151988863945,0.4297902584075928,-0.2581254839897156,-0.06654427945613861,-0.24098865687847137,-0.12380455434322357,0.19709476828575134,0.1956026256084442,0.0299234502017498,0.010748282074928284,-0.1306161731481552,-0.048044875264167786,0.36667466163635254,0.1461760252714157,0.18078377842903137,-0.2873850166797638,0.3289532959461212,-0.0942218154668808,-0.034373629838228226,0.6741989254951477,-0.019800836220383644,-0.22969916462898254,-0.5943481922149658,-0.21676091849803925,-0.046643227338790894,0.18060514330863953,0.008726286701858044,0.5608807802200317,0.0932999700307846,0.03891995549201965,0.43990445137023926,-0.4114300310611725,0.0938667580485344,0.420268714427948,-0.13317236304283142,0.09447424113750458,0.1887696534395218,-0.2141021192073822,0.39086371660232544,-0.23282437026500702,0.13345690071582794,0.1275748461484909,0.0669919103384018,0.5094099640846252,-0.12280523777008057,-0.45677733421325684,-0.00010649561590980738,-0.2910168766975403,-0.0711919516324997,0.5701537728309631,-0.29145941138267517,0.26725873351097107,-0.3363179862499237,-0.12644781172275543,0.5435163974761963,0.10502699762582779,-0.1727510392665863,-0.06868894398212433,-0.2697463035583496,-0.07216984033584595,0.7105137705802917,0.01202278770506382,0.643265426158905,-0.14954856038093567,-0.18711963295936584,-0.10997205972671509,0.03319790959358215,-0.5934472680091858,0.16018898785114288,-0.7125069499015808,0.6144517660140991,-0.05816725641489029,0.41177377104759216,0.325840562582016,0.131104975938797,0.42648130655288696,0.17024961113929749,-0.0714062824845314,-0.19376012682914734,0.048321258276700974,-0.0743447095155716,-0.05036510154604912,0.40848150849342346,-0.5589221715927124,-0.056500207632780075,-0.08058979362249374,-0.017196226865053177,-0.09067033231258392,-0.06554458290338516,-0.368847131729126,0.029656166210770607,0.1240832582116127,-0.07850637286901474,-0.2460952252149582,0.2375551015138626,-0.10796190798282623,-0.42981237173080444,0.001924261450767517,-0.2299216240644455,0.155176043510437,0.03349882364273071,0.2230466902256012,-0.10138384252786636,0.7787714004516602,0.05448390915989876,0.24601411819458008,-0.17845745384693146,-0.08194845169782639,0.008620561100542545,0.08272294700145721,-0.03691229224205017,0.12183818966150284,-0.2502598166465759,-0.27813103795051575,-0.04880102723836899,-0.10047271102666855,0.1785949319601059,-0.048768095672130585,-0.31589341163635254,-0.024472234770655632,0.02650303766131401,-0.026037001982331276,-0.11132705211639404,0.21997618675231934,0.051054783165454865,-0.21019332110881805,0.27082347869873047,-0.7808616757392883,-0.4359501898288727,0.3060359060764313,0.2260543406009674,-0.06558334082365036,0.8679569363594055,0.2712355852127075,-0.45125874876976013,0.2439601868391037,-0.04708673432469368,-0.1616448014974594,-0.22949624061584473,0.0453207902610302,0.2847982943058014,0.30715519189834595,-0.12067481130361557,-0.32883286476135254,-0.25841599702835083,-0.08401091396808624,-0.14941999316215515,0.4491814076900482,-0.09234966337680817,-0.8297231793403625,-0.7261767983436584,0.7386365532875061,-0.15259237587451935,0.08326641470193863,-0.030617376789450645,-0.31704434752464294,-0.17963644862174988,-0.08327514678239822,0.004564917180687189,-0.6297405958175659,0.09724362194538116,-0.4864756464958191,-0.0022614330518990755,-0.057591162621974945,-0.2676141858100891,0.5979453921318054,-0.5755499601364136,-0.3989492952823639,-0.121243417263031,-0.08918027579784393,-0.22367148101329803,-0.5423879027366638,0.004519971087574959,0.3910278081893921,0.2107665091753006,0.6968297958374023,0.044199105352163315,0.390485942363739,-0.016695301979780197,-0.1255420297384262,0.24161437153816223,-0.1694875955581665,-0.34993380308151245,0.01711341366171837,-0.26304858922958374,-0.08462171256542206,-0.16602669656276703,-0.18264257907867432,0.7183244824409485,0.021483615040779114,-0.409498929977417,0.16778698563575745,-0.16162334382534027,-0.010383790358901024,0.049765005707740784,0.3243047595024109,-0.19498685002326965,0.08458363264799118,0.3184763789176941,-0.08754566311836243,0.08495070040225983,-0.3588801920413971,-0.41233474016189575,-0.22622966766357422,0.12251012027263641,0.13136973977088928,-0.11114140599966049,-0.019076615571975708,-0.006270441226661205,-0.186415895819664,-0.3422248661518097,0.4965433180332184,0.15509405732154846,-0.008101153187453747,0.02239219844341278,-0.0382566899061203,0.24872437119483948,0.10336949676275253,0.062225379049777985,0.11148935556411743,-0.14184018969535828,-0.0935499370098114,0.1471186876296997,-0.10711956024169922,-0.7830994129180908,-0.14818355441093445,-0.10834920406341553,-0.21299056708812714,0.12037104368209839,0.06930089741945267,-0.3114430010318756,-0.46521204710006714,0.1371276080608368,0.13207241892814636,-0.13086476922035217,0.02634432353079319,0.02126018889248371,0.50045245885849,-0.5531925559043884,-0.01234247162938118,-0.1995665729045868,-0.09708960354328156,-0.4757993221282959,0.15783819556236267,0.11754903942346573,0.0188304390758276,0.3308771252632141,0.08201884478330612,0.08371612429618835,0.12413997948169708,0.10622572898864746,0.1878775656223297,-0.009185579605400562
CID000002283,2135,0.2660050094127655,-0.05028393119573593,-0.6368170976638794,-0.10863276571035385,0.47116246819496155,-0.27263572812080383,0.041760317981243134,-0.8685646057128906,-0.04169803112745285,-0.6414309740066528,0.3929198682308197,-0.08745492994785309,0.13780605792999268,-0.10445316880941391,-0.017255935817956924,0.17185881733894348,0.201830193400383,-0.04192618280649185,-0.4464500844478607,0.05690355971455574,-0.45672401785850525,0.3690950870513916,0.23366305232048035,-0.15146231651306152,-1.4177491664886475,-0.8149202466011047,-0.11654885113239288,-0.010029220953583717,0.11483017355203629,0.18681266903877258,0.8881105184555054,0.00973561406135559,0.19989117980003357,0.1164775937795639,-0.04476501792669296,0.01626833900809288,0.12156341224908829,-0.06765946000814438,-0.054378390312194824,-0.04245975613594055,-0.17707820236682892,-0.023230792954564095,-0.04208952561020851,-0.5833431482315063,-0.09577655792236328,-0.25021225214004517,0.6529878377914429,-0.1662934571504593,-0.7876519560813904,0.11980198323726654,-1.270939588546753,0.38522976636886597,0.7309429049491882,-0.1827729046344757,-0.11284841597080231,-0.007784903049468994,0.08729173243045807,1.0351672172546387,0.287550151348114,0.002308535622432828,-0.4431981146335602,0.11497952044010162,-0.19464439153671265,0.4303056597709656,0.011076008901000023,0.7915571928024292,0.08956500887870789,0.14812980592250824,-0.11402808129787445,0.24489355087280273,-0.5311102867126465,0.14297249913215637,-0.4461567997932434,0.2938123047351837,-0.04793929308652878,0.5054627656936646,-0.002401645528152585,0.06171984598040581,0.6423128843307495,0.12109611183404922,-0.02551412023603916,-0.32680878043174744,-0.026432478800415993,0.0331597737967968,0.23987135291099548,0.32747897505760193,-0.9679096937179565,0.1794070452451706,-0.27500995993614197,0.1620052307844162,-0.09730314463376999,-0.06470236927270889,-0.4227867126464844,0.15694554150104523,-0.002253925893455744,0.05587959289550781,-0.13281068205833435,0.42889147996902466,-0.004864144138991833,-1.5251890420913696,-0.34187543392181396,-0.12639757990837097,0.06568092852830887,0.021487558260560036,0.10557878017425537,-0.005593635141849518,0.8412489891052246,-0.05230099707841873,0.08950430154800415,0.07571393251419067,0.06231842562556267,-0.2766878008842468,0.27296167612075806,-1.3650881052017212,0.1820589005947113,-0.31903931498527527,-0.16498306393623352,-0.04452129080891609,0.15937213599681854,-0.05469106510281563,-0.09778957068920135,-0.35634952783584595,0.12950637936592102,0.08057311177253723,-0.05625639483332634,-0.05812887102365494,0.14148244261741638,-0.02350161410868168,-0.11070571839809418,0.08263132721185684,-0.5481985807418823,0.0965748205780983,0.36339154839515686,-0.051930345594882965,-0.007071780972182751,0.5871917605400085,0.39143475890159607,0.23975403606891632,0.3250487148761749,-0.09350423514842987,-0.22859790921211243,-0.005758821964263916,0.34415265917778015,0.06807035207748413,-0.12275633960962296,0.07392571866512299,-0.5569992065429688,0.2501172125339508,0.2520793080329895,0.03488694131374359,1.1972811222076416,-0.4246850907802582,-0.389249712228775,-0.8129955530166626,1.1103118658065796,0.25572842359542847,0.1952507346868515,0.04928649216890335,-0.3412238359451294,0.13585233688354492,-0.07807048410177231,0.026233553886413574,-1.3391658067703247,0.1174970492720604,-0.5779408812522888,-0.06996306777000427,0.2524280548095703,-0.08659511804580688,0.8196601867675781,-0.6117765307426453,-0.26467978954315186,-0.06994209438562393,0.0911083072423935,-0.05689048767089844,-0.25793370604515076,-0.04904905706644058,0.14776884019374847,-0.03153788298368454,0.5647308826446533,0.16520416736602783,0.01671222411096096,-0.16036169230937958,-0.10324233770370483,1.145635724067688,0.0571252778172493,-0.5556713342666626,-0.07880120724439621,-0.08752240985631943,-0.26892486214637756,-0.19143633544445038,-0.47460460662841797,1.0139480829238892,-0.04359213262796402,-0.009070893749594688,0.05184798687696457,0.024058738723397255,-0.3829682767391205,-0.22642430663108826,1.0021114349365234,-0.11187653243541718,0.5696960687637329,0.29680782556533813,0.11543109267950058,0.5392634868621826,-0.5252056121826172,0.19990266859531403,-0.5648438930511475,0.11891045421361923,-0.035146452486515045,0.03629305213689804,0.041979413479566574,-0.0037822425365448,0.08765466511249542,-0.2781992256641388,0.3393234312534332,0.11644472181797028,-0.3401893973350525,-0.14549465477466583,0.1777830272912979,0.048739224672317505,-0.004168599843978882,0.12581881880760193,0.0746007189154625,-0.2461910992860794,-0.22135476768016815,0.5054363012313843,-0.06734317541122437,-0.3762888014316559,-0.17449025809764862,0.018488293513655663,0.10210058838129044,0.018553663045167923,0.16040363907814026,-0.166212260723114,-0.8113754987716675,0.195658877491951,-0.04115638881921768,0.017406797036528587,-0.08901198208332062,0.15695568919181824,1.103781819343567,-0.1885099560022354,-0.1933441162109375,-0.3950883746147156,0.013820814900100231,-0.5562765002250671,-0.045783571898937225,-0.2420004904270172,-0.07677434384822845,0.35967889428138733,0.0594230480492115,-0.08079185336828232,0.2351350039243698,0.13288381695747375,0.25566571950912476,-0.023000124841928482
CID000123606,2210,0.024203035980463028,-0.11245451122522354,-0.49043798446655273,0.23045563697814941,0.38697096705436707,-0.1512729823589325,-0.1006973385810852,-0.4160088896751404,-0.1931101530790329,-0.5415298938751221,0.34971386194229126,0.279569536447525,-0.06888340413570404,0.12202352285385132,-0.4569002687931061,0.37891367077827454,0.07216774672269821,0.17438329756259918,-0.6744928956031799,0.27940911054611206,0.4263102412223816,-0.06261981278657913,0.3382984697818756,0.35166221857070923,-0.41229504346847534,-0.7830215096473694,-0.3891649842262268,-0.12038302421569824,0.46741023659706116,-0.35841456055641174,1.4193341732025146,0.02101605013012886,-0.0781082883477211,0.6089659333229065,-0.8990951776504517,0.15536579489707947,0.2693708539009094,-0.0354800783097744,0.21720090508460999,0.00042105838656425476,-0.9706447720527649,0.12581589818000793,-0.05040569230914116,0.01573384925723076,0.10494871437549591,0.15078741312026978,0.5821801424026489,0.03600340709090233,-0.9413002133369446,-0.06360618770122528,-0.8806171417236328,-0.2132069170475006,0.7791391015052795,-0.2935575246810913,0.22120407223701477,-0.10267435014247894,-0.24152059853076935,0.4974079728126526,-0.15423515439033508,-0.11043041944503784,0.05874347686767578,-0.4097188115119934,0.27865490317344666,1.1794792413711548,0.006402743048965931,0.7008095979690552,-0.1746598184108734,-0.06339306384325027,-0.1504625529050827,0.13577963411808014,-1.1455371379852295,0.08597345650196075,-0.938703715801239,0.06230217218399048,0.025723319500684738,0.2710185647010803,0.20769743621349335,-0.1362488865852356,0.7966625094413757,-0.024043578654527664,-0.07693126797676086,-0.24885208904743195,-0.05103713274002075,-0.02577265538275242,0.2769368886947632,0.3671555519104004,-0.5227385759353638,-0.14600184559822083,-0.09104055166244507,-0.18056213855743408,-0.22304387390613556,-0.021861905232071877,-0.6036123633384705,-0.1458285003900528,0.17807871103286743,0.05172429606318474,-0.0950634628534317,0.28772157430648804,-0.22349047660827637,-0.5128506422042847,-0.10341951996088028,-0.13128815591335297,0.20485933125019073,0.02942780777812004,0.2940116822719574,-0.3115328550338745,1.0026215314865112,0.25010359287261963,0.04503002017736435,0.07012763619422913,0.02327955700457096,0.37510043382644653,1.1175718307495117,-0.8840104341506958,0.029916543513536453,-0.12173972278833389,-0.042812660336494446,0.5456679463386536,-0.07418318092823029,0.3382110595703125,-0.5081009268760681,-0.43520721793174744,-0.13557276129722595,-0.08387737721204758,-0.09283868223428726,0.2590501308441162,0.3071199357509613,-0.010057508945465088,-0.325268417596817,0.22260808944702148,-1.011200189590454,-0.24559107422828674,0.4444150924682617,-0.007419903762638569,-0.07532131671905518,1.0693858861923218,-0.1294465959072113,0.1472466140985489,0.2858281433582306,-0.1366489678621292,0.03564078360795975,0.02007223851978779,-0.17237451672554016,0.3201691508293152,-0.006459158845245838,0.023570921272039413,-0.6452348232269287,-0.07139993458986282,-0.5758695602416992,-0.3500913083553314,1.0910489559173584,0.11819873005151749,-1.0619698762893677,-0.8452521562576294,0.6288927793502808,-0.28849929571151733,-0.2880001664161682,0.44608598947525024,-0.2735501825809479,-0.03683805093169212,-0.14143115282058716,0.31511786580085754,-0.4815062880516052,0.26777711510658264,-0.5914801359176636,-0.013904133811593056,-0.20322415232658386,-0.05694936588406563,0.1444472372531891,-0.5293430089950562,-0.40287819504737854,-0.016695797443389893,-0.08351516723632812,-0.2029297798871994,-0.5015386343002319,0.03297758847475052,0.11190960556268692,0.05194773152470589,0.7041012048721313,0.5511025190353394,0.0910067930817604,-0.10800746828317642,-0.04396791383624077,0.5139462351799011,-0.2070501297712326,-0.7164404392242432,-0.3839120864868164,-0.27881136536598206,-0.09767507761716843,-0.2200121432542801,-0.1301773339509964,0.778788685798645,0.030316120013594627,-0.3337714672088623,0.02653268352150917,-0.06673497706651688,0.20979860424995422,0.12622150778770447,0.19998666644096375,-0.12675783038139343,0.29570072889328003,-0.1606791615486145,-0.0018417626852169633,0.46119728684425354,-0.4500558376312256,0.028338706120848656,-0.37721624970436096,-0.06177809089422226,0.15781719982624054,-0.030525457113981247,-0.06394064426422119,0.09821169078350067,0.17276184260845184,-0.16647598147392273,0.6042924523353577,0.06785012781620026,0.005821719765663147,-0.02383027970790863,0.12301725149154663,0.04625929147005081,0.0318574383854866,0.04380432516336441,0.2760887145996094,-0.4493667185306549,0.08055721968412399,0.22677496075630188,-0.24593070149421692,-1.3144667148590088,-0.2987166941165924,-0.15628927946090698,-0.20323877036571503,0.03605860471725464,0.13211455941200256,-0.3557209372520447,-0.5852295160293579,0.3855094313621521,0.24674975872039795,-0.02164325676858425,0.09437160193920135,-0.35685545206069946,0.12828728556632996,-0.3969542980194092,0.05974849313497543,-0.07549639791250229,-0.20468907058238983,-0.16813701391220093,0.12842734158039093,0.27316102385520935,-0.2252914011478424,0.5028177499771118,-0.0625605434179306,0.0156527329236269,-0.012379586696624756,-0.12308484315872192,0.5061380863189697,0.07823971658945084
CID005281007,2236,0.1379706710577011,-0.31066614389419556,-0.609174370765686,0.1253393590450287,0.579255223274231,-0.003916054964065552,-0.14425568282604218,-0.8892703056335449,-0.36174023151397705,-0.024116074666380882,0.17901918292045593,0.06348969042301178,0.024449938908219337,-0.14797376096248627,0.01901991106569767,0.04302631691098213,0.3631044924259186,0.019822698086500168,-0.15288183093070984,0.2512058913707733,-0.17846018075942993,0.20317283272743225,0.4697644114494324,0.04560146480798721,-0.4854109287261963,-0.7614800333976746,-0.5929704904556274,0.17852208018302917,-0.07828350365161896,-0.06228286027908325,0.7373736500740051,0.11588053405284882,-0.14995549619197845,0.5898934602737427,-0.26039552688598633,0.20165160298347473,1.4460831880569458,-0.14224810898303986,0.020879480987787247,0.08451604843139648,-0.09136786311864853,0.6015773415565491,-0.3457827568054199,-0.011168932542204857,-0.07758234441280365,-0.019776159897446632,0.6802801489830017,-0.19942021369934082,-0.34498804807662964,0.11311513185501099,-0.46464449167251587,0.16307596862316132,0.2840532064437866,-0.2056809961795807,0.2202235460281372,-0.23648877441883087,-0.22438104450702667,0.564393937587738,0.09467625617980957,0.001075378037057817,-0.0783037394285202,-0.255441814661026,-0.17690041661262512,0.6362086534500122,0.05639728903770447,0.23149661719799042,-0.21445147693157196,-0.2202046811580658,-0.1754424273967743,0.0788077563047409,-0.5912339091300964,0.19745032489299774,-0.8205041885375977,0.47406643629074097,0.02924356237053871,0.1580887734889984,0.6810328960418701,0.18176007270812988,0.5786585807800293,0.0893590897321701,-0.05742548033595085,-0.48558956384658813,0.14600007236003876,-0.0710013210773468,-0.10642685741186142,0.3933575451374054,-0.2486555278301239,-0.28955742716789246,0.022301625460386276,0.12341181188821793,-0.09605317562818527,-0.22950465977191925,-0.08805499970912933,0.05661233514547348,0.13904163241386414,-0.07960271090269089,0.09378094971179962,0.24053044617176056,0.05035131052136421,-0.8739334344863892,-0.16177985072135925,-0.16762159764766693,0.20513634383678436,-0.13335305452346802,0.21717596054077148,-0.10072726011276245,1.0594441890716553,-0.3667716681957245,0.2744596004486084,-0.04078223183751106,-0.09412531554698944,0.09093591570854187,0.21876642107963562,-0.1937219649553299,0.10475395619869232,-0.2894688844680786,-0.5153590440750122,0.00803467445075512,-0.08808715641498566,0.2098497450351715,-0.4016774296760559,-0.33929887413978577,0.14562121033668518,0.0568322017788887,-0.07121746242046356,-0.04343990236520767,0.4029199481010437,-0.1110454574227333,-0.19927570223808289,0.3143578767776489,-0.7442108988761902,-0.2713276743888855,0.5084095597267151,0.07988662272691727,-0.018790224567055702,0.7097721695899963,0.3254278898239136,-0.001588406041264534,0.1984921395778656,-0.1312330812215805,-0.15427260100841522,-0.29853662848472595,0.1422930508852005,0.25660791993141174,-0.0068330406211316586,0.23910877108573914,-0.121645487844944,0.10528689622879028,-0.06113024801015854,-0.14349320530891418,0.2634693682193756,-0.11032651364803314,-0.5191563367843628,-0.667538046836853,0.5707296133041382,-0.1619098037481308,0.4293070435523987,0.2307465374469757,-0.373590886592865,-0.0497778095304966,-0.017702525481581688,0.3552083373069763,-0.9523086547851562,0.13711917400360107,-0.3310154378414154,-0.14361509680747986,0.09063316881656647,-0.21014408767223358,0.7604658007621765,-0.4424777925014496,-0.1505865454673767,-0.09811387211084366,0.03199691325426102,-0.04777843505144119,-0.7332543134689331,-0.1547049582004547,0.8398286700248718,-0.019651785492897034,0.5612083673477173,-0.023670872673392296,0.5491677522659302,-0.3728860020637512,-0.12640991806983948,0.6189510226249695,0.06673015654087067,-0.5632379055023193,0.014392232522368431,-0.12102954089641571,-0.39259907603263855,-0.1697668731212616,-0.5061302781105042,1.1278738975524902,-0.031934816390275955,-0.4101354479789734,0.1599433720111847,-0.15706951916217804,0.16057418286800385,0.22865021228790283,0.5201577544212341,-0.10483995825052261,0.40996670722961426,0.16251777112483978,-0.15686959028244019,0.13334986567497253,-0.22920255362987518,-0.14712297916412354,-0.06788426637649536,0.11108429729938507,-0.24110126495361328,-0.012277210131287575,-0.06951378285884857,-0.0183529295027256,-0.29627326130867004,-0.2374192476272583,0.7151929140090942,0.21818538010120392,0.08091065287590027,-0.2642180919647217,-0.19702211022377014,0.16089002788066864,0.07209683954715729,0.045756276696920395,0.18842263519763947,-0.04421324282884598,0.3248119652271271,-0.06111299991607666,0.1068045049905777,-0.7474148869514465,-0.2868606448173523,-0.14377489686012268,-0.318326473236084,0.20744940638542175,0.12943235039710999,-0.2201649695634842,-0.5345637202262878,0.15500886738300323,0.13022089004516602,-0.05830882862210274,0.05234278365969658,-0.1041555404663086,0.8508782386779785,-0.31970715522766113,0.16261163353919983,-0.155729740858078,-0.15840984880924225,-0.38833969831466675,0.1379362940788269,0.29725775122642517,-0.26137402653694153,0.24727439880371094,0.25822511315345764,-0.005385369993746281,0.27921614050865173,-0.06491883099079132,0.28979650139808655,0.26523101329803467
CID000150610,2245,0.14046792685985565,-0.37880992889404297,-0.7412373423576355,0.00573850329965353,0.14300167560577393,-0.3245345950126648,0.19650182127952576,-0.8603368997573853,-0.11129768192768097,-0.46097955107688904,0.7208476066589355,0.054324645549058914,-0.15189401805400848,-0.0460885725915432,-0.09663049131631851,0.26708903908729553,0.35515064001083374,0.07127127796411514,-0.08394696563482285,-0.07142554223537445,-0.20705604553222656,0.12113738059997559,0.2390153408050537,-0.08812461048364639,-1.0513449907302856,-1.1045762300491333,-0.59571373462677,0.002142304088920355,0.108171246945858,-0.045939214527606964,0.9676147699356079,-0.0689542144536972,0.1058148741722107,0.1957213580608368,-0.1042899340391159,-0.2946683466434479,0.4549543261528015,0.058081358671188354,-0.014149802736938,-0.06148781627416611,-0.1438901722431183,0.8062669634819031,-0.03234324976801872,-0.24175667762756348,-0.14874900877475739,0.05090077966451645,1.034999132156372,-0.1425670087337494,-0.7051868438720703,0.07849012315273285,-0.9119852781295776,-0.018130015581846237,0.287714421749115,-0.13568134605884552,0.142560213804245,-0.37490859627723694,0.16049665212631226,0.9801908731460571,-0.07589401304721832,0.14714476466178894,-0.12203129380941391,-0.018222440034151077,-0.06225234270095825,0.6079404950141907,0.0900583267211914,0.32516807317733765,0.2774561047554016,-0.08568929135799408,-0.041379690170288086,0.07979865372180939,-0.5468555092811584,0.20073798298835754,-0.6373841166496277,0.286024808883667,0.08043695986270905,0.09163373708724976,0.5301437973976135,0.32567083835601807,1.0189567804336548,0.15203754603862762,-0.04652967303991318,-0.4598058760166168,-0.03562232106924057,-0.11878447234630585,0.23616938292980194,-0.013413885608315468,-0.47133669257164,-0.25779104232788086,-0.2464051991701126,0.2518255114555359,-0.1947139948606491,-0.39028483629226685,-0.25774437189102173,0.12539361417293549,-0.023636842146515846,0.11325535923242569,-0.052621662616729736,0.18165937066078186,-0.10640658438205719,-1.4665019512176514,-0.02723286673426628,0.14419527351856232,-0.07258697599172592,-0.13084149360656738,-0.02596568502485752,0.09299898147583008,0.8203781843185425,0.15643274784088135,-0.055424608290195465,-0.04115072265267372,0.42594486474990845,0.13355576992034912,0.3963356912136078,-0.6702059507369995,0.009159708395600319,-0.17163141071796417,-0.2054859846830368,0.33870190382003784,0.2350386083126068,0.2740609645843506,-0.23629479110240936,-0.3015236258506775,-0.04258258268237114,-0.021876875311136246,0.2605738043785095,-0.05709434673190117,0.21646401286125183,-0.01008055079728365,-0.21369755268096924,0.5033405423164368,-0.7205501794815063,0.0636795163154602,0.2085343301296234,0.10979773104190826,-0.06218746304512024,0.7658931016921997,-0.12687629461288452,-0.05712861940264702,0.4907028079032898,-0.21986325085163116,-0.004675078205764294,-0.006265455391258001,0.046834878623485565,0.1977619230747223,0.08264195919036865,0.07431274652481079,-0.2143779993057251,0.39152151346206665,0.16624797880649567,0.037417102605104446,0.6056662201881409,-0.1790979653596878,-0.49650612473487854,-1.165035605430603,0.5331770181655884,0.10274440050125122,0.05780075863003731,0.21933838725090027,-0.563490092754364,0.15632113814353943,-0.1553206741809845,-0.1291821002960205,-1.0215928554534912,-0.0007750809309072793,-0.5780096054077148,0.01580849662423134,0.1301705539226532,0.2523203194141388,1.1568869352340698,-0.452475368976593,-0.17504863440990448,-0.013621712103486061,-0.15579088032245636,0.2341356724500656,-0.4754064977169037,-0.3319496512413025,0.3463549017906189,-0.21185579895973206,0.4752139151096344,0.24191422760486603,0.27559441328048706,-0.1317107379436493,-0.09924338757991791,0.7626770734786987,-0.018427085131406784,-0.2062675654888153,-0.1785912960767746,0.034182190895080566,-0.3597126603126526,-0.2682383954524994,-0.571961522102356,1.4760820865631104,-0.06451167166233063,-0.05930112674832344,-0.24089618027210236,-0.24464675784111023,-0.15313756465911865,0.0895252525806427,1.213153600692749,-0.2604183256626129,0.859142005443573,0.12146683782339096,0.2545120418071747,1.2416346073150635,-0.3492392897605896,0.5516284704208374,-0.41133618354797363,0.01669398322701454,-0.017045151442289352,0.1651507318019867,-0.20894339680671692,-0.06540553271770477,-0.07766655832529068,-0.11823368072509766,0.7699784636497498,0.5036052465438843,-0.5029847025871277,-0.17005173861980438,-0.17862729728221893,0.1576661765575409,-0.02293470874428749,0.27295517921447754,0.04387843981385231,-0.35062676668167114,-0.14187395572662354,0.3081594705581665,-0.04779206961393356,-0.4924800992012024,-0.03281940147280693,0.14225496351718903,0.06766445934772491,0.1827872097492218,0.2136688232421875,-0.0516931489109993,-0.7551256418228149,0.2501373291015625,0.1446419656276703,0.11286268383264542,-0.26537126302719116,-0.190556600689888,1.2693756818771362,-0.25882667303085327,-0.08133679628372192,-0.43106651306152344,-0.15341606736183167,-0.5122497081756592,-0.036177486181259155,0.007007956504821777,-0.15113511681556702,0.6103559136390686,0.11573394387960434,-0.010976207442581654,0.12117785215377808,-0.11070116609334946,0.4144889712333679,0.0019093662267550826
CID000003291,2279,0.08661793917417526,-0.132120743393898,-0.5831969976425171,0.2566623091697693,0.3285258412361145,-0.2044646292924881,-0.1014658659696579,-0.5145766139030457,0.13030092418193817,0.03227270767092705,0.14350685477256775,0.11254942417144775,0.03742753341794014,0.14662069082260132,0.17894697189331055,-0.03751474246382713,0.24028024077415466,0.1557399481534958,-0.1662220060825348,0.05663446709513664,-0.019574284553527832,0.10218608379364014,0.3626134395599365,0.12924890220165253,-0.4563311040401459,-0.5947135090827942,-0.2714613974094391,-0.08858038485050201,0.20878832042217255,-0.17783302068710327,0.24753239750862122,0.01506946049630642,-0.043903980404138565,0.19862863421440125,-0.21517960727214813,0.2224835902452469,0.3208245635032654,-0.09013224393129349,-0.10470297187566757,0.06360545009374619,0.00988529808819294,0.28311604261398315,-0.28678491711616516,-0.07983550429344177,0.15780968964099884,-0.030895313248038292,0.43854469060897827,-0.34907764196395874,-0.4606204628944397,-0.08837183564901352,-0.9603258371353149,0.35538196563720703,0.39778226613998413,-0.2879692614078522,0.23422011733055115,-0.20178575813770294,-0.3927227854728699,0.7184743881225586,0.07945258915424347,0.01865522190928459,-0.06324215978384018,-0.08988314867019653,0.2702438533306122,0.7839100956916809,0.04197987914085388,0.425011545419693,-0.09736977517604828,-0.0694873109459877,-0.07222578674554825,-0.10336428880691528,-0.46685925126075745,0.20610225200653076,-0.4062561094760895,0.48067647218704224,0.09465302526950836,0.3049424886703491,0.409965842962265,0.24913477897644043,0.7666856050491333,0.08026234060525894,-0.0595521554350853,-0.29868465662002563,0.027753084897994995,-0.03345073014497757,-0.05632581561803818,0.13417811691761017,-0.2611772418022156,0.13959403336048126,0.16142086684703827,0.2361033707857132,-0.17445698380470276,-0.14260300993919373,-0.18746384978294373,0.0031162737868726254,0.023266196250915527,-0.11540555953979492,-0.0728498324751854,0.017772367224097252,-0.07906275242567062,-0.4788432717323303,-0.05584914609789848,-0.00624195346608758,0.1035022959113121,0.03112228587269783,0.15964290499687195,-0.20581431686878204,0.598718523979187,0.014337971806526184,0.23883411288261414,0.002509504556655884,0.010542025789618492,0.022444570437073708,0.5904622077941895,-0.4710293710231781,0.13971102237701416,-0.10659925639629364,-0.35779544711112976,-0.023279020562767982,-0.09310563653707504,-0.036662086844444275,-0.19022272527217865,-0.3929568827152252,-0.129221111536026,0.08173735439777374,-0.12787958979606628,-0.018975624814629555,0.24460621178150177,0.11567048728466034,-0.1821647584438324,0.22156377136707306,-0.5733764171600342,-0.26403236389160156,0.3647798001766205,0.2595589756965637,-0.008124521002173424,0.7363776564598083,0.09626196324825287,-0.10569152981042862,0.2384534627199173,-0.01836279034614563,-0.019477104768157005,-0.11665107309818268,0.16851362586021423,-0.1818810999393463,0.22718791663646698,0.0378478467464447,-0.08953116834163666,0.015044462867081165,-0.06977666914463043,0.04094105213880539,0.48471444845199585,-0.09009040147066116,-0.47173231840133667,-0.6565601229667664,0.5524097084999084,-0.3518352508544922,-0.11267012357711792,0.07630433887243271,-0.5569392442703247,-0.024928301572799683,0.06807957589626312,0.05892367288470268,-0.7930622100830078,0.20943348109722137,-0.4261166453361511,0.06741562485694885,0.08673770725727081,-0.16726329922676086,0.4987789988517761,-0.49506765604019165,-0.22015491127967834,-0.19807040691375732,-0.1231716051697731,-0.05813693255186081,-0.5237782597541809,-0.35493770241737366,0.3364868760108948,-0.03936083987355232,0.35320448875427246,-0.17574889957904816,0.47037845849990845,0.008774818852543831,-0.17899784445762634,0.5591350197792053,-0.19011017680168152,-0.33369824290275574,-0.09097561985254288,-0.14778713881969452,-0.3448411822319031,-0.060820192098617554,-0.2784857153892517,0.7429736256599426,0.13024917244911194,-0.3321087956428528,-0.08202923834323883,-0.118435338139534,0.03150356560945511,0.24130280315876007,0.521345317363739,-0.14788535237312317,0.4292692244052887,0.276741623878479,-0.06503231823444366,0.2358897179365158,-0.4413318634033203,-0.13383351266384125,-0.16103151440620422,0.05380849912762642,-0.12460432201623917,-0.13481928408145905,-0.019558751955628395,-0.008602690882980824,-0.3107101619243622,-0.14804822206497192,0.6282252073287964,-0.27860894799232483,0.1884484440088272,-0.2674589157104492,-0.07299964129924774,-0.06756499409675598,0.2166636884212494,0.09227992594242096,0.09715674817562103,-0.03670092299580574,-0.06882230937480927,0.07127392292022705,0.021308844909071922,-0.7868787050247192,-0.025698918849229813,0.039589494466781616,-0.015921790152788162,0.08354613929986954,0.020425666123628616,-0.1872541755437851,-0.6961522102355957,0.10646001994609833,0.15079566836357117,0.008551478385925293,0.055806003510951996,-0.10369469970464706,0.38446536660194397,-0.25178444385528564,0.024625927209854126,-0.22855374217033386,-0.05858499929308891,-0.2755029499530792,0.11610617488622665,-0.26941925287246704,-0.047537773847579956,0.33015015721321106,0.06888844072818756,0.09937186539173126,0.2903401553630829,-0.21302759647369385,0.23419518768787384,-0.11639811843633652
CID000003384,2316,0.0012342215050011873,0.12203402817249298,-0.3458015024662018,0.2673616111278534,-0.10505399852991104,-0.4296676516532898,0.15144841372966766,-0.1904783695936203,0.06553809344768524,-0.5885382890701294,0.23897846043109894,0.0972181186079979,0.23646679520606995,-0.007973253726959229,0.05770241096615791,0.11553467810153961,-0.034804899245500565,-0.11760251224040985,-0.33419346809387207,-0.42307138442993164,0.23099830746650696,-0.14318063855171204,0.5079809427261353,-0.23344659805297852,-0.4734262526035309,-0.7179973125457764,-0.7173728942871094,-0.03324749320745468,0.12769679725170135,-0.22819480299949646,0.8962035179138184,0.06328493356704712,-0.14041228592395782,0.10640381276607513,-0.2728812098503113,-0.030539076775312424,0.07547073066234589,-0.13196775317192078,0.11650578677654266,-0.009383708238601685,-0.4899404048919678,0.10802648216485977,-0.46013402938842773,-0.3030932545661926,0.0872727707028389,-0.046577610075473785,0.3534564971923828,0.14648117125034332,-0.7297205328941345,-0.05912617966532707,-0.8000508546829224,-0.20158743858337402,0.5733354091644287,-0.2382882833480835,0.12371256202459335,-0.6344476938247681,0.024517804384231567,0.8185514211654663,0.26072293519973755,0.14379413425922394,-0.1405104696750641,-0.20276758074760437,0.21623869240283966,0.6295067071914673,0.2190917730331421,0.6293838620185852,0.14081236720085144,0.1458352655172348,0.12962423264980316,0.12419118732213974,-0.6884618401527405,0.1386885643005371,-0.42230454087257385,0.31992194056510925,-0.10479404032230377,0.32472163438796997,0.29616251587867737,0.3511618971824646,0.5114379525184631,-0.0570511594414711,-0.30989304184913635,-0.09491085261106491,-0.005374363623559475,0.17166313529014587,0.033253252506256104,0.013409778475761414,0.10321924835443497,-0.06959138810634613,-0.23297981917858124,0.04716237261891365,0.19343386590480804,0.09770975261926651,-0.3130686581134796,0.1139490157365799,-0.08970823884010315,0.14054647088050842,0.1503758728504181,0.20620770752429962,0.10906030982732773,-0.32773858308792114,-0.0315089114010334,0.22383777797222137,-0.3184846341609955,-0.21885783970355988,-0.10653726756572723,-0.4911111891269684,0.6192310452461243,0.02690015360713005,-0.18908601999282837,0.10434528440237045,0.020946552976965904,0.04089155048131943,0.23072770237922668,-0.8415683507919312,-0.15859678387641907,-0.1276356279850006,-0.11043328046798706,0.17068472504615784,-0.03308273106813431,0.30155014991760254,-0.180498406291008,-0.14097025990486145,0.22684231400489807,0.10614778101444244,0.21551041305065155,0.3624423146247864,-0.1622229367494583,0.02654646709561348,0.026061957702040672,-0.11873342841863632,-0.8083106279373169,-0.3022119104862213,0.23717057704925537,-0.029394200071692467,-0.08012543618679047,0.5656133890151978,-0.12242215871810913,0.22725948691368103,0.23476067185401917,-0.0161739531904459,-0.029470199719071388,-0.07960555702447891,0.44575294852256775,0.12163814157247543,0.2918706238269806,0.09117992222309113,-0.08211665600538254,0.3439476490020752,-0.22988566756248474,-0.04420549422502518,0.8229791522026062,-0.38311195373535156,-0.2678104341030121,-0.2815762758255005,0.07999174296855927,0.07722773402929306,-0.14817379415035248,0.23210497200489044,-0.1315133273601532,-0.16351231932640076,-0.025448596104979515,-0.01008686888962984,-0.7443870306015015,0.04824428632855415,-0.4578636586666107,-0.19079476594924927,-0.2498636245727539,0.012890076264739037,0.39694827795028687,-0.48453640937805176,-0.3965151011943817,-0.011809545569121838,-0.02466747723519802,0.16320142149925232,-0.2800389528274536,0.12097849696874619,0.027416300028562546,0.05685858801007271,0.5447079539299011,0.39994052052497864,0.2524994909763336,-0.011330032721161842,0.02243410050868988,-0.17917177081108093,-0.11002975702285767,-0.06357808411121368,0.1410118192434311,-0.16970232129096985,-0.10096307098865509,-0.17060498893260956,0.09078358858823776,0.5228670239448547,-0.28736215829849243,-0.2978360652923584,-0.1017681360244751,0.09496989846229553,-0.025971125811338425,-0.03569868952035904,0.0038552999030798674,-0.19380925595760345,0.22423839569091797,0.07235713303089142,0.012702370062470436,-0.03755929321050644,-0.53290855884552,-0.19885140657424927,-0.4445796608924866,-0.11223983764648438,-0.03706211969256401,-0.12425820529460907,-0.0398542694747448,0.04124955087900162,0.020027607679367065,0.03502041473984718,0.8276507258415222,0.1972586065530777,-0.21509692072868347,-0.009278523735702038,-0.1816658228635788,-0.16391339898109436,0.1689254343509674,-0.12773610651493073,0.03256012871861458,-0.20868177711963654,0.08262203633785248,0.32137030363082886,0.01329660415649414,-0.8195576667785645,-0.035273581743240356,0.23438234627246857,0.3786133825778961,0.1516902893781662,-0.07984547317028046,-0.39047759771347046,-0.5038989186286926,0.04975398629903793,-0.10230978578329086,-0.17532433569431305,0.16083325445652008,-0.029559802263975143,0.27748021483421326,-0.3736814856529236,0.29566508531570435,-0.15931768715381622,0.03672521561384201,-0.27484187483787537,0.03533543646335602,-0.013969838619232178,-0.1383056342601776,0.38484060764312744,0.2721819281578064,0.1684524118900299,-0.2467617243528366,-0.3905795216560364,0.09233421087265015,0.03870578482747078
CID000005070,2433,0.021388884633779526,-0.22535011172294617,-0.5128108263015747,0.17248010635375977,0.3682824671268463,-0.12617036700248718,-0.07829434424638748,-0.5024760961532593,-0.2219851016998291,-0.04118414595723152,0.2816564738750458,0.1315317153930664,-0.08427415788173676,0.00887325219810009,0.0781845673918724,0.14617964625358582,0.25993481278419495,0.08471327275037766,-0.12414231151342392,0.22473283112049103,-0.0618104450404644,0.1149841919541359,0.4554506242275238,-0.015083049423992634,-0.41035428643226624,-0.6916031241416931,-0.5052236914634705,0.14897644519805908,-0.07616317272186279,0.025805016979575157,0.5282469987869263,0.09010497480630875,-0.08053094148635864,0.5332010388374329,-0.16023297607898712,0.12221775949001312,1.1729791164398193,-0.15034519135951996,0.04236621409654617,0.05317980796098709,0.030974363908171654,0.424100399017334,-0.421126127243042,0.09885840862989426,-0.09041650593280792,0.08972252905368805,0.5527938604354858,-0.2407991588115692,-0.41044503450393677,-0.040618255734443665,-0.32094359397888184,0.18318822979927063,0.31744852662086487,-0.2623278498649597,0.3372524082660675,-0.20457816123962402,-0.28989967703819275,0.42438188195228577,0.0895024985074997,-0.06687483936548233,0.03695292770862579,-0.21832013130187988,-0.03500516340136528,0.6153067946434021,0.07244651019573212,0.12295310199260712,-0.18365027010440826,-0.18534407019615173,0.03718481957912445,0.041711922734975815,-0.5083425641059875,0.2182232141494751,-0.5876757502555847,0.5760091543197632,-0.0019071877468377352,0.35948026180267334,0.595168948173523,0.27470213174819946,0.40683573484420776,0.001559170545078814,0.0463620163500309,-0.17808479070663452,0.11118801683187485,-0.028623083606362343,0.15836304426193237,0.32767850160598755,-0.12047861516475677,-0.11789605766534805,-0.09338749200105667,0.18590158224105835,-0.2364208996295929,-0.044925980269908905,-0.06907414644956589,0.11321921646595001,0.12966176867485046,-0.0874575600028038,-0.013388539664447308,0.1979924440383911,-0.0168034378439188,-0.6799190640449524,-0.06002580374479294,-0.15735431015491486,0.21563228964805603,-0.06294234097003937,0.2534114420413971,-0.05912364646792412,0.9193114042282104,-0.15005265176296234,0.31385648250579834,-0.06718376278877258,-0.06771677732467651,0.07740071415901184,0.1776292324066162,-0.07240960747003555,0.17634597420692444,-0.42309755086898804,-0.3858998715877533,0.01259149145334959,-0.04937701299786568,0.08434665948152542,-0.29149293899536133,-0.30500978231430054,0.22406511008739471,0.06409892439842224,-0.0041819363832473755,0.04289794713258743,0.2491142302751541,-0.01157600712031126,-0.2935977876186371,0.2658666968345642,-0.6225359439849854,-0.4024750590324402,0.34988847374916077,0.13297252357006073,-0.005033883266150951,0.7173166275024414,0.24310794472694397,-0.1449781358242035,0.24300460517406464,-0.07235147058963776,-0.07431403547525406,-0.24508897960186005,0.047543950378894806,0.10867220163345337,0.07190455496311188,0.033996857702732086,-0.17635942995548248,-0.06619520485401154,-0.12438319623470306,-0.013694415800273418,0.13150902092456818,-0.1459674835205078,-0.5203824639320374,-0.5716665983200073,0.45289915800094604,-0.1932641714811325,0.3677555322647095,0.07933086156845093,-0.3749011158943176,-0.07030894607305527,-0.07841966301202774,0.23905959725379944,-0.8602770566940308,0.08513136953115463,-0.2916741669178009,0.03316427022218704,0.03882572799921036,-0.15992532670497894,0.6615681052207947,-0.482768714427948,-0.16889826953411102,-0.08058196306228638,0.020808188244700432,-0.11341580003499985,-0.5552310943603516,-0.2097739726305008,0.37903010845184326,0.11662326753139496,0.5184322595596313,-0.07979632914066315,0.6643180251121521,-0.1912059634923935,-0.20927317440509796,0.44993919134140015,0.03350674360990524,-0.5280556082725525,-0.04825339838862419,-0.17089341580867767,-0.2796262502670288,-0.08332524448633194,-0.27521198987960815,1.0070126056671143,-0.049550943076610565,-0.501565158367157,0.12345091253519058,-0.10063885152339935,-0.005490812007337809,0.18295513093471527,0.40970736742019653,-0.135227769613266,0.23526373505592346,0.4693628251552582,-0.14732375741004944,0.07189913839101791,-0.3900010287761688,-0.3040686249732971,-0.18499097228050232,0.011827565729618073,-0.16496968269348145,-0.12333016097545624,-0.10133641958236694,0.0024829229805618525,-0.0938694104552269,-0.25829601287841797,0.6988522410392761,0.0070200576446950436,-0.04975653439760208,-0.30533161759376526,0.04036537930369377,0.02998662367463112,0.2272293120622635,0.04220157489180565,0.14966943860054016,-0.03572842851281166,0.1777670681476593,-0.025261282920837402,0.08923857659101486,-0.606667697429657,-0.21112939715385437,-0.03256833180785179,-0.2661721110343933,0.1853305697441101,0.10090837627649307,-0.17850884795188904,-0.4983888268470764,-0.03284531459212303,0.14837846159934998,-0.18614552915096283,0.002639980288222432,-0.06985968351364136,0.7640644907951355,-0.3556519150733948,0.138914093375206,-0.2935507297515869,-0.05674850940704346,-0.28598660230636597,0.10741649568080902,0.09346678107976913,-0.09850601851940155,0.22894959151744843,0.2839708924293518,0.056779634207487106,0.2042083740234375,-0.19022250175476074,0.1859402358531952,0.11721882969141006
CID000002708,2444,0.09861831367015839,-0.21974308788776398,-0.7874167561531067,-0.024398645386099815,0.5388872027397156,0.010978552512824535,-0.11906711012125015,-0.46078428626060486,-0.2101612091064453,-0.14180263876914978,-0.09269634634256363,-0.05154106020927429,-0.02493719384074211,-0.07768408954143524,0.06520156562328339,0.2090979516506195,0.23394055664539337,0.05429122596979141,-0.4860683083534241,-0.15211692452430725,-0.24505741894245148,0.026238054037094116,0.6542969942092896,0.1286284178495407,-0.6107730269432068,-0.5870453119277954,-0.2849646508693695,-0.30877870321273804,0.4186975061893463,0.07418712228536606,0.8089404106140137,-0.044894080609083176,-0.09617578983306885,0.5396735072135925,-0.459827721118927,0.1330260932445526,0.8867982625961304,-0.10520787537097931,-0.053871821612119675,0.19058403372764587,-0.5942829251289368,0.5709973573684692,-0.39401721954345703,0.1956881284713745,0.33132320642471313,-0.07207032293081284,0.6733623743057251,-0.0911860466003418,-0.5419921278953552,0.037180013954639435,-0.5407854318618774,0.41868558526039124,0.30025574564933777,-0.20618490874767303,-0.306285560131073,-0.13300129771232605,-0.09902377426624298,0.9787238240242004,0.11042611300945282,-0.25451889634132385,-0.18212179839611053,-0.2280884087085724,-0.035334788262844086,0.9825199246406555,0.3150315582752228,0.2987693250179291,0.027867380529642105,0.10759778320789337,-0.1390429139137268,-0.12939758598804474,-0.6803008913993835,0.04623054713010788,-0.8035893440246582,0.08737407624721527,0.009058629162609577,0.19400706887245178,0.831396222114563,0.2590219974517822,0.690761387348175,0.11306266486644745,0.15836967527866364,-0.4156990945339203,-0.11277858912944794,-0.2140301764011383,0.08776108175516129,0.0406203418970108,-0.7921565175056458,-0.12327754497528076,-0.32804012298583984,-0.14307674765586853,-0.09963570535182953,-0.0024064420722424984,-0.03171827644109726,-0.007622122764587402,0.04069862142205238,-0.22432704269886017,-0.20653219521045685,0.053175706416368484,-0.09224782139062881,-0.6163613200187683,-0.11192532628774643,0.11398418247699738,0.0860276073217392,-0.16340236365795135,0.36406654119491577,-0.05940328165888786,0.7688130140304565,0.1352197229862213,0.06495457887649536,0.0445823073387146,0.21295806765556335,-0.12975318729877472,0.6466017365455627,-0.23220553994178772,0.2376171350479126,-0.002464874880388379,-0.15740835666656494,0.3629293739795685,-0.12655246257781982,0.18292324244976044,-0.17898675799369812,-0.32955271005630493,-0.003908944316208363,0.039120398461818695,0.013466263189911842,-0.09182443469762802,0.22559043765068054,-0.03311502933502197,-0.020940084010362625,0.3422185182571411,-0.8456859588623047,-0.06235042214393616,0.48105674982070923,0.20851817727088928,0.0950162410736084,1.0227798223495483,0.12147454917430878,-0.22795891761779785,0.1581314206123352,0.00427000829949975,-0.02913353405892849,-0.24311833083629608,0.18850412964820862,0.20498859882354736,0.2444290667772293,0.07102349400520325,-0.4917357563972473,0.3526868224143982,0.07705286145210266,-0.06447148323059082,0.37719979882240295,0.05964421108365059,-0.8113821148872375,-0.9032899141311646,0.6181098818778992,-0.4085283875465393,-0.2864106595516205,-0.004198539070785046,-0.4259556233882904,-0.0334726944565773,-0.21478641033172607,0.10536649078130722,-1.0349173545837402,0.10745830833911896,-0.4493780732154846,-0.0880051702260971,0.04889313131570816,-0.3379044234752655,0.4646797180175781,-0.5937470197677612,-0.14358088374137878,-0.2727646231651306,-0.03234924003481865,-0.0833655595779419,-0.589897871017456,0.011313701048493385,0.3795270025730133,-0.09837408363819122,0.5240445733070374,-0.17422433197498322,0.6080338358879089,-0.1588585078716278,0.2605070173740387,0.7421318292617798,0.04836238920688629,-0.30585628747940063,-0.039751626551151276,-0.16113632917404175,-0.42769676446914673,-0.06700500100851059,-0.24199342727661133,0.7858902215957642,-0.22186490893363953,-0.46212267875671387,-0.14746969938278198,0.1157655268907547,0.06979171931743622,0.03761801868677139,0.6208678483963013,0.019361073151230812,0.4482216238975525,0.08316514641046524,-0.056439317762851715,0.18064016103744507,-0.4276044964790344,-0.04124966263771057,-0.13426104187965393,0.12974978983402252,-0.09277502447366714,-0.18282756209373474,-0.37322336435317993,-0.03791976720094681,-0.17715540528297424,-0.1855611503124237,0.5812061429023743,0.2536090016365051,-0.07753785699605942,0.058777712285518646,-0.09258618950843811,-0.02551659382879734,0.3263542950153351,-0.0808439627289772,0.28699812293052673,0.013064688071608543,-0.37220120429992676,0.1553412228822708,0.05986285209655762,-1.385896921157837,0.03531371429562569,-0.012958312407135963,0.08582690358161926,0.2759402394294739,0.14183874428272247,-0.04842476174235344,-0.6609480977058411,0.3861202001571655,0.007284742780029774,-0.0008755430462770164,-0.2704528868198395,0.06879838556051254,0.3548862934112549,-0.46692800521850586,-0.007035869173705578,-0.2672896385192871,-0.34930771589279175,-0.21065780520439148,0.1300751268863678,0.10891455411911011,0.09732017666101456,0.36450570821762085,0.31119081377983093,0.07020069658756256,-0.0012040078872814775,-0.1864459365606308,0.37913021445274353,-0.15737226605415344
CID005282044,2445,0.07858338207006454,-0.4573241174221039,-0.8500957489013672,0.013619703240692616,0.3468706011772156,-0.13352632522583008,0.1733388453722,-0.9274417757987976,0.05113961547613144,-0.49730658531188965,0.5750534534454346,-0.049419719725847244,-0.07703312486410141,0.010201161727309227,-0.11597752571105957,0.4415636658668518,0.10656504333019257,0.2750183939933777,-0.368411123752594,-0.3916069567203522,-0.2270764857530594,-0.05739295482635498,0.31675857305526733,0.09374415129423141,-1.125392198562622,-1.3243839740753174,-0.3599991202354431,-0.1057639941573143,0.1269998550415039,0.2272428572177887,1.3276922702789307,-0.016280274838209152,0.24851229786872864,0.12018980830907822,-0.021317090839147568,0.06815855205059052,0.3288119435310364,-0.14247770607471466,0.22620365023612976,-0.047372497618198395,-0.0782177597284317,0.2978014647960663,-0.04271462932229042,-0.2452658712863922,-0.11064298450946808,-0.16503244638442993,0.8793789744377136,-0.023435812443494797,-1.1066032648086548,-0.03918967396020889,-0.8213651776313782,-0.3844846785068512,0.723619282245636,-0.12690173089504242,-0.09285289794206619,-0.574637770652771,0.23953840136528015,1.2084505558013916,-0.161481112241745,0.026266008615493774,-0.17855441570281982,-0.03856372833251953,-0.08124323189258575,0.6199305653572083,0.04660215228796005,0.645196259021759,0.08864253759384155,-0.017449596896767616,-0.22539567947387695,0.03782425448298454,-0.2385004758834839,0.29965177178382874,-0.8636988401412964,0.13935574889183044,-0.023402811959385872,0.04132504016160965,0.4417290687561035,0.19566556811332703,0.41223257780075073,-0.2675204575061798,-0.06156982108950615,-0.3831497132778168,-0.15413989126682281,0.12505653500556946,0.514997124671936,0.23039822280406952,-0.3777412474155426,-0.3096390664577484,-0.3401516377925873,0.0699453353881836,-0.16019311547279358,-0.3524928689002991,-0.55832439661026,0.18280796706676483,0.07172037661075592,0.020699964836239815,0.02768407203257084,0.06774839013814926,-0.13400347530841827,-1.2969744205474854,-0.17803652584552765,0.058702610433101654,-0.005193817429244518,-0.20897789299488068,0.12272430956363678,-0.15767112374305725,1.4260281324386597,-0.23543500900268555,-0.127744659781456,-0.07278766483068466,-0.06563971936702728,0.2673265039920807,0.13802208006381989,-0.7937248945236206,-0.17294609546661377,-0.35346075892448425,-0.5860788822174072,0.1820801943540573,0.07252363860607147,0.29234668612480164,-0.42146292328834534,-0.0764726996421814,0.19617953896522522,-0.04753643646836281,0.22602662444114685,0.03333565592765808,0.25000813603401184,-0.025303367525339127,-0.18439826369285583,0.3851111829280853,-0.6794538497924805,0.29701870679855347,0.09818462282419205,0.047190260142087936,-0.23243685066699982,0.7170922756195068,-0.1989893615245819,0.2700085937976837,0.37685179710388184,-0.00811831932514906,-0.1273346245288849,0.08491826057434082,-0.11296828091144562,0.3458280563354492,0.016936082392930984,-0.05459364131093025,-0.5096673965454102,0.629287838935852,0.060592733323574066,-0.16871793568134308,0.7568588852882385,0.03484780713915825,-0.48154836893081665,-0.847852349281311,0.8216339349746704,-0.07336463779211044,-0.005520731210708618,0.14412572979927063,-0.4753032624721527,0.14355012774467468,-0.12035997211933136,-0.07375907152891159,-0.9024122357368469,-0.0833728015422821,-0.43296536803245544,-0.05314992740750313,0.05159729719161987,-0.03297150880098343,1.0011353492736816,-0.5861088037490845,-0.3121946156024933,0.027111699804663658,0.15882250666618347,0.1690247505903244,-0.47685641050338745,-0.2326364815235138,0.11381479352712631,-0.15368501842021942,0.5371188521385193,0.5650955438613892,0.2576596140861511,-0.1242893785238266,0.08774086087942123,0.5110524892807007,0.20842978358268738,-0.1492026299238205,-0.12063981592655182,-0.14745649695396423,-0.26354628801345825,-0.07994493097066879,-0.3432806134223938,1.4586403369903564,-0.07401160150766373,-0.33670225739479065,-0.09887012839317322,-0.12595219910144806,-0.1913282424211502,0.06089834123849869,1.227787971496582,-0.2506917119026184,0.4111408591270447,0.035315465182065964,0.03802903741598129,1.1262849569320679,-0.5906817317008972,0.1479528844356537,-0.4754583239555359,-0.1761404275894165,-0.18409408628940582,-0.0175588671118021,0.09299352020025253,0.0734681785106659,0.1429046094417572,-0.20267733931541443,0.8667734861373901,0.6384289860725403,-0.6034456491470337,0.11526517570018768,-0.09368522465229034,0.17445454001426697,-0.014163374900817871,0.29057577252388,0.020544718950986862,-0.24207618832588196,0.06240134313702583,0.19447441399097443,0.0553782694041729,-0.8542277216911316,-0.09417570382356644,-0.038176171481609344,0.28638213872909546,0.11422853171825409,0.269696980714798,-0.24649226665496826,-0.5658547878265381,-0.07376943528652191,0.02101021446287632,-0.17212648689746857,0.05219809338450432,-0.4008405804634094,1.6301530599594116,-0.3710128664970398,0.13510552048683167,-0.5367867946624756,-0.015709634870290756,-0.48255643248558044,-0.11167542636394501,0.07079921662807465,-0.21836884319782257,0.3627395033836365,0.20786695182323456,-0.13900384306907654,0.01416935957968235,-0.04189810901880264,0.2574930489063263,0.08465274423360825
CID000014888,2521,-0.10260369628667831,-0.22599461674690247,-0.4554165303707123,0.22266244888305664,0.1122594028711319,-0.24354800581932068,-0.03232168033719063,-0.18687154352664948,0.1339423805475235,-0.17841485142707825,0.22720973193645477,0.08712250739336014,0.0017890334129333496,0.057233911007642746,0.30268844962120056,0.24826934933662415,0.06605106592178345,-0.13345107436180115,-0.12165746837854385,0.3363337218761444,0.23671481013298035,0.006236272864043713,0.27694588899612427,0.1633688062429428,-0.4854084551334381,-0.3528471291065216,-0.05467032268643379,-0.40766263008117676,0.19743399322032928,0.16865506768226624,0.4388328492641449,-0.050073523074388504,-0.08814068138599396,0.06948196887969971,-0.04106346517801285,0.09085571020841599,0.32244259119033813,0.03810015320777893,0.14338691532611847,-0.06266509741544724,-0.30272674560546875,0.1934805065393448,-0.38927435874938965,-0.2653096318244934,-0.1921844184398651,-0.003417152212932706,0.513401210308075,-0.3135710656642914,-0.3898862898349762,-0.21725542843341827,-0.6846920251846313,0.23207291960716248,0.682424008846283,-0.035875096917152405,0.09599276632070541,-0.4491233825683594,-0.2373293936252594,0.5522399544715881,0.17026953399181366,-0.34277069568634033,0.034206125885248184,-0.062124598771333694,0.1840818226337433,0.41732415556907654,-0.07218601554632187,0.7587156891822815,0.1806192696094513,-0.014986962080001831,0.06584656983613968,-0.048590973019599915,-0.5315988063812256,0.049646683037281036,-0.2929392457008362,0.30305442214012146,-0.21428099274635315,0.545264482498169,0.15264496207237244,0.026121091097593307,0.2622033953666687,0.015834718942642212,0.011754716746509075,-0.014633700251579285,-0.11926352977752686,-0.1371612846851349,0.033883750438690186,0.05348754674196243,-0.24981895089149475,0.008061910048127174,-0.13871511816978455,-0.22598330676555634,0.11143709719181061,0.1719430536031723,-0.15097039937973022,-0.02634696289896965,0.09158167243003845,-0.011353401467204094,0.037772346287965775,-0.011664366349577904,0.09401555359363556,-0.582994818687439,0.06659263372421265,-0.08402539044618607,-0.08904431760311127,-0.35936641693115234,0.06002634018659592,-0.3508719503879547,0.38485798239707947,0.018106576055288315,0.08295674622058868,0.009058111347258091,-0.03788189962506294,-0.06872918456792831,0.23426437377929688,-0.9207795262336731,-0.08669919520616531,-0.2292996644973755,-0.14283815026283264,-0.24600648880004883,0.13095137476921082,-0.10789064317941666,-0.07298614084720612,-0.413510799407959,0.21297164261341095,-0.173789843916893,0.04198197275400162,0.13784159719944,0.060706526041030884,-0.18048988282680511,0.03037545643746853,0.17982620000839233,-0.25799626111984253,-0.18416044116020203,0.15217649936676025,0.05090223625302315,0.10246342420578003,0.5843538045883179,-0.009680232033133507,0.07953716814517975,0.17308811843395233,-0.03849519416689873,-0.062073491513729095,0.11280201375484467,0.25540778040885925,0.04789920896291733,0.22666475176811218,-0.11585448682308197,-0.05369536206126213,-0.014059069566428661,-0.5763969421386719,-0.06651818752288818,0.8036532402038574,0.025415509939193726,-0.5348473787307739,-0.5268352627754211,0.6359446048736572,-0.39926770329475403,-0.2831239104270935,-0.08121905475854874,-0.4920227527618408,0.12783882021903992,-0.07302062213420868,0.08006294816732407,-0.8023338317871094,0.03116602823138237,-0.3988437056541443,-0.09651454538106918,-0.052805669605731964,0.048960912972688675,0.35245150327682495,-0.4781726896762848,-0.3721874952316284,0.07427108287811279,0.004787623882293701,0.018246393650770187,-0.3659660220146179,-0.330554336309433,0.1495203822851181,-0.077824667096138,0.5623913407325745,0.02694716677069664,0.46045345067977905,-0.026812870055437088,-0.10544686019420624,0.20738990604877472,-0.1809682548046112,-0.26723477244377136,-0.08149147778749466,-0.2812129259109497,0.10815135389566422,-0.14279381930828094,0.09222155064344406,0.6317981481552124,0.17131492495536804,-0.28146302700042725,-0.21963262557983398,-0.04213325306773186,-0.01871894858777523,-0.002230759710073471,0.27533599734306335,-0.10794222354888916,0.2826763093471527,0.21839234232902527,-0.21550364792346954,-0.07338418811559677,-0.7153465151786804,-0.2990491986274719,-0.5348832011222839,-0.07953698933124542,-0.10346652567386627,-0.04799802601337433,-0.16771239042282104,-0.0325939878821373,-0.021269673481583595,-0.05572919920086861,0.5475525856018066,-0.19220547378063202,-0.10278014838695526,0.22720083594322205,-0.2054019421339035,0.020062651485204697,0.18569982051849365,-0.014877254143357277,0.12297254800796509,-0.2712298333644867,0.10493431240320206,-0.057473164051771164,0.0239424891769886,-0.5594722628593445,0.03628868609666824,0.0040718382224440575,0.1537112444639206,0.22123348712921143,-0.020857639610767365,-0.2823702096939087,-0.28490981459617615,-0.2859305143356323,-0.004271022975444794,0.20019972324371338,-0.21412250399589539,0.0816856175661087,0.4842683672904968,-0.43657413125038147,-0.11343435943126678,-0.22445428371429443,-0.12394049018621445,-0.44447216391563416,-0.004296751227229834,-0.25778308510780334,-0.2028210461139679,0.3807322382926941,0.147684246301651,-0.04382765293121338,-0.060849837958812714,-0.11023441702127457,-0.020679453387856483,0.18189524114131927
CID000002476,2537,0.3005931079387665,-0.05409618094563484,-0.5796024203300476,0.12426076084375381,0.3621419668197632,-0.18435846269130707,-0.03525681793689728,-0.533412754535675,-0.39470648765563965,-0.2988812029361725,0.3547338843345642,-0.0717543363571167,-0.0911087840795517,-0.09807846695184708,0.11316480487585068,0.6024013161659241,0.08755087107419968,-0.17076647281646729,-0.31028276681900024,0.013576216995716095,-0.2802658975124359,-0.0735456719994545,0.8572471737861633,0.01410154439508915,-1.0600337982177734,-0.7765417098999023,-0.11902330070734024,-0.09434844553470612,0.25920170545578003,0.13889293372631073,0.9638065099716187,0.07680262625217438,0.04860689118504524,0.09122151136398315,-0.3885655999183655,0.16169896721839905,0.15303997695446014,-0.274879515171051,-0.2685510516166687,0.03904072940349579,-0.38328567147254944,0.06481228768825531,-0.2259453982114792,-0.15123723447322845,-0.025077497586607933,-0.21302442252635956,0.7008493542671204,-0.10515493154525757,-0.3683488667011261,-0.0021766959689557552,-0.4096596837043762,0.048258207738399506,0.8601067662239075,0.00014789104170631617,-0.05631359666585922,-0.11008886992931366,0.01531893014907837,0.7283195853233337,-0.1962147057056427,-0.25564900040626526,-0.04857688397169113,-0.05809735506772995,0.18722553551197052,0.6628912687301636,0.12252223491668701,0.41415685415267944,0.14575693011283875,0.0670839175581932,-0.27084675431251526,-0.07407136261463165,-0.4794233441352844,0.12950100004673004,-0.6713744401931763,0.2258278876543045,-0.008749539032578468,0.1313716471195221,0.013274138793349266,0.1630266010761261,0.30594033002853394,-0.03786924108862877,0.15224942564964294,-0.0615977868437767,0.1037340760231018,0.14404039084911346,0.00940981786698103,0.1900920867919922,-0.7709888815879822,0.07395376265048981,-0.04514922574162483,-0.11563201993703842,0.0370192788541317,-0.08147090673446655,-0.7425814867019653,0.2134220153093338,-0.01768525317311287,0.08449730277061462,0.18064656853675842,0.29724159836769104,0.08665981888771057,-1.2457525730133057,0.01200847141444683,-0.09156060963869095,0.04283430054783821,-0.15889766812324524,-0.0766482725739479,-0.04539250582456589,0.899802565574646,0.008430886082351208,-0.010135956108570099,-0.0730934664607048,-0.08671228587627411,-0.28503134846687317,0.38356319069862366,-0.27913445234298706,0.2230219542980194,-0.35020390152931213,0.026990652084350586,-0.20495577156543732,0.09303532540798187,0.40042558312416077,-0.5087239742279053,-0.4359970688819885,0.08411882817745209,0.3062470555305481,-0.20502087473869324,-0.07215029001235962,0.07880418002605438,0.09766904264688492,-0.10657645761966705,0.0790301188826561,-0.849199116230011,-0.19509480893611908,0.27437013387680054,-0.0742032378911972,-0.18857243657112122,0.6801229119300842,0.06400321424007416,-0.012324434705078602,0.4125741124153137,0.12859022617340088,0.16502252221107483,-0.22629991173744202,0.08178063482046127,0.4031292796134949,0.1128530278801918,0.24236850440502167,-0.2887798249721527,0.36952608823776245,0.2380378693342209,-0.05109534412622452,0.3025052547454834,-0.3231632709503174,-0.5376691818237305,-0.7769713401794434,0.7949656248092651,0.03702979534864426,-0.2318485677242279,-0.07109017670154572,-0.4736667573451996,0.2687770128250122,-0.03194084018468857,0.0012233525048941374,-0.9749813079833984,0.06651923805475235,-0.6335674524307251,-0.10313119739294052,0.4274100363254547,-0.20820613205432892,0.5867007970809937,-0.769141674041748,-0.938174843788147,0.17416924238204956,-0.0820469856262207,0.2367599904537201,-0.4103182256221771,-0.2036847174167633,0.400320827960968,-0.015308585949242115,0.7769684791564941,0.23940551280975342,0.2740973234176636,-0.13514578342437744,-0.06378479301929474,0.7535127401351929,0.1678880751132965,-0.20780889689922333,-0.36555153131484985,-0.276145339012146,-0.13931897282600403,-0.14534151554107666,0.018718909472227097,0.9412206411361694,-0.035936079919338226,-0.9222828149795532,-0.2254493236541748,0.01631966233253479,-0.06262990087270737,-0.12176670879125595,0.6955222487449646,-0.2996271252632141,0.29611635208129883,0.17903563380241394,0.03579533472657204,0.5114126801490784,-0.741145133972168,-0.04599941521883011,-0.363530695438385,-0.08434940129518509,-0.26251500844955444,-0.15164156258106232,0.4890105724334717,0.1948786973953247,-0.15833131968975067,-0.22652244567871094,0.3447650372982025,0.03778371959924698,-0.28698500990867615,-0.00870473962277174,-0.08518189936876297,0.16249549388885498,0.44468921422958374,-0.03591413050889969,0.013623791746795177,-0.18913988769054413,0.12133028358221054,0.4799000322818756,0.047400761395692825,-0.4532504081726074,-0.10609330981969833,-0.1318199336528778,0.13462994992733002,-0.04777288809418678,0.16952316462993622,-0.11797963082790375,-0.4686514437198639,-0.10419046878814697,-0.0760100856423378,0.05325810983777046,0.049516189843416214,0.29705092310905457,0.9001638293266296,-0.4535658359527588,-0.14068415760993958,-0.4861364960670471,-0.4164458215236664,-0.5643569231033325,0.17670273780822754,-0.12046857178211212,-0.16246366500854492,0.5924806594848633,0.02985789254307747,0.00234891171567142,0.19674067199230194,0.1656571328639984,0.05361295863986015,-0.05061173439025879
CID000002551,2611,0.0764826163649559,-0.0383421964943409,-0.7795565128326416,-0.025236934423446655,0.43154239654541016,-0.01723584532737732,-0.09255041182041168,-1.1226476430892944,-0.28654465079307556,-0.11809290945529938,0.846697986125946,0.2747877240180969,0.06896215677261353,0.019451063126325607,0.5905765295028687,0.06283095479011536,0.6477878093719482,-0.09993339329957962,-0.47320032119750977,-0.14806480705738068,0.362292617559433,-0.005504158325493336,0.41057300567626953,-0.08595339953899384,-1.1842067241668701,-0.7774913907051086,-0.7513121366500854,-0.1771797388792038,0.17262306809425354,-0.48106393218040466,0.7187992930412292,-0.05850933864712715,-0.0957108661532402,0.4122658669948578,-0.3755481541156769,0.25546014308929443,0.9986495971679688,-0.28299757838249207,0.10382728278636932,-0.023176392540335655,-0.3931333124637604,0.6694083213806152,-0.28648754954338074,-0.3826199173927307,0.004267564509063959,-0.056854259222745895,1.0384176969528198,-0.36403709650039673,-0.6346777081489563,-0.056292273104190826,-1.0579195022583008,0.9313076734542847,0.3557034432888031,0.2387814223766327,0.4159514307975769,-0.3089785575866699,-0.16809532046318054,0.9942542314529419,0.07402815669775009,0.20081980526447296,-0.1664648801088333,-0.4060024619102478,-0.2517974078655243,0.8692111968994141,-0.04448719322681427,0.36773940920829773,-0.09904779493808746,0.027340885251760483,0.014600872993469238,-0.17340238392353058,-0.8171561360359192,0.07295725494623184,-0.5030394792556763,0.30840301513671875,0.24586844444274902,0.3022374212741852,0.7838305234909058,0.2891079783439636,1.246152400970459,0.13075442612171173,-0.06572534143924713,-0.3166150450706482,-0.2144140750169754,0.08407776057720184,0.1997416615486145,0.211835578083992,-0.13589882850646973,-0.29098036885261536,0.20351572334766388,-0.16022464632987976,-0.2416462004184723,-0.3291904032230377,-0.11140340566635132,-0.15558841824531555,-0.1597607135772705,-0.2742457985877991,0.020099854096770287,0.3801080584526062,0.00845557264983654,-0.6468695402145386,0.010344129987061024,-0.06362379342317581,0.12023581564426422,-0.05421699211001396,0.3852606415748596,-0.1274036318063736,0.9220964312553406,0.18087762594223022,0.2705628573894501,-0.20158271491527557,0.18416158854961395,-0.04477182775735855,0.9070566296577454,-0.5324106216430664,0.37889623641967773,-0.014995843172073364,-0.468621164560318,0.006009405944496393,-0.2295682728290558,0.039392489939928055,-0.3414308428764343,-0.4868707060813904,0.17452049255371094,0.29054322838783264,-0.4619240164756775,0.1668154001235962,0.0947563499212265,-0.16366752982139587,-0.17354586720466614,-0.057392559945583344,-0.8382834196090698,0.2106703817844391,0.2500637173652649,0.23433832824230194,-0.015244811773300171,0.7341295480728149,0.16828039288520813,-0.05398239567875862,0.5376145839691162,-0.45735955238342285,-0.19122663140296936,-0.1565113067626953,0.4684986174106598,0.18071189522743225,0.11121313273906708,0.07892423868179321,-0.620186448097229,0.5170043110847473,-0.4798646867275238,0.13009968400001526,0.4714586138725281,-0.1744174063205719,-0.5540097951889038,-1.0830410718917847,0.6961686611175537,-0.45597824454307556,-0.1199096217751503,0.2168511599302292,-0.796371579170227,0.062009889632463455,0.09766115993261337,-0.04282981902360916,-1.2815760374069214,0.24028947949409485,-0.569553017616272,-0.14633092284202576,-0.3375638723373413,0.0856170505285263,0.6487372517585754,-0.5485160946846008,-0.07549891620874405,-0.05158156156539917,-0.00992235541343689,-0.07186100631952286,-1.023805856704712,-0.25579923391342163,0.5968872308731079,0.15298286080360413,0.2592463493347168,-0.10074253380298615,0.3317731022834778,-0.15661509335041046,-0.37506622076034546,0.6165952086448669,0.03907887265086174,-0.6533275842666626,-0.016443699598312378,0.10089590400457382,-0.6773309707641602,-0.27855193614959717,-0.7681534290313721,1.4407612085342407,0.10332135856151581,-0.2576001286506653,-0.08505888283252716,0.09203535318374634,-0.13481943309307098,0.07182139158248901,0.7295332551002502,0.043092433363199234,0.8487194180488586,0.07441111654043198,0.09913419932126999,0.3863667845726013,-0.3278124928474426,0.22663827240467072,-0.11870323121547699,-0.08299150317907333,0.06599827855825424,0.02653234265744686,0.08861769735813141,-0.029774362221360207,0.1810069978237152,-0.32905107736587524,1.14771568775177,0.24722662568092346,0.08927656710147858,-0.003739601466804743,0.1018899455666542,0.40575218200683594,0.3213675916194916,0.16307085752487183,-0.12157680839300156,0.32432666420936584,-0.12458856403827667,0.4992899000644684,0.17741137742996216,-1.1853128671646118,-0.33247071504592896,-0.02368972636759281,0.23071129620075226,0.2779412269592285,0.04456267133355141,-0.07840104401111603,-0.7640336751937866,0.3084193170070648,-0.06628262996673584,-0.1806633174419403,-0.03267218917608261,-0.07926129549741745,0.7792977690696716,-0.21843647956848145,-0.22815223038196564,-0.24399688839912415,0.3074253499507904,-0.2766588032245636,0.04192033410072327,0.027040839195251465,-0.35134148597717285,0.48511043190956116,0.25093314051628113,0.21337123215198517,0.23849579691886902,-0.3406426012516022,-0.019080866128206253,0.25974544882774353
CID000003724,2686,0.009775655344128609,-0.09914061427116394,-0.7763864398002625,-0.01852801814675331,0.5463080406188965,-0.008461338467895985,0.2107129842042923,-0.8864454030990601,-0.21384546160697937,0.3749306797981262,0.521282970905304,0.10965240001678467,-0.14820335805416107,-0.27592378854751587,-0.03455132991075516,0.022047746926546097,0.04729757457971573,0.5001821517944336,-0.25887876749038696,-0.4591306149959564,0.2159394770860672,-0.0572170689702034,0.6232901215553284,0.10272200405597687,-1.4251184463500977,-1.1351789236068726,-0.13171015679836273,-0.06149817630648613,0.016236070543527603,0.14802007377147675,1.2066917419433594,-0.11443500220775604,-0.21736088395118713,0.506259024143219,-0.19945120811462402,-0.10941002517938614,0.37299153208732605,0.032942213118076324,-0.002206395613029599,0.06668003648519516,-0.14458326995372772,0.03664668649435043,-0.9110327959060669,0.1847594976425171,0.06137482076883316,-0.02075793594121933,0.6776869893074036,0.11057703197002411,-0.740817666053772,-0.019722865894436836,-0.3739969730377197,0.7727325558662415,0.6571184396743774,-0.24267704784870148,0.47102174162864685,-0.2267242670059204,-0.03748839348554611,0.3806197941303253,-0.25148165225982666,0.4119648039340973,0.021381031721830368,-0.03624513000249863,0.1315348595380783,1.0451631546020508,0.5342006683349609,-0.022902630269527435,-0.1142481118440628,-0.3776405155658722,-0.06969980150461197,0.14447923004627228,-1.020077109336853,0.0614573135972023,-0.4569598138332367,0.06802155822515488,0.16137823462486267,0.5500242114067078,0.16913405060768127,-0.021681595593690872,0.5367127656936646,-0.2802371084690094,-0.09054743498563766,-0.6353791952133179,-0.45306071639060974,-0.16714000701904297,-0.07161711156368256,0.299626886844635,-0.2139480859041214,0.11414317041635513,0.29503947496414185,0.2250618040561676,0.10339842736721039,0.004003372974693775,0.19864195585250854,0.32366517186164856,0.002606624271720648,-0.4289916157722473,-0.0398215726017952,0.3276837468147278,-0.16192230582237244,-0.8028356432914734,-0.2997678816318512,-0.22414381802082062,0.10268054157495499,-0.07172372192144394,0.25722354650497437,-0.14737221598625183,1.186028242111206,-0.23182961344718933,-0.10298250615596771,-0.25436845421791077,-0.03219298645853996,0.2639431357383728,0.569627046585083,-0.19475942850112915,-0.04422662779688835,-0.23453450202941895,-0.409214586019516,0.1258402168750763,-0.12762048840522766,0.2957938015460968,0.09212597459554672,-0.06296010315418243,-0.3377529978752136,0.18486464023590088,-0.35921889543533325,0.1806609332561493,0.41504043340682983,0.008901253342628479,-0.004450845532119274,0.0857444480061531,-0.971688449382782,-0.1523037701845169,0.6405758261680603,0.32995206117630005,-0.08329705893993378,0.7301002740859985,0.384546160697937,-0.2922660708427429,0.26819953322410583,0.02780245617032051,-0.21241521835327148,-0.337299644947052,0.12464046478271484,0.18480631709098816,0.19819672405719757,-0.47440972924232483,-0.24046507477760315,0.737320601940155,-0.4075709283351898,-0.2035050094127655,0.17036890983581543,0.17322437465190887,-0.8655585050582886,-0.7359159588813782,1.0862154960632324,0.021932220086455345,-0.02095349133014679,-0.07860969007015228,-0.27174586057662964,-0.11572816222906113,0.09966586530208588,0.259653776884079,-0.9082706570625305,-0.08368800580501556,-0.505677342414856,0.24144001305103302,-0.22358056902885437,-0.21221308410167694,1.0714260339736938,-0.7323191165924072,-0.09864364564418793,-0.5191076397895813,-0.1974799633026123,0.12405741214752197,-0.6495901346206665,-0.15983906388282776,0.45405974984169006,0.06021617725491524,0.7622569799423218,-0.3431956470012665,1.1724507808685303,-0.14533719420433044,-0.38782379031181335,1.2003358602523804,0.03543568402528763,-1.555576205253601,-0.4164355397224426,0.0899394303560257,0.11166109889745712,0.02205568552017212,-0.14954662322998047,1.0085147619247437,-0.36004212498664856,-0.7139676809310913,-0.003724604845046997,-0.29307669401168823,-0.053503572940826416,0.14991611242294312,0.12475904077291489,0.04980845004320145,0.8401926755905151,0.00011519789404701442,0.023927945643663406,-0.007048883941024542,-0.896389365196228,-0.4265507757663727,-0.19437409937381744,-0.20253348350524902,-0.01499360054731369,0.2026403248310089,-0.03636500611901283,0.06451579928398132,-0.3919674754142761,-0.422727108001709,0.937352180480957,-0.07800723612308502,0.3315649926662445,-0.18724241852760315,-0.052698470652103424,0.3100343942642212,0.5569454431533813,-0.11359884589910507,0.2300569713115692,0.21294769644737244,0.013744753785431385,0.15409447252750397,-0.05501507595181465,-1.316356897354126,-0.46419113874435425,-0.14891070127487183,-0.0664597749710083,0.06591931730508804,0.14556124806404114,-0.19772373139858246,-0.7307432889938354,0.3649516999721527,-0.0583265945315361,-0.08111481368541718,0.02835780940949917,-0.35270577669143677,0.5638566017150879,-0.47513192892074585,0.23209500312805176,-0.15921548008918762,-0.030977273359894753,-0.5778904557228088,-0.17026540637016296,0.11800055205821991,0.3564983308315277,0.08899421989917755,-0.17502474784851074,0.24783587455749512,0.4939320683479309,0.006422364618629217,0.27207136154174805,-0.1805049628019333
CID000002177,2708,-0.07560990750789642,-0.12876355648040771,-0.37463510036468506,-0.06296638399362564,0.48969656229019165,-0.1820189207792282,0.10482095181941986,-0.2290072739124298,-0.2491888552904129,0.04774538427591324,0.41834744811058044,-0.09212704002857208,-0.13513097167015076,-0.16844289004802704,-0.0842144638299942,0.4758449196815491,0.3373013436794281,0.04889916256070137,-0.29430052638053894,0.2563687562942505,-0.2226795256137848,0.16501100361347198,0.2345249354839325,0.00888282060623169,-0.32515236735343933,-0.7754513621330261,-0.9511951208114624,-0.2072981894016266,0.1505458503961563,0.08157799392938614,0.9091910123825073,0.18254666030406952,0.03277944400906563,0.281325101852417,-0.8497126698493958,0.10096502304077148,0.4269433915615082,-0.17448055744171143,0.1368337720632553,0.009672403335571289,-0.25882023572921753,0.2980598509311676,-0.3288431465625763,-0.010533553548157215,0.009011192247271538,0.11356191337108612,0.6119844913482666,0.11334429681301117,-0.7573627829551697,0.017953429371118546,-0.904753565788269,0.05390583723783493,0.34851425886154175,-0.18070478737354279,0.02881762944161892,-0.342792272567749,0.03124712035059929,0.5101093649864197,0.051689304411411285,-0.10532142221927643,0.25096839666366577,-0.15324333310127258,-0.016478223726153374,0.6278654336929321,0.2321588695049286,0.3045807182788849,0.06783334910869598,0.0713292583823204,-0.1262681931257248,0.08576088398694992,-0.5829721689224243,0.1515927016735077,-0.7171136140823364,0.4494202136993408,-0.12822963297367096,0.4752093255519867,0.27124056220054626,0.26206982135772705,1.2507245540618896,-0.09625166654586792,-0.1336805820465088,-0.22319665551185608,0.14168544113636017,-0.13032354414463043,0.28389549255371094,0.42426562309265137,-0.12256409972906113,-0.0025915533769875765,-0.1619240939617157,0.17986711859703064,-0.08554606884717941,-0.1664537489414215,-0.013505806215107441,0.01489634532481432,0.15851141512393951,-0.32583579421043396,-0.3542168140411377,0.3159027695655823,0.13016822934150696,-0.8666716814041138,-0.0949290320277214,0.06710973381996155,0.07611070573329926,-0.10524590313434601,0.3022701144218445,-0.0464230515062809,0.864240825176239,0.058730535209178925,0.13035845756530762,-0.05281113460659981,-0.0538206622004509,0.11356718838214874,0.43372759222984314,-0.5562575459480286,0.22648990154266357,-0.21724244952201843,-0.30667904019355774,0.3750203251838684,-0.025259817019104958,0.047739218920469284,0.026477903127670288,-0.3487844169139862,-0.015270272269845009,0.1685972809791565,-0.10145439207553864,0.10057409107685089,0.2896910011768341,0.20020726323127747,-0.12233928591012955,0.1420205533504486,-1.169724702835083,-0.0021474151872098446,0.5517213344573975,0.24255028367042542,-0.10405708849430084,1.1438024044036865,0.3926122188568115,-0.2913469970226288,0.301637202501297,0.09978492558002472,-0.17699898779392242,-0.320252001285553,0.33957159519195557,0.5619632005691528,0.11458597332239151,-0.1138061136007309,-0.5175765156745911,-0.17079029977321625,0.06671952456235886,-0.04213985055685043,0.5522531270980835,-0.087328240275383,-0.848128616809845,-0.7106261253356934,0.407888263463974,-0.3382655084133148,0.3890478014945984,-0.1667599231004715,-0.28395941853523254,-0.16688762605190277,-0.15676674246788025,0.011615284718573093,-0.4779113233089447,0.14534899592399597,-0.4645763337612152,0.04990019649267197,-0.15663519501686096,0.03455689921975136,0.5909432172775269,-0.5348008275032043,-0.12326306104660034,-0.27554118633270264,-0.09369312226772308,-0.08815301209688187,-0.7245891094207764,0.049715738743543625,0.39068803191185,0.0717623382806778,0.38075384497642517,0.27989476919174194,0.5769811868667603,-0.2114865481853485,-0.10531872510910034,0.40780600905418396,0.011741903610527515,-0.7221338748931885,0.027199015021324158,-0.2621644139289856,0.15728357434272766,-0.18392124772071838,-0.6867018938064575,1.1327431201934814,-0.10890104621648788,-0.1695721596479416,0.03449156880378723,-0.04856530949473381,-0.14467357099056244,0.09473615139722824,0.5807203054428101,-0.05702831223607063,0.2971629798412323,0.3666185736656189,-0.17622877657413483,0.14626851677894592,-0.47839999198913574,-0.10836275666952133,-0.12897132337093353,-0.0013403028715401888,0.07930020242929459,-0.07678315788507462,0.13450196385383606,0.0028658113442361355,0.17772528529167175,-0.17971444129943848,0.9675329327583313,0.15345612168312073,-0.09125979244709015,-0.45493084192276,-0.19199161231517792,0.3258773386478424,0.2470836192369461,0.02839077077805996,0.2533144950866699,-0.025169771164655685,-0.15779411792755127,0.02263135462999344,0.05942106246948242,-0.8865187764167786,-0.3816034197807312,0.0059592886827886105,-0.08527684211730957,0.2131953239440918,0.17296813428401947,-0.19785571098327637,-0.5809389352798462,0.61137855052948,-0.05980994552373886,-0.03877604752779007,-0.05685199424624443,-0.25838547945022583,0.541394829750061,-0.21916933357715607,-0.03577319532632828,-0.25796177983283997,-0.01584034226834774,-0.1442762315273285,0.11171776056289673,-0.05409181863069534,0.0897698625922203,0.3356923460960388,-0.020068546757102013,0.023851433768868446,0.03181401640176773,-0.13156840205192566,0.3616952896118164,-0.13204500079154968
CID000004046,2726,0.007829412817955017,-0.19924843311309814,-0.353729784488678,0.24470755457878113,0.32709401845932007,-0.2550327777862549,0.05328385904431343,-0.2555016875267029,-0.2419060468673706,0.18364229798316956,0.296047568321228,0.05652524158358574,-0.0890730544924736,0.015903327614068985,0.06255944073200226,0.20934763550758362,0.3361976146697998,0.06364172697067261,-0.2910006046295166,0.12515117228031158,-0.07467607408761978,0.1328202784061432,0.5094135999679565,0.018382880836725235,-0.1805233359336853,-0.6746009588241577,-0.30384066700935364,-0.24646131694316864,0.09987332671880722,0.270250529050827,0.6943226456642151,0.11804024875164032,-0.054220281541347504,0.5238932371139526,-0.3406674265861511,-0.033209241926670074,0.8777178525924683,-0.0760955885052681,0.05594491958618164,0.05188460275530815,-0.15369422733783722,0.5347380638122559,-0.4184257388114929,0.29062968492507935,0.07866418361663818,0.08178713917732239,0.3731120824813843,-0.12027601897716522,-0.5609301924705505,-0.018765179440379143,-0.27457866072654724,0.08385515213012695,0.3453291654586792,-0.2718169689178467,0.17451989650726318,-0.4764028489589691,-0.13957540690898895,0.33405065536499023,0.1518363058567047,-0.303195059299469,-0.0009582281345501542,-0.19104598462581635,0.026701509952545166,0.6485293507575989,0.25754478573799133,0.33355194330215454,-0.12750300765037537,-0.11829741299152374,-0.1280265748500824,0.08174369484186172,-0.7908721566200256,0.12742367386817932,-0.5299040079116821,0.2909683585166931,-0.023789528757333755,0.26916152238845825,0.48175182938575745,0.22623436152935028,0.4105200171470642,0.08671431243419647,-0.09265854209661484,-0.23272085189819336,0.06214774399995804,-0.22142739593982697,-0.08127856254577637,0.3554237186908722,-0.24808433651924133,-0.1991928666830063,-0.20285749435424805,0.006000247783958912,-0.10294149070978165,0.08149777352809906,-0.0756455510854721,0.1970914900302887,0.07844443619251251,-0.11296333372592926,-0.12568628787994385,0.31508755683898926,0.012946754693984985,-0.4434843063354492,0.009065086022019386,0.021567989140748978,0.19216017425060272,-0.03343843296170235,0.16577176749706268,-0.10051272064447403,0.5808707475662231,-0.08616171032190323,0.2318253517150879,-0.12962788343429565,0.05104508250951767,0.28195720911026,0.49230098724365234,-0.13372202217578888,0.1691567599773407,-0.2989921569824219,-0.13065874576568604,0.21967697143554688,-0.03272189572453499,0.1286645382642746,-0.1416412591934204,-0.45004528760910034,-0.06383024156093597,-0.05809487774968147,0.010394859127700329,0.2723526656627655,0.15222293138504028,0.04722831770777702,-0.31849491596221924,0.1716201901435852,-0.6345049142837524,-0.35288944840431213,0.33873727917671204,0.1484570950269699,0.0028436302673071623,0.7285531759262085,0.14173121750354767,-0.19927027821540833,0.15895700454711914,-0.05752637982368469,-0.005187380127608776,-0.061445944011211395,0.08403101563453674,0.30008408427238464,0.14289501309394836,-0.055913232266902924,-0.4057687819004059,-0.06568782776594162,-0.0894288569688797,-0.007299067918211222,0.35713547468185425,0.0009183473885059357,-0.7043614387512207,-0.719343364238739,0.5722458958625793,-0.2569417357444763,0.15565316379070282,-0.2102316915988922,-0.28270241618156433,-0.24006108939647675,-0.1524452269077301,0.10455943644046783,-0.544806957244873,0.027593573555350304,-0.3759228587150574,0.007899130694568157,-0.04156569764018059,-0.0551215223968029,0.6304695010185242,-0.5193278193473816,-0.14754116535186768,-0.1457688808441162,-0.05298318713903427,-0.08695583790540695,-0.42441949248313904,-0.17627008259296417,0.19985540211200714,0.10096285492181778,0.5530731081962585,0.0457092747092247,0.6581454277038574,-0.10860468447208405,-0.21990926563739777,0.08868040144443512,-0.15616340935230255,-0.49829235672950745,0.09171245992183685,-0.38810643553733826,-0.06704987585544586,-0.12073349952697754,-0.14555828273296356,0.7868837118148804,-0.16549572348594666,-0.3072497248649597,0.10315930843353271,-0.1622607558965683,0.04121219366788864,0.10123403370380402,0.07127890735864639,-0.12385803461074829,0.1952490359544754,0.17283257842063904,0.002195680048316717,0.14875595271587372,-0.42660242319107056,-0.2249731719493866,-0.19938760995864868,0.09600906074047089,0.026762714609503746,-0.21139517426490784,-0.022060401737689972,-0.1916036307811737,-0.13101570308208466,-0.2356734275817871,0.7026074528694153,0.06939975917339325,-0.16350382566452026,-0.10703541338443756,-0.03484664484858513,0.06530866771936417,0.3123602569103241,0.09483785927295685,0.10311891883611679,-0.13769805431365967,0.01766270399093628,0.12914641201496124,0.01228256244212389,-0.7796114683151245,-0.22388918697834015,0.018093634396791458,-0.10554356873035431,0.05412466078996658,0.24450644850730896,-0.1305658519268036,-0.6659751534461975,0.2387249767780304,0.09567536413669586,-0.1763775646686554,-0.08557242900133133,-0.3595955967903137,0.2760968804359436,-0.495776504278183,-0.00021873414516448975,-0.17758719623088837,-0.10172159969806671,-0.22033770382404327,-0.012785246595740318,0.10071516036987305,0.06769569218158722,0.32246503233909607,-0.02054210565984249,-0.004079248756170273,0.04708986356854439,-0.20981958508491516,0.1274692416191101,0.06277769804000854
CID000002673,2938,-0.05613531917333603,-0.4581497609615326,-1.0840904712677002,0.04019181430339813,0.23268070816993713,-0.002530044410377741,-0.1067785769701004,-0.3527596890926361,-0.2652958035469055,-0.46901339292526245,0.2791990339756012,0.04550262913107872,-0.05271071195602417,-0.4836168885231018,0.06649638712406158,0.17780622839927673,1.588683009147644,0.19896546006202698,-0.4589156210422516,-0.11301577091217041,-0.17266014218330383,-0.017788846045732498,0.4888308048248291,-0.07915748655796051,-0.774143636226654,-1.190675973892212,-0.6504186987876892,-0.1540556252002716,0.17675074934959412,0.3933916389942169,1.546628475189209,0.30762508511543274,-0.09771966934204102,-0.4846963882446289,-0.2074834108352661,-0.3112412989139557,0.28587254881858826,-0.17228850722312927,0.11334019899368286,-0.38613730669021606,-0.29426881670951843,1.8020496368408203,-0.46190136671066284,-0.38238325715065,0.09776435792446136,-0.09703128784894943,0.8962622880935669,0.1736316829919815,-0.8608629107475281,0.05461668223142624,-0.5284646153450012,0.01596459187567234,-0.0021838457323610783,-0.2370869666337967,0.2616207003593445,-1.0971742868423462,-0.10043184459209442,0.5359917879104614,-0.41328611969947815,0.0094832181930542,0.0016288310289382935,-0.05687651038169861,-0.10475549846887589,0.8674310445785522,-0.15739426016807556,0.04342257231473923,0.023715883493423462,0.09777556359767914,0.011635649017989635,0.04159016162157059,-0.9419631958007812,0.06304581463336945,-0.9309077262878418,0.19656792283058167,-0.27125054597854614,0.677552342414856,1.4003814458847046,0.6008480191230774,0.6510039567947388,-0.21730497479438782,0.05505770444869995,-0.029717277735471725,-0.33298471570014954,0.18823163211345673,0.11427639424800873,0.01999163068830967,-0.14414764940738678,-0.43612560629844666,-0.09088428318500519,0.42700904607772827,-0.22478337585926056,0.06537000089883804,-0.08956680446863174,-0.04681967943906784,-0.08755449205636978,-0.18222901225090027,0.18078680336475372,0.17716580629348755,0.051547251641750336,-0.5195169448852539,0.004227659199386835,-0.1250080168247223,-0.095708467066288,-0.2804899215698242,-0.045320335775613785,-0.009735951200127602,0.8887357711791992,-0.18146583437919617,0.03387828171253204,0.13530774414539337,-0.01964309811592102,0.12755167484283447,0.3258216083049774,-0.41970697045326233,-0.17566952109336853,-0.17588815093040466,-0.21412357687950134,0.1651066392660141,-0.11460013687610626,0.2835283875465393,-0.1696482002735138,-0.2577887177467346,0.1967555433511734,-0.03257664293050766,0.19783680140972137,0.13242372870445251,0.34425264596939087,0.07184378802776337,0.10393057018518448,0.626626193523407,-0.5523751974105835,-0.06890667229890823,0.2258336842060089,0.20717422664165497,-0.08461512625217438,0.8326393365859985,-0.082976333796978,0.20675086975097656,0.3968459367752075,0.11021201312541962,-0.10557620227336884,-0.2900952696800232,0.0004697263357229531,0.1707044094800949,0.4858945906162262,-0.1412884145975113,-0.2712254226207733,0.27124741673469543,0.19927982985973358,-0.2911628782749176,0.21168863773345947,-0.2738340497016907,-0.7016580700874329,-1.0707144737243652,0.5006464123725891,0.10130500793457031,-0.2729966640472412,-0.2525237798690796,-0.11509330570697784,-0.16520199179649353,0.06379510462284088,-0.16672511398792267,-0.9557123184204102,-0.1532401740550995,-0.9893024563789368,-0.1088506430387497,-0.16007639467716217,0.4507494866847992,0.7722805142402649,-0.026510700583457947,-0.14591924846172333,-0.16226057708263397,-0.09503336250782013,0.169307678937912,-0.654269278049469,0.04191400855779648,0.05603687837719917,0.0010639436077326536,0.5441250205039978,0.5023049712181091,0.8848581314086914,0.02467932738363743,-0.3645224869251251,-0.23571649193763733,0.1582605540752411,-0.57654869556427,-0.6149413585662842,-0.0082137081772089,0.0027091458905488253,-0.2489824742078781,-0.7654850482940674,0.7568362951278687,-0.03165333345532417,-0.4501689374446869,-0.027560118585824966,0.055141620337963104,-0.2536188066005707,0.2437901496887207,0.19450512528419495,0.033622682094573975,0.22500255703926086,0.16917027533054352,-0.4405716061592102,0.07523532956838608,-0.12074838578701019,0.16951483488082886,-0.12809397280216217,0.17947523295879364,-0.01494388747960329,-0.3684127926826477,0.6484638452529907,0.05547728389501572,0.21942324936389923,0.19316905736923218,0.9290275573730469,0.48953619599342346,-0.12545505166053772,-0.7204046249389648,0.13005129992961884,-0.22928659617900848,0.2962101697921753,-0.1388709843158722,0.052955180406570435,-0.23887236416339874,0.1845194548368454,0.14550063014030457,-0.027136240154504776,-1.271721363067627,-0.20546376705169678,-0.09261788427829742,0.34379392862319946,0.09346859157085419,0.08250339329242706,-0.16622294485569,-0.5844227075576782,0.06109442189335823,-0.18511901795864105,-0.20819219946861267,-0.11755502223968506,0.040634941309690475,0.9728082418441772,-0.42366862297058105,0.13801762461662292,-0.25091418623924255,-0.21924328804016113,-0.3464834988117218,0.09958823770284653,0.146567702293396,-0.3392524719238281,0.2125196009874344,0.3071741461753845,-0.16892525553703308,-0.0394233837723732,0.1381753385066986,0.27597132325172424,-0.0837370902299881
CID000003381,2941,-0.17317524552345276,-0.29795482754707336,-0.7158022522926331,0.43607252836227417,0.21311421692371368,-0.588821291923523,0.1639564037322998,-0.5093711614608765,0.28083547949790955,-0.45815619826316833,0.4626113474369049,0.04276040568947792,0.04747268185019493,-0.14004544913768768,-0.23434218764305115,0.20837044715881348,0.15319398045539856,0.19304023683071136,-0.34956517815589905,-0.5211772918701172,-0.1286364644765854,0.07347781956195831,0.43989259004592896,0.011026094667613506,-0.7831791043281555,-1.4029666185379028,-1.3356707096099854,-0.1941719353199005,0.26784276962280273,-0.399442195892334,1.2322819232940674,0.021329548209905624,0.17937242984771729,0.47610363364219666,-0.3977009654045105,0.0010861754417419434,0.21809177100658417,-0.41526660323143005,0.3713288903236389,-0.09693900495767593,-0.8763076066970825,0.36515867710113525,-0.568777859210968,-0.36370858550071716,0.17905500531196594,-0.16477377712726593,0.4894653856754303,0.20370826125144958,-1.0095791816711426,0.09421147406101227,-1.0417423248291016,-0.041789524257183075,0.33643239736557007,-0.4290698170661926,-0.2571209967136383,-0.9453865885734558,0.01225568912923336,1.1816705465316772,0.19032081961631775,0.2911677360534668,-0.4219290316104889,-0.2761310338973999,0.1107885092496872,1.4493368864059448,-0.02166006527841091,0.42641177773475647,0.09089910238981247,-0.19206669926643372,0.12204691022634506,-0.12985509634017944,-1.4432108402252197,0.19497378170490265,-0.6959183812141418,0.5726115107536316,-0.18067988753318787,0.384742796421051,0.5244463682174683,0.606822669506073,0.9084320068359375,-0.08517880737781525,-0.018834317103028297,-0.4861355721950531,0.018050599843263626,-0.13781127333641052,-0.16638389229774475,0.04654610529541969,0.07481283694505692,0.09837709367275238,0.2016097605228424,0.2859320044517517,0.1882399171590805,-0.11972282826900482,-0.21625716984272003,-0.1690378487110138,0.2589817941188812,-0.2169226109981537,0.017274176701903343,0.14782992005348206,-0.07412360608577728,-0.42414766550064087,-0.2934851050376892,0.14250032603740692,-0.1955546885728836,-0.33421987295150757,-0.16129057109355927,-0.7519534230232239,0.5944710969924927,-0.11486408859491348,-0.23212675750255585,0.30377116799354553,-0.07745139300823212,0.2150663584470749,0.8382837176322937,-0.8529370427131653,-0.30501922965049744,0.08929645270109177,-0.5574243068695068,0.6562007665634155,0.04298727214336395,0.08478756248950958,-0.20792517066001892,-0.0926586240530014,-0.21595093607902527,-0.12156174331903458,0.16654175519943237,0.09155873209238052,0.04448956996202469,0.16628974676132202,0.17069104313850403,0.5300084352493286,-1.0642375946044922,-0.42417246103286743,0.49928855895996094,-0.04091748595237732,0.01486091036349535,0.7331424951553345,-0.21489056944847107,0.1389182060956955,0.4941268861293793,0.07915165275335312,0.09669788926839828,-0.23311004042625427,0.07326266914606094,0.3896011710166931,0.14388057589530945,-0.09249725937843323,-0.045467279851436615,0.5871340036392212,-0.049613259732723236,0.0005283653736114502,0.7107455134391785,-0.1322006732225418,-0.844375491142273,-0.5958375334739685,0.19367186725139618,0.13616012036800385,-0.3879747688770294,0.4730280339717865,-0.6673065423965454,-0.0816098153591156,0.06535656750202179,0.214697003364563,-0.9424816966056824,0.22117379307746887,-0.6886610388755798,-0.4488472044467926,-0.29235872626304626,0.09224595129489899,0.43941059708595276,-0.42654457688331604,-0.09490609169006348,-0.42295581102371216,-0.2840469479560852,0.17416304349899292,-0.633814811706543,0.3103817403316498,0.12983357906341553,0.15482531487941742,0.558524489402771,0.5834380388259888,0.7173423171043396,0.22973456978797913,0.19152022898197174,-0.19038493931293488,0.23319940268993378,-0.3226909935474396,0.01034132856875658,0.038622744381427765,-0.5523011684417725,-0.5047021508216858,-0.26742425560951233,0.5157080292701721,-0.171664297580719,-0.30205512046813965,-0.01682525873184204,-0.10114884376525879,0.09019039571285248,0.08909662067890167,-0.04675640910863876,-0.1974220722913742,0.6134511232376099,0.3922205865383148,0.14701417088508606,0.32921308279037476,-0.5305870175361633,0.5201938152313232,-0.5414268374443054,-0.004734327085316181,-0.021339183673262596,-0.07357323169708252,0.06771152466535568,-0.14175519347190857,-0.29726487398147583,-0.018580477684736252,1.2891018390655518,0.018561536446213722,0.10558893531560898,-0.16202202439308167,-0.0659477710723877,0.09641377627849579,0.19684794545173645,-0.3100239634513855,0.03433532640337944,0.23308560252189636,0.16441664099693298,-0.021653329953551292,-0.2253890335559845,-1.7402223348617554,-0.32392293214797974,0.22482535243034363,0.18107816576957703,0.15471836924552917,0.13801339268684387,-0.5292673110961914,-1.0641794204711914,0.09023928642272949,0.11242800951004028,0.032118577510118484,0.41996103525161743,-0.04742099717259407,0.4100491404533386,-0.2379065454006195,0.23621073365211487,-0.10648969560861588,0.2357022762298584,0.21632108092308044,0.09719759970903397,-0.009211285971105099,-0.39670997858047485,0.1989375501871109,-0.41171637177467346,-0.019993580877780914,-0.12099017947912216,-0.31356120109558105,0.010468104854226112,-0.1954287737607956
CID000072467,2942,0.14022429287433624,-0.42452293634414673,-0.7976452112197876,0.06873907148838043,0.16225212812423706,-0.237267404794693,0.20896562933921814,-0.7724164724349976,-0.018893564119935036,-0.3491491973400116,0.6714028120040894,0.2244003564119339,-0.17885558307170868,-0.12263462692499161,-0.06984256953001022,0.20509696006774902,0.20310501754283905,0.13924728333950043,-0.13757455348968506,0.053321611136198044,-0.20504549145698547,0.09368956834077835,0.21526500582695007,-0.1198105588555336,-1.0463488101959229,-1.083065152168274,-0.49846845865249634,0.12438569962978363,0.14458060264587402,-0.03805813938379288,0.9743932485580444,-0.025140786543488503,0.19433456659317017,0.3279185891151428,-0.1386186182498932,-0.2391103059053421,0.4100264608860016,0.05322233960032463,0.17596855759620667,-0.12028197944164276,-0.13492928445339203,0.5732403993606567,-0.13566584885120392,-0.2582194209098816,-0.1177138239145279,-0.032613277435302734,0.9247795939445496,-0.25600865483283997,-0.5647416114807129,0.11124156415462494,-0.7694607973098755,0.11728894710540771,0.36110231280326843,-0.1387464851140976,0.23398669064044952,-0.3580499291419983,0.05981246381998062,0.9792928695678711,-0.1202327236533165,0.21379323303699493,-0.10897958278656006,-0.030620533972978592,-0.13170647621154785,0.6541146636009216,0.10154817998409271,0.36731699109077454,0.3957856297492981,-0.13874492049217224,0.018188441172242165,0.07409684360027313,-0.6076552271842957,0.03678837791085243,-0.575282096862793,0.38844162225723267,-0.06140747666358948,0.07418446987867355,0.33690476417541504,0.1401519775390625,0.8462728261947632,0.11087820678949356,0.08214215934276581,-0.3326059877872467,-0.1328583061695099,-0.11858180910348892,0.24958321452140808,0.03834199905395508,-0.5710824728012085,-0.22065527737140656,-0.08943460881710052,0.18029077351093292,-0.21203267574310303,-0.292602002620697,-0.30840808153152466,0.16803933680057526,0.03898458555340767,0.13245892524719238,-0.05888662487268448,0.2911198139190674,0.03879236429929733,-1.3388316631317139,0.0008864834671840072,0.18662486970424652,-0.16138175129890442,-0.20999762415885925,0.0716974139213562,-0.01937370002269745,0.7575699090957642,0.1594475656747818,-0.06478419899940491,0.08760373294353485,0.4095115065574646,0.11842413991689682,0.33471694588661194,-0.7821950316429138,0.08898600935935974,-0.18510691821575165,-0.2091800719499588,0.22689609229564667,0.23867520689964294,0.3580143451690674,-0.2960366904735565,-0.303973525762558,-0.13549447059631348,0.039115093648433685,0.12989911437034607,-0.1138153076171875,0.23709335923194885,-0.012185928411781788,-0.19289299845695496,0.45938605070114136,-0.6458030939102173,0.04192865267395973,0.19545164704322815,0.08355208486318588,-0.07713553309440613,0.7936397790908813,-0.27412858605384827,-0.19563744962215424,0.38661128282546997,-0.25813379883766174,0.015040027908980846,-0.1421518623828888,0.01684454083442688,0.17291465401649475,0.16216066479682922,0.11671578884124756,-0.2328106164932251,0.25179237127304077,0.12851136922836304,-0.04860740900039673,0.6267103552818298,-0.1758042871952057,-0.506434977054596,-1.1565024852752686,0.7097636461257935,0.19686076045036316,0.13669034838676453,0.14894253015518188,-0.571628987789154,0.17846481502056122,-0.13438181579113007,0.0049745915457606316,-1.0621564388275146,0.037577852606773376,-0.5835477709770203,0.03062485158443451,0.04427899792790413,0.14149785041809082,1.1483806371688843,-0.5724954009056091,-0.3384740948677063,0.15184098482131958,-0.12451658397912979,0.33099421858787537,-0.48278650641441345,-0.3974560499191284,0.35447797179222107,-0.16051621735095978,0.5572298765182495,0.20922040939331055,0.3205742835998535,-0.11123448610305786,-0.20050561428070068,0.7938212156295776,-0.07374229282140732,-0.20688967406749725,-0.20562605559825897,0.10039754211902618,-0.2453247308731079,-0.27006402611732483,-0.5587254166603088,1.3045828342437744,-0.11744710057973862,-0.06756468862295151,-0.3854424059391022,-0.3632604479789734,-0.05571603775024414,0.08049531280994415,1.0188628435134888,-0.2504339814186096,0.8274915814399719,0.22489404678344727,0.15645331144332886,1.1412460803985596,-0.5376041531562805,0.43993034958839417,-0.4114754796028137,-0.0005210816743783653,-0.1031913161277771,0.08942796289920807,-0.24287240207195282,0.018153389915823936,0.04651855304837227,-0.11314721405506134,0.7116731405258179,0.43470844626426697,-0.3423086404800415,-0.17920514941215515,-0.13984325528144836,0.05279000848531723,0.06846027076244354,0.12291699647903442,-0.0376175232231617,-0.3164137005805969,-0.09800329059362411,0.4109423756599426,0.1451496034860611,-0.5092073678970337,-0.13529007136821747,0.13114990293979645,0.19263382256031036,0.19140934944152832,0.24587659537792206,-0.10020796954631805,-0.7637275457382202,0.18589012324810028,0.05765740945935249,0.08103549480438232,-0.4119870066642761,-0.15649619698524475,0.9823585748672485,-0.2571457624435425,0.06259572505950928,-0.3341619670391083,-0.18057279288768768,-0.6120938062667847,-0.12232013046741486,0.028063392266631126,-0.12235405296087265,0.5135101675987244,0.06673406809568405,0.012486770749092102,0.16755159199237823,-0.14293640851974487,0.41440844535827637,0.07078658044338226
CID000004428,2953,0.2058241367340088,-0.21083131432533264,-0.5429291725158691,0.09660657495260239,0.38155847787857056,-0.3636600375175476,-0.030771303921937943,-0.6002969741821289,-0.19265499711036682,-0.5144441723823547,0.4615236222743988,0.1265566647052765,-0.07315726578235626,-0.09082955121994019,0.0024128735531121492,0.5179120302200317,0.4276219308376312,-0.06972748786211014,-0.1239025816321373,0.08424662798643112,-0.06964774429798126,0.06408657133579254,0.6629675626754761,-0.05641607195138931,-0.9101245999336243,-0.6549855470657349,-0.02822270430624485,-0.047257304191589355,0.3368016481399536,0.03839854523539543,1.1812171936035156,0.046921610832214355,0.1852310746908188,0.18427474796772003,-0.16642150282859802,-0.03980954363942146,0.6068962216377258,-0.14261938631534576,-0.0780082494020462,-0.006628361530601978,-0.18364317715168,0.47284141182899475,-0.13782133162021637,-0.1444418728351593,-0.08317390829324722,-0.1566736251115799,0.890343964099884,-0.03575742989778519,-0.5727049112319946,-0.007856324315071106,-0.3424813747406006,0.08180496841669083,0.6757451295852661,-0.15594978630542755,0.1484195441007614,-0.04026932641863823,0.01404997706413269,0.46617618203163147,-0.31018388271331787,-0.31527000665664673,-0.0492740273475647,-0.1341537982225418,0.10462069511413574,0.49032726883888245,0.15535202622413635,0.3763068616390228,0.18776825070381165,-0.0599205419421196,-0.18231810629367828,-0.027575671672821045,-0.4577719569206238,0.229812353849411,-0.7284418344497681,0.3899843096733093,-0.005480724386870861,0.12500818073749542,0.2795477509498596,0.12698586285114288,0.2079894095659256,0.17074675858020782,0.020673204213380814,0.011417877860367298,-0.10290900617837906,-0.07108958810567856,0.1540854275226593,0.07281681895256042,-0.8693253397941589,0.11945599317550659,0.06117523834109306,0.04688582569360733,0.011969596147537231,0.06656721979379654,-0.6141131520271301,0.1411632001399994,-0.10386128723621368,0.2948448061943054,0.16685569286346436,0.26608365774154663,0.13283121585845947,-1.219548225402832,-0.23188579082489014,-0.05129058286547661,0.08275584131479263,-0.19048452377319336,-0.11183381080627441,-0.09699390828609467,0.9671708941459656,0.03990420326590538,0.01937152072787285,-0.0069190738722682,-0.004728722386062145,-0.2704266607761383,0.2451079785823822,-0.3077154755592346,0.09253785014152527,-0.4395309388637543,0.07209931313991547,-0.06268592178821564,0.08822059631347656,0.25217488408088684,-0.37299907207489014,-0.391043484210968,0.17494197189807892,0.2582060694694519,-0.08260482549667358,-0.07464340329170227,0.08973350375890732,0.031086817383766174,-0.20242595672607422,-0.0002070888876914978,-0.6914616823196411,-0.1992224156856537,0.27988916635513306,0.09863472729921341,-0.26790520548820496,0.5908602476119995,0.13722121715545654,0.1411500871181488,0.3590209484100342,-0.0037521831691265106,0.18846890330314636,-0.18732228875160217,0.08626534789800644,0.4098544716835022,0.1586519181728363,0.22976192831993103,-0.14050909876823425,0.14888951182365417,-0.0018076717387884855,-0.12435116618871689,0.25953152775764465,-0.22681446373462677,-0.3878639042377472,-0.7553784847259521,0.8905080556869507,-0.07843512296676636,-0.24245767295360565,-0.0718318521976471,-0.2784174382686615,0.22667649388313293,-0.0868326872587204,-0.11210812628269196,-0.953411877155304,0.09369666874408722,-0.6043437123298645,0.0014719858299940825,0.2572370767593384,-0.11117000877857208,0.8044720888137817,-0.5366120338439941,-0.7740180492401123,0.24265921115875244,-0.013576934114098549,0.10322849452495575,-0.27758902311325073,-0.0033651769626885653,0.18201522529125214,-0.12219548225402832,0.6169977188110352,0.25024354457855225,0.291113942861557,-0.0524754598736763,-0.13553132116794586,0.7681344747543335,0.0697055459022522,-0.4126795828342438,-0.37600579857826233,-0.40276017785072327,-0.0645083338022232,-0.26669830083847046,-0.010254910215735435,1.0114691257476807,-0.01998494565486908,-0.7775299549102783,-0.23036178946495056,-0.19218690693378448,-0.16352981328964233,-0.06960846483707428,0.6487830877304077,-0.39834529161453247,0.28601691126823425,0.20145300030708313,0.06304296106100082,0.28132376074790955,-0.5363834500312805,-0.06640546023845673,-0.35748323798179626,-0.00046988725080154836,-0.13489069044589996,-0.2835361659526825,0.26128950715065,-0.04355856031179428,-0.07386894524097443,-0.10501625388860703,0.2791878283023834,0.13286326825618744,-0.19287993013858795,-0.12952986359596252,-0.13048435747623444,0.1101394072175026,0.3573737144470215,0.03532399609684944,0.043584536761045456,-0.1988684982061386,0.1935122162103653,0.3498670756816864,0.10811813920736313,-0.3543941378593445,-0.2027297019958496,-0.019710129126906395,0.14731572568416595,-0.13331486284732819,0.09924176335334778,-0.2438531368970871,-0.4084285795688629,-0.016714807599782944,-0.019337737932801247,0.10487222671508789,-0.010911673307418823,0.20302443206310272,1.0330890417099,-0.442829430103302,-0.1850534975528717,-0.4865571856498718,-0.3945407271385193,-0.4005456864833832,0.08041423559188843,-0.1273057907819748,-0.13704708218574524,0.5354287624359131,0.0947774201631546,-0.11009758710861206,0.06471988558769226,0.19009807705879211,0.10527534782886505,0.02188011258840561
CID000057469,2956,0.04369635134935379,-0.28799158334732056,-0.5202599763870239,0.19100211560726166,0.4061329960823059,-0.04443121701478958,-0.007149398326873779,-0.5826679468154907,-0.31883081793785095,-0.0579882375895977,0.4013267159461975,0.09541406482458115,-0.06098177284002304,-0.011915775947272778,0.16191010177135468,0.10064985603094101,0.38297849893569946,0.15409031510353088,-0.16325528919696808,0.23344361782073975,-0.21198590099811554,0.08779393881559372,0.4230514168739319,-0.039584703743457794,-0.4689966142177582,-0.7472900748252869,-0.6127060651779175,0.1905747950077057,-0.015471810474991798,-0.09632756561040878,0.613710880279541,0.08189673721790314,-0.03376537933945656,0.5028793215751648,-0.12447371333837509,0.24488191306591034,1.1987431049346924,-0.07176987826824188,0.17105448246002197,0.09779469668865204,0.10147321224212646,0.46483755111694336,-0.36034268140792847,0.049276310950517654,-0.10804857313632965,-0.00044573546620085835,0.6664608120918274,-0.25624072551727295,-0.4909551739692688,-0.05945628881454468,-0.33404505252838135,0.28224897384643555,0.35218626260757446,-0.33799174427986145,0.2901853024959564,-0.08493180572986603,-0.1431422084569931,0.49093756079673767,0.08315068483352661,-0.036683909595012665,-0.13197381794452667,-0.27948546409606934,-0.07675506174564362,0.7065073251724243,0.017883818596601486,0.28690236806869507,-0.15745340287685394,-0.1454945057630539,0.07241596281528473,0.0747031420469284,-0.5689986348152161,0.2447945773601532,-0.7044900059700012,0.612417995929718,0.07910556346178055,0.3641098141670227,0.598844051361084,0.14528827369213104,0.4083735942840576,-0.017422009259462357,0.008464008569717407,-0.20692186057567596,0.17214477062225342,-0.05941971018910408,0.15504641830921173,0.3672122359275818,-0.14014798402786255,-0.11119616031646729,-0.11361334472894669,0.055970966815948486,-0.3280608355998993,-0.12594683468341827,-0.13464729487895966,0.08829657733440399,0.2060306817293167,-0.1387481987476349,0.009721800684928894,0.16004455089569092,-0.018825169652700424,-0.6937233805656433,-0.08948639035224915,-0.21786895394325256,0.17939651012420654,0.062896229326725,0.24248456954956055,0.03268606215715408,1.0822504758834839,-0.07405054569244385,0.295056015253067,-0.05998625233769417,-0.10511603206396103,0.056172728538513184,0.23227150738239288,-0.10036270320415497,0.22120249271392822,-0.4137704372406006,-0.36682194471359253,0.062455885112285614,-0.12331719696521759,0.22798092663288116,-0.20740652084350586,-0.289486825466156,0.23798365890979767,0.075750932097435,-0.13464105129241943,0.05570090934634209,0.25802844762802124,-0.04466427117586136,-0.31031009554862976,0.3657379150390625,-0.5861813426017761,-0.4253757894039154,0.4065743088722229,0.08651550859212875,-0.02538936212658882,0.723662793636322,0.34269851446151733,-0.11175769567489624,0.35007283091545105,-0.11480464786291122,-0.19307680428028107,-0.23529104888439178,0.06897766888141632,0.007275384850800037,0.0314752459526062,0.016394242644309998,-0.21186399459838867,0.04647248238325119,0.019740622490644455,-0.07817000150680542,0.31331905722618103,-0.14420035481452942,-0.5061664581298828,-0.6322256326675415,0.42570990324020386,-0.19659490883350372,0.44040608406066895,0.23943877220153809,-0.4305969774723053,-0.025531232357025146,-0.008595436811447144,0.23874390125274658,-0.9548920392990112,0.11832799762487411,-0.3119890093803406,0.06197262927889824,-0.13465145230293274,-0.25060492753982544,0.832108199596405,-0.44012632966041565,-0.1762354075908661,-0.10227800905704498,0.0064282044768333435,-0.08982285112142563,-0.6558672189712524,-0.22318050265312195,0.34119850397109985,-0.01153098326176405,0.6269221305847168,-0.09798180311918259,0.487657368183136,-0.15019796788692474,-0.18493852019309998,0.5774003863334656,0.011420568451285362,-0.5013821721076965,-0.07620332390069962,-0.08983436971902847,-0.3133847713470459,-0.18716579675674438,-0.30093875527381897,1.1241968870162964,-0.04394001141190529,-0.37028029561042786,0.1342291235923767,-0.04410920664668083,-0.04009029269218445,0.19695213437080383,0.47272244095802307,-0.1723654717206955,0.24850399792194366,0.4575973451137543,-0.018255174160003662,0.08225958049297333,-0.3516225516796112,-0.21632203459739685,-0.20604276657104492,0.08546609431505203,-0.2667548954486847,-0.16593249142169952,-0.08124785125255585,-0.046196527779102325,-0.11131759732961655,-0.28543785214424133,0.7158339023590088,0.027496740221977234,-0.10486920177936554,-0.13916930556297302,0.04641028121113777,0.16542980074882507,0.10701535642147064,0.03495534881949425,0.2502124607563019,-0.010411244817078114,0.24647453427314758,-0.007584996521472931,0.056049250066280365,-0.8694903254508972,-0.2655133605003357,-0.04478302225470543,-0.24312753975391388,0.06779851019382477,0.04790852218866348,-0.09261124581098557,-0.5334362983703613,-0.03596652299165726,0.1670892834663391,-0.19058910012245178,0.022452661767601967,-0.0671563372015953,0.8399179577827454,-0.4753691554069519,0.11125294864177704,-0.2775622308254242,-0.1550501137971878,-0.2709234952926636,0.1049141064286232,0.29615095257759094,-0.08181723952293396,0.23029455542564392,0.3053770363330841,0.056211210787296295,0.2555612623691559,-0.2218262255191803,0.2558710277080536,0.11480631679296494
CID004479097,3043,0.1862800568342209,-0.3375306725502014,-0.8018206357955933,0.09417019784450531,0.2945173978805542,-0.2959116995334625,0.20613977313041687,-0.7706335783004761,-0.01954236626625061,-0.3599499464035034,0.7004424333572388,0.25472351908683777,-0.03666555881500244,0.02101585641503334,0.004049384500831366,0.22772260010242462,0.17384612560272217,0.058518148958683014,-0.09842510521411896,-0.03915349394083023,-0.12041212618350983,0.14906466007232666,0.28662005066871643,-0.0065756915137171745,-1.0371981859207153,-0.8586887121200562,-0.5858394503593445,0.12897835671901703,0.16825315356254578,0.10374690592288971,0.8257408142089844,-0.13453619182109833,0.17880302667617798,0.3061404228210449,-0.12036961317062378,-0.19085685908794403,0.365173876285553,-0.021377842873334885,0.22790181636810303,-0.0567655973136425,0.07674946635961533,0.5031952857971191,-0.09819864481687546,-0.3892187476158142,-0.029019195586442947,0.04911176487803459,0.9185865521430969,-0.30201801657676697,-0.6350127458572388,0.04304378479719162,-0.9088379144668579,0.07156839221715927,0.4558904767036438,-0.15249550342559814,0.20997336506843567,-0.40221935510635376,0.052316974848508835,0.9913954734802246,-0.08294068276882172,0.08159274607896805,-0.17439532279968262,-0.12955746054649353,-0.1437568962574005,0.5263018608093262,0.03560086712241173,0.41780513525009155,0.2350505292415619,-0.0378713384270668,-0.05758469179272652,0.11524573713541031,-0.29882746934890747,0.16574323177337646,-0.5778671503067017,0.426255464553833,-0.17414213716983795,0.17969320714473724,0.3075876235961914,0.17213580012321472,0.7941204905509949,0.09288555383682251,0.004194080829620361,-0.3348986804485321,-0.10538053512573242,-0.12061534821987152,0.22620311379432678,0.0936613529920578,-0.5699195861816406,-0.18565483391284943,-0.10956976562738419,-0.022928595542907715,-0.14726759493350983,-0.21018710732460022,-0.3006945252418518,0.24090829491615295,0.09652382135391235,0.21339073777198792,-0.004687845706939697,0.23442113399505615,0.002171075437217951,-1.448744535446167,-0.16689255833625793,0.08890001475811005,-0.0701676607131958,-0.23731593787670135,0.11163413524627686,-0.018155526369810104,0.8777427673339844,0.08892017602920532,0.04614662379026413,0.05390822887420654,0.25953254103660583,0.11696930229663849,0.29215559363365173,-0.7943820357322693,0.09636280685663223,-0.2322109043598175,-0.13560980558395386,0.23292028903961182,0.1968565434217453,0.23182931542396545,-0.1177084892988205,-0.27272191643714905,0.1461610347032547,0.07819869369268417,0.2121552973985672,-0.08963948488235474,0.3622376322746277,-0.1251649707555771,-0.2638569474220276,0.3010333180427551,-0.6174361109733582,0.015598958358168602,0.3120400905609131,0.04473837837576866,-0.11750166118144989,0.7215220928192139,-0.06196869537234306,0.008340996690094471,0.38492077589035034,-0.4284248948097229,-0.05188062787055969,0.007967519573867321,0.08384189009666443,0.311874121427536,0.1292005479335785,0.21254071593284607,-0.24758616089820862,0.3762572407722473,-0.02977224625647068,-0.03727909177541733,0.7282522320747375,-0.11107274144887924,-0.438385009765625,-0.9940972328186035,0.6554168462753296,0.1755775660276413,0.10994508117437363,0.24229910969734192,-0.4113331437110901,0.27326875925064087,-0.031239962205290794,-0.03424351289868355,-0.914143443107605,-0.04319344833493233,-0.5217840075492859,0.054073333740234375,0.05320339277386665,0.029906809329986572,1.2667510509490967,-0.626015305519104,-0.20484793186187744,0.08328785747289658,0.03948323056101799,0.2739787697792053,-0.38505154848098755,-0.4191189706325531,0.2894705832004547,-0.10819544643163681,0.5685039758682251,0.2243492603302002,0.3097624182701111,-0.2183510810136795,-0.12735311686992645,0.7823309302330017,-0.13823741674423218,-0.2137712985277176,-0.08618541061878204,-0.00040436984272673726,-0.24804678559303284,-0.3086549639701843,-0.4782639443874359,1.406905174255371,-0.07346785068511963,-0.05320148915052414,-0.15085694193840027,-0.25889649987220764,-0.14246244728565216,0.04944659397006035,1.2927216291427612,-0.3167037069797516,0.6621525287628174,0.36664706468582153,-0.03828878328204155,1.0706536769866943,-0.46262916922569275,0.3655986189842224,-0.3982173800468445,-0.07174645364284515,-0.2184371054172516,0.1341056525707245,-0.26836830377578735,0.01448455173522234,0.0912235677242279,-0.21662311255931854,0.6218777894973755,0.31518465280532837,-0.3426970839500427,-0.03590438514947891,-0.05568360537290573,0.04873868077993393,-0.035978130996227264,0.13512663543224335,0.008999601006507874,-0.4219287037849426,-0.11619873344898224,0.4293840527534485,0.14929600059986115,-0.29374656081199646,-0.14520540833473206,0.09874560683965683,0.13875535130500793,0.1529335081577301,0.351331889629364,-0.19737839698791504,-0.6337332725524902,0.07429991662502289,0.06470458209514618,-0.022872496396303177,-0.21625486016273499,-0.06734385341405869,1.2269879579544067,-0.3019813001155853,0.021454334259033203,-0.47505220770835876,-0.10765814781188965,-0.512419581413269,-0.10622656345367432,0.021292496472597122,-0.011083489283919334,0.5134170651435852,0.22233065962791443,0.05097757652401924,0.08018706738948822,-0.06687867641448975,0.3139801621437073,0.038958389312028885
CID000004932,3311,0.2390802651643753,0.059283651411533356,-0.48520582914352417,-0.12573382258415222,0.39348018169403076,-0.14238956570625305,-0.02409120835363865,-0.5356982946395874,-0.24446745216846466,0.16662371158599854,0.5177496671676636,-0.012055504135787487,-0.21079286932945251,0.021621983498334885,-0.1314769685268402,0.3182308077812195,0.7340673804283142,-0.1446823626756668,-0.313831627368927,0.048178017139434814,-0.26531982421875,0.059252768754959106,0.7091965079307556,0.058896493166685104,-0.30337971448898315,-0.5478315949440002,-0.2432725727558136,-0.3994066119194031,0.4149553179740906,-0.21999680995941162,0.24371612071990967,0.022965213283896446,0.07380004227161407,0.0028084993828088045,-0.21620169281959534,0.15808871388435364,0.8404776453971863,-0.17339107394218445,-0.04323989152908325,-0.43849286437034607,-0.45060738921165466,0.8431898951530457,-0.50639808177948,0.0800456553697586,-0.05762772634625435,0.0659690573811531,0.5953181385993958,0.07034113258123398,-0.6832066774368286,0.07195703685283661,-0.14138615131378174,0.16488678753376007,0.42567554116249084,-0.20714442431926727,0.10346817970275879,-0.3960186243057251,-0.09087160974740982,0.7824533581733704,0.06986689567565918,-0.11482449620962143,0.08556317538022995,-0.3122607171535492,0.12688979506492615,0.757133424282074,0.12261943519115448,0.19133028388023376,-0.14094312489032745,0.2364441603422165,-0.09008251130580902,0.11769793927669525,-0.8829350471496582,0.033466488122940063,-0.5180495977401733,0.3009534478187561,-0.17907379567623138,0.49827781319618225,0.48363834619522095,0.3324456810951233,0.26319146156311035,-0.20498833060264587,-0.2035129815340042,-0.44646281003952026,0.0678791031241417,-0.02229507826268673,0.2582010328769684,0.2900353968143463,-0.08917297422885895,-0.06193726137280464,-0.07832296192646027,0.17621959745883942,-0.0005075931549072266,0.06604782491922379,-0.10274942964315414,-0.023556789383292198,-0.058110225945711136,-0.1824588030576706,-0.24424174427986145,0.27687424421310425,-0.10407175868749619,-0.5466769933700562,-0.2124142348766327,-0.0591181144118309,0.0021085799671709538,-0.13230247795581818,0.1256794035434723,-0.3367290198802948,0.5173660516738892,0.08477060496807098,0.13008418679237366,-0.11228259652853012,-0.076047882437706,0.1510811299085617,0.590875506401062,0.001271754503250122,0.002933114767074585,-0.24433200061321259,-0.09763764590024948,-0.05621471256017685,-0.18702362477779388,-0.010281789116561413,-9.872913506114855e-05,-0.19757072627544403,0.16020981967449188,0.11590144783258438,0.20663027465343475,0.1928313672542572,0.2793489992618561,0.004824268631637096,-0.1981000155210495,0.06918653100728989,-0.5164257884025574,0.022278573364019394,0.28622716665267944,0.05899658054113388,0.0401078462600708,0.4540432095527649,-0.07689651101827621,-0.2792285978794098,0.4436129629611969,-0.043897613883018494,-0.03413911908864975,-0.04733305424451828,-0.005986702628433704,0.3201448321342468,0.17977836728096008,0.0457770898938179,-0.3638218343257904,-0.04098716378211975,0.21531085669994354,0.04272576421499252,0.23335996270179749,-0.0471930094063282,-0.5487801432609558,-0.6292897462844849,0.5682060122489929,-0.41590332984924316,-0.0877222940325737,0.1970795840024948,-0.6533714532852173,-0.04228927567601204,-0.0003667295095510781,-0.2602270543575287,-0.5488327145576477,0.09330324828624725,-0.526806652545929,-0.11612550914287567,-0.06765267252922058,0.08042951673269272,0.2532661259174347,-0.33633261919021606,-0.34706050157546997,-0.18679311871528625,-0.1595829427242279,-0.19331428408622742,-0.6272786855697632,-0.09470438212156296,0.1917654275894165,-0.07306773215532303,0.6058389544487,-0.0208602137863636,0.38089871406555176,-0.021970128640532494,-0.138852059841156,0.0633288100361824,-0.027455151081085205,-0.1951729953289032,0.11777619272470474,-0.17082545161247253,-0.10482636839151382,-0.15697400271892548,-0.267478883266449,0.5481477975845337,-0.08540268242359161,-0.4959700107574463,-0.22483685612678528,0.01265878975391388,-0.041685957461595535,-0.04686727002263069,0.12841753661632538,0.1805986911058426,0.38506102561950684,0.25714507699012756,-0.32278767228126526,-0.032806653529405594,-0.4174773097038269,-0.3368380665779114,-0.1470409482717514,-0.12126737833023071,0.1681220978498459,-0.15196938812732697,0.270508348941803,0.04178950935602188,0.1913818120956421,-0.08258559554815292,0.854747474193573,0.04903668165206909,-0.08343671262264252,-0.27159518003463745,0.0003887295606546104,0.013762312941253185,0.5643200874328613,-0.0004595458449330181,0.08707226812839508,0.08533340692520142,-0.33294257521629333,0.060506440699100494,-0.0624973401427269,-0.6935173869132996,-0.12701937556266785,0.025307487696409225,0.15675035119056702,0.1301422417163849,0.14098557829856873,-0.40686431527137756,-0.6340197324752808,0.07691957801580429,-0.04546575993299484,-0.0955289676785469,0.05054434388875961,-0.1868162751197815,0.058784984052181244,-0.5317578315734863,-0.019765567034482956,-0.20460620522499084,-0.19978204369544983,-0.1685151308774948,0.17715716361999512,-0.19318215548992157,0.06593959033489227,0.1770351678133011,-0.041152432560920715,0.05953416973352432,-0.2671663761138916,-0.2704393267631531,0.1339554637670517,-0.07962261140346527
CID000077992,3385,0.01850968785583973,-0.117473304271698,-0.47232428193092346,0.2100764960050583,0.24734941124916077,-0.24479882419109344,0.03206026554107666,-0.4307185113430023,0.04907958209514618,-0.2609710693359375,0.2626400291919708,0.017987394705414772,-0.16416463255882263,0.08279689401388168,-0.15514321625232697,0.1353730708360672,0.02550840936601162,0.11880601942539215,-0.5401571989059448,-0.025023261085152626,-0.007536890916526318,0.1536097228527069,0.5476473569869995,0.2598765790462494,-0.38024359941482544,-0.752259373664856,-0.0984685868024826,-0.22576908767223358,0.3095586895942688,0.06093944236636162,1.0792396068572998,0.022821322083473206,0.11800533533096313,0.22107990086078644,-0.5451908111572266,0.014126683585345745,0.08650597184896469,0.005730983801186085,0.1404893696308136,0.00972526054829359,-0.29706400632858276,0.055531490594148636,-0.3321141302585602,0.09910933673381805,-0.007422879338264465,0.02997623011469841,0.377654492855072,-0.10781706869602203,-0.859474778175354,0.08728969842195511,-0.6251633763313293,0.14513155817985535,0.6131220459938049,-0.14119970798492432,0.13064755499362946,-0.2507045865058899,-0.19898244738578796,0.5849646329879761,0.11903742700815201,-0.24671097099781036,0.10030049085617065,-0.2201550006866455,0.1435978263616562,0.7314149141311646,0.21109580993652344,0.5720657110214233,-0.19820550084114075,-0.07993409782648087,-0.11439516395330429,0.01756640151143074,-1.0272905826568604,0.12496216595172882,-0.6238874197006226,0.06961414963006973,0.10881062597036362,0.20368607342243195,0.2943630516529083,0.04373292252421379,0.5566556453704834,0.026715606451034546,-0.023916393518447876,-0.11081071943044662,0.08101165294647217,0.0558624267578125,0.0307941734790802,0.36617106199264526,-0.6514758467674255,-0.13792146742343903,-0.2566228210926056,-0.1729215383529663,0.014821475371718407,0.19321395456790924,-0.3584582507610321,0.04717588424682617,0.13671694695949554,0.056671492755413055,-0.22094270586967468,0.25052574276924133,-0.07145451754331589,-0.4230539798736572,-0.0897020772099495,0.025223731994628906,0.2714448869228363,0.05696546286344528,0.2028743028640747,-0.30377331376075745,0.5042904019355774,-0.005446416325867176,0.08126390725374222,-0.07355426251888275,-0.06263641268014908,0.22266820073127747,0.7536910772323608,-0.6270751953125,-0.0222608745098114,-0.27314427495002747,-0.024683136492967606,0.3388138711452484,-0.12289702892303467,0.20248273015022278,-0.24292460083961487,-0.3739587664604187,-0.05317158252000809,-0.03863571584224701,-0.06420265138149261,0.17027723789215088,0.27053871750831604,0.00947696901857853,-0.1662517488002777,0.14129909873008728,-0.5841562151908875,-0.2158394604921341,0.38335704803466797,0.1339617222547531,-0.07835142314434052,0.7522934079170227,-0.09483750909566879,0.13754041492938995,0.10055814683437347,-0.11027409881353378,-0.01878175139427185,0.02040279284119606,0.009756460785865784,0.14413908123970032,0.253332257270813,-0.06429791450500488,-0.5754975080490112,0.12116388976573944,-0.20775699615478516,0.13501028716564178,0.7384840250015259,0.038946229964494705,-0.567344069480896,-0.645106315612793,0.833149790763855,-0.18402187526226044,-0.22763891518115997,0.08519081771373749,-0.23026835918426514,-0.15052267909049988,-0.01729683019220829,0.16262438893318176,-0.4787592887878418,0.1365356147289276,-0.38319650292396545,-0.03442506864666939,-0.1021708995103836,-0.01479842234402895,0.3478553295135498,-0.5891069173812866,-0.310586154460907,-0.07660043984651566,-0.04065210372209549,-0.061958543956279755,-0.4525068402290344,-0.08767589926719666,0.06913250684738159,0.07463306933641434,0.5367533564567566,-0.0023079602979123592,0.38862502574920654,-0.19442999362945557,-0.0786481723189354,0.24059495329856873,-0.10282399505376816,-0.4477546811103821,-0.1736816167831421,-0.4833250045776367,-0.1321372091770172,-0.07679425179958344,-0.10119055211544037,0.592154860496521,-0.16895471513271332,-0.31151536107063293,-0.024201560765504837,-0.25243282318115234,0.08438350260257721,0.1384999006986618,-0.03792548552155495,-0.034120824187994,0.35745081305503845,-0.13614453375339508,-0.04887785390019417,0.3661564588546753,-0.5349869132041931,-0.11139507591724396,-0.32938867807388306,0.03283458948135376,0.08103283494710922,-0.03412189334630966,0.05228853225708008,-0.06860463321208954,-0.13814443349838257,-0.26354995369911194,0.37232187390327454,0.004417447838932276,-0.18329283595085144,-0.03862592205405235,0.039750970900058746,-0.06490840762853622,0.257939875125885,0.08875273168087006,0.16891497373580933,-0.27764853835105896,-0.14471717178821564,0.09427154064178467,-0.19843879342079163,-0.8379853963851929,-0.16626891493797302,0.0751938596367836,-0.04079454392194748,-0.08170964568853378,0.21828560531139374,-0.24942418932914734,-0.7407749891281128,0.060561876744031906,0.0854671448469162,-0.02824191190302372,0.023784056305885315,-0.24408380687236786,0.06387771666049957,-0.4382130205631256,0.05251797288656235,-0.18032850325107574,-0.20066185295581818,-0.05171315744519234,-0.06938765943050385,0.10525627434253693,-0.06545660644769669,0.41751828789711,-0.0643489733338356,-0.05932927876710892,-0.019118720665574074,-0.18967577815055847,0.2473120391368866,-0.09029744565486908
CID000005505,3513,0.132601797580719,-0.4120768904685974,-0.5426536798477173,0.14187128841876984,0.47507795691490173,-0.11631309986114502,0.020472338423132896,-0.6182155609130859,-0.22570891678333282,0.03735574334859848,0.37536782026290894,-0.05776849389076233,0.04860403388738632,-0.09442280232906342,-0.06171732023358345,0.07811686396598816,0.16561023890972137,0.19439251720905304,-0.272966206073761,0.13842299580574036,-0.22910113632678986,0.10159262269735336,0.7345409393310547,0.21370530128479004,-0.5148850083351135,-0.8455901145935059,-0.30719709396362305,-0.19640381634235382,-0.20016014575958252,0.061899058520793915,0.4514227509498596,0.09395042806863785,-0.08826388418674469,0.40543872117996216,-0.13806292414665222,0.20805887877941132,0.6992442011833191,-0.23592057824134827,0.13970106840133667,0.14815041422843933,-0.2552828788757324,0.47605037689208984,-0.4559308588504791,-0.13088619709014893,-0.19874458014965057,-0.14515320956707,0.3448804020881653,-0.34317150712013245,-0.5575168132781982,-0.04889138042926788,-0.33144259452819824,0.5156668424606323,0.25374358892440796,-0.10296635329723358,0.26982611417770386,-0.7123100161552429,0.010884447954595089,0.73465496301651,0.24470940232276917,0.015109226107597351,0.1583816111087799,-0.32887423038482666,0.38826802372932434,1.0877972841262817,0.0776229277253151,0.3676503300666809,-0.14746417105197906,0.09939967095851898,0.20337672531604767,-0.041662830859422684,-0.45361942052841187,0.11868201196193695,-0.5311719179153442,0.6469264030456543,0.14293959736824036,0.24419692158699036,0.47602778673171997,0.4025999903678894,0.4424019455909729,0.07531304657459259,0.11234407126903534,-0.10044924914836884,0.12813076376914978,0.1261988878250122,0.012618711218237877,0.28842851519584656,-0.15443351864814758,-0.15785382688045502,-0.10374496132135391,-0.08329308032989502,-0.2661084234714508,-0.0366457924246788,-0.18277978897094727,-0.08715322613716125,-0.050768982619047165,0.05800696089863777,-0.05585591867566109,0.18893413245677948,-0.025889089331030846,-0.7483659386634827,0.05403398722410202,-0.09830891340970993,0.11627672612667084,0.057820867747068405,0.29363709688186646,-0.33998554944992065,0.6739109754562378,0.028033286333084106,0.2668754458427429,0.05934198573231697,-0.054780639708042145,0.08392461389303207,0.6561200618743896,-0.18794232606887817,-0.09264218807220459,-0.1957128942012787,-0.4410184323787689,0.2033919095993042,0.12409432977437973,-0.018085910007357597,0.03855133429169655,-0.09808789193630219,0.1792260706424713,-0.019969770684838295,-0.14340803027153015,0.22244229912757874,0.17233288288116455,-0.04733021557331085,-0.2657855153083801,0.35238808393478394,-0.7464848756790161,-0.2469407618045807,0.334872841835022,0.23680615425109863,-0.10877206176519394,0.7431039810180664,0.301962673664093,-0.21428045630455017,0.40167102217674255,0.014749723486602306,-0.0445675402879715,-0.2614903748035431,-0.12845563888549805,0.04253525286912918,0.2999727427959442,-0.18752619624137878,-0.23925058543682098,0.024961022660136223,-0.15713313221931458,0.11922063678503036,0.2387736588716507,-0.036978039890527725,-0.6532920598983765,-0.6385655999183655,0.6571351289749146,-0.3028584122657776,0.2057228535413742,0.10357993841171265,-0.6664862036705017,0.011196638457477093,-0.06890811026096344,0.028480565175414085,-1.1844671964645386,-0.08998312056064606,-0.3952394127845764,-0.12724341452121735,-0.035433072596788406,-0.14203327894210815,0.5600234270095825,-0.5516747236251831,-0.314959317445755,-0.0561552532017231,-0.05527311563491821,-0.10036651045084,-0.5638312101364136,-0.3979561924934387,0.42675676941871643,0.17114779353141785,0.5394831895828247,-0.2772289216518402,0.642604410648346,0.016793714836239815,-0.3057015538215637,0.2082909643650055,-0.010622073896229267,-0.3809269368648529,0.1408848911523819,0.028260042890906334,-0.30389848351478577,-0.24477648735046387,0.11541633307933807,0.6403855085372925,-0.06715937703847885,-0.5846979022026062,0.1759530007839203,0.04796624556183815,0.15584012866020203,0.24304978549480438,0.6033361554145813,0.05997689440846443,0.5178624391555786,0.5874975919723511,-0.22229985892772675,0.23557329177856445,-0.5299288034439087,-0.32256653904914856,-0.23533563315868378,-0.05192200094461441,-0.3319476842880249,-0.19142961502075195,0.2060200423002243,0.08537057787179947,-0.2325124740600586,-0.20558586716651917,0.8059841394424438,0.06339319795370102,-0.11703591048717499,-0.11033348739147186,0.21339552104473114,-0.2275831252336502,0.2381366789340973,-0.04799501597881317,0.05185326188802719,-0.06785701215267181,0.09337376058101654,0.04793354123830795,-0.004139119293540716,-0.632554292678833,-0.11252310127019882,-0.017266806215047836,-0.0922284871339798,-0.001756665064021945,0.03477593883872032,-0.46096691489219666,-0.8628970980644226,0.13881425559520721,0.12291042506694794,-0.00013853461132384837,-0.0052462490275502205,-0.0809059590101242,0.40491342544555664,-0.4190007746219635,0.0901302918791771,-0.20119932293891907,-0.07965844124555588,-0.22583135962486267,-0.29543811082839966,0.017210494726896286,-0.10070885717868805,0.05106943100690842,0.1038794293999672,0.05703030899167061,0.22405636310577393,-0.26902759075164795,0.09109513461589813,0.060435663908720016
CID000002370,3561,0.2943105101585388,-0.264218270778656,-0.8909558057785034,0.056678980588912964,0.3814923167228699,0.021808048710227013,-0.12447533756494522,-1.4586460590362549,-0.21695812046527863,-0.0895572304725647,0.48583850264549255,0.06479759514331818,0.051899779587984085,-0.23752112686634064,0.07142279297113419,0.15519006550312042,0.26914915442466736,-0.16951397061347961,-0.22696876525878906,0.32458242774009705,-0.21689820289611816,-0.027912015095353127,0.34495359659194946,0.16464291512966156,-0.8972532153129578,-0.7739220261573792,-0.41531234979629517,-0.0939076691865921,-0.03431086987257004,-0.270667165517807,0.9332056045532227,-0.04344571381807327,-0.3485371470451355,0.23864129185676575,-0.32473134994506836,0.24180689454078674,0.5157092213630676,-0.07274440675973892,-0.17127111554145813,-0.20880301296710968,-0.3963206708431244,0.33459803462028503,-0.0034361567813903093,-0.3982444405555725,-0.07332479953765869,0.1037590503692627,0.748303234577179,-0.18226860463619232,-0.5084479451179504,0.11626935005187988,-1.0146782398223877,0.7171348929405212,0.5749436616897583,0.16664035618305206,0.1230984479188919,-0.35898691415786743,-0.4225468039512634,1.1562482118606567,-0.13082139194011688,0.19324365258216858,0.12262354791164398,-0.5470322370529175,-0.11571852117776871,0.9071871042251587,-0.15983913838863373,0.6331532001495361,-0.26295769214630127,0.05116419866681099,-0.10784411430358887,0.09926749765872955,-0.7552123665809631,-0.02836991846561432,-0.6273282170295715,0.4992152154445648,0.2679371237754822,0.43412336707115173,0.32067352533340454,0.19041746854782104,0.9590169787406921,0.12857785820960999,-0.2736416459083557,-0.36254554986953735,-0.1949092447757721,-0.06047282740473747,0.03904176503419876,0.33303606510162354,-0.5685977339744568,-0.0061920760199427605,0.13495579361915588,-0.029488135129213333,-0.07990062981843948,-0.07096310704946518,-0.52865070104599,0.08903946727514267,-0.13313016295433044,-0.05902621150016785,0.04161204397678375,0.18513639271259308,0.24177272617816925,-0.802153468132019,-0.11833024024963379,-0.22708430886268616,-0.024762701243162155,-0.2981148660182953,-0.07283024489879608,-0.28001299500465393,0.7583727836608887,-0.23612701892852783,0.14695331454277039,0.022175917401909828,-0.03958364576101303,0.04038633033633232,0.6499952077865601,-0.8955315351486206,0.13824176788330078,-0.3022271990776062,-0.34417524933815,-0.09015063941478729,-0.024203289300203323,0.16764862835407257,-0.44790714979171753,-0.21682825684547424,0.11048462241888046,0.006303197704255581,-0.3220279812812805,0.12000717967748642,0.3454052805900574,-0.2733963131904602,-0.00843734759837389,0.2540448009967804,-0.5693338513374329,0.028228890150785446,0.39427030086517334,0.2125188559293747,0.007580307312309742,0.4898785650730133,0.15660127997398376,-0.046253837645053864,0.3844544291496277,-0.1306583434343338,-0.31435340642929077,-0.2268029749393463,0.43058472871780396,0.4017764627933502,0.11644168198108673,0.2770765423774719,-0.19073660671710968,0.18533717095851898,0.07357899844646454,-0.22664424777030945,0.7905676364898682,-0.09354877471923828,-0.39476925134658813,-0.6390699148178101,0.7204694151878357,-0.3314949572086334,0.2504098117351532,0.21847911179065704,-0.5411518812179565,-0.08144665509462357,0.12514860928058624,-0.008916479535400867,-1.0908902883529663,0.10251650959253311,-0.4334305226802826,-0.11831245571374893,0.08670125156641006,0.03694336116313934,0.6606646180152893,-0.46511855721473694,-0.38556990027427673,0.023174207657575607,0.06240788847208023,-0.13642336428165436,-0.9670929908752441,-0.30600661039352417,1.0313739776611328,-0.012470054440200329,0.5156479477882385,-0.12585103511810303,0.09822625666856766,-0.25139155983924866,-0.24191710352897644,0.9172574877738953,-0.12000018358230591,-0.5097616910934448,-0.17584547400474548,-0.12058290094137192,-0.3947885036468506,-0.31629401445388794,-0.7782960534095764,0.9395290613174438,0.13328205049037933,-0.25857070088386536,0.16091838479042053,-0.14776094257831573,-0.04205745458602905,-0.05449499562382698,0.4770590662956238,0.023290583863854408,0.8763002157211304,0.09772174805402756,-0.11636638641357422,0.1462114453315735,-0.3952798545360565,0.019665002822875977,-0.25235050916671753,0.09505707025527954,-0.05059194564819336,-0.1587778627872467,0.05373505875468254,-0.03769875317811966,-0.04892701655626297,-0.16186130046844482,0.7238896489143372,-0.01910572685301304,0.21559886634349823,-0.15314167737960815,-0.06190720945596695,0.09263451397418976,-0.07631158083677292,0.13888521492481232,0.0564735047519207,-0.18486590683460236,0.049557752907276154,0.04678420349955559,0.29058629274368286,-0.7299643754959106,-0.3170175850391388,-0.03644072636961937,0.033625684678554535,0.30009499192237854,-0.11169113963842392,-0.27228933572769165,-0.6835697293281555,0.25586578249931335,0.022369081154465675,-0.07986835390329361,0.022268839180469513,-0.09760154783725739,1.093327522277832,-0.19138649106025696,-0.10981160402297974,-0.3549899160861969,-0.15010134875774384,-0.40490660071372986,-0.03960708528757095,0.09398914873600006,-0.49636584520339966,0.19019223749637604,0.03777617961168289,-0.13703206181526184,0.31928691267967224,-0.3306099772453308,0.09818942844867706,0.21689744293689728
CID000145068,3565,0.05770086124539375,-0.32080206274986267,-0.6362337470054626,0.22840622067451477,0.5624011158943176,-0.10482309013605118,-0.07927103340625763,-1.0318596363067627,-0.2382858246564865,-0.2134133130311966,0.2754462659358978,0.0024991303216665983,0.18110598623752594,-0.26142916083335876,-0.05856546759605408,0.05770611763000488,0.6071057319641113,-0.14023925364017487,-0.05376715585589409,0.21585635840892792,-0.31088608503341675,0.11446483433246613,0.6560007333755493,-0.05063077062368393,-1.407620906829834,-0.7013806104660034,-0.4906061291694641,0.0036870897747576237,0.08688341081142426,-0.4663020074367523,1.2978553771972656,-0.11114679276943207,0.09245191514492035,0.3173169493675232,-0.19805273413658142,0.007371808402240276,1.3260211944580078,-0.058302510529756546,-0.1283930242061615,-0.14027723670005798,-0.19242385029792786,0.7373881340026855,-0.3432801067829132,-0.21971848607063293,-0.19808921217918396,-0.293940931558609,0.5616289973258972,0.0015779196983203292,-0.39162999391555786,0.28816017508506775,-0.49775823950767517,0.5878821611404419,0.35103121399879456,0.1678466945886612,0.06162130832672119,-0.15901465713977814,0.047608304768800735,0.8628062009811401,0.39990371465682983,0.05631174519658089,-0.22002121806144714,-0.10573934018611908,-0.0840928703546524,0.5527650117874146,0.03898007050156593,0.24371878802776337,0.11133847385644913,-0.1747102290391922,-0.24049481749534607,0.05818430334329605,-0.8787749409675598,0.12896430492401123,-0.6433650255203247,0.2051384449005127,0.18960663676261902,0.420082151889801,0.8530820608139038,0.18441759049892426,0.6617867946624756,0.2649831771850586,-0.16611729562282562,-0.53946852684021,-0.212121844291687,-0.08260754495859146,-0.2085295021533966,0.45719844102859497,-0.6998932957649231,-0.05139050632715225,0.19316871464252472,-0.20187163352966309,0.0831063836812973,-0.027579206973314285,0.022866373881697655,-0.09123555570840836,0.1309211105108261,-0.11386282742023468,0.3260743021965027,0.2941280007362366,0.0967940241098404,-1.523166537284851,-0.005604499485343695,0.13374614715576172,-0.0462978221476078,-0.46009570360183716,-0.032855547964572906,-0.22768370807170868,1.1768906116485596,-0.4529842734336853,-0.02842703089118004,0.010189428925514221,-0.07335509359836578,-0.14413850009441376,0.2365478277206421,-0.5106096863746643,-0.0028212100733071566,-0.3282042443752289,-0.6535481214523315,0.15367576479911804,-0.00536592910066247,0.5246521830558777,-0.5620476603507996,-0.20737683773040771,0.5088723301887512,-0.08422154188156128,-0.20992812514305115,-0.016162177547812462,0.3634815812110901,-0.1800236999988556,0.04208868741989136,0.4623229503631592,-0.6992928981781006,-0.14848008751869202,0.4620184898376465,-0.11104880273342133,0.048889778554439545,0.7840105295181274,-0.13076286017894745,0.28287115693092346,0.25362521409988403,-0.003926858305931091,-0.3380860686302185,-0.11362434923648834,0.09355521202087402,0.2305370569229126,0.0542096383869648,0.17334990203380585,0.08678771555423737,0.25082927942276,-0.12315817922353745,-0.19515326619148254,0.5256041288375854,0.04715567082166672,-0.4942871034145355,-0.727542519569397,0.7797051668167114,0.0822364017367363,0.12352369725704193,0.5434026122093201,-0.3368087410926819,0.2320028841495514,0.1174495667219162,0.07154540717601776,-1.049647569656372,0.11707641929388046,-0.3807261884212494,-0.3234848380088806,0.06288526952266693,0.15261182188987732,0.9611967206001282,-0.3195011019706726,-0.031778477132320404,-0.03619081526994705,0.0525679811835289,0.1924017369747162,-0.7399605512619019,0.012457674369215965,0.8979300260543823,0.010375740937888622,0.6803654432296753,0.016567746177315712,0.7311232686042786,-0.4469539225101471,-0.12014436721801758,1.2953407764434814,0.22638757526874542,-0.8795402646064758,0.2865416407585144,-0.02867993153631687,-0.36711567640304565,-0.10858124494552612,-0.39086833596229553,1.4240857362747192,0.024196257814764977,-0.49946171045303345,-0.11357340961694717,-0.2365076094865799,0.20831747353076935,0.09638935327529907,0.9567044973373413,-0.10804998874664307,0.5990005731582642,-0.11494797468185425,0.14836904406547546,0.07160322368144989,-0.4462141990661621,0.23118805885314941,-0.039279937744140625,0.16550974547863007,-0.16711845993995667,0.06418276578187943,-0.02977762557566166,-0.1319935917854309,-0.22219626605510712,-0.41230955719947815,0.47197943925857544,0.44617757201194763,-0.07390370965003967,0.08067266643047333,-0.26929983496665955,0.1468110978603363,0.24238595366477966,-0.06560799479484558,0.01387513242661953,0.05066047981381416,0.30921822786331177,0.20186097919940948,0.14347198605537415,-0.5847939848899841,-0.11741183698177338,0.05915079638361931,-0.19298473000526428,0.3470154106616974,0.20498371124267578,-0.23535624146461487,-0.6519343852996826,0.271148145198822,0.05684179812669754,0.281406044960022,-0.10914355516433716,0.2698662579059601,1.9819316864013672,-0.43084716796875,0.14461925625801086,-0.5034987330436707,0.13733023405075073,-0.4464617371559143,0.044703152030706406,0.2870456576347351,-0.40370339155197144,0.43523067235946655,0.5416553616523743,-0.1406732052564621,0.20565442740917206,0.1014428362250328,0.18968507647514343,0.24710741639137268
CID000004730,3614,-0.2632594406604767,-0.338339626789093,-1.1976289749145508,0.1234695315361023,-0.10274060070514679,-0.2767742872238159,-0.1384061872959137,-1.2354851961135864,0.0035953999031335115,-0.3131219744682312,0.7234500050544739,0.17045003175735474,0.15845727920532227,-0.39836955070495605,-0.18328717350959778,0.13576552271842957,1.5844751596450806,-0.0015019982820376754,-0.2047213315963745,-0.4021175503730774,-0.44483351707458496,0.011987078003585339,0.8786425590515137,-0.021587848663330078,-1.2444255352020264,-1.5452768802642822,-1.1133651733398438,-0.06402218341827393,-0.1843452751636505,0.27753424644470215,1.7751073837280273,0.4851113259792328,-0.06555303186178207,0.21893969178199768,-0.10424435138702393,0.1647196263074875,1.1317819356918335,-0.336789071559906,0.17088499665260315,-0.3458429276943207,-0.6801918745040894,1.9645217657089233,-0.6944735050201416,-0.27409496903419495,-0.394829660654068,-0.07577085494995117,0.8675503730773926,0.09515191614627838,-0.5645352602005005,0.18948237597942352,-0.18608394265174866,-0.419320285320282,0.17100653052330017,-0.16103090345859528,0.5718201994895935,-0.9139724969863892,0.06358394771814346,0.6506954431533813,-0.1408313661813736,0.026462340727448463,0.46144765615463257,0.052162885665893555,0.09415928274393082,0.8728889226913452,-0.10217307507991791,0.5262735486030579,0.09653173387050629,-0.11874506622552872,-0.26343291997909546,-0.01729113981127739,-0.9863828420639038,0.5434131026268005,-1.0620403289794922,0.01673409901559353,0.08172690123319626,0.5383545756340027,1.5802081823349,0.49487972259521484,1.018436074256897,0.3008440434932709,-0.2358037680387497,-0.14858321845531464,-0.7676828503608704,-0.45259004831314087,-0.5027791857719421,-0.1022505983710289,-0.3559643626213074,-0.4291962683200836,0.03516064211726189,0.3927396833896637,0.16572503745555878,-0.19507944583892822,-0.36541327834129333,-0.2546405494213104,0.1562955677509308,-0.26769548654556274,0.1866777539253235,0.4971058964729309,0.1259520798921585,-1.5453600883483887,-0.1041690856218338,-0.07137832790613174,0.32419630885124207,-0.3919110894203186,0.04137139767408371,-0.3966122567653656,1.1369882822036743,0.013910931535065174,0.03770957514643669,0.12989434599876404,-0.2094510793685913,-0.009427601471543312,0.25396373867988586,-0.33702629804611206,-0.01015517394989729,-0.29811012744903564,-0.23629555106163025,0.24018624424934387,0.08720163255929947,0.6452059745788574,-0.07556591928005219,0.0007228851318359375,0.050588034093379974,0.02391400933265686,0.1954536736011505,0.09612864255905151,0.26636654138565063,0.4573892652988434,0.39527127146720886,0.2733691930770874,-0.8943535685539246,0.34566158056259155,0.025723015889525414,0.44568777084350586,0.11476738750934601,0.7236648201942444,-0.6766928434371948,0.059436894953250885,0.7933443188667297,-0.056803684681653976,-0.3104041516780853,-0.5364864468574524,-0.14646877348423004,-0.11463043838739395,0.3319130539894104,0.15958186984062195,0.09187223017215729,0.46567803621292114,0.3558191657066345,0.2592637240886688,0.12226927280426025,-0.28925833106040955,-0.7518889307975769,-0.8475462198257446,0.4792509078979492,0.16533838212490082,0.05578361824154854,-0.00972612202167511,-0.4297024607658386,-0.03792241960763931,-0.08517961204051971,-0.2118993103504181,-1.2079144716262817,0.4336720407009125,-0.7876605987548828,-0.41249242424964905,-0.042886488139629364,0.0782085508108139,0.9171780347824097,-0.35666337609291077,-0.10310988128185272,-0.43346768617630005,0.10051300376653671,0.38236913084983826,-1.0300476551055908,-0.3542897701263428,0.22683286666870117,-0.04794924706220627,0.6565195322036743,1.2330663204193115,0.8329474329948425,-0.05160536244511604,-0.3984265923500061,0.2912972569465637,0.009673809632658958,-0.8545373678207397,-0.31162944436073303,0.1578122228384018,0.012946302071213722,0.23110751807689667,-0.4863375723361969,1.2769440412521362,-0.010716268792748451,-0.47896987199783325,-0.2636987864971161,-0.38307490944862366,0.21058329939842224,0.16117148101329803,0.587068498134613,-0.3491281569004059,0.3802329897880554,0.02491900883615017,-0.1279052048921585,0.15643629431724548,-0.22707867622375488,0.5383378863334656,-0.31671005487442017,0.3824528157711029,0.11112506687641144,-0.5060743093490601,0.3240346610546112,-0.2866085171699524,-0.4562205374240875,0.03486046940088272,0.91912841796875,0.7051732540130615,-0.10139336436986923,0.04369571432471275,-0.021428193897008896,0.09656119346618652,0.0403033010661602,-0.378324419260025,0.20363609492778778,-0.19150054454803467,0.22884488105773926,0.15444380044937134,0.1924041509628296,-1.1252212524414062,-0.12632814049720764,-0.09335096180438995,-0.16920359432697296,0.48353737592697144,-0.005457097198814154,-0.2650657892227173,-0.7753134369850159,0.17179661989212036,0.07930303364992142,0.14729303121566772,-0.14652857184410095,0.010145412757992744,1.6049093008041382,-0.5552497506141663,-0.09552224725484848,-0.5050187110900879,-0.6234840750694275,-0.08663336932659149,-0.04443143308162689,0.20563547313213348,0.0862232893705368,0.14501968026161194,0.22947867214679718,-0.28605762124061584,-0.07525786012411118,0.11851874738931656,0.5092317461967468,-0.42393144965171814
CID000001546,3701,0.010697144083678722,-0.3166045546531677,-0.48657265305519104,0.14719721674919128,0.17720627784729004,-0.03350381925702095,0.211528018116951,-0.3323359489440918,0.16602559387683868,-0.16891729831695557,0.3395434021949768,0.09411066770553589,-0.22846774756908417,-0.04523801803588867,-0.15821465849876404,0.006222379393875599,0.27189502120018005,0.04288538172841072,-0.16212525963783264,-0.01606447622179985,-0.46429339051246643,-0.2390872687101364,0.37830811738967896,0.0839376375079155,-1.6003090143203735,-0.9427547454833984,-1.1361134052276611,0.011146092787384987,-0.21066761016845703,-0.19515541195869446,1.244330644607544,0.1344631016254425,0.29363611340522766,0.37571200728416443,-0.5190879702568054,-0.1074833869934082,0.9707457423210144,-0.011622297577559948,-0.15657590329647064,0.0015361756086349487,0.04581731557846069,0.7146435976028442,-0.5037197470664978,0.04178076982498169,-0.3538314700126648,0.04121207073330879,0.6819735765457153,0.11419522762298584,-0.4135240912437439,0.11887665092945099,-0.6308332085609436,0.27207571268081665,0.08877302706241608,0.019997429102659225,0.3593125343322754,-0.10003297030925751,-0.1416282057762146,0.6620599031448364,0.5053367614746094,0.2751912474632263,0.19666972756385803,-0.17465737462043762,0.03852403163909912,0.4869908392429352,0.20028209686279297,0.2807071805000305,0.01869303546845913,-0.40622225403785706,0.0598980188369751,0.12821973860263824,-0.4718320965766907,-0.15976151823997498,-0.492859423160553,0.5557795763015747,0.3083931803703308,0.27041172981262207,0.741499125957489,0.24541954696178436,0.9981371164321899,-0.18689654767513275,-0.22276349365711212,-0.5487918257713318,0.09070167690515518,0.03424009680747986,0.21520714461803436,0.15603342652320862,-0.1287977397441864,-0.03155739605426788,-0.05248359590768814,0.3430280089378357,-0.32547253370285034,-0.35044950246810913,-0.0892229676246643,-0.15619143843650818,-0.2400978058576584,0.0588374026119709,0.015854155644774437,0.11949338018894196,-0.11524105072021484,-1.4695805311203003,-0.009185927920043468,0.21058516204357147,0.17610624432563782,-0.16783912479877472,0.07053349912166595,0.01273566484451294,0.7434955835342407,0.1444709599018097,0.0711602196097374,-0.05754728242754936,0.06016460061073303,-0.15716609358787537,0.12129564583301544,-0.6239393353462219,0.06322450935840607,-0.4658429026603699,-0.4886860251426697,-0.03444647789001465,0.09458643943071365,0.14867335557937622,-0.40063175559043884,-0.35270532965660095,-0.13312213122844696,0.16660046577453613,-0.209458589553833,-0.02809588983654976,0.2521713376045227,0.3226158320903778,0.23111887276172638,0.4193200170993805,-1.0331717729568481,-0.1654115915298462,0.11170749366283417,0.10843076556921005,-0.05266004055738449,1.2128678560256958,-0.037273108959198,-0.27625182271003723,0.08822883665561676,0.11268900334835052,0.05580342561006546,-0.07422210276126862,-0.10701189190149307,-0.017688870429992676,0.06636762619018555,-0.3297322392463684,-0.1826348602771759,0.06101830676198006,0.4292984902858734,-0.22602088749408722,0.41044870018959045,-0.024269234389066696,-0.42565566301345825,-0.6923869848251343,0.23659975826740265,0.050932627171278,0.3178624212741852,-0.050841014832258224,-0.6538622379302979,-0.048122674226760864,-0.2534230351448059,-0.09237269312143326,-0.9980020523071289,0.08259622007608414,-0.2999119162559509,-0.10358257591724396,0.10833726823329926,0.03809541463851929,1.3018569946289062,-0.27845150232315063,0.04612521082162857,-0.023056093603372574,-0.1457119882106781,0.02109343744814396,-0.6107868552207947,0.12263891845941544,0.4580366015434265,-0.1961437165737152,0.39639049768447876,0.5006060004234314,0.6669352650642395,0.04482095688581467,-0.45545873045921326,1.185559630393982,0.12021470069885254,-0.7081525325775146,0.21142926812171936,0.05278216674923897,-0.29019054770469666,-0.15711721777915955,-0.04217826575040817,1.06551992893219,-0.07165060937404633,-0.2752229571342468,-0.013218140229582787,-0.0862504169344902,0.09793336689472198,0.046525221318006516,1.415160894393921,0.046680014580488205,0.5741902589797974,0.23242461681365967,0.3588074743747711,0.5947824716567993,-0.5113428831100464,-0.026580965146422386,-0.24050438404083252,-0.14769485592842102,0.3892439007759094,0.10344135761260986,0.06441595405340195,0.0025046630762517452,-0.12133486568927765,-0.045262765139341354,1.0379385948181152,0.31575778126716614,-0.0797063559293747,-0.16957420110702515,0.00819198228418827,0.37476152181625366,0.18603606522083282,0.055289290845394135,0.023396778851747513,-0.1251133382320404,-0.026874247938394547,0.27222785353660583,-0.1532316952943802,-0.5503115057945251,-0.15296611189842224,0.21194398403167725,-0.10160992294549942,0.27099910378456116,0.19205155968666077,0.10618545860052109,-0.6397141814231873,0.07606451958417892,0.2446037083864212,0.09032247960567474,0.007491362281143665,0.2989121377468109,1.7692291736602783,-0.2584300637245178,-0.17360642552375793,-0.4656755030155182,0.0130611602216959,-0.6397884488105774,0.147565558552742,-0.11613376438617706,-0.2724347412586212,0.4244745373725891,0.2078053504228592,0.27828893065452576,0.43316078186035156,0.2545695900917053,0.4016416072845459,-0.08820132166147232
CID000002725,3708,0.1668243557214737,-0.12174888700246811,-0.6325136423110962,0.16788360476493835,0.45660457015037537,-0.074320949614048,-0.06761200726032257,-0.5071433186531067,-0.10300092399120331,0.025661354884505272,0.2907940745353699,0.07000111788511276,-0.14057870209217072,0.03128797560930252,-0.04961176589131355,0.006749971304088831,0.4785774350166321,0.17388595640659332,-0.3344506621360779,-0.11773960292339325,-0.15314580500125885,0.13390538096427917,0.47708606719970703,0.09244928508996964,-0.39902836084365845,-0.7210333943367004,-0.5767699480056763,0.07752740383148193,0.11360132694244385,0.04150569438934326,0.7251566648483276,-0.03476857766509056,-0.024691205471754074,0.14819306135177612,-0.296840637922287,0.16034677624702454,0.6303797960281372,-0.24615907669067383,0.0382123664021492,0.17699012160301208,-0.10098109394311905,0.4740767478942871,-0.25428253412246704,0.08386202901601791,-0.010426493361592293,-0.009044887498021126,0.5727994441986084,-0.3330833315849304,-0.5057970285415649,0.008847390301525593,-0.5507684350013733,0.30522939562797546,0.4333038330078125,-0.1544758379459381,0.3971734344959259,-0.5042474269866943,-0.18127575516700745,0.679707944393158,0.01171035598963499,-0.18317611515522003,-0.07512646913528442,-0.12189854681491852,0.14694005250930786,0.6693789958953857,0.039856888353824615,0.163081556558609,-0.15476635098457336,-0.15467014908790588,0.02224789746105671,-0.007341292686760426,-0.7952157855033875,0.17045149207115173,-0.6184949278831482,0.5119200944900513,0.18220438063144684,0.3485988974571228,0.6952778697013855,0.16847237944602966,0.5885655879974365,0.036007754504680634,0.06914620101451874,-0.29632237553596497,0.03920060396194458,-0.07932408899068832,0.05726351588964462,0.3578845262527466,-0.2750057578086853,0.015221139416098595,-0.14015083014965057,0.34294772148132324,-0.18025393784046173,-0.05721614882349968,-0.15067026019096375,-0.16828614473342896,0.23665182292461395,-0.17903123795986176,0.004191902466118336,0.12809248268604279,-0.021615400910377502,-0.5983713865280151,-0.08724606037139893,-0.1668999344110489,0.010697340592741966,0.14280663430690765,0.28029105067253113,-0.1822798252105713,0.7934554815292358,0.0393214114010334,0.11057844012975693,-0.09882797300815582,-0.09811495244503021,-0.11654253304004669,0.61118084192276,-0.2740175426006317,0.39456596970558167,-0.11260898411273956,-0.2554527521133423,0.04385872930288315,-0.13379064202308655,0.20243723690509796,-0.2952849864959717,-0.20651105046272278,0.03381678834557533,0.14901523292064667,-0.0798647403717041,0.04877333343029022,0.3464491069316864,-0.07828845828771591,-0.24524514377117157,0.20382174849510193,-0.7349389791488647,-0.3139197528362274,0.41213130950927734,0.18751676380634308,-0.07647779583930969,0.9580637216567993,0.1693749576807022,-0.15922336280345917,0.42009711265563965,-0.10961946099996567,0.004159612115472555,-0.14914198219776154,-0.0025749593041837215,-0.042504213750362396,0.1281665414571762,-0.07045437395572662,-0.3290906250476837,0.2307894229888916,-0.016934361308813095,-0.08942040055990219,0.25661373138427734,0.009576779790222645,-0.5918130278587341,-0.8192502856254578,0.5142298936843872,-0.2412864863872528,0.04699324071407318,-0.06955276429653168,-0.4540114998817444,-0.01744277961552143,-0.1725231111049652,0.12827906012535095,-0.7632256746292114,-0.0013486773241311312,-0.44071778655052185,0.02591099962592125,0.010155458003282547,-0.09279341995716095,0.7162373661994934,-0.5484639406204224,-0.42941564321517944,-0.16772153973579407,-0.00027795732603408396,-0.06354918330907822,-0.623853325843811,-0.3463863432407379,0.408527672290802,0.08494232594966888,0.47421273589134216,0.05474245548248291,0.5571277141571045,-0.1592896282672882,-0.3257184326648712,0.5513557195663452,-0.053930800408124924,-0.49406155943870544,-0.0012454896932467818,-0.1806243658065796,-0.271676629781723,-0.02346660941839218,-0.26910847425460815,0.8746364712715149,-0.028448114171624184,-0.49445146322250366,0.03181690722703934,-0.10977307707071304,-0.018097981810569763,0.2532816231250763,0.39116719365119934,-0.21214774250984192,0.40149420499801636,0.43792304396629333,-0.10064882040023804,0.12881667912006378,-0.29953938722610474,-0.26322871446609497,-0.09689243137836456,-0.11733870208263397,-0.3729467988014221,-0.061076004058122635,-0.18279942870140076,-0.005606464110314846,-0.12134776264429092,-0.3476606011390686,0.686174750328064,-0.2005930244922638,-0.10054413229227066,-0.31424272060394287,-0.08514994382858276,0.12800171971321106,0.30452555418014526,-0.11487317085266113,0.18465988337993622,0.0722825899720192,0.08465508371591568,0.07999992370605469,0.025256255641579628,-0.9224182963371277,-0.15986625850200653,0.036485422402620316,-0.07863875478506088,0.07134471088647842,0.17955216765403748,-0.25303441286087036,-0.7820291519165039,0.17526808381080627,0.02260676771402359,-0.25439444184303284,-0.05225539207458496,0.04734556004405022,0.5366466045379639,-0.24783000349998474,-0.15168915688991547,-0.16737458109855652,-0.2688291072845459,-0.36566755175590515,0.10611522197723389,0.05155710503458977,-0.06343751400709152,0.16674739122390747,0.11930738389492035,0.08054284006357193,0.17976120114326477,-0.13712003827095032,0.2849397361278534,-0.0137590067461133
CID000004723,3855,0.07691462337970734,-0.22936971485614777,-0.522010087966919,0.14900217950344086,0.41275596618652344,-0.008532369509339333,-0.1631712168455124,-0.45648375153541565,-0.21897931396961212,-0.04322061687707901,0.3530847430229187,0.060777802020311356,-0.010885597206652164,0.0842018872499466,0.001777213765308261,0.18056568503379822,0.33854278922080994,0.19051846861839294,-0.1895405650138855,0.23897528648376465,-0.12235333770513535,-0.001641941023990512,0.5626290440559387,0.006543701980262995,-0.2949267625808716,-0.6731971502304077,-0.6084256768226624,0.04440413787961006,0.1844445765018463,0.08976084738969803,0.7656586766242981,0.1665036678314209,-0.05380480736494064,0.7576900124549866,-0.10820542275905609,0.03507203608751297,1.1697609424591064,-0.01171104796230793,0.03936546668410301,0.15976561605930328,-0.11409781128168106,0.5192402005195618,-0.3443463444709778,0.0817459374666214,-0.03744136169552803,0.13387826085090637,0.5417487621307373,-0.25231197476387024,-0.4146198630332947,-0.007112015970051289,-0.3161231577396393,0.08969233930110931,0.3411695957183838,-0.2796722650527954,0.16501958668231964,-0.2881147265434265,-0.14600221812725067,0.44841426610946655,0.09187361598014832,-0.1678251177072525,0.02235405519604683,-0.15657258033752441,-0.04382672905921936,0.7558485269546509,0.07603971660137177,0.27289432287216187,-0.26124829053878784,-0.19167560338974,0.06227694824337959,0.062491875141859055,-0.7053111791610718,0.1745106279850006,-0.7333237528800964,0.4174763262271881,0.10608483850955963,0.2793026864528656,0.5403181314468384,0.19370868802070618,0.34713366627693176,0.14382649958133698,0.017444521188735962,-0.21677489578723907,0.1333574801683426,-0.15315833687782288,0.09443311393260956,0.3769170641899109,-0.2651030421257019,-0.05046946927905083,-0.004073691554367542,0.09199681133031845,-0.2516195476055145,-0.11230161041021347,-0.16735528409481049,0.0500405952334404,0.0654810443520546,-0.0367521271109581,-0.04115734621882439,0.16005203127861023,0.013769996352493763,-0.6377602815628052,-0.010688059963285923,-0.1846919059753418,0.07335960865020752,0.004822270013391972,0.22113212943077087,-0.07392190396785736,0.9879347085952759,-0.13773293793201447,0.19644443690776825,-0.1013837605714798,-0.012901926413178444,-0.04687366634607315,0.21807196736335754,-0.030385512858629227,0.27501943707466125,-0.4268076419830322,-0.43317705392837524,0.14754465222358704,-0.1042747050523758,0.15635518729686737,-0.24826359748840332,-0.3476337790489197,0.15174713730812073,0.16043955087661743,-0.08043752610683441,0.0579410083591938,0.2847703695297241,-0.07367392629384995,-0.2524973154067993,0.18093261122703552,-0.6952709555625916,-0.3720802962779999,0.361775666475296,0.09678108990192413,0.13866741955280304,0.844416618347168,0.23357538878917694,-0.11852584034204483,0.414713054895401,-0.013054443523287773,-0.06566866487264633,-0.16142567992210388,-0.05075867101550102,0.21090197563171387,0.010782355442643166,-0.0600675567984581,-0.1933690756559372,-0.06296408176422119,-0.02131861075758934,-0.07785724103450775,0.2073991298675537,0.005404138937592506,-0.5942941904067993,-0.5209549069404602,0.40936535596847534,-0.2377159297466278,0.11756589263677597,0.04494205117225647,-0.26574379205703735,-0.11549113690853119,-0.007640866097062826,0.23010702431201935,-0.8162876963615417,-0.14666146039962769,-0.3307427763938904,0.10606715828180313,0.06790222227573395,-0.13502973318099976,0.5932530164718628,-0.49102896451950073,-0.24821463227272034,0.0031134337186813354,0.01637960411608219,-0.17921335995197296,-0.5395990610122681,-0.22437059879302979,0.434345006942749,0.046051718294620514,0.5893301963806152,0.038930799812078476,0.5158320665359497,-0.16365821659564972,-0.10634176433086395,0.4101809561252594,-0.013907385058701038,-0.48451128602027893,-0.0047884732484817505,-0.19116933643817902,-0.31374284625053406,0.017268624156713486,-0.29376235604286194,0.9129041433334351,-0.03298715502023697,-0.4418986737728119,0.2344096451997757,-0.0737989991903305,0.00013172029866836965,0.17955449223518372,0.34181898832321167,-0.1175098791718483,0.22124925255775452,0.32032448053359985,0.008275071159005165,0.11837814003229141,-0.3952917456626892,-0.2241819202899933,-0.15255871415138245,0.14715266227722168,-0.14337864518165588,-0.17524030804634094,-0.12975575029850006,-0.03382469341158867,-0.06864200532436371,-0.28844141960144043,0.6572927832603455,0.04050975665450096,-0.045850515365600586,-0.30391600728034973,0.04533778876066208,0.02413865365087986,0.11094222217798233,0.05143370106816292,0.11021631956100464,-0.08262509852647781,0.1012391597032547,0.0600864514708519,0.04449506103992462,-0.7769302725791931,-0.24079188704490662,-0.029686802998185158,-0.1340595781803131,0.10664302110671997,0.14078891277313232,-0.24002766609191895,-0.4350852966308594,0.05002734810113907,0.11481733620166779,-0.16803714632987976,-0.05845372751355171,0.10021722316741943,0.6962836980819702,-0.44210806488990784,0.02430577203631401,-0.3793305456638336,-0.01128840446472168,-0.14310437440872192,0.10320843756198883,0.17759306728839874,-0.07928052544593811,0.25053709745407104,0.2798241674900055,0.12893305718898773,0.24019989371299744,-0.1639079600572586,0.20845401287078857,0.11094937473535538
CID000005381,4000,0.009961118921637535,-0.1851707100868225,-0.4640723764896393,-0.022948676720261574,0.29866206645965576,-0.17272865772247314,-0.07882789522409439,-0.34435492753982544,-0.17646053433418274,0.12133560329675674,0.2878125309944153,-0.02473762258887291,-0.04494968801736832,0.0075882673263549805,-0.005758732557296753,0.2953013479709625,0.31136617064476013,0.05930999666452408,-0.20890548825263977,0.23608224093914032,-0.1797129213809967,-0.030958756804466248,0.46844950318336487,0.03992082551121712,-0.3173367977142334,-0.6829327344894409,-0.42343345284461975,-0.005518072750419378,0.08829759061336517,0.10120133310556412,0.4339752197265625,0.11417256295681,-0.06106063723564148,0.3893924951553345,-0.25332799553871155,0.09182453155517578,0.7548002004623413,-0.20614656805992126,0.019634082913398743,-0.00509334821254015,-0.09404461085796356,0.40126094222068787,-0.313196063041687,-0.0577080063521862,0.008921176195144653,0.1046166867017746,0.5966413021087646,-0.06995737552642822,-0.6419133543968201,-0.03186402469873428,-0.5397907495498657,0.20429834723472595,0.3523946702480316,-0.13505324721336365,0.11312441527843475,-0.37826108932495117,-0.22731108963489532,0.5923680067062378,-0.06182461977005005,-0.14878013730049133,0.04901999607682228,-0.21505796909332275,0.08893496543169022,0.6170676946640015,0.16054627299308777,0.22787471115589142,-0.19816991686820984,-0.08467566221952438,0.01605670340359211,0.08124271780252457,-0.6047711372375488,0.09659431874752045,-0.41923046112060547,0.5647462010383606,-0.07030785828828812,0.22129976749420166,0.40708717703819275,0.3222425580024719,0.4662303328514099,-0.035750869661569595,-0.045670799911022186,-0.1893605887889862,0.09936978667974472,-0.054039619863033295,0.2141992598772049,0.34410586953163147,-0.09860212355852127,-0.05963229015469551,-0.14048802852630615,0.0859413743019104,-0.12845417857170105,-0.12434494495391846,-0.09027031064033508,0.11747722327709198,0.16521087288856506,-0.08640392124652863,-0.19905005395412445,0.11377183347940445,-0.000769239675719291,-0.5507736802101135,-0.0846853256225586,-0.12404799461364746,0.1876007318496704,-0.06678595393896103,0.23448824882507324,-0.1110580787062645,0.6969773173332214,0.13158023357391357,0.22228184342384338,-0.11284065246582031,-0.03625059872865677,0.1502661257982254,0.21739773452281952,-0.24364399909973145,0.21687975525856018,-0.3027895987033844,-0.2741907238960266,0.010377694852650166,-0.09793368726968765,-0.05999261140823364,-0.1327480524778366,-0.3192862272262573,-0.003713348414748907,0.07582145184278488,-0.12978574633598328,0.13344109058380127,0.11514387279748917,0.1305999904870987,-0.1947282999753952,0.2270013839006424,-0.6155447959899902,-0.13047367334365845,0.36078134179115295,0.19566430151462555,0.08930076658725739,0.7061560153961182,0.18669739365577698,-0.16727428138256073,0.16850857436656952,0.007076403591781855,-0.19234633445739746,-0.18527989089488983,0.1982802450656891,0.29344290494918823,0.22118142247200012,-0.12089052051305771,-0.3283146023750305,-0.1608079969882965,0.04425401613116264,-0.04567454010248184,0.27888983488082886,-0.09798309952020645,-0.5326235294342041,-0.5589792132377625,0.3611506223678589,-0.1801210343837738,0.20980605483055115,-0.12325576692819595,-0.40051713585853577,-0.06723719090223312,-0.13244710862636566,-0.06127230077981949,-0.6608628630638123,0.04541032016277313,-0.38602185249328613,-0.05869156867265701,-0.042494773864746094,-0.09543291479349136,0.5516801476478577,-0.49496203660964966,-0.15372659265995026,-0.18810825049877167,-0.07929464429616928,-0.18040421605110168,-0.4994198679924011,-0.09089507162570953,0.2958136200904846,0.1390306055545807,0.5029674768447876,-0.025997240096330643,0.585265040397644,-0.23967862129211426,-0.0935460552573204,0.16949349641799927,-0.07384059578180313,-0.43052878975868225,-0.0437842532992363,-0.2711319029331207,0.003303057048469782,-0.048364173620939255,-0.3928045332431793,0.8797165155410767,-0.04451349005103111,-0.3728148341178894,0.09782083332538605,-0.06435175985097885,-0.07638858258724213,0.1265467405319214,0.39272838830947876,-0.07572714984416962,0.3765946328639984,0.5288031101226807,-0.1267307698726654,0.18175406754016876,-0.42989128828048706,-0.3251752555370331,-0.19694943726062775,0.015972713008522987,-0.021609794348478317,-0.12892235815525055,0.18056535720825195,0.004783381707966328,0.0922732725739479,-0.24889929592609406,0.7548233270645142,-0.01952233724296093,-0.10183093696832657,-0.22888216376304626,0.012691286392509937,0.24140067398548126,0.24558186531066895,0.06141307204961777,0.25668150186538696,-0.12073510885238647,0.08255549520254135,0.06977740675210953,0.10135918855667114,-0.6410126686096191,-0.34454774856567383,-0.04054079204797745,-0.1010282039642334,0.1893657147884369,0.1886942982673645,-0.2422015219926834,-0.4571581482887268,0.28252387046813965,0.12267682701349258,-0.20700249075889587,-0.049234144389629364,-0.1526552140712738,0.3573203682899475,-0.37043333053588867,0.00498025119304657,-0.23228470981121063,-0.018989961594343185,-0.2099536955356598,0.09733299911022186,-0.14825439453125,-0.04178600385785103,0.2818974554538727,-0.006131297443062067,0.0022183239925652742,0.26011261343955994,-0.14534986019134521,0.12246421724557877,0.03510235995054245
CID000001206,4006,-0.04823700338602066,-0.3753374516963959,-0.7569060921669006,0.2001882791519165,0.34867939352989197,-0.13444972038269043,-0.05783172696828842,-0.2328597605228424,-0.04959847778081894,-0.23067660629749298,0.2871655821800232,-0.04087107628583908,0.08878619968891144,0.03293045237660408,0.08386232703924179,0.28305956721305847,0.42783045768737793,0.16746550798416138,-0.8319634199142456,-0.06210634112358093,-0.33024388551712036,-0.17190448939800262,0.5723491907119751,0.15452717244625092,-0.622127890586853,-0.5778074860572815,-0.22758349776268005,-0.43394142389297485,0.520553708076477,-0.14824888110160828,1.3271902799606323,0.06886974722146988,-0.18430492281913757,0.5592620372772217,-1.3406392335891724,0.09309306740760803,0.9610001444816589,-0.01724701002240181,-0.2806931436061859,0.00928562879562378,-0.961241602897644,0.5633107423782349,-0.4143660068511963,0.19252964854240417,-0.03972655534744263,-0.03197770565748215,0.6435940861701965,0.003993576858192682,-0.6326959133148193,0.0010930091375485063,-0.3722861409187317,0.20345667004585266,0.6554862856864929,-0.2273387908935547,-0.48142528533935547,-0.4221382737159729,0.05859304219484329,1.4106718301773071,0.7467771768569946,-0.693153440952301,0.17988371849060059,-0.19935372471809387,-0.24454781413078308,0.9106677770614624,0.4866546094417572,0.5052558183670044,0.36532989144325256,0.060502104461193085,-0.13106925785541534,0.031303416937589645,-1.1133249998092651,0.05180184170603752,-0.9920908212661743,-0.12074863910675049,-0.11661682277917862,0.2860786020755768,0.6367870569229126,0.11164119094610214,0.3012527823448181,0.20243243873119354,0.13049113750457764,0.017854686826467514,-0.06326424330472946,-0.1970326006412506,0.2824156880378723,-0.003495868993923068,-1.2800142765045166,0.3819481432437897,0.1452324241399765,-0.22564153373241425,0.2217976301908493,-0.03595602512359619,-0.1977502554655075,0.20359072089195251,-0.0964588075876236,-0.19589097797870636,-0.0912795215845108,-0.005790108349174261,0.1763087809085846,-0.6562353372573853,0.05711792781949043,0.21937260031700134,0.006299367640167475,-0.28937965631484985,0.11918812990188599,-0.0524618923664093,0.6474299430847168,-0.35913529992103577,0.1110290139913559,0.0047424109652638435,0.12589550018310547,-0.047745805233716965,0.9918922185897827,-0.4203358292579651,-0.006920206360518932,-0.07450924068689346,0.021297648549079895,0.27889490127563477,-0.0854865312576294,0.7128182649612427,-0.10087122768163681,-0.3575151562690735,-0.0029072524048388004,-0.010634761303663254,0.3825105130672455,0.09545896202325821,0.4944022595882416,-0.11912696063518524,0.24232740700244904,0.3400166928768158,-0.8098298907279968,-0.26303830742836,0.3201177716255188,0.09932795912027359,0.12786269187927246,1.1382100582122803,-0.011020397767424583,-0.20634838938713074,0.3551042675971985,-0.09627906233072281,-0.20409250259399414,-0.07599533349275589,0.17983107268810272,0.5122258067131042,-0.0450141578912735,-0.26304319500923157,-0.733808159828186,0.4981381893157959,0.17602963745594025,-0.2353658229112625,0.5559744834899902,0.1508277952671051,-1.4706718921661377,-1.491121530532837,0.8234760165214539,-0.40477705001831055,-0.3263660967350006,-0.054193027317523956,-0.4207558035850525,0.022190673276782036,-0.10564941167831421,0.06301594525575638,-0.5839439034461975,0.07526663690805435,-0.3698182702064514,-0.1807468682527542,0.21039171516895294,-0.0728105753660202,0.431692898273468,-0.6697858572006226,-0.36190924048423767,0.2701956629753113,0.0434599369764328,-0.18485523760318756,-1.0555095672607422,-0.03324692323803902,0.47817888855934143,0.024225689470767975,0.6310129165649414,-0.032237257808446884,0.4391709268093109,0.06399348378181458,0.5019220113754272,0.6784321665763855,0.01267952285706997,-0.060714613646268845,0.342448890209198,-0.3492128849029541,-0.21091632544994354,-0.399776428937912,-0.40500035881996155,1.050551176071167,-0.3906868100166321,-0.5997176170349121,-0.28495311737060547,0.24362382292747498,-0.04978561028838158,-0.004615312442183495,0.23646168410778046,0.20237264037132263,0.28338509798049927,-0.22184434533119202,-0.0693059116601944,0.2852524518966675,-0.6248799562454224,0.026342730969190598,-0.3682093024253845,0.09222184121608734,-0.11799691617488861,-0.35362446308135986,-0.42052191495895386,-0.08119843900203705,0.06070607900619507,0.05449580028653145,0.39798831939697266,0.011190811172127724,0.06701209396123886,0.11285106837749481,-0.27599191665649414,-0.00936963688582182,0.33754414319992065,0.16551387310028076,-0.08543112128973007,0.10117481648921967,-0.2581520080566406,-0.047526370733976364,-0.028513740748167038,-1.5765025615692139,-0.10448141396045685,0.14570902287960052,0.057887643575668335,0.14613375067710876,0.3000738024711609,-0.10928217321634293,-0.80424964427948,0.23565895855426788,0.1238514631986618,-0.0628240555524826,-0.0547761544585228,-0.03505220264196396,0.5737146735191345,-0.47366032004356384,0.11091430485248566,-0.1602785587310791,-0.40647801756858826,-0.22510237991809845,0.036343447864055634,0.34706753492355347,0.01156904362142086,0.3833251893520355,0.139909565448761,0.13361363112926483,-0.34075722098350525,-0.43326306343078613,0.34742316603660583,0.02881738170981407
CID000153941,4083,-0.09102331101894379,-0.3497714102268219,-0.2628819942474365,0.10916893184185028,0.20872072875499725,-0.10837195068597794,0.09200835227966309,0.07451821118593216,-0.05180851370096207,-0.08861009031534195,0.31218695640563965,0.0640421062707901,-0.03865392878651619,-0.07705380022525787,0.2987067401409149,0.02528720162808895,0.2128158062696457,0.03662360459566116,-0.4073134958744049,0.47564586997032166,-0.036012839525938034,-0.04335930943489075,0.47016486525535583,0.0061655775643885136,-0.7203103303909302,-0.5922839045524597,-0.7875419855117798,-0.11451126635074615,-0.02799215354025364,0.5336793065071106,0.5643081665039062,0.14733576774597168,0.04226350039243698,0.20773038268089294,-0.42871350049972534,0.07363998889923096,0.5251016616821289,-0.0035144449211657047,0.07360657304525375,0.07507261633872986,0.14491631090641022,0.44394463300704956,-0.3570311665534973,-0.32273322343826294,-0.12757432460784912,-0.06457313895225525,0.5663307905197144,0.10962793976068497,-0.5388151407241821,-0.05046537518501282,-0.5870116353034973,0.17541632056236267,0.49253812432289124,-0.07169581949710846,0.29903796315193176,-0.17379461228847504,-0.3914104104042053,0.33804598450660706,0.6388794183731079,0.1160082221031189,0.04716992378234863,-0.2955395579338074,0.08643607050180435,0.5432168245315552,0.14051523804664612,0.4271138608455658,-0.11085154116153717,-0.15988866984844208,-0.13485270738601685,-0.11289644241333008,-0.30413979291915894,0.049588583409786224,-0.3699797987937927,0.839486300945282,0.21090753376483917,0.35562869906425476,0.7520767450332642,0.37886399030685425,0.31836041808128357,-0.03682234138250351,-0.016034593805670738,0.035951193422079086,0.03884967416524887,0.013964313082396984,0.09023363888263702,0.2260887324810028,0.013521638698875904,-0.0917518362402916,0.09848126769065857,-0.0275711826980114,-0.13934150338172913,0.08130384981632233,-0.1544726938009262,0.0068459720350801945,-0.03817547485232353,-0.26265838742256165,-0.10803554207086563,0.047310855239629745,0.11685069650411606,-0.8799532055854797,-0.07793566584587097,-0.07126131653785706,0.2555685043334961,-0.16240791976451874,0.06878380477428436,-0.008554252795875072,0.660302996635437,0.3540550470352173,0.052818696945905685,0.21943967044353485,-0.016567319631576538,-0.1692655235528946,0.37110161781311035,-0.609016478061676,0.0559181272983551,-0.42562025785446167,-0.17508074641227722,0.15332606434822083,0.09999580681324005,0.062215179204940796,0.0642595961689949,-0.3295876085758209,0.12869051098823547,-0.05650721862912178,-0.25220537185668945,-0.03718730807304382,0.27242010831832886,-0.0015587859088554978,0.08539634197950363,0.1514710932970047,-0.942010760307312,-0.07744936645030975,0.2972799837589264,-0.0009157896274700761,-0.14844609797000885,1.2501888275146484,-0.12388615310192108,-0.08351345360279083,0.2734960913658142,-0.02264486625790596,-0.1881243884563446,-0.27226096391677856,0.4853843152523041,0.2110314667224884,0.10939200967550278,-0.04808297008275986,-0.5168246030807495,-0.18342025578022003,-0.23498353362083435,0.03016870841383934,0.40200939774513245,0.05609631538391113,-0.3652692437171936,-0.4331747889518738,0.19748476147651672,-0.10326899588108063,0.05341976135969162,-0.4887840747833252,-0.6150557398796082,0.05321390554308891,-0.04043995216488838,0.033826399594545364,-0.697715163230896,0.07117929309606552,-0.39069464802742004,0.10681823641061783,-5.208998845773749e-05,-0.03898054361343384,0.7247183918952942,-0.4993492066860199,-0.2608928680419922,0.12534520030021667,-0.06972996145486832,0.1753246933221817,-0.5621415972709656,0.08355025947093964,0.17248685657978058,0.08130817860364914,0.5228316783905029,0.3127885162830353,0.6541569232940674,-0.07863567769527435,-0.3047965466976166,0.6501132845878601,-0.11820346117019653,-0.7527703046798706,0.39320388436317444,-0.15389330685138702,-0.48382654786109924,-0.23051238059997559,-0.19718964397907257,0.7767860293388367,-0.048619795590639114,-0.38157376646995544,0.19407744705677032,0.06558062881231308,0.049990080296993256,-0.06383160501718521,0.856634259223938,-0.09706626087427139,0.2761198878288269,0.5824331641197205,0.13860519230365753,0.30387771129608154,-0.4570213854312897,-0.07660719007253647,-0.4788878560066223,-0.10242877900600433,-0.060041140764951706,-0.25376731157302856,0.09029117226600647,-0.1272796243429184,0.0638437569141388,-0.25417831540107727,0.8676133155822754,0.09684644639492035,0.12536904215812683,-0.12731194496154785,0.017144914716482162,-0.19936497509479523,0.16961084306240082,-0.13003554940223694,-0.06848244369029999,0.09516353905200958,-0.150631383061409,0.14179286360740662,0.2121967077255249,-0.39428895711898804,-0.1780346930027008,-0.01625451073050499,-0.05009634047746658,0.0810769572854042,-0.06004032492637634,0.0323156900703907,-0.35514456033706665,-0.05425684526562691,0.026258360594511032,-0.16673848032951355,0.018825342878699303,0.3179675042629242,0.7914044260978699,-0.4449826180934906,-0.13726277649402618,-0.5165743827819824,-0.07823897898197174,-0.3445104956626892,-0.08001631498336792,-0.10667464882135391,0.0778946503996849,0.4471026062965393,0.24672405421733856,0.21237850189208984,0.008837703615427017,0.002228227211162448,0.26280736923217773,0.09653859585523605
CID000003394,4220,0.08548397570848465,-0.1914902627468109,-0.707726776599884,0.15410102903842926,0.4830738604068756,0.03553280234336853,-0.16725781559944153,-0.6557132601737976,-0.23474593460559845,-0.23860256373882294,0.13380183279514313,0.10942791402339935,-0.1603228747844696,0.051913369446992874,0.10356579720973969,0.018781237304210663,0.2994522452354431,0.059158116579055786,-0.3090757131576538,0.07034959644079208,-0.10713724046945572,0.05997408181428909,0.6843390464782715,0.08840839564800262,-0.4980975091457367,-0.5700402855873108,-0.20953364670276642,0.015826474875211716,0.15676920115947723,0.028542499989271164,0.7825326919555664,-0.06404076516628265,-0.11478383839130402,0.5482888221740723,-0.36165910959243774,0.0953563004732132,1.2613990306854248,-0.11407532542943954,0.06356535106897354,-0.07207716256380081,-0.36719614267349243,0.5225510001182556,-0.35800665616989136,0.0765715092420578,0.051139991730451584,-0.04536055400967598,0.5790488123893738,-0.23456521332263947,-0.4606810212135315,0.12602348625659943,-0.2715337574481964,0.11895730346441269,0.32702356576919556,-0.17578108608722687,0.2646719813346863,-0.27772802114486694,-0.2992735505104065,0.778106689453125,0.056141383945941925,-0.15757152438163757,0.0003560200275387615,-0.15082570910453796,-0.11356039345264435,0.8343501091003418,0.21282294392585754,0.2829318642616272,-0.12685684859752655,-0.02880295179784298,-0.06955038756132126,-0.07968488335609436,-0.592039942741394,0.16687987744808197,-0.9564712643623352,0.31653955578804016,0.18292224407196045,0.2946121394634247,0.5594149231910706,0.1680842638015747,0.41742557287216187,0.1147710531949997,0.10780584812164307,-0.23028016090393066,0.0006579086184501648,-0.05751391127705574,0.15759944915771484,0.27469712495803833,-0.5701811909675598,-0.10722403228282928,-0.18232285976409912,0.055111877620220184,-0.1833488643169403,0.02899729274213314,-0.1601962149143219,0.03445928543806076,-0.012050554156303406,-0.06928475201129913,-0.10097421705722809,0.15907031297683716,-0.05978882312774658,-0.6154211759567261,-0.015470573678612709,0.020786786451935768,0.0018096774583682418,-0.15121890604496002,0.24316450953483582,-0.0965227484703064,0.8705116510391235,0.13362917304039001,0.15935370326042175,-0.044238679111003876,-0.004164618439972401,-0.03072449564933777,0.3942410945892334,-0.12201406806707382,0.20076537132263184,-0.12951132655143738,-0.28489071130752563,0.17209509015083313,-0.26386675238609314,0.11110340058803558,-0.41753607988357544,-0.29936495423316956,0.1579870730638504,-0.043951064348220825,0.06637740880250931,-0.14125612378120422,0.17437267303466797,-0.13342072069644928,-0.19263215363025665,0.21408602595329285,-0.7061983346939087,-0.45284509658813477,0.3890076279640198,0.2623172998428345,0.11959721893072128,0.8248070478439331,0.2607347369194031,-0.0836641937494278,0.23746240139007568,-0.059842757880687714,0.0181334987282753,-0.27880340814590454,0.06799813359975815,0.02609005570411682,0.015502164140343666,0.07170011848211288,-0.23189020156860352,-0.029509078711271286,-0.09226981550455093,-0.13984712958335876,0.23532429337501526,-0.06419457495212555,-0.5142902135848999,-0.6303374767303467,0.8123915791511536,-0.333123117685318,-0.004832851700484753,0.19306299090385437,-0.26544246077537537,0.04223351925611496,-0.1794300377368927,0.35296911001205444,-0.95562744140625,-0.07566209882497787,-0.3303322196006775,-0.05077937990427017,-0.013588654808700085,-0.21157896518707275,0.3007942736148834,-0.46137118339538574,-0.28260114789009094,-0.08386952430009842,0.03880060464143753,0.022760000079870224,-0.5319274067878723,-0.16837754845619202,0.3754271864891052,0.02669578418135643,0.6217712163925171,-0.004102491308003664,0.6234680414199829,-0.06925123929977417,-0.16813960671424866,0.5045111775398254,0.17127633094787598,-0.33081987500190735,-0.185419961810112,-0.11738717555999756,-0.44308027625083923,0.0049762846902012825,-0.31539812684059143,0.8122020959854126,-0.19679637253284454,-0.5530201196670532,-0.04230986163020134,0.04979722201824188,0.045169152319431305,0.051289211958646774,0.4444551467895508,-0.006482458207756281,0.2342013120651245,0.23600736260414124,-0.12586554884910583,0.06705904752016068,-0.3772919178009033,-0.3570883274078369,-0.13810384273529053,0.13304048776626587,-0.1009390577673912,-0.16639460623264313,-0.3662039339542389,-0.02351214922964573,-0.2136576622724533,-0.33031290769577026,0.46613797545433044,0.04988548904657364,-0.044240552932024,-0.2197141945362091,-0.10886994749307632,-0.18553145229816437,0.11032123863697052,-0.027218688279390335,0.1504126489162445,-0.019070450216531754,-0.11574802547693253,0.09795846045017242,-0.07843160629272461,-0.9083104133605957,-0.004410794470459223,0.033420152962207794,-0.010148751549422741,0.32743406295776367,0.012530660256743431,-0.047954946756362915,-0.5744008421897888,-0.05825012922286987,0.10538693517446518,0.02673482336103916,-0.13830582797527313,-0.042582929134368896,0.6451830267906189,-0.3913833200931549,0.19114279747009277,-0.16488149762153625,-0.25394314527511597,-0.21863321959972382,0.2773669362068176,0.07937101274728775,-0.22709724307060242,0.27599427103996277,0.4105941355228424,-0.0027943775057792664,0.03171151131391525,-0.16945412755012512,0.22492220997810364,-0.05581514909863472
CID000002170,4264,0.038527023047208786,-0.18071699142456055,-0.3865825831890106,-0.06983353197574615,0.31487876176834106,-0.34495624899864197,-0.019775178283452988,-0.44183260202407837,-0.1223597303032875,0.14495988190174103,0.3585115075111389,-0.018776535987854004,-0.023415185511112213,-0.007677209563553333,-0.035858381539583206,0.418035089969635,0.15751998126506805,0.04298003762960434,-0.3544394373893738,0.1911052167415619,-0.29146361351013184,0.09410461783409119,0.6109720468521118,-0.012387298978865147,-0.376618355512619,-0.67347252368927,-0.3834192156791687,-0.07132744044065475,0.173069030046463,-0.07331809401512146,0.6911121606826782,0.062260109931230545,-0.20281317830085754,0.36573272943496704,-0.5414509773254395,0.17263326048851013,0.5443315505981445,-0.18609662353992462,0.025067264214158058,0.026314372196793556,-0.34764811396598816,0.295574814081192,-0.4062732756137848,0.06978001445531845,-0.0796584039926529,0.13900943100452423,0.6981998682022095,-0.10347761958837509,-0.5137726664543152,-0.040730688720941544,-0.34132519364356995,0.08247490227222443,0.5463935136795044,-0.10726139694452286,0.011592520400881767,-0.48220500349998474,-0.14439329504966736,0.6193169355392456,0.02591051161289215,-0.14160624146461487,0.036346763372421265,-0.2333131730556488,0.1456037312746048,0.7104944586753845,0.11624930053949356,0.2192353755235672,-0.1682772934436798,-0.012427699752151966,-0.005793909542262554,0.05605505779385567,-0.6705194711685181,0.1822887659072876,-0.507696270942688,0.6021668910980225,-0.003798931837081909,0.3984648287296295,0.29051852226257324,0.22720344364643097,0.47772589325904846,0.0032406002283096313,-0.07965464890003204,-0.3696252405643463,0.087888702750206,-0.18404456973075867,0.144040048122406,0.3876855969429016,-0.35417619347572327,-0.07310334593057632,-0.1612326204776764,0.19099459052085876,-0.06840892136096954,-0.131989985704422,-0.04988105595111847,0.23971375823020935,0.13139402866363525,-0.18987323343753815,-0.26089414954185486,0.2626672685146332,0.033928029239177704,-0.5375348329544067,-0.051209915429353714,-0.1250065118074417,0.2052658349275589,-0.02853243052959442,0.20832881331443787,-0.10790465772151947,0.8249093890190125,0.04879464581608772,0.21268853545188904,-0.1181262880563736,-0.02165420912206173,-0.004629527684301138,0.29677674174308777,-0.09383975714445114,0.28529053926467896,-0.19771599769592285,-0.4610464572906494,0.006798064801841974,0.01153519470244646,0.12909892201423645,-0.07362116128206253,-0.34776735305786133,-0.0845557302236557,0.02539854682981968,-0.05470576882362366,0.0009970605606213212,0.14420102536678314,0.04749513790011406,-0.19686272740364075,0.14605802297592163,-0.70738685131073,-0.10317311435937881,0.43680304288864136,0.14793822169303894,0.10970254242420197,0.7308257818222046,0.2041335552930832,-0.2202121764421463,0.21473269164562225,0.03418286144733429,-0.2819611728191376,-0.19118686020374298,0.17885999381542206,0.34149208664894104,0.22155752778053284,-0.03432193025946617,-0.5707781910896301,-0.026363706216216087,0.14215679466724396,-0.09753045439720154,0.22440902888774872,-0.17844440042972565,-0.6914180517196655,-0.826147735118866,0.48077481985092163,-0.2587287127971649,0.19006355106830597,-0.10661045461893082,-0.40998178720474243,-0.04475726559758186,-0.00020598768605850637,-0.2287624329328537,-0.5911029577255249,0.054851554334163666,-0.4413108229637146,-0.004229235462844372,-0.022625619545578957,-0.1652451753616333,0.4716167449951172,-0.5624691247940063,-0.3353115916252136,-0.21322563290596008,-0.022087352350354195,-0.2545654773712158,-0.7594714164733887,-0.04825389385223389,0.46986016631126404,0.17847970128059387,0.5488453507423401,0.0849003791809082,0.5370351076126099,-0.29874280095100403,0.03544776514172554,0.2966761887073517,0.04668771103024483,-0.5499081611633301,0.08554963022470474,-0.32353097200393677,-0.025398915633559227,-0.03683111071586609,-0.454171359539032,0.8507874608039856,0.020852014422416687,-0.6079846620559692,0.038722146302461624,-0.0679994449019432,-0.14119824767112732,0.11888833343982697,0.30025142431259155,-0.09611213207244873,0.389734148979187,0.4512190818786621,-0.10556721687316895,0.05257471650838852,-0.5620164275169373,-0.4173755645751953,-0.07668139040470123,0.03405802324414253,0.06074919551610947,-0.057547617703676224,0.22737529873847961,-0.016820823773741722,-0.09547190368175507,-0.2558508813381195,0.7535227537155151,0.01967288926243782,-0.22924470901489258,-0.3581838011741638,-0.08027472347021103,0.19533319771289825,0.4757947027683258,0.07479172945022583,0.15069028735160828,-0.074202761054039,0.05464361235499382,0.1884351670742035,0.05043889954686165,-0.7431639432907104,-0.30726689100265503,-0.07239627093076706,-0.1675128936767578,0.29869574308395386,0.019885458052158356,-0.3266051411628723,-0.4823985993862152,0.27051419019699097,-0.0075177885591983795,-0.23774954676628113,-0.11058545112609863,-0.09421331435441971,0.5678600072860718,-0.48392072319984436,0.05435167998075485,-0.20300698280334473,0.16748932003974915,-0.4317241609096527,0.026309171691536903,0.02827451191842556,0.09027955681085587,0.2807181179523468,-0.056332867592573166,0.029518062248826027,0.1089233011007309,-0.051012057811021805,0.09941788017749786,-0.07966489344835281
CID000002519,4340,-0.10136678069829941,-0.1994006186723709,-0.7909855842590332,0.4511820375919342,0.20740875601768494,-0.03145918250083923,-0.16081540286540985,-0.5077375173568726,0.02686900459229946,-0.09475041180849075,0.31241101026535034,0.13350233435630798,-0.039043910801410675,-0.101842500269413,0.03190486505627632,-0.027231227606534958,0.3846299648284912,0.27480000257492065,-0.4983161985874176,0.031879715621471405,0.03814001381397247,0.12062785774469376,0.462385356426239,0.04822428151965141,-0.6538562178611755,-0.5633997917175293,-0.5103711485862732,-0.09843893349170685,0.10186885297298431,0.14529801905155182,0.5642292499542236,-0.010715064592659473,0.12843111157417297,0.518389105796814,-0.08131508529186249,0.2257620096206665,0.5568965673446655,-0.1228807121515274,0.21165812015533447,0.008059822954237461,-0.002923050429672003,0.3617557883262634,-0.149363175034523,-0.23391279578208923,-0.05154991149902344,-0.00241527846083045,0.6689766645431519,-0.24757781624794006,-0.5085271000862122,-0.11788183450698853,-0.7103848457336426,0.14672033488750458,0.5355995893478394,-0.07229015231132507,0.21487896144390106,-0.2623232305049896,-0.33131837844848633,0.6724193692207336,0.07388108223676682,0.0030270845163613558,-0.05712173134088516,-0.29412728548049927,0.2676474452018738,0.6844960451126099,0.10922585427761078,0.6257064938545227,-0.15198782086372375,-0.17370405793190002,-0.026273753494024277,0.15400910377502441,-0.669335663318634,0.3442017436027527,-0.45133036375045776,0.5280151963233948,0.0853445827960968,0.4914577007293701,0.2443425953388214,0.10867961496114731,0.6367760896682739,-0.08660408854484558,0.03120185062289238,-0.127754807472229,0.048384733498096466,-0.012424515560269356,0.48245754837989807,0.36650365591049194,-0.17014913260936737,-0.32878658175468445,0.11116316169500351,0.13717348873615265,-0.30443572998046875,0.10133745521306992,-0.3283906579017639,-0.20752909779548645,0.011411899700760841,-0.11181996017694473,-0.23559165000915527,0.17187947034835815,-0.14372976124286652,-0.743982195854187,0.08267368376255035,-0.3319894075393677,0.2355644255876541,0.07677297294139862,0.13737541437149048,-0.06726361811161041,0.6935972571372986,-0.021361976861953735,0.1923409402370453,0.047056227922439575,-0.1251312792301178,0.06252168118953705,0.1164703369140625,-0.6378688216209412,0.15406078100204468,-0.4040589928627014,-0.11760535091161728,-0.003959542606025934,0.027951542288064957,0.10013282299041748,-0.14347609877586365,-0.2634274363517761,0.13392570614814758,-0.0618680939078331,-0.20113149285316467,0.1247527226805687,0.1376410871744156,-0.02911553904414177,-0.05473685264587402,0.1526051014661789,-0.596332848072052,-0.5991611480712891,0.12852707505226135,0.1143546923995018,-0.24230022728443146,0.6532996296882629,-0.17128372192382812,0.07993492484092712,0.4349547028541565,-0.08741486072540283,-0.08852323144674301,-0.25733330845832825,0.2016584575176239,0.2124921828508377,0.09081650525331497,-0.107865110039711,-0.33237752318382263,-0.1533353626728058,-0.1598028838634491,0.10077451169490814,0.5726103782653809,-0.05191274359822273,-0.3808136582374573,-0.4991416037082672,0.3892785906791687,-0.028646672144532204,-0.005822405219078064,-0.004375399090349674,-0.49220752716064453,0.014653867110610008,-0.23760131001472473,0.08674376457929611,-1.1145614385604858,0.18397556245326996,-0.4362587034702301,-0.08501361310482025,-0.3414328396320343,-0.10050109773874283,0.6738811731338501,-0.3934844434261322,-0.40573039650917053,0.08810122311115265,-0.21069729328155518,-0.1097932904958725,-0.604972243309021,-0.045859672129154205,0.4254157543182373,0.20009127259254456,0.5381940603256226,-0.018518319353461266,0.3714202642440796,-0.09877275675535202,-0.12612244486808777,0.4603988528251648,-0.20739130675792694,-0.477273553609848,-0.041180044412612915,-0.09555120766162872,0.05510023981332779,-0.20515629649162292,-0.11816183477640152,0.7969873547554016,-0.022616606205701828,-0.35533618927001953,0.11306743323802948,0.054231833666563034,-0.05072830989956856,-0.10528498888015747,0.4037137031555176,-0.3342165946960449,0.34491878747940063,0.3168870508670807,-0.09998574107885361,0.24144843220710754,-0.4646666944026947,-0.014708304777741432,-0.434988409280777,0.019664868712425232,-0.1934724748134613,-0.22291672229766846,0.007981368340551853,0.014267143793404102,0.1762109398841858,-0.3218938708305359,0.9334390759468079,0.11550847440958023,0.06999753415584564,-0.12973785400390625,0.16683772206306458,-0.007917451672255993,0.140398770570755,-0.00791692640632391,0.05678001791238785,-0.09626240283250809,-0.05405937507748604,0.11201952397823334,-0.021291108801960945,-0.4913760721683502,0.026757698506116867,-0.1860082894563675,-0.21308794617652893,-0.11045726388692856,0.04417194426059723,-0.061872877180576324,-0.6597382426261902,0.1882048398256302,0.15922965109348297,-0.19744405150413513,0.1508314609527588,0.05785029008984566,0.8369117975234985,-0.3843013644218445,0.058649398386478424,-0.2950454652309418,-0.3564494252204895,-0.41381826996803284,-0.07467225193977356,-0.11809289455413818,-0.02092011645436287,0.35057780146598816,0.24717676639556885,0.08603820204734802,0.14712835848331451,-0.13436266779899597,0.2645846903324127,-0.023031290620565414
CID000003278,4387,0.08205847442150116,-0.1294436901807785,-0.3767797648906708,0.05737144500017166,0.33469098806381226,-0.19444671273231506,-0.05392489582300186,-0.3993658423423767,-0.18673956394195557,0.046443693339824677,0.25671976804733276,0.09380177408456802,-0.0005076006054878235,-0.07298821210861206,-0.025070294737815857,0.3017337918281555,0.7224971055984497,0.025883663445711136,-0.25607535243034363,0.2451559603214264,-0.13218243420124054,-0.10242678970098495,0.5840371251106262,-0.056488197296857834,-0.27874937653541565,-0.5255013108253479,-0.19222843647003174,-0.11597921699285507,0.126901775598526,0.02435859479010105,0.22186806797981262,0.08151550590991974,-0.061832211911678314,0.2430587261915207,-0.06807191669940948,0.0999528244137764,0.7843263745307922,-0.06963653862476349,-0.008969374001026154,-0.01962553709745407,-0.12998828291893005,0.6921367049217224,-0.3517306447029114,-0.07049354910850525,0.05250954627990723,0.10326143354177475,0.5146788358688354,-0.045062270015478134,-0.5779974460601807,0.07232009619474411,-0.29649797081947327,0.18333716690540314,0.32894304394721985,-0.2910338044166565,0.1329607367515564,-0.3119845986366272,-0.11165270954370499,0.5920100808143616,-0.045391201972961426,-0.13909798860549927,0.07143082469701767,-0.2628898620605469,0.14008726179599762,0.6855954527854919,0.08074334263801575,0.15934428572654724,-0.2671269476413727,0.06751102954149246,0.0636623278260231,0.08001340180635452,-0.6173405647277832,0.09310536086559296,-0.40528854727745056,0.5162643194198608,0.07882490009069443,0.3284074664115906,0.5125605463981628,0.3246835768222809,0.4097209870815277,-0.03507555276155472,-0.07161722332239151,-0.18779423832893372,0.07158903777599335,0.00859338603913784,0.2254110872745514,0.31465426087379456,-0.10103005170822144,0.0060508898459374905,-0.11247408390045166,0.0008494406938552856,-0.08176104724407196,-9.485632472205907e-05,-0.0552886538207531,0.058735866099596024,0.09259382635354996,-0.04394080862402916,-0.353350967168808,0.1730528324842453,-0.07300874590873718,-0.47501450777053833,-0.08995381742715836,-0.14928896725177765,-0.014516803435981274,0.001112750149331987,0.21317195892333984,-0.17504897713661194,0.4957175850868225,0.1333095133304596,0.2007368505001068,-0.13629703223705292,-0.10776686668395996,0.11528360843658447,0.2938174605369568,-0.07957647740840912,0.15535184741020203,-0.2809673249721527,-0.2382843941450119,-0.09189195930957794,-0.1902603954076767,-0.08114327490329742,-0.17124134302139282,-0.35509562492370605,0.041099630296230316,0.1669420748949051,0.06077468395233154,0.15620754659175873,0.0414079912006855,0.0778985321521759,-0.19916169345378876,0.1766575574874878,-0.5571995973587036,-0.19781967997550964,0.3248059153556824,0.17479726672172546,0.06947590410709381,0.6650405526161194,-0.07728330045938492,-0.10171922296285629,0.17162179946899414,-0.19147321581840515,-0.05520487576723099,-0.2384105622768402,0.12761761248111725,0.25476592779159546,0.13064754009246826,0.02962552011013031,-0.28557807207107544,-0.10325207561254501,0.006517183966934681,-0.07811478525400162,0.20135347545146942,-0.15499842166900635,-0.4041236937046051,-0.6067190766334534,0.40144190192222595,-0.2702145278453827,0.09605976939201355,-0.058800436556339264,-0.5172213912010193,-0.0592927448451519,-0.005908186547458172,-0.3101831376552582,-0.7080264687538147,0.030605003237724304,-0.4894521236419678,0.02096056193113327,-0.06878697872161865,-0.15813270211219788,0.4508199691772461,-0.40704408288002014,-0.2355387955904007,-0.1841999590396881,-0.13122811913490295,-0.16164371371269226,-0.4075314402580261,-0.08480800688266754,0.24529483914375305,0.012211600318551064,0.5546787977218628,-0.24723109602928162,0.5065094828605652,-0.0026866390835493803,-0.14053058624267578,0.16375388205051422,-0.04240734502673149,-0.22798439860343933,-0.0976526215672493,-0.309193879365921,0.029247066006064415,-0.15329448878765106,-0.34855151176452637,0.6410859823226929,-0.032059792429208755,-0.5416474342346191,0.07418110966682434,-0.09006302058696747,-0.1526445597410202,-0.02180260792374611,0.20365674793720245,0.037116967141628265,0.3020343780517578,0.3365045189857483,-0.06942714005708694,-0.024072686210274696,-0.2721967399120331,-0.2404792755842209,-0.2107870876789093,0.1096138134598732,0.06988226622343063,-0.083936408162117,0.06561875343322754,0.024731842800974846,0.13673631846904755,-0.22558316588401794,0.5516533255577087,-0.0248740054666996,-0.15263894200325012,-0.11443958431482315,-0.034034162759780884,0.08769434690475464,0.39906802773475647,0.046546392142772675,0.1979045420885086,-0.1314571350812912,-0.06654951721429825,0.12736116349697113,0.012655988335609436,-0.6655697822570801,-0.2630971074104309,-0.11109008640050888,0.05476089194417,0.14071325957775116,0.11984865367412567,-0.27658697962760925,-0.3709230124950409,0.13620874285697937,0.10520026832818985,-0.1593140959739685,0.04912049323320389,-0.14164867997169495,0.17150796949863434,-0.3698566257953644,-0.02843422070145607,-0.23935213685035706,-0.02736380137503147,-0.3023136556148529,0.03495585918426514,-0.04256833717226982,-0.1581500917673111,0.31576719880104065,0.0227503664791584,0.11788430064916611,0.033243462443351746,-0.20478419959545135,0.06374281644821167,0.009090131148695946
CID000004993,4998,0.035019271075725555,-0.24509254097938538,-0.5393542051315308,0.20886865258216858,0.38121750950813293,-0.10586973279714584,-0.1291908323764801,-0.5217472910881042,-0.1764882504940033,-0.04485858231782913,0.2495623379945755,0.0241609625518322,-0.059566933661699295,0.04011475294828415,0.11124813556671143,0.13412804901599884,0.3164079189300537,0.133946493268013,-0.12978391349315643,0.22754009068012238,-0.11489323526620865,0.08835352212190628,0.39043155312538147,0.04714471101760864,-0.410160630941391,-0.6900379657745361,-0.5233229398727417,0.2603093385696411,-0.06398984789848328,-0.0001726828486425802,0.5240281820297241,0.12555620074272156,-0.04246649891138077,0.5203106999397278,-0.11799486726522446,0.21830494701862335,1.2025662660598755,-0.139631986618042,0.05500326305627823,0.1039118617773056,0.12840788066387177,0.4138118326663971,-0.34285807609558105,-0.09952737390995026,-0.04059482738375664,0.03584306687116623,0.5638574361801147,-0.2560647428035736,-0.49950820207595825,-0.0460786446928978,-0.5171868205070496,0.15058083832263947,0.37714526057243347,-0.2722376883029938,0.30313485860824585,-0.15235963463783264,-0.31179600954055786,0.484590619802475,0.04630029946565628,-0.09510110318660736,-0.09360560029745102,-0.1728908121585846,-0.02315312623977661,0.5560885667800903,0.06980220973491669,0.22656266391277313,-0.1990036815404892,-0.1898273527622223,0.05060123652219772,0.06662432849407196,-0.4718457758426666,0.15052193403244019,-0.6174052953720093,0.5828561186790466,0.045020218938589096,0.26951879262924194,0.5700499415397644,0.11174461990594864,0.3899555206298828,-0.001034319051541388,0.015852008014917374,-0.20102111995220184,0.14418555796146393,-0.03103349544107914,0.08847487717866898,0.3180808424949646,-0.17789311707019806,-0.0986398309469223,-0.059991978108882904,0.18608878552913666,-0.2632300853729248,-0.11746525764465332,-0.1110326275229454,0.006043975707143545,0.18081042170524597,0.00203588604927063,0.00781856756657362,0.12963014841079712,-0.054933011531829834,-0.7913780212402344,-0.0807085633277893,-0.1724434196949005,0.1774766743183136,-0.0045058345422148705,0.2769719660282135,-0.022980328649282455,0.9380108714103699,-0.11516273021697998,0.2808731198310852,-0.03625062108039856,-0.09813337028026581,0.06064604967832565,0.1151503175497055,-0.248984694480896,0.17280063033103943,-0.44350212812423706,-0.375943660736084,-0.056659214198589325,-0.11229515075683594,0.141635000705719,-0.2706930339336395,-0.28512221574783325,0.20429620146751404,0.04445107653737068,-0.0585017204284668,-0.00925473216921091,0.21973451972007751,-0.0077822208404541016,-0.3144252598285675,0.28862816095352173,-0.6222314238548279,-0.4118812084197998,0.3329651951789856,0.15198025107383728,0.05089252442121506,0.7117559313774109,0.23532235622406006,-0.11220703274011612,0.2143823355436325,-0.0865805521607399,-0.05161283537745476,-0.2312362641096115,0.057754792273044586,0.0535113625228405,0.08911174535751343,0.025871267542243004,-0.16219207644462585,-0.0673951506614685,-0.08260227739810944,-0.070017509162426,0.22772827744483948,-0.15900900959968567,-0.4475560784339905,-0.5527328848838806,0.4712424874305725,-0.10444919019937515,0.382246196269989,0.11477148532867432,-0.3838614523410797,-0.07789430022239685,-0.06441818177700043,0.26773732900619507,-0.8936657905578613,0.12851177155971527,-0.29949870705604553,0.039490506052970886,0.012594255618751049,-0.22149260342121124,0.6967304348945618,-0.42355242371559143,-0.23915116488933563,-0.05763694643974304,0.02493804320693016,-0.1078176349401474,-0.5219483375549316,-0.21799162030220032,0.36849626898765564,0.033166784793138504,0.5290066599845886,-0.01208961009979248,0.49627381563186646,-0.16756974160671234,-0.19183865189552307,0.44986599683761597,-0.013312319293618202,-0.4448135495185852,-0.11356721818447113,-0.1531083732843399,-0.3025701642036438,-0.08213861286640167,-0.33649325370788574,1.0544798374176025,-0.06388305872678757,-0.4014415740966797,0.13697180151939392,-0.09560324996709824,0.021663064137101173,0.18229719996452332,0.5095115900039673,-0.08951182663440704,0.2870090901851654,0.47920355200767517,-0.11980286985635757,0.18922515213489532,-0.334443062543869,-0.24184350669384003,-0.21704402565956116,0.07717906683683395,-0.11258895695209503,-0.13265857100486755,-0.09188349545001984,-0.023342913016676903,-0.17265650629997253,-0.3313167691230774,0.5890101194381714,-0.03403565287590027,-0.008124977350234985,-0.2691780924797058,-0.004468434955924749,0.0837310180068016,0.15189847350120544,0.03320266678929329,0.19749577343463898,-0.13642290234565735,0.20677785575389862,-0.006380707025527954,0.024356219917535782,-0.54961758852005,-0.2550901472568512,-0.035906918346881866,-0.23289644718170166,0.1310252845287323,0.10007735341787338,-0.11790989339351654,-0.4520754814147949,-0.01219271682202816,0.20027117431163788,-0.17193546891212463,0.004623234272003174,-0.043636880815029144,0.7842391133308411,-0.30547645688056946,0.10050100088119507,-0.3183247447013855,-0.07397755980491638,-0.28278136253356934,0.18797814846038818,0.08641494810581207,-0.1183939203619957,0.24353794753551483,0.32032233476638794,0.014089912176132202,0.30641305446624756,-0.10906188189983368,0.21981938183307648,0.14614173769950867
CID006435110,5022,-0.14435002207756042,-0.24042582511901855,-0.7357757687568665,0.4579179883003235,0.24426023662090302,-0.296985000371933,-0.16219088435173035,-0.04604373499751091,-0.10970865190029144,-0.23603685200214386,0.10785242170095444,-0.27978411316871643,0.09284809976816177,-0.36492761969566345,0.08730272203683853,0.14857345819473267,0.01075872965157032,0.10893090069293976,-0.38701051473617554,-0.14712604880332947,0.14487281441688538,-0.04377254843711853,0.46284031867980957,0.17401747405529022,-0.6439498066902161,-0.8511959314346313,-0.7122276425361633,0.10847105085849762,0.17192788422107697,-0.09798658639192581,0.615617573261261,-0.10652148723602295,-0.05557134002447128,0.46038293838500977,-0.13901928067207336,-0.08801637589931488,0.3004646897315979,-0.3987756669521332,0.0856238380074501,-0.21248528361320496,-0.04170619323849678,0.4278496205806732,-0.44864875078201294,0.13714389503002167,0.2544025778770447,-0.1478796899318695,0.23616743087768555,0.03895979002118111,-0.5404322147369385,0.06450425088405609,-0.5696332454681396,0.21148507297039032,0.6091116666793823,-0.014775621704757214,-0.22820302844047546,-0.3252360224723816,-0.3608630895614624,0.7219969034194946,0.15034687519073486,0.05708663538098335,-0.15302588045597076,-0.09765015542507172,0.13739162683486938,0.7679284811019897,-0.1164577379822731,0.5497282147407532,0.1344657838344574,-0.05379720404744148,0.020623009651899338,-0.22275438904762268,-0.728797435760498,0.14071165025234222,-0.517407238483429,0.6052778959274292,-0.0880957841873169,0.24011199176311493,0.5601921081542969,0.06889968365430832,0.8769351840019226,0.11052445322275162,0.1388522833585739,-0.09454236179590225,-0.1418367177248001,0.1142951101064682,-0.12359502166509628,0.059357624500989914,-0.1540590524673462,0.2886272072792053,0.19895438849925995,0.2313866913318634,0.07217450439929962,-0.0014009118312969804,-0.38575518131256104,-0.1990068256855011,0.07497916370630264,0.11266376823186874,-0.07980511337518692,-0.1413080245256424,-0.03491837531328201,-0.5529683828353882,-0.1787712574005127,0.13021911680698395,0.05807361751794815,-0.27252718806266785,0.026734311133623123,-0.2526485025882721,0.40366753935813904,0.29895204305648804,-0.08929548412561417,0.11686859279870987,-0.23181362450122833,-0.1363140344619751,0.4457407593727112,-0.5599268674850464,-0.1778801679611206,-0.3599094748497009,-0.31530824303627014,0.20755720138549805,-0.1420241743326187,-0.07063956558704376,0.057088226079940796,-0.20467118918895721,-0.10073182731866837,-0.2202570140361786,0.04008082300424576,-0.0052543459460139275,-0.08351565897464752,0.21539731323719025,0.15523050725460052,0.3051348328590393,-0.49371543526649475,-0.324078768491745,0.2742907404899597,-0.00899833720177412,0.06896630674600601,0.7729960083961487,-0.09858693182468414,0.035798050463199615,0.09286554902791977,0.16847212612628937,-0.05308353900909424,-0.1733236163854599,0.08821070194244385,0.07796203345060349,0.2538079023361206,-0.10326547920703888,-0.12180551141500473,0.1142173558473587,-0.24620850384235382,-0.22243455052375793,0.6063181161880493,0.07095407694578171,-0.4382627606391907,-0.5174669027328491,0.36399364471435547,0.36033058166503906,-0.01861373707652092,0.09529298543930054,-0.5741068720817566,-0.00038813651190139353,-0.049428798258304596,0.23879432678222656,-0.8389447927474976,0.019338006153702736,-0.527579128742218,-0.1830778419971466,-0.1972091943025589,0.17668481171131134,0.6417614221572876,-0.5912418365478516,-0.27987974882125854,0.06222853064537048,-0.3240164816379547,0.051679275929927826,-0.35446012020111084,-0.10103976726531982,0.32850369811058044,-0.084885373711586,0.5164545774459839,0.49140793085098267,0.4087926745414734,-0.13494591414928436,0.07142715156078339,0.2106827199459076,-0.35712477564811707,-0.27334409952163696,-0.051025886088609695,-0.035248707979917526,-0.038336560130119324,-0.17456769943237305,-0.18989033997058868,0.48173171281814575,-0.0024865090381354094,-0.28507593274116516,-0.052522771060466766,-0.07186023145914078,0.041168637573719025,0.1628827452659607,0.4115419387817383,-0.11938176304101944,0.37638410925865173,0.5541967749595642,0.008867043070495129,0.3150123059749603,-0.5106250047683716,0.14964677393436432,-0.227605938911438,0.03716336190700531,-0.15196821093559265,-0.09444940835237503,-0.09894398599863052,0.15595272183418274,-0.02831919863820076,0.005384833551943302,1.0286736488342285,-0.06268882751464844,0.2698860466480255,-0.35620030760765076,-0.1055336594581604,0.08465655893087387,0.20702147483825684,-0.14067256450653076,0.09542222321033478,-0.1337735950946808,0.07811509072780609,-0.11326353251934052,0.06719741970300674,-0.9424856901168823,-0.2639125883579254,0.09430792927742004,-0.1259220987558365,0.26545029878616333,0.027226915583014488,-0.11308683454990387,-0.7578364610671997,0.23016080260276794,-0.07347839325666428,-0.20834335684776306,0.17242023348808289,0.05350542068481445,0.7252460718154907,-0.4966227412223816,0.08809038251638412,-0.3954629898071289,0.07305391877889633,-0.10366940498352051,0.01105470024049282,-0.09652288258075714,0.05934447795152664,0.03666653111577034,-0.04538152366876602,-0.16697648167610168,0.053305141627788544,-0.07141140103340149,-0.08784831315279007,-0.15317417681217194
CID000004211,5051,0.18925806879997253,-0.28914308547973633,-0.7816928029060364,0.08194125443696976,0.6342633366584778,0.1850455105304718,-0.13553157448768616,-1.0453227758407593,-0.3555721342563629,-0.23402133584022522,0.04180701822042465,0.08562424033880234,-0.06354121118783951,-0.1313454657793045,-0.008908865042030811,-0.04148402065038681,0.3887976408004761,-0.03632800653576851,-0.3907029628753662,0.13602899014949799,-0.17849424481391907,0.13124355673789978,0.6645370721817017,0.16152380406856537,-0.5637848377227783,-0.660364031791687,-0.32824772596359253,0.018033066764473915,0.12001816928386688,-0.07604165375232697,0.9753211736679077,-0.07707525789737701,-0.17221595346927643,0.6664296388626099,-0.5133301019668579,0.10326729714870453,1.5450066328048706,-0.12407229095697403,-0.004138679709285498,-0.048372820019721985,-0.49351462721824646,0.6783760786056519,-0.223545104265213,0.020474443212151527,0.0012395925587043166,-0.07427076995372772,0.7364586591720581,-0.18201246857643127,-0.3512497544288635,0.24297544360160828,-0.4514250159263611,0.19881024956703186,0.28317171335220337,-0.15008291602134705,0.2016589194536209,-0.288533478975296,-0.23132780194282532,0.9133766889572144,0.08778911828994751,0.006336095742881298,-0.04550547152757645,-0.1843028962612152,-0.20745980739593506,0.9365456700325012,0.18514737486839294,0.3884328007698059,-0.12211600691080093,-0.08719916641712189,-0.16060936450958252,-0.06507852673530579,-0.6850078105926514,0.16277003288269043,-1.1163562536239624,0.22287411987781525,0.12569834291934967,0.13027536869049072,0.6621338129043579,0.22317731380462646,0.6588401794433594,0.17331001162528992,0.02773718535900116,-0.5144089460372925,0.0874379426240921,-0.09297715127468109,-0.03249388560652733,0.33014988899230957,-0.6747046113014221,-0.34124335646629333,-0.04247556999325752,0.025554805994033813,-0.03779466822743416,-0.1460382491350174,-0.2055785208940506,0.0479835644364357,-0.03387151286005974,-0.13730737566947937,0.0762644037604332,0.1779804527759552,0.058679722249507904,-0.805284857749939,-0.1301346719264984,-0.014648335985839367,0.128258615732193,-0.33505943417549133,0.23941275477409363,-0.17943075299263,1.0065176486968994,-0.13689681887626648,0.11482571065425873,-0.017073098570108414,0.038967009633779526,-0.024073686450719833,0.4081408977508545,-0.2479761838912964,0.07723794877529144,-0.09788914769887924,-0.3835521638393402,0.1725136786699295,-0.24482281506061554,0.2219690978527069,-0.5709737539291382,-0.30736690759658813,0.06357713788747787,-0.004961690399795771,0.02653157152235508,-0.228002667427063,0.41537976264953613,-0.21738788485527039,0.014085471630096436,0.2809520363807678,-0.8509982824325562,-0.2531605660915375,0.48682212829589844,0.2592666447162628,0.026785876601934433,0.8087877035140991,0.3310949504375458,0.073445163667202,0.2020464837551117,-0.08001947402954102,-0.08681918680667877,-0.3261541426181793,0.18733538687229156,0.24011921882629395,-0.04750331491231918,0.22772864997386932,-0.21806344389915466,0.16998296976089478,-0.10058994591236115,-0.2148149311542511,0.37006431818008423,-0.042428236454725266,-0.5908544063568115,-0.7937381267547607,0.8888475298881531,-0.3068092465400696,0.1259051412343979,0.36368730664253235,-0.3112768530845642,0.043227165937423706,-0.11163504421710968,0.36335793137550354,-1.0476752519607544,-0.028702858835458755,-0.35678333044052124,-0.22711925208568573,0.11508848518133163,-0.2660093903541565,0.4402911067008972,-0.4604882597923279,-0.26295799016952515,-0.15294703841209412,0.059111155569553375,0.042716797441244125,-0.7069864869117737,-0.1391337811946869,0.8892010450363159,-0.03892666473984718,0.6379056572914124,0.005580399185419083,0.4943000376224518,-0.2802390456199646,-0.11396662890911102,0.7416976690292358,0.19520653784275055,-0.44316205382347107,-0.09771931916475296,-0.1398063451051712,-0.5598810315132141,-0.0484970286488533,-0.49596643447875977,0.9581926465034485,-0.1415267139673233,-0.4596977233886719,-0.013728251680731773,-0.0559910349547863,0.1990235447883606,0.15610501170158386,0.5808268189430237,-0.010229058563709259,0.4176730513572693,0.005403041839599609,-0.1307404488325119,0.09912804514169693,-0.23756246268749237,-0.14721348881721497,-0.055598676204681396,0.19361557066440582,-0.19154445827007294,-0.053783513605594635,-0.29675203561782837,0.030672669410705566,-0.3546047806739807,-0.2784084677696228,0.5734015703201294,0.31821948289871216,0.10444219410419464,-0.2012111395597458,-0.3145064413547516,-0.03539343923330307,-0.04526248574256897,0.013346845284104347,0.15325608849525452,0.027007609605789185,0.10077798366546631,-0.02231151983141899,0.049090538173913956,-1.055582046508789,-0.0928620845079422,-0.013408228754997253,-0.12596948444843292,0.4370013177394867,0.06233111768960953,-0.13282158970832825,-0.6425556540489197,0.12068958580493927,0.025440776720643044,0.12493211030960083,-0.12136194854974747,-0.0841192677617073,0.7950049638748169,-0.37928128242492676,0.2864148020744324,-0.08423691987991333,-0.390087366104126,-0.31425830721855164,0.28393444418907166,0.24183782935142517,-0.3393818736076355,0.27281102538108826,0.3738621175289154,-0.03900185972452164,0.11681833118200302,-0.0751916691660881,0.3581501543521881,0.12317653000354767
CID000444033,5088,-0.005448369774967432,-0.4160560071468353,-0.6656591892242432,0.10068607330322266,0.18156296014785767,-0.3073700964450836,-0.12374202162027359,-0.34017103910446167,0.14293409883975983,-0.70329749584198,0.6195319890975952,-0.04496626555919647,0.10146351158618927,-0.024375086650252342,-0.1551368683576584,0.11046440899372101,0.18520520627498627,0.1414812058210373,-0.9063863754272461,-0.41201120615005493,-0.46956634521484375,-0.04765146225690842,0.7765357494354248,-0.17150437831878662,-0.7502156496047974,-1.0752280950546265,-0.841846764087677,0.11105935275554657,0.014034244231879711,-0.5595206022262573,1.1343896389007568,0.038512952625751495,-0.12576603889465332,-0.04576191306114197,-0.39247167110443115,-0.02255488559603691,0.30240318179130554,-0.3653547763824463,0.16404125094413757,0.1397095024585724,-0.9791086912155151,0.1634315550327301,-0.5447022914886475,-0.5179930925369263,0.06562621146440506,-0.13171637058258057,0.5357124209403992,0.25695258378982544,-1.001542329788208,0.0066169798374176025,-0.5335953235626221,0.07959873974323273,0.35538238286972046,-0.24352402985095978,-0.09561469405889511,-1.0621225833892822,0.23970532417297363,1.0077855587005615,0.03093985840678215,0.3040952980518341,-0.2097596824169159,-0.18909458816051483,0.11905427277088165,0.9913400411605835,0.0834868997335434,0.6983059048652649,-0.10510876029729843,-0.011714192107319832,-0.09244422614574432,0.11868114769458771,-1.3278592824935913,0.17878231406211853,-0.4050978720188141,0.23981985449790955,-0.12046871334314346,0.2628730833530426,0.3916056752204895,0.6566317081451416,0.41818180680274963,-0.2374056875705719,-0.1994706690311432,-0.13186955451965332,0.010274847969412804,0.058356136083602905,-0.16262204945087433,-0.06667838990688324,0.06850345432758331,-0.20117227733135223,0.05650092288851738,-0.22968129813671112,0.037388794124126434,0.3845790922641754,-0.2457374632358551,0.1332383006811142,0.08013802766799927,-0.2945826053619385,0.12060905992984772,0.2621993124485016,-0.11839492619037628,-0.6299506425857544,-0.17476364970207214,-0.1700306385755539,-0.12429150193929672,-0.36929261684417725,-0.1843373328447342,-0.7678025364875793,0.7186319828033447,-0.05864474177360535,-0.28260597586631775,0.0011502604465931654,0.17575940489768982,0.062153030186891556,0.6670030355453491,-0.42972350120544434,-0.035475827753543854,-0.12234799563884735,-0.25497347116470337,0.46662354469299316,0.048868484795093536,0.4002639651298523,-0.4475606083869934,-0.10365191847085953,0.10580948740243912,-0.06891603767871857,0.20613880455493927,0.2735137939453125,0.12973202764987946,0.3817104697227478,0.1628696173429489,0.4546848237514496,-0.9466245770454407,-0.14624163508415222,-0.020753446966409683,-0.14592118561267853,0.06281565874814987,0.841650128364563,-0.25696390867233276,0.4294978976249695,0.7372687458992004,0.041809771209955215,0.11875935643911362,-0.12184536457061768,0.1454559564590454,0.01046261191368103,0.12371520698070526,-0.12263204157352448,-0.612775444984436,0.6083382964134216,0.19829435646533966,0.06082059070467949,0.5286850929260254,-0.24002408981323242,-0.7247704267501831,-0.6159595251083374,0.26221802830696106,0.03665760159492493,-0.14144465327262878,0.5605809688568115,-0.3563685715198517,0.096498042345047,0.13064071536064148,-0.35145437717437744,-1.025604009628296,-0.08017706871032715,-0.5901941061019897,-0.34673500061035156,-0.2628365457057953,-0.1603289544582367,0.5907250642776489,-0.5448605418205261,-0.24924437701702118,-0.5084178447723389,-0.09689699858427048,0.13927824795246124,-0.7182760238647461,0.14739255607128143,0.20814481377601624,-0.09616241604089737,0.7718050479888916,0.15599219501018524,0.7838457822799683,-0.08024222403764725,0.0503588542342186,-0.14066514372825623,0.1720777153968811,-0.18636521697044373,-0.17287711799144745,-0.03158523887395859,-0.17486782371997833,-0.21889574825763702,-0.29796284437179565,0.8842717409133911,-0.11786305904388428,-0.378387451171875,0.050760477781295776,-0.030251706019043922,0.028451859951019287,-0.1947309523820877,0.09726573526859283,-0.25141656398773193,0.5440134406089783,0.23083749413490295,0.1324777454137802,0.31764689087867737,-0.64319908618927,-0.10670407116413116,-0.5263850688934326,-0.16822977364063263,-0.004777139518409967,-0.24444231390953064,-0.35493847727775574,-0.07203833758831024,-0.3046552836894989,0.07311290502548218,1.2511582374572754,0.2288448065519333,-0.13769671320915222,0.27883464097976685,0.18357667326927185,-0.2515687346458435,0.2718079388141632,0.03264482691884041,0.09664003551006317,0.24209380149841309,0.0313921757042408,0.25611910223960876,-0.2184782773256302,-1.2814909219741821,-0.349659264087677,0.06736135482788086,0.13529004156589508,0.3558198809623718,-0.18899352848529816,-0.5332680940628052,-0.9177107810974121,-0.2400558888912201,-0.3399266302585602,-0.013094639405608177,0.05130162090063095,-0.33106568455696106,0.3478398323059082,-0.47354134917259216,0.07648547738790512,-0.0900091677904129,-0.1391349732875824,-0.09791092574596405,0.0017708441009745002,0.2863284647464752,-0.46095389127731323,0.21803779900074005,0.04465338587760925,0.044151488691568375,-0.3764635920524597,-0.5344380140304565,0.2566603124141693,-0.34909582138061523
CID005362070,5139,0.03440219908952713,-0.08512337505817413,-0.79289311170578,0.040209442377090454,0.4613068997859955,-0.15993142127990723,-0.000652956950943917,-1.0053049325942993,-0.272019624710083,0.0768645703792572,0.298431932926178,-0.08027727901935577,-0.14329396188259125,-0.022810762748122215,-0.0682113990187645,0.19254161417484283,0.305270254611969,0.13121242821216583,0.04329339414834976,0.19278377294540405,-0.15183664858341217,0.17365184426307678,0.5509875416755676,0.17637768387794495,-0.49168580770492554,-1.001666784286499,-0.7967899441719055,0.1402243673801422,-0.029048249125480652,-0.029935915023088455,0.9518462419509888,0.2360314130783081,-0.019827818498015404,0.4197695851325989,-0.34982505440711975,0.12072630226612091,0.773930549621582,-0.1282065361738205,0.16825264692306519,0.05222208425402641,-0.4774187505245209,0.30477631092071533,-0.43149012327194214,0.07601902633905411,-0.10449894517660141,0.004372709896415472,0.810340404510498,-0.23556602001190186,-0.4106535017490387,-0.0608578696846962,-0.5161353945732117,0.3805731236934662,0.37697306275367737,-0.08551408350467682,0.3233310580253601,-0.29471737146377563,-0.32635655999183655,0.7722080945968628,-0.004844301845878363,0.049153175204992294,-0.3020270764827728,-0.297677606344223,0.09852292388677597,0.8083221316337585,-0.020444294437766075,0.33053937554359436,0.010900803841650486,0.013345697894692421,-0.01975024864077568,0.20709601044654846,-0.764156699180603,0.09327703714370728,-0.8766636848449707,0.43880391120910645,0.12961113452911377,0.21865563094615936,0.33739614486694336,0.09076802432537079,0.646080732345581,0.05976869910955429,-0.10306702554225922,-0.4368237853050232,0.036836881190538406,-0.041996169835329056,-0.15599939227104187,0.46344566345214844,-0.37691792845726013,-0.025338906794786453,-0.026099419221282005,0.020771704614162445,-0.3981354236602783,-0.14955304563045502,-0.04655672609806061,0.05834716558456421,0.1291050910949707,-0.13351665437221527,-0.12375470250844955,0.3736005425453186,0.060504935681819916,-0.9541736841201782,-0.0625091940164566,-0.09981914609670639,0.1534743756055832,-0.10642703622579575,0.0901697427034378,-0.12899871170520782,1.0295741558074951,-0.3570657968521118,0.39026015996932983,-0.07787676155567169,-0.03782867640256882,-0.0714135617017746,0.43358564376831055,-0.2716139853000641,0.2657320201396942,-0.3909459114074707,-0.5760512948036194,0.14469298720359802,-0.024395393207669258,0.41252222657203674,-0.1821867823600769,-0.371541291475296,0.11245149374008179,0.005950313061475754,-0.33496731519699097,0.00010783151083160192,0.3107573390007019,-0.11263400316238403,-0.16346010565757751,-0.0010236144298687577,-0.8032054901123047,-0.04225708171725273,0.3941945433616638,0.1745712161064148,-0.05260214954614639,0.6411070227622986,0.37837785482406616,-0.26208773255348206,0.17985625565052032,-0.16217312216758728,-0.4051828980445862,-0.32810503244400024,0.2009948492050171,0.03912633657455444,0.056131113320589066,-0.1784496009349823,-0.14727893471717834,0.12799572944641113,0.03495956212282181,0.1442447155714035,0.49934905767440796,0.06127021461725235,-0.8394070863723755,-0.6964918375015259,0.4349522590637207,-0.13049335777759552,0.35456156730651855,0.14098384976387024,-0.5077036023139954,-0.1324387788772583,-0.03749878332018852,0.07818480581045151,-0.9152200818061829,-0.005241675768047571,-0.40185099840164185,0.021509289741516113,-0.19615299999713898,-0.07827319204807281,0.644258975982666,-0.5617905855178833,-0.21355068683624268,-0.0729159265756607,-0.049687422811985016,-0.14690184593200684,-0.7703555822372437,-0.10290677845478058,0.6980515718460083,0.09008849412202835,0.4665415287017822,-0.20943346619606018,0.43377918004989624,-0.25933584570884705,-0.2841576933860779,0.5721074938774109,0.012311679311096668,-0.48135533928871155,-0.18203935027122498,-0.068386510014534,-0.24207782745361328,-0.15880230069160461,-0.7090933918952942,1.1495434045791626,0.012442618608474731,-0.24064011871814728,0.006100845523178577,0.015135061927139759,-0.07713328301906586,0.07483253628015518,0.5605657696723938,-0.006586792878806591,0.5746288299560547,0.22260579466819763,-0.13009437918663025,0.2752440571784973,-0.364632785320282,-0.1760793775320053,0.01877838745713234,-0.04359147697687149,-0.189418226480484,-0.16938230395317078,0.22200779616832733,0.0263034850358963,-0.31201645731925964,-0.13050590455532074,1.007789134979248,0.12202005088329315,-0.17698046565055847,-0.2113627940416336,0.1304660141468048,0.23160317540168762,0.16838982701301575,0.1669798642396927,0.18945078551769257,-0.17556463181972504,0.0828225165605545,0.1801270693540573,0.07204964756965637,-0.8325687646865845,-0.3381962180137634,0.0877867192029953,-0.1470865160226822,0.22707676887512207,0.032129716128110886,-0.16000530123710632,-0.654438853263855,0.4443579614162445,0.007560986094176769,-0.26648786664009094,-0.07375621050596237,0.0468667671084404,0.6082245707511902,-0.3616982698440552,0.21313226222991943,-0.24934923648834229,0.08192306756973267,-0.47263485193252563,-0.01590367779135704,0.40917062759399414,-0.16286629438400269,0.19682322442531586,-0.09181686490774155,0.08621902018785477,0.4372466206550598,-0.08177732676267624,0.31333523988723755,0.1559765785932541
CID000003373,5197,0.24794547259807587,-0.31520670652389526,-0.7548927068710327,0.04902758076786995,0.10008294880390167,-0.21452970802783966,0.2098369300365448,-0.7721841931343079,0.06051725149154663,-0.4485434591770172,0.5663151144981384,0.12542955577373505,-0.15045394003391266,-0.02207164093852043,-0.05336630344390869,0.3040391802787781,0.12324994802474976,0.17939457297325134,-0.22363170981407166,-0.06529124081134796,-0.06203083321452141,-0.023510700091719627,0.21697895228862762,-0.17515404522418976,-1.109318733215332,-0.9971259832382202,-0.406892865896225,-0.014711338095366955,0.09281658381223679,0.08675096929073334,0.7429386377334595,0.06354090571403503,0.23781728744506836,0.20197586715221405,0.0059103937819600105,-0.0640595555305481,0.37104493379592896,0.11898759752511978,0.14476612210273743,-0.03610410541296005,0.17623621225357056,0.49694132804870605,-0.18796901404857635,-0.13741829991340637,-0.1428804099559784,-0.04901976138353348,1.010561466217041,-0.15965990722179413,-0.6171423196792603,0.12178337574005127,-0.8710805177688599,-0.23038896918296814,0.4099210202693939,-0.15495537221431732,-0.09655021131038666,-0.17246048152446747,0.015320825390517712,0.8947355151176453,-0.11138977855443954,0.057661961764097214,-0.19730713963508606,0.07042913138866425,-0.1260644942522049,0.3239039480686188,0.1853322982788086,0.42166000604629517,0.3604089021682739,-0.20347826182842255,0.033469654619693756,0.11709277331829071,-0.4762094020843506,0.022019464522600174,-0.32162994146347046,0.4651220738887787,-0.050552744418382645,0.07264627516269684,0.2994968593120575,0.09858326613903046,0.6482023000717163,0.22139997780323029,-0.11321397125720978,-0.4513023793697357,0.029929185286164284,-0.0333479568362236,0.2731785774230957,0.007322126533836126,-0.6361492276191711,-0.0713893324136734,-0.08129426091909409,0.2902809977531433,-0.25544682145118713,-0.26368409395217896,-0.29297924041748047,0.11443726718425751,0.12069626152515411,0.16976702213287354,-0.10136576741933823,0.18291687965393066,-0.10114910453557968,-1.5628248453140259,-0.06709559261798859,0.16265816986560822,-0.16190966963768005,-0.12489946186542511,0.08401200920343399,0.06382320821285248,0.7516751289367676,0.09739269316196442,-0.044707588851451874,0.08324496448040009,0.2295762300491333,0.07028243690729141,0.15710999071598053,-0.7917728424072266,0.01259216945618391,-0.313960462808609,-0.17138604819774628,0.09660937637090683,0.20929232239723206,0.16026785969734192,-0.19006991386413574,-0.3484727740287781,-0.08388114720582962,0.07183098793029785,0.10917893797159195,-0.012874391861259937,0.11897967010736465,-0.03178810328245163,-0.17617249488830566,0.24371185898780823,-0.5248035192489624,0.008812191896140575,0.07251442968845367,0.1533007025718689,-0.06105019524693489,0.5492497682571411,-0.19657182693481445,-0.010594683699309826,0.3777610659599304,-0.18255677819252014,0.01816716231405735,-0.015862341970205307,0.13122710585594177,0.20011568069458008,0.15911820530891418,0.0780826061964035,-0.34645897150039673,0.35255634784698486,-0.025701910257339478,-0.18503537774085999,0.7118591070175171,-0.24402637779712677,-0.3817344605922699,-0.858677864074707,0.6662399172782898,0.15113472938537598,0.10597386211156845,0.1090930923819542,-0.6606694459915161,0.14348846673965454,-0.06298639625310898,-0.11875583976507187,-1.114851951599121,0.05885438248515129,-0.5138455629348755,0.0976332277059555,0.041888900101184845,0.0106018902733922,1.2719733715057373,-0.6121126413345337,-0.2656223773956299,0.14043690264225006,-0.059811852872371674,0.30237025022506714,-0.4141189455986023,-0.3982608914375305,0.3037492632865906,-0.1484939455986023,0.5100492835044861,0.5294785499572754,0.32140517234802246,-0.12537676095962524,0.08347701281309128,0.8378534317016602,-0.13518589735031128,-0.2224206030368805,-0.1614600419998169,-0.05652918666601181,-0.12796442210674286,-0.18829050660133362,-0.4884234368801117,1.4779884815216064,-0.11378824710845947,-0.05988311022520065,-0.3241068422794342,-0.2797945737838745,-0.22543875873088837,0.11146403849124908,1.2788193225860596,-0.17451150715351105,0.8099357485771179,0.30456042289733887,0.10062185674905777,1.094826102256775,-0.46929627656936646,0.1869146078824997,-0.5093938708305359,0.06994784623384476,0.021556422114372253,0.11187579482793808,-0.04574813321232796,-0.02252577617764473,0.04228236526250839,-0.12064526975154877,0.48688817024230957,0.2772849500179291,-0.33523207902908325,-0.2709406316280365,-0.03681877255439758,-0.028779679909348488,0.04176982492208481,0.1456323266029358,-0.013122478500008583,-0.32547125220298767,-0.09911099821329117,0.36540746688842773,0.029425418004393578,-0.3516917824745178,-0.13408605754375458,0.23462919890880585,0.2267569750547409,0.039578817784786224,0.32801395654678345,-0.024518098682165146,-0.6732402443885803,0.07191778719425201,0.0756688192486763,0.004756526555866003,-0.2694827914237976,-0.08692356199026108,1.2995758056640625,-0.2805315852165222,0.09217192232608795,-0.4274991452693939,-0.19072750210762024,-0.6372596025466919,-0.21522819995880127,-0.22793877124786377,-0.0816640555858612,0.46221691370010376,0.10564297437667847,0.1044376939535141,0.18240904808044434,-0.11437324434518814,0.3761146664619446,-0.0033787363208830357
CID000003730,5217,0.05943811684846878,-0.1727340668439865,-0.7277801632881165,0.1265353411436081,0.5054398775100708,0.05371657758951187,0.04592512175440788,-0.8469961285591125,-0.2811753451824188,0.3245997726917267,0.5966616868972778,0.08223813772201538,-0.18652229011058807,-0.3614015281200409,-0.19688762724399567,-0.04333177208900452,0.15873458981513977,0.3357035219669342,-0.5002361536026001,-0.35685545206069946,-0.1976948082447052,0.10683812201023102,0.8154656291007996,0.0026101202238351107,-1.4606220722198486,-1.0204780101776123,-0.03195570036768913,0.13483136892318726,-0.009176626801490784,-0.047147590667009354,1.0716698169708252,-0.019809985533356667,-0.09202198684215546,0.6993459463119507,-0.11142516136169434,0.11424920707941055,0.39163070917129517,0.01126390416175127,-0.004069427959620953,-0.005010903812944889,-0.2338113784790039,0.07531584799289703,-0.6626554131507874,-0.11294190585613251,0.08876383304595947,0.0388496108353138,0.7703776955604553,0.03548785299062729,-0.6615608930587769,0.020385630428791046,-0.4562923014163971,0.9061134457588196,0.6142491102218628,-0.3392801880836487,0.6018626689910889,-0.2585543990135193,-0.07239824533462524,0.47430306673049927,-0.30502212047576904,0.38105249404907227,0.013748342171311378,-0.09466607868671417,-0.1255444437265396,1.1127722263336182,0.4461238384246826,0.1786966323852539,-0.08094500005245209,-0.3407384753227234,-0.07739869505167007,-0.0715007334947586,-1.1837815046310425,-0.0707617849111557,-0.2857564389705658,0.1257205307483673,0.2801654636859894,0.6200898289680481,0.13587245345115662,-0.2007983922958374,0.556622326374054,0.13602480292320251,-0.06365782022476196,-0.5857512950897217,-0.4618368148803711,-0.1359572857618332,-0.1317078322172165,0.30082374811172485,-0.32043400406837463,0.1210283488035202,0.21532407402992249,0.11785252392292023,-0.17132766544818878,0.08963367342948914,-0.012829196639358997,0.4176056385040283,-0.15648290514945984,-0.4626336097717285,0.007117222994565964,0.22544708847999573,-0.1725132316350937,-0.9130744934082031,-0.31691214442253113,-0.2705172896385193,-0.061078887432813644,-0.016185831278562546,0.2763482928276062,-0.09402404725551605,1.0900098085403442,-0.1522829830646515,-0.017089635133743286,-0.21032872796058655,-0.12434480339288712,0.34141385555267334,0.5076700448989868,-0.16655242443084717,0.06704238802194595,-0.32855480909347534,-0.4804200232028961,-0.06466525793075562,-0.22063681483268738,0.18328434228897095,-0.13818883895874023,-0.0933014452457428,-0.3695431351661682,0.1812381148338318,-0.44082266092300415,0.236923485994339,0.3916027545928955,0.10008175671100616,-0.19426831603050232,0.0994003415107727,-0.9598523378372192,-0.35057634115219116,0.5199536085128784,0.3618936836719513,0.06400221586227417,0.7351043224334717,0.34831157326698303,-0.17715385556221008,0.47072625160217285,0.005282336380332708,0.04521220177412033,-0.38353782892227173,0.05218890309333801,0.08611507713794708,0.23104307055473328,-0.2333347499370575,-0.4101658761501312,0.7580584287643433,-0.035467952489852905,-0.23956584930419922,0.10063876956701279,0.12372539192438126,-0.7250670790672302,-0.7578732967376709,1.236926794052124,0.25106531381607056,0.17090539634227753,0.03706897795200348,-0.38810116052627563,-0.11902191489934921,-0.02855876088142395,0.2685983180999756,-1.1135289669036865,-0.10914786905050278,-0.5762024521827698,0.11681099981069565,-0.2706731855869293,-0.19645437598228455,1.077820897102356,-0.7908808588981628,-0.1827484667301178,-0.38563916087150574,-0.2884160578250885,0.049200329929590225,-0.6999337673187256,-0.14143893122673035,0.6454723477363586,0.08497961610555649,0.7461291551589966,-0.4242687225341797,1.0649998188018799,-0.12250534445047379,-0.5458024740219116,1.0701673030853271,-0.008079444989562035,-1.3445980548858643,-0.5301702618598938,0.1309070885181427,0.06247425824403763,-0.13019311428070068,-0.1924770176410675,1.02577805519104,-0.32990628480911255,-0.7194958329200745,0.04884747043251991,-0.24619388580322266,0.061778031289577484,0.27709123492240906,0.2263130247592926,0.1747535765171051,0.889275074005127,0.013073587790131569,0.044142868369817734,0.03946438431739807,-0.9588807821273804,-0.6809515953063965,-0.17477792501449585,0.21578195691108704,-0.0358114130795002,0.05882837623357773,-0.09591846168041229,0.0380411297082901,-0.6047335863113403,-0.39552879333496094,0.8281853795051575,-0.037094634026288986,0.2372889518737793,-0.2023324966430664,-0.08211402595043182,0.24365559220314026,0.5045902729034424,0.18901799619197845,0.13143722712993622,0.17119181156158447,0.21391677856445312,0.10512111335992813,-0.1691209375858307,-1.2143231630325317,-0.4654792249202728,-0.17032314836978912,0.06648866832256317,0.05443768575787544,0.23035743832588196,-0.36696308851242065,-0.7387491464614868,0.5584311485290527,0.1623103767633438,0.01004074513912201,0.26296481490135193,-0.23624713718891144,0.6629742383956909,-0.4962567389011383,0.037755437195301056,-0.13543984293937683,0.09929271787405014,-0.7991096377372742,-0.12135408818721771,0.15779444575309753,0.1371048092842102,0.0606069453060627,-0.16838780045509338,0.2732159197330475,0.6675933599472046,0.01488342322409153,0.19012588262557983,-0.19660697877407074
CID000004011,5445,-0.014144259504973888,0.13767758011817932,-0.6120502352714539,-0.0760892927646637,0.3948987126350403,-0.1598956137895584,0.09545421600341797,-0.37166962027549744,-0.025303924456238747,-0.004671031143516302,0.6245633959770203,-0.0040387422777712345,0.05828903988003731,-0.06542234867811203,-0.05322142317891121,0.2991867959499359,0.2881104648113251,0.2392839640378952,-0.2671031653881073,0.21941718459129333,-0.4186188280582428,0.04824715480208397,0.459735631942749,0.05557475611567497,-0.8546924591064453,-0.9114106297492981,0.04227084293961525,-0.19766810536384583,0.3877002000808716,-0.30694881081581116,0.8244388699531555,-0.15482521057128906,0.1628519743680954,0.32566091418266296,-0.48076945543289185,0.3387150168418884,0.39099445939064026,-0.3305005431175232,0.21384182572364807,-0.13976410031318665,-0.5373008251190186,0.4866606295108795,-0.331225723028183,0.09335385262966156,0.14396554231643677,0.23745974898338318,0.8860154151916504,-0.06956721842288971,-0.7616611123085022,-0.009922901168465614,-1.0577666759490967,0.16978128254413605,0.7286776304244995,-0.06622026115655899,-0.11059675365686417,-0.20149001479148865,-0.08350855857133865,0.6027163863182068,-0.0652114748954773,0.0011535048251971602,0.028766462579369545,-0.21307262778282166,0.18268625438213348,0.8480091094970703,0.18207210302352905,0.36545124650001526,-0.12128956615924835,-0.31302616000175476,0.009825097396969795,-0.0720292180776596,-0.6600813865661621,0.012182566337287426,-0.6546118259429932,0.5681197047233582,0.0686856284737587,0.39503392577171326,0.3734218180179596,0.06377793103456497,1.1714541912078857,0.10137095302343369,0.23535840213298798,-0.3604150414466858,0.3020443320274353,-0.13732023537158966,0.21438786387443542,0.3526289165019989,-0.6744214296340942,0.1581149846315384,0.08214263617992401,0.020906168967485428,-0.11352987587451935,-0.01869037374854088,-0.1320144087076187,-0.18452253937721252,0.053192831575870514,-0.11537625640630722,-0.07920446991920471,0.3388062119483948,-0.14566364884376526,-0.7010568380355835,-0.14105750620365143,-0.1413564383983612,0.06583558022975922,-0.14751867949962616,0.4762709140777588,-0.20247074961662292,0.7395902276039124,0.39662477374076843,0.136631578207016,0.007065391633659601,0.1208760142326355,0.16735942661762238,0.5905113816261292,-0.543731153011322,0.04399093985557556,-0.09736355394124985,-0.03162847086787224,0.14827373623847961,-0.02248552069067955,0.09161003679037094,-0.1471642404794693,-0.36144912242889404,-0.16302534937858582,0.1813005805015564,0.01615249179303646,0.06017376855015755,0.12448064982891083,0.007807430811226368,-0.20236344635486603,0.08871867507696152,-0.7605150938034058,0.06409148871898651,0.22270257771015167,0.2534449100494385,-0.09753508120775223,0.853796660900116,0.3060874938964844,-0.05082941800355911,0.36370277404785156,-0.17028871178627014,-0.21266300976276398,-0.1145048588514328,0.21423327922821045,0.18277008831501007,0.16836073994636536,-0.3500686287879944,-0.5378402471542358,-0.013021795079112053,-0.10927864164113998,-0.07698677480220795,0.9537203907966614,-0.04056069999933243,-0.8086214065551758,-0.699604868888855,0.9669807553291321,-0.17995116114616394,-0.17180600762367249,0.3504291772842407,-0.646871030330658,-0.08616657555103302,-0.12789972126483917,0.10216043144464493,-0.697770357131958,0.058999527245759964,-0.4360436499118805,-0.13254253566265106,-0.2656182646751404,-0.14347343146800995,0.31976744532585144,-0.5048272609710693,-0.14831095933914185,-0.30184489488601685,-0.17438438534736633,-0.20981736481189728,-0.4384358823299408,-0.1385810673236847,0.3062765598297119,0.037887781858444214,0.2396196871995926,0.42634186148643494,0.24098441004753113,-0.2664315104484558,0.1342044174671173,0.29681462049484253,-0.03437354415655136,-0.5310802459716797,-0.23203766345977783,-0.3797493577003479,-0.23025962710380554,-0.2546922564506531,-0.23268766701221466,1.0079989433288574,0.1397164762020111,-0.2886013984680176,0.08596213907003403,-0.18572765588760376,-0.13215304911136627,0.2136697769165039,0.6507517099380493,-0.031413085758686066,0.5145251750946045,0.47494474053382874,0.11016050726175308,0.2509686350822449,-0.3309169411659241,-0.06814903020858765,-0.19794122874736786,-0.17929545044898987,-0.10471763461828232,-0.038909703493118286,-0.5498640537261963,0.06321176141500473,0.03558460995554924,-0.4190600514411926,0.40673908591270447,-0.10987226665019989,0.024257075041532516,0.08068372309207916,-0.06814013421535492,0.14774344861507416,0.22479848563671112,-0.01353866420686245,0.11278565973043442,-0.06422220170497894,0.03495495766401291,0.307138055562973,-0.15890708565711975,-0.9032444953918457,-0.04447473958134651,-0.00978020392358303,0.06855019181966782,0.17071875929832458,0.2713283896446228,-0.3982788622379303,-0.8311957120895386,0.3113937973976135,0.1785668581724167,0.026142623275518417,0.022800633683800697,-0.27232787013053894,0.26413536071777344,-0.3256921172142029,-0.059127382934093475,-0.060835592448711395,-0.31005722284317017,-0.242959663271904,0.09988690912723541,-0.08158782124519348,0.09807907044887543,0.4248446524143219,-0.25232014060020447,0.04639142379164696,0.007194553501904011,-0.05787850171327591,0.2501539885997772,0.05887380242347717
CID000005486,5649,0.10869891941547394,-0.07352704554796219,-0.37914615869522095,0.018199898302555084,0.36892086267471313,-0.19865134358406067,0.09568320214748383,-0.3646460175514221,-0.20022492110729218,-0.03437145799398422,0.3250123858451843,0.052491046488285065,-0.0008375495672225952,-0.109946608543396,-0.02705037035048008,0.3318145275115967,0.6233195662498474,0.07973376661539078,-0.3397286832332611,0.12028396129608154,-0.04387011006474495,-0.026470154523849487,0.413731187582016,-0.013021466322243214,-0.17973339557647705,-0.5703748464584351,-0.20906853675842285,-0.3103004992008209,0.2012515366077423,-0.029395312070846558,0.33341699838638306,0.024640196934342384,-0.03406565263867378,0.2080749273300171,-0.23698966205120087,0.05574452131986618,0.47512611746788025,-0.10319076478481293,-0.007308846805244684,-0.11175508797168732,-0.2763114273548126,0.5363321304321289,-0.38355451822280884,0.06598984450101852,0.08400970697402954,0.05674225836992264,0.49467310309410095,0.1165366917848587,-0.668869137763977,0.1302713006734848,-0.4602188467979431,0.1423732489347458,0.3534940183162689,-0.30828410387039185,0.12055715173482895,-0.40295618772506714,-0.03654978424310684,0.6493546962738037,0.10001711547374725,-0.12371109426021576,0.2573145031929016,-0.22937019169330597,0.1397552639245987,0.6905372142791748,0.20428207516670227,0.11511139571666718,-0.12431804835796356,0.1379886269569397,-0.11058628559112549,0.061085294932127,-0.5817635655403137,0.10007913410663605,-0.39727553725242615,0.4029307961463928,0.12164761126041412,0.4544792175292969,0.41947492957115173,0.423793226480484,0.7191904783248901,-0.027103697881102562,0.0040096985176205635,-0.2579568028450012,0.05788370966911316,-0.08650375157594681,0.3138956129550934,0.2861799895763397,-0.15623362362384796,0.1412963718175888,-0.10221435874700546,0.038858141750097275,0.017740348353981972,0.05317283794283867,0.04167769104242325,0.14405086636543274,0.04026233032345772,-0.22655554115772247,-0.41663748025894165,0.17196448147296906,-0.027749398723244667,-0.4408724904060364,0.005951461847871542,-0.06295739114284515,0.06301728636026382,-0.10544431209564209,0.25740641355514526,-0.22033452987670898,0.4363200068473816,0.08430606126785278,0.07738161087036133,-0.0657019317150116,-0.09570218622684479,0.0832471027970314,0.48915615677833557,-0.1981939673423767,0.16129860281944275,-0.20006509125232697,-0.20640864968299866,0.04623392969369888,-0.1423320323228836,-0.047360531985759735,-0.1853613406419754,-0.3432445228099823,0.10772073268890381,0.10505316406488419,0.09351225942373276,0.19708991050720215,0.16229259967803955,0.09147124737501144,-0.1864059865474701,0.14559774100780487,-0.5708726644515991,-0.18979495763778687,0.373117595911026,0.351509153842926,0.005555689334869385,0.7918394804000854,0.006990191992372274,-0.00015485883341170847,0.24566218256950378,-0.17018648982048035,-0.082135409116745,-0.3112669289112091,0.22329261898994446,0.3976439833641052,0.16796259582042694,-0.06829749792814255,-0.4213390350341797,0.003240928053855896,-0.08803518116474152,-0.016974756494164467,0.29860514402389526,-0.10951836407184601,-0.5798520445823669,-0.7697351574897766,0.4999035894870758,-0.4136281907558441,0.11495284736156464,-0.006548893637955189,-0.5673208832740784,-0.0765179693698883,-0.07805272191762924,-0.2604578733444214,-0.6032302975654602,0.08261948823928833,-0.4510146975517273,0.08234675973653793,-0.08950452506542206,-0.032089315354824066,0.41195955872535706,-0.43875187635421753,-0.22578927874565125,-0.2619789242744446,-0.11226241290569305,-0.14365142583847046,-0.5902317762374878,-0.059609733521938324,0.21122995018959045,-0.04302847385406494,0.44560742378234863,-0.2478199303150177,0.6552766561508179,-0.039737775921821594,-0.1498674750328064,0.08631820976734161,-0.006657498888671398,-0.22629454731941223,-0.013248777016997337,-0.4188891351222992,0.16338090598583221,-0.26069262623786926,-0.4363073408603668,0.7626819610595703,-0.11960786581039429,-0.4789524972438812,-0.027828242629766464,-0.05647999793291092,-0.2252613604068756,0.015348697081208229,0.11575231701135635,0.13411667943000793,0.29775121808052063,0.22786760330200195,0.03412335738539696,-0.09957480430603027,-0.422924280166626,-0.19841672480106354,-0.17935214936733246,0.10233767330646515,0.06244552135467529,-0.008643965236842632,0.1104840412735939,-0.014352524653077126,0.19515708088874817,-0.11710810661315918,0.6199812293052673,-0.003741532564163208,-0.07201497256755829,-0.16303697228431702,-0.12785181403160095,0.13272835314273834,0.4635254740715027,0.08019992709159851,0.17433391511440277,0.0002759486378636211,-0.24174800515174866,0.025716543197631836,-0.08273031562566757,-0.8175325393676758,-0.21292228996753693,-0.05902378633618355,-0.02002435363829136,0.18747425079345703,0.17473170161247253,-0.18616604804992676,-0.4767611026763916,0.22953477501869202,0.016123004257678986,-0.08782176673412323,0.03367997705936432,-0.23554477095603943,0.14523479342460632,-0.3315824866294861,-0.12732914090156555,-0.17622685432434082,-0.08237872272729874,-0.2238219976425171,0.10258156061172485,-0.029502201825380325,-0.06092720106244087,0.33787137269973755,0.06635425239801407,0.09139818698167801,-0.0790836364030838,-0.34347039461135864,0.20935030281543732,-0.08171768486499786
CID000005530,5912,0.059169359505176544,-0.29160821437835693,-0.7872218489646912,0.21596527099609375,0.5000242590904236,0.1442040354013443,-0.23378045856952667,-0.6466372609138489,-0.25582513213157654,-0.160989910364151,0.10021817684173584,0.11456871032714844,-0.06279336661100388,0.1569477617740631,-0.20397725701332092,0.1821102797985077,0.49135860800743103,0.1601850837469101,-0.7875857949256897,-0.08087514340877533,-0.4123750627040863,-0.010855338536202908,0.6176149249076843,0.19471316039562225,-0.44902166724205017,-0.6939467191696167,-0.27201831340789795,-0.22668418288230896,0.2741653025150299,0.031203866004943848,1.4062495231628418,-0.09315470606088638,-0.2857080101966858,0.6451399326324463,-1.1904484033584595,0.198419451713562,1.0572783946990967,-0.09611266851425171,-0.22234204411506653,0.16873934864997864,-0.9493021965026855,0.7537419199943542,-0.2836659252643585,0.00867111049592495,-0.05349989980459213,-0.14252197742462158,0.7306710481643677,-0.3076765239238739,-0.46435314416885376,0.07789251208305359,-0.40044718980789185,0.3285207450389862,0.35803645849227905,-0.24834056198596954,-0.20287978649139404,-0.39984357357025146,-0.14273956418037415,1.1856778860092163,0.43431371450424194,-0.32874828577041626,-0.07681834697723389,-0.23946714401245117,-0.05422140285372734,1.071973443031311,0.41680535674095154,0.40449362993240356,0.19798913598060608,-0.0299200601875782,-0.06107323244214058,-0.11651736497879028,-0.936267077922821,0.1582847535610199,-1.3319604396820068,0.11325645446777344,0.11492319405078888,0.013155341148376465,0.6996362805366516,0.07760719209909439,0.5034309029579163,0.1373402625322342,0.13553865253925323,-0.28202536702156067,-0.040833525359630585,-0.1351727992296219,0.29512834548950195,0.15245158970355988,-1.1109042167663574,0.025174325332045555,-0.09863468259572983,-0.2316027581691742,-0.12339361011981964,-0.006349056959152222,-0.17862410843372345,0.11451934278011322,-0.010887274518609047,-0.3046397566795349,0.011004948057234287,0.14645397663116455,-0.039278216660022736,-0.6578267812728882,-0.12004131078720093,0.12034394592046738,0.0025999569334089756,-0.17205527424812317,0.32216474413871765,0.08409123122692108,0.86529541015625,0.00628015398979187,0.2366679161787033,-0.09066138416528702,0.10942509025335312,-0.041391026228666306,0.9341967701911926,-0.33558809757232666,0.14903894066810608,0.007669323589652777,-0.23508158326148987,0.3388981819152832,-0.2506517767906189,0.4830676019191742,-0.27538442611694336,-0.2651638686656952,-0.10837256908416748,-0.09739094972610474,0.25351080298423767,-0.19524788856506348,0.39182916283607483,-0.22408521175384521,0.20093348622322083,0.39438396692276,-1.1024494171142578,-0.3858911395072937,0.37276047468185425,0.3328469693660736,0.23391886055469513,1.0753940343856812,0.11778180301189423,-0.12456461042165756,0.34552401304244995,-0.1331801414489746,-0.16454245150089264,-0.04205530136823654,-0.13690631091594696,0.24681861698627472,0.08033512532711029,-0.1324106901884079,-0.7494326829910278,0.3907388150691986,-0.00029041169909760356,-0.15057781338691711,0.5121002197265625,0.038296617567539215,-1.1059210300445557,-1.3397260904312134,1.047296166419983,-0.44054776430130005,-0.16859140992164612,0.16734358668327332,-0.3621421158313751,-0.06788208335638046,-0.23383787274360657,0.100391685962677,-0.831719696521759,0.0021275014150887728,-0.4237282872200012,-0.019057923927903175,0.2588367164134979,-0.3891095519065857,0.36646005511283875,-0.6810576915740967,-0.2653326094150543,-0.08716445416212082,-0.09889362007379532,-0.06633289158344269,-0.8806478381156921,-0.46759191155433655,0.6353172659873962,0.051924191415309906,0.5716868042945862,0.05262584611773491,0.4998576045036316,-0.01143730990588665,0.1118994951248169,0.7353690266609192,0.04372727870941162,-0.3742245137691498,0.11856460571289062,-0.06221591308712959,-0.3377724289894104,-0.10273908078670502,-0.47313523292541504,1.0488166809082031,-0.3097311854362488,-0.5297512412071228,-0.29098591208457947,0.15396545827388763,0.15717747807502747,0.06686366349458694,0.5462871789932251,0.07770194113254547,0.31245261430740356,0.08054419606924057,-0.12977026402950287,0.4800773561000824,-0.39937999844551086,-0.20193228125572205,-0.06260476261377335,0.1186647042632103,-0.24708911776542664,-0.11267012357711792,-0.6811932325363159,-0.11767680943012238,-0.1660386174917221,-0.318816602230072,0.5666441917419434,0.023624788969755173,-0.057774364948272705,-0.048499517142772675,-0.12731730937957764,-0.05880190059542656,0.12656453251838684,-0.048690326511859894,0.09545677900314331,0.08490078151226044,-0.021415460854768753,0.1300019919872284,-0.012894822284579277,-1.589235782623291,-0.13881739974021912,0.16785475611686707,-0.009367555379867554,0.33507218956947327,0.10558351129293442,-0.008872628211975098,-0.8845882415771484,0.3599946200847626,0.04400625824928284,-0.03098640963435173,-0.19474466145038605,0.020996633917093277,0.5940104126930237,-0.4014456272125244,0.34795451164245605,-0.11143094301223755,-0.38739150762557983,-0.19537091255187988,0.1265392154455185,0.4238548278808594,-0.06390474736690521,0.33025050163269043,0.19780121743679047,0.10758143663406372,-0.16500887274742126,-0.2900954782962799,0.5576081275939941,0.04453984647989273
CID000039860,6423,0.1551438271999359,0.020869528874754906,-0.406775563955307,0.05043386295437813,0.3755173087120056,-0.09645523875951767,0.09836216270923615,-0.2292613983154297,-0.2089080512523651,-0.0650293231010437,0.3878334164619446,0.048972297459840775,-0.1497473418712616,-0.15594670176506042,0.24353733658790588,0.3945254981517792,0.5613309144973755,-0.20056219398975372,-0.14852748811244965,0.32144075632095337,-0.3688477873802185,0.06487546861171722,0.9763695001602173,-0.03109271451830864,-0.44538989663124084,-0.5798833966255188,-0.12245111167430878,-0.3322811722755432,0.3008298873901367,0.2934545874595642,0.6262581944465637,-0.02481083758175373,0.05006152391433716,-0.061893660575151443,-0.44647592306137085,0.03579985722899437,0.6315956115722656,-0.24030792713165283,-0.25193148851394653,-0.16769340634346008,-0.4611884653568268,0.690604567527771,-0.28263238072395325,0.030826613306999207,0.022830532863736153,0.003700533416122198,0.6157096028327942,0.003945094533264637,-0.6000251770019531,-0.015485974960029125,-0.07562197744846344,0.2070930302143097,0.656654417514801,0.06562796235084534,0.09058823436498642,-0.394010990858078,-0.18648689985275269,0.5962356925010681,-0.08189615607261658,-0.11980020999908447,0.06220729276537895,-0.2023419886827469,0.22223278880119324,0.6188803911209106,0.18336613476276398,0.2617639899253845,0.16090786457061768,-0.0016352221136912704,-0.16264955699443817,-0.13924096524715424,-0.6367307901382446,0.15432071685791016,-0.6371263265609741,0.3564411699771881,-0.15947924554347992,0.28802889585494995,0.6265789270401001,0.3942267596721649,0.14783616364002228,-0.1225428581237793,-0.15041768550872803,0.039620764553546906,0.1597287803888321,0.14461883902549744,0.14197386801242828,0.20423051714897156,-0.3449930250644684,0.09072023630142212,-0.25301218032836914,0.05458259582519531,0.17290416359901428,-0.018872713670134544,-0.40213337540626526,0.21396026015281677,-0.013450426049530506,-0.14915160834789276,0.05267322063446045,0.22892889380455017,0.044913023710250854,-0.7728563547134399,-0.0032308727968484163,0.10115337371826172,-0.13378705084323883,-0.28615278005599976,0.040389012545347214,-0.2666606903076172,0.5864670872688293,0.12606891989707947,0.054782669991254807,0.05029525235295296,-0.19942855834960938,-0.23398303985595703,0.5347480773925781,0.06418974697589874,0.17863695323467255,-0.24450978636741638,0.07442803680896759,-0.06787268817424774,-0.04886596277356148,0.17752006649971008,-0.3212374150753021,-0.4161891043186188,-0.06251464784145355,0.14478528499603271,-0.12197370827198029,0.1364755928516388,0.10677354037761688,0.01481238566339016,0.056185245513916016,0.11384354531764984,-0.702774167060852,-0.1323363184928894,0.3883379101753235,0.105960413813591,0.023441743105649948,0.905830979347229,0.005615276284515858,0.036059100180864334,0.476931631565094,0.0762464627623558,0.09715323895215988,-0.2631135582923889,0.16242048144340515,0.28872525691986084,0.2454228699207306,0.0938619002699852,-0.11267229169607162,-0.07598204910755157,0.2605317234992981,0.13404393196105957,0.0032834529411047697,-0.24354016780853271,-0.6381993889808655,-0.7631177306175232,0.5942309498786926,-0.3805880546569824,-0.18187612295150757,-0.2511700987815857,-0.37548866868019104,0.08515890687704086,-0.07413443922996521,-0.18216557800769806,-0.5883687138557434,0.07255671918392181,-0.4664769768714905,-0.035506460815668106,0.28219717741012573,-0.023070797324180603,0.21204392611980438,-0.5865823030471802,-0.5872765183448792,0.029455726966261864,-0.08412595093250275,0.04247121140360832,-0.4200362265110016,-0.016108211129903793,0.3460828363895416,0.02795710787177086,0.6113618612289429,0.07788698375225067,0.5708635449409485,-0.14821675419807434,-0.08390839397907257,0.3081025779247284,0.06961821764707565,-0.2593628168106079,-0.10428112745285034,-0.30483478307724,0.02198757790029049,-0.07323857396841049,-0.1454285979270935,0.6768373250961304,-0.07031100988388062,-0.7831030488014221,-0.12249630689620972,0.01037520170211792,-0.20090064406394958,-0.12962374091148376,0.18690748512744904,-0.19317959249019623,0.06423632800579071,0.3748502731323242,-0.0656147226691246,0.14427466690540314,-0.4598994851112366,-0.15223759412765503,-0.2920680642127991,-0.12676529586315155,0.11198049783706665,-0.13135096430778503,0.28764352202415466,0.19819143414497375,0.25606197118759155,-0.2199477255344391,0.5856491327285767,-0.08328698575496674,-0.2928803563117981,-0.18084678053855896,-0.1721165031194687,-0.029237225651741028,0.3821727931499481,0.04340943321585655,0.028778215870261192,-0.11170808225870132,0.05979530140757561,0.25406378507614136,0.10199198871850967,-0.43779927492141724,-0.09776870161294937,0.03958757966756821,0.29620426893234253,0.1863403469324112,0.12270911782979965,-0.20027212798595428,-0.4173088073730469,-0.27758079767227173,-0.07884655147790909,0.08466427028179169,0.16378971934318542,0.16016796231269836,0.36322611570358276,-0.46716174483299255,-0.14346976578235626,-0.3153853714466095,-0.292058527469635,-0.29032468795776367,0.08075887709856033,-0.35208675265312195,-0.19406220316886902,0.4002109169960022,-0.1291256695985794,0.022828102111816406,0.015254604630172253,-0.039676036685705185,-0.07351205497980118,-0.013541115447878838
CID000002182,6540,-0.008510979823768139,-0.28953462839126587,-0.47572246193885803,0.18066146969795227,0.2967337667942047,-0.24489621818065643,-0.01642967201769352,-0.2888204753398895,-0.126584991812706,0.03126438707113266,0.1859997808933258,0.05762447044253349,-0.07485340535640717,-0.03401274234056473,0.02479102835059166,0.15095891058444977,0.3391546905040741,0.12012150138616562,-0.26352059841156006,0.0352109894156456,-0.09672822058200836,0.03596337139606476,0.5947049856185913,0.05596662312746048,-0.43483781814575195,-0.6502681970596313,-0.3681486248970032,-0.030984383076429367,0.17522208392620087,0.345441073179245,0.511699914932251,0.10981221497058868,-0.1311977356672287,0.4217483401298523,-0.1778467744588852,0.03280825912952423,0.664771556854248,-0.08884798735380173,-0.028764907270669937,0.07928711920976639,-0.07759688049554825,0.5307162404060364,-0.46291130781173706,0.09785915166139603,0.05542974919080734,0.18745067715644836,0.5228755474090576,-0.09591267257928848,-0.5228085517883301,0.012048724107444286,-0.3116442561149597,0.1623220592737198,0.28203949332237244,-0.23445960879325867,0.2236192226409912,-0.2524019777774811,-0.15504290163516998,0.3858054280281067,-0.046530790627002716,-0.2431902438402176,0.10478770732879639,-0.18345637619495392,0.07825222611427307,0.6157019138336182,0.09344887733459473,0.09191811084747314,-0.18118993937969208,-0.06409730017185211,-0.03361361101269722,0.0972871482372284,-0.6958118081092834,0.06692173331975937,-0.43033847212791443,0.44598060846328735,-0.07307259738445282,0.18513089418411255,0.4372621476650238,0.3483864367008209,0.3937021791934967,-0.030460426583886147,0.006387260742485523,-0.11062414944171906,0.06458397954702377,-0.1155022606253624,0.07728497684001923,0.36348432302474976,-0.07542996108531952,-0.08105727285146713,-0.0054531097412109375,0.15254142880439758,-0.17294421792030334,0.0033540516160428524,-0.031892724335193634,0.11292567104101181,0.049497999250888824,-0.022908741608262062,-0.20173493027687073,0.2818107008934021,-0.027567964047193527,-0.5822356939315796,-0.03472764045000076,-0.14773789048194885,0.20562148094177246,-0.06154833361506462,0.21668562293052673,0.0724886804819107,0.7353413701057434,0.08406232297420502,0.13700152933597565,-0.021015873178839684,-0.05970585346221924,0.019281398504972458,0.15609128773212433,-0.056981854140758514,0.21997323632240295,-0.2832946181297302,-0.26154011487960815,0.06004106253385544,-0.07003502547740936,0.010288363322615623,-0.135480597615242,-0.2701501250267029,-0.06895122677087784,0.0847659781575203,-0.02198663353919983,0.1423536241054535,0.2106086015701294,0.13671542704105377,-0.20285241305828094,0.30241289734840393,-0.5567895770072937,-0.38700491189956665,0.2876585125923157,0.12631164491176605,0.017412960529327393,0.6504055261611938,0.04221829026937485,-0.09243309497833252,0.14471149444580078,0.0086118895560503,-0.09340567886829376,-0.11183693259954453,0.06937915831804276,0.20003914833068848,0.226911261677742,-0.0860830545425415,-0.3163807988166809,-0.03521429002285004,-0.022733641788363457,-0.05008465796709061,0.1347080022096634,-0.052485715597867966,-0.5673606991767883,-0.4749546945095062,0.4819006025791168,-0.14028170704841614,0.0661582201719284,-0.32225683331489563,-0.37481382489204407,-0.14398278295993805,-0.11225321143865585,0.02616594359278679,-0.8480833768844604,-0.019024014472961426,-0.44854044914245605,-0.03419823199510574,0.022297129034996033,-0.05388515442609787,0.561676025390625,-0.5693002343177795,-0.12497296184301376,-0.09444631636142731,-0.03863158077001572,-0.10905256122350693,-0.3441053032875061,-0.1649044007062912,0.22594520449638367,0.1622709333896637,0.5701411366462708,-0.04982171580195427,0.8788086771965027,-0.14367875456809998,-0.19077083468437195,0.26136940717697144,-0.13874995708465576,-0.47163110971450806,-0.10562906414270401,-0.30328434705734253,0.02643652819097042,-0.14516066014766693,-0.1430836021900177,0.8009368181228638,0.019443247467279434,-0.5180829763412476,0.0530354306101799,-0.05483382195234299,-0.037902235984802246,0.20496229827404022,0.2301829308271408,-0.1698353886604309,0.2979646325111389,0.4138337969779968,-0.09359478950500488,0.19520218670368195,-0.5057735443115234,-0.39049628376960754,-0.22471320629119873,0.0035530016757547855,-0.12002624571323395,-0.19945912063121796,-0.006723060272634029,0.03251184895634651,-0.06377455592155457,-0.3452504873275757,0.7263747453689575,-0.03835569694638252,-0.002753347158432007,-0.3185192942619324,0.061083901673555374,0.12719763815402985,0.4960270822048187,0.03497258573770523,0.11171861737966537,-0.2653757631778717,0.08477785438299179,0.1511804610490799,-0.02961108088493347,-0.5503603219985962,-0.16094259917736053,-0.11339311301708221,-0.23273809254169464,0.11712910979986191,0.25194573402404785,-0.15823903679847717,-0.42843493819236755,0.27054256200790405,0.017199018970131874,-0.20120227336883545,-0.04706590622663498,-0.05209799483418465,0.4528385102748871,-0.28207534551620483,-0.083113893866539,-0.17761453986167908,-0.14596977829933167,-0.35358235239982605,0.007418174296617508,0.06970541179180145,-0.07683809101581573,0.24961188435554504,0.04330054670572281,0.06268136203289032,0.09303873777389526,-0.07730638980865479,0.12370278686285019,-0.01701829396188259
CID000005482,6691,0.1387781798839569,-0.2513016164302826,-0.42181524634361267,0.0568690188229084,0.4900004267692566,-0.17679430544376373,0.010992825031280518,-0.2834126055240631,-0.2613871991634369,-0.08691270649433136,0.10142586380243301,-0.006616479251533747,0.04602135345339775,-0.026498282328248024,-0.029537688940763474,0.443002849817276,0.0820700079202652,0.2336513102054596,-0.32054534554481506,0.15160134434700012,-0.4244174361228943,0.22937366366386414,0.669832170009613,0.056731611490249634,-0.6335307955741882,-0.8656631708145142,-0.4470413327217102,0.06643165647983551,0.010575750842690468,0.36962786316871643,0.7584611773490906,-0.0032559544779360294,-0.19478628039360046,0.2967342436313629,-0.3674681782722473,0.17890946567058563,0.8524788618087769,-0.11015192419290543,0.0927458256483078,0.18518385291099548,-0.04284857213497162,0.29058369994163513,-0.48040133714675903,-0.15970881283283234,-0.01080269180238247,0.12702319025993347,0.6121324896812439,-0.12052534520626068,-0.6269410848617554,0.020262811332941055,-0.38814958930015564,-0.007648000027984381,0.4135867655277252,-0.5416833162307739,0.2550721764564514,-0.4035715162754059,-0.1417907029390335,0.4591344892978668,0.296066015958786,-0.14509202539920807,-0.08486886322498322,-0.11799953132867813,0.016414320096373558,0.6907098293304443,0.07913421094417572,0.15326082706451416,-0.1370323896408081,-0.1296955645084381,0.08614304661750793,-0.06036430597305298,-0.6440645456314087,0.23988394439220428,-0.5731380581855774,0.503849983215332,-0.09008128941059113,0.25872254371643066,0.5047542452812195,0.26421409845352173,0.3763194680213928,0.04109610244631767,-0.03714093938469887,-0.28998905420303345,-0.08175582438707352,-0.1093282550573349,0.17485292255878448,0.26146918535232544,-0.11862156540155411,-0.2426111251115799,-0.21504934132099152,-0.16959862411022186,-0.07180851697921753,0.22513040900230408,-0.11157729476690292,0.023046011105179787,0.0709536075592041,-0.16571936011314392,-0.09771641343832016,0.18006832897663116,-0.044576697051525116,-0.7084285020828247,-0.09681637585163116,-0.24646730720996857,0.15691445767879486,0.031765930354595184,0.37992504239082336,0.05926792696118355,0.8057443499565125,0.012179799377918243,0.18359209597110748,-0.14740240573883057,0.027238329872488976,0.19001786410808563,0.0979003757238388,-0.09807344526052475,0.14407722651958466,-0.21244995296001434,-0.3596263527870178,0.06852428615093231,-0.10898144543170929,-0.007759691681712866,-0.15208934247493744,-0.21554234623908997,0.012695657089352608,0.2060425728559494,-0.07302229851484299,0.06709243357181549,0.22310645878314972,0.14175191521644592,-0.39049971103668213,0.3599402606487274,-0.8899908065795898,-0.18400704860687256,0.4679856300354004,0.15530629456043243,-0.14078399538993835,0.832708477973938,0.1293213814496994,-0.08221198618412018,0.2813662886619568,-0.013386773876845837,-0.10843626409769058,-0.19363394379615784,0.08718733489513397,0.38171035051345825,0.11163239181041718,-0.22768691182136536,-0.44593825936317444,-0.10511811822652817,0.34061136841773987,0.06411848962306976,0.14513468742370605,-0.10828851163387299,-0.4355517327785492,-0.39070969820022583,0.4935688078403473,-0.060933567583560944,0.3209162652492523,-0.19633544981479645,-0.4204798638820648,0.03747590631246567,-0.01609116978943348,0.2792373299598694,-0.8384955525398254,0.14532142877578735,-0.42917171120643616,-0.12024573236703873,-0.09251757711172104,-0.2418847531080246,0.6507455110549927,-0.640625,-0.18337604403495789,-0.27119362354278564,-0.020914314314723015,-0.23723340034484863,-0.6021948456764221,-0.06104765459895134,0.3190236985683441,0.06723811477422714,0.6515135169029236,0.1380259394645691,0.6991636753082275,0.12664087116718292,-0.3357047438621521,0.3051389753818512,-0.07236812263727188,-0.7106417417526245,0.20519928634166718,-0.1991833746433258,-0.03547453135251999,-0.07836370170116425,-0.3274204134941101,0.866667628288269,-0.14214158058166504,-0.6179038286209106,0.0765930786728859,-0.11301060020923615,0.1356237232685089,0.16760501265525818,0.33540862798690796,-0.11910102516412735,0.3202906847000122,0.3881741166114807,-0.13416597247123718,0.21914954483509064,-0.47712597250938416,-0.36076819896698,-0.2955709397792816,0.04505861923098564,-0.2360641211271286,0.0009159102919511497,0.12667140364646912,-0.05024096369743347,0.03717933967709541,-0.19707052409648895,0.864719033241272,0.18543562293052673,-0.3878186345100403,0.054524682462215424,-0.053969062864780426,-0.05056650564074516,0.28411781787872314,-0.050182849168777466,0.07531236112117767,-0.16423337161540985,0.26859360933303833,0.05449942499399185,-0.08790822327136993,-0.6400246620178223,-0.3238212764263153,-0.2754817008972168,-0.030233483761548996,0.10620888322591782,0.16721202433109283,-0.1938522607088089,-0.5569033622741699,0.1991889476776123,-0.015196889638900757,-0.2306756228208542,-0.015181501396000385,-0.17766708135604858,0.622016966342926,-0.414287805557251,0.013484847731888294,-0.1396571695804596,-0.0735192596912384,-0.36334332823753357,0.08138958364725113,-0.1405496895313263,-0.11269421875476837,0.12384052574634552,0.1471882462501526,0.1428895741701126,0.23836326599121094,0.0610470175743103,0.2371772825717926,0.15547646582126617
CID000002349,6914,-0.15357057750225067,-0.4521104395389557,-0.9598885774612427,0.4331795573234558,-0.0746384933590889,-0.08727605640888214,-0.2177964746952057,-0.7112520337104797,0.07558993995189667,-0.37727850675582886,0.4034751057624817,0.3519892394542694,0.18571555614471436,-0.47729411721229553,-0.007995599880814552,0.3094054162502289,1.3714395761489868,-0.11582434177398682,-0.37748926877975464,-0.06405104696750641,-0.3856969475746155,0.19114671647548676,0.8665701150894165,-0.13515207171440125,-1.2292155027389526,-1.1047872304916382,-0.9300858378410339,-0.05239487439393997,0.1326160579919815,0.2175617665052414,1.6986240148544312,0.24506454169750214,-0.003311663866043091,0.04354152828454971,-0.12128551304340363,0.17539416253566742,0.6938626766204834,-0.015443203039467335,0.18090248107910156,-0.3012089133262634,-0.2904887795448303,1.5757681131362915,-0.45544758439064026,-0.04980248957872391,0.01761423423886299,-0.217585489153862,0.5566266179084778,0.05958292633295059,-0.564984142780304,0.07038004696369171,-0.08768261969089508,-0.30872979760169983,0.30753612518310547,-0.2937150001525879,0.3634495139122009,-0.8639366030693054,-0.10668251663446426,0.5591914057731628,0.03363803029060364,-0.2926202416419983,0.2564990520477295,0.017937300726771355,-0.14927037060260773,0.8111093640327454,0.08965223282575607,0.479015052318573,0.20197606086730957,-0.06490827351808548,-0.13138800859451294,0.06048138067126274,-0.974450409412384,0.3296089470386505,-0.96284019947052,0.21059811115264893,0.045352376997470856,0.5070654153823853,1.2297513484954834,0.11283133178949356,0.380367636680603,0.21190480887889862,-0.23086881637573242,-0.13562946021556854,-0.4857455790042877,-0.41692981123924255,-0.3308442234992981,-0.05789503455162048,-0.23820874094963074,-0.4067431390285492,-0.14013637602329254,0.5366142988204956,0.1383713185787201,0.06659211218357086,-0.2340002954006195,-0.026027703657746315,0.16534391045570374,0.09057392179965973,0.27292829751968384,0.38772451877593994,-0.03062514029443264,-1.095369577407837,-0.22217102348804474,-0.10339610278606415,0.1882670670747757,-0.33058926463127136,0.004649991635233164,-0.26064175367355347,0.9364039301872253,-0.06604839861392975,0.30631008744239807,0.03869456797838211,-0.15998296439647675,-0.04175708815455437,0.3766826093196869,-0.16340339183807373,-0.027602097019553185,-0.35554736852645874,-0.22107934951782227,0.2922574579715729,0.05669707804918289,0.28657370805740356,-0.20807787775993347,-0.20759959518909454,0.11492397636175156,0.12936118245124817,-0.17915834486484528,0.3177330195903778,0.3357362747192383,0.28952789306640625,0.1874784678220749,0.3017457127571106,-0.6663029193878174,-0.20957040786743164,0.36719369888305664,0.06637220084667206,-0.000424438709160313,0.8136595487594604,-0.44856223464012146,0.2495848387479782,0.5270503163337708,-0.22226719558238983,-0.24967801570892334,-0.6249004602432251,-0.0390404611825943,0.33698660135269165,0.32698512077331543,0.2810775339603424,-0.25021177530288696,0.40628767013549805,0.23895736038684845,0.12694568932056427,0.075454480946064,-0.2931736409664154,-0.7330674529075623,-0.7317167520523071,0.3558701276779175,0.10081183910369873,-0.06173185259103775,0.1442190706729889,-0.378572016954422,-0.14439690113067627,-0.04964279383420944,-0.16153733432292938,-1.1056818962097168,0.4698982834815979,-0.7586895823478699,-0.15449082851409912,-0.16326841711997986,0.2612167298793793,0.9706791043281555,-0.3448107838630676,-0.25477713346481323,-0.2605282664299011,-0.015364575199782848,0.2715607285499573,-0.8649128079414368,-0.1192222610116005,0.09748746454715729,-2.7829408281832002e-05,0.5150941014289856,1.0696054697036743,0.757960319519043,0.0975913554430008,-0.37441718578338623,0.21037153899669647,-0.030846238136291504,-0.8726797103881836,-0.22899985313415527,-0.009368052706122398,0.19231237471103668,0.1601923257112503,-0.2438812553882599,0.9038235545158386,-0.0011903494596481323,-0.6205552816390991,-0.05759909003973007,-0.15512852370738983,0.10600052773952484,0.2650175988674164,0.4382762014865875,-0.38213616609573364,0.1623859703540802,0.19418472051620483,-0.058379389345645905,0.15897026658058167,-0.1738356053829193,0.08836591243743896,-0.3533230423927307,0.31908100843429565,0.20259836316108704,-0.16994234919548035,0.17036284506320953,-0.3171336054801941,-0.1482788771390915,0.12553539872169495,1.0522892475128174,0.4068091809749603,-0.09881338477134705,-0.2626139223575592,0.03190747648477554,-0.3080853819847107,0.3377423882484436,-0.17538319528102875,0.37406259775161743,-0.4494425654411316,0.42906203866004944,0.1574612557888031,0.04417244344949722,-0.875747799873352,-0.3979594111442566,-0.14470772445201874,0.05318022891879082,0.2627083361148834,0.05998408794403076,-0.2928224205970764,-0.6768286824226379,0.007285485975444317,0.15829536318778992,0.1356636881828308,0.006415523588657379,0.21866600215435028,1.4624543190002441,-0.5824825763702393,-0.20033621788024902,-0.557799220085144,-0.44547614455223083,-0.04901456832885742,-0.06158863380551338,-0.11444532871246338,-0.030927982181310654,0.09947822988033295,0.17980629205703735,-0.14569607377052307,-0.09565873444080353,0.08941478282213211,0.2871316075325012,-0.16767124831676483
CID000004645,6940,0.21048355102539062,-0.2329115867614746,-0.7729135155677795,-0.03017100691795349,0.27571427822113037,-0.18642905354499817,0.12159641087055206,-0.5958359241485596,-0.1424204707145691,-0.5468477010726929,0.6623250246047974,-0.10590346157550812,-0.016161153092980385,0.038341131061315536,-0.13377432525157928,0.4406697154045105,-0.05390501022338867,-0.006877040956169367,-0.32632243633270264,-0.1657601296901703,-0.014923973008990288,0.14281712472438812,0.33743950724601746,0.13455882668495178,-1.2238578796386719,-1.057713508605957,-0.5422542691230774,-0.09273728728294373,0.24798354506492615,0.12542687356472015,1.2896320819854736,-0.059989623725414276,0.11596320569515228,0.1599048674106598,-0.17570118606090546,-0.1075490266084671,0.06563795357942581,0.05208956077694893,-0.04491744190454483,-0.08725686371326447,-0.02829108200967312,0.2829979956150055,-0.041200779378414154,-0.1779109239578247,-0.14146459102630615,0.009333047084510326,0.722713828086853,-0.2092113047838211,-0.8591610193252563,0.030056411400437355,-0.8605424761772156,-0.17421647906303406,0.6028453707695007,-0.10660111904144287,0.11035458743572235,-0.4915487766265869,0.0723319873213768,0.9004451632499695,-0.30447471141815186,-0.06120738387107849,-0.15749375522136688,-0.0817081555724144,-0.1754808872938156,0.4586162567138672,-0.046241991221904755,0.5648507475852966,0.28567665815353394,0.008311253972351551,-0.18601034581661224,0.03548251464962959,-0.4215163588523865,0.15154972672462463,-0.6676691770553589,0.4076095223426819,0.10431530326604843,0.20798277854919434,0.4706200063228607,0.30347782373428345,0.6379340887069702,0.02852342650294304,-0.2933683693408966,-0.2718290686607361,-0.053159721195697784,0.07650364935398102,0.27643224596977234,0.14117488265037537,-0.3133543133735657,-0.08820661902427673,-0.26866820454597473,0.02664298191666603,-0.14764928817749023,-0.15377911925315857,-0.4484272599220276,0.04116309434175491,0.05250561237335205,0.2340494692325592,0.02860921621322632,0.175861194729805,0.015982935205101967,-1.1041072607040405,0.03551614284515381,0.21564626693725586,-0.19987745583057404,-0.07907763123512268,0.06776482611894608,0.1050889864563942,1.1934888362884521,-0.02469642087817192,-0.01245670672506094,0.04888555407524109,0.12982100248336792,0.037508122622966766,0.29948264360427856,-0.7646949887275696,0.021421710029244423,-0.3634842336177826,-0.3419669270515442,0.17574052512645721,0.051122039556503296,0.21721716225147247,-0.23267941176891327,-0.19689245522022247,0.24788689613342285,0.010919163934886456,0.04951651021838188,0.28796592354774475,0.21975500881671906,-0.015463736839592457,-0.2573198676109314,0.17019711434841156,-0.4949831962585449,-0.011387556791305542,0.05625142529606819,0.12672653794288635,-0.15180201828479767,0.6060549020767212,-0.049557656049728394,0.04238736256957054,0.5671605467796326,-0.1486409455537796,-0.023397857323288918,0.17076435685157776,0.1781763732433319,0.35796505212783813,0.16331955790519714,-0.00712235551327467,-0.39287713170051575,0.4786233901977539,0.14203737676143646,-0.0019891797564923763,0.7318156957626343,0.016678916290402412,-0.38790687918663025,-0.5149074792861938,0.6747440695762634,-0.01593027077615261,-0.18876567482948303,0.04634441062808037,-0.25887709856033325,0.13157016038894653,-0.15691009163856506,-0.16364645957946777,-0.8677212595939636,-0.14601190388202667,-0.47388172149658203,0.019622158259153366,0.10560605674982071,0.016471687704324722,0.8917999267578125,-0.5923694968223572,-0.26898759603500366,-0.05499236658215523,0.22218802571296692,-0.007084569428116083,-0.5018686056137085,-0.21312224864959717,0.09239441901445389,-0.05482190102338791,0.5258585214614868,0.4575251638889313,0.2922022044658661,-0.1554049551486969,-0.08249202370643616,0.5717405080795288,-0.04813878983259201,-0.26168292760849,-0.3365209400653839,-0.07123805582523346,-0.30514028668403625,-0.08697576820850372,-0.3564074635505676,1.2239784002304077,0.002843504771590233,-0.192246675491333,-0.2917240560054779,-0.08241063356399536,-0.2633119225502014,0.011716259643435478,1.019750714302063,-0.09525701403617859,0.343752920627594,0.3137654662132263,0.1909952461719513,0.6746641397476196,-0.5518174767494202,0.133203387260437,-0.5820084810256958,-0.01933436468243599,-0.13512501120567322,-0.19162128865718842,-0.21101072430610657,-0.05529778078198433,-0.002330473158508539,-0.1326398253440857,0.8033734560012817,0.22593267261981964,-0.4343128800392151,-0.10983800888061523,0.12400366365909576,0.22424361109733582,0.043785564601421356,0.2012387216091156,0.09394814819097519,-0.33847108483314514,0.08577343821525574,0.28361859917640686,0.08031250536441803,-0.6668354272842407,-0.041281960904598236,0.22048893570899963,0.17406128346920013,-0.029232308268547058,0.4166322648525238,-0.1911463439464569,-0.28200140595436096,-0.08773016184568405,0.056589554995298386,-0.0716870129108429,-0.09000857919454575,0.013510999269783497,1.4111895561218262,-0.3013112545013428,0.034365490078926086,-0.5651482343673706,-0.12111546099185944,-0.45266056060791016,-0.12796583771705627,0.034687887877225876,-0.056164998561143875,0.401597261428833,0.24624817073345184,0.05996749550104141,0.06797053664922714,-0.14065274596214294,0.2637578248977661,0.12355673313140869
CID000000815,6961,0.12959294021129608,-0.1397092044353485,-0.5105668902397156,0.2627394497394562,-0.046636275947093964,-0.10151555389165878,0.026190882548689842,-0.29439353942871094,-0.04525385797023773,-0.061379384249448776,0.2660423219203949,0.21309366822242737,-0.08208219707012177,-0.2007841318845749,-0.1419622153043747,0.4468858242034912,0.26218053698539734,-0.034475840628147125,-0.1746176779270172,0.04859825223684311,-0.17445078492164612,-0.051296621561050415,0.3457471430301666,-0.003869778010994196,-0.9693706631660461,-1.0466039180755615,-0.6444824934005737,-0.11686849594116211,-0.07661710679531097,0.17561955749988556,1.2746689319610596,-0.06274130195379257,-0.03991839662194252,0.3322509229183197,-0.16563931107521057,0.08436250686645508,0.5510290861129761,-0.18196401000022888,-0.05727122351527214,-0.1768287867307663,-0.1901826113462448,0.4442971348762512,-0.3208867013454437,-0.29456931352615356,-0.03564779832959175,-0.20324309170246124,0.478330135345459,-0.24950137734413147,-0.3503026068210602,-0.08283994346857071,-1.1436760425567627,0.041245460510253906,0.4668830335140228,-0.01678731106221676,0.30002301931381226,-0.6503630876541138,-0.379671573638916,0.47588682174682617,-0.23013201355934143,-0.06516659259796143,0.21715077757835388,-0.11311445385217667,0.11591813713312149,0.9154306650161743,0.20865149796009064,0.5776426196098328,0.17940866947174072,-0.09316454827785492,0.04459588974714279,-0.05490770936012268,-0.5639140605926514,0.1186133399605751,-0.5434842109680176,0.41455063223838806,0.08163508772850037,0.7250377535820007,0.5149333477020264,0.41465720534324646,0.7151831388473511,-0.005474100820720196,-0.03857763856649399,-0.07253376394510269,0.1775706261396408,0.162786066532135,0.25450602173805237,-0.03209369257092476,0.08953740447759628,-0.3405616879463196,-0.10932805389165878,0.04349669814109802,-0.23090961575508118,0.1381213217973709,-0.33640164136886597,0.12449610233306885,-0.15771755576133728,0.09933312237262726,-0.007912075147032738,0.24279263615608215,-0.2458552122116089,-1.1143180131912231,-0.07523749023675919,0.005244097206741571,-0.019147062674164772,-0.25993552803993225,-0.13958433270454407,-0.34374403953552246,1.346243143081665,-0.03408176451921463,0.26733866333961487,0.14841441810131073,-0.10336103290319443,-0.25162625312805176,0.029805099591612816,-0.9133491516113281,0.13903933763504028,-0.44301486015319824,-0.22522178292274475,-0.008261263370513916,0.040007732808589935,0.33132123947143555,-0.1568198949098587,0.019338194280862808,0.456489235162735,-0.0837208554148674,0.002841666340827942,0.30751267075538635,0.03545036166906357,-0.09982822090387344,-0.15311264991760254,0.23706504702568054,-0.7215898633003235,-0.4032675623893738,0.1478729099035263,0.08221326768398285,0.02792436257004738,0.8410032987594604,-0.30936187505722046,-0.15443071722984314,0.38728225231170654,-0.011942872777581215,-0.12989561259746552,-0.10351990163326263,-0.24231207370758057,0.33702582120895386,0.03401748463511467,-0.04946894198656082,-0.2527353763580322,0.044470854103565216,0.08978302776813507,-0.04293367639183998,0.6651122570037842,-0.05250949785113335,-0.6989260911941528,-0.5175361633300781,0.4630533754825592,0.018319644033908844,0.10156834125518799,-0.21689419448375702,-0.36044907569885254,0.06554466485977173,0.10565847158432007,0.03468173369765282,-0.8337088823318481,0.24260643124580383,-0.37479284405708313,-0.13636913895606995,-0.14094561338424683,0.09386171400547028,0.7935183644294739,-0.29342055320739746,-0.1374615877866745,0.11186124384403229,0.050430942326784134,0.29911187291145325,-0.6949785351753235,-0.33231717348098755,0.5399786233901978,-0.08439463376998901,0.4599897265434265,0.5288804769515991,0.4530809819698334,-0.2302263081073761,-0.3655650317668915,0.14699991047382355,-0.13836117088794708,-0.7549916505813599,-0.27716583013534546,-0.026915889233350754,-0.13323740661144257,-0.09873221814632416,-0.3399438261985779,0.7243859767913818,-0.3420352339744568,-0.2748090624809265,-0.11147981882095337,0.1743607372045517,0.009203730151057243,-0.03262753039598465,0.5752190351486206,-0.2683205306529999,0.34173595905303955,0.38942140340805054,-0.06499938666820526,-0.05018608644604683,-0.4863198399543762,0.05381504446268082,-0.3544403612613678,-0.03411708027124405,0.22766852378845215,-0.03777838125824928,-0.18761272728443146,0.029596269130706787,-0.06540005654096603,-0.002739009214565158,1.3546181917190552,0.3676895797252655,-0.1317896544933319,0.016067076474428177,0.034803129732608795,0.015684789046645164,0.0706397294998169,0.1667260080575943,-0.12398163974285126,-0.3367657959461212,0.008662417531013489,0.3558708727359772,-0.3399833142757416,-0.5700664520263672,0.08497115224599838,-0.14272333681583405,0.23171284794807434,0.11550505459308624,-0.09279167652130127,-0.4046022295951843,-0.393135130405426,-0.11768633127212524,0.17747770249843597,0.11737896502017975,-0.06542394310235977,0.2823542356491089,1.7240667343139648,-0.3588499426841736,-0.26406681537628174,-0.617560625076294,-0.330452024936676,-0.5236579775810242,-0.24931254982948303,0.1566740870475769,-0.17262756824493408,0.07910743355751038,0.47735610604286194,0.19688370823860168,0.05424671247601509,-0.07655905187129974,-0.07173281162977219,-0.0599965825676918
CID003086258,7070,0.18027034401893616,-0.5279492139816284,-1.1609094142913818,-0.22943119704723358,0.5290092825889587,-0.12916746735572815,-0.018420696258544922,-0.8642684817314148,-0.03583230823278427,-0.22548703849315643,0.5092647075653076,0.275170236825943,-0.08615192025899887,0.028879135847091675,-0.06223007291555405,0.21251468360424042,0.24766838550567627,0.029677677899599075,-0.16206872463226318,-0.0743895024061203,-0.25613874197006226,0.05946419760584831,0.2743547558784485,-0.10883855819702148,-1.2716859579086304,-1.0934730768203735,-0.12130095064640045,-0.007613944821059704,-0.025570135563611984,-0.2468821257352829,0.587399959564209,-0.14450833201408386,0.01143910177052021,0.26523810625076294,-0.34714317321777344,-0.05627819150686264,0.32885628938674927,-0.05006410926580429,0.31039950251579285,0.07448656111955643,-0.13603448867797852,0.24898667633533478,-0.07950225472450256,-0.1981535702943802,0.04974108189344406,-0.010974806733429432,0.8185263872146606,-0.3212505877017975,-0.671053946018219,0.14394903182983398,-0.9732755422592163,0.2538850009441376,0.47359126806259155,-0.2655143737792969,0.2224961519241333,-0.3241361379623413,-0.09908030182123184,1.2418887615203857,-0.3986395597457886,0.19046339392662048,-0.15392239391803741,-0.15898266434669495,-0.16318854689598083,0.8446965217590332,0.3454494774341583,0.5383301973342896,0.25641146302223206,-0.09470093250274658,0.04661691561341286,0.0611833855509758,-0.5184018015861511,0.01705179177224636,-0.2860296368598938,0.5146803855895996,-0.1639508306980133,-0.015896227210760117,0.17575962841510773,0.2742793560028076,0.8462961912155151,0.018826454877853394,-0.15660545229911804,-0.6768991351127625,0.013621421530842781,0.016364244744181633,0.47568219900131226,0.2533870339393616,-0.6956572532653809,0.0607471764087677,-0.06425745785236359,-0.00028204097179695964,-0.1203215941786766,-0.3682388663291931,-0.23286302387714386,0.35290199518203735,0.13870945572853088,-0.09022262692451477,-0.3594098687171936,0.5560417175292969,0.19197843968868256,-1.4162298440933228,-0.17458346486091614,-0.17306017875671387,0.0035125911235809326,-0.2629660964012146,0.09922023862600327,-0.3288862109184265,0.7756128907203674,0.03738277032971382,0.19847944378852844,0.0960296019911766,0.17999053001403809,0.12674778699874878,0.34655147790908813,-0.7875756025314331,0.3055225610733032,-0.17502136528491974,-0.16116411983966827,0.21887913346290588,-0.033678509294986725,0.002521222922950983,-0.3142114579677582,-0.23383291065692902,-0.3408258557319641,0.13126319646835327,0.0031574249733239412,0.049436915665864944,0.41360631585121155,0.07675307244062424,-0.30898353457450867,0.29680225253105164,-0.5735796689987183,0.31475698947906494,0.3370802104473114,0.14744000136852264,-0.15215075016021729,0.6080802083015442,0.1500242054462433,-0.07432644069194794,0.2740560472011566,-0.2853613793849945,-0.04802330210804939,-0.17325928807258606,0.2725052237510681,0.2740461230278015,0.05710906907916069,-0.07057249546051025,-0.39326196908950806,0.5491414070129395,0.12659557163715363,-0.11780611425638199,0.8231419324874878,-0.3433147370815277,-0.559116780757904,-0.9191986322402954,1.0051101446151733,-0.020252009853720665,0.2722629904747009,0.19790616631507874,-0.7804058790206909,0.1933778077363968,-0.2816932499408722,0.037617068737745285,-1.1004916429519653,-0.13737937808036804,-0.513258159160614,0.07277368754148483,-0.18829138576984406,-0.19709579646587372,0.9441595077514648,-0.5365951061248779,-0.14050480723381042,-0.18214750289916992,-0.004224819131195545,0.03774518892168999,-0.7094622850418091,-0.27764326333999634,0.36393123865127563,0.14751209318637848,0.5847146511077881,0.06255296617746353,0.26131564378738403,-0.17623397707939148,-0.3462795615196228,0.6997698545455933,0.12260556221008301,-0.2764008045196533,-0.3981655240058899,0.013150542974472046,-0.2450060099363327,-0.19927889108657837,-0.42939144372940063,1.3489378690719604,-0.19059428572654724,-0.11318069696426392,-0.3154023289680481,-0.18726591765880585,-0.33492743968963623,0.024034464731812477,1.1082130670547485,-0.061665572226047516,0.8428933024406433,0.4986935257911682,-0.14432492852210999,0.9439306259155273,-0.42675867676734924,0.252951979637146,-0.38801297545433044,-0.11384405940771103,-0.17595253884792328,0.25101906061172485,-0.10866744816303253,-0.12920232117176056,0.2516375184059143,-0.1133212000131607,0.7797597646713257,0.14349600672721863,-0.21988077461719513,-0.2773885130882263,0.19714748859405518,0.18836814165115356,0.01653466746211052,0.12835793197155,0.23013372719287872,0.057933200150728226,-0.15225043892860413,0.41155320405960083,0.37232786417007446,-0.7616652250289917,-0.262081503868103,-0.06933818757534027,0.1803761124610901,0.1234847754240036,0.24438896775245667,-0.34072327613830566,-0.8834723234176636,0.40904244780540466,0.023895347490906715,-0.019404336810112,-0.1871947944164276,-0.2496463805437088,0.9421542882919312,-0.31418588757514954,-0.12831075489521027,-0.3305196166038513,-0.0008557260152883828,-0.34673285484313965,-0.03862249106168747,-0.09104201942682266,0.1068955510854721,0.2673444449901581,-0.15966297686100006,0.1684267818927765,0.123679518699646,-0.2590924799442291,0.4957967698574066,-0.04416557773947716
CID000004497,7241,0.25892600417137146,-0.06008734181523323,-0.6458501815795898,-0.06146552413702011,0.2825363278388977,-0.17032578587532043,0.030139129608869553,-0.5417012572288513,-0.1698227822780609,0.119310662150383,0.4724225103855133,0.0032722502946853638,-0.0371105931699276,0.06886675208806992,0.14958247542381287,0.1763465851545334,0.3412354588508606,0.005021983291953802,-0.1483279913663864,0.09781379997730255,-0.14702026546001434,0.09063748270273209,0.6480463147163391,0.024996185675263405,-0.6347413659095764,-0.6836391091346741,-0.08556032180786133,-0.3175228536128998,0.18229219317436218,-0.2702217996120453,0.37964195013046265,-0.07270026952028275,-0.024957790970802307,0.06557340919971466,-0.24722397327423096,0.30270305275917053,0.43795257806777954,0.12026549875736237,-0.01615426503121853,-0.2561730444431305,-0.28352370858192444,0.400606632232666,-0.3177834749221802,0.1125645861029625,-0.027587389573454857,-0.01957871951162815,0.5097445845603943,-0.14470429718494415,-0.5551595091819763,0.16025717556476593,-0.27468639612197876,0.5733648538589478,0.6420618295669556,-0.05891530588269234,0.13104921579360962,-0.359048068523407,-0.3190056383609772,0.6448723673820496,0.14490459859371185,0.04707362502813339,0.13199427723884583,-0.29839402437210083,0.024996524676680565,0.8994039297103882,0.2704974412918091,0.03850412741303444,-0.2526156008243561,0.04500611126422882,-0.002733842935413122,0.01926230825483799,-0.744691789150238,0.09086526930332184,-0.44781631231307983,0.3450411260128021,-0.09331025183200836,0.6022692918777466,0.3665982186794281,0.3071695864200592,0.40547361969947815,-0.10891538858413696,0.03056076169013977,-0.565707802772522,-0.13220466673374176,0.017969980835914612,0.3078857958316803,0.23004953563213348,-0.1615142822265625,-0.017239224165678024,0.05330044776201248,-0.0753469318151474,-0.1455366462469101,0.10126447677612305,-0.09337050467729568,0.16715268790721893,0.22336514294147491,-0.21941766142845154,-0.13310709595680237,0.5215777158737183,0.12785668671131134,-0.4967931807041168,-0.1544802337884903,-0.028721624985337257,0.04040079936385155,0.07642652094364166,0.20142845809459686,-0.36541643738746643,0.49075284600257874,-0.05783578008413315,0.07184989005327225,0.018579138442873955,0.10183105617761612,-0.11696594953536987,0.9132030606269836,-0.0879669040441513,-0.09813656657934189,-0.2501314580440521,-0.18310412764549255,0.1602746546268463,-0.2119440734386444,-0.19795961678028107,-0.42595258355140686,-0.19789251685142517,0.004386350512504578,-0.03387167304754257,-0.16636720299720764,0.3494955897331238,0.23417210578918457,0.15270355343818665,-0.19811534881591797,0.145853191614151,-0.7767897844314575,0.10194625705480576,0.40197283029556274,0.33249837160110474,-0.11258816719055176,0.4878632128238678,0.08631988614797592,-0.4208504259586334,0.2779258191585541,0.026469379663467407,-0.2306562215089798,-0.21514293551445007,0.2869647443294525,0.23931260406970978,0.1959097534418106,-0.21429285407066345,-0.3545719385147095,0.01256076991558075,-0.0020409345161169767,-0.09167173504829407,0.2729819416999817,-0.18410195410251617,-0.5577067136764526,-0.7871444821357727,0.6705496907234192,-0.4155610501766205,0.07864342629909515,0.07486970722675323,-0.8062528371810913,-0.045156192034482956,-0.10277066379785538,-0.1095813512802124,-0.8940167427062988,0.12114886939525604,-0.6024001836776733,0.03498103842139244,-0.11750660091638565,0.03261147066950798,0.5609546899795532,-0.5004891753196716,-0.548235297203064,-0.45587486028671265,-0.10274070501327515,0.048358045518398285,-0.6631910800933838,-0.13914650678634644,0.6134611964225769,-0.03754615783691406,0.5016980767250061,-0.3931964337825775,0.5298318266868591,-0.021230880171060562,-0.19365428388118744,0.4803559184074402,-0.1948634535074234,-0.5375913381576538,0.13796381652355194,-0.20414665341377258,0.13703079521656036,-0.14307773113250732,-0.3755316138267517,0.8083785176277161,-0.06783968210220337,-0.7774370908737183,-0.07985757291316986,-0.07442965358495712,-0.17443585395812988,-0.026031870394945145,0.21859557926654816,-0.015829071402549744,0.8822101354598999,0.3131151795387268,-0.17113728821277618,-0.17470455169677734,-0.5936309099197388,-0.19912680983543396,-0.344817578792572,-0.20291605591773987,-0.09079061448574066,0.29600363969802856,0.024995099753141403,0.007163451053202152,0.20775513350963593,-0.11629708856344223,1.0259172916412354,-0.041707221418619156,-0.009665613994002342,-0.09650012105703354,0.1162283644080162,0.19664108753204346,0.6057772040367126,0.020819995552301407,0.25648292899131775,0.13633675873279572,-0.02785656973719597,0.2937585413455963,0.14144398272037506,-1.063582420349121,-0.30177539587020874,0.13648226857185364,0.04332191124558449,-0.04041371867060661,0.2045731544494629,-0.33761876821517944,-0.7836034893989563,0.0916195660829544,-0.035648562014102936,-0.02472248487174511,-0.015153875574469566,0.020348314195871353,0.13748344779014587,-0.44305211305618286,-0.0688740536570549,-0.26048702001571655,-0.17844310402870178,-0.3192359507083893,0.15772393345832825,-0.2634375989437103,-0.27264121174812317,0.2426222264766693,0.03242281824350357,-0.07609008997678757,0.19511179625988007,-0.24082574248313904,0.2761988043785095,-0.18149831891059875
CID000003642,7533,-0.18801113963127136,-0.2280716896057129,-0.7155193090438843,0.5251587629318237,0.09066624939441681,-0.4609585404396057,0.008650553412735462,-0.12059134244918823,0.0086273904889822,-0.23457279801368713,0.19485723972320557,-0.21575438976287842,-0.005039197392761707,0.03682754188776016,-0.09902357310056686,-0.05600697547197342,0.25049903988838196,0.12011351436376572,-0.41148632764816284,-0.26808613538742065,-0.08632059395313263,0.07770276814699173,0.5084463357925415,0.13715657591819763,-0.572016716003418,-0.6555517911911011,-0.8144823312759399,-0.03687385842204094,0.191060870885849,-0.1450323760509491,0.6689718961715698,-0.03104078769683838,0.002821746515110135,0.251864492893219,-0.12324868142604828,-0.1925809681415558,0.21155138313770294,-0.3732709288597107,0.42376846075057983,0.0505729541182518,-0.26850610971450806,0.24355420470237732,-0.2354867160320282,-0.30556049942970276,0.2630104422569275,-0.19812855124473572,0.41311711072921753,0.17035555839538574,-0.47230568528175354,0.09301093965768814,-1.073974847793579,0.22461500763893127,0.7296490669250488,-0.28844115138053894,-0.3768431544303894,-0.4110053479671478,-0.19415917992591858,0.7521065473556519,0.1925504058599472,0.02071322686970234,-0.1862550973892212,-0.40737420320510864,0.21484509110450745,1.1565033197402954,-0.10992853343486786,0.7004769444465637,0.02869662083685398,-0.15407410264015198,0.07136230170726776,0.07452140748500824,-0.9061546325683594,0.25580406188964844,-0.4707162380218506,0.38285163044929504,0.052163660526275635,0.3540559411048889,0.23224639892578125,-0.049886904656887054,0.6116582155227661,0.04195962846279144,-0.03201679512858391,-0.12680242955684662,-0.1229461207985878,-0.17038550972938538,-0.09417169541120529,0.034223251044750214,-0.08038720488548279,0.2737879753112793,0.12346307933330536,0.16014418005943298,0.0831950455904007,-0.06488562375307083,-0.27026233077049255,0.15206804871559143,-0.0032238841522485018,0.02433611825108528,-0.07574905455112457,0.07619043439626694,-0.21490292251110077,-0.5723530054092407,-0.21129855513572693,0.023018378764390945,-0.004424883984029293,-0.22764363884925842,-0.22099587321281433,-0.5615931749343872,0.19464929401874542,0.011759760789573193,-0.2454943209886551,0.09966513514518738,-0.1576298177242279,-0.194116473197937,0.6088703870773315,-0.7921282052993774,-0.05641750618815422,-0.13346077501773834,-0.1343649923801422,0.17433936893939972,-0.15157514810562134,-0.03477373719215393,0.04823151230812073,-0.15344762802124023,-0.1309160441160202,0.05403163284063339,0.004830313380807638,0.24826431274414062,-0.04569072648882866,0.21929283440113068,0.21632841229438782,0.2531156539916992,-0.6497435569763184,-0.42421382665634155,0.2567079961299896,0.026677947491407394,0.08451558649539948,0.7223322987556458,-0.07976927608251572,0.06941026449203491,0.2808271646499634,0.2032807320356369,0.15045352280139923,-0.025579776614904404,0.15376178920269012,0.030999362468719482,0.14336523413658142,-0.0944039598107338,-0.30342739820480347,0.18673424422740936,0.02919291891157627,0.04493744298815727,0.7910640835762024,0.07279695570468903,-0.583531379699707,-0.49252575635910034,0.2779131531715393,-0.02750973030924797,-0.21005472540855408,0.01383737288415432,-0.5840287804603577,-0.06432776153087616,0.10369811207056046,-0.05037207528948784,-0.9501651525497437,-0.0014373644953593612,-0.5906633138656616,-0.353466659784317,-0.5003870725631714,-0.10027307271957397,0.6929084062576294,-0.3171848654747009,-0.45546087622642517,-0.03301801532506943,-0.31644707918167114,0.1305868923664093,-0.2842666208744049,0.18096224963665009,0.3338238298892975,-0.17085663974285126,0.5365924835205078,0.3528604805469513,0.2754475474357605,0.05465976148843765,0.15758317708969116,0.11830438673496246,-0.32090574502944946,-0.16541051864624023,0.03461131453514099,-0.06640863418579102,-0.17990092933177948,-0.3914536237716675,-0.044342197477817535,0.495614618062973,0.012725329026579857,-0.3131663203239441,0.051348425447940826,-0.2740681767463684,0.1290930062532425,-0.08934645354747772,0.11501306295394897,-0.3236120343208313,0.3387828469276428,0.3268568515777588,0.17269264161586761,0.2759020924568176,-0.6408621072769165,-0.12428442388772964,-0.386518657207489,0.07675348222255707,-0.05185414478182793,-0.28360968828201294,-0.07797425240278244,-0.067637138068676,-0.1485327035188675,-0.13167054951190948,0.9152426719665527,-0.2587779760360718,0.2411981076002121,-0.08979368209838867,-0.06227302551269531,-0.14120802283287048,0.0373147577047348,0.038056448101997375,-0.02049482800066471,-0.04473981261253357,-0.13282790780067444,-0.0816151350736618,-0.252683162689209,-0.7846602201461792,-0.09391488134860992,0.1410839855670929,0.003994745202362537,0.1388815939426422,-0.05039597675204277,-0.3410932123661041,-0.9744108319282532,0.16967856884002686,-0.1629837304353714,-0.059841472655534744,0.36633870005607605,0.08174706995487213,0.3665889799594879,-0.4541208744049072,0.15102432668209076,-0.3870607018470764,-0.034777797758579254,-0.2613527178764343,0.18903082609176636,-0.03905003145337105,0.1393638402223587,0.26797646284103394,-0.17345073819160461,0.22741436958312988,0.08660586178302765,-0.28620803356170654,0.04925251007080078,-0.10475804656744003
CID000002232,7683,0.27423810958862305,-0.38859686255455017,-0.9151624441146851,-0.04525315389037132,0.4570234417915344,-0.39578795433044434,0.17340290546417236,-0.9486697316169739,-0.12003958225250244,-0.497051477432251,0.80827397108078,0.23450222611427307,-0.04635355621576309,0.013223780319094658,-0.012780576944351196,0.29358935356140137,0.3044920265674591,0.008851722814142704,-0.3291710615158081,-0.1538832038640976,-0.1407618522644043,0.11390844732522964,0.3346759080886841,0.12416479736566544,-1.5186610221862793,-0.8796559572219849,-0.7910839319229126,0.06440829485654831,0.24576203525066376,-0.3495449721813202,1.2397279739379883,-0.16875526309013367,0.08693905174732208,0.5922597646713257,-0.4954710602760315,-0.11969182640314102,0.46748512983322144,-0.012108579277992249,0.13825486600399017,-0.1348627507686615,-0.2515943646430969,0.5566854476928711,-0.04918188974261284,-0.4296965003013611,0.0894567221403122,-0.08273927867412567,0.9786525964736938,-0.49922680854797363,-0.5893987417221069,0.0001242905855178833,-0.9303553700447083,0.07543273270130157,0.4730113446712494,-0.1404220461845398,0.4594235420227051,-0.4700067639350891,0.13095399737358093,1.0662500858306885,-0.2471911907196045,0.12488087266683578,-0.02183504030108452,-0.12254760414361954,0.031266678124666214,0.7203118205070496,0.01341482438147068,0.5405732989311218,0.27896246314048767,-0.05094791576266289,0.003941374830901623,0.10426467657089233,-0.39242422580718994,0.02504255250096321,-0.6498517990112305,0.4332757890224457,-0.23406723141670227,0.17674432694911957,0.28091514110565186,0.10026228427886963,0.9934832453727722,0.030000051483511925,0.06931816041469574,-0.5266615152359009,0.10279371589422226,0.1500997543334961,0.007188460323959589,0.15450958907604218,-0.7479764819145203,-0.22569100558757782,-0.17107905447483063,-0.052297770977020264,-0.29564031958580017,-0.33108606934547424,-0.48574408888816833,0.13769492506980896,-0.05746183544397354,0.2174157202243805,0.07149107754230499,0.13776755332946777,0.11783160269260406,-1.6044381856918335,-0.36490970849990845,0.31881311535835266,0.13676925003528595,-0.30294594168663025,0.06356111913919449,-0.2053142488002777,1.0950443744659424,-0.02843129076063633,-0.02037375047802925,-0.10440869629383087,0.2859671413898468,0.192839115858078,0.2683735191822052,-0.8095626831054688,0.15626239776611328,-0.2746663987636566,-0.36789828538894653,0.28238445520401,0.39579713344573975,0.45158782601356506,-0.10172847658395767,-0.23152124881744385,0.11152370274066925,0.1120331883430481,0.37375608086586,-0.05852136015892029,0.40629976987838745,-0.2590603828430176,-0.22637991607189178,0.38668137788772583,-0.7026692032814026,0.03862617909908295,0.5082109570503235,-0.01563407853245735,-0.22965872287750244,0.7682130932807922,0.18366225063800812,-0.07974466681480408,0.6006842851638794,-0.4915845990180969,-0.004630559589713812,0.041237279772758484,-0.0004427000822033733,0.35329973697662354,-0.05226440355181694,0.21302273869514465,-0.3228537142276764,0.48177528381347656,-0.009033942595124245,-0.2163044661283493,0.7614124417304993,-0.04173632711172104,-0.44030722975730896,-1.1865921020507812,0.8315688371658325,0.16219136118888855,0.028511028736829758,0.5177220106124878,-0.45919933915138245,0.41299885511398315,-0.04492158815264702,0.10157213360071182,-0.9313998222351074,-0.15992864966392517,-0.6710679531097412,0.08044040948152542,0.05399339646100998,-0.010234457440674305,0.977999210357666,-0.6666074991226196,-0.1303633749485016,-0.028188401833176613,0.1024959459900856,0.3382543921470642,-0.6029728055000305,-0.4548374116420746,0.4834166169166565,-0.11911775916814804,0.49930864572525024,0.30837514996528625,0.30111458897590637,-0.1785399168729782,-0.3147349953651428,1.1874001026153564,-0.010315644554793835,-0.3025091588497162,-0.37728026509284973,0.07661940902471542,-0.4154810309410095,-0.2786714434623718,-0.6834656596183777,1.5003769397735596,-0.11665928363800049,-0.06634898483753204,-0.1729850322008133,-0.21330401301383972,-0.1653379499912262,0.007286058273166418,1.5158716440200806,-0.25216153264045715,0.6168330907821655,0.2910950779914856,-0.02788764238357544,1.0836973190307617,-0.4866257309913635,0.4123287796974182,-0.38288775086402893,-0.014636604115366936,-0.13732628524303436,0.12424236536026001,-0.3851020932197571,0.12146751582622528,-0.07797160744667053,-0.20344185829162598,0.4867929518222809,0.4545062184333801,-0.38725629448890686,-0.07380643486976624,0.05427738279104233,0.13151375949382782,-0.11124324798583984,0.042484771460294724,-0.07375340163707733,-0.3946835994720459,-0.06849277019500732,0.47891172766685486,0.22234681248664856,-0.5664058923721313,-0.1854615956544876,0.31614598631858826,0.14924271404743195,0.2346915900707245,0.4755393862724304,-0.3022642135620117,-0.7189064025878906,0.1841399371623993,-0.09511707723140717,-0.13679037988185883,-0.2843501567840576,-0.16015154123306274,1.6057875156402588,-0.2645265460014343,0.10048782825469971,-0.4940811097621918,-0.05048038437962532,-0.5455252528190613,-0.08701365441083908,0.22742828726768494,0.07335665076971054,0.5381501913070679,0.23291726410388947,0.025808017700910568,-0.033409953117370605,0.05634978413581848,0.5133582949638367,0.22315439581871033
CID000004913,7883,0.04651257395744324,-0.0043385205790400505,-0.5076406002044678,0.19207748770713806,0.21370522677898407,-0.19617274403572083,-0.09766346216201782,-0.19811202585697174,0.045217256993055344,-0.12209506332874298,0.2054707556962967,0.12620463967323303,-0.03574090451002121,0.002906417939811945,0.13989436626434326,0.251993328332901,-0.024384183809161186,-0.006806196179240942,-0.3072250485420227,0.36956605315208435,0.35302257537841797,0.16424579918384552,0.5869821906089783,-0.0012996643781661987,-0.6180920600891113,-0.4527786374092102,-0.4416941702365875,0.09487055987119675,0.13765884935855865,0.09711412340402603,0.6506475210189819,0.0762539952993393,-0.16082681715488434,0.05295640230178833,-0.1504099816083908,0.06428863108158112,0.05505435913801193,-0.14012059569358826,-0.0215623676776886,0.16167959570884705,-0.2510966658592224,0.2134748250246048,-0.5638173818588257,0.11167080700397491,0.0014863759279251099,-0.04467962682247162,0.7652422189712524,-0.24309849739074707,-0.5340250134468079,0.1352335512638092,-0.4244094491004944,0.2955222725868225,0.7231453657150269,0.07295653969049454,-0.0692882090806961,-0.4026748538017273,-0.17547933757305145,0.8561111688613892,0.10178963094949722,-0.18385353684425354,-0.1278143972158432,-0.04353190213441849,0.31665855646133423,0.4903098940849304,0.06906048953533173,0.38606417179107666,-0.24777725338935852,-0.016162583604454994,0.0342453196644783,-0.004589837975800037,-0.7804262042045593,0.26610079407691956,-0.5207350850105286,0.5231218934059143,0.1024480015039444,0.37390127778053284,0.3229444622993469,0.08266779035329819,0.38644132018089294,-0.08351048082113266,0.04101157933473587,0.03248005360364914,-0.044237926602363586,-0.03018585965037346,0.16075560450553894,0.13456927239894867,0.05408690497279167,0.08573417365550995,0.05676806718111038,0.2019127607345581,-0.05718914419412613,0.03502358868718147,-0.25159984827041626,0.2961699366569519,0.11177997291088104,0.23906227946281433,0.049949031323194504,0.13975952565670013,0.04593365639448166,-0.31375405192375183,-0.1633785516023636,-0.008876859210431576,0.06420644372701645,0.05826152488589287,0.3041292726993561,-0.11806591600179672,0.4478178918361664,0.10399700701236725,0.10720799118280411,-0.08923736214637756,0.04182630777359009,-0.05907033011317253,0.6462725400924683,-0.36548542976379395,0.0908580794930458,-0.1552724540233612,-0.24748027324676514,-0.14162442088127136,0.11542533338069916,0.10342353582382202,-0.2185421884059906,-0.4982975423336029,0.07251831889152527,-0.07803192734718323,-0.4287845194339752,0.30166110396385193,-0.0831221491098404,0.04152543470263481,-0.14510034024715424,0.12915882468223572,-0.3695751130580902,-0.1532118171453476,0.1988004744052887,0.030124953016638756,0.09754212945699692,0.8487569093704224,-0.02139563299715519,-0.056471746414899826,0.1154627799987793,-0.1475406140089035,0.18552950024604797,-0.1605718433856964,0.17514167726039886,0.27663081884384155,0.27572566270828247,0.08254238963127136,-0.43646669387817383,-0.09336760640144348,-0.43946442008018494,-0.05326683074235916,0.2896987199783325,-0.011931434273719788,-0.5870699286460876,-0.747643232345581,0.48397064208984375,-0.07645682245492935,-0.2665237784385681,-0.28620660305023193,-0.43939152359962463,0.06032183766365051,0.09723834693431854,-0.016245821490883827,-0.929925799369812,0.01770908758044243,-0.5802441239356995,0.14985036849975586,-0.07023125886917114,-0.07085400819778442,0.5462175607681274,-0.6692761778831482,-0.3765103220939636,0.2714396119117737,0.10753695666790009,0.06739074736833572,-0.4925079941749573,-0.05067744851112366,0.12066914886236191,-0.11278917640447617,0.5588477849960327,0.057555459439754486,0.46722298860549927,-0.10508934408426285,0.11767220497131348,0.26622384786605835,-0.2749882936477661,-0.2066379338502884,0.026965614408254623,-0.15183910727500916,-0.025667309761047363,-0.1162143126130104,-0.04366608336567879,0.8039131164550781,-0.03165414184331894,-0.5852800607681274,0.14273646473884583,0.08334226906299591,0.025595080107450485,0.20905227959156036,0.2442062795162201,-0.24468651413917542,0.3551199734210968,0.23692265152931213,-0.0005378246423788369,0.17969880998134613,-0.68256014585495,-0.4701380133628845,-0.26977676153182983,0.040829576551914215,-0.029755771160125732,-0.06255575269460678,-0.06513402611017227,-0.0005422711255960166,0.0527140274643898,-0.0533323772251606,0.8987725973129272,-0.051379214972257614,-0.04442113637924194,-0.2422133982181549,0.029318194836378098,0.15300732851028442,0.5853475332260132,0.08841877430677414,0.22331055998802185,-0.3601705729961395,0.3429051637649536,0.25049319863319397,0.11948082596063614,-0.7857946157455444,-0.1138031929731369,0.08579210191965103,-0.18294133245944977,0.023563247174024582,0.20899228751659393,-0.25542861223220825,-0.5566668510437012,0.19529321789741516,-0.11210618168115616,0.024540571495890617,-0.11033757030963898,0.12667424976825714,0.5419069528579712,-0.4248214662075043,0.04317189380526543,-0.17155608534812927,-0.07817461341619492,-0.5146275758743286,-0.09050886332988739,-0.008195167407393456,-0.1396484673023224,0.3910270929336548,0.1345999538898468,0.06198211386799812,0.4387449622154236,-0.2915940284729004,0.030563348904252052,0.14963281154632568
CID000002675,8174,0.010216113179922104,-0.5193526744842529,-1.0586488246917725,0.18651703000068665,0.40968602895736694,-0.22153063118457794,0.22768814861774445,-0.43454819917678833,-0.01952960714697838,-0.41431236267089844,0.3115383982658386,0.11730339378118515,0.07632115483283997,-0.4798547327518463,-0.04765737056732178,0.35594817996025085,1.253511667251587,-0.04894056171178818,-0.42192158102989197,-0.24388794600963593,-0.03213386610150337,-0.05867041274905205,0.6429169178009033,-0.2694481909275055,-0.9714492559432983,-1.2508292198181152,-0.8245679140090942,0.0310844536870718,0.11443985998630524,0.06338667869567871,1.4336248636245728,0.05038309097290039,0.07209993898868561,-0.17976154386997223,-0.20875553786754608,-0.2588788568973541,0.16403929889202118,-0.3146023452281952,0.0507185161113739,-0.41753071546554565,-0.5568929314613342,1.804128885269165,-0.6327678561210632,-0.5115237236022949,0.07318522781133652,-0.16803058981895447,0.3573983609676361,-0.03243475407361984,-0.516106128692627,0.06509281694889069,-0.6551511883735657,0.1502489596605301,0.09927110373973846,-0.43339109420776367,0.04753127694129944,-0.8766267895698547,-0.16603951156139374,0.607334554195404,-0.2521100640296936,0.2521795332431793,-0.1070932000875473,-0.15758724510669708,-0.025718804448843002,0.9512178301811218,-0.06107276678085327,0.08049371838569641,0.06618763506412506,0.11864663660526276,-0.050846923142671585,-0.2523665428161621,-1.122540831565857,-0.04705018922686577,-0.8979933857917786,0.4447591304779053,0.051902711391448975,0.6763657331466675,1.2336921691894531,0.4335528314113617,0.6104129552841187,-0.07849593460559845,-0.19406458735466003,-0.3927488625049591,0.07531345635652542,0.058028776198625565,0.11398998647928238,0.0489964485168457,-0.34738194942474365,-0.07975967228412628,0.013375937938690186,0.27290013432502747,0.03141099587082863,-0.08425112068653107,-0.23634786903858185,0.16524066030979156,-0.08736008405685425,0.20449617505073547,-0.15847961604595184,0.42435401678085327,-0.18202421069145203,-0.6431182622909546,-0.0077005410566926,-0.07691384851932526,0.17178873717784882,-0.40539413690567017,-0.40759071707725525,-0.16988734900951385,0.9729388356208801,-0.05407547205686569,-0.05835963413119316,0.059075020253658295,0.12081874907016754,-0.3053680956363678,0.10149508714675903,-0.3357301354408264,0.14185787737369537,-0.4622403681278229,-0.46585482358932495,0.23820114135742188,-0.1519097089767456,0.2450644075870514,-0.24595651030540466,-0.07438743114471436,-0.005723676178604364,0.11817117780447006,-0.05037245154380798,-0.01398306805640459,0.2359277904033661,0.1509295552968979,0.005834023468196392,0.48178988695144653,-0.6051572561264038,-0.29611703753471375,0.374924898147583,-0.011003704741597176,-0.18074142932891846,0.7046878337860107,-0.01930251345038414,0.3270203471183777,0.29978543519973755,0.05724088102579117,-0.26509755849838257,-0.2432081401348114,0.10351116955280304,0.41184377670288086,0.5669485330581665,0.07223432511091232,-0.3246338367462158,0.3518504500389099,-0.07327774167060852,-0.224982351064682,0.32430922985076904,-0.4027369022369385,-0.7501314878463745,-0.8021918535232544,0.32713109254837036,0.11640788614749908,-0.21799755096435547,0.13251782953739166,-0.04913580045104027,-0.2705705463886261,0.04920215159654617,-0.20278389751911163,-0.7176259756088257,-0.09218193590641022,-0.8996679186820984,-0.23163311183452606,-0.10150857269763947,0.5221622586250305,0.465643972158432,-0.0611078143119812,0.053652774542570114,-0.25519880652427673,-0.10200313478708267,-0.005302329547703266,-0.5716369152069092,0.07542036473751068,0.575442910194397,0.018916234374046326,0.5625112056732178,0.17392206192016602,0.7678109407424927,-0.047460418194532394,-0.15830478072166443,0.39286431670188904,0.01647123135626316,-0.5715799927711487,-0.2946452498435974,-0.04708812013268471,-0.42896777391433716,-0.2025938779115677,-0.3648240268230438,0.9195351600646973,-0.2435147762298584,-0.4782109260559082,-0.036060456186532974,-0.023275265470147133,0.09930558502674103,0.20014441013336182,0.2423388659954071,0.01930232159793377,0.27686700224876404,0.4028405547142029,-0.08310745656490326,-0.06722137331962585,-0.03603803738951683,0.26248496770858765,-0.11712124198675156,0.17973333597183228,0.08324649930000305,-0.15953490138053894,0.48102277517318726,0.0713232159614563,0.17563346028327942,0.05258404463529587,0.951977550983429,0.25916892290115356,-0.0806485265493393,-0.09949423372745514,-0.08108288794755936,0.017111554741859436,0.25433292984962463,0.3602912724018097,0.14660635590553284,-0.3559328615665436,-0.06393985450267792,0.3366968333721161,-0.2160908728837967,-0.9985492825508118,0.1331402063369751,-0.054940950125455856,0.2394772320985794,0.2720942199230194,-0.3004227876663208,-0.1490621566772461,-0.6245483160018921,0.15650542080402374,-0.17521797120571136,0.10459859669208527,0.004867212381213903,0.429952472448349,1.4486415386199951,-0.426617294549942,-0.15827035903930664,-0.4787198603153229,-0.08682723343372345,-0.2630779445171356,0.013976377435028553,-0.12407845258712769,-0.33226799964904785,0.07595185935497284,0.15003037452697754,-0.03379135578870773,0.3661985695362091,0.06375755369663239,0.1414039134979248,-0.09876459836959839
CID000005052,8361,0.17796094715595245,-0.4689842760562897,-0.9027889370918274,-0.027778351679444313,0.4706173837184906,-0.36843985319137573,0.11202969402074814,-0.7243553996086121,0.01523077953606844,-0.35004669427871704,0.5941246747970581,0.3806493878364563,-0.07659206539392471,-0.010184052400290966,-0.17545843124389648,0.20381443202495575,0.18949270248413086,-0.031229157000780106,-0.2282979041337967,0.11083678901195526,-0.35680025815963745,0.17578096687793732,0.25096121430397034,-0.06826808303594589,-1.2393558025360107,-1.0101463794708252,-0.5682315230369568,0.05596192926168442,0.15176279842853546,-0.31761303544044495,1.0378961563110352,-0.13495725393295288,-0.030114227905869484,0.35884442925453186,-0.5456706285476685,-0.23927989602088928,0.19779574871063232,0.014888659119606018,0.1102263480424881,-0.027559395879507065,-0.25706321001052856,0.3216971755027771,-0.08471531420946121,-0.38316279649734497,0.13668891787528992,-0.06899674236774445,0.8017481565475464,-0.6828048825263977,-0.5690173506736755,0.11281071603298187,-1.1461530923843384,0.24650804698467255,0.5263236165046692,-0.23740741610527039,0.3046499192714691,-0.48651671409606934,0.1305873692035675,1.074463963508606,-0.12563356757164001,0.1215456873178482,-0.28648969531059265,0.0356702022254467,-0.3007510304450989,0.7790418863296509,0.17757613956928253,0.5629431009292603,0.24629676342010498,-0.10544683784246445,0.03637656196951866,0.07249833643436432,-0.544879674911499,0.06675586104393005,-0.631566047668457,0.469163715839386,-0.21146869659423828,0.15129782259464264,0.19769041240215302,0.15243160724639893,1.172159194946289,0.08441314101219177,-0.12090643495321274,-0.4007266163825989,-0.052559614181518555,-0.08007106930017471,0.02390546165406704,0.20778512954711914,-0.6993524432182312,-0.10598357021808624,0.031915824860334396,0.06952638924121857,-0.3776246905326843,-0.2956216037273407,-0.36184030771255493,0.35521942377090454,-0.0410621240735054,0.055198781192302704,-0.13459722697734833,0.26014718413352966,0.18196095526218414,-1.3823965787887573,-0.3179705739021301,0.03554636240005493,0.037623900920152664,-0.3577001988887787,0.16512611508369446,-0.06255187094211578,0.9647871851921082,-0.02316172793507576,-0.03882395476102829,0.017186641693115234,0.14123491942882538,0.20775286853313446,0.5128656625747681,-0.942104160785675,0.26234930753707886,-0.23784291744232178,-0.26950669288635254,0.21804849803447723,0.33695483207702637,0.4101709723472595,-0.212894007563591,-0.2485157996416092,-0.06121997907757759,0.03854787349700928,0.029954183846712112,-0.0198026355355978,0.3583453297615051,-0.07288499176502228,-0.3371690809726715,0.41295233368873596,-0.5603002309799194,0.06957900524139404,0.5004886984825134,0.11942325532436371,-0.19301241636276245,0.7307611703872681,-0.057119160890579224,-0.1500810831785202,0.3891802430152893,-0.45190733671188354,0.01970699056982994,-0.04548637196421623,0.160921111702919,0.3216826319694519,0.06930370628833771,0.12878596782684326,-0.3182840347290039,0.5139280557632446,0.24182581901550293,-0.046398937702178955,0.8067052960395813,-0.24860624969005585,-0.750500500202179,-1.2069847583770752,0.7199112772941589,0.12184102833271027,0.09413165599107742,0.36519184708595276,-0.49827665090560913,0.30446842312812805,0.013217097148299217,0.0572047121822834,-1.0859969854354858,-0.1852707862854004,-0.5137683153152466,0.013013255782425404,0.08769677579402924,0.1286848783493042,1.1088393926620483,-0.6081839799880981,-0.2262474000453949,0.045402854681015015,0.053570449352264404,0.20957982540130615,-0.444404661655426,-0.6488980054855347,0.41881972551345825,-0.12326125800609589,0.5003732442855835,0.1612568199634552,0.18970386683940887,-0.15839225053787231,-0.31359541416168213,0.8550076484680176,0.03234720602631569,-0.3507724106311798,-0.2946668267250061,0.029186364263296127,-0.4266664981842041,-0.26221781969070435,-0.6449661254882812,1.2130554914474487,-0.20209641754627228,-0.035031773149967194,-0.04255400225520134,-0.23787136375904083,-0.16622717678546906,-0.028683345764875412,1.1448872089385986,-0.12117470800876617,0.6046120524406433,0.4028699994087219,-0.0008647978538647294,0.9201903343200684,-0.49839693307876587,0.4825538098812103,-0.37028682231903076,-0.06372898817062378,-0.10984983295202255,0.1852235496044159,-0.4911925792694092,-0.07547739893198013,-0.05367530137300491,-0.12450027465820312,0.7705918550491333,0.3138476312160492,-0.21444496512413025,-0.08988022804260254,0.06773250550031662,0.0800202488899231,0.02189471200108528,0.174760103225708,0.04344005137681961,-0.1807500422000885,-0.12963411211967468,0.380019873380661,0.27356523275375366,-0.7388076782226562,-0.1305324137210846,0.049312978982925415,0.02489573322236538,0.2863313853740692,0.5213419198989868,-0.31032466888427734,-0.8102130889892578,0.12018480151891708,-0.12475725263357162,-0.06122808903455734,-0.13022199273109436,-0.3135635256767273,1.2535136938095093,-0.22243627905845642,-0.10494580119848251,-0.45151764154434204,0.05461173132061958,-0.475010484457016,-0.06710660457611084,0.18502485752105713,-0.04105427488684654,0.4120839536190033,0.18558157980442047,0.1295274794101715,0.34498560428619385,-0.2617174983024597,0.5470260381698608,0.20134210586547852
CID000002266,8514,0.12789182364940643,-0.5435841679573059,-0.7878917455673218,0.114510677754879,0.211577370762825,-0.3896162509918213,-0.007655711378902197,-0.3317774534225464,0.2572827935218811,0.09470394998788834,0.3196406364440918,-0.05441264435648918,-0.09222763776779175,-0.5204463601112366,0.17630088329315186,-0.10252583026885986,0.3955603837966919,0.26228493452072144,0.3417677581310272,0.01038447581231594,0.19054999947547913,0.15233612060546875,0.47441068291664124,0.056137967854738235,-0.8625665903091431,-0.9683685302734375,-1.2193683385849,-0.2784251272678375,-0.14365938305854797,-0.10378339141607285,0.7460150122642517,-0.002184942364692688,0.1588916927576065,0.2767372727394104,-0.48304104804992676,-0.02427654340863228,0.9952014684677124,-0.2429773360490799,-0.07678647339344025,-0.028276484459638596,-0.2509528696537018,0.5548364520072937,-0.420431911945343,-0.3190215528011322,-0.19991713762283325,-0.4153517782688141,0.428189218044281,-0.5035600066184998,-0.5537589192390442,0.08171861618757248,-0.7070454359054565,0.6136426329612732,0.42810192704200745,0.14929674565792084,0.35699957609176636,0.11201231181621552,-0.15526150166988373,0.9148370623588562,0.1943769007921219,0.23348848521709442,-0.3928794860839844,-0.40074339509010315,0.11389503628015518,1.1352016925811768,0.34665271639823914,0.3460586667060852,0.009906810708343983,0.12586769461631775,0.2506270110607147,0.2094038426876068,-0.7885957956314087,0.27994266152381897,-0.9415243268013,0.2859680652618408,0.2346583604812622,0.07518191635608673,0.8305250406265259,0.3234410881996155,1.0546557903289795,0.3039558529853821,0.11478254944086075,-0.5073947906494141,0.07613646984100342,-0.1403188407421112,-0.3241884112358093,0.11967368423938751,-0.2523963153362274,-0.41404420137405396,0.0618351511657238,-0.1442871391773224,-0.3464568257331848,0.28835421800613403,-0.2680482864379883,-0.021654833108186722,-0.07637836039066315,-0.25677794218063354,0.08919328451156616,0.34806060791015625,0.1056874543428421,-1.1072561740875244,-0.059584684669971466,-0.1394897848367691,0.17952241003513336,-0.26615598797798157,0.39320579171180725,-0.30744463205337524,1.0357164144515991,0.1299792230129242,-0.1810348480939865,-0.09158080071210861,0.2380254566669464,-0.21562416851520538,0.3604072630405426,-0.40299662947654724,-0.0710260421037674,-0.2084948569536209,-0.6082627773284912,0.039439164102077484,0.10663862526416779,0.16456317901611328,0.20552189648151398,-0.4926343560218811,0.21879331767559052,0.1423032283782959,-0.04983281344175339,-0.06917887926101685,0.23170121014118195,-0.0564383864402771,0.027595221996307373,0.3491460382938385,-0.9767980575561523,-0.03676856309175491,0.30711111426353455,-0.026114176958799362,0.16458310186862946,1.0006815195083618,0.17880097031593323,-0.062106840312480927,0.4205377697944641,-0.12160088121891022,-0.1591080129146576,-0.5320688486099243,-0.12605567276477814,-0.19075720012187958,-0.13407166302204132,0.0028186992276459932,0.15006987750530243,0.13686108589172363,-0.32461389899253845,-0.07402576506137848,0.4476239085197449,-0.10679192841053009,-0.6624382138252258,-1.1752636432647705,0.32394543290138245,-0.42423397302627563,-0.20811334252357483,0.1376110315322876,-0.6471845507621765,0.002090856432914734,0.21509996056556702,0.293623149394989,-0.7812421321868896,-0.13267216086387634,-0.3753540813922882,-0.2979128658771515,0.039476413279771805,0.014707299880683422,1.0471220016479492,-0.6373474597930908,-0.25150376558303833,-0.06209151819348335,-0.025718245655298233,0.3821890652179718,-0.5850861668586731,-0.3997783064842224,0.4573087692260742,-0.02629578672349453,0.4516187310218811,-0.14160574972629547,0.41848254203796387,-0.11623632907867432,-0.386145681142807,1.1709072589874268,0.28554481267929077,-0.4552353322505951,0.06258217245340347,0.0771126002073288,-0.7093639969825745,-0.34976381063461304,-0.34971365332603455,1.2768833637237549,-0.2614441215991974,-0.4280168414115906,0.08192341029644012,0.02208404801785946,-0.23968259990215302,-0.014481479302048683,0.49544891715049744,-0.2962911128997803,0.6744856238365173,0.2812478542327881,-0.010277840308845043,0.6814385056495667,-0.41554251313209534,0.1268196552991867,0.08150973916053772,0.12377341836690903,-0.20613379776477814,-0.2475319802761078,-0.2895260751247406,-0.13090930879116058,-0.25564342737197876,-0.07988637685775757,0.8342351913452148,0.4211159646511078,0.2145424634218216,-0.038869909942150116,0.0670732632279396,0.177119642496109,-0.04894767329096794,0.012140786275267601,-0.1707654893398285,0.18751437962055206,0.12003973871469498,0.39820295572280884,-0.038414545357227325,-0.7892533540725708,-0.17221005260944366,0.1083686351776123,-0.17023155093193054,0.24503584206104279,0.20785526931285858,-0.12145962566137314,-0.6701096892356873,0.34484928846359253,-0.1769307404756546,-0.172422856092453,-0.27607762813568115,0.26769736409187317,1.0418838262557983,-0.28501197695732117,0.17248821258544922,-0.23506546020507812,-0.04381166771054268,-0.18613335490226746,-0.09112676233053207,0.36221688985824585,-0.06058700010180473,0.12521883845329285,0.3204672932624817,0.06311090290546417,-0.0772441104054451,0.09494566917419434,0.11598308384418488,-0.033003389835357666
CID009571074,8942,-0.12693506479263306,-0.4800160527229309,-1.1388932466506958,0.09535691887140274,0.3250579237937927,-0.08581516891717911,0.060440611094236374,-0.5313225984573364,-0.20272953808307648,-0.47659868001937866,0.22670018672943115,0.055943287909030914,-0.016466781497001648,-0.3431134819984436,0.04635237902402878,0.21669714152812958,1.5645689964294434,0.123829185962677,-0.4206538200378418,-0.18553873896598816,-0.07839928567409515,0.07376988977193832,0.4590470790863037,-0.09122123569250107,-1.095465898513794,-1.2558152675628662,-0.7228177785873413,-0.0685795471072197,-0.06148845702409744,0.1734805405139923,1.626599907875061,0.18231332302093506,0.03771986812353134,-0.48271670937538147,-0.15347523987293243,-0.4774039387702942,0.41830578446388245,-0.25196415185928345,0.010726815089583397,-0.2517932653427124,-0.255005419254303,1.824436902999878,-0.4154243469238281,-0.5356739163398743,0.07078267633914948,-0.108223095536232,0.7220273017883301,0.1157519593834877,-0.887790322303772,0.16785192489624023,-0.5359727740287781,0.021632686257362366,0.021129757165908813,-0.1058288961648941,0.3831406235694885,-0.9315679669380188,-0.11798255145549774,0.5088626146316528,-0.3365967869758606,0.02340693399310112,0.07008112967014313,-0.216030552983284,-0.11954190582036972,0.9500100016593933,-0.14364756643772125,0.04224387928843498,0.03773677349090576,0.10000278800725937,-0.08050636202096939,0.08736976236104965,-0.9228553771972656,0.17521771788597107,-0.8134869337081909,0.33191052079200745,-0.25420647859573364,0.5760354399681091,1.3007752895355225,0.7164348363876343,0.5744587182998657,-0.30768632888793945,-0.06817834079265594,-0.16908572614192963,-0.26881447434425354,0.13224777579307556,0.10654096305370331,0.08339406549930573,-0.1425517350435257,-0.47483986616134644,-0.13490496575832367,0.5632720589637756,-0.27770301699638367,0.2084358036518097,-0.07109279930591583,0.002417957875877619,-0.19308392703533173,-0.056213755160570145,0.21976134181022644,0.19045013189315796,-0.020280644297599792,-0.687716007232666,-0.06889921426773071,-0.18997251987457275,-0.06417901813983917,-0.26296132802963257,-0.11049050092697144,0.06196374446153641,1.0139868259429932,-0.04781420901417732,0.06835754960775375,0.15130433440208435,-0.042494937777519226,0.00128754077013582,0.13757170736789703,-0.39125120639801025,-0.011310611851513386,-0.38148921728134155,-0.43152135610580444,-0.025707503780722618,-0.22122910618782043,0.31145358085632324,-0.22009146213531494,-0.20006851851940155,0.23725184798240662,-0.05072764307260513,0.23829452693462372,0.019604772329330444,0.36032089591026306,0.09518852084875107,0.18827243149280548,0.7277781367301941,-0.5167861580848694,-0.09223402291536331,0.3562062382698059,0.07986149936914444,-0.1739898920059204,0.8076236844062805,0.04200609773397446,0.2474966049194336,0.408738374710083,0.06390803307294846,-0.10479985177516937,-0.1518809199333191,0.005061209201812744,0.2535102069377899,0.4075015187263489,-0.012279713526368141,-0.3567585349082947,0.38431447744369507,0.1879258155822754,-0.058650385588407516,0.199557363986969,-0.25736504793167114,-0.6104176640510559,-1.028283715248108,0.4085846543312073,0.11071537435054779,-0.09914271533489227,-0.07701294124126434,-0.10193357616662979,-0.14537836611270905,-0.042366012930870056,-0.28261062502861023,-0.9536162614822388,-0.3682467043399811,-0.9940555691719055,-0.19702626764774323,-0.10586126148700714,0.4139164984226227,0.830201268196106,0.016081025823950768,-0.13204151391983032,-0.15393999218940735,-0.16417579352855682,0.02149229682981968,-0.7663451433181763,0.08071188628673553,0.17742593586444855,0.03136143833398819,0.6504312753677368,0.43175849318504333,0.887065589427948,-0.17779549956321716,-0.4403587281703949,0.07573230564594269,0.23755653202533722,-0.5320411920547485,-0.44262760877609253,0.014818191528320312,-0.05992012098431587,-0.3873327374458313,-0.7920950651168823,0.8383200764656067,-0.07415492087602615,-0.4026624262332916,0.034205805510282516,0.06557069718837738,-0.07663334161043167,0.1364804208278656,0.37282055616378784,-0.03511796146631241,0.3141461908817291,0.32184526324272156,-0.2777996063232422,0.1295473426580429,-0.07491515576839447,0.1442485749721527,-0.015798475593328476,0.14943648874759674,0.05540299415588379,-0.327755868434906,0.6660109758377075,0.06052755191922188,0.21285828948020935,0.08686637133359909,1.0262566804885864,0.5555670857429504,-0.19184301793575287,-0.8136269450187683,0.16855724155902863,-0.10640106350183487,0.3332947790622711,0.0134459612891078,0.05989498645067215,-0.3353671431541443,0.2538836896419525,0.10324662923812866,-0.12475458532571793,-1.180639624595642,0.0174848772585392,-0.11052992194890976,0.2566329836845398,0.2000374048948288,0.011648615822196007,-0.17759104073047638,-0.5752335786819458,0.1718483716249466,-0.13385029137134552,-0.08266521245241165,-0.09076179563999176,0.1578400433063507,1.5306501388549805,-0.41705411672592163,0.16608935594558716,-0.4174116551876068,-0.0225748959928751,-0.505593478679657,0.23204341530799866,0.08691004663705826,-0.30063530802726746,0.21551409363746643,0.47822052240371704,-0.11918847262859344,0.029271071776747704,0.14973796904087067,0.3109748363494873,-0.024893300607800484
CID000000158,10221,0.033342309296131134,-0.4374004304409027,-0.763900637626648,0.10841276496648788,0.5656810402870178,-0.20164552330970764,-0.06928232312202454,-0.7311949133872986,-0.12668845057487488,0.2054549753665924,0.32188472151756287,0.039175450801849365,0.1577696055173874,-0.08612385392189026,-0.002751220716163516,-0.16129253804683685,0.06231973320245743,-0.03752259165048599,-0.3834640383720398,0.33325013518333435,-0.09753794968128204,0.1502443552017212,0.39293208718299866,0.1479818969964981,-0.5509817004203796,-1.027203917503357,-0.36886724829673767,-0.21825475990772247,-0.06273792684078217,-0.13189882040023804,0.4574577808380127,0.060230452567338943,0.020534541457891464,0.21950781345367432,-0.279007226228714,0.30781084299087524,0.7365105748176575,-0.3082747459411621,0.2220211774110794,0.042534805834293365,-0.36874452233314514,0.3779743015766144,-0.06001649424433708,-0.14169976115226746,0.08712328970432281,-0.062145911157131195,0.5131179690361023,0.04738730937242508,-0.5586318373680115,0.013256383128464222,-1.0410754680633545,0.3297024071216583,0.5175219774246216,-0.1200103759765625,0.3962792158126831,-0.22817254066467285,-0.10535681247711182,0.6761237382888794,0.2784610390663147,0.07343696057796478,-0.007561141159385443,-0.3057050108909607,0.18730728328227997,1.1995149850845337,0.1900094449520111,0.44116607308387756,-0.4290812909603119,-0.052797626703977585,0.017783915624022484,0.03570665791630745,-0.8146824836730957,0.003098592162132263,-0.37724569439888,0.7334238886833191,0.10556547343730927,0.3102887272834778,0.5533274412155151,0.22367635369300842,1.0864393711090088,0.014552193693816662,-0.05598372966051102,-0.27195310592651367,-0.034888383001089096,0.002550446894019842,0.11880163848400116,0.1481238156557083,-0.20953162014484406,-0.008886677213013172,0.025220666080713272,-0.12171143293380737,-0.23508501052856445,-0.2584250867366791,-0.280778706073761,0.049771346151828766,0.24865715205669403,-0.09746000915765762,-0.2131120264530182,0.3132019639015198,-0.006771822459995747,-1.002571940422058,0.03121056593954563,-0.4972763657569885,0.33873382210731506,0.10084829479455948,0.11216400563716888,-0.0770510733127594,0.5324550271034241,0.07883210480213165,-0.05145103856921196,-0.21062025427818298,0.003002408193424344,0.11223568767309189,0.6180791258811951,-0.7092223763465881,0.06938992440700531,-0.3658234179019928,-0.00528789171949029,0.3344790041446686,0.01835757866501808,0.18597938120365143,-0.0814569965004921,-0.16653570532798767,0.038262270390987396,-0.023414161056280136,-0.15071716904640198,0.07802846282720566,0.2693205773830414,-0.08797125518321991,-0.09768019616603851,0.3560011386871338,-0.6598446369171143,-0.17765815556049347,0.567947506904602,0.3456232249736786,-0.1426306515932083,0.741686224937439,0.2012968510389328,-0.5660887360572815,0.2234836369752884,0.11467983573675156,-0.3148774802684784,-0.1592065393924713,0.05556371062994003,0.07674294710159302,0.05912265181541443,-0.0043279556557536125,-0.5018706917762756,0.03672590106725693,-0.03767687827348709,0.0010654628276824951,0.6571941375732422,-0.09529256820678711,-0.6283248066902161,-0.7980000376701355,0.5542148947715759,-0.14858846366405487,0.020335599780082703,0.0054911174811422825,-0.650090217590332,-0.13837286829948425,0.01762331649661064,0.3588535785675049,-1.0793858766555786,0.17366363108158112,-0.44843268394470215,-0.2074323147535324,-0.06161066144704819,-0.34357520937919617,0.5673562288284302,-0.5074005722999573,-0.16282309591770172,-0.0506315752863884,-0.17270688712596893,-0.0027466057799756527,-0.4065012037754059,-0.0824350118637085,0.42644721269607544,0.1574648916721344,0.34974759817123413,0.0088510662317276,0.36226221919059753,-0.2548968493938446,-0.3321896493434906,0.6326195597648621,-0.1357949674129486,-0.5919088125228882,0.05153622478246689,-0.03096788004040718,-0.437426894903183,-0.4571276605129242,-0.30133381485939026,0.8221791982650757,-0.11716113239526749,-0.27882328629493713,0.38707059621810913,-0.07553637772798538,-0.0849631205201149,0.02230806276202202,0.48850855231285095,-0.08081413805484772,0.5954833030700684,0.5816459655761719,-0.05855325609445572,0.31022483110427856,-0.27651485800743103,-0.027203988283872604,-0.17779509723186493,-0.11566004902124405,-0.028962621465325356,-0.09534718096256256,0.06265805661678314,0.09666629880666733,0.21301381289958954,-0.15279921889305115,0.9166958928108215,0.09616793692111969,0.026156272739171982,-0.019294369965791702,0.05257692188024521,0.1572405993938446,-0.014924952760338783,-0.14091023802757263,0.30472254753112793,-0.27377206087112427,-0.1694086492061615,0.14921684563159943,0.14484216272830963,-0.5191754698753357,-0.30900874733924866,-0.3696775436401367,-0.017320986837148666,-0.016587693244218826,-0.07391266524791718,-0.19950184226036072,-0.8907859921455383,0.19743534922599792,0.10256655514240265,-0.010195275768637657,-0.13853251934051514,-0.02086646296083927,0.27335724234580994,-0.2023203819990158,0.031232386827468872,-0.2924872636795044,-0.4298263192176819,-0.41174060106277466,-0.02817917987704277,0.09369367361068726,-0.04887537285685539,0.2061312198638916,0.15340635180473328,-0.17009799182415009,0.17482027411460876,-0.24448087811470032,0.34912925958633423,0.09555648267269135
CID000003562,11516,-0.04627835750579834,-0.4811398983001709,-0.9732033014297485,0.3824760317802429,0.5154619812965393,-0.11437704414129257,-0.16246330738067627,-0.7345106601715088,0.22964635491371155,0.039018549025058746,0.5514256358146667,0.15317866206169128,-0.08894985914230347,0.07250288873910904,0.10754372924566269,-0.2166902720928192,0.4304889142513275,0.037808895111083984,-0.4262326657772064,-0.26490435004234314,-0.2957128584384918,-0.021888554096221924,0.3118695914745331,0.0011877119541168213,-1.1532156467437744,-0.8253290057182312,-0.7335584759712219,-0.004301017615944147,-0.09031211584806442,-0.1648755818605423,1.4980909824371338,-0.12606409192085266,-0.10982386022806168,0.06239134073257446,-0.819592297077179,0.09994582086801529,0.6264243721961975,0.10400302708148956,-0.2279142439365387,-0.051314543932676315,-0.39004844427108765,0.4147108197212219,-0.3466563820838928,-0.11607933044433594,-0.12318457663059235,-0.11018507182598114,0.7898725867271423,-0.15141525864601135,-0.2815415859222412,-0.14936503767967224,-0.5453763008117676,0.8047145009040833,0.6813564300537109,0.07251109182834625,0.2496597319841385,-0.0410165898501873,-0.12234149128198624,1.1031153202056885,0.33324679732322693,-0.005901890806853771,-0.1811366081237793,-0.2870546281337738,-0.21211230754852295,1.181684970855713,0.015159797854721546,0.6837947964668274,0.15916332602500916,-0.0014926731819286942,0.142177551984787,0.05097921937704086,-0.9102098345756531,0.11767518520355225,-0.7231314778327942,0.30958372354507446,0.027467185631394386,0.25034040212631226,0.533850371837616,0.10493417829275131,0.2469490021467209,0.0802285224199295,-0.15562787652015686,-0.12422392517328262,-0.16764725744724274,0.3348250389099121,-0.18857145309448242,0.3422667384147644,-0.6323308348655701,0.016702791675925255,0.29311344027519226,0.13403314352035522,-0.16975411772727966,-0.3442598879337311,-0.21622931957244873,0.09985431283712387,-0.05585682392120361,-0.2071768343448639,0.054646145552396774,0.37466567754745483,0.03337089344859123,-0.9732704162597656,0.05896028131246567,-0.02378905937075615,0.16799071431159973,-0.12751345336437225,0.020056122913956642,0.017833983525633812,0.837016224861145,-0.1507362425327301,0.3593848943710327,0.06673654913902283,-0.12472464889287949,-0.013556194491684437,1.0035961866378784,-0.7472251653671265,0.12967424094676971,-0.278787225484848,-0.4221775531768799,-0.12042256444692612,-0.17869916558265686,0.6143018007278442,-0.32745131850242615,-0.3825076222419739,-0.09889445453882217,-0.10051163285970688,-0.05560413748025894,0.04889877140522003,0.5029498934745789,0.01419747807085514,0.07450243085622787,0.36965519189834595,-0.6223188638687134,-0.28402480483055115,0.37760603427886963,0.28995460271835327,0.3289669156074524,0.8483554720878601,-0.17852768301963806,-0.33643484115600586,0.48780107498168945,-0.07005416601896286,-0.13931666314601898,-0.10486398637294769,0.0774143785238266,-0.24884434044361115,-0.10174932330846786,-0.24158568680286407,-0.34603896737098694,0.6464024782180786,0.009023967199027538,-0.004748270846903324,0.8657995462417603,-0.1585717797279358,-0.869311511516571,-1.2723522186279297,0.7527041435241699,-0.11726697534322739,0.18808485567569733,-0.005881583783775568,-0.5957714915275574,0.07482987642288208,-0.06578509509563446,0.0049755750223994255,-0.8940833210945129,0.05606497451663017,-0.5190102458000183,-0.021530013531446457,0.4254632592201233,0.045469366014003754,0.7364441156387329,-0.6074232459068298,-0.23152360320091248,0.1916724592447281,0.028732970356941223,-0.11410260200500488,-0.8237245678901672,-0.24559028446674347,0.9382750391960144,0.09443851560354233,0.675315797328949,-0.29260069131851196,0.33233314752578735,-0.0233332309871912,-0.24933740496635437,1.320591688156128,0.06869086623191833,-0.5102578401565552,0.1413251757621765,0.034708477556705475,-0.4684937596321106,-0.38730669021606445,-0.5422528982162476,0.7920392751693726,0.2182534635066986,-0.25598078966140747,0.013626438565552235,0.1857779324054718,-0.17451226711273193,0.07315362989902496,0.4137462079524994,0.0737956315279007,0.6788055300712585,0.007556763477623463,-0.058697979897260666,0.5861875414848328,-0.5337957739830017,0.16476592421531677,-0.34551548957824707,-0.047828949987888336,0.12789329886436462,-0.3651275932788849,-0.13053961098194122,0.2108108103275299,-0.2215542048215866,-0.34202802181243896,0.8217858076095581,0.27632057666778564,0.23393268883228302,-0.30779939889907837,-0.0947885513305664,0.12279240787029266,0.42943820357322693,0.15946345031261444,-0.03355533257126808,0.1773945391178131,0.25614696741104126,0.18039552867412567,-0.030755698680877686,-0.8078633546829224,0.038245271891355515,0.11376780271530151,-0.09207763522863388,0.15379942953586578,0.053530823439359665,0.026688773185014725,-0.9973824620246887,0.1861618608236313,0.05931968614459038,-0.02436804585158825,0.17741674184799194,-0.04387972876429558,0.9868534207344055,-0.38398119807243347,-0.030305692926049232,-0.24667313694953918,0.03511403128504753,-0.5482162237167358,0.05041469261050224,0.33921220898628235,-0.22000367939472198,0.33421266078948975,0.010428095236420631,-0.04901687428355217,-0.11655747890472412,-0.3270241916179657,0.5590683817863464,-0.09548299759626389
