2024-05-24 02:17:51.916301 Using folder: /bp1/mrcieu1/users/fu19841/kge/local/experiments/20240524-021751-morgan_n5_psi_0.75
2024-05-24 02:17:51.917454 Loading configuration of dataset selfloops from /bp1/mrcieu1/users/fu19841/kge/data/selfloops ...
2024-05-24 02:17:51.925678 Loaded 19734 keys from map entity_ids
2024-05-24 02:17:51.928464 Loaded 11149 keys from map relation_ids
2024-05-24 02:17:51.976632 Loaded 4022003 train triples
2024-05-24 02:17:51.987220 Loaded 502751 valid triples
2024-05-24 02:17:51.996624 Loaded 502751 test triples
2024-05-24 02:17:52.046112 [7b5a8d6c] Found psi value: 0.75
2024-05-24 02:17:52.046785 [7b5a8d6c] Created sparse neighbour adjacency of shape: torch.Size([19734, 19734])
2024-05-24 02:17:52.106145 [7b5a8d6c] Found psi value: 0.75
2024-05-24 02:17:52.106821 [7b5a8d6c] Created sparse neighbour adjacency of shape: torch.Size([19734, 19734])
2024-05-24 02:17:53.378688 [7b5a8d6c] Initializing spo training job...
2024-05-24 02:17:53.393809 [7b5a8d6c] Configuration:
2024-05-24 02:17:53.406263 [7b5a8d6c]   1vsAll:
2024-05-24 02:17:53.406275 [7b5a8d6c]     class_name: TrainingJob1vsAll
2024-05-24 02:17:53.406282 [7b5a8d6c]   KvsAll:
2024-05-24 02:17:53.406288 [7b5a8d6c]     class_name: TrainingJobKvsAll
2024-05-24 02:17:53.406295 [7b5a8d6c]     label_smoothing: 0.0
2024-05-24 02:17:53.406301 [7b5a8d6c]     query_types:
2024-05-24 02:17:53.406307 [7b5a8d6c]       _po: true
2024-05-24 02:17:53.406313 [7b5a8d6c]       s_o: false
2024-05-24 02:17:53.406319 [7b5a8d6c]       sp_: true
2024-05-24 02:17:53.406325 [7b5a8d6c]   ax_search:
2024-05-24 02:17:53.406331 [7b5a8d6c]     class_name: AxSearchJob
2024-05-24 02:17:53.406337 [7b5a8d6c]     num_sobol_trials: -1
2024-05-24 02:17:53.406343 [7b5a8d6c]     num_trials: 10
2024-05-24 02:17:53.406349 [7b5a8d6c]     parameter_constraints: []
2024-05-24 02:17:53.406354 [7b5a8d6c]     parameters: []
2024-05-24 02:17:53.406360 [7b5a8d6c]     sobol_seed: 0
2024-05-24 02:17:53.406366 [7b5a8d6c]   console:
2024-05-24 02:17:53.406372 [7b5a8d6c]     format: {}
2024-05-24 02:17:53.406378 [7b5a8d6c]     quiet: false
2024-05-24 02:17:53.406384 [7b5a8d6c]   dataset:
2024-05-24 02:17:53.406390 [7b5a8d6c]     +++: +++
2024-05-24 02:17:53.406395 [7b5a8d6c]     files:
2024-05-24 02:17:53.406401 [7b5a8d6c]       +++: +++
2024-05-24 02:17:53.406407 [7b5a8d6c]       entity_ids:
2024-05-24 02:17:53.406413 [7b5a8d6c]         filename: entity_ids.del
2024-05-24 02:17:53.406419 [7b5a8d6c]         type: map
2024-05-24 02:17:53.406425 [7b5a8d6c]       entity_strings:
2024-05-24 02:17:53.406431 [7b5a8d6c]         filename: entity_ids.del
2024-05-24 02:17:53.406436 [7b5a8d6c]         type: map
2024-05-24 02:17:53.406442 [7b5a8d6c]       relation_ids:
2024-05-24 02:17:53.406448 [7b5a8d6c]         filename: relation_ids.del
2024-05-24 02:17:53.406454 [7b5a8d6c]         type: map
2024-05-24 02:17:53.406460 [7b5a8d6c]       relation_strings:
2024-05-24 02:17:53.406466 [7b5a8d6c]         filename: relation_ids.del
2024-05-24 02:17:53.406471 [7b5a8d6c]         type: map
2024-05-24 02:17:53.406477 [7b5a8d6c]       test:
2024-05-24 02:17:53.406483 [7b5a8d6c]         filename: test.del
2024-05-24 02:17:53.406489 [7b5a8d6c]         size: 502751
2024-05-24 02:17:53.406495 [7b5a8d6c]         split_type: test
2024-05-24 02:17:53.406501 [7b5a8d6c]         type: triples
2024-05-24 02:17:53.406507 [7b5a8d6c]       test_without_unseen:
2024-05-24 02:17:53.406512 [7b5a8d6c]         filename: test_without_unseen.del
2024-05-24 02:17:53.406518 [7b5a8d6c]         size: 502367
2024-05-24 02:17:53.406524 [7b5a8d6c]         split_type: test
2024-05-24 02:17:53.406530 [7b5a8d6c]         type: triples
2024-05-24 02:17:53.406536 [7b5a8d6c]       train:
2024-05-24 02:17:53.406542 [7b5a8d6c]         filename: train.del
2024-05-24 02:17:53.406548 [7b5a8d6c]         size: 4022003
2024-05-24 02:17:53.406554 [7b5a8d6c]         split_type: train
2024-05-24 02:17:53.406560 [7b5a8d6c]         type: triples
2024-05-24 02:17:53.406566 [7b5a8d6c]       train_sample:
2024-05-24 02:17:53.406572 [7b5a8d6c]         filename: train_sample.del
2024-05-24 02:17:53.406577 [7b5a8d6c]         size: 502751
2024-05-24 02:17:53.406583 [7b5a8d6c]         split_type: train
2024-05-24 02:17:53.406589 [7b5a8d6c]         type: triples
2024-05-24 02:17:53.406595 [7b5a8d6c]       valid:
2024-05-24 02:17:53.406601 [7b5a8d6c]         filename: valid.del
2024-05-24 02:17:53.406606 [7b5a8d6c]         size: 502751
2024-05-24 02:17:53.406612 [7b5a8d6c]         split_type: valid
2024-05-24 02:17:53.406618 [7b5a8d6c]         type: triples
2024-05-24 02:17:53.406624 [7b5a8d6c]       valid_without_unseen:
2024-05-24 02:17:53.406630 [7b5a8d6c]         filename: valid_without_unseen.del
2024-05-24 02:17:53.406636 [7b5a8d6c]         size: 502361
2024-05-24 02:17:53.406642 [7b5a8d6c]         split_type: valid
2024-05-24 02:17:53.406648 [7b5a8d6c]         type: triples
2024-05-24 02:17:53.406654 [7b5a8d6c]     name: selfloops
2024-05-24 02:17:53.406659 [7b5a8d6c]     num_entities: 19734
2024-05-24 02:17:53.406665 [7b5a8d6c]     num_relations: 11149
2024-05-24 02:17:53.406671 [7b5a8d6c]     pickle: true
2024-05-24 02:17:53.406677 [7b5a8d6c]   entity_ranking:
2024-05-24 02:17:53.406682 [7b5a8d6c]     chunk_size: -1
2024-05-24 02:17:53.406688 [7b5a8d6c]     class_name: EntityRankingJob
2024-05-24 02:17:53.406694 [7b5a8d6c]     filter_splits:
2024-05-24 02:17:53.406700 [7b5a8d6c]     - train
2024-05-24 02:17:53.406705 [7b5a8d6c]     - valid
2024-05-24 02:17:53.406711 [7b5a8d6c]     filter_with_test: true
2024-05-24 02:17:53.406717 [7b5a8d6c]     hits_at_k_s:
2024-05-24 02:17:53.406736 [7b5a8d6c]     - 1
2024-05-24 02:17:53.406743 [7b5a8d6c]     - 3
2024-05-24 02:17:53.406748 [7b5a8d6c]     - 10
2024-05-24 02:17:53.406754 [7b5a8d6c]     - 50
2024-05-24 02:17:53.406760 [7b5a8d6c]     - 100
2024-05-24 02:17:53.406766 [7b5a8d6c]     - 200
2024-05-24 02:17:53.406772 [7b5a8d6c]     - 300
2024-05-24 02:17:53.406778 [7b5a8d6c]     - 400
2024-05-24 02:17:53.406783 [7b5a8d6c]     - 500
2024-05-24 02:17:53.406789 [7b5a8d6c]     - 1000
2024-05-24 02:17:53.406795 [7b5a8d6c]     metrics_per:
2024-05-24 02:17:53.406801 [7b5a8d6c]       argument_frequency: false
2024-05-24 02:17:53.406807 [7b5a8d6c]       head_and_tail: false
2024-05-24 02:17:53.406812 [7b5a8d6c]       relation_type: true
2024-05-24 02:17:53.406818 [7b5a8d6c]     tie_handling:
2024-05-24 02:17:53.406824 [7b5a8d6c]       atol: 1e-05
2024-05-24 02:17:53.406830 [7b5a8d6c]       rtol: 1e-04
2024-05-24 02:17:53.406836 [7b5a8d6c]       type: rounded_mean_rank
2024-05-24 02:17:53.406842 [7b5a8d6c]       warn_only: true
2024-05-24 02:17:53.406847 [7b5a8d6c]   eval:
2024-05-24 02:17:53.406853 [7b5a8d6c]     batch_size: 256
2024-05-24 02:17:53.406859 [7b5a8d6c]     num_workers: 0
2024-05-24 02:17:53.406865 [7b5a8d6c]     pin_memory: false
2024-05-24 02:17:53.406871 [7b5a8d6c]     split: valid
2024-05-24 02:17:53.406876 [7b5a8d6c]     trace_level: epoch
2024-05-24 02:17:53.406882 [7b5a8d6c]     type: entity_ranking
2024-05-24 02:17:53.406888 [7b5a8d6c]   grash_search:
2024-05-24 02:17:53.406894 [7b5a8d6c]     class_name: GraSHSearchJob
2024-05-24 02:17:53.406900 [7b5a8d6c]     cost_metric: triples
2024-05-24 02:17:53.406905 [7b5a8d6c]     eta: 4
2024-05-24 02:17:53.406911 [7b5a8d6c]     keep_initialization: false
2024-05-24 02:17:53.406917 [7b5a8d6c]     keep_pretrained: false
2024-05-24 02:17:53.406923 [7b5a8d6c]     min_negatives_percentage: 0.01
2024-05-24 02:17:53.406929 [7b5a8d6c]     num_trials: 64
2024-05-24 02:17:53.406934 [7b5a8d6c]     parameters: []
2024-05-24 02:17:53.406940 [7b5a8d6c]     search_budget: 3
2024-05-24 02:17:53.406946 [7b5a8d6c]     seed: -1
2024-05-24 02:17:53.406951 [7b5a8d6c]     valid_frac: 0.2
2024-05-24 02:17:53.406957 [7b5a8d6c]     valid_max: 5000
2024-05-24 02:17:53.406963 [7b5a8d6c]     variant: combined
2024-05-24 02:17:53.406969 [7b5a8d6c]   grid_search:
2024-05-24 02:17:53.406975 [7b5a8d6c]     class_name: GridSearchJob
2024-05-24 02:17:53.406980 [7b5a8d6c]     parameters:
2024-05-24 02:17:53.406986 [7b5a8d6c]       +++: +++
2024-05-24 02:17:53.406992 [7b5a8d6c]     run: true
2024-05-24 02:17:53.406998 [7b5a8d6c]   import:
2024-05-24 02:17:53.407003 [7b5a8d6c]   - simple
2024-05-24 02:17:53.407009 [7b5a8d6c]   job:
2024-05-24 02:17:53.407015 [7b5a8d6c]     auto_correct: true
2024-05-24 02:17:53.407021 [7b5a8d6c]     device: cuda
2024-05-24 02:17:53.407026 [7b5a8d6c]     type: train
2024-05-24 02:17:53.407032 [7b5a8d6c]   lookup_embedder:
2024-05-24 02:17:53.407038 [7b5a8d6c]     class_name: LookupEmbedder
2024-05-24 02:17:53.407044 [7b5a8d6c]     dim: 256
2024-05-24 02:17:53.407049 [7b5a8d6c]     dropout: 0.0
2024-05-24 02:17:53.407055 [7b5a8d6c]     initialize: xavier_normal_
2024-05-24 02:17:53.407061 [7b5a8d6c]     initialize_args:
2024-05-24 02:17:53.407067 [7b5a8d6c]       +++: +++
2024-05-24 02:17:53.407073 [7b5a8d6c]       normal_:
2024-05-24 02:17:53.407078 [7b5a8d6c]         mean: 0.0
2024-05-24 02:17:53.407084 [7b5a8d6c]         std: 0.006737
2024-05-24 02:17:53.407090 [7b5a8d6c]       xavier_normal_:
2024-05-24 02:17:53.407096 [7b5a8d6c]         gain: 1.0
2024-05-24 02:17:53.407102 [7b5a8d6c]     neighbour_edgelist_file: morgan_nearest5.pt
2024-05-24 02:17:53.407115 [7b5a8d6c]     normalize:
2024-05-24 02:17:53.407121 [7b5a8d6c]       p: -1.0
2024-05-24 02:17:53.407127 [7b5a8d6c]     pretrain:
2024-05-24 02:17:53.407133 [7b5a8d6c]       ensure_all: false
2024-05-24 02:17:53.407139 [7b5a8d6c]       model_filename: ''
2024-05-24 02:17:53.407145 [7b5a8d6c]     psi: 0.75
2024-05-24 02:17:53.407151 [7b5a8d6c]     regularize: ''
2024-05-24 02:17:53.407157 [7b5a8d6c]     regularize_args:
2024-05-24 02:17:53.407163 [7b5a8d6c]       +++: +++
2024-05-24 02:17:53.407169 [7b5a8d6c]       p: 2
2024-05-24 02:17:53.407175 [7b5a8d6c]       weighted: false
2024-05-24 02:17:53.407181 [7b5a8d6c]     regularize_weight: 0.0
2024-05-24 02:17:53.407187 [7b5a8d6c]     round_dim_to: []
2024-05-24 02:17:53.407193 [7b5a8d6c]     space: euclidean
2024-05-24 02:17:53.407198 [7b5a8d6c]     sparse: false
2024-05-24 02:17:53.407204 [7b5a8d6c]   manual_search:
2024-05-24 02:17:53.407210 [7b5a8d6c]     class_name: ManualSearchJob
2024-05-24 02:17:53.407216 [7b5a8d6c]     configurations: []
2024-05-24 02:17:53.407222 [7b5a8d6c]     run: true
2024-05-24 02:17:53.407227 [7b5a8d6c]   model: simple
2024-05-24 02:17:53.407233 [7b5a8d6c]   modules:
2024-05-24 02:17:53.407239 [7b5a8d6c]   - kge.job
2024-05-24 02:17:53.407245 [7b5a8d6c]   - kge.model
2024-05-24 02:17:53.407251 [7b5a8d6c]   - kge.model.embedder
2024-05-24 02:17:53.407257 [7b5a8d6c]   negative_sampling:
2024-05-24 02:17:53.407263 [7b5a8d6c]     class_name: TrainingJobNegativeSampling
2024-05-24 02:17:53.407268 [7b5a8d6c]     filtering:
2024-05-24 02:17:53.407274 [7b5a8d6c]       implementation: fast_if_available
2024-05-24 02:17:53.407280 [7b5a8d6c]       o: false
2024-05-24 02:17:53.407286 [7b5a8d6c]       p: false
2024-05-24 02:17:53.407292 [7b5a8d6c]       s: false
2024-05-24 02:17:53.407298 [7b5a8d6c]       split: ''
2024-05-24 02:17:53.407303 [7b5a8d6c]     frequency:
2024-05-24 02:17:53.407309 [7b5a8d6c]       smoothing: 1
2024-05-24 02:17:53.407315 [7b5a8d6c]     implementation: auto
2024-05-24 02:17:53.407321 [7b5a8d6c]     num_samples:
2024-05-24 02:17:53.407326 [7b5a8d6c]       o: -1
2024-05-24 02:17:53.407332 [7b5a8d6c]       p: 0
2024-05-24 02:17:53.407338 [7b5a8d6c]       s: 3
2024-05-24 02:17:53.407344 [7b5a8d6c]     sampling_type: uniform
2024-05-24 02:17:53.407350 [7b5a8d6c]     shared: false
2024-05-24 02:17:53.407355 [7b5a8d6c]     shared_type: default
2024-05-24 02:17:53.407361 [7b5a8d6c]     with_replacement: true
2024-05-24 02:17:53.407367 [7b5a8d6c]   random_seed:
2024-05-24 02:17:53.407373 [7b5a8d6c]     default: -1
2024-05-24 02:17:53.407379 [7b5a8d6c]     numba: -1
2024-05-24 02:17:53.407384 [7b5a8d6c]     numpy: -1
2024-05-24 02:17:53.407390 [7b5a8d6c]     python: -1
2024-05-24 02:17:53.407396 [7b5a8d6c]     torch: -1
2024-05-24 02:17:53.407402 [7b5a8d6c]   search:
2024-05-24 02:17:53.407407 [7b5a8d6c]     device_pool: []
2024-05-24 02:17:53.407413 [7b5a8d6c]     num_workers: 1
2024-05-24 02:17:53.407419 [7b5a8d6c]     on_error: abort
2024-05-24 02:17:53.407425 [7b5a8d6c]     type: ax_search
2024-05-24 02:17:53.407431 [7b5a8d6c]   simple:
2024-05-24 02:17:53.407436 [7b5a8d6c]     class_name: SimplE
2024-05-24 02:17:53.407442 [7b5a8d6c]     entity_embedder:
2024-05-24 02:17:53.407448 [7b5a8d6c]       +++: +++
2024-05-24 02:17:53.407454 [7b5a8d6c]       dropout: 0.067991
2024-05-24 02:17:53.407460 [7b5a8d6c]       type: lookup_embedder
2024-05-24 02:17:53.407466 [7b5a8d6c]     relation_embedder:
2024-05-24 02:17:53.407472 [7b5a8d6c]       +++: +++
2024-05-24 02:17:53.407477 [7b5a8d6c]       dropout: 0.125349
2024-05-24 02:17:53.407483 [7b5a8d6c]       type: lookup_embedder
2024-05-24 02:17:53.407489 [7b5a8d6c]   train:
2024-05-24 02:17:53.407495 [7b5a8d6c]     abort_on_nan: true
2024-05-24 02:17:53.407501 [7b5a8d6c]     batch_size: 256
2024-05-24 02:17:53.407507 [7b5a8d6c]     checkpoint:
2024-05-24 02:17:53.407512 [7b5a8d6c]       every: 5
2024-05-24 02:17:53.407518 [7b5a8d6c]       keep: 3
2024-05-24 02:17:53.407524 [7b5a8d6c]       keep_init: true
2024-05-24 02:17:53.407530 [7b5a8d6c]     loss: kl
2024-05-24 02:17:53.407535 [7b5a8d6c]     loss_arg: .nan
2024-05-24 02:17:53.407541 [7b5a8d6c]     lr_scheduler: ReduceLROnPlateau
2024-05-24 02:17:53.407547 [7b5a8d6c]     lr_scheduler_args:
2024-05-24 02:17:53.407553 [7b5a8d6c]       +++: +++
2024-05-24 02:17:53.407559 [7b5a8d6c]       factor: 0.5
2024-05-24 02:17:53.407564 [7b5a8d6c]       mode: max
2024-05-24 02:17:53.407570 [7b5a8d6c]       patience: 6
2024-05-24 02:17:53.407576 [7b5a8d6c]       threshold: 0.0001
2024-05-24 02:17:53.407582 [7b5a8d6c]     lr_warmup: 0
2024-05-24 02:17:53.407588 [7b5a8d6c]     max_epochs: 480
2024-05-24 02:17:53.407594 [7b5a8d6c]     num_workers: 0
2024-05-24 02:17:53.407600 [7b5a8d6c]     optimizer:
2024-05-24 02:17:53.407606 [7b5a8d6c]       +++: +++
2024-05-24 02:17:53.407611 [7b5a8d6c]       default:
2024-05-24 02:17:53.407617 [7b5a8d6c]         args:
2024-05-24 02:17:53.407623 [7b5a8d6c]           +++: +++
2024-05-24 02:17:53.407629 [7b5a8d6c]           lr: 0.010761
2024-05-24 02:17:53.407634 [7b5a8d6c]         type: Adam
2024-05-24 02:17:53.407640 [7b5a8d6c]     pin_memory: false
2024-05-24 02:17:53.407646 [7b5a8d6c]     split: train
2024-05-24 02:17:53.407652 [7b5a8d6c]     subbatch_auto_tune: true
2024-05-24 02:17:53.407658 [7b5a8d6c]     subbatch_size: -1
2024-05-24 02:17:53.407664 [7b5a8d6c]     trace_level: epoch
2024-05-24 02:17:53.407669 [7b5a8d6c]     type: 1vsAll
2024-05-24 02:17:53.407675 [7b5a8d6c]     visualize_graph: false
2024-05-24 02:17:53.407681 [7b5a8d6c]   training_loss:
2024-05-24 02:17:53.407712 [7b5a8d6c]     class_name: TrainingLossEvaluationJob
2024-05-24 02:17:53.407731 [7b5a8d6c]   user:
2024-05-24 02:17:53.407742 [7b5a8d6c]     +++: +++
2024-05-24 02:17:53.407748 [7b5a8d6c]   valid:
2024-05-24 02:17:53.407754 [7b5a8d6c]     early_stopping:
2024-05-24 02:17:53.407760 [7b5a8d6c]       patience: 5
2024-05-24 02:17:53.407766 [7b5a8d6c]       threshold:
2024-05-24 02:17:53.407772 [7b5a8d6c]         epochs: 480
2024-05-24 02:17:53.407778 [7b5a8d6c]         metric_value: 0.01
2024-05-24 02:17:53.407784 [7b5a8d6c]     every: 5
2024-05-24 02:17:53.407790 [7b5a8d6c]     last: true
2024-05-24 02:17:53.407796 [7b5a8d6c]     metric: mean_reciprocal_rank_filtered_with_test
2024-05-24 02:17:53.407802 [7b5a8d6c]     metric_expr: float("nan")
2024-05-24 02:17:53.407808 [7b5a8d6c]     metric_max: true
2024-05-24 02:17:53.407814 [7b5a8d6c]     split: valid
2024-05-24 02:17:53.407820 [7b5a8d6c]     trace_level: epoch
2024-05-24 02:17:53.408818 [7b5a8d6c]   git commit: No git binary found
2024-05-24 02:17:53.409643 [7b5a8d6c] Saving checkpoint to /bp1/mrcieu1/users/fu19841/kge/local/experiments/20240524-021751-morgan_n5_psi_0.75/checkpoint_00000.pt...
2024-05-24 02:17:53.507791 [7b5a8d6c] Starting training...
2024-05-24 02:17:53.508384 [7b5a8d6c] Starting epoch 1...
2024-05-24 02:17:54.521450 [7b5a8d6c] CUDA memory after first batch: allocated=    81,815,552 reserved=   247,463,936 max_allocated=   213,016,064
2024-05-24 02:34:50.569020 [7b5a8d6c] avg_cost: 11.753168432436667
2024-05-24 02:34:50.569036 [7b5a8d6c] avg_loss: 11.753168432436667
2024-05-24 02:34:50.569042 [7b5a8d6c] avg_penalties: {}
2024-05-24 02:34:50.569045 [7b5a8d6c] avg_penalty: 0.0
2024-05-24 02:34:50.569049 [7b5a8d6c] backward_time: 201.36047101020813
2024-05-24 02:34:50.569055 [7b5a8d6c] batches: 15711
2024-05-24 02:34:50.569058 [7b5a8d6c] entry_id: 2cca76ce-3f9c-4b8f-8cc0-9e85b22d5445
2024-05-24 02:34:50.569061 [7b5a8d6c] epoch: 1
2024-05-24 02:34:50.569066 [7b5a8d6c] epoch_time: 1017.0554087162018
2024-05-24 02:34:50.569069 [7b5a8d6c] event: epoch_completed
2024-05-24 02:34:50.569072 [7b5a8d6c] forward_time: 791.2809958457947
2024-05-24 02:34:50.569077 [7b5a8d6c] job: train
2024-05-24 02:34:50.569080 [7b5a8d6c] job_id: 7b5a8d6c-84c0-4b1a-9729-5d3722a1e232
2024-05-24 02:34:50.569083 [7b5a8d6c] lr:
2024-05-24 02:34:50.569086 [7b5a8d6c] - 0.010761
2024-05-24 02:34:50.569091 [7b5a8d6c] num_parameters: 7906048
2024-05-24 02:34:50.569094 [7b5a8d6c] optimizer_time: 5.4063780307769775
2024-05-24 02:34:50.569097 [7b5a8d6c] other_time: 11.408689498901367
2024-05-24 02:34:50.569100 [7b5a8d6c] prepare_time: 7.59887433052063
2024-05-24 02:34:50.569104 [7b5a8d6c] scope: epoch
2024-05-24 02:34:50.569106 [7b5a8d6c] size: 4022003
2024-05-24 02:34:50.569109 [7b5a8d6c] split: train
2024-05-24 02:34:50.569112 [7b5a8d6c] timestamp: 1716514490.56439
2024-05-24 02:34:50.569115 [7b5a8d6c] type: 1vsAll
2024-05-24 02:34:50.572127 [7b5a8d6c]   avg_cost: 11.753168432436667
2024-05-24 02:34:50.572139 [7b5a8d6c]   avg_loss: 11.753168432436667
2024-05-24 02:34:50.572146 [7b5a8d6c]   avg_penalties: {}
2024-05-24 02:34:50.572153 [7b5a8d6c]   avg_penalty: 0.0
2024-05-24 02:34:50.572160 [7b5a8d6c]   backward_time: 201.36047101020813
2024-05-24 02:34:50.572166 [7b5a8d6c]   batches: 15711
2024-05-24 02:34:50.572172 [7b5a8d6c]   entry_id: 2cca76ce-3f9c-4b8f-8cc0-9e85b22d5445
2024-05-24 02:34:50.572178 [7b5a8d6c]   epoch: 1
2024-05-24 02:34:50.572184 [7b5a8d6c]   epoch_time: 1017.0554087162018
2024-05-24 02:34:50.572190 [7b5a8d6c]   event: epoch_completed
2024-05-24 02:34:50.572196 [7b5a8d6c]   forward_time: 791.2809958457947
2024-05-24 02:34:50.572202 [7b5a8d6c]   job: train
2024-05-24 02:34:50.572208 [7b5a8d6c]   job_id: 7b5a8d6c-84c0-4b1a-9729-5d3722a1e232
2024-05-24 02:34:50.572214 [7b5a8d6c]   lr:
2024-05-24 02:34:50.572220 [7b5a8d6c]   - 0.010761
2024-05-24 02:34:50.572226 [7b5a8d6c]   num_parameters: 7906048
2024-05-24 02:34:50.572232 [7b5a8d6c]   optimizer_time: 5.4063780307769775
2024-05-24 02:34:50.572238 [7b5a8d6c]   other_time: 11.408689498901367
2024-05-24 02:34:50.572244 [7b5a8d6c]   prepare_time: 7.59887433052063
2024-05-24 02:34:50.572250 [7b5a8d6c]   scope: epoch
2024-05-24 02:34:50.572256 [7b5a8d6c]   size: 4022003
2024-05-24 02:34:50.572262 [7b5a8d6c]   split: train
2024-05-24 02:34:50.572268 [7b5a8d6c]   timestamp: 1716514490.56439
2024-05-24 02:34:50.572274 [7b5a8d6c]   type: 1vsAll
2024-05-24 02:34:50.572948 [7b5a8d6c] Finished epoch 1.
2024-05-24 02:34:50.573611 [7b5a8d6c] Saving checkpoint to /bp1/mrcieu1/users/fu19841/kge/local/experiments/20240524-021751-morgan_n5_psi_0.75/checkpoint_00001.pt...
2024-05-24 02:34:50.856303 [7b5a8d6c] Starting epoch 2...
2024-05-24 02:51:58.973329 [7b5a8d6c] avg_cost: 11.303635403479849
2024-05-24 02:51:58.973344 [7b5a8d6c] avg_loss: 11.303635403479849
2024-05-24 02:51:58.973350 [7b5a8d6c] avg_penalties: {}
2024-05-24 02:51:58.973353 [7b5a8d6c] avg_penalty: 0.0
2024-05-24 02:51:58.973356 [7b5a8d6c] backward_time: 203.9408838748932
2024-05-24 02:51:58.973362 [7b5a8d6c] batches: 15711
2024-05-24 02:51:58.973365 [7b5a8d6c] entry_id: 34e1fbc4-2965-4927-9e48-1dd8fdf2b665
2024-05-24 02:51:58.973368 [7b5a8d6c] epoch: 2
2024-05-24 02:51:58.973371 [7b5a8d6c] epoch_time: 1028.1119327545166
2024-05-24 02:51:58.973375 [7b5a8d6c] event: epoch_completed
2024-05-24 02:51:58.973377 [7b5a8d6c] forward_time: 799.7553060054779
2024-05-24 02:51:58.973381 [7b5a8d6c] job: train
2024-05-24 02:51:58.973384 [7b5a8d6c] job_id: 7b5a8d6c-84c0-4b1a-9729-5d3722a1e232
2024-05-24 02:51:58.973387 [7b5a8d6c] lr:
2024-05-24 02:51:58.973390 [7b5a8d6c] - 0.010761
2024-05-24 02:51:58.973393 [7b5a8d6c] num_parameters: 7906048
2024-05-24 02:51:58.973396 [7b5a8d6c] optimizer_time: 5.384723663330078
2024-05-24 02:51:58.973399 [7b5a8d6c] other_time: 11.463514566421509
2024-05-24 02:51:58.973402 [7b5a8d6c] prepare_time: 7.567504644393921
2024-05-24 02:51:58.973405 [7b5a8d6c] scope: epoch
2024-05-24 02:51:58.973408 [7b5a8d6c] size: 4022003
2024-05-24 02:51:58.973412 [7b5a8d6c] split: train
2024-05-24 02:51:58.973415 [7b5a8d6c] timestamp: 1716515518.9687133
2024-05-24 02:51:58.973418 [7b5a8d6c] type: 1vsAll
2024-05-24 02:51:58.976319 [7b5a8d6c]   avg_cost: 11.303635403479849
2024-05-24 02:51:58.976332 [7b5a8d6c]   avg_loss: 11.303635403479849
2024-05-24 02:51:58.976339 [7b5a8d6c]   avg_penalties: {}
2024-05-24 02:51:58.976345 [7b5a8d6c]   avg_penalty: 0.0
2024-05-24 02:51:58.976352 [7b5a8d6c]   backward_time: 203.9408838748932
2024-05-24 02:51:58.976358 [7b5a8d6c]   batches: 15711
2024-05-24 02:51:58.976364 [7b5a8d6c]   entry_id: 34e1fbc4-2965-4927-9e48-1dd8fdf2b665
2024-05-24 02:51:58.976370 [7b5a8d6c]   epoch: 2
2024-05-24 02:51:58.976376 [7b5a8d6c]   epoch_time: 1028.1119327545166
2024-05-24 02:51:58.976382 [7b5a8d6c]   event: epoch_completed
2024-05-24 02:51:58.976388 [7b5a8d6c]   forward_time: 799.7553060054779
2024-05-24 02:51:58.976393 [7b5a8d6c]   job: train
2024-05-24 02:51:58.976399 [7b5a8d6c]   job_id: 7b5a8d6c-84c0-4b1a-9729-5d3722a1e232
2024-05-24 02:51:58.976405 [7b5a8d6c]   lr:
2024-05-24 02:51:58.976411 [7b5a8d6c]   - 0.010761
2024-05-24 02:51:58.976417 [7b5a8d6c]   num_parameters: 7906048
2024-05-24 02:51:58.976423 [7b5a8d6c]   optimizer_time: 5.384723663330078
2024-05-24 02:51:58.976428 [7b5a8d6c]   other_time: 11.463514566421509
2024-05-24 02:51:58.976435 [7b5a8d6c]   prepare_time: 7.567504644393921
2024-05-24 02:51:58.976441 [7b5a8d6c]   scope: epoch
2024-05-24 02:51:58.976446 [7b5a8d6c]   size: 4022003
2024-05-24 02:51:58.976452 [7b5a8d6c]   split: train
2024-05-24 02:51:58.976458 [7b5a8d6c]   timestamp: 1716515518.9687133
2024-05-24 02:51:58.976463 [7b5a8d6c]   type: 1vsAll
2024-05-24 02:51:58.977217 [7b5a8d6c] Finished epoch 2.
2024-05-24 02:51:58.977902 [7b5a8d6c] Saving checkpoint to /bp1/mrcieu1/users/fu19841/kge/local/experiments/20240524-021751-morgan_n5_psi_0.75/checkpoint_00002.pt...
2024-05-24 02:51:59.259527 [7b5a8d6c] Removing old checkpoint /bp1/mrcieu1/users/fu19841/kge/local/experiments/20240524-021751-morgan_n5_psi_0.75/checkpoint_00001.pt...
2024-05-24 02:51:59.300869 [7b5a8d6c] Starting epoch 3...
2024-05-24 03:08:56.445713 [7b5a8d6c] avg_cost: 11.224474250435074
2024-05-24 03:08:56.445735 [7b5a8d6c] avg_loss: 11.224474250435074
2024-05-24 03:08:56.445741 [7b5a8d6c] avg_penalties: {}
2024-05-24 03:08:56.445744 [7b5a8d6c] avg_penalty: 0.0
2024-05-24 03:08:56.445748 [7b5a8d6c] backward_time: 201.71238660812378
2024-05-24 03:08:56.445754 [7b5a8d6c] batches: 15711
2024-05-24 03:08:56.445757 [7b5a8d6c] entry_id: 3ba90adb-16d6-4823-bdb8-f4cdc69b8e5f
2024-05-24 03:08:56.445760 [7b5a8d6c] epoch: 3
2024-05-24 03:08:56.445765 [7b5a8d6c] epoch_time: 1017.1398506164551
2024-05-24 03:08:56.445768 [7b5a8d6c] event: epoch_completed
2024-05-24 03:08:56.445771 [7b5a8d6c] forward_time: 791.0624670982361
2024-05-24 03:08:56.445775 [7b5a8d6c] job: train
2024-05-24 03:08:56.445778 [7b5a8d6c] job_id: 7b5a8d6c-84c0-4b1a-9729-5d3722a1e232
2024-05-24 03:08:56.445783 [7b5a8d6c] lr:
2024-05-24 03:08:56.445786 [7b5a8d6c] - 0.010761
2024-05-24 03:08:56.445789 [7b5a8d6c] num_parameters: 7906048
2024-05-24 03:08:56.445792 [7b5a8d6c] optimizer_time: 5.365118503570557
2024-05-24 03:08:56.445795 [7b5a8d6c] other_time: 11.413434267044067
2024-05-24 03:08:56.445798 [7b5a8d6c] prepare_time: 7.586444139480591
2024-05-24 03:08:56.445801 [7b5a8d6c] scope: epoch
2024-05-24 03:08:56.445804 [7b5a8d6c] size: 4022003
2024-05-24 03:08:56.445807 [7b5a8d6c] split: train
2024-05-24 03:08:56.445810 [7b5a8d6c] timestamp: 1716516536.441361
2024-05-24 03:08:56.445813 [7b5a8d6c] type: 1vsAll
2024-05-24 03:08:56.448746 [7b5a8d6c]   avg_cost: 11.224474250435074
2024-05-24 03:08:56.448759 [7b5a8d6c]   avg_loss: 11.224474250435074
2024-05-24 03:08:56.448766 [7b5a8d6c]   avg_penalties: {}
2024-05-24 03:08:56.448773 [7b5a8d6c]   avg_penalty: 0.0
2024-05-24 03:08:56.448779 [7b5a8d6c]   backward_time: 201.71238660812378
2024-05-24 03:08:56.448785 [7b5a8d6c]   batches: 15711
2024-05-24 03:08:56.448792 [7b5a8d6c]   entry_id: 3ba90adb-16d6-4823-bdb8-f4cdc69b8e5f
2024-05-24 03:08:56.448798 [7b5a8d6c]   epoch: 3
2024-05-24 03:08:56.448804 [7b5a8d6c]   epoch_time: 1017.1398506164551
2024-05-24 03:08:56.448811 [7b5a8d6c]   event: epoch_completed
2024-05-24 03:08:56.448817 [7b5a8d6c]   forward_time: 791.0624670982361
2024-05-24 03:08:56.448823 [7b5a8d6c]   job: train
2024-05-24 03:08:56.448829 [7b5a8d6c]   job_id: 7b5a8d6c-84c0-4b1a-9729-5d3722a1e232
2024-05-24 03:08:56.448835 [7b5a8d6c]   lr:
2024-05-24 03:08:56.448841 [7b5a8d6c]   - 0.010761
2024-05-24 03:08:56.448847 [7b5a8d6c]   num_parameters: 7906048
2024-05-24 03:08:56.448853 [7b5a8d6c]   optimizer_time: 5.365118503570557
2024-05-24 03:08:56.448859 [7b5a8d6c]   other_time: 11.413434267044067
2024-05-24 03:08:56.448865 [7b5a8d6c]   prepare_time: 7.586444139480591
2024-05-24 03:08:56.448871 [7b5a8d6c]   scope: epoch
2024-05-24 03:08:56.448877 [7b5a8d6c]   size: 4022003
2024-05-24 03:08:56.448883 [7b5a8d6c]   split: train
2024-05-24 03:08:56.448889 [7b5a8d6c]   timestamp: 1716516536.441361
2024-05-24 03:08:56.448895 [7b5a8d6c]   type: 1vsAll
2024-05-24 03:08:56.449597 [7b5a8d6c] Finished epoch 3.
2024-05-24 03:08:56.450274 [7b5a8d6c] Saving checkpoint to /bp1/mrcieu1/users/fu19841/kge/local/experiments/20240524-021751-morgan_n5_psi_0.75/checkpoint_00003.pt...
2024-05-24 03:08:56.742661 [7b5a8d6c] Removing old checkpoint /bp1/mrcieu1/users/fu19841/kge/local/experiments/20240524-021751-morgan_n5_psi_0.75/checkpoint_00002.pt...
2024-05-24 03:08:56.780107 [7b5a8d6c] Starting epoch 4...
2024-05-24 03:25:52.178471 [7b5a8d6c] avg_cost: 11.189819291115196
2024-05-24 03:25:52.178487 [7b5a8d6c] avg_loss: 11.189819291115196
2024-05-24 03:25:52.178493 [7b5a8d6c] avg_penalties: {}
2024-05-24 03:25:52.178497 [7b5a8d6c] avg_penalty: 0.0
2024-05-24 03:25:52.178500 [7b5a8d6c] backward_time: 201.80529069900513
2024-05-24 03:25:52.178505 [7b5a8d6c] batches: 15711
2024-05-24 03:25:52.178508 [7b5a8d6c] entry_id: 2d817f72-8c93-4094-a8e9-1f87e0f121f0
2024-05-24 03:25:52.178512 [7b5a8d6c] epoch: 4
2024-05-24 03:25:52.178517 [7b5a8d6c] epoch_time: 1015.3934736251831
2024-05-24 03:25:52.178521 [7b5a8d6c] event: epoch_completed
2024-05-24 03:25:52.178524 [7b5a8d6c] forward_time: 789.0618119239807
2024-05-24 03:25:52.178527 [7b5a8d6c] job: train
2024-05-24 03:25:52.178530 [7b5a8d6c] job_id: 7b5a8d6c-84c0-4b1a-9729-5d3722a1e232
2024-05-24 03:25:52.178533 [7b5a8d6c] lr:
2024-05-24 03:25:52.178536 [7b5a8d6c] - 0.010761
2024-05-24 03:25:52.178539 [7b5a8d6c] num_parameters: 7906048
2024-05-24 03:25:52.178542 [7b5a8d6c] optimizer_time: 5.491435289382935
2024-05-24 03:25:52.178545 [7b5a8d6c] other_time: 11.57967472076416
2024-05-24 03:25:52.178548 [7b5a8d6c] prepare_time: 7.455260992050171
2024-05-24 03:25:52.178551 [7b5a8d6c] scope: epoch
2024-05-24 03:25:52.178554 [7b5a8d6c] size: 4022003
2024-05-24 03:25:52.178557 [7b5a8d6c] split: train
2024-05-24 03:25:52.178560 [7b5a8d6c] timestamp: 1716517552.1742127
2024-05-24 03:25:52.178563 [7b5a8d6c] type: 1vsAll
2024-05-24 03:25:52.181377 [7b5a8d6c]   avg_cost: 11.189819291115196
2024-05-24 03:25:52.181390 [7b5a8d6c]   avg_loss: 11.189819291115196
2024-05-24 03:25:52.181398 [7b5a8d6c]   avg_penalties: {}
2024-05-24 03:25:52.181404 [7b5a8d6c]   avg_penalty: 0.0
2024-05-24 03:25:52.181410 [7b5a8d6c]   backward_time: 201.80529069900513
2024-05-24 03:25:52.181417 [7b5a8d6c]   batches: 15711
2024-05-24 03:25:52.181423 [7b5a8d6c]   entry_id: 2d817f72-8c93-4094-a8e9-1f87e0f121f0
2024-05-24 03:25:52.181428 [7b5a8d6c]   epoch: 4
2024-05-24 03:25:52.181434 [7b5a8d6c]   epoch_time: 1015.3934736251831
2024-05-24 03:25:52.181440 [7b5a8d6c]   event: epoch_completed
2024-05-24 03:25:52.181446 [7b5a8d6c]   forward_time: 789.0618119239807
2024-05-24 03:25:52.181452 [7b5a8d6c]   job: train
2024-05-24 03:25:52.181458 [7b5a8d6c]   job_id: 7b5a8d6c-84c0-4b1a-9729-5d3722a1e232
2024-05-24 03:25:52.181464 [7b5a8d6c]   lr:
2024-05-24 03:25:52.181469 [7b5a8d6c]   - 0.010761
2024-05-24 03:25:52.181475 [7b5a8d6c]   num_parameters: 7906048
2024-05-24 03:25:52.181481 [7b5a8d6c]   optimizer_time: 5.491435289382935
2024-05-24 03:25:52.181487 [7b5a8d6c]   other_time: 11.57967472076416
2024-05-24 03:25:52.181493 [7b5a8d6c]   prepare_time: 7.455260992050171
2024-05-24 03:25:52.181499 [7b5a8d6c]   scope: epoch
2024-05-24 03:25:52.181505 [7b5a8d6c]   size: 4022003
2024-05-24 03:25:52.181510 [7b5a8d6c]   split: train
2024-05-24 03:25:52.181516 [7b5a8d6c]   timestamp: 1716517552.1742127
2024-05-24 03:25:52.181522 [7b5a8d6c]   type: 1vsAll
2024-05-24 03:25:52.182164 [7b5a8d6c] Finished epoch 4.
2024-05-24 03:25:52.182752 [7b5a8d6c] Saving checkpoint to /bp1/mrcieu1/users/fu19841/kge/local/experiments/20240524-021751-morgan_n5_psi_0.75/checkpoint_00004.pt...
2024-05-24 03:25:52.463046 [7b5a8d6c] Removing old checkpoint /bp1/mrcieu1/users/fu19841/kge/local/experiments/20240524-021751-morgan_n5_psi_0.75/checkpoint_00003.pt...
2024-05-24 03:25:52.493829 [7b5a8d6c] Starting epoch 5...
2024-05-24 03:42:41.084457 [7b5a8d6c] avg_cost: 11.16992888672833
2024-05-24 03:42:41.084472 [7b5a8d6c] avg_loss: 11.16992888672833
2024-05-24 03:42:41.084478 [7b5a8d6c] avg_penalties: {}
2024-05-24 03:42:41.084482 [7b5a8d6c] avg_penalty: 0.0
2024-05-24 03:42:41.084485 [7b5a8d6c] backward_time: 200.36121106147766
2024-05-24 03:42:41.084490 [7b5a8d6c] batches: 15711
2024-05-24 03:42:41.084494 [7b5a8d6c] entry_id: ab2f4f21-5806-43f0-9840-242c9de5d794
2024-05-24 03:42:41.084497 [7b5a8d6c] epoch: 5
2024-05-24 03:42:41.084502 [7b5a8d6c] epoch_time: 1008.5855984687805
2024-05-24 03:42:41.084505 [7b5a8d6c] event: epoch_completed
2024-05-24 03:42:41.084509 [7b5a8d6c] forward_time: 783.8888056278229
2024-05-24 03:42:41.084512 [7b5a8d6c] job: train
2024-05-24 03:42:41.084515 [7b5a8d6c] job_id: 7b5a8d6c-84c0-4b1a-9729-5d3722a1e232
2024-05-24 03:42:41.084518 [7b5a8d6c] lr:
2024-05-24 03:42:41.084521 [7b5a8d6c] - 0.010761
2024-05-24 03:42:41.084524 [7b5a8d6c] num_parameters: 7906048
2024-05-24 03:42:41.084527 [7b5a8d6c] optimizer_time: 5.30394434928894
2024-05-24 03:42:41.084530 [7b5a8d6c] other_time: 11.34825348854065
2024-05-24 03:42:41.084533 [7b5a8d6c] prepare_time: 7.683383941650391
2024-05-24 03:42:41.084536 [7b5a8d6c] scope: epoch
2024-05-24 03:42:41.084539 [7b5a8d6c] size: 4022003
2024-05-24 03:42:41.084542 [7b5a8d6c] split: train
2024-05-24 03:42:41.084545 [7b5a8d6c] timestamp: 1716518561.0799336
2024-05-24 03:42:41.084548 [7b5a8d6c] type: 1vsAll
2024-05-24 03:42:41.087406 [7b5a8d6c]   avg_cost: 11.16992888672833
2024-05-24 03:42:41.087419 [7b5a8d6c]   avg_loss: 11.16992888672833
2024-05-24 03:42:41.087426 [7b5a8d6c]   avg_penalties: {}
2024-05-24 03:42:41.087433 [7b5a8d6c]   avg_penalty: 0.0
2024-05-24 03:42:41.087439 [7b5a8d6c]   backward_time: 200.36121106147766
2024-05-24 03:42:41.087445 [7b5a8d6c]   batches: 15711
2024-05-24 03:42:41.087451 [7b5a8d6c]   entry_id: ab2f4f21-5806-43f0-9840-242c9de5d794
2024-05-24 03:42:41.087457 [7b5a8d6c]   epoch: 5
2024-05-24 03:42:41.087463 [7b5a8d6c]   epoch_time: 1008.5855984687805
2024-05-24 03:42:41.087469 [7b5a8d6c]   event: epoch_completed
2024-05-24 03:42:41.087475 [7b5a8d6c]   forward_time: 783.8888056278229
2024-05-24 03:42:41.087481 [7b5a8d6c]   job: train
2024-05-24 03:42:41.087487 [7b5a8d6c]   job_id: 7b5a8d6c-84c0-4b1a-9729-5d3722a1e232
2024-05-24 03:42:41.087493 [7b5a8d6c]   lr:
2024-05-24 03:42:41.087499 [7b5a8d6c]   - 0.010761
2024-05-24 03:42:41.087504 [7b5a8d6c]   num_parameters: 7906048
2024-05-24 03:42:41.087510 [7b5a8d6c]   optimizer_time: 5.30394434928894
2024-05-24 03:42:41.087516 [7b5a8d6c]   other_time: 11.34825348854065
2024-05-24 03:42:41.087522 [7b5a8d6c]   prepare_time: 7.683383941650391
2024-05-24 03:42:41.087528 [7b5a8d6c]   scope: epoch
2024-05-24 03:42:41.087534 [7b5a8d6c]   size: 4022003
2024-05-24 03:42:41.087539 [7b5a8d6c]   split: train
2024-05-24 03:42:41.087545 [7b5a8d6c]   timestamp: 1716518561.0799336
2024-05-24 03:42:41.087551 [7b5a8d6c]   type: 1vsAll
2024-05-24 03:42:41.088261 [7b5a8d6c] Finished epoch 5.
2024-05-24 03:42:42.987926 [7b5a8d6c]   410609 distinct sp pairs in train
2024-05-24 03:42:43.072109 [7b5a8d6c]   436465 distinct po pairs in train
2024-05-24 03:42:43.093993 [7b5a8d6c]   172018 distinct sp pairs in valid
2024-05-24 03:42:43.123628 [7b5a8d6c]   185647 distinct po pairs in valid
2024-05-24 03:42:43.145771 [7b5a8d6c]   172203 distinct sp pairs in test
2024-05-24 03:42:43.179613 [7b5a8d6c]   185728 distinct po pairs in test
2024-05-24 03:42:43.180578 [61a57f01] Evaluating on valid data (epoch 5)...
2024-05-24 03:42:43.875982 [7b5a8d6c] Loaded relation index
2024-05-24 03:42:43.876629 [7b5a8d6c]   965 relations of type M-N
2024-05-24 03:42:43.877203 [7b5a8d6c]   10184 relations of type 1-1
2024-05-24 03:45:19.289583 [61a57f01] batches: 1964
2024-05-24 03:45:19.289605 [61a57f01] entry_id: e0248df1-45dd-4a36-88e4-ac2ab80aecdf
2024-05-24 03:45:19.289609 [61a57f01] epoch: 5
2024-05-24 03:45:19.289613 [61a57f01] epoch_time: 156.08742237091064
2024-05-24 03:45:19.289616 [61a57f01] event: eval_completed
2024-05-24 03:45:19.289620 [61a57f01] filter_splits:
2024-05-24 03:45:19.289623 [61a57f01] - train
2024-05-24 03:45:19.289627 [61a57f01] - valid
2024-05-24 03:45:19.289630 [61a57f01] hits_at_1: 0.04798001396317461
2024-05-24 03:45:19.289633 [61a57f01] hits_at_10: 0.15609019176490946
2024-05-24 03:45:19.289637 [61a57f01] hits_at_100: 0.6647306519529549
2024-05-24 03:45:19.289640 [61a57f01] hits_at_1000: 0.9624336898385085
2024-05-24 03:45:19.289643 [61a57f01] hits_at_1000_1-1: 0.9871203054653218
2024-05-24 03:45:19.289646 [61a57f01] hits_at_1000_M-N: 0.9615409188712376
2024-05-24 03:45:19.289650 [61a57f01] hits_at_1000_filtered: 0.9646087228071153
2024-05-24 03:45:19.289653 [61a57f01] hits_at_1000_filtered_1-1: 0.9871203054653218
2024-05-24 03:45:19.289657 [61a57f01] hits_at_1000_filtered_M-N: 0.9637946101021425
2024-05-24 03:45:19.289660 [61a57f01] hits_at_1000_filtered_with_test: 0.9647857488100471
2024-05-24 03:45:19.289663 [61a57f01] hits_at_1000_filtered_with_test_1-1: 0.9871203054653218
2024-05-24 03:45:19.289667 [61a57f01] hits_at_1000_filtered_with_test_M-N: 0.9639780381035605
2024-05-24 03:45:19.289670 [61a57f01] hits_at_100_1-1: 0.9854676012993675
2024-05-24 03:45:19.289674 [61a57f01] hits_at_100_M-N: 0.6531314663522971
2024-05-24 03:45:19.289677 [61a57f01] hits_at_100_filtered: 0.7616692955359612
2024-05-24 03:45:19.289680 [61a57f01] hits_at_100_filtered_1-1: 0.9854676012993675
2024-05-24 03:45:19.289684 [61a57f01] hits_at_100_filtered_M-N: 0.7535758155332601
2024-05-24 03:45:19.289687 [61a57f01] hits_at_100_filtered_with_test: 0.7713927968318313
2024-05-24 03:45:19.289690 [61a57f01] hits_at_100_filtered_with_test_1-1: 0.9854676012993675
2024-05-24 03:45:19.289693 [61a57f01] hits_at_100_filtered_with_test_M-N: 0.7636509591841781
2024-05-24 03:45:19.289697 [61a57f01] hits_at_10_1-1: 0.9838433920328262
2024-05-24 03:45:19.289700 [61a57f01] hits_at_10_M-N: 0.12615518421117713
2024-05-24 03:45:19.289703 [61a57f01] hits_at_10_filtered: 0.22919099116660135
2024-05-24 03:45:19.289708 [61a57f01] hits_at_10_filtered_1-1: 0.9838433920328262
2024-05-24 03:45:19.289712 [61a57f01] hits_at_10_filtered_M-N: 0.20189961335850487
2024-05-24 03:45:19.289715 [61a57f01] hits_at_10_filtered_with_test: 0.24702586369793397
2024-05-24 03:45:19.289726 [61a57f01] hits_at_10_filtered_with_test_1-1: 0.9838433920328262
2024-05-24 03:45:19.289729 [61a57f01] hits_at_10_filtered_with_test_M-N: 0.22037946925416935
2024-05-24 03:45:19.289733 [61a57f01] hits_at_1_1-1: 0.9562318345016243
2024-05-24 03:45:19.289736 [61a57f01] hits_at_1_M-N: 0.015133840611371711
2024-05-24 03:45:19.289741 [61a57f01] hits_at_1_filtered: 0.06281041708519725
2024-05-24 03:45:19.289745 [61a57f01] hits_at_1_filtered_1-1: 0.9562318345016243
2024-05-24 03:45:19.289748 [61a57f01] hits_at_1_filtered_M-N: 0.03050057295488083
2024-05-24 03:45:19.289751 [61a57f01] hits_at_1_filtered_with_test: 0.07623356293672215
2024-05-24 03:45:19.289754 [61a57f01] hits_at_1_filtered_with_test_1-1: 0.9562318345016243
2024-05-24 03:45:19.289758 [61a57f01] hits_at_1_filtered_with_test_M-N: 0.04440915573655617
2024-05-24 03:45:19.289761 [61a57f01] hits_at_200: 0.8519754311776605
2024-05-24 03:45:19.289764 [61a57f01] hits_at_200_1-1: 0.9857810451929105
2024-05-24 03:45:19.289767 [61a57f01] hits_at_200_M-N: 0.8471364621890998
2024-05-24 03:45:19.289771 [61a57f01] hits_at_200_filtered: 0.8972095530391785
2024-05-24 03:45:19.289774 [61a57f01] hits_at_200_filtered_1-1: 0.9857810451929105
2024-05-24 03:45:19.289781 [61a57f01] hits_at_200_filtered_M-N: 0.8940064385289486
2024-05-24 03:45:19.289784 [61a57f01] hits_at_200_filtered_with_test: 0.9007033302768169
2024-05-24 03:45:19.289788 [61a57f01] hits_at_200_filtered_with_test_1-1: 0.9857810451929105
2024-05-24 03:45:19.289791 [61a57f01] hits_at_200_filtered_with_test_M-N: 0.8976265653209783
2024-05-24 03:45:19.289794 [61a57f01] hits_at_3: 0.0756915451187566
2024-05-24 03:45:19.289797 [61a57f01] hits_at_300: 0.9158241356058964
2024-05-24 03:45:19.289800 [61a57f01] hits_at_300_1-1: 0.9860659941870406
2024-05-24 03:45:19.289805 [61a57f01] hits_at_300_M-N: 0.9132838970824642
2024-05-24 03:45:19.289809 [61a57f01] hits_at_300_filtered: 0.9353954542109315
2024-05-24 03:45:19.289812 [61a57f01] hits_at_300_filtered_1-1: 0.9860659941870406
2024-05-24 03:45:19.289815 [61a57f01] hits_at_300_filtered_M-N: 0.9335629961830487
2024-05-24 03:45:19.289818 [61a57f01] hits_at_300_filtered_with_test: 0.9367002750864742
2024-05-24 03:45:19.289822 [61a57f01] hits_at_300_filtered_with_test_1-1: 0.9860659941870406
2024-05-24 03:45:19.289825 [61a57f01] hits_at_300_filtered_with_test_M-N: 0.9349150048227136
2024-05-24 03:45:19.289829 [61a57f01] hits_at_3_1-1: 0.9802815296062005
2024-05-24 03:45:19.289832 [61a57f01] hits_at_3_M-N: 0.04297779902886208
2024-05-24 03:45:19.289835 [61a57f01] hits_at_3_filtered: 0.11019769229698201
2024-05-24 03:45:19.289838 [61a57f01] hits_at_3_filtered_1-1: 0.9802815296062005
2024-05-24 03:45:19.289841 [61a57f01] hits_at_3_filtered_M-N: 0.0787318323839045
2024-05-24 03:45:19.289845 [61a57f01] hits_at_3_filtered_with_test: 0.1279748821981458
2024-05-24 03:45:19.289848 [61a57f01] hits_at_3_filtered_with_test_1-1: 0.9802815296062005
2024-05-24 03:45:19.289851 [61a57f01] hits_at_3_filtered_with_test_M-N: 0.09715191960494966
2024-05-24 03:45:19.289854 [61a57f01] hits_at_400: 0.9391736664869886
2024-05-24 03:45:19.289857 [61a57f01] hits_at_400_1-1: 0.9862369635835186
2024-05-24 03:45:19.289861 [61a57f01] hits_at_400_M-N: 0.9374716614042752
2024-05-24 03:45:19.289864 [61a57f01] hits_at_400_filtered: 0.948465542584699
2024-05-24 03:45:19.289867 [61a57f01] hits_at_400_filtered_1-1: 0.9862369635835186
2024-05-24 03:45:19.289871 [61a57f01] hits_at_400_filtered_M-N: 0.9470995704899382
2024-05-24 03:45:19.289874 [61a57f01] hits_at_400_filtered_with_test: 0.9491318764159594
2024-05-24 03:45:19.289877 [61a57f01] hits_at_400_filtered_with_test_1-1: 0.9862369635835186
2024-05-24 03:45:19.289880 [61a57f01] hits_at_400_filtered_with_test_M-N: 0.9477900017312305
